"2019-08-17 17:13","ZooDefs.java","26898","39048","65946"
"2019-11-08 17:30","ZooDefs.java","29507","47271","76778"
"2019-07-31 19:06","ZooDefs.java","3138","14595","17733"
"2019-08-17 17:13","TruncateTest.java","29388","43284","72672"
"2019-07-12 17:01","TruncateTest.java","4383","13592","17975"
"2020-01-28 17:26","TruncateTest.java","39134","63428","102562"
"2019-04-12 19:01","ZooKeeperServer.java","153610","154089","307699"
"2019-07-31 19:06","ZooKeeperServer.java","155527","173506","329033"
"2019-09-11 10:27","ZooKeeperServer.java","156547","176575","333122"
"2019-01-14 19:38","ZooKeeperServer.java","153265","147229","300494"
"2019-01-07 15:34","ZooKeeperServer.java","153265","146830","300095"
"2018-11-21 17:56","ZooKeeperServer.java","146983","133745","280728"
"2019-02-13 13:12","ZooKeeperServer.java","153418","151036","304454"
"2018-09-18 01:00","ZooKeeperServer.java","121","774","895"
"2019-03-04 08:07","ZooKeeperServer.java","153423","151618","305041"
"2019-07-08 23:26","ZooKeeperServer.java","154890","162338","317228"
"2019-01-23 14:00","ZooKeeperServer.java","153323","148722","302045"
"2019-02-13 13:19","ZooKeeperServer.java","153418","151322","304740"
"2019-05-14 17:11","ZooKeeperServer.java","153634","156973","310607"
"2019-06-04 10:55","ZooKeeperServer.java","153657","157813","311470"
"2019-04-09 15:35","ZooKeeperServer.java","153531","153060","306591"
"2019-08-03 08:42","ZooKeeperServer.java","155540","174920","330460"
"2019-05-15 11:56","ZooKeeperServer.java","153634","157060","310694"
"2019-05-22 11:39","ZooKeeperServer.java","153637","157509","311146"
"2019-04-22 19:15","ZooKeeperServer.java","153610","155064","308674"
"2019-09-10 04:26","ZooKeeperServer.java","156543","176260","332803"
"2019-08-17 17:13","ZooKeeperServer.java","155561","174233","329794"
"2019-09-05 23:12","ZooKeeperServer.java","156543","176134","332677"
"2019-09-10 15:21","ZooKeeperServer.java","156543","176258","332801"
"2019-08-01 07:31","ZooKeeperServer.java","155527","174870","330397"
"2019-08-01 07:28","ZooKeeperServer.java","155527","174380","329907"
"2019-06-03 19:40","ZooKeeperServer.java","153657","157660","311317"
"2019-11-23 17:08","ZooKeeperServer.java","158739","182112","340851"
"2019-10-09 16:49","ZooKeeperServer.java","156550","178808","335358"
"2019-07-03 00:44","ZooKeeperServer.java","154890","161575","316465"
"2019-07-24 18:00","ZooKeeperServer.java","154893","170020","324913"
"2019-12-27 22:33","ZooKeeperServer.java","158752","186102","344854"
"2019-11-18 09:05","ZooKeeperServer.java","158543","180359","338902"
"2019-10-10 14:37","ZooKeeperServer.java","156563","178988","335551"
"2019-09-16 23:26","ZooKeeperServer.java","156547","178238","334785"
"2019-12-03 10:01","ZooKeeperServer.java","158739","184014","342753"
"2020-03-25 03:38","ZooKeeperServer.java","158893","190350","349243"
"2019-11-28 12:24","ZooKeeperServer.java","158739","182317","341056"
"2019-11-06 15:21","ZooKeeperServer.java","156617","179258","335875"
"2020-04-12 11:14","ZooKeeperServer.java","159138","191348","350486"
"2019-04-18 19:17","ZooKeeperServer.java","153610","154799","308409"
"2019-08-17 17:13","LeaderElectionMXBean.java","90102","257706","347808"
"2019-07-31 19:06","ZooKeeperServer.java","7227","24727","31954"
"2019-09-11 10:27","ZooKeeperServer.java","30912","50461","81373"
"2019-07-08 23:26","ZooKeeperServer.java","4479","11448","15927"
"2019-05-14 17:11","ZooKeeperServer.java","416","3276","3692"
"2019-06-04 10:55","ZooKeeperServer.java","949","4626","5575"
"2019-08-03 08:42","ZooKeeperServer.java","7576","26477","34053"
"2019-05-15 11:56","ZooKeeperServer.java","488","3435","3923"
"2019-05-22 11:39","ZooKeeperServer.java","573","3966","4539"
"2019-04-22 19:15","ZooKeeperServer.java","23","998","1021"
"2019-09-10 04:26","ZooKeeperServer.java","30870","50108","80978"
"2019-08-17 17:13","ZooKeeperServer.java","29620","47813","77433"
"2019-09-05 23:12","ZooKeeperServer.java","30836","49948","80784"
"2019-09-10 15:21","ZooKeeperServer.java","30880","50116","80996"
"2019-08-01 07:31","ZooKeeperServer.java","7307","26171","33478"
"2019-08-01 07:28","ZooKeeperServer.java","7234","25608","32842"
"2019-06-03 19:40","ZooKeeperServer.java","780","4304","5084"
"2019-11-23 17:08","ZooKeeperServer.java","37142","60036","97178"
"2019-10-09 16:49","ZooKeeperServer.java","31250","53029","84279"
"2019-07-03 00:44","ZooKeeperServer.java","4396","10602","14998"
"2019-07-24 18:00","ZooKeeperServer.java","5801","20449","26250"
"2019-12-27 22:33","ZooKeeperServer.java","37618","64489","102107"
"2019-11-18 09:05","ZooKeeperServer.java","36947","58284","95231"
"2019-10-10 14:37","ZooKeeperServer.java","31720","53666","85386"
"2019-09-16 23:26","ZooKeeperServer.java","30912","52124","83036"
"2019-12-03 10:01","ZooKeeperServer.java","37472","62268","99740"
"2020-03-25 03:38","ZooKeeperServer.java","39222","70200","109422"
"2019-11-28 12:24","ZooKeeperServer.java","37198","60297","97495"
"2019-11-06 15:21","ZooKeeperServer.java","31856","54018","85874"
"2020-04-12 11:14","ZooKeeperServer.java","39811","71542","111353"
"2019-04-18 19:17","ZooKeeperServer.java","23","733","756"
"2019-02-18 17:05","NettyServerCnxn.java","643","3175","3818"
"2019-02-12 15:25","NettyServerCnxn.java","457","2555","3012"
"2019-04-12 19:01","NettyServerCnxn.java","1256","6336","7592"
"2019-08-17 17:13","NettyServerCnxn.java","30071","53344","83415"
"2019-07-03 00:44","NettyServerCnxn.java","5532","16818","22350"
"2019-11-23 17:08","NettyServerCnxn.java","37343","65317","102660"
"2019-07-23 15:55","NettyServerCnxn.java","6897","26178","33075"
"2019-05-06 18:32","NettyServerCnxn.java","1567","9194","10761"
"2019-04-22 19:15","NettyServerCnxn.java","1278","7333","8611"
"2019-08-03 08:42","NettyServerCnxn.java","8677","32658","41335"
"2019-11-18 09:05","NettyServerCnxn.java","37161","63578","100739"
"2019-11-21 05:58","NettyServerCnxn.java","37171","63611","100782"
"2019-09-16 23:26","NettyServerCnxn.java","31350","57642","88992"
"2019-10-10 14:37","NettyServerCnxn.java","32120","59146","91266"
"2018-11-27 10:02","PrependableSocket.java","86631","58568","145199"
"2019-08-17 17:13","PrependableSocket.java","109882","111485","221367"
"2019-08-17 17:13","ResponseCacheTest.java","29620","47813","77433"
"2019-11-18 09:05","ResponseCacheTest.java","36947","58284","95231"
"2019-07-25 21:41","LeaderMXBean.java","7548","29140","36688"
"2019-08-17 17:13","LeaderMXBean.java","29879","54988","84867"
"2011-09-17 02:13","FLERestartTest.java","4783","16250","21033"
"2019-10-10 14:37","FLERestartTest.java","178405","260685","439090"
"2019-08-17 17:13","FLERestartTest.java","178405","256932","435337"
"2019-07-12 17:01","FLERestartTest.java","178405","252245","430650"
"2017-09-11 18:55","FLERestartTest.java","27844","88187","116031"
"2020-01-23 16:46","FileTxnSnapLog.java","1894","3143","5037"
"2020-01-28 17:26","FileTxnSnapLog.java","1981","3701","5682"
"2020-01-30 09:43","FileTxnSnapLog.java","2008","3804","5812"
"2010-04-22 07:42","GetTest.java","15595","55038","70633"
"2010-08-17 09:24","GetTest.java","16154","73013","89167"
"2011-04-12 09:14","GetTest.java","20746","72010","92756"
"2015-07-07 07:11","GetTest.java","27714","129600","157314"
"2014-06-04 22:07","HierarchicalQuorumTest.java","11627","36416","48043"
"2019-08-17 17:13","HierarchicalQuorumTest.java","179987","256468","436455"
"2019-07-12 17:01","HierarchicalQuorumTest.java","179987","251781","431768"
"2019-10-10 14:37","HierarchicalQuorumTest.java","179987","260221","440208"
"2018-06-26 11:18","HierarchicalQuorumTest.java","24511","77673","102184"
"2017-05-11 16:59","HierarchicalQuorumTest.java","22590","67651","90241"
"2015-02-06 06:17","SimpleSysTest.java","24394","148828","173222"
"2019-08-17 17:13","SimpleSysTest.java","100735","257689","358424"
"2015-07-07 07:11","SimpleSysTest.java","24503","153026","177529"
"2011-04-12 09:14","SimpleSysTest.java","18214","96641","114855"
"2019-08-17 17:13","WatcherTest.java","220587","255887","476474"
"2017-02-16 01:16","WatcherTest.java","6305","10131","16436"
"2019-09-18 11:20","WatcherTest.java","220587","258799","479386"
"2019-04-12 19:01","BaseTestMetricsProvider.java","153008","154089","307097"
"2019-06-04 10:55","BaseTestMetricsProvider.java","153055","157813","310868"
"2019-08-17 17:13","BaseTestMetricsProvider.java","154959","174233","329192"
"2019-08-17 17:13","MultiResponse.java","26898","39048","65946"
"2017-09-11 18:55","FilterOp.java","27844","88187","116031"
"2015-07-10 08:19","ServerStats.java","17214","156160","173374"
"2019-04-12 19:01","ServerStats.java","90103","239514","329617"
"2015-02-06 06:17","ServerStats.java","17121","151831","168952"
"2014-07-18 02:19","ServerStats.java","16981","146940","163921"
"2019-01-07 14:39","ServerStats.java","90075","232518","322593"
"2012-02-11 00:34","ServerStats.java","14094","111324","125418"
"2018-09-18 01:00","ServerStats.java","52917","210749","263666"
"2019-08-17 17:13","ServerStats.java","90102","257706","347808"
"2018-07-12 01:33","ServerStats.java","26353","179111","205464"
"2011-12-28 07:07","ServerStats.java","13912","110218","124130"
"2018-06-08 16:52","ServerStats.java","20133","172422","192555"
"2020-04-01 17:02","ZooKeeperMain.java","247","571","818"
"2019-09-11 10:27","ZooKeeperServer.java","26378","28427","54805"
"2019-08-03 08:42","ZooKeeperServer.java","369","1770","2139"
"2019-09-10 04:26","ZooKeeperServer.java","26136","27874","54010"
"2019-08-17 17:13","ZooKeeperServer.java","24762","25455","50217"
"2019-09-05 23:12","ZooKeeperServer.java","26101","27713","53814"
"2019-09-10 15:21","ZooKeeperServer.java","26338","28074","54412"
"2019-08-01 07:31","ZooKeeperServer.java","83","1447","1530"
"2019-08-01 07:28","ZooKeeperServer.java","7","881","888"
"2019-11-23 17:08","ZooKeeperServer.java","32895","38289","71184"
"2019-10-09 16:49","ZooKeeperServer.java","26951","31230","58181"
"2019-12-27 22:33","ZooKeeperServer.java","33459","42830","76289"
"2019-11-18 09:05","ZooKeeperServer.java","32688","36525","69213"
"2019-10-10 14:37","ZooKeeperServer.java","27447","31893","59340"
"2019-09-16 23:26","ZooKeeperServer.java","26587","30299","56886"
"2019-12-03 10:01","ZooKeeperServer.java","33266","40562","73828"
"2020-03-25 03:38","ZooKeeperServer.java","35269","48747","84016"
"2019-11-28 12:24","ZooKeeperServer.java","32953","38552","71505"
"2019-11-06 15:21","ZooKeeperServer.java","27587","32249","59836"
"2020-04-12 11:14","ZooKeeperServer.java","35912","50143","86055"
"2020-04-30 18:53","RequestThrottler.java","12849","26534","39383"
"2020-03-25 03:38","RequestThrottler.java","12133","24918","37051"
"2019-11-28 12:24","RequestThrottler.java","9316","14222","23538"
"2019-09-16 23:26","RequestThrottler.java","1939","4958","6897"
"2019-01-14 19:38","ServerCnxn.java","8653","15870","24523"
"2019-04-12 19:01","ServerCnxn.java","9745","23477","33222"
"2019-07-08 23:26","ServerCnxn.java","13677","34378","48055"
"2019-08-17 17:13","ServerCnxn.java","36708","68633","105341"
"2019-07-03 00:44","ServerCnxn.java","13614","33552","47166"
"2019-11-18 09:05","ServerCnxn.java","43605","78674","122279"
"2020-02-26 22:41","ServerCnxn.java","45448","88027","133475"
"2019-11-11 13:59","ServerCnxn.java","38799","78134","116933"
"2015-02-06 06:17","ConnectionBean.java","17121","151831","168952"
"2019-08-17 17:13","ConnectionBean.java","90102","257706","347808"
"2009-02-06 22:19","ConnectionBean.java","2800","16286","19086"
"2010-03-11 04:17","ConnectionBean.java","8773","86690","95463"
"2009-11-12 20:53","ConnectionBean.java","7663","65238","72901"
"2009-11-07 01:48","ConnectionBean.java","7557","64545","72102"
"2019-10-10 14:37","ConnectionBean.java","90102","261459","351561"
"2011-04-12 09:14","ConnectionBean.java","10971","100048","111019"
"2010-08-18 08:24","ConnectionBean.java","10069","108101","118170"
"2019-06-04 10:55","LeaderZooKeeperServer.java","9265","22091","31356"
"2019-08-17 17:13","LeaderZooKeeperServer.java","36481","63823","100304"
"2019-06-03 19:40","LeaderZooKeeperServer.java","9130","21803","30933"
"2019-11-25 15:37","LeaderZooKeeperServer.java","43590","75740","119330"
"2019-12-27 22:33","LeaderZooKeeperServer.java","43998","80018","124016"
"2019-08-17 17:13","FileKeyStoreLoaderBuilderProviderTest.java","25828","29979","55807"
"2014-11-29 16:53","StaticContent.java","33673","82724","116397"
"2012-08-28 21:51","ClientBase.java","28211","81002","109213"
"2017-06-08 17:51","ClientBase.java","35641","131737","167378"
"2012-07-17 23:19","ClientBase.java","28199","79916","108115"
"2017-04-18 01:37","ClientBase.java","35296","132024","167320"
"2010-03-16 22:23","ClientBase.java","13990","41364","55354"
"2018-09-07 02:49","ClientBase.java","87901","195067","282968"
"2019-07-31 19:06","ClientBase.java","140865","256807","397672"
"2012-02-06 09:47","ClientBase.java","26600","75196","101796"
"2015-02-06 06:17","ClientBase.java","32032","118317","150349"
"2017-09-11 18:55","ClientBase.java","35800","132354","168154"
"2009-07-17 00:09","ClientBase.java","1244","2463","3707"
"2009-06-30 03:32","ClientBase.java","894","1677","2571"
"2019-08-17 17:13","ClientBase.java","140865","257500","398365"
"2015-03-28 20:08","ClientBase.java","32073","120569","152642"
"2019-06-07 14:13","ClientBase.java","140865","243604","384469"
"2018-04-24 00:20","ClientBase.java","35953","138283","174236"
"2018-08-08 06:21","ClientBase.java","69334","175635","244969"
"2018-05-09 23:57","ClientBase.java","35995","139110","175105"
"2019-06-24 11:05","ClientBase.java","140865","244833","385698"
"2012-12-11 08:42","ClientBase.java","28776","84900","113676"
"2017-01-13 19:29","ClientBase.java","34514","133408","167922"
"2010-01-25 04:28","ClientBase.java","6148","23678","29826"
"2010-03-09 05:44","ClientBase.java","13843","40451","54294"
"2016-06-23 23:25","ClientBase.java","33883","126871","160754"
"2014-01-03 01:40","ClientBase.java","29937","99758","129695"
"2014-01-25 01:17","ClientBase.java","29980","101607","131587"
"2009-11-20 23:28","ClientBase.java","4995","18911","23906"
"2009-11-25 20:06","ClientBase.java","4999","18948","23947"
"2009-11-12 20:53","ClientBase.java","4445","11051","15496"
"2009-08-25 07:45","ClientBase.java","2090","5218","7308"
"2009-09-16 02:09","ClientBase.java","2540","6174","8714"
"2019-11-14 16:44","ClientBase.java","140865","265527","406392"
"2019-10-10 14:37","ClientBase.java","140865","261253","402118"
"2012-03-15 17:47","ClientBase.java","26812","76651","103463"
"2010-09-15 07:51","ClientBase.java","18389","93622","112011"
"2012-01-14 00:28","ClientBase.java","26527","74607","101134"
"2011-04-12 09:14","ClientBase.java","23260","61368","84628"
"2011-11-05 07:29","ClientBase.java","26337","72997","99334"
"2016-08-24 01:36","ClientBase.java","34228","127787","162015"
"2011-09-17 02:13","ClientBase.java","24540","72218","96758"
"2010-07-05 20:20","ClientBase.java","17495","55938","73433"
"2010-03-31 06:26","ClientBase.java","15064","42660","57724"
"2010-08-18 08:24","ClientBase.java","18382","65445","83827"
"2015-03-08 23:07","ClientBase.java","32058","118517","150575"
"2019-08-17 17:13","QuorumZooKeeperServer.java","25828","30409","56237"
"2019-11-29 14:49","QuorumZooKeeperServer.java","34076","45214","79290"
"2020-03-25 03:38","QuorumZooKeeperServer.java","35896","53262","89158"
"2019-10-10 14:37","QuorumZooKeeperServer.java","28279","36613","64892"
"2018-07-12 01:33","LeaderBean.java","11576","14643","26219"
"2019-07-25 21:41","LeaderBean.java","228915","251558","480473"
"2019-08-17 17:13","LeaderBean.java","228915","255075","483990"
"2019-01-07 14:55","LeaderBean.java","228775","229826","458601"
"2018-08-17 14:40","LeaderBean.java","69933","75296","145229"
"2019-11-08 17:30","Watcher.java","177112","262518","439630"
"2017-07-28 00:36","Watcher.java","30081","78438","108519"
"2019-08-17 17:13","Watcher.java","177112","256904","434016"
"2015-05-29 21:48","Watcher.java","22287","63731","86018"
"2014-01-24 07:18","Watcher.java","14514","38396","52910"
"2019-11-23 17:08","ZooKeeperServer.java","7572","10917","18489"
"2019-10-09 16:49","ZooKeeperServer.java","770","3000","3770"
"2019-12-27 22:33","ZooKeeperServer.java","8339","15661","24000"
"2019-11-18 09:05","ZooKeeperServer.java","7329","9117","16446"
"2019-10-10 14:37","ZooKeeperServer.java","2032","4429","6461"
"2019-09-16 23:26","ZooKeeperServer.java","202","1865","2067"
"2019-12-03 10:01","ZooKeeperServer.java","8096","13343","21439"
"2020-03-25 03:38","ZooKeeperServer.java","10505","21934","32439"
"2019-11-28 12:24","ZooKeeperServer.java","7634","11184","18818"
"2019-11-06 15:21","ZooKeeperServer.java","2172","4785","6957"
"2020-04-12 11:14","ZooKeeperServer.java","11189","23371","34560"
"2016-09-08 22:52","ZooKeeperTest.java","727","1115","1842"
"2018-10-04 15:46","ZooKeeperTest.java","108771","127409","236180"
"2016-10-16 14:21","ZooKeeperTest.java","969","2517","3486"
"2019-03-12 19:08","ZooKeeperTest.java","221757","235914","457671"
"2017-04-29 20:17","ZooKeeperTest.java","5777","9223","15000"
"2017-05-30 19:43","ZooKeeperTest.java","6700","9376","16076"
"2019-05-23 18:42","ZooKeeperTest.java","221835","241098","462933"
"2019-08-17 17:13","ZooKeeperTest.java","221853","255887","477740"
"2016-08-10 19:32","ZooKeeperTest.java","240","195","435"
"2019-06-06 00:01","ZooKeeperTest.java","221852","242023","463875"
"2018-12-20 15:13","QuorumPeer.java","219651","229379","449030"
"2019-05-16 16:25","QuorumPeer.java","219745","240702","460447"
"2018-10-16 16:22","QuorumPeer.java","198827","233382","432209"
"2019-06-14 09:06","QuorumPeer.java","219762","243918","463680"
"2018-12-07 12:41","QuorumPeer.java","219650","226392","446042"
"2019-03-11 19:47","QuorumPeer.java","219671","235827","455498"
"2019-02-13 13:12","QuorumPeer.java","219672","234776","454448"
"2019-04-12 19:01","QuorumPeer.java","219745","237710","457455"
"2018-12-09 03:16","QuorumPeer.java","219650","228466","448116"
"2018-09-11 15:23","QuorumPeer.java","110955","127839","238794"
"2019-11-29 14:49","QuorumPeer.java","221312","264027","485339"
"2018-12-15 07:34","QuorumPeer.java","219650","228381","448031"
"2018-11-27 10:02","QuorumPeer.java","219650","226142","445792"
"2018-09-18 01:00","QuorumPeer.java","111080","129219","240299"
"2019-06-03 19:40","QuorumPeer.java","219762","241251","461013"
"2019-07-15 14:15","QuorumPeer.java","219763","251340","471103"
"2019-07-03 00:44","QuorumPeer.java","219762","243933","463695"
"2019-08-17 17:13","QuorumPeer.java","219763","255921","475684"
"2017-11-28 00:10","QuorumPeer.java","13504","22647","36151"
"2018-01-30 08:02","QuorumPeer.java","13938","23234","37172"
"2019-05-15 11:56","QuorumPeer.java","219745","240657","460402"
"2019-06-05 00:33","QuorumPeer.java","219762","241641","461403"
"2019-05-20 23:13","QuorumPeer.java","219745","240775","460520"
"2019-06-04 10:55","QuorumPeer.java","219762","241404","461166"
"2019-07-12 17:01","QuorumPeer.java","219763","251234","470997"
"2020-01-09 11:27","QuorumPeer.java","221314","265575","486889"
"2017-02-09 11:40","QuorumPeer.java","6812","14731","21543"
"2017-07-06 18:48","QuorumPeer.java","11241","16846","28087"
"2018-10-01 06:11","QuorumPeer.java","111764","132482","244246"
"2018-07-04 17:11","QuorumPeer.java","23688","36545","60233"
"2019-12-17 13:48","QuorumPeer.java","221312","264599","485911"
"2015-12-07 05:59","QuorumPeer.java","423","1181","1604"
"2020-01-23 13:43","QuorumPeer.java","221314","267399","488713"
"2016-06-23 23:45","QuorumPeer.java","4124","5952","10076"
"2016-06-23 23:25","QuorumPeer.java","4089","5809","9898"
"2018-12-06 10:56","QuorumPeer.java","219650","226336","445986"
"2019-10-10 14:37","QuorumPeer.java","219763","259674","479437"
"2017-07-27 23:09","QuorumPeer.java","12760","17379","30139"
"2018-06-26 11:18","QuorumPeer.java","14486","27325","41811"
"2018-07-27 12:32","QuorumPeer.java","34253","48310","82563"
"2019-04-18 19:17","QuorumPeer.java","219745","238420","458165"
"2016-12-20 14:47","QuorumPeer.java","6492","13276","19768"
"2017-05-11 16:59","QuorumPeer.java","10902","15640","26542"
"2016-06-02 00:59","QuorumPeer.java","4030","5381","9411"
"2020-02-16 10:25","QuorumPeer.java","221314","268112","489426"
"2019-12-13 08:51","EmptiedSnapshotRecoveryTest.java","8609","14667","23276"
"2019-10-10 14:37","EmptiedSnapshotRecoveryTest.java","2507","5603","8110"
"2014-08-14 08:08","QuorumPeerTestBase.java","32951","90960","123911"
"2014-07-26 04:11","QuorumPeerTestBase.java","32951","90396","123347"
"2014-03-25 22:13","QuorumPeerTestBase.java","26391","73935","100326"
"2016-11-03 16:07","QuorumPeerTestBase.java","35628","106259","141887"
"2019-12-27 22:33","QuorumPeerTestBase.java","168043","266740","434783"
"2019-10-10 14:37","QuorumPeerTestBase.java","166993","260765","427758"
"2016-06-23 23:25","QuorumPeerTestBase.java","35164","103307","138471"
"2014-07-18 20:48","QuorumPeerTestBase.java","32868","90016","122884"
"2014-08-19 22:50","QuorumPeerTestBase.java","32977","91100","124077"
"2011-06-14 07:14","QuorumPeerTestBase.java","15266","28708","43974"
"2019-07-12 17:01","QuorumPeerTestBase.java","166993","252325","419318"
"2017-01-13 19:29","QuorumPeerTestBase.java","36028","110077","146105"
"2015-03-17 18:06","QuorumPeerTestBase.java","33146","95808","128954"
"2019-08-17 17:13","QuorumPeerTestBase.java","166993","257012","424005"
"2017-11-28 00:10","QuorumPeerTestBase.java","38482","114048","152530"
"2014-01-21 04:50","QuorumPeerTestBase.java","26196","71284","97480"
"2017-12-16 01:25","QuorumPeerTestBase.java","38487","114097","152584"
"2014-07-18 02:19","QuorumPeerTestBase.java","32839","89528","122367"
"2013-03-07 07:01","QuorumPeerTestBase.java","25550","63488","89038"
"2018-10-12 10:25","QuorumPeerTestBase.java","136063","234079","370142"
"2012-07-17 23:25","QuorumPeerTestBase.java","23848","51345","75193"
"2019-04-12 19:01","ServerCnxn.java","1317","7832","9149"
"2019-07-08 23:26","ServerCnxn.java","5646","19130","24776"
"2019-08-17 17:13","ServerCnxn.java","29911","54619","84530"
"2019-07-03 00:44","ServerCnxn.java","5578","18299","23877"
"2019-11-18 09:05","ServerCnxn.java","36944","64796","101740"
"2020-02-26 22:41","ServerCnxn.java","38853","74215","113068"
"2019-11-11 13:59","ServerCnxn.java","32092","64210","96302"
"2011-04-12 09:14","ObserverHierarchicalQuorumTest.java","19586","30345","49931"
"2019-08-17 17:13","ObserverHierarchicalQuorumTest.java","167729","257015","424744"
"2018-11-17 18:37","QuorumHierarchical.java","225442","223230","448672"
"2019-08-03 08:42","QuorumHierarchical.java","225563","255984","481547"
"2019-08-17 17:13","QuorumHierarchical.java","225563","255276","480839"
"2019-10-10 14:37","QuorumHierarchical.java","225563","259029","484592"
"2009-06-25 00:59","ZooKeeper.java","9092","59502","68594"
"2019-02-06 09:46","ZooKeeper.java","90634","235382","326016"
"2019-01-16 14:21","ZooKeeper.java","90634","233659","324293"
"2017-04-18 02:02","ZooKeeper.java","22693","167255","189948"
"2019-11-08 17:30","ZooKeeper.java","90661","263320","353981"
"2019-02-07 11:26","ZooKeeper.java","90634","236011","326645"
"2013-03-07 07:01","ZooKeeper.java","18309","128924","147233"
"2011-07-01 00:53","ZooKeeper.java","14719","107882","122601"
"2013-12-17 17:55","ZooKeeper.java","18499","135918","154417"
"2012-02-06 09:56","ZooKeeper.java","17129","113584","130713"
"2012-03-17 01:31","ZooKeeper.java","17264","115224","132488"
"2012-11-17 15:03","ZooKeeper.java","17578","120657","138235"
"2017-05-01 17:19","ZooKeeper.java","22696","167385","190081"
"2010-11-10 23:36","ZooKeeper.java","13632","142148","155780"
"2014-01-24 07:18","ZooKeeper.java","18511","137859","156370"
"2019-08-17 17:13","ZooKeeper.java","90661","257706","348367"
"2009-05-20 20:48","ZooKeeper.java","7903","47187","55090"
"2015-06-04 19:51","ZooKeeper.java","20291","157964","178255"
"2016-10-07 21:51","ZooKeeper.java","22065","164789","186854"
"2015-03-16 09:09","ZooKeeper.java","20231","154860","175091"
"2015-03-17 18:06","ZooKeeper.java","20233","155572","175805"
"2016-05-02 18:15","ZooKeeper.java","21757","161715","183472"
"2019-06-26 10:57","ZooKeeper.java","90661","245556","336217"
"2019-06-03 19:40","ZooKeeper.java","90661","243037","333698"
"2018-05-09 23:57","ZooKeeper.java","23156","174103","197259"
"2009-04-09 23:02","ZooKeeper.java","7086","21428","28514"
"2009-03-27 06:25","ZooKeeper.java","6792","20427","27219"
"2019-08-03 08:42","ZooKeeper.java","90661","258414","349075"
"2016-11-13 20:59","ZooKeeper.java","22075","167052","189127"
"2013-02-03 15:52","ZooKeeper.java","18074","124626","142700"
"2012-09-28 18:32","ZooKeeper.java","17451","118562","136013"
"2017-07-28 00:36","ZooKeeper.java","22965","166788","189753"
"2017-08-18 23:35","ZooKeeper.java","22997","167305","190302"
"2017-07-04 07:56","ZooKeeper.java","22947","167380","190327"
"2008-12-22 23:23","ZooKeeper.java","391","734","1125"
"2009-01-28 01:21","ZooKeeper.java","4965","4618","9583"
"2009-12-11 20:38","ZooKeeper.java","11170","75580","86750"
"2009-11-12 21:02","ZooKeeper.java","10977","68009","78986"
"2010-01-26 03:22","ZooKeeper.java","11775","80263","92038"
"2010-01-05 18:32","ZooKeeper.java","11477","76551","88028"
"2009-11-07 01:48","ZooKeeper.java","10894","67323","78217"
"2009-10-31 00:09","ZooKeeper.java","10701","66725","77426"
"2020-04-16 12:50","ZooKeeper.java","91117","271736","362853"
"2018-07-27 05:16","ZooKeeper.java","29349","182314","211663"
"2019-10-10 14:37","ZooKeeper.java","90661","261459","352120"
"2014-04-01 04:03","ZooKeeper.java","18691","139519","158210"
"2010-02-08 23:36","ZooKeeper.java","11786","79935","91721"
"2009-08-07 20:00","ZooKeeper.java","9365","61870","71235"
"2012-12-19 19:16","ZooKeeper.java","18035","124094","142129"
"2019-02-11 12:34","ZooKeeper.java","90634","236374","327008"
"2014-07-08 20:18","ZooKeeper.java","20028","145743","165771"
"2010-11-30 21:16","ZooKeeper.java","13772","142655","156427"
"2020-05-17 15:13","ZooKeeper.java","91118","272108","363226"
"2017-01-09 22:49","ZooKeeper.java","22249","168794","191043"
"2011-05-20 01:17","ZooKeeper.java","14217","103554","117771"
"2019-03-12 19:08","ZooKeeper.java","90640","237808","328448"
"2011-09-06 00:58","ZooKeeper.java","12761","110212","122973"
"2009-01-31 00:01","ZooKeeper.java","5553","14016","19569"
"2014-07-22 06:51","ZooKeeper.java","20090","150003","170093"
"2014-04-29 02:23","ZooKeeper.java","19873","142486","162359"
"2009-06-25 00:59","ClientBase.java","9412","60889","70301"
"2012-08-28 21:51","ClientBase.java","17574","119062","136636"
"2017-06-08 17:51","ClientBase.java","22864","167657","190521"
"2012-07-17 23:19","ClientBase.java","17564","117978","135542"
"2017-04-18 01:37","ClientBase.java","22632","168057","190689"
"2010-03-16 22:23","ClientBase.java","12266","91117","103383"
"2018-09-07 02:49","ClientBase.java","55007","210870","265877"
"2019-07-31 19:06","ClientBase.java","89594","257013","346607"
"2012-02-06 09:47","ClientBase.java","17270","114563","131833"
"2015-02-06 06:17","ClientBase.java","20286","155268","175554"
"2017-09-11 18:55","ClientBase.java","22972","168223","191195"
"2009-07-17 00:09","ClientBase.java","9621","62317","71938"
"2009-06-30 03:32","ClientBase.java","9466","61726","71192"
"2019-08-17 17:13","ClientBase.java","89594","257706","347300"
"2009-06-18 18:37","ClientBase.java","8912","53517","62429"
"2015-03-28 20:08","ClientBase.java","20304","157497","177801"
"2019-06-07 14:13","ClientBase.java","89594","243810","333404"
"2018-04-24 00:20","ClientBase.java","23062","174089","197151"
"2018-08-08 06:21","ClientBase.java","37884","192882","230766"
"2018-05-09 23:57","ClientBase.java","23090","174902","197992"
"2009-06-09 07:04","ClientBase.java","8557","50917","59474"
"2019-06-24 11:05","ClientBase.java","89594","245039","334633"
"2012-12-11 08:42","ClientBase.java","17732","122553","140285"
"2017-01-13 19:29","ClientBase.java","22264","169855","192119"
"2010-01-25 04:28","ClientBase.java","11987","80994","92981"
"2010-03-09 05:44","ClientBase.java","12176","90261","102437"
"2016-06-23 23:25","ClientBase.java","21806","163491","185297"
"2014-01-03 01:40","ClientBase.java","18584","137102","155686"
"2014-01-25 01:17","ClientBase.java","18589","138913","157502"
"2009-11-20 23:28","ClientBase.java","11413","76806","88219"
"2009-11-25 20:06","ClientBase.java","11417","76843","88260"
"2009-11-12 20:53","ClientBase.java","11275","69358","80633"
"2009-08-25 07:45","ClientBase.java","9730","64335","74065"
"2009-09-16 02:09","ClientBase.java","10130","65241","75371"
"2019-11-14 16:44","ClientBase.java","89594","265733","355327"
"2019-10-10 14:37","ClientBase.java","89594","261459","351053"
"2012-03-15 17:47","ClientBase.java","17399","115935","133334"
"2010-09-15 07:51","ClientBase.java","13363","140073","153436"
"2012-01-14 00:28","ClientBase.java","17247","114024","131271"
"2011-04-12 09:14","ClientBase.java","14277","103862","118139"
"2011-11-05 07:29","ClientBase.java","17090","112447","129537"
"2016-08-24 01:36","ClientBase.java","22046","164302","186348"
"2011-09-17 02:13","ClientBase.java","15488","111863","127351"
"2010-07-05 20:20","ClientBase.java","12922","102842","115764"
"2010-03-31 06:26","ClientBase.java","12839","91912","104751"
"2010-08-18 08:24","ClientBase.java","13361","111901","125262"
"2009-05-14 22:15","ClientBase.java","8246","48436","56682"
"2015-03-08 23:07","ClientBase.java","20297","155453","175750"
"2019-08-17 17:13","ListQuotaCommand.java","223892","255250","479142"
"2019-01-31 15:55","ListQuotaCommand.java","223774","232791","456565"
"2019-08-17 17:13","DefaultMetricsProvider.java","29368","43884","73252"
"2019-12-03 19:35","ContainerManager.java","221399","264080","485479"
"2018-05-09 23:57","ContainerManager.java","10906","22661","33567"
"2019-08-17 17:13","ContainerManager.java","219821","255887","475708"
"2016-10-07 21:51","ContainerManager.java","1905","5437","7342"
"2019-06-03 19:40","ContainerManager.java","219820","241217","461037"
"2017-02-05 07:22","ContainerManager.java","3209","11001","14210"
"2017-09-11 18:55","QuorumMaj.java","24095","57866","81961"
"2019-08-17 17:13","QuorumMaj.java","191763","256406","448169"
"2011-12-28 01:26","QuorumCnxManager.java","7793","19076","26869"
"2019-11-29 14:49","QuorumCnxManager.java","179834","264583","444417"
"2013-03-07 07:01","QuorumCnxManager.java","12880","39117","51997"
"2018-07-11 06:04","QuorumCnxManager.java","35924","103542","139466"
"2018-08-06 14:11","QuorumCnxManager.java","45224","114615","159839"
"2012-06-29 22:08","QuorumCnxManager.java","10714","25156","35870"
"2018-10-16 16:22","QuorumCnxManager.java","147484","236761","384245"
"2019-06-14 09:06","QuorumCnxManager.java","178740","244930","423670"
"2019-08-03 08:42","QuorumCnxManager.java","178740","257640","436380"
"2019-11-13 20:41","QuorumCnxManager.java","178740","264651","443391"
"2019-04-09 16:08","QuorumCnxManager.java","178689","237737","416426"
"2019-08-06 12:52","QuorumCnxManager.java","178740","257905","436645"
"2017-02-09 11:40","QuorumCnxManager.java","25195","87836","113031"
"2019-05-20 23:13","QuorumCnxManager.java","178741","241805","420546"
"2015-04-09 20:16","QuorumCnxManager.java","21039","73063","94102"
"2017-08-23 02:16","QuorumCnxManager.java","27684","87629","115313"
"2019-07-27 20:04","QuorumCnxManager.java","178740","253463","432203"
"2015-05-29 23:46","QuorumCnxManager.java","21187","73727","94914"
"2015-05-14 07:10","QuorumCnxManager.java","21151","73395","94546"
"2020-03-12 14:47","QuorumCnxManager.java","179834","269969","449803"
"2019-08-17 17:13","QuorumCnxManager.java","178740","256932","435672"
"2017-11-28 00:10","QuorumCnxManager.java","27915","91780","119695"
"2019-10-10 14:37","QuorumCnxManager.java","178740","260685","439425"
"2014-07-23 19:36","QuorumCnxManager.java","20625","66216","86841"
"2017-06-09 18:37","QuorumCnxManager.java","27514","87163","114677"
"2020-01-23 13:43","QuorumCnxManager.java","179834","267953","447787"
"2014-03-23 04:12","QuorumCnxManager.java","13863","49470","63333"
"2014-07-08 05:25","QuorumCnxManager.java","20323","61644","81967"
"2019-11-28 12:24","QuorumCnxManager.java","179834","262932","442766"
"2014-06-25 15:04","QuorumCnxManager.java","19924","59609","79533"
"2011-08-15 02:44","QuorumCnxManager.java","1593","10483","12076"
"2016-06-08 17:43","QuorumCnxManager.java","24027","80099","104126"
"2020-03-23 16:20","QuorumCnxManager.java","179834","270140","449974"
"2020-02-16 10:25","QuorumCnxManager.java","179834","268666","448500"
"2014-07-22 06:45","QuorumCnxManager.java","20623","66139","86762"
"2018-07-27 12:32","QuorumCnxManager.java","45185","113964","159149"
"2018-11-27 09:57","ManagedUtil.java","220239","224500","444739"
"2019-08-17 17:13","ManagedUtil.java","220352","255916","476268"
"2020-03-01 06:42","ManagedUtil.java","221905","268852","490757"
"2019-08-17 17:13","Leader.java","129808","257501","387309"
"2019-06-29 00:33","Leader.java","129808","245488","375296"
"2019-06-03 19:40","Leader.java","129808","242832","372640"
"2014-05-20 23:42","Leader.java","27782","112466","140248"
"2019-07-15 14:15","Leader.java","129808","252920","382728"
"2015-03-17 18:06","Leader.java","28202","125123","153325"
"2019-07-25 21:41","Leader.java","129808","253984","383792"
"2018-05-10 06:00","Leader.java","31797","144611","176408"
"2018-07-12 01:33","Leader.java","38571","152318","190889"
"2009-11-18 20:06","Leader.java","7368","32063","39431"
"2018-02-07 01:05","Leader.java","31732","142412","174144"
"2017-11-28 00:10","Leader.java","31676","141501","173177"
"2019-06-05 00:33","Leader.java","129808","243222","373030"
"2015-04-10 22:22","Leader.java","28206","126195","154401"
"2011-06-14 07:14","Leader.java","21359","72475","93834"
"2019-08-03 08:42","Leader.java","129808","258209","388017"
"2019-06-05 23:57","Leader.java","129808","243491","373299"
"2012-12-08 00:38","Leader.java","25085","90649","115734"
"2013-10-07 21:08","Leader.java","26108","101121","127229"
"2012-12-31 02:38","Leader.java","25511","93196","118707"
"2017-01-13 19:29","Leader.java","30453","138761","169214"
"2012-07-05 18:01","Leader.java","24906","85544","110450"
"2019-01-07 14:55","Leader.java","129764","232348","362112"
"2019-04-12 19:01","Leader.java","129808","239308","369116"
"2018-12-09 03:16","Leader.java","129764","230115","359879"
"2018-08-17 14:40","Leader.java","63972","180015","243987"
"2019-11-29 14:49","Leader.java","130446","264696","395142"
"2013-03-07 07:01","Leader.java","25829","98026","123855"
"2018-11-27 10:02","Leader.java","129764","227791","357555"
"2015-02-06 06:17","Leader.java","28174","123873","152047"
"2012-02-27 03:41","Leader.java","24551","82825","107376"
"2017-02-15 23:04","Leader.java","31136","136488","167624"
"2014-07-18 02:19","Leader.java","27989","118937","146926"
"2012-01-04 01:15","Leader.java","24317","81713","106030"
"2011-12-28 01:26","Leader.java","24315","81558","105873"
"2018-08-29 06:26","Leader.java","77557","193808","271365"
"2018-08-03 18:52","Leader.java","43207","158452","201659"
"2011-04-29 18:12","Leader.java","21286","70787","92073"
"2013-05-14 14:27","Leader.java","25848","98170","124018"
"2012-02-06 09:40","Leader.java","24352","82385","106737"
"2017-09-11 18:55","Leader.java","31624","137592","169216"
"2018-09-18 01:00","Leader.java","81917","200738","282655"
"2011-10-20 20:02","Leader.java","23981","79456","103437"
"2012-01-14 00:28","Leader.java","24321","81815","106136"
"2012-01-06 02:32","Leader.java","24317","81714","106031"
"2012-03-15 17:47","Leader.java","24563","83816","108379"
"2011-04-12 09:14","Leader.java","21251","70417","91668"
"2010-07-23 06:22","Leader.java","16320","68541","84861"
"2011-09-22 07:42","Leader.java","22452","79719","102171"
"2010-08-18 08:24","Leader.java","17023","75144","92167"
"2016-12-20 14:47","Leader.java","30445","137911","168356"
"2014-07-20 04:50","Leader.java","28015","119484","147499"
"2014-06-10 00:19","Leader.java","27786","113404","141190"
"2016-06-23 23:25","Leader.java","29890","132292","162182"
"2016-06-23 23:45","Leader.java","29890","132400","162290"
"2020-03-25 03:38","Leader.java","130446","270924","401370"
"2014-03-23 04:12","Leader.java","26385","107952","134337"
"2009-10-30 17:19","Leader.java","6529","22351","28880"
"2019-12-27 22:33","Leader.java","130446","266817","397263"
"2009-08-27 20:07","Leader.java","4732","18921","23653"
"2009-08-25 07:45","Leader.java","4728","18914","23642"
"2016-08-13 15:01","Leader.java","30125","133330","163455"
"2013-10-21 23:36","Leader.java","26177","103932","130109"
"2019-10-10 14:37","Leader.java","129808","261254","391062"
"2013-11-07 06:41","Leader.java","26204","104390","130594"
"2019-08-17 17:13","ReferenceCountedACLCache.java","219817","255887","475704"
"2018-04-27 00:21","ReferenceCountedACLCache.java","10872","21907","32779"
"2019-10-09 16:38","ReferenceCountedACLCache.java","219817","259384","479201"
"2019-10-10 14:37","ReferenceCountedACLCache.java","219817","259640","479457"
"2010-04-26 21:58","QuorumPeerTestBase.java","2435","1455","3890"
"2014-08-14 08:08","QuorumPeerTestBase.java","35298","92327","127625"
"2014-07-26 04:11","QuorumPeerTestBase.java","35298","91763","127061"
"2014-03-25 22:13","QuorumPeerTestBase.java","28750","75314","104064"
"2016-11-03 16:07","QuorumPeerTestBase.java","37948","107599","145547"
"2019-12-27 22:33","QuorumPeerTestBase.java","169023","266740","435763"
"2019-10-10 14:37","QuorumPeerTestBase.java","167976","260768","428744"
"2016-06-23 23:25","QuorumPeerTestBase.java","37493","104656","142149"
"2014-07-18 20:48","QuorumPeerTestBase.java","35226","91394","126620"
"2014-08-19 22:50","QuorumPeerTestBase.java","35325","92468","127793"
"2011-06-14 07:14","QuorumPeerTestBase.java","17654","30116","47770"
"2019-07-12 17:01","QuorumPeerTestBase.java","167976","252328","420304"
"2017-01-13 19:29","QuorumPeerTestBase.java","38348","111417","149765"
"2015-03-17 18:06","QuorumPeerTestBase.java","35494","97176","132670"
"2019-08-17 17:13","QuorumPeerTestBase.java","167976","257015","424991"
"2017-11-28 00:10","QuorumPeerTestBase.java","40775","115361","156136"
"2014-01-21 04:50","QuorumPeerTestBase.java","28557","72665","101222"
"2017-12-16 01:25","QuorumPeerTestBase.java","40775","115405","156180"
"2014-07-18 02:19","QuorumPeerTestBase.java","35197","90906","126103"
"2013-03-07 07:01","QuorumPeerTestBase.java","27912","64870","92782"
"2018-10-12 10:25","QuorumPeerTestBase.java","137046","234082","371128"
"2012-07-17 23:25","QuorumPeerTestBase.java","26209","52726","78935"
"2009-01-15 23:57","ServerStats.java","3716","2633","6349"
"2015-07-10 08:19","ServerStats.java","20274","158137","178411"
"2019-04-12 19:01","ServerStats.java","91186","239514","330700"
"2015-02-06 06:17","ServerStats.java","20185","153812","173997"
"2014-07-18 02:19","ServerStats.java","20048","148924","168972"
"2019-01-07 14:39","ServerStats.java","91158","232518","323676"
"2012-02-11 00:34","ServerStats.java","17209","113356","130565"
"2018-09-18 01:00","ServerStats.java","55595","212344","267939"
"2019-08-17 17:13","ServerStats.java","91185","257706","348891"
"2018-07-12 01:33","ServerStats.java","29329","181004","210333"
"2011-12-28 07:07","ServerStats.java","17032","112255","129287"
"2018-06-08 16:52","ServerStats.java","23137","174343","197480"
"2019-06-04 10:55","BaseTestMetricsProvider.java","949","4626","5575"
"2019-08-17 17:13","BaseTestMetricsProvider.java","29620","47813","77433"
"2019-04-12 19:01","NettyServerCnxn.java","868","3416","4284"
"2019-08-17 17:13","NettyServerCnxn.java","30118","50859","80977"
"2019-07-03 00:44","NettyServerCnxn.java","5191","13945","19136"
"2019-11-23 17:08","NettyServerCnxn.java","37506","62948","100454"
"2019-07-23 15:55","NettyServerCnxn.java","6558","23307","29865"
"2019-05-06 18:32","NettyServerCnxn.java","1188","6283","7471"
"2019-04-22 19:15","NettyServerCnxn.java","890","4413","5303"
"2019-08-03 08:42","NettyServerCnxn.java","8348","29797","38145"
"2019-11-18 09:05","NettyServerCnxn.java","37324","61209","98533"
"2019-11-21 05:58","NettyServerCnxn.java","37334","61242","98576"
"2019-09-16 23:26","NettyServerCnxn.java","31412","55172","86584"
"2019-10-10 14:37","NettyServerCnxn.java","32210","56704","88914"
"2019-08-17 17:13","Follower.java","26778","38835","65613"
"2019-08-06 17:11","Follower.java","3436","16594","20030"
"2019-07-15 14:15","Follower.java","1096","8572","9668"
"2019-08-23 19:43","Follower.java","26780","39503","66283"
"2019-12-27 22:33","Follower.java","35149","55884","91033"
"2019-10-10 14:37","Follower.java","29213","45023","74236"
"2019-02-18 17:05","NettyServerCnxn.java","196","630","826"
"2019-04-12 19:01","NettyServerCnxn.java","1055","4037","5092"
"2019-08-17 17:13","NettyServerCnxn.java","30226","51401","81627"
"2019-07-03 00:44","NettyServerCnxn.java","5367","14555","19922"
"2019-11-23 17:08","NettyServerCnxn.java","37549","63425","100974"
"2019-07-23 15:55","NettyServerCnxn.java","6733","23916","30649"
"2019-05-06 18:32","NettyServerCnxn.java","1374","6903","8277"
"2019-04-22 19:15","NettyServerCnxn.java","1077","5034","6111"
"2019-08-03 08:42","NettyServerCnxn.java","8523","30406","38929"
"2019-11-18 09:05","NettyServerCnxn.java","37367","61686","99053"
"2019-11-21 05:58","NettyServerCnxn.java","37377","61719","99096"
"2019-09-16 23:26","NettyServerCnxn.java","31520","55714","87234"
"2019-10-10 14:37","NettyServerCnxn.java","32314","57242","89556"
"2019-08-17 17:13","CommitProcessorConcurrencyTest.java","24669","26748","51417"
"2019-10-10 14:37","CommitProcessorConcurrencyTest.java","27165","32997","60162"
"2019-08-17 17:13","LearnerHandlerMXBean.java","36481","63823","100304"
"2011-06-21 07:34","FileTxnLog.java","19994","39569","59563"
"2014-02-12 17:00","FileTxnLog.java","29287","82182","111469"
"2013-12-11 01:10","FileTxnLog.java","29191","79201","108392"
"2018-01-19 00:43","FileTxnLog.java","36577","118273","154850"
"2019-12-27 22:33","FileTxnLog.java","162010","266740","428750"
"2019-10-10 14:37","FileTxnLog.java","160981","260786","421767"
"2018-11-12 22:36","FileTxnLog.java","160923","225067","385990"
"2018-08-01 21:19","FileTxnLog.java","53329","139980","193309"
"2018-04-27 20:28","FileTxnLog.java","36726","120272","156998"
"2018-06-08 16:52","FileTxnLog.java","36740","121733","158473"
"2010-12-23 13:42","FileTxnLog.java","8873","67011","75884"
"2011-09-03 01:07","FileTxnLog.java","19287","50041","69328"
"2011-04-12 09:14","FileTxnLog.java","19682","37207","56889"
"2011-11-15 19:30","FileTxnLog.java","24103","52343","76446"
"2014-06-30 19:11","FileTxnLog.java","30933","88887","119820"
"2020-01-28 17:26","FileTxnLog.java","162010","268460","430470"
"2019-05-14 17:11","FileTxnLog.java","160982","241701","402683"
"2019-01-07 14:24","FileTxnLog.java","160923","231805","392728"
"2013-06-28 23:22","FileTxnLog.java","28821","74595","103416"
"2010-03-16 22:23","FileTxnLog.java","1478","8269","9747"
"2019-04-12 19:01","FileTxnLog.java","160982","238841","399823"
"2017-04-28 07:14","FileTxnLog.java","35654","113619","149273"
"2012-02-06 09:40","FileTxnLog.java","24367","54115","78482"
"2018-09-06 01:11","FileTxnLog.java","97898","186180","284078"
"2018-09-18 01:00","FileTxnLog.java","97953","188489","286442"
"2016-03-20 19:31","FileTxnLog.java","32239","105262","137501"
"2019-08-17 17:13","FileTxnLog.java","160981","257033","418014"
"2019-06-03 19:40","FileTxnLog.java","160981","242364","403345"
"2018-04-24 00:20","FileTxnLog.java","36666","120125","156791"
"2018-02-14 21:23","FileTxnLog.java","36632","119207","155839"
"2019-08-03 08:42","FileTxnLog.java","160981","257741","418722"
"2019-04-09 15:35","FileTxnLog.java","160940","237849","398789"
"2017-08-03 20:41","FileTxnLog.java","36325","113474","149799"
"2018-02-02 00:26","FileTxnLog.java","36579","118282","154861"
"2017-06-26 00:07","FileTxnLog.java","36248","113751","149999"
"2015-02-06 06:17","PrepRequestProcessor.java","21113","66549","87662"
"2012-02-06 10:39","PrepRequestProcessor.java","8097","15874","23971"
"2013-03-07 07:01","PrepRequestProcessor.java","12962","34896","47858"
"2019-02-07 11:26","PrepRequestProcessor.java","182958","235172","418130"
"2019-09-11 10:27","PrepRequestProcessor.java","183022","258260","441282"
"2018-07-19 05:59","PrepRequestProcessor.java","45852","109824","155676"
"2017-09-11 18:55","PrepRequestProcessor.java","28415","84120","112535"
"2019-01-16 14:21","PrepRequestProcessor.java","182957","232819","415776"
"2017-06-01 05:45","PrepRequestProcessor.java","28128","83369","111497"
"2012-04-14 02:32","PrepRequestProcessor.java","10287","19628","29915"
"2019-11-08 17:30","PrepRequestProcessor.java","183022","262518","445540"
"2016-11-13 20:59","PrepRequestProcessor.java","24950","81246","106196"
"2019-04-09 15:35","PrepRequestProcessor.java","182971","237710","420681"
"2019-04-17 14:16","PrepRequestProcessor.java","183023","238977","422000"
"2014-10-28 05:35","PrepRequestProcessor.java","20982","64479","85461"
"2019-05-10 12:22","PrepRequestProcessor.java","183023","241412","424435"
"2017-06-26 00:16","PrepRequestProcessor.java","28196","83715","111911"
"2019-02-07 11:22","PrepRequestProcessor.java","182958","234834","417792"
"2016-11-16 06:21","PrepRequestProcessor.java","24969","81812","106781"
"2019-08-01 07:31","PrepRequestProcessor.java","183022","257575","440597"
"2019-06-26 10:57","PrepRequestProcessor.java","183022","244754","427776"
"2014-01-24 07:18","PrepRequestProcessor.java","13818","44485","58303"
"2015-05-29 19:45","PrepRequestProcessor.java","21462","69689","91151"
"2016-10-07 21:51","PrepRequestProcessor.java","24929","78972","103901"
"2015-06-04 19:51","PrepRequestProcessor.java","21570","70562","92132"
"2019-08-17 17:13","PrepRequestProcessor.java","183022","256904","439926"
"2018-08-08 06:21","PrepRequestProcessor.java","87209","152661","239870"
"2018-05-09 23:57","PrepRequestProcessor.java","28956","91222","120178"
"2015-06-11 20:09","PrepRequestProcessor.java","21584","70702","92286"
"2019-12-27 22:33","PrepRequestProcessor.java","184120","266680","450800"
"2014-04-01 01:47","PrepRequestProcessor.java","14228","46158","60386"
"2019-10-10 14:37","PrepRequestProcessor.java","183022","260657","443679"
"2020-03-25 03:38","PrepRequestProcessor.java","184120","270787","454907"
"2011-08-15 02:35","PrepRequestProcessor.java","541","5115","5656"
"2014-07-25 01:31","PrepRequestProcessor.java","20864","62285","83149"
"2013-10-09 22:21","PrepRequestProcessor.java","13635","40764","54399"
"2011-09-17 02:36","PrepRequestProcessor.java","4478","11279","15757"
"2014-04-29 02:23","PrepRequestProcessor.java","19917","53849","73766"
"2015-03-08 23:07","PrepRequestProcessor.java","21165","66775","87940"
"2014-07-22 06:51","PrepRequestProcessor.java","20811","62043","82854"
"2012-03-15 17:47","PrepRequestProcessor.java","8180","17170","25350"
"2011-11-01 15:41","PrepRequestProcessor.java","6752","12345","19097"
"2011-10-28 00:58","PrepRequestProcessor.java","6620","12051","18671"
"2011-10-20 20:02","PrepRequestProcessor.java","6267","11479","17746"
"2011-10-17 16:59","PrepRequestProcessor.java","4587","11207","15794"
"2018-06-15 07:41","PrepRequestProcessor.java","28965","91983","120948"
"2012-12-19 19:16","PrepRequestProcessor.java","12314","29692","42006"
"2011-11-14 20:18","PrepRequestProcessor.java","6759","12987","19746"
"2019-02-06 09:46","ZooKeeper.java","140821","235159","375980"
"2019-01-16 14:21","ZooKeeper.java","140821","233436","374257"
"2017-04-18 02:02","ZooKeeper.java","35299","132029","167328"
"2019-11-08 17:30","ZooKeeper.java","140865","263114","403979"
"2019-02-07 11:26","ZooKeeper.java","140821","235788","376609"
"2013-03-07 07:01","ZooKeeper.java","29521","92304","121825"
"2011-07-01 00:53","ZooKeeper.java","23941","66694","90635"
"2013-12-17 17:55","ZooKeeper.java","29926","99513","129439"
"2012-02-06 09:56","ZooKeeper.java","26600","75223","101823"
"2012-03-17 01:31","ZooKeeper.java","26813","76941","103754"
"2012-11-17 15:03","ZooKeeper.java","28360","83607","111967"
"2017-05-01 17:19","ZooKeeper.java","35303","132160","167463"
"2010-11-10 23:36","ZooKeeper.java","18818","96924","115742"
"2014-01-24 07:18","ZooKeeper.java","29980","101496","131476"
"2019-08-17 17:13","ZooKeeper.java","140865","257500","398365"
"2015-06-04 19:51","ZooKeeper.java","32185","122026","154211"
"2016-10-07 21:51","ZooKeeper.java","34257","129149","163406"
"2015-03-16 09:09","ZooKeeper.java","32056","118853","150909"
"2015-03-17 18:06","ZooKeeper.java","32070","119577","151647"
"2016-05-02 18:15","ZooKeeper.java","33881","126007","159888"
"2019-06-26 10:57","ZooKeeper.java","140865","245350","386215"
"2019-06-03 19:40","ZooKeeper.java","140865","242831","383696"
"2018-05-09 23:57","ZooKeeper.java","35995","139110","175105"
"2019-08-03 08:42","ZooKeeper.java","140865","258208","399073"
"2016-11-13 20:59","ZooKeeper.java","34272","131417","165689"
"2013-02-03 15:52","ZooKeeper.java","29245","87965","117210"
"2012-09-28 18:32","ZooKeeper.java","28223","81502","109725"
"2017-07-28 00:36","ZooKeeper.java","35702","131693","167395"
"2017-08-18 23:35","ZooKeeper.java","35742","132218","167960"
"2017-07-04 07:56","ZooKeeper.java","35684","132285","167969"
"2009-12-11 20:38","ZooKeeper.java","5043","19043","24086"
"2009-11-12 21:02","ZooKeeper.java","4445","11067","15512"
"2010-01-26 03:22","ZooKeeper.java","6243","24321","30564"
"2010-01-05 18:32","ZooKeeper.java","5875","20539","26414"
"2009-11-07 01:48","ZooKeeper.java","4334","10353","14687"
"2009-10-31 00:09","ZooKeeper.java","4056","9670","13726"
"2020-04-16 12:50","ZooKeeper.java","141504","271713","413217"
"2018-07-27 05:16","ZooKeeper.java","47695","152828","200523"
"2019-10-10 14:37","ZooKeeper.java","140865","261253","402118"
"2014-04-01 04:03","ZooKeeper.java","30232","103228","133460"
"2010-02-08 23:36","ZooKeeper.java","12963","30702","43665"
"2009-08-07 20:00","ZooKeeper.java","1441","3536","4977"
"2012-12-19 19:16","ZooKeeper.java","29201","87428","116629"
"2019-02-11 12:34","ZooKeeper.java","140821","236151","376972"
"2014-07-08 20:18","ZooKeeper.java","31773","109656","141429"
"2010-11-30 21:16","ZooKeeper.java","18996","97469","116465"
"2020-05-17 15:13","ZooKeeper.java","141505","272085","413590"
"2017-01-09 22:49","ZooKeeper.java","34510","133223","167733"
"2011-05-20 01:17","ZooKeeper.java","23307","62234","85541"
"2019-03-12 19:08","ZooKeeper.java","140829","237587","378416"
"2011-09-06 00:58","ZooKeeper.java","21991","71610","93601"
"2014-07-22 06:51","ZooKeeper.java","31868","113949","145817"
"2014-04-29 02:23","ZooKeeper.java","31364","106145","137509"
"2019-07-30 02:31","CommitProcessorConcurrencyTest.java","220971","253808","474779"
"2019-08-17 17:13","CommitProcessorConcurrencyTest.java","220971","255887","476858"
"2017-09-11 18:55","CommitProcessorConcurrencyTest.java","9218","13262","22480"
"2019-10-10 14:37","CommitProcessorConcurrencyTest.java","220971","259640","480611"
"2014-03-29 04:33","JLineZNodeCompleter.java","1332","8802","10134"
"2019-08-17 17:13","JLineZNodeCompleter.java","194141","256369","450510"
"2019-08-17 17:13","BaseX509ParameterizedTestCase.java","36682","68806","105488"
"2015-12-07 06:26","ZooKeeperServerBean.java","9","335","344"
"2020-03-25 03:38","ZooKeeperServerBean.java","221964","270254","492218"
"2019-11-14 03:54","ZooKeeperServerBean.java","220443","263957","484400"
"2019-09-16 23:26","ZooKeeperServerBean.java","220411","258935","479346"
"2018-06-08 16:52","ZooKeeperServerBean.java","14206","26149","40355"
"2020-04-30 18:53","ZooKeeperServerBean.java","221964","271154","493118"
"2019-01-23 14:00","ZooKeeperServerBean.java","220300","232532","452832"
"2019-07-08 23:26","ZooKeeperServerBean.java","220410","244691","465101"
"2017-04-28 07:14","ZooKeeperServerBean.java","9733","14648","24381"
"2019-01-14 19:38","ZooKeeperServerBean.java","220299","231096","451395"
"2019-01-07 14:39","ZooKeeperServerBean.java","220299","230643","450942"
"2019-08-17 17:13","ZooKeeperServerBean.java","220411","255916","476327"
"2018-02-07 01:05","ZooKeeperServerBean.java","13726","23071","36797"
"2018-07-12 01:33","ZooKeeperServerBean.java","23696","36108","59804"
"2019-05-22 11:39","ZooKeeperServerBean.java","220393","241098","461491"
"2019-07-30 02:31","ZooKeeperServerBean.java","220411","253837","474248"
"2020-03-25 03:38","ZooKeeperServerBean.java","222290","270254","492544"
"2019-11-14 03:54","ZooKeeperServerBean.java","220769","263957","484726"
"2019-09-16 23:26","ZooKeeperServerBean.java","220737","258935","479672"
"2018-06-08 16:52","ZooKeeperServerBean.java","14218","25835","40053"
"2020-04-30 18:53","ZooKeeperServerBean.java","222290","271154","493444"
"2019-01-23 14:00","ZooKeeperServerBean.java","220626","232532","453158"
"2019-07-08 23:26","ZooKeeperServerBean.java","220736","244691","465427"
"2017-04-28 07:14","ZooKeeperServerBean.java","9745","14334","24079"
"2019-01-14 19:38","ZooKeeperServerBean.java","220625","231096","451721"
"2019-01-07 14:39","ZooKeeperServerBean.java","220625","230643","451268"
"2019-08-17 17:13","ZooKeeperServerBean.java","220737","255916","476653"
"2018-02-07 01:05","ZooKeeperServerBean.java","13738","22757","36495"
"2018-07-12 01:33","ZooKeeperServerBean.java","23709","35795","59504"
"2019-05-22 11:39","ZooKeeperServerBean.java","220719","241098","461817"
"2019-07-30 02:31","ZooKeeperServerBean.java","220737","253837","474574"
"2019-11-29 14:49","Leader.java","9773","16330","26103"
"2020-03-25 03:38","Leader.java","12133","24918","37051"
"2019-12-27 22:33","Leader.java","10004","18682","28686"
"2019-10-10 14:37","Leader.java","3717","7470","11187"
"2019-11-08 17:30","WatchManager.java","31890","55697","87587"
"2019-08-17 17:13","WatchManager.java","29620","47813","77433"
"2019-02-07 11:26","PrepRequestProcessor.java","214855","234328","449183"
"2019-09-11 10:27","PrepRequestProcessor.java","214963","257460","472423"
"2018-07-19 05:59","PrepRequestProcessor.java","35921","54457","90378"
"2017-09-11 18:55","PrepRequestProcessor.java","15063","25332","40395"
"2019-01-16 14:21","PrepRequestProcessor.java","214854","231975","446829"
"2017-06-01 05:45","PrepRequestProcessor.java","12961","22766","35727"
"2019-11-08 17:30","PrepRequestProcessor.java","214992","261747","476739"
"2016-11-13 20:59","PrepRequestProcessor.java","7974","18834","26808"
"2019-04-09 15:35","PrepRequestProcessor.java","214875","236873","451748"
"2019-04-17 14:16","PrepRequestProcessor.java","214947","238160","453107"
"2019-05-10 12:22","PrepRequestProcessor.java","214947","240595","455542"
"2017-06-26 00:16","PrepRequestProcessor.java","13264","23347","36611"
"2019-02-07 11:22","PrepRequestProcessor.java","214855","233990","448845"
"2016-11-16 06:21","PrepRequestProcessor.java","8011","19418","27429"
"2019-08-01 07:31","PrepRequestProcessor.java","214963","256775","471738"
"2019-06-26 10:57","PrepRequestProcessor.java","214963","243954","458917"
"2015-05-29 19:45","PrepRequestProcessor.java","1369","4160","5529"
"2016-10-07 21:51","PrepRequestProcessor.java","7763","16370","24133"
"2015-06-04 19:51","PrepRequestProcessor.java","1515","5071","6586"
"2019-08-17 17:13","PrepRequestProcessor.java","214963","256104","471067"
"2018-08-08 06:21","PrepRequestProcessor.java","83400","103416","186816"
"2018-05-09 23:57","PrepRequestProcessor.java","16223","33053","49276"
"2015-06-11 20:09","PrepRequestProcessor.java","1547","5229","6776"
"2019-12-27 22:33","PrepRequestProcessor.java","216410","266229","482639"
"2019-10-10 14:37","PrepRequestProcessor.java","214963","259857","474820"
"2020-03-25 03:38","PrepRequestProcessor.java","216411","270337","486748"
"2015-03-08 23:07","PrepRequestProcessor.java","106","280","386"
"2018-06-15 07:41","PrepRequestProcessor.java","16435","34017","50452"
"2019-04-12 19:01","ResponseCacheTest.java","1317","7832","9149"
"2019-08-17 17:13","ResponseCacheTest.java","29911","54619","84530"
"2019-11-18 09:05","ResponseCacheTest.java","36944","64796","101740"
"2019-07-29 17:15","ToStringOutputArchive.java","72747","255310","328057"
"2009-05-22 21:06","ToStringOutputArchive.java","10334","67719","78053"
"2019-06-20 20:25","ToStringOutputArchive.java","72747","245029","317776"
"2011-09-15 00:22","ToStringOutputArchive.java","14114","125169","139283"
"2019-07-02 07:34","Follower.java","90102","245649","335751"
"2018-12-09 03:16","Follower.java","90075","230337","320412"
"2019-04-12 19:01","Follower.java","90103","239514","329617"
"2013-03-07 07:01","Follower.java","15166","126374","141540"
"2015-02-06 06:17","Follower.java","17121","151831","168952"
"2011-04-29 18:12","Follower.java","10994","100406","111400"
"2011-01-22 20:38","Follower.java","10577","140789","151366"
"2011-02-07 20:26","Follower.java","10651","140880","151531"
"2018-09-18 01:00","Follower.java","52917","210749","263666"
"2019-08-17 17:13","Follower.java","90102","257706","347808"
"2009-06-15 22:52","Follower.java","4623","47649","52272"
"2019-06-29 00:33","Follower.java","90102","245693","335795"
"2019-08-06 17:11","Follower.java","90102","258807","348909"
"2019-07-15 14:15","Follower.java","90102","253125","343227"
"2019-08-23 19:43","Follower.java","90102","258372","348474"
"2017-11-28 00:10","Follower.java","20020","168856","188876"
"2019-06-05 00:33","Follower.java","90102","243427","333529"
"2009-02-20 01:23","Follower.java","2910","16536","19446"
"2011-06-14 07:14","Follower.java","11034","102061","113095"
"2019-05-03 00:44","Follower.java","90103","241704","331807"
"2010-01-25 04:28","Follower.java","8481","76980","85461"
"2009-10-30 17:19","Follower.java","7253","62986","70239"
"2009-11-20 23:28","Follower.java","7892","72777","80669"
"2015-06-05 21:15","Follower.java","17204","155504","172708"
"2019-12-27 22:33","Follower.java","90558","266840","357398"
"2016-08-13 15:01","Follower.java","18909","161125","180034"
"2019-10-10 14:37","Follower.java","90102","261459","351561"
"2010-08-18 08:24","Follower.java","10069","108101","118170"
"2016-12-20 14:47","Follower.java","19195","165672","184867"
"2014-07-22 06:51","Follower.java","16997","147503","164500"
"2019-10-10 14:37","ZKTrustManager.java","3717","7470","11187"
"2019-07-25 21:41","FollowerBean.java","225902","251759","477661"
"2019-08-17 17:13","FollowerBean.java","225902","255276","481178"
"2018-12-09 03:16","FollowerBean.java","225782","227814","453596"
"2020-03-12 14:47","CnxManagerTest.java","218894","269473","488367"
"2019-08-17 17:13","CnxManagerTest.java","217438","256074","473512"
"2019-06-03 19:40","CnxManagerTest.java","217437","241404","458841"
"2017-11-28 00:10","CnxManagerTest.java","14676","26297","40973"
"2019-07-12 17:01","CnxManagerTest.java","217438","251387","468825"
"2019-05-08 21:54","CnxManagerTest.java","217420","240558","457978"
"2019-08-06 12:52","CnxManagerTest.java","217438","257047","474485"
"2019-06-14 09:06","CnxManagerTest.java","217437","244071","461508"
"2019-11-29 14:49","CnxManagerTest.java","218892","264085","482977"
"2017-09-11 18:55","CnxManagerTest.java","14211","21975","36186"
"2020-02-16 10:25","CnxManagerTest.java","218894","268170","487064"
"2015-11-03 08:11","CnxManagerTest.java","1783","4299","6082"
"2019-10-10 14:37","CnxManagerTest.java","217438","259827","477265"
"2018-12-06 10:56","FastLeaderElection.java","204849","226572","431421"
"2014-07-08 05:25","FastLeaderElection.java","971","2607","3578"
"2014-07-18 20:48","FastLeaderElection.java","1561","7323","8884"
"2019-10-10 14:37","FastLeaderElection.java","204959","259907","464866"
"2019-09-30 23:22","FastLeaderElection.java","204959","259534","464493"
"2014-07-20 04:50","FastLeaderElection.java","1601","7425","9026"
"2020-04-07 09:07","FastLeaderElection.java","206399","270968","477367"
"2019-01-18 03:42","FastLeaderElection.java","204851","232071","436922"
"2017-09-11 18:55","FastLeaderElection.java","16380","36703","53083"
"2018-08-29 06:26","FastLeaderElection.java","106527","137133","243660"
"2015-02-06 06:17","FastLeaderElection.java","2674","12728","15402"
"2018-04-30 06:34","FastLeaderElection.java","17505","43810","61315"
"2019-08-17 17:13","FastLeaderElection.java","204959","256154","461113"
"2019-08-02 20:08","FastLeaderElection.java","204959","256935","461894"
"2017-01-13 19:29","FastLeaderElection.java","10978","33641","44619"
"2019-08-03 08:42","FastLeaderElection.java","204959","256862","461821"
"2019-04-12 19:01","ZooKeeperServer.java","1317","7832","9149"
"2019-07-31 19:06","ZooKeeperServer.java","8383","32398","40781"
"2019-09-11 10:27","ZooKeeperServer.java","31146","57210","88356"
"2019-02-13 13:12","ZooKeeperServer.java","700","4354","5054"
"2019-03-04 08:07","ZooKeeperServer.java","716","4947","5663"
"2019-07-08 23:26","ZooKeeperServer.java","5646","19130","24776"
"2019-01-23 14:00","ZooKeeperServer.java","88","1523","1611"
"2019-02-13 13:19","ZooKeeperServer.java","706","4646","5352"
"2019-05-14 17:11","ZooKeeperServer.java","1677","11052","12729"
"2019-06-04 10:55","ZooKeeperServer.java","2157","12349","14506"
"2019-04-09 15:35","ZooKeeperServer.java","1000","6565","7565"
"2019-08-03 08:42","ZooKeeperServer.java","8716","34132","42848"
"2019-05-15 11:56","ZooKeeperServer.java","1743","11205","12948"
"2019-05-22 11:39","ZooKeeperServer.java","1818","11726","13544"
"2019-04-22 19:15","ZooKeeperServer.java","1339","8829","10168"
"2019-09-10 04:26","ZooKeeperServer.java","31104","56857","87961"
"2019-08-17 17:13","ZooKeeperServer.java","29911","54619","84530"
"2019-09-05 23:12","ZooKeeperServer.java","31070","56697","87767"
"2019-09-10 15:21","ZooKeeperServer.java","31114","56865","87979"
"2019-08-01 07:31","ZooKeeperServer.java","8458","33837","42295"
"2019-08-01 07:28","ZooKeeperServer.java","8389","33278","41667"
"2019-06-03 19:40","ZooKeeperServer.java","2017","12056","14073"
"2019-11-23 17:08","ZooKeeperServer.java","37127","66536","103663"
"2019-10-09 16:49","ZooKeeperServer.java","31465","59759","91224"
"2019-07-03 00:44","ZooKeeperServer.java","5578","18299","23877"
"2019-07-24 18:00","ZooKeeperServer.java","6964","28127","35091"
"2019-12-27 22:33","ZooKeeperServer.java","37565","70951","108516"
"2019-11-18 09:05","ZooKeeperServer.java","36944","64796","101740"
"2019-10-10 14:37","ZooKeeperServer.java","31909","60370","92279"
"2019-09-16 23:26","ZooKeeperServer.java","31146","58873","90019"
"2019-12-03 10:01","ZooKeeperServer.java","37453","68764","106217"
"2020-03-25 03:38","ZooKeeperServer.java","38964","76457","115421"
"2019-11-28 12:24","ZooKeeperServer.java","37180","66794","103974"
"2019-11-06 15:21","ZooKeeperServer.java","32042","60719","92761"
"2020-04-12 11:14","ZooKeeperServer.java","39541","77787","117328"
"2019-04-18 19:17","ZooKeeperServer.java","1339","8564","9903"
"2017-09-11 18:55","ReconfigFailureCasesTest.java","3280","3897","7177"
"2019-11-29 14:49","ReconfigFailureCasesTest.java","225389","263435","488824"
"2019-08-17 17:13","ReconfigFailureCasesTest.java","223776","255265","479041"
"2018-12-09 03:16","QuorumPeerConfig.java","86969","61230","148199"
"2019-04-12 19:01","QuorumPeerConfig.java","95007","78417","173424"
"2018-12-15 07:34","QuorumPeerConfig.java","87714","61890","149604"
"2019-02-13 13:12","QuorumPeerConfig.java","94481","75030","169511"
"2019-08-17 17:13","QuorumPeerConfig.java","109882","111485","221367"
"2019-06-05 00:29","QuorumPeerConfig.java","95650","82920","178570"
"2020-01-09 11:27","QuorumPeerConfig.java","114782","124488","239270"
"2019-07-12 17:01","QuorumPeerConfig.java","98094","95010","193104"
"2019-05-15 11:56","QuorumPeerConfig.java","95317","81674","176991"
"2020-01-23 13:43","QuorumPeerConfig.java","114937","126467","241404"
"2019-10-10 14:37","QuorumPeerConfig.java","111293","116649","227942"
"2019-04-18 19:17","QuorumPeerConfig.java","95029","79149","174178"
"2020-02-16 10:25","QuorumPeerConfig.java","115061","127304","242365"
"2020-05-14 18:18","QuorumPeerConfig.java","118188","133656","251844"
"2019-05-16 16:25","QuorumPeer.java","8147","19376","27523"
"2019-06-14 09:06","QuorumPeer.java","9186","23614","32800"
"2019-03-11 19:47","QuorumPeer.java","7226","13654","20880"
"2019-02-13 13:12","QuorumPeer.java","7157","12533","19690"
"2019-04-12 19:01","QuorumPeer.java","7751","15988","23739"
"2019-11-29 14:49","QuorumPeer.java","43341","76328","119669"
"2019-06-03 19:40","QuorumPeer.java","8398","20159","28557"
"2019-07-15 14:15","QuorumPeer.java","12734","34583","47317"
"2019-07-03 00:44","QuorumPeer.java","11724","26167","37891"
"2019-08-17 17:13","QuorumPeer.java","35918","62348","98266"
"2019-05-15 11:56","QuorumPeer.java","8124","19308","27432"
"2019-06-05 00:33","QuorumPeer.java","8595","20746","29341"
"2019-05-20 23:13","QuorumPeer.java","8192","19494","27686"
"2019-06-04 10:55","QuorumPeer.java","8533","20447","28980"
"2019-07-12 17:01","QuorumPeer.java","12734","34477","47211"
"2020-01-09 11:27","QuorumPeer.java","44334","78867","123201"
"2019-12-17 13:48","QuorumPeer.java","43352","76911","120263"
"2020-01-23 13:43","QuorumPeer.java","44586","80943","125529"
"2019-10-10 14:37","QuorumPeer.java","37912","68095","106007"
"2019-04-18 19:17","QuorumPeer.java","7773","16720","24493"
"2020-02-16 10:25","QuorumPeer.java","44716","81786","126502"
"2019-08-17 17:13","LearnerMaster.java","25290","28807","54097"
"2019-10-10 14:37","LearnerMaster.java","27747","35017","62764"
"2019-08-17 17:13","FourLetterCommands.java","24762","25455","50217"
"2019-04-12 19:01","ZooKeeperServer.java","1365","8279","9644"
"2019-07-31 19:06","ZooKeeperServer.java","8423","32837","41260"
"2019-09-11 10:27","ZooKeeperServer.java","31112","57575","88687"
"2019-01-14 19:38","ZooKeeperServer.java","59","458","517"
"2019-02-13 13:12","ZooKeeperServer.java","755","4808","5563"
"2019-03-04 08:07","ZooKeeperServer.java","770","5400","6170"
"2019-07-08 23:26","ZooKeeperServer.java","5686","19569","25255"
"2019-01-23 14:00","ZooKeeperServer.java","146","1980","2126"
"2019-02-13 13:19","ZooKeeperServer.java","760","5099","5859"
"2019-05-14 17:11","ZooKeeperServer.java","1724","11498","13222"
"2019-06-04 10:55","ZooKeeperServer.java","2204","12795","14999"
"2019-04-09 15:35","ZooKeeperServer.java","1054","7018","8072"
"2019-08-03 08:42","ZooKeeperServer.java","8755","34570","43325"
"2019-05-15 11:56","ZooKeeperServer.java","1790","11651","13441"
"2019-05-22 11:39","ZooKeeperServer.java","1865","12172","14037"
"2019-04-22 19:15","ZooKeeperServer.java","1387","9276","10663"
"2019-09-10 04:26","ZooKeeperServer.java","31070","57222","88292"
"2019-08-17 17:13","ZooKeeperServer.java","29877","54984","84861"
"2019-09-05 23:12","ZooKeeperServer.java","31036","57062","88098"
"2019-09-10 15:21","ZooKeeperServer.java","31080","57230","88310"
"2019-08-01 07:31","ZooKeeperServer.java","8498","34276","42774"
"2019-08-01 07:28","ZooKeeperServer.java","8429","33717","42146"
"2019-06-03 19:40","ZooKeeperServer.java","2064","12502","14566"
"2019-11-23 17:08","ZooKeeperServer.java","37048","66856","103904"
"2019-10-09 16:49","ZooKeeperServer.java","31431","60124","91555"
"2019-07-03 00:44","ZooKeeperServer.java","5618","18738","24356"
"2019-07-24 18:00","ZooKeeperServer.java","7004","28566","35570"
"2019-12-27 22:33","ZooKeeperServer.java","37486","71271","108757"
"2019-11-18 09:05","ZooKeeperServer.java","36865","65116","101981"
"2019-10-10 14:37","ZooKeeperServer.java","31874","60734","92608"
"2019-09-16 23:26","ZooKeeperServer.java","31112","59238","90350"
"2019-12-03 10:01","ZooKeeperServer.java","37374","69084","106458"
"2020-03-25 03:38","ZooKeeperServer.java","38885","76777","115662"
"2019-11-28 12:24","ZooKeeperServer.java","37101","67114","104215"
"2019-11-06 15:21","ZooKeeperServer.java","32007","61083","93090"
"2020-04-12 11:14","ZooKeeperServer.java","39462","78107","117569"
"2019-04-18 19:17","ZooKeeperServer.java","1387","9011","10398"
"2014-03-23 04:12","LearnerHandler.java","255","642","897"
"2019-10-10 14:37","LearnerHandler.java","200632","260045","460677"
"2015-06-05 20:38","LearnerHandler.java","11430","29508","40938"
"2015-06-05 20:51","LearnerHandler.java","11430","29535","40965"
"2015-06-12 23:02","LearnerHandler.java","11445","29648","41093"
"2019-07-03 20:54","LearnerHandler.java","200632","244286","444918"
"2018-09-18 01:00","LearnerHandler.java","112263","149904","262167"
"2018-08-03 18:52","LearnerHandler.java","43090","77155","120245"
"2018-12-09 03:16","LearnerHandler.java","200524","228842","429366"
"2019-04-12 19:01","LearnerHandler.java","200616","238083","438699"
"2017-11-28 00:10","LearnerHandler.java","23731","52376","76107"
"2019-06-29 00:33","LearnerHandler.java","200632","244279","444911"
"2019-07-25 21:41","LearnerHandler.java","200632","252775","453407"
"2019-08-23 19:43","LearnerHandler.java","200632","256958","457590"
"2019-08-17 17:13","LearnerHandler.java","200632","256292","456924"
"2017-06-26 00:16","LearnerHandler.java","22054","46656","68710"
"2017-08-03 20:28","LearnerHandler.java","23084","47334","70418"
"2019-05-06 17:48","LearnerHandler.java","200616","240589","441205"
"2019-08-03 08:42","LearnerHandler.java","200632","257000","457632"
"2019-04-22 19:15","LearnerHandler.java","200616","239058","439674"
"2018-09-15 00:08","ZooKeeperServer.java","44481","226223","270704"
"2019-04-12 19:01","ZooKeeperServer.java","57679","239649","297328"
"2019-07-31 19:06","ZooKeeperServer.java","57679","257149","314828"
"2019-09-11 10:27","ZooKeeperServer.java","57679","259198","316877"
"2019-01-14 19:38","ZooKeeperServer.java","57663","233118","290781"
"2019-01-07 15:34","ZooKeeperServer.java","57663","232719","290382"
"2018-11-21 17:56","ZooKeeperServer.java","57663","225916","283579"
"2012-01-31 07:45","ZooKeeperServer.java","15834","137042","152876"
"2017-04-28 07:14","ZooKeeperServer.java","18834","188658","207492"
"2011-08-19 00:05","ZooKeeperServer.java","13081","133703","146784"
"2017-02-12 00:12","ZooKeeperServer.java","18831","187756","206587"
"2014-07-18 02:19","ZooKeeperServer.java","18379","172901","191280"
"2013-12-11 19:22","ZooKeeperServer.java","16943","159303","176246"
"2019-02-13 13:12","ZooKeeperServer.java","57663","236772","294435"
"2012-02-11 00:34","ZooKeeperServer.java","15876","137669","153545"
"2016-11-24 17:18","ZooKeeperServer.java","18774","189475","208249"
"2018-07-19 05:59","ZooKeeperServer.java","19712","197521","217233"
"2018-09-18 01:00","ZooKeeperServer.java","44517","226912","271429"
"2008-10-07 20:51","ZooKeeperServer.java","2693","18813","21506"
"2019-03-04 08:07","ZooKeeperServer.java","57663","237349","295012"
"2019-07-08 23:26","ZooKeeperServer.java","57679","246618","304297"
"2019-01-23 14:00","ZooKeeperServer.java","57663","234553","292216"
"2019-02-13 13:19","ZooKeeperServer.java","57663","237058","294721"
"2019-05-14 17:11","ZooKeeperServer.java","57679","242509","300188"
"2009-01-15 23:57","ZooKeeperServer.java","7291","39850","47141"
"2013-01-25 02:17","ZooKeeperServer.java","16630","148002","164632"
"2015-07-10 08:19","ZooKeeperServer.java","18509","182018","200527"
"2008-10-03 15:06","ZooKeeperServer.java","2651","17851","20502"
"2009-02-20 01:23","ZooKeeperServer.java","8209","54394","62603"
"2009-02-06 22:19","ZooKeeperServer.java","8142","54187","62329"
"2019-06-04 10:55","ZooKeeperServer.java","57679","243326","301005"
"2011-06-14 07:14","ZooKeeperServer.java","12749","136335","149084"
"2009-02-27 20:00","ZooKeeperServer.java","8215","54426","62641"
"2019-04-09 15:35","ZooKeeperServer.java","57663","238683","296346"
"2019-08-03 08:42","ZooKeeperServer.java","57679","258550","316229"
"2019-05-15 11:56","ZooKeeperServer.java","57679","242596","300275"
"2019-05-22 11:39","ZooKeeperServer.java","57679","243042","300721"
"2019-04-22 19:15","ZooKeeperServer.java","57679","240624","298303"
"2018-02-23 23:49","ZooKeeperServer.java","18983","193581","212564"
"2016-11-16 06:21","ZooKeeperServer.java","18651","189331","207982"
"2012-12-19 19:07","ZooKeeperServer.java","16597","146931","163528"
"2017-08-18 06:32","ZooKeeperServer.java","18955","188319","207274"
"2009-01-16 00:48","ZooKeeperServer.java","7455","40033","47488"
"2017-06-26 00:16","ZooKeeperServer.java","18949","188305","207254"
"2009-02-02 23:26","ZooKeeperServer.java","8005","51971","59976"
"2019-09-10 04:26","ZooKeeperServer.java","57679","258887","316566"
"2019-08-17 17:13","ZooKeeperServer.java","57679","257842","315521"
"2019-09-05 23:12","ZooKeeperServer.java","57679","258761","316440"
"2019-09-10 15:21","ZooKeeperServer.java","57679","258885","316564"
"2009-05-20 20:48","ZooKeeperServer.java","8864","81266","90130"
"2009-06-15 22:52","ZooKeeperServer.java","9176","84761","93937"
"2019-08-01 07:31","ZooKeeperServer.java","57679","258513","316192"
"2019-08-01 07:28","ZooKeeperServer.java","57679","258023","315702"
"2019-06-03 19:40","ZooKeeperServer.java","57679","243173","300852"
"2015-03-17 18:06","ZooKeeperServer.java","18474","178969","197443"
"2019-11-23 17:08","ZooKeeperServer.java","58000","262864","320864"
"2019-10-09 16:49","ZooKeeperServer.java","57679","261428","319107"
"2019-07-03 00:44","ZooKeeperServer.java","57679","245855","303534"
"2018-01-19 01:12","ZooKeeperServer.java","18976","192532","211508"
"2019-07-24 18:00","ZooKeeperServer.java","57679","254297","311976"
"2013-05-16 18:49","ZooKeeperServer.java","16856","152778","169634"
"2018-08-08 06:21","ZooKeeperServer.java","28354","207643","235997"
"2018-05-09 23:57","ZooKeeperServer.java","19010","195113","214123"
"2009-11-07 01:48","ZooKeeperServer.java","10705","100252","110957"
"2009-12-18 03:19","ZooKeeperServer.java","11041","109058","120099"
"2010-01-26 01:17","ZooKeeperServer.java","11285","112752","124037"
"2019-12-27 22:33","ZooKeeperServer.java","58000","266841","324841"
"2016-08-13 15:01","ZooKeeperServer.java","18579","185358","203937"
"2018-09-11 00:17","ZooKeeperServer.java","44479","224672","269151"
"2019-11-18 09:05","ZooKeeperServer.java","58000","261307","319307"
"2019-10-10 14:37","ZooKeeperServer.java","57679","261595","319274"
"2019-09-16 23:26","ZooKeeperServer.java","57679","260861","318540"
"2013-10-08 01:35","ZooKeeperServer.java","16915","155641","172556"
"2017-06-23 18:39","ZooKeeperServer.java","18947","188323","207270"
"2009-08-07 01:23","ZooKeeperServer.java","9523","95101","104624"
"2011-12-28 07:07","ZooKeeperServer.java","15823","136692","152515"
"2019-12-03 10:01","ZooKeeperServer.java","58000","264766","322766"
"2020-03-25 03:38","ZooKeeperServer.java","58000","270948","328948"
"2010-03-12 19:26","ZooKeeperServer.java","11392","122258","133650"
"2019-11-28 12:24","ZooKeeperServer.java","58000","263069","321069"
"2019-11-06 15:21","ZooKeeperServer.java","57679","261811","319490"
"2011-05-20 01:17","ZooKeeperServer.java","12741","135196","147937"
"2010-07-29 23:10","ZooKeeperServer.java","11859","137260","149119"
"2011-09-17 02:36","ZooKeeperServer.java","15637","136275","151912"
"2020-04-12 11:14","ZooKeeperServer.java","58000","271701","329701"
"2011-09-14 08:56","ZooKeeperServer.java","13147","136345","149492"
"2011-08-21 02:53","ZooKeeperServer.java","13081","133731","146812"
"2010-08-18 08:24","ZooKeeperServer.java","12151","142742","154893"
"2013-10-09 22:21","ZooKeeperServer.java","16943","157909","174852"
"2008-10-22 01:49","ZooKeeperServer.java","2782","29721","32503"
"2008-12-02 01:13","ZooKeeperServer.java","3627","35914","39541"
"2008-10-01 08:26","ZooKeeperServer.java","2205","17140","19345"
"2015-03-08 23:07","ZooKeeperServer.java","18477","177924","196401"
"2018-06-08 16:52","ZooKeeperServer.java","19010","195862","214872"
"2018-06-15 07:41","ZooKeeperServer.java","19024","195879","214903"
"2018-07-28 04:37","ZooKeeperServer.java","19716","198101","217817"
"2019-04-18 19:17","ZooKeeperServer.java","57679","240359","298038"
"2012-03-15 17:47","ZooKeeperServer.java","15883","138710","154593"
"2014-03-25 22:13","ZooKeeperServer.java","17023","162400","179423"
"2011-04-12 09:14","ZooKeeperServer.java","12711","134347","147058"
"2014-07-26 04:11","ZooKeeperServerMainTest.java","35298","91763","127061"
"2016-09-18 23:21","ZooKeeperServerMainTest.java","37918","106312","144230"
"2014-03-25 22:13","ZooKeeperServerMainTest.java","28750","75314","104064"
"2016-08-24 01:36","ZooKeeperServerMainTest.java","37909","105643","143552"
"2016-08-13 15:01","ZooKeeperServerMainTest.java","37756","105722","143478"
"2014-09-28 19:15","ZooKeeperServerMainTest.java","35335","93642","128977"
"2017-01-13 19:29","ZooKeeperServerMainTest.java","38348","111417","149765"
"2019-06-03 19:40","ZooKeeperServerMainTest.java","167976","242346","410322"
"2019-08-17 17:13","ZooKeeperServerMainTest.java","167976","257015","424991"
"2018-09-11 15:23","ZooKeeperServerMainTest.java","103057","185384","288441"
"2017-01-05 22:32","ZooKeeperServerMainTest.java","38337","111036","149373"
"2013-12-07 11:16","ZooKeeperServerMainTest.java","28500","71545","100045"
"2019-08-17 17:13","GetConfigCommand.java","30087","52428","82515"
"2017-07-28 00:36","ZooKeeperAdmin.java","7498","6344","13842"
"2019-08-17 17:13","ZooKeeperAdmin.java","225011","255292","480303"
"2017-02-12 00:34","ZooKeeperAdmin.java","4527","3319","7846"
"2017-04-18 01:56","ZooKeeperAdmin.java","4676","4261","8937"
"2020-03-26 22:19","ZooKeeperAdmin.java","226617","269755","496372"
"2019-08-17 17:13","FinalRequestProcessorTest.java","29685","44894","74579"
"2019-04-12 19:01","MetricsProvider.java","192051","194686","386737"
"2019-06-03 19:40","MetricsProvider.java","192094","198253","390347"
"2019-08-17 17:13","MetricsProvider.java","192100","212928","405028"
"2014-04-26 23:16","ByteBufferInputStream.java","20612","44676","65288"
"2019-08-17 17:13","ByteBufferInputStream.java","179545","256761","436306"
"2014-02-12 17:00","FileTxnLog.java","13705","47210","60915"
"2013-12-11 01:10","FileTxnLog.java","13542","44162","57704"
"2018-01-19 00:43","FileTxnLog.java","28364","90670","119034"
"2019-12-27 22:33","FileTxnLog.java","181527","266682","448209"
"2019-10-10 14:37","FileTxnLog.java","180429","260659","441088"
"2018-11-12 22:36","FileTxnLog.java","180362","224931","405293"
"2018-08-01 21:19","FileTxnLog.java","45504","112765","158269"
"2018-04-27 20:28","FileTxnLog.java","28555","92711","121266"
"2018-06-08 16:52","FileTxnLog.java","28575","94178","122753"
"2011-09-03 01:07","FileTxnLog.java","1316","12680","13996"
"2011-11-15 19:30","FileTxnLog.java","6837","15687","22524"
"2014-06-30 19:11","FileTxnLog.java","19952","58516","78468"
"2020-01-28 17:26","FileTxnLog.java","181527","268402","449929"
"2019-05-14 17:11","FileTxnLog.java","180430","241574","422004"
"2019-01-07 14:24","FileTxnLog.java","180363","231670","412033"
"2013-06-28 23:22","FileTxnLog.java","13102","39486","52588"
"2019-04-12 19:01","FileTxnLog.java","180430","238714","419144"
"2017-04-28 07:14","FileTxnLog.java","26911","85486","112397"
"2012-02-06 09:40","FileTxnLog.java","7809","18167","25976"
"2018-09-06 01:11","FileTxnLog.java","107442","176334","283776"
"2018-09-18 01:00","FileTxnLog.java","107508","178654","286162"
"2016-03-20 19:31","FileTxnLog.java","22709","76342","99051"
"2019-08-17 17:13","FileTxnLog.java","180429","256906","437335"
"2019-06-03 19:40","FileTxnLog.java","180429","242237","422666"
"2018-04-24 00:20","FileTxnLog.java","28452","92521","120973"
"2018-02-14 21:23","FileTxnLog.java","28417","91602","120019"
"2019-08-03 08:42","FileTxnLog.java","180429","257614","438043"
"2019-04-09 15:35","FileTxnLog.java","180378","237712","418090"
"2017-08-03 20:41","FileTxnLog.java","27896","85655","113551"
"2018-02-02 00:26","FileTxnLog.java","28366","90679","119045"
"2017-06-26 00:07","FileTxnLog.java","27805","85918","113723"
"2019-08-17 17:13","StateSummary.java","180329","256906","437235"
"2020-03-26 18:41","ZooKeeperMain.java","224929","270203","495132"
"2020-04-01 17:02","ZooKeeperMain.java","224929","270527","495456"
"2019-10-10 14:37","ZooKeeperMain.java","223341","259580","482921"
"2020-03-26 22:19","ZooKeeperMain.java","224929","270272","495201"
"2019-11-28 12:24","ZooKeeperMain.java","224927","262319","487246"
"2016-11-13 20:59","ZooKeeperMain.java","262","2467","2729"
"2019-08-03 08:42","ZooKeeperMain.java","223341","256535","479876"
"2017-07-28 00:36","ZooKeeperMain.java","7702","8753","16455"
"2019-08-17 17:13","ZooKeeperMain.java","223341","255827","479168"
"2018-08-06 14:11","ZooKeeperMain.java","30299","41296","71595"
"2020-02-16 10:25","QuorumServerTest.java","11925","22565","34490"
"2019-08-17 17:13","Gauge.java","29368","43884","73252"
"2020-03-25 03:38","FinalRequestProcessor.java","10056","17227","27283"
"2019-11-21 05:58","FinalRequestProcessor.java","5160","2713","7873"
"2019-11-18 09:05","FinalRequestProcessor.java","5143","2673","7816"
"2019-11-11 13:59","FinalRequestProcessor.java","32","1828","1860"
"2020-03-26 22:12","FinalRequestProcessor.java","10110","17283","27393"
"2020-03-19 17:09","Learner.java","177465","269953","447418"
"2013-10-09 22:21","Learner.java","8196","29247","37443"
"2020-02-03 04:30","Learner.java","177465","268448","445913"
"2020-01-23 13:43","Learner.java","177465","267891","445356"
"2017-07-04 07:39","Learner.java","25114","74788","99902"
"2020-03-25 03:38","Learner.java","177465","270749","448214"
"2015-03-15 08:54","Learner.java","16136","55780","71916"
"2019-11-28 12:24","Learner.java","177465","262870","440335"
"2019-12-27 22:33","Learner.java","177465","266642","444107"
"2020-01-25 18:48","Learner.java","177465","268081","445546"
"2020-05-03 19:43","Learner.java","177465","271685","449150"
"2016-08-13 15:01","Learner.java","20987","67851","88838"
"2013-10-21 23:36","Learner.java","8206","29620","37826"
"2019-10-10 14:37","Learner.java","176160","260412","436572"
"2015-01-25 01:22","Learner.java","15987","55140","71127"
"2019-06-03 19:40","Learner.java","176160","241990","418150"
"2015-03-17 18:06","Learner.java","16232","56812","73044"
"2019-07-15 14:15","Learner.java","176160","252078","428238"
"2019-08-23 19:43","Learner.java","176160","257325","433485"
"2016-09-08 22:59","Learner.java","21238","68350","89588"
"2019-08-17 17:13","Learner.java","176160","256659","432819"
"2017-11-28 00:10","Learner.java","26093","79577","105670"
"2014-03-12 23:57","Learner.java","8618","33556","42174"
"2018-05-09 00:54","Learner.java","26608","82220","108828"
"2019-04-09 15:35","Learner.java","176103","237459","413562"
"2019-07-12 17:01","Learner.java","176160","251972","428132"
"2017-07-06 18:48","Learner.java","25121","75067","100188"
"2013-10-07 21:08","Learner.java","7996","26668","34664"
"2017-08-18 06:32","Learner.java","25655","75104","100759"
"2019-07-02 07:34","Learner.java","176160","244602","420762"
"2018-10-16 16:22","Learner.java","157277","236173","393450"
"2012-01-31 07:45","Learner.java","1073","2366","3439"
"2014-07-18 02:19","Learner.java","15617","50224","65841"
"2017-02-12 00:12","Learner.java","23957","72967","96924"
"2018-12-09 03:16","Learner.java","176083","229240","405323"
"2013-03-07 07:01","Learner.java","7365","23221","30586"
"2019-11-29 14:49","Learner.java","177465","264521","441986"
"2018-11-27 10:02","Learner.java","176083","226916","402999"
"2018-08-06 14:11","Learner.java","44703","103713","148416"
"2019-11-08 17:30","IWatchManager.java","3908","9522","13430"
"2019-07-08 23:26","ServerCnxn.java","4479","11448","15927"
"2019-08-17 17:13","ServerCnxn.java","29620","47813","77433"
"2019-07-03 00:44","ServerCnxn.java","4396","10602","14998"
"2019-11-18 09:05","ServerCnxn.java","36947","58284","95231"
"2020-02-26 22:41","ServerCnxn.java","39076","67923","106999"
"2019-11-11 13:59","ServerCnxn.java","31921","57524","89445"
"2016-07-27 01:33","ZooKeeperTest.java","4274","6092","10366"
"2016-09-08 22:52","ZooKeeperTest.java","4979","7185","12164"
"2018-10-04 15:46","ZooKeeperTest.java","111596","132052","243648"
"2016-10-16 14:21","ZooKeeperTest.java","5206","8572","13778"
"2019-03-12 19:08","ZooKeeperTest.java","219974","235949","455923"
"2017-04-29 20:17","ZooKeeperTest.java","9815","15079","24894"
"2017-05-30 19:43","ZooKeeperTest.java","10737","15231","25968"
"2019-05-23 18:42","ZooKeeperTest.java","220048","241129","461177"
"2019-08-17 17:13","ZooKeeperTest.java","220066","255918","475984"
"2016-08-10 19:32","ZooKeeperTest.java","4495","6268","10763"
"2019-06-06 00:01","ZooKeeperTest.java","220065","242054","462119"
"2019-08-17 17:13","LearnerHandlerBean.java","36481","63823","100304"
"2019-10-10 14:37","LearnerHandlerBean.java","38466","69561","108027"
"2019-11-29 14:49","QuorumCnxManager.java","178367","264521","442888"
"2013-03-07 07:01","QuorumCnxManager.java","6505","21459","27964"
"2018-07-11 06:04","QuorumCnxManager.java","34030","90365","124395"
"2018-08-06 14:11","QuorumCnxManager.java","44331","102439","146770"
"2012-06-29 22:08","QuorumCnxManager.java","3306","6465","9771"
"2018-10-16 16:22","QuorumCnxManager.java","158056","236050","394106"
"2019-06-14 09:06","QuorumCnxManager.java","177059","244654","421713"
"2019-08-03 08:42","QuorumCnxManager.java","177059","257364","434423"
"2019-11-13 20:41","QuorumCnxManager.java","177087","264403","441490"
"2019-04-09 16:08","QuorumCnxManager.java","177001","237454","414455"
"2019-08-06 12:52","QuorumCnxManager.java","177059","257629","434688"
"2017-02-09 11:40","QuorumCnxManager.java","21600","72958","94558"
"2019-05-20 23:13","QuorumCnxManager.java","177059","241528","418587"
"2015-04-09 20:16","QuorumCnxManager.java","15692","56433","72125"
"2017-08-23 02:16","QuorumCnxManager.java","25174","73836","99010"
"2019-07-27 20:04","QuorumCnxManager.java","177059","253187","430246"
"2015-05-29 23:46","QuorumCnxManager.java","15882","57139","73021"
"2015-05-14 07:10","QuorumCnxManager.java","15806","56767","72573"
"2020-03-12 14:47","QuorumCnxManager.java","178367","269907","448274"
"2019-08-17 17:13","QuorumCnxManager.java","177059","256656","433715"
"2017-11-28 00:10","QuorumCnxManager.java","25600","78182","103782"
"2019-10-10 14:37","QuorumCnxManager.java","177059","260409","437468"
"2014-07-23 19:36","QuorumCnxManager.java","15128","49436","64564"
"2017-06-09 18:37","QuorumCnxManager.java","24552","72918","97470"
"2020-01-23 13:43","QuorumCnxManager.java","178367","267891","446258"
"2014-03-23 04:12","QuorumCnxManager.java","7909","32233","40142"
"2014-07-08 05:25","QuorumCnxManager.java","14816","44854","59670"
"2019-11-28 12:24","QuorumCnxManager.java","178367","262870","441237"
"2014-06-25 15:04","QuorumCnxManager.java","14328","42730","57058"
"2016-06-08 17:43","QuorumCnxManager.java","20137","64926","85063"
"2020-03-23 16:20","QuorumCnxManager.java","178367","270078","448445"
"2020-02-16 10:25","QuorumCnxManager.java","178367","268604","446971"
"2014-07-22 06:45","QuorumCnxManager.java","15126","49359","64485"
"2018-07-27 12:32","QuorumCnxManager.java","44294","101790","146084"
"2019-08-17 17:13","RemotePeerBean.java","204462","256154","460616"
"2019-11-29 14:49","RemotePeerBean.java","205901","264150","470051"
"2018-06-26 11:18","RemotePeerBean.java","17729","46102","63831"
"2015-09-10 06:35","RemotePeerBean.java","5078","20427","25505"
"2018-10-16 16:22","QuorumPeerConfig.java","68508","243240","311748"
"2012-04-23 01:20","QuorumPeerConfig.java","17561","117415","134976"
"2009-05-22 21:02","QuorumPeerConfig.java","8570","49328","57898"
"2018-12-09 03:16","QuorumPeerConfig.java","89355","230337","319692"
"2019-04-12 19:01","QuorumPeerConfig.java","89383","239514","328897"
"2018-09-11 15:23","QuorumPeerConfig.java","54985","212046","267031"
"2013-03-07 07:01","QuorumPeerConfig.java","18451","130143","148594"
"2018-12-15 07:34","QuorumPeerConfig.java","89355","230252","319607"
"2019-02-13 13:12","QuorumPeerConfig.java","89362","236632","325994"
"2009-06-05 06:44","QuorumPeerConfig.java","8743","51231","59974"
"2019-08-17 17:13","QuorumPeerConfig.java","89382","257706","347088"
"2015-03-17 18:06","QuorumPeerConfig.java","20324","156740","177064"
"2014-01-21 04:50","QuorumPeerConfig.java","18608","137450","156058"
"2009-11-18 20:06","QuorumPeerConfig.java","11575","76901","88476"
"2012-12-16 07:43","QuorumPeerConfig.java","17964","123262","141226"
"2017-11-28 00:10","QuorumPeerConfig.java","22995","172315","195310"
"2019-06-05 00:29","QuorumPeerConfig.java","89382","243373","332755"
"2014-09-17 07:34","QuorumPeerConfig.java","20244","153207","173451"
"2009-04-07 00:19","QuorumPeerConfig.java","7723","23278","31001"
"2020-01-09 11:27","QuorumPeerConfig.java","89838","266265","356103"
"2019-07-12 17:01","QuorumPeerConfig.java","89382","253019","342401"
"2016-11-13 20:59","QuorumPeerConfig.java","22096","168150","190246"
"2019-05-15 11:56","QuorumPeerConfig.java","89383","242461","331844"
"2014-08-19 22:50","QuorumPeerConfig.java","20244","152121","172365"
"2018-10-01 06:11","QuorumPeerConfig.java","55111","216006","271117"
"2017-07-28 00:36","QuorumPeerConfig.java","22915","167815","190730"
"2013-09-30 22:20","QuorumPeerConfig.java","18528","132605","151133"
"2009-03-05 22:33","QuorumPeerConfig.java","7385","21832","29217"
"2017-07-06 18:48","QuorumPeerConfig.java","22897","168679","191576"
"2013-09-26 00:13","QuorumPeerConfig.java","18526","132359","150885"
"2010-03-09 05:44","QuorumPeerConfig.java","12282","90579","102861"
"2020-01-23 13:43","QuorumPeerConfig.java","89838","268089","357927"
"2011-04-06 18:17","QuorumPeerConfig.java","14011","103644","117655"
"2010-03-12 19:26","QuorumPeerConfig.java","12348","91375","103723"
"2014-05-17 13:23","QuorumPeerConfig.java","19970","143707","163677"
"2014-07-04 04:19","QuorumPeerConfig.java","19995","146281","166276"
"2011-09-17 02:42","QuorumPeerConfig.java","15531","112243","127774"
"2016-06-23 19:42","QuorumPeerConfig.java","21823","163445","185268"
"2015-09-06 20:02","QuorumPeerConfig.java","20388","160316","180704"
"2015-09-29 03:56","QuorumPeerConfig.java","20415","160524","180939"
"2019-10-10 14:37","QuorumPeerConfig.java","89382","261459","350841"
"2009-08-11 00:24","QuorumPeerConfig.java","9804","63704","73508"
"2018-07-27 12:32","QuorumPeerConfig.java","29069","183303","212372"
"2019-04-18 19:17","QuorumPeerConfig.java","89383","240224","329607"
"2016-11-03 16:07","QuorumPeerConfig.java","22087","166472","188559"
"2011-04-12 09:14","QuorumPeerConfig.java","14299","104096","118395"
"2014-03-25 22:13","QuorumPeerConfig.java","18717","140015","158732"
"2011-09-02 22:50","QuorumPeerConfig.java","12931","111253","124184"
"2013-10-09 22:21","QuorumPeerConfig.java","18567","135454","154021"
"2014-08-01 07:38","QuorumPeerConfig.java","20229","151571","171800"
"2014-08-14 08:08","QuorumPeerConfig.java","20232","151995","172227"
"2009-04-24 20:26","QuorumPeerConfig.java","8387","32998","41385"
"2020-02-16 10:25","QuorumPeerConfig.java","89838","268802","358640"
"2020-05-14 18:18","QuorumPeerConfig.java","89839","272028","361867"
"2017-05-11 16:59","QuorumPeerConfig.java","22867","167782","190649"
"2018-02-14 21:23","Util.java","3077","8149","11226"
"2019-08-17 17:13","Util.java","224198","255250","479448"
"2019-04-10 13:19","Util.java","224179","236499","460678"
"2019-12-27 22:33","Util.java","225824","265554","491378"
"2008-10-03 15:06","Request.java","2341","17086","19427"
"2019-11-08 17:30","Request.java","58134","263456","321590"
"2019-01-16 14:21","Request.java","58118","233806","291924"
"2019-04-25 02:11","Request.java","58134","241562","299696"
"2019-07-08 23:26","Request.java","58134","246618","304752"
"2011-07-01 00:53","Request.java","13144","138970","152114"
"2015-02-06 06:17","Request.java","18556","177374","195930"
"2013-03-07 07:01","Request.java","16944","152260","169204"
"2019-02-07 11:26","Request.java","58118","236158","294276"
"2019-08-06 17:11","Request.java","58134","258943","317077"
"2019-08-01 07:28","Request.java","58134","258023","316157"
"2019-06-26 10:57","Request.java","58134","245692","303826"
"2014-01-24 07:18","Request.java","17027","161076","178103"
"2016-10-07 21:51","Request.java","18740","186165","204905"
"2015-06-04 19:51","Request.java","18596","180970","199566"
"2009-06-26 22:29","Request.java","9234","92998","102232"
"2019-08-17 17:13","Request.java","58134","257842","315976"
"2019-04-17 14:16","Request.java","58134","239914","298048"
"2019-05-03 00:44","Request.java","58134","241839","299973"
"2019-06-05 00:46","Request.java","58134","243702","301836"
"2019-05-10 12:22","Request.java","58134","242349","300483"
"2020-03-25 03:38","Request.java","58455","270948","329403"
"2010-01-25 04:28","Request.java","11248","111851","123099"
"2019-09-20 10:06","Request.java","58134","260705","318839"
"2019-09-16 23:26","Request.java","58134","260861","318995"
"2019-12-27 22:33","Request.java","58455","266841","325296"
"2009-12-11 21:24","Request.java","10851","107960","118811"
"2009-10-31 00:09","Request.java","10509","99196","109705"
"2019-11-11 13:59","Request.java","58134","265252","323386"
"2011-10-20 20:02","Request.java","15841","134435","150276"
"2012-12-19 19:16","Request.java","16714","147474","164188"
"2014-04-29 02:23","Request.java","18361","165675","184036"
"2013-10-09 22:21","Request.java","17028","157539","174567"
"2020-05-05 21:20","Request.java","58455","271979","330434"
"2018-12-09 03:16","LeaderZooKeeperServer.java","1327","5895","7222"
"2019-06-04 10:55","LeaderZooKeeperServer.java","10467","27861","38328"
"2019-08-17 17:13","LeaderZooKeeperServer.java","36692","68602","105294"
"2019-06-03 19:40","LeaderZooKeeperServer.java","10351","27592","37943"
"2019-11-25 15:37","LeaderZooKeeperServer.java","43789","80507","124296"
"2019-12-27 22:33","LeaderZooKeeperServer.java","44163","84751","128914"
"2011-05-03 23:29","NIOServerCnxn.java","19804","31308","51112"
"2019-11-21 05:58","NIOServerCnxn.java","168375","261229","429604"
"2015-11-08 22:36","NIOServerCnxn.java","37153","103455","140608"
"2019-11-18 09:05","NIOServerCnxn.java","168375","261206","429581"
"2013-09-10 00:37","NIOServerCnxn.java","29596","68958","98554"
"2019-09-16 23:26","NIOServerCnxn.java","167328","260034","427362"
"2019-10-10 14:37","NIOServerCnxn.java","167328","260768","428096"
"2013-10-05 00:57","NIOServerCnxn.java","29744","69860","99604"
"2018-09-28 23:38","NIOServerCnxn.java","104038","190817","294855"
"2010-08-18 08:24","NIOServerCnxn.java","7795","27910","35705"
"2010-05-04 23:45","NIOServerCnxn.java","5608","6009","11617"
"2020-02-11 06:50","NIOServerCnxn.java","168375","268581","436956"
"2019-01-23 14:00","NIOServerCnxn.java","167271","233685","400956"
"2019-07-08 23:26","NIOServerCnxn.java","167328","245791","413119"
"2019-04-12 19:01","NIOServerCnxn.java","167329","238823","406152"
"2019-01-14 19:38","NIOServerCnxn.java","167270","232249","399519"
"2018-11-17 18:33","NIOServerCnxn.java","167270","225032","392302"
"2017-03-04 19:22","NIOServerCnxn.java","40878","112079","152957"
"2011-08-19 00:05","NIOServerCnxn.java","19208","41640","60848"
"2013-12-11 19:22","NIOServerCnxn.java","29950","74120","104070"
"2012-02-11 00:34","NIOServerCnxn.java","25314","48917","74231"
"2016-12-22 23:23","NIOServerCnxn.java","39633","112824","152457"
"2018-09-18 01:00","NIOServerCnxn.java","103891","188096","291987"
"2019-08-17 17:13","NIOServerCnxn.java","167328","257015","424343"
"2015-06-28 21:09","NIOServerCnxn.java","37046","102040","139086"
"2015-03-28 20:08","NIOServerCnxn.java","36841","100135","136976"
"2019-07-03 00:44","NIOServerCnxn.java","167328","245028","412356"
"2019-08-03 08:42","NIOServerCnxn.java","167328","257723","425051"
"2016-11-16 06:21","NIOServerCnxn.java","39287","111777","151064"
"2012-12-19 19:07","NIOServerCnxn.java","28903","61047","89950"
"2020-05-05 09:18","JettyAdminServerTest.java","15611","29373","44984"
"2019-10-10 14:37","JettyAdminServerTest.java","3717","7470","11187"
"2019-07-15 14:15","QuorumZooKeeperServer.java","1240","8809","10049"
"2019-08-17 17:13","QuorumZooKeeperServer.java","26898","39048","65946"
"2019-11-29 14:49","QuorumZooKeeperServer.java","35118","53825","88943"
"2020-03-25 03:38","QuorumZooKeeperServer.java","36939","61874","98813"
"2019-10-10 14:37","QuorumZooKeeperServer.java","29333","45236","74569"
"2011-11-05 21:57","Learner.java","7144","17860","25004"
"2020-03-19 17:09","Learner.java","179499","270015","449514"
"2013-10-09 22:21","Learner.java","13596","45363","58959"
"2011-09-14 08:56","Learner.java","1988","15987","17975"
"2020-02-03 04:30","Learner.java","179499","268510","448009"
"2020-01-23 13:43","Learner.java","179499","267953","447452"
"2017-07-04 07:39","Learner.java","27629","88019","115648"
"2020-03-25 03:38","Learner.java","179499","270811","450310"
"2011-06-17 01:34","Learner.java","622","2643","3265"
"2015-03-15 08:54","Learner.java","21019","71379","92398"
"2019-11-28 12:24","Learner.java","179499","262932","442431"
"2019-12-27 22:33","Learner.java","179499","266704","446203"
"2020-01-25 18:48","Learner.java","179499","268143","447642"
"2020-05-03 19:43","Learner.java","179499","271747","451246"
"2016-08-13 15:01","Learner.java","24359","81939","106298"
"2013-10-21 23:36","Learner.java","13600","45730","59330"
"2019-10-10 14:37","Learner.java","178405","260685","439090"
"2015-01-25 01:22","Learner.java","20909","70778","91687"
"2019-06-03 19:40","Learner.java","178405","242263","420668"
"2015-03-17 18:06","Learner.java","21101","72397","93498"
"2019-07-15 14:15","Learner.java","178405","252351","430756"
"2019-08-23 19:43","Learner.java","178405","257598","436003"
"2016-09-08 22:59","Learner.java","24536","82364","106900"
"2019-08-17 17:13","Learner.java","178405","256932","435337"
"2017-11-28 00:10","Learner.java","27966","92166","120132"
"2014-03-12 23:57","Learner.java","13877","49531","63408"
"2018-05-09 00:54","Learner.java","28306","94634","122940"
"2019-04-09 15:35","Learner.java","178354","237738","416092"
"2011-06-14 07:14","Learner.java","539","2489","3028"
"2019-07-12 17:01","Learner.java","178405","252245","430650"
"2017-07-06 18:48","Learner.java","27636","88298","115934"
"2013-10-07 21:08","Learner.java","13411","42799","56210"
"2017-08-18 06:32","Learner.java","27724","87889","115613"
"2019-07-02 07:34","Learner.java","178405","244875","423280"
"2018-10-16 16:22","Learner.java","147149","236761","383910"
"2012-01-31 07:45","Learner.java","7966","19975","27941"
"2014-07-18 02:19","Learner.java","20643","65966","86609"
"2017-02-12 00:12","Learner.java","26753","86479","113232"
"2018-12-09 03:16","Learner.java","178339","229524","407863"
"2013-03-07 07:01","Learner.java","12977","39549","52526"
"2019-11-29 14:49","Learner.java","179499","264583","444082"
"2018-11-27 10:02","Learner.java","178339","227200","405539"
"2018-08-06 14:11","Learner.java","45271","114997","160268"
"2019-11-08 17:30","Request.java","72747","263324","336071"
"2019-01-16 14:21","Request.java","72719","233662","306381"
"2019-04-25 02:11","Request.java","72747","241430","314177"
"2019-07-08 23:26","Request.java","72747","246486","319233"
"2011-07-01 00:53","Request.java","15409","126490","141899"
"2015-02-06 06:17","Request.java","19670","166934","186604"
"2013-03-07 07:01","Request.java","17970","141732","159702"
"2019-02-07 11:26","Request.java","72719","236014","308733"
"2019-08-06 17:11","Request.java","72747","258811","331558"
"2019-08-01 07:28","Request.java","72747","257891","330638"
"2019-06-26 10:57","Request.java","72747","245560","318307"
"2014-01-24 07:18","Request.java","18088","150583","168671"
"2016-10-07 21:51","Request.java","20020","175891","195911"
"2015-06-04 19:51","Request.java","19731","170551","190282"
"2009-06-26 22:29","Request.java","10876","79895","90771"
"2019-08-17 17:13","Request.java","72747","257710","330457"
"2019-04-17 14:16","Request.java","72747","239782","312529"
"2019-05-03 00:44","Request.java","72747","241707","314454"
"2019-06-05 00:46","Request.java","72747","243570","316317"
"2019-05-10 12:22","Request.java","72747","242217","314964"
"2020-03-25 03:38","Request.java","73200","270948","344148"
"2010-01-25 04:28","Request.java","13141","98999","112140"
"2019-09-20 10:06","Request.java","72747","260573","333320"
"2019-09-16 23:26","Request.java","72747","260729","333476"
"2019-12-27 22:33","Request.java","73200","266841","340041"
"2009-12-11 21:24","Request.java","12668","95032","107700"
"2009-10-31 00:09","Request.java","12275","86217","98492"
"2019-11-11 13:59","Request.java","72747","265120","337867"
"2011-10-20 20:02","Request.java","16664","123704","140368"
"2012-12-19 19:16","Request.java","17711","136917","154628"
"2014-04-29 02:23","Request.java","19441","155201","174642"
"2013-10-09 22:21","Request.java","18075","147032","165107"
"2020-05-05 21:20","Request.java","73200","271979","345179"
"2019-09-05 23:12","PrepRequestProcessorTest.java","28198","41267","69465"
"2019-08-17 17:13","PrepRequestProcessorTest.java","26898","39048","65946"
"2019-09-11 10:27","PrepRequestProcessorTest.java","28283","41789","70072"
"2019-12-27 22:33","PrepRequestProcessorTest.java","35268","56096","91364"
"2019-11-08 17:30","ZooKeeper.java","32303","60214","92517"
"2019-02-07 11:26","ZooKeeper.java","25","654","679"
"2019-08-17 17:13","ZooKeeper.java","30086","52383","82469"
"2019-06-26 10:57","ZooKeeper.java","5183","15330","20513"
"2019-06-03 19:40","ZooKeeper.java","1784","9412","11196"
"2019-08-03 08:42","ZooKeeper.java","8502","31507","40009"
"2020-04-16 12:50","ZooKeeper.java","39858","75729","115587"
"2019-10-10 14:37","ZooKeeper.java","32149","58199","90348"
"2019-02-11 12:34","ZooKeeper.java","195","1187","1382"
"2020-05-17 15:13","ZooKeeper.java","43095","79337","122432"
"2019-03-12 19:08","ZooKeeper.java","524","2944","3468"
"2020-04-30 18:53","ZooKeeperServerBean.java","2361","3261","5622"
"2019-04-12 19:01","ZooKeeperServer.java","9724","23441","33165"
"2019-07-31 19:06","ZooKeeperServer.java","16290","47507","63797"
"2019-09-11 10:27","ZooKeeperServer.java","37926","71192","109118"
"2019-01-14 19:38","ZooKeeperServer.java","8632","15834","24466"
"2019-01-07 15:34","ZooKeeperServer.java","8574","15377","23951"
"2019-02-13 13:12","ZooKeeperServer.java","9135","19991","29126"
"2019-03-04 08:07","ZooKeeperServer.java","9146","20579","29725"
"2019-07-08 23:26","ZooKeeperServer.java","13660","34346","48006"
"2019-01-23 14:00","ZooKeeperServer.java","8707","17344","26051"
"2019-02-13 13:19","ZooKeeperServer.java","9140","20282","29422"
"2019-05-14 17:11","ZooKeeperServer.java","10028","26605","36633"
"2019-06-04 10:55","ZooKeeperServer.java","10467","27861","38328"
"2019-04-09 15:35","ZooKeeperServer.java","9417","22184","31601"
"2019-08-03 08:42","ZooKeeperServer.java","16587","49205","65792"
"2019-05-15 11:56","ZooKeeperServer.java","10087","26751","36838"
"2019-05-22 11:39","ZooKeeperServer.java","10155","27265","37420"
"2019-04-22 19:15","ZooKeeperServer.java","9746","24438","34184"
"2019-09-10 04:26","ZooKeeperServer.java","37884","70839","108723"
"2019-08-17 17:13","ZooKeeperServer.java","36692","68602","105294"
"2019-09-05 23:12","ZooKeeperServer.java","37850","70679","108529"
"2019-09-10 15:21","ZooKeeperServer.java","37894","70847","108741"
"2019-08-01 07:31","ZooKeeperServer.java","16365","48946","65311"
"2019-08-01 07:28","ZooKeeperServer.java","16296","48387","64683"
"2019-06-03 19:40","ZooKeeperServer.java","10351","27592","37943"
"2019-11-23 17:08","ZooKeeperServer.java","43772","80383","124155"
"2019-10-09 16:49","ZooKeeperServer.java","38241","73737","111978"
"2019-07-03 00:44","ZooKeeperServer.java","13596","33519","47115"
"2019-07-24 18:00","ZooKeeperServer.java","14969","43334","58303"
"2019-12-27 22:33","ZooKeeperServer.java","44163","84751","128914"
"2019-11-18 09:05","ZooKeeperServer.java","43589","78643","122232"
"2019-10-10 14:37","ZooKeeperServer.java","38665","74328","112993"
"2019-09-16 23:26","ZooKeeperServer.java","37926","72855","110781"
"2019-12-03 10:01","ZooKeeperServer.java","44057","82570","126627"
"2020-03-25 03:38","ZooKeeperServer.java","45530","90225","135755"
"2019-11-28 12:24","ZooKeeperServer.java","43822","80638","124460"
"2019-11-06 15:21","ZooKeeperServer.java","38733","74612","113345"
"2020-04-12 11:14","ZooKeeperServer.java","46073","91521","137594"
"2019-04-18 19:17","ZooKeeperServer.java","9746","24173","33919"
"2019-08-17 17:13","SASLAuthenticationProvider.java","194027","256369","450396"
"2019-08-17 17:13","ServerMXBean.java","90102","257706","347808"
"2019-08-17 17:13","JKSFileLoader.java","25828","29979","55807"
"2018-11-17 18:37","Command.java","210148","224115","434263"
"2019-05-15 11:56","Command.java","210243","240889","451132"
"2019-06-03 19:40","Command.java","210259","241482","451741"
"2019-08-17 17:13","Command.java","210259","256151","466410"
"2015-12-06 21:37","ZooKeeperServerBean.java","37288","103617","140905"
"2015-12-07 06:26","ZooKeeperServerBean.java","37289","103944","141233"
"2020-03-25 03:38","ZooKeeperServerBean.java","168765","270847","439612"
"2019-11-14 03:54","ZooKeeperServerBean.java","167718","265024","432742"
"2019-09-16 23:26","ZooKeeperServerBean.java","167718","260034","427752"
"2018-06-08 16:52","ZooKeeperServerBean.java","42233","120505","162738"
"2020-04-30 18:53","ZooKeeperServerBean.java","168765","271747","440512"
"2019-01-23 14:00","ZooKeeperServerBean.java","167661","233685","401346"
"2019-07-08 23:26","ZooKeeperServerBean.java","167718","245791","413509"
"2015-07-10 08:19","ZooKeeperServerBean.java","37162","102091","139253"
"2017-04-28 07:14","ZooKeeperServerBean.java","40966","112210","153176"
"2019-01-14 19:38","ZooKeeperServerBean.java","167660","232249","399909"
"2012-02-11 00:34","ZooKeeperServerBean.java","25319","48532","73851"
"2019-01-07 14:39","ZooKeeperServerBean.java","167660","231796","399456"
"2015-03-17 18:06","ZooKeeperServerBean.java","36895","98810","135705"
"2019-08-17 17:13","ZooKeeperServerBean.java","167718","257015","424733"
"2018-02-07 01:05","ZooKeeperServerBean.java","42111","117785","159896"
"2018-07-12 01:33","ZooKeeperServerBean.java","49806","128547","178353"
"2019-05-22 11:39","ZooKeeperServerBean.java","167719","242216","409935"
"2019-07-30 02:31","ZooKeeperServerBean.java","167718","254936","422654"
"2019-11-29 14:49","ReconfigFailureCasesTest.java","225977","263406","489383"
"2019-08-17 17:13","ReconfigFailureCasesTest.java","224314","255186","479500"
"2019-08-17 17:13","NettyNettySuiteTest.java","214757","256104","470861"
"2020-03-12 14:47","CnxManagerTest.java","12025","23968","35993"
"2019-11-29 14:49","CnxManagerTest.java","9773","16330","26103"
"2020-02-16 10:25","CnxManagerTest.java","11925","22565","34490"
"2019-10-10 14:37","CnxManagerTest.java","3717","7470","11187"
"2019-09-10 15:21","NodeHashMapImplTest.java","1694","2737","4431"
"2019-12-27 22:33","JMXEnv.java","6378","11303","17681"
"2019-10-10 14:37","FourLetterWordsQuorumTest.java","3717","7470","11187"
"2019-08-17 17:13","LocalPeerBeanTest.java","29685","44894","74579"
"2019-08-17 17:13","PrepRequestProcessorMetricsTest.java","29684","45177","74861"
"2019-08-01 07:31","PrepRequestProcessorMetricsTest.java","7006","23170","30176"
"2019-05-20 17:18","PrepRequestProcessorMetricsTest.java","181","465","646"
"2019-12-27 22:33","PrepRequestProcessorMetricsTest.java","37975","62146","100121"
"2019-08-17 17:13","WatchesPathReportTest.java","210259","256151","466410"
"2015-07-07 07:11","WatchesPathReportTest.java","3799","12639","16438"
"2018-09-28 23:38","WatchesPathReportTest.java","113030","143477","256507"
"2015-02-06 06:17","PrepRequestProcessor.java","15051","52710","67761"
"2013-03-07 07:01","PrepRequestProcessor.java","5967","20124","26091"
"2019-02-07 11:26","PrepRequestProcessor.java","177773","234905","412678"
"2019-09-11 10:27","PrepRequestProcessor.java","177849","258005","435854"
"2018-07-19 05:59","PrepRequestProcessor.java","43997","100192","144189"
"2017-09-11 18:55","PrepRequestProcessor.java","24960","72888","97848"
"2019-01-16 14:21","PrepRequestProcessor.java","177772","232552","410324"
"2017-06-01 05:45","PrepRequestProcessor.java","24068","71532","95600"
"2012-04-14 02:32","PrepRequestProcessor.java","2276","3840","6116"
"2019-11-08 17:30","PrepRequestProcessor.java","177877","262291","440168"
"2016-11-13 20:59","PrepRequestProcessor.java","20450","68969","89419"
"2019-04-09 15:35","PrepRequestProcessor.java","177791","237448","415239"
"2019-04-17 14:16","PrepRequestProcessor.java","177849","238721","416570"
"2014-10-28 05:35","PrepRequestProcessor.java","14869","50589","65458"
"2019-05-10 12:22","PrepRequestProcessor.java","177849","241156","419005"
"2017-06-26 00:16","PrepRequestProcessor.java","24289","72031","96320"
"2019-02-07 11:22","PrepRequestProcessor.java","177773","234567","412340"
"2016-11-16 06:21","PrepRequestProcessor.java","20479","69545","90024"
"2019-08-01 07:31","PrepRequestProcessor.java","177849","257320","435169"
"2019-06-26 10:57","PrepRequestProcessor.java","177849","244499","422348"
"2014-01-24 07:18","PrepRequestProcessor.java","7143","30033","37176"
"2015-05-29 19:45","PrepRequestProcessor.java","15424","55874","71298"
"2016-10-07 21:51","PrepRequestProcessor.java","20426","66692","87118"
"2015-06-04 19:51","PrepRequestProcessor.java","15544","56759","72303"
"2019-08-17 17:13","PrepRequestProcessor.java","177849","256649","434498"
"2018-08-08 06:21","PrepRequestProcessor.java","86260","143935","230195"
"2018-05-09 23:57","PrepRequestProcessor.java","25835","80324","106159"
"2015-06-11 20:09","PrepRequestProcessor.java","15558","56899","72457"
"2019-12-27 22:33","PrepRequestProcessor.java","179158","266636","445794"
"2014-04-01 01:47","PrepRequestProcessor.java","7621","31774","39395"
"2019-10-10 14:37","PrepRequestProcessor.java","177849","260402","438251"
"2020-03-25 03:38","PrepRequestProcessor.java","179158","270743","449901"
"2014-07-25 01:31","PrepRequestProcessor.java","14715","48359","63074"
"2013-10-09 22:21","PrepRequestProcessor.java","6897","26249","33146"
"2014-04-29 02:23","PrepRequestProcessor.java","13651","39806","53457"
"2015-03-08 23:07","PrepRequestProcessor.java","15109","52942","68051"
"2014-07-22 06:51","PrepRequestProcessor.java","14657","48112","62769"
"2012-03-15 17:47","PrepRequestProcessor.java","124","1337","1461"
"2018-06-15 07:41","PrepRequestProcessor.java","25929","81170","107099"
"2012-12-19 19:16","PrepRequestProcessor.java","4693","14294","18987"
"2019-11-08 17:30","FinalRequestProcessor.java","72747","263324","336071"
"2019-07-08 23:26","FinalRequestProcessor.java","72747","246486","319233"
"2019-01-16 23:23","FinalRequestProcessor.java","72719","233662","306381"
"2018-09-18 01:00","FinalRequestProcessor.java","49118","219504","268622"
"2019-04-12 19:01","FinalRequestProcessor.java","72747","239517","312264"
"2019-02-07 11:26","FinalRequestProcessor.java","72719","236014","308733"
"2019-01-14 19:38","FinalRequestProcessor.java","72719","232974","305693"
"2013-03-07 07:01","FinalRequestProcessor.java","17970","141732","159702"
"2019-01-09 17:22","FinalRequestProcessor.java","72719","235654","308373"
"2011-07-01 00:53","FinalRequestProcessor.java","15409","126490","141899"
"2015-06-04 19:51","FinalRequestProcessor.java","19731","170551","190282"
"2009-06-26 22:29","FinalRequestProcessor.java","10876","79895","90771"
"2019-09-10 04:26","FinalRequestProcessor.java","72747","258755","331502"
"2019-08-17 17:13","FinalRequestProcessor.java","72747","257710","330457"
"2016-10-07 21:51","FinalRequestProcessor.java","20020","175891","195911"
"2014-01-24 07:18","FinalRequestProcessor.java","18088","150583","168671"
"2019-06-26 10:57","FinalRequestProcessor.java","72747","245560","318307"
"2019-08-01 07:28","FinalRequestProcessor.java","72747","257891","330638"
"2019-07-03 00:44","FinalRequestProcessor.java","72747","245723","318470"
"2016-03-23 00:30","FinalRequestProcessor.java","19812","172176","191988"
"2019-08-06 17:11","FinalRequestProcessor.java","72747","258811","331558"
"2015-03-17 18:06","FinalRequestProcessor.java","19686","168172","187858"
"2018-07-10 12:46","FinalRequestProcessor.java","23939","189095","213034"
"2009-01-16 00:48","FinalRequestProcessor.java","8383","25761","34144"
"2008-12-22 23:23","FinalRequestProcessor.java","4828","23089","27917"
"2010-01-25 04:28","FinalRequestProcessor.java","13141","98999","112140"
"2020-03-25 03:38","FinalRequestProcessor.java","73200","270948","344148"
"2019-09-16 23:26","FinalRequestProcessor.java","72747","260729","333476"
"2019-10-10 14:37","FinalRequestProcessor.java","72747","261463","334210"
"2009-11-07 01:48","FinalRequestProcessor.java","12449","86796","99245"
"2009-10-31 00:09","FinalRequestProcessor.java","12275","86217","98492"
"2010-01-26 01:17","FinalRequestProcessor.java","13173","99440","112613"
"2009-11-12 20:53","FinalRequestProcessor.java","12510","87444","99954"
"2019-11-21 05:58","FinalRequestProcessor.java","73200","261330","334530"
"2019-11-18 09:05","FinalRequestProcessor.java","73200","261307","334507"
"2012-12-19 19:16","FinalRequestProcessor.java","17711","136917","154628"
"2011-10-20 20:02","FinalRequestProcessor.java","16664","123704","140368"
"2011-04-12 09:14","FinalRequestProcessor.java","14907","121343","136250"
"2011-10-28 18:59","FinalRequestProcessor.java","16718","124009","140727"
"2019-11-11 13:59","FinalRequestProcessor.java","72747","265120","337867"
"2008-10-22 01:49","FinalRequestProcessor.java","3150","14889","18039"
"2020-03-26 22:12","FinalRequestProcessor.java","73200","270950","344150"
"2014-04-17 08:47","FinalRequestProcessor.java","19438","154492","173930"
"2014-04-29 02:23","FinalRequestProcessor.java","19441","155201","174642"
"2010-03-19 07:46","FinalRequestProcessor.java","13336","109341","122677"
"2010-08-18 08:24","FinalRequestProcessor.java","14186","129577","143763"
"2013-10-09 22:21","FinalRequestProcessor.java","18075","147032","165107"
"2011-09-14 08:56","FinalRequestProcessor.java","14000","125189","139189"
"2019-11-08 17:30","FinalRequestProcessor.java","58134","263456","321590"
"2008-10-03 15:06","FinalRequestProcessor.java","2341","17086","19427"
"2019-07-08 23:26","FinalRequestProcessor.java","58134","246618","304752"
"2019-01-16 23:23","FinalRequestProcessor.java","58118","233806","291924"
"2018-09-18 01:00","FinalRequestProcessor.java","44689","226629","271318"
"2019-04-12 19:01","FinalRequestProcessor.java","58134","239649","297783"
"2019-02-07 11:26","FinalRequestProcessor.java","58118","236158","294276"
"2019-01-14 19:38","FinalRequestProcessor.java","58118","233118","291236"
"2013-03-07 07:01","FinalRequestProcessor.java","16944","152260","169204"
"2019-01-09 17:22","FinalRequestProcessor.java","58118","235798","293916"
"2011-07-01 00:53","FinalRequestProcessor.java","13144","138970","152114"
"2015-06-04 19:51","FinalRequestProcessor.java","18596","180970","199566"
"2009-06-26 22:29","FinalRequestProcessor.java","9234","92998","102232"
"2019-09-10 04:26","FinalRequestProcessor.java","58134","258887","317021"
"2019-08-17 17:13","FinalRequestProcessor.java","58134","257842","315976"
"2016-10-07 21:51","FinalRequestProcessor.java","18740","186165","204905"
"2014-01-24 07:18","FinalRequestProcessor.java","17027","161076","178103"
"2019-06-26 10:57","FinalRequestProcessor.java","58134","245692","303826"
"2019-08-01 07:28","FinalRequestProcessor.java","58134","258023","316157"
"2019-07-03 00:44","FinalRequestProcessor.java","58134","245855","303989"
"2016-03-23 00:30","FinalRequestProcessor.java","18656","182574","201230"
"2019-08-06 17:11","FinalRequestProcessor.java","58134","258943","317077"
"2015-03-17 18:06","FinalRequestProcessor.java","18562","178602","197164"
"2018-07-10 12:46","FinalRequestProcessor.java","19859","196569","216428"
"2009-01-16 00:48","FinalRequestProcessor.java","7218","39341","46559"
"2008-12-22 23:23","FinalRequestProcessor.java","3816","36822","40638"
"2010-01-25 04:28","FinalRequestProcessor.java","11248","111851","123099"
"2020-03-25 03:38","FinalRequestProcessor.java","58455","270948","329403"
"2019-09-16 23:26","FinalRequestProcessor.java","58134","260861","318995"
"2019-10-10 14:37","FinalRequestProcessor.java","58134","261595","319729"
"2009-11-07 01:48","FinalRequestProcessor.java","10669","99761","110430"
"2009-10-31 00:09","FinalRequestProcessor.java","10509","99196","109705"
"2010-01-26 01:17","FinalRequestProcessor.java","11274","112286","123560"
"2009-11-12 20:53","FinalRequestProcessor.java","10718","100397","111115"
"2019-11-21 05:58","FinalRequestProcessor.java","58455","261330","319785"
"2019-11-18 09:05","FinalRequestProcessor.java","58455","261307","319762"
"2012-12-19 19:16","FinalRequestProcessor.java","16714","147474","164188"
"2011-10-20 20:02","FinalRequestProcessor.java","15841","134435","150276"
"2011-04-12 09:14","FinalRequestProcessor.java","12766","133947","146713"
"2011-10-28 18:59","FinalRequestProcessor.java","15863","134708","150571"
"2019-11-11 13:59","FinalRequestProcessor.java","58134","265252","323386"
"2008-10-22 01:49","FinalRequestProcessor.java","2474","28958","31432"
"2020-03-26 22:12","FinalRequestProcessor.java","58455","270950","329405"
"2014-04-17 08:47","FinalRequestProcessor.java","18357","164965","183322"
"2014-04-29 02:23","FinalRequestProcessor.java","18361","165675","184036"
"2010-03-19 07:46","FinalRequestProcessor.java","11497","122247","133744"
"2010-08-18 08:24","FinalRequestProcessor.java","12178","142314","154492"
"2013-10-09 22:21","FinalRequestProcessor.java","17028","157539","174567"
"2011-09-14 08:56","FinalRequestProcessor.java","13212","135955","149167"
"2019-06-03 19:40","MetricsProvider.java","780","4304","5084"
"2019-08-17 17:13","MetricsProvider.java","29620","47813","77433"
"2019-07-31 19:06","FileSnap.java","7409","25448","32857"
"2020-01-30 09:43","FileSnap.java","39141","68347","107488"
"2019-05-27 10:54","FileSnap.java","790","4842","5632"
"2019-08-17 17:13","FileSnap.java","29730","48462","78192"
"2019-12-03 19:12","FileSnap.java","37580","62927","100507"
"2019-12-27 22:33","FileSnap.java","37720","65130","102850"
"2019-10-10 14:37","FileSnap.java","31829","54314","86143"
"2020-01-28 17:26","FileSnap.java","39117","68247","107364"
"2019-08-17 17:13","DigestWatcher.java","24762","25455","50217"
"2019-08-17 17:13","BitMap.java","158773","174218","332991"
"2019-01-07 14:24","BitMap.java","156474","146749","303223"
"2019-08-17 17:13","RuokCommand.java","218737","255967","474704"
"2014-03-23 04:12","ReadOnlyRequestProcessor.java","1282","8744","10026"
"2015-03-08 23:07","ReadOnlyRequestProcessor.java","11220","32988","44208"
"2016-10-07 21:51","ReadOnlyRequestProcessor.java","17579","47780","65359"
"2019-08-17 17:13","ReadOnlyRequestProcessor.java","193634","256369","450003"
"2015-06-04 19:51","ReadOnlyRequestProcessor.java","11855","37005","48860"
"2019-06-20 20:25","JRecord.java","223798","242552","466350"
"2019-07-29 17:15","JRecord.java","223799","252834","476633"
"2017-09-11 18:55","JRecord.java","288","851","1139"
"2020-04-07 17:00","JRecord.java","225500","270323","495823"
"2019-08-17 17:13","DataNode.java","217682","255978","473660"
"2016-10-07 21:51","DataNode.java","6572","12334","18906"
"2019-01-07 14:24","DataNode.java","217570","230696","448266"
"2017-02-05 07:22","DataNode.java","7835","17857","25692"
"2019-07-31 19:06","DataNode.java","217682","255285","472967"
"2019-12-27 22:33","DataNode.java","219227","266201","485428"
"2018-12-09 03:16","LeaderZooKeeperServer.java","177365","229229","406594"
"2018-11-21 17:56","LeaderZooKeeperServer.java","177364","224660","402024"
"2019-06-04 10:55","LeaderZooKeeperServer.java","177444","242134","419578"
"2015-06-04 19:51","LeaderZooKeeperServer.java","15879","57500","73379"
"2019-08-17 17:13","LeaderZooKeeperServer.java","177444","256650","434094"
"2019-06-03 19:40","LeaderZooKeeperServer.java","177444","241981","419425"
"2019-11-25 15:37","LeaderZooKeeperServer.java","178752","262766","441518"
"2019-12-27 22:33","LeaderZooKeeperServer.java","178752","266636","445388"
"2013-10-09 22:21","LeaderZooKeeperServer.java","7244","27002","34246"
"2016-08-24 01:36","InvalidSnapshotTest.java","24528","81876","106404"
"2013-12-21 22:05","InvalidSnapshotTest.java","13693","47163","60856"
"2013-10-02 01:45","InvalidSnapshotTest.java","13390","42399","55789"
"2019-10-10 14:37","InvalidSnapshotTest.java","178405","260685","439090"
"2019-08-17 17:13","InvalidSnapshotTest.java","178405","256932","435337"
"2012-03-18 21:06","InvalidSnapshotTest.java","10443","24184","34627"
"2012-02-06 09:47","InvalidSnapshotTest.java","8090","20475","28565"
"2019-01-14 19:38","DumbWatcher.java","8653","15870","24523"
"2019-08-17 17:13","DumbWatcher.java","36708","68633","105341"
"2019-11-18 09:05","DumbWatcher.java","43605","78674","122279"
"2019-07-29 17:15","JByte.java","167551","254590","422141"
"2019-01-23 14:00","NettyServerCnxn.java","223834","231843","455677"
"2019-02-18 17:05","NettyServerCnxn.java","223855","234396","458251"
"2019-02-12 15:25","NettyServerCnxn.java","223835","233942","457777"
"2018-09-07 02:34","NettyServerCnxn.java","101675","112693","214368"
"2019-04-12 19:01","NettyServerCnxn.java","223933","237022","460955"
"2018-11-22 17:56","NettyServerCnxn.java","223832","223811","447643"
"2018-10-24 04:03","NettyServerCnxn.java","201923","231503","433426"
"2018-11-17 18:33","NettyServerCnxn.java","223831","223188","447019"
"2019-01-14 19:38","NettyServerCnxn.java","223833","230407","454240"
"2018-09-18 01:00","NettyServerCnxn.java","101815","115078","216893"
"2019-08-17 17:13","NettyServerCnxn.java","223952","255234","479186"
"2019-07-03 00:44","NettyServerCnxn.java","223951","243246","467197"
"2019-11-23 17:08","NettyServerCnxn.java","225593","261576","487169"
"2019-07-23 15:55","NettyServerCnxn.java","223952","251242","475194"
"2019-05-06 18:32","NettyServerCnxn.java","223933","239569","463502"
"2019-04-22 19:15","NettyServerCnxn.java","223933","237997","461930"
"2019-08-03 08:42","NettyServerCnxn.java","223952","255942","479894"
"2019-11-18 09:05","NettyServerCnxn.java","225593","260019","485612"
"2019-11-21 05:58","NettyServerCnxn.java","225593","260042","485635"
"2019-09-16 23:26","NettyServerCnxn.java","223952","258253","482205"
"2019-10-10 14:37","NettyServerCnxn.java","223952","258987","482939"
"2018-09-28 23:38","NettyServerCnxn.java","102497","118334","220831"
"2020-01-30 09:43","PurgeTxnLog.java","227169","267356","494525"
"2017-07-28 00:36","PurgeTxnLog.java","7078","5356","12434"
"2019-08-17 17:13","PurgeTxnLog.java","225563","255276","480839"
"2019-10-10 14:37","PurgeTxnLog.java","225563","259029","484592"
"2019-11-28 12:24","PurgeTxnLog.java","227167","261786","488953"
"2017-01-23 02:13","PurgeTxnLog.java","579","1961","2540"
"2019-07-29 17:15","JFile.java","167551","254590","422141"
"2017-09-11 18:55","JFile.java","38480","109609","148089"
"2016-05-02 18:15","WatcherTest.java","33918","125230","159148"
"2019-08-17 17:13","WatcherTest.java","142084","257500","399584"
"2013-02-19 08:55","WatcherTest.java","29215","87176","116391"
"2017-02-16 01:16","WatcherTest.java","35418","130556","165974"
"2011-04-12 09:14","WatcherTest.java","22852","59741","82593"
"2010-07-05 20:20","WatcherTest.java","17022","54246","71268"
"2011-09-17 02:13","WatcherTest.java","24451","71315","95766"
"2009-09-16 02:09","WatcherTest.java","1372","3787","5159"
"2019-09-18 11:20","WatcherTest.java","142084","260412","402496"
"2019-08-17 17:13","SnapShot.java","29722","44402","74124"
"2019-12-28 16:17","CloseSessionTxnTest.java","8572","15801","24373"
"2019-06-26 10:57","ZooDefs.java","218392","243827","462219"
"2019-08-17 17:13","ZooDefs.java","218393","255978","474371"
"2016-10-07 21:51","ZooDefs.java","6482","11533","18015"
"2017-07-28 00:36","ZooDefs.java","13692","19842","33534"
"2019-01-16 14:21","ZooDefs.java","218282","231847","450129"
"2019-01-07 14:24","ZooDefs.java","218281","230696","448977"
"2019-11-08 17:30","ZooDefs.java","218423","261622","480045"
"2019-07-31 19:06","ZooDefs.java","218393","255285","473678"
"2019-02-07 11:26","ZooDefs.java","218283","234200","452483"
"2019-12-28 16:17","ClientTest.java","6611","11443","18054"
"2019-10-10 14:37","LearnerMaster.java","3717","7470","11187"
"2020-03-22 14:47","ZKUtil.java","38925","75423","114348"
"2019-11-11 13:59","ZKUtil.java","32109","63997","96106"
"2019-04-09 15:35","ZKUtil.java","999","6334","7333"
"2019-08-03 08:42","ZKUtil.java","8715","33901","42616"
"2019-06-06 00:01","ZKUtil.java","2229","12844","15073"
"2019-08-17 17:13","ZKUtil.java","29928","54406","84334"
"2019-10-10 14:37","Observer.java","205553","259907","465460"
"2015-06-05 21:25","Observer.java","3825","16878","20703"
"2019-12-27 22:33","Observer.java","206992","266271","473263"
"2017-11-28 00:10","Observer.java","16804","40390","57194"
"2019-07-15 14:15","Observer.java","205553","251573","457126"
"2019-08-23 19:43","Observer.java","205553","256820","462373"
"2019-08-17 17:13","Observer.java","205553","256154","461707"
"2019-05-03 00:44","Observer.java","205537","240135","445672"
"2019-06-05 00:33","Observer.java","205553","241875","447428"
"2019-07-02 07:34","Observer.java","205553","244097","449650"
"2018-12-09 03:16","Observer.java","205443","228702","434145"
"2019-08-17 17:13","Leader.java","26858","38871","65729"
"2019-07-15 14:15","Leader.java","1176","8608","9784"
"2019-07-25 21:41","Leader.java","2106","10602","12708"
"2019-08-03 08:42","Leader.java","3430","16151","19581"
"2019-11-29 14:49","Leader.java","35078","53648","88726"
"2020-03-25 03:38","Leader.java","36900","61698","98598"
"2019-12-27 22:33","Leader.java","35228","55919","91147"
"2019-10-10 14:37","Leader.java","29293","45059","74352"
"2015-03-08 23:07","LearnerSessionTracker.java","10804","29285","40089"
"2019-10-10 14:37","LearnerSessionTracker.java","196919","260120","457039"
"2019-09-20 10:02","LearnerSessionTracker.java","196919","259287","456206"
"2019-08-17 17:13","LearnerSessionTracker.java","196919","256367","453286"
"2018-08-08 06:21","LearnerSessionTracker.java","85317","123640","208957"
"2014-07-18 02:19","LearnerSessionTracker.java","9599","23155","32754"
"2019-05-10 12:22","PrepRequestProcessorMetricsTest.java","387","2822","3209"
"2019-08-17 17:13","PrepRequestProcessorMetricsTest.java","29670","47598","77268"
"2019-08-01 07:31","PrepRequestProcessorMetricsTest.java","7314","25913","33227"
"2019-05-20 17:18","PrepRequestProcessorMetricsTest.java","555","3274","3829"
"2019-12-27 22:33","PrepRequestProcessorMetricsTest.java","37691","64297","101988"
"2019-08-17 17:13","BufferStats.java","231754","254847","486601"
"2019-11-08 17:30","ZooDefs.java","3908","9522","13430"
"2019-10-10 14:37","LoadFromLogTest.java","222522","259587","482109"
"2019-08-17 17:13","LoadFromLogTest.java","222522","255834","478356"
"2019-06-07 14:13","LoadFromLogTest.java","222521","241937","464458"
"2017-12-06 23:14","LoadFromLogTest.java","8887","15115","24002"
"2010-05-15 01:32","WriteLockTest.java","13372","69688","83060"
"2019-08-27 09:23","WriteLockTest.java","112979","258151","371130"
"2019-02-06 09:46","ZooKeeper.java","311","2034","2345"
"2019-11-08 17:30","ZooKeeper.java","32180","61814","93994"
"2019-02-07 11:26","ZooKeeper.java","336","2688","3024"
"2019-08-17 17:13","ZooKeeper.java","30023","54043","84066"
"2019-06-26 10:57","ZooKeeper.java","5409","17279","22688"
"2019-06-03 19:40","ZooKeeper.java","2014","11365","13379"
"2019-08-03 08:42","ZooKeeper.java","8716","33444","42160"
"2020-04-16 12:50","ZooKeeper.java","39716","77310","117026"
"2019-10-10 14:37","ZooKeeper.java","32028","59801","91829"
"2019-02-11 12:34","ZooKeeper.java","476","3191","3667"
"2020-05-17 15:13","ZooKeeper.java","42955","80920","123875"
"2019-03-12 19:08","ZooKeeper.java","804","4947","5751"
"2019-08-17 17:13","ReconfigCommand.java","30087","52428","82515"
"2015-01-31 08:05","ClientCnxn.java","11026","32332","43358"
"2016-05-02 18:15","ClientCnxn.java","16477","43819","60296"
"2014-01-24 07:18","ClientCnxn.java","908","7640","8548"
"2019-08-17 17:13","ClientCnxn.java","193727","256369","450096"
"2015-05-10 00:27","ClientCnxn.java","11404","35249","46653"
"2017-12-19 19:27","ClientCnxn.java","24112","59783","83895"
"2019-01-31 15:50","ClientCnxn.java","193629","233938","427567"
"2019-04-09 15:35","ClientCnxn.java","193648","237147","430795"
"2014-12-20 15:29","ClientCnxn.java","11018","32313","43331"
"2019-11-08 17:30","ClientCnxn.java","193755","262011","455766"
"2017-06-08 17:59","ClientCnxn.java","22019","53400","75419"
"2019-01-16 14:21","ClientCnxn.java","193629","232251","425880"
"2019-01-07 14:24","ClientCnxn.java","193628","231100","424728"
"2019-03-06 03:32","ClientCnxn.java","193647","236074","429721"
"2015-02-06 06:17","ClientCnxn.java","11132","32633","43765"
"2019-02-07 11:26","ClientCnxn.java","193630","234604","428234"
"2018-11-05 19:40","ClientCnxn.java","174267","235395","409662"
"2020-05-17 15:13","ClientCnxn.java","195081","271668","466749"
"2018-06-25 12:30","ClientCnxn.java","24501","63698","88199"
"2020-03-03 03:12","ClientCnxn.java","195073","269450","464523"
"2018-09-10 11:44","ClientCnxn.java","111736","154118","265854"
"2015-06-13 02:42","ClientCnxn.java","11853","37160","49013"
"2014-03-23 04:12","ClientCnxn.java","1265","8634","9899"
"2015-11-09 00:05","ClientCnxn.java","13177","39976","53153"
"2015-12-06 19:58","ClientCnxn.java","13296","40400","53696"
"2020-01-21 17:53","ClientCnxn.java","195073","265711","460784"
"2015-12-05 22:43","ClientCnxn.java","13296","40397","53693"
"2015-12-05 22:32","ClientCnxn.java","13295","40391","53686"
"2019-10-10 14:37","ClientCnxn.java","193727","260122","453849"
"2014-04-01 04:03","ClientCnxn.java","1506","9718","11224"
"2019-11-21 05:58","ClientCnxn.java","195073","260882","455955"
"2020-04-16 12:50","ClientCnxn.java","195073","271289","466362"
"2018-07-27 05:16","ClientCnxn.java","42818","83167","125985"
"2012-08-28 21:51","ZooKeeperSaslServer.java","10895","16052","26947"
"2019-08-17 17:13","ZooKeeperSaslServer.java","177112","256904","434016"
"2017-11-28 00:10","ZooKeeperSaslServer.java","30580","83357","113937"
"2013-10-05 00:57","ZooKeeperSaslServer.java","14113","31797","45910"
"2020-01-09 22:51","LsCommand.java","11198","19300","30498"
"2019-12-28 16:17","LsCommand.java","10230","18815","29045"
"2015-02-06 06:17","PrepRequestProcessor.java","12040","35542","47582"
"2019-02-07 11:26","PrepRequestProcessor.java","191666","234641","426307"
"2019-09-11 10:27","PrepRequestProcessor.java","191763","257762","449525"
"2018-07-19 05:59","PrepRequestProcessor.java","43419","85457","128876"
"2017-09-11 18:55","PrepRequestProcessor.java","24095","57866","81961"
"2019-01-16 14:21","PrepRequestProcessor.java","191665","232288","423953"
"2017-06-01 05:45","PrepRequestProcessor.java","22628","55935","78563"
"2019-11-08 17:30","PrepRequestProcessor.java","191791","262048","453839"
"2016-11-13 20:59","PrepRequestProcessor.java","18536","52898","71434"
"2019-04-09 15:35","PrepRequestProcessor.java","191684","237184","428868"
"2019-04-17 14:16","PrepRequestProcessor.java","191747","238462","430209"
"2014-10-28 05:35","PrepRequestProcessor.java","11746","33309","45055"
"2019-05-10 12:22","PrepRequestProcessor.java","191747","240897","432644"
"2017-06-26 00:16","PrepRequestProcessor.java","22855","56440","79295"
"2019-02-07 11:22","PrepRequestProcessor.java","191666","234303","425969"
"2016-11-16 06:21","PrepRequestProcessor.java","18571","53480","72051"
"2019-08-01 07:31","PrepRequestProcessor.java","191763","257077","448840"
"2019-06-26 10:57","PrepRequestProcessor.java","191763","244256","436019"
"2014-01-24 07:18","PrepRequestProcessor.java","1907","10640","12547"
"2015-05-29 19:45","PrepRequestProcessor.java","12589","38882","51471"
"2016-10-07 21:51","PrepRequestProcessor.java","18401","50510","68911"
"2015-06-04 19:51","PrepRequestProcessor.java","12726","39784","52510"
"2019-08-17 17:13","PrepRequestProcessor.java","191763","256406","448169"
"2018-08-08 06:21","PrepRequestProcessor.java","85882","129400","215282"
"2018-05-09 23:57","PrepRequestProcessor.java","25017","65349","90366"
"2015-06-11 20:09","PrepRequestProcessor.java","12740","39924","52664"
"2019-12-27 22:33","PrepRequestProcessor.java","193109","266430","459539"
"2014-04-01 01:47","PrepRequestProcessor.java","2455","12451","14906"
"2019-10-10 14:37","PrepRequestProcessor.java","191763","260159","451922"
"2020-03-25 03:38","PrepRequestProcessor.java","193109","270537","463646"
"2014-07-25 01:31","PrepRequestProcessor.java","11284","30771","42055"
"2013-10-09 22:21","PrepRequestProcessor.java","1523","6718","8241"
"2014-04-29 02:23","PrepRequestProcessor.java","9389","21387","30776"
"2015-03-08 23:07","PrepRequestProcessor.java","12104","35780","47884"
"2014-07-22 06:51","PrepRequestProcessor.java","11208","30506","41714"
"2018-06-15 07:41","PrepRequestProcessor.java","25133","66217","91350"
"2020-03-12 14:47","QuorumCnxManager.java","4138","9524","13662"
"2020-01-23 13:43","QuorumCnxManager.java","2244","5614","7858"
"2020-03-23 16:20","QuorumCnxManager.java","4240","9797","14037"
"2020-02-16 10:25","QuorumCnxManager.java","4029","8112","12141"
"2019-10-10 14:37","ZKDatabase.java","200632","260045","460677"
"2019-12-27 22:33","ZKDatabase.java","202049","266387","468436"
"2018-04-06 06:04","ZKDatabase.java","24222","54074","78296"
"2014-04-29 02:23","ZKDatabase.java","7635","10650","18285"
"2014-04-17 08:47","ZKDatabase.java","7577","9886","17463"
"2018-09-28 23:38","ZKDatabase.java","112433","152648","265081"
"2019-11-08 17:30","ZKDatabase.java","200660","261934","462594"
"2019-05-14 17:11","ZKDatabase.java","200616","240943","441559"
"2018-09-18 01:00","ZKDatabase.java","112263","149904","262167"
"2019-02-07 11:26","ZKDatabase.java","200527","234519","435046"
"2019-04-12 19:01","ZKDatabase.java","200616","238083","438699"
"2018-09-05 22:35","ZKDatabase.java","112175","147562","259737"
"2015-02-06 06:17","ZKDatabase.java","10473","24992","35465"
"2014-07-18 02:19","ZKDatabase.java","9282","19050","28332"
"2018-02-07 01:05","ZKDatabase.java","24184","53684","77868"
"2019-08-17 17:13","ZKDatabase.java","200632","256292","456924"
"2019-09-10 00:27","ZKDatabase.java","200632","257232","457864"
"2016-03-23 00:30","ZKDatabase.java","15939","35558","51497"
"2018-02-23 23:49","ZKDatabase.java","24216","54060","78276"
"2017-08-03 20:28","ZKDatabase.java","23084","47334","70418"
"2017-06-18 19:23","ZKDatabase.java","21980","46454","68434"
"2019-04-09 15:35","ZKDatabase.java","200545","237062","437607"
"2019-11-29 14:49","QuorumCnxManager.java","193109","264309","457418"
"2018-07-11 06:04","QuorumCnxManager.java","33156","74537","107693"
"2018-08-06 14:11","QuorumCnxManager.java","43591","86745","130336"
"2018-10-16 16:22","QuorumCnxManager.java","172303","235343","407646"
"2019-06-14 09:06","QuorumCnxManager.java","191763","244404","436167"
"2019-08-03 08:42","QuorumCnxManager.java","191763","257114","448877"
"2019-11-13 20:41","QuorumCnxManager.java","191791","264153","455944"
"2019-04-09 16:08","QuorumCnxManager.java","191684","237183","428867"
"2019-08-06 12:52","QuorumCnxManager.java","191763","257379","449142"
"2017-02-09 11:40","QuorumCnxManager.java","19420","55824","75244"
"2019-05-20 23:13","QuorumCnxManager.java","191747","241262","433009"
"2015-04-09 20:16","QuorumCnxManager.java","12274","38061","50335"
"2017-08-23 02:16","QuorumCnxManager.java","23979","57687","81666"
"2019-07-27 20:04","QuorumCnxManager.java","191763","252937","444700"
"2015-05-29 23:46","QuorumCnxManager.java","12592","38895","51487"
"2015-05-14 07:10","QuorumCnxManager.java","12407","38414","50821"
"2020-03-12 14:47","QuorumCnxManager.java","193109","269695","462804"
"2019-08-17 17:13","QuorumCnxManager.java","191763","256406","448169"
"2017-11-28 00:10","QuorumCnxManager.java","24430","62058","86488"
"2019-10-10 14:37","QuorumCnxManager.java","191763","260159","451922"
"2014-07-23 19:36","QuorumCnxManager.java","11215","30569","41784"
"2017-06-09 18:37","QuorumCnxManager.java","22785","56197","78982"
"2020-01-23 13:43","QuorumCnxManager.java","193109","267679","460788"
"2014-03-23 04:12","QuorumCnxManager.java","2219","11589","13808"
"2014-07-08 05:25","QuorumCnxManager.java","10608","25692","36300"
"2019-11-28 12:24","QuorumCnxManager.java","193109","262658","455767"
"2014-06-25 15:04","QuorumCnxManager.java","9668","23116","32784"
"2016-06-08 17:43","QuorumCnxManager.java","17465","47300","64765"
"2020-03-23 16:20","QuorumCnxManager.java","193109","269866","462975"
"2020-02-16 10:25","QuorumCnxManager.java","193109","268392","461501"
"2014-07-22 06:45","QuorumCnxManager.java","11206","30485","41691"
"2018-07-27 12:32","QuorumCnxManager.java","43470","86012","129482"
"2019-08-17 17:13","FourLetterWordsQuorumTest.java","217153","256083","473236"
"2015-07-10 08:19","FourLetterWordsQuorumTest.java","2480","4505","6985"
"2019-10-10 14:37","FourLetterWordsQuorumTest.java","217153","259836","476989"
"2019-05-15 11:56","Command.java","10100","26779","36879"
"2019-06-03 19:40","Command.java","10362","27618","37980"
"2019-08-17 17:13","Command.java","36701","68626","105327"
"2019-06-07 14:13","TruncateTest.java","217719","242175","459894"
"2019-08-17 17:13","TruncateTest.java","217720","256072","473792"
"2018-05-09 23:57","TruncateTest.java","15341","29382","44723"
"2019-07-12 17:01","TruncateTest.java","217720","251385","469105"
"2017-08-18 06:32","TruncateTest.java","13996","21298","35294"
"2017-09-11 18:55","TruncateTest.java","14161","21641","35802"
"2016-08-24 01:36","TruncateTest.java","6474","10959","17433"
"2017-05-11 16:59","TruncateTest.java","12038","18970","31008"
"2020-01-28 17:26","TruncateTest.java","219178","267928","487106"
"2017-01-07 01:09","TruncateTest.java","7820","17437","25257"
"2018-09-15 00:08","ZooKeeperServer.java","109207","169741","278948"
"2019-04-12 19:01","ZooKeeperServer.java","177444","238457","415901"
"2019-07-31 19:06","ZooKeeperServer.java","177444","255957","433401"
"2019-09-11 10:27","ZooKeeperServer.java","177444","258006","435450"
"2019-01-14 19:38","ZooKeeperServer.java","177366","231864","409230"
"2019-01-07 15:34","ZooKeeperServer.java","177366","231465","408831"
"2018-11-21 17:56","ZooKeeperServer.java","177364","224660","402024"
"2017-04-28 07:14","ZooKeeperServer.java","23439","72055","95494"
"2017-02-12 00:12","ZooKeeperServer.java","23384","71101","94485"
"2014-07-18 02:19","ZooKeeperServer.java","14924","48238","63162"
"2013-12-11 19:22","ZooKeeperServer.java","7356","28508","35864"
"2019-02-13 13:12","ZooKeeperServer.java","177386","235538","412924"
"2012-02-11 00:34","ZooKeeperServer.java","479","1064","1543"
"2016-11-24 17:18","ZooKeeperServer.java","21304","70797","92101"
"2018-07-19 05:59","ZooKeeperServer.java","44217","100818","145035"
"2018-09-18 01:00","ZooKeeperServer.java","109265","170452","279717"
"2019-03-04 08:07","ZooKeeperServer.java","177385","236114","413499"
"2019-07-08 23:26","ZooKeeperServer.java","177444","245426","422870"
"2019-01-23 14:00","ZooKeeperServer.java","177367","233300","410667"
"2019-02-13 13:19","ZooKeeperServer.java","177386","235824","413210"
"2019-05-14 17:11","ZooKeeperServer.java","177444","241317","418761"
"2013-01-25 02:17","ZooKeeperServer.java","5100","15264","20364"
"2015-07-10 08:19","ZooKeeperServer.java","16916","59217","76133"
"2019-06-04 10:55","ZooKeeperServer.java","177444","242134","419578"
"2019-04-09 15:35","ZooKeeperServer.java","177386","237449","414835"
"2019-08-03 08:42","ZooKeeperServer.java","177444","257358","434802"
"2019-05-15 11:56","ZooKeeperServer.java","177444","241404","418848"
"2019-05-22 11:39","ZooKeeperServer.java","177444","241850","419294"
"2019-04-22 19:15","ZooKeeperServer.java","177444","239432","416876"
"2018-02-23 23:49","ZooKeeperServer.java","25932","79322","105254"
"2016-11-16 06:21","ZooKeeperServer.java","20751","70223","90974"
"2012-12-19 19:07","ZooKeeperServer.java","5047","14173","19220"
"2017-08-18 06:32","ZooKeeperServer.java","25084","73240","98324"
"2017-06-26 00:16","ZooKeeperServer.java","24541","72689","97230"
"2019-09-10 04:26","ZooKeeperServer.java","177444","257695","435139"
"2019-08-17 17:13","ZooKeeperServer.java","177444","256650","434094"
"2019-09-05 23:12","ZooKeeperServer.java","177444","257569","435013"
"2019-09-10 15:21","ZooKeeperServer.java","177444","257693","435137"
"2019-08-01 07:31","ZooKeeperServer.java","177444","257321","434765"
"2019-08-01 07:28","ZooKeeperServer.java","177444","256831","434275"
"2019-06-03 19:40","ZooKeeperServer.java","177444","241981","419425"
"2015-03-17 18:06","ZooKeeperServer.java","15544","54831","70375"
"2019-11-23 17:08","ZooKeeperServer.java","178752","262659","441411"
"2019-10-09 16:49","ZooKeeperServer.java","177444","260236","437680"
"2019-07-03 00:44","ZooKeeperServer.java","177444","244663","422107"
"2018-01-19 01:12","ZooKeeperServer.java","25854","78202","104056"
"2019-07-24 18:00","ZooKeeperServer.java","177444","253105","430549"
"2013-05-16 18:49","ZooKeeperServer.java","6391","21105","27496"
"2018-08-08 06:21","ZooKeeperServer.java","86469","144550","231019"
"2018-05-09 23:57","ZooKeeperServer.java","26081","80976","107057"
"2019-12-27 22:33","ZooKeeperServer.java","178752","266636","445388"
"2016-08-13 15:01","ZooKeeperServer.java","20326","65897","86223"
"2018-09-11 00:17","ZooKeeperServer.java","109203","168188","277391"
"2019-11-18 09:05","ZooKeeperServer.java","178752","261102","439854"
"2019-10-10 14:37","ZooKeeperServer.java","177444","260403","437847"
"2019-09-16 23:26","ZooKeeperServer.java","177444","259669","437113"
"2013-10-08 01:35","ZooKeeperServer.java","7014","24532","31546"
"2017-06-23 18:39","ZooKeeperServer.java","24475","72643","97118"
"2019-12-03 10:01","ZooKeeperServer.java","178752","264561","443313"
"2020-03-25 03:38","ZooKeeperServer.java","178752","270743","449495"
"2019-11-28 12:24","ZooKeeperServer.java","178752","262864","441616"
"2019-11-06 15:21","ZooKeeperServer.java","177472","260647","438119"
"2020-04-12 11:14","ZooKeeperServer.java","178752","271496","450248"
"2013-10-09 22:21","ZooKeeperServer.java","7244","27002","34246"
"2015-03-08 23:07","ZooKeeperServer.java","15444","53683","69127"
"2018-06-08 16:52","ZooKeeperServer.java","26171","81815","107986"
"2018-06-15 07:41","ZooKeeperServer.java","26175","81822","107997"
"2018-07-28 04:37","ZooKeeperServer.java","44265","101442","145707"
"2019-04-18 19:17","ZooKeeperServer.java","177444","239167","416611"
"2012-03-15 17:47","ZooKeeperServer.java","572","2191","2763"
"2014-03-25 22:13","ZooKeeperServer.java","7782","31951","39733"
"2017-06-08 17:51","ClientBase.java","23128","66433","89561"
"2017-04-18 01:37","ClientBase.java","22210","66147","88357"
"2018-09-07 02:49","ClientBase.java","108215","162590","270805"
"2019-07-31 19:06","ClientBase.java","181829","255771","437600"
"2015-02-06 06:17","ClientBase.java","13583","47077","60660"
"2017-09-11 18:55","ClientBase.java","24021","67784","91805"
"2019-08-17 17:13","ClientBase.java","181829","256464","438293"
"2015-03-28 20:08","ClientBase.java","13787","49492","63279"
"2019-06-07 14:13","ClientBase.java","181829","242568","424397"
"2018-04-24 00:20","ClientBase.java","24797","74336","99133"
"2018-08-08 06:21","ClientBase.java","85443","138953","224396"
"2018-05-09 23:57","ClientBase.java","24918","75242","100160"
"2019-06-24 11:05","ClientBase.java","181829","243797","425626"
"2012-12-11 08:42","ClientBase.java","969","4302","5271"
"2017-01-13 19:29","ClientBase.java","19990","66093","86083"
"2016-06-23 23:25","ClientBase.java","18430","58627","77057"
"2014-01-03 01:40","ClientBase.java","4683","21713","26396"
"2014-01-25 01:17","ClientBase.java","4766","23602","28368"
"2019-11-14 16:44","ClientBase.java","181857","264519","446376"
"2019-10-10 14:37","ClientBase.java","181829","260217","442046"
"2016-08-24 01:36","ClientBase.java","19099","59867","78966"
"2015-03-08 23:07","ClientBase.java","13645","47313","60958"
"2019-09-11 10:27","PrepRequestProcessor.java","31483","54507","85990"
"2019-11-08 17:30","PrepRequestProcessor.java","32424","59706","92130"
"2019-04-09 15:35","PrepRequestProcessor.java","710","3235","3945"
"2019-04-17 14:16","PrepRequestProcessor.java","1078","4818","5896"
"2019-05-10 12:22","PrepRequestProcessor.java","1412","7587","8999"
"2019-08-01 07:31","PrepRequestProcessor.java","8245","30584","38829"
"2019-06-26 10:57","PrepRequestProcessor.java","5188","14706","19894"
"2019-08-17 17:13","PrepRequestProcessor.java","30201","51869","82070"
"2019-12-27 22:33","PrepRequestProcessor.java","37945","68291","106236"
"2019-10-10 14:37","PrepRequestProcessor.java","32270","57691","89961"
"2020-03-25 03:38","PrepRequestProcessor.java","39387","73840","113227"
"2020-01-28 17:26","TruncateTest.java","11862","22260","34122"
"2016-09-09 00:10","LoadFromLogTest.java","20357","65430","85787"
"2019-10-10 14:37","LoadFromLogTest.java","178243","260381","438624"
"2014-02-10 21:50","LoadFromLogTest.java","7161","29774","36935"
"2019-08-17 17:13","LoadFromLogTest.java","178243","256628","434871"
"2019-06-07 14:13","LoadFromLogTest.java","178243","242732","420975"
"2017-12-06 23:14","LoadFromLogTest.java","25460","76761","102221"
"2013-06-28 23:22","LoadFromLogTest.java","6337","21941","28278"
"2019-10-10 14:37","FastLeaderElection.java","38440","71665","110105"
"2019-09-30 23:22","FastLeaderElection.java","37998","70850","108848"
"2020-04-07 09:07","FastLeaderElection.java","45642","88488","134130"
"2019-01-18 03:42","FastLeaderElection.java","7792","13289","21081"
"2019-08-17 17:13","FastLeaderElection.java","36462","65934","102396"
"2019-08-02 20:08","FastLeaderElection.java","15664","45917","61581"
"2019-08-03 08:42","FastLeaderElection.java","15906","46086","61992"
"2019-01-07 14:55","LeaderMXBean.java","90075","232570","322645"
"2019-07-25 21:41","LeaderMXBean.java","90102","254189","344291"
"2019-08-17 17:13","LeaderMXBean.java","90102","257706","347808"
"2018-02-07 01:05","LeaderMXBean.java","20075","169766","189841"
"2016-12-20 14:47","LeaderMXBean.java","19195","165672","184867"
"2019-08-17 17:13","RaceConditionTest.java","109882","111485","221367"
"2019-08-17 17:13","Quotas.java","102765","257687","360452"
"2018-12-06 10:56","FastLeaderElection.java","206485","226572","433057"
"2014-07-18 20:48","FastLeaderElection.java","592","4718","5310"
"2019-10-10 14:37","FastLeaderElection.java","206595","259907","466502"
"2019-09-30 23:22","FastLeaderElection.java","206595","259534","466129"
"2014-07-20 04:50","FastLeaderElection.java","632","4820","5452"
"2020-04-07 09:07","FastLeaderElection.java","208035","270968","479003"
"2019-01-18 03:42","FastLeaderElection.java","206487","232071","438558"
"2017-09-11 18:55","FastLeaderElection.java","15546","34233","49779"
"2018-08-29 06:26","FastLeaderElection.java","106454","135424","241878"
"2015-02-06 06:17","FastLeaderElection.java","1752","10170","11922"
"2018-04-30 06:34","FastLeaderElection.java","16680","41349","58029"
"2019-08-17 17:13","FastLeaderElection.java","206595","256154","462749"
"2019-08-02 20:08","FastLeaderElection.java","206595","256935","463530"
"2017-01-13 19:29","FastLeaderElection.java","10102","31129","41231"
"2019-08-03 08:42","FastLeaderElection.java","206595","256862","463457"
"2019-08-17 17:13","Leader.java","29523","44192","73715"
"2019-06-29 00:33","Leader.java","3569","6225","9794"
"2019-07-15 14:15","Leader.java","4733","14821","19554"
"2019-07-25 21:41","Leader.java","5655","16807","22462"
"2019-06-05 00:33","Leader.java","300","690","990"
"2019-08-03 08:42","Leader.java","6944","22321","29265"
"2019-06-05 23:57","Leader.java","302","961","1263"
"2019-11-29 14:49","Leader.java","37692","58918","96610"
"2020-03-25 03:38","Leader.java","39475","66929","106404"
"2019-12-27 22:33","Leader.java","37840","61187","99027"
"2019-10-10 14:37","Leader.java","31925","50347","82272"
"2019-08-17 17:13","RateLogger.java","186333","256413","442746"
"2015-02-06 06:17","RateLogger.java","12304","41243","53547"
"2019-07-31 19:06","RateLogger.java","186333","255720","442053"
"2020-02-04 10:39","ZooKeeperSaslClient.java","9944","16675","26619"
"2019-06-14 09:06","QuorumPeer.java","1193","4392","5585"
"2019-11-29 14:49","QuorumPeer.java","37858","59616","97474"
"2019-06-03 19:40","QuorumPeer.java","307","839","1146"
"2019-07-15 14:15","QuorumPeer.java","5027","15647","20674"
"2019-07-03 00:44","QuorumPeer.java","3996","7210","11206"
"2019-08-17 17:13","QuorumPeer.java","29715","44916","74631"
"2019-06-05 00:33","QuorumPeer.java","598","1520","2118"
"2019-05-20 23:13","QuorumPeer.java","68","141","209"
"2019-06-04 10:55","QuorumPeer.java","531","1216","1747"
"2019-07-12 17:01","QuorumPeer.java","5027","15541","20568"
"2020-01-09 11:27","QuorumPeer.java","38930","62234","101164"
"2019-12-17 13:48","QuorumPeer.java","37905","60235","98140"
"2020-01-23 13:43","QuorumPeer.java","39345","64473","103818"
"2019-10-10 14:37","QuorumPeer.java","32098","51052","83150"
"2020-02-16 10:25","QuorumPeer.java","39477","65318","104795"
"2018-09-15 00:08","ZooKeeperServer.java","103836","115754","219590"
"2019-04-12 19:01","ZooKeeperServer.java","224641","237038","461679"
"2019-07-31 19:06","ZooKeeperServer.java","224660","254557","479217"
"2019-09-11 10:27","ZooKeeperServer.java","224660","256606","481266"
"2019-01-14 19:38","ZooKeeperServer.java","224541","230423","454964"
"2019-01-07 15:34","ZooKeeperServer.java","224541","230024","454565"
"2018-11-21 17:56","ZooKeeperServer.java","224539","223219","447758"
"2019-02-13 13:12","ZooKeeperServer.java","224563","234099","458662"
"2018-07-19 05:59","ZooKeeperServer.java","25535","33520","59055"
"2018-09-18 01:00","ZooKeeperServer.java","103948","116519","220467"
"2019-03-04 08:07","ZooKeeperServer.java","224564","234677","459241"
"2019-07-08 23:26","ZooKeeperServer.java","224659","244025","468684"
"2019-01-23 14:00","ZooKeeperServer.java","224542","231859","456401"
"2019-02-13 13:19","ZooKeeperServer.java","224563","234385","458948"
"2019-05-14 17:11","ZooKeeperServer.java","224641","239898","464539"
"2019-06-04 10:55","ZooKeeperServer.java","224659","240733","465392"
"2019-04-09 15:35","ZooKeeperServer.java","224566","236013","460579"
"2019-08-03 08:42","ZooKeeperServer.java","224660","255958","480618"
"2019-05-15 11:56","ZooKeeperServer.java","224641","239985","464626"
"2019-05-22 11:39","ZooKeeperServer.java","224642","240432","465074"
"2019-04-22 19:15","ZooKeeperServer.java","224641","238013","462654"
"2018-02-23 23:49","ZooKeeperServer.java","4264","9038","13302"
"2017-08-18 06:32","ZooKeeperServer.java","2909","2449","5358"
"2017-06-26 00:16","ZooKeeperServer.java","1245","777","2022"
"2019-09-10 04:26","ZooKeeperServer.java","224660","256295","480955"
"2019-08-17 17:13","ZooKeeperServer.java","224660","255250","479910"
"2019-09-05 23:12","ZooKeeperServer.java","224660","256169","480829"
"2019-09-10 15:21","ZooKeeperServer.java","224660","256293","480953"
"2019-08-01 07:31","ZooKeeperServer.java","224660","255921","480581"
"2019-08-01 07:28","ZooKeeperServer.java","224660","255431","480091"
"2019-06-03 19:40","ZooKeeperServer.java","224659","240580","465239"
"2019-11-23 17:08","ZooKeeperServer.java","226285","261576","487861"
"2019-10-09 16:49","ZooKeeperServer.java","224660","258836","483496"
"2019-07-03 00:44","ZooKeeperServer.java","224659","243262","467921"
"2018-01-19 01:12","ZooKeeperServer.java","4105","7837","11942"
"2019-07-24 18:00","ZooKeeperServer.java","224660","251705","476365"
"2018-08-08 06:21","ZooKeeperServer.java","73472","82937","156409"
"2018-05-09 23:57","ZooKeeperServer.java","4545","10824","15369"
"2019-12-27 22:33","ZooKeeperServer.java","226286","265554","491840"
"2018-09-11 00:17","ZooKeeperServer.java","103813","114182","217995"
"2019-11-18 09:05","ZooKeeperServer.java","226285","260019","486304"
"2019-10-10 14:37","ZooKeeperServer.java","224660","259003","483663"
"2019-09-16 23:26","ZooKeeperServer.java","224660","258269","482929"
"2017-06-23 18:39","ZooKeeperServer.java","1147","699","1846"
"2019-12-03 10:01","ZooKeeperServer.java","226285","263478","489763"
"2020-03-25 03:38","ZooKeeperServer.java","226287","269662","495949"
"2019-11-28 12:24","ZooKeeperServer.java","226285","261781","488066"
"2019-11-06 15:21","ZooKeeperServer.java","224708","259267","483975"
"2020-04-12 11:14","ZooKeeperServer.java","226348","270476","496824"
"2018-06-08 16:52","ZooKeeperServer.java","4784","11812","16596"
"2018-06-15 07:41","ZooKeeperServer.java","4792","11823","16615"
"2018-07-28 04:37","ZooKeeperServer.java","25667","34228","59895"
"2019-04-18 19:17","ZooKeeperServer.java","224641","237748","462389"
"2019-10-10 14:37","DatadirCleanupManager.java","3717","7470","11187"
"2019-08-17 17:13","BitHashSet.java","158773","174218","332991"
"2019-01-07 14:24","BitHashSet.java","156474","146749","303223"
"2019-11-08 17:30","RequestPathMetricsCollector.java","191","2052","2243"
"2019-08-17 17:13","SaslAuthTest.java","223989","255250","479239"
"2018-06-25 12:30","SaslAuthTest.java","3741","11557","15298"
"2019-08-17 17:13","LearnerSyncRequest.java","83896","257706","341602"
"2009-10-30 17:19","LearnerSyncRequest.java","11914","73853","85767"
"2018-09-15 00:08","ZooKeeperServer.java","112990","174110","287100"
"2019-04-12 19:01","ZooKeeperServer.java","177113","238712","415825"
"2019-07-31 19:06","ZooKeeperServer.java","177112","256211","433323"
"2019-09-11 10:27","ZooKeeperServer.java","177112","258260","435372"
"2019-01-14 19:38","ZooKeeperServer.java","177044","232128","409172"
"2019-01-07 15:34","ZooKeeperServer.java","177044","231729","408773"
"2018-11-21 17:56","ZooKeeperServer.java","177043","224925","401968"
"2012-01-31 07:45","ZooKeeperServer.java","7735","8321","16056"
"2017-04-28 07:14","ZooKeeperServer.java","28374","77576","105950"
"2017-02-12 00:12","ZooKeeperServer.java","28328","76631","104959"
"2014-07-18 02:19","ZooKeeperServer.java","21527","55427","76954"
"2013-12-11 19:22","ZooKeeperServer.java","14387","36125","50512"
"2019-02-13 13:12","ZooKeeperServer.java","177059","235797","412856"
"2012-02-11 00:34","ZooKeeperServer.java","8170","9341","17511"
"2016-11-24 17:18","ZooKeeperServer.java","26523","76602","103125"
"2018-07-19 05:59","ZooKeeperServer.java","48906","106093","154999"
"2018-09-18 01:00","ZooKeeperServer.java","113047","174820","287867"
"2019-03-04 08:07","ZooKeeperServer.java","177060","236375","413435"
"2019-07-08 23:26","ZooKeeperServer.java","177112","245680","422792"
"2019-01-23 14:00","ZooKeeperServer.java","177045","233564","410609"
"2019-02-13 13:19","ZooKeeperServer.java","177059","236083","413142"
"2019-05-14 17:11","ZooKeeperServer.java","177113","241572","418685"
"2013-01-25 02:17","ZooKeeperServer.java","12571","23321","35892"
"2015-07-10 08:19","ZooKeeperServer.java","23433","66320","89753"
"2019-06-04 10:55","ZooKeeperServer.java","177112","242388","419500"
"2019-04-09 15:35","ZooKeeperServer.java","177061","237710","414771"
"2019-08-03 08:42","ZooKeeperServer.java","177112","257612","434724"
"2019-05-15 11:56","ZooKeeperServer.java","177113","241659","418772"
"2019-05-22 11:39","ZooKeeperServer.java","177113","242105","419218"
"2019-04-22 19:15","ZooKeeperServer.java","177113","239687","416800"
"2018-02-23 23:49","ZooKeeperServer.java","30881","84857","115738"
"2016-11-16 06:21","ZooKeeperServer.java","25970","76028","101998"
"2012-12-19 19:07","ZooKeeperServer.java","12521","22233","34754"
"2017-08-18 06:32","ZooKeeperServer.java","30154","78896","109050"
"2017-06-26 00:16","ZooKeeperServer.java","29427","78161","107588"
"2019-09-10 04:26","ZooKeeperServer.java","177112","257949","435061"
"2019-08-17 17:13","ZooKeeperServer.java","177112","256904","434016"
"2019-09-05 23:12","ZooKeeperServer.java","177112","257823","434935"
"2019-09-10 15:21","ZooKeeperServer.java","177112","257947","435059"
"2019-08-01 07:31","ZooKeeperServer.java","177112","257575","434687"
"2019-08-01 07:28","ZooKeeperServer.java","177112","257085","434197"
"2019-06-03 19:40","ZooKeeperServer.java","177112","242235","419347"
"2015-03-17 18:06","ZooKeeperServer.java","22084","61957","84041"
"2019-11-23 17:08","ZooKeeperServer.java","178210","262703","440913"
"2019-10-09 16:49","ZooKeeperServer.java","177112","260490","437602"
"2019-07-03 00:44","ZooKeeperServer.java","177112","244917","422029"
"2018-01-19 01:12","ZooKeeperServer.java","30819","83753","114572"
"2019-07-24 18:00","ZooKeeperServer.java","177112","253359","430471"
"2013-05-16 18:49","ZooKeeperServer.java","13614","28914","42528"
"2018-08-08 06:21","ZooKeeperServer.java","90372","149039","239411"
"2018-05-09 23:57","ZooKeeperServer.java","31026","86507","117533"
"2019-12-27 22:33","ZooKeeperServer.java","178210","266680","444890"
"2016-08-13 15:01","ZooKeeperServer.java","25568","71725","97293"
"2018-09-11 00:17","ZooKeeperServer.java","112986","172557","285543"
"2019-11-18 09:05","ZooKeeperServer.java","178210","261146","439356"
"2019-10-10 14:37","ZooKeeperServer.java","177112","260657","437769"
"2019-09-16 23:26","ZooKeeperServer.java","177112","259923","437035"
"2013-10-08 01:35","ZooKeeperServer.java","14125","32229","46354"
"2017-06-23 18:39","ZooKeeperServer.java","29362","78116","107478"
"2011-12-28 07:07","ZooKeeperServer.java","7635","7882","15517"
"2019-12-03 10:01","ZooKeeperServer.java","178210","264605","442815"
"2020-03-25 03:38","ZooKeeperServer.java","178210","270787","448997"
"2019-11-28 12:24","ZooKeeperServer.java","178210","262908","441118"
"2019-11-06 15:21","ZooKeeperServer.java","177112","260873","437985"
"2011-09-17 02:36","ZooKeeperServer.java","3634","3650","7284"
"2020-04-12 11:14","ZooKeeperServer.java","178210","271540","449750"
"2011-09-14 08:56","ZooKeeperServer.java","332","2908","3240"
"2011-08-21 02:53","ZooKeeperServer.java","4","32","36"
"2013-10-09 22:21","ZooKeeperServer.java","14298","34642","48940"
"2015-03-08 23:07","ZooKeeperServer.java","21990","60815","82805"
"2018-06-08 16:52","ZooKeeperServer.java","31031","87261","118292"
"2018-06-15 07:41","ZooKeeperServer.java","31035","87268","118303"
"2018-07-28 04:37","ZooKeeperServer.java","48954","106717","155671"
"2019-04-18 19:17","ZooKeeperServer.java","177113","239422","416535"
"2012-03-15 17:47","ZooKeeperServer.java","8247","10452","18699"
"2014-03-25 22:13","ZooKeeperServer.java","14771","39526","54297"
"2019-06-26 10:57","ZooDefs.java","223292","243676","466968"
"2019-08-17 17:13","ZooDefs.java","223293","255827","479120"
"2017-07-28 00:36","ZooDefs.java","7700","8799","16499"
"2019-01-16 14:21","ZooDefs.java","223175","231689","454864"
"2019-01-07 14:24","ZooDefs.java","223174","230538","453712"
"2019-11-08 17:30","ZooDefs.java","223341","261489","484830"
"2019-07-31 19:06","ZooDefs.java","223293","255134","478427"
"2019-02-07 11:26","ZooDefs.java","223176","234042","457218"
"2019-08-06 12:57","SnapshotFormatter.java","7785","27595","35380"
"2019-08-17 17:13","SnapshotFormatter.java","29730","48462","78192"
"2019-12-27 22:33","SnapshotFormatter.java","37720","65130","102850"
"2019-11-28 12:24","SnapshotFormatter.java","37299","60937","98236"
"2020-03-25 03:38","Request.java","10056","17227","27283"
"2019-12-27 22:33","Request.java","6233","9297","15530"
"2019-11-11 13:59","Request.java","32","1828","1860"
"2020-05-05 21:20","Request.java","13754","21956","35710"
"2013-09-26 14:05","Zab1_0Test.java","7815","25963","33778"
"2014-05-09 23:37","Zab1_0Test.java","14706","42593","57299"
"2017-01-07 01:09","Zab1_0Test.java","22046","73810","95856"
"2015-12-06 21:30","Zab1_0Test.java","17880","62878","80758"
"2019-12-17 13:48","Zab1_0Test.java","177465","265093","442558"
"2013-11-19 02:03","Zab1_0Test.java","8300","30193","38493"
"2015-07-07 07:11","Zab1_0Test.java","17587","61034","78621"
"2019-12-27 22:33","Zab1_0Test.java","177465","266642","444107"
"2013-10-24 20:41","Zab1_0Test.java","8274","30029","38303"
"2019-10-10 14:37","Zab1_0Test.java","176160","260412","436572"
"2013-11-07 06:41","Zab1_0Test.java","8277","30122","38399"
"2015-05-14 18:40","Zab1_0Test.java","16376","58523","74899"
"2019-08-17 17:13","Zab1_0Test.java","176160","256659","432819"
"2019-06-03 19:40","Zab1_0Test.java","176160","241990","418150"
"2018-05-10 06:00","Zab1_0Test.java","26660","83133","109793"
"2017-11-28 00:10","Zab1_0Test.java","26093","79577","105670"
"2013-10-07 21:08","Zab1_0Test.java","7996","26668","34664"
"2012-12-31 02:38","Zab1_0Test.java","6117","17461","23578"
"2017-08-18 06:32","Zab1_0Test.java","25655","75104","100759"
"2012-08-01 17:53","Zab1_0Test.java","4274","9713","13987"
"2012-07-05 18:01","Zab1_0Test.java","4208","8505","12713"
"2013-03-07 07:01","Zab1_0Test.java","7365","23221","30586"
"2012-12-13 08:25","Zab1_0Test.java","5561","14965","20526"
"2012-01-31 07:45","Zab1_0Test.java","1073","2366","3439"
"2012-01-04 01:15","Zab1_0Test.java","985","2040","3025"
"2017-02-12 00:12","Zab1_0Test.java","23957","72967","96924"
"2011-12-09 20:03","Zab1_0Test.java","66","533","599"
"2020-03-26 18:41","ZooKeeperMain.java","180296","270792","451088"
"2016-10-16 14:21","ZooKeeperMain.java","24588","82498","107086"
"2020-04-01 17:02","ZooKeeperMain.java","180296","271116","451412"
"2013-10-01 23:18","ZooKeeperMain.java","13260","41428","54688"
"2019-10-10 14:37","ZooKeeperMain.java","179202","260663","439865"
"2015-11-22 00:33","ZooKeeperMain.java","22414","77251","99665"
"2020-03-26 22:19","ZooKeeperMain.java","180296","270861","451157"
"2011-08-18 22:05","ZooKeeperMain.java","1534","9988","11522"
"2015-11-08 22:54","ZooKeeperMain.java","22360","76904","99264"
"2016-07-27 01:33","ZooKeeperMain.java","24121","80483","104604"
"2014-04-04 00:39","ZooKeeperMain.java","14028","50015","64043"
"2019-11-28 12:24","ZooKeeperMain.java","180296","262910","443206"
"2016-11-13 20:59","ZooKeeperMain.java","24609","84724","109333"
"2019-08-03 08:42","ZooKeeperMain.java","179202","257618","436820"
"2012-03-18 07:03","ZooKeeperMain.java","10295","23061","33356"
"2017-07-28 00:36","ZooKeeperMain.java","27670","86631","114301"
"2016-05-02 18:15","ZooKeeperMain.java","24055","79151","103206"
"2015-03-28 20:08","ZooKeeperMain.java","21021","72487","93508"
"2019-08-17 17:13","ZooKeeperMain.java","179202","256910","436112"
"2013-09-02 23:04","ZooKeeperMain.java","13104","40512","53616"
"2018-08-06 14:11","ZooKeeperMain.java","45303","114210","159513"
"2013-09-26 14:05","Zab1_0Test.java","7829","26244","34073"
"2014-05-09 23:37","Zab1_0Test.java","14694","42848","57542"
"2017-01-07 01:09","Zab1_0Test.java","22029","74060","96089"
"2015-12-06 21:30","Zab1_0Test.java","17866","63131","80997"
"2019-12-17 13:48","Zab1_0Test.java","177198","265093","442291"
"2013-11-19 02:03","Zab1_0Test.java","8290","30450","38740"
"2015-07-07 07:11","Zab1_0Test.java","17575","61289","78864"
"2019-12-27 22:33","Zab1_0Test.java","177198","266642","443840"
"2013-10-24 20:41","Zab1_0Test.java","8266","30288","38554"
"2019-10-10 14:37","Zab1_0Test.java","175893","260412","436305"
"2013-11-07 06:41","Zab1_0Test.java","8269","30381","38650"
"2015-05-14 18:40","Zab1_0Test.java","16364","58778","75142"
"2019-08-17 17:13","Zab1_0Test.java","175893","256659","432552"
"2019-06-03 19:40","Zab1_0Test.java","175893","241990","417883"
"2018-05-10 06:00","Zab1_0Test.java","26619","83359","109978"
"2017-11-28 00:10","Zab1_0Test.java","26058","79809","105867"
"2013-10-07 21:08","Zab1_0Test.java","7988","26927","34915"
"2012-12-31 02:38","Zab1_0Test.java","6138","17749","23887"
"2017-08-18 06:32","Zab1_0Test.java","25626","75342","100968"
"2012-08-01 17:53","Zab1_0Test.java","4295","10001","14296"
"2012-07-05 18:01","Zab1_0Test.java","4230","8794","13024"
"2013-03-07 07:01","Zab1_0Test.java","7386","23509","30895"
"2012-12-13 08:25","Zab1_0Test.java","5582","15253","20835"
"2012-01-31 07:45","Zab1_0Test.java","1096","2656","3752"
"2012-01-04 01:15","Zab1_0Test.java","1011","2333","3344"
"2017-02-12 00:12","Zab1_0Test.java","23928","73205","97133"
"2011-12-09 20:03","Zab1_0Test.java","96","830","926"
"2019-08-17 17:13","OOMTest.java","142084","257500","399584"
"2017-09-11 18:55","OOMTest.java","35943","131683","167626"
"2010-03-31 06:26","OOMTest.java","14591","40968","55559"
"2010-08-18 08:24","OOMTest.java","17950","63794","81744"
"2013-12-21 22:05","OOMTest.java","29919","98786","128705"
"2019-09-18 11:20","OOMTest.java","142084","260412","402496"
"2019-08-17 17:13","Leader.java","203998","256154","460152"
"2019-06-29 00:33","Leader.java","203998","244141","448139"
"2019-06-03 19:40","Leader.java","203998","241485","445483"
"2019-07-15 14:15","Leader.java","203998","251573","455571"
"2015-03-17 18:06","Leader.java","2933","15170","18103"
"2019-07-25 21:41","Leader.java","203998","252637","456635"
"2018-05-10 06:00","Leader.java","17628","45758","63386"
"2018-07-12 01:33","Leader.java","25881","54944","80825"
"2018-02-07 01:05","Leader.java","17250","43246","60496"
"2017-11-28 00:10","Leader.java","16797","41938","58735"
"2019-06-05 00:33","Leader.java","203998","241875","445873"
"2015-04-10 22:22","Leader.java","2979","16284","19263"
"2019-08-03 08:42","Leader.java","203998","256862","460860"
"2019-06-05 23:57","Leader.java","203998","242144","446142"
"2017-01-13 19:29","Leader.java","10981","34605","45586"
"2019-01-07 14:55","Leader.java","203889","230936","434825"
"2019-04-12 19:01","Leader.java","203982","237945","441927"
"2018-12-09 03:16","Leader.java","203888","228702","432590"
"2018-08-17 14:40","Leader.java","83543","114902","198445"
"2019-11-29 14:49","Leader.java","205437","264150","469587"
"2018-11-27 10:02","Leader.java","203888","226378","430266"
"2015-02-06 06:17","Leader.java","2699","13714","16413"
"2017-02-15 23:04","Leader.java","13828","34496","48324"
"2014-07-18 02:19","Leader.java","1370","7634","9004"
"2018-08-29 06:26","Leader.java","106479","138046","244525"
"2018-08-03 18:52","Leader.java","36370","66931","103301"
"2017-09-11 18:55","Leader.java","16368","37652","54020"
"2018-09-18 01:00","Leader.java","111760","145897","257657"
"2016-12-20 14:47","Leader.java","10893","33675","44568"
"2014-07-20 04:50","Leader.java","1630","8415","10045"
"2014-06-10 00:19","Leader.java","25","959","984"
"2016-06-23 23:25","Leader.java","8818","26536","35354"
"2016-06-23 23:45","Leader.java","8852","26678","35530"
"2020-03-25 03:38","Leader.java","205438","270379","475817"
"2019-12-27 22:33","Leader.java","205437","266271","471708"
"2016-08-13 15:01","Leader.java","9339","27860","37199"
"2019-10-10 14:37","Leader.java","203998","259907","463905"
"2019-08-17 17:13","DumbWatcher.java","29911","54619","84530"
"2019-11-18 09:05","DumbWatcher.java","36944","64796","101740"
"2019-10-10 14:37","ObserverZooKeeperServer.java","215122","259842","474964"
"2016-08-13 15:01","ObserverZooKeeperServer.java","7141","14473","21614"
"2019-06-04 10:55","ObserverZooKeeperServer.java","215121","241572","456693"
"2019-08-17 17:13","ObserverZooKeeperServer.java","215122","256089","471211"
"2019-06-03 19:40","ObserverZooKeeperServer.java","215121","241419","456540"
"2019-02-13 13:12","ObserverZooKeeperServer.java","215032","234945","449977"
"2019-12-27 22:33","DataTree.java","875","4647","5522"
"2018-09-15 00:08","ZooKeeperServer.java","103940","116757","220697"
"2019-04-12 19:01","ZooKeeperServer.java","223757","237053","460810"
"2019-07-31 19:06","ZooKeeperServer.java","223776","254572","478348"
"2019-09-11 10:27","ZooKeeperServer.java","223776","256621","480397"
"2019-01-14 19:38","ZooKeeperServer.java","223657","230438","454095"
"2019-01-07 15:34","ZooKeeperServer.java","223657","230039","453696"
"2018-11-21 17:56","ZooKeeperServer.java","223655","223234","446889"
"2017-04-28 07:14","ZooKeeperServer.java","227","1126","1353"
"2019-02-13 13:12","ZooKeeperServer.java","223679","234114","457793"
"2018-07-19 05:59","ZooKeeperServer.java","25656","34540","60196"
"2018-09-18 01:00","ZooKeeperServer.java","104052","117522","221574"
"2019-03-04 08:07","ZooKeeperServer.java","223680","234692","458372"
"2019-07-08 23:26","ZooKeeperServer.java","223775","244040","467815"
"2019-01-23 14:00","ZooKeeperServer.java","223658","231874","455532"
"2019-02-13 13:19","ZooKeeperServer.java","223679","234400","458079"
"2019-05-14 17:11","ZooKeeperServer.java","223757","239913","463670"
"2019-06-04 10:55","ZooKeeperServer.java","223775","240748","464523"
"2019-04-09 15:35","ZooKeeperServer.java","223682","236028","459710"
"2019-08-03 08:42","ZooKeeperServer.java","223776","255973","479749"
"2019-05-15 11:56","ZooKeeperServer.java","223757","240000","463757"
"2019-05-22 11:39","ZooKeeperServer.java","223758","240447","464205"
"2019-04-22 19:15","ZooKeeperServer.java","223757","238028","461785"
"2018-02-23 23:49","ZooKeeperServer.java","4462","10135","14597"
"2017-08-18 06:32","ZooKeeperServer.java","3133","3572","6705"
"2017-06-26 00:16","ZooKeeperServer.java","1469","1900","3369"
"2019-09-10 04:26","ZooKeeperServer.java","223776","256310","480086"
"2019-08-17 17:13","ZooKeeperServer.java","223776","255265","479041"
"2019-09-05 23:12","ZooKeeperServer.java","223776","256184","479960"
"2019-09-10 15:21","ZooKeeperServer.java","223776","256308","480084"
"2019-08-01 07:31","ZooKeeperServer.java","223776","255936","479712"
"2019-08-01 07:28","ZooKeeperServer.java","223776","255446","479222"
"2019-06-03 19:40","ZooKeeperServer.java","223775","240595","464370"
"2019-11-23 17:08","ZooKeeperServer.java","225389","261579","486968"
"2019-10-09 16:49","ZooKeeperServer.java","223776","258851","482627"
"2019-07-03 00:44","ZooKeeperServer.java","223775","243277","467052"
"2018-01-19 01:12","ZooKeeperServer.java","4307","8938","13245"
"2019-07-24 18:00","ZooKeeperServer.java","223776","251720","475496"
"2018-08-08 06:21","ZooKeeperServer.java","73583","83947","157530"
"2018-05-09 23:57","ZooKeeperServer.java","4742","11920","16662"
"2019-12-27 22:33","ZooKeeperServer.java","225390","265557","490947"
"2018-09-11 00:17","ZooKeeperServer.java","103917","115185","219102"
"2019-11-18 09:05","ZooKeeperServer.java","225389","260022","485411"
"2019-10-10 14:37","ZooKeeperServer.java","223776","259018","482794"
"2019-09-16 23:26","ZooKeeperServer.java","223776","258284","482060"
"2017-06-23 18:39","ZooKeeperServer.java","1374","1825","3199"
"2019-12-03 10:01","ZooKeeperServer.java","225389","263481","488870"
"2020-03-25 03:38","ZooKeeperServer.java","225391","269665","495056"
"2019-11-28 12:24","ZooKeeperServer.java","225389","261784","487173"
"2019-11-06 15:21","ZooKeeperServer.java","223824","259282","483106"
"2020-04-12 11:14","ZooKeeperServer.java","225452","270479","495931"
"2018-06-08 16:52","ZooKeeperServer.java","4981","12908","17889"
"2018-06-15 07:41","ZooKeeperServer.java","4989","12919","17908"
"2018-07-28 04:37","ZooKeeperServer.java","25788","35248","61036"
"2019-04-18 19:17","ZooKeeperServer.java","223757","237763","461520"
"2015-06-04 18:26","DataNode.java","31448","109909","141357"
"2019-08-17 17:13","DataNode.java","151776","257187","408963"
"2015-06-04 19:51","DataNode.java","31499","110671","142170"
"2016-10-07 21:51","DataNode.java","33691","117914","151605"
"2019-01-07 14:24","DataNode.java","151726","231967","383693"
"2017-02-05 07:22","DataNode.java","34023","122506","156529"
"2019-07-31 19:06","DataNode.java","151776","256494","408270"
"2011-06-23 18:01","DataNode.java","21598","50577","72175"
"2019-12-27 22:33","DataNode.java","152715","266804","419519"
"2018-09-15 00:08","ZooKeeperServer.java","112254","139474","251728"
"2019-04-12 19:01","ZooKeeperServer.java","210243","237942","448185"
"2019-07-31 19:06","ZooKeeperServer.java","210259","255458","465717"
"2019-09-11 10:27","ZooKeeperServer.java","210259","257507","467766"
"2019-01-14 19:38","ZooKeeperServer.java","210150","231334","441484"
"2019-01-07 15:34","ZooKeeperServer.java","210150","230935","441085"
"2018-11-21 17:56","ZooKeeperServer.java","210148","224130","434278"
"2017-04-28 07:14","ZooKeeperServer.java","12893","28195","41088"
"2017-02-12 00:12","ZooKeeperServer.java","12802","27205","40007"
"2019-02-13 13:12","ZooKeeperServer.java","210170","235008","445178"
"2016-11-24 17:18","ZooKeeperServer.java","9607","25786","35393"
"2018-07-19 05:59","ZooKeeperServer.java","35962","59249","95211"
"2018-09-18 01:00","ZooKeeperServer.java","112356","140229","252585"
"2019-03-04 08:07","ZooKeeperServer.java","210169","235584","445753"
"2019-07-08 23:26","ZooKeeperServer.java","210259","244927","455186"
"2019-01-23 14:00","ZooKeeperServer.java","210151","232770","442921"
"2019-02-13 13:19","ZooKeeperServer.java","210170","235294","445464"
"2019-05-14 17:11","ZooKeeperServer.java","210243","240802","451045"
"2015-07-10 08:19","ZooKeeperServer.java","3805","12792","16597"
"2019-06-04 10:55","ZooKeeperServer.java","210259","241635","451894"
"2019-04-09 15:35","ZooKeeperServer.java","210171","236920","447091"
"2019-08-03 08:42","ZooKeeperServer.java","210259","256859","467118"
"2019-05-15 11:56","ZooKeeperServer.java","210243","240889","451132"
"2019-05-22 11:39","ZooKeeperServer.java","210243","241335","451578"
"2019-04-22 19:15","ZooKeeperServer.java","210243","238917","449160"
"2018-02-23 23:49","ZooKeeperServer.java","16820","36896","53716"
"2016-11-16 06:21","ZooKeeperServer.java","9032","25190","34222"
"2017-08-18 06:32","ZooKeeperServer.java","15752","30594","46346"
"2017-06-26 00:16","ZooKeeperServer.java","14118","28952","43070"
"2019-09-10 04:26","ZooKeeperServer.java","210259","257196","467455"
"2019-08-17 17:13","ZooKeeperServer.java","210259","256151","466410"
"2019-09-05 23:12","ZooKeeperServer.java","210259","257070","467329"
"2019-09-10 15:21","ZooKeeperServer.java","210259","257194","467453"
"2019-08-01 07:31","ZooKeeperServer.java","210259","256822","467081"
"2019-08-01 07:28","ZooKeeperServer.java","210259","256332","466591"
"2019-06-03 19:40","ZooKeeperServer.java","210259","241482","451741"
"2015-03-17 18:06","ZooKeeperServer.java","1635","7608","9243"
"2019-11-23 17:08","ZooKeeperServer.java","211699","262292","473991"
"2019-10-09 16:49","ZooKeeperServer.java","210259","259737","469996"
"2019-07-03 00:44","ZooKeeperServer.java","210259","244164","454423"
"2018-01-19 01:12","ZooKeeperServer.java","16733","35767","52500"
"2019-07-24 18:00","ZooKeeperServer.java","210259","252606","462865"
"2018-08-08 06:21","ZooKeeperServer.java","83371","108138","191509"
"2018-05-09 23:57","ZooKeeperServer.java","17039","38620","55659"
"2019-12-27 22:33","ZooKeeperServer.java","211699","266269","477968"
"2016-08-13 15:01","ZooKeeperServer.java","8242","20499","28741"
"2018-09-11 00:17","ZooKeeperServer.java","112236","137907","250143"
"2019-11-18 09:05","ZooKeeperServer.java","211699","260735","472434"
"2019-10-10 14:37","ZooKeeperServer.java","210259","259904","470163"
"2019-09-16 23:26","ZooKeeperServer.java","210259","259170","469429"
"2017-06-23 18:39","ZooKeeperServer.java","14026","28880","42906"
"2019-12-03 10:01","ZooKeeperServer.java","211699","264194","475893"
"2020-03-25 03:38","ZooKeeperServer.java","211700","270377","482077"
"2019-11-28 12:24","ZooKeeperServer.java","211699","262497","474196"
"2019-11-06 15:21","ZooKeeperServer.java","210287","260148","470435"
"2020-04-12 11:14","ZooKeeperServer.java","211700","271130","482830"
"2015-03-08 23:07","ZooKeeperServer.java","1501","6426","7927"
"2018-06-08 16:52","ZooKeeperServer.java","17243","39573","56816"
"2018-06-15 07:41","ZooKeeperServer.java","17250","39583","56833"
"2018-07-28 04:37","ZooKeeperServer.java","36055","59918","95973"
"2019-04-18 19:17","ZooKeeperServer.java","210243","238652","448895"
"2019-11-08 17:30","PrepRequestProcessor.java","2223","6481","8704"
"2019-12-27 22:33","PrepRequestProcessor.java","8339","15661","24000"
"2019-10-10 14:37","PrepRequestProcessor.java","2032","4429","6461"
"2020-03-25 03:38","PrepRequestProcessor.java","10505","21934","32439"
"2019-08-17 17:13","MultiAsyncTransactionTest.java","197129","256366","453495"
"2019-12-27 22:33","FileTxnSnapLog.java","147534","266804","414338"
"2019-10-10 14:37","FileTxnSnapLog.java","146595","260940","407535"
"2019-12-13 08:51","FileTxnSnapLog.java","147534","264841","412375"
"2017-01-07 01:09","FileTxnSnapLog.java","33916","127102","161018"
"2011-07-13 15:48","FileTxnSnapLog.java","20151","57189","77340"
"2014-02-12 17:00","FileTxnSnapLog.java","29100","95361","124461"
"2012-03-06 09:20","FileTxnSnapLog.java","25431","68967","94398"
"2020-01-23 16:46","FileTxnSnapLog.java","147534","268053","415587"
"2020-01-28 17:26","FileTxnSnapLog.java","147534","268524","416058"
"2011-10-20 20:02","FileTxnSnapLog.java","24722","65278","90000"
"2016-09-18 23:21","FileTxnSnapLog.java","33626","122340","155966"
"2017-01-23 02:13","FileTxnSnapLog.java","33937","127527","161464"
"2011-04-12 09:14","FileTxnSnapLog.java","21293","53358","74651"
"2018-06-08 16:52","FileTxnSnapLog.java","35713","134072","169785"
"2019-09-02 08:23","FileTxnSnapLog.java","146595","257844","404439"
"2011-12-21 21:39","FileTxnSnapLog.java","24989","67242","92231"
"2017-04-28 07:14","FileTxnSnapLog.java","34903","126234","161137"
"2019-07-31 19:06","FileTxnSnapLog.java","146595","256494","403089"
"2018-07-30 06:22","FileTxnSnapLog.java","47632","147646","195278"
"2012-02-06 09:40","FileTxnSnapLog.java","25151","68265","93416"
"2012-07-17 23:25","FileTxnSnapLog.java","26958","73795","100753"
"2020-01-30 09:43","FileTxnSnapLog.java","147534","268600","416134"
"2019-05-14 17:11","FileTxnSnapLog.java","146595","241854","388449"
"2010-03-12 23:36","FileTxnSnapLog.java","10841","32196","43037"
"2013-06-28 23:22","FileTxnSnapLog.java","28658","87798","116456"
"2014-02-10 21:50","FileTxnSnapLog.java","29074","95223","124297"
"2019-05-21 23:34","FileTxnSnapLog.java","146595","242175","388770"
"2019-05-27 10:54","FileTxnSnapLog.java","146595","242507","389102"
"2017-01-13 19:29","FileTxnSnapLog.java","33921","127310","161231"
"2017-06-26 00:07","FileTxnSnapLog.java","35295","126164","161459"
"2018-02-23 23:49","FileTxnSnapLog.java","35613","131718","167331"
"2017-08-18 06:32","FileTxnSnapLog.java","35371","126242","161613"
"2019-08-17 17:13","FileTxnSnapLog.java","146595","257187","403782"
"2018-02-14 21:23","FileTxnSnapLog.java","35613","131554","167167"
"2019-11-21 05:58","NIOServerCnxn.java","179843","261193","441036"
"2015-11-08 22:36","NIOServerCnxn.java","22311","77260","99571"
"2019-11-18 09:05","NIOServerCnxn.java","179843","261170","441013"
"2013-09-10 00:37","NIOServerCnxn.java","13145","41154","54299"
"2019-09-16 23:26","NIOServerCnxn.java","178749","259951","438700"
"2019-10-10 14:37","NIOServerCnxn.java","178749","260685","439434"
"2013-10-05 00:57","NIOServerCnxn.java","13307","42070","55377"
"2018-09-28 23:38","NIOServerCnxn.java","107346","182772","290118"
"2020-02-11 06:50","NIOServerCnxn.java","179843","268545","448388"
"2019-01-23 14:00","NIOServerCnxn.java","178684","233594","412278"
"2019-07-08 23:26","NIOServerCnxn.java","178749","245708","424457"
"2019-04-12 19:01","NIOServerCnxn.java","178750","238740","417490"
"2019-01-14 19:38","NIOServerCnxn.java","178683","232158","410841"
"2018-11-17 18:33","NIOServerCnxn.java","178682","224940","403622"
"2017-03-04 19:22","NIOServerCnxn.java","26726","86574","113300"
"2011-08-19 00:05","NIOServerCnxn.java","1612","12691","14303"
"2013-12-11 19:22","NIOServerCnxn.java","13553","46370","59923"
"2012-02-11 00:34","NIOServerCnxn.java","8217","20467","28684"
"2016-12-22 23:23","NIOServerCnxn.java","25104","86942","112046"
"2018-09-18 01:00","NIOServerCnxn.java","107191","180043","287234"
"2019-08-17 17:13","NIOServerCnxn.java","178749","256932","435681"
"2015-06-28 21:09","NIOServerCnxn.java","22116","75757","97873"
"2015-03-28 20:08","NIOServerCnxn.java","21038","72979","94017"
"2019-07-03 00:44","NIOServerCnxn.java","178749","244945","423694"
"2019-08-03 08:42","NIOServerCnxn.java","178749","257640","436389"
"2016-11-16 06:21","NIOServerCnxn.java","24574","85711","110285"
"2012-12-19 19:07","NIOServerCnxn.java","12306","33097","45403"
"2015-06-04 18:26","DataNode.java","29674","124095","153769"
"2009-11-12 23:48","DataNode.java","6030","24126","30156"
"2019-08-17 17:13","DataNode.java","133993","257500","391493"
"2015-06-04 19:51","DataNode.java","29736","124868","154604"
"2016-10-07 21:51","DataNode.java","31807","131990","163797"
"2019-01-07 14:24","DataNode.java","133949","232286","366235"
"2017-02-05 07:22","DataNode.java","32114","136557","168671"
"2019-07-31 19:06","DataNode.java","133993","256807","390800"
"2011-06-23 18:01","DataNode.java","22441","69516","91957"
"2019-12-27 22:33","DataNode.java","134632","266817","401449"
"2019-08-17 17:13","ReconfigLegacyTest.java","29523","44192","73715"
"2019-08-17 17:13","GetAllChildrenNumberCommand.java","30201","51869","82070"
"2019-08-17 17:13","Vote.java","73713","257710","331423"
"2011-06-14 07:14","Vote.java","14659","122079","136738"
"2014-07-08 05:25","Vote.java","19382","157400","176782"
"2018-12-06 10:56","Vote.java","73685","228210","301895"
"2011-06-17 01:34","Vote.java","14694","122185","136879"
"2011-04-12 09:14","Vote.java","14609","120079","134688"
"2019-09-18 11:20","OOMTest.java","2292","5204","7496"
"2016-06-23 23:45","NettyServerCnxnFactory.java","16396","40115","56511"
"2020-02-26 22:41","NettyServerCnxnFactory.java","199660","268363","468023"
"2019-10-10 14:37","NettyServerCnxnFactory.java","198311","260113","458424"
"2019-09-10 18:50","NettyServerCnxnFactory.java","198311","257477","455788"
"2019-11-14 03:54","NettyServerCnxnFactory.java","198339","264397","462736"
"2019-02-12 15:25","NettyServerCnxnFactory.java","198214","235088","433302"
"2018-10-16 16:22","NettyServerCnxnFactory.java","178816","235262","414078"
"2019-02-15 15:36","NettyServerCnxnFactory.java","198230","235519","433749"
"2019-04-12 19:01","NettyServerCnxnFactory.java","198295","238151","436446"
"2018-11-22 17:56","NettyServerCnxnFactory.java","198211","224957","423168"
"2018-09-22 06:48","NettyServerCnxnFactory.java","112185","152284","264469"
"2018-12-15 07:34","NettyServerCnxnFactory.java","198211","228833","427044"
"2014-07-18 02:19","NettyServerCnxnFactory.java","9458","21615","31073"
"2019-02-13 13:12","NettyServerCnxnFactory.java","198232","235227","433459"
"2019-08-17 17:13","NettyServerCnxnFactory.java","198311","256360","454671"
"2015-03-17 18:06","NettyServerCnxnFactory.java","10829","28959","39788"
"2015-03-28 20:08","NettyServerCnxnFactory.java","10863","29982","40845"
"2019-11-23 17:08","NettyServerCnxnFactory.java","199660","262410","462070"
"2019-07-03 00:44","NettyServerCnxnFactory.java","198311","244373","442684"
"2019-06-05 00:29","NettyServerCnxnFactory.java","198311","242027","440338"
"2019-07-23 15:55","NettyServerCnxnFactory.java","198311","252368","450679"
"2014-09-28 19:15","NettyServerCnxnFactory.java","10235","24990","35225"
"2019-06-24 11:05","NettyServerCnxnFactory.java","198311","243693","442004"
"2015-01-30 03:23","NettyServerCnxnFactory.java","10514","27216","37730"
"2019-08-03 08:42","NettyServerCnxnFactory.java","198311","257068","455379"
"2019-12-27 22:33","DataNode.java","10004","18682","28686"
"2019-06-26 10:57","ZooDefs.java","158401","244883","403284"
"2015-06-04 19:51","ZooDefs.java","31733","104409","136142"
"2019-08-17 17:13","ZooDefs.java","158401","257033","415434"
"2016-10-07 21:51","ZooDefs.java","33954","111681","145635"
"2014-01-24 07:18","ZooDefs.java","29127","83478","112605"
"2017-07-28 00:36","ZooDefs.java","35930","114756","150686"
"2019-01-16 14:21","ZooDefs.java","158344","232956","391300"
"2019-01-07 14:24","ZooDefs.java","158343","231805","390148"
"2019-11-08 17:30","ZooDefs.java","158401","262647","421048"
"2011-08-19 00:05","ZooDefs.java","19825","50294","70119"
"2011-07-01 00:53","ZooDefs.java","21753","46503","68256"
"2019-07-31 19:06","ZooDefs.java","158401","256340","414741"
"2019-02-07 11:26","ZooDefs.java","158345","235309","393654"
"2014-04-29 02:23","ZooDefs.java","30636","88252","118888"
"2011-04-12 09:14","LockListener.java","17765","83817","101582"
"2019-08-27 09:23","LockListener.java","112979","258151","371130"
"2019-08-17 17:13","GetCommand.java","223892","255250","479142"
"2019-01-31 15:55","GetCommand.java","223774","232791","456565"
"2019-08-17 17:13","ObserverBean.java","154189","257187","411376"
"2015-10-31 23:18","ObserverBean.java","32258","110743","143001"
"2019-11-29 14:49","ObserverBean.java","155128","264683","419811"
"2018-12-09 03:16","ObserverBean.java","154139","229795","383934"
"2019-10-09 16:38","ReferenceCountedACLCache.java","2498","5995","8493"
"2019-10-10 14:37","ReferenceCountedACLCache.java","3717","7470","11187"
"2019-08-17 17:13","CommitProcessor.java","224721","255117","479838"
"2019-07-30 02:31","CommitProcessor.java","224721","253038","477759"
"2019-08-03 08:42","CommitProcessor.java","224721","255825","480546"
"2019-04-09 15:35","CommitProcessor.java","224611","235864","460475"
"2019-04-25 02:11","CommitProcessor.java","224701","238817","463518"
"2019-01-07 14:24","CommitProcessor.java","224581","229807","454388"
"2020-03-25 03:38","CommitProcessor.java","226455","269636","496091"
"2019-10-10 14:37","CommitProcessor.java","224722","258871","483593"
"2019-11-11 13:55","CommitProcessor.java","224770","260874","485644"
"2019-12-27 22:33","CommitProcessor.java","226454","265528","491982"
"2011-04-12 09:14","SessionsResource.java","15865","10270","26135"
"2018-11-17 18:33","ServerCnxn.java","177043","224910","401953"
"2019-01-14 19:38","ServerCnxn.java","177044","232128","409172"
"2019-04-12 19:01","ServerCnxn.java","177113","238712","415825"
"2014-07-18 02:19","ServerCnxn.java","21527","55427","76954"
"2018-09-18 01:00","ServerCnxn.java","113047","174820","287867"
"2019-07-08 23:26","ServerCnxn.java","177112","245680","422792"
"2016-11-16 06:21","ServerCnxn.java","25970","76028","101998"
"2019-08-17 17:13","ServerCnxn.java","177112","256904","434016"
"2019-07-03 00:44","ServerCnxn.java","177112","244917","422029"
"2015-03-28 20:08","ServerCnxn.java","22100","62962","85062"
"2015-06-28 21:09","ServerCnxn.java","23324","65886","89210"
"2018-07-12 01:33","ServerCnxn.java","38741","95440","134181"
"2018-08-08 06:21","ServerCnxn.java","90372","149039","239411"
"2017-11-28 00:10","ServerCnxn.java","30580","83357","113937"
"2019-11-18 09:05","ServerCnxn.java","178210","261146","439356"
"2020-02-26 22:41","ServerCnxn.java","178210","268656","446866"
"2018-09-28 23:38","ServerCnxn.java","113203","177550","290753"
"2019-11-11 13:59","ServerCnxn.java","177112","264314","441426"
"2019-08-17 17:13","WatcherFuncTest.java","167976","257015","424991"
"2018-12-06 10:56","FastLeaderElection.java","210607","226568","437175"
"2019-10-10 14:37","FastLeaderElection.java","210717","259903","470620"
"2019-09-30 23:22","FastLeaderElection.java","210717","259530","470247"
"2014-07-20 04:50","FastLeaderElection.java","40","102","142"
"2020-04-07 09:07","FastLeaderElection.java","212159","270966","483125"
"2019-01-18 03:42","FastLeaderElection.java","210609","232067","442676"
"2017-09-11 18:55","FastLeaderElection.java","15751","30312","46063"
"2018-08-29 06:26","FastLeaderElection.java","106919","131763","238682"
"2015-02-06 06:17","FastLeaderElection.java","1209","5501","6710"
"2018-04-30 06:34","FastLeaderElection.java","16886","37429","54315"
"2019-08-17 17:13","FastLeaderElection.java","210717","256150","466867"
"2019-08-02 20:08","FastLeaderElection.java","210717","256931","467648"
"2017-01-13 19:29","FastLeaderElection.java","9747","26648","36395"
"2019-08-03 08:42","FastLeaderElection.java","210717","256858","467575"
"2019-08-17 17:13","SessionTimeoutTest.java","30086","52383","82469"
"2019-09-18 11:20","SessionTimeoutTest.java","31562","56771","88333"
"2019-10-10 14:37","LeaderSessionTracker.java","215122","259842","474964"
"2018-08-08 06:21","LeaderSessionTracker.java","83378","103220","186598"
"2019-08-17 17:13","LeaderSessionTracker.java","215122","256089","471211"
"2019-08-17 17:13","DataNode.java","218393","255978","474371"
"2016-10-07 21:51","DataNode.java","6482","11533","18015"
"2019-01-07 14:24","DataNode.java","218281","230696","448977"
"2017-02-05 07:22","DataNode.java","7746","17057","24803"
"2019-07-31 19:06","DataNode.java","218393","255285","473678"
"2019-12-27 22:33","DataNode.java","219938","266201","486139"
"2015-10-18 19:00","QuorumPeer.java","17246","156939","174185"
"2018-12-20 15:13","QuorumPeer.java","90075","231249","321324"
"2019-05-16 16:25","QuorumPeer.java","90103","242506","332609"
"2018-10-16 16:22","QuorumPeer.java","68706","242954","311660"
"2019-06-14 09:06","QuorumPeer.java","90102","245704","335806"
"2010-03-16 23:25","QuorumPeer.java","8810","87162","95972"
"2018-12-07 12:41","QuorumPeer.java","90075","228263","318338"
"2012-04-23 01:20","QuorumPeer.java","14262","113632","127894"
"2012-07-17 23:19","QuorumPeer.java","14278","114420","128698"
"2019-03-11 19:47","QuorumPeer.java","90081","237683","327764"
"2012-02-27 03:41","QuorumPeer.java","14098","111383","125481"
"2014-07-18 02:19","QuorumPeer.java","16981","146940","163921"
"2019-02-13 13:12","QuorumPeer.java","90082","236632","326714"
"2011-04-29 18:12","QuorumPeer.java","10994","100406","111400"
"2019-04-12 19:01","QuorumPeer.java","90103","239514","329617"
"2018-12-09 03:16","QuorumPeer.java","90075","230337","320412"
"2018-09-11 15:23","QuorumPeer.java","52871","209448","262319"
"2019-11-29 14:49","QuorumPeer.java","90558","264719","355277"
"2013-03-07 07:01","QuorumPeer.java","15166","126374","141540"
"2018-12-15 07:34","QuorumPeer.java","90075","230252","320327"
"2018-11-27 10:02","QuorumPeer.java","90075","228013","318088"
"2018-09-18 01:00","QuorumPeer.java","52917","210749","263666"
"2009-11-18 18:47","QuorumPeer.java","7839","70111","77950"
"2012-02-06 09:40","QuorumPeer.java","13935","110979","124914"
"2019-06-03 19:40","QuorumPeer.java","90102","243037","333139"
"2019-07-15 14:15","QuorumPeer.java","90102","253125","343227"
"2015-03-17 18:06","QuorumPeer.java","17144","153076","170220"
"2019-07-03 00:44","QuorumPeer.java","90102","245719","335821"
"2009-06-18 18:37","QuorumPeer.java","4871","48968","53839"
"2019-08-17 17:13","QuorumPeer.java","90102","257706","347808"
"2015-06-27 02:03","QuorumPeer.java","17214","155835","173049"
"2009-11-18 20:06","QuorumPeer.java","7857","72463","80320"
"2017-11-28 00:10","QuorumPeer.java","20020","168856","188876"
"2014-01-21 04:50","QuorumPeer.java","15377","133735","149112"
"2014-06-04 22:07","QuorumPeer.java","16789","140948","157737"
"2018-01-30 08:02","QuorumPeer.java","20053","169042","189095"
"2019-05-15 11:56","QuorumPeer.java","90103","242461","332564"
"2019-06-05 00:33","QuorumPeer.java","90102","243427","333529"
"2009-02-06 22:19","QuorumPeer.java","2800","16286","19086"
"2019-05-20 23:13","QuorumPeer.java","90103","242579","332682"
"2019-06-04 10:55","QuorumPeer.java","90102","243190","333292"
"2019-07-12 17:01","QuorumPeer.java","90102","253019","343121"
"2020-01-09 11:27","QuorumPeer.java","90558","266265","356823"
"2017-02-09 11:40","QuorumPeer.java","19239","166851","186090"
"2011-06-14 07:14","QuorumPeer.java","11034","102061","113095"
"2009-04-17 00:59","QuorumPeer.java","3688","18977","22665"
"2017-07-06 18:48","QuorumPeer.java","19919","165217","185136"
"2018-10-01 06:11","QuorumPeer.java","53006","213417","266423"
"2015-04-09 20:16","QuorumPeer.java","17146","154141","171287"
"2013-10-07 21:08","QuorumPeer.java","15286","129310","144596"
"2013-09-30 22:20","QuorumPeer.java","15281","128874","144155"
"2018-07-04 17:11","QuorumPeer.java","26320","178870","205190"
"2019-12-17 13:48","QuorumPeer.java","90558","265291","355849"
"2015-12-07 05:59","QuorumPeer.java","17291","157742","175033"
"2020-01-23 13:43","QuorumPeer.java","90558","268089","358647"
"2016-06-23 23:45","QuorumPeer.java","18709","160230","178939"
"2011-05-03 19:57","QuorumPeer.java","10995","100411","111406"
"2016-06-23 23:25","QuorumPeer.java","18709","160122","178831"
"2010-03-09 05:44","QuorumPeer.java","8708","86285","94993"
"2010-03-12 19:26","QuorumPeer.java","8786","87093","95879"
"2014-03-23 04:12","QuorumPeer.java","15494","136072","151566"
"2013-09-26 00:13","QuorumPeer.java","15279","128628","143907"
"2011-06-17 01:34","QuorumPeer.java","11079","102177","113256"
"2011-06-14 14:11","QuorumPeer.java","11034","102088","113122"
"2010-03-10 02:27","QuorumPeer.java","8712","86503","95215"
"2010-03-10 19:52","QuorumPeer.java","8719","86596","95315"
"2014-07-18 20:48","QuorumPeer.java","16986","147404","164390"
"2014-07-04 04:19","QuorumPeer.java","16797","142599","159396"
"2018-12-06 10:56","QuorumPeer.java","90075","228207","318282"
"2014-06-25 15:04","QuorumPeer.java","16791","141447","158238"
"2014-03-28 01:58","QuorumPeer.java","15496","136492","151988"
"2009-10-30 17:19","QuorumPeer.java","7253","62986","70239"
"2009-11-20 23:28","QuorumPeer.java","7892","72777","80669"
"2009-12-18 03:19","QuorumPeer.java","8230","73688","81918"
"2009-12-15 23:23","QuorumPeer.java","8052","73236","81288"
"2013-10-21 23:36","QuorumPeer.java","15336","132102","147438"
"2019-10-10 14:37","QuorumPeer.java","90102","261459","351561"
"2013-11-07 06:41","QuorumPeer.java","15363","132560","147923"
"2017-07-27 23:09","QuorumPeer.java","19927","164239","184166"
"2014-05-18 05:49","QuorumPeer.java","16780","140450","157230"
"2011-10-25 08:09","QuorumPeer.java","13679","108219","121898"
"2014-03-25 22:13","QuorumPeer.java","15494","136308","151802"
"2011-04-12 09:14","QuorumPeer.java","10971","100048","111019"
"2011-11-01 08:15","QuorumPeer.java","13754","108483","122237"
"2011-03-16 19:49","QuorumPeer.java","10666","141216","151882"
"2018-06-26 11:18","QuorumPeer.java","20151","172683","192834"
"2018-07-27 12:32","QuorumPeer.java","26364","180114","206478"
"2019-04-18 19:17","QuorumPeer.java","90103","240224","330327"
"2011-10-27 23:25","QuorumPeer.java","13705","108405","122110"
"2011-08-30 08:37","QuorumPeer.java","9530","106956","116486"
"2011-08-30 08:29","QuorumPeer.java","9530","106944","116474"
"2010-08-18 08:24","QuorumPeer.java","10069","108101","118170"
"2013-10-09 22:21","QuorumPeer.java","15337","131740","147077"
"2016-12-20 14:47","QuorumPeer.java","19195","165672","184867"
"2011-05-20 01:17","QuorumPeer.java","10999","100895","111894"
"2010-05-05 22:32","QuorumPeer.java","9587","87924","97511"
"2017-05-11 16:59","QuorumPeer.java","19889","164320","184209"
"2014-07-03 06:01","QuorumPeer.java","16796","142176","158972"
"2014-08-14 08:08","QuorumPeer.java","17043","148322","165365"
"2014-08-01 07:38","QuorumPeer.java","17039","147897","164936"
"2009-04-24 20:26","QuorumPeer.java","4101","27992","32093"
"2014-07-20 04:50","QuorumPeer.java","16995","147475","164470"
"2016-06-02 00:59","QuorumPeer.java","18707","159751","178458"
"2020-02-16 10:25","QuorumPeer.java","90558","268802","359360"
"2018-12-20 15:13","QuorumPeer.java","87732","62905","150637"
"2019-05-16 16:25","QuorumPeer.java","95340","81742","177082"
"2019-06-14 09:06","QuorumPeer.java","95680","85281","180961"
"2018-12-07 12:41","QuorumPeer.java","86750","58937","145687"
"2019-03-11 19:47","QuorumPeer.java","94545","76146","170691"
"2019-02-13 13:12","QuorumPeer.java","94481","75030","169511"
"2019-04-12 19:01","QuorumPeer.java","95007","78417","173424"
"2018-12-09 03:16","QuorumPeer.java","86969","61230","148199"
"2019-11-29 14:49","QuorumPeer.java","113902","122062","235964"
"2018-12-15 07:34","QuorumPeer.java","87714","61890","149604"
"2018-11-27 10:02","QuorumPeer.java","86631","58568","145199"
"2019-06-03 19:40","QuorumPeer.java","95513","82447","177960"
"2019-07-15 14:15","QuorumPeer.java","98094","95116","193210"
"2019-07-03 00:44","QuorumPeer.java","97124","86740","183864"
"2019-08-17 17:13","QuorumPeer.java","109882","111485","221367"
"2019-05-15 11:56","QuorumPeer.java","95317","81674","176991"
"2019-06-05 00:33","QuorumPeer.java","95656","82980","178636"
"2019-05-20 23:13","QuorumPeer.java","95381","81856","177237"
"2019-06-04 10:55","QuorumPeer.java","95628","82715","178343"
"2019-07-12 17:01","QuorumPeer.java","98094","95010","193104"
"2020-01-09 11:27","QuorumPeer.java","114782","124488","239270"
"2019-12-17 13:48","QuorumPeer.java","113910","122642","236552"
"2020-01-23 13:43","QuorumPeer.java","114937","126467","241404"
"2018-12-06 10:56","QuorumPeer.java","86676","58807","145483"
"2019-10-10 14:37","QuorumPeer.java","111293","116649","227942"
"2019-04-18 19:17","QuorumPeer.java","95029","79149","174178"
"2020-02-16 10:25","QuorumPeer.java","115061","127304","242365"
"2019-06-26 10:57","ZooDefs.java","133697","245350","379047"
"2015-06-04 19:51","ZooDefs.java","29924","125352","155276"
"2019-08-17 17:13","ZooDefs.java","133697","257500","391197"
"2016-10-07 21:51","ZooDefs.java","31964","132443","164407"
"2010-01-26 03:03","ZooDefs.java","7723","32894","40617"
"2014-01-24 07:18","ZooDefs.java","27740","104843","132583"
"2017-07-28 00:36","ZooDefs.java","33376","134954","168330"
"2019-01-16 14:21","ZooDefs.java","133653","233436","367089"
"2019-01-07 14:24","ZooDefs.java","133653","232286","365939"
"2019-11-08 17:30","ZooDefs.java","133697","263114","396811"
"2011-08-19 00:05","ZooDefs.java","21110","74331","95441"
"2011-07-01 00:53","ZooDefs.java","23017","72938","95955"
"2019-07-31 19:06","ZooDefs.java","133697","256807","390504"
"2019-02-07 11:26","ZooDefs.java","133653","235788","369441"
"2014-04-29 02:23","ZooDefs.java","29121","109489","138610"
"2009-10-31 00:09","ZooDefs.java","5674","18456","24130"
"2019-06-26 10:57","ZooDefs.java","200382","244142","444524"
"2015-06-04 19:51","ZooDefs.java","11517","29842","41359"
"2019-08-17 17:13","ZooDefs.java","200382","256292","456674"
"2016-10-07 21:51","ZooDefs.java","17313","40689","58002"
"2017-07-28 00:36","ZooDefs.java","23116","47591","70707"
"2019-01-16 14:21","ZooDefs.java","200276","232166","432442"
"2019-01-07 14:24","ZooDefs.java","200275","231015","431290"
"2019-11-08 17:30","ZooDefs.java","200410","261934","462344"
"2019-07-31 19:06","ZooDefs.java","200382","255599","455981"
"2019-02-07 11:26","ZooDefs.java","200277","234519","434796"
"2014-04-29 02:23","ZooDefs.java","7729","10994","18723"
"2019-05-03 17:37","MBeanRegistry.java","231537","238264","469801"
"2019-08-17 17:13","MBeanRegistry.java","231558","254163","485721"
"2019-10-10 14:37","MBeanRegistry.java","231559","257917","489476"
"2019-11-21 05:58","WatchLeakTest.java","9029","12196","21225"
"2019-08-17 17:13","Leader.java","25828","30409","56237"
"2019-07-25 21:41","Leader.java","931","1995","2926"
"2019-08-03 08:42","Leader.java","2268","7557","9825"
"2019-11-29 14:49","Leader.java","34076","45214","79290"
"2020-03-25 03:38","Leader.java","35896","53262","89158"
"2019-12-27 22:33","Leader.java","34226","47485","81711"
"2019-10-10 14:37","Leader.java","28279","36613","64892"
"2018-11-17 18:33","ServerCnxn.java","210148","224115","434263"
"2019-01-14 19:38","ServerCnxn.java","210150","231334","441484"
"2019-04-12 19:01","ServerCnxn.java","210243","237942","448185"
"2018-09-18 01:00","ServerCnxn.java","112356","140229","252585"
"2019-07-08 23:26","ServerCnxn.java","210259","244927","455186"
"2016-11-16 06:21","ServerCnxn.java","9032","25190","34222"
"2019-08-17 17:13","ServerCnxn.java","210259","256151","466410"
"2019-07-03 00:44","ServerCnxn.java","210259","244164","454423"
"2015-03-28 20:08","ServerCnxn.java","1670","8632","10302"
"2015-06-28 21:09","ServerCnxn.java","3625","12287","15912"
"2018-07-12 01:33","ServerCnxn.java","25662","48461","74123"
"2018-08-08 06:21","ServerCnxn.java","83371","108138","191509"
"2017-11-28 00:10","ServerCnxn.java","16335","35212","51547"
"2019-11-18 09:05","ServerCnxn.java","211699","260735","472434"
"2020-02-26 22:41","ServerCnxn.java","211700","268246","479946"
"2018-09-28 23:38","ServerCnxn.java","113030","143477","256507"
"2019-11-11 13:59","ServerCnxn.java","210287","263589","473876"
"2019-10-10 14:37","LocalSessionRequestTest.java","2946","3836","6782"
"2019-07-31 19:06","FourLetterCommands.java","224242","254572","478814"
"2019-08-17 17:13","FourLetterCommands.java","224242","255265","479507"
"2019-08-17 17:13","Leader.java","216164","256083","472247"
"2019-06-29 00:33","Leader.java","216163","244069","460232"
"2019-06-03 19:40","Leader.java","216163","241413","457576"
"2019-07-15 14:15","Leader.java","216164","251502","467666"
"2019-07-25 21:41","Leader.java","216164","252566","468730"
"2018-05-10 06:00","Leader.java","16269","32162","48431"
"2018-07-12 01:33","Leader.java","25591","42417","68008"
"2018-02-07 01:05","Leader.java","15875","29634","45509"
"2017-11-28 00:10","Leader.java","15413","28317","43730"
"2019-06-05 00:33","Leader.java","216163","241803","457966"
"2015-04-10 22:22","Leader.java","60","1128","1188"
"2019-08-03 08:42","Leader.java","216164","256791","472955"
"2019-06-05 23:57","Leader.java","216163","242072","458235"
"2017-01-13 19:29","Leader.java","8762","20149","28911"
"2019-01-07 14:55","Leader.java","216053","230863","446916"
"2019-04-12 19:01","Leader.java","216147","237873","454020"
"2018-12-09 03:16","Leader.java","216052","228629","444681"
"2018-08-17 14:40","Leader.java","83390","102512","185902"
"2019-11-29 14:49","Leader.java","217616","264092","481708"
"2018-11-27 10:02","Leader.java","216052","226305","442357"
"2017-02-15 23:04","Leader.java","11862","20293","32155"
"2018-08-29 06:26","Leader.java","107154","126484","233638"
"2018-08-03 18:52","Leader.java","36140","54464","90604"
"2017-09-11 18:55","Leader.java","14967","24014","38981"
"2018-09-18 01:00","Leader.java","112468","134368","246836"
"2016-12-20 14:47","Leader.java","8671","19216","27887"
"2016-06-23 23:25","Leader.java","6472","11953","18425"
"2016-06-23 23:45","Leader.java","6507","12096","18603"
"2020-03-25 03:38","Leader.java","217618","270322","487940"
"2019-12-27 22:33","Leader.java","217617","266214","483831"
"2016-08-13 15:01","Leader.java","7020","13304","20324"
"2019-10-10 14:37","Leader.java","216164","259836","476000"
"2019-08-17 17:13","EventTypeTest.java","175348","256659","432007"
"2008-10-20 23:07","LearnerSyncRequest.java","3021","14174","17195"
"2019-08-17 17:13","LearnerSyncRequest.java","72747","257710","330457"
"2009-10-30 17:19","LearnerSyncRequest.java","12195","85287","97482"
"2019-11-22 23:42","ZKClientConfig.java","8439","9571","18010"
"2019-11-04 02:01","ZKClientConfig.java","3038","3583","6621"
"2020-01-30 09:43","FileSnap.java","35055","46222","81277"
"2019-08-17 17:13","FileSnap.java","24762","25455","50217"
"2019-12-03 19:12","FileSnap.java","33272","40580","73852"
"2019-12-27 22:33","FileSnap.java","33459","42830","76289"
"2019-10-10 14:37","FileSnap.java","27447","31893","59340"
"2020-01-28 17:26","FileSnap.java","35031","46122","81153"
"2019-08-17 17:13","SyncCallTest.java","29686","45184","74870"
"2019-09-18 11:20","SyncCallTest.java","31442","49852","81294"
"2019-10-10 14:37","SyncCallTest.java","32069","51320","83389"
"2019-09-11 10:27","PrepRequestProcessorTest.java","310","747","1057"
"2019-12-27 22:33","PrepRequestProcessorTest.java","8617","16376","24993"
"2019-08-17 17:13","WatchLeakTest.java","217720","256072","473792"
"2019-05-20 17:18","WatchLeakTest.java","217702","240845","458547"
"2019-11-21 05:58","WatchLeakTest.java","219176","260695","479871"
"2015-07-07 07:11","WatchLeakTest.java","1563","2863","4426"
"2018-09-15 00:08","ZooKeeperServer.java","112138","151520","263658"
"2019-04-12 19:01","ZooKeeperServer.java","198290","238151","436441"
"2019-07-31 19:06","ZooKeeperServer.java","198306","255667","453973"
"2019-09-11 10:27","ZooKeeperServer.java","198306","257716","456022"
"2019-01-14 19:38","ZooKeeperServer.java","198207","231553","429760"
"2019-01-07 15:34","ZooKeeperServer.java","198207","231154","429361"
"2018-11-21 17:56","ZooKeeperServer.java","198205","224349","422554"
"2017-04-28 07:14","ZooKeeperServer.java","20882","48346","69228"
"2017-02-12 00:12","ZooKeeperServer.java","20803","47368","68171"
"2014-07-18 02:19","ZooKeeperServer.java","9471","21633","31104"
"2019-02-13 13:12","ZooKeeperServer.java","198227","235227","433454"
"2016-11-24 17:18","ZooKeeperServer.java","18093","46434","64527"
"2018-07-19 05:59","ZooKeeperServer.java","42857","78306","121163"
"2018-09-18 01:00","ZooKeeperServer.java","112198","152233","264431"
"2019-03-04 08:07","ZooKeeperServer.java","198226","235803","434029"
"2019-07-08 23:26","ZooKeeperServer.java","198306","245136","443442"
"2019-01-23 14:00","ZooKeeperServer.java","198208","232989","431197"
"2019-02-13 13:19","ZooKeeperServer.java","198227","235513","433740"
"2019-05-14 17:11","ZooKeeperServer.java","198290","241011","439301"
"2015-07-10 08:19","ZooKeeperServer.java","12734","33883","46617"
"2019-06-04 10:55","ZooKeeperServer.java","198306","241844","440150"
"2019-04-09 15:35","ZooKeeperServer.java","198227","237138","435365"
"2019-08-03 08:42","ZooKeeperServer.java","198306","257068","455374"
"2019-05-15 11:56","ZooKeeperServer.java","198290","241098","439388"
"2019-05-22 11:39","ZooKeeperServer.java","198290","241544","439834"
"2019-04-22 19:15","ZooKeeperServer.java","198290","239126","437416"
"2018-02-23 23:49","ZooKeeperServer.java","24207","56445","80652"
"2016-11-16 06:21","ZooKeeperServer.java","17523","45843","63366"
"2017-08-18 06:32","ZooKeeperServer.java","23183","50187","73370"
"2017-06-26 00:16","ZooKeeperServer.java","22070","49066","71136"
"2019-09-10 04:26","ZooKeeperServer.java","198306","257405","455711"
"2019-08-17 17:13","ZooKeeperServer.java","198306","256360","454666"
"2019-09-05 23:12","ZooKeeperServer.java","198306","257279","455585"
"2019-09-10 15:21","ZooKeeperServer.java","198306","257403","455709"
"2019-08-01 07:31","ZooKeeperServer.java","198306","257031","455337"
"2019-08-01 07:28","ZooKeeperServer.java","198306","256541","454847"
"2019-06-03 19:40","ZooKeeperServer.java","198306","241691","439997"
"2015-03-17 18:06","ZooKeeperServer.java","10847","28982","39829"
"2019-11-23 17:08","ZooKeeperServer.java","199655","262410","462065"
"2019-10-09 16:49","ZooKeeperServer.java","198306","259946","458252"
"2019-07-03 00:44","ZooKeeperServer.java","198306","244373","442679"
"2018-01-19 01:12","ZooKeeperServer.java","24120","55316","79436"
"2019-07-24 18:00","ZooKeeperServer.java","198306","252815","451121"
"2018-08-08 06:21","ZooKeeperServer.java","85602","122531","208133"
"2018-05-09 23:57","ZooKeeperServer.java","24362","58105","82467"
"2019-12-27 22:33","ZooKeeperServer.java","199655","266387","466042"
"2016-08-13 15:01","ZooKeeperServer.java","16889","41308","58197"
"2018-09-11 00:17","ZooKeeperServer.java","112121","149954","262075"
"2019-11-18 09:05","ZooKeeperServer.java","199655","260853","460508"
"2019-10-10 14:37","ZooKeeperServer.java","198306","260113","458419"
"2019-09-16 23:26","ZooKeeperServer.java","198306","259379","457685"
"2017-06-23 18:39","ZooKeeperServer.java","22004","49020","71024"
"2019-12-03 10:01","ZooKeeperServer.java","199655","264312","463967"
"2020-03-25 03:38","ZooKeeperServer.java","199655","270494","470149"
"2019-11-28 12:24","ZooKeeperServer.java","199655","262615","462270"
"2019-11-06 15:21","ZooKeeperServer.java","198334","260357","458691"
"2020-04-12 11:14","ZooKeeperServer.java","199655","271247","470902"
"2015-03-08 23:07","ZooKeeperServer.java","10714","27801","38515"
"2018-06-08 16:52","ZooKeeperServer.java","24486","58978","83464"
"2018-06-15 07:41","ZooKeeperServer.java","24492","58987","83479"
"2018-07-28 04:37","ZooKeeperServer.java","42930","78955","121885"
"2019-04-18 19:17","ZooKeeperServer.java","198290","238861","437151"
"2014-03-25 22:13","ZooKeeperServer.java","571","3588","4159"
"2015-03-17 18:06","NIOServerCnxnFactory.java","11949","41264","53213"
"2019-07-03 00:44","NIOServerCnxnFactory.java","187173","244420","431593"
"2019-08-17 17:13","NIOServerCnxnFactory.java","187173","256407","443580"
"2019-08-03 08:42","NIOServerCnxnFactory.java","187173","257115","444288"
"2019-04-22 19:15","NIOServerCnxnFactory.java","187157","239173","426330"
"2014-09-28 19:15","NIOServerCnxnFactory.java","11430","37370","48800"
"2018-11-23 11:51","NIOServerCnxnFactory.java","187073","225080","412153"
"2019-02-13 13:12","NIOServerCnxnFactory.java","187094","235274","422368"
"2014-07-18 02:19","NIOServerCnxnFactory.java","10900","34242","45142"
"2013-03-07 07:01","NIOServerCnxnFactory.java","1096","5687","6783"
"2018-10-24 04:03","NIOServerCnxnFactory.java","167791","235323","403114"
"2019-04-12 19:01","NIOServerCnxnFactory.java","187157","238198","425355"
"2018-06-15 08:02","NIOServerCnxnFactory.java","24107","69785","93892"
"2016-06-23 23:45","NIOServerCnxnFactory.java","17134","52038","69172"
"2014-03-23 04:12","NIOServerCnxnFactory.java","3125","17086","20211"
"2019-10-10 14:37","NIOServerCnxnFactory.java","187173","260160","447333"
"2019-11-14 03:54","NIOServerCnxnFactory.java","187201","264444","451645"
"2008-10-08 20:00","Vote.java","2189","16397","18586"
"2019-08-17 17:13","Vote.java","59505","257710","317215"
"2011-06-14 07:14","Vote.java","12870","134498","147368"
"2014-07-08 05:25","Vote.java","18555","167452","186007"
"2018-12-06 10:56","Vote.java","59477","228210","287687"
"2011-06-17 01:34","Vote.java","12902","134601","147503"
"2011-04-12 09:14","Vote.java","12826","132504","145330"
"2019-07-25 21:41","LeaderBean.java","231754","251330","483084"
"2019-08-17 17:13","LeaderBean.java","231754","254847","486601"
"2019-01-07 14:55","LeaderBean.java","231605","229589","461194"
"2018-08-17 14:40","LeaderBean.java","58428","60724","119152"
"2019-08-17 17:13","DataNode.java","223293","255827","479120"
"2019-01-07 14:24","DataNode.java","223174","230538","453712"
"2017-02-05 07:22","DataNode.java","1337","5597","6934"
"2019-07-31 19:06","DataNode.java","223293","255134","478427"
"2019-12-27 22:33","DataNode.java","224880","266092","490972"
"2019-05-14 17:11","SyncRequestProcessor.java","57679","242509","300188"
"2008-09-04 19:02","SyncRequestProcessor.java","396","851","1247"
"2010-03-14 05:01","SyncRequestProcessor.java","11401","122286","133687"
"2019-06-05 00:46","SyncRequestProcessor.java","57679","243702","301381"
"2019-05-22 11:39","SyncRequestProcessor.java","57679","243042","300721"
"2009-02-20 01:23","SyncRequestProcessor.java","8209","54394","62603"
"2009-01-16 00:48","SyncRequestProcessor.java","7455","40033","47488"
"2013-09-30 22:20","SyncRequestProcessor.java","16913","155069","171982"
"2019-06-03 19:40","SyncRequestProcessor.java","57679","243173","300852"
"2019-08-17 17:13","SyncRequestProcessor.java","57679","257842","315521"
"2009-06-18 18:37","SyncRequestProcessor.java","9216","85872","95088"
"2009-11-07 08:16","SyncRequestProcessor.java","10703","100274","110977"
"2019-10-10 14:37","SyncRequestProcessor.java","57679","261595","319274"
"2013-10-24 20:41","SyncRequestProcessor.java","16942","158612","175554"
"2020-01-07 20:39","SyncRequestProcessor.java","58000","267216","325216"
"2020-03-25 03:38","SyncRequestProcessor.java","58000","270948","328948"
"2010-08-18 08:24","SyncRequestProcessor.java","12151","142742","154893"
"2015-03-08 23:07","SyncRequestProcessor.java","18477","177924","196401"
"2008-10-01 08:26","SyncRequestProcessor.java","2205","17140","19345"
"2011-04-12 09:14","SyncRequestProcessor.java","12711","134347","147058"
"2019-04-30 18:08","SyncRequestProcessor.java","57679","241678","299357"
"2020-03-19 17:09","MultipleAddressesTest.java","2119","4181","6300"
"2020-03-12 14:47","CnxManagerTest.java","39404","66016","105420"
"2019-08-17 17:13","CnxManagerTest.java","29523","44192","73715"
"2019-07-12 17:01","CnxManagerTest.java","4733","14715","19448"
"2019-08-06 12:52","CnxManagerTest.java","6967","22609","29576"
"2019-06-14 09:06","CnxManagerTest.java","896","3563","4459"
"2019-11-29 14:49","CnxManagerTest.java","37692","58918","96610"
"2020-02-16 10:25","CnxManagerTest.java","39313","64622","103935"
"2019-10-10 14:37","CnxManagerTest.java","31925","50347","82272"
"2019-11-29 14:49","QuorumPeer.java","37203","55762","92965"
"2019-07-15 14:15","QuorumPeer.java","3853","11274","15127"
"2019-07-03 00:44","QuorumPeer.java","2810","2825","5635"
"2019-08-17 17:13","QuorumPeer.java","29003","41005","70008"
"2019-07-12 17:01","QuorumPeer.java","3853","11168","15021"
"2020-01-09 11:27","QuorumPeer.java","38279","58384","96663"
"2019-12-17 13:48","QuorumPeer.java","37252","56383","93635"
"2020-01-23 13:43","QuorumPeer.java","38697","60626","99323"
"2019-10-10 14:37","QuorumPeer.java","31421","47176","78597"
"2020-02-16 10:25","QuorumPeer.java","38833","61475","100308"
"2019-08-17 17:13","ZooKeeperTestClient.java","142084","257500","399584"
"2015-02-06 06:17","ZooKeeperTestClient.java","32042","117513","149555"
"2010-03-31 06:26","ZooKeeperTestClient.java","14591","40968","55559"
"2009-10-31 00:09","ZooKeeperTestClient.java","2906","7301","10207"
"2019-08-17 17:13","ConnectStringParserTest.java","108278","112838","221116"
"2018-09-07 02:49","ClientBase.java","102904","113974","216878"
"2019-07-31 19:06","ClientBase.java","223920","254557","478477"
"2017-09-11 18:55","ClientBase.java","2133","2591","4724"
"2019-08-17 17:13","ClientBase.java","223920","255250","479170"
"2019-06-07 14:13","ClientBase.java","223919","241353","465272"
"2018-04-24 00:20","ClientBase.java","3390","9624","13014"
"2018-08-08 06:21","ClientBase.java","72567","82772","155339"
"2018-05-09 23:57","ClientBase.java","3634","10653","14287"
"2019-06-24 11:05","ClientBase.java","223919","242582","466501"
"2019-11-14 16:44","ClientBase.java","223968","263325","487293"
"2019-10-10 14:37","ClientBase.java","223920","259003","482923"
"2019-04-12 19:01","ZooKeeperServer.java","879","3740","4619"
"2019-07-31 19:06","ZooKeeperServer.java","8007","28368","36375"
"2019-09-11 10:27","ZooKeeperServer.java","31393","53803","85196"
"2019-03-04 08:07","ZooKeeperServer.java","253","830","1083"
"2019-07-08 23:26","ZooKeeperServer.java","5266","15096","20362"
"2019-05-14 17:11","ZooKeeperServer.java","1255","6976","8231"
"2019-06-04 10:55","ZooKeeperServer.java","1758","8296","10054"
"2019-04-09 15:35","ZooKeeperServer.java","527","2438","2965"
"2019-08-03 08:42","ZooKeeperServer.java","8355","30117","38472"
"2019-05-15 11:56","ZooKeeperServer.java","1328","7136","8464"
"2019-05-22 11:39","ZooKeeperServer.java","1413","7667","9080"
"2019-04-22 19:15","ZooKeeperServer.java","901","4737","5638"
"2019-09-10 04:26","ZooKeeperServer.java","31351","53450","84801"
"2019-08-17 17:13","ZooKeeperServer.java","30099","51153","81252"
"2019-09-05 23:12","ZooKeeperServer.java","31317","53290","84607"
"2019-09-10 15:21","ZooKeeperServer.java","31361","53458","84819"
"2019-08-01 07:31","ZooKeeperServer.java","8086","29811","37897"
"2019-08-01 07:28","ZooKeeperServer.java","8014","29249","37263"
"2019-06-03 19:40","ZooKeeperServer.java","1616","8001","9617"
"2019-11-23 17:08","ZooKeeperServer.java","37478","63233","100711"
"2019-10-09 16:49","ZooKeeperServer.java","31725","56365","88090"
"2019-07-03 00:44","ZooKeeperServer.java","5198","14265","19463"
"2019-07-24 18:00","ZooKeeperServer.java","6586","24095","30681"
"2019-12-27 22:33","ZooKeeperServer.java","37929","67661","105590"
"2019-11-18 09:05","ZooKeeperServer.java","37296","61494","98790"
"2019-10-10 14:37","ZooKeeperServer.java","32188","56995","89183"
"2019-09-16 23:26","ZooKeeperServer.java","31393","55466","86859"
"2019-12-03 10:01","ZooKeeperServer.java","37806","65463","103269"
"2020-03-25 03:38","ZooKeeperServer.java","39401","73240","112641"
"2019-11-28 12:24","ZooKeeperServer.java","37533","63493","101026"
"2019-11-06 15:21","ZooKeeperServer.java","32323","57346","89669"
"2020-04-12 11:14","ZooKeeperServer.java","39990","74582","114572"
"2019-04-18 19:17","ZooKeeperServer.java","901","4472","5373"
"2019-10-10 14:37","UnifiedServerSocket.java","3717","7470","11187"
"2019-11-29 14:49","QuorumZooKeeperServer.java","9773","16330","26103"
"2020-03-25 03:38","QuorumZooKeeperServer.java","12133","24918","37051"
"2019-10-10 14:37","QuorumZooKeeperServer.java","3717","7470","11187"
"2014-08-14 14:33","QuorumPeerInstance.java","2316","10374","12690"
"2018-07-10 13:29","QuorumPeerInstance.java","25907","55248","81155"
"2018-12-20 07:24","QuorumPeerInstance.java","203434","229546","432980"
"2015-12-06 21:30","QuorumPeerInstance.java","5603","22714","28317"
"2019-07-12 17:01","QuorumPeerInstance.java","203543","251468","455011"
"2014-11-29 16:53","QuorumPeerInstance.java","2576","13255","15831"
"2014-08-14 09:32","QuorumPeerInstance.java","2316","10374","12690"
"2015-05-10 00:27","QuorumPeerInstance.java","3403","17218","20621"
"2017-09-11 18:55","QuorumPeerInstance.java","16491","38231","54722"
"2020-05-14 18:18","QuorumPeerConfigTest.java","15875","29740","45615"
"2019-08-17 17:13","Leader.java","25290","28807","54097"
"2019-08-03 08:42","Leader.java","1344","5569","6913"
"2019-11-29 14:49","Leader.java","33561","43635","77196"
"2020-03-25 03:38","Leader.java","35510","51812","87322"
"2019-12-27 22:33","Leader.java","33711","45906","79617"
"2019-10-10 14:37","Leader.java","27747","35017","62764"
"2019-04-12 19:01","WatchManager.java","210243","237942","448185"
"2017-09-11 18:55","WatchManager.java","15900","30920","46820"
"2019-03-05 00:04","WatchManager.java","210169","235769","445938"
"2019-11-08 17:30","WatchManager.java","210287","261793","472080"
"2019-08-17 17:13","WatchManager.java","210259","256151","466410"
"2018-09-28 23:38","WatchManager.java","113030","143477","256507"
"2019-09-05 23:12","PrepRequestProcessorTest.java","1438","2357","3795"
"2019-09-11 10:27","PrepRequestProcessorTest.java","1737","3093","4830"
"2019-12-27 22:33","PrepRequestProcessorTest.java","10004","18682","28686"
"2019-04-10 13:19","SnapshotFormatter.java","153723","153547","307270"
"2019-08-06 12:57","SnapshotFormatter.java","155653","175287","330940"
"2019-08-17 17:13","SnapshotFormatter.java","155674","174230","329904"
"2019-12-27 22:33","SnapshotFormatter.java","158868","186102","344970"
"2019-01-14 19:43","SnapshotFormatter.java","153377","147455","300832"
"2019-11-28 12:24","SnapshotFormatter.java","158855","182317","341172"
"2019-08-17 17:13","QuorumTest.java","231598","254847","486445"
"2019-10-10 14:37","QuorumTest.java","231599","258601","490200"
"2019-09-18 11:20","QuorumTest.java","231599","257760","489359"
"2019-12-28 16:17","QuorumTest.java","233536","265370","498906"
"2019-08-17 17:13","TestableZooKeeper.java","225011","255292","480303"
"2019-03-06 03:32","TestableZooKeeper.java","224915","234981","459896"
"2018-04-25 01:41","TestableZooKeeper.java","9017","14215","23232"
"2020-05-17 15:13","TestableZooKeeper.java","226709","270935","497644"
"2019-09-18 11:20","WatcherTest.java","2292","5204","7496"
"2019-02-06 09:46","ZooKeeper.java","224437","232836","457273"
"2019-01-16 14:21","ZooKeeper.java","224436","231112","455548"
"2019-11-08 17:30","ZooKeeper.java","224602","260912","485514"
"2019-02-07 11:26","ZooKeeper.java","224437","233465","457902"
"2017-05-01 17:19","ZooKeeper.java","18","145","163"
"2019-08-17 17:13","ZooKeeper.java","224554","255250","479804"
"2019-06-26 10:57","ZooKeeper.java","224553","243099","467652"
"2019-06-03 19:40","ZooKeeper.java","224553","240580","465133"
"2018-05-09 23:57","ZooKeeper.java","4547","10932","15479"
"2019-08-03 08:42","ZooKeeper.java","224554","255958","480512"
"2017-07-28 00:36","ZooKeeper.java","2822","2083","4905"
"2017-08-18 23:35","ZooKeeper.java","2926","2672","5598"
"2017-07-04 07:56","ZooKeeper.java","1265","1136","2401"
"2020-04-16 12:50","ZooKeeper.java","226242","270512","496754"
"2018-07-27 05:16","ZooKeeper.java","25583","33986","59569"
"2019-10-10 14:37","ZooKeeper.java","224554","259003","483557"
"2019-02-11 12:34","ZooKeeper.java","224437","233828","458265"
"2020-05-17 15:13","ZooKeeper.java","226274","270915","497189"
"2019-03-12 19:08","ZooKeeper.java","224458","235277","459735"
"2016-05-02 18:15","ClientCnxn.java","6484","12520","19004"
"2019-08-17 17:13","ClientCnxn.java","214768","256104","470872"
"2015-05-10 00:27","ClientCnxn.java","673","3212","3885"
"2017-12-19 19:27","ClientCnxn.java","15982","30347","46329"
"2019-01-31 15:50","ClientCnxn.java","214659","233662","448321"
"2019-04-09 15:35","ClientCnxn.java","214680","236873","451553"
"2019-11-08 17:30","ClientCnxn.java","214797","261747","476544"
"2017-06-08 17:59","ClientCnxn.java","13232","23307","36539"
"2019-01-16 14:21","ClientCnxn.java","214659","231975","446634"
"2019-01-07 14:24","ClientCnxn.java","214658","230824","445482"
"2019-03-06 03:32","ClientCnxn.java","214678","235799","450477"
"2015-02-06 06:17","ClientCnxn.java","115","310","425"
"2019-02-07 11:26","ClientCnxn.java","214660","234328","448988"
"2018-11-05 19:40","ClientCnxn.java","193829","233651","427480"
"2020-05-17 15:13","ClientCnxn.java","216244","271525","487769"
"2018-06-25 12:30","ClientCnxn.java","16537","34428","50965"
"2020-03-03 03:12","ClientCnxn.java","216216","269287","485503"
"2018-09-10 11:44","ClientCnxn.java","112455","133531","245986"
"2015-06-13 02:42","ClientCnxn.java","1671","5672","7343"
"2015-11-09 00:05","ClientCnxn.java","3045","8538","11583"
"2015-12-06 19:58","ClientCnxn.java","3170","8968","12138"
"2020-01-21 17:53","ClientCnxn.java","216216","265548","481764"
"2015-12-05 22:43","ClientCnxn.java","3170","8965","12135"
"2015-12-05 22:32","ClientCnxn.java","3169","8959","12128"
"2019-10-10 14:37","ClientCnxn.java","214768","259857","474625"
"2019-11-21 05:58","ClientCnxn.java","216214","260717","476931"
"2020-04-16 12:50","ClientCnxn.java","216216","271126","487342"
"2018-07-27 05:16","ClientCnxn.java","36067","55110","91177"
"2019-10-10 14:37","ZooKeeperServerStartupTest.java","226180","259029","485209"
"2018-02-07 01:05","ZooKeeperServerStartupTest.java","7998","10934","18932"
"2019-06-03 19:40","ZooKeeperServerStartupTest.java","226179","240606","466785"
"2019-08-17 17:13","ZooKeeperServerStartupTest.java","226180","255276","481456"
"2016-08-24 01:36","RestoreCommittedLogTest.java","23779","69688","93467"
"2013-12-21 22:05","RestoreCommittedLogTest.java","11175","33206","44381"
"2019-05-20 12:24","RestoreCommittedLogTest.java","176967","241547","418514"
"2019-04-09 15:35","RestoreCommittedLogTest.java","176917","237550","414467"
"2019-08-17 17:13","RestoreCommittedLogTest.java","176966","256742","433708"
"2015-11-21 22:18","RestoreCommittedLogTest.java","20445","64657","85102"
"2019-05-14 17:11","RestoreCommittedLogTest.java","176967","241410","418377"
"2019-08-17 17:13","MetricsContext.java","29368","43884","73252"
"2020-04-16 12:50","ZooKeeper.java","10770","18730","29500"
"2020-05-17 15:13","ZooKeeper.java","14451","22782","37233"
"2019-08-17 17:13","NopCommand.java","224242","255265","479507"
"2019-10-10 14:37","ClientTest.java","144483","261237","405720"
"2019-12-28 16:17","ClientTest.java","145129","266715","411844"
"2009-10-31 00:09","ClientTest.java","1608","3588","5196"
"2009-11-07 01:48","ClientTest.java","1902","4287","6189"
"2010-01-05 18:32","ClientTest.java","4390","15420","19810"
"2010-03-09 03:09","ClientTest.java","12296","35034","47330"
"2014-07-25 01:31","ClientTest.java","31925","111099","143024"
"2017-01-09 22:49","ClientTest.java","34647","130264","164911"
"2010-09-15 07:51","ClientTest.java","17505","89104","106609"
"2011-04-12 09:14","ClientTest.java","22489","56963","79452"
"2014-07-08 20:18","ClientTest.java","31784","106571","138355"
"2017-05-01 17:19","ClientTest.java","35587","129348","164935"
"2018-11-22 17:56","ClientTest.java","144439","226137","370576"
"2013-01-25 02:17","ClientTest.java","29050","84338","113388"
"2017-06-30 22:43","ClientTest.java","35974","129256","165230"
"2019-03-06 03:32","ClientTest.java","144447","237233","381680"
"2012-12-11 08:42","ClientTest.java","28618","81646","110264"
"2012-10-31 19:38","ClientTest.java","28012","78213","106225"
"2019-08-17 17:13","ClientTest.java","144483","257484","401967"
"2016-11-24 17:18","CGenerator.java","34261","115281","149542"
"2017-09-11 18:55","CGenerator.java","35939","115800","151739"
"2019-07-29 17:15","CGenerator.java","157929","254633","412562"
"2019-08-17 17:13","SledgeHammer.java","232674","254163","486837"
"2019-08-17 17:13","LearnerHandlerTest.java","29708","45395","75103"
"2019-05-20 17:18","LearnerHandlerTest.java","227","705","932"
"2019-07-03 20:54","LearnerHandlerTest.java","4158","7839","11997"
"2016-11-24 17:18","QuorumHierarchical.java","19138","54068","73206"
"2018-11-17 18:37","QuorumHierarchical.java","191662","224380","416042"
"2019-08-03 08:42","QuorumHierarchical.java","191763","257114","448877"
"2019-08-17 17:13","QuorumHierarchical.java","191763","256406","448169"
"2019-10-10 14:37","QuorumHierarchical.java","191763","260159","451922"
"2020-01-23 13:43","QuorumPeerMain.java","8207","14381","22588"
"2019-11-28 12:24","QuorumPeerMain.java","5614","6767","12381"
"2020-02-16 10:25","QuorumPeerMain.java","9981","16868","26849"
"2019-11-11 13:59","QuorumPeerMain.java","223","3880","4103"
"2020-05-17 15:13","ClientRequestTimeoutTest.java","16388","30333","46721"
"2019-10-10 14:37","FLETest.java","191801","260159","451960"
"2013-10-21 23:36","FLETest.java","1527","7047","8574"
"2013-10-02 20:19","FLETest.java","1182","3591","4773"
"2014-06-25 15:04","FLETest.java","9662","23072","32734"
"2016-06-02 00:59","FLETest.java","17437","47235","64672"
"2017-09-11 18:55","FLETest.java","24096","57829","81925"
"2019-08-17 17:13","FLETest.java","191801","256406","448207"
"2019-10-10 14:37","ServerCnxnTest.java","3717","7470","11187"
"2015-07-07 07:11","ZooKeeperThreadTest.java","12410","30631","43041"
"2015-03-08 23:07","ZooKeeperThreadTest.java","10369","24675","35044"
"2019-08-17 17:13","ZooKeeperThreadTest.java","201018","256291","457309"
"2019-04-18 19:17","ZooKeeperServerMain.java","231249","237328","468577"
"2019-11-11 13:59","ZooKeeperServerMain.java","231335","262307","493642"
"2019-11-28 12:24","ZooKeeperServerMain.java","233222","261690","494912"
"2019-11-25 15:37","ZooKeeperServerMain.java","233222","261592","494814"
"2019-08-17 17:13","ZooKeeperServerMain.java","231286","254848","486134"
"2019-04-12 19:01","ZooKeeperServerMain.java","231249","236618","467867"
"2018-09-11 15:23","ZooKeeperServerMain.java","100515","104803","205318"
"2019-11-08 17:30","FinalRequestProcessor.java","29356","46194","75550"
"2019-09-10 04:26","FinalRequestProcessor.java","28074","40343","68417"
"2019-08-17 17:13","FinalRequestProcessor.java","26739","37963","64702"
"2019-08-01 07:28","FinalRequestProcessor.java","2862","14267","17129"
"2019-08-06 17:11","FinalRequestProcessor.java","3299","15624","18923"
"2020-03-25 03:38","FinalRequestProcessor.java","36792","60801","97593"
"2019-09-16 23:26","FinalRequestProcessor.java","28333","42576","70909"
"2019-10-10 14:37","FinalRequestProcessor.java","29182","44159","73341"
"2019-11-21 05:58","FinalRequestProcessor.java","34432","48823","83255"
"2019-11-18 09:05","FinalRequestProcessor.java","34422","48790","83212"
"2019-11-11 13:59","FinalRequestProcessor.java","29388","48022","77410"
"2020-03-26 22:12","FinalRequestProcessor.java","36845","60856","97701"
"2019-10-10 14:37","SaslAuthMissingClientConfigTest.java","3717","7470","11187"
"2019-08-17 17:13","QuorumMaj.java","224314","255186","479500"
"2019-10-10 14:37","InvalidSnapshotTest.java","222020","259640","481660"
"2019-08-17 17:13","InvalidSnapshotTest.java","222020","255887","477907"
"2019-07-03 00:44","NIOServerCnxnFactory.java","216163","244095","460258"
"2019-08-17 17:13","NIOServerCnxnFactory.java","216164","256083","472247"
"2019-08-03 08:42","NIOServerCnxnFactory.java","216164","256791","472955"
"2019-04-22 19:15","NIOServerCnxnFactory.java","216147","238848","454995"
"2018-11-23 11:51","NIOServerCnxnFactory.java","216052","224744","440796"
"2019-02-13 13:12","NIOServerCnxnFactory.java","216074","234939","451013"
"2018-10-24 04:03","NIOServerCnxnFactory.java","195224","233441","428665"
"2019-04-12 19:01","NIOServerCnxnFactory.java","216147","237873","454020"
"2018-06-15 08:02","NIOServerCnxnFactory.java","16347","32710","49057"
"2016-06-23 23:45","NIOServerCnxnFactory.java","6507","12096","18603"
"2019-10-10 14:37","NIOServerCnxnFactory.java","216164","259836","476000"
"2019-11-14 03:54","NIOServerCnxnFactory.java","216193","264121","480314"
"2019-08-03 08:42","QuorumHierarchical.java","16596","49229","65825"
"2019-08-17 17:13","QuorumHierarchical.java","36701","68626","105327"
"2019-10-10 14:37","QuorumHierarchical.java","38674","74352","113026"
"2019-08-17 17:13","ZooKeeperQuotaTest.java","102765","257687","360452"
"2019-06-07 14:13","ZooKeeperQuotaTest.java","102765","243791","346556"
"2011-06-25 08:13","ZooKeeperQuotaTest.java","18127","96654","114781"
"2009-07-31 21:07","ZooKeeperQuotaTest.java","6268","45819","52087"
"2019-07-17 13:42","ZooKeeperQuotaTest.java","102765","253451","356216"
"2010-03-31 06:26","ZooKeeperQuotaTest.java","13734","79617","93351"
"2019-06-26 10:57","PrepRequestProcessorTest.java","191802","200777","392579"
"2019-09-05 23:12","PrepRequestProcessorTest.java","191804","213848","405652"
"2019-08-17 17:13","PrepRequestProcessorTest.java","191803","212928","404731"
"2019-09-11 10:27","PrepRequestProcessorTest.java","191804","214285","406089"
"2018-09-18 01:00","PrepRequestProcessorTest.java","41103","44209","85312"
"2019-12-27 22:33","PrepRequestProcessorTest.java","193761","223564","417325"
"2019-08-17 17:13","ClientCnxn.java","220587","255887","476474"
"2017-12-19 19:27","ClientCnxn.java","10331","18660","28991"
"2019-01-31 15:50","ClientCnxn.java","220469","233436","453905"
"2019-04-09 15:35","ClientCnxn.java","220493","236650","457143"
"2019-11-08 17:30","ClientCnxn.java","220635","261549","482184"
"2017-06-08 17:59","ClientCnxn.java","7503","11542","19045"
"2019-01-16 14:21","ClientCnxn.java","220469","231749","452218"
"2019-01-07 14:24","ClientCnxn.java","220468","230598","451066"
"2019-03-06 03:32","ClientCnxn.java","220491","235576","456067"
"2019-02-07 11:26","ClientCnxn.java","220470","234102","454572"
"2018-11-05 19:40","ClientCnxn.java","199144","232930","432074"
"2020-05-17 15:13","ClientCnxn.java","222199","271444","493643"
"2018-06-25 12:30","ClientCnxn.java","10911","22766","33677"
"2020-03-03 03:12","ClientCnxn.java","222167","269202","491369"
"2018-09-10 11:44","ClientCnxn.java","108424","123464","231888"
"2020-01-21 17:53","ClientCnxn.java","222167","265463","487630"
"2019-10-10 14:37","ClientCnxn.java","220587","259640","480227"
"2019-11-21 05:58","ClientCnxn.java","222165","260632","482797"
"2020-04-16 12:50","ClientCnxn.java","222167","271041","493208"
"2018-07-27 05:16","ClientCnxn.java","31210","44217","75427"
"2019-11-29 14:49","LocalPeerBean.java","43341","76328","119669"
"2019-08-17 17:13","LocalPeerBean.java","35918","62348","98266"
"2019-11-14 03:54","LocalPeerBean.java","38092","72531","110623"
"2011-04-12 09:14","TransactionEntry.java","15099","14937","30036"
"2019-11-29 14:49","RemotePeerBean.java","9773","16330","26103"
"2019-08-17 17:13","FollowerZooKeeperServer.java","29523","44192","73715"
"2019-06-04 10:55","FollowerZooKeeperServer.java","233","386","619"
"2019-11-28 12:24","FollowerZooKeeperServer.java","37411","56986","94397"
"2019-12-27 22:33","FollowerZooKeeperServer.java","37840","61187","99027"
"2019-11-08 17:30","Request.java","32180","61814","93994"
"2019-04-25 02:11","Request.java","1361","9101","10462"
"2019-07-08 23:26","Request.java","5645","18441","24086"
"2019-02-07 11:26","Request.java","336","2688","3024"
"2019-08-06 17:11","Request.java","8747","33868","42615"
"2019-08-01 07:28","Request.java","8389","32590","40979"
"2019-06-26 10:57","Request.java","5409","17279","22688"
"2019-08-17 17:13","Request.java","30023","54043","84066"
"2019-04-17 14:16","Request.java","1330","7422","8752"
"2019-05-03 00:44","Request.java","1508","9525","11033"
"2019-06-05 00:46","Request.java","2218","12098","14316"
"2019-05-10 12:22","Request.java","1658","10185","11843"
"2020-03-25 03:38","Request.java","39117","75922","115039"
"2019-09-20 10:06","Request.java","31542","58425","89967"
"2019-09-16 23:26","Request.java","31261","58300","89561"
"2019-12-27 22:33","Request.java","37688","70386","108074"
"2019-11-11 13:59","Request.java","32211","63641","95852"
"2020-05-05 21:20","Request.java","42539","80375","122914"
"2011-11-02 22:53","ClientCnxnSocketNIO.java","3160","1810","4970"
"2019-10-10 14:37","ClientCnxnSocketNIO.java","177213","260495","437708"
"2012-10-31 18:24","ClientCnxnSocketNIO.java","7567","12951","20518"
"2014-12-20 15:29","ClientCnxnSocketNIO.java","18611","56793","75404"
"2019-04-09 15:35","ClientCnxnSocketNIO.java","177164","237550","414714"
"2019-08-03 08:42","ClientCnxnSocketNIO.java","177213","257450","434663"
"2014-07-17 22:56","ClientCnxnSocketNIO.java","18012","48882","66894"
"2019-08-17 17:13","ClientCnxnSocketNIO.java","177213","256742","433955"
"2016-05-02 18:15","ClientCnxnSocketNIO.java","23222","67451","90673"
"2018-11-22 17:56","ClientCnxnSocketNIO.java","177152","225378","402530"
"2012-09-09 20:24","ClientCnxnSocketNIO.java","7551","12752","20303"
"2011-09-28 16:46","ClientCnxnSocketNIO.java","4908","15775","20683"
"2011-09-28 22:17","ClientCnxnSocketNIO.java","4916","15793","20709"
"2011-11-02 22:53","ClientCnxnSocketNIO.java","6972","16489","23461"
"2019-10-10 14:37","ClientCnxnSocketNIO.java","179202","260663","439865"
"2011-07-15 06:10","ClientCnxnSocketNIO.java","1309","6828","8137"
"2012-10-31 18:24","ClientCnxnSocketNIO.java","10804","27055","37859"
"2014-12-20 15:29","ClientCnxnSocketNIO.java","20803","69852","90655"
"2019-04-09 15:35","ClientCnxnSocketNIO.java","179151","237716","416867"
"2019-08-03 08:42","ClientCnxnSocketNIO.java","179202","257618","436820"
"2014-07-17 22:56","ClientCnxnSocketNIO.java","20296","62033","82329"
"2019-08-17 17:13","ClientCnxnSocketNIO.java","179202","256910","436112"
"2016-05-02 18:15","ClientCnxnSocketNIO.java","24055","79151","103206"
"2018-11-22 17:56","ClientCnxnSocketNIO.java","179136","225541","404677"
"2012-09-09 20:24","ClientCnxnSocketNIO.java","10794","26862","37656"
"2015-10-18 19:00","QuorumPeer.java","19938","172365","192303"
"2018-12-20 15:13","QuorumPeer.java","72555","231252","303807"
"2019-05-16 16:25","QuorumPeer.java","72583","242509","315092"
"2009-01-15 23:57","QuorumPeer.java","8488","26011","34499"
"2018-10-16 16:22","QuorumPeer.java","61749","248731","310480"
"2019-06-14 09:06","QuorumPeer.java","72583","245708","318291"
"2010-03-16 23:25","QuorumPeer.java","13558","109433","122991"
"2008-10-03 15:06","QuorumPeer.java","1131","1295","2426"
"2018-12-07 12:41","QuorumPeer.java","72555","228266","300821"
"2012-04-23 01:20","QuorumPeer.java","17274","129378","146652"
"2012-07-17 23:19","QuorumPeer.java","17287","130163","147450"
"2019-03-11 19:47","QuorumPeer.java","72561","237686","310247"
"2012-02-27 03:41","QuorumPeer.java","17129","127148","144277"
"2014-07-18 02:19","QuorumPeer.java","19762","162455","182217"
"2019-02-13 13:12","QuorumPeer.java","72562","236635","309197"
"2011-04-29 18:12","QuorumPeer.java","15248","122183","137431"
"2019-04-12 19:01","QuorumPeer.java","72583","239517","312100"
"2018-12-09 03:16","QuorumPeer.java","72555","230340","302895"
"2018-09-11 15:23","QuorumPeer.java","49013","218324","267337"
"2019-11-29 14:49","QuorumPeer.java","73036","264720","337756"
"2013-03-07 07:01","QuorumPeer.java","18165","142107","160272"
"2018-12-15 07:34","QuorumPeer.java","72555","230255","302810"
"2018-11-27 10:02","QuorumPeer.java","72555","228016","300571"
"2018-09-18 01:00","QuorumPeer.java","49052","219618","268670"
"2009-11-18 18:47","QuorumPeer.java","12837","92632","105469"
"2012-02-06 09:40","QuorumPeer.java","17060","126838","143898"
"2019-06-03 19:40","QuorumPeer.java","72583","243041","315624"
"2019-07-15 14:15","QuorumPeer.java","72583","253129","325712"
"2015-03-17 18:06","QuorumPeer.java","19878","168544","188422"
"2019-07-03 00:44","QuorumPeer.java","72583","245723","318306"
"2009-06-18 18:37","QuorumPeer.java","10902","72522","83424"
"2019-08-17 17:13","QuorumPeer.java","72583","257710","330293"
"2015-06-27 02:03","QuorumPeer.java","19927","171282","191209"
"2009-11-18 20:06","QuorumPeer.java","12853","94982","107835"
"2017-11-28 00:10","QuorumPeer.java","20825","182395","203220"
"2014-01-21 04:50","QuorumPeer.java","18279","149371","167650"
"2014-06-04 22:07","QuorumPeer.java","19652","156545","176197"
"2018-01-30 08:02","QuorumPeer.java","20858","182581","203439"
"2019-05-15 11:56","QuorumPeer.java","72583","242464","315047"
"2019-06-05 00:33","QuorumPeer.java","72583","243431","316014"
"2009-02-06 22:19","QuorumPeer.java","9568","40577","50145"
"2019-05-20 23:13","QuorumPeer.java","72583","242582","315165"
"2019-06-04 10:55","QuorumPeer.java","72583","243194","315777"
"2019-07-12 17:01","QuorumPeer.java","72583","253023","325606"
"2020-01-09 11:27","QuorumPeer.java","73036","266266","339302"
"2017-02-09 11:40","QuorumPeer.java","20419","180765","201184"
"2011-06-14 07:14","QuorumPeer.java","15272","123822","139094"
"2009-04-17 00:59","QuorumPeer.java","10212","43024","53236"
"2008-12-09 06:14","QuorumPeer.java","4446","21707","26153"
"2017-07-06 18:48","QuorumPeer.java","20773","178805","199578"
"2018-10-01 06:11","QuorumPeer.java","49143","222288","271431"
"2015-04-09 20:16","QuorumPeer.java","19880","169609","189489"
"2013-10-07 21:08","QuorumPeer.java","18240","144998","163238"
"2013-09-30 22:20","QuorumPeer.java","18238","144565","162803"
"2018-07-04 17:11","QuorumPeer.java","23877","189161","213038"
"2019-12-17 13:48","QuorumPeer.java","73036","265292","338328"
"2015-12-07 05:59","QuorumPeer.java","19945","173130","193075"
"2020-01-23 13:43","QuorumPeer.java","73036","268090","341126"
"2016-06-23 23:45","QuorumPeer.java","19998","174253","194251"
"2011-05-03 19:57","QuorumPeer.java","15249","122188","137437"
"2016-06-23 23:25","QuorumPeer.java","19998","174145","194143"
"2010-03-09 05:44","QuorumPeer.java","13477","108577","122054"
"2010-03-12 19:26","QuorumPeer.java","13542","109372","122914"
"2014-03-23 04:12","QuorumPeer.java","18380","151692","170072"
"2013-09-26 00:13","QuorumPeer.java","18235","144318","162553"
"2011-06-17 01:34","QuorumPeer.java","15306","123927","139233"
"2011-06-14 14:11","QuorumPeer.java","15272","123849","139121"
"2010-03-10 02:27","QuorumPeer.java","13480","108794","122274"
"2010-03-10 19:52","QuorumPeer.java","13484","108884","122368"
"2014-07-18 20:48","QuorumPeer.java","19765","162917","182682"
"2014-07-04 04:19","QuorumPeer.java","19659","158195","177854"
"2018-12-06 10:56","QuorumPeer.java","72555","228210","300765"
"2014-06-25 15:04","QuorumPeer.java","19654","157044","176698"
"2014-03-28 01:58","QuorumPeer.java","18380","152110","170490"
"2009-10-30 17:19","QuorumPeer.java","12459","85715","98174"
"2009-11-20 23:28","QuorumPeer.java","12847","95255","108102"
"2009-12-18 03:19","QuorumPeer.java","13154","96135","109289"
"2009-12-15 23:23","QuorumPeer.java","12993","95700","108693"
"2013-10-21 23:36","QuorumPeer.java","18267","147767","166034"
"2019-10-10 14:37","QuorumPeer.java","72583","261463","334046"
"2013-11-07 06:41","QuorumPeer.java","18267","148198","166465"
"2017-07-27 23:09","QuorumPeer.java","20778","177824","198602"
"2014-05-18 05:49","QuorumPeer.java","19646","156050","175696"
"2011-10-25 08:09","QuorumPeer.java","16902","124176","141078"
"2014-03-25 22:13","QuorumPeer.java","18380","151928","170308"
"2011-04-12 09:14","QuorumPeer.java","15231","121831","137062"
"2011-11-01 08:15","QuorumPeer.java","16971","124434","141405"
"2011-03-16 19:49","QuorumPeer.java","15042","163115","178157"
"2018-06-26 11:18","QuorumPeer.java","20940","186206","207146"
"2018-07-27 12:32","QuorumPeer.java","23909","190393","214302"
"2019-04-18 19:17","QuorumPeer.java","72583","240227","312810"
"2011-10-27 23:25","QuorumPeer.java","16925","124359","141284"
"2011-08-30 08:37","QuorumPeer.java","14149","124309","138458"
"2011-08-30 08:29","QuorumPeer.java","14149","124297","138446"
"2010-08-18 08:24","QuorumPeer.java","14513","130068","144581"
"2013-10-09 22:21","QuorumPeer.java","18268","147405","165673"
"2016-12-20 14:47","QuorumPeer.java","20378","179589","199967"
"2011-05-20 01:17","QuorumPeer.java","15251","122670","137921"
"2010-05-05 22:32","QuorumPeer.java","14119","109979","124098"
"2017-05-11 16:59","QuorumPeer.java","20744","177909","198653"
"2014-07-03 06:01","QuorumPeer.java","19658","157772","177430"
"2014-08-14 08:08","QuorumPeer.java","19815","163828","183643"
"2014-08-01 07:38","QuorumPeer.java","19817","163409","183226"
"2009-04-24 20:26","QuorumPeer.java","10299","51713","62012"
"2014-07-20 04:50","QuorumPeer.java","19772","162986","182758"
"2016-06-02 00:59","QuorumPeer.java","19998","173776","193774"
"2020-02-16 10:25","QuorumPeer.java","73036","268803","341839"
"2019-08-17 17:13","X509TestHelpers.java","36682","68806","105488"
"2019-07-15 14:46","X509TestHelpers.java","14790","42763","57553"
"2019-08-05 15:29","PrometheusMetricsProviderTest.java","6627","19464","26091"
"2019-08-17 17:13","LeaderBean.java","25290","28807","54097"
"2019-08-17 17:13","Leader.java","230896","254922","485818"
"2019-06-29 00:33","Leader.java","230895","242908","473803"
"2019-06-03 19:40","Leader.java","230895","240252","471147"
"2019-07-15 14:15","Leader.java","230896","250341","481237"
"2019-07-25 21:41","Leader.java","230896","251405","482301"
"2018-07-12 01:33","Leader.java","11130","12063","23193"
"2019-06-05 00:33","Leader.java","230895","240642","471537"
"2019-08-03 08:42","Leader.java","230896","255630","486526"
"2019-06-05 23:57","Leader.java","230895","240911","471806"
"2019-01-07 14:55","Leader.java","230757","229674","460431"
"2019-04-12 19:01","Leader.java","230859","236692","467551"
"2018-12-09 03:16","Leader.java","230756","227440","458196"
"2018-08-17 14:40","Leader.java","69498","72727","142225"
"2019-11-29 14:49","Leader.java","232758","263341","496099"
"2018-11-27 10:02","Leader.java","230756","225116","455872"
"2018-08-29 06:26","Leader.java","94750","98187","192937"
"2018-08-03 18:52","Leader.java","21791","24222","46013"
"2018-09-18 01:00","Leader.java","100617","106624","207241"
"2020-03-25 03:38","Leader.java","232760","269571","502331"
"2019-12-27 22:33","Leader.java","232759","265463","498222"
"2019-10-10 14:37","Leader.java","230897","258676","489573"
"2019-07-29 17:15","JDouble.java","167551","254590","422141"
"2019-09-10 15:21","NodeHashMapImpl.java","1694","2737","4431"
"2019-12-27 22:33","NodeHashMapImpl.java","10004","18682","28686"
"2020-03-25 03:38","CommitProcessor.java","12133","24918","37051"
"2019-10-10 14:37","CommitProcessor.java","3717","7470","11187"
"2019-11-11 13:55","CommitProcessor.java","3911","9619","13530"
"2019-12-27 22:33","CommitProcessor.java","10004","18682","28686"
"2015-10-18 19:00","QuorumPeer.java","37117","102748","139865"
"2018-12-20 15:13","QuorumPeer.java","167705","230527","398232"
"2019-05-16 16:25","QuorumPeer.java","167764","241815","409579"
"2018-10-16 16:22","QuorumPeer.java","136924","237110","374034"
"2019-06-14 09:06","QuorumPeer.java","167763","245013","412776"
"2018-12-07 12:41","QuorumPeer.java","167705","227541","395246"
"2012-04-23 01:20","QuorumPeer.java","27519","52827","80346"
"2012-07-17 23:19","QuorumPeer.java","27596","53676","81272"
"2019-03-11 19:47","QuorumPeer.java","167721","236971","404692"
"2012-02-27 03:41","QuorumPeer.java","25251","48474","73725"
"2014-07-18 02:19","QuorumPeer.java","36515","92412","128927"
"2019-02-13 13:12","QuorumPeer.java","167718","235916","403634"
"2011-04-29 18:12","QuorumPeer.java","19683","30743","50426"
"2019-04-12 19:01","QuorumPeer.java","167764","238823","406587"
"2018-12-09 03:16","QuorumPeer.java","167705","229615","397320"
"2018-09-11 15:23","QuorumPeer.java","103884","186399","290283"
"2019-11-29 14:49","QuorumPeer.java","168810","264619","433429"
"2013-03-07 07:01","QuorumPeer.java","29294","66440","95734"
"2018-12-15 07:34","QuorumPeer.java","167705","229530","397235"
"2018-11-27 10:02","QuorumPeer.java","167705","227291","394996"
"2018-09-18 01:00","QuorumPeer.java","103938","187708","291646"
"2012-02-06 09:40","QuorumPeer.java","24944","47926","72870"
"2019-06-03 19:40","QuorumPeer.java","167763","242346","410109"
"2019-07-15 14:15","QuorumPeer.java","167763","252434","420197"
"2015-03-17 18:06","QuorumPeer.java","36809","98679","135488"
"2019-07-03 00:44","QuorumPeer.java","167763","245028","412791"
"2019-08-17 17:13","QuorumPeer.java","167763","257015","424778"
"2015-06-27 02:03","QuorumPeer.java","37010","101569","138579"
"2017-11-28 00:10","QuorumPeer.java","41990","116764","158754"
"2014-01-21 04:50","QuorumPeer.java","29932","74228","104160"
"2014-06-04 22:07","QuorumPeer.java","36015","86112","122127"
"2018-01-30 08:02","QuorumPeer.java","42023","116950","158973"
"2019-05-15 11:56","QuorumPeer.java","167764","241770","409534"
"2019-06-05 00:33","QuorumPeer.java","167763","242736","410499"
"2019-05-20 23:13","QuorumPeer.java","167764","241888","409652"
"2019-06-04 10:55","QuorumPeer.java","167763","242499","410262"
"2019-07-12 17:01","QuorumPeer.java","167763","252328","420091"
"2020-01-09 11:27","QuorumPeer.java","168810","266165","434975"
"2017-02-09 11:40","QuorumPeer.java","39698","113248","152946"
"2011-06-14 07:14","QuorumPeer.java","19836","32511","52347"
"2017-07-06 18:48","QuorumPeer.java","41701","112937","154638"
"2018-10-01 06:11","QuorumPeer.java","104085","190434","294519"
"2015-04-09 20:16","QuorumPeer.java","36817","99750","136567"
"2013-10-07 21:08","QuorumPeer.java","29673","69635","99308"
"2013-09-30 22:20","QuorumPeer.java","29541","69072","98613"
"2018-07-04 17:11","QuorumPeer.java","49686","128174","177860"
"2019-12-17 13:48","QuorumPeer.java","168810","265191","434001"
"2015-12-07 05:59","QuorumPeer.java","37206","103595","140801"
"2020-01-23 13:43","QuorumPeer.java","168810","267989","436799"
"2016-06-23 23:45","QuorumPeer.java","38788","106247","145035"
"2011-05-03 19:57","QuorumPeer.java","19685","30749","50434"
"2016-06-23 23:25","QuorumPeer.java","38788","106139","144927"
"2014-03-23 04:12","QuorumPeer.java","30104","76620","106724"
"2013-09-26 00:13","QuorumPeer.java","29525","68812","98337"
"2011-06-17 01:34","QuorumPeer.java","19909","32655","52564"
"2011-06-14 14:11","QuorumPeer.java","19837","32539","52376"
"2014-07-18 20:48","QuorumPeer.java","36544","92900","129444"
"2014-07-04 04:19","QuorumPeer.java","36029","87769","123798"
"2018-12-06 10:56","QuorumPeer.java","167705","227485","395190"
"2014-06-25 15:04","QuorumPeer.java","36021","86615","122636"
"2014-03-28 01:58","QuorumPeer.java","30117","77051","107168"
"2013-10-21 23:36","QuorumPeer.java","29834","72538","102372"
"2019-10-10 14:37","QuorumPeer.java","167763","260768","428531"
"2013-11-07 06:41","QuorumPeer.java","29858","72993","102851"
"2017-07-27 23:09","QuorumPeer.java","41709","111959","153668"
"2014-05-18 05:49","QuorumPeer.java","36000","85608","121608"
"2011-10-25 08:09","QuorumPeer.java","23970","44448","68418"
"2014-03-25 22:13","QuorumPeer.java","30114","76866","106980"
"2011-04-12 09:14","QuorumPeer.java","19591","30316","49907"
"2011-11-01 08:15","QuorumPeer.java","24111","44778","68889"
"2011-03-16 19:49","QuorumPeer.java","8846","61044","69890"
"2018-06-26 11:18","QuorumPeer.java","42212","120682","162894"
"2018-07-27 12:32","QuorumPeer.java","58901","138589","197490"
"2019-04-18 19:17","QuorumPeer.java","167764","239533","407297"
"2011-10-27 23:25","QuorumPeer.java","24048","44686","68734"
"2011-08-30 08:37","QuorumPeer.java","19171","42535","61706"
"2011-08-30 08:29","QuorumPeer.java","19165","42517","61682"
"2010-08-18 08:24","QuorumPeer.java","7672","27352","35024"
"2013-10-09 22:21","QuorumPeer.java","29835","72176","102011"
"2016-12-20 14:47","QuorumPeer.java","39612","112027","151639"
"2011-05-20 01:17","QuorumPeer.java","19714","31258","50972"
"2010-05-05 22:32","QuorumPeer.java","5467","5452","10919"
"2017-05-11 16:59","QuorumPeer.java","41630","111999","153629"
"2014-07-03 06:01","QuorumPeer.java","36029","87347","123376"
"2014-08-14 08:08","QuorumPeer.java","36614","93831","130445"
"2014-08-01 07:38","QuorumPeer.java","36614","93410","130024"
"2014-07-20 04:50","QuorumPeer.java","36563","92981","129544"
"2016-06-02 00:59","QuorumPeer.java","38788","105770","144558"
"2020-02-16 10:25","QuorumPeer.java","168810","268702","437512"
"2019-08-17 17:13","SSLAuthTest.java","25616","29608","55224"
"2019-08-17 17:13","SessionTest.java","29388","43284","72672"
"2019-10-10 14:37","SessionTest.java","31796","49445","81241"
"2019-12-28 16:17","SessionTest.java","37866","60347","98213"
"2019-06-03 19:40","X509Exception.java","216163","241413","457576"
"2019-08-17 17:13","X509Exception.java","216164","256083","472247"
"2019-09-18 11:20","ReconfigTest.java","207152","259066","466218"
"2016-06-23 23:45","ReconfigTest.java","8461","23133","31594"
"2014-08-20 06:07","ReconfigTest.java","1742","6282","8024"
"2014-08-24 07:42","ReconfigTest.java","1785","6572","8357"
"2016-11-13 20:59","ReconfigTest.java","9694","28415","38109"
"2019-05-03 17:37","ReconfigTest.java","207136","240260","447396"
"2019-05-08 21:54","ReconfigTest.java","207136","240640","447776"
"2018-07-04 17:11","ReconfigTest.java","25455","51156","76611"
"2016-06-15 19:11","ReconfigTest.java","8409","22625","31034"
"2019-08-17 17:13","ReconfigTest.java","207152","256154","463306"
"2019-11-29 14:49","ReconfigTest.java","208591","264150","472741"
"2018-12-09 03:16","ReconfigTest.java","207042","228702","435744"
"2018-11-22 17:56","ReconfigTest.java","207042","224741","431783"
"2017-09-11 18:55","ReconfigTest.java","16065","34195","50260"
"2017-02-12 00:34","ReconfigTest.java","13487","31000","44487"
"2019-08-17 17:13","LearnerZooKeeperServer.java","177444","256650","434094"
"2014-03-21 06:36","LearnerZooKeeperServer.java","7730","31449","39179"
"2016-08-13 15:01","LearnerZooKeeperServer.java","20326","65897","86223"
"2015-03-08 23:07","LearnerZooKeeperServer.java","15444","53683","69127"
"2013-10-09 22:21","LearnerZooKeeperServer.java","7244","27002","34246"
"2019-08-17 17:13","NIOServerCnxnFactory.java","26740","38727","65467"
"2019-08-03 08:42","NIOServerCnxnFactory.java","3302","15997","19299"
"2019-10-10 14:37","NIOServerCnxnFactory.java","29175","44915","74090"
"2019-11-14 03:54","NIOServerCnxnFactory.java","29452","49448","78900"
"2019-12-27 22:33","NodeHashMapImpl.java","8373","16008","24381"
"2019-08-17 17:13","SSLContextAndOptions.java","29333","43666","72999"
"2019-10-10 14:37","SSLContextAndOptions.java","31740","49826","81566"
"2015-10-18 19:00","QuorumPeer.java","18608","182409","201017"
"2018-12-20 15:13","QuorumPeer.java","58118","231396","289514"
"2019-05-16 16:25","QuorumPeer.java","58134","242641","300775"
"2009-01-15 23:57","QuorumPeer.java","7050","39154","46204"
"2018-10-16 16:22","QuorumPeer.java","54485","252841","307326"
"2019-06-14 09:06","QuorumPeer.java","58134","245840","303974"
"2008-10-01 10:40","QuorumPeer.java","2205","16786","18991"
"2010-03-16 23:25","QuorumPeer.java","11392","121848","133240"
"2008-10-03 15:06","QuorumPeer.java","2341","17086","19427"
"2008-09-19 03:24","QuorumPeer.java","293","1796","2089"
"2018-12-07 12:41","QuorumPeer.java","58118","228410","286528"
"2012-04-23 01:20","QuorumPeer.java","16095","139573","155668"
"2012-07-17 23:19","QuorumPeer.java","16108","140358","156466"
"2019-03-11 19:47","QuorumPeer.java","58118","237824","295942"
"2012-02-27 03:41","QuorumPeer.java","15952","137345","153297"
"2014-07-18 02:19","QuorumPeer.java","18464","172531","190995"
"2019-02-13 13:12","QuorumPeer.java","58118","236772","294890"
"2011-04-29 18:12","QuorumPeer.java","12793","134309","147102"
"2019-04-12 19:01","QuorumPeer.java","58134","239649","297783"
"2018-12-09 03:16","QuorumPeer.java","58118","230484","288602"
"2018-09-11 15:23","QuorumPeer.java","44652","225337","269989"
"2019-11-29 14:49","QuorumPeer.java","58455","264720","323175"
"2013-03-07 07:01","QuorumPeer.java","16944","152260","169204"
"2018-12-15 07:34","QuorumPeer.java","58118","230399","288517"
"2018-11-27 10:02","QuorumPeer.java","58118","228160","286278"
"2018-09-18 01:00","QuorumPeer.java","44689","226629","271318"
"2009-11-18 18:47","QuorumPeer.java","10784","105160","115944"
"2012-02-06 09:40","QuorumPeer.java","15909","137061","152970"
"2019-06-03 19:40","QuorumPeer.java","58134","243173","301307"
"2019-07-15 14:15","QuorumPeer.java","58134","253261","311395"
"2015-03-17 18:06","QuorumPeer.java","18562","178602","197164"
"2019-07-03 00:44","QuorumPeer.java","58134","245855","303989"
"2009-06-18 18:37","QuorumPeer.java","8997","85198","94195"
"2019-08-17 17:13","QuorumPeer.java","58134","257842","315976"
"2015-06-27 02:03","QuorumPeer.java","18597","181326","199923"
"2009-11-18 20:06","QuorumPeer.java","10791","107501","118292"
"2017-11-28 00:10","QuorumPeer.java","19137","192081","211218"
"2014-01-21 04:50","QuorumPeer.java","17032","159498","176530"
"2014-06-04 22:07","QuorumPeer.java","18366","166633","184999"
"2018-01-30 08:02","QuorumPeer.java","19140","192237","211377"
"2019-05-15 11:56","QuorumPeer.java","58134","242596","300730"
"2019-06-05 00:33","QuorumPeer.java","58134","243563","301697"
"2009-02-06 22:19","QuorumPeer.java","7915","53505","61420"
"2019-05-20 23:13","QuorumPeer.java","58134","242714","300848"
"2019-06-04 10:55","QuorumPeer.java","58134","243326","301460"
"2019-07-12 17:01","QuorumPeer.java","58134","253155","311289"
"2020-01-09 11:27","QuorumPeer.java","58455","266266","324721"
"2017-02-09 11:40","QuorumPeer.java","18942","190662","209604"
"2011-06-14 07:14","QuorumPeer.java","12808","135939","148747"
"2009-04-17 00:59","QuorumPeer.java","8467","55860","64327"
"2008-12-09 06:14","QuorumPeer.java","3332","35174","38506"
"2017-07-06 18:48","QuorumPeer.java","19117","188523","207640"
"2018-10-01 06:11","QuorumPeer.java","44774","229293","274067"
"2015-04-09 20:16","QuorumPeer.java","18565","179668","198233"
"2013-10-07 21:08","QuorumPeer.java","17004","155136","172140"
"2013-09-30 22:20","QuorumPeer.java","17003","154704","171707"
"2018-07-04 17:11","QuorumPeer.java","19859","196517","216376"
"2019-12-17 13:48","QuorumPeer.java","58455","265292","323747"
"2015-12-07 05:59","QuorumPeer.java","18612","183171","201783"
"2020-01-23 13:43","QuorumPeer.java","58455","268090","326545"
"2016-06-23 23:45","QuorumPeer.java","18658","184287","202945"
"2011-05-03 19:57","QuorumPeer.java","12794","134314","147108"
"2016-06-23 23:25","QuorumPeer.java","18658","184179","202837"
"2010-03-09 05:44","QuorumPeer.java","11322","121003","132325"
"2010-03-12 19:26","QuorumPeer.java","11381","121792","133173"
"2014-03-23 04:12","QuorumPeer.java","17106","161792","178898"
"2013-09-26 00:13","QuorumPeer.java","17007","154464","171471"
"2011-06-17 01:34","QuorumPeer.java","12829","136031","148860"
"2011-06-14 14:11","QuorumPeer.java","12808","135966","148774"
"2010-03-10 02:27","QuorumPeer.java","11325","121220","132545"
"2010-03-10 19:52","QuorumPeer.java","11329","121310","132639"
"2014-07-18 20:48","QuorumPeer.java","18469","172995","191464"
"2014-07-04 04:19","QuorumPeer.java","18366","168276","186642"
"2018-12-06 10:56","QuorumPeer.java","58118","228354","286472"
"2014-06-25 15:04","QuorumPeer.java","18366","167130","185496"
"2014-03-28 01:58","QuorumPeer.java","17106","162210","179316"
"2009-10-30 17:19","QuorumPeer.java","10431","98268","108699"
"2009-11-20 23:28","QuorumPeer.java","10790","107779","118569"
"2009-12-18 03:19","QuorumPeer.java","11029","108591","119620"
"2009-12-15 23:23","QuorumPeer.java","10925","108213","119138"
"2013-10-21 23:36","QuorumPeer.java","17027","157901","174928"
"2019-10-10 14:37","QuorumPeer.java","58134","261595","319729"
"2013-11-07 06:41","QuorumPeer.java","17027","158332","175359"
"2017-07-27 23:09","QuorumPeer.java","19122","187542","206664"
"2014-05-18 05:49","QuorumPeer.java","18362","166140","184502"
"2011-10-25 08:09","QuorumPeer.java","15843","134491","150334"
"2014-03-25 22:13","QuorumPeer.java","17106","162028","179134"
"2011-04-12 09:14","QuorumPeer.java","12766","133947","146713"
"2011-11-01 08:15","QuorumPeer.java","15863","134700","150563"
"2011-03-16 19:49","QuorumPeer.java","12668","175322","187990"
"2018-06-26 11:18","QuorumPeer.java","19186","195826","215012"
"2018-07-27 12:32","QuorumPeer.java","19878","197736","217614"
"2019-04-18 19:17","QuorumPeer.java","58134","240359","298493"
"2011-10-27 23:25","QuorumPeer.java","15864","134672","150536"
"2011-08-30 08:37","QuorumPeer.java","13153","134687","147840"
"2011-08-30 08:29","QuorumPeer.java","13153","134675","147828"
"2010-08-18 08:24","QuorumPeer.java","12178","142314","154492"
"2013-10-09 22:21","QuorumPeer.java","17028","157539","174567"
"2016-12-20 14:47","QuorumPeer.java","18914","189499","208413"
"2011-05-20 01:17","QuorumPeer.java","12800","134800","147600"
"2010-05-05 22:32","QuorumPeer.java","11814","122255","134069"
"2017-05-11 16:59","QuorumPeer.java","19104","187643","206747"
"2014-07-03 06:01","QuorumPeer.java","18365","167853","186218"
"2014-08-14 08:08","QuorumPeer.java","18514","173901","192415"
"2014-08-01 07:38","QuorumPeer.java","18518","173484","192002"
"2009-04-24 20:26","QuorumPeer.java","8543","64538","73081"
"2014-07-20 04:50","QuorumPeer.java","18476","173064","191540"
"2008-10-01 08:26","QuorumPeer.java","1870","16350","18220"
"2016-06-02 00:59","QuorumPeer.java","18658","183810","202468"
"2020-02-16 10:25","QuorumPeer.java","58455","268803","327258"
"2012-08-28 21:51","ClientBase.java","227","1301","1528"
"2017-06-08 17:51","ClientBase.java","22691","67070","89761"
"2017-04-18 01:37","ClientBase.java","21770","66781","88551"
"2018-09-07 02:49","ClientBase.java","107759","163208","270967"
"2019-07-31 19:06","ClientBase.java","180755","255771","436526"
"2015-02-06 06:17","ClientBase.java","13197","47765","60962"
"2017-09-11 18:55","ClientBase.java","23584","68421","92005"
"2019-08-17 17:13","ClientBase.java","180755","256464","437219"
"2015-03-28 20:08","ClientBase.java","13401","50180","63581"
"2019-06-07 14:13","ClientBase.java","180755","242568","423323"
"2018-04-24 00:20","ClientBase.java","24357","74970","99327"
"2018-08-08 06:21","ClientBase.java","84988","139572","224560"
"2018-05-09 23:57","ClientBase.java","24478","75876","100354"
"2019-06-24 11:05","ClientBase.java","180755","243797","424552"
"2012-12-11 08:42","ClientBase.java","1192","5599","6791"
"2017-01-13 19:29","ClientBase.java","19579","66756","86335"
"2016-06-23 23:25","ClientBase.java","18026","59297","77323"
"2014-01-03 01:40","ClientBase.java","4560","22664","27224"
"2014-01-25 01:17","ClientBase.java","4643","24553","29196"
"2019-11-14 16:44","ClientBase.java","180783","264519","445302"
"2019-10-10 14:37","ClientBase.java","180755","260217","440972"
"2016-08-24 01:36","ClientBase.java","18692","60534","79226"
"2015-03-08 23:07","ClientBase.java","13259","48001","61260"
"2015-10-18 19:00","QuorumPeer.java","19746","171993","191739"
"2018-12-20 15:13","QuorumPeer.java","72719","231252","303971"
"2019-05-16 16:25","QuorumPeer.java","72747","242509","315256"
"2009-01-15 23:57","QuorumPeer.java","8201","25560","33761"
"2018-10-16 16:22","QuorumPeer.java","61921","248723","310644"
"2019-06-14 09:06","QuorumPeer.java","72747","245708","318455"
"2010-03-16 23:25","QuorumPeer.java","13231","108942","122173"
"2018-12-07 12:41","QuorumPeer.java","72719","228266","300985"
"2012-04-23 01:20","QuorumPeer.java","17069","128993","146062"
"2012-07-17 23:19","QuorumPeer.java","17082","129778","146860"
"2019-03-11 19:47","QuorumPeer.java","72725","237686","310411"
"2012-02-27 03:41","QuorumPeer.java","16924","126763","143687"
"2014-07-18 02:19","QuorumPeer.java","19568","162081","181649"
"2019-02-13 13:12","QuorumPeer.java","72726","236635","309361"
"2011-04-29 18:12","QuorumPeer.java","14925","121696","136621"
"2019-04-12 19:01","QuorumPeer.java","72747","239517","312264"
"2018-12-09 03:16","QuorumPeer.java","72719","230340","303059"
"2018-09-11 15:23","QuorumPeer.java","49079","218210","267289"
"2019-11-29 14:49","QuorumPeer.java","73200","264720","337920"
"2013-03-07 07:01","QuorumPeer.java","17970","141732","159702"
"2018-12-15 07:34","QuorumPeer.java","72719","230255","302974"
"2018-11-27 10:02","QuorumPeer.java","72719","228016","300735"
"2018-09-18 01:00","QuorumPeer.java","49118","219504","268622"
"2009-11-18 18:47","QuorumPeer.java","12580","92211","104791"
"2012-02-06 09:40","QuorumPeer.java","16855","126453","143308"
"2019-06-03 19:40","QuorumPeer.java","72747","243041","315788"
"2019-07-15 14:15","QuorumPeer.java","72747","253129","325876"
"2015-03-17 18:06","QuorumPeer.java","19686","168172","187858"
"2019-07-03 00:44","QuorumPeer.java","72747","245723","318470"
"2009-06-18 18:37","QuorumPeer.java","10597","72053","82650"
"2019-08-17 17:13","QuorumPeer.java","72747","257710","330457"
"2015-06-27 02:03","QuorumPeer.java","19735","170910","190645"
"2009-11-18 20:06","QuorumPeer.java","12596","94561","107157"
"2017-11-28 00:10","QuorumPeer.java","20652","182042","202694"
"2014-01-21 04:50","QuorumPeer.java","18086","148998","167084"
"2014-06-04 22:07","QuorumPeer.java","19458","156171","175629"
"2018-01-30 08:02","QuorumPeer.java","20685","182228","202913"
"2019-05-15 11:56","QuorumPeer.java","72747","242464","315211"
"2019-06-05 00:33","QuorumPeer.java","72747","243431","316178"
"2009-02-06 22:19","QuorumPeer.java","9246","40091","49337"
"2019-05-20 23:13","QuorumPeer.java","72747","242582","315329"
"2019-06-04 10:55","QuorumPeer.java","72747","243194","315941"
"2019-07-12 17:01","QuorumPeer.java","72747","253023","325770"
"2020-01-09 11:27","QuorumPeer.java","73200","266266","339466"
"2017-02-09 11:40","QuorumPeer.java","20238","180404","200642"
"2011-06-14 07:14","QuorumPeer.java","14949","123335","138284"
"2009-04-17 00:59","QuorumPeer.java","9905","42553","52458"
"2008-12-09 06:14","QuorumPeer.java","4149","21246","25395"
"2017-07-06 18:48","QuorumPeer.java","20602","178454","199056"
"2018-10-01 06:11","QuorumPeer.java","49209","222174","271383"
"2015-04-09 20:16","QuorumPeer.java","19688","169237","188925"
"2013-10-07 21:08","QuorumPeer.java","18044","144622","162666"
"2013-09-30 22:20","QuorumPeer.java","18042","144189","162231"
"2018-07-04 17:11","QuorumPeer.java","23939","189043","212982"
"2019-12-17 13:48","QuorumPeer.java","73200","265292","338492"
"2015-12-07 05:59","QuorumPeer.java","19753","172758","192511"
"2020-01-23 13:43","QuorumPeer.java","73200","268090","341290"
"2016-06-23 23:45","QuorumPeer.java","19811","173886","193697"
"2011-05-03 19:57","QuorumPeer.java","14926","121701","136627"
"2016-06-23 23:25","QuorumPeer.java","19811","173778","193589"
"2010-03-09 05:44","QuorumPeer.java","13150","108086","121236"
"2010-03-12 19:26","QuorumPeer.java","13215","108881","122096"
"2014-03-23 04:12","QuorumPeer.java","18186","151318","169504"
"2013-09-26 00:13","QuorumPeer.java","18039","143942","161981"
"2011-06-17 01:34","QuorumPeer.java","14983","123440","138423"
"2011-06-14 14:11","QuorumPeer.java","14949","123362","138311"
"2010-03-10 02:27","QuorumPeer.java","13153","108303","121456"
"2010-03-10 19:52","QuorumPeer.java","13157","108393","121550"
"2014-07-18 20:48","QuorumPeer.java","19571","162543","182114"
"2014-07-04 04:19","QuorumPeer.java","19465","157821","177286"
"2018-12-06 10:56","QuorumPeer.java","72719","228210","300929"
"2014-06-25 15:04","QuorumPeer.java","19460","156670","176130"
"2014-03-28 01:58","QuorumPeer.java","18186","151736","169922"
"2009-10-30 17:19","QuorumPeer.java","12195","85287","97482"
"2009-11-20 23:28","QuorumPeer.java","12598","94842","107440"
"2009-12-18 03:19","QuorumPeer.java","12916","95733","108649"
"2009-12-15 23:23","QuorumPeer.java","12755","95298","108053"
"2013-10-21 23:36","QuorumPeer.java","18074","147394","165468"
"2019-10-10 14:37","QuorumPeer.java","72747","261463","334210"
"2013-11-07 06:41","QuorumPeer.java","18074","147825","165899"
"2017-07-27 23:09","QuorumPeer.java","20607","177473","198080"
"2014-05-18 05:49","QuorumPeer.java","19452","155676","175128"
"2011-10-25 08:09","QuorumPeer.java","16694","123788","140482"
"2014-03-25 22:13","QuorumPeer.java","18186","151554","169740"
"2011-04-12 09:14","QuorumPeer.java","14907","121343","136250"
"2011-11-01 08:15","QuorumPeer.java","16764","124047","140811"
"2011-03-16 19:49","QuorumPeer.java","14717","162626","177343"
"2018-06-26 11:18","QuorumPeer.java","20768","185854","206622"
"2018-07-27 12:32","QuorumPeer.java","23971","190275","214246"
"2019-04-18 19:17","QuorumPeer.java","72747","240227","312974"
"2011-10-27 23:25","QuorumPeer.java","16717","123971","140688"
"2011-08-30 08:37","QuorumPeer.java","13937","123917","137854"
"2011-08-30 08:29","QuorumPeer.java","13937","123905","137842"
"2010-08-18 08:24","QuorumPeer.java","14186","129577","143763"
"2013-10-09 22:21","QuorumPeer.java","18075","147032","165107"
"2016-12-20 14:47","QuorumPeer.java","20197","179228","199425"
"2011-05-20 01:17","QuorumPeer.java","14928","122183","137111"
"2010-05-05 22:32","QuorumPeer.java","13780","109476","123256"
"2017-05-11 16:59","QuorumPeer.java","20573","177558","198131"
"2014-07-03 06:01","QuorumPeer.java","19464","157398","176862"
"2014-08-14 08:08","QuorumPeer.java","19621","163454","183075"
"2014-08-01 07:38","QuorumPeer.java","19623","163035","182658"
"2009-04-24 20:26","QuorumPeer.java","9992","51242","61234"
"2014-07-20 04:50","QuorumPeer.java","19578","162612","182190"
"2016-06-02 00:59","QuorumPeer.java","19811","173409","193220"
"2020-02-16 10:25","QuorumPeer.java","73200","268803","342003"
"2020-01-30 09:43","PurgeTxnTest.java","11889","22363","34252"
"2020-03-03 10:53","PurgeTxnTest.java","12021","23762","35783"
"2020-01-31 12:01","PurgeTxnTest.java","11889","22363","34252"
"2019-10-10 14:37","PurgeTxnTest.java","3717","7470","11187"
"2019-07-31 19:06","FourLetterCommands.java","225563","254583","480146"
"2017-03-04 19:22","FourLetterCommands.java","4172","2862","7034"
"2019-08-17 17:13","FourLetterCommands.java","225563","255276","480839"
"2019-08-17 17:13","AdminServerFactory.java","210259","256151","466410"
"2013-10-05 00:57","ServerCnxnFactory.java","7098","24535","31633"
"2019-11-14 03:54","ServerCnxnFactory.java","177139","264693","441832"
"2019-11-11 13:59","ServerCnxnFactory.java","177139","264094","441233"
"2012-08-28 21:51","ServerCnxnFactory.java","3507","8417","11924"
"2017-04-19 01:19","ServerCnxnFactory.java","23493","72343","95836"
"2012-02-11 00:34","ServerCnxnFactory.java","614","1538","2152"
"2018-10-24 04:03","ServerCnxnFactory.java","158107","235950","394057"
"2013-03-07 07:01","ServerCnxnFactory.java","6465","21367","27832"
"2014-07-18 02:19","ServerCnxnFactory.java","15021","48674","63695"
"2019-02-13 13:12","ServerCnxnFactory.java","177053","235544","412597"
"2017-10-07 21:22","ServerCnxnFactory.java","25279","74009","99288"
"2019-08-17 17:13","ServerCnxnFactory.java","177111","256656","433767"
"2019-06-07 14:13","ServerCnxnFactory.java","177111","242760","419871"
"2019-07-03 00:44","ServerCnxnFactory.java","177111","244669","421780"
"2015-03-17 18:06","ServerCnxnFactory.java","15638","55264","70902"
"2015-03-28 20:08","ServerCnxnFactory.java","15666","56281","71947"
"2016-05-02 18:15","ServerCnxnFactory.java","20096","64341","84437"
"2012-12-08 00:38","ServerCnxnFactory.java","4373","12642","17015"
"2012-12-19 19:07","ServerCnxnFactory.java","5171","14636","19807"
"2019-10-10 14:37","AsyncHammerTest.java","178405","260685","439090"
"2019-08-17 17:13","AsyncHammerTest.java","178405","256932","435337"
"2017-05-01 17:19","AsyncHammerTest.java","26801","87447","114248"
"2019-04-12 19:01","ServerStats.java","219043","237755","456798"
"2019-01-07 14:39","ServerStats.java","218949","230693","449642"
"2018-09-18 01:00","ServerStats.java","110757","129643","240400"
"2019-08-17 17:13","ServerStats.java","219061","255966","475027"
"2018-07-12 01:33","ServerStats.java","23563","37375","60938"
"2018-06-08 16:52","ServerStats.java","14203","27546","41749"
"2019-10-10 14:37","ChrootAsyncTest.java","178405","260685","439090"
"2019-08-17 17:13","ChrootAsyncTest.java","178405","256932","435337"
"2019-11-14 03:54","LocalPeerMXBean.java","167718","265024","432742"
"2018-06-26 11:18","LocalPeerMXBean.java","42258","120773","163031"
"2018-12-20 15:13","LocalPeerMXBean.java","167660","230527","398187"
"2014-06-04 22:07","LocalPeerMXBean.java","36101","86243","122344"
"2019-08-17 17:13","LocalPeerMXBean.java","167718","257015","424733"
"2015-07-07 07:11","WadlTest.java","22280","76443","98723"
"2009-07-17 00:09","ChrootClientTest.java","1244","2463","3707"
"2019-08-17 17:13","ChrootClientTest.java","140865","257500","398365"
"2019-10-10 14:37","ChrootClientTest.java","140865","261253","402118"
"2009-09-16 02:09","ChrootClientTest.java","2540","6174","8714"
"2011-04-12 09:14","ChrootClientTest.java","23260","61368","84628"
"2010-03-31 06:26","ChrootClientTest.java","15064","42660","57724"
"2015-10-18 19:00","QuorumPeer.java","18713","181011","199724"
"2018-12-20 15:13","QuorumPeer.java","59477","231252","290729"
"2019-05-16 16:25","QuorumPeer.java","59505","242509","302014"
"2009-01-15 23:57","QuorumPeer.java","6925","37526","44451"
"2018-10-16 16:22","QuorumPeer.java","55842","252695","308537"
"2019-06-14 09:06","QuorumPeer.java","59505","245708","305213"
"2008-10-01 10:40","QuorumPeer.java","1991","15069","17060"
"2010-03-16 23:25","QuorumPeer.java","11353","120306","131659"
"2008-10-03 15:06","QuorumPeer.java","2137","15379","17516"
"2018-12-07 12:41","QuorumPeer.java","59477","228266","287743"
"2012-04-23 01:20","QuorumPeer.java","16177","138152","154329"
"2012-07-17 23:19","QuorumPeer.java","16190","138937","155127"
"2019-03-11 19:47","QuorumPeer.java","59483","237686","297169"
"2012-02-27 03:41","QuorumPeer.java","16035","135925","151960"
"2014-07-18 02:19","QuorumPeer.java","18554","171118","189672"
"2019-02-13 13:12","QuorumPeer.java","59484","236635","296119"
"2011-04-29 18:12","QuorumPeer.java","12853","132866","145719"
"2019-04-12 19:01","QuorumPeer.java","59505","239517","299022"
"2018-12-09 03:16","QuorumPeer.java","59477","230340","289817"
"2018-09-11 15:23","QuorumPeer.java","45035","224217","269252"
"2019-11-29 14:49","QuorumPeer.java","59958","264720","324678"
"2013-03-07 07:01","QuorumPeer.java","17032","150845","167877"
"2018-12-15 07:34","QuorumPeer.java","59477","230255","289732"
"2018-11-27 10:02","QuorumPeer.java","59477","228016","287493"
"2018-09-18 01:00","QuorumPeer.java","45072","225509","270581"
"2009-11-18 18:47","QuorumPeer.java","10734","103607","114341"
"2012-02-06 09:40","QuorumPeer.java","15992","135641","151633"
"2019-06-03 19:40","QuorumPeer.java","59505","243041","302546"
"2019-07-15 14:15","QuorumPeer.java","59505","253129","312634"
"2015-03-17 18:06","QuorumPeer.java","18654","177191","195845"
"2019-07-03 00:44","QuorumPeer.java","59505","245723","305228"
"2009-06-18 18:37","QuorumPeer.java","8906","83604","92510"
"2019-08-17 17:13","QuorumPeer.java","59505","257710","317215"
"2015-06-27 02:03","QuorumPeer.java","18698","179924","198622"
"2009-11-18 20:06","QuorumPeer.java","10742","105949","116691"
"2017-11-28 00:10","QuorumPeer.java","19374","190815","210189"
"2014-01-21 04:50","QuorumPeer.java","17122","158085","175207"
"2014-06-04 22:07","QuorumPeer.java","18454","165218","183672"
"2018-01-30 08:02","QuorumPeer.java","19377","190971","210348"
"2019-05-15 11:56","QuorumPeer.java","59505","242464","301969"
"2019-06-05 00:33","QuorumPeer.java","59505","243431","302936"
"2009-02-06 22:19","QuorumPeer.java","7799","51886","59685"
"2019-05-20 23:13","QuorumPeer.java","59505","242582","302087"
"2019-06-04 10:55","QuorumPeer.java","59505","243194","302699"
"2019-07-12 17:01","QuorumPeer.java","59505","253023","312528"
"2020-01-09 11:27","QuorumPeer.java","59958","266266","326224"
"2017-02-09 11:40","QuorumPeer.java","19050","189267","208317"
"2011-06-14 07:14","QuorumPeer.java","12870","134498","147368"
"2009-04-17 00:59","QuorumPeer.java","8364","54254","62618"
"2008-12-09 06:14","QuorumPeer.java","3158","33497","36655"
"2017-07-06 18:48","QuorumPeer.java","19344","187247","206591"
"2018-10-01 06:11","QuorumPeer.java","45157","228173","273330"
"2015-04-09 20:16","QuorumPeer.java","18657","178257","196914"
"2013-10-07 21:08","QuorumPeer.java","17092","153721","170813"
"2013-09-30 22:20","QuorumPeer.java","17091","153289","170380"
"2018-07-04 17:11","QuorumPeer.java","20101","195256","215357"
"2019-12-17 13:48","QuorumPeer.java","59958","265292","325250"
"2015-12-07 05:59","QuorumPeer.java","18717","181773","200490"
"2020-01-23 13:43","QuorumPeer.java","59958","268090","328048"
"2016-06-23 23:45","QuorumPeer.java","18764","182890","201654"
"2011-05-03 19:57","QuorumPeer.java","12854","132871","145725"
"2016-06-23 23:25","QuorumPeer.java","18764","182782","201546"
"2010-03-09 05:44","QuorumPeer.java","11282","119460","130742"
"2010-03-12 19:26","QuorumPeer.java","11342","120250","131592"
"2014-03-23 04:12","QuorumPeer.java","17195","160378","177573"
"2013-09-26 00:13","QuorumPeer.java","17095","153049","170144"
"2011-06-17 01:34","QuorumPeer.java","12902","134601","147503"
"2011-06-14 14:11","QuorumPeer.java","12870","134525","147395"
"2010-03-10 02:27","QuorumPeer.java","11286","119678","130964"
"2010-03-10 19:52","QuorumPeer.java","11290","119768","131058"
"2014-07-18 20:48","QuorumPeer.java","18559","171582","190141"
"2014-07-04 04:19","QuorumPeer.java","18456","166863","185319"
"2018-12-06 10:56","QuorumPeer.java","59477","228210","287687"
"2014-06-25 15:04","QuorumPeer.java","18454","165715","184169"
"2014-03-28 01:58","QuorumPeer.java","17195","160796","177991"
"2009-10-30 17:19","QuorumPeer.java","10372","96706","107078"
"2009-11-20 23:28","QuorumPeer.java","10741","106227","116968"
"2009-12-18 03:19","QuorumPeer.java","10980","107039","118019"
"2009-12-15 23:23","QuorumPeer.java","10875","106660","117535"
"2013-10-21 23:36","QuorumPeer.java","17115","156486","173601"
"2019-10-10 14:37","QuorumPeer.java","59505","261463","320968"
"2013-11-07 06:41","QuorumPeer.java","17115","156917","174032"
"2017-07-27 23:09","QuorumPeer.java","19349","186266","205615"
"2014-05-18 05:49","QuorumPeer.java","18450","164725","183175"
"2011-10-25 08:09","QuorumPeer.java","15924","133069","148993"
"2014-03-25 22:13","QuorumPeer.java","17195","160614","177809"
"2011-04-12 09:14","QuorumPeer.java","12826","132504","145330"
"2011-11-01 08:15","QuorumPeer.java","15945","133279","149224"
"2011-03-16 19:49","QuorumPeer.java","12723","173874","186597"
"2018-06-26 11:18","QuorumPeer.java","19428","194565","213993"
"2018-07-27 12:32","QuorumPeer.java","20120","196475","216595"
"2019-04-18 19:17","QuorumPeer.java","59505","240227","299732"
"2011-10-27 23:25","QuorumPeer.java","15945","133250","149195"
"2011-08-30 08:37","QuorumPeer.java","13232","133263","146495"
"2011-08-30 08:29","QuorumPeer.java","13232","133251","146483"
"2010-08-18 08:24","QuorumPeer.java","12216","140849","153065"
"2013-10-09 22:21","QuorumPeer.java","17116","156124","173240"
"2016-12-20 14:47","QuorumPeer.java","19022","188104","207126"
"2011-05-20 01:17","QuorumPeer.java","12860","133357","146217"
"2010-05-05 22:32","QuorumPeer.java","11849","120787","132636"
"2017-05-11 16:59","QuorumPeer.java","19331","186367","205698"
"2014-07-03 06:01","QuorumPeer.java","18455","166440","184895"
"2014-08-14 08:08","QuorumPeer.java","18605","172489","191094"
"2014-08-01 07:38","QuorumPeer.java","18609","172072","190681"
"2009-04-24 20:26","QuorumPeer.java","8440","62932","71372"
"2014-07-20 04:50","QuorumPeer.java","18566","171651","190217"
"2008-10-01 08:26","QuorumPeer.java","1652","14629","16281"
"2016-06-02 00:59","QuorumPeer.java","18764","182413","201177"
"2020-02-16 10:25","QuorumPeer.java","59958","268803","328761"
"2014-06-25 15:04","FastLeaderElection.java","36013","86641","122654"
"2018-12-06 10:56","FastLeaderElection.java","167671","227485","395156"
"2014-07-08 05:25","FastLeaderElection.java","36360","88624","124984"
"2014-07-18 20:48","FastLeaderElection.java","36536","92926","129462"
"2014-03-23 04:12","FastLeaderElection.java","30096","76646","106742"
"2019-10-10 14:37","FastLeaderElection.java","167729","260768","428497"
"2013-10-21 23:36","FastLeaderElection.java","29827","72565","102392"
"2019-09-30 23:22","FastLeaderElection.java","167729","260395","428124"
"2011-04-12 09:14","FastLeaderElection.java","19586","30345","49931"
"2014-07-20 04:50","FastLeaderElection.java","36555","93007","129562"
"2010-07-05 21:50","FastLeaderElection.java","6142","17243","23385"
"2020-04-07 09:07","FastLeaderElection.java","168776","271436","440212"
"2012-03-20 01:33","FastLeaderElection.java","27225","51692","78917"
"2019-01-18 03:42","FastLeaderElection.java","167672","232983","400655"
"2012-02-06 09:40","FastLeaderElection.java","24937","47953","72890"
"2017-09-11 18:55","FastLeaderElection.java","41863","112814","154677"
"2013-03-07 07:01","FastLeaderElection.java","29287","66467","95754"
"2018-08-29 06:26","FastLeaderElection.java","99228","180462","279690"
"2011-04-29 18:12","FastLeaderElection.java","19678","30772","50450"
"2015-02-06 06:17","FastLeaderElection.java","36737","97419","134156"
"2018-04-30 06:34","FastLeaderElection.java","42163","119096","161259"
"2019-08-17 17:13","FastLeaderElection.java","167729","257015","424744"
"2019-08-02 20:08","FastLeaderElection.java","167729","257796","425525"
"2012-08-03 00:17","FastLeaderElection.java","27661","54616","82277"
"2017-01-13 19:29","FastLeaderElection.java","39617","112908","152525"
"2011-06-14 07:14","FastLeaderElection.java","19831","32540","52371"
"2019-08-03 08:42","FastLeaderElection.java","167729","257723","425452"
"2020-05-04 14:17","FileChangeWatcherTest.java","12870","26598","39468"
"2019-10-10 14:37","FileChangeWatcherTest.java","3717","7470","11187"
"2019-08-17 17:13","Leader.java","231754","254847","486601"
"2019-06-29 00:33","Leader.java","231753","242833","474586"
"2019-06-03 19:40","Leader.java","231753","240177","471930"
"2019-07-15 14:15","Leader.java","231754","250266","482020"
"2019-07-25 21:41","Leader.java","231754","251330","483084"
"2019-06-05 00:33","Leader.java","231753","240567","472320"
"2019-08-03 08:42","Leader.java","231754","255555","487309"
"2019-06-05 23:57","Leader.java","231753","240836","472589"
"2019-01-07 14:55","Leader.java","231605","229589","461194"
"2019-04-12 19:01","Leader.java","231717","236617","468334"
"2018-12-09 03:16","Leader.java","231604","227355","458959"
"2018-08-17 14:40","Leader.java","58428","60724","119152"
"2019-11-29 14:49","Leader.java","233691","263341","497032"
"2018-11-27 10:02","Leader.java","231604","225031","456635"
"2018-08-29 06:26","Leader.java","83921","86425","170346"
"2018-08-03 18:52","Leader.java","10671","12169","22840"
"2018-09-18 01:00","Leader.java","89799","94873","184672"
"2020-03-25 03:38","Leader.java","233693","269571","503264"
"2019-12-27 22:33","Leader.java","233692","265463","499155"
"2019-10-10 14:37","Leader.java","231755","258601","490356"
"2019-04-12 19:01","WatchManager.java","224278","236957","461235"
"2019-03-05 00:04","WatchManager.java","224199","234779","458978"
"2019-11-08 17:30","WatchManager.java","224363","260849","485212"
"2019-08-17 17:13","WatchManager.java","224314","255186","479500"
"2018-09-28 23:38","WatchManager.java","102374","117801","220175"
"2019-11-28 12:24","DataTree.java","173119","262908","436027"
"2011-07-28 07:49","DataTree.java","172","2618","2790"
"2019-10-10 14:37","DataTree.java","172021","260657","432678"
"2019-12-27 22:33","DataTree.java","173119","266680","439799"
"2015-06-06 03:48","DataTree.java","21357","68760","90117"
"2019-11-11 13:59","DataTree.java","172021","264314","436335"
"2018-07-10 13:29","DataTree.java","36382","97994","134376"
"2012-12-19 19:16","DataTree.java","12088","27772","39860"
"2014-04-17 08:47","DataTree.java","19689","51221","70910"
"2014-04-29 02:23","DataTree.java","19695","51933","71628"
"2011-09-15 00:55","DataTree.java","3531","8710","12241"
"2011-09-28 22:17","DataTree.java","4282","9646","13928"
"2018-09-28 23:38","DataTree.java","110116","179554","289670"
"2011-09-17 02:36","DataTree.java","4241","9348","13589"
"2011-10-20 18:48","DataTree.java","5762","9286","15048"
"2019-11-08 17:30","DataTree.java","172021","262518","434539"
"2013-09-05 23:50","DataTree.java","13033","34989","48022"
"2019-01-30 16:28","DataTree.java","171956","233950","405906"
"2019-01-30 17:02","DataTree.java","171956","234494","406450"
"2016-11-24 17:18","DataTree.java","25301","80471","105772"
"2017-09-11 18:55","DataTree.java","28206","82217","110423"
"2012-02-06 10:39","DataTree.java","7871","13954","21825"
"2011-12-21 21:39","DataTree.java","7220","12435","19655"
"2017-02-05 07:22","DataTree.java","25475","82084","107559"
"2014-07-18 02:19","DataTree.java","20522","59513","80035"
"2019-02-07 11:26","DataTree.java","171957","235172","407129"
"2013-03-07 07:01","DataTree.java","12736","32976","45712"
"2018-09-04 11:54","DataTree.java","109889","174243","284132"
"2018-09-05 22:35","DataTree.java","109894","174504","284398"
"2018-12-20 15:17","DataTree.java","171955","230438","402393"
"2019-09-10 09:53","DataTree.java","172021","257953","429974"
"2019-04-12 19:01","DataTree.java","172022","238712","410734"
"2019-07-31 19:06","DataTree.java","172021","256211","428232"
"2019-09-11 10:27","DataTree.java","172021","258260","430281"
"2013-10-22 12:54","DataTree.java","13446","39471","52917"
"2016-03-23 00:30","DataTree.java","24139","72981","97120"
"2019-08-01 07:31","DataTree.java","172021","257575","429596"
"2014-01-24 07:18","DataTree.java","13592","42565","56157"
"2019-08-17 17:13","DataTree.java","172021","256904","428925"
"2019-09-10 15:21","DataTree.java","172021","257947","429968"
"2015-06-04 19:51","DataTree.java","21350","68648","89998"
"2016-10-07 21:51","DataTree.java","24711","77060","101771"
"2017-06-18 19:23","DataTree.java","27927","81624","109551"
"2019-04-12 12:29","DataTree.java","172022","238281","410303"
"2019-08-03 08:42","DataTree.java","172021","257612","429633"
"2019-08-09 16:15","DataTree.java","172021","258360","430381"
"2016-11-13 20:59","DataTree.java","24732","79334","104066"
"2019-04-29 16:49","DataTree.java","172022","240742","412764"
"2017-06-08 17:51","ClientBase.java","966","334","1300"
"2018-09-07 02:49","ClientBase.java","103813","114251","218064"
"2019-07-31 19:06","ClientBase.java","224552","254557","479109"
"2017-09-11 18:55","ClientBase.java","3094","2920","6014"
"2019-08-17 17:13","ClientBase.java","224552","255250","479802"
"2019-06-07 14:13","ClientBase.java","224551","241353","465904"
"2018-04-24 00:20","ClientBase.java","4307","9909","14216"
"2018-08-08 06:21","ClientBase.java","73476","83049","156525"
"2018-05-09 23:57","ClientBase.java","4550","10937","15487"
"2019-06-24 11:05","ClientBase.java","224551","242582","467133"
"2019-11-14 16:44","ClientBase.java","224600","263325","487925"
"2019-10-10 14:37","ClientBase.java","224552","259003","483555"
"2019-08-17 17:13","AuthTest.java","177140","256904","434044"
"2012-03-02 03:44","AuthTest.java","8213","9420","17633"
"2017-02-12 00:34","StandaloneTest.java","21041","44199","65240"
"2016-11-13 20:59","StandaloneTest.java","17540","41906","59446"
"2014-08-19 22:50","StandaloneTest.java","9967","20156","30123"
"2019-08-17 17:13","StandaloneTest.java","201624","256271","457895"
"2019-08-17 17:13","CreateMode.java","218393","255978","474371"
"2016-10-07 21:51","CreateMode.java","6482","11533","18015"
"2017-07-28 00:36","CreateMode.java","13692","19842","33534"
"2019-08-17 17:13","X509Exception.java","29523","44192","73715"
"2019-11-29 14:49","ObserverBean.java","9773","16330","26103"
"2019-10-10 14:37","FollowerResyncConcurrencyTest.java","3717","7470","11187"
"2019-12-28 16:17","FollowerResyncConcurrencyTest.java","10230","18815","29045"
"2019-08-17 17:13","NettyUtils.java","30226","51401","81627"
"2019-10-10 14:37","NettyUtils.java","32314","57242","89556"
"2019-01-23 14:00","NettyServerCnxn.java","224395","231859","456254"
"2019-02-18 17:05","NettyServerCnxn.java","224416","234412","458828"
"2019-02-12 15:25","NettyServerCnxn.java","224396","233958","458354"
"2017-08-09 20:31","NettyServerCnxn.java","2903","2358","5261"
"2018-09-07 02:34","NettyServerCnxn.java","103820","114293","218113"
"2019-04-12 19:01","NettyServerCnxn.java","224494","237038","461532"
"2018-11-22 17:56","NettyServerCnxn.java","224393","223827","448220"
"2018-10-24 04:03","NettyServerCnxn.java","202488","231523","434011"
"2018-11-17 18:33","NettyServerCnxn.java","224392","223204","447596"
"2019-01-14 19:38","NettyServerCnxn.java","224394","230423","454817"
"2018-09-18 01:00","NettyServerCnxn.java","103959","116677","220636"
"2019-08-17 17:13","NettyServerCnxn.java","224513","255250","479763"
"2019-07-03 00:44","NettyServerCnxn.java","224512","243262","467774"
"2019-11-23 17:08","NettyServerCnxn.java","226138","261576","487714"
"2019-07-23 15:55","NettyServerCnxn.java","224513","251258","475771"
"2019-05-06 18:32","NettyServerCnxn.java","224494","239585","464079"
"2019-04-22 19:15","NettyServerCnxn.java","224494","238013","462507"
"2019-08-03 08:42","NettyServerCnxn.java","224513","255958","480471"
"2019-11-18 09:05","NettyServerCnxn.java","226138","260019","486157"
"2019-11-21 05:58","NettyServerCnxn.java","226138","260042","486180"
"2019-09-16 23:26","NettyServerCnxn.java","224513","258269","482782"
"2019-10-10 14:37","NettyServerCnxn.java","224513","259003","483516"
"2018-09-28 23:38","NettyServerCnxn.java","104641","119933","224574"
"2020-03-26 18:41","ZooKeeperMain.java","57850","270951","328801"
"2016-10-16 14:21","ZooKeeperMain.java","18913","186991","205904"
"2011-05-20 01:17","ZooKeeperMain.java","13036","135641","148677"
"2011-04-12 09:14","ZooKeeperMain.java","13007","134793","147800"
"2020-04-01 17:02","ZooKeeperMain.java","57850","271275","329125"
"2013-10-01 23:18","ZooKeeperMain.java","17201","155537","172738"
"2019-10-10 14:37","ZooKeeperMain.java","57537","261603","319140"
"2015-11-22 00:33","ZooKeeperMain.java","18793","183798","202591"
"2020-03-26 22:19","ZooKeeperMain.java","57850","271020","328870"
"2011-08-18 22:05","ZooKeeperMain.java","13371","131993","145364"
"2011-05-16 19:39","ZooKeeperMain.java","13036","135213","148249"
"2015-11-08 22:54","ZooKeeperMain.java","18794","183506","202300"
"2016-07-27 01:33","ZooKeeperMain.java","18843","185373","204216"
"2014-04-04 00:39","ZooKeeperMain.java","17375","163530","180905"
"2019-11-28 12:24","ZooKeeperMain.java","57850","263069","320919"
"2016-11-13 20:59","ZooKeeperMain.java","18915","189198","208113"
"2019-08-03 08:42","ZooKeeperMain.java","57537","258558","316095"
"2009-06-09 07:04","ZooKeeperMain.java","9654","84215","93869"
"2012-03-18 07:03","ZooKeeperMain.java","16259","139193","155452"
"2017-07-28 00:36","ZooKeeperMain.java","19221","188350","207571"
"2016-05-02 18:15","ZooKeeperMain.java","18841","184105","202946"
"2015-03-28 20:08","ZooKeeperMain.java","18753","180387","199140"
"2019-08-17 17:13","ZooKeeperMain.java","57537","257850","315387"
"2009-06-10 01:03","ZooKeeperMain.java","9686","85368","95054"
"2009-06-09 07:12","ZooKeeperMain.java","9655","84255","93910"
"2009-07-31 22:32","ZooKeeperMain.java","10013","94954","104967"
"2009-05-08 00:34","ZooKeeperMain.java","9384","75173","84557"
"2013-09-02 23:04","ZooKeeperMain.java","17210","154786","171996"
"2018-08-06 14:11","ZooKeeperMain.java","19990","199065","219055"
"2010-11-10 23:36","ZooKeeperMain.java","12710","174494","187204"
"2009-02-03 06:23","ZooKeeperMain.java","8697","54088","62785"
"2019-12-27 22:33","QuorumBean.java","10004","18682","28686"
"2019-06-03 19:40","ClientCnxnSocketNetty.java","1170","5644","6814"
"2019-08-17 17:13","ClientCnxnSocketNetty.java","29822","48965","78787"
"2019-10-10 14:37","ClientCnxnSocketNetty.java","31910","54806","86716"
"2019-08-17 17:13","WatcherCleanerTest.java","158773","174218","332991"
"2019-04-12 19:01","WatcherCleanerTest.java","156822","154074","310896"
"2019-03-05 00:04","WatcherCleanerTest.java","156632","151785","308417"
"2018-05-10 00:14","QuorumPeerMainTest.java","24305","55083","79388"
"2018-10-05 14:25","QuorumPeerMainTest.java","181748","222200","403948"
"2018-07-17 10:41","QuorumPeerMainTest.java","42804","75229","118033"
"2018-07-27 12:32","QuorumPeerMainTest.java","42892","75828","118720"
"2015-11-03 08:11","QuorumPeerMainTest.java","12547","31464","44011"
"2020-01-23 13:43","QuorumPeerMainTest.java","202672","267636","470308"
"2019-10-10 14:37","QuorumPeerMainTest.java","201254","260044","461298"
"2019-12-28 16:17","QuorumPeerMainTest.java","202672","266294","468966"
"2017-12-16 01:25","QuorumPeerMainTest.java","24013","52079","76092"
"2018-01-19 00:52","QuorumPeerMainTest.java","24060","52239","76299"
"2018-04-30 06:34","QuorumPeerMainTest.java","24297","54444","78741"
"2019-07-25 21:41","QuorumPeerMainTest.java","201254","252774","454028"
"2019-08-17 17:13","QuorumPeerMainTest.java","201254","256291","457545"
"2018-02-23 23:49","QuorumPeerMainTest.java","24145","53366","77511"
"2019-07-02 07:34","QuorumPeerMainTest.java","201254","244234","445488"
"2019-05-20 17:18","QuorumPeerMainTest.java","201238","241066","442304"
"2018-10-16 16:22","QuorumPeerMainTest.java","181751","235185","416936"
"2015-02-06 06:17","QuorumPeerMainTest.java","10257","24153","34410"
"2018-08-29 06:26","QuorumPeerMainTest.java","106959","141407","248366"
"2018-08-03 18:52","QuorumPeerMainTest.java","43034","76476","119510"
"2018-09-11 15:23","QuorumPeerMainTest.java","112132","147895","260027"
"2019-08-17 17:13","SessionTrackerTest.java","191803","212928","404731"
"2019-07-08 23:26","SessionTrackerTest.java","191802","201703","393505"
"2019-08-27 09:23","WriteLockTest.java","168727","257583","426310"
"2019-11-29 14:49","ReconfigExceptionTest.java","9773","16330","26103"
"2019-04-12 19:01","ServerConfig.java","153008","154089","307097"
"2019-02-13 13:12","ServerConfig.java","152816","151036","303852"
"2019-05-15 11:56","ServerConfig.java","153032","157060","310092"
"2019-08-17 17:13","ServerConfig.java","154959","174233","329192"
"2019-04-18 19:17","ServerConfig.java","153008","154799","307807"
"2019-08-17 17:13","FLELostMessageTest.java","206595","256154","462749"
"2017-11-28 00:10","FLELostMessageTest.java","15984","38528","54512"
"2019-07-12 17:01","FLELostMessageTest.java","206595","251467","458062"
"2019-08-17 17:13","RemotePeerBeanTest.java","231529","254848","486377"
"2018-09-15 00:08","ZooKeeperServer.java","109044","168993","278037"
"2019-04-12 19:01","ZooKeeperServer.java","178028","238456","416484"
"2019-07-31 19:06","ZooKeeperServer.java","178028","255956","433984"
"2019-09-11 10:27","ZooKeeperServer.java","178028","258005","436033"
"2019-01-14 19:38","ZooKeeperServer.java","177950","231863","409813"
"2019-01-07 15:34","ZooKeeperServer.java","177950","231464","409414"
"2018-11-21 17:56","ZooKeeperServer.java","177948","224659","402607"
"2017-04-28 07:14","ZooKeeperServer.java","23218","71249","94467"
"2017-02-12 00:12","ZooKeeperServer.java","23163","70295","93458"
"2014-07-18 02:19","ZooKeeperServer.java","14604","47333","61937"
"2013-12-11 19:22","ZooKeeperServer.java","7029","27596","34625"
"2019-02-13 13:12","ZooKeeperServer.java","177970","235537","413507"
"2016-11-24 17:18","ZooKeeperServer.java","21054","69962","91016"
"2018-07-19 05:59","ZooKeeperServer.java","44032","100048","144080"
"2018-09-18 01:00","ZooKeeperServer.java","109102","169704","278806"
"2019-03-04 08:07","ZooKeeperServer.java","177969","236113","414082"
"2019-07-08 23:26","ZooKeeperServer.java","178028","245425","423453"
"2019-01-23 14:00","ZooKeeperServer.java","177951","233299","411250"
"2019-02-13 13:19","ZooKeeperServer.java","177970","235823","413793"
"2019-05-14 17:11","ZooKeeperServer.java","178028","241316","419344"
"2013-01-25 02:17","ZooKeeperServer.java","4712","14291","19003"
"2015-07-10 08:19","ZooKeeperServer.java","16603","58319","74922"
"2019-06-04 10:55","ZooKeeperServer.java","178028","242133","420161"
"2019-04-09 15:35","ZooKeeperServer.java","177970","237448","415418"
"2019-08-03 08:42","ZooKeeperServer.java","178028","257357","435385"
"2019-05-15 11:56","ZooKeeperServer.java","178028","241403","419431"
"2019-05-22 11:39","ZooKeeperServer.java","178028","241849","419877"
"2019-04-22 19:15","ZooKeeperServer.java","178028","239431","417459"
"2018-02-23 23:49","ZooKeeperServer.java","25717","78522","104239"
"2016-11-16 06:21","ZooKeeperServer.java","20501","69388","89889"
"2012-12-19 19:07","ZooKeeperServer.java","4645","13186","17831"
"2017-08-18 06:32","ZooKeeperServer.java","24865","72436","97301"
"2017-06-26 00:16","ZooKeeperServer.java","24320","71883","96203"
"2019-09-10 04:26","ZooKeeperServer.java","178028","257694","435722"
"2019-08-17 17:13","ZooKeeperServer.java","178028","256649","434677"
"2019-09-05 23:12","ZooKeeperServer.java","178028","257568","435596"
"2019-09-10 15:21","ZooKeeperServer.java","178028","257692","435720"
"2019-08-01 07:31","ZooKeeperServer.java","178028","257320","435348"
"2019-08-01 07:28","ZooKeeperServer.java","178028","256830","434858"
"2019-06-03 19:40","ZooKeeperServer.java","178028","241980","420008"
"2015-03-17 18:06","ZooKeeperServer.java","15229","53931","69160"
"2019-11-23 17:08","ZooKeeperServer.java","179337","262659","441996"
"2019-10-09 16:49","ZooKeeperServer.java","178028","260235","438263"
"2019-07-03 00:44","ZooKeeperServer.java","178028","244662","422690"
"2018-01-19 01:12","ZooKeeperServer.java","25639","77402","103041"
"2019-07-24 18:00","ZooKeeperServer.java","178028","253104","431132"
"2013-05-16 18:49","ZooKeeperServer.java","6033","20162","26195"
"2018-08-08 06:21","ZooKeeperServer.java","86295","143791","230086"
"2018-05-09 23:57","ZooKeeperServer.java","25866","80176","106042"
"2019-12-27 22:33","ZooKeeperServer.java","179337","266636","445973"
"2016-08-13 15:01","ZooKeeperServer.java","20076","65062","85138"
"2018-09-11 00:17","ZooKeeperServer.java","109040","167440","276480"
"2019-11-18 09:05","ZooKeeperServer.java","179337","261102","440439"
"2019-10-10 14:37","ZooKeeperServer.java","178028","260402","438430"
"2019-09-16 23:26","ZooKeeperServer.java","178028","259668","437696"
"2013-10-08 01:35","ZooKeeperServer.java","6685","23618","30303"
"2017-06-23 18:39","ZooKeeperServer.java","24254","71837","96091"
"2019-12-03 10:01","ZooKeeperServer.java","179337","264561","443898"
"2020-03-25 03:38","ZooKeeperServer.java","179337","270743","450080"
"2019-11-28 12:24","ZooKeeperServer.java","179337","262864","442201"
"2019-11-06 15:21","ZooKeeperServer.java","178056","260646","438702"
"2020-04-12 11:14","ZooKeeperServer.java","179337","271496","450833"
"2013-10-09 22:21","ZooKeeperServer.java","6916","26089","33005"
"2015-03-08 23:07","ZooKeeperServer.java","15127","52781","67908"
"2018-06-08 16:52","ZooKeeperServer.java","25960","81019","106979"
"2018-06-15 07:41","ZooKeeperServer.java","25964","81026","106990"
"2018-07-28 04:37","ZooKeeperServer.java","44080","100672","144752"
"2019-04-18 19:17","ZooKeeperServer.java","178028","239166","417194"
"2012-03-15 17:47","ZooKeeperServer.java","98","1132","1230"
"2014-03-25 22:13","ZooKeeperServer.java","7453","31037","38490"
"2011-04-12 09:14","FileLoader.java","15099","14937","30036"
"2011-10-25 08:09","KeeperStateTest.java","22531","42821","65352"
"2019-08-17 17:13","KeeperStateTest.java","167976","257015","424991"
"2019-10-10 14:37","FLEZeroWeightTest.java","167729","260768","428497"
"2011-04-12 09:14","FLEZeroWeightTest.java","19586","30345","49931"
"2010-03-31 06:26","FLEZeroWeightTest.java","2714","2961","5675"
"2012-04-23 01:20","FLEZeroWeightTest.java","27512","52854","80366"
"2017-09-11 18:55","FLEZeroWeightTest.java","41863","112814","154677"
"2019-08-17 17:13","FLEZeroWeightTest.java","167729","257015","424744"
"2019-07-12 17:01","FLEZeroWeightTest.java","167729","252328","420057"
"2020-01-23 13:43","MultipleAddresses.java","2244","5614","7858"
"2020-03-19 17:09","MultipleAddresses.java","4144","9576","13720"
"2016-07-27 01:33","ZooKeeperTest.java","24074","80864","104938"
"2015-11-08 22:54","ZooKeeperTest.java","22315","77287","99602"
"2011-08-18 22:05","ZooKeeperTest.java","1589","10471","12060"
"2011-08-14 18:40","ZooKeeperTest.java","1570","10219","11789"
"2011-10-27 18:11","ZooKeeperTest.java","6824","16542","23366"
"2016-09-08 22:52","ZooKeeperTest.java","24484","81662","106146"
"2018-10-04 15:46","ZooKeeperTest.java","107359","182787","290146"
"2016-10-16 14:21","ZooKeeperTest.java","24541","82879","107420"
"2019-03-12 19:08","ZooKeeperTest.java","178722","236981","415703"
"2017-04-29 20:17","ZooKeeperTest.java","26760","86996","113756"
"2014-03-29 04:33","ZooKeeperTest.java","14055","50121","64176"
"2017-05-30 19:43","ZooKeeperTest.java","27527","86993","114520"
"2011-12-28 00:53","ZooKeeperTest.java","7779","19000","26779"
"2012-03-17 01:39","ZooKeeperTest.java","8272","21839","30111"
"2013-09-02 23:04","ZooKeeperTest.java","13138","40974","54112"
"2019-05-23 18:42","ZooKeeperTest.java","178775","242140","420915"
"2019-08-17 17:13","ZooKeeperTest.java","178774","256910","435684"
"2016-08-10 19:32","ZooKeeperTest.java","24292","81037","105329"
"2019-06-06 00:01","ZooKeeperTest.java","178774","243047","421821"
"2019-01-31 15:55","ReconfigCommand.java","224893","232833","457726"
"2019-08-17 17:13","ReconfigCommand.java","225011","255292","480303"
"2019-05-15 11:56","ServerConfig.java","488","3435","3923"
"2019-08-17 17:13","ServerConfig.java","29620","47813","77433"
"2019-04-18 19:17","ServerConfig.java","23","733","756"
"2019-06-07 14:13","TruncateTest.java","230610","241025","471635"
"2019-08-17 17:13","TruncateTest.java","230611","254922","485533"
"2019-07-12 17:01","TruncateTest.java","230611","250235","480846"
"2020-01-28 17:26","TruncateTest.java","232475","267184","499659"
"2019-08-17 17:13","JettyAdminServer.java","29523","44192","73715"
"2019-07-29 17:09","JettyAdminServer.java","5735","17418","23153"
"2020-05-05 09:18","JettyAdminServer.java","42825","71256","114081"
"2019-10-10 14:37","JettyAdminServer.java","31925","50347","82272"
"2018-09-15 00:08","ZooKeeperServer.java","107470","118511","225981"
"2019-04-12 19:01","ZooKeeperServer.java","225544","237064","462608"
"2019-07-31 19:06","ZooKeeperServer.java","225563","254583","480146"
"2019-09-11 10:27","ZooKeeperServer.java","225563","256632","482195"
"2019-01-14 19:38","ZooKeeperServer.java","225444","230449","455893"
"2019-01-07 15:34","ZooKeeperServer.java","225444","230050","455494"
"2018-11-21 17:56","ZooKeeperServer.java","225442","223245","448687"
"2017-04-28 07:14","ZooKeeperServer.java","4269","3392","7661"
"2017-02-12 00:12","ZooKeeperServer.java","4073","2297","6370"
"2019-02-13 13:12","ZooKeeperServer.java","225466","234125","459591"
"2018-07-19 05:59","ZooKeeperServer.java","29572","36680","66252"
"2018-09-18 01:00","ZooKeeperServer.java","107577","119271","226848"
"2019-03-04 08:07","ZooKeeperServer.java","225467","234703","460170"
"2019-07-08 23:26","ZooKeeperServer.java","225562","244051","469613"
"2019-01-23 14:00","ZooKeeperServer.java","225445","231885","457330"
"2019-02-13 13:19","ZooKeeperServer.java","225466","234411","459877"
"2019-05-14 17:11","ZooKeeperServer.java","225544","239924","465468"
"2019-06-04 10:55","ZooKeeperServer.java","225562","240759","466321"
"2019-04-09 15:35","ZooKeeperServer.java","225469","236039","461508"
"2019-08-03 08:42","ZooKeeperServer.java","225563","255984","481547"
"2019-05-15 11:56","ZooKeeperServer.java","225544","240011","465555"
"2019-05-22 11:39","ZooKeeperServer.java","225545","240458","466003"
"2019-04-22 19:15","ZooKeeperServer.java","225544","238039","463583"
"2018-02-23 23:49","ZooKeeperServer.java","8441","12338","20779"
"2017-08-18 06:32","ZooKeeperServer.java","7166","5829","12995"
"2017-06-26 00:16","ZooKeeperServer.java","5510","4165","9675"
"2019-09-10 04:26","ZooKeeperServer.java","225563","256321","481884"
"2019-08-17 17:13","ZooKeeperServer.java","225563","255276","480839"
"2019-09-05 23:12","ZooKeeperServer.java","225563","256195","481758"
"2019-09-10 15:21","ZooKeeperServer.java","225563","256319","481882"
"2019-08-01 07:31","ZooKeeperServer.java","225563","255947","481510"
"2019-08-01 07:28","ZooKeeperServer.java","225563","255457","481020"
"2019-06-03 19:40","ZooKeeperServer.java","225562","240606","466168"
"2019-11-23 17:08","ZooKeeperServer.java","227167","261581","488748"
"2019-10-09 16:49","ZooKeeperServer.java","225563","258862","484425"
"2019-07-03 00:44","ZooKeeperServer.java","225562","243288","468850"
"2018-01-19 01:12","ZooKeeperServer.java","8357","11212","19569"
"2019-07-24 18:00","ZooKeeperServer.java","225563","251731","477294"
"2018-08-08 06:21","ZooKeeperServer.java","77497","86085","163582"
"2018-05-09 23:57","ZooKeeperServer.java","8721","14123","22844"
"2019-12-27 22:33","ZooKeeperServer.java","227168","265559","492727"
"2018-09-11 00:17","ZooKeeperServer.java","107447","116939","224386"
"2019-11-18 09:05","ZooKeeperServer.java","227167","260024","487191"
"2019-10-10 14:37","ZooKeeperServer.java","225563","259029","484592"
"2019-09-16 23:26","ZooKeeperServer.java","225563","258295","483858"
"2017-06-23 18:39","ZooKeeperServer.java","5416","4091","9507"
"2019-12-03 10:01","ZooKeeperServer.java","227167","263483","490650"
"2020-03-25 03:38","ZooKeeperServer.java","227169","269667","496836"
"2019-11-28 12:24","ZooKeeperServer.java","227167","261786","488953"
"2019-11-06 15:21","ZooKeeperServer.java","225611","259293","484904"
"2020-04-12 11:14","ZooKeeperServer.java","227230","270481","497711"
"2018-06-08 16:52","ZooKeeperServer.java","8944","15095","24039"
"2018-06-15 07:41","ZooKeeperServer.java","8952","15106","24058"
"2018-07-28 04:37","ZooKeeperServer.java","29704","37388","67092"
"2019-04-18 19:17","ZooKeeperServer.java","225544","237774","463318"
"2019-10-10 14:37","LearnerHandler.java","201018","260044","461062"
"2015-06-05 20:38","LearnerHandler.java","11242","28933","40175"
"2015-06-05 20:51","LearnerHandler.java","11242","28960","40202"
"2015-06-12 23:02","LearnerHandler.java","11260","29076","40336"
"2019-07-03 20:54","LearnerHandler.java","201018","244285","445303"
"2018-09-18 01:00","LearnerHandler.java","112171","149425","261596"
"2018-08-03 18:52","LearnerHandler.java","43012","76690","119702"
"2018-12-09 03:16","LearnerHandler.java","200910","228841","429751"
"2019-04-12 19:01","LearnerHandler.java","201002","238082","439084"
"2017-11-28 00:10","LearnerHandler.java","23642","51900","75542"
"2019-06-29 00:33","LearnerHandler.java","201018","244278","445296"
"2019-07-25 21:41","LearnerHandler.java","201018","252774","453792"
"2019-08-23 19:43","LearnerHandler.java","201018","256957","457975"
"2019-08-17 17:13","LearnerHandler.java","201018","256291","457309"
"2017-06-26 00:16","LearnerHandler.java","21965","46180","68145"
"2017-08-03 20:28","LearnerHandler.java","22995","46858","69853"
"2019-05-06 17:48","LearnerHandler.java","201002","240588","441590"
"2019-08-03 08:42","LearnerHandler.java","201018","256999","458017"
"2019-04-22 19:15","LearnerHandler.java","201002","239057","440059"
"2014-03-25 22:13","QuorumPeerMainTest.java","14822","37586","52408"
"2018-05-10 00:14","QuorumPeerMainTest.java","32277","85819","118096"
"2018-10-05 14:25","QuorumPeerMainTest.java","160137","223353","383490"
"2018-07-17 10:41","QuorumPeerMainTest.java","50192","105381","155573"
"2018-07-27 12:32","QuorumPeerMainTest.java","50236","105936","156172"
"2013-10-09 22:21","QuorumPeerMainTest.java","14348","32701","47049"
"2011-09-17 02:13","QuorumPeerMainTest.java","3248","1301","4549"
"2015-11-03 08:11","QuorumPeerMainTest.java","23610","65291","88901"
"2020-01-23 13:43","QuorumPeerMainTest.java","180170","267898","448068"
"2019-10-10 14:37","QuorumPeerMainTest.java","178964","260518","439482"
"2019-12-28 16:17","QuorumPeerMainTest.java","180170","266556","446726"
"2017-12-16 01:25","QuorumPeerMainTest.java","32008","82838","114846"
"2018-01-19 00:52","QuorumPeerMainTest.java","32055","82998","115053"
"2018-04-30 06:34","QuorumPeerMainTest.java","32276","85187","117463"
"2019-07-25 21:41","QuorumPeerMainTest.java","178964","253248","432212"
"2019-08-17 17:13","QuorumPeerMainTest.java","178964","256765","435729"
"2018-02-23 23:49","QuorumPeerMainTest.java","32132","84117","116249"
"2012-04-23 01:20","QuorumPeerMainTest.java","10677","11997","22674"
"2014-01-09 20:21","QuorumPeerMainTest.java","14506","34705","49211"
"2019-07-02 07:34","QuorumPeerMainTest.java","178964","244708","423672"
"2019-05-20 17:18","QuorumPeerMainTest.java","178965","241557","420522"
"2018-10-16 16:22","QuorumPeerMainTest.java","160138","236336","396474"
"2015-02-06 06:17","QuorumPeerMainTest.java","22001","58661","80662"
"2018-08-29 06:26","QuorumPeerMainTest.java","109283","166495","275778"
"2018-08-03 18:52","QuorumPeerMainTest.java","50255","106461","156716"
"2018-09-11 15:23","QuorumPeerMainTest.java","114377","172904","287281"
"2019-07-29 17:15","CSharpGenerator.java","224314","252786","477100"
"2019-07-12 17:01","QuorumBase.java","224314","250499","474813"
"2019-08-17 17:13","QuorumBase.java","224314","255186","479500"
"2019-08-01 07:31","QuorumBase.java","224314","255857","480171"
"2018-08-08 06:21","QuorumBase.java","70661","80408","151069"
"2019-10-10 14:37","QuorumBase.java","224315","258940","483255"
"2020-03-25 03:38","QuorumBase.java","225979","269636","495615"
"2014-06-30 19:11","Observer.java","15373","46137","61510"
"2019-10-10 14:37","Observer.java","175294","260412","435706"
"2015-06-05 21:25","Observer.java","17008","60825","77833"
"2019-12-27 22:33","Observer.java","176599","266642","443241"
"2017-11-28 00:10","Observer.java","26399","80749","107148"
"2019-07-15 14:15","Observer.java","175294","252078","427372"
"2019-08-23 19:43","Observer.java","175294","257325","432619"
"2019-08-17 17:13","Observer.java","175294","256659","431953"
"2019-05-03 00:44","Observer.java","175294","240656","415950"
"2019-06-05 00:33","Observer.java","175294","242380","417674"
"2019-07-02 07:34","Observer.java","175294","244602","419896"
"2013-03-07 07:01","Observer.java","8002","24724","32726"
"2018-12-09 03:16","Observer.java","175217","229240","404457"
"2018-11-05 08:45","WatchEventWhenAutoResetTest.java","197973","233306","431279"
"2019-08-17 17:13","WatchEventWhenAutoResetTest.java","218914","255966","474880"
"2020-04-07 15:40","Version.java","5075","13556","18631"
"2019-11-11 13:59","ZooKeeperServerMain.java","32038","56931","88969"
"2019-11-28 12:24","ZooKeeperServerMain.java","37315","59704","97019"
"2019-11-25 15:37","ZooKeeperServerMain.java","37277","59568","96845"
"2019-08-17 17:13","ZooKeeperServerMain.java","29721","47204","76925"
"2019-07-31 19:06","Commands.java","219061","255273","474334"
"2019-11-29 14:49","Commands.java","220606","264068","484674"
"2018-11-17 18:37","Commands.java","218947","223927","442874"
"2018-09-18 01:00","Commands.java","110757","129643","240400"
"2019-08-17 17:13","Commands.java","219061","255966","475027"
"2019-06-29 00:33","Commands.java","219060","243952","463012"
"2019-06-03 19:40","Commands.java","219060","241296","460356"
"2019-07-15 14:15","Commands.java","219061","251385","470446"
"2018-07-12 01:33","Commands.java","23563","37375","60938"
"2019-07-25 23:43","Commands.java","219061","252502","471563"
"2019-06-05 12:14","Commands.java","219060","241823","460883"
"2019-08-06 01:43","Commands.java","219061","256848","475909"
"2019-05-27 10:54","Commands.java","219043","241268","460311"
"2019-06-04 10:55","Commands.java","219060","241449","460509"
"2019-05-15 11:56","Commands.java","219043","240702","459745"
"2019-12-03 10:01","Commands.java","220606","264114","484720"
"2018-09-11 00:17","Commands.java","110630","127314","237944"
"2019-11-20 07:00","Commands.java","220606","260667","481273"
"2018-06-08 16:52","Commands.java","14203","27546","41749"
"2019-01-31 15:55","DeleteCommand.java","178779","234068","412847"
"2019-08-17 17:13","DeleteCommand.java","178872","256502","435374"
"2017-05-27 00:52","DeleteCommand.java","22228","68500","90728"
"2016-07-27 01:33","DeleteCommand.java","17918","61514","79432"
"2018-10-16 16:22","QuorumPeerConfig.java","160788","235666","396454"
"2018-12-09 03:16","QuorumPeerConfig.java","179892","229031","408923"
"2019-04-12 19:01","QuorumPeerConfig.java","179971","238259","418230"
"2018-09-11 15:23","QuorumPeerConfig.java","107645","164852","272497"
"2013-03-07 07:01","QuorumPeerConfig.java","3398","15236","18634"
"2018-12-15 07:34","QuorumPeerConfig.java","179892","228946","408838"
"2019-02-13 13:12","QuorumPeerConfig.java","179913","235340","415253"
"2019-08-17 17:13","QuorumPeerConfig.java","179987","256468","436455"
"2015-03-17 18:06","QuorumPeerConfig.java","13351","49913","63264"
"2014-01-21 04:50","QuorumPeerConfig.java","4642","23630","28272"
"2012-12-16 07:43","QuorumPeerConfig.java","1494","6938","8432"
"2017-11-28 00:10","QuorumPeerConfig.java","23821","73287","97108"
"2019-06-05 00:29","QuorumPeerConfig.java","179987","242135","422122"
"2014-09-17 07:34","QuorumPeerConfig.java","12930","46039","58969"
"2020-01-09 11:27","QuorumPeerConfig.java","181299","265883","447182"
"2019-07-12 17:01","QuorumPeerConfig.java","179987","251781","431768"
"2016-11-13 20:59","QuorumPeerConfig.java","18851","65051","83902"
"2019-05-15 11:56","QuorumPeerConfig.java","179971","241206","421177"
"2014-08-19 22:50","QuorumPeerConfig.java","12930","44953","57883"
"2018-10-01 06:11","QuorumPeerConfig.java","107873","168914","276787"
"2017-07-28 00:36","QuorumPeerConfig.java","23300","68346","91646"
"2013-09-30 22:20","QuorumPeerConfig.java","3941","18164","22105"
"2017-07-06 18:48","QuorumPeerConfig.java","22837","68765","91602"
"2013-09-26 00:13","QuorumPeerConfig.java","3913","17892","21805"
"2020-01-23 13:43","QuorumPeerConfig.java","181299","267707","449006"
"2014-05-17 13:23","QuorumPeerConfig.java","11460","35343","46803"
"2014-07-04 04:19","QuorumPeerConfig.java","11738","38170","49908"
"2016-06-23 19:42","QuorumPeerConfig.java","17998","59766","77764"
"2015-09-06 20:02","QuorumPeerConfig.java","14817","54891","69708"
"2015-09-29 03:56","QuorumPeerConfig.java","14860","55115","69975"
"2019-10-10 14:37","QuorumPeerConfig.java","179987","260221","440208"
"2018-07-27 12:32","QuorumPeerConfig.java","42666","97046","139712"
"2019-04-18 19:17","QuorumPeerConfig.java","179971","238969","418940"
"2016-11-03 16:07","QuorumPeerConfig.java","18824","63355","82179"
"2014-03-25 22:13","QuorumPeerConfig.java","4946","26390","31336"
"2013-10-09 22:21","QuorumPeerConfig.java","4373","21406","25779"
"2014-08-01 07:38","QuorumPeerConfig.java","12808","44296","57104"
"2014-08-14 08:08","QuorumPeerConfig.java","12853","44762","57615"
"2020-02-16 10:25","QuorumPeerConfig.java","181299","268420","449719"
"2020-05-14 18:18","QuorumPeerConfig.java","181303","271649","452952"
"2017-05-11 16:59","QuorumPeerConfig.java","22590","67651","90241"
"2011-04-12 09:14","WadlTest.java","15865","10270","26135"
"2015-07-07 07:11","WadlTest.java","35426","83925","119351"
"2019-08-17 17:13","FourLetterWordMain.java","217153","256083","473236"
"2019-01-31 15:50","FourLetterWordMain.java","217043","233640","450683"
"2017-07-28 00:36","FourLetterWordMain.java","14720","22215","36935"
"2015-11-21 22:18","FourLetterWordMain.java","2789","6155","8944"
"2018-12-15 07:34","FourLetterWordMain.java","217041","228544","445585"
"2015-07-05 06:05","FourLetterWordMain.java","2309","4079","6388"
"2019-08-17 17:13","PortAssignmentTest.java","218914","255966","474880"
"2019-08-17 17:13","NioNettySuiteHammerTest.java","187413","256985","444398"
"2019-11-29 14:49","QuorumCnxManager.java","233522","263341","496863"
"2018-08-06 14:11","QuorumCnxManager.java","10925","12698","23623"
"2018-10-16 16:22","QuorumCnxManager.java","198665","220324","418989"
"2019-06-14 09:06","QuorumCnxManager.java","231584","242844","474428"
"2019-08-03 08:42","QuorumCnxManager.java","231585","255555","487140"
"2019-11-13 20:41","QuorumCnxManager.java","231634","262615","494249"
"2019-04-09 16:08","QuorumCnxManager.java","231469","235587","467056"
"2019-08-06 12:52","QuorumCnxManager.java","231585","255820","487405"
"2019-05-20 23:13","QuorumCnxManager.java","231567","239701","471268"
"2019-07-27 20:04","QuorumCnxManager.java","231585","251378","482963"
"2020-03-12 14:47","QuorumCnxManager.java","233524","268729","502253"
"2019-08-17 17:13","QuorumCnxManager.java","231585","254847","486432"
"2019-10-10 14:37","QuorumCnxManager.java","231586","258601","490187"
"2020-01-23 13:43","QuorumCnxManager.java","233524","266713","500237"
"2019-11-28 12:24","QuorumCnxManager.java","233522","261690","495212"
"2020-03-23 16:20","QuorumCnxManager.java","233524","268900","502424"
"2020-02-16 10:25","QuorumCnxManager.java","233524","267426","500950"
"2018-07-27 12:32","QuorumCnxManager.java","10697","11858","22555"
"2019-08-17 17:13","ServerStatsTest.java","156211","174230","330441"
"2019-11-29 14:49","QuorumCnxManager.java","234612","262658","497270"
"2018-10-16 16:22","QuorumCnxManager.java","199639","219525","419164"
"2019-06-14 09:06","QuorumCnxManager.java","232673","242160","474833"
"2019-08-03 08:42","QuorumCnxManager.java","232674","254871","487545"
"2019-11-13 20:41","QuorumCnxManager.java","232723","261931","494654"
"2019-04-09 16:08","QuorumCnxManager.java","232557","234902","467459"
"2019-08-06 12:52","QuorumCnxManager.java","232674","255136","487810"
"2019-05-20 23:13","QuorumCnxManager.java","232656","239017","471673"
"2019-07-27 20:04","QuorumCnxManager.java","232674","250694","483368"
"2020-03-12 14:47","QuorumCnxManager.java","234614","268046","502660"
"2019-08-17 17:13","QuorumCnxManager.java","232674","254163","486837"
"2019-10-10 14:37","QuorumCnxManager.java","232675","257917","490592"
"2020-01-23 13:43","QuorumCnxManager.java","234614","266030","500644"
"2019-11-28 12:24","QuorumCnxManager.java","234612","261007","495619"
"2020-03-23 16:20","QuorumCnxManager.java","234614","268217","502831"
"2020-02-16 10:25","QuorumCnxManager.java","234614","266743","501357"
"2019-08-17 17:13","QuorumMajorityTest.java","29662","45540","75202"
"2019-08-17 17:13","CreateMode.java","223293","255827","479120"
"2017-07-28 00:36","CreateMode.java","7700","8799","16499"
"2019-02-07 11:26","PrepRequestProcessor.java","231412","232349","463761"
"2019-09-11 10:27","PrepRequestProcessor.java","231559","255520","487079"
"2019-01-16 14:21","PrepRequestProcessor.java","231405","229990","461395"
"2019-11-08 17:30","PrepRequestProcessor.java","231607","259826","491433"
"2019-04-09 15:35","PrepRequestProcessor.java","231441","234903","466344"
"2019-04-17 14:16","PrepRequestProcessor.java","231520","236197","467717"
"2019-05-10 12:22","PrepRequestProcessor.java","231537","238649","470186"
"2019-02-07 11:22","PrepRequestProcessor.java","231412","232011","463423"
"2019-08-01 07:31","PrepRequestProcessor.java","231558","254834","486392"
"2019-06-26 10:57","PrepRequestProcessor.java","231557","242012","473569"
"2019-08-17 17:13","PrepRequestProcessor.java","231558","254163","485721"
"2018-08-08 06:21","PrepRequestProcessor.java","48039","49519","97558"
"2019-12-27 22:33","PrepRequestProcessor.java","233497","264780","498277"
"2019-10-10 14:37","PrepRequestProcessor.java","231559","257917","489476"
"2020-03-25 03:38","PrepRequestProcessor.java","233498","268888","502386"
"2019-08-17 17:13","SaslAuthRequiredTest.java","25768","29313","55081"
"2017-02-14 09:23","ZooInspectorManagerImpl.java","8243","12710","20953"
"2018-08-06 14:13","ZooInspectorManagerImpl.java","80438","94931","175369"
"2019-08-17 17:13","TraceMaskCommand.java","218737","255967","474704"
"2019-08-17 17:13","AvgMinMaxPercentileCounterSet.java","29620","47813","77433"
"2016-09-18 23:21","ZooKeeperServerMainTest.java","8355","20284","28639"
"2016-08-24 01:36","ZooKeeperServerMainTest.java","8142","19411","27553"
"2016-08-13 15:01","ZooKeeperServerMainTest.java","7857","19358","27215"
"2014-09-28 19:15","ZooKeeperServerMainTest.java","538","2380","2918"
"2017-01-13 19:29","ZooKeeperServerMainTest.java","9537","26141","35678"
"2019-06-03 19:40","ZooKeeperServerMainTest.java","211011","241478","452489"
"2019-08-17 17:13","ZooKeeperServerMainTest.java","211011","256147","467158"
"2018-09-11 15:23","ZooKeeperServerMainTest.java","112053","137915","249968"
"2017-01-05 22:32","ZooKeeperServerMainTest.java","9457","25691","35148"
"2018-10-05 14:25","QuorumPeerMainTest.java","208312","217986","426298"
"2018-07-17 10:41","QuorumPeerMainTest.java","21629","23276","44905"
"2018-07-27 12:32","QuorumPeerMainTest.java","21765","23923","45688"
"2020-01-23 13:43","QuorumPeerMainTest.java","232527","266713","499240"
"2019-10-10 14:37","QuorumPeerMainTest.java","230664","258676","489340"
"2019-12-28 16:17","QuorumPeerMainTest.java","232526","265370","497896"
"2019-07-25 21:41","QuorumPeerMainTest.java","230663","251405","482068"
"2019-08-17 17:13","QuorumPeerMainTest.java","230663","254922","485585"
"2019-07-02 07:34","QuorumPeerMainTest.java","230662","242864","473526"
"2019-05-20 17:18","QuorumPeerMainTest.java","230645","239695","470340"
"2018-10-16 16:22","QuorumPeerMainTest.java","208317","230973","439290"
"2018-08-29 06:26","QuorumPeerMainTest.java","94896","98566","193462"
"2018-08-03 18:52","QuorumPeerMainTest.java","21937","24601","46538"
"2018-09-11 15:23","QuorumPeerMainTest.java","100620","105605","206225"
"2019-08-17 17:13","FileKeyStoreLoaderBuilderProvider.java","36682","68806","105488"
"2018-01-19 00:43","FileTxnLog.java","24131","52932","77063"
"2019-12-27 22:33","FileTxnLog.java","202049","266387","468436"
"2019-10-10 14:37","FileTxnLog.java","200632","260045","460677"
"2018-11-12 22:36","FileTxnLog.java","200523","224275","424798"
"2018-08-01 21:19","FileTxnLog.java","42975","76731","119706"
"2018-04-27 20:28","FileTxnLog.java","24352","55003","79355"
"2018-06-08 16:52","FileTxnLog.java","24501","56599","81100"
"2014-06-30 19:11","FileTxnLog.java","7996","13055","21051"
"2020-01-28 17:26","FileTxnLog.java","202049","268107","470156"
"2019-05-14 17:11","FileTxnLog.java","200616","240943","441559"
"2019-01-07 14:24","FileTxnLog.java","200525","231015","431540"
"2019-04-12 19:01","FileTxnLog.java","200616","238083","438699"
"2017-04-28 07:14","FileTxnLog.java","20859","45929","66788"
"2018-09-06 01:11","FileTxnLog.java","112176","147563","259739"
"2018-09-18 01:00","FileTxnLog.java","112263","149904","262167"
"2016-03-20 19:31","FileTxnLog.java","14554","34682","49236"
"2019-08-17 17:13","FileTxnLog.java","200632","256292","456924"
"2019-06-03 19:40","FileTxnLog.java","200632","241623","442255"
"2018-04-24 00:20","FileTxnLog.java","24247","54811","79058"
"2018-02-14 21:23","FileTxnLog.java","24198","53878","78076"
"2019-08-03 08:42","FileTxnLog.java","200632","257000","457632"
"2019-04-09 15:35","FileTxnLog.java","200545","237062","437607"
"2017-08-03 20:41","FileTxnLog.java","23148","47402","70550"
"2018-02-02 00:26","FileTxnLog.java","24135","52943","77078"
"2017-06-26 00:07","FileTxnLog.java","22044","46652","68696"
"2018-07-10 13:29","DelQuotaCommand.java","20269","31032","51301"
"2017-05-27 00:52","DelQuotaCommand.java","6695","9371","16066"
"2019-08-17 17:13","DelQuotaCommand.java","221853","255887","477740"
"2019-01-31 15:55","DelQuotaCommand.java","221735","233428","455163"
"2019-10-10 14:37","SerializationPerfTest.java","3717","7470","11187"
"2019-10-10 14:37","SessionTest.java","3717","7470","11187"
"2019-12-28 16:17","SessionTest.java","10230","18815","29045"
"2016-12-22 23:23","AbstractFourLetterCommand.java","18","81","99"
"2018-11-17 18:37","AbstractFourLetterCommand.java","226059","223230","449289"
"2018-02-07 01:05","AbstractFourLetterCommand.java","7998","10934","18932"
"2019-08-17 17:13","AbstractFourLetterCommand.java","226180","255276","481456"
"2020-03-12 14:47","CnxManagerTest.java","229836","268794","498630"
"2019-08-17 17:13","CnxManagerTest.java","228064","255079","483143"
"2019-06-03 19:40","CnxManagerTest.java","228063","240409","468472"
"2019-07-12 17:01","CnxManagerTest.java","228064","250392","478456"
"2019-05-08 21:54","CnxManagerTest.java","228044","239561","467605"
"2019-08-06 12:52","CnxManagerTest.java","228064","256052","484116"
"2019-06-14 09:06","CnxManagerTest.java","228063","243076","471139"
"2019-11-29 14:49","CnxManagerTest.java","229834","263406","493240"
"2020-02-16 10:25","CnxManagerTest.java","229836","267491","497327"
"2019-10-10 14:37","CnxManagerTest.java","228065","258833","486898"
"2019-04-12 19:01","ServerConfig.java","879","3740","4619"
"2019-05-15 11:56","ServerConfig.java","1328","7136","8464"
"2019-08-17 17:13","ServerConfig.java","30099","51153","81252"
"2019-04-18 19:17","ServerConfig.java","901","4472","5373"
"2008-10-03 15:06","ProposalRequestProcessor.java","3484","28344","31828"
"2009-05-20 20:48","ProposalRequestProcessor.java","9184","91246","100430"
"2009-06-18 18:37","ProposalRequestProcessor.java","9514","95830","105344"
"2019-08-17 17:13","ProposalRequestProcessor.java","48065","257888","305953"
"2010-08-18 08:24","ProposalRequestProcessor.java","12165","152416","164581"
"2012-03-15 17:47","ProposalRequestProcessor.java","15869","148356","164225"
"2011-10-20 20:02","ProposalRequestProcessor.java","15768","144477","160245"
"2019-10-10 14:37","ClientPortBindTest.java","3717","7470","11187"
"2019-06-07 14:13","SessionTest.java","141556","243604","385160"
"2019-08-17 17:13","SessionTest.java","141556","257500","399056"
"2009-06-30 03:32","SessionTest.java","32","124","156"
"2009-07-17 00:09","SessionTest.java","411","939","1350"
"2017-09-11 18:55","SessionTest.java","35920","132188","168108"
"2010-11-04 17:01","SessionTest.java","18364","94818","113182"
"2018-09-22 06:48","SessionTest.java","88101","197291","285392"
"2011-10-25 08:09","SessionTest.java","26345","72174","98519"
"2010-08-17 09:24","SessionTest.java","17745","60757","78502"
"2011-04-12 09:14","SessionTest.java","23081","60498","83579"
"2010-03-31 06:26","SessionTest.java","14875","41780","56655"
"2010-08-18 08:24","SessionTest.java","18210","64582","82792"
"2010-10-21 02:44","SessionTest.java","18358","94706","113064"
"2010-08-05 09:09","SessionTest.java","17452","58688","76140"
"2013-12-21 22:05","SessionTest.java","30035","99430","129465"
"2010-03-12 19:26","SessionTest.java","13528","40175","53703"
"2009-08-07 01:23","SessionTest.java","609","1968","2577"
"2019-10-10 14:37","SessionTest.java","141556","261253","402809"
"2015-07-07 07:11","SessionTest.java","32356","122444","154800"
"2019-12-28 16:17","SessionTest.java","142195","266724","408919"
"2009-09-16 02:09","SessionTest.java","1721","4664","6385"
"2010-01-26 03:22","SessionTest.java","6001","23388","29389"
"2009-06-25 00:59","ClientBase.java","10479","67478","77957"
"2008-11-19 11:20","ClientBase.java","2021","7543","9564"
"2012-08-28 21:51","ClientBase.java","18066","123374","141440"
"2017-06-08 17:51","ClientBase.java","22062","170675","192737"
"2012-07-17 23:19","ClientBase.java","18056","122290","140346"
"2017-04-18 01:37","ClientBase.java","21827","171072","192899"
"2010-03-16 22:23","ClientBase.java","13157","97530","110687"
"2018-09-07 02:49","ClientBase.java","53291","212974","266265"
"2019-07-31 19:06","ClientBase.java","84072","257013","341085"
"2012-02-06 09:47","ClientBase.java","17778","118891","136669"
"2015-02-06 06:17","ClientBase.java","20707","159509","180216"
"2017-09-11 18:55","ClientBase.java","22165","171236","193401"
"2009-07-17 00:09","ClientBase.java","10691","68909","79600"
"2009-06-30 03:32","ClientBase.java","10544","68326","78870"
"2019-08-17 17:13","ClientBase.java","84072","257706","341778"
"2009-06-18 18:37","ClientBase.java","10136","60263","70399"
"2015-03-28 20:08","ClientBase.java","20724","161737","182461"
"2019-06-07 14:13","ClientBase.java","84072","243810","327882"
"2018-04-24 00:20","ClientBase.java","22253","177100","199353"
"2018-08-08 06:21","ClientBase.java","36908","195726","232634"
"2018-05-09 23:57","ClientBase.java","22281","177913","200194"
"2009-06-09 07:04","ClientBase.java","9801","57683","67484"
"2019-06-24 11:05","ClientBase.java","84072","245039","329111"
"2012-12-11 08:42","ClientBase.java","18232","126873","145105"
"2017-01-13 19:29","ClientBase.java","21515","172926","194441"
"2010-01-25 04:28","ClientBase.java","12980","87509","100489"
"2010-03-09 05:44","ClientBase.java","13067","96674","109741"
"2016-06-23 23:25","ClientBase.java","21093","166598","187691"
"2014-01-03 01:40","ClientBase.java","19042","141380","160422"
"2014-01-25 01:17","ClientBase.java","19044","143188","162232"
"2009-11-20 23:28","ClientBase.java","12413","83328","95741"
"2009-11-25 20:06","ClientBase.java","12417","83365","95782"
"2009-11-12 20:53","ClientBase.java","12266","75871","88137"
"2009-08-25 07:45","ClientBase.java","10796","70923","81719"
"2009-09-16 02:09","ClientBase.java","11139","71772","82911"
"2019-11-14 16:44","ClientBase.java","84072","265733","349805"
"2019-10-10 14:37","ClientBase.java","84072","261459","345531"
"2012-03-15 17:47","ClientBase.java","17904","120260","138164"
"2010-09-15 07:51","ClientBase.java","14253","146485","160738"
"2012-01-14 00:28","ClientBase.java","17755","118352","136107"
"2011-04-12 09:14","ClientBase.java","15080","110187","125267"
"2011-11-05 07:29","ClientBase.java","17597","116774","134371"
"2016-08-24 01:36","ClientBase.java","21305","167381","188686"
"2011-09-17 02:13","ClientBase.java","16012","116207","132219"
"2010-07-05 20:20","ClientBase.java","13813","109255","123068"
"2010-03-31 06:26","ClientBase.java","13730","98325","112055"
"2010-08-18 08:24","ClientBase.java","14253","118315","132568"
"2008-10-22 01:49","ClientBase.java","125","535","660"
"2009-05-14 22:15","ClientBase.java","9500","55212","64712"
"2015-03-08 23:07","ClientBase.java","20718","159694","180412"
"2014-02-12 17:00","FileTxnLog.java","306","3191","3497"
"2018-01-19 00:43","FileTxnLog.java","24118","55804","79922"
"2019-12-27 22:33","FileTxnLog.java","199164","266387","465551"
"2019-10-10 14:37","FileTxnLog.java","197815","260113","457928"
"2018-11-12 22:36","FileTxnLog.java","197714","224351","422065"
"2018-08-01 21:19","FileTxnLog.java","42935","79576","122511"
"2018-04-27 20:28","FileTxnLog.java","24339","57875","82214"
"2018-06-08 16:52","FileTxnLog.java","24482","59465","83947"
"2014-06-30 19:11","FileTxnLog.java","8200","16144","24344"
"2020-01-28 17:26","FileTxnLog.java","199164","268107","467271"
"2019-05-14 17:11","FileTxnLog.java","197799","241011","438810"
"2019-01-07 14:24","FileTxnLog.java","197716","231091","428807"
"2019-04-12 19:01","FileTxnLog.java","197799","238151","435950"
"2017-04-28 07:14","FileTxnLog.java","20881","48836","69717"
"2018-09-06 01:11","FileTxnLog.java","112109","150381","262490"
"2018-09-18 01:00","FileTxnLog.java","112194","152720","264914"
"2016-03-20 19:31","FileTxnLog.java","14686","37699","52385"
"2019-08-17 17:13","FileTxnLog.java","197815","256360","454175"
"2019-06-03 19:40","FileTxnLog.java","197815","241691","439506"
"2018-04-24 00:20","FileTxnLog.java","24234","57683","81917"
"2018-02-14 21:23","FileTxnLog.java","24185","56750","80935"
"2019-08-03 08:42","FileTxnLog.java","197815","257068","454883"
"2019-04-09 15:35","FileTxnLog.java","197736","237138","434874"
"2017-08-03 20:41","FileTxnLog.java","23163","50302","73465"
"2018-02-02 00:26","FileTxnLog.java","24122","55815","79937"
"2017-06-26 00:07","FileTxnLog.java","22059","49552","71611"
"2015-01-31 08:05","ClientCnxn.java","10456","25030","35486"
"2016-05-02 18:15","ClientCnxn.java","16189","36799","52988"
"2019-08-17 17:13","ClientCnxn.java","200382","256292","456674"
"2015-05-10 00:27","ClientCnxn.java","10863","27976","38839"
"2017-12-19 19:27","ClientCnxn.java","24118","53057","77175"
"2019-01-31 15:50","ClientCnxn.java","200276","233853","434129"
"2019-04-09 15:35","ClientCnxn.java","200295","237062","437357"
"2014-12-20 15:29","ClientCnxn.java","10424","24987","35411"
"2019-11-08 17:30","ClientCnxn.java","200410","261934","462344"
"2017-06-08 17:59","ClientCnxn.java","21981","46630","68611"
"2019-01-16 14:21","ClientCnxn.java","200276","232166","432442"
"2019-01-07 14:24","ClientCnxn.java","200275","231015","431290"
"2019-03-06 03:32","ClientCnxn.java","200294","235989","436283"
"2015-02-06 06:17","ClientCnxn.java","10563","25332","35895"
"2019-02-07 11:26","ClientCnxn.java","200277","234519","434796"
"2018-11-05 19:40","ClientCnxn.java","180879","235275","416154"
"2020-05-17 15:13","ClientCnxn.java","201810","271665","473475"
"2018-06-25 12:30","ClientCnxn.java","24527","56992","81519"
"2020-03-03 03:12","ClientCnxn.java","201799","269444","471243"
"2018-09-10 11:44","ClientCnxn.java","112202","147852","260054"
"2015-06-13 02:42","ClientCnxn.java","11532","30107","41639"
"2014-03-23 04:12","ClientCnxn.java","367","1004","1371"
"2015-11-09 00:05","ClientCnxn.java","12865","32932","45797"
"2015-12-06 19:58","ClientCnxn.java","12986","33358","46344"
"2020-01-21 17:53","ClientCnxn.java","201799","265705","467504"
"2015-12-05 22:43","ClientCnxn.java","12986","33355","46341"
"2015-12-05 22:32","ClientCnxn.java","12985","33349","46334"
"2019-10-10 14:37","ClientCnxn.java","200382","260045","460427"
"2014-04-01 04:03","ClientCnxn.java","610","2090","2700"
"2019-11-21 05:58","ClientCnxn.java","201799","260876","462675"
"2020-04-16 12:50","ClientCnxn.java","201799","271283","473082"
"2018-07-27 05:16","ClientCnxn.java","42941","76558","119499"
"2011-04-29 18:12","QuorumCnxManager.java","42840","3197","46037"
"2011-12-28 01:26","QuorumCnxManager.java","50093","21733","71826"
"2019-11-29 14:49","QuorumCnxManager.java","219509","264615","484124"
"2013-03-07 07:01","QuorumCnxManager.java","55066","41660","96726"
"2018-07-11 06:04","QuorumCnxManager.java","77718","105693","183411"
"2018-08-06 14:11","QuorumCnxManager.java","86991","116739","203730"
"2012-06-29 22:08","QuorumCnxManager.java","52964","27763","80727"
"2018-10-16 16:22","QuorumCnxManager.java","187181","236815","423996"
"2019-06-14 09:06","QuorumCnxManager.java","218436","244983","463419"
"2019-08-03 08:42","QuorumCnxManager.java","218436","257693","476129"
"2019-11-13 20:41","QuorumCnxManager.java","218436","264704","483140"
"2019-04-09 16:08","QuorumCnxManager.java","218385","237790","456175"
"2019-08-06 12:52","QuorumCnxManager.java","218436","257958","476394"
"2017-02-09 11:40","QuorumCnxManager.java","67138","90136","157274"
"2019-05-20 23:13","QuorumCnxManager.java","218437","241858","460295"
"2015-04-09 20:16","QuorumCnxManager.java","63084","75465","138549"
"2017-08-23 02:16","QuorumCnxManager.java","69532","89834","159366"
"2019-07-27 20:04","QuorumCnxManager.java","218436","253516","471952"
"2015-05-29 23:46","QuorumCnxManager.java","63224","76121","139345"
"2015-05-14 07:10","QuorumCnxManager.java","63191","75792","138983"
"2020-03-12 14:47","QuorumCnxManager.java","219509","270001","489510"
"2019-08-17 17:13","QuorumCnxManager.java","218436","256985","475421"
"2017-11-28 00:10","QuorumCnxManager.java","69756","93978","163734"
"2019-10-10 14:37","QuorumCnxManager.java","218436","260738","479174"
"2014-07-23 19:36","QuorumCnxManager.java","62684","68632","131316"
"2017-06-09 18:37","QuorumCnxManager.java","69364","89370","158734"
"2020-01-23 13:43","QuorumCnxManager.java","219509","267985","487494"
"2014-03-23 04:12","QuorumCnxManager.java","55961","51925","107886"
"2014-07-08 05:25","QuorumCnxManager.java","62392","64070","126462"
"2019-11-28 12:24","QuorumCnxManager.java","219509","262964","482473"
"2014-06-25 15:04","QuorumCnxManager.java","62014","62056","124070"
"2011-08-15 02:44","QuorumCnxManager.java","44124","13371","57495"
"2016-06-08 17:43","QuorumCnxManager.java","66000","82429","148429"
"2020-03-23 16:20","QuorumCnxManager.java","219509","270172","489681"
"2020-02-16 10:25","QuorumCnxManager.java","219509","268698","488207"
"2014-07-22 06:45","QuorumCnxManager.java","62682","68555","131237"
"2011-04-12 09:14","QuorumCnxManager.java","42723","2745","45468"
"2018-07-27 12:32","QuorumCnxManager.java","86953","116089","203042"
"2011-03-16 19:49","QuorumCnxManager.java","418","1913","2331"
"2018-09-28 23:38","WatchesReportTest.java","111425","133032","244457"
"2019-08-17 17:13","WatchesReportTest.java","218914","255966","474880"
"2019-06-03 19:40","X509AuthenticationProvider.java","8224","20982","29206"
"2019-08-17 17:13","X509AuthenticationProvider.java","35700","63127","98827"
"2018-12-15 07:34","X509AuthenticationProvider.java","2347","7044","9391"
"2019-06-03 19:40","X509AuthenticationProvider.java","10458","27913","38371"
"2019-08-17 17:13","X509AuthenticationProvider.java","36682","68806","105488"
"2019-04-12 19:01","NullMetricsProvider.java","153008","154089","307097"
"2019-06-04 10:55","NullMetricsProvider.java","153055","157813","310868"
"2019-08-17 17:13","NullMetricsProvider.java","154959","174233","329192"
"2015-03-08 23:07","LeaderSessionTracker.java","10804","29285","40089"
"2019-10-10 14:37","LeaderSessionTracker.java","196919","260120","457039"
"2018-08-08 06:21","LeaderSessionTracker.java","85317","123640","208957"
"2019-08-17 17:13","LeaderSessionTracker.java","196919","256367","453286"
"2014-07-18 02:19","LeaderSessionTracker.java","9599","23155","32754"
"2019-08-17 17:13","Election.java","72583","257710","330293"
"2011-04-12 09:14","Election.java","15231","121831","137062"
"2019-06-04 10:55","NullMetricsProvider.java","949","4626","5575"
"2019-08-17 17:13","NullMetricsProvider.java","29620","47813","77433"
"2018-09-15 00:08","ZooKeeperServer.java","88879","92812","181691"
"2019-04-12 19:01","ZooKeeperServer.java","231520","235932","467452"
"2019-07-31 19:06","ZooKeeperServer.java","231558","253470","485028"
"2019-09-11 10:27","ZooKeeperServer.java","231559","255520","487079"
"2019-01-14 19:38","ZooKeeperServer.java","231403","229300","460703"
"2019-01-07 15:34","ZooKeeperServer.java","231403","228901","460304"
"2018-11-21 17:56","ZooKeeperServer.java","231399","222094","453493"
"2019-02-13 13:12","ZooKeeperServer.java","231438","232989","464427"
"2018-09-18 01:00","ZooKeeperServer.java","89000","93586","182586"
"2019-03-04 08:07","ZooKeeperServer.java","231439","233567","465006"
"2019-07-08 23:26","ZooKeeperServer.java","231557","242938","474495"
"2019-01-23 14:00","ZooKeeperServer.java","231405","230737","462142"
"2019-02-13 13:19","ZooKeeperServer.java","231438","233275","464713"
"2019-05-14 17:11","ZooKeeperServer.java","231537","238809","470346"
"2019-06-04 10:55","ZooKeeperServer.java","231557","239646","471203"
"2019-04-09 15:35","ZooKeeperServer.java","231441","234903","466344"
"2019-08-03 08:42","ZooKeeperServer.java","231558","254871","486429"
"2019-05-15 11:56","ZooKeeperServer.java","231537","238896","470433"
"2019-05-22 11:39","ZooKeeperServer.java","231540","239345","470885"
"2019-04-22 19:15","ZooKeeperServer.java","231520","236907","468427"
"2019-09-10 04:26","ZooKeeperServer.java","231559","255209","486768"
"2019-08-17 17:13","ZooKeeperServer.java","231558","254163","485721"
"2019-09-05 23:12","ZooKeeperServer.java","231559","255083","486642"
"2019-09-10 15:21","ZooKeeperServer.java","231559","255207","486766"
"2019-08-01 07:31","ZooKeeperServer.java","231558","254834","486392"
"2019-08-01 07:28","ZooKeeperServer.java","231558","254344","485902"
"2019-06-03 19:40","ZooKeeperServer.java","231557","239493","471050"
"2019-11-23 17:08","ZooKeeperServer.java","233496","260802","494298"
"2019-10-09 16:49","ZooKeeperServer.java","231559","257750","489309"
"2019-07-03 00:44","ZooKeeperServer.java","231557","242175","473732"
"2019-07-24 18:00","ZooKeeperServer.java","231558","250618","482176"
"2018-08-08 06:21","ZooKeeperServer.java","48039","49519","97558"
"2019-12-27 22:33","ZooKeeperServer.java","233497","264780","498277"
"2018-09-11 00:17","ZooKeeperServer.java","88846","91230","180076"
"2019-11-18 09:05","ZooKeeperServer.java","233496","259245","492741"
"2019-10-10 14:37","ZooKeeperServer.java","231559","257917","489476"
"2019-09-16 23:26","ZooKeeperServer.java","231559","257183","488742"
"2019-12-03 10:01","ZooKeeperServer.java","233496","262704","496200"
"2020-03-25 03:38","ZooKeeperServer.java","233498","268888","502386"
"2019-11-28 12:24","ZooKeeperServer.java","233496","261007","494503"
"2019-11-06 15:21","ZooKeeperServer.java","231607","258181","489788"
"2020-04-12 11:14","ZooKeeperServer.java","233559","269702","503261"
"2018-07-28 04:37","ZooKeeperServer.java","137","713","850"
"2019-04-18 19:17","ZooKeeperServer.java","231520","236642","468162"
"2019-02-07 11:26","PrepRequestProcessor.java","224177","233381","457558"
"2019-09-11 10:27","PrepRequestProcessor.java","224315","256543","480858"
"2018-07-19 05:59","PrepRequestProcessor.java","22700","30967","53667"
"2019-01-16 14:21","PrepRequestProcessor.java","224175","231027","455202"
"2019-11-08 17:30","PrepRequestProcessor.java","224363","260849","485212"
"2019-04-09 15:35","PrepRequestProcessor.java","224201","235930","460131"
"2019-04-17 14:16","PrepRequestProcessor.java","224278","237222","461500"
"2019-05-10 12:22","PrepRequestProcessor.java","224295","239674","463969"
"2019-02-07 11:22","PrepRequestProcessor.java","224177","233043","457220"
"2019-08-01 07:31","PrepRequestProcessor.java","224314","255857","480171"
"2019-06-26 10:57","PrepRequestProcessor.java","224313","243035","467348"
"2019-08-17 17:13","PrepRequestProcessor.java","224314","255186","479500"
"2018-08-08 06:21","PrepRequestProcessor.java","70661","80408","151069"
"2018-05-09 23:57","PrepRequestProcessor.java","1540","8101","9641"
"2019-12-27 22:33","PrepRequestProcessor.java","225978","265528","491506"
"2019-10-10 14:37","PrepRequestProcessor.java","224315","258940","483255"
"2020-03-25 03:38","PrepRequestProcessor.java","225979","269636","495615"
"2018-06-15 07:41","PrepRequestProcessor.java","1788","9101","10889"
"2014-08-24 07:42","ReconfigRecoveryTest.java","196","553","749"
"2017-07-06 18:48","ReconfigRecoveryTest.java","13544","27563","41107"
"2019-08-17 17:13","ReconfigRecoveryTest.java","211574","256146","467720"
"2017-09-11 18:55","ReconfigRecoveryTest.java","15318","29018","44336"
"2019-07-15 14:46","X509UtilTest.java","6446","23469","29915"
"2019-08-17 17:13","X509UtilTest.java","30208","51382","81590"
"2019-09-18 16:03","X509UtilTest.java","31698","55789","87487"
"2020-01-23 13:43","QuorumPeerMainTest.java","111944","136456","248400"
"2019-10-10 14:37","QuorumPeerMainTest.java","108367","126705","235072"
"2019-12-28 16:17","QuorumPeerMainTest.java","111034","134204","245238"
"2019-07-25 21:41","QuorumPeerMainTest.java","95983","107051","203034"
"2019-08-17 17:13","QuorumPeerMainTest.java","107008","121593","228601"
"2019-07-02 07:34","QuorumPeerMainTest.java","95324","97852","193176"
"2019-05-20 17:18","QuorumPeerMainTest.java","93759","93135","186894"
"2018-10-16 16:22","QuorumPeerMainTest.java","542","13524","14066"
"2013-09-18 12:58","ClientCnxn.java","29642","93612","123254"
"2015-01-31 08:05","ClientCnxn.java","32009","117285","149294"
"2016-05-02 18:15","ClientCnxn.java","33918","125230","159148"
"2014-01-24 07:18","ClientCnxn.java","29972","100674","130646"
"2019-08-17 17:13","ClientCnxn.java","142084","257500","399584"
"2015-05-10 00:27","ClientCnxn.java","32099","119914","152013"
"2017-12-19 19:27","ClientCnxn.java","36000","135641","171641"
"2019-01-31 15:50","ClientCnxn.java","142040","235123","377163"
"2012-08-02 00:24","ClientCnxn.java","28173","79718","107891"
"2019-04-09 15:35","ClientCnxn.java","142048","238321","380369"
"2013-02-03 15:52","ClientCnxn.java","29215","87121","116336"
"2014-12-20 15:29","ClientCnxn.java","31999","117264","149263"
"2012-03-15 18:01","ClientCnxn.java","26768","75923","102691"
"2019-11-08 17:30","ClientCnxn.java","142084","263114","405198"
"2017-06-08 17:59","ClientCnxn.java","35783","131134","166917"
"2012-09-09 20:24","ClientCnxn.java","28187","80471","108658"
"2019-01-16 14:21","ClientCnxn.java","142040","233436","375476"
"2019-01-07 14:24","ClientCnxn.java","142040","232286","374326"
"2019-03-06 03:32","ClientCnxn.java","142048","237249","379297"
"2010-11-11 18:11","ClientCnxn.java","18440","95323","113763"
"2010-11-10 23:36","ClientCnxn.java","18393","95280","113673"
"2011-09-14 07:43","ClientCnxn.java","21890","70930","92820"
"2011-08-19 00:05","ClientCnxn.java","21753","68573","90326"
"2015-02-06 06:17","ClientCnxn.java","32042","117513","149555"
"2019-02-07 11:26","ClientCnxn.java","142040","235788","377828"
"2018-11-05 19:40","ClientCnxn.java","114511","239609","354120"
"2011-04-12 09:14","ClientCnxn.java","22852","59741","82593"
"2010-10-06 18:14","ClientCnxn.java","17966","92135","110101"
"2010-11-30 21:16","ClientCnxn.java","18584","95838","114422"
"2020-05-17 15:13","ClientCnxn.java","142724","272085","414809"
"2018-06-25 12:30","ClientCnxn.java","36161","139328","175489"
"2012-12-19 19:16","ClientCnxn.java","29171","86584","115755"
"2020-03-03 03:12","ClientCnxn.java","142723","269874","412597"
"2018-09-10 11:44","ClientCnxn.java","88105","194457","282562"
"2011-09-28 22:17","ClientCnxn.java","24517","71610","96127"
"2015-06-13 02:42","ClientCnxn.java","32229","121506","153735"
"2010-10-21 02:44","ClientCnxn.java","18100","93920","112020"
"2010-08-05 09:09","ClientCnxn.java","17169","57877","75046"
"2011-05-20 01:17","ClientCnxn.java","22905","60613","83518"
"2014-03-23 04:12","ClientCnxn.java","30105","101444","131549"
"2015-11-09 00:05","ClientCnxn.java","32332","123101","155433"
"2015-12-06 19:58","ClientCnxn.java","32368","123442","155810"
"2020-01-21 17:53","ClientCnxn.java","142723","266135","408858"
"2015-12-05 22:43","ClientCnxn.java","32368","123439","155807"
"2015-12-05 22:32","ClientCnxn.java","32367","123433","155800"
"2010-03-04 02:28","ClientCnxn.java","13187","32566","45753"
"2010-01-25 04:28","ClientCnxn.java","5568","21879","27447"
"2019-10-10 14:37","ClientCnxn.java","142084","261253","403337"
"2014-04-01 04:03","ClientCnxn.java","30230","102412","132642"
"2013-09-18 15:14","ClientCnxn.java","29642","93630","123272"
"2013-09-18 04:08","ClientCnxn.java","29642","93526","123168"
"2019-11-21 05:58","ClientCnxn.java","142723","261306","404029"
"2020-04-16 12:50","ClientCnxn.java","142723","271713","414436"
"2018-07-27 05:16","ClientCnxn.java","47892","152211","200103"
"2010-01-26 03:22","ClientCnxn.java","5674","22533","28207"
"2009-10-31 00:09","ClientCnxn.java","2906","7301","10207"
"2009-11-07 01:48","ClientCnxn.java","3193","7993","11186"
"2010-01-05 18:32","ClientCnxn.java","5295","18740","24035"
"2017-09-11 18:55","Throughput.java","27844","88187","116031"
"2014-06-25 19:06","AsyncOps.java","30658","90724","121382"
"2012-12-19 19:16","AsyncOps.java","27948","69483","97431"
"2014-03-23 22:03","AsyncOps.java","29142","84609","113751"
"2010-03-31 06:26","AsyncOps.java","11024","21090","32114"
"2019-06-03 19:40","AsyncOps.java","157928","242364","400292"
"2019-08-17 17:13","AsyncOps.java","157928","257033","414961"
"2020-05-05 21:20","ObserverMasterTest.java","15800","29616","45416"
"2019-10-10 14:37","ObserverMasterTest.java","3717","7470","11187"
"2019-09-18 11:20","ObserverMasterTest.java","2292","5204","7496"
"2019-12-28 16:17","ObserverMasterTest.java","10230","18815","29045"
"2014-06-25 15:04","FastLeaderElection.java","7756","11834","19590"
"2018-12-06 10:56","FastLeaderElection.java","200910","226711","427621"
"2014-07-08 05:25","FastLeaderElection.java","8720","14434","23154"
"2014-07-18 20:48","FastLeaderElection.java","9298","19138","28436"
"2019-10-10 14:37","FastLeaderElection.java","201018","260044","461062"
"2019-09-30 23:22","FastLeaderElection.java","201018","259671","460689"
"2014-07-20 04:50","FastLeaderElection.java","9337","19239","28576"
"2020-04-07 09:07","FastLeaderElection.java","202436","271083","473519"
"2019-01-18 03:42","FastLeaderElection.java","200912","232210","433122"
"2017-09-11 18:55","FastLeaderElection.java","23216","47617","70833"
"2018-08-29 06:26","FastLeaderElection.java","106937","141621","248558"
"2015-02-06 06:17","FastLeaderElection.java","10270","24402","34672"
"2018-04-30 06:34","FastLeaderElection.java","24279","54662","78941"
"2019-08-17 17:13","FastLeaderElection.java","201018","256291","457309"
"2019-08-02 20:08","FastLeaderElection.java","201018","257072","458090"
"2017-01-13 19:29","FastLeaderElection.java","17999","44740","62739"
"2019-08-03 08:42","FastLeaderElection.java","201018","256999","458017"
"2019-06-03 19:40","FollowerZooKeeperServer.java","129742","242834","372576"
"2019-08-17 17:13","FollowerZooKeeperServer.java","129742","257503","387245"
"2019-05-03 00:44","FollowerZooKeeperServer.java","129742","241500","371242"
"2019-06-04 10:55","FollowerZooKeeperServer.java","129742","242987","372729"
"2018-08-06 14:11","FollowerZooKeeperServer.java","43222","158641","201863"
"2018-12-09 03:16","FollowerZooKeeperServer.java","129699","230118","359817"
"2018-11-21 17:56","FollowerZooKeeperServer.java","129699","225550","355249"
"2011-10-20 20:02","FollowerZooKeeperServer.java","23981","79524","103505"
"2011-04-12 09:14","FollowerZooKeeperServer.java","21279","70513","91792"
"2010-08-18 08:24","FollowerZooKeeperServer.java","17063","75252","92315"
"2019-11-28 12:24","FollowerZooKeeperServer.java","130378","263045","393423"
"2019-12-27 22:33","FollowerZooKeeperServer.java","130378","266817","397195"
"2009-10-30 17:19","FollowerZooKeeperServer.java","6577","22467","29044"
"2009-12-18 03:19","FollowerZooKeeperServer.java","8258","33873","42131"
"2019-08-17 17:13","ZooKeeperAdmin.java","223799","255234","479033"
"2020-03-26 22:19","ZooKeeperAdmin.java","225442","269734","495176"
"2019-10-10 14:37","FLENewEpochTest.java","167729","260768","428497"
"2011-04-12 09:14","FLENewEpochTest.java","19586","30345","49931"
"2010-03-31 06:26","FLENewEpochTest.java","2714","2961","5675"
"2019-08-17 17:13","FLENewEpochTest.java","167729","257015","424744"
"2019-09-18 11:20","DataTreeTest.java","179902","259822","439724"
"2019-12-27 22:33","DataTreeTest.java","180996","266682","447678"
"2015-06-06 03:48","DataTreeTest.java","21371","73587","94958"
"2019-10-09 16:38","DataTreeTest.java","179902","260407","440309"
"2013-09-05 23:50","DataTreeTest.java","13186","39955","53141"
"2019-01-30 16:28","DataTreeTest.java","179837","233956","413793"
"2019-02-07 11:26","DataTreeTest.java","179838","235178","415016"
"2018-12-20 15:17","DataTreeTest.java","179836","230444","410280"
"2018-09-04 11:54","DataTreeTest.java","107385","176552","283937"
"2019-07-31 19:06","DataTreeTest.java","179902","256217","436119"
"2019-04-12 19:01","DataTreeTest.java","179903","238718","418621"
"2019-09-10 15:21","DataTreeTest.java","179902","257953","437855"
"2019-08-17 17:13","DataTreeTest.java","179902","256910","436812"
"2017-06-18 19:23","DataTreeTest.java","27723","86233","113956"
"2019-04-12 12:29","DataTreeTest.java","179903","238287","418190"
"2016-11-13 20:59","DataTreeTest.java","24734","84149","108883"
"2011-04-12 09:14","TxnLogSource.java","15099","14937","30036"
"2019-12-27 22:33","TxnLogSource.java","179697","266740","446437"
"2019-04-12 19:01","ZooKeeperServer.java","154260","154086","308346"
"2019-07-31 19:06","ZooKeeperServer.java","156177","173503","329680"
"2019-09-11 10:27","ZooKeeperServer.java","157197","176572","333769"
"2019-01-14 19:38","ZooKeeperServer.java","153914","147225","301139"
"2019-01-07 15:34","ZooKeeperServer.java","153914","146826","300740"
"2018-11-21 17:56","ZooKeeperServer.java","147632","133741","281373"
"2019-02-13 13:12","ZooKeeperServer.java","154067","151032","305099"
"2019-03-04 08:07","ZooKeeperServer.java","154072","151614","305686"
"2019-07-08 23:26","ZooKeeperServer.java","155540","162335","317875"
"2019-01-23 14:00","ZooKeeperServer.java","153972","148718","302690"
"2019-02-13 13:19","ZooKeeperServer.java","154067","151318","305385"
"2019-05-14 17:11","ZooKeeperServer.java","154284","156970","311254"
"2019-06-04 10:55","ZooKeeperServer.java","154307","157810","312117"
"2019-04-09 15:35","ZooKeeperServer.java","154180","153056","307236"
"2019-08-03 08:42","ZooKeeperServer.java","156190","174917","331107"
"2019-05-15 11:56","ZooKeeperServer.java","154284","157057","311341"
"2019-05-22 11:39","ZooKeeperServer.java","154287","157506","311793"
"2019-04-22 19:15","ZooKeeperServer.java","154260","155061","309321"
"2019-09-10 04:26","ZooKeeperServer.java","157193","176257","333450"
"2019-08-17 17:13","ZooKeeperServer.java","156211","174230","330441"
"2019-09-05 23:12","ZooKeeperServer.java","157193","176131","333324"
"2019-09-10 15:21","ZooKeeperServer.java","157193","176255","333448"
"2019-08-01 07:31","ZooKeeperServer.java","156177","174867","331044"
"2019-08-01 07:28","ZooKeeperServer.java","156177","174377","330554"
"2019-06-03 19:40","ZooKeeperServer.java","154307","157657","311964"
"2019-11-23 17:08","ZooKeeperServer.java","159392","182112","341504"
"2019-10-09 16:49","ZooKeeperServer.java","157200","178805","336005"
"2019-07-03 00:44","ZooKeeperServer.java","155540","161572","317112"
"2019-07-24 18:00","ZooKeeperServer.java","155543","170017","325560"
"2019-12-27 22:33","ZooKeeperServer.java","159405","186102","345507"
"2019-11-18 09:05","ZooKeeperServer.java","159196","180359","339555"
"2019-10-10 14:37","ZooKeeperServer.java","157213","178985","336198"
"2019-09-16 23:26","ZooKeeperServer.java","157197","178235","335432"
"2019-12-03 10:01","ZooKeeperServer.java","159392","184014","343406"
"2020-03-25 03:38","ZooKeeperServer.java","159546","190350","349896"
"2019-11-28 12:24","ZooKeeperServer.java","159392","182317","341709"
"2019-11-06 15:21","ZooKeeperServer.java","157267","179255","336522"
"2020-04-12 11:14","ZooKeeperServer.java","159791","191348","351139"
"2019-04-18 19:17","ZooKeeperServer.java","154260","154796","309056"
"2016-07-27 01:33","ZooKeeperTest.java","25123","73031","98154"
"2015-11-08 22:54","ZooKeeperTest.java","23357","69447","92804"
"2011-10-27 18:11","ZooKeeperTest.java","6539","7375","13914"
"2016-09-08 22:52","ZooKeeperTest.java","25596","73892","99488"
"2018-10-04 15:46","ZooKeeperTest.java","112626","179172","291798"
"2016-10-16 14:21","ZooKeeperTest.java","25706","75162","100868"
"2019-03-12 19:08","ZooKeeperTest.java","174910","236975","411885"
"2017-04-29 20:17","ZooKeeperTest.java","28149","79503","107652"
"2014-03-29 04:33","ZooKeeperTest.java","14765","41949","56714"
"2017-05-30 19:43","ZooKeeperTest.java","28977","79561","108538"
"2011-12-28 00:53","ZooKeeperTest.java","7608","9947","17555"
"2012-03-17 01:39","ZooKeeperTest.java","8233","12918","21151"
"2013-09-02 23:04","ZooKeeperTest.java","13771","32725","46496"
"2019-05-23 18:42","ZooKeeperTest.java","174963","242134","417097"
"2019-08-17 17:13","ZooKeeperTest.java","174962","256904","431866"
"2016-08-10 19:32","ZooKeeperTest.java","25342","73205","98547"
"2019-06-06 00:01","ZooKeeperTest.java","174962","243041","418003"
"2019-08-17 17:13","SaslServerPrincipal.java","24898","24190","49088"
"2019-09-30 22:26","SaslServerPrincipal.java","27072","29729","56801"
"2019-10-10 14:37","SaslServerPrincipal.java","27642","30687","58329"
"2019-11-28 12:24","FollowerZooKeeperServer.java","9316","14222","23538"
"2019-12-27 22:33","FollowerZooKeeperServer.java","10004","18682","28686"
"2019-08-17 17:13","Leader.java","154189","257187","411376"
"2019-06-29 00:33","Leader.java","154189","245174","399363"
"2019-06-03 19:40","Leader.java","154189","242518","396707"
"2014-05-20 23:42","Leader.java","31230","93707","124937"
"2019-07-15 14:15","Leader.java","154189","252606","406795"
"2015-03-17 18:06","Leader.java","31949","106663","138612"
"2019-07-25 21:41","Leader.java","154189","253670","407859"
"2018-05-10 06:00","Leader.java","36458","127065","163523"
"2018-07-12 01:33","Leader.java","43832","135372","179204"
"2018-02-07 01:05","Leader.java","36346","124819","161165"
"2017-11-28 00:10","Leader.java","36285","123903","160188"
"2019-06-05 00:33","Leader.java","154189","242908","397097"
"2015-04-10 22:22","Leader.java","31957","107739","139696"
"2011-06-14 07:14","Leader.java","21827","48248","70075"
"2019-08-03 08:42","Leader.java","154189","257895","412084"
"2019-06-05 23:57","Leader.java","154189","243177","397366"
"2012-12-08 00:38","Leader.java","28167","71524","99691"
"2013-10-07 21:08","Leader.java","29405","82211","111616"
"2012-12-31 02:38","Leader.java","28656","74134","102790"
"2017-01-13 19:29","Leader.java","34593","120694","155287"
"2012-07-05 18:01","Leader.java","27481","65912","93393"
"2019-01-07 14:55","Leader.java","154139","232028","386167"
"2019-04-12 19:01","Leader.java","154189","238994","393183"
"2018-12-09 03:16","Leader.java","154139","229795","383934"
"2018-08-17 14:40","Leader.java","75243","169079","244322"
"2019-11-29 14:49","Leader.java","155128","264683","419811"
"2013-03-07 07:01","Leader.java","29043","79033","108076"
"2018-11-27 10:02","Leader.java","154139","227471","381610"
"2015-02-06 06:17","Leader.java","31891","105383","137274"
"2012-02-27 03:41","Leader.java","25928","61995","87923"
"2017-02-15 23:04","Leader.java","35591","118736","154327"
"2014-07-18 02:19","Leader.java","31684","100425","132109"
"2012-01-04 01:15","Leader.java","25592","60781","86373"
"2011-12-28 01:26","Leader.java","25569","60605","86174"
"2018-08-29 06:26","Leader.java","90105","184149","274254"
"2018-08-03 18:52","Leader.java","52958","145996","198954"
"2011-04-29 18:12","Leader.java","21711","46517","68228"
"2013-05-14 14:27","Leader.java","29069","79184","108253"
"2012-02-06 09:40","Leader.java","25635","61461","87096"
"2017-09-11 18:55","Leader.java","36188","119949","156137"
"2018-09-18 01:00","Leader.java","94574","191188","285762"
"2011-10-20 20:02","Leader.java","25145","58413","83558"
"2012-01-14 00:28","Leader.java","25597","60884","86481"
"2012-01-06 02:32","Leader.java","25593","60783","86376"
"2012-03-15 17:47","Leader.java","25943","62989","88932"
"2011-04-12 09:14","Leader.java","21670","46141","67811"
"2010-07-23 06:22","Leader.java","15340","42866","58206"
"2011-09-22 07:42","Leader.java","23518","58578","82096"
"2010-08-18 08:24","Leader.java","16458","49884","66342"
"2016-12-20 14:47","Leader.java","34585","119844","154429"
"2014-07-20 04:50","Leader.java","31712","100974","132686"
"2014-06-10 00:19","Leader.java","31234","94645","125879"
"2016-06-23 23:25","Leader.java","33909","114104","148013"
"2016-06-23 23:45","Leader.java","33909","114212","148121"
"2020-03-25 03:38","Leader.java","155128","270911","426039"
"2014-03-23 04:12","Leader.java","29814","89174","118988"
"2019-12-27 22:33","Leader.java","155128","266804","421932"
"2016-08-13 15:01","Leader.java","34167","115165","149332"
"2013-10-21 23:36","Leader.java","29557","85105","114662"
"2019-10-10 14:37","Leader.java","154189","260940","415129"
"2013-11-07 06:41","Leader.java","29581","85560","115141"
"2011-04-12 09:14","NullDataTest.java","17408","27920","45328"
"2019-08-17 17:13","NullDataTest.java","167976","257015","424991"
"2019-08-06 17:11","ZKTestCase.java","7338","23937","31275"
"2019-08-17 17:13","ZKTestCase.java","29686","45184","74870"
"2019-10-10 14:37","ZKTestCase.java","32069","51320","83389"
"2019-11-14 16:44","ZKTestCase.java","32346","55871","88217"
"2019-11-28 12:24","ZKTestCase.java","37549","57953","95502"
"2014-02-12 17:00","LearnerHandler.java","29014","84088","113102"
"2014-03-23 04:12","LearnerHandler.java","29142","84603","113745"
"2019-10-10 14:37","LearnerHandler.java","157928","260786","418714"
"2015-06-05 20:38","LearnerHandler.java","31564","104716","136280"
"2015-06-05 20:51","LearnerHandler.java","31564","104743","136307"
"2015-06-12 23:02","LearnerHandler.java","31575","104852","136427"
"2010-03-11 15:05","LearnerHandler.java","9342","18771","28113"
"2011-04-12 09:14","LearnerHandler.java","20610","41188","61798"
"2013-09-26 14:05","LearnerHandler.java","28581","76964","105545"
"2019-07-03 20:54","LearnerHandler.java","157928","245027","402955"
"2011-09-14 08:56","LearnerHandler.java","19913","53431","73344"
"2011-08-30 08:37","LearnerHandler.java","19771","52080","71851"
"2010-07-29 23:10","LearnerHandler.java","14027","38370","52397"
"2011-09-17 02:36","LearnerHandler.java","22691","53649","76340"
"2012-04-23 01:20","LearnerHandler.java","26660","60913","87573"
"2013-06-28 23:22","LearnerHandler.java","28555","76508","105063"
"2018-09-18 01:00","LearnerHandler.java","97223","189938","287161"
"2010-11-04 17:01","LearnerHandler.java","15395","75010","90405"
"2012-02-06 09:40","LearnerHandler.java","24866","56793","81659"
"2013-05-14 14:27","LearnerHandler.java","28378","74594","102972"
"2018-08-03 18:52","LearnerHandler.java","52731","141870","194601"
"2011-01-22 20:38","LearnerHandler.java","16145","77858","94003"
"2018-12-09 03:16","LearnerHandler.java","157870","229633","387503"
"2019-04-12 19:01","LearnerHandler.java","157929","238841","396770"
"2013-03-07 07:01","LearnerHandler.java","28351","74442","102793"
"2017-11-28 00:10","LearnerHandler.java","36004","119723","155727"
"2019-06-29 00:33","LearnerHandler.java","157928","245020","402948"
"2013-05-11 15:35","LearnerHandler.java","28356","74495","102851"
"2019-07-25 21:41","LearnerHandler.java","157928","253516","411444"
"2019-08-23 19:43","LearnerHandler.java","157928","257699","415627"
"2019-08-17 17:13","LearnerHandler.java","157928","257033","414961"
"2017-06-26 00:16","LearnerHandler.java","35728","115404","151132"
"2017-08-03 20:28","LearnerHandler.java","35753","115077","150830"
"2012-07-29 07:02","LearnerHandler.java","26754","62410","89164"
"2019-05-06 17:48","LearnerHandler.java","157929","241347","399276"
"2019-08-03 08:42","LearnerHandler.java","157928","257741","415669"
"2019-04-22 19:15","LearnerHandler.java","157929","239816","397745"
"2011-06-14 07:14","LearnerHandler.java","20850","43378","64228"
"2019-06-03 19:40","FollowerZooKeeperServer.java","129808","242832","372640"
"2019-08-17 17:13","FollowerZooKeeperServer.java","129808","257501","387309"
"2019-05-03 00:44","FollowerZooKeeperServer.java","129808","241498","371306"
"2019-06-04 10:55","FollowerZooKeeperServer.java","129808","242985","372793"
"2018-08-06 14:11","FollowerZooKeeperServer.java","43235","158586","201821"
"2018-12-09 03:16","FollowerZooKeeperServer.java","129764","230115","359879"
"2018-11-21 17:56","FollowerZooKeeperServer.java","129764","225547","355311"
"2011-10-20 20:02","FollowerZooKeeperServer.java","23981","79456","103437"
"2011-04-12 09:14","FollowerZooKeeperServer.java","21251","70417","91668"
"2010-08-18 08:24","FollowerZooKeeperServer.java","17023","75144","92167"
"2019-11-28 12:24","FollowerZooKeeperServer.java","130446","263045","393491"
"2019-12-27 22:33","FollowerZooKeeperServer.java","130446","266817","397263"
"2009-10-30 17:19","FollowerZooKeeperServer.java","6529","22351","28880"
"2009-12-18 03:19","FollowerZooKeeperServer.java","8213","33760","41973"
"2019-08-17 17:13","ObserverBean.java","219773","255921","475694"
"2019-11-29 14:49","ObserverBean.java","221322","264027","485349"
"2018-12-09 03:16","ObserverBean.java","219660","228466","448126"
"2018-12-09 03:16","FollowerRequestProcessor.java","58118","230484","288602"
"2013-03-07 07:01","FollowerRequestProcessor.java","16944","152260","169204"
"2016-10-07 21:51","FollowerRequestProcessor.java","18740","186165","204905"
"2019-08-17 17:13","FollowerRequestProcessor.java","58134","257842","315976"
"2009-05-20 20:51","FollowerRequestProcessor.java","8645","80598","89243"
"2015-06-04 19:51","FollowerRequestProcessor.java","18596","180970","199566"
"2009-06-15 22:52","FollowerRequestProcessor.java","8957","84087","93044"
"2019-08-01 07:31","FollowerRequestProcessor.java","58134","258513","316647"
"2009-01-16 00:48","FollowerRequestProcessor.java","7218","39341","46559"
"2014-03-23 04:12","FollowerRequestProcessor.java","17106","161792","178898"
"2020-03-25 03:38","FollowerRequestProcessor.java","58455","270948","329403"
"2014-07-18 19:46","FollowerRequestProcessor.java","18464","172758","191222"
"2019-10-10 14:37","FollowerRequestProcessor.java","58134","261595","319729"
"2011-10-28 18:37","FollowerRequestProcessor.java","15863","134707","150570"
"2011-04-12 09:14","FollowerRequestProcessor.java","12766","133947","146713"
"2011-07-15 06:50","FollowerRequestProcessor.java","13081","128210","141291"
"2020-05-05 21:20","FollowerRequestProcessor.java","58455","271979","330434"
"2013-10-09 22:21","FollowerRequestProcessor.java","17028","157539","174567"
"2010-08-18 08:24","FollowerRequestProcessor.java","12178","142314","154492"
"2015-03-08 23:07","FollowerRequestProcessor.java","18565","177557","196122"
"2018-12-20 15:13","LocalPeerBean.java","90075","231249","321324"
"2019-11-29 14:49","LocalPeerBean.java","90558","264719","355277"
"2014-06-04 22:07","LocalPeerBean.java","16789","140948","157737"
"2019-08-17 17:13","LocalPeerBean.java","90102","257706","347808"
"2010-03-12 19:26","LocalPeerBean.java","8786","87093","95879"
"2019-11-14 03:54","LocalPeerBean.java","90102","265715","355817"
"2015-08-05 22:16","LocalPeerBean.java","17218","156545","173763"
"2015-12-07 06:06","LocalPeerBean.java","17291","157831","175122"
"2018-07-27 12:32","LocalPeerBean.java","26364","180114","206478"
"2018-06-26 11:18","LocalPeerBean.java","20151","172683","192834"
"2010-08-18 08:24","LocalPeerBean.java","10069","108101","118170"
"2019-07-29 17:15","JRecord.java","4094","14375","18469"
"2020-04-07 17:00","JRecord.java","37895","63964","101859"
"2019-10-10 14:37","ClientTest.java","146226","261000","407226"
"2019-12-28 16:17","ClientTest.java","147105","266711","413816"
"2009-11-07 01:48","ClientTest.java","298","703","1001"
"2010-01-05 18:32","ClientTest.java","2862","11912","14774"
"2010-03-09 03:09","ClientTest.java","10784","31542","42326"
"2014-07-25 01:31","ClientTest.java","31108","108302","139410"
"2017-01-09 22:49","ClientTest.java","33860","127497","161357"
"2010-09-15 07:51","ClientTest.java","16234","85853","102087"
"2011-04-12 09:14","ClientTest.java","21310","53804","75114"
"2014-07-08 20:18","ClientTest.java","30968","103775","134743"
"2017-05-01 17:19","ClientTest.java","34846","126627","161473"
"2018-11-22 17:56","ClientTest.java","146178","225896","372074"
"2013-01-25 02:17","ClientTest.java","28088","81396","109484"
"2017-06-30 22:43","ClientTest.java","35234","126536","161770"
"2019-03-06 03:32","ClientTest.java","146193","236999","383192"
"2012-12-11 08:42","ClientTest.java","27651","78699","106350"
"2012-10-31 19:38","ClientTest.java","27039","75260","102299"
"2019-08-17 17:13","ClientTest.java","146226","257247","403473"
"2019-11-08 17:30","Request.java","32349","54243","86592"
"2019-07-08 23:26","Request.java","4447","9503","13950"
"2019-08-06 17:11","Request.java","7609","24990","32599"
"2019-08-01 07:28","Request.java","7234","23695","30929"
"2019-06-26 10:57","Request.java","4174","8304","12478"
"2019-08-17 17:13","Request.java","29861","46141","76002"
"2019-05-03 00:44","Request.java","186","463","649"
"2019-06-05 00:46","Request.java","969","3109","4078"
"2019-05-10 12:22","Request.java","343","1130","1473"
"2020-03-25 03:38","Request.java","39706","68771","108477"
"2019-09-20 10:06","Request.java","31660","50803","82463"
"2019-09-16 23:26","Request.java","31356","50655","82011"
"2019-12-27 22:33","Request.java","38084","63042","101126"
"2019-11-11 13:59","Request.java","32380","56070","88450"
"2020-05-05 21:20","Request.java","43157","73253","116410"
"2019-08-17 17:13","GenerateLoad.java","178405","256932","435337"
"2014-11-29 16:53","GenerateLoad.java","20862","70144","91006"
"2014-08-14 09:32","GenerateLoad.java","20774","67435","88209"
"2018-08-06 14:11","GenerateLoad.java","45271","114997","160268"
"2015-02-06 06:17","GenerateLoad.java","20967","71041","92008"
"2019-10-10 14:37","ClientTest.java","146571","260940","407511"
"2019-12-28 16:17","ClientTest.java","147510","266711","414221"
"2010-01-05 18:32","ClientTest.java","2635","11280","13915"
"2010-03-09 03:09","ClientTest.java","10672","31025","41697"
"2014-07-25 01:31","ClientTest.java","31160","107949","139109"
"2017-01-09 22:49","ClientTest.java","33940","127172","161112"
"2010-09-15 07:51","ClientTest.java","16197","85411","101608"
"2011-04-12 09:14","ClientTest.java","21324","53413","74737"
"2014-07-08 20:18","ClientTest.java","31020","103422","134442"
"2017-05-01 17:19","ClientTest.java","34929","126305","161234"
"2018-11-22 17:56","ClientTest.java","146521","225834","372355"
"2013-01-25 02:17","ClientTest.java","28128","81031","109159"
"2017-06-30 22:43","ClientTest.java","35322","126219","161541"
"2019-03-06 03:32","ClientTest.java","146534","236935","383469"
"2012-12-11 08:42","ClientTest.java","27670","78313","105983"
"2012-10-31 19:38","ClientTest.java","27058","74874","101932"
"2019-08-17 17:13","ClientTest.java","146571","257187","403758"
"2019-08-17 17:13","DeleteCommand.java","30087","52428","82515"
"2018-10-16 16:22","QuorumPeerConfig.java","106601","241711","348312"
"2012-04-23 01:20","QuorumPeerConfig.java","24868","85100","109968"
"2018-12-09 03:16","QuorumPeerConfig.java","129890","230114","360004"
"2019-04-12 19:01","QuorumPeerConfig.java","129934","239307","369241"
"2018-09-11 15:23","QuorumPeerConfig.java","81955","199394","281349"
"2013-03-07 07:01","QuorumPeerConfig.java","25809","97879","123688"
"2018-12-15 07:34","QuorumPeerConfig.java","129890","230029","359919"
"2019-02-13 13:12","QuorumPeerConfig.java","129899","236411","366310"
"2009-06-05 06:44","QuorumPeerConfig.java","390","2120","2510"
"2019-08-17 17:13","QuorumPeerConfig.java","129934","257500","387434"
"2015-03-17 18:06","QuorumPeerConfig.java","28182","124976","153158"
"2014-01-21 04:50","QuorumPeerConfig.java","26234","105454","131688"
"2009-11-18 20:06","QuorumPeerConfig.java","7329","31897","39226"
"2012-12-16 07:43","QuorumPeerConfig.java","25273","90949","116222"
"2017-11-28 00:10","QuorumPeerConfig.java","31686","141384","173070"
"2019-06-05 00:29","QuorumPeerConfig.java","129934","243167","373101"
"2014-09-17 07:34","QuorumPeerConfig.java","28064","121405","149469"
"2020-01-09 11:27","QuorumPeerConfig.java","130573","266242","396815"
"2019-07-12 17:01","QuorumPeerConfig.java","129934","252813","382747"
"2016-11-13 20:59","QuorumPeerConfig.java","30239","136671","166910"
"2019-05-15 11:56","QuorumPeerConfig.java","129934","242254","372188"
"2014-08-19 22:50","QuorumPeerConfig.java","28064","120319","148383"
"2018-10-01 06:11","QuorumPeerConfig.java","82090","203363","285453"
"2017-07-28 00:36","QuorumPeerConfig.java","31551","136829","168380"
"2013-09-30 22:20","QuorumPeerConfig.java","25957","100412","126369"
"2017-07-06 18:48","QuorumPeerConfig.java","31533","137693","169226"
"2013-09-26 00:13","QuorumPeerConfig.java","25953","100164","126117"
"2010-03-09 05:44","QuorumPeerConfig.java","12798","50337","63135"
"2020-01-23 13:43","QuorumPeerConfig.java","130573","268066","398639"
"2011-04-06 18:17","QuorumPeerConfig.java","20824","69699","90523"
"2010-03-12 19:26","QuorumPeerConfig.java","12892","51161","64053"
"2014-05-17 13:23","QuorumPeerConfig.java","27638","111753","139391"
"2014-07-04 04:19","QuorumPeerConfig.java","27774","114438","142212"
"2011-09-17 02:42","QuorumPeerConfig.java","22433","79523","101956"
"2016-06-23 19:42","QuorumPeerConfig.java","29870","131870","161740"
"2015-09-06 20:02","QuorumPeerConfig.java","28307","128613","156920"
"2015-09-29 03:56","QuorumPeerConfig.java","28336","128823","157159"
"2019-10-10 14:37","QuorumPeerConfig.java","129934","261253","391187"
"2009-08-11 00:24","QuorumPeerConfig.java","4533","17675","22208"
"2018-07-27 12:32","QuorumPeerConfig.java","43225","157837","201062"
"2019-04-18 19:17","QuorumPeerConfig.java","129934","240017","369951"
"2016-11-03 16:07","QuorumPeerConfig.java","30228","134991","165219"
"2011-04-12 09:14","QuorumPeerConfig.java","21225","70264","91489"
"2014-03-25 22:13","QuorumPeerConfig.java","26366","108042","134408"
"2011-09-02 22:50","QuorumPeerConfig.java","19777","78477","98254"
"2013-10-09 22:21","QuorumPeerConfig.java","26158","103423","129581"
"2014-08-01 07:38","QuorumPeerConfig.java","28037","119757","147794"
"2014-08-14 08:08","QuorumPeerConfig.java","28037","120178","148215"
"2020-02-16 10:25","QuorumPeerConfig.java","130573","268779","399352"
"2020-05-14 18:18","QuorumPeerConfig.java","130574","272005","402579"
"2017-05-11 16:59","QuorumPeerConfig.java","31497","136790","168287"
"2019-08-17 17:13","ZabUtils.java","30099","51153","81252"
"2019-07-03 00:44","ZabUtils.java","5198","14265","19463"
"2019-08-17 17:13","Leader.java","228915","255075","483990"
"2019-06-29 00:33","Leader.java","228914","243061","471975"
"2019-06-03 19:40","Leader.java","228914","240405","469319"
"2019-07-15 14:15","Leader.java","228915","250494","479409"
"2019-07-25 21:41","Leader.java","228915","251558","480473"
"2018-05-10 06:00","Leader.java","662","2796","3458"
"2018-07-12 01:33","Leader.java","11576","14643","26219"
"2019-06-05 00:33","Leader.java","228914","240795","469709"
"2019-08-03 08:42","Leader.java","228915","255783","484698"
"2019-06-05 23:57","Leader.java","228914","241064","469978"
"2019-01-07 14:55","Leader.java","228775","229826","458601"
"2019-04-12 19:01","Leader.java","228878","236845","465723"
"2018-12-09 03:16","Leader.java","228774","227592","456366"
"2018-08-17 14:40","Leader.java","69933","75296","145229"
"2019-11-29 14:49","Leader.java","230686","263403","494089"
"2018-11-27 10:02","Leader.java","228774","225268","454042"
"2018-08-29 06:26","Leader.java","95174","100745","195919"
"2018-08-03 18:52","Leader.java","22231","26796","49027"
"2018-09-18 01:00","Leader.java","101032","109173","210205"
"2020-03-25 03:38","Leader.java","230688","269633","500321"
"2019-12-27 22:33","Leader.java","230687","265525","496212"
"2019-10-10 14:37","Leader.java","228916","258829","487745"
"2013-09-18 12:58","ClientCnxn.java","25970","100236","126206"
"2015-01-31 08:05","ClientCnxn.java","28143","123715","151858"
"2016-05-02 18:15","ClientCnxn.java","29888","131496","161384"
"2014-01-24 07:18","ClientCnxn.java","26262","107260","133522"
"2009-07-17 00:09","ClientCnxn.java","4434","16779","21213"
"2019-08-17 17:13","ClientCnxn.java","129742","257503","387245"
"2009-06-25 22:41","ClientCnxn.java","3916","15133","19049"
"2015-05-10 00:27","ClientCnxn.java","28218","126329","154547"
"2017-12-19 19:27","ClientCnxn.java","31665","141602","173267"
"2019-01-31 15:50","ClientCnxn.java","129699","235127","364826"
"2012-08-02 00:24","ClientCnxn.java","24911","86752","111663"
"2019-04-09 15:35","ClientCnxn.java","129707","238325","368032"
"2013-02-03 15:52","ClientCnxn.java","25552","93754","119306"
"2014-12-20 15:29","ClientCnxn.java","28133","123694","151827"
"2012-03-15 18:01","ClientCnxn.java","24564","84015","108579"
"2019-11-08 17:30","ClientCnxn.java","129742","263117","392859"
"2017-06-08 17:59","ClientCnxn.java","31470","137117","168587"
"2012-09-09 20:24","ClientCnxn.java","24925","87505","112430"
"2019-01-16 14:21","ClientCnxn.java","129699","233440","363139"
"2019-01-07 14:24","ClientCnxn.java","129699","232290","361989"
"2009-06-25 00:59","ClientCnxn.java","3844","14970","18814"
"2019-03-06 03:32","ClientCnxn.java","129707","237253","366960"
"2010-11-11 18:11","ClientCnxn.java","17536","106764","124300"
"2010-11-10 23:36","ClientCnxn.java","17492","106724","124216"
"2011-09-14 07:43","ClientCnxn.java","19866","79202","99068"
"2011-08-19 00:05","ClientCnxn.java","19742","76858","96600"
"2015-02-06 06:17","ClientCnxn.java","28176","123943","152119"
"2019-02-07 11:26","ClientCnxn.java","129699","235792","365491"
"2018-11-05 19:40","ClientCnxn.java","106411","241805","348216"
"2011-04-12 09:14","ClientCnxn.java","21279","70513","91792"
"2010-10-06 18:14","ClientCnxn.java","17066","103580","120646"
"2010-11-30 21:16","ClientCnxn.java","17646","107245","124891"
"2020-05-17 15:13","ClientCnxn.java","130379","272085","402464"
"2018-06-25 12:30","ClientCnxn.java","31804","145267","177071"
"2012-12-19 19:16","ClientCnxn.java","25509","93218","118727"
"2020-03-03 03:12","ClientCnxn.java","130378","269874","400252"
"2018-09-10 11:44","ClientCnxn.java","81859","198507","280366"
"2011-09-28 22:17","ClientCnxn.java","22462","79851","102313"
"2015-06-13 02:42","ClientCnxn.java","28271","127844","156115"
"2010-10-21 02:44","ClientCnxn.java","17211","105376","122587"
"2010-08-05 09:09","ClientCnxn.java","16363","69416","85779"
"2011-05-20 01:17","ClientCnxn.java","21309","71362","92671"
"2014-03-23 04:12","ClientCnxn.java","26386","108021","134407"
"2015-11-09 00:05","ClientCnxn.java","28371","129436","157807"
"2015-12-06 19:58","ClientCnxn.java","28406","129776","158182"
"2020-01-21 17:53","ClientCnxn.java","130378","266135","396513"
"2015-12-05 22:43","ClientCnxn.java","28406","129773","158179"
"2015-12-05 22:32","ClientCnxn.java","28406","129768","158174"
"2010-03-04 02:28","ClientCnxn.java","12809","44533","57342"
"2010-01-25 04:28","ClientCnxn.java","8561","37217","45778"
"2019-10-10 14:37","ClientCnxn.java","129742","261256","390998"
"2014-04-01 04:03","ClientCnxn.java","26512","108990","135502"
"2013-09-18 15:14","ClientCnxn.java","25970","100254","126224"
"2013-09-18 04:08","ClientCnxn.java","25970","100150","126120"
"2019-11-21 05:58","ClientCnxn.java","130378","261306","391684"
"2020-04-16 12:50","ClientCnxn.java","130378","271713","402091"
"2018-07-27 05:16","ClientCnxn.java","43180","157795","200975"
"2010-01-26 03:22","ClientCnxn.java","8646","37850","46496"
"2009-10-31 00:09","ClientCnxn.java","6655","23395","30050"
"2009-11-07 01:48","ClientCnxn.java","6930","24075","31005"
"2010-01-05 18:32","ClientCnxn.java","8271","34061","42332"
"2019-08-17 17:13","LearnerSyncThrottler.java","25290","28807","54097"
"2016-05-02 18:15","WatcherTest.java","16885","50236","67121"
"2019-08-17 17:13","WatcherTest.java","187756","256407","444163"
"2017-02-16 01:16","WatcherTest.java","20953","58130","79083"
"2019-09-18 11:20","WatcherTest.java","187756","259319","447075"
"2018-09-15 00:08","ZooKeeperServer.java","49272","218223","267495"
"2019-04-12 19:01","ZooKeeperServer.java","73667","239517","313184"
"2019-07-31 19:06","ZooKeeperServer.java","73667","257017","330684"
"2019-09-11 10:27","ZooKeeperServer.java","73667","259066","332733"
"2019-01-14 19:38","ZooKeeperServer.java","73639","232974","306613"
"2019-01-07 15:34","ZooKeeperServer.java","73639","232575","306214"
"2018-11-21 17:56","ZooKeeperServer.java","73639","225772","299411"
"2012-01-31 07:45","ZooKeeperServer.java","16617","125034","141651"
"2017-04-28 07:14","ZooKeeperServer.java","20143","177176","197319"
"2011-08-19 00:05","ZooKeeperServer.java","13682","121513","135195"
"2017-02-12 00:12","ZooKeeperServer.java","20133","176267","196400"
"2014-07-18 02:19","ZooKeeperServer.java","19339","161070","180409"
"2013-12-11 19:22","ZooKeeperServer.java","17848","147417","165265"
"2019-02-13 13:12","ZooKeeperServer.java","73646","236635","310281"
"2012-02-11 00:34","ZooKeeperServer.java","16696","125698","142394"
"2016-11-24 17:18","ZooKeeperServer.java","19945","177855","197800"
"2018-07-19 05:59","ZooKeeperServer.java","24111","189129","213240"
"2018-09-18 01:00","ZooKeeperServer.java","49308","218912","268220"
"2019-03-04 08:07","ZooKeeperServer.java","73645","237211","310856"
"2019-07-08 23:26","ZooKeeperServer.java","73667","246486","320153"
"2019-01-23 14:00","ZooKeeperServer.java","73639","234409","308048"
"2019-02-13 13:19","ZooKeeperServer.java","73646","236921","310567"
"2019-05-14 17:11","ZooKeeperServer.java","73667","242377","316044"
"2009-01-15 23:57","ZooKeeperServer.java","7777","24216","31993"
"2013-01-25 02:17","ZooKeeperServer.java","17490","136071","153561"
"2015-07-10 08:19","ZooKeeperServer.java","19504","170222","189726"
"2009-02-20 01:23","ZooKeeperServer.java","8852","38917","47769"
"2009-02-06 22:19","ZooKeeperServer.java","8747","38672","47419"
"2019-06-04 10:55","ZooKeeperServer.java","73667","243194","316861"
"2011-06-14 07:14","ZooKeeperServer.java","14644","122110","136754"
"2009-02-27 20:00","ZooKeeperServer.java","8858","38949","47807"
"2019-04-09 15:35","ZooKeeperServer.java","73645","238545","312190"
"2019-08-03 08:42","ZooKeeperServer.java","73667","258418","332085"
"2019-05-15 11:56","ZooKeeperServer.java","73667","242464","316131"
"2019-05-22 11:39","ZooKeeperServer.java","73667","242910","316577"
"2019-04-22 19:15","ZooKeeperServer.java","73667","240492","314159"
"2018-02-23 23:49","ZooKeeperServer.java","20507","182314","202821"
"2016-11-16 06:21","ZooKeeperServer.java","19811","177700","197511"
"2012-12-19 19:07","ZooKeeperServer.java","17444","134987","152431"
"2017-08-18 06:32","ZooKeeperServer.java","20419","176992","197411"
"2009-01-16 00:48","ZooKeeperServer.java","7959","24417","32376"
"2017-06-26 00:16","ZooKeeperServer.java","20386","176951","197337"
"2009-02-02 23:26","ZooKeeperServer.java","8565","36411","44976"
"2019-09-10 04:26","ZooKeeperServer.java","73667","258755","332422"
"2019-08-17 17:13","ZooKeeperServer.java","73667","257710","331377"
"2019-09-05 23:12","ZooKeeperServer.java","73667","258629","332296"
"2019-09-10 15:21","ZooKeeperServer.java","73667","258753","332420"
"2009-05-20 20:48","ZooKeeperServer.java","9601","65883","75484"
"2009-06-15 22:52","ZooKeeperServer.java","9960","69425","79385"
"2019-08-01 07:31","ZooKeeperServer.java","73667","258381","332048"
"2019-08-01 07:28","ZooKeeperServer.java","73667","257891","331558"
"2019-06-03 19:40","ZooKeeperServer.java","73667","243041","316708"
"2015-03-17 18:06","ZooKeeperServer.java","19457","167161","186618"
"2019-11-23 17:08","ZooKeeperServer.java","74120","262864","336984"
"2019-10-09 16:49","ZooKeeperServer.java","73667","261296","334963"
"2019-07-03 00:44","ZooKeeperServer.java","73667","245723","319390"
"2018-01-19 01:12","ZooKeeperServer.java","20473","181238","201711"
"2019-07-24 18:00","ZooKeeperServer.java","73667","254165","327832"
"2013-05-16 18:49","ZooKeeperServer.java","17744","140875","158619"
"2018-08-08 06:21","ZooKeeperServer.java","32934","199432","232366"
"2018-05-09 23:57","ZooKeeperServer.java","20542","183854","204396"
"2009-11-07 01:48","ZooKeeperServer.java","12010","85437","97447"
"2009-12-18 03:19","ZooKeeperServer.java","12488","94385","106873"
"2010-01-26 01:17","ZooKeeperServer.java","12746","98093","110839"
"2019-12-27 22:33","ZooKeeperServer.java","74120","266841","340961"
"2016-08-13 15:01","ZooKeeperServer.java","19705","173693","193398"
"2018-09-11 00:17","ZooKeeperServer.java","49268","216670","265938"
"2019-11-18 09:05","ZooKeeperServer.java","74120","261307","335427"
"2019-10-10 14:37","ZooKeeperServer.java","73667","261463","335130"
"2019-09-16 23:26","ZooKeeperServer.java","73667","260729","334396"
"2013-10-08 01:35","ZooKeeperServer.java","17818","143753","161571"
"2017-06-23 18:39","ZooKeeperServer.java","20368","176953","197321"
"2009-08-07 01:23","ZooKeeperServer.java","10577","80035","90612"
"2011-12-28 07:07","ZooKeeperServer.java","16605","124683","141288"
"2019-12-03 10:01","ZooKeeperServer.java","74120","264766","338886"
"2020-03-25 03:38","ZooKeeperServer.java","74120","270948","345068"
"2010-03-12 19:26","ZooKeeperServer.java","12830","107576","120406"
"2019-11-28 12:24","ZooKeeperServer.java","74120","263069","337189"
"2019-11-06 15:21","ZooKeeperServer.java","73667","261679","335346"
"2011-05-20 01:17","ZooKeeperServer.java","14623","120958","135581"
"2010-07-29 23:10","ZooKeeperServer.java","13582","122863","136445"
"2011-09-17 02:36","ZooKeeperServer.java","16260","124107","140367"
"2020-04-12 11:14","ZooKeeperServer.java","74120","271701","345821"
"2011-09-14 08:56","ZooKeeperServer.java","13759","124166","137925"
"2011-08-21 02:53","ZooKeeperServer.java","13682","121541","135223"
"2010-08-18 08:24","ZooKeeperServer.java","13877","128348","142225"
"2013-10-09 22:21","ZooKeeperServer.java","17848","146023","163871"
"2008-10-22 01:49","ZooKeeperServer.java","2410","13229","15639"
"2008-12-02 01:13","ZooKeeperServer.java","3524","19691","23215"
"2015-03-08 23:07","ZooKeeperServer.java","19452","166108","185560"
"2018-06-08 16:52","ZooKeeperServer.java","20543","184604","205147"
"2018-06-15 07:41","ZooKeeperServer.java","20558","184622","205180"
"2018-07-28 04:37","ZooKeeperServer.java","24122","189716","213838"
"2019-04-18 19:17","ZooKeeperServer.java","73667","240227","313894"
"2012-03-15 17:47","ZooKeeperServer.java","16705","126741","143446"
"2014-03-25 22:13","ZooKeeperServer.java","17959","150545","168504"
"2011-04-12 09:14","ZooKeeperServer.java","14602","120118","134720"
"2019-08-17 17:13","Leader.java","228064","255079","483143"
"2019-06-29 00:33","Leader.java","228063","243065","471128"
"2019-06-03 19:40","Leader.java","228063","240409","468472"
"2019-07-15 14:15","Leader.java","228064","250498","478562"
"2019-07-25 21:41","Leader.java","228064","251562","479626"
"2018-05-10 06:00","Leader.java","1132","4121","5253"
"2018-07-12 01:33","Leader.java","11899","15821","27720"
"2018-02-07 01:05","Leader.java","542","1397","1939"
"2019-06-05 00:33","Leader.java","228063","240799","468862"
"2019-08-03 08:42","Leader.java","228064","255787","483851"
"2019-06-05 23:57","Leader.java","228063","241068","469131"
"2019-01-07 14:55","Leader.java","227924","229830","457754"
"2019-04-12 19:01","Leader.java","228027","236849","464876"
"2018-12-09 03:16","Leader.java","227923","227596","455519"
"2018-08-17 14:40","Leader.java","70241","76459","146700"
"2019-11-29 14:49","Leader.java","229834","263406","493240"
"2018-11-27 10:02","Leader.java","227923","225272","453195"
"2018-08-29 06:26","Leader.java","95402","101828","197230"
"2018-08-03 18:52","Leader.java","22554","27974","50528"
"2018-09-18 01:00","Leader.java","101260","110256","211516"
"2020-03-25 03:38","Leader.java","229836","269636","499472"
"2019-12-27 22:33","Leader.java","229835","265528","495363"
"2019-10-10 14:37","Leader.java","228065","258833","486898"
"2020-02-26 22:41","NettyServerCnxnFactory.java","223137","268121","491258"
"2019-10-10 14:37","NettyServerCnxnFactory.java","221557","259640","481197"
"2019-09-10 18:50","NettyServerCnxnFactory.java","221557","257004","478561"
"2019-11-14 03:54","NettyServerCnxnFactory.java","221605","263944","485549"
"2019-02-12 15:25","NettyServerCnxnFactory.java","221440","234595","456035"
"2018-10-16 16:22","NettyServerCnxnFactory.java","200120","232847","432967"
"2019-02-15 15:36","NettyServerCnxnFactory.java","221460","235030","456490"
"2019-04-12 19:01","NettyServerCnxnFactory.java","221538","237675","459213"
"2018-11-22 17:56","NettyServerCnxnFactory.java","221437","224464","445901"
"2018-09-22 06:48","NettyServerCnxnFactory.java","108421","124801","233222"
"2018-12-15 07:34","NettyServerCnxnFactory.java","221437","228340","449777"
"2019-02-13 13:12","NettyServerCnxnFactory.java","221460","234736","456196"
"2019-08-17 17:13","NettyServerCnxnFactory.java","221557","255887","477444"
"2019-11-23 17:08","NettyServerCnxnFactory.java","223135","262166","485301"
"2019-07-03 00:44","NettyServerCnxnFactory.java","221556","243899","465455"
"2019-06-05 00:29","NettyServerCnxnFactory.java","221556","241553","463109"
"2019-07-23 15:55","NettyServerCnxnFactory.java","221557","251895","473452"
"2019-06-24 11:05","NettyServerCnxnFactory.java","221556","243219","464775"
"2019-08-03 08:42","NettyServerCnxnFactory.java","221557","256595","478152"
"2019-10-10 14:37","JUnit4ZKTestRunner.java","218914","259719","478633"
"2019-05-08 21:54","JUnit4ZKTestRunner.java","218896","240450","459346"
"2019-08-17 17:13","JUnit4ZKTestRunner.java","218914","255966","474880"
"2019-11-08 17:30","FinalRequestProcessor.java","32179","61813","93992"
"2019-07-08 23:26","FinalRequestProcessor.java","5642","18438","24080"
"2019-04-12 19:01","FinalRequestProcessor.java","1311","7138","8449"
"2019-02-07 11:26","FinalRequestProcessor.java","333","2685","3018"
"2019-09-10 04:26","FinalRequestProcessor.java","31218","56283","87501"
"2019-08-17 17:13","FinalRequestProcessor.java","30022","54042","84064"
"2019-06-26 10:57","FinalRequestProcessor.java","5406","17276","22682"
"2019-08-01 07:28","FinalRequestProcessor.java","8386","32587","40973"
"2019-07-03 00:44","FinalRequestProcessor.java","5574","17607","23181"
"2019-08-06 17:11","FinalRequestProcessor.java","8744","33865","42609"
"2020-03-25 03:38","FinalRequestProcessor.java","39116","75921","115037"
"2019-09-16 23:26","FinalRequestProcessor.java","31260","58299","89559"
"2019-10-10 14:37","FinalRequestProcessor.java","32027","59800","91827"
"2019-11-21 05:58","FinalRequestProcessor.java","37074","64261","101335"
"2019-11-18 09:05","FinalRequestProcessor.java","37064","64228","101292"
"2019-11-11 13:59","FinalRequestProcessor.java","32210","63640","95850"
"2020-03-26 22:12","FinalRequestProcessor.java","39169","75976","115145"
"2019-09-18 11:20","QuorumZxidSyncTest.java","167976","259927","427903"
"2017-01-13 19:29","QuorumZxidSyncTest.java","38348","111417","149765"
"2019-08-17 17:13","QuorumZxidSyncTest.java","167976","257015","424991"
"2019-08-17 17:13","CliException.java","221808","255887","477695"
"2019-10-10 14:37","ClientTest.java","155102","260826","415928"
"2019-12-28 16:17","ClientTest.java","156091","266647","422738"
"2010-03-09 03:09","ClientTest.java","9422","21130","30552"
"2014-07-25 01:31","ClientTest.java","31348","99792","131140"
"2017-01-09 22:49","ClientTest.java","34209","119096","153305"
"2010-09-15 07:51","ClientTest.java","15481","76050","91531"
"2011-04-12 09:14","ClientTest.java","20876","44320","65196"
"2014-07-08 20:18","ClientTest.java","31159","95216","126375"
"2017-05-01 17:19","ClientTest.java","35322","118353","153675"
"2018-11-22 17:56","ClientTest.java","155050","225718","380768"
"2013-01-25 02:17","ClientTest.java","28199","72757","100956"
"2017-06-30 22:43","ClientTest.java","35739","118291","154030"
"2019-03-06 03:32","ClientTest.java","155063","236819","391882"
"2012-12-11 08:42","ClientTest.java","27702","70000","97702"
"2012-10-31 19:38","ClientTest.java","27068","66539","93607"
"2019-08-17 17:13","ClientTest.java","155102","257073","412175"
"2018-11-17 18:33","ServerCnxn.java","147632","133726","281358"
"2019-01-14 19:38","ServerCnxn.java","153914","147225","301139"
"2019-04-12 19:01","ServerCnxn.java","154260","154086","308346"
"2019-07-08 23:26","ServerCnxn.java","155540","162335","317875"
"2019-08-17 17:13","ServerCnxn.java","156211","174230","330441"
"2019-07-03 00:44","ServerCnxn.java","155540","161572","317112"
"2019-11-18 09:05","ServerCnxn.java","159196","180359","339555"
"2020-02-26 22:41","ServerCnxn.java","159545","188218","347763"
"2018-09-28 23:38","ServerCnxn.java","703","3277","3980"
"2019-11-11 13:59","ServerCnxn.java","157267","182696","339963"
"2019-08-17 17:13","KerberosSecurityTestcase.java","228064","255079","483143"
"2019-11-08 17:30","ClientCnxn.java","3908","9522","13430"
"2020-05-17 15:13","ClientCnxn.java","16388","30333","46721"
"2020-03-03 03:12","ClientCnxn.java","12005","23740","35745"
"2020-01-21 17:53","ClientCnxn.java","11479","19475","30954"
"2019-10-10 14:37","ClientCnxn.java","3717","7470","11187"
"2019-11-21 05:58","ClientCnxn.java","9029","12196","21225"
"2020-04-16 12:50","ClientCnxn.java","12841","26415","39256"
"2019-08-17 17:13","FollowerResyncConcurrencyTest.java","29523","44192","73715"
"2019-10-10 14:37","FollowerResyncConcurrencyTest.java","31925","50347","82272"
"2019-12-28 16:17","FollowerResyncConcurrencyTest.java","37992","61246","99238"
"2018-10-05 14:25","QuorumPeerMainTest.java","198570","206597","405167"
"2018-07-27 12:32","QuorumPeerMainTest.java","141","652","793"
"2020-01-23 13:43","QuorumPeerMainTest.java","233491","266030","499521"
"2019-10-10 14:37","QuorumPeerMainTest.java","231552","257917","489469"
"2019-12-28 16:17","QuorumPeerMainTest.java","233490","264687","498177"
"2019-07-25 21:41","QuorumPeerMainTest.java","231551","250646","482197"
"2019-08-17 17:13","QuorumPeerMainTest.java","231551","254163","485714"
"2019-07-02 07:34","QuorumPeerMainTest.java","231550","242105","473655"
"2019-05-20 17:18","QuorumPeerMainTest.java","231533","238936","470469"
"2018-10-16 16:22","QuorumPeerMainTest.java","198576","219585","418161"
"2018-08-29 06:26","QuorumPeerMainTest.java","83145","85168","168313"
"2018-08-03 18:52","QuorumPeerMainTest.java","316","1333","1649"
"2018-09-11 15:23","QuorumPeerMainTest.java","88872","92210","181082"
"2019-10-10 14:37","ClientTest.java","166752","260768","427520"
"2019-12-28 16:17","ClientTest.java","167799","266647","434446"
"2014-07-25 01:31","ClientTest.java","36563","94207","130770"
"2017-01-09 22:49","ClientTest.java","39529","113616","153145"
"2010-09-15 07:51","ClientTest.java","7879","56740","64619"
"2011-04-12 09:14","ClientTest.java","19745","31481","51226"
"2014-07-08 20:18","ClientTest.java","36350","89607","125957"
"2017-05-01 17:19","ClientTest.java","40775","113006","153781"
"2018-11-22 17:56","ClientTest.java","166694","225654","392348"
"2013-01-25 02:17","ClientTest.java","28895","62653","91548"
"2017-06-30 22:43","ClientTest.java","41370","113122","154492"
"2019-03-06 03:32","ClientTest.java","166710","236758","403468"
"2012-12-11 08:42","ClientTest.java","28368","59866","88234"
"2012-10-31 19:38","ClientTest.java","27726","56397","84123"
"2019-08-17 17:13","ClientTest.java","166752","257015","423767"
"2019-08-03 08:42","DistributedQueue.java","8666","33308","41974"
"2019-10-10 14:37","DistributedQueue.java","32026","59713","91739"
"2019-08-27 09:23","DistributedQueue.java","31000","55527","86527"
"2019-08-17 17:13","QuorumAuth.java","228064","255079","483143"
"2019-06-07 14:13","SessionTest.java","141648","243604","385252"
"2019-08-17 17:13","SessionTest.java","141648","257500","399148"
"2009-07-17 00:09","SessionTest.java","384","820","1204"
"2017-09-11 18:55","SessionTest.java","35961","132137","168098"
"2010-11-04 17:01","SessionTest.java","18359","94721","113080"
"2018-09-22 06:48","SessionTest.java","88166","197264","285430"
"2011-10-25 08:09","SessionTest.java","26343","72080","98423"
"2010-08-17 09:24","SessionTest.java","17740","60660","78400"
"2011-04-12 09:14","SessionTest.java","23076","60401","83477"
"2010-03-31 06:26","SessionTest.java","14871","41684","56555"
"2010-08-18 08:24","SessionTest.java","18205","64485","82690"
"2010-10-21 02:44","SessionTest.java","18353","94609","112962"
"2010-08-05 09:09","SessionTest.java","17447","58591","76038"
"2013-12-21 22:05","SessionTest.java","30037","99340","129377"
"2010-03-12 19:26","SessionTest.java","13522","40077","53599"
"2009-08-07 01:23","SessionTest.java","582","1849","2431"
"2019-10-10 14:37","SessionTest.java","141648","261253","402901"
"2015-07-07 07:11","SessionTest.java","32358","122354","154712"
"2019-12-28 16:17","SessionTest.java","142287","266724","409011"
"2009-09-16 02:09","SessionTest.java","1716","4567","6283"
"2010-01-26 03:22","SessionTest.java","5995","23290","29285"
"2019-08-17 17:13","NIOServerCnxnFactoryTest.java","36457","67684","104141"
"2019-10-10 14:37","LearnerSessionTracker.java","215122","259842","474964"
"2019-09-20 10:02","LearnerSessionTracker.java","215122","259009","474131"
"2019-08-17 17:13","LearnerSessionTracker.java","215122","256089","471211"
"2018-08-08 06:21","LearnerSessionTracker.java","83378","103220","186598"
"2008-12-13 01:27","ZooKeeper.java","3479","36142","39621"
"2009-06-25 00:59","ZooKeeper.java","9218","92291","101509"
"2019-02-06 09:46","ZooKeeper.java","58118","235529","293647"
"2019-01-16 14:21","ZooKeeper.java","58118","233806","291924"
"2017-04-18 02:02","ZooKeeper.java","18999","188262","207261"
"2019-11-08 17:30","ZooKeeper.java","58134","263456","321590"
"2019-02-07 11:26","ZooKeeper.java","58118","236158","294276"
"2013-03-07 07:01","ZooKeeper.java","16944","152260","169204"
"2011-07-01 00:53","ZooKeeper.java","13144","138970","152114"
"2013-12-17 17:55","ZooKeeper.java","17030","159150","176180"
"2012-02-06 09:56","ZooKeeper.java","15913","137069","152982"
"2012-03-17 01:31","ZooKeeper.java","15959","138620","154579"
"2012-11-17 15:03","ZooKeeper.java","16226","144006","160232"
"2017-05-01 17:19","ZooKeeper.java","18995","188385","207380"
"2010-11-10 23:36","ZooKeeper.java","12448","173627","186075"
"2014-01-24 07:18","ZooKeeper.java","17027","161076","178103"
"2019-08-17 17:13","ZooKeeper.java","58134","257842","315976"
"2009-05-20 20:48","ZooKeeper.java","8645","80592","89237"
"2015-06-04 19:51","ZooKeeper.java","18596","180970","199566"
"2016-10-07 21:51","ZooKeeper.java","18740","186165","204905"
"2015-03-16 09:09","ZooKeeper.java","18560","177890","196450"
"2015-03-17 18:06","ZooKeeper.java","18562","178602","197164"
"2016-05-02 18:15","ZooKeeper.java","18656","183315","201971"
"2019-06-26 10:57","ZooKeeper.java","58134","245692","303826"
"2019-06-03 19:40","ZooKeeper.java","58134","243173","301307"
"2018-05-09 23:57","ZooKeeper.java","19173","194821","213994"
"2009-04-09 23:02","ZooKeeper.java","8266","55271","63537"
"2009-03-27 06:25","ZooKeeper.java","8082","54380","62462"
"2019-08-03 08:42","ZooKeeper.java","58134","258550","316684"
"2016-11-13 20:59","ZooKeeper.java","18742","188420","207162"
"2013-02-03 15:52","ZooKeeper.java","16721","147974","164695"
"2012-09-28 18:32","ZooKeeper.java","16117","141929","158046"
"2017-07-28 00:36","ZooKeeper.java","19120","187644","206764"
"2017-08-18 23:35","ZooKeeper.java","19123","188132","207255"
"2017-07-04 07:56","ZooKeeper.java","19117","188251","207368"
"2008-12-22 23:23","ZooKeeper.java","3816","36822","40638"
"2009-01-28 01:21","ZooKeeper.java","7246","39562","46808"
"2009-12-11 20:38","ZooKeeper.java","10824","107897","118721"
"2009-11-12 21:02","ZooKeeper.java","10718","100413","111131"
"2010-01-26 03:22","ZooKeeper.java","11292","112443","123735"
"2010-01-05 18:32","ZooKeeper.java","11039","108776","119815"
"2009-11-07 01:48","ZooKeeper.java","10669","99761","110430"
"2009-10-31 00:09","ZooKeeper.java","10509","99196","109705"
"2020-04-16 12:50","ZooKeeper.java","58455","271737","330192"
"2018-07-27 05:16","ZooKeeper.java","19877","197543","217420"
"2019-10-10 14:37","ZooKeeper.java","58134","261595","319729"
"2014-04-01 04:03","ZooKeeper.java","17175","162704","179879"
"2010-02-08 23:36","ZooKeeper.java","11303","112115","123418"
"2009-08-07 20:00","ZooKeeper.java","9319","94487","103806"
"2012-12-19 19:16","ZooKeeper.java","16714","147474","164188"
"2019-02-11 12:34","ZooKeeper.java","58118","236521","294639"
"2014-07-08 20:18","ZooKeeper.java","18467","168883","187350"
"2010-11-30 21:16","ZooKeeper.java","12560","174106","186666"
"2020-05-17 15:13","ZooKeeper.java","58456","272109","330565"
"2017-01-09 22:49","ZooKeeper.java","18913","190159","209072"
"2011-05-20 01:17","ZooKeeper.java","12800","134800","147600"
"2019-03-12 19:08","ZooKeeper.java","58118","237949","296067"
"2011-09-06 00:58","ZooKeeper.java","13194","135346","148540"
"2009-01-31 00:01","ZooKeeper.java","7262","48388","55650"
"2008-09-26 20:09","ZooKeeper.java","575","14219","14794"
"2014-07-22 06:51","ZooKeeper.java","18476","173090","191566"
"2008-10-22 01:49","ZooKeeper.java","2474","28958","31432"
"2008-12-02 01:13","ZooKeeper.java","3332","35164","38496"
"2014-04-29 02:23","ZooKeeper.java","18361","165675","184036"
"2018-12-20 15:13","QuorumPeer.java","1337","4323","5660"
"2019-05-16 16:25","QuorumPeer.java","9259","23474","32733"
"2019-06-14 09:06","QuorumPeer.java","10267","27681","37948"
"2019-03-11 19:47","QuorumPeer.java","8353","17767","26120"
"2019-02-13 13:12","QuorumPeer.java","8284","16646","24930"
"2019-04-12 19:01","QuorumPeer.java","8873","20096","28969"
"2018-12-09 03:16","QuorumPeer.java","385","2459","2844"
"2019-11-29 14:49","QuorumPeer.java","43805","79778","123583"
"2018-12-15 07:34","QuorumPeer.java","1313","3302","4615"
"2019-06-03 19:40","QuorumPeer.java","9501","24248","33749"
"2019-07-15 14:15","QuorumPeer.java","13811","38646","52457"
"2019-07-03 00:44","QuorumPeer.java","12806","30235","43041"
"2019-08-17 17:13","QuorumPeer.java","36405","65821","102226"
"2019-05-15 11:56","QuorumPeer.java","9236","23406","32642"
"2019-06-05 00:33","QuorumPeer.java","9679","24816","34495"
"2019-05-20 23:13","QuorumPeer.java","9301","23589","32890"
"2019-06-04 10:55","QuorumPeer.java","9618","24518","34136"
"2019-07-12 17:01","QuorumPeer.java","13811","38540","52351"
"2020-01-09 11:27","QuorumPeer.java","44794","82313","127107"
"2019-12-17 13:48","QuorumPeer.java","43814","80359","124173"
"2020-01-23 13:43","QuorumPeer.java","45041","84384","129425"
"2019-10-10 14:37","QuorumPeer.java","38384","71553","109937"
"2019-04-18 19:17","QuorumPeer.java","8895","20828","29723"
"2020-02-16 10:25","QuorumPeer.java","45169","85225","130394"
"2019-10-10 14:37","FLETest.java","197281","260119","457400"
"2014-06-25 15:04","FLETest.java","8292","16182","24474"
"2016-06-02 00:59","FLETest.java","16229","40507","56736"
"2017-09-11 18:55","FLETest.java","23125","51338","74463"
"2019-08-17 17:13","FLETest.java","197281","256366","453647"
"2019-10-10 14:37","FLETest.java","194171","260120","454291"
"2013-10-21 23:36","FLETest.java","351","3462","3813"
"2014-06-25 15:04","FLETest.java","8574","19575","28149"
"2016-06-02 00:59","FLETest.java","16445","43834","60279"
"2017-09-11 18:55","FLETest.java","23236","54560","77796"
"2019-08-17 17:13","FLETest.java","194171","256367","450538"
"2016-11-03 16:07","QuorumPeerTestBase.java","8119","20741","28860"
"2019-12-27 22:33","QuorumPeerTestBase.java","213019","266269","479288"
"2019-10-10 14:37","QuorumPeerTestBase.java","211574","259899","471473"
"2016-06-23 23:25","QuorumPeerTestBase.java","7011","17145","24156"
"2014-08-19 22:50","QuorumPeerTestBase.java","104","218","322"
"2019-07-12 17:01","QuorumPeerTestBase.java","211574","251459","463033"
"2017-01-13 19:29","QuorumPeerTestBase.java","9231","25271","34502"
"2015-03-17 18:06","QuorumPeerTestBase.java","901","5554","6455"
"2019-08-17 17:13","QuorumPeerTestBase.java","211574","256146","467720"
"2017-11-28 00:10","QuorumPeerTestBase.java","15758","33315","49073"
"2017-12-16 01:25","QuorumPeerTestBase.java","16111","33712","49823"
"2018-10-12 10:25","QuorumPeerTestBase.java","191803","231810","423613"
"2017-07-28 00:36","AdminServer.java","15664","30121","45785"
"2019-08-17 17:13","AdminServer.java","210259","256151","466410"
"2015-11-22 00:33","AdminServer.java","4109","14442","18551"
"2019-02-13 13:19","ProviderRegistry.java","224198","234302","458500"
"2019-08-17 17:13","ProviderRegistry.java","224314","255186","479500"
"2019-10-10 14:37","ProviderRegistry.java","224315","258940","483255"
"2012-08-28 21:51","ClientBase.java","27672","54835","82507"
"2017-06-08 17:51","ClientBase.java","41628","112096","153724"
"2012-07-17 23:19","ClientBase.java","27593","53682","81275"
"2017-04-18 01:37","ClientBase.java","40891","111991","152882"
"2018-09-07 02:49","ClientBase.java","103877","185415","289292"
"2019-07-31 19:06","ClientBase.java","167754","256322","424076"
"2012-02-06 09:47","ClientBase.java","25001","47969","72970"
"2015-02-06 06:17","ClientBase.java","36742","97399","134141"
"2017-09-11 18:55","ClientBase.java","41874","112800","154674"
"2019-08-17 17:13","ClientBase.java","167754","257015","424769"
"2015-03-28 20:08","ClientBase.java","36814","99682","136496"
"2019-06-07 14:13","ClientBase.java","167754","243119","410873"
"2018-04-24 00:20","ClientBase.java","42106","118808","160914"
"2018-08-08 06:21","ClientBase.java","84173","164846","249019"
"2018-05-09 23:57","ClientBase.java","42176","119663","161839"
"2019-06-24 11:05","ClientBase.java","167754","244348","412102"
"2012-12-11 08:42","ClientBase.java","28327","58823","87150"
"2017-01-13 19:29","ClientBase.java","39622","112888","152510"
"2016-06-23 23:25","ClientBase.java","38785","106145","144930"
"2014-01-03 01:40","ClientBase.java","29893","74086","103979"
"2014-01-25 01:17","ClientBase.java","29942","75941","105883"
"2019-11-14 16:44","ClientBase.java","167754","265042","432796"
"2019-10-10 14:37","ClientBase.java","167754","260768","428522"
"2012-03-15 17:47","ClientBase.java","25263","49474","74737"
"2010-09-15 07:51","ClientBase.java","7696","55555","63251"
"2012-01-14 00:28","ClientBase.java","24895","47347","72242"
"2011-04-12 09:14","ClientBase.java","19589","30323","49912"
"2011-11-05 07:29","ClientBase.java","24109","45141","69250"
"2016-08-24 01:36","ClientBase.java","39198","107129","146327"
"2011-09-17 02:13","ClientBase.java","22006","44056","66062"
"2010-07-05 20:20","ClientBase.java","5872","16941","22813"
"2010-03-31 06:26","ClientBase.java","2716","2938","5654"
"2010-08-18 08:24","ClientBase.java","7670","27359","35029"
"2015-03-08 23:07","ClientBase.java","36773","97604","134377"
"2019-08-17 17:13","SnapStreamTest.java","29730","48462","78192"
"2019-12-03 19:12","SnapStreamTest.java","37580","62927","100507"
"2019-02-12 15:31","X509UtilTest.java","94344","74773","169117"
"2018-12-15 07:34","X509UtilTest.java","87714","61890","149604"
"2019-01-24 11:53","X509UtilTest.java","94176","72770","166946"
"2018-11-27 10:02","X509UtilTest.java","86631","58568","145199"
"2018-11-07 02:29","X509UtilTest.java","85982","55461","141443"
"2019-01-25 14:32","X509UtilTest.java","94176","72829","167005"
"2019-01-14 19:40","X509UtilTest.java","94098","71101","165199"
"2019-07-15 14:46","X509UtilTest.java","98094","95546","193640"
"2019-08-17 17:13","X509UtilTest.java","109882","111485","221367"
"2019-09-18 16:03","X509UtilTest.java","110977","115497","226474"
"2019-08-17 17:13","SaslAuthMissingClientConfigTest.java","220587","255887","476474"
"2019-10-10 14:37","SaslAuthMissingClientConfigTest.java","220587","259640","480227"
"2019-05-27 10:54","SnapShot.java","224166","240536","464702"
"2019-08-17 17:13","SnapShot.java","224184","255234","479418"
"2019-08-17 17:13","PEMFileLoaderTest.java","36682","68806","105488"
"2019-08-17 17:13","StaticHostProviderTest.java","214963","256104","471067"
"2018-07-16 05:45","StaticHostProviderTest.java","35901","54404","90305"
"2015-05-10 00:27","StaticHostProviderTest.java","559","2903","3462"
"2014-08-14 08:08","QuorumPeerTestBase.java","341","905","1246"
"2016-11-03 16:07","QuorumPeerTestBase.java","8426","21612","30038"
"2019-12-27 22:33","QuorumPeerTestBase.java","212455","266269","478724"
"2019-10-10 14:37","QuorumPeerTestBase.java","211011","259900","470911"
"2016-06-23 23:25","QuorumPeerTestBase.java","7335","18033","25368"
"2014-08-19 22:50","QuorumPeerTestBase.java","436","1114","1550"
"2019-07-12 17:01","QuorumPeerTestBase.java","211011","251460","462471"
"2017-01-13 19:29","QuorumPeerTestBase.java","9537","26141","35678"
"2015-03-17 18:06","QuorumPeerTestBase.java","1228","6445","7673"
"2019-08-17 17:13","QuorumPeerTestBase.java","211011","256147","467158"
"2017-11-28 00:10","QuorumPeerTestBase.java","16027","34148","50175"
"2017-12-16 01:25","QuorumPeerTestBase.java","16380","34545","50925"
"2018-10-12 10:25","QuorumPeerTestBase.java","191240","231811","423051"
"2018-06-08 16:52","ZooKeeperServerMain.java","28313","95966","124279"
"2019-04-18 19:17","ZooKeeperServerMain.java","178406","239450","417856"
"2019-11-11 13:59","ZooKeeperServerMain.java","178405","264342","442747"
"2012-03-06 09:20","ZooKeeperServerMain.java","8372","21202","29574"
"2019-11-28 12:24","ZooKeeperServerMain.java","179499","262932","442431"
"2019-11-25 15:37","ZooKeeperServerMain.java","179499","262834","442333"
"2016-08-13 15:01","ZooKeeperServerMain.java","24359","81939","106298"
"2015-06-04 19:51","ZooKeeperServerMain.java","21330","74960","96290"
"2019-08-17 17:13","ZooKeeperServerMain.java","178405","256932","435337"
"2015-03-17 18:06","ZooKeeperServerMain.java","21101","72397","93498"
"2017-07-28 00:36","ZooKeeperServerMain.java","27653","87433","115086"
"2013-12-07 11:16","ZooKeeperServerMain.java","13644","46303","59947"
"2019-04-12 19:01","ZooKeeperServerMain.java","178406","238740","417146"
"2018-09-11 15:23","ZooKeeperServerMain.java","107162","179103","286265"
"2014-07-18 02:19","ZooKeeperServerMain.java","20643","65966","86609"
"2017-02-12 00:12","ZooKeeperServerMain.java","26753","86479","113232"
"2015-10-18 19:00","QuorumPeer.java","14869","55192","70061"
"2018-12-20 15:13","QuorumPeer.java","179893","229944","409837"
"2019-05-16 16:25","QuorumPeer.java","179971","241251","421222"
"2018-10-16 16:22","QuorumPeer.java","160788","235666","396454"
"2019-06-14 09:06","QuorumPeer.java","179987","244466","424453"
"2018-12-07 12:41","QuorumPeer.java","179892","226957","406849"
"2012-07-17 23:19","QuorumPeer.java","67","839","906"
"2019-03-11 19:47","QuorumPeer.java","179912","236391","416303"
"2014-07-18 02:19","QuorumPeer.java","12440","43029","55469"
"2019-02-13 13:12","QuorumPeer.java","179913","235340","415253"
"2019-04-12 19:01","QuorumPeer.java","179971","238259","418230"
"2018-12-09 03:16","QuorumPeer.java","179892","229031","408923"
"2018-09-11 15:23","QuorumPeer.java","107645","164852","272497"
"2019-11-29 14:49","QuorumPeer.java","181299","264337","445636"
"2013-03-07 07:01","QuorumPeer.java","3398","15236","18634"
"2018-12-15 07:34","QuorumPeer.java","179892","228946","408838"
"2018-11-27 10:02","QuorumPeer.java","179892","226707","406599"
"2018-09-18 01:00","QuorumPeer.java","107709","166171","273880"
"2019-06-03 19:40","QuorumPeer.java","179987","241799","421786"
"2019-07-15 14:15","QuorumPeer.java","179987","251887","431874"
"2015-03-17 18:06","QuorumPeer.java","13351","49913","63264"
"2019-07-03 00:44","QuorumPeer.java","179987","244481","424468"
"2019-08-17 17:13","QuorumPeer.java","179987","256468","436455"
"2015-06-27 02:03","QuorumPeer.java","13746","52997","66743"
"2017-11-28 00:10","QuorumPeer.java","23821","73287","97108"
"2014-01-21 04:50","QuorumPeer.java","4642","23630","28272"
"2014-06-04 22:07","QuorumPeer.java","11627","36416","48043"
"2018-01-30 08:02","QuorumPeer.java","24170","73789","97959"
"2019-05-15 11:56","QuorumPeer.java","179971","241206","421177"
"2019-06-05 00:33","QuorumPeer.java","179987","242189","422176"
"2019-05-20 23:13","QuorumPeer.java","179971","241324","421295"
"2019-06-04 10:55","QuorumPeer.java","179987","241952","421939"
"2019-07-12 17:01","QuorumPeer.java","179987","251781","431768"
"2020-01-09 11:27","QuorumPeer.java","181299","265883","447182"
"2017-02-09 11:40","QuorumPeer.java","19665","67907","87572"
"2017-07-06 18:48","QuorumPeer.java","22837","68765","91602"
"2018-10-01 06:11","QuorumPeer.java","107873","168914","276787"
"2015-04-09 20:16","QuorumPeer.java","13381","51006","64387"
"2013-10-07 21:08","QuorumPeer.java","4125","18779","22904"
"2013-09-30 22:20","QuorumPeer.java","3941","18164","22105"
"2018-07-04 17:11","QuorumPeer.java","32319","85499","117818"
"2019-12-17 13:48","QuorumPeer.java","181299","264909","446208"
"2015-12-07 05:59","QuorumPeer.java","15119","56200","71319"
"2020-01-23 13:43","QuorumPeer.java","181299","267707","449006"
"2016-06-23 23:45","QuorumPeer.java","17999","60150","78149"
"2016-06-23 23:25","QuorumPeer.java","18000","60043","78043"
"2014-03-23 04:12","QuorumPeer.java","4936","26144","31080"
"2013-09-26 00:13","QuorumPeer.java","3913","17892","21805"
"2014-07-18 20:48","QuorumPeer.java","12489","43537","56026"
"2014-07-04 04:19","QuorumPeer.java","11738","38170","49908"
"2018-12-06 10:56","QuorumPeer.java","179892","226901","406793"
"2014-06-25 15:04","QuorumPeer.java","11637","36923","48560"
"2014-03-28 01:58","QuorumPeer.java","4950","26576","31526"
"2013-10-21 23:36","QuorumPeer.java","4386","21782","26168"
"2019-10-10 14:37","QuorumPeer.java","179987","260221","440208"
"2013-11-07 06:41","QuorumPeer.java","4467","22294","26761"
"2017-07-27 23:09","QuorumPeer.java","23287","68229","91516"
"2014-05-18 05:49","QuorumPeer.java","11602","35902","47504"
"2014-03-25 22:13","QuorumPeer.java","4946","26390","31336"
"2018-06-26 11:18","QuorumPeer.java","24511","77673","102184"
"2018-07-27 12:32","QuorumPeer.java","42666","97046","139712"
"2019-04-18 19:17","QuorumPeer.java","179971","238969","418940"
"2013-10-09 22:21","QuorumPeer.java","4373","21406","25779"
"2016-12-20 14:47","QuorumPeer.java","19524","66631","86155"
"2017-05-11 16:59","QuorumPeer.java","22590","67651","90241"
"2014-07-03 06:01","QuorumPeer.java","11666","37676","49342"
"2014-08-14 08:08","QuorumPeer.java","12853","44762","57615"
"2014-08-01 07:38","QuorumPeer.java","12808","44296","57104"
"2014-07-20 04:50","QuorumPeer.java","12521","43631","56152"
"2016-06-02 00:59","QuorumPeer.java","17979","59653","77632"
"2020-02-16 10:25","QuorumPeer.java","181299","268420","449719"
"2013-09-18 12:58","ClientCnxn.java","29683","94405","124088"
"2015-01-31 08:05","ClientCnxn.java","32014","118042","150056"
"2016-05-02 18:15","ClientCnxn.java","33896","125960","159856"
"2014-01-24 07:18","ClientCnxn.java","29996","101450","131446"
"2009-07-17 00:09","ClientCnxn.java","1254","2382","3636"
"2019-08-17 17:13","ClientCnxn.java","140956","257500","398456"
"2015-05-10 00:27","ClientCnxn.java","32103","120670","152773"
"2017-12-19 19:27","ClientCnxn.java","35876","136269","172145"
"2019-01-31 15:50","ClientCnxn.java","140912","235123","376035"
"2012-08-02 00:24","ClientCnxn.java","28219","80516","108735"
"2019-04-09 15:35","ClientCnxn.java","140920","238321","379241"
"2013-02-03 15:52","ClientCnxn.java","29260","87918","117178"
"2014-12-20 15:29","ClientCnxn.java","32004","118021","150025"
"2012-03-15 18:01","ClientCnxn.java","26828","76735","103563"
"2019-11-08 17:30","ClientCnxn.java","140956","263114","404070"
"2017-06-08 17:59","ClientCnxn.java","35660","131763","167423"
"2012-09-09 20:24","ClientCnxn.java","28233","81269","109502"
"2019-01-16 14:21","ClientCnxn.java","140912","233436","374348"
"2019-01-07 14:24","ClientCnxn.java","140912","232286","373198"
"2019-03-06 03:32","ClientCnxn.java","140920","237249","378169"
"2010-11-11 18:11","ClientCnxn.java","18880","96891","115771"
"2010-11-10 23:36","ClientCnxn.java","18833","96848","115681"
"2011-09-14 07:43","ClientCnxn.java","22022","71814","93836"
"2011-08-19 00:05","ClientCnxn.java","21891","69463","91354"
"2015-02-06 06:17","ClientCnxn.java","32047","118270","150317"
"2019-02-07 11:26","ClientCnxn.java","140912","235788","376700"
"2018-11-05 19:40","ClientCnxn.java","113790","239640","353430"
"2011-04-12 09:14","ClientCnxn.java","23275","61292","84567"
"2010-10-06 18:14","ClientCnxn.java","18411","93708","112119"
"2010-11-30 21:16","ClientCnxn.java","19011","97393","116404"
"2020-05-17 15:13","ClientCnxn.java","141596","272085","413681"
"2018-06-25 12:30","ClientCnxn.java","36032","139951","175983"
"2012-12-19 19:16","ClientCnxn.java","29216","87381","116597"
"2020-03-03 03:12","ClientCnxn.java","141595","269874","411469"
"2018-09-10 11:44","ClientCnxn.java","87935","195039","282974"
"2011-09-28 22:17","ClientCnxn.java","24623","72468","97091"
"2015-06-13 02:42","ClientCnxn.java","32211","122240","154451"
"2010-10-21 02:44","ClientCnxn.java","18543","95491","114034"
"2010-08-05 09:09","ClientCnxn.java","17647","59483","77130"
"2011-05-20 01:17","ClientCnxn.java","23322","62158","85480"
"2014-03-23 04:12","ClientCnxn.java","30123","102214","132337"
"2015-11-09 00:05","ClientCnxn.java","32314","123835","156149"
"2015-12-06 19:58","ClientCnxn.java","32349","124175","156524"
"2020-01-21 17:53","ClientCnxn.java","141595","266135","407730"
"2015-12-05 22:43","ClientCnxn.java","32349","124172","156521"
"2015-12-05 22:32","ClientCnxn.java","32349","124167","156516"
"2010-03-04 02:28","ClientCnxn.java","13743","34250","47993"
"2010-01-25 04:28","ClientCnxn.java","6136","23575","29711"
"2019-10-10 14:37","ClientCnxn.java","140956","261253","402209"
"2014-04-01 04:03","ClientCnxn.java","30248","103182","133430"
"2013-09-18 15:14","ClientCnxn.java","29683","94423","124106"
"2013-09-18 04:08","ClientCnxn.java","29683","94319","124002"
"2019-11-21 05:58","ClientCnxn.java","141595","261306","402901"
"2020-04-16 12:50","ClientCnxn.java","141595","271713","413308"
"2018-07-27 05:16","ClientCnxn.java","47729","152800","200529"
"2010-01-26 03:22","ClientCnxn.java","6231","24218","30449"
"2009-10-31 00:09","ClientCnxn.java","4066","9589","13655"
"2009-11-07 01:48","ClientCnxn.java","4344","10272","14616"
"2010-01-05 18:32","ClientCnxn.java","5863","20436","26299"
"2011-09-27 03:05","ZooKeeperServerTest.java","4671","14286","18957"
"2019-04-10 13:19","ZooKeeperServerTest.java","180430","238175","418605"
"2019-08-17 17:13","ZooKeeperServerTest.java","180429","256906","437335"
"2019-08-17 17:13","GetChildren2Test.java","167976","257015","424991"
"2019-11-28 12:24","DataTree.java","181608","262909","444517"
"2011-07-13 15:48","DataTree.java","715","4922","5637"
"2011-07-28 07:49","DataTree.java","861","7514","8375"
"2019-10-10 14:37","DataTree.java","180510","260658","441168"
"2019-12-27 22:33","DataTree.java","181608","266681","448289"
"2015-06-06 03:48","DataTree.java","21212","72822","94034"
"2019-11-11 13:59","DataTree.java","180510","264315","444825"
"2018-07-10 13:29","DataTree.java","36108","101927","138035"
"2012-12-19 19:16","DataTree.java","12182","32073","44255"
"2014-04-17 08:47","DataTree.java","19642","55381","75023"
"2014-04-29 02:23","DataTree.java","19648","56093","75741"
"2011-09-15 00:55","DataTree.java","3900","13286","17186"
"2011-09-28 22:17","DataTree.java","4539","14110","18649"
"2018-09-28 23:38","DataTree.java","107586","181231","288817"
"2011-09-17 02:36","DataTree.java","4498","13812","18310"
"2011-10-20 18:48","DataTree.java","5990","13721","19711"
"2019-11-08 17:30","DataTree.java","180510","262519","443029"
"2013-09-05 23:50","DataTree.java","12994","39157","52151"
"2019-01-30 16:28","DataTree.java","180445","233951","414396"
"2019-01-30 17:02","DataTree.java","180445","234495","414940"
"2016-11-24 17:18","DataTree.java","25146","84523","109669"
"2017-09-11 18:55","DataTree.java","27934","86152","114086"
"2011-07-01 00:53","DataTree.java","478","2991","3469"
"2012-02-06 10:39","DataTree.java","7982","18272","26254"
"2011-12-21 21:39","DataTree.java","7390","16812","24202"
"2017-02-05 07:22","DataTree.java","25215","86031","111246"
"2014-07-18 02:19","DataTree.java","20474","63672","84146"
"2019-02-07 11:26","DataTree.java","180446","235173","415619"
"2013-03-07 07:01","DataTree.java","12729","37176","49905"
"2018-09-04 11:54","DataTree.java","107362","175923","283285"
"2018-09-05 22:35","DataTree.java","107364","176181","283545"
"2018-12-20 15:17","DataTree.java","180444","230439","410883"
"2019-09-10 09:53","DataTree.java","180510","257954","438464"
"2019-04-12 19:01","DataTree.java","180511","238713","419224"
"2019-07-31 19:06","DataTree.java","180510","256212","436722"
"2019-09-11 10:27","DataTree.java","180510","258261","438771"
"2013-10-22 12:54","DataTree.java","13406","43638","57044"
"2016-03-23 00:30","DataTree.java","23972","77021","100993"
"2019-08-01 07:31","DataTree.java","180510","257576","438086"
"2014-01-24 07:18","DataTree.java","13549","46729","60278"
"2019-08-17 17:13","DataTree.java","180510","256905","437415"
"2019-09-10 15:21","DataTree.java","180510","257948","438458"
"2015-06-04 19:51","DataTree.java","21205","72710","93915"
"2016-10-07 21:51","DataTree.java","24556","81112","105668"
"2017-06-18 19:23","DataTree.java","27655","85559","113214"
"2019-04-12 12:29","DataTree.java","180511","238282","418793"
"2019-08-03 08:42","DataTree.java","180510","257613","438123"
"2019-08-09 16:15","DataTree.java","180510","258361","438871"
"2016-11-13 20:59","DataTree.java","24577","83386","107963"
"2019-04-29 16:49","DataTree.java","180511","240743","421254"
"2009-01-15 23:57","ServerStats.java","7050","39154","46204"
"2008-12-23 22:29","ServerStats.java","3821","37008","40829"
"2015-07-10 08:19","ServerStats.java","18599","181653","200252"
"2019-04-12 19:01","ServerStats.java","58134","239649","297783"
"2015-02-06 06:17","ServerStats.java","18556","177374","195930"
"2014-07-18 02:19","ServerStats.java","18464","172531","190995"
"2019-01-07 14:39","ServerStats.java","58118","232665","290783"
"2012-02-11 00:34","ServerStats.java","15951","137289","153240"
"2018-09-18 01:00","ServerStats.java","44689","226629","271318"
"2019-08-17 17:13","ServerStats.java","58134","257842","315976"
"2018-07-12 01:33","ServerStats.java","19874","196740","216614"
"2011-12-28 07:07","ServerStats.java","15898","136312","152210"
"2018-06-08 16:52","ServerStats.java","19173","195570","214743"
"2019-04-09 15:35","ClientCnxnSocketNetty.java","214669","236873","451542"
"2018-01-30 21:56","ClientCnxnSocketNetty.java","16057","30550","46607"
"2019-06-03 19:40","ClientCnxnSocketNetty.java","214757","241435","456192"
"2016-05-02 18:15","ClientCnxnSocketNetty.java","6535","12582","19117"
"2015-03-09 19:22","ClientCnxnSocketNetty.java","276","656","932"
"2015-03-17 18:06","ClientCnxnSocketNetty.java","422","1850","2272"
"2019-08-17 17:13","ClientCnxnSocketNetty.java","214757","256104","470861"
"2018-11-22 17:56","ClientCnxnSocketNetty.java","214646","224690","439336"
"2018-12-15 07:34","ClientCnxnSocketNetty.java","214646","228566","443212"
"2019-02-12 15:25","ClientCnxnSocketNetty.java","214649","234821","449470"
"2016-12-30 23:01","ClientCnxnSocketNetty.java","8972","21405","30377"
"2019-10-10 14:37","ClientCnxnSocketNetty.java","214757","259857","474614"
"2011-11-02 22:53","ClientCnxnSocketNIO.java","3160","1800","4960"
"2019-10-10 14:37","ClientCnxnSocketNIO.java","177223","260495","437718"
"2012-10-31 18:24","ClientCnxnSocketNIO.java","7567","12941","20508"
"2014-12-20 15:29","ClientCnxnSocketNIO.java","18611","56783","75394"
"2019-04-09 15:35","ClientCnxnSocketNIO.java","177174","237550","414724"
"2019-08-03 08:42","ClientCnxnSocketNIO.java","177223","257450","434673"
"2014-07-17 22:56","ClientCnxnSocketNIO.java","18012","48872","66884"
"2019-08-17 17:13","ClientCnxnSocketNIO.java","177223","256742","433965"
"2016-05-02 18:15","ClientCnxnSocketNIO.java","23223","67442","90665"
"2018-11-22 17:56","ClientCnxnSocketNIO.java","177162","225378","402540"
"2012-09-09 20:24","ClientCnxnSocketNIO.java","7551","12742","20293"
"2009-01-15 23:57","ConnectionBean.java","7050","39154","46204"
"2015-02-06 06:17","ConnectionBean.java","18556","177374","195930"
"2019-08-17 17:13","ConnectionBean.java","58134","257842","315976"
"2009-02-06 22:19","ConnectionBean.java","7915","53505","61420"
"2010-03-11 04:17","ConnectionBean.java","11375","121396","132771"
"2009-11-12 20:53","ConnectionBean.java","10718","100397","111115"
"2009-11-07 01:48","ConnectionBean.java","10669","99761","110430"
"2019-10-10 14:37","ConnectionBean.java","58134","261595","319729"
"2011-04-12 09:14","ConnectionBean.java","12766","133947","146713"
"2010-08-18 08:24","ConnectionBean.java","12178","142314","154492"
"2019-11-28 12:24","DataTree.java","175565","262908","438473"
"2019-10-10 14:37","DataTree.java","174467","260657","435124"
"2019-12-27 22:33","DataTree.java","175565","266680","442245"
"2015-06-06 03:48","DataTree.java","22315","67272","89587"
"2019-11-11 13:59","DataTree.java","174467","264314","438781"
"2018-07-10 13:29","DataTree.java","38101","97267","135368"
"2012-12-19 19:16","DataTree.java","12525","25763","38288"
"2014-04-17 08:47","DataTree.java","20569","49655","70224"
"2014-04-29 02:23","DataTree.java","20575","50367","70942"
"2011-09-15 00:55","DataTree.java","3364","6097","9461"
"2011-09-28 22:17","DataTree.java","4122","7040","11162"
"2018-09-28 23:38","DataTree.java","112495","179487","291982"
"2011-09-17 02:36","DataTree.java","4081","6742","10823"
"2011-10-20 18:48","DataTree.java","6136","7214","13350"
"2019-11-08 17:30","DataTree.java","174467","262518","436985"
"2013-09-05 23:50","DataTree.java","13879","33389","47268"
"2019-01-30 16:28","DataTree.java","174402","233950","408352"
"2019-01-30 17:02","DataTree.java","174402","234494","408896"
"2016-11-24 17:18","DataTree.java","26345","79069","105414"
"2017-09-11 18:55","DataTree.java","29903","81468","111371"
"2012-02-06 10:39","DataTree.java","8251","11888","20139"
"2011-12-21 21:39","DataTree.java","7598","10367","17965"
"2017-02-05 07:22","DataTree.java","26519","80682","107201"
"2014-07-18 02:19","DataTree.java","21448","57993","79441"
"2019-02-07 11:26","DataTree.java","174403","235172","409575"
"2013-03-07 07:01","DataTree.java","13549","31343","44892"
"2018-09-04 11:54","DataTree.java","112255","174163","286418"
"2018-09-05 22:35","DataTree.java","112272","174436","286708"
"2018-12-20 15:17","DataTree.java","174401","230438","404839"
"2019-09-10 09:53","DataTree.java","174467","257953","432420"
"2019-04-12 19:01","DataTree.java","174468","238712","413180"
"2019-07-31 19:06","DataTree.java","174467","256211","430678"
"2019-09-11 10:27","DataTree.java","174467","258260","432727"
"2013-10-22 12:54","DataTree.java","14294","37873","52167"
"2016-03-23 00:30","DataTree.java","25100","71496","96596"
"2019-08-01 07:31","DataTree.java","174467","257575","432042"
"2014-01-24 07:18","DataTree.java","14443","40970","55413"
"2019-08-17 17:13","DataTree.java","174467","256904","431371"
"2019-09-10 15:21","DataTree.java","174467","257947","432414"
"2015-06-04 19:51","DataTree.java","22308","67160","89468"
"2016-10-07 21:51","DataTree.java","25754","75657","101411"
"2017-06-18 19:23","DataTree.java","28997","80248","109245"
"2019-04-12 12:29","DataTree.java","174468","238281","412749"
"2019-08-03 08:42","DataTree.java","174467","257612","432079"
"2019-08-09 16:15","DataTree.java","174467","258360","432827"
"2016-11-13 20:59","DataTree.java","25773","77929","103702"
"2019-04-29 16:49","DataTree.java","174468","240742","415210"
"2019-08-17 17:13","SyncCommand.java","178872","256502","435374"
"2019-05-23 18:42","SyncCommand.java","178856","241715","420571"
"2017-05-27 00:52","SyncCommand.java","22228","68500","90728"
"2019-12-28 16:17","SyncCommand.java","180182","266397","446579"
"2016-07-27 01:33","SyncCommand.java","17918","61514","79432"
"2019-08-17 17:13","ConnectStringParser.java","187266","256407","443673"
"2018-10-08 14:33","ConnectStringParser.java","167881","232462","400343"
"2019-10-10 14:37","NIOServerCnxnFactory.java","3717","7470","11187"
"2019-11-14 03:54","NIOServerCnxnFactory.java","4021","12030","16051"
"2019-08-17 17:13","ReadOnlyModeTest.java","180329","256906","437235"
"2015-02-06 06:17","ReadOnlyModeTest.java","21004","69128","90132"
"2017-04-18 01:37","ReadOnlyModeTest.java","26967","85534","112501"
"2017-06-08 17:51","ReadOnlyModeTest.java","27756","85691","113447"
"2013-10-09 22:21","ReadOnlyModeTest.java","13554","43371","56925"
"2011-11-01 08:15","ReadOnlyModeTest.java","6917","15060","21977"
"2013-09-18 01:14","ReadOnlyModeTest.java","13192","39722","52914"
"2011-06-23 18:01","ReadOnlyModeTest.java","676","821","1497"
"2011-07-29 10:14","ReadOnlyModeTest.java","1142","8109","9251"
"2019-10-10 14:37","AtomicFileOutputStream.java","3717","7470","11187"
"2019-08-17 17:13","SerializationPerfTest.java","142084","257500","399584"
"2011-04-12 09:14","SerializationPerfTest.java","22852","59741","82593"
"2010-03-31 06:26","SerializationPerfTest.java","14591","40968","55559"
"2011-06-23 18:01","SerializationPerfTest.java","23229","62213","85442"
"2019-10-10 14:37","SerializationPerfTest.java","142084","261253","403337"
"2009-09-16 02:09","SerializationPerfTest.java","1372","3787","5159"
"2015-02-06 06:17","StaticHostProviderTest.java","13574","44612","58186"
"2014-06-27 23:47","StaticHostProviderTest.java","11606","33150","44756"
"2013-11-05 03:02","StaticHostProviderTest.java","4366","17843","22209"
"2014-07-17 22:56","StaticHostProviderTest.java","12499","36019","48518"
"2012-12-20 06:50","StaticHostProviderTest.java","1457","4455","5912"
"2019-08-17 17:13","StaticHostProviderTest.java","184285","256464","440749"
"2018-07-16 05:45","StaticHostProviderTest.java","43278","92819","136097"
"2015-05-10 00:27","StaticHostProviderTest.java","13812","47194","61006"
"2019-06-07 14:13","SessionTest.java","142084","243604","385688"
"2019-08-17 17:13","SessionTest.java","142084","257500","399584"
"2017-09-11 18:55","SessionTest.java","35943","131683","167626"
"2010-11-04 17:01","SessionTest.java","18106","94032","112138"
"2018-09-22 06:48","SessionTest.java","88151","196813","284964"
"2011-10-25 08:09","SessionTest.java","26178","71479","97657"
"2010-08-17 09:24","SessionTest.java","17462","59946","77408"
"2011-04-12 09:14","SessionTest.java","22852","59741","82593"
"2010-03-31 06:26","SessionTest.java","14591","40968","55559"
"2010-08-18 08:24","SessionTest.java","17950","63794","81744"
"2010-10-21 02:44","SessionTest.java","18100","93920","112020"
"2010-08-05 09:09","SessionTest.java","17169","57877","75046"
"2013-12-21 22:05","SessionTest.java","29919","98786","128705"
"2010-03-12 19:26","SessionTest.java","13203","39322","52525"
"2009-08-07 01:23","SessionTest.java","225","1056","1281"
"2019-10-10 14:37","SessionTest.java","142084","261253","403337"
"2015-07-07 07:11","SessionTest.java","32285","121845","154130"
"2019-12-28 16:17","SessionTest.java","142723","266724","409447"
"2009-09-16 02:09","SessionTest.java","1372","3787","5159"
"2010-01-26 03:22","SessionTest.java","5674","22533","28207"
"2015-10-18 19:00","QuorumPeer.java","14891","54442","69333"
"2018-12-20 15:13","QuorumPeer.java","180661","229940","410601"
"2019-05-16 16:25","QuorumPeer.java","180739","241247","421986"
"2018-10-16 16:22","QuorumPeer.java","161556","235662","397218"
"2019-06-14 09:06","QuorumPeer.java","180755","244462","425217"
"2018-12-07 12:41","QuorumPeer.java","180660","226953","407613"
"2019-03-11 19:47","QuorumPeer.java","180680","236387","417067"
"2014-07-18 02:19","QuorumPeer.java","12462","42279","54741"
"2019-02-13 13:12","QuorumPeer.java","180681","235336","416017"
"2019-04-12 19:01","QuorumPeer.java","180739","238255","418994"
"2018-12-09 03:16","QuorumPeer.java","180660","229027","409687"
"2018-09-11 15:23","QuorumPeer.java","107762","164197","271959"
"2019-11-29 14:49","QuorumPeer.java","182067","264333","446400"
"2013-03-07 07:01","QuorumPeer.java","3369","14435","17804"
"2018-12-15 07:34","QuorumPeer.java","180660","228942","409602"
"2018-11-27 10:02","QuorumPeer.java","180660","226703","407363"
"2018-09-18 01:00","QuorumPeer.java","107826","165516","273342"
"2019-06-03 19:40","QuorumPeer.java","180755","241795","422550"
"2019-07-15 14:15","QuorumPeer.java","180755","251883","432638"
"2015-03-17 18:06","QuorumPeer.java","13373","49163","62536"
"2019-07-03 00:44","QuorumPeer.java","180755","244477","425232"
"2019-08-17 17:13","QuorumPeer.java","180755","256464","437219"
"2015-06-27 02:03","QuorumPeer.java","13768","52247","66015"
"2017-11-28 00:10","QuorumPeer.java","23902","72596","96498"
"2014-01-21 04:50","QuorumPeer.java","4625","22841","27466"
"2014-06-04 22:07","QuorumPeer.java","11624","35641","47265"
"2018-01-30 08:02","QuorumPeer.java","24251","73098","97349"
"2019-05-15 11:56","QuorumPeer.java","180739","241202","421941"
"2019-06-05 00:33","QuorumPeer.java","180755","242185","422940"
"2019-05-20 23:13","QuorumPeer.java","180739","241320","422059"
"2019-06-04 10:55","QuorumPeer.java","180755","241948","422703"
"2019-07-12 17:01","QuorumPeer.java","180755","251777","432532"
"2020-01-09 11:27","QuorumPeer.java","182067","265879","447946"
"2017-02-09 11:40","QuorumPeer.java","19692","67162","86854"
"2017-07-06 18:48","QuorumPeer.java","22912","68068","90980"
"2018-10-01 06:11","QuorumPeer.java","107990","168259","276249"
"2015-04-09 20:16","QuorumPeer.java","13403","50256","63659"
"2013-10-07 21:08","QuorumPeer.java","4108","17990","22098"
"2013-09-30 22:20","QuorumPeer.java","3922","17373","21295"
"2018-07-04 17:11","QuorumPeer.java","32400","84808","117208"
"2019-12-17 13:48","QuorumPeer.java","182067","264905","446972"
"2015-12-07 05:59","QuorumPeer.java","15143","55452","70595"
"2020-01-23 13:43","QuorumPeer.java","182067","267703","449770"
"2016-06-23 23:45","QuorumPeer.java","18025","59404","77429"
"2016-06-23 23:25","QuorumPeer.java","18026","59297","77323"
"2014-03-23 04:12","QuorumPeer.java","4932","25368","30300"
"2013-09-26 00:13","QuorumPeer.java","3903","17110","21013"
"2014-07-18 20:48","QuorumPeer.java","12511","42787","55298"
"2014-07-04 04:19","QuorumPeer.java","11760","37420","49180"
"2018-12-06 10:56","QuorumPeer.java","180660","226897","407557"
"2014-06-25 15:04","QuorumPeer.java","11642","36156","47798"
"2014-03-28 01:58","QuorumPeer.java","4946","25800","30746"
"2013-10-21 23:36","QuorumPeer.java","4369","20993","25362"
"2019-10-10 14:37","QuorumPeer.java","180755","260217","440972"
"2013-11-07 06:41","QuorumPeer.java","4450","21505","25955"
"2017-07-27 23:09","QuorumPeer.java","23362","67532","90894"
"2014-05-18 05:49","QuorumPeer.java","11599","35127","46726"
"2014-03-25 22:13","QuorumPeer.java","4942","25614","30556"
"2018-06-26 11:18","QuorumPeer.java","24592","76982","101574"
"2018-07-27 12:32","QuorumPeer.java","42747","96355","139102"
"2019-04-18 19:17","QuorumPeer.java","180739","238965","419704"
"2013-10-09 22:21","QuorumPeer.java","4356","20617","24973"
"2016-12-20 14:47","QuorumPeer.java","19550","65885","85435"
"2017-05-11 16:59","QuorumPeer.java","22665","66954","89619"
"2014-07-03 06:01","QuorumPeer.java","11671","36909","48580"
"2014-08-14 08:08","QuorumPeer.java","12875","44012","56887"
"2014-08-01 07:38","QuorumPeer.java","12830","43546","56376"
"2014-07-20 04:50","QuorumPeer.java","12543","42881","55424"
"2016-06-02 00:59","QuorumPeer.java","18005","58907","76912"
"2020-02-16 10:25","QuorumPeer.java","182067","268416","450483"
"2015-02-06 06:17","StaticHostProviderTest.java","15431","53633","69064"
"2012-11-17 15:03","StaticHostProviderTest.java","3779","10943","14722"
"2014-06-27 23:47","StaticHostProviderTest.java","14258","42966","57224"
"2013-11-05 03:02","StaticHostProviderTest.java","7371","28012","35383"
"2014-07-17 22:56","StaticHostProviderTest.java","14730","45414","60144"
"2012-12-20 06:50","StaticHostProviderTest.java","5155","15317","20472"
"2019-08-17 17:13","StaticHostProviderTest.java","177307","256650","433957"
"2018-07-16 05:45","StaticHostProviderTest.java","44238","100943","145181"
"2015-05-10 00:27","StaticHostProviderTest.java","15644","56190","71834"
"2010-08-17 09:24","GetTest.java","1868","19284","21152"
"2011-04-12 09:14","GetTest.java","15498","27319","42817"
"2015-07-07 07:11","GetTest.java","33962","99820","133782"
"2009-06-25 00:59","ClientBase.java","9218","92291","101509"
"2008-11-19 11:20","ClientBase.java","3254","34850","38104"
"2012-08-28 21:51","ClientBase.java","16107","141431","157538"
"2017-06-08 17:51","ClientBase.java","19109","187738","206847"
"2012-07-17 23:19","ClientBase.java","16108","140358","156466"
"2017-04-18 01:37","ClientBase.java","18996","188257","207253"
"2008-10-21 06:26","ClientBase.java","2443","28517","30960"
"2010-03-16 22:23","ClientBase.java","11392","121839","133231"
"2018-09-07 02:49","ClientBase.java","44651","224350","269001"
"2019-07-31 19:06","ClientBase.java","58134","257149","315283"
"2012-02-06 09:47","ClientBase.java","15913","137042","152955"
"2015-02-06 06:17","ClientBase.java","18556","177374","195930"
"2017-09-11 18:55","ClientBase.java","19155","188242","207397"
"2009-07-17 00:09","ClientBase.java","9288","93580","102868"
"2009-06-30 03:32","ClientBase.java","9235","93091","102326"
"2019-08-17 17:13","ClientBase.java","58134","257842","315976"
"2009-06-18 18:37","ClientBase.java","8997","85198","94195"
"2015-03-28 20:08","ClientBase.java","18565","179594","198159"
"2019-06-07 14:13","ClientBase.java","58134","243946","302080"
"2018-04-24 00:20","ClientBase.java","19146","194009","213155"
"2018-08-08 06:21","ClientBase.java","28516","207350","235866"
"2018-05-09 23:57","ClientBase.java","19173","194821","213994"
"2009-06-09 07:04","ClientBase.java","8878","82834","91712"
"2019-06-24 11:05","ClientBase.java","58134","245175","303309"
"2012-12-11 08:42","ClientBase.java","16301","144958","161259"
"2017-01-13 19:29","ClientBase.java","18915","190342","209257"
"2010-01-25 04:28","ClientBase.java","11248","111851","123099"
"2010-03-09 05:44","ClientBase.java","11322","121003","132325"
"2016-06-23 23:25","ClientBase.java","18658","184179","202837"
"2014-01-03 01:40","ClientBase.java","17036","159390","176426"
"2014-01-25 01:17","ClientBase.java","17026","161186","178212"
"2009-11-20 23:28","ClientBase.java","10790","107779","118569"
"2009-11-25 20:06","ClientBase.java","10794","107816","118610"
"2009-11-12 20:53","ClientBase.java","10718","100397","111115"
"2009-08-25 07:45","ClientBase.java","9356","95557","104913"
"2009-09-16 02:09","ClientBase.java","9687","96394","106081"
"2019-11-14 16:44","ClientBase.java","58134","265869","324003"
"2019-10-10 14:37","ClientBase.java","58134","261595","319729"
"2012-03-15 17:47","ClientBase.java","15959","138331","154290"
"2010-09-15 07:51","ClientBase.java","12179","170485","182664"
"2012-01-14 00:28","ClientBase.java","15898","136511","152409"
"2011-04-12 09:14","ClientBase.java","12766","133947","146713"
"2011-11-05 07:29","ClientBase.java","15863","135056","150919"
"2016-08-24 01:36","ClientBase.java","18716","184808","203524"
"2011-09-17 02:13","ClientBase.java","15699","135910","151609"
"2010-07-05 20:20","ClientBase.java","11817","133333","145150"
"2010-03-31 06:26","ClientBase.java","11756","122425","134181"
"2010-08-18 08:24","ClientBase.java","12178","142314","154492"
"2008-10-22 01:49","ClientBase.java","2474","28958","31432"
"2008-09-26 20:09","ClientBase.java","575","14219","14794"
"2009-05-14 22:15","ClientBase.java","8602","80388","88990"
"2015-03-08 23:07","ClientBase.java","18565","177557","196122"
"2018-10-05 14:25","QuorumPeerMainTest.java","199061","206577","405638"
"2020-01-23 13:43","QuorumPeerMainTest.java","234002","266030","500032"
"2019-10-10 14:37","QuorumPeerMainTest.java","232063","257917","489980"
"2019-12-28 16:17","QuorumPeerMainTest.java","234001","264687","498688"
"2019-07-25 21:41","QuorumPeerMainTest.java","232062","250646","482708"
"2019-08-17 17:13","QuorumPeerMainTest.java","232062","254163","486225"
"2019-07-02 07:34","QuorumPeerMainTest.java","232061","242105","474166"
"2019-05-20 17:18","QuorumPeerMainTest.java","232044","238936","470980"
"2018-10-16 16:22","QuorumPeerMainTest.java","199067","219565","418632"
"2018-08-29 06:26","QuorumPeerMainTest.java","83051","84563","167614"
"2018-08-03 18:52","QuorumPeerMainTest.java","175","681","856"
"2018-09-11 15:23","QuorumPeerMainTest.java","88779","91606","180385"
"2020-05-05 09:18","JettyAdminServer.java","15611","29373","44984"
"2019-10-10 14:37","JettyAdminServer.java","3717","7470","11187"
"2019-12-27 22:33","FileTxnSnapLog.java","6378","11303","17681"
"2019-12-13 08:51","FileTxnSnapLog.java","6172","9134","15306"
"2020-01-23 16:46","FileTxnSnapLog.java","8209","14383","22592"
"2020-01-28 17:26","FileTxnSnapLog.java","8292","14937","23229"
"2020-01-30 09:43","FileTxnSnapLog.java","8319","15040","23359"
"2019-11-28 12:24","ZooKeeperServerMain.java","5527","3023","8550"
"2019-11-25 15:37","ZooKeeperServerMain.java","5486","2884","8370"
"2019-05-16 16:25","QuorumPeer.java","1197","5998","7195"
"2019-06-14 09:06","QuorumPeer.java","2264","10264","12528"
"2019-04-12 19:01","QuorumPeer.java","699","2508","3207"
"2019-11-29 14:49","QuorumPeer.java","37805","64364","102169"
"2019-06-03 19:40","QuorumPeer.java","1462","6795","8257"
"2019-07-15 14:15","QuorumPeer.java","6077","21498","27575"
"2019-07-03 00:44","QuorumPeer.java","5051","13066","18117"
"2019-08-17 17:13","QuorumPeer.java","30065","50067","80132"
"2019-05-15 11:56","QuorumPeer.java","1174","5930","7104"
"2019-06-05 00:33","QuorumPeer.java","1671","7394","9065"
"2019-05-20 23:13","QuorumPeer.java","1252","6126","7378"
"2019-06-04 10:55","QuorumPeer.java","1604","7090","8694"
"2019-07-12 17:01","QuorumPeer.java","6077","21392","27469"
"2020-01-09 11:27","QuorumPeer.java","38848","66953","105801"
"2019-12-17 13:48","QuorumPeer.java","37829","64960","102789"
"2020-01-23 13:43","QuorumPeer.java","39230","69159","108389"
"2019-10-10 14:37","QuorumPeer.java","32152","55907","88059"
"2019-04-18 19:17","QuorumPeer.java","721","3240","3961"
"2020-02-16 10:25","QuorumPeer.java","39362","70004","109366"
"2016-05-02 18:15","ClientCnxn.java","5914","9411","15325"
"2019-08-17 17:13","ClientCnxn.java","217277","256074","473351"
"2017-12-19 19:27","ClientCnxn.java","15613","27439","43052"
"2019-01-31 15:50","ClientCnxn.java","217166","233630","450796"
"2019-04-09 15:35","ClientCnxn.java","217187","236841","454028"
"2019-11-08 17:30","ClientCnxn.java","217306","261717","479023"
"2017-06-08 17:59","ClientCnxn.java","12837","20373","33210"
"2019-01-16 14:21","ClientCnxn.java","217166","231943","449109"
"2019-01-07 14:24","ClientCnxn.java","217165","230792","447957"
"2019-03-06 03:32","ClientCnxn.java","217185","235767","452952"
"2019-02-07 11:26","ClientCnxn.java","217167","234296","451463"
"2018-11-05 19:40","ClientCnxn.java","196336","233619","429955"
"2020-05-17 15:13","ClientCnxn.java","218761","271503","490264"
"2018-06-25 12:30","ClientCnxn.java","16172","31524","47696"
"2020-03-03 03:12","ClientCnxn.java","218733","269265","487998"
"2018-09-10 11:44","ClientCnxn.java","112341","130878","243219"
"2015-06-13 02:42","ClientCnxn.java","1001","2463","3464"
"2015-11-09 00:05","ClientCnxn.java","2402","5356","7758"
"2015-12-06 19:58","ClientCnxn.java","2529","5788","8317"
"2020-01-21 17:53","ClientCnxn.java","218733","265526","484259"
"2015-12-05 22:43","ClientCnxn.java","2529","5785","8314"
"2015-12-05 22:32","ClientCnxn.java","2527","5778","8305"
"2019-10-10 14:37","ClientCnxn.java","217277","259827","477104"
"2019-11-21 05:58","ClientCnxn.java","218731","260695","479426"
"2020-04-16 12:50","ClientCnxn.java","218733","271104","489837"
"2018-07-27 05:16","ClientCnxn.java","35805","52309","88114"
"2019-11-08 17:30","Request.java","29356","46194","75550"
"2019-08-06 17:11","Request.java","3299","15624","18923"
"2019-08-01 07:28","Request.java","2862","14267","17129"
"2019-08-17 17:13","Request.java","26739","37963","64702"
"2020-03-25 03:38","Request.java","36792","60801","97593"
"2019-09-20 10:06","Request.java","28647","42734","71381"
"2019-09-16 23:26","Request.java","28333","42576","70909"
"2019-12-27 22:33","Request.java","35120","55022","90142"
"2019-11-11 13:59","Request.java","29388","48022","77410"
"2020-05-05 21:20","Request.java","40315","65355","105670"
"2015-10-18 19:00","QuorumPeer.java","16645","59053","75698"
"2018-12-20 15:13","QuorumPeer.java","178002","230138","408140"
"2019-05-16 16:25","QuorumPeer.java","178080","241445","419525"
"2018-10-16 16:22","QuorumPeer.java","158897","235860","394757"
"2019-06-14 09:06","QuorumPeer.java","178080","244644","422724"
"2018-12-07 12:41","QuorumPeer.java","178001","227151","405152"
"2012-04-23 01:20","QuorumPeer.java","2604","4689","7293"
"2012-07-17 23:19","QuorumPeer.java","2671","5528","8199"
"2019-03-11 19:47","QuorumPeer.java","178021","236585","414606"
"2014-07-18 02:19","QuorumPeer.java","14575","47249","61824"
"2019-02-13 13:12","QuorumPeer.java","178022","235534","413556"
"2019-04-12 19:01","QuorumPeer.java","178080","238453","416533"
"2018-12-09 03:16","QuorumPeer.java","178001","229225","407226"
"2018-09-11 15:23","QuorumPeer.java","109031","168323","277354"
"2019-11-29 14:49","QuorumPeer.java","179390","264513","443903"
"2013-03-07 07:01","QuorumPeer.java","5945","19868","25813"
"2018-12-15 07:34","QuorumPeer.java","178001","229140","407141"
"2018-11-27 10:02","QuorumPeer.java","178001","226901","404902"
"2018-09-18 01:00","QuorumPeer.java","109093","169640","278733"
"2019-06-03 19:40","QuorumPeer.java","178080","241977","420057"
"2019-07-15 14:15","QuorumPeer.java","178080","252065","430145"
"2015-03-17 18:06","QuorumPeer.java","15200","53847","69047"
"2019-07-03 00:44","QuorumPeer.java","178080","244659","422739"
"2019-08-17 17:13","QuorumPeer.java","178080","256646","434726"
"2015-06-27 02:03","QuorumPeer.java","15553","56889","72442"
"2017-11-28 00:10","QuorumPeer.java","25301","76852","102153"
"2014-01-21 04:50","QuorumPeer.java","7112","28185","35297"
"2014-06-04 22:07","QuorumPeer.java","13827","40701","54528"
"2018-01-30 08:02","QuorumPeer.java","25634","77338","102972"
"2019-05-15 11:56","QuorumPeer.java","178080","241400","419480"
"2019-06-05 00:33","QuorumPeer.java","178080","242367","420447"
"2019-05-20 23:13","QuorumPeer.java","178080","241518","419598"
"2019-06-04 10:55","QuorumPeer.java","178080","242130","420210"
"2019-07-12 17:01","QuorumPeer.java","178080","251959","430039"
"2020-01-09 11:27","QuorumPeer.java","179390","266059","445449"
"2017-02-09 11:40","QuorumPeer.java","21218","71545","92763"
"2017-07-06 18:48","QuorumPeer.java","24320","72333","96653"
"2018-10-01 06:11","QuorumPeer.java","109256","172382","281638"
"2015-04-09 20:16","QuorumPeer.java","15228","54938","70166"
"2013-10-07 21:08","QuorumPeer.java","6644","23383","30027"
"2013-09-30 22:20","QuorumPeer.java","6461","22769","29230"
"2018-07-04 17:11","QuorumPeer.java","33717","88982","122699"
"2019-12-17 13:48","QuorumPeer.java","179390","265085","444475"
"2015-12-07 05:59","QuorumPeer.java","16888","60054","76942"
"2020-01-23 13:43","QuorumPeer.java","179390","267883","447273"
"2016-06-23 23:45","QuorumPeer.java","19755","63991","83746"
"2016-06-23 23:25","QuorumPeer.java","19756","63884","83640"
"2014-03-23 04:12","QuorumPeer.java","7405","30698","38103"
"2013-09-26 00:13","QuorumPeer.java","6434","22498","28932"
"2014-07-18 20:48","QuorumPeer.java","14611","47744","62355"
"2014-07-04 04:19","QuorumPeer.java","13874","42391","56265"
"2018-12-06 10:56","QuorumPeer.java","178001","227095","405096"
"2014-06-25 15:04","QuorumPeer.java","13837","41208","55045"
"2014-03-28 01:58","QuorumPeer.java","7420","31131","38551"
"2013-10-21 23:36","QuorumPeer.java","6890","26371","33261"
"2019-10-10 14:37","QuorumPeer.java","178080","260399","438479"
"2013-11-07 06:41","QuorumPeer.java","6963","26875","33838"
"2017-07-27 23:09","QuorumPeer.java","24769","71796","96565"
"2014-05-18 05:49","QuorumPeer.java","13803","40188","53991"
"2014-03-25 22:13","QuorumPeer.java","7417","30946","38363"
"2018-06-26 11:18","QuorumPeer.java","25967","81214","107181"
"2018-07-27 12:32","QuorumPeer.java","44059","100524","144583"
"2019-04-18 19:17","QuorumPeer.java","178080","239163","417243"
"2013-10-09 22:21","QuorumPeer.java","6880","25998","32878"
"2016-12-20 14:47","QuorumPeer.java","21103","70295","91398"
"2017-05-11 16:59","QuorumPeer.java","24084","71230","95314"
"2014-07-03 06:01","QuorumPeer.java","13866","41961","55827"
"2014-08-14 08:08","QuorumPeer.java","14744","48738","63482"
"2014-08-01 07:38","QuorumPeer.java","14743","48316","63059"
"2014-07-20 04:50","QuorumPeer.java","14643","47838","62481"
"2016-06-02 00:59","QuorumPeer.java","19734","63493","83227"
"2020-02-16 10:25","QuorumPeer.java","179390","268596","447986"
"2014-01-24 07:18","KeeperException.java","1907","10640","12547"
"2019-08-17 17:13","KeeperException.java","191763","256406","448169"
"2014-04-30 04:30","KeeperException.java","9397","21409","30806"
"2019-07-24 18:00","KeeperException.java","191763","252861","444624"
"2016-11-13 20:59","KeeperException.java","18536","52898","71434"
"2017-07-28 00:36","KeeperException.java","23881","57089","80970"
"2020-03-25 03:38","KeeperException.java","193109","270537","463646"
"2018-07-27 05:16","KeeperException.java","43447","85797","129244"
"2013-10-09 22:21","KeeperException.java","1523","6718","8241"
"2019-08-17 17:13","SaslAuthFailTest.java","36356","67663","104019"
"2019-10-10 14:37","SaslAuthFailTest.java","38330","73390","111720"
"2019-07-15 14:15","QuorumZooKeeperServer.java","5050","15715","20765"
"2019-06-26 10:57","QuorumZooKeeperServer.java","3829","6925","10754"
"2019-08-17 17:13","QuorumZooKeeperServer.java","29711","44957","74668"
"2019-06-04 10:55","QuorumZooKeeperServer.java","554","1284","1838"
"2019-11-29 14:49","QuorumZooKeeperServer.java","37854","59657","97511"
"2020-03-25 03:38","QuorumZooKeeperServer.java","39633","67664","107297"
"2019-10-10 14:37","QuorumZooKeeperServer.java","32094","51093","83187"
"2010-03-11 04:17","NIOServerCnxn.java","10824","31753","42577"
"2011-05-03 23:29","NIOServerCnxn.java","21366","53799","75165"
"2009-12-03 23:30","NIOServerCnxn.java","1676","9632","11308"
"2010-01-26 01:17","NIOServerCnxn.java","3183","15103","18286"
"2009-11-12 20:53","NIOServerCnxn.java","173","760","933"
"2019-11-21 05:58","NIOServerCnxn.java","147510","261293","408803"
"2015-11-08 22:36","NIOServerCnxn.java","31652","117675","149327"
"2019-11-18 09:05","NIOServerCnxn.java","147510","261270","408780"
"2013-09-10 00:37","NIOServerCnxn.java","28695","87778","116473"
"2019-09-16 23:26","NIOServerCnxn.java","146571","260206","406777"
"2019-10-10 14:37","NIOServerCnxn.java","146571","260940","407511"
"2013-10-05 00:57","NIOServerCnxn.java","28835","88672","117507"
"2018-09-28 23:38","NIOServerCnxn.java","89338","195838","285176"
"2010-08-18 08:24","NIOServerCnxn.java","16189","57233","73422"
"2010-05-04 23:45","NIOServerCnxn.java","14972","36302","51274"
"2010-03-09 03:00","NIOServerCnxn.java","10671","30980","41651"
"2020-02-11 06:50","NIOServerCnxn.java","147510","268645","416155"
"2019-01-23 14:00","NIOServerCnxn.java","146521","233864","380385"
"2019-07-08 23:26","NIOServerCnxn.java","146571","245963","392534"
"2019-04-12 19:01","NIOServerCnxn.java","146571","238994","385565"
"2019-01-14 19:38","NIOServerCnxn.java","146521","232429","378950"
"2018-11-17 18:33","NIOServerCnxn.java","146521","225212","371733"
"2017-03-04 19:22","NIOServerCnxn.java","34906","125828","160734"
"2011-08-19 00:05","NIOServerCnxn.java","20307","62460","82767"
"2013-12-11 19:22","NIOServerCnxn.java","29037","92928","121965"
"2012-02-11 00:34","NIOServerCnxn.java","25443","68767","94210"
"2016-12-22 23:23","NIOServerCnxn.java","33938","126850","160788"
"2018-09-18 01:00","NIOServerCnxn.java","89241","193167","282408"
"2019-08-17 17:13","NIOServerCnxn.java","146571","257187","403758"
"2015-06-28 21:09","NIOServerCnxn.java","31559","116274","147833"
"2015-03-28 20:08","NIOServerCnxn.java","31341","114356","145697"
"2019-07-03 00:44","NIOServerCnxn.java","146571","245200","391771"
"2019-08-03 08:42","NIOServerCnxn.java","146571","257895","404466"
"2016-11-16 06:21","NIOServerCnxn.java","33706","125917","159623"
"2012-12-19 19:07","NIOServerCnxn.java","28069","79934","108003"
"2018-07-10 13:29","QuorumPeerInstance.java","24981","46264","71245"
"2018-12-20 07:24","QuorumPeerInstance.java","211482","229536","441018"
"2015-12-06 21:30","QuorumPeerInstance.java","3452","12505","15957"
"2019-07-12 17:01","QuorumPeerInstance.java","211592","251459","463051"
"2014-11-29 16:53","QuorumPeerInstance.java","315","2936","3251"
"2015-05-10 00:27","QuorumPeerInstance.java","1195","6952","8147"
"2017-09-11 18:55","QuorumPeerInstance.java","15311","28993","44304"
"2019-04-12 19:01","ZooKeeperServer.java","724","3008","3732"
"2019-07-31 19:06","ZooKeeperServer.java","7881","27665","35546"
"2019-09-11 10:27","ZooKeeperServer.java","31305","53138","84443"
"2019-07-08 23:26","ZooKeeperServer.java","5140","14393","19533"
"2019-05-14 17:11","ZooKeeperServer.java","1126","6270","7396"
"2019-06-04 10:55","ZooKeeperServer.java","1629","7590","9219"
"2019-04-09 15:35","ZooKeeperServer.java","363","1697","2060"
"2019-08-03 08:42","ZooKeeperServer.java","8229","29414","37643"
"2019-05-15 11:56","ZooKeeperServer.java","1199","6430","7629"
"2019-05-22 11:39","ZooKeeperServer.java","1284","6961","8245"
"2019-04-22 19:15","ZooKeeperServer.java","746","4005","4751"
"2019-09-10 04:26","ZooKeeperServer.java","31263","52785","84048"
"2019-08-17 17:13","ZooKeeperServer.java","30021","50498","80519"
"2019-09-05 23:12","ZooKeeperServer.java","31229","52625","83854"
"2019-09-10 15:21","ZooKeeperServer.java","31273","52793","84066"
"2019-08-01 07:31","ZooKeeperServer.java","7960","29108","37068"
"2019-08-01 07:28","ZooKeeperServer.java","7888","28546","36434"
"2019-06-03 19:40","ZooKeeperServer.java","1487","7295","8782"
"2019-11-23 17:08","ZooKeeperServer.java","37407","62585","99992"
"2019-10-09 16:49","ZooKeeperServer.java","31637","55700","87337"
"2019-07-03 00:44","ZooKeeperServer.java","5072","13562","18634"
"2019-07-24 18:00","ZooKeeperServer.java","6460","23392","29852"
"2019-12-27 22:33","ZooKeeperServer.java","37859","67014","104873"
"2019-11-18 09:05","ZooKeeperServer.java","37223","60844","98067"
"2019-10-10 14:37","ZooKeeperServer.java","32103","56333","88436"
"2019-09-16 23:26","ZooKeeperServer.java","31305","54801","86106"
"2019-12-03 10:01","ZooKeeperServer.java","37735","64815","102550"
"2020-03-25 03:38","ZooKeeperServer.java","39450","72712","112162"
"2019-11-28 12:24","ZooKeeperServer.java","37462","62845","100307"
"2019-11-06 15:21","ZooKeeperServer.java","32239","56685","88924"
"2020-04-12 11:14","ZooKeeperServer.java","40039","74054","114093"
"2019-04-18 19:17","ZooKeeperServer.java","746","3740","4486"
"2019-09-30 22:26","ZKClientConfig.java","70832","75711","146543"
"2019-08-17 17:13","ZKClientConfig.java","69297","70811","140108"
"2019-11-22 23:42","ZKClientConfig.java","76394","82405","158799"
"2019-11-04 02:01","ZKClientConfig.java","71338","76762","148100"
"2019-08-17 17:13","FollowerRequestProcessor.java","36481","63823","100304"
"2019-08-01 07:31","FollowerRequestProcessor.java","15293","43306","58599"
"2020-03-25 03:38","FollowerRequestProcessor.java","45366","85493","130859"
"2019-10-10 14:37","FollowerRequestProcessor.java","38466","69561","108027"
"2020-05-05 21:20","FollowerRequestProcessor.java","48730","89888","138618"
"2019-10-10 14:37","JMXEnv.java","200493","260045","460538"
"2019-12-27 22:33","JMXEnv.java","201910","266387","468297"
"2015-11-03 08:11","JMXEnv.java","12827","32506","45333"
"2019-01-14 19:38","JMXEnv.java","200386","231477","431863"
"2014-06-04 22:07","JMXEnv.java","8024","12131","20155"
"2019-08-17 17:13","JMXEnv.java","200493","256292","456785"
"2019-06-03 19:40","JMXEnv.java","200493","241623","442116"
"2020-05-17 15:13","TestableZooKeeper.java","16388","30333","46721"
"2019-08-17 17:13","Leader.java","29327","43606","72933"
"2019-06-29 00:33","Leader.java","3273","5539","8812"
"2019-07-15 14:15","Leader.java","4440","14138","18578"
"2019-07-25 21:41","Leader.java","5363","16125","21488"
"2019-08-03 08:42","Leader.java","6652","21639","28291"
"2019-11-29 14:49","Leader.java","37503","58339","95842"
"2020-03-25 03:38","Leader.java","39287","66351","105638"
"2019-12-27 22:33","Leader.java","37651","60608","98259"
"2019-10-10 14:37","Leader.java","31734","49766","81500"
"2009-05-20 22:16","Leader.java","2958","29243","32201"
"2019-08-17 17:13","Leader.java","103705","257683","361388"
"2019-06-29 00:33","Leader.java","103705","245670","349375"
"2019-06-03 19:40","Leader.java","103705","243014","346719"
"2014-05-20 23:42","Leader.java","23736","134643","158379"
"2019-07-15 14:15","Leader.java","103705","253102","356807"
"2015-03-17 18:06","Leader.java","24132","147276","171408"
"2019-07-25 21:41","Leader.java","103705","254166","357871"
"2018-05-10 06:00","Leader.java","27295","166332","193627"
"2018-07-12 01:33","Leader.java","34006","173976","207982"
"2009-11-18 20:06","Leader.java","8453","59433","67886"
"2018-02-07 01:05","Leader.java","27239","164142","191381"
"2017-11-28 00:10","Leader.java","27183","163231","190414"
"2019-06-05 00:33","Leader.java","103705","243404","347109"
"2015-04-10 22:22","Leader.java","24135","148347","172482"
"2011-06-14 07:14","Leader.java","17801","95202","113003"
"2019-08-03 08:42","Leader.java","103705","258391","362096"
"2019-06-05 23:57","Leader.java","103705","243673","347378"
"2012-12-08 00:38","Leader.java","21275","113062","134337"
"2013-10-07 21:08","Leader.java","22143","123379","145522"
"2012-12-31 02:38","Leader.java","21692","115600","137292"
"2017-01-13 19:29","Leader.java","26243","160774","187017"
"2012-07-05 18:01","Leader.java","21103","107964","129067"
"2019-01-07 14:55","Leader.java","103678","232547","336225"
"2019-04-12 19:01","Leader.java","103706","239491","343197"
"2018-12-09 03:16","Leader.java","103678","230314","333992"
"2018-08-17 14:40","Leader.java","43143","185409","228552"
"2019-11-29 14:49","Leader.java","104163","264698","368861"
"2013-03-07 07:01","Leader.java","22006","120426","142432"
"2018-11-27 10:02","Leader.java","103678","227990","331668"
"2015-02-06 06:17","Leader.java","24108","146030","170138"
"2012-02-27 03:41","Leader.java","20891","105388","126279"
"2017-02-15 23:04","Leader.java","26786","158361","185147"
"2014-07-18 02:19","Leader.java","23939","141110","165049"
"2012-01-04 01:15","Leader.java","20666","104285","124951"
"2011-12-28 01:26","Leader.java","20664","104130","124794"
"2018-08-29 06:26","Leader.java","56431","198905","255336"
"2018-08-03 18:52","Leader.java","34018","175486","209504"
"2011-04-29 18:12","Leader.java","17763","93549","111312"
"2013-05-14 14:27","Leader.java","22020","120565","142585"
"2012-02-06 09:40","Leader.java","20699","104955","125654"
"2017-09-11 18:55","Leader.java","27151","159342","186493"
"2018-09-18 01:00","Leader.java","60793","205837","266630"
"2011-10-20 20:02","Leader.java","20354","102052","122406"
"2012-01-14 00:28","Leader.java","20670","104387","125057"
"2012-01-06 02:32","Leader.java","20666","104286","124952"
"2012-03-15 17:47","Leader.java","20903","106379","127282"
"2011-04-12 09:14","Leader.java","17738","93189","110927"
"2010-07-23 06:22","Leader.java","13752","92258","106010"
"2011-09-22 07:42","Leader.java","18841","102331","121172"
"2010-08-18 08:24","Leader.java","14144","98550","112694"
"2016-12-20 14:47","Leader.java","26240","159929","186169"
"2009-04-24 20:26","Leader.java","2215","12480","14695"
"2014-07-20 04:50","Leader.java","23952","141644","165596"
"2014-06-10 00:19","Leader.java","23740","135581","159321"
"2016-06-23 23:25","Leader.java","25742","154367","180109"
"2016-06-23 23:45","Leader.java","25742","154475","180217"
"2020-03-25 03:38","Leader.java","104163","270926","375089"
"2014-03-23 04:12","Leader.java","22359","130149","152508"
"2009-10-30 17:19","Leader.java","7685","49792","57477"
"2019-12-27 22:33","Leader.java","104163","266819","370982"
"2009-08-27 20:07","Leader.java","6119","46593","52712"
"2009-08-25 07:45","Leader.java","6115","46586","52701"
"2016-08-13 15:01","Leader.java","25948","155376","181324"
"2013-10-21 23:36","Leader.java","22194","126172","148366"
"2019-10-10 14:37","Leader.java","103705","261436","365141"
"2013-11-07 06:41","Leader.java","22221","126630","148851"
"2019-11-08 17:30","ZooKeeper.java","32424","59706","92130"
"2019-08-17 17:13","ZooKeeper.java","30201","51869","82070"
"2019-06-26 10:57","ZooKeeper.java","5188","14706","19894"
"2019-06-03 19:40","ZooKeeper.java","1782","8781","10563"
"2019-08-03 08:42","ZooKeeper.java","8510","30886","39396"
"2020-04-16 12:50","ZooKeeper.java","39988","75230","115218"
"2019-10-10 14:37","ZooKeeper.java","32270","57691","89961"
"2019-02-11 12:34","ZooKeeper.java","172","535","707"
"2020-05-17 15:13","ZooKeeper.java","43225","78838","122063"
"2019-03-12 19:08","ZooKeeper.java","514","2305","2819"
"2018-09-05 16:15","EphemeralNodeDeletionTest.java","101091","107593","208684"
"2019-08-17 17:13","EphemeralNodeDeletionTest.java","228064","255079","483143"
"2020-04-07 09:07","FastLeaderElection.java","10544","20165","30709"
"2019-04-12 19:01","WatchManager.java","90103","239514","329617"
"2014-07-18 02:19","WatchManager.java","16981","146940","163921"
"2017-09-11 18:55","WatchManager.java","20001","164980","184981"
"2019-03-05 00:04","WatchManager.java","90081","237393","327474"
"2019-11-08 17:30","WatchManager.java","90102","263320","353422"
"2009-06-15 22:52","WatchManager.java","4623","47649","52272"
"2014-01-24 07:18","WatchManager.java","15381","135322","150703"
"2019-08-17 17:13","WatchManager.java","90102","257706","347808"
"2010-01-26 01:17","WatchManager.java","8525","77433","85958"
"2018-09-28 23:38","WatchManager.java","53006","213412","266418"
"2010-07-05 20:20","WatchManager.java","9622","99034","108656"
"2011-07-25 23:31","WatchManager.java","9505","102777","112282"
"2014-04-29 02:23","WatchManager.java","16750","139956","156706"
"2014-04-17 08:47","WatchManager.java","16748","139248","155996"
"2011-04-12 09:14","WatchManager.java","10971","100048","111019"
"2019-07-02 07:34","Follower.java","12410","27695","40105"
"2019-04-12 19:01","Follower.java","8489","17638","26127"
"2019-08-17 17:13","Follower.java","36481","63823","100304"
"2019-06-29 00:33","Follower.java","12343","27672","40015"
"2019-08-06 17:11","Follower.java","15570","44013","59583"
"2019-07-15 14:15","Follower.java","13464","36225","49689"
"2019-08-23 19:43","Follower.java","36478","64486","100964"
"2019-06-05 00:33","Follower.java","9326","22389","31715"
"2019-05-03 00:44","Follower.java","8632","19971","28603"
"2019-12-27 22:33","Follower.java","43998","80018","124016"
"2019-10-10 14:37","Follower.java","38466","69561","108027"
"2019-01-23 14:00","NettyServerCnxn.java","151731","148722","300453"
"2019-02-18 17:05","NettyServerCnxn.java","151827","151350","303177"
"2019-02-12 15:25","NettyServerCnxn.java","151741","150830","302571"
"2019-04-12 19:01","NettyServerCnxn.java","152018","154089","306107"
"2018-11-22 17:56","NettyServerCnxn.java","145394","134355","279749"
"2018-10-24 04:03","NettyServerCnxn.java","112418","130980","243398"
"2018-11-17 18:33","NettyServerCnxn.java","145391","133730","279121"
"2019-01-14 19:38","NettyServerCnxn.java","151673","147229","298902"
"2018-09-18 01:00","NettyServerCnxn.java","162","2407","2569"
"2019-08-17 17:13","NettyServerCnxn.java","153969","174233","328202"
"2019-07-03 00:44","NettyServerCnxn.java","153298","161575","314873"
"2019-11-23 17:08","NettyServerCnxn.java","157147","182112","339259"
"2019-07-23 15:55","NettyServerCnxn.java","153299","169571","322870"
"2019-05-06 18:32","NettyServerCnxn.java","152036","156654","308690"
"2019-04-22 19:15","NettyServerCnxn.java","152018","155064","307082"
"2019-08-03 08:42","NettyServerCnxn.java","153948","174920","328868"
"2019-11-18 09:05","NettyServerCnxn.java","156951","180359","337310"
"2019-11-21 05:58","NettyServerCnxn.java","156951","180382","337333"
"2019-09-16 23:26","NettyServerCnxn.java","154955","178238","333193"
"2019-10-10 14:37","NettyServerCnxn.java","154971","178988","333959"
"2018-09-28 23:38","NettyServerCnxn.java","865","5684","6549"
"2019-08-17 17:13","RequestThrottlerTest.java","26739","37963","64702"
"2019-09-16 23:26","RequestThrottlerTest.java","28333","42576","70909"
"2020-04-12 11:14","RequestThrottlerTest.java","37435","62197","99632"
"2019-07-02 07:34","Follower.java","4346","10482","14828"
"2019-08-17 17:13","Follower.java","29620","47813","77433"
"2019-06-29 00:33","Follower.java","4279","10459","14738"
"2019-08-06 17:11","Follower.java","7608","26902","34510"
"2019-07-15 14:15","Follower.java","5422","19034","24456"
"2019-08-23 19:43","Follower.java","29622","48481","78103"
"2019-06-05 00:33","Follower.java","1016","4930","5946"
"2019-05-03 00:44","Follower.java","247","2437","2684"
"2019-12-27 22:33","Follower.java","37618","64489","102107"
"2019-10-10 14:37","Follower.java","31720","53666","85386"
"2019-06-26 10:57","OpResult.java","177987","244499","422486"
"2019-08-17 17:13","OpResult.java","177987","256649","434636"
"2012-12-19 19:16","OpResult.java","4694","14157","18851"
"2019-10-10 14:37","SessionUpgradeQuorumTest.java","1263","1430","2693"
"2019-12-27 22:33","FileTxnSnapLog.java","290","2253","2543"
"2020-01-23 16:46","FileTxnSnapLog.java","2170","5382","7552"
"2020-01-28 17:26","FileTxnSnapLog.java","2257","5940","8197"
"2020-01-30 09:43","FileTxnSnapLog.java","2284","6043","8327"
"2019-08-17 17:13","ServerCnxnTest.java","186333","256413","442746"
"2014-03-15 00:10","ServerCnxnTest.java","3474","18067","21541"
"2019-10-10 14:37","ServerCnxnTest.java","186333","260166","446499"
"2009-06-25 00:59","ClientBase.java","9437","92965","102402"
"2008-11-19 11:20","ClientBase.java","3549","35600","39149"
"2012-08-28 21:51","ClientBase.java","16029","141808","157837"
"2017-06-08 17:51","ClientBase.java","18947","188031","206978"
"2012-07-17 23:19","ClientBase.java","16030","140735","156765"
"2017-04-18 01:37","ClientBase.java","18836","188552","207388"
"2008-10-21 06:26","ClientBase.java","2753","29282","32035"
"2010-03-16 22:23","ClientBase.java","11403","122305","133708"
"2008-09-04 19:02","ClientBase.java","396","851","1247"
"2018-09-07 02:49","ClientBase.java","44479","224633","269112"
"2019-07-31 19:06","ClientBase.java","57679","257149","314828"
"2012-02-06 09:47","ClientBase.java","15838","137422","153260"
"2015-02-06 06:17","ClientBase.java","18469","177742","196211"
"2017-09-11 18:55","ClientBase.java","18992","188534","207526"
"2009-07-17 00:09","ClientBase.java","9494","94241","103735"
"2009-06-30 03:32","ClientBase.java","9452","93763","103215"
"2019-08-17 17:13","ClientBase.java","57679","257842","315521"
"2009-06-18 18:37","ClientBase.java","9216","85872","95088"
"2015-03-28 20:08","ClientBase.java","18477","179961","198438"
"2019-06-07 14:13","ClientBase.java","57679","243946","301625"
"2018-04-24 00:20","ClientBase.java","18983","194301","213284"
"2018-08-08 06:21","ClientBase.java","28354","207643","235997"
"2018-05-09 23:57","ClientBase.java","19010","195113","214123"
"2009-06-09 07:04","ClientBase.java","9097","83508","92605"
"2019-06-24 11:05","ClientBase.java","57679","245175","302854"
"2012-12-11 08:42","ClientBase.java","16223","145335","161558"
"2017-01-13 19:29","ClientBase.java","18805","190687","209492"
"2010-01-25 04:28","ClientBase.java","11259","112317","123576"
"2010-03-09 05:44","ClientBase.java","11333","121469","132802"
"2016-06-23 23:25","ClientBase.java","18570","184546","203116"
"2014-01-03 01:40","ClientBase.java","16951","159760","176711"
"2014-01-25 01:17","ClientBase.java","16942","161557","178499"
"2009-11-20 23:28","ClientBase.java","10827","108271","119098"
"2009-11-25 20:06","ClientBase.java","10827","108304","119131"
"2009-11-12 20:53","ClientBase.java","10755","100889","111644"
"2009-08-25 07:45","ClientBase.java","9556","96212","105768"
"2009-09-16 02:09","ClientBase.java","9740","96902","106642"
"2019-11-14 16:44","ClientBase.java","57679","265869","323548"
"2019-10-10 14:37","ClientBase.java","57679","261595","319274"
"2012-03-15 17:47","ClientBase.java","15883","138710","154593"
"2010-09-15 07:51","ClientBase.java","12150","170911","183061"
"2012-01-14 00:28","ClientBase.java","15823","136891","152714"
"2011-04-12 09:14","ClientBase.java","12711","134347","147058"
"2011-11-05 07:29","ClientBase.java","15788","135436","151224"
"2016-08-24 01:36","ClientBase.java","18617","185164","203781"
"2011-09-17 02:13","ClientBase.java","15629","136295","151924"
"2010-07-05 20:20","ClientBase.java","11822","133793","145615"
"2010-03-31 06:26","ClientBase.java","11761","122885","134646"
"2010-08-18 08:24","ClientBase.java","12151","142742","154893"
"2008-10-22 01:49","ClientBase.java","2782","29721","32503"
"2008-09-26 20:09","ClientBase.java","938","15037","15975"
"2009-05-14 22:15","ClientBase.java","8821","81062","89883"
"2015-03-08 23:07","ClientBase.java","18477","177924","196401"
"2009-07-17 00:09","RecoveryTest.java","9494","94241","103735"
"2019-08-17 17:13","RecoveryTest.java","57679","257842","315521"
"2009-06-18 18:37","RecoveryTest.java","9216","85872","95088"
"2009-04-17 00:59","RecoveryTest.java","8687","56535","65222"
"2009-02-20 01:23","RecoveryTest.java","8209","54394","62603"
"2013-12-21 22:05","RecoveryTest.java","16946","159615","176561"
"2019-10-10 14:37","RecoveryTest.java","57679","261595","319274"
"2011-04-12 09:14","RecoveryTest.java","12711","134347","147058"
"2010-03-31 06:26","RecoveryTest.java","11761","122885","134646"
"2010-08-18 08:24","RecoveryTest.java","12151","142742","154893"
"2008-10-22 01:49","RecoveryTest.java","2782","29721","32503"
"2019-04-12 19:01","QuorumPeerConfig.java","8489","17638","26127"
"2018-12-15 07:34","QuorumPeerConfig.java","928","843","1771"
"2019-02-13 13:12","QuorumPeerConfig.java","7899","14187","22086"
"2019-08-17 17:13","QuorumPeerConfig.java","36481","63823","100304"
"2019-06-05 00:29","QuorumPeerConfig.java","9320","22329","31649"
"2020-01-09 11:27","QuorumPeerConfig.java","44886","80331","125217"
"2019-07-12 17:01","QuorumPeerConfig.java","13464","36119","49583"
"2019-05-15 11:56","QuorumPeerConfig.java","8861","20957","29818"
"2020-01-23 13:43","QuorumPeerConfig.java","45133","82402","127535"
"2019-10-10 14:37","QuorumPeerConfig.java","38466","69561","108027"
"2019-04-18 19:17","QuorumPeerConfig.java","8511","18370","26881"
"2020-02-16 10:25","QuorumPeerConfig.java","45261","83243","128504"
"2020-05-14 18:18","QuorumPeerConfig.java","48795","90002","138797"
"2011-04-12 09:14","FLERestartTest.java","17408","27920","45328"
"2011-09-17 02:13","FLERestartTest.java","20558","42411","62969"
"2019-10-10 14:37","FLERestartTest.java","167976","260768","428744"
"2019-08-17 17:13","FLERestartTest.java","167976","257015","424991"
"2019-07-12 17:01","FLERestartTest.java","167976","252328","420304"
"2017-09-11 18:55","FLERestartTest.java","40664","111393","152057"
"2019-11-29 14:49","Commands.java","33272","40522","73794"
"2019-08-17 17:13","Commands.java","24762","25455","50217"
"2019-08-06 01:43","Commands.java","400","1975","2375"
"2019-12-03 10:01","Commands.java","33266","40562","73828"
"2019-11-20 07:00","Commands.java","32683","36532","69215"
"2019-08-17 17:13","QuorumPeerConfig.java","29620","47813","77433"
"2019-06-05 00:29","QuorumPeerConfig.java","1010","4870","5880"
"2020-01-09 11:27","QuorumPeerConfig.java","38543","64839","103382"
"2019-07-12 17:01","QuorumPeerConfig.java","5422","18928","24350"
"2019-05-15 11:56","QuorumPeerConfig.java","488","3435","3923"
"2020-01-23 13:43","QuorumPeerConfig.java","38937","67057","105994"
"2019-10-10 14:37","QuorumPeerConfig.java","31720","53666","85386"
"2019-04-18 19:17","QuorumPeerConfig.java","23","733","756"
"2020-02-16 10:25","QuorumPeerConfig.java","39069","67902","106971"
"2020-05-14 18:18","QuorumPeerConfig.java","42733","74791","117524"
"2010-04-22 07:42","RuntimeExceptionMapper.java","15595","55038","70633"
"2019-12-27 22:33","ZKDatabase.java","6378","11303","17681"
"2019-11-08 17:30","ZKDatabase.java","191","2052","2243"
"2018-10-16 16:22","QuorumPeerConfig.java","113414","131085","244499"
"2018-12-09 03:16","QuorumPeerConfig.java","146384","138316","284700"
"2019-04-12 19:01","QuorumPeerConfig.java","153008","154089","307097"
"2018-12-15 07:34","QuorumPeerConfig.java","146385","138232","284617"
"2019-02-13 13:12","QuorumPeerConfig.java","152816","151036","303852"
"2019-08-17 17:13","QuorumPeerConfig.java","154959","174233","329192"
"2019-06-05 00:29","QuorumPeerConfig.java","153055","157996","311051"
"2020-01-09 11:27","QuorumPeerConfig.java","158153","185530","343683"
"2019-07-12 17:01","QuorumPeerConfig.java","154289","168876","323165"
"2019-05-15 11:56","QuorumPeerConfig.java","153032","157060","310092"
"2018-10-01 06:11","QuorumPeerConfig.java","859","4693","5552"
"2020-01-23 13:43","QuorumPeerConfig.java","158218","187419","345637"
"2019-10-10 14:37","QuorumPeerConfig.java","155961","178988","334949"
"2019-04-18 19:17","QuorumPeerConfig.java","153008","154799","307807"
"2020-02-16 10:25","QuorumPeerConfig.java","158290","188204","346494"
"2020-05-14 18:18","QuorumPeerConfig.java","158576","191715","350291"
"2016-11-24 17:18","QuorumHierarchical.java","19452","66220","85672"
"2013-03-07 07:01","QuorumHierarchical.java","3398","15236","18634"
"2018-11-17 18:37","QuorumHierarchical.java","179891","224447","404338"
"2019-08-03 08:42","QuorumHierarchical.java","179987","257176","437163"
"2019-08-17 17:13","QuorumHierarchical.java","179987","256468","436455"
"2019-10-10 14:37","QuorumHierarchical.java","179987","260221","440208"
"2019-08-17 17:13","PrependableSocket.java","36426","66092","102518"
"2019-07-31 19:06","ZooKeeperServer.java","2855","13386","16241"
"2019-09-11 10:27","ZooKeeperServer.java","28124","40704","68828"
"2019-08-03 08:42","ZooKeeperServer.java","3213","15145","18358"
"2019-09-10 04:26","ZooKeeperServer.java","28074","40343","68417"
"2019-08-17 17:13","ZooKeeperServer.java","26739","37963","64702"
"2019-09-05 23:12","ZooKeeperServer.java","28039","40182","68221"
"2019-09-10 15:21","ZooKeeperServer.java","28084","40351","68435"
"2019-08-01 07:31","ZooKeeperServer.java","2938","14833","17771"
"2019-08-01 07:28","ZooKeeperServer.java","2862","14267","17129"
"2019-11-23 17:08","ZooKeeperServer.java","34617","50542","85159"
"2019-10-09 16:49","ZooKeeperServer.java","28697","43507","72204"
"2019-07-24 18:00","ZooKeeperServer.java","1340","9019","10359"
"2019-12-27 22:33","ZooKeeperServer.java","35120","55022","90142"
"2019-11-18 09:05","ZooKeeperServer.java","34422","48790","83212"
"2019-10-10 14:37","ZooKeeperServer.java","29182","44159","73341"
"2019-09-16 23:26","ZooKeeperServer.java","28333","42576","70909"
"2019-12-03 10:01","ZooKeeperServer.java","34964","52791","87755"
"2020-03-25 03:38","ZooKeeperServer.java","36792","60801","97593"
"2019-11-28 12:24","ZooKeeperServer.java","34675","50805","85480"
"2019-11-06 15:21","ZooKeeperServer.java","29322","44515","73837"
"2020-04-12 11:14","ZooKeeperServer.java","37435","62197","99632"
"2019-04-12 19:01","ZooKeeperServer.java","1256","6336","7592"
"2019-07-31 19:06","ZooKeeperServer.java","8337","30917","39254"
"2019-09-11 10:27","ZooKeeperServer.java","31350","55979","87329"
"2019-02-13 13:12","ZooKeeperServer.java","632","2851","3483"
"2019-03-04 08:07","ZooKeeperServer.java","648","3444","4092"
"2019-07-08 23:26","ZooKeeperServer.java","5600","17649","23249"
"2019-02-13 13:19","ZooKeeperServer.java","638","3143","3781"
"2019-05-14 17:11","ZooKeeperServer.java","1623","9563","11186"
"2019-06-04 10:55","ZooKeeperServer.java","2109","10866","12975"
"2019-04-09 15:35","ZooKeeperServer.java","932","5062","5994"
"2019-08-03 08:42","ZooKeeperServer.java","8677","32658","41335"
"2019-05-15 11:56","ZooKeeperServer.java","1690","9717","11407"
"2019-05-22 11:39","ZooKeeperServer.java","1766","10239","12005"
"2019-04-22 19:15","ZooKeeperServer.java","1278","7333","8611"
"2019-09-10 04:26","ZooKeeperServer.java","31308","55626","86934"
"2019-08-17 17:13","ZooKeeperServer.java","30071","53344","83415"
"2019-09-05 23:12","ZooKeeperServer.java","31274","55466","86740"
"2019-09-10 15:21","ZooKeeperServer.java","31318","55634","86952"
"2019-08-01 07:31","ZooKeeperServer.java","8413","32357","40770"
"2019-08-01 07:28","ZooKeeperServer.java","8344","31798","40142"
"2019-06-03 19:40","ZooKeeperServer.java","1967","10571","12538"
"2019-11-23 17:08","ZooKeeperServer.java","37343","65317","102660"
"2019-10-09 16:49","ZooKeeperServer.java","31673","58532","90205"
"2019-07-03 00:44","ZooKeeperServer.java","5532","16818","22350"
"2019-07-24 18:00","ZooKeeperServer.java","6918","26646","33564"
"2019-12-27 22:33","ZooKeeperServer.java","37783","69734","107517"
"2019-11-18 09:05","ZooKeeperServer.java","37161","63578","100739"
"2019-10-10 14:37","ZooKeeperServer.java","32120","59146","91266"
"2019-09-16 23:26","ZooKeeperServer.java","31350","57642","88992"
"2019-12-03 10:01","ZooKeeperServer.java","37671","67547","105218"
"2020-03-25 03:38","ZooKeeperServer.java","39212","75270","114482"
"2019-11-28 12:24","ZooKeeperServer.java","37398","65577","102975"
"2019-11-06 15:21","ZooKeeperServer.java","32255","59497","91752"
"2020-04-12 11:14","ZooKeeperServer.java","39790","76601","116391"
"2019-04-18 19:17","ZooKeeperServer.java","1278","7068","8346"
"2020-03-12 14:47","QuorumUtil.java","4138","9524","13662"
"2019-10-10 14:37","QuorumPeerMain.java","167729","260768","428497"
"2020-01-23 13:43","QuorumPeerMain.java","168776","267989","436765"
"2019-11-28 12:24","QuorumPeerMain.java","168776","262968","431744"
"2012-03-06 09:20","QuorumPeerMain.java","25248","48686","73934"
"2010-08-18 08:24","QuorumPeerMain.java","7667","27381","35048"
"2013-10-09 22:21","QuorumPeerMain.java","29828","72203","102031"
"2011-09-02 22:50","QuorumPeerMain.java","19184","42994","62178"
"2020-02-16 10:25","QuorumPeerMain.java","168776","268702","437478"
"2019-04-18 19:17","QuorumPeerMain.java","167730","239533","407263"
"2011-04-12 09:14","QuorumPeerMain.java","19586","30345","49931"
"2019-11-11 13:59","QuorumPeerMain.java","167729","264425","432154"
"2019-04-12 19:01","QuorumPeerMain.java","167730","238823","406553"
"2018-09-11 15:23","QuorumPeerMain.java","103867","186416","290283"
"2017-02-13 22:09","QuorumPeerMain.java","40854","111188","152042"
"2014-07-18 02:19","QuorumPeerMain.java","36507","92438","128945"
"2018-08-06 14:11","QuorumPeerMain.java","58918","139252","198170"
"2012-04-23 01:20","QuorumPeerMain.java","27512","52854","80366"
"2017-07-28 00:36","QuorumPeerMain.java","41701","112089","153790"
"2019-08-17 17:13","QuorumPeerMain.java","167729","257015","424744"
"2015-03-17 18:06","QuorumPeerMain.java","36801","98705","135506"
"2017-11-28 00:10","QuorumPeerMain.java","41973","116781","158754"
"2019-08-17 17:13","NettyServerCnxn.java","29620","47813","77433"
"2019-07-03 00:44","NettyServerCnxn.java","4396","10602","14998"
"2019-11-23 17:08","NettyServerCnxn.java","37142","60036","97178"
"2019-07-23 15:55","NettyServerCnxn.java","5780","19981","25761"
"2019-05-06 18:32","NettyServerCnxn.java","358","2905","3263"
"2019-04-22 19:15","NettyServerCnxn.java","23","998","1021"
"2019-08-03 08:42","NettyServerCnxn.java","7576","26477","34053"
"2019-11-18 09:05","NettyServerCnxn.java","36947","58284","95231"
"2019-11-21 05:58","NettyServerCnxn.java","36957","58317","95274"
"2019-09-16 23:26","NettyServerCnxn.java","30912","52124","83036"
"2019-10-10 14:37","NettyServerCnxn.java","31720","53666","85386"
"2019-02-07 11:26","PrepRequestProcessor.java","336","2688","3024"
"2019-09-11 10:27","PrepRequestProcessor.java","31261","56637","87898"
"2019-11-08 17:30","PrepRequestProcessor.java","32180","61814","93994"
"2019-04-09 15:35","PrepRequestProcessor.java","997","5874","6871"
"2019-04-17 14:16","PrepRequestProcessor.java","1330","7422","8752"
"2019-05-10 12:22","PrepRequestProcessor.java","1658","10185","11843"
"2019-02-07 11:22","PrepRequestProcessor.java","335","2349","2684"
"2019-08-01 07:31","PrepRequestProcessor.java","8458","33149","41607"
"2019-06-26 10:57","PrepRequestProcessor.java","5409","17279","22688"
"2019-08-17 17:13","PrepRequestProcessor.java","30023","54043","84066"
"2019-12-27 22:33","PrepRequestProcessor.java","37688","70386","108074"
"2019-10-10 14:37","PrepRequestProcessor.java","32028","59801","91829"
"2020-03-25 03:38","PrepRequestProcessor.java","39117","75922","115039"
"2019-07-29 17:15","RecordReader.java","179411","254361","433772"
"2019-11-29 14:49","QuorumUtil.java","193109","264309","457418"
"2019-08-17 17:13","QuorumUtil.java","191763","256406","448169"
"2020-03-12 14:47","QuorumUtil.java","193109","269695","462804"
"2019-07-12 17:01","QuorumUtil.java","191763","251719","443482"
"2014-01-16 23:59","QuorumUtil.java","1844","8952","10796"
"2019-10-10 14:37","QuorumUtil.java","191763","260159","451922"
"2014-05-18 05:49","QuorumUtil.java","9580","22042","31622"
"2013-10-09 22:21","QuorumUtil.java","1523","6718","8241"
"2013-09-26 14:05","QuorumUtil.java","1050","3342","4392"
"2017-01-13 19:29","ZooKeeperServerMainTest.java","1326","6001","7327"
"2019-06-03 19:40","ZooKeeperServerMainTest.java","222623","241161","463784"
"2019-08-17 17:13","ZooKeeperServerMainTest.java","222624","255831","478455"
"2018-09-11 15:23","ZooKeeperServerMainTest.java","107368","121301","228669"
"2017-01-05 22:32","ZooKeeperServerMainTest.java","1241","5546","6787"
"2017-07-28 00:36","HostProvider.java","69431","88846","158277"
"2019-08-17 17:13","HostProvider.java","218823","256985","475808"
"2018-07-16 05:45","HostProvider.java","86904","115116","202020"
"2012-11-17 15:03","HostProvider.java","53201","31872","85073"
"2019-06-07 14:13","SessionTest.java","90267","243806","334073"
"2019-08-17 17:13","SessionTest.java","90267","257702","347969"
"2009-06-26 22:29","SessionTest.java","5223","56714","61937"
"2009-06-30 03:32","SessionTest.java","5230","56813","62043"
"2009-07-17 00:09","SessionTest.java","5419","57438","62857"
"2017-09-11 18:55","SessionTest.java","19955","164753","184708"
"2010-11-04 17:01","SessionTest.java","10078","138023","148101"
"2018-09-22 06:48","SessionTest.java","52933","210653","263586"
"2011-10-25 08:09","SessionTest.java","13596","107955","121551"
"2010-08-17 09:24","SessionTest.java","9594","104097","113691"
"2011-04-12 09:14","SessionTest.java","10911","99819","110730"
"2010-03-31 06:26","SessionTest.java","9408","87804","97212"
"2010-08-18 08:24","SessionTest.java","9966","107829","117795"
"2010-10-21 02:44","SessionTest.java","10072","137911","147983"
"2010-08-05 09:09","SessionTest.java","9594","102321","111915"
"2013-12-21 22:05","SessionTest.java","15299","133224","148523"
"2010-03-12 19:26","SessionTest.java","8629","86767","95396"
"2009-08-07 01:23","SessionTest.java","5484","58334","63818"
"2019-10-10 14:37","SessionTest.java","90267","261455","351722"
"2015-07-07 07:11","SessionTest.java","17161","155779","172940"
"2019-12-28 16:17","SessionTest.java","90723","266743","357466"
"2009-09-16 02:09","SessionTest.java","5964","60398","66362"
"2010-01-26 03:22","SessionTest.java","8367","77245","85612"
"2019-02-06 09:46","ZooKeeper.java","191666","234012","425678"
"2019-01-16 14:21","ZooKeeper.java","191665","232288","423953"
"2017-04-18 02:02","ZooKeeper.java","21703","55650","77353"
"2019-11-08 17:30","ZooKeeper.java","191791","262048","453839"
"2019-02-07 11:26","ZooKeeper.java","191666","234641","426307"
"2013-12-17 17:55","ZooKeeper.java","1751","8555","10306"
"2017-05-01 17:19","ZooKeeper.java","21719","55793","77512"
"2014-01-24 07:18","ZooKeeper.java","1907","10640","12547"
"2019-08-17 17:13","ZooKeeper.java","191763","256406","448169"
"2015-06-04 19:51","ZooKeeper.java","12726","39784","52510"
"2016-10-07 21:51","ZooKeeper.java","18401","50510","68911"
"2015-03-16 09:09","ZooKeeper.java","12123","36137","48260"
"2015-03-17 18:06","ZooKeeper.java","12233","36957","49190"
"2016-05-02 18:15","ZooKeeper.java","17325","46668","63993"
"2019-06-26 10:57","ZooKeeper.java","191763","244256","436019"
"2019-06-03 19:40","ZooKeeper.java","191763","241737","433500"
"2018-05-09 23:57","ZooKeeper.java","25017","65349","90366"
"2019-08-03 08:42","ZooKeeper.java","191763","257114","448877"
"2016-11-13 20:59","ZooKeeper.java","18536","52898","71434"
"2017-07-28 00:36","ZooKeeper.java","23881","57089","80970"
"2017-08-18 23:35","ZooKeeper.java","23972","57665","81637"
"2017-07-04 07:56","ZooKeeper.java","22866","56684","79550"
"2020-04-16 12:50","ZooKeeper.java","193109","271326","464435"
"2018-07-27 05:16","ZooKeeper.java","43447","85797","129244"
"2019-10-10 14:37","ZooKeeper.java","191763","260159","451922"
"2014-04-01 04:03","ZooKeeper.java","2460","12673","15133"
"2019-02-11 12:34","ZooKeeper.java","191666","235004","426670"
"2014-07-08 20:18","ZooKeeper.java","10611","25711","36322"
"2020-05-17 15:13","ZooKeeper.java","193117","271705","464822"
"2017-01-09 22:49","ZooKeeper.java","19257","55187","74444"
"2019-03-12 19:08","ZooKeeper.java","191683","236449","428132"
"2014-07-22 06:51","ZooKeeper.java","11208","30506","41714"
"2014-04-29 02:23","ZooKeeper.java","9389","21387","30776"
"2019-12-27 22:33","FileTxnSnapLog.java","228146","265559","493705"
"2019-10-10 14:37","FileTxnSnapLog.java","226541","259029","485570"
"2019-12-13 08:51","FileTxnSnapLog.java","228145","263595","491740"
"2020-01-23 16:46","FileTxnSnapLog.java","228147","266809","494956"
"2020-01-28 17:26","FileTxnSnapLog.java","228147","267280","495427"
"2017-01-23 02:13","FileTxnSnapLog.java","144","548","692"
"2018-06-08 16:52","FileTxnSnapLog.java","8527","13700","22227"
"2019-09-02 08:23","FileTxnSnapLog.java","226541","255933","482474"
"2017-04-28 07:14","FileTxnSnapLog.java","3834","1979","5813"
"2019-07-31 19:06","FileTxnSnapLog.java","226541","254583","481124"
"2018-07-30 06:22","FileTxnSnapLog.java","29298","36126","65424"
"2020-01-30 09:43","FileTxnSnapLog.java","228147","267356","495503"
"2019-05-14 17:11","FileTxnSnapLog.java","226522","239924","466446"
"2019-05-21 23:34","FileTxnSnapLog.java","226523","240246","466769"
"2019-05-27 10:54","FileTxnSnapLog.java","226523","240578","467101"
"2017-01-13 19:29","FileTxnSnapLog.java","89","292","381"
"2017-06-26 00:07","FileTxnSnapLog.java","5040","2723","7763"
"2018-02-23 23:49","FileTxnSnapLog.java","8010","10929","18939"
"2017-08-18 06:32","FileTxnSnapLog.java","6733","4418","11151"
"2019-08-17 17:13","FileTxnSnapLog.java","226541","255276","481817"
"2018-02-14 21:23","FileTxnSnapLog.java","7991","10746","18737"
"2019-10-10 14:37","JMXEnv.java","219801","259674","479475"
"2019-12-27 22:33","JMXEnv.java","221351","266149","487500"
"2019-01-14 19:38","JMXEnv.java","219689","231101","450790"
"2019-08-17 17:13","JMXEnv.java","219801","255921","475722"
"2019-06-03 19:40","JMXEnv.java","219800","241251","461051"
"2019-11-29 14:49","ObserverMaster.java","6123","8927","15050"
"2018-06-08 16:52","ZooKeeperServerMain.java","20967","186091","207058"
"2019-04-18 19:17","ZooKeeperServerMain.java","72482","240227","312709"
"2011-04-12 09:14","ZooKeeperServerMain.java","15332","122033","137365"
"2019-11-11 13:59","ZooKeeperServerMain.java","72482","265120","337602"
"2012-03-06 09:20","ZooKeeperServerMain.java","17220","127521","144741"
"2010-08-18 08:24","ZooKeeperServerMain.java","14631","130287","144918"
"2019-11-28 12:24","ZooKeeperServerMain.java","72935","263069","336004"
"2019-11-25 15:37","ZooKeeperServerMain.java","72935","262971","335906"
"2016-08-13 15:01","ZooKeeperServerMain.java","20162","175213","195375"
"2009-06-05 06:44","ZooKeeperServerMain.java","10841","70233","81074"
"2015-06-04 19:51","ZooKeeperServerMain.java","19986","171087","191073"
"2019-08-17 17:13","ZooKeeperServerMain.java","72482","257710","330192"
"2015-03-17 18:06","ZooKeeperServerMain.java","19937","168704","188641"
"2017-07-28 00:36","ZooKeeperServerMain.java","20837","178088","198925"
"2009-04-07 00:19","ZooKeeperServerMain.java","10183","42642","52825"
"2009-01-15 23:57","ZooKeeperServerMain.java","8777","26401","35178"
"2008-11-18 18:22","ZooKeeperServerMain.java","4597","21501","26098"
"2013-12-07 11:16","ZooKeeperServerMain.java","18347","148477","166824"
"2019-04-12 19:01","ZooKeeperServerMain.java","72482","239517","311999"
"2018-09-11 15:23","ZooKeeperServerMain.java","49054","218466","267520"
"2014-07-18 02:19","ZooKeeperServerMain.java","19821","162615","182436"
"2017-02-12 00:12","ZooKeeperServerMain.java","20567","177764","198331"
"2019-04-12 19:01","ZooKeeperServer.java","882","3457","4339"
"2019-07-31 19:06","ZooKeeperServer.java","8014","28089","36103"
"2019-09-11 10:27","ZooKeeperServer.java","31424","53548","84972"
"2019-03-04 08:07","ZooKeeperServer.java","247","538","785"
"2019-07-08 23:26","ZooKeeperServer.java","5273","14817","20090"
"2019-05-14 17:11","ZooKeeperServer.java","1258","6693","7951"
"2019-06-04 10:55","ZooKeeperServer.java","1761","8013","9774"
"2019-04-09 15:35","ZooKeeperServer.java","521","2146","2667"
"2019-08-03 08:42","ZooKeeperServer.java","8362","29838","38200"
"2019-05-15 11:56","ZooKeeperServer.java","1331","6853","8184"
"2019-05-22 11:39","ZooKeeperServer.java","1416","7384","8800"
"2019-04-22 19:15","ZooKeeperServer.java","904","4454","5358"
"2019-09-10 04:26","ZooKeeperServer.java","31382","53195","84577"
"2019-08-17 17:13","ZooKeeperServer.java","30130","50898","81028"
"2019-09-05 23:12","ZooKeeperServer.java","31348","53035","84383"
"2019-09-10 15:21","ZooKeeperServer.java","31392","53203","84595"
"2019-08-01 07:31","ZooKeeperServer.java","8093","29532","37625"
"2019-08-01 07:28","ZooKeeperServer.java","8021","28970","36991"
"2019-06-03 19:40","ZooKeeperServer.java","1619","7718","9337"
"2019-11-23 17:08","ZooKeeperServer.java","37509","62978","100487"
"2019-10-09 16:49","ZooKeeperServer.java","31756","56110","87866"
"2019-07-03 00:44","ZooKeeperServer.java","5205","13986","19191"
"2019-07-24 18:00","ZooKeeperServer.java","6593","23816","30409"
"2019-12-27 22:33","ZooKeeperServer.java","37960","67406","105366"
"2019-11-18 09:05","ZooKeeperServer.java","37327","61239","98566"
"2019-10-10 14:37","ZooKeeperServer.java","32219","56740","88959"
"2019-09-16 23:26","ZooKeeperServer.java","31424","55211","86635"
"2019-12-03 10:01","ZooKeeperServer.java","37837","65208","103045"
"2020-03-25 03:38","ZooKeeperServer.java","39432","72985","112417"
"2019-11-28 12:24","ZooKeeperServer.java","37564","63238","100802"
"2019-11-06 15:21","ZooKeeperServer.java","32354","57091","89445"
"2020-04-12 11:14","ZooKeeperServer.java","40021","74327","114348"
"2019-04-18 19:17","ZooKeeperServer.java","904","4189","5093"
"2019-08-17 17:13","ConfigUtils.java","36701","68626","105327"
"2019-08-17 17:13","EphemeralNodeDeletionTest.java","153720","174233","327953"
"2014-08-14 08:08","QuorumPeerTestBase.java","9745","20210","29955"
"2014-07-26 04:11","QuorumPeerTestBase.java","9638","19539","29177"
"2016-11-03 16:07","QuorumPeerTestBase.java","17066","40153","57219"
"2019-12-27 22:33","QuorumPeerTestBase.java","202672","266387","469059"
"2019-10-10 14:37","QuorumPeerTestBase.java","201254","260044","461298"
"2016-06-23 23:25","QuorumPeerTestBase.java","16066","36665","52731"
"2014-07-18 20:48","QuorumPeerTestBase.java","9284","18888","28172"
"2014-08-19 22:50","QuorumPeerTestBase.java","9838","20417","30255"
"2019-07-12 17:01","QuorumPeerTestBase.java","201254","251604","452858"
"2017-01-13 19:29","QuorumPeerTestBase.java","18010","44515","62525"
"2015-03-17 18:06","QuorumPeerTestBase.java","10486","25604","36090"
"2019-08-17 17:13","QuorumPeerTestBase.java","201254","256291","457545"
"2017-11-28 00:10","QuorumPeerTestBase.java","23660","51682","75342"
"2017-12-16 01:25","QuorumPeerTestBase.java","24013","52079","76092"
"2014-07-18 02:19","QuorumPeerTestBase.java","9064","18209","27273"
"2018-10-12 10:25","QuorumPeerTestBase.java","181748","232220","413968"
"2020-03-25 03:38","Learner.java","121","917","1038"
"2020-05-03 19:43","Learner.java","2557","4289","6846"
"2019-01-23 14:00","NettyServerCnxn.java","8177","16207","24384"
"2019-02-18 17:05","NettyServerCnxn.java","8659","19221","27880"
"2019-02-12 15:25","NettyServerCnxn.java","8490","18618","27108"
"2019-04-12 19:01","NettyServerCnxn.java","9238","22348","31586"
"2019-01-14 19:38","NettyServerCnxn.java","8102","14697","22799"
"2019-08-17 17:13","NettyServerCnxn.java","36458","67761","104219"
"2019-07-03 00:44","NettyServerCnxn.java","13158","32474","45632"
"2019-11-23 17:08","NettyServerCnxn.java","43538","79542","123080"
"2019-07-23 15:55","NettyServerCnxn.java","14516","41827","56343"
"2019-05-06 18:32","NettyServerCnxn.java","9487","25144","34631"
"2019-04-22 19:15","NettyServerCnxn.java","9260","23345","32605"
"2019-08-03 08:42","NettyServerCnxn.java","16178","48189","64367"
"2019-11-18 09:05","NettyServerCnxn.java","43355","77802","121157"
"2019-11-21 05:58","NettyServerCnxn.java","43365","77835","121200"
"2019-09-16 23:26","NettyServerCnxn.java","37692","72014","109706"
"2019-10-10 14:37","NettyServerCnxn.java","38431","73487","111918"
"2018-11-17 18:33","ServerCnxn.java","90075","225754","315829"
"2019-01-14 19:38","ServerCnxn.java","90075","232971","323046"
"2019-04-12 19:01","ServerCnxn.java","90103","239514","329617"
"2011-08-19 00:05","ServerCnxn.java","9516","105575","115091"
"2014-07-18 02:19","ServerCnxn.java","16981","146940","163921"
"2018-09-18 01:00","ServerCnxn.java","52917","210749","263666"
"2019-07-08 23:26","ServerCnxn.java","90102","246482","336584"
"2016-11-16 06:21","ServerCnxn.java","19029","165146","184175"
"2019-08-17 17:13","ServerCnxn.java","90102","257706","347808"
"2019-07-03 00:44","ServerCnxn.java","90102","245719","335821"
"2015-03-28 20:08","ServerCnxn.java","17146","154067","171213"
"2015-06-28 21:09","ServerCnxn.java","17217","155838","173055"
"2018-07-12 01:33","ServerCnxn.java","26353","179111","205464"
"2018-08-08 06:21","ServerCnxn.java","35459","190185","225644"
"2017-11-28 00:10","ServerCnxn.java","20020","168856","188876"
"2009-11-12 20:53","ServerCnxn.java","7663","65238","72901"
"2009-11-07 01:48","ServerCnxn.java","7557","64545","72102"
"2019-11-18 09:05","ServerCnxn.java","90558","261306","351864"
"2009-08-07 01:23","ServerCnxn.java","5734","58753","64487"
"2020-02-26 22:41","ServerCnxn.java","90558","268816","359374"
"2018-09-28 23:38","ServerCnxn.java","53006","213412","266418"
"2011-05-20 01:17","ServerCnxn.java","10999","100895","111894"
"2011-08-11 08:00","ServerCnxn.java","9511","103141","112652"
"2010-08-18 08:24","ServerCnxn.java","10069","108101","118170"
"2019-11-11 13:59","ServerCnxn.java","90102","265116","355218"
"2019-12-27 22:33","SerializeUtils.java","8339","15661","24000"
"2019-10-10 14:37","CommitProcessorConcurrencyTest.java","3717","7470","11187"
"2020-03-12 14:47","CnxManagerTest.java","35845","52475","88320"
"2019-08-17 17:13","CnxManagerTest.java","25849","30536","56385"
"2019-08-06 12:52","CnxManagerTest.java","2306","7966","10272"
"2019-11-29 14:49","CnxManagerTest.java","34102","45346","79448"
"2020-02-16 10:25","CnxManagerTest.java","35754","51081","86835"
"2019-10-10 14:37","CnxManagerTest.java","28300","36740","65040"
"2019-06-03 19:40","QuorumMXBean.java","8398","20159","28557"
"2019-08-17 17:13","QuorumMXBean.java","35918","62348","98266"
"2019-12-27 22:33","QuorumMXBean.java","43445","78553","121998"
"2008-12-13 01:27","ZooKeeper.java","3772","36890","40662"
"2009-06-25 00:59","ZooKeeper.java","9437","92965","102402"
"2019-02-06 09:46","ZooKeeper.java","57663","235529","293192"
"2019-01-16 14:21","ZooKeeper.java","57663","233806","291469"
"2017-04-18 02:02","ZooKeeper.java","18839","188557","207396"
"2019-11-08 17:30","ZooKeeper.java","57679","263456","321135"
"2008-09-04 19:02","ZooKeeper.java","396","851","1247"
"2019-02-07 11:26","ZooKeeper.java","57663","236158","293821"
"2013-03-07 07:01","ZooKeeper.java","16854","152625","169479"
"2011-07-01 00:53","ZooKeeper.java","13080","139361","152441"
"2013-12-17 17:55","ZooKeeper.java","16945","159520","176465"
"2012-02-06 09:56","ZooKeeper.java","15838","137449","153287"
"2012-03-17 01:31","ZooKeeper.java","15883","138999","154882"
"2012-11-17 15:03","ZooKeeper.java","16150","144385","160535"
"2017-05-01 17:19","ZooKeeper.java","18834","188679","207513"
"2010-11-10 23:36","ZooKeeper.java","12405","174039","186444"
"2014-01-24 07:18","ZooKeeper.java","16943","161447","178390"
"2019-08-17 17:13","ZooKeeper.java","57679","257842","315521"
"2009-05-20 20:48","ZooKeeper.java","8864","81266","90130"
"2015-06-04 19:51","ZooKeeper.java","18506","181335","199841"
"2016-10-07 21:51","ZooKeeper.java","18641","186521","205162"
"2015-03-16 09:09","ZooKeeper.java","18472","178257","196729"
"2015-03-17 18:06","ZooKeeper.java","18474","178969","197443"
"2016-05-02 18:15","ZooKeeper.java","18568","183682","202250"
"2019-06-26 10:57","ZooKeeper.java","57679","245692","303371"
"2019-06-03 19:40","ZooKeeper.java","57679","243173","300852"
"2018-05-09 23:57","ZooKeeper.java","19010","195113","214123"
"2009-04-09 23:02","ZooKeeper.java","8493","55953","64446"
"2009-03-27 06:25","ZooKeeper.java","8306","55059","63365"
"2019-08-03 08:42","ZooKeeper.java","57679","258550","316229"
"2016-11-13 20:59","ZooKeeper.java","18643","188776","207419"
"2013-02-03 15:52","ZooKeeper.java","16633","148341","164974"
"2012-09-28 18:32","ZooKeeper.java","16041","142308","158349"
"2017-07-28 00:36","ZooKeeper.java","18957","187936","206893"
"2017-08-18 23:35","ZooKeeper.java","18960","188424","207384"
"2017-07-04 07:56","ZooKeeper.java","18954","188543","207497"
"2008-12-22 23:23","ZooKeeper.java","4083","37544","41627"
"2009-01-28 01:21","ZooKeeper.java","7480","40251","47731"
"2009-12-11 20:38","ZooKeeper.java","10857","108385","119242"
"2009-11-12 21:02","ZooKeeper.java","10755","100905","111660"
"2010-01-26 03:22","ZooKeeper.java","11303","112909","124212"
"2010-01-05 18:32","ZooKeeper.java","11050","109242","120292"
"2009-11-07 01:48","ZooKeeper.java","10705","100252","110957"
"2009-10-31 00:09","ZooKeeper.java","10562","99704","110266"
"2020-04-16 12:50","ZooKeeper.java","58000","271737","329737"
"2018-07-27 05:16","ZooKeeper.java","19715","197836","217551"
"2019-10-10 14:37","ZooKeeper.java","57679","261595","319274"
"2014-04-01 04:03","ZooKeeper.java","17092","163076","180168"
"2010-02-08 23:36","ZooKeeper.java","11314","112581","123895"
"2009-08-07 20:00","ZooKeeper.java","9522","95145","104667"
"2012-12-19 19:16","ZooKeeper.java","16632","147847","164479"
"2019-02-11 12:34","ZooKeeper.java","57663","236521","294184"
"2014-07-08 20:18","ZooKeeper.java","18384","169255","187639"
"2010-11-30 21:16","ZooKeeper.java","12514","174515","187029"
"2020-05-17 15:13","ZooKeeper.java","58001","272109","330110"
"2017-01-09 22:49","ZooKeeper.java","18803","190504","209307"
"2011-05-20 01:17","ZooKeeper.java","12741","135196","147937"
"2019-03-12 19:08","ZooKeeper.java","57663","237949","295612"
"2011-09-06 00:58","ZooKeeper.java","13131","135738","148869"
"2009-01-31 00:01","ZooKeeper.java","7496","49077","56573"
"2008-09-26 20:09","ZooKeeper.java","938","15037","15975"
"2014-07-22 06:51","ZooKeeper.java","18389","173458","191847"
"2008-10-22 01:49","ZooKeeper.java","2782","29721","32503"
"2008-12-02 01:13","ZooKeeper.java","3627","35914","39541"
"2014-04-29 02:23","ZooKeeper.java","18278","166047","184325"
"2019-08-17 17:13","Leader.java","217230","256081","473311"
"2019-06-29 00:33","Leader.java","217229","244067","461296"
"2019-06-03 19:40","Leader.java","217229","241411","458640"
"2019-07-15 14:15","Leader.java","217230","251500","468730"
"2019-07-25 21:41","Leader.java","217230","252564","469794"
"2018-05-10 06:00","Leader.java","16292","31117","47409"
"2018-07-12 01:33","Leader.java","25614","41372","66986"
"2018-02-07 01:05","Leader.java","15898","28589","44487"
"2017-11-28 00:10","Leader.java","15436","27272","42708"
"2019-06-05 00:33","Leader.java","217229","241801","459030"
"2019-08-03 08:42","Leader.java","217230","256789","474019"
"2019-06-05 23:57","Leader.java","217229","242070","459299"
"2017-01-13 19:29","Leader.java","8748","19067","27815"
"2019-01-07 14:55","Leader.java","217118","230860","447978"
"2019-04-12 19:01","Leader.java","217212","237870","455082"
"2018-12-09 03:16","Leader.java","217117","228626","445743"
"2018-08-17 14:40","Leader.java","83415","101469","184884"
"2019-11-29 14:49","Leader.java","218684","264092","482776"
"2018-11-27 10:02","Leader.java","217117","226302","443419"
"2017-02-15 23:04","Leader.java","11870","19233","31103"
"2018-08-29 06:26","Leader.java","107179","125441","232620"
"2018-08-03 18:52","Leader.java","36163","53419","89582"
"2017-09-11 18:55","Leader.java","14975","22954","37929"
"2018-09-18 01:00","Leader.java","112547","133379","245926"
"2016-12-20 14:47","Leader.java","8657","18134","26791"
"2016-06-23 23:25","Leader.java","6455","10868","17323"
"2016-06-23 23:45","Leader.java","6490","11011","17501"
"2020-03-25 03:38","Leader.java","218686","270322","489008"
"2019-12-27 22:33","Leader.java","218685","266214","484899"
"2016-08-13 15:01","Leader.java","7003","12219","19222"
"2019-10-10 14:37","Leader.java","217230","259834","477064"
"2015-10-18 19:00","QuorumPeer.java","3889","13623","17512"
"2018-12-20 15:13","QuorumPeer.java","210150","229612","439762"
"2019-05-16 16:25","QuorumPeer.java","210243","240934","451177"
"2018-10-16 16:22","QuorumPeer.java","190492","234781","425273"
"2019-06-14 09:06","QuorumPeer.java","210259","244149","454408"
"2018-12-07 12:41","QuorumPeer.java","210149","226625","436774"
"2019-03-11 19:47","QuorumPeer.java","210169","236059","446228"
"2019-02-13 13:12","QuorumPeer.java","210170","235008","445178"
"2019-04-12 19:01","QuorumPeer.java","210243","237942","448185"
"2018-12-09 03:16","QuorumPeer.java","210149","228699","438848"
"2018-09-11 15:23","QuorumPeer.java","112238","138856","251094"
"2019-11-29 14:49","QuorumPeer.java","211699","264148","475847"
"2018-12-15 07:34","QuorumPeer.java","210149","228614","438763"
"2018-11-27 10:02","QuorumPeer.java","210149","226375","436524"
"2018-09-18 01:00","QuorumPeer.java","112356","140229","252585"
"2019-06-03 19:40","QuorumPeer.java","210259","241482","451741"
"2019-07-15 14:15","QuorumPeer.java","210259","251570","461829"
"2015-03-17 18:06","QuorumPeer.java","1635","7608","9243"
"2019-07-03 00:44","QuorumPeer.java","210259","244164","454423"
"2019-08-17 17:13","QuorumPeer.java","210259","256151","466410"
"2015-06-27 02:03","QuorumPeer.java","2649","11311","13960"
"2017-11-28 00:10","QuorumPeer.java","16335","35212","51547"
"2018-01-30 08:02","QuorumPeer.java","16738","35768","52506"
"2019-05-15 11:56","QuorumPeer.java","210243","240889","451132"
"2019-06-05 00:33","QuorumPeer.java","210259","241872","452131"
"2019-05-20 23:13","QuorumPeer.java","210243","241007","451250"
"2019-06-04 10:55","QuorumPeer.java","210259","241635","451894"
"2019-07-12 17:01","QuorumPeer.java","210259","251464","461723"
"2020-01-09 11:27","QuorumPeer.java","211700","265695","477395"
"2017-02-09 11:40","QuorumPeer.java","10100","27753","37853"
"2017-07-06 18:48","QuorumPeer.java","14132","29471","43603"
"2018-10-01 06:11","QuorumPeer.java","113031","143483","256514"
"2015-04-09 20:16","QuorumPeer.java","1677","8713","10390"
"2018-07-04 17:11","QuorumPeer.java","25522","48113","73635"
"2019-12-17 13:48","QuorumPeer.java","211699","264720","476419"
"2015-12-07 05:59","QuorumPeer.java","4181","14673","18854"
"2020-01-23 13:43","QuorumPeer.java","211700","267519","479219"
"2016-06-23 23:45","QuorumPeer.java","7754","19316","27070"
"2016-06-23 23:25","QuorumPeer.java","7720","19174","26894"
"2018-12-06 10:56","QuorumPeer.java","210149","226569","436718"
"2019-10-10 14:37","QuorumPeer.java","210259","259904","470163"
"2017-07-27 23:09","QuorumPeer.java","15646","29999","45645"
"2018-06-26 11:18","QuorumPeer.java","17265","39838","57103"
"2018-07-27 12:32","QuorumPeer.java","36037","59828","95865"
"2019-04-18 19:17","QuorumPeer.java","210243","238652","448895"
"2016-12-20 14:47","QuorumPeer.java","9824","26342","36166"
"2017-05-11 16:59","QuorumPeer.java","13800","28272","42072"
"2014-08-14 08:08","QuorumPeer.java","753","2073","2826"
"2014-08-01 07:38","QuorumPeer.java","642","1541","2183"
"2014-07-20 04:50","QuorumPeer.java","264","785","1049"
"2016-06-02 00:59","QuorumPeer.java","7662","18747","26409"
"2020-02-16 10:25","QuorumPeer.java","211700","268232","479932"
"2019-08-17 17:13","RequestProcessor.java","183022","256904","439926"
"2012-03-15 17:47","RequestProcessor.java","8180","17170","25350"
"2018-11-17 18:37","ConfigUtils.java","191662","224380","416042"
"2018-10-08 14:33","ConfigUtils.java","172300","232383","404683"
"2019-08-17 17:13","ConfigUtils.java","191763","256406","448169"
"2018-07-27 12:32","ConfigUtils.java","43470","86012","129482"
"2016-09-08 16:21","ConfigUtils.java","18213","49067","67280"
"2019-07-31 19:06","ZooKeeperServer.java","6907","21547","28454"
"2019-09-11 10:27","ZooKeeperServer.java","31033","47722","78755"
"2019-07-08 23:26","ZooKeeperServer.java","4125","8234","12359"
"2019-06-04 10:55","ZooKeeperServer.java","574","1391","1965"
"2019-08-03 08:42","ZooKeeperServer.java","7257","23298","30555"
"2019-05-15 11:56","ZooKeeperServer.java","75","162","237"
"2019-05-22 11:39","ZooKeeperServer.java","179","712","891"
"2019-09-10 04:26","ZooKeeperServer.java","30991","47369","78360"
"2019-08-17 17:13","ZooKeeperServer.java","29675","45008","74683"
"2019-09-05 23:12","ZooKeeperServer.java","30956","47208","78164"
"2019-09-10 15:21","ZooKeeperServer.java","31001","47377","78378"
"2019-08-01 07:31","ZooKeeperServer.java","6988","22992","29980"
"2019-08-01 07:28","ZooKeeperServer.java","6914","22428","29342"
"2019-06-03 19:40","ZooKeeperServer.java","405","1069","1474"
"2019-11-23 17:08","ZooKeeperServer.java","37482","57516","94998"
"2019-10-09 16:49","ZooKeeperServer.java","31587","50506","82093"
"2019-07-03 00:44","ZooKeeperServer.java","4039","7385","11424"
"2019-07-24 18:00","ZooKeeperServer.java","5449","17237","22686"
"2019-12-27 22:33","ZooKeeperServer.java","37966","61977","99943"
"2019-11-18 09:05","ZooKeeperServer.java","37287","55764","93051"
"2019-10-10 14:37","ZooKeeperServer.java","32058","51144","83202"
"2019-09-16 23:26","ZooKeeperServer.java","31235","49587","80822"
"2019-12-03 10:01","ZooKeeperServer.java","37812","59748","97560"
"2020-03-25 03:38","ZooKeeperServer.java","39597","67715","107312"
"2019-11-28 12:24","ZooKeeperServer.java","37538","57777","95315"
"2019-11-06 15:21","ZooKeeperServer.java","32196","51498","83694"
"2020-04-12 11:14","ZooKeeperServer.java","40191","69062","109253"
"2017-11-15 22:33","CommitProcessor.java","23799","64679","88478"
"2019-08-17 17:13","CommitProcessor.java","185188","256464","441652"
"2019-07-30 02:31","CommitProcessor.java","185188","254385","439573"
"2016-05-15 23:31","CommitProcessor.java","18050","54410","72460"
"2019-08-03 08:42","CommitProcessor.java","185188","257172","442360"
"2019-04-09 15:35","CommitProcessor.java","185114","237247","422361"
"2019-04-25 02:11","CommitProcessor.java","185172","240168","425340"
"2019-01-07 14:24","CommitProcessor.java","185094","231200","416294"
"2015-03-08 23:07","CommitProcessor.java","13136","43445","56581"
"2014-07-15 23:54","CommitProcessor.java","11945","34377","46322"
"2014-03-23 04:12","CommitProcessor.java","4324","20327","24651"
"2020-03-25 03:38","CommitProcessor.java","186500","270561","457061"
"2019-10-10 14:37","CommitProcessor.java","185188","260217","445405"
"2019-11-11 13:55","CommitProcessor.java","185216","262200","447416"
"2019-12-27 22:33","CommitProcessor.java","186500","266454","452954"
"2019-07-31 19:06","ClientBase.java","153939","173506","327445"
"2019-08-17 17:13","ClientBase.java","153973","174233","328206"
"2019-06-07 14:13","ClientBase.java","152069","158433","310502"
"2019-06-24 11:05","ClientBase.java","153297","160890","314187"
"2019-11-14 16:44","ClientBase.java","155029","183316","338345"
"2019-10-10 14:37","ClientBase.java","154975","178988","333963"
"2019-08-17 17:13","ServerCnxn.java","26739","37963","64702"
"2019-11-18 09:05","ServerCnxn.java","34422","48790","83212"
"2020-02-26 22:41","ServerCnxn.java","36631","58509","95140"
"2019-11-11 13:59","ServerCnxn.java","29388","48022","77410"
"2019-08-17 17:13","ReadAheadEndpoint.java","25352","28338","53690"
"2019-12-28 16:17","SyncCommand.java","10230","18815","29045"
"2019-07-02 07:34","Follower.java","57679","245785","303464"
"2009-01-15 23:57","Follower.java","7291","39850","47141"
"2018-12-09 03:16","Follower.java","57663","230484","288147"
"2019-04-12 19:01","Follower.java","57679","239649","297328"
"2013-03-07 07:01","Follower.java","16854","152625","169479"
"2015-02-06 06:17","Follower.java","18469","177742","196211"
"2011-04-29 18:12","Follower.java","12737","134708","147445"
"2011-01-22 20:38","Follower.java","12535","175306","187841"
"2011-02-07 20:26","Follower.java","12605","175393","187998"
"2018-09-18 01:00","Follower.java","44517","226912","271429"
"2019-08-17 17:13","Follower.java","57679","257842","315521"
"2009-06-15 22:52","Follower.java","9176","84761","93937"
"2019-06-29 00:33","Follower.java","57679","245829","303508"
"2019-08-06 17:11","Follower.java","57679","258943","316622"
"2019-07-15 14:15","Follower.java","57679","253261","310940"
"2019-08-23 19:43","Follower.java","57679","258508","316187"
"2017-11-28 00:10","Follower.java","18974","192373","211347"
"2019-06-05 00:33","Follower.java","57679","243563","301242"
"2009-02-20 01:23","Follower.java","8209","54394","62603"
"2011-06-14 07:14","Follower.java","12749","136335","149084"
"2019-05-03 00:44","Follower.java","57679","241839","299518"
"2010-01-25 04:28","Follower.java","11259","112317","123576"
"2009-10-30 17:19","Follower.java","10486","98778","109264"
"2009-11-20 23:28","Follower.java","10827","108271","119098"
"2015-06-05 21:15","Follower.java","18506","181369","199875"
"2019-12-27 22:33","Follower.java","58000","266841","324841"
"2016-08-13 15:01","Follower.java","18579","185358","203937"
"2019-10-10 14:37","Follower.java","57679","261595","319274"
"2010-08-18 08:24","Follower.java","12151","142742","154893"
"2016-12-20 14:47","Follower.java","18804","189844","208648"
"2008-10-01 08:26","Follower.java","2205","17140","19345"
"2014-07-22 06:51","Follower.java","18389","173458","191847"
"2019-08-17 17:13","ServerStats.java","29620","47813","77433"
"2020-03-26 18:41","ZooKeeperMain.java","179499","270814","450313"
"2016-10-16 14:21","ZooKeeperMain.java","24594","83323","107917"
"2011-05-20 01:17","ZooKeeperMain.java","188","1007","1195"
"2020-04-01 17:02","ZooKeeperMain.java","179499","271138","450637"
"2013-10-01 23:18","ZooKeeperMain.java","13389","42376","55765"
"2019-10-10 14:37","ZooKeeperMain.java","178405","260685","439090"
"2015-11-22 00:33","ZooKeeperMain.java","22440","78096","100536"
"2020-03-26 22:19","ZooKeeperMain.java","179499","270883","450382"
"2011-08-18 22:05","ZooKeeperMain.java","1720","10993","12713"
"2011-05-16 19:39","ZooKeeperMain.java","133","524","657"
"2015-11-08 22:54","ZooKeeperMain.java","22389","77752","100141"
"2016-07-27 01:33","ZooKeeperMain.java","24137","81318","105455"
"2014-04-04 00:39","ZooKeeperMain.java","14141","50947","65088"
"2019-11-28 12:24","ZooKeeperMain.java","179499","262932","442431"
"2016-11-13 20:59","ZooKeeperMain.java","24614","85548","110162"
"2019-08-03 08:42","ZooKeeperMain.java","178405","257640","436045"
"2012-03-18 07:03","ZooKeeperMain.java","10440","24025","34465"
"2017-07-28 00:36","ZooKeeperMain.java","27653","87433","115086"
"2016-05-02 18:15","ZooKeeperMain.java","24080","79995","104075"
"2015-03-28 20:08","ZooKeeperMain.java","21114","73399","94513"
"2019-08-17 17:13","ZooKeeperMain.java","178405","256932","435337"
"2013-09-02 23:04","ZooKeeperMain.java","13237","41464","54701"
"2018-08-06 14:11","ZooKeeperMain.java","45271","114997","160268"
"2019-01-23 14:00","NettyServerCnxn.java","42193","20622","62815"
"2019-02-18 17:05","NettyServerCnxn.java","42626","23587","66213"
"2019-02-12 15:25","NettyServerCnxn.java","42461","22988","65449"
"2019-04-12 19:01","NettyServerCnxn.java","43209","26718","69927"
"2018-11-22 17:56","NettyServerCnxn.java","34035","4434","38469"
"2018-11-17 18:33","NettyServerCnxn.java","33522","3299","36821"
"2019-01-14 19:38","NettyServerCnxn.java","42116","19110","61226"
"2019-08-17 17:13","NettyServerCnxn.java","69335","71037","140372"
"2019-07-03 00:44","NettyServerCnxn.java","47072","36787","83859"
"2019-11-23 17:08","NettyServerCnxn.java","76414","82817","159231"
"2019-07-23 15:55","NettyServerCnxn.java","48335","46045","94380"
"2019-05-06 18:32","NettyServerCnxn.java","43458","29514","72972"
"2019-04-22 19:15","NettyServerCnxn.java","43231","27715","70946"
"2019-08-03 08:42","NettyServerCnxn.java","49953","52363","102316"
"2019-11-18 09:05","NettyServerCnxn.java","76231","81077","157308"
"2019-11-21 05:58","NettyServerCnxn.java","76241","81110","157351"
"2019-09-16 23:26","NettyServerCnxn.java","70569","75290","145859"
"2019-10-10 14:37","NettyServerCnxn.java","71311","76766","148077"
"2019-05-20 12:24","RestoreCommittedLogTest.java","222001","240672","462673"
"2019-04-09 15:35","RestoreCommittedLogTest.java","221926","236650","458576"
"2019-08-17 17:13","RestoreCommittedLogTest.java","222020","255887","477907"
"2019-05-14 17:11","RestoreCommittedLogTest.java","222001","240535","462536"
"2016-09-09 00:10","LoadFromLogTest.java","66418","83708","150126"
"2012-03-06 09:20","LoadFromLogTest.java","50451","22668","73119"
"2019-10-10 14:37","LoadFromLogTest.java","219058","260725","479783"
"2011-06-05 22:54","LoadFromLogTest.java","42818","3753","46571"
"2011-07-28 07:49","LoadFromLogTest.java","43921","12086","56007"
"2011-05-21 00:43","LoadFromLogTest.java","42818","3724","46542"
"2014-02-10 21:50","LoadFromLogTest.java","55750","50580","106330"
"2019-08-17 17:13","LoadFromLogTest.java","219058","256972","476030"
"2019-06-07 14:13","LoadFromLogTest.java","219058","243076","462134"
"2017-12-06 23:14","LoadFromLogTest.java","69780","93298","163078"
"2011-12-21 21:39","LoadFromLogTest.java","49886","20820","70706"
"2013-06-28 23:22","LoadFromLogTest.java","55234","43055","98289"
"2019-07-29 17:15","JavaGenerator.java","224314","252786","477100"
"2018-12-09 03:16","FollowerRequestProcessor.java","191663","228964","420627"
"2016-10-07 21:51","FollowerRequestProcessor.java","18401","50510","68911"
"2019-08-17 17:13","FollowerRequestProcessor.java","191763","256406","448169"
"2015-06-04 19:51","FollowerRequestProcessor.java","12726","39784","52510"
"2019-08-01 07:31","FollowerRequestProcessor.java","191763","257077","448840"
"2014-03-23 04:12","FollowerRequestProcessor.java","2219","11589","13808"
"2020-03-25 03:38","FollowerRequestProcessor.java","193109","270537","463646"
"2014-07-18 19:46","FollowerRequestProcessor.java","10981","29959","40940"
"2019-10-10 14:37","FollowerRequestProcessor.java","191763","260159","451922"
"2020-05-05 21:20","FollowerRequestProcessor.java","193109","271568","464677"
"2013-10-09 22:21","FollowerRequestProcessor.java","1523","6718","8241"
"2015-03-08 23:07","FollowerRequestProcessor.java","12104","35780","47884"
"2010-03-11 04:17","NIOServerCnxn.java","10881","23854","34735"
"2011-05-03 23:29","NIOServerCnxn.java","21676","46153","67829"
"2010-01-26 01:17","NIOServerCnxn.java","2061","6025","8086"
"2019-11-21 05:58","NIOServerCnxn.java","155466","261293","416759"
"2015-11-08 22:36","NIOServerCnxn.java","32335","110702","143037"
"2019-11-18 09:05","NIOServerCnxn.java","155466","261270","416736"
"2013-09-10 00:37","NIOServerCnxn.java","29317","80744","110061"
"2019-09-16 23:26","NIOServerCnxn.java","154519","260198","414717"
"2019-10-10 14:37","NIOServerCnxn.java","154519","260932","415451"
"2013-10-05 00:57","NIOServerCnxn.java","29464","81645","111109"
"2018-09-28 23:38","NIOServerCnxn.java","94804","193648","288452"
"2010-08-18 08:24","NIOServerCnxn.java","16434","49522","65956"
"2010-05-04 23:45","NIOServerCnxn.java","14921","28295","43216"
"2010-03-09 03:00","NIOServerCnxn.java","10696","23049","33745"
"2020-02-11 06:50","NIOServerCnxn.java","155466","268645","424111"
"2019-01-23 14:00","NIOServerCnxn.java","154467","233854","388321"
"2019-07-08 23:26","NIOServerCnxn.java","154519","245955","400474"
"2019-04-12 19:01","NIOServerCnxn.java","154519","238986","393505"
"2019-01-14 19:38","NIOServerCnxn.java","154467","232419","386886"
"2018-11-17 18:33","NIOServerCnxn.java","154467","225202","379669"
"2017-03-04 19:22","NIOServerCnxn.java","35695","118961","154656"
"2011-08-19 00:05","NIOServerCnxn.java","20637","55134","75771"
"2013-12-11 19:22","NIOServerCnxn.java","29662","85897","115559"
"2012-02-11 00:34","NIOServerCnxn.java","25951","61619","87570"
"2016-12-22 23:23","NIOServerCnxn.java","34653","119909","154562"
"2018-09-18 01:00","NIOServerCnxn.java","94706","190976","285682"
"2019-08-17 17:13","NIOServerCnxn.java","154519","257179","411698"
"2015-06-28 21:09","NIOServerCnxn.java","32232","109291","141523"
"2015-03-28 20:08","NIOServerCnxn.java","32020","107379","139399"
"2019-07-03 00:44","NIOServerCnxn.java","154519","245192","399711"
"2019-08-03 08:42","NIOServerCnxn.java","154519","257887","412406"
"2016-11-16 06:21","NIOServerCnxn.java","34421","118976","153397"
"2012-12-19 19:07","NIOServerCnxn.java","28652","72861","101513"
"2013-09-18 12:58","ClientCnxn.java","15217","128407","143624"
"2015-01-31 08:05","ClientCnxn.java","17055","151551","168606"
"2016-05-02 18:15","ClientCnxn.java","18657","159189","177846"
"2014-01-24 07:18","ClientCnxn.java","15323","135245","150568"
"2009-07-17 00:09","ClientCnxn.java","5470","57639","63109"
"2009-05-20 20:48","ClientCnxn.java","4022","43846","47868"
"2019-08-17 17:13","ClientCnxn.java","90121","257706","347827"
"2009-06-25 22:41","ClientCnxn.java","5275","56316","61591"
"2015-05-10 00:27","ClientCnxn.java","17110","154145","171255"
"2009-01-28 01:15","ClientCnxn.java","745","895","1640"
"2017-12-19 19:27","ClientCnxn.java","19980","168841","188821"
"2019-01-31 15:50","ClientCnxn.java","90094","235346","325440"
"2012-08-02 00:24","ClientCnxn.java","14219","114984","129203"
"2019-04-09 15:35","ClientCnxn.java","90100","238542","328642"
"2013-02-03 15:52","ClientCnxn.java","14853","121979","136832"
"2014-12-20 15:29","ClientCnxn.java","17045","151530","168575"
"2012-03-15 18:01","ClientCnxn.java","14044","112419","126463"
"2019-11-08 17:30","ClientCnxn.java","90121","263320","353441"
"2017-06-08 17:59","ClientCnxn.java","19848","164419","184267"
"2012-09-09 20:24","ClientCnxn.java","14228","115732","129960"
"2019-01-16 14:21","ClientCnxn.java","90094","233659","323753"
"2019-01-07 14:24","ClientCnxn.java","90094","232509","322603"
"2009-06-25 00:59","ClientCnxn.java","5265","56215","61480"
"2019-03-06 03:32","ClientCnxn.java","90100","237470","327570"
"2010-11-11 18:11","ClientCnxn.java","10343","139395","149738"
"2010-11-10 23:36","ClientCnxn.java","10299","139355","149654"
"2011-09-14 07:43","ClientCnxn.java","9514","107774","117288"
"2011-08-19 00:05","ClientCnxn.java","9429","105469","114898"
"2015-02-06 06:17","ClientCnxn.java","17071","151762","168833"
"2019-02-07 11:26","ClientCnxn.java","90094","236011","326105"
"2018-11-05 19:40","ClientCnxn.java","68726","243044","311770"
"2011-04-12 09:14","ClientCnxn.java","10870","99928","110798"
"2010-10-06 18:14","ClientCnxn.java","9964","136302","146266"
"2010-11-30 21:16","ClientCnxn.java","10441","139864","150305"
"2020-05-17 15:13","ClientCnxn.java","90578","272108","362686"
"2018-06-25 12:30","ClientCnxn.java","20107","172494","192601"
"2012-12-19 19:16","ClientCnxn.java","14813","121446","136259"
"2020-03-03 03:12","ClientCnxn.java","90577","269897","360474"
"2018-09-10 11:44","ClientCnxn.java","52832","208404","261236"
"2011-09-28 22:17","ClientCnxn.java","12077","108390","120467"
"2015-06-13 02:42","ClientCnxn.java","17164","155661","172825"
"2010-10-21 02:44","ClientCnxn.java","10031","138020","148051"
"2010-08-05 09:09","ClientCnxn.java","9586","102463","112049"
"2011-05-20 01:17","ClientCnxn.java","10901","100778","111679"
"2014-03-23 04:12","ClientCnxn.java","15439","135998","151437"
"2015-11-09 00:05","ClientCnxn.java","17201","157190","174391"
"2015-12-06 19:58","ClientCnxn.java","17233","157527","174760"
"2020-01-21 17:53","ClientCnxn.java","90577","266158","356735"
"2015-12-05 22:43","ClientCnxn.java","17233","157524","174757"
"2015-12-05 22:32","ClientCnxn.java","17233","157519","174752"
"2010-03-04 02:28","ClientCnxn.java","8619","80167","88786"
"2010-01-25 04:28","ClientCnxn.java","8351","76831","85182"
"2019-10-10 14:37","ClientCnxn.java","90121","261459","351580"
"2014-04-01 04:03","ClientCnxn.java","15513","136915","152428"
"2013-09-18 15:14","ClientCnxn.java","15217","128425","143642"
"2013-09-18 04:08","ClientCnxn.java","15217","128321","143538"
"2019-11-21 05:58","ClientCnxn.java","90577","261329","351906"
"2020-04-16 12:50","ClientCnxn.java","90577","271736","362313"
"2018-07-27 05:16","ClientCnxn.java","26321","179860","206181"
"2010-01-26 03:22","ClientCnxn.java","8431","77459","85890"
"2009-10-31 00:09","ClientCnxn.java","7159","63723","70882"
"2009-11-07 01:48","ClientCnxn.java","7406","64375","71781"
"2010-01-05 18:32","ClientCnxn.java","8111","73725","81836"
"2019-08-01 07:31","ObserverRequestProcessor.java","154189","257858","412047"
"2019-08-17 17:13","ObserverRequestProcessor.java","154189","257187","411376"
"2015-06-04 19:51","ObserverRequestProcessor.java","32126","109174","141300"
"2016-10-07 21:51","ObserverRequestProcessor.java","34327","116426","150753"
"2013-03-07 07:01","ObserverRequestProcessor.java","29043","79033","108076"
"2015-03-08 23:07","ObserverRequestProcessor.java","31923","105589","137512"
"2013-10-09 22:21","ObserverRequestProcessor.java","29558","84743","114301"
"2010-08-18 08:24","ObserverRequestProcessor.java","16458","49884","66342"
"2011-07-15 06:50","ObserverRequestProcessor.java","20496","50299","70795"
"2011-10-28 18:37","ObserverRequestProcessor.java","25331","58849","84180"
"2011-04-12 09:14","ObserverRequestProcessor.java","21670","46141","67811"
"2014-07-18 19:46","ObserverRequestProcessor.java","31684","100652","132336"
"2014-03-23 04:12","ObserverRequestProcessor.java","29814","89174","118988"
"2020-03-25 03:38","ObserverRequestProcessor.java","155128","270911","426039"
"2019-12-03 10:01","Commands.java","3","49","52"
"2019-05-06 17:48","LearnerHandlerTest.java","228044","239372","467416"
"2019-08-17 17:13","LearnerHandlerTest.java","228064","255079","483143"
"2018-12-09 03:16","LearnerHandlerTest.java","227923","227596","455519"
"2019-05-20 17:18","LearnerHandlerTest.java","228046","239852","467898"
"2019-07-03 20:54","LearnerHandlerTest.java","228063","243072","471135"
"2008-09-04 19:02","FollowerRequestProcessor.java","1557","11672","13229"
"2018-12-09 03:16","FollowerRequestProcessor.java","48050","230531","278581"
"2013-03-07 07:01","FollowerRequestProcessor.java","16733","162164","178897"
"2016-10-07 21:51","FollowerRequestProcessor.java","18504","196044","214548"
"2019-08-17 17:13","FollowerRequestProcessor.java","48065","257888","305953"
"2009-05-20 20:51","FollowerRequestProcessor.java","9184","91252","100436"
"2015-06-04 19:51","FollowerRequestProcessor.java","18381","190870","209251"
"2009-06-15 22:52","FollowerRequestProcessor.java","9481","94726","104207"
"2019-08-01 07:31","FollowerRequestProcessor.java","48065","258559","306624"
"2009-01-16 00:48","FollowerRequestProcessor.java","7992","50230","58222"
"2014-03-23 04:12","FollowerRequestProcessor.java","16903","171704","188607"
"2020-03-25 03:38","FollowerRequestProcessor.java","48340","270948","319288"
"2014-07-18 19:46","FollowerRequestProcessor.java","18258","182667","200925"
"2019-10-10 14:37","FollowerRequestProcessor.java","48065","261641","309706"
"2011-10-28 18:37","FollowerRequestProcessor.java","15777","144736","160513"
"2011-04-12 09:14","FollowerRequestProcessor.java","12713","144009","156722"
"2011-07-15 06:50","FollowerRequestProcessor.java","13019","138263","151282"
"2020-05-05 21:20","FollowerRequestProcessor.java","48340","271979","320319"
"2013-10-09 22:21","FollowerRequestProcessor.java","16830","167456","184286"
"2010-08-18 08:24","FollowerRequestProcessor.java","12165","152416","164581"
"2015-03-08 23:07","FollowerRequestProcessor.java","18350","187457","205807"
"2019-11-14 03:54","ServerCnxnFactory.java","194287","264404","458691"
"2019-11-11 13:59","ServerCnxnFactory.java","194287","263805","458092"
"2017-04-19 01:19","ServerCnxnFactory.java","20861","52274","73135"
"2018-10-24 04:03","ServerCnxnFactory.java","174770","235176","409946"
"2014-07-18 02:19","ServerCnxnFactory.java","9867","26083","35950"
"2019-02-13 13:12","ServerCnxnFactory.java","194180","235234","429414"
"2017-10-07 21:22","ServerCnxnFactory.java","23300","54593","77893"
"2019-08-17 17:13","ServerCnxnFactory.java","194259","256367","450626"
"2019-06-07 14:13","ServerCnxnFactory.java","194259","242471","436730"
"2019-07-03 00:44","ServerCnxnFactory.java","194259","244380","438639"
"2015-03-17 18:06","ServerCnxnFactory.java","11180","33369","44549"
"2015-03-28 20:08","ServerCnxnFactory.java","11214","34392","45606"
"2016-05-02 18:15","ServerCnxnFactory.java","16339","43147","59486"
"2016-07-27 01:33","RemoveWatchesCommand.java","9332","27943","37275"
"2019-08-17 17:13","RemoveWatchesCommand.java","203510","256155","459665"
"2019-01-31 15:55","RemoveWatchesCommand.java","203402","233706","437108"
"2017-05-27 00:52","RemoveWatchesCommand.java","14942","36229","51171"
"2018-12-09 03:16","LeaderZooKeeperServer.java","90075","230337","320412"
"2018-11-21 17:56","LeaderZooKeeperServer.java","90075","225769","315844"
"2012-01-31 07:45","LeaderZooKeeperServer.java","13928","110573","124501"
"2009-02-06 22:19","LeaderZooKeeperServer.java","2800","16286","19086"
"2019-06-04 10:55","LeaderZooKeeperServer.java","90102","243190","333292"
"2009-02-02 23:26","LeaderZooKeeperServer.java","2414","13821","16235"
"2015-06-04 19:51","LeaderZooKeeperServer.java","17204","155470","172674"
"2009-06-26 22:29","LeaderZooKeeperServer.java","5476","57136","62612"
"2019-08-17 17:13","LeaderZooKeeperServer.java","90102","257706","347808"
"2009-06-18 18:37","LeaderZooKeeperServer.java","4871","48968","53839"
"2009-05-20 22:16","LeaderZooKeeperServer.java","4281","44192","48473"
"2019-06-03 19:40","LeaderZooKeeperServer.java","90102","243037","333139"
"2009-12-18 03:19","LeaderZooKeeperServer.java","8230","73688","81918"
"2019-11-25 15:37","LeaderZooKeeperServer.java","90558","262970","353528"
"2019-12-27 22:33","LeaderZooKeeperServer.java","90558","266840","357398"
"2009-08-07 01:23","LeaderZooKeeperServer.java","5734","58753","64487"
"2010-03-12 19:26","LeaderZooKeeperServer.java","8786","87093","95879"
"2013-10-09 22:21","LeaderZooKeeperServer.java","15337","131740","147077"
"2011-10-20 20:02","LeaderZooKeeperServer.java","13647","108133","121780"
"2017-09-11 18:55","QuorumBase.java","27201","160071","187272"
"2012-04-23 01:20","QuorumBase.java","21219","108480","129699"
"2019-07-12 17:01","QuorumBase.java","102765","253000","355765"
"2012-12-11 08:42","QuorumBase.java","21410","113850","135260"
"2009-06-18 18:37","QuorumBase.java","4485","35900","40385"
"2019-08-17 17:13","QuorumBase.java","102765","257687","360452"
"2009-07-17 00:09","QuorumBase.java","6267","45773","52040"
"2019-08-01 07:31","QuorumBase.java","102765","258358","361123"
"2009-11-18 20:06","QuorumBase.java","8659","60583","69242"
"2018-08-08 06:21","QuorumBase.java","43188","185805","228993"
"2009-11-07 01:48","QuorumBase.java","8242","52548","60790"
"2009-12-15 23:23","QuorumBase.java","8884","61386","70270"
"2009-11-20 23:28","QuorumBase.java","8708","60911","69619"
"2009-09-16 02:09","QuorumBase.java","6810","48731","55541"
"2019-10-10 14:37","QuorumBase.java","102765","261440","364205"
"2010-03-13 01:06","QuorumBase.java","12862","78498","91360"
"2020-03-25 03:38","QuorumBase.java","103223","270930","374153"
"2014-07-18 19:46","QuorumBase.java","24030","142107","166137"
"2010-07-23 06:22","QuorumBase.java","13942","93392","107334"
"2011-05-20 01:17","QuorumBase.java","17936","95150","113086"
"2010-05-05 22:32","QuorumBase.java","13796","79451","93247"
"2010-08-18 08:24","QuorumBase.java","14323","99673","113996"
"2013-10-09 22:21","QuorumBase.java","22302","126596","148898"
"2010-03-31 06:26","QuorumBase.java","13734","79617","93351"
"2009-05-14 22:15","QuorumBase.java","3196","30196","33392"
"2014-06-25 19:25","QuorumBase.java","23836","136917","160753"
"2011-04-12 09:14","QuorumBase.java","17906","94301","112207"
"2019-08-17 17:13","UpgradeableSessionTracker.java","156211","174230","330441"
"2019-09-05 23:12","UpgradeableSessionTracker.java","157193","176131","333324"
"2019-10-10 14:37","UpgradeableSessionTracker.java","157213","178985","336198"
"2019-07-02 07:34","Follower.java","191763","244349","436112"
"2018-12-09 03:16","Follower.java","191663","228964","420627"
"2019-04-12 19:01","Follower.java","191747","238197","429944"
"2015-02-06 06:17","Follower.java","12040","35542","47582"
"2018-09-18 01:00","Follower.java","111822","158446","270268"
"2019-08-17 17:13","Follower.java","191763","256406","448169"
"2019-06-29 00:33","Follower.java","191763","244393","436156"
"2019-08-06 17:11","Follower.java","191763","257507","449270"
"2019-07-15 14:15","Follower.java","191763","251825","443588"
"2019-08-23 19:43","Follower.java","191763","257072","448835"
"2017-11-28 00:10","Follower.java","24430","62058","86488"
"2019-06-05 00:33","Follower.java","191763","242127","433890"
"2019-05-03 00:44","Follower.java","191747","240387","432134"
"2015-06-05 21:15","Follower.java","12731","39823","52554"
"2019-12-27 22:33","Follower.java","193109","266430","459539"
"2016-08-13 15:01","Follower.java","17972","48980","66952"
"2019-10-10 14:37","Follower.java","191763","260159","451922"
"2016-12-20 14:47","Follower.java","19249","54518","73767"
"2014-07-22 06:51","Follower.java","11208","30506","41714"
"2019-12-27 22:33","PrepRequestProcessorMetricsTest.java","10004","18682","28686"
"2019-08-17 17:13","ConfCommand.java","218737","255967","474704"
"2016-12-22 23:23","ConfCommand.java","6524","14721","21245"
"2015-03-08 23:07","ObserverZooKeeperServer.java","16224","56408","72632"
"2013-11-14 05:34","ObserverZooKeeperServer.java","8501","31011","39512"
"2019-10-10 14:37","ObserverZooKeeperServer.java","175508","260412","435920"
"2016-08-13 15:01","ObserverZooKeeperServer.java","21022","68538","89560"
"2013-09-30 22:20","ObserverZooKeeperServer.java","8086","26979","35065"
"2019-06-04 10:55","ObserverZooKeeperServer.java","175508","242143","417651"
"2019-08-17 17:13","ObserverZooKeeperServer.java","175508","256659","432167"
"2019-06-03 19:40","ObserverZooKeeperServer.java","175508","241990","417498"
"2019-02-13 13:12","ObserverZooKeeperServer.java","175451","235548","410999"
"2009-10-30 17:19","SendAckRequestProcessor.java","2030","3666","5696"
"2011-10-20 20:02","SendAckRequestProcessor.java","26161","69632","95793"
"2011-04-12 09:14","SendAckRequestProcessor.java","22887","57867","80754"
"2019-08-17 17:13","SendAckRequestProcessor.java","143983","257490","401473"
"2019-05-03 00:44","SendAckRequestProcessor.java","143983","241487","385470"
"2019-01-23 14:00","NettyServerCnxn.java","8728","17380","26108"
"2019-02-18 17:05","NettyServerCnxn.java","9162","20346","29508"
"2019-02-12 15:25","NettyServerCnxn.java","8997","19747","28744"
"2019-04-12 19:01","NettyServerCnxn.java","9745","23477","33222"
"2018-11-22 17:56","NettyServerCnxn.java","553","1175","1728"
"2019-01-14 19:38","NettyServerCnxn.java","8653","15870","24523"
"2019-08-17 17:13","NettyServerCnxn.java","36708","68633","105341"
"2019-07-03 00:44","NettyServerCnxn.java","13614","33552","47166"
"2019-11-23 17:08","NettyServerCnxn.java","43788","80414","124202"
"2019-07-23 15:55","NettyServerCnxn.java","14965","42898","57863"
"2019-05-06 18:32","NettyServerCnxn.java","9994","26273","36267"
"2019-04-22 19:15","NettyServerCnxn.java","9767","24474","34241"
"2019-08-03 08:42","NettyServerCnxn.java","16603","49236","65839"
"2019-11-18 09:05","NettyServerCnxn.java","43605","78674","122279"
"2019-11-21 05:58","NettyServerCnxn.java","43615","78707","122322"
"2019-09-16 23:26","NettyServerCnxn.java","37942","72886","110828"
"2019-10-10 14:37","NettyServerCnxn.java","38681","74359","113040"
"2018-09-15 00:08","ZooKeeperServer.java","52875","210054","262929"
"2019-04-12 19:01","ZooKeeperServer.java","90103","239514","329617"
"2019-07-31 19:06","ZooKeeperServer.java","90102","257013","347115"
"2019-09-11 10:27","ZooKeeperServer.java","90102","259062","349164"
"2019-01-14 19:38","ZooKeeperServer.java","90075","232971","323046"
"2019-01-07 15:34","ZooKeeperServer.java","90075","232572","322647"
"2018-11-21 17:56","ZooKeeperServer.java","90075","225769","315844"
"2012-01-31 07:45","ZooKeeperServer.java","13928","110573","124501"
"2017-04-28 07:14","ZooKeeperServer.java","19665","164926","184591"
"2011-08-19 00:05","ZooKeeperServer.java","9516","105575","115091"
"2017-02-12 00:12","ZooKeeperServer.java","19638","164000","183638"
"2014-07-18 02:19","ZooKeeperServer.java","16981","146940","163921"
"2013-12-11 19:22","ZooKeeperServer.java","15365","133162","148527"
"2019-02-13 13:12","ZooKeeperServer.java","90082","236632","326714"
"2012-02-11 00:34","ZooKeeperServer.java","14094","111324","125418"
"2016-11-24 17:18","ZooKeeperServer.java","19163","165301","184464"
"2018-07-19 05:59","ZooKeeperServer.java","26353","179599","205952"
"2018-09-18 01:00","ZooKeeperServer.java","52917","210749","263666"
"2019-03-04 08:07","ZooKeeperServer.java","90081","237208","327289"
"2019-07-08 23:26","ZooKeeperServer.java","90102","246482","336584"
"2019-01-23 14:00","ZooKeeperServer.java","90075","234406","324481"
"2019-02-13 13:19","ZooKeeperServer.java","90082","236918","327000"
"2019-05-14 17:11","ZooKeeperServer.java","90103","242374","332477"
"2013-01-25 02:17","ZooKeeperServer.java","14888","121697","136585"
"2015-07-10 08:19","ZooKeeperServer.java","17214","156160","173374"
"2009-02-20 01:23","ZooKeeperServer.java","2910","16536","19446"
"2009-02-06 22:19","ZooKeeperServer.java","2800","16286","19086"
"2019-06-04 10:55","ZooKeeperServer.java","90102","243190","333292"
"2011-06-14 07:14","ZooKeeperServer.java","11034","102061","113095"
"2009-02-27 20:00","ZooKeeperServer.java","2920","16572","19492"
"2019-04-09 15:35","ZooKeeperServer.java","90081","238542","328623"
"2019-08-03 08:42","ZooKeeperServer.java","90102","258414","348516"
"2019-05-15 11:56","ZooKeeperServer.java","90103","242461","332564"
"2019-05-22 11:39","ZooKeeperServer.java","90103","242907","333010"
"2019-04-22 19:15","ZooKeeperServer.java","90103","240489","330592"
"2018-02-23 23:49","ZooKeeperServer.java","20087","170122","190209"
"2016-11-16 06:21","ZooKeeperServer.java","19029","165146","184175"
"2012-12-19 19:07","ZooKeeperServer.java","14839","120610","135449"
"2017-08-18 06:32","ZooKeeperServer.java","19966","164767","184733"
"2009-01-16 00:48","ZooKeeperServer.java","213","232","445"
"2017-06-26 00:16","ZooKeeperServer.java","19913","164706","184619"
"2009-02-02 23:26","ZooKeeperServer.java","2414","13821","16235"
"2019-09-10 04:26","ZooKeeperServer.java","90102","258751","348853"
"2019-08-17 17:13","ZooKeeperServer.java","90102","257706","347808"
"2019-09-05 23:12","ZooKeeperServer.java","90102","258625","348727"
"2019-09-10 15:21","ZooKeeperServer.java","90102","258749","348851"
"2009-05-20 20:48","ZooKeeperServer.java","4224","44067","48291"
"2009-06-15 22:52","ZooKeeperServer.java","4623","47649","52272"
"2019-08-01 07:31","ZooKeeperServer.java","90102","258377","348479"
"2019-08-01 07:28","ZooKeeperServer.java","90102","257887","347989"
"2019-06-03 19:40","ZooKeeperServer.java","90102","243037","333139"
"2015-03-17 18:06","ZooKeeperServer.java","17144","153076","170220"
"2019-11-23 17:08","ZooKeeperServer.java","90558","262863","353421"
"2019-10-09 16:49","ZooKeeperServer.java","90102","261292","351394"
"2019-07-03 00:44","ZooKeeperServer.java","90102","245719","335821"
"2018-01-19 01:12","ZooKeeperServer.java","20052","169045","189097"
"2019-07-24 18:00","ZooKeeperServer.java","90102","254161","344263"
"2013-05-16 18:49","ZooKeeperServer.java","15180","126539","141719"
"2018-08-08 06:21","ZooKeeperServer.java","35459","190185","225644"
"2018-05-09 23:57","ZooKeeperServer.java","20132","171672","191804"
"2009-11-07 01:48","ZooKeeperServer.java","7557","64545","72102"
"2009-12-18 03:19","ZooKeeperServer.java","8230","73688","81918"
"2010-01-26 01:17","ZooKeeperServer.java","8525","77433","85958"
"2019-12-27 22:33","ZooKeeperServer.java","90558","266840","357398"
"2016-08-13 15:01","ZooKeeperServer.java","18909","161125","180034"
"2018-09-11 00:17","ZooKeeperServer.java","52869","208499","261368"
"2019-11-18 09:05","ZooKeeperServer.java","90558","261306","351864"
"2019-10-10 14:37","ZooKeeperServer.java","90102","261459","351561"
"2019-09-16 23:26","ZooKeeperServer.java","90102","260725","350827"
"2013-10-08 01:35","ZooKeeperServer.java","15287","129450","144737"
"2017-06-23 18:39","ZooKeeperServer.java","19892","164705","184597"
"2009-08-07 01:23","ZooKeeperServer.java","5734","58753","64487"
"2011-12-28 07:07","ZooKeeperServer.java","13912","110218","124130"
"2019-12-03 10:01","ZooKeeperServer.java","90558","264765","355323"
"2020-03-25 03:38","ZooKeeperServer.java","90558","270947","361505"
"2010-03-12 19:26","ZooKeeperServer.java","8786","87093","95879"
"2019-11-28 12:24","ZooKeeperServer.java","90558","263068","353626"
"2019-11-06 15:21","ZooKeeperServer.java","90102","261675","351777"
"2011-05-20 01:17","ZooKeeperServer.java","10999","100895","111894"
"2010-07-29 23:10","ZooKeeperServer.java","9710","102552","112262"
"2011-09-17 02:36","ZooKeeperServer.java","12155","108230","120385"
"2020-04-12 11:14","ZooKeeperServer.java","90558","271700","362258"
"2011-09-14 08:56","ZooKeeperServer.java","9614","108249","117863"
"2011-08-21 02:53","ZooKeeperServer.java","9516","105603","115119"
"2010-08-18 08:24","ZooKeeperServer.java","10069","108101","118170"
"2013-10-09 22:21","ZooKeeperServer.java","15337","131740","147077"
"2015-03-08 23:07","ZooKeeperServer.java","17134","152018","169152"
"2018-06-08 16:52","ZooKeeperServer.java","20133","172422","192555"
"2018-06-15 07:41","ZooKeeperServer.java","20149","172441","192590"
"2018-07-28 04:37","ZooKeeperServer.java","26364","180186","206550"
"2019-04-18 19:17","ZooKeeperServer.java","90103","240224","330327"
"2012-03-15 17:47","ZooKeeperServer.java","14110","112374","126484"
"2014-03-25 22:13","ZooKeeperServer.java","15494","136308","151802"
"2011-04-12 09:14","ZooKeeperServer.java","10971","100048","111019"
"2019-07-31 19:06","Commands.java","16300","47532","63832"
"2019-11-29 14:49","Commands.java","44072","82554","126626"
"2019-08-17 17:13","Commands.java","36701","68626","105327"
"2019-06-29 00:33","Commands.java","13495","33407","46902"
"2019-06-03 19:40","Commands.java","10362","27618","37980"
"2019-07-15 14:15","Commands.java","14610","41954","56564"
"2019-07-25 23:43","Commands.java","15464","43925","59389"
"2019-06-05 12:14","Commands.java","10512","28295","38807"
"2019-08-06 01:43","Commands.java","16598","49405","66003"
"2019-05-27 10:54","Commands.java","10172","27417","37589"
"2019-06-04 10:55","Commands.java","10478","27887","38365"
"2019-05-15 11:56","Commands.java","10100","26779","36879"
"2019-12-03 10:01","Commands.java","44066","82594","126660"
"2019-11-20 07:00","Commands.java","43598","78679","122277"
"2014-07-26 04:11","ZooKeeperServerMainTest.java","9638","19539","29177"
"2016-09-18 23:21","ZooKeeperServerMainTest.java","17004","38834","55838"
"2016-08-24 01:36","ZooKeeperServerMainTest.java","16847","38017","54864"
"2016-08-13 15:01","ZooKeeperServerMainTest.java","16572","37974","54546"
"2014-09-28 19:15","ZooKeeperServerMainTest.java","9852","21595","31447"
"2017-01-13 19:29","ZooKeeperServerMainTest.java","18010","44515","62525"
"2019-06-03 19:40","ZooKeeperServerMainTest.java","201254","241622","442876"
"2019-08-17 17:13","ZooKeeperServerMainTest.java","201254","256291","457545"
"2018-09-11 15:23","ZooKeeperServerMainTest.java","112132","147895","260027"
"2017-01-05 22:32","ZooKeeperServerMainTest.java","17944","44079","62023"
"2018-10-16 16:22","QuorumPeerConfig.java","172303","235343","407646"
"2018-12-09 03:16","QuorumPeerConfig.java","191663","228964","420627"
"2019-04-12 19:01","QuorumPeerConfig.java","191747","238197","429944"
"2018-09-11 15:23","QuorumPeerConfig.java","111758","157127","268885"
"2018-12-15 07:34","QuorumPeerConfig.java","191663","228879","420542"
"2019-02-13 13:12","QuorumPeerConfig.java","191684","235273","426957"
"2019-08-17 17:13","QuorumPeerConfig.java","191763","256406","448169"
"2015-03-17 18:06","QuorumPeerConfig.java","12233","36957","49190"
"2014-01-21 04:50","QuorumPeerConfig.java","1892","9042","10934"
"2017-11-28 00:10","QuorumPeerConfig.java","24430","62058","86488"
"2019-06-05 00:29","QuorumPeerConfig.java","191763","242073","433836"
"2014-09-17 07:34","QuorumPeerConfig.java","11683","32954","44637"
"2020-01-09 11:27","QuorumPeerConfig.java","193109","265855","458964"
"2019-07-12 17:01","QuorumPeerConfig.java","191763","251719","443482"
"2016-11-13 20:59","QuorumPeerConfig.java","18536","52898","71434"
"2019-05-15 11:56","QuorumPeerConfig.java","191747","241144","432891"
"2014-08-19 22:50","QuorumPeerConfig.java","11683","31868","43551"
"2018-10-01 06:11","QuorumPeerConfig.java","111986","161189","273175"
"2017-07-28 00:36","QuorumPeerConfig.java","23881","57089","80970"
"2013-09-30 22:20","QuorumPeerConfig.java","1060","3445","4505"
"2017-07-06 18:48","QuorumPeerConfig.java","22867","56957","79824"
"2013-09-26 00:13","QuorumPeerConfig.java","1039","3180","4219"
"2020-01-23 13:43","QuorumPeerConfig.java","193109","267679","460788"
"2014-05-17 13:23","QuorumPeerConfig.java","9437","21482","30919"
"2014-07-04 04:19","QuorumPeerConfig.java","9804","24398","34202"
"2016-06-23 19:42","QuorumPeerConfig.java","17470","47400","64870"
"2015-09-06 20:02","QuorumPeerConfig.java","13914","42150","56064"
"2015-09-29 03:56","QuorumPeerConfig.java","13957","42374","56331"
"2019-10-10 14:37","QuorumPeerConfig.java","191763","260159","451922"
"2018-07-27 12:32","QuorumPeerConfig.java","43470","86012","129482"
"2019-04-18 19:17","QuorumPeerConfig.java","191747","238907","430654"
"2016-11-03 16:07","QuorumPeerConfig.java","18402","51095","69497"
"2014-03-25 22:13","QuorumPeerConfig.java","2231","11837","14068"
"2013-10-09 22:21","QuorumPeerConfig.java","1523","6718","8241"
"2014-08-01 07:38","QuorumPeerConfig.java","11517","31167","42684"
"2014-08-14 08:08","QuorumPeerConfig.java","11596","31667","43263"
"2020-02-16 10:25","QuorumPeerConfig.java","193109","268392","461501"
"2020-05-14 18:18","QuorumPeerConfig.java","193117","271625","464742"
"2017-05-11 16:59","QuorumPeerConfig.java","22613","55836","78449"
"2019-07-25 21:41","FollowerMXBean.java","225902","251759","477661"
"2019-08-17 17:13","FollowerMXBean.java","225902","255276","481178"
"2018-12-09 03:16","FollowerMXBean.java","225782","227814","453596"
"2013-09-18 12:58","ClientCnxn.java","18250","130523","148773"
"2015-01-31 08:05","ClientCnxn.java","20044","153623","173667"
"2016-05-02 18:15","ClientCnxn.java","21604","161219","182823"
"2014-01-24 07:18","ClientCnxn.java","18355","137360","155715"
"2009-07-17 00:09","ClientCnxn.java","9080","60366","69446"
"2009-05-20 20:48","ClientCnxn.java","7680","46621","54301"
"2019-08-17 17:13","ClientCnxn.java","91004","257706","348710"
"2009-06-25 22:41","ClientCnxn.java","8852","59010","67862"
"2015-05-10 00:27","ClientCnxn.java","20091","156209","176300"
"2009-01-16 00:48","ClientCnxn.java","4331","3448","7779"
"2009-01-28 01:15","ClientCnxn.java","4540","3807","8347"
"2017-12-19 19:27","ClientCnxn.java","22899","170843","193742"
"2019-01-31 15:50","ClientCnxn.java","90977","235346","326323"
"2012-08-02 00:24","ClientCnxn.java","17276","117124","134400"
"2019-04-09 15:35","ClientCnxn.java","90983","238542","329525"
"2013-02-03 15:52","ClientCnxn.java","17913","124122","142035"
"2014-12-20 15:29","ClientCnxn.java","20034","153602","173636"
"2012-03-15 18:01","ClientCnxn.java","17103","114561","131664"
"2019-11-08 17:30","ClientCnxn.java","91004","263320","354324"
"2017-06-08 17:59","ClientCnxn.java","22774","166428","189202"
"2012-09-09 20:24","ClientCnxn.java","17285","117872","135157"
"2019-01-16 14:21","ClientCnxn.java","90977","233659","324636"
"2019-01-07 14:24","ClientCnxn.java","90977","232509","323486"
"2009-06-25 00:59","ClientCnxn.java","8874","58941","67815"
"2019-03-06 03:32","ClientCnxn.java","90983","237470","328453"
"2010-11-11 18:11","ClientCnxn.java","13507","141676","155183"
"2010-11-10 23:36","ClientCnxn.java","13464","141637","155101"
"2011-09-14 07:43","ClientCnxn.java","12608","109951","122559"
"2011-08-19 00:05","ClientCnxn.java","12532","107655","120187"
"2015-02-06 06:17","ClientCnxn.java","20059","153833","173892"
"2019-02-07 11:26","ClientCnxn.java","90977","236011","326988"
"2018-11-05 19:40","ClientCnxn.java","69679","243080","312759"
"2011-04-12 09:14","ClientCnxn.java","14024","102199","116223"
"2010-10-06 18:14","ClientCnxn.java","13133","138588","151721"
"2010-11-30 21:16","ClientCnxn.java","13604","142144","155748"
"2020-05-17 15:13","ClientCnxn.java","91461","272108","363569"
"2018-06-25 12:30","ClientCnxn.java","23024","174494","197518"
"2012-12-19 19:16","ClientCnxn.java","17874","123590","141464"
"2020-03-03 03:12","ClientCnxn.java","91460","269897","361357"
"2018-09-10 11:44","ClientCnxn.java","55427","210082","265509"
"2011-09-28 22:17","ClientCnxn.java","15168","110564","125732"
"2015-06-13 02:42","ClientCnxn.java","20144","157724","177868"
"2010-10-21 02:44","ClientCnxn.java","13198","140304","153502"
"2010-08-05 09:09","ClientCnxn.java","12773","104767","117540"
"2011-05-20 01:17","ClientCnxn.java","14049","103043","117092"
"2014-03-23 04:12","ClientCnxn.java","18461","138103","156564"
"2015-11-09 00:05","ClientCnxn.java","20178","159250","179428"
"2015-12-06 19:58","ClientCnxn.java","20187","159564","179751"
"2020-01-21 17:53","ClientCnxn.java","91460","266158","357618"
"2015-12-05 22:43","ClientCnxn.java","20187","159561","179748"
"2015-12-05 22:32","ClientCnxn.java","20187","159556","179743"
"2010-03-04 02:28","ClientCnxn.java","11776","82441","94217"
"2010-01-25 04:28","ClientCnxn.java","11521","79118","90639"
"2019-10-10 14:37","ClientCnxn.java","91004","261459","352463"
"2014-04-01 04:03","ClientCnxn.java","18535","139020","157555"
"2013-09-18 15:14","ClientCnxn.java","18250","130541","148791"
"2013-09-18 04:08","ClientCnxn.java","18250","130437","148687"
"2019-11-21 05:58","ClientCnxn.java","91460","261329","352789"
"2020-04-16 12:50","ClientCnxn.java","91460","271736","363196"
"2018-07-27 05:16","ClientCnxn.java","29207","181829","211036"
"2010-01-26 03:22","ClientCnxn.java","11589","79734","91323"
"2009-10-31 00:09","ClientCnxn.java","10509","66190","76699"
"2009-11-07 01:48","ClientCnxn.java","10702","66788","77490"
"2010-01-05 18:32","ClientCnxn.java","11287","76018","87305"
"2012-02-06 11:13","OpResult.java","8105","16020","24125"
"2019-06-26 10:57","OpResult.java","183022","244754","427776"
"2019-08-17 17:13","OpResult.java","183022","256904","439926"
"2012-12-19 19:16","OpResult.java","12314","29692","42006"
"2020-02-26 22:41","NettyServerCnxnFactory.java","9989","16890","26879"
"2019-11-14 03:54","NettyServerCnxnFactory.java","313","4569","4882"
"2019-11-23 17:08","NettyServerCnxnFactory.java","5551","6499","12050"
"2019-08-17 17:13","CommandResponse.java","210259","256151","466410"
"2019-08-17 17:13","ConfigUtilsTest.java","108278","112838","221116"
"2019-08-17 17:13","ClientBase.java","24762","25455","50217"
"2019-11-14 16:44","ClientBase.java","27729","36449","64178"
"2019-10-10 14:37","ClientBase.java","27447","31893","59340"
"2019-08-17 17:13","CreateMode.java","223799","255234","479033"
"2019-08-17 17:13","DisconnectableZooKeeper.java","187413","256985","444398"
"2019-04-12 19:01","WatchManager.java","752","2851","3603"
"2019-11-08 17:30","WatchManager.java","32317","58223","90540"
"2019-08-17 17:13","WatchManager.java","30069","50361","80430"
"2019-01-23 14:00","NettyServerCnxn.java","88","1523","1611"
"2019-02-18 17:05","NettyServerCnxn.java","711","4678","5389"
"2019-02-12 15:25","NettyServerCnxn.java","525","4058","4583"
"2019-04-12 19:01","NettyServerCnxn.java","1317","7832","9149"
"2019-08-17 17:13","NettyServerCnxn.java","29911","54619","84530"
"2019-07-03 00:44","NettyServerCnxn.java","5578","18299","23877"
"2019-11-23 17:08","NettyServerCnxn.java","37127","66536","103663"
"2019-07-23 15:55","NettyServerCnxn.java","6943","27659","34602"
"2019-05-06 18:32","NettyServerCnxn.java","1621","10683","12304"
"2019-04-22 19:15","NettyServerCnxn.java","1339","8829","10168"
"2019-08-03 08:42","NettyServerCnxn.java","8716","34132","42848"
"2019-11-18 09:05","NettyServerCnxn.java","36944","64796","101740"
"2019-11-21 05:58","NettyServerCnxn.java","36954","64829","101783"
"2019-09-16 23:26","NettyServerCnxn.java","31146","58873","90019"
"2019-10-10 14:37","NettyServerCnxn.java","31909","60370","92279"
"2015-02-06 06:17","WorkerService.java","10270","24402","34672"
"2018-07-27 05:13","WorkerService.java","42833","75515","118348"
"2019-06-03 19:40","WorkerService.java","201018","241622","442640"
"2019-08-17 17:13","WorkerService.java","201018","256291","457309"
"2019-02-07 11:26","PrepRequestProcessor.java","223797","233465","457262"
"2019-09-11 10:27","PrepRequestProcessor.java","223914","256606","480520"
"2018-07-19 05:59","PrepRequestProcessor.java","24647","33378","58025"
"2017-09-11 18:55","PrepRequestProcessor.java","2151","2615","4766"
"2019-01-16 14:21","PrepRequestProcessor.java","223796","231112","454908"
"2019-11-08 17:30","PrepRequestProcessor.java","223962","260912","484874"
"2019-04-09 15:35","PrepRequestProcessor.java","223820","236013","459833"
"2019-04-17 14:16","PrepRequestProcessor.java","223895","237303","461198"
"2019-05-10 12:22","PrepRequestProcessor.java","223895","239738","463633"
"2017-06-26 00:16","PrepRequestProcessor.java","312","590","902"
"2019-02-07 11:22","PrepRequestProcessor.java","223797","233127","456924"
"2019-08-01 07:31","PrepRequestProcessor.java","223914","255921","479835"
"2019-06-26 10:57","PrepRequestProcessor.java","223913","243099","467012"
"2019-08-17 17:13","PrepRequestProcessor.java","223914","255250","479164"
"2018-08-08 06:21","PrepRequestProcessor.java","72585","82796","155381"
"2018-05-09 23:57","PrepRequestProcessor.java","3652","10677","14329"
"2019-12-27 22:33","PrepRequestProcessor.java","225540","265554","491094"
"2019-10-10 14:37","PrepRequestProcessor.java","223914","259003","482917"
"2020-03-25 03:38","PrepRequestProcessor.java","225541","269662","495203"
"2018-06-15 07:41","PrepRequestProcessor.java","3899","11676","15575"
"2020-03-19 17:09","Learner.java","198267","269704","467971"
"2020-02-03 04:30","Learner.java","198267","268199","466466"
"2020-01-23 13:43","Learner.java","198267","267642","465909"
"2017-07-04 07:39","Learner.java","21852","50475","72327"
"2020-03-25 03:38","Learner.java","198267","270500","468767"
"2015-03-15 08:54","Learner.java","10808","29401","40209"
"2019-11-28 12:24","Learner.java","198267","262621","460888"
"2019-12-27 22:33","Learner.java","198267","266393","464660"
"2020-01-25 18:48","Learner.java","198267","267832","466099"
"2020-05-03 19:43","Learner.java","198267","271436","469703"
"2016-08-13 15:01","Learner.java","16761","42574","59335"
"2013-10-21 23:36","Learner.java","17","380","397"
"2019-10-10 14:37","Learner.java","196919","260120","457039"
"2015-01-25 01:22","Learner.java","10603","28705","39308"
"2019-06-03 19:40","Learner.java","196919","241698","438617"
"2015-03-17 18:06","Learner.java","10937","30466","41403"
"2019-07-15 14:15","Learner.java","196919","251786","448705"
"2019-08-23 19:43","Learner.java","196919","257033","453952"
"2016-09-08 22:59","Learner.java","17063","43124","60187"
"2019-08-17 17:13","Learner.java","196919","256367","453286"
"2017-11-28 00:10","Learner.java","23516","55949","79465"
"2014-03-12 23:57","Learner.java","668","4555","5223"
"2018-05-09 00:54","Learner.java","24132","58693","82825"
"2019-04-09 15:35","Learner.java","196840","237145","433985"
"2019-07-12 17:01","Learner.java","196919","251680","448599"
"2017-07-06 18:48","Learner.java","21860","50755","72615"
"2017-08-18 06:32","Learner.java","22961","51359","74320"
"2019-07-02 07:34","Learner.java","196919","244310","441229"
"2018-10-16 16:22","Learner.java","177424","235269","412693"
"2014-07-18 02:19","Learner.java","9599","23155","32754"
"2017-02-12 00:12","Learner.java","20600","48559","69159"
"2018-12-09 03:16","Learner.java","196819","228925","425744"
"2019-11-29 14:49","Learner.java","198267","264272","462539"
"2018-11-27 10:02","Learner.java","196819","226601","423420"
"2018-08-06 14:11","Learner.java","42809","80768","123577"
"2019-08-17 17:13","ClientCnxnSocketTest.java","36458","67761","104219"
"2010-03-11 04:17","NIOServerCnxn.java","9077","18086","27163"
"2011-05-03 23:29","NIOServerCnxn.java","20857","41370","62227"
"2019-11-21 05:58","NIOServerCnxn.java","159366","261229","420595"
"2015-11-08 22:36","NIOServerCnxn.java","31903","106306","138209"
"2019-11-18 09:05","NIOServerCnxn.java","159366","261206","420572"
"2013-09-10 00:37","NIOServerCnxn.java","28743","76206","104949"
"2019-09-16 23:26","NIOServerCnxn.java","158337","260052","418389"
"2019-10-10 14:37","NIOServerCnxn.java","158337","260786","419123"
"2013-10-05 00:57","NIOServerCnxn.java","28890","77107","105997"
"2018-09-28 23:38","NIOServerCnxn.java","97584","192464","290048"
"2010-08-18 08:24","NIOServerCnxn.java","15339","44463","59802"
"2010-05-04 23:45","NIOServerCnxn.java","13482","22892","36374"
"2010-03-09 03:00","NIOServerCnxn.java","8880","17269","26149"
"2020-02-11 06:50","NIOServerCnxn.java","159366","268581","427947"
"2019-01-23 14:00","NIOServerCnxn.java","158280","233703","391983"
"2019-07-08 23:26","NIOServerCnxn.java","158337","245809","404146"
"2019-04-12 19:01","NIOServerCnxn.java","158338","238841","397179"
"2019-01-14 19:38","NIOServerCnxn.java","158279","232267","390546"
"2018-11-17 18:33","NIOServerCnxn.java","158279","225050","383329"
"2017-03-04 19:22","NIOServerCnxn.java","35487","114789","150276"
"2011-08-19 00:05","NIOServerCnxn.java","19862","50395","70257"
"2013-12-11 19:22","NIOServerCnxn.java","29097","81368","110465"
"2012-02-11 00:34","NIOServerCnxn.java","25296","57000","82296"
"2016-12-22 23:23","NIOServerCnxn.java","34357","115649","150006"
"2018-09-18 01:00","NIOServerCnxn.java","97437","189743","287180"
"2019-08-17 17:13","NIOServerCnxn.java","158337","257033","415370"
"2015-06-28 21:09","NIOServerCnxn.java","31800","104895","136695"
"2015-03-28 20:08","NIOServerCnxn.java","31595","102990","134585"
"2019-07-03 00:44","NIOServerCnxn.java","158337","245046","403383"
"2019-08-03 08:42","NIOServerCnxn.java","158337","257741","416078"
"2016-11-16 06:21","NIOServerCnxn.java","34011","114602","148613"
"2012-12-19 19:07","NIOServerCnxn.java","28061","68306","96367"
"2009-05-20 20:48","ProposalRequestProcessor.java","10098","67300","77398"
"2009-06-18 18:37","ProposalRequestProcessor.java","10597","72053","82650"
"2019-08-17 17:13","ProposalRequestProcessor.java","72747","257710","330457"
"2010-08-18 08:24","ProposalRequestProcessor.java","14186","129577","143763"
"2012-03-15 17:47","ProposalRequestProcessor.java","16933","127751","144684"
"2011-10-20 20:02","ProposalRequestProcessor.java","16664","123704","140368"
"2020-02-16 10:25","LearnerTest.java","204982","268234","473216"
"2020-01-28 17:26","LearnerTest.java","204982","267992","472974"
"2015-03-15 08:54","LearnerTest.java","3009","14766","17775"
"2015-12-06 21:30","LearnerTest.java","5603","22714","28317"
"2019-08-17 17:13","LearnerTest.java","203543","256155","459698"
"2019-07-12 17:01","LearnerTest.java","203543","251468","455011"
"2019-02-13 13:12","LearnerTest.java","203454","235012","438466"
"2019-11-29 14:49","LearnerTest.java","204982","264151","469133"
"2019-12-27 22:33","LogChopper.java","875","4647","5522"
"2014-06-25 15:04","FastLeaderElection.java","8292","16182","24474"
"2018-12-06 10:56","FastLeaderElection.java","197181","226794","423975"
"2014-07-08 05:25","FastLeaderElection.java","9238","18764","28002"
"2014-07-18 20:48","FastLeaderElection.java","9804","23456","33260"
"2014-03-23 04:12","FastLeaderElection.java","744","4556","5300"
"2019-10-10 14:37","FastLeaderElection.java","197281","260119","457400"
"2019-09-30 23:22","FastLeaderElection.java","197281","259746","457027"
"2014-07-20 04:50","FastLeaderElection.java","9843","23557","33400"
"2020-04-07 09:07","FastLeaderElection.java","198630","271089","469719"
"2019-01-18 03:42","FastLeaderElection.java","197183","232293","429476"
"2017-09-11 18:55","FastLeaderElection.java","23125","51338","74463"
"2018-08-29 06:26","FastLeaderElection.java","106675","145171","251846"
"2015-02-06 06:17","FastLeaderElection.java","10721","28665","39386"
"2018-04-30 06:34","FastLeaderElection.java","24161","58356","82517"
"2019-08-17 17:13","FastLeaderElection.java","197281","256366","453647"
"2019-08-02 20:08","FastLeaderElection.java","197281","257147","454428"
"2017-01-13 19:29","FastLeaderElection.java","18110","48663","66773"
"2019-08-03 08:42","FastLeaderElection.java","197281","257074","454355"
"2019-11-29 14:49","QuorumCnxManager.java","181342","264337","445679"
"2013-03-07 07:01","QuorumCnxManager.java","3379","15174","18553"
"2018-07-11 06:04","QuorumCnxManager.java","32427","85603","118030"
"2018-08-06 14:11","QuorumCnxManager.java","42735","97684","140419"
"2018-10-16 16:22","QuorumCnxManager.java","160831","235666","396497"
"2019-06-14 09:06","QuorumCnxManager.java","180030","244466","424496"
"2019-08-03 08:42","QuorumCnxManager.java","180030","257176","437206"
"2019-11-13 20:41","QuorumCnxManager.java","180058","264215","444273"
"2019-04-09 16:08","QuorumCnxManager.java","179956","237250","417206"
"2019-08-06 12:52","QuorumCnxManager.java","180030","257441","437471"
"2017-02-09 11:40","QuorumCnxManager.java","19670","67869","87539"
"2019-05-20 23:13","QuorumCnxManager.java","180014","241324","421338"
"2015-04-09 20:16","QuorumCnxManager.java","13386","50968","64354"
"2017-08-23 02:16","QuorumCnxManager.java","23421","68924","92345"
"2019-07-27 20:04","QuorumCnxManager.java","180030","252999","433029"
"2015-05-29 23:46","QuorumCnxManager.java","13588","51686","65274"
"2015-05-14 07:10","QuorumCnxManager.java","13500","51302","64802"
"2020-03-12 14:47","QuorumCnxManager.java","181342","269723","451065"
"2019-08-17 17:13","QuorumCnxManager.java","180030","256468","436498"
"2017-11-28 00:10","QuorumCnxManager.java","23852","73275","97127"
"2019-10-10 14:37","QuorumCnxManager.java","180030","260221","440251"
"2014-07-23 19:36","QuorumCnxManager.java","12529","43678","56207"
"2017-06-09 18:37","QuorumCnxManager.java","22793","68000","90793"
"2020-01-23 13:43","QuorumCnxManager.java","181342","267707","449049"
"2014-03-23 04:12","QuorumCnxManager.java","4933","26098","31031"
"2014-07-08 05:25","QuorumCnxManager.java","12203","39082","51285"
"2019-11-28 12:24","QuorumCnxManager.java","181342","262686","444028"
"2014-06-25 15:04","QuorumCnxManager.java","11642","36885","48527"
"2016-06-08 17:43","QuorumCnxManager.java","17998","59628","77626"
"2020-03-23 16:20","QuorumCnxManager.java","181342","269894","451236"
"2020-02-16 10:25","QuorumCnxManager.java","181342","268420","449762"
"2014-07-22 06:45","QuorumCnxManager.java","12527","43601","56128"
"2018-07-27 12:32","QuorumCnxManager.java","42697","97034","139731"
"2019-08-17 17:13","Leader.java","180329","256906","437235"
"2019-06-29 00:33","Leader.java","180329","244893","425222"
"2019-06-03 19:40","Leader.java","180329","242237","422566"
"2014-05-20 23:42","Leader.java","19999","57108","77107"
"2019-07-15 14:15","Leader.java","180329","252325","432654"
"2015-03-17 18:06","Leader.java","21151","70497","91648"
"2019-07-25 21:41","Leader.java","180329","253389","433718"
"2018-05-10 06:00","Leader.java","28573","93812","122385"
"2018-07-12 01:33","Leader.java","36287","102459","138746"
"2018-02-07 01:05","Leader.java","28406","91511","119917"
"2017-11-28 00:10","Leader.java","28160","90410","118570"
"2019-06-05 00:33","Leader.java","180329","242627","422956"
"2015-04-10 22:22","Leader.java","21167","71581","92748"
"2019-08-03 08:42","Leader.java","180329","257614","437943"
"2019-06-05 23:57","Leader.java","180329","242896","423225"
"2012-12-08 00:38","Leader.java","11527","29516","41043"
"2013-10-07 21:08","Leader.java","13365","40803","54168"
"2012-12-31 02:38","Leader.java","12385","32495","44880"
"2017-01-13 19:29","Leader.java","25315","86048","111363"
"2012-07-05 18:01","Leader.java","10704","23767","34471"
"2019-01-07 14:55","Leader.java","180263","231731","411994"
"2019-04-12 19:01","Leader.java","180330","238714","419044"
"2018-12-09 03:16","Leader.java","180263","229498","409761"
"2018-08-17 14:40","Leader.java","86833","155301","242134"
"2019-11-29 14:49","Leader.java","181427","264561","445988"
"2013-03-07 07:01","Leader.java","12918","37540","50458"
"2018-11-27 10:02","Leader.java","180263","227174","407437"
"2015-02-06 06:17","Leader.java","21004","69128","90132"
"2012-02-27 03:41","Leader.java","8228","18927","27155"
"2017-02-15 23:04","Leader.java","26945","84722","111667"
"2014-07-18 02:19","Leader.java","20656","64029","84685"
"2012-01-04 01:15","Leader.java","7808","17629","25437"
"2011-12-28 01:26","Leader.java","7729","17397","25126"
"2018-08-29 06:26","Leader.java","102438","171114","273552"
"2018-08-03 18:52","Leader.java","45511","113181","158692"
"2013-05-14 14:27","Leader.java","12949","37696","50645"
"2012-02-06 09:40","Leader.java","7884","18342","26226"
"2017-09-11 18:55","Leader.java","28033","86426","114459"
"2018-09-18 01:00","Leader.java","107511","178757","286268"
"2011-10-20 20:02","Leader.java","6460","14360","20820"
"2012-01-14 00:28","Leader.java","7812","17731","25543"
"2012-01-06 02:32","Leader.java","7809","17631","25440"
"2012-03-15 17:47","Leader.java","8258","19936","28194"
"2011-09-22 07:42","Leader.java","4756","14448","19204"
"2016-12-20 14:47","Leader.java","25289","85180","110469"
"2014-07-20 04:50","Leader.java","20721","64615","85336"
"2014-06-10 00:19","Leader.java","20009","58052","78061"
"2016-06-23 23:25","Leader.java","24218","79045","103263"
"2016-06-23 23:45","Leader.java","24217","79152","103369"
"2020-03-25 03:38","Leader.java","181427","270789","452216"
"2014-03-23 04:12","Leader.java","13946","47938","61884"
"2019-12-27 22:33","Leader.java","181427","266682","448109"
"2016-08-13 15:01","Leader.java","24488","80118","104606"
"2013-10-21 23:36","Leader.java","13563","43743","57306"
"2019-10-10 14:37","Leader.java","180329","260659","440988"
"2013-11-07 06:41","Leader.java","13592","44203","57795"
"2019-07-17 13:42","QuorumQuotaTest.java","142128","253263","395391"
"2010-03-31 06:26","QuorumQuotaTest.java","14564","40896","55460"
"2019-08-17 17:13","QuorumQuotaTest.java","142128","257499","399627"
"2019-12-28 16:17","SetAclCommand.java","223432","266051","489483"
"2018-10-04 15:46","SetAclCommand.java","108771","127409","236180"
"2017-05-27 00:52","SetAclCommand.java","6695","9371","16066"
"2019-01-31 15:55","SetAclCommand.java","221735","233428","455163"
"2019-08-17 17:13","SetAclCommand.java","221853","255887","477740"
"2013-12-16 05:18","NettyServerCnxnFactory.java","534","4593","5127"
"2016-06-23 23:45","NettyServerCnxnFactory.java","16521","44299","60820"
"2020-02-26 22:41","NettyServerCnxnFactory.java","195607","268369","463976"
"2019-10-10 14:37","NettyServerCnxnFactory.java","194259","260120","454379"
"2019-09-10 18:50","NettyServerCnxnFactory.java","194259","257484","451743"
"2019-11-14 03:54","NettyServerCnxnFactory.java","194287","264404","458691"
"2019-02-12 15:25","NettyServerCnxnFactory.java","194162","235095","429257"
"2018-10-16 16:22","NettyServerCnxnFactory.java","174770","235275","410045"
"2019-02-15 15:36","NettyServerCnxnFactory.java","194178","235526","429704"
"2019-04-12 19:01","NettyServerCnxnFactory.java","194243","238158","432401"
"2018-11-22 17:56","NettyServerCnxnFactory.java","194159","224964","419123"
"2018-09-22 06:48","NettyServerCnxnFactory.java","111776","155934","267710"
"2018-12-15 07:34","NettyServerCnxnFactory.java","194159","228840","422999"
"2014-07-18 02:19","NettyServerCnxnFactory.java","9867","26083","35950"
"2019-02-13 13:12","NettyServerCnxnFactory.java","194180","235234","429414"
"2019-08-17 17:13","NettyServerCnxnFactory.java","194259","256367","450626"
"2015-03-17 18:06","NettyServerCnxnFactory.java","11180","33369","44549"
"2015-03-28 20:08","NettyServerCnxnFactory.java","11214","34392","45606"
"2019-11-23 17:08","NettyServerCnxnFactory.java","195607","262416","458023"
"2019-07-03 00:44","NettyServerCnxnFactory.java","194259","244380","438639"
"2019-06-05 00:29","NettyServerCnxnFactory.java","194259","242034","436293"
"2019-07-23 15:55","NettyServerCnxnFactory.java","194259","252375","446634"
"2014-09-28 19:15","NettyServerCnxnFactory.java","10619","29433","40052"
"2019-06-24 11:05","NettyServerCnxnFactory.java","194259","243700","437959"
"2015-01-30 03:23","NettyServerCnxnFactory.java","10879","31640","42519"
"2019-08-03 08:42","NettyServerCnxnFactory.java","194259","257075","451334"
"2009-01-15 23:57","QuorumStats.java","7050","39154","46204"
"2019-08-17 17:13","QuorumStats.java","58134","257842","315976"
"2020-03-25 03:38","ZooKeeperServerBean.java","10043","14819","24862"
"2020-04-30 18:53","ZooKeeperServerBean.java","10765","16441","27206"
"2019-04-12 19:01","QuorumPeerConfig.java","7583","16817","24400"
"2019-02-13 13:12","QuorumPeerConfig.java","6993","13366","20359"
"2019-08-17 17:13","QuorumPeerConfig.java","35700","63127","98827"
"2019-06-05 00:29","QuorumPeerConfig.java","8414","21508","29922"
"2020-01-09 11:27","QuorumPeerConfig.java","44117","79647","123764"
"2019-07-12 17:01","QuorumPeerConfig.java","12558","35298","47856"
"2019-05-15 11:56","QuorumPeerConfig.java","7955","20136","28091"
"2020-01-23 13:43","QuorumPeerConfig.java","44364","81718","126082"
"2019-10-10 14:37","QuorumPeerConfig.java","37692","68872","106564"
"2019-04-18 19:17","QuorumPeerConfig.java","7605","17549","25154"
"2020-02-16 10:25","QuorumPeerConfig.java","44492","82559","127051"
"2020-05-14 18:18","QuorumPeerConfig.java","48033","89325","137358"
"2019-09-11 10:27","SerializeUtils.java","191763","257762","449525"
"2019-08-17 17:13","SerializeUtils.java","191763","256406","448169"
"2015-06-04 19:51","SerializeUtils.java","12726","39784","52510"
"2016-10-07 21:51","SerializeUtils.java","18401","50510","68911"
"2018-02-07 01:05","SerializeUtils.java","24836","63319","88155"
"2019-12-27 22:33","SerializeUtils.java","193109","266430","459539"
"2019-12-27 22:33","QuorumPeerTestBase.java","224947","265575","490522"
"2019-10-10 14:37","QuorumPeerTestBase.java","223360","259063","482423"
"2019-07-12 17:01","QuorumPeerTestBase.java","223360","250623","473983"
"2017-01-13 19:29","QuorumPeerTestBase.java","1199","4617","5816"
"2019-08-17 17:13","QuorumPeerTestBase.java","223360","255310","478670"
"2017-11-28 00:10","QuorumPeerTestBase.java","8481","13416","21897"
"2017-12-16 01:25","QuorumPeerTestBase.java","8917","13896","22813"
"2018-10-12 10:25","QuorumPeerTestBase.java","201749","229134","430883"
"2011-11-05 21:57","Learner.java","6610","3327","9937"
"2020-03-19 17:09","Learner.java","180755","269960","450715"
"2013-10-09 22:21","Learner.java","14258","32026","46284"
"2020-02-03 04:30","Learner.java","180755","268455","449210"
"2020-01-23 13:43","Learner.java","180755","267898","448653"
"2017-07-04 07:39","Learner.java","30658","77049","107707"
"2020-03-25 03:38","Learner.java","180755","270756","451511"
"2015-03-15 08:54","Learner.java","22000","58361","80361"
"2019-11-28 12:24","Learner.java","180755","262877","443632"
"2019-12-27 22:33","Learner.java","180755","266649","447404"
"2020-01-25 18:48","Learner.java","180755","268088","448843"
"2020-05-03 19:43","Learner.java","180755","271692","452447"
"2016-08-13 15:01","Learner.java","26735","70316","97051"
"2013-10-21 23:36","Learner.java","14267","32398","46665"
"2019-10-10 14:37","Learner.java","179545","260514","440059"
"2015-01-25 01:22","Learner.java","21866","57736","79602"
"2019-06-03 19:40","Learner.java","179545","242092","421637"
"2015-03-17 18:06","Learner.java","22093","59390","81483"
"2019-07-15 14:15","Learner.java","179545","252180","431725"
"2019-08-23 19:43","Learner.java","179545","257427","436972"
"2016-09-08 22:59","Learner.java","26984","70813","97797"
"2019-08-17 17:13","Learner.java","179545","256761","436306"
"2017-11-28 00:10","Learner.java","31814","82015","113829"
"2014-03-12 23:57","Learner.java","14655","36310","50965"
"2018-05-09 00:54","Learner.java","32251","84580","116831"
"2019-04-09 15:35","Learner.java","179498","237571","417069"
"2019-07-12 17:01","Learner.java","179545","252074","431619"
"2017-07-06 18:48","Learner.java","30665","77328","107993"
"2013-10-07 21:08","Learner.java","14080","29469","43549"
"2017-08-18 06:32","Learner.java","31385","77551","108936"
"2019-07-02 07:34","Learner.java","179545","244704","424249"
"2018-10-16 16:22","Learner.java","160719","236332","397051"
"2012-01-31 07:45","Learner.java","7605","5615","13220"
"2014-07-18 02:19","Learner.java","21507","52831","74338"
"2017-02-12 00:12","Learner.java","29548","75275","104823"
"2018-12-09 03:16","Learner.java","179486","229360","408846"
"2013-03-07 07:01","Learner.java","13502","26075","39577"
"2019-11-29 14:49","Learner.java","180755","264528","445283"
"2018-11-27 10:02","Learner.java","179486","227036","406522"
"2018-08-06 14:11","Learner.java","50297","106024","156321"
"2019-06-03 19:40","FollowerZooKeeperServer.java","101490","243018","344508"
"2009-05-20 20:48","FollowerZooKeeperServer.java","3577","32013","35590"
"2019-08-17 17:13","FollowerZooKeeperServer.java","101490","257687","359177"
"2009-05-20 22:16","FollowerZooKeeperServer.java","3635","32139","35774"
"2019-05-03 00:44","FollowerZooKeeperServer.java","101491","241685","343176"
"2019-06-04 10:55","FollowerZooKeeperServer.java","101490","243171","344661"
"2018-08-06 14:11","FollowerZooKeeperServer.java","33777","177305","211082"
"2018-12-09 03:16","FollowerZooKeeperServer.java","101463","230318","331781"
"2018-11-21 17:56","FollowerZooKeeperServer.java","101463","225750","327213"
"2011-10-20 20:02","FollowerZooKeeperServer.java","20313","103965","124278"
"2011-04-12 09:14","FollowerZooKeeperServer.java","17734","95404","113138"
"2010-08-18 08:24","FollowerZooKeeperServer.java","14159","100784","114943"
"2019-11-28 12:24","FollowerZooKeeperServer.java","101948","263051","364999"
"2019-12-27 22:33","FollowerZooKeeperServer.java","101948","266823","368771"
"2009-10-30 17:19","FollowerZooKeeperServer.java","7949","52275","60224"
"2009-12-18 03:19","FollowerZooKeeperServer.java","9304","63355","72659"
"2020-03-12 14:47","CnxManagerTest.java","39537","66978","106515"
"2019-08-17 17:13","CnxManagerTest.java","29686","45184","74870"
"2019-06-03 19:40","CnxManagerTest.java","427","1256","1683"
"2019-07-12 17:01","CnxManagerTest.java","5092","15903","20995"
"2019-08-06 12:52","CnxManagerTest.java","7302","23773","31075"
"2019-06-14 09:06","CnxManagerTest.java","1258","4754","6012"
"2019-11-29 14:49","CnxManagerTest.java","37829","59884","97713"
"2020-02-16 10:25","CnxManagerTest.java","39448","65586","105034"
"2019-10-10 14:37","CnxManagerTest.java","32069","51320","83389"
"2018-12-15 07:34","UnifiedServerSocketModeDetectionTest.java","1435","3674","5109"
"2019-08-17 17:13","UnifiedServerSocketModeDetectionTest.java","36426","66092","102518"
"2019-10-10 14:37","UnifiedServerSocketModeDetectionTest.java","38403","71822","110225"
"2019-08-17 17:13","UnifiedServerSocketModeDetectionTest.java","35700","63127","98827"
"2019-10-10 14:37","UnifiedServerSocketModeDetectionTest.java","37692","68872","106564"
"2019-08-17 17:13","JettyAdminServerTest.java","25352","28338","53690"
"2020-05-05 09:18","JettyAdminServerTest.java","38990","55738","94728"
"2019-10-10 14:37","JettyAdminServerTest.java","27820","34559","62379"
"2019-05-16 16:25","QuorumPeer.java","1351","7204","8555"
"2019-06-14 09:06","QuorumPeer.java","2416","11468","13884"
"2019-03-11 19:47","QuorumPeer.java","307","1359","1666"
"2019-04-12 19:01","QuorumPeer.java","879","3740","4619"
"2019-11-29 14:49","QuorumPeer.java","37812","65423","103235"
"2019-06-03 19:40","QuorumPeer.java","1616","8001","9617"
"2019-07-15 14:15","QuorumPeer.java","6209","22682","28891"
"2019-07-03 00:44","QuorumPeer.java","5198","14265","19463"
"2019-08-17 17:13","QuorumPeer.java","30099","51153","81252"
"2019-05-15 11:56","QuorumPeer.java","1328","7136","8464"
"2019-06-05 00:33","QuorumPeer.java","1824","8599","10423"
"2019-05-20 23:13","QuorumPeer.java","1406","7332","8738"
"2019-06-04 10:55","QuorumPeer.java","1758","8296","10054"
"2019-07-12 17:01","QuorumPeer.java","6209","22576","28785"
"2020-01-09 11:27","QuorumPeer.java","38850","68007","106857"
"2019-12-17 13:48","QuorumPeer.java","37835","66018","103853"
"2020-01-23 13:43","QuorumPeer.java","39125","70106","109231"
"2019-10-10 14:37","QuorumPeer.java","32188","56995","89183"
"2019-04-18 19:17","QuorumPeer.java","901","4472","5373"
"2020-02-16 10:25","QuorumPeer.java","39248","70942","110190"
"2019-01-22 06:43","DistributedQueue.java","224175","231113","455288"
"2019-08-03 08:42","DistributedQueue.java","224314","255894","480208"
"2019-10-10 14:37","DistributedQueue.java","224315","258940","483255"
"2019-08-27 09:23","DistributedQueue.java","224314","255779","480093"
"2015-10-18 19:00","QuorumPeer.java","22256","76978","99234"
"2018-12-20 15:13","QuorumPeer.java","178674","230436","409110"
"2019-05-16 16:25","QuorumPeer.java","178741","241732","420473"
"2018-10-16 16:22","QuorumPeer.java","147484","236761","384245"
"2019-06-14 09:06","QuorumPeer.java","178740","244930","423670"
"2018-12-07 12:41","QuorumPeer.java","178674","227450","406124"
"2012-04-23 01:20","QuorumPeer.java","10694","25093","35787"
"2012-07-17 23:19","QuorumPeer.java","10725","25896","36621"
"2019-03-11 19:47","QuorumPeer.java","178688","236878","415566"
"2012-02-27 03:41","QuorumPeer.java","8255","20569","28824"
"2014-07-18 02:19","QuorumPeer.java","20563","65551","86114"
"2019-02-13 13:12","QuorumPeer.java","178687","235825","414512"
"2019-04-12 19:01","QuorumPeer.java","178741","238740","417481"
"2018-12-09 03:16","QuorumPeer.java","178674","229524","408198"
"2018-09-11 15:23","QuorumPeer.java","107127","178733","285860"
"2019-11-29 14:49","QuorumPeer.java","179834","264583","444417"
"2013-03-07 07:01","QuorumPeer.java","12880","39117","51997"
"2018-12-15 07:34","QuorumPeer.java","178674","229439","408113"
"2018-11-27 10:02","QuorumPeer.java","178674","227200","405874"
"2018-09-18 01:00","QuorumPeer.java","107187","180048","287235"
"2012-02-06 09:40","QuorumPeer.java","7913","19986","27899"
"2019-06-03 19:40","QuorumPeer.java","178740","242263","421003"
"2019-07-15 14:15","QuorumPeer.java","178740","252351","431091"
"2015-03-17 18:06","QuorumPeer.java","21026","71987","93013"
"2019-07-03 00:44","QuorumPeer.java","178740","244945","423685"
"2019-08-17 17:13","QuorumPeer.java","178740","256932","435672"
"2015-06-27 02:03","QuorumPeer.java","21283","74933","96216"
"2017-11-28 00:10","QuorumPeer.java","27915","91780","119695"
"2014-01-21 04:50","QuorumPeer.java","13660","47047","60707"
"2014-06-04 22:07","QuorumPeer.java","19919","59107","79026"
"2018-01-30 08:02","QuorumPeer.java","28053","92071","120124"
"2019-05-15 11:56","QuorumPeer.java","178741","241687","420428"
"2019-06-05 00:33","QuorumPeer.java","178740","242653","421393"
"2019-05-20 23:13","QuorumPeer.java","178741","241805","420546"
"2019-06-04 10:55","QuorumPeer.java","178740","242416","421156"
"2019-07-12 17:01","QuorumPeer.java","178740","252245","430985"
"2020-01-09 11:27","QuorumPeer.java","179834","266129","445963"
"2017-02-09 11:40","QuorumPeer.java","25195","87836","113031"
"2011-06-14 07:14","QuorumPeer.java","419","2034","2453"
"2017-07-06 18:48","QuorumPeer.java","27584","87911","115495"
"2018-10-01 06:11","QuorumPeer.java","107342","182782","290124"
"2015-04-09 20:16","QuorumPeer.java","21039","73063","94102"
"2013-10-07 21:08","QuorumPeer.java","13315","42368","55683"
"2013-09-30 22:20","QuorumPeer.java","13173","41795","54968"
"2018-07-04 17:11","QuorumPeer.java","35857","103436","139293"
"2019-12-17 13:48","QuorumPeer.java","179834","265155","444989"
"2015-12-07 05:59","QuorumPeer.java","22403","77883","100286"
"2020-01-23 13:43","QuorumPeer.java","179834","267953","447787"
"2016-06-23 23:45","QuorumPeer.java","24026","80576","104602"
"2011-05-03 19:57","QuorumPeer.java","2","6","8"
"2016-06-23 23:25","QuorumPeer.java","24027","80469","104496"
"2014-03-23 04:12","QuorumPeer.java","13863","49470","63333"
"2013-09-26 00:13","QuorumPeer.java","13154","41532","54686"
"2011-06-17 01:34","QuorumPeer.java","506","2192","2698"
"2011-06-14 14:11","QuorumPeer.java","420","2062","2482"
"2014-07-18 20:48","QuorumPeer.java","20600","66047","86647"
"2014-07-04 04:19","QuorumPeer.java","19948","60779","80727"
"2018-12-06 10:56","QuorumPeer.java","178674","227394","406068"
"2014-06-25 15:04","QuorumPeer.java","19924","59609","79533"
"2014-03-28 01:58","QuorumPeer.java","13876","49901","63777"
"2013-10-21 23:36","QuorumPeer.java","13506","45301","58807"
"2019-10-10 14:37","QuorumPeer.java","178740","260685","439425"
"2013-11-07 06:41","QuorumPeer.java","13531","45757","59288"
"2017-07-27 23:09","QuorumPeer.java","27592","86933","114525"
"2014-05-18 05:49","QuorumPeer.java","19904","58603","78507"
"2011-10-25 08:09","QuorumPeer.java","6815","16384","23199"
"2014-03-25 22:13","QuorumPeer.java","13873","49716","63589"
"2011-11-01 08:15","QuorumPeer.java","7020","16778","23798"
"2018-06-26 11:18","QuorumPeer.java","28289","95850","124139"
"2018-07-27 12:32","QuorumPeer.java","45185","113964","159149"
"2019-04-18 19:17","QuorumPeer.java","178741","239450","418191"
"2011-10-27 23:25","QuorumPeer.java","6893","16622","23515"
"2011-08-30 08:37","QuorumPeer.java","1701","14156","15857"
"2011-08-30 08:29","QuorumPeer.java","1695","14138","15833"
"2013-10-09 22:21","QuorumPeer.java","13500","44932","58432"
"2016-12-20 14:47","QuorumPeer.java","25091","86597","111688"
"2011-05-20 01:17","QuorumPeer.java","70","554","624"
"2017-05-11 16:59","QuorumPeer.java","27510","86970","114480"
"2014-07-03 06:01","QuorumPeer.java","19947","60356","80303"
"2014-08-14 08:08","QuorumPeer.java","20687","66995","87682"
"2014-08-01 07:38","QuorumPeer.java","20688","66575","87263"
"2014-07-20 04:50","QuorumPeer.java","20622","66131","86753"
"2016-06-02 00:59","QuorumPeer.java","24013","80086","104099"
"2020-02-16 10:25","QuorumPeer.java","179834","268666","448500"
"2019-09-30 22:26","ClientCanonicalizeTest.java","2482","5847","8329"
"2011-11-05 21:57","Zab1_0Test.java","3213","2287","5500"
"2011-11-05 07:29","Zab1_0Test.java","3183","1990","5173"
"2013-09-26 14:05","Zab1_0Test.java","10632","27854","38486"
"2014-05-09 23:37","Zab1_0Test.java","17351","44312","61663"
"2017-01-07 01:09","Zab1_0Test.java","24564","75402","99966"
"2015-12-06 21:30","Zab1_0Test.java","20449","64521","84970"
"2019-12-17 13:48","Zab1_0Test.java","178398","265100","443498"
"2013-11-19 02:03","Zab1_0Test.java","11071","32038","43109"
"2015-07-07 07:11","Zab1_0Test.java","20194","62715","82909"
"2019-12-27 22:33","Zab1_0Test.java","178398","266649","445047"
"2013-10-24 20:41","Zab1_0Test.java","11049","31878","42927"
"2019-10-10 14:37","Zab1_0Test.java","177169","260495","437664"
"2013-11-07 06:41","Zab1_0Test.java","11052","31971","43023"
"2015-05-14 18:40","Zab1_0Test.java","18991","60212","79203"
"2019-08-17 17:13","Zab1_0Test.java","177169","256742","433911"
"2019-06-03 19:40","Zab1_0Test.java","177169","242073","419242"
"2018-05-10 06:00","Zab1_0Test.java","29233","84780","114013"
"2017-11-28 00:10","Zab1_0Test.java","28695","81253","109948"
"2013-10-07 21:08","Zab1_0Test.java","10791","28537","39328"
"2012-12-31 02:38","Zab1_0Test.java","9155","19573","28728"
"2017-08-18 06:32","Zab1_0Test.java","28263","76786","105049"
"2012-08-01 17:53","Zab1_0Test.java","7339","11852","19191"
"2012-07-05 18:01","Zab1_0Test.java","7280","10651","17931"
"2013-03-07 07:01","Zab1_0Test.java","10186","25116","35302"
"2012-12-13 08:25","Zab1_0Test.java","8599","17077","25676"
"2012-01-31 07:45","Zab1_0Test.java","4212","4579","8791"
"2012-01-04 01:15","Zab1_0Test.java","4145","4274","8419"
"2017-02-12 00:12","Zab1_0Test.java","26379","74463","100842"
"2011-12-09 20:03","Zab1_0Test.java","3236","2777","6013"
"2013-09-18 12:58","ClientCnxn.java","15204","128232","143436"
"2015-01-31 08:05","ClientCnxn.java","17044","151378","168422"
"2016-05-02 18:15","ClientCnxn.java","18647","159017","177664"
"2014-01-24 07:18","ClientCnxn.java","15311","135071","150382"
"2009-07-17 00:09","ClientCnxn.java","5419","57438","62857"
"2009-05-20 20:48","ClientCnxn.java","3720","43394","47114"
"2019-08-17 17:13","ClientCnxn.java","90267","257702","347969"
"2009-06-25 22:41","ClientCnxn.java","5251","56142","61393"
"2015-05-10 00:27","ClientCnxn.java","17099","153972","171071"
"2017-12-19 19:27","ClientCnxn.java","19980","168679","188659"
"2019-01-31 15:50","ClientCnxn.java","90240","235342","325582"
"2012-08-02 00:24","ClientCnxn.java","14206","114809","129015"
"2019-04-09 15:35","ClientCnxn.java","90246","238538","328784"
"2013-02-03 15:52","ClientCnxn.java","14840","121804","136644"
"2014-12-20 15:29","ClientCnxn.java","17034","151357","168391"
"2012-03-15 18:01","ClientCnxn.java","14031","112244","126275"
"2019-11-08 17:30","ClientCnxn.java","90267","263316","353583"
"2017-06-08 17:59","ClientCnxn.java","19847","164256","184103"
"2012-09-09 20:24","ClientCnxn.java","14215","115557","129772"
"2019-01-16 14:21","ClientCnxn.java","90240","233655","323895"
"2019-01-07 14:24","ClientCnxn.java","90240","232505","322745"
"2009-06-25 00:59","ClientCnxn.java","5245","56045","61290"
"2019-03-06 03:32","ClientCnxn.java","90246","237466","327712"
"2010-11-11 18:11","ClientCnxn.java","10384","139286","149670"
"2010-11-10 23:36","ClientCnxn.java","10340","139246","149586"
"2011-09-14 07:43","ClientCnxn.java","9500","107598","117098"
"2011-08-19 00:05","ClientCnxn.java","9415","105293","114708"
"2015-02-06 06:17","ClientCnxn.java","17060","151589","168649"
"2019-02-07 11:26","ClientCnxn.java","90240","236007","326247"
"2018-11-05 19:40","ClientCnxn.java","68875","243031","311906"
"2011-04-12 09:14","ClientCnxn.java","10911","99819","110730"
"2010-10-06 18:14","ClientCnxn.java","9973","136161","146134"
"2010-11-30 21:16","ClientCnxn.java","10482","139755","150237"
"2020-05-17 15:13","ClientCnxn.java","90724","272104","362828"
"2018-06-25 12:30","ClientCnxn.java","20107","172332","192439"
"2012-12-19 19:16","ClientCnxn.java","14800","121271","136071"
"2020-03-03 03:12","ClientCnxn.java","90723","269893","360616"
"2018-09-10 11:44","ClientCnxn.java","52885","208295","261180"
"2011-09-28 22:17","ClientCnxn.java","12063","108214","120277"
"2015-06-13 02:42","ClientCnxn.java","17153","155488","172641"
"2010-10-21 02:44","ClientCnxn.java","10072","137911","147983"
"2010-08-05 09:09","ClientCnxn.java","9594","102321","111915"
"2011-05-20 01:17","ClientCnxn.java","10942","100669","111611"
"2014-03-23 04:12","ClientCnxn.java","15427","135824","151251"
"2015-11-09 00:05","ClientCnxn.java","17190","157017","174207"
"2015-12-06 19:58","ClientCnxn.java","17222","157354","174576"
"2020-01-21 17:53","ClientCnxn.java","90723","266154","356877"
"2015-12-05 22:43","ClientCnxn.java","17222","157351","174573"
"2015-12-05 22:32","ClientCnxn.java","17222","157346","174568"
"2010-03-04 02:28","ClientCnxn.java","8571","79969","88540"
"2010-01-25 04:28","ClientCnxn.java","8293","76623","84916"
"2019-10-10 14:37","ClientCnxn.java","90267","261455","351722"
"2014-04-01 04:03","ClientCnxn.java","15512","136752","152264"
"2013-09-18 15:14","ClientCnxn.java","15204","128250","143454"
"2013-09-18 04:08","ClientCnxn.java","15204","128146","143350"
"2019-11-21 05:58","ClientCnxn.java","90723","261325","352048"
"2020-04-16 12:50","ClientCnxn.java","90723","271732","362455"
"2018-07-27 05:16","ClientCnxn.java","26331","179708","206039"
"2010-01-26 03:22","ClientCnxn.java","8367","77245","85612"
"2009-10-31 00:09","ClientCnxn.java","7108","63522","70630"
"2009-11-07 01:48","ClientCnxn.java","7355","64174","71529"
"2010-01-05 18:32","ClientCnxn.java","8054","73518","81572"
"2010-03-11 04:17","NIOServerCnxn.java","10750","31092","41842"
"2011-05-03 23:29","NIOServerCnxn.java","21497","53343","74840"
"2009-12-03 23:30","NIOServerCnxn.java","1500","8869","10369"
"2010-01-26 01:17","NIOServerCnxn.java","3088","14421","17509"
"2019-11-21 05:58","NIOServerCnxn.java","148097","261293","409390"
"2015-11-08 22:36","NIOServerCnxn.java","31853","117289","149142"
"2019-11-18 09:05","NIOServerCnxn.java","148097","261270","409367"
"2013-09-10 00:37","NIOServerCnxn.java","28850","87346","116196"
"2019-09-16 23:26","NIOServerCnxn.java","147158","260206","407364"
"2019-10-10 14:37","NIOServerCnxn.java","147158","260940","408098"
"2013-10-05 00:57","NIOServerCnxn.java","28993","88243","117236"
"2018-09-28 23:38","NIOServerCnxn.java","89561","195474","285035"
"2010-08-18 08:24","NIOServerCnxn.java","16311","56768","73079"
"2010-05-04 23:45","NIOServerCnxn.java","14907","35650","50557"
"2010-03-09 03:00","NIOServerCnxn.java","10582","30304","40886"
"2020-02-11 06:50","NIOServerCnxn.java","148097","268645","416742"
"2019-01-23 14:00","NIOServerCnxn.java","147108","233864","380972"
"2019-07-08 23:26","NIOServerCnxn.java","147158","245963","393121"
"2019-04-12 19:01","NIOServerCnxn.java","147158","238994","386152"
"2019-01-14 19:38","NIOServerCnxn.java","147108","232429","379537"
"2018-11-17 18:33","NIOServerCnxn.java","147108","225212","372320"
"2017-03-04 19:22","NIOServerCnxn.java","35111","125446","160557"
"2011-08-19 00:05","NIOServerCnxn.java","20438","62004","82442"
"2013-12-11 19:22","NIOServerCnxn.java","29195","92499","121694"
"2012-02-11 00:34","NIOServerCnxn.java","25598","68335","93933"
"2016-12-22 23:23","NIOServerCnxn.java","34140","126465","160605"
"2018-09-18 01:00","NIOServerCnxn.java","89466","192805","282271"
"2019-08-17 17:13","NIOServerCnxn.java","147158","257187","404345"
"2015-06-28 21:09","NIOServerCnxn.java","31754","115882","147636"
"2015-03-28 20:08","NIOServerCnxn.java","31533","113961","145494"
"2019-07-03 00:44","NIOServerCnxn.java","147158","245200","392358"
"2019-08-03 08:42","NIOServerCnxn.java","147158","257895","405053"
"2016-11-16 06:21","NIOServerCnxn.java","33908","125532","159440"
"2012-12-19 19:07","NIOServerCnxn.java","28225","79503","107728"
"2019-12-27 22:33","FileTxnSnapLog.java","173119","266680","439799"
"2019-10-10 14:37","FileTxnSnapLog.java","172021","260657","432678"
"2019-12-13 08:51","FileTxnSnapLog.java","173119","264717","437836"
"2017-01-07 01:09","FileTxnSnapLog.java","25388","81536","106924"
"2014-02-12 17:00","FileTxnSnapLog.java","13635","42858","56493"
"2012-03-06 09:20","FileTxnSnapLog.java","7940","14438","22378"
"2020-01-23 16:46","FileTxnSnapLog.java","173119","267929","441048"
"2020-01-28 17:26","FileTxnSnapLog.java","173119","268400","441519"
"2011-10-20 20:02","FileTxnSnapLog.java","6030","9548","15578"
"2016-09-18 23:21","FileTxnSnapLog.java","24686","76362","101048"
"2017-01-23 02:13","FileTxnSnapLog.java","25417","81969","107386"
"2018-06-08 16:52","FileTxnSnapLog.java","28762","90083","118845"
"2019-09-02 08:23","FileTxnSnapLog.java","172021","257561","429582"
"2011-12-21 21:39","FileTxnSnapLog.java","7220","12435","19655"
"2017-04-28 07:14","FileTxnSnapLog.java","27087","81380","108467"
"2019-07-31 19:06","FileTxnSnapLog.java","172021","256211","428232"
"2018-07-30 06:22","FileTxnSnapLog.java","46676","109652","156328"
"2012-02-06 09:40","FileTxnSnapLog.java","7548","13624","21172"
"2012-07-17 23:25","FileTxnSnapLog.java","10462","20261","30723"
"2020-01-30 09:43","FileTxnSnapLog.java","173119","268476","441595"
"2019-05-14 17:11","FileTxnSnapLog.java","172022","241572","413594"
"2013-06-28 23:22","FileTxnSnapLog.java","13024","35126","48150"
"2014-02-10 21:50","FileTxnSnapLog.java","13603","42714","56317"
"2019-05-21 23:34","FileTxnSnapLog.java","172022","241893","413915"
"2019-05-27 10:54","FileTxnSnapLog.java","172022","242225","414247"
"2017-01-13 19:29","FileTxnSnapLog.java","25398","81749","107147"
"2017-06-26 00:07","FileTxnSnapLog.java","27981","81812","109793"
"2018-02-23 23:49","FileTxnSnapLog.java","28611","87678","116289"
"2017-08-18 06:32","FileTxnSnapLog.java","28087","81920","110007"
"2019-08-17 17:13","FileTxnSnapLog.java","172021","256904","428925"
"2018-02-14 21:23","FileTxnSnapLog.java","28604","87507","116111"
"2018-10-16 16:22","RaceConditionTest.java","201886","231772","433658"
"2019-08-17 17:13","RaceConditionTest.java","223776","255265","479041"
"2017-11-28 00:10","RaceConditionTest.java","3767","8241","12008"
"2019-08-17 17:13","AddAuthCommand.java","221853","255887","477740"
"2019-08-27 09:23","DistributedQueueTest.java","168727","257583","426310"
"2019-08-17 17:13","DistributedQueueTest.java","168727","256990","425717"
"2019-06-05 00:46","SyncRequestProcessor.java","641","1834","2475"
"2019-05-22 11:39","SyncRequestProcessor.java","179","712","891"
"2019-06-03 19:40","SyncRequestProcessor.java","405","1069","1474"
"2019-08-17 17:13","SyncRequestProcessor.java","29675","45008","74683"
"2019-10-10 14:37","SyncRequestProcessor.java","32058","51144","83202"
"2020-01-07 20:39","SyncRequestProcessor.java","38120","62506","100626"
"2020-03-25 03:38","SyncRequestProcessor.java","39597","67715","107312"
"2019-05-16 16:25","QuorumPeer.java","511","3503","4014"
"2019-06-14 09:06","QuorumPeer.java","1609","7800","9409"
"2019-11-29 14:49","QuorumPeer.java","37478","62228","99706"
"2019-06-03 19:40","QuorumPeer.java","780","4304","5084"
"2019-07-15 14:15","QuorumPeer.java","5422","19034","24456"
"2019-07-03 00:44","QuorumPeer.java","4396","10602","14998"
"2019-08-17 17:13","QuorumPeer.java","29620","47813","77433"
"2019-05-15 11:56","QuorumPeer.java","488","3435","3923"
"2019-06-05 00:33","QuorumPeer.java","1016","4930","5946"
"2019-05-20 23:13","QuorumPeer.java","566","3631","4197"
"2019-06-04 10:55","QuorumPeer.java","949","4626","5575"
"2019-07-12 17:01","QuorumPeer.java","5422","18928","24350"
"2020-01-09 11:27","QuorumPeer.java","38543","64839","103382"
"2019-12-17 13:48","QuorumPeer.java","37525","62847","100372"
"2020-01-23 13:43","QuorumPeer.java","38937","67057","105994"
"2019-10-10 14:37","QuorumPeer.java","31720","53666","85386"
"2019-04-18 19:17","QuorumPeer.java","23","733","756"
"2020-02-16 10:25","QuorumPeer.java","39069","67902","106971"
"2011-04-29 18:12","QuorumCnxManager.java","14208","103084","117292"
"2011-12-28 01:26","QuorumCnxManager.java","17065","112749","129814"
"2019-11-29 14:49","QuorumCnxManager.java","91094","264719","355813"
"2013-03-07 07:01","QuorumCnxManager.java","18301","128939","147240"
"2018-07-11 06:04","QuorumCnxManager.java","29320","181339","210659"
"2018-08-06 14:11","QuorumCnxManager.java","29352","183144","212496"
"2010-11-17 15:59","QuorumCnxManager.java","13725","142244","155969"
"2012-06-29 22:08","QuorumCnxManager.java","17415","116258","133673"
"2018-10-16 16:22","QuorumCnxManager.java","69312","242990","312302"
"2019-06-14 09:06","QuorumCnxManager.java","90638","245704","336342"
"2019-08-03 08:42","QuorumCnxManager.java","90638","258414","349052"
"2019-11-13 20:41","QuorumCnxManager.java","90638","265425","356063"
"2019-04-09 16:08","QuorumCnxManager.java","90617","238541","329158"
"2019-08-06 12:52","QuorumCnxManager.java","90638","258679","349317"
"2017-02-09 11:40","QuorumCnxManager.java","22281","169323","191604"
"2019-05-20 23:13","QuorumCnxManager.java","90639","242579","333218"
"2009-01-16 00:48","QuorumCnxManager.java","4714","4197","8911"
"2015-04-09 20:16","QuorumCnxManager.java","20223","156648","176871"
"2017-08-23 02:16","QuorumCnxManager.java","22984","167330","190314"
"2019-07-27 20:04","QuorumCnxManager.java","90638","254237","344875"
"2009-06-30 22:47","QuorumCnxManager.java","9120","60555","69675"
"2015-05-29 23:46","QuorumCnxManager.java","20219","157160","177379"
"2015-05-14 07:10","QuorumCnxManager.java","20228","156873","177101"
"2020-03-12 14:47","QuorumCnxManager.java","91094","270105","361199"
"2019-08-17 17:13","QuorumCnxManager.java","90638","257706","348344"
"2009-05-20 22:16","QuorumCnxManager.java","7957","47332","55289"
"2017-11-28 00:10","QuorumCnxManager.java","23031","171297","194328"
"2009-04-04 00:01","QuorumCnxManager.java","6813","20788","27601"
"2009-11-18 20:06","QuorumCnxManager.java","11163","75233","86396"
"2009-10-27 22:14","QuorumCnxManager.java","9939","64890","74829"
"2009-12-15 23:23","QuorumCnxManager.java","11290","75938","87228"
"2009-08-11 00:24","QuorumCnxManager.java","9368","62012","71380"
"2009-08-03 23:27","QuorumCnxManager.java","9326","61224","70550"
"2019-10-10 14:37","QuorumCnxManager.java","90638","261459","352097"
"2014-07-23 19:36","QuorumCnxManager.java","20078","150070","170148"
"2017-06-09 18:37","QuorumCnxManager.java","22908","166958","189866"
"2020-01-23 13:43","QuorumCnxManager.java","91094","268089","359183"
"2014-03-23 04:12","QuorumCnxManager.java","18605","138613","157218"
"2010-01-19 21:06","QuorumCnxManager.java","11472","79136","90608"
"2010-01-21 04:08","QuorumCnxManager.java","11477","79147","90624"
"2014-07-08 05:25","QuorumCnxManager.java","20014","145736","165750"
"2019-11-28 12:24","QuorumCnxManager.java","91094","263068","354162"
"2014-06-25 15:04","QuorumCnxManager.java","19880","143966","163846"
"2011-08-15 02:44","QuorumCnxManager.java","12691","105982","118673"
"2016-06-08 17:43","QuorumCnxManager.java","21753","162226","183979"
"2020-03-23 16:20","QuorumCnxManager.java","91094","270276","361370"
"2020-02-16 10:25","QuorumCnxManager.java","91094","268802","359896"
"2014-07-22 06:45","QuorumCnxManager.java","20076","149993","170069"
"2011-04-12 09:14","QuorumCnxManager.java","14186","102727","116913"
"2010-10-06 19:01","QuorumCnxManager.java","13296","139208","152504"
"2018-07-27 12:32","QuorumCnxManager.java","29335","182515","211850"
"2010-10-20 00:32","QuorumCnxManager.java","13276","140681","153957"
"2011-03-16 19:49","QuorumCnxManager.java","13885","143899","157784"
"2018-12-20 15:13","QuorumPeer.java","952","1864","2816"
"2019-05-16 16:25","QuorumPeer.java","8884","21025","29909"
"2019-06-14 09:06","QuorumPeer.java","9917","25257","35174"
"2019-03-11 19:47","QuorumPeer.java","7968","15308","23276"
"2019-02-13 13:12","QuorumPeer.java","7899","14187","22086"
"2019-04-12 19:01","QuorumPeer.java","8489","17638","26127"
"2019-11-29 14:49","QuorumPeer.java","43897","77796","121693"
"2018-12-15 07:34","QuorumPeer.java","928","843","1771"
"2019-06-03 19:40","QuorumPeer.java","9130","21803","30933"
"2019-07-15 14:15","QuorumPeer.java","13464","36225","49689"
"2019-07-03 00:44","QuorumPeer.java","12454","27809","40263"
"2019-08-17 17:13","QuorumPeer.java","36481","63823","100304"
"2019-05-15 11:56","QuorumPeer.java","8861","20957","29818"
"2019-06-05 00:33","QuorumPeer.java","9326","22389","31715"
"2019-05-20 23:13","QuorumPeer.java","8926","21140","30066"
"2019-06-04 10:55","QuorumPeer.java","9265","22091","31356"
"2019-07-12 17:01","QuorumPeer.java","13464","36119","49583"
"2020-01-09 11:27","QuorumPeer.java","44886","80331","125217"
"2019-12-17 13:48","QuorumPeer.java","43906","78377","122283"
"2020-01-23 13:43","QuorumPeer.java","45133","82402","127535"
"2019-10-10 14:37","QuorumPeer.java","38466","69561","108027"
"2019-04-18 19:17","QuorumPeer.java","8511","18370","26881"
"2020-02-16 10:25","QuorumPeer.java","45261","83243","128504"
"2010-01-26 01:17","SessionTracker.java","3183","15103","18286"
"2011-11-14 20:18","SessionTracker.java","24942","66538","91480"
"2013-10-09 22:21","SessionTracker.java","28993","91490","120483"
"2014-07-18 02:19","SessionTracker.java","31084","107137","138221"
"2018-09-18 01:00","SessionTracker.java","89241","193167","282408"
"2019-09-05 23:12","SessionTracker.java","146571","258106","404677"
"2019-08-17 17:13","SessionTracker.java","146571","257187","403758"
"2018-08-08 06:21","SessionTracker.java","69923","170743","240666"
"2019-06-07 14:13","TruncateTest.java","212761","242232","454993"
"2015-05-14 18:40","TruncateTest.java","1644","6659","8303"
"2019-08-17 17:13","TruncateTest.java","212761","256128","468889"
"2018-05-09 23:57","TruncateTest.java","16563","35619","52182"
"2019-07-12 17:01","TruncateTest.java","212761","251441","464202"
"2017-08-18 06:32","TruncateTest.java","15259","27576","42835"
"2017-09-11 18:55","TruncateTest.java","15414","27909","43323"
"2016-08-24 01:36","TruncateTest.java","7902","17402","25304"
"2017-05-11 16:59","TruncateTest.java","13306","25253","38559"
"2020-01-28 17:26","TruncateTest.java","214207","267972","482179"
"2017-01-07 01:09","TruncateTest.java","9227","23859","33086"
"2019-11-29 14:49","QuorumUtil.java","220653","264602","485255"
"2013-03-07 07:01","QuorumUtil.java","55117","40554","95671"
"2019-08-17 17:13","QuorumUtil.java","219580","256972","476552"
"2020-03-12 14:47","QuorumUtil.java","220653","269988","490641"
"2019-07-12 17:01","QuorumUtil.java","219580","252285","471865"
"2012-12-11 08:42","QuorumUtil.java","53821","32599","86420"
"2014-01-16 23:59","QuorumUtil.java","55844","48389","104233"
"2019-10-10 14:37","QuorumUtil.java","219580","260725","480305"
"2011-04-12 09:14","QuorumUtil.java","42556","1421","43977"
"2014-05-18 05:49","QuorumUtil.java","62077","59976","122053"
"2011-09-17 02:13","QuorumUtil.java","47020","17352","64372"
"2013-10-09 22:21","QuorumUtil.java","55713","46345","102058"
"2013-09-26 14:05","QuorumUtil.java","55392","43121","98513"
"2019-11-08 17:30","FinalRequestProcessor.java","157267","180900","338167"
"2019-07-08 23:26","FinalRequestProcessor.java","155540","162335","317875"
"2019-01-16 23:23","FinalRequestProcessor.java","153916","147915","301831"
"2019-04-12 19:01","FinalRequestProcessor.java","154260","154086","308346"
"2019-02-07 11:26","FinalRequestProcessor.java","153981","150332","304313"
"2019-01-14 19:38","FinalRequestProcessor.java","153914","147225","301139"
"2019-01-09 17:22","FinalRequestProcessor.java","153981","149972","303953"
"2019-09-10 04:26","FinalRequestProcessor.java","157193","176257","333450"
"2019-08-17 17:13","FinalRequestProcessor.java","156211","174230","330441"
"2019-06-26 10:57","FinalRequestProcessor.java","155540","161409","316949"
"2019-08-01 07:28","FinalRequestProcessor.java","156177","174377","330554"
"2019-07-03 00:44","FinalRequestProcessor.java","155540","161572","317112"
"2019-08-06 17:11","FinalRequestProcessor.java","156190","175310","331500"
"2020-03-25 03:38","FinalRequestProcessor.java","159546","190350","349896"
"2019-09-16 23:26","FinalRequestProcessor.java","157197","178235","335432"
"2019-10-10 14:37","FinalRequestProcessor.java","157213","178985","336198"
"2019-11-21 05:58","FinalRequestProcessor.java","159196","180382","339578"
"2019-11-18 09:05","FinalRequestProcessor.java","159196","180359","339555"
"2019-11-11 13:59","FinalRequestProcessor.java","157267","182696","339963"
"2020-03-26 22:12","FinalRequestProcessor.java","159596","190402","349998"
"2013-05-11 14:51","FLETest.java","29288","66506","95794"
"2019-10-10 14:37","FLETest.java","167729","260768","428497"
"2013-10-21 23:36","FLETest.java","29827","72565","102392"
"2013-10-02 20:19","FLETest.java","29656","69283","98939"
"2014-06-25 15:04","FLETest.java","36013","86641","122654"
"2010-03-31 06:26","FLETest.java","2714","2961","5675"
"2011-09-17 02:13","FLETest.java","22002","44077","66079"
"2016-06-02 00:59","FLETest.java","38780","105796","144576"
"2011-04-12 09:14","FLETest.java","19586","30345","49931"
"2011-12-23 20:46","FLETest.java","24846","47046","71892"
"2011-04-29 18:12","FLETest.java","19678","30772","50450"
"2017-09-11 18:55","FLETest.java","41863","112814","154677"
"2012-04-23 01:20","FLETest.java","27512","52854","80366"
"2019-08-17 17:13","FLETest.java","167729","257015","424744"
"2019-02-06 09:46","ZooKeeper.java","182958","234543","417501"
"2019-01-16 14:21","ZooKeeper.java","182957","232819","415776"
"2017-04-18 02:02","ZooKeeper.java","27291","83172","110463"
"2019-11-08 17:30","ZooKeeper.java","183022","262518","445540"
"2019-02-07 11:26","ZooKeeper.java","182958","235172","418130"
"2013-03-07 07:01","ZooKeeper.java","12962","34896","47858"
"2013-12-17 17:55","ZooKeeper.java","13726","42464","56190"
"2012-02-06 09:56","ZooKeeper.java","7866","15640","23506"
"2012-03-17 01:31","ZooKeeper.java","8187","17466","25653"
"2012-11-17 15:03","ZooKeeper.java","11004","25402","36406"
"2017-05-01 17:19","ZooKeeper.java","27302","83310","110612"
"2014-01-24 07:18","ZooKeeper.java","13818","44485","58303"
"2019-08-17 17:13","ZooKeeper.java","183022","256904","439926"
"2015-06-04 19:51","ZooKeeper.java","21570","70562","92132"
"2016-10-07 21:51","ZooKeeper.java","24929","78972","103901"
"2015-03-16 09:09","ZooKeeper.java","21176","67124","88300"
"2015-03-17 18:06","ZooKeeper.java","21260","67918","89178"
"2016-05-02 18:15","ZooKeeper.java","24408","75685","100093"
"2019-06-26 10:57","ZooKeeper.java","183022","244754","427776"
"2019-06-03 19:40","ZooKeeper.java","183022","242235","425257"
"2018-05-09 23:57","ZooKeeper.java","28956","91222","120178"
"2019-08-03 08:42","ZooKeeper.java","183022","257612","440634"
"2016-11-13 20:59","ZooKeeper.java","24950","81246","106196"
"2013-02-03 15:52","ZooKeeper.java","12400","30271","42671"
"2012-09-28 18:32","ZooKeeper.java","10786","23216","34002"
"2017-07-28 00:36","ZooKeeper.java","28223","83365","111588"
"2017-08-18 23:35","ZooKeeper.java","28301","83928","112229"
"2017-07-04 07:56","ZooKeeper.java","28205","83957","112162"
"2020-04-16 12:50","ZooKeeper.java","184120","271576","455696"
"2018-07-27 05:16","ZooKeeper.java","45867","110151","156018"
"2019-10-10 14:37","ZooKeeper.java","183022","260657","443679"
"2014-04-01 04:03","ZooKeeper.java","14228","46375","60603"
"2012-12-19 19:16","ZooKeeper.java","12314","29692","42006"
"2019-02-11 12:34","ZooKeeper.java","182958","235535","418493"
"2014-07-08 20:18","ZooKeeper.java","20505","57539","78044"
"2020-05-17 15:13","ZooKeeper.java","184124","271951","456075"
"2017-01-09 22:49","ZooKeeper.java","25605","83469","109074"
"2019-03-12 19:08","ZooKeeper.java","182970","236975","419945"
"2011-09-06 00:58","ZooKeeper.java","1063","9833","10896"
"2014-07-22 06:51","ZooKeeper.java","20811","62043","82854"
"2014-04-29 02:23","ZooKeeper.java","19917","53849","73766"
"2019-07-02 07:34","Follower.java","214963","244047","459010"
"2018-12-09 03:16","Follower.java","214852","228651","443503"
"2019-04-12 19:01","Follower.java","214947","237895","452842"
"2018-09-18 01:00","Follower.java","112483","135605","248088"
"2019-08-17 17:13","Follower.java","214963","256104","471067"
"2019-06-29 00:33","Follower.java","214963","244091","459054"
"2019-08-06 17:11","Follower.java","214963","257205","472168"
"2019-07-15 14:15","Follower.java","214963","251523","466486"
"2019-08-23 19:43","Follower.java","214963","256770","471733"
"2017-11-28 00:10","Follower.java","15506","29632","45138"
"2019-06-05 00:33","Follower.java","214963","241825","456788"
"2019-05-03 00:44","Follower.java","214947","240085","455032"
"2015-06-05 21:15","Follower.java","1521","5111","6632"
"2019-12-27 22:33","Follower.java","216410","266229","482639"
"2016-08-13 15:01","Follower.java","7188","14694","21882"
"2019-10-10 14:37","Follower.java","214963","259857","474820"
"2016-12-20 14:47","Follower.java","8804","20571","29375"
"2019-08-17 17:13","DeleteAllCommand.java","29432","43295","72727"
"2011-04-12 09:14","InvalidSnapshotTest.java","14662","5707","20369"
"2016-08-24 01:36","InvalidSnapshotTest.java","37524","85848","123372"
"2013-12-21 22:05","InvalidSnapshotTest.java","26938","51384","78322"
"2013-10-02 01:45","InvalidSnapshotTest.java","26669","46654","73323"
"2019-10-10 14:37","InvalidSnapshotTest.java","187413","260738","448151"
"2019-08-17 17:13","InvalidSnapshotTest.java","187413","256985","444398"
"2012-03-18 21:06","InvalidSnapshotTest.java","23910","28627","52537"
"2012-02-06 09:47","InvalidSnapshotTest.java","21582","24943","46525"
"2019-12-27 22:33","AdHashTest.java","10004","18682","28686"
"2019-05-20 17:18","LocalPeerBeanTest.java","1403","7248","8651"
"2019-08-17 17:13","LocalPeerBeanTest.java","30099","51153","81252"
"2019-11-29 14:49","QuorumCnxManager.java","113902","122062","235964"
"2019-06-14 09:06","QuorumCnxManager.java","95680","85281","180961"
"2019-08-03 08:42","QuorumCnxManager.java","99637","101948","201585"
"2019-11-13 20:41","QuorumCnxManager.java","111458","120780","232238"
"2019-04-09 16:08","QuorumCnxManager.java","94703","77162","171865"
"2019-08-06 12:52","QuorumCnxManager.java","99655","102231","201886"
"2019-05-20 23:13","QuorumCnxManager.java","95381","81856","177237"
"2019-07-27 20:04","QuorumCnxManager.java","98619","96753","195372"
"2020-03-12 14:47","QuorumCnxManager.java","115094","128640","243734"
"2019-08-17 17:13","QuorumCnxManager.java","109882","111485","221367"
"2019-10-10 14:37","QuorumCnxManager.java","111293","116649","227942"
"2020-01-23 13:43","QuorumCnxManager.java","114937","126467","241404"
"2019-11-28 12:24","QuorumCnxManager.java","113664","120173","233837"
"2020-03-23 16:20","QuorumCnxManager.java","115151","128868","244019"
"2020-02-16 10:25","QuorumCnxManager.java","115061","127304","242365"
"2020-05-21 14:13","ZKHostnameVerifier.java","16420","31249","47669"
"2019-10-10 14:37","ZKHostnameVerifier.java","3717","7470","11187"
"2019-08-17 17:13","NettyNettySuiteBase.java","36458","67761","104219"
"2019-08-17 17:13","FourLetterWordMain.java","30116","52449","82565"
"2019-02-06 09:46","ZooKeeper.java","198424","233966","432390"
"2019-01-16 14:21","ZooKeeper.java","198423","232242","430665"
"2017-04-18 02:02","ZooKeeper.java","20858","48001","68859"
"2019-11-08 17:30","ZooKeeper.java","198549","262002","460551"
"2019-02-07 11:26","ZooKeeper.java","198424","234595","433019"
"2017-05-01 17:19","ZooKeeper.java","20874","48144","69018"
"2014-01-24 07:18","ZooKeeper.java","158","2087","2245"
"2019-08-17 17:13","ZooKeeper.java","198521","256360","454881"
"2015-06-04 19:51","ZooKeeper.java","11542","31796","43338"
"2016-10-07 21:51","ZooKeeper.java","17326","42631","59957"
"2015-03-16 09:09","ZooKeeper.java","10713","27923","38636"
"2015-03-17 18:06","ZooKeeper.java","10821","28741","39562"
"2016-05-02 18:15","ZooKeeper.java","16206","38745","54951"
"2019-06-26 10:57","ZooKeeper.java","198521","244210","442731"
"2019-06-03 19:40","ZooKeeper.java","198521","241691","440212"
"2018-05-09 23:57","ZooKeeper.java","24349","57877","82226"
"2019-08-03 08:42","ZooKeeper.java","198521","257068","455589"
"2016-11-13 20:59","ZooKeeper.java","17462","45020","62482"
"2017-07-28 00:36","ZooKeeper.java","23082","49486","72568"
"2017-08-18 23:35","ZooKeeper.java","23180","50069","73249"
"2017-07-04 07:56","ZooKeeper.java","22067","49081","71148"
"2020-04-16 12:50","ZooKeeper.java","199870","271283","471153"
"2018-07-27 05:16","ZooKeeper.java","42878","78424","121302"
"2019-10-10 14:37","ZooKeeper.java","198521","260113","458634"
"2014-04-01 04:03","ZooKeeper.java","765","4174","4939"
"2019-02-11 12:34","ZooKeeper.java","198424","234958","433382"
"2014-07-08 20:18","ZooKeeper.java","9094","17390","26484"
"2020-05-17 15:13","ZooKeeper.java","199881","271665","471546"
"2017-01-09 22:49","ZooKeeper.java","18192","47318","65510"
"2019-03-12 19:08","ZooKeeper.java","198441","236403","434844"
"2014-07-22 06:51","ZooKeeper.java","9711","22205","31916"
"2014-04-29 02:23","ZooKeeper.java","7808","13002","20810"
"2019-09-05 22:59","AsyncCallback.java","205486","256786","462272"
"2019-01-16 14:21","AsyncCallback.java","205378","232026","437404"
"2019-02-07 11:26","AsyncCallback.java","205379","234379","439758"
"2019-08-17 17:13","AsyncCallback.java","205486","256154","461640"
"2017-07-28 00:36","AsyncCallback.java","16152","35385","51537"
"2019-12-27 22:33","FileTxnLog.java","229988","265525","495513"
"2019-10-10 14:37","FileTxnLog.java","228218","258830","487048"
"2018-11-12 22:36","FileTxnLog.java","228074","223025","451099"
"2018-08-01 21:19","FileTxnLog.java","21998","26953","48951"
"2018-04-27 20:28","FileTxnLog.java","494","2344","2838"
"2018-06-08 16:52","FileTxnLog.java","812","4109","4921"
"2020-01-28 17:26","FileTxnLog.java","229989","267246","497235"
"2019-05-14 17:11","FileTxnLog.java","228197","239723","467920"
"2019-01-07 14:24","FileTxnLog.java","228077","229766","457843"
"2019-04-12 19:01","FileTxnLog.java","228180","236846","465026"
"2018-09-06 01:11","FileTxnLog.java","100790","107376","208166"
"2018-09-18 01:00","FileTxnLog.java","100939","109779","210718"
"2019-08-17 17:13","FileTxnLog.java","228217","255076","483293"
"2019-06-03 19:40","FileTxnLog.java","228216","240406","468622"
"2018-04-24 00:20","FileTxnLog.java","290","2053","2343"
"2018-02-14 21:23","FileTxnLog.java","141","1020","1161"
"2019-08-03 08:42","FileTxnLog.java","228217","255784","484001"
"2019-04-09 15:35","FileTxnLog.java","228107","235823","463930"
"2018-02-02 00:26","FileTxnLog.java","12","19","31"
"2019-08-17 17:13","FourLetterWordMain.java","223799","255234","479033"
"2019-01-31 15:50","FourLetterWordMain.java","223681","232783","456464"
"2018-12-15 07:34","FourLetterWordMain.java","223679","227687","451366"
"2011-10-25 08:09","EventTypeTest.java","22531","42821","65352"
"2019-08-17 17:13","EventTypeTest.java","167976","257015","424991"
"2011-10-20 20:02","SendAckRequestProcessor.java","24691","66526","91217"
"2011-04-12 09:14","SendAckRequestProcessor.java","21320","54664","75984"
"2019-08-17 17:13","SendAckRequestProcessor.java","145376","257247","402623"
"2019-05-03 00:44","SendAckRequestProcessor.java","145376","241244","386620"
"2019-01-23 14:00","NettyServerCnxn.java","177045","233564","410609"
"2019-02-18 17:05","NettyServerCnxn.java","177059","236110","413169"
"2019-02-12 15:25","NettyServerCnxn.java","177046","235663","412709"
"2017-08-09 20:31","NettyServerCnxn.java","30141","78651","108792"
"2017-04-10 19:19","NettyServerCnxn.java","28359","77414","105773"
"2018-09-07 02:34","NettyServerCnxn.java","112984","172512","285496"
"2019-04-12 19:01","NettyServerCnxn.java","177113","238712","415825"
"2018-11-22 17:56","NettyServerCnxn.java","177044","225533","402577"
"2018-10-24 04:03","NettyServerCnxn.java","158280","236370","394650"
"2018-11-17 18:33","NettyServerCnxn.java","177043","224910","401953"
"2019-01-14 19:38","NettyServerCnxn.java","177044","232128","409172"
"2017-03-04 19:22","NettyServerCnxn.java","28349","77118","105467"
"2018-09-18 01:00","NettyServerCnxn.java","113047","174820","287867"
"2019-08-17 17:13","NettyServerCnxn.java","177112","256904","434016"
"2019-07-03 00:44","NettyServerCnxn.java","177112","244917","422029"
"2015-03-28 20:08","NettyServerCnxn.java","22100","62962","85062"
"2019-11-23 17:08","NettyServerCnxn.java","178210","262703","440913"
"2015-06-28 21:09","NettyServerCnxn.java","23324","65886","89210"
"2019-07-23 15:55","NettyServerCnxn.java","177112","252912","430024"
"2019-05-06 18:32","NettyServerCnxn.java","177113","241259","418372"
"2019-04-22 19:15","NettyServerCnxn.java","177113","239687","416800"
"2019-08-03 08:42","NettyServerCnxn.java","177112","257612","434724"
"2016-12-21 23:32","NettyServerCnxn.java","26605","77301","103906"
"2013-12-16 05:18","NettyServerCnxn.java","14411","36154","50565"
"2019-11-18 09:05","NettyServerCnxn.java","178210","261146","439356"
"2015-11-08 22:36","NettyServerCnxn.java","23544","67414","90958"
"2019-11-21 05:58","NettyServerCnxn.java","178210","261169","439379"
"2013-10-05 00:57","NettyServerCnxn.java","14113","31797","45910"
"2019-09-16 23:26","NettyServerCnxn.java","177112","259923","437035"
"2019-10-10 14:37","NettyServerCnxn.java","177112","260657","437769"
"2013-10-12 00:04","NettyServerCnxn.java","14301","34870","49171"
"2018-09-28 23:38","NettyServerCnxn.java","113203","177550","290753"
"2020-02-16 10:25","QuorumPeerMain.java","1796","2509","4305"
"2016-08-05 23:05","CliParseException.java","237","182","419"
"2019-08-17 17:13","CliParseException.java","221853","255887","477740"
"2011-04-12 09:14","InvalidSnapshotTest.java","17408","27920","45328"
"2016-08-24 01:36","InvalidSnapshotTest.java","37909","105643","143552"
"2010-08-18 08:24","InvalidSnapshotTest.java","4983","24450","29433"
"2013-12-21 22:05","InvalidSnapshotTest.java","28511","72367","100878"
"2013-10-02 01:45","InvalidSnapshotTest.java","28285","67680","95965"
"2019-10-10 14:37","InvalidSnapshotTest.java","167976","260768","428744"
"2019-08-17 17:13","InvalidSnapshotTest.java","167976","257015","424991"
"2012-03-18 21:06","InvalidSnapshotTest.java","25816","49943","75759"
"2012-02-06 09:47","InvalidSnapshotTest.java","23588","46359","69947"
"2010-03-04 00:07","FileTxnLog.java","12916","30371","43287"
"2011-06-21 07:34","FileTxnLog.java","23073","60103","83176"
"2014-02-12 17:00","FileTxnLog.java","30232","99408","129640"
"2013-12-11 01:10","FileTxnLog.java","30145","96436","126581"
"2018-01-19 00:43","FileTxnLog.java","36488","134465","170953"
"2019-12-27 22:33","FileTxnLog.java","144623","266808","411431"
"2019-10-10 14:37","FileTxnLog.java","143983","261243","405226"
"2018-11-12 22:36","FileTxnLog.java","143939","225538","369477"
"2018-08-01 21:19","FileTxnLog.java","48478","151410","199888"
"2018-04-27 20:28","FileTxnLog.java","36594","136421","173015"
"2018-06-08 16:52","FileTxnLog.java","36605","137879","174484"
"2010-12-23 13:42","FileTxnLog.java","18622","94215","112837"
"2011-09-03 01:07","FileTxnLog.java","21870","68905","90775"
"2011-04-12 09:14","FileTxnLog.java","22887","57867","80754"
"2011-11-15 19:30","FileTxnLog.java","26347","70868","97215"
"2014-06-30 19:11","FileTxnLog.java","31768","106003","137771"
"2020-01-28 17:26","FileTxnLog.java","144623","268528","413151"
"2019-05-14 17:11","FileTxnLog.java","143983","242157","386140"
"2019-01-07 14:24","FileTxnLog.java","143939","232276","376215"
"2013-06-28 23:22","FileTxnLog.java","29874","91929","121803"
"2010-03-16 22:23","FileTxnLog.java","13019","37265","50284"
"2019-04-12 19:01","FileTxnLog.java","143983","239297","383280"
"2017-04-28 07:14","FileTxnLog.java","35875","130121","165996"
"2012-02-06 09:40","FileTxnLog.java","26579","72608","99187"
"2018-09-06 01:11","FileTxnLog.java","88776","193339","282115"
"2018-09-18 01:00","FileTxnLog.java","88822","195639","284461"
"2016-03-20 19:31","FileTxnLog.java","32901","122205","155106"
"2019-08-17 17:13","FileTxnLog.java","143983","257490","401473"
"2019-06-03 19:40","FileTxnLog.java","143983","242821","386804"
"2018-04-24 00:20","FileTxnLog.java","36554","136294","172848"
"2018-02-14 21:23","FileTxnLog.java","36526","135382","171908"
"2019-08-03 08:42","FileTxnLog.java","143983","258198","402181"
"2019-04-09 15:35","FileTxnLog.java","143947","238311","382258"
"2017-08-03 20:41","FileTxnLog.java","36321","129751","166072"
"2018-02-02 00:26","FileTxnLog.java","36490","134474","170964"
"2017-06-26 00:07","FileTxnLog.java","36260","130044","166304"
"2018-12-20 15:13","QuorumMXBean.java","87732","62905","150637"
"2019-06-03 19:40","QuorumMXBean.java","95513","82447","177960"
"2019-08-17 17:13","QuorumMXBean.java","109882","111485","221367"
"2019-12-27 22:33","QuorumMXBean.java","114000","124281","238281"
"2019-08-17 17:13","ReconfigExceptionTest.java","224697","255250","479947"
"2019-11-29 14:49","ReconfigExceptionTest.java","226322","263432","489754"
"2019-08-17 17:13","ReconfigLegacyTest.java","225011","255292","480303"
"2019-06-03 19:40","ReconfigLegacyTest.java","225010","240622","465632"
"2019-08-17 17:13","ClientCnxn.java","228105","255076","483181"
"2019-01-31 15:50","ClientCnxn.java","227970","232608","460578"
"2019-04-09 15:35","ClientCnxn.java","227995","235823","463818"
"2019-11-08 17:30","ClientCnxn.java","228154","260739","488893"
"2019-01-16 14:21","ClientCnxn.java","227967","230918","458885"
"2019-01-07 14:24","ClientCnxn.java","227965","229766","457731"
"2019-03-06 03:32","ClientCnxn.java","227993","234749","462742"
"2019-02-07 11:26","ClientCnxn.java","227971","233274","461245"
"2018-11-05 19:40","ClientCnxn.java","205817","231274","437091"
"2020-05-17 15:13","ClientCnxn.java","229970","270886","500856"
"2018-06-25 12:30","ClientCnxn.java","811","4337","5148"
"2020-03-03 03:12","ClientCnxn.java","229877","268583","498460"
"2018-09-10 11:44","ClientCnxn.java","100785","107496","208281"
"2020-01-21 17:53","ClientCnxn.java","229877","264844","494721"
"2019-10-10 14:37","ClientCnxn.java","228106","258830","486936"
"2019-11-21 05:58","ClientCnxn.java","229875","260013","489888"
"2020-04-16 12:50","ClientCnxn.java","229938","270483","500421"
"2018-07-27 05:16","ClientCnxn.java","21881","26559","48440"
"2010-03-13 01:06","FLEZeroWeightTest.java","12991","37494","50485"
"2019-10-10 14:37","FLEZeroWeightTest.java","143701","261243","404944"
"2011-04-12 09:14","FLEZeroWeightTest.java","22839","58101","80940"
"2010-03-31 06:26","FLEZeroWeightTest.java","14468","39218","53686"
"2012-04-23 01:20","FLEZeroWeightTest.java","28241","76878","105119"
"2017-09-11 18:55","FLEZeroWeightTest.java","36294","130540","166834"
"2019-08-17 17:13","FLEZeroWeightTest.java","143701","257490","401191"
"2019-07-12 17:01","FLEZeroWeightTest.java","143701","252803","396504"
"2013-03-07 07:01","KeeperException.java","12962","34896","47858"
"2012-02-06 09:56","KeeperException.java","7866","15640","23506"
"2014-01-24 07:18","KeeperException.java","13818","44485","58303"
"2019-08-17 17:13","KeeperException.java","183022","256904","439926"
"2014-04-30 04:30","KeeperException.java","19917","53863","73780"
"2019-07-24 18:00","KeeperException.java","183022","253359","436381"
"2016-11-13 20:59","KeeperException.java","24950","81246","106196"
"2017-07-28 00:36","KeeperException.java","28223","83365","111588"
"2020-03-25 03:38","KeeperException.java","184120","270787","454907"
"2018-07-27 05:16","KeeperException.java","45867","110151","156018"
"2013-10-09 22:21","KeeperException.java","13635","40764","54399"
"2018-12-20 15:13","QuorumMXBean.java","90075","231249","321324"
"2018-10-16 16:22","QuorumMXBean.java","68706","242954","311660"
"2019-06-03 19:40","QuorumMXBean.java","90102","243037","333139"
"2019-08-17 17:13","QuorumMXBean.java","90102","257706","347808"
"2019-12-27 22:33","QuorumMXBean.java","90558","266840","357398"
"2019-01-23 14:00","NettyServerCnxn.java","224124","231874","455998"
"2019-02-18 17:05","NettyServerCnxn.java","224145","234427","458572"
"2019-02-12 15:25","NettyServerCnxn.java","224125","233973","458098"
"2017-08-09 20:31","NettyServerCnxn.java","3013","2754","5767"
"2017-04-10 19:19","NettyServerCnxn.java","110","396","506"
"2018-09-07 02:34","NettyServerCnxn.java","103892","114651","218543"
"2019-04-12 19:01","NettyServerCnxn.java","224223","237053","461276"
"2018-11-22 17:56","NettyServerCnxn.java","224122","223842","447964"
"2018-10-24 04:03","NettyServerCnxn.java","202346","231667","434013"
"2018-11-17 18:33","NettyServerCnxn.java","224121","223219","447340"
"2019-01-14 19:38","NettyServerCnxn.java","224123","230438","454561"
"2018-09-18 01:00","NettyServerCnxn.java","104031","117035","221066"
"2019-08-17 17:13","NettyServerCnxn.java","224242","255265","479507"
"2019-07-03 00:44","NettyServerCnxn.java","224241","243277","467518"
"2019-11-23 17:08","NettyServerCnxn.java","225855","261579","487434"
"2019-07-23 15:55","NettyServerCnxn.java","224242","251273","475515"
"2019-05-06 18:32","NettyServerCnxn.java","224223","239600","463823"
"2019-04-22 19:15","NettyServerCnxn.java","224223","238028","462251"
"2019-08-03 08:42","NettyServerCnxn.java","224242","255973","480215"
"2019-11-18 09:05","NettyServerCnxn.java","225855","260022","485877"
"2019-11-21 05:58","NettyServerCnxn.java","225855","260045","485900"
"2019-09-16 23:26","NettyServerCnxn.java","224242","258284","482526"
"2019-10-10 14:37","NettyServerCnxn.java","224242","259018","483260"
"2018-09-28 23:38","NettyServerCnxn.java","104713","120291","225004"
"2019-06-03 19:40","AsyncOps.java","205486","241485","446971"
"2019-08-17 17:13","AsyncOps.java","205486","256154","461640"
"2011-11-05 21:57","Zab1_0Test.java","6610","3327","9937"
"2011-11-05 07:29","Zab1_0Test.java","6584","3034","9618"
"2011-09-22 07:42","Zab1_0Test.java","3436","1079","4515"
"2013-09-26 14:05","Zab1_0Test.java","13921","28786","42707"
"2014-05-09 23:37","Zab1_0Test.java","20618","45222","65840"
"2017-01-07 01:09","Zab1_0Test.java","27778","76259","104037"
"2015-12-06 21:30","Zab1_0Test.java","23672","65387","89059"
"2019-12-17 13:48","Zab1_0Test.java","180755","265100","445855"
"2013-11-19 02:03","Zab1_0Test.java","14345","32955","47300"
"2015-07-07 07:11","Zab1_0Test.java","23437","63601","87038"
"2019-12-27 22:33","Zab1_0Test.java","180755","266649","447404"
"2013-10-24 20:41","Zab1_0Test.java","14323","32795","47118"
"2019-10-10 14:37","Zab1_0Test.java","179545","260514","440059"
"2013-11-07 06:41","Zab1_0Test.java","14326","32888","47214"
"2015-05-14 18:40","Zab1_0Test.java","22237","61101","83338"
"2019-08-17 17:13","Zab1_0Test.java","179545","256761","436306"
"2019-06-03 19:40","Zab1_0Test.java","179545","242092","421637"
"2018-05-10 06:00","Zab1_0Test.java","32291","85481","117772"
"2017-11-28 00:10","Zab1_0Test.java","31814","82015","113829"
"2013-10-07 21:08","Zab1_0Test.java","14080","29469","43549"
"2012-12-31 02:38","Zab1_0Test.java","12475","20536","33011"
"2017-08-18 06:32","Zab1_0Test.java","31385","77551","108936"
"2012-08-01 17:53","Zab1_0Test.java","10670","12826","23496"
"2012-07-05 18:01","Zab1_0Test.java","10613","11627","22240"
"2013-03-07 07:01","Zab1_0Test.java","13502","26075","39577"
"2012-12-13 08:25","Zab1_0Test.java","11919","18040","29959"
"2012-01-31 07:45","Zab1_0Test.java","7605","5615","13220"
"2012-01-04 01:15","Zab1_0Test.java","7541","5313","12854"
"2017-02-12 00:12","Zab1_0Test.java","29548","75275","104823"
"2011-12-09 20:03","Zab1_0Test.java","6634","3818","10452"
"2018-11-17 18:37","ConfigUtils.java","84963","57598","142561"
"2019-08-17 17:13","ConfigUtils.java","108278","112838","221116"
"2019-08-17 17:13","AtomicFileOutputStream.java","224167","255234","479401"
"2019-10-10 14:37","AtomicFileOutputStream.java","224167","258987","483154"
"2016-12-22 23:23","StatCommand.java","2077","7078","9155"
"2017-05-27 00:52","StatCommand.java","6695","9371","16066"
"2018-02-07 01:05","StatCommand.java","9829","17703","27532"
"2018-07-12 01:33","StatCommand.java","20369","31310","51679"
"2019-08-17 17:13","StatCommand.java","221853","255887","477740"
"2019-04-10 13:19","FileSnap.java","84080","238975","323055"
"2019-07-31 19:06","FileSnap.java","84079","257013","341092"
"2020-01-30 09:43","FileSnap.java","84535","268636","353171"
"2010-03-12 23:36","FileSnap.java","13140","97530","110670"
"2019-05-27 10:54","FileSnap.java","84080","243027","327107"
"2017-06-26 00:07","FileSnap.java","22073","170957","193030"
"2009-01-31 02:18","FileSnap.java","7571","24408","31979"
"2017-08-18 06:32","FileSnap.java","22124","171010","193134"
"2019-08-17 17:13","FileSnap.java","84079","257706","341785"
"2009-04-17 20:11","FileSnap.java","9059","30521","39580"
"2018-02-14 21:23","FileSnap.java","22242","176198","198440"
"2019-12-03 19:12","FileSnap.java","84535","264777","349312"
"2019-12-27 22:33","FileSnap.java","84535","266840","351375"
"2019-10-10 14:37","FileSnap.java","84079","261459","345538"
"2020-01-28 17:26","FileSnap.java","84535","268560","353095"
"2011-04-12 09:14","FileSnap.java","15066","110166","125232"
"2017-01-23 02:13","FileSnap.java","21509","173114","194623"
"2019-04-10 13:19","FileSnap.java","84092","238975","323067"
"2019-07-31 19:06","FileSnap.java","84091","257013","341104"
"2020-01-30 09:43","FileSnap.java","84547","268636","353183"
"2010-03-12 23:36","FileSnap.java","13141","97519","110660"
"2019-05-27 10:54","FileSnap.java","84092","243027","327119"
"2017-06-26 00:07","FileSnap.java","22078","170950","193028"
"2009-01-31 02:18","FileSnap.java","7569","24394","31963"
"2017-08-18 06:32","FileSnap.java","22129","171003","193132"
"2019-08-17 17:13","FileSnap.java","84091","257706","341797"
"2009-04-17 20:11","FileSnap.java","9057","30507","39564"
"2018-02-14 21:23","FileSnap.java","22247","176191","198438"
"2019-12-03 19:12","FileSnap.java","84547","264777","349324"
"2019-12-27 22:33","FileSnap.java","84547","266840","351387"
"2019-10-10 14:37","FileSnap.java","84091","261459","345550"
"2020-01-28 17:26","FileSnap.java","84547","268560","353107"
"2011-04-12 09:14","FileSnap.java","15067","110155","125222"
"2017-01-23 02:13","FileSnap.java","21510","173103","194613"
"2020-03-26 22:19","ZooKeeperAdmin.java","12226","25083","37309"
"2019-11-29 14:49","QuorumCnxManager.java","37203","55762","92965"
"2019-08-03 08:42","QuorumCnxManager.java","6074","18784","24858"
"2019-11-13 20:41","QuorumCnxManager.java","31697","51418","83115"
"2019-08-06 12:52","QuorumCnxManager.java","6123","19098","25221"
"2019-07-27 20:04","QuorumCnxManager.java","4814","13347","18161"
"2020-03-12 14:47","QuorumCnxManager.java","38924","62869","101793"
"2019-08-17 17:13","QuorumCnxManager.java","29003","41005","70008"
"2019-10-10 14:37","QuorumCnxManager.java","31421","47176","78597"
"2020-01-23 13:43","QuorumCnxManager.java","38697","60626","99323"
"2019-11-28 12:24","QuorumCnxManager.java","36908","53816","90724"
"2020-03-23 16:20","QuorumCnxManager.java","38988","63104","102092"
"2020-02-16 10:25","QuorumCnxManager.java","38833","61475","100308"
"2019-05-20 17:18","FinalRequestProcessorTest.java","1573","8392","9965"
"2019-08-17 17:13","FinalRequestProcessorTest.java","30126","52154","82280"
"2019-10-10 14:37","SessionTrackerImpl.java","158337","260786","419123"
"2019-09-20 10:02","SessionTrackerImpl.java","158337","259953","418290"
"2011-04-12 09:14","SessionTrackerImpl.java","20763","40932","61695"
"2011-11-14 20:18","SessionTrackerImpl.java","24761","54737","79498"
"2010-08-18 08:24","SessionTrackerImpl.java","15339","44463","59802"
"2013-10-09 22:21","SessionTrackerImpl.java","29056","79933","108989"
"2020-03-26 22:16","SessionTrackerImpl.java","159366","270854","430220"
"2015-03-08 23:07","SessionTrackerImpl.java","31561","100919","132480"
"2014-07-25 00:58","SessionTrackerImpl.java","31355","96435","127790"
"2014-07-23 20:17","SessionTrackerImpl.java","31355","96429","127784"
"2012-09-17 09:53","SessionTrackerImpl.java","26985","63135","90120"
"2015-02-06 06:17","SessionTrackerImpl.java","31530","100714","132244"
"2014-07-18 02:19","SessionTrackerImpl.java","31299","95732","127031"
"2018-09-18 01:00","SessionTrackerImpl.java","97437","189743","287180"
"2019-09-05 23:12","SessionTrackerImpl.java","158337","257952","416289"
"2019-08-17 17:13","SessionTrackerImpl.java","158337","257033","415370"
"2018-08-08 06:21","SessionTrackerImpl.java","77867","167067","244934"
"2018-05-09 23:57","SessionTrackerImpl.java","36400","122414","158814"
"2019-04-22 19:15","SessionTrackerImpl.java","158338","239816","398154"
"2012-12-19 19:07","SessionTrackerImpl.java","28061","68306","96367"
"2010-03-13 01:06","FLEZeroWeightTest.java","13140","38562","51702"
"2019-10-10 14:37","FLEZeroWeightTest.java","142791","261252","404043"
"2009-08-11 23:09","FLEZeroWeightTest.java","713","1632","2345"
"2011-04-12 09:14","FLEZeroWeightTest.java","22887","59068","81955"
"2010-03-31 06:26","FLEZeroWeightTest.java","14566","40235","54801"
"2012-04-23 01:20","FLEZeroWeightTest.java","28265","77688","105953"
"2017-09-11 18:55","FLEZeroWeightTest.java","36249","131281","167530"
"2019-08-17 17:13","FLEZeroWeightTest.java","142791","257499","400290"
"2019-07-12 17:01","FLEZeroWeightTest.java","142791","252812","395603"
"2015-07-10 08:19","Commands.java","3805","12792","16597"
"2019-07-31 19:06","Commands.java","210259","255458","465717"
"2019-11-29 14:49","Commands.java","211699","264148","475847"
"2018-11-17 18:37","Commands.java","210148","224115","434263"
"2018-09-18 01:00","Commands.java","112356","140229","252585"
"2019-08-17 17:13","Commands.java","210259","256151","466410"
"2019-06-29 00:33","Commands.java","210259","244138","454397"
"2019-06-03 19:40","Commands.java","210259","241482","451741"
"2019-07-15 14:15","Commands.java","210259","251570","461829"
"2018-07-12 01:33","Commands.java","25662","48461","74123"
"2019-07-25 23:43","Commands.java","210259","252687","462946"
"2019-06-05 12:14","Commands.java","210259","242009","452268"
"2019-08-06 01:43","Commands.java","210259","257033","467292"
"2019-05-27 10:54","Commands.java","210243","241455","451698"
"2019-06-04 10:55","Commands.java","210259","241635","451894"
"2019-05-15 11:56","Commands.java","210243","240889","451132"
"2019-12-03 10:01","Commands.java","211699","264194","475893"
"2018-09-11 00:17","Commands.java","112236","137907","250143"
"2019-11-20 07:00","Commands.java","211699","260747","472446"
"2018-06-08 16:52","Commands.java","17243","39573","56816"
"2017-11-15 22:33","CommitProcessor.java","19985","165421","185406"
"2019-08-17 17:13","CommitProcessor.java","90121","257706","347827"
"2012-12-08 00:38","CommitProcessor.java","14392","118948","133340"
"2009-02-20 01:23","CommitProcessor.java","2703","16310","19013"
"2019-07-30 02:31","CommitProcessor.java","90121","255627","345748"
"2016-05-15 23:31","CommitProcessor.java","18658","159574","178232"
"2019-08-03 08:42","CommitProcessor.java","90121","258414","348535"
"2019-04-09 15:35","CommitProcessor.java","90100","238542","328642"
"2019-04-25 02:11","CommitProcessor.java","90122","241427","331549"
"2019-01-07 14:24","CommitProcessor.java","90094","232509","322603"
"2011-04-12 09:14","CommitProcessor.java","10870","99928","110798"
"2011-10-28 18:37","CommitProcessor.java","13637","108354","121991"
"2015-03-08 23:07","CommitProcessor.java","17087","151952","169039"
"2010-08-18 08:24","CommitProcessor.java","9957","107970","117927"
"2014-07-15 23:54","CommitProcessor.java","16873","143861","160734"
"2014-03-23 04:12","CommitProcessor.java","15439","135998","151437"
"2020-03-25 03:38","CommitProcessor.java","90577","270947","361524"
"2019-10-10 14:37","CommitProcessor.java","90121","261459","351580"
"2019-11-11 13:55","CommitProcessor.java","90121","263414","353535"
"2009-12-03 03:12","CommitProcessor.java","7781","72712","80493"
"2019-12-27 22:33","CommitProcessor.java","90577","266840","357417"
"2020-03-12 14:47","CnxManagerTest.java","35416","46386","81802"
"2019-08-17 17:13","CnxManagerTest.java","24866","23893","48759"
"2019-11-29 14:49","CnxManagerTest.java","33495","39079","72574"
"2020-02-16 10:25","CnxManagerTest.java","35323","44990","80313"
"2019-10-10 14:37","CnxManagerTest.java","27655","30435","58090"
"2019-04-09 15:35","ClientCnxnSocketNetty.java","228112","235823","463935"
"2019-06-03 19:40","ClientCnxnSocketNetty.java","228221","240406","468627"
"2019-08-17 17:13","ClientCnxnSocketNetty.java","228222","255076","483298"
"2018-11-22 17:56","ClientCnxnSocketNetty.java","228081","223632","451713"
"2018-12-15 07:34","ClientCnxnSocketNetty.java","228081","227508","455589"
"2019-02-12 15:25","ClientCnxnSocketNetty.java","228089","233768","461857"
"2019-10-10 14:37","ClientCnxnSocketNetty.java","228223","258830","487053"
"2019-08-17 17:13","ProviderRegistry.java","30130","50898","81028"
"2019-10-10 14:37","ProviderRegistry.java","32219","56740","88959"
"2019-08-17 17:13","Util.java","229095","255075","484170"
"2019-04-10 13:19","Util.java","229058","236306","465364"
"2019-12-27 22:33","Util.java","230867","265525","496392"
"2019-11-28 12:24","DataTree.java","5614","6767","12381"
"2019-12-27 22:33","DataTree.java","6378","11303","17681"
"2019-11-11 13:59","DataTree.java","223","3880","4103"
"2019-11-08 17:30","DataTree.java","191","2052","2243"
"2019-07-29 17:15","TestCheckWriterReader.java","14599","38161","52760"
"2019-08-17 17:13","CRCTest.java","142084","257500","399584"
"2010-03-31 06:26","CRCTest.java","14591","40968","55559"
"2010-08-18 08:24","CRCTest.java","17950","63794","81744"
"2011-04-12 09:14","CRCTest.java","22852","59741","82593"
"2016-08-24 01:36","CRCTest.java","34275","127020","161295"
"2019-10-10 14:37","CRCTest.java","142084","261253","403337"
"2013-12-21 22:05","CRCTest.java","29919","98786","128705"
"2018-12-20 15:13","QuorumPeer.java","146389","139233","285622"
"2019-05-16 16:25","QuorumPeer.java","153032","157105","310137"
"2018-10-16 16:22","QuorumPeer.java","113414","131085","244499"
"2019-06-14 09:06","QuorumPeer.java","153055","160327","313382"
"2018-12-07 12:41","QuorumPeer.java","146384","136242","282626"
"2019-03-11 19:47","QuorumPeer.java","152821","152093","304914"
"2019-02-13 13:12","QuorumPeer.java","152816","151036","303852"
"2019-04-12 19:01","QuorumPeer.java","153008","154089","307097"
"2018-12-09 03:16","QuorumPeer.java","146384","138316","284700"
"2019-11-29 14:49","QuorumPeer.java","158137","183968","342105"
"2018-12-15 07:34","QuorumPeer.java","146385","138232","284617"
"2018-11-27 10:02","QuorumPeer.java","146384","135992","282376"
"2018-09-18 01:00","QuorumPeer.java","154","1409","1563"
"2019-06-03 19:40","QuorumPeer.java","153055","157660","310715"
"2019-07-15 14:15","QuorumPeer.java","154289","168982","323271"
"2019-07-03 00:44","QuorumPeer.java","154288","161575","315863"
"2019-08-17 17:13","QuorumPeer.java","154959","174233","329192"
"2019-05-15 11:56","QuorumPeer.java","153032","157060","310092"
"2019-06-05 00:33","QuorumPeer.java","153055","158050","311105"
"2019-05-20 23:13","QuorumPeer.java","153035","157181","310216"
"2019-06-04 10:55","QuorumPeer.java","153055","157813","310868"
"2019-07-12 17:01","QuorumPeer.java","154289","168876","323165"
"2020-01-09 11:27","QuorumPeer.java","158153","185530","343683"
"2018-10-01 06:11","QuorumPeer.java","859","4693","5552"
"2019-12-17 13:48","QuorumPeer.java","158145","184548","342693"
"2020-01-23 13:43","QuorumPeer.java","158218","187419","345637"
"2018-12-06 10:56","QuorumPeer.java","146384","136186","282570"
"2019-10-10 14:37","QuorumPeer.java","155961","178988","334949"
"2019-04-18 19:17","QuorumPeer.java","153008","154799","307807"
"2020-02-16 10:25","QuorumPeer.java","158290","188204","346494"
"2020-01-09 11:27","QuorumPeer.java","1581","3127","4708"
"2019-12-17 13:48","QuorumPeer.java","180","752","932"
"2020-01-23 13:43","QuorumPeer.java","2244","5614","7858"
"2020-02-16 10:25","QuorumPeer.java","4029","8112","12141"
"2012-08-28 21:51","ClientBase.java","3201","7396","10597"
"2017-06-08 17:51","ClientBase.java","24311","71811","96122"
"2012-07-17 23:19","ClientBase.java","2985","6106","9091"
"2017-04-18 01:37","ClientBase.java","23411","71543","94954"
"2018-09-07 02:49","ClientBase.java","109186","167756","276942"
"2019-07-31 19:06","ClientBase.java","177820","255957","433777"
"2015-02-06 06:17","ClientBase.java","15294","52983","68277"
"2017-09-11 18:55","ClientBase.java","25191","73149","98340"
"2019-08-17 17:13","ClientBase.java","177820","256650","434470"
"2015-03-28 20:08","ClientBase.java","15480","55380","70860"
"2019-06-07 14:13","ClientBase.java","177820","242754","420574"
"2018-04-24 00:20","ClientBase.java","25944","79678","105622"
"2018-08-08 06:21","ClientBase.java","86453","144158","230611"
"2018-05-09 23:57","ClientBase.java","26065","80584","106649"
"2019-06-24 11:05","ClientBase.java","177820","243983","421803"
"2012-12-11 08:42","ClientBase.java","4160","11688","15848"
"2017-01-13 19:29","ClientBase.java","21374","71672","93046"
"2016-06-23 23:25","ClientBase.java","19999","64391","84390"
"2014-01-03 01:40","ClientBase.java","7327","28552","35879"
"2014-01-25 01:17","ClientBase.java","7393","30424","37817"
"2019-11-14 16:44","ClientBase.java","177848","264705","442553"
"2019-10-10 14:37","ClientBase.java","177820","260403","438223"
"2012-03-15 17:47","ClientBase.java","374","1617","1991"
"2016-08-24 01:36","ClientBase.java","20519","65482","86001"
"2015-03-08 23:07","ClientBase.java","15352","53215","68567"
"2019-02-06 09:46","ZooKeeper.java","177771","234277","412048"
"2019-01-16 14:21","ZooKeeper.java","177770","232553","410323"
"2017-04-18 02:02","ZooKeeper.java","23403","71510","94913"
"2019-11-08 17:30","ZooKeeper.java","177875","262292","440167"
"2019-02-07 11:26","ZooKeeper.java","177771","234906","412677"
"2013-03-07 07:01","ZooKeeper.java","6199","20359","26558"
"2013-12-17 17:55","ZooKeeper.java","7272","28236","35508"
"2012-03-17 01:31","ZooKeeper.java","370","1875","2245"
"2012-11-17 15:03","ZooKeeper.java","3555","10179","13734"
"2017-05-01 17:19","ZooKeeper.java","23416","71650","95066"
"2014-01-24 07:18","ZooKeeper.java","7375","30268","37643"
"2019-08-17 17:13","ZooKeeper.java","177847","256650","434497"
"2015-06-04 19:51","ZooKeeper.java","15773","56991","72764"
"2016-10-07 21:51","ZooKeeper.java","20654","66923","87577"
"2015-03-16 09:09","ZooKeeper.java","15349","53523","68872"
"2015-03-17 18:06","ZooKeeper.java","15438","54322","69760"
"2016-05-02 18:15","ZooKeeper.java","19959","63462","83421"
"2019-06-26 10:57","ZooKeeper.java","177847","244500","422347"
"2019-06-03 19:40","ZooKeeper.java","177847","241981","419828"
"2018-05-09 23:57","ZooKeeper.java","26054","80546","106600"
"2019-08-03 08:42","ZooKeeper.java","177847","257358","435205"
"2016-11-13 20:59","ZooKeeper.java","20678","69200","89878"
"2013-02-03 15:52","ZooKeeper.java","5559","15656","21215"
"2012-09-28 18:32","ZooKeeper.java","3327","7983","11310"
"2017-07-28 00:36","ZooKeeper.java","24980","72348","97328"
"2017-08-18 23:35","ZooKeeper.java","25062","72915","97977"
"2017-07-04 07:56","ZooKeeper.java","24521","72499","97020"
"2020-04-16 12:50","ZooKeeper.java","179155","271532","450687"
"2018-07-27 05:16","ZooKeeper.java","44206","100716","144922"
"2019-10-10 14:37","ZooKeeper.java","177847","260403","438250"
"2014-04-01 04:03","ZooKeeper.java","7853","32226","40079"
"2012-12-19 19:16","ZooKeeper.java","4925","14529","19454"
"2019-02-11 12:34","ZooKeeper.java","177771","235269","413040"
"2014-07-08 20:18","ZooKeeper.java","14574","43834","58408"
"2020-05-17 15:13","ZooKeeper.java","179159","271907","451066"
"2017-01-09 22:49","ZooKeeper.java","21349","71439","92788"
"2019-03-12 19:08","ZooKeeper.java","177788","236714","414502"
"2014-07-22 06:51","ZooKeeper.java","14886","48344","63230"
"2014-04-29 02:23","ZooKeeper.java","13881","40039","53920"
"2010-01-26 01:17","SessionTrackerImpl.java","3183","15103","18286"
"2019-10-10 14:37","SessionTrackerImpl.java","146571","260940","407511"
"2019-09-20 10:02","SessionTrackerImpl.java","146571","260107","406678"
"2011-04-12 09:14","SessionTrackerImpl.java","21324","53413","74737"
"2011-11-14 20:18","SessionTrackerImpl.java","24942","66538","91480"
"2010-08-18 08:24","SessionTrackerImpl.java","16189","57233","73422"
"2013-10-09 22:21","SessionTrackerImpl.java","28993","91490","120483"
"2020-03-26 22:16","SessionTrackerImpl.java","147510","270918","418428"
"2015-03-08 23:07","SessionTrackerImpl.java","31309","112287","143596"
"2014-07-25 00:58","SessionTrackerImpl.java","31120","107820","138940"
"2014-07-23 20:17","SessionTrackerImpl.java","31120","107814","138934"
"2012-09-17 09:53","SessionTrackerImpl.java","27059","74829","101888"
"2015-02-06 06:17","SessionTrackerImpl.java","31283","112087","143370"
"2014-07-18 02:19","SessionTrackerImpl.java","31084","107137","138221"
"2018-09-18 01:00","SessionTrackerImpl.java","89241","193167","282408"
"2019-09-05 23:12","SessionTrackerImpl.java","146571","258106","404677"
"2019-08-17 17:13","SessionTrackerImpl.java","146571","257187","403758"
"2018-08-08 06:21","SessionTrackerImpl.java","69923","170743","240666"
"2018-05-09 23:57","SessionTrackerImpl.java","35730","133364","169094"
"2019-04-22 19:15","SessionTrackerImpl.java","146571","239969","386540"
"2012-12-19 19:07","SessionTrackerImpl.java","28069","79934","108003"
"2015-08-23 19:12","BaseSysTest.java","16","558","574"
"2018-12-20 07:24","BaseSysTest.java","218802","229354","448156"
"2020-03-26 22:20","BaseSysTest.java","220461","270553","491014"
"2017-09-11 18:55","BaseSysTest.java","12795","18975","31770"
"2019-07-12 17:01","BaseSysTest.java","218914","251279","470193"
"2019-08-27 09:23","ZNodeName.java","224735","255710","480445"
"2020-01-21 18:14","ZNodeName.java","226469","264975","491444"
"2009-07-17 00:09","CRCTest.java","2831","10922","13753"
"2019-08-17 17:13","CRCTest.java","133993","257500","391493"
"2010-03-31 06:26","CRCTest.java","14548","49016","63564"
"2010-08-18 08:24","CRCTest.java","17805","71740","89545"
"2011-04-12 09:14","CRCTest.java","22214","67194","89408"
"2016-08-24 01:36","CRCTest.java","31778","130628","162406"
"2019-10-10 14:37","CRCTest.java","133993","261253","395246"
"2013-12-21 22:05","CRCTest.java","27490","102462","129952"
"2019-08-17 17:13","StatsTrack.java","102765","257687","360452"
"2015-10-18 19:00","QuorumPeer.java","13966","42451","56417"
"2018-12-20 15:13","QuorumPeer.java","191664","229877","421541"
"2019-05-16 16:25","QuorumPeer.java","191747","241189","432936"
"2018-10-16 16:22","QuorumPeer.java","172303","235343","407646"
"2019-06-14 09:06","QuorumPeer.java","191763","244404","436167"
"2018-12-07 12:41","QuorumPeer.java","191663","226890","418553"
"2019-03-11 19:47","QuorumPeer.java","191683","236324","428007"
"2014-07-18 02:19","QuorumPeer.java","10951","29702","40653"
"2019-02-13 13:12","QuorumPeer.java","191684","235273","426957"
"2019-04-12 19:01","QuorumPeer.java","191747","238197","429944"
"2018-12-09 03:16","QuorumPeer.java","191663","228964","420627"
"2018-09-11 15:23","QuorumPeer.java","111758","157127","268885"
"2019-11-29 14:49","QuorumPeer.java","193109","264309","457418"
"2018-12-15 07:34","QuorumPeer.java","191663","228879","420542"
"2018-11-27 10:02","QuorumPeer.java","191663","226640","418303"
"2018-09-18 01:00","QuorumPeer.java","111822","158446","270268"
"2019-06-03 19:40","QuorumPeer.java","191763","241737","433500"
"2019-07-15 14:15","QuorumPeer.java","191763","251825","443588"
"2015-03-17 18:06","QuorumPeer.java","12233","36957","49190"
"2019-07-03 00:44","QuorumPeer.java","191763","244419","436182"
"2019-08-17 17:13","QuorumPeer.java","191763","256406","448169"
"2015-06-27 02:03","QuorumPeer.java","12767","40180","52947"
"2017-11-28 00:10","QuorumPeer.java","24430","62058","86488"
"2014-01-21 04:50","QuorumPeer.java","1892","9042","10934"
"2014-06-04 22:07","QuorumPeer.java","9651","22602","32253"
"2018-01-30 08:02","QuorumPeer.java","24786","62567","87353"
"2019-05-15 11:56","QuorumPeer.java","191747","241144","432891"
"2019-06-05 00:33","QuorumPeer.java","191763","242127","433890"
"2019-05-20 23:13","QuorumPeer.java","191747","241262","433009"
"2019-06-04 10:55","QuorumPeer.java","191763","241890","433653"
"2019-07-12 17:01","QuorumPeer.java","191763","251719","443482"
"2020-01-09 11:27","QuorumPeer.java","193109","265855","458964"
"2017-02-09 11:40","QuorumPeer.java","19420","55824","75244"
"2017-07-06 18:48","QuorumPeer.java","22867","56957","79824"
"2018-10-01 06:11","QuorumPeer.java","111986","161189","273175"
"2015-04-09 20:16","QuorumPeer.java","12274","38061","50335"
"2013-10-07 21:08","QuorumPeer.java","1257","4073","5330"
"2013-09-30 22:20","QuorumPeer.java","1060","3445","4505"
"2018-07-04 17:11","QuorumPeer.java","33072","74414","107486"
"2019-12-17 13:48","QuorumPeer.java","193109","264881","457990"
"2015-12-07 05:59","QuorumPeer.java","14235","43478","57713"
"2020-01-23 13:43","QuorumPeer.java","193109","267679","460788"
"2016-06-23 23:45","QuorumPeer.java","17504","47817","65321"
"2016-06-23 23:25","QuorumPeer.java","17475","47680","65155"
"2014-03-23 04:12","QuorumPeer.java","2219","11589","13808"
"2013-09-26 00:13","QuorumPeer.java","1039","3180","4219"
"2014-07-18 20:48","QuorumPeer.java","11170","30380","41550"
"2014-07-04 04:19","QuorumPeer.java","9804","24398","34202"
"2018-12-06 10:56","QuorumPeer.java","191663","226834","418497"
"2014-06-25 15:04","QuorumPeer.java","9668","23116","32784"
"2014-03-28 01:58","QuorumPeer.java","2235","12023","14258"
"2013-10-21 23:36","QuorumPeer.java","1540","7098","8638"
"2019-10-10 14:37","QuorumPeer.java","191763","260159","451922"
"2013-11-07 06:41","QuorumPeer.java","1672","7661","9333"
"2017-07-27 23:09","QuorumPeer.java","23865","56969","80834"
"2014-05-18 05:49","QuorumPeer.java","9580","22042","31622"
"2014-03-25 22:13","QuorumPeer.java","2231","11837","14068"
"2018-06-26 11:18","QuorumPeer.java","25144","66468","91612"
"2018-07-27 12:32","QuorumPeer.java","43470","86012","129482"
"2019-04-18 19:17","QuorumPeer.java","191747","238907","430654"
"2013-10-09 22:21","QuorumPeer.java","1523","6718","8241"
"2016-12-20 14:47","QuorumPeer.java","19249","54518","73767"
"2017-05-11 16:59","QuorumPeer.java","22613","55836","78449"
"2014-07-03 06:01","QuorumPeer.java","9714","23886","33600"
"2014-08-14 08:08","QuorumPeer.java","11596","31667","43263"
"2014-08-01 07:38","QuorumPeer.java","11517","31167","42684"
"2014-07-20 04:50","QuorumPeer.java","11205","30477","41682"
"2016-06-02 00:59","QuorumPeer.java","17443","47279","64722"
"2020-02-16 10:25","QuorumPeer.java","193109","268392","461501"
"2019-10-10 14:37","CRCTest.java","3717","7470","11187"
"2010-03-31 06:26","StatTest.java","13777","97962","111739"
"2019-08-17 17:13","StatTest.java","84482","257706","342188"
"2019-08-17 17:13","ZooKeeperSaslServer.java","181829","256464","438293"
"2017-11-28 00:10","ZooKeeperSaslServer.java","24341","71961","96302"
"2013-10-05 00:57","ZooKeeperSaslServer.java","4195","16722","20917"
"2019-10-10 14:37","JMXEnv.java","197754","260113","457867"
"2019-12-27 22:33","JMXEnv.java","199103","266387","465490"
"2014-01-25 01:17","JMXEnv.java","207","3014","3221"
"2015-11-03 08:11","JMXEnv.java","12888","35374","48262"
"2014-01-16 23:59","JMXEnv.java","138","1209","1347"
"2019-01-14 19:38","JMXEnv.java","197655","231553","429208"
"2014-06-04 22:07","JMXEnv.java","8149","15063","23212"
"2019-08-17 17:13","JMXEnv.java","197754","256360","454114"
"2019-06-03 19:40","JMXEnv.java","197754","241691","439445"
"2019-09-11 10:27","SerializeUtils.java","183022","258260","441282"
"2013-03-07 07:01","SerializeUtils.java","12962","34896","47858"
"2019-08-17 17:13","SerializeUtils.java","183022","256904","439926"
"2015-06-04 19:51","SerializeUtils.java","21570","70562","92132"
"2016-10-07 21:51","SerializeUtils.java","24929","78972","103901"
"2018-02-07 01:05","SerializeUtils.java","28789","89206","117995"
"2019-12-27 22:33","SerializeUtils.java","184120","266680","450800"
"2012-12-19 19:16","SerializeUtils.java","12314","29692","42006"
"2011-04-12 09:14","FilterOp.java","15099","14937","30036"
"2017-09-11 18:55","FilterOp.java","39489","99601","139090"
"2019-09-18 11:20","SyncCallTest.java","2292","5204","7496"
"2019-10-10 14:37","SyncCallTest.java","3717","7470","11187"
"2017-06-08 17:51","ClientBase.java","12979","22790","35769"
"2017-04-18 01:37","ClientBase.java","12024","22467","34491"
"2018-09-07 02:49","ClientBase.java","112354","133235","245589"
"2019-07-31 19:06","ClientBase.java","214963","255411","470374"
"2017-09-11 18:55","ClientBase.java","15063","25332","40395"
"2019-08-17 17:13","ClientBase.java","214963","256104","471067"
"2015-03-28 20:08","ClientBase.java","291","2502","2793"
"2019-06-07 14:13","ClientBase.java","214963","242208","457171"
"2018-04-24 00:20","ClientBase.java","16033","32078","48111"
"2018-08-08 06:21","ClientBase.java","83400","103416","186816"
"2018-05-09 23:57","ClientBase.java","16223","33053","49276"
"2019-06-24 11:05","ClientBase.java","214963","243437","458400"
"2017-01-13 19:29","ClientBase.java","8895","21504","30399"
"2016-06-23 23:25","ClientBase.java","6666","13369","20035"
"2019-11-14 16:44","ClientBase.java","214992","264160","479152"
"2019-10-10 14:37","ClientBase.java","214963","259857","474820"
"2016-08-24 01:36","ClientBase.java","7488","14762","22250"
"2015-03-08 23:07","ClientBase.java","106","280","386"
"2019-02-06 09:46","ZooKeeper.java","179112","234113","413225"
"2019-01-16 14:21","ZooKeeper.java","179111","232389","411500"
"2017-04-18 02:02","ZooKeeper.java","23226","69828","93054"
"2019-11-08 17:30","ZooKeeper.java","179232","262144","441376"
"2019-02-07 11:26","ZooKeeper.java","179112","234742","413854"
"2013-03-07 07:01","ZooKeeper.java","5903","18558","24461"
"2013-12-17 17:55","ZooKeeper.java","6994","26453","33447"
"2012-11-17 15:03","ZooKeeper.java","3205","8324","11529"
"2017-05-01 17:19","ZooKeeper.java","23239","69968","93207"
"2014-01-24 07:18","ZooKeeper.java","7097","28485","35582"
"2019-08-17 17:13","ZooKeeper.java","179204","256502","435706"
"2015-06-04 19:51","ZooKeeper.java","15512","55225","70737"
"2016-10-07 21:51","ZooKeeper.java","20437","65201","85638"
"2015-03-16 09:09","ZooKeeper.java","15085","51754","66839"
"2015-03-17 18:06","ZooKeeper.java","15176","52555","67731"
"2016-05-02 18:15","ZooKeeper.java","19733","61731","81464"
"2019-06-26 10:57","ZooKeeper.java","179204","244352","423556"
"2019-06-03 19:40","ZooKeeper.java","179204","241833","421037"
"2018-05-09 23:57","ZooKeeper.java","25899","78886","104785"
"2019-08-03 08:42","ZooKeeper.java","179204","257210","436414"
"2016-11-13 20:59","ZooKeeper.java","20461","67478","87939"
"2013-02-03 15:52","ZooKeeper.java","5263","13855","19118"
"2012-09-28 18:32","ZooKeeper.java","2977","6128","9105"
"2017-07-28 00:36","ZooKeeper.java","24806","70669","95475"
"2017-08-18 23:35","ZooKeeper.java","24888","71236","96124"
"2017-07-04 07:56","ZooKeeper.java","24346","70819","95165"
"2020-04-16 12:50","ZooKeeper.java","180514","271386","451900"
"2018-07-27 05:16","ZooKeeper.java","44139","99144","143283"
"2019-10-10 14:37","ZooKeeper.java","179204","260255","439459"
"2014-04-01 04:03","ZooKeeper.java","7577","30445","38022"
"2012-12-19 19:16","ZooKeeper.java","4600","12699","17299"
"2019-02-11 12:34","ZooKeeper.java","179112","235105","414217"
"2014-07-08 20:18","ZooKeeper.java","14307","42062","56369"
"2020-05-17 15:13","ZooKeeper.java","180518","271761","452279"
"2017-01-09 22:49","ZooKeeper.java","21132","69717","90849"
"2019-03-12 19:08","ZooKeeper.java","179129","236550","415679"
"2014-07-22 06:51","ZooKeeper.java","14618","46571","61189"
"2014-04-29 02:23","ZooKeeper.java","13606","38259","51865"
"2019-06-26 10:57","PrepRequestProcessorTest.java","213025","243955","456980"
"2019-09-05 23:12","PrepRequestProcessorTest.java","213025","257024","470049"
"2019-08-17 17:13","PrepRequestProcessorTest.java","213025","256105","469130"
"2018-08-08 06:21","PrepRequestProcessorTest.java","83640","105595","189235"
"2019-09-11 10:27","PrepRequestProcessorTest.java","213025","257461","470486"
"2018-09-18 01:00","PrepRequestProcessorTest.java","112719","137780","250499"
"2015-06-11 20:09","PrepRequestProcessorTest.java","1880","7501","9381"
"2019-12-27 22:33","PrepRequestProcessorTest.java","214472","266230","480702"
"2019-08-17 17:13","ClientCnxn.java","30116","52449","82565"
"2019-04-09 15:35","ClientCnxn.java","758","3948","4706"
"2019-11-08 17:30","ClientCnxn.java","32328","60275","92603"
"2019-03-06 03:32","ClientCnxn.java","476","2594","3070"
"2019-02-07 11:26","ClientCnxn.java","67","732","799"
"2020-05-17 15:13","ClientCnxn.java","43118","79396","122514"
"2020-03-03 03:12","ClientCnxn.java","39202","73270","112472"
"2020-01-21 17:53","ClientCnxn.java","38865","69194","108059"
"2019-10-10 14:37","ClientCnxn.java","32174","58260","90434"
"2019-11-21 05:58","ClientCnxn.java","37234","62734","99968"
"2020-04-16 12:50","ClientCnxn.java","39881","75788","115669"
"2019-08-17 17:13","ConnectionBean.java","214963","256104","471067"
"2019-10-10 14:37","ConnectionBean.java","214963","259857","474820"
"2019-08-17 17:13","CreateTTLTest.java","223293","255827","479120"
"2018-05-09 23:57","CreateTTLTest.java","9334","17557","26891"
"2017-06-01 05:45","CreateTTLTest.java","5841","7039","12880"
"2019-12-28 16:17","CreateTTLTest.java","224880","265999","490879"
"2015-07-10 08:19","ServerStats.java","2748","6984","9732"
"2019-04-12 19:01","ServerStats.java","214947","237895","452842"
"2019-01-07 14:39","ServerStats.java","214853","230833","445686"
"2018-09-18 01:00","ServerStats.java","112483","135605","248088"
"2019-08-17 17:13","ServerStats.java","214963","256104","471067"
"2018-07-12 01:33","ServerStats.java","25621","43669","69290"
"2018-06-08 16:52","ServerStats.java","16427","34006","50433"
"2019-10-10 14:37","ClientTest.java","210991","259900","470891"
"2019-12-28 16:17","ClientTest.java","212435","266176","478611"
"2017-01-09 22:49","ClientTest.java","9536","25979","35515"
"2017-05-01 17:19","ClientTest.java","12650","27237","39887"
"2018-11-22 17:56","ClientTest.java","210880","224733","435613"
"2017-06-30 22:43","ClientTest.java","13871","27979","41850"
"2019-03-06 03:32","ClientTest.java","210901","235842","446743"
"2019-08-17 17:13","ClientTest.java","210991","256147","467138"
"2019-08-17 17:13","Leader.java","24898","24190","49088"
"2019-11-29 14:49","Leader.java","33470","39319","72789"
"2020-03-25 03:38","Leader.java","35488","47565","83053"
"2019-12-27 22:33","Leader.java","33657","41627","75284"
"2019-10-10 14:37","Leader.java","27642","30687","58329"
"2019-01-31 15:55","SetQuotaCommand.java","223774","232791","456565"
"2019-08-17 17:13","SetQuotaCommand.java","223892","255250","479142"
"2019-12-28 16:17","SetQuotaCommand.java","225518","265461","490979"
"2019-07-17 13:42","SetQuotaCommand.java","223892","251014","474906"
"2019-12-27 22:33","GetProposalFromTxnTest.java","10004","18682","28686"
"2019-10-10 14:37","FLERestartTest.java","177002","260503","437505"
"2019-08-17 17:13","FLERestartTest.java","177002","256750","433752"
"2019-07-12 17:01","FLERestartTest.java","177002","252063","429065"
"2017-09-11 18:55","FLERestartTest.java","28627","77503","106130"
"2019-08-17 17:13","LocalSessionsOnlyTest.java","224314","255186","479500"
"2019-10-10 14:37","LocalSessionsOnlyTest.java","224315","258940","483255"
"2020-02-16 10:25","LearnerTest.java","1707","1949","3656"
"2019-02-06 09:46","ZooKeeper.java","184193","234075","418268"
"2019-01-16 14:21","ZooKeeper.java","184192","232351","416543"
"2017-04-18 02:02","ZooKeeper.java","22275","63758","86033"
"2019-11-08 17:30","ZooKeeper.java","184313","262106","446419"
"2019-02-07 11:26","ZooKeeper.java","184193","234704","418897"
"2013-03-07 07:01","ZooKeeper.java","2889","10425","13314"
"2013-12-17 17:55","ZooKeeper.java","4449","18789","23238"
"2017-05-01 17:19","ZooKeeper.java","22288","63898","86186"
"2014-01-24 07:18","ZooKeeper.java","4571","20840","25411"
"2019-08-17 17:13","ZooKeeper.java","184285","256464","440749"
"2015-06-04 19:51","ZooKeeper.java","14110","48704","62814"
"2016-10-07 21:51","ZooKeeper.java","19274","58919","78193"
"2015-03-16 09:09","ZooKeeper.java","13652","45202","58854"
"2015-03-17 18:06","ZooKeeper.java","13755","46015","59770"
"2016-05-02 18:15","ZooKeeper.java","18421","55300","73721"
"2019-06-26 10:57","ZooKeeper.java","184285","244314","428599"
"2019-06-03 19:40","ZooKeeper.java","184285","241795","426080"
"2018-05-09 23:57","ZooKeeper.java","24994","72862","97856"
"2019-08-03 08:42","ZooKeeper.java","184285","257172","441457"
"2016-11-13 20:59","ZooKeeper.java","19302","61200","80502"
"2013-02-03 15:52","ZooKeeper.java","2139","5612","7751"
"2017-07-28 00:36","ZooKeeper.java","23875","64619","88494"
"2017-08-18 23:35","ZooKeeper.java","23964","65193","89157"
"2017-07-04 07:56","ZooKeeper.java","23411","64765","88176"
"2020-04-16 12:50","ZooKeeper.java","185597","271350","456947"
"2018-07-27 05:16","ZooKeeper.java","43320","93206","136526"
"2019-10-10 14:37","ZooKeeper.java","184285","260217","444502"
"2014-04-01 04:03","ZooKeeper.java","5100","22849","27949"
"2012-12-19 19:16","ZooKeeper.java","1415","4395","5810"
"2019-02-11 12:34","ZooKeeper.java","184193","235067","419260"
"2014-07-08 20:18","ZooKeeper.java","12448","35084","47532"
"2020-05-17 15:13","ZooKeeper.java","185601","271725","457326"
"2017-01-09 22:49","ZooKeeper.java","20000","63466","83466"
"2019-03-12 19:08","ZooKeeper.java","184210","236512","420722"
"2014-07-22 06:51","ZooKeeper.java","12824","39658","52482"
"2014-04-29 02:23","ZooKeeper.java","11354","30888","42242"
"2019-07-02 07:34","Follower.java","178740","244875","423615"
"2018-12-09 03:16","Follower.java","178674","229524","408198"
"2019-04-12 19:01","Follower.java","178741","238740","417481"
"2013-03-07 07:01","Follower.java","12880","39117","51997"
"2015-02-06 06:17","Follower.java","20892","70631","91523"
"2018-09-18 01:00","Follower.java","107187","180048","287235"
"2019-08-17 17:13","Follower.java","178740","256932","435672"
"2019-06-29 00:33","Follower.java","178740","244919","423659"
"2019-08-06 17:11","Follower.java","178740","258033","436773"
"2019-07-15 14:15","Follower.java","178740","252351","431091"
"2019-08-23 19:43","Follower.java","178740","257598","436338"
"2017-11-28 00:10","Follower.java","27915","91780","119695"
"2019-06-05 00:33","Follower.java","178740","242653","421393"
"2011-06-14 07:14","Follower.java","419","2034","2453"
"2019-05-03 00:44","Follower.java","178741","240930","419671"
"2015-06-05 21:15","Follower.java","21261","74590","95851"
"2019-12-27 22:33","Follower.java","179834","266704","446538"
"2016-08-13 15:01","Follower.java","24292","81537","105829"
"2019-10-10 14:37","Follower.java","178740","260685","439425"
"2016-12-20 14:47","Follower.java","25091","86597","111688"
"2014-07-22 06:51","Follower.java","20625","66160","86785"
"2019-08-17 17:13","TruncateTest.java","25849","30536","56385"
"2020-01-28 17:26","TruncateTest.java","35696","50781","86477"
"2019-08-17 17:13","SimpleSysTest.java","214963","256104","471067"
"2015-07-07 07:11","SimpleSysTest.java","2742","6831","9573"
"2014-06-25 15:04","FastLeaderElection.java","31657","106553","138210"
"2018-12-06 10:56","FastLeaderElection.java","142560","227983","370543"
"2014-07-08 05:25","FastLeaderElection.java","31995","108527","140522"
"2014-07-18 20:48","FastLeaderElection.java","32071","112729","144800"
"2010-03-13 01:06","FastLeaderElection.java","13133","38742","51875"
"2014-03-23 04:12","FastLeaderElection.java","30240","101058","131298"
"2019-10-10 14:37","FastLeaderElection.java","142604","261252","403856"
"2013-10-21 23:36","FastLeaderElection.java","29993","96999","126992"
"2009-08-11 23:09","FastLeaderElection.java","705","1811","2516"
"2009-12-15 23:23","FastLeaderElection.java","4569","17044","21613"
"2019-09-30 23:22","FastLeaderElection.java","142604","260879","403483"
"2011-04-12 09:14","FastLeaderElection.java","22865","59233","82098"
"2014-07-20 04:50","FastLeaderElection.java","32090","112810","144900"
"2010-07-05 21:50","FastLeaderElection.java","17129","53839","70968"
"2020-04-07 09:07","FastLeaderElection.java","143244","271513","414757"
"2012-03-20 01:33","FastLeaderElection.java","28034","76769","104803"
"2019-01-18 03:42","FastLeaderElection.java","142560","233480","376040"
"2012-02-06 09:40","FastLeaderElection.java","26548","73832","100380"
"2017-09-11 18:55","FastLeaderElection.java","36203","131422","167625"
"2013-03-07 07:01","FastLeaderElection.java","29620","91068","120688"
"2018-08-29 06:26","FastLeaderElection.java","84036","189538","273574"
"2011-04-29 18:12","FastLeaderElection.java","22906","59609","82515"
"2015-02-06 06:17","FastLeaderElection.java","32257","117207","149464"
"2018-04-30 06:34","FastLeaderElection.java","36404","137605","174009"
"2019-08-17 17:13","FastLeaderElection.java","142604","257499","400103"
"2019-08-02 20:08","FastLeaderElection.java","142604","258280","400884"
"2012-08-03 00:17","FastLeaderElection.java","28298","79521","107819"
"2017-01-13 19:29","FastLeaderElection.java","34793","132352","167145"
"2011-06-14 07:14","FastLeaderElection.java","22990","61308","84298"
"2019-08-03 08:42","FastLeaderElection.java","142604","258207","400811"
"2018-12-20 07:24","BaseSysTest.java","219340","229350","448690"
"2020-03-26 22:20","BaseSysTest.java","221003","270553","491556"
"2017-09-11 18:55","BaseSysTest.java","12920","18558","31478"
"2019-07-12 17:01","BaseSysTest.java","219452","251275","470727"
"2013-01-25 07:46","NIOServerCnxnFactory.java","666","1512","2178"
"2015-03-17 18:06","NIOServerCnxnFactory.java","12487","42648","55135"
"2019-07-03 00:44","NIOServerCnxnFactory.java","186333","244426","430759"
"2019-08-17 17:13","NIOServerCnxnFactory.java","186333","256413","442746"
"2019-08-03 08:42","NIOServerCnxnFactory.java","186333","257121","443454"
"2019-04-22 19:15","NIOServerCnxnFactory.java","186317","239179","425496"
"2014-09-28 19:15","NIOServerCnxnFactory.java","11976","38762","50738"
"2018-11-23 11:51","NIOServerCnxnFactory.java","186233","225086","411319"
"2019-02-13 13:12","NIOServerCnxnFactory.java","186254","235280","421534"
"2014-07-18 02:19","NIOServerCnxnFactory.java","11457","35645","47102"
"2013-03-07 07:01","NIOServerCnxnFactory.java","1524","6961","8485"
"2018-10-24 04:03","NIOServerCnxnFactory.java","166951","235329","402280"
"2019-04-12 19:01","NIOServerCnxnFactory.java","186317","238204","424521"
"2018-06-15 08:02","NIOServerCnxnFactory.java","24294","70818","95112"
"2016-06-23 23:45","NIOServerCnxnFactory.java","17575","53325","70900"
"2014-03-23 04:12","NIOServerCnxnFactory.java","3541","18348","21889"
"2019-10-10 14:37","NIOServerCnxnFactory.java","186333","260166","446499"
"2019-11-14 03:54","NIOServerCnxnFactory.java","186361","264450","450811"
"2018-11-27 09:55","SaslAuthFailTest.java","177044","225529","402573"
"2019-08-17 17:13","SaslAuthFailTest.java","177112","256904","434016"
"2019-10-10 14:37","SaslAuthFailTest.java","177112","260657","437769"
"2018-06-08 16:52","ZooKeeperServerMain.java","19271","196273","215544"
"2019-04-18 19:17","ZooKeeperServerMain.java","57537","240367","297904"
"2011-04-12 09:14","ZooKeeperServerMain.java","13007","134793","147800"
"2019-11-11 13:59","ZooKeeperServerMain.java","57537","265260","322797"
"2008-10-01 08:26","ZooKeeperServerMain.java","2895","17980","20875"
"2012-03-06 09:20","ZooKeeperServerMain.java","16152","138331","154483"
"2010-08-18 08:24","ZooKeeperServerMain.java","12457","143198","155655"
"2019-11-28 12:24","ZooKeeperServerMain.java","57850","263069","320919"
"2019-11-25 15:37","ZooKeeperServerMain.java","57850","262971","320821"
"2016-08-13 15:01","ZooKeeperServerMain.java","18852","185781","204633"
"2009-06-05 06:44","ZooKeeperServerMain.java","9645","84122","93767"
"2015-06-04 19:51","ZooKeeperServerMain.java","18783","181762","200545"
"2019-08-17 17:13","ZooKeeperServerMain.java","57537","257850","315387"
"2015-03-17 18:06","ZooKeeperServerMain.java","18752","179397","198149"
"2017-07-28 00:36","ZooKeeperServerMain.java","19221","188350","207571"
"2009-04-07 00:19","ZooKeeperServerMain.java","9019","56563","65582"
"2009-01-15 23:57","ZooKeeperServerMain.java","7947","40656","48603"
"2008-11-18 18:22","ZooKeeperServerMain.java","4162","36151","40313"
"2013-12-07 11:16","ZooKeeperServerMain.java","17230","159238","176468"
"2019-04-12 19:01","ZooKeeperServerMain.java","57537","239657","297194"
"2018-09-11 15:23","ZooKeeperServerMain.java","44740","226030","270770"
"2014-07-18 02:19","ZooKeeperServerMain.java","18662","173334","191996"
"2017-02-12 00:12","ZooKeeperServerMain.java","19097","188172","207269"
"2019-10-09 16:49","SessionUpgradeQuorumTest.java","2504","6090","8594"
"2019-10-10 14:37","SessionUpgradeQuorumTest.java","3717","7470","11187"
"2019-04-12 19:01","QuorumPeerConfig.java","879","3740","4619"
"2019-08-17 17:13","QuorumPeerConfig.java","30099","51153","81252"
"2019-06-05 00:29","QuorumPeerConfig.java","1818","8539","10357"
"2020-01-09 11:27","QuorumPeerConfig.java","38850","68007","106857"
"2019-07-12 17:01","QuorumPeerConfig.java","6209","22576","28785"
"2019-05-15 11:56","QuorumPeerConfig.java","1328","7136","8464"
"2020-01-23 13:43","QuorumPeerConfig.java","39125","70106","109231"
"2019-10-10 14:37","QuorumPeerConfig.java","32188","56995","89183"
"2019-04-18 19:17","QuorumPeerConfig.java","901","4472","5373"
"2020-02-16 10:25","QuorumPeerConfig.java","39248","70942","110190"
"2020-05-14 18:18","QuorumPeerConfig.java","42907","77826","120733"
"2013-03-07 07:01","KeeperException.java","6199","20359","26558"
"2014-01-24 07:18","KeeperException.java","7375","30268","37643"
"2019-08-17 17:13","KeeperException.java","177847","256650","434497"
"2014-04-30 04:30","KeeperException.java","13881","40053","53934"
"2019-07-24 18:00","KeeperException.java","177847","253105","430952"
"2016-11-13 20:59","KeeperException.java","20678","69200","89878"
"2017-07-28 00:36","KeeperException.java","24980","72348","97328"
"2020-03-25 03:38","KeeperException.java","179155","270743","449898"
"2018-07-27 05:16","KeeperException.java","44206","100716","144922"
"2013-10-09 22:21","KeeperException.java","7129","26484","33613"
"2019-07-15 14:15","QuorumZooKeeperServer.java","4504","14439","18943"
"2019-06-26 10:57","QuorumZooKeeperServer.java","3278","5644","8922"
"2019-08-17 17:13","QuorumZooKeeperServer.java","29368","43884","73252"
"2019-11-29 14:49","QuorumZooKeeperServer.java","37538","58611","96149"
"2020-03-25 03:38","QuorumZooKeeperServer.java","39321","66622","105943"
"2019-10-10 14:37","QuorumZooKeeperServer.java","31771","50040","81811"
"2015-11-21 22:18","ManagedUtil.java","17277","157564","174841"
"2018-11-27 09:57","ManagedUtil.java","90075","226376","316451"
"2019-08-17 17:13","ManagedUtil.java","90102","257706","347808"
"2020-03-01 06:42","ManagedUtil.java","90558","269545","360103"
"2019-11-11 13:59","Login.java","223","3880","4103"
"2018-09-28 23:38","WatchesSummaryTest.java","111425","133032","244457"
"2019-08-17 17:13","WatchesSummaryTest.java","218914","255966","474880"
"2018-09-15 00:08","ZooKeeperServer.java","109510","159880","269390"
"2019-04-12 19:01","ZooKeeperServer.java","187349","238198","425547"
"2019-07-31 19:06","ZooKeeperServer.java","187365","255714","443079"
"2019-09-11 10:27","ZooKeeperServer.java","187365","257763","445128"
"2019-01-14 19:38","ZooKeeperServer.java","187266","231600","418866"
"2019-01-07 15:34","ZooKeeperServer.java","187266","231201","418467"
"2018-11-21 17:56","ZooKeeperServer.java","187264","224396","411660"
"2017-04-28 07:14","ZooKeeperServer.java","21531","59983","81514"
"2017-02-12 00:12","ZooKeeperServer.java","21473","59026","80499"
"2014-07-18 02:19","ZooKeeperServer.java","11360","34510","45870"
"2013-12-11 19:22","ZooKeeperServer.java","2956","13944","16900"
"2019-02-13 13:12","ZooKeeperServer.java","187286","235274","422560"
"2016-11-24 17:18","ZooKeeperServer.java","19065","58394","77459"
"2018-07-19 05:59","ZooKeeperServer.java","42588","89025","131613"
"2018-09-18 01:00","ZooKeeperServer.java","109569","160592","270161"
"2019-03-04 08:07","ZooKeeperServer.java","187285","235850","423135"
"2019-07-08 23:26","ZooKeeperServer.java","187365","245183","432548"
"2019-01-23 14:00","ZooKeeperServer.java","187267","233036","420303"
"2019-02-13 13:19","ZooKeeperServer.java","187286","235560","422846"
"2019-05-14 17:11","ZooKeeperServer.java","187349","241058","428407"
"2015-07-10 08:19","ZooKeeperServer.java","14028","46165","60193"
"2019-06-04 10:55","ZooKeeperServer.java","187365","241891","429256"
"2019-04-09 15:35","ZooKeeperServer.java","187286","237185","424471"
"2019-08-03 08:42","ZooKeeperServer.java","187365","257115","444480"
"2019-05-15 11:56","ZooKeeperServer.java","187349","241145","428494"
"2019-05-22 11:39","ZooKeeperServer.java","187349","241591","428940"
"2019-04-22 19:15","ZooKeeperServer.java","187349","239173","426522"
"2018-02-23 23:49","ZooKeeperServer.java","24117","67343","91460"
"2016-11-16 06:21","ZooKeeperServer.java","18498","57806","76304"
"2017-08-18 06:32","ZooKeeperServer.java","23220","61212","84432"
"2017-06-26 00:16","ZooKeeperServer.java","22657","60641","83298"
"2019-09-10 04:26","ZooKeeperServer.java","187365","257452","444817"
"2019-08-17 17:13","ZooKeeperServer.java","187365","256407","443772"
"2019-09-05 23:12","ZooKeeperServer.java","187365","257326","444691"
"2019-09-10 15:21","ZooKeeperServer.java","187365","257450","444815"
"2019-08-01 07:31","ZooKeeperServer.java","187365","257078","444443"
"2019-08-01 07:28","ZooKeeperServer.java","187365","256588","443953"
"2019-06-03 19:40","ZooKeeperServer.java","187365","241738","429103"
"2015-03-17 18:06","ZooKeeperServer.java","12409","41532","53941"
"2019-11-23 17:08","ZooKeeperServer.java","188710","262453","451163"
"2019-10-09 16:49","ZooKeeperServer.java","187365","259993","447358"
"2019-07-03 00:44","ZooKeeperServer.java","187365","244420","431785"
"2018-01-19 01:12","ZooKeeperServer.java","24036","66220","90256"
"2019-07-24 18:00","ZooKeeperServer.java","187365","252862","440227"
"2013-05-16 18:49","ZooKeeperServer.java","1457","6007","7464"
"2018-08-08 06:21","ZooKeeperServer.java","84896","132813","217709"
"2018-05-09 23:57","ZooKeeperServer.java","24267","68998","93265"
"2019-12-27 22:33","ZooKeeperServer.java","188710","266430","455140"
"2016-08-13 15:01","ZooKeeperServer.java","18035","53442","71477"
"2018-09-11 00:17","ZooKeeperServer.java","109505","158326","267831"
"2019-11-18 09:05","ZooKeeperServer.java","188710","260896","449606"
"2019-10-10 14:37","ZooKeeperServer.java","187365","260160","447525"
"2019-09-16 23:26","ZooKeeperServer.java","187365","259426","446791"
"2013-10-08 01:35","ZooKeeperServer.java","2544","9898","12442"
"2017-06-23 18:39","ZooKeeperServer.java","22591","60595","83186"
"2019-12-03 10:01","ZooKeeperServer.java","188710","264355","453065"
"2020-03-25 03:38","ZooKeeperServer.java","188710","270537","459247"
"2019-11-28 12:24","ZooKeeperServer.java","188710","262658","451368"
"2019-11-06 15:21","ZooKeeperServer.java","187393","260404","447797"
"2020-04-12 11:14","ZooKeeperServer.java","188710","271290","460000"
"2013-10-09 22:21","ZooKeeperServer.java","2803","12397","15200"
"2015-03-08 23:07","ZooKeeperServer.java","12288","40363","52651"
"2018-06-08 16:52","ZooKeeperServer.java","24374","69854","94228"
"2018-06-15 07:41","ZooKeeperServer.java","24380","69863","94243"
"2018-07-28 04:37","ZooKeeperServer.java","42648","89661","132309"
"2019-04-18 19:17","ZooKeeperServer.java","187349","238908","426257"
"2014-03-25 22:13","ZooKeeperServer.java","3435","17440","20875"
"2019-10-10 14:37","JMXEnv.java","198757","260045","458802"
"2019-12-27 22:33","JMXEnv.java","200174","266387","466561"
"2014-01-25 01:17","JMXEnv.java","70","1806","1876"
"2015-11-03 08:11","JMXEnv.java","12796","34211","47007"
"2019-01-14 19:38","JMXEnv.java","198650","231477","430127"
"2014-06-04 22:07","JMXEnv.java","8021","13864","21885"
"2019-08-17 17:13","JMXEnv.java","198757","256292","455049"
"2019-06-03 19:40","JMXEnv.java","198757","241623","440380"
"2020-02-11 06:50","NIOServerCnxn.java","4655","12007","16662"
"2019-08-17 17:13","Leader.java","29390","43400","72790"
"2019-06-29 00:33","Leader.java","3271","5268","8539"
"2019-07-15 14:15","Leader.java","4438","13867","18305"
"2019-07-25 21:41","Leader.java","5366","15859","21225"
"2019-08-03 08:42","Leader.java","6655","21373","28028"
"2019-11-29 14:49","Leader.java","37567","58134","95701"
"2020-03-25 03:38","Leader.java","39351","66146","105497"
"2019-12-27 22:33","Leader.java","37715","60403","98118"
"2019-10-10 14:37","Leader.java","31798","49561","81359"
"2019-01-31 15:55","ReconfigCommand.java","198693","233845","432538"
"2016-11-13 20:59","ReconfigCommand.java","17380","44592","61972"
"2019-08-17 17:13","ReconfigCommand.java","198799","256292","455091"
"2016-07-27 01:33","ReconfigCommand.java","16541","40000","56541"
"2011-11-14 20:18","SessionTracker.java","24761","54737","79498"
"2013-10-09 22:21","SessionTracker.java","29056","79933","108989"
"2014-07-18 02:19","SessionTracker.java","31299","95732","127031"
"2018-09-18 01:00","SessionTracker.java","97437","189743","287180"
"2019-09-05 23:12","SessionTracker.java","158337","257952","416289"
"2019-08-17 17:13","SessionTracker.java","158337","257033","415370"
"2018-08-08 06:21","SessionTracker.java","77867","167067","244934"
"2020-01-28 17:26","FileTxnLog.java","1981","3701","5682"
"2019-08-17 17:13","ReferenceCountedACLCacheTest.java","229887","254922","484809"
"2013-09-18 12:58","ClientCnxn.java","4106","16531","20637"
"2015-01-31 08:05","ClientCnxn.java","13342","47073","60415"
"2016-05-02 18:15","ClientCnxn.java","18243","58010","76253"
"2014-01-24 07:18","ClientCnxn.java","4862","24019","28881"
"2019-08-17 17:13","ClientCnxn.java","181397","256464","437861"
"2015-05-10 00:27","ClientCnxn.java","13660","49930","63590"
"2017-12-19 19:27","ClientCnxn.java","24486","72582","97068"
"2019-01-31 15:50","ClientCnxn.java","181304","234038","415342"
"2019-04-09 15:35","ClientCnxn.java","181323","237247","418570"
"2013-02-03 15:52","ClientCnxn.java","2547","8908","11455"
"2014-12-20 15:29","ClientCnxn.java","13335","47055","60390"
"2019-11-08 17:30","ClientCnxn.java","181425","262106","443531"
"2017-06-08 17:59","ClientCnxn.java","23102","66908","90010"
"2012-09-09 20:24","ClientCnxn.java","223","962","1185"
"2019-01-16 14:21","ClientCnxn.java","181304","232351","413655"
"2019-01-07 14:24","ClientCnxn.java","181303","231200","412503"
"2019-03-06 03:32","ClientCnxn.java","181322","236174","417496"
"2015-02-06 06:17","ClientCnxn.java","13428","47354","60782"
"2019-02-07 11:26","ClientCnxn.java","181305","234704","416009"
"2018-11-05 19:40","ClientCnxn.java","162198","235751","397949"
"2020-05-17 15:13","ClientCnxn.java","182713","271725","454438"
"2018-06-25 12:30","ClientCnxn.java","24850","76472","101322"
"2012-12-19 19:16","ClientCnxn.java","1884","7752","9636"
"2020-03-03 03:12","ClientCnxn.java","182709","269511","452220"
"2018-09-10 11:44","ClientCnxn.java","108035","162842","270877"
"2015-06-13 02:42","ClientCnxn.java","13973","51705","65678"
"2014-03-23 04:12","ClientCnxn.java","5155","24949","30104"
"2015-11-09 00:05","ClientCnxn.java","15215","54439","69654"
"2015-12-06 19:58","ClientCnxn.java","15320","54849","70169"
"2020-01-21 17:53","ClientCnxn.java","182709","265772","448481"
"2015-12-05 22:43","ClientCnxn.java","15320","54846","70166"
"2015-12-05 22:32","ClientCnxn.java","15319","54840","70159"
"2019-10-10 14:37","ClientCnxn.java","181397","260217","441614"
"2014-04-01 04:03","ClientCnxn.java","5390","26027","31417"
"2013-09-18 15:14","ClientCnxn.java","4110","16553","20663"
"2013-09-18 04:08","ClientCnxn.java","4101","16440","20541"
"2019-11-21 05:58","ClientCnxn.java","182709","260943","443652"
"2020-04-16 12:50","ClientCnxn.java","182709","271350","454059"
"2018-07-27 05:16","ClientCnxn.java","42990","95764","138754"
"2018-12-20 15:13","QuorumPeer.java","40","1037","1077"
"2019-05-16 16:25","QuorumPeer.java","7978","20204","28182"
"2019-06-14 09:06","QuorumPeer.java","9011","24436","33447"
"2019-03-11 19:47","QuorumPeer.java","7062","14487","21549"
"2019-02-13 13:12","QuorumPeer.java","6993","13366","20359"
"2019-04-12 19:01","QuorumPeer.java","7583","16817","24400"
"2019-11-29 14:49","QuorumPeer.java","43128","77112","120240"
"2019-06-03 19:40","QuorumPeer.java","8224","20982","29206"
"2019-07-15 14:15","QuorumPeer.java","12558","35404","47962"
"2019-07-03 00:44","QuorumPeer.java","11548","26988","38536"
"2019-08-17 17:13","QuorumPeer.java","35700","63127","98827"
"2019-05-15 11:56","QuorumPeer.java","7955","20136","28091"
"2019-06-05 00:33","QuorumPeer.java","8420","21568","29988"
"2019-05-20 23:13","QuorumPeer.java","8020","20319","28339"
"2019-06-04 10:55","QuorumPeer.java","8359","21270","29629"
"2019-07-12 17:01","QuorumPeer.java","12558","35298","47856"
"2020-01-09 11:27","QuorumPeer.java","44117","79647","123764"
"2019-12-17 13:48","QuorumPeer.java","43137","77693","120830"
"2020-01-23 13:43","QuorumPeer.java","44364","81718","126082"
"2019-10-10 14:37","QuorumPeer.java","37692","68872","106564"
"2019-04-18 19:17","QuorumPeer.java","7605","17549","25154"
"2020-02-16 10:25","QuorumPeer.java","44492","82559","127051"
"2019-02-06 09:46","ZooKeeper.java","224564","232836","457400"
"2019-01-16 14:21","ZooKeeper.java","224563","231112","455675"
"2019-11-08 17:30","ZooKeeper.java","224729","260912","485641"
"2019-02-07 11:26","ZooKeeper.java","224564","233465","458029"
"2019-08-17 17:13","ZooKeeper.java","224681","255250","479931"
"2019-06-26 10:57","ZooKeeper.java","224680","243099","467779"
"2019-06-03 19:40","ZooKeeper.java","224680","240580","465260"
"2018-05-09 23:57","ZooKeeper.java","4537","10795","15332"
"2019-08-03 08:42","ZooKeeper.java","224681","255958","480639"
"2017-07-28 00:36","ZooKeeper.java","2807","1941","4748"
"2017-08-18 23:35","ZooKeeper.java","2911","2530","5441"
"2017-07-04 07:56","ZooKeeper.java","1250","994","2244"
"2020-04-16 12:50","ZooKeeper.java","226369","270512","496881"
"2018-07-27 05:16","ZooKeeper.java","25574","33850","59424"
"2019-10-10 14:37","ZooKeeper.java","224681","259003","483684"
"2019-02-11 12:34","ZooKeeper.java","224564","233828","458392"
"2020-05-17 15:13","ZooKeeper.java","226401","270915","497316"
"2019-03-12 19:08","ZooKeeper.java","224585","235277","459862"
"2019-01-31 15:55","ReconfigCommand.java","191684","233967","425651"
"2016-11-13 20:59","ReconfigCommand.java","18530","52873","71403"
"2014-01-21 04:50","ReconfigCommand.java","1886","9017","10903"
"2019-08-17 17:13","ReconfigCommand.java","191782","256406","448188"
"2016-07-27 01:33","ReconfigCommand.java","17737","48327","66064"
"2019-07-02 07:34","Follower.java","219580","244915","464495"
"2018-12-09 03:16","Follower.java","219514","229564","449078"
"2019-04-12 19:01","Follower.java","219581","238780","458361"
"2013-03-07 07:01","Follower.java","55117","40554","95671"
"2015-02-06 06:17","Follower.java","63039","71978","135017"
"2011-04-29 18:12","Follower.java","42673","1873","44546"
"2011-02-07 20:26","Follower.java","120","137","257"
"2018-09-18 01:00","Follower.java","148859","180920","329779"
"2019-08-17 17:13","Follower.java","219580","256972","476552"
"2019-06-29 00:33","Follower.java","219580","244959","464539"
"2019-08-06 17:11","Follower.java","219580","258073","477653"
"2019-07-15 14:15","Follower.java","219580","252391","471971"
"2019-08-23 19:43","Follower.java","219580","257638","477218"
"2017-11-28 00:10","Follower.java","69903","92968","162871"
"2019-06-05 00:33","Follower.java","219580","242693","462273"
"2011-06-14 07:14","Follower.java","43090","3905","46995"
"2019-05-03 00:44","Follower.java","219581","240970","460551"
"2015-06-05 21:15","Follower.java","63395","75924","139319"
"2019-12-27 22:33","Follower.java","220653","266723","487376"
"2016-08-13 15:01","Follower.java","66373","82818","149191"
"2019-10-10 14:37","Follower.java","219580","260725","480305"
"2016-12-20 14:47","Follower.java","67155","87861","155016"
"2014-07-22 06:51","Follower.java","62778","67513","130291"
"2019-08-17 17:13","InvalidSnapCountTest.java","211011","256147","467158"
"2019-11-21 05:58","NIOServerCnxn.java","221548","260637","482185"
"2019-11-18 09:05","NIOServerCnxn.java","221548","260614","482162"
"2019-09-16 23:26","NIOServerCnxn.java","219999","258940","478939"
"2019-10-10 14:37","NIOServerCnxn.java","219999","259674","479673"
"2018-09-28 23:38","NIOServerCnxn.java","111590","132067","243657"
"2020-02-11 06:50","NIOServerCnxn.java","221550","267991","489541"
"2019-01-23 14:00","NIOServerCnxn.java","219888","232537","452425"
"2019-07-08 23:26","NIOServerCnxn.java","219998","244696","464694"
"2019-04-12 19:01","NIOServerCnxn.java","219981","237710","457691"
"2019-01-14 19:38","NIOServerCnxn.java","219887","231101","450988"
"2018-11-17 18:33","NIOServerCnxn.java","219885","223882","443767"
"2017-03-04 19:22","NIOServerCnxn.java","9720","14619","24339"
"2016-12-22 23:23","NIOServerCnxn.java","6310","13199","19509"
"2018-09-18 01:00","NIOServerCnxn.java","110908","128811","239719"
"2019-08-17 17:13","NIOServerCnxn.java","219999","255921","475920"
"2019-07-03 00:44","NIOServerCnxn.java","219998","243933","463931"
"2019-08-03 08:42","NIOServerCnxn.java","219999","256629","476628"
"2016-11-16 06:21","NIOServerCnxn.java","5494","11682","17176"
"2018-12-20 15:13","QuorumPeer.java","1459","4695","6154"
"2019-05-16 16:25","QuorumPeer.java","9378","23843","33221"
"2019-06-14 09:06","QuorumPeer.java","10385","28049","38434"
"2018-12-07 12:41","QuorumPeer.java","122","372","494"
"2019-03-11 19:47","QuorumPeer.java","8472","18136","26608"
"2019-02-13 13:12","QuorumPeer.java","8403","17015","25418"
"2019-04-12 19:01","QuorumPeer.java","8992","20465","29457"
"2018-12-09 03:16","QuorumPeer.java","507","2831","3338"
"2019-11-29 14:49","QuorumPeer.java","43821","80044","123865"
"2018-12-15 07:34","QuorumPeer.java","1435","3674","5109"
"2019-06-03 19:40","QuorumPeer.java","9619","24616","34235"
"2019-07-15 14:15","QuorumPeer.java","13928","39013","52941"
"2019-07-03 00:44","QuorumPeer.java","12924","30603","43527"
"2019-08-17 17:13","QuorumPeer.java","36426","66092","102518"
"2019-05-15 11:56","QuorumPeer.java","9355","23775","33130"
"2019-06-05 00:33","QuorumPeer.java","9797","25184","34981"
"2019-05-20 23:13","QuorumPeer.java","9420","23958","33378"
"2019-06-04 10:55","QuorumPeer.java","9736","24886","34622"
"2019-07-12 17:01","QuorumPeer.java","13928","38907","52835"
"2020-01-09 11:27","QuorumPeer.java","44808","82577","127385"
"2019-12-17 13:48","QuorumPeer.java","43830","80625","124455"
"2020-01-23 13:43","QuorumPeer.java","45055","84648","129703"
"2018-12-06 10:56","QuorumPeer.java","46","240","286"
"2019-10-10 14:37","QuorumPeer.java","38403","71822","110225"
"2019-04-18 19:17","QuorumPeer.java","9014","21197","30211"
"2020-02-16 10:25","QuorumPeer.java","45183","85489","130672"
"2019-08-17 17:13","PrepRequestProcessorMetricsTest.java","25104","24433","49537"
"2019-12-27 22:33","PrepRequestProcessorMetricsTest.java","33803","41810","75613"
"2019-08-17 17:13","WatchManagerOptimized.java","158773","174218","332991"
"2019-03-05 00:04","WatchManagerOptimized.java","156632","151785","308417"
"2019-04-12 19:01","WatchManagerOptimized.java","156822","154074","310896"
"2015-07-10 08:19","ServerStats.java","3805","12792","16597"
"2019-04-12 19:01","ServerStats.java","210243","237942","448185"
"2015-02-06 06:17","ServerStats.java","1396","6147","7543"
"2019-01-07 14:39","ServerStats.java","210150","230881","441031"
"2018-09-18 01:00","ServerStats.java","112356","140229","252585"
"2019-08-17 17:13","ServerStats.java","210259","256151","466410"
"2018-07-12 01:33","ServerStats.java","25662","48461","74123"
"2018-06-08 16:52","ServerStats.java","17243","39573","56816"
"2019-10-10 14:37","JUnit4ZKTestRunner.java","198547","260045","458592"
"2015-07-07 07:11","JUnit4ZKTestRunner.java","12669","33362","46031"
"2019-05-08 21:54","JUnit4ZKTestRunner.java","198531","240778","439309"
"2019-08-17 17:13","JUnit4ZKTestRunner.java","198547","256292","454839"
"2015-05-03 19:55","JUnit4ZKTestRunner.java","10844","29835","40679"
"2011-04-12 09:14","WadlTest.java","20746","72010","92756"
"2010-08-17 09:24","WadlTest.java","16154","73013","89167"
"2015-07-07 07:11","WadlTest.java","27714","129600","157314"
"2019-12-28 16:17","CreateTTLTest.java","10230","18815","29045"
"2014-06-25 15:04","FastLeaderElection.java","31704","105627","137331"
"2018-12-06 10:56","FastLeaderElection.java","143657","227974","371631"
"2014-07-08 05:25","FastLeaderElection.java","32051","107610","139661"
"2014-07-18 20:48","FastLeaderElection.java","32127","111812","143939"
"2010-03-13 01:06","FastLeaderElection.java","12991","37494","50485"
"2014-03-23 04:12","FastLeaderElection.java","30287","100132","130419"
"2019-10-10 14:37","FastLeaderElection.java","143701","261243","404944"
"2013-10-21 23:36","FastLeaderElection.java","30039","96072","126111"
"2009-12-15 23:23","FastLeaderElection.java","4255","15624","19879"
"2019-09-30 23:22","FastLeaderElection.java","143701","260870","404571"
"2011-04-12 09:14","FastLeaderElection.java","22839","58101","80940"
"2014-07-20 04:50","FastLeaderElection.java","32146","111893","144039"
"2010-07-05 21:50","FastLeaderElection.java","17062","52666","69728"
"2020-04-07 09:07","FastLeaderElection.java","144341","271504","415845"
"2012-03-20 01:33","FastLeaderElection.java","28027","75789","103816"
"2019-01-18 03:42","FastLeaderElection.java","143657","233471","377128"
"2012-02-06 09:40","FastLeaderElection.java","26529","72840","99369"
"2017-09-11 18:55","FastLeaderElection.java","36294","130540","166834"
"2013-03-07 07:01","FastLeaderElection.java","29665","90140","119805"
"2018-08-29 06:26","FastLeaderElection.java","84265","188794","273059"
"2011-04-29 18:12","FastLeaderElection.java","22883","58480","81363"
"2015-02-06 06:17","FastLeaderElection.java","32313","116290","148603"
"2018-04-30 06:34","FastLeaderElection.java","36497","136725","173222"
"2019-08-17 17:13","FastLeaderElection.java","143701","257490","401191"
"2019-08-02 20:08","FastLeaderElection.java","143701","258271","401972"
"2012-08-03 00:17","FastLeaderElection.java","28314","78564","106878"
"2017-01-13 19:29","FastLeaderElection.java","34859","131445","166304"
"2011-06-14 07:14","FastLeaderElection.java","22969","60181","83150"
"2019-08-03 08:42","FastLeaderElection.java","143701","258198","401899"
"2019-08-17 17:13","NIOConnectionFactoryFdLeakTest.java","187173","256407","443580"
"2019-10-10 14:37","NIOConnectionFactoryFdLeakTest.java","187173","260160","447333"
"2019-11-21 05:58","NIOServerCnxn.java","17","40","57"
"2020-02-11 06:50","NIOServerCnxn.java","4669","12044","16713"
"2018-08-06 14:11","SledgeHammer.java","26382","180744","207126"
"2019-08-17 17:13","SledgeHammer.java","90102","257706","347808"
"2010-01-25 04:35","SledgeHammer.java","8482","76983","85465"
"2011-09-17 02:13","SledgeHammer.java","12124","108227","120351"
"2016-08-24 01:36","SledgeHammer.java","18985","160969","179954"
"2019-10-09 16:49","SessionUpgradeQuorumTest.java","191804","216515","408319"
"2019-08-17 17:13","SessionUpgradeQuorumTest.java","191803","212928","404731"
"2019-10-10 14:37","SessionUpgradeQuorumTest.java","191804","216682","408486"
"2019-08-17 17:13","SaslSuperUserTest.java","224212","255250","479462"
"2019-10-10 14:37","LearnerHandler.java","218396","259731","478127"
"2015-06-12 23:02","LearnerHandler.java","33","158","191"
"2019-07-03 20:54","LearnerHandler.java","218395","243971","462366"
"2018-09-18 01:00","LearnerHandler.java","111765","131328","243093"
"2018-08-03 18:52","LearnerHandler.java","35233","51220","86453"
"2018-12-09 03:16","LearnerHandler.java","218283","228523","446806"
"2019-04-12 19:01","LearnerHandler.java","218378","237767","456145"
"2017-11-28 00:10","LearnerHandler.java","14413","24980","39393"
"2019-06-29 00:33","LearnerHandler.java","218395","243964","462359"
"2019-07-25 21:41","LearnerHandler.java","218396","252461","470857"
"2019-08-23 19:43","LearnerHandler.java","218396","256644","475040"
"2019-08-17 17:13","LearnerHandler.java","218396","255978","474374"
"2017-06-26 00:16","LearnerHandler.java","12139","18663","30802"
"2017-08-03 20:28","LearnerHandler.java","13697","19869","33566"
"2019-05-06 17:48","LearnerHandler.java","218378","240273","458651"
"2019-08-03 08:42","LearnerHandler.java","218396","256686","475082"
"2019-04-22 19:15","LearnerHandler.java","218378","238742","457120"
"2019-10-10 14:37","LearnerHandler.java","218423","259731","478154"
"2015-06-12 23:02","LearnerHandler.java","33","131","164"
"2019-07-03 20:54","LearnerHandler.java","218422","243971","462393"
"2018-09-18 01:00","LearnerHandler.java","111768","131304","243072"
"2018-08-03 18:52","LearnerHandler.java","35236","51196","86432"
"2018-12-09 03:16","LearnerHandler.java","218310","228523","446833"
"2019-04-12 19:01","LearnerHandler.java","218405","237767","456172"
"2017-11-28 00:10","LearnerHandler.java","14416","24956","39372"
"2019-06-29 00:33","LearnerHandler.java","218422","243964","462386"
"2019-07-25 21:41","LearnerHandler.java","218423","252461","470884"
"2019-08-23 19:43","LearnerHandler.java","218423","256644","475067"
"2019-08-17 17:13","LearnerHandler.java","218423","255978","474401"
"2017-06-26 00:16","LearnerHandler.java","12142","18639","30781"
"2017-08-03 20:28","LearnerHandler.java","13700","19845","33545"
"2019-05-06 17:48","LearnerHandler.java","218405","240273","458678"
"2019-08-03 08:42","LearnerHandler.java","218423","256686","475109"
"2019-04-22 19:15","LearnerHandler.java","218405","238742","457147"
"2019-12-27 22:33","FileTxnLog.java","6378","11303","17681"
"2020-01-28 17:26","FileTxnLog.java","8292","14937","23229"
"2019-10-10 14:37","SSLContextAndOptions.java","3717","7470","11187"
"2017-11-15 22:33","CommitProcessor.java","27190","159857","187047"
"2019-08-17 17:13","CommitProcessor.java","103705","257683","361388"
"2012-12-08 00:38","CommitProcessor.java","21275","113062","134337"
"2019-07-30 02:31","CommitProcessor.java","103705","255604","359309"
"2016-05-15 23:31","CommitProcessor.java","25740","153887","179627"
"2019-08-03 08:42","CommitProcessor.java","103705","258391","362096"
"2019-04-09 15:35","CommitProcessor.java","103684","238519","342203"
"2019-04-25 02:11","CommitProcessor.java","103706","241404","345110"
"2019-01-07 14:24","CommitProcessor.java","103678","232486","336164"
"2011-04-12 09:14","CommitProcessor.java","17738","93189","110927"
"2011-10-28 18:37","CommitProcessor.java","20458","102406","122864"
"2015-03-08 23:07","CommitProcessor.java","24125","146221","170346"
"2010-08-18 08:24","CommitProcessor.java","14144","98550","112694"
"2014-07-15 23:54","CommitProcessor.java","23881","138100","161981"
"2014-03-23 04:12","CommitProcessor.java","22359","130149","152508"
"2020-03-25 03:38","CommitProcessor.java","104163","270926","375089"
"2019-10-10 14:37","CommitProcessor.java","103705","261436","365141"
"2019-11-11 13:55","CommitProcessor.java","103705","263391","367096"
"2009-12-03 03:12","CommitProcessor.java","8536","59860","68396"
"2019-12-27 22:33","CommitProcessor.java","104163","266819","370982"
"2019-08-17 17:13","MockServerCnxn.java","29911","54619","84530"
"2019-07-03 00:44","MockServerCnxn.java","5578","18299","23877"
"2019-06-03 19:40","MockServerCnxn.java","2017","12056","14073"
"2019-11-18 09:05","MockServerCnxn.java","36944","64796","101740"
"2020-01-20 08:39","ZKConfig.java","7863","12010","19873"
"2020-01-20 09:06","ZKConfig.java","7864","12107","19971"
"2019-02-06 09:46","ZooKeeperTestable.java","201735","233868","435603"
"2019-08-17 17:13","ZooKeeperTestable.java","201841","256271","458112"
"2014-12-20 15:29","ZooKeeperTestable.java","10241","23324","33565"
"2013-03-07 07:01","QuorumMaj.java","3398","15236","18634"
"2017-09-11 18:55","QuorumMaj.java","23506","69115","92621"
"2019-08-17 17:13","QuorumMaj.java","179987","256468","436455"
"2020-01-23 13:43","QuorumPeerMain.java","2731","7752","10483"
"2020-02-16 10:25","QuorumPeerMain.java","4509","10243","14752"
"2019-04-12 19:01","ServerStats.java","1369","8337","9706"
"2019-08-17 17:13","ServerStats.java","29877","55038","84915"
"2019-05-14 17:11","SyncRequestProcessor.java","58134","242509","300643"
"2010-03-14 05:01","SyncRequestProcessor.java","11390","121820","133210"
"2019-06-05 00:46","SyncRequestProcessor.java","58134","243702","301836"
"2019-05-22 11:39","SyncRequestProcessor.java","58134","243042","301176"
"2009-02-20 01:23","SyncRequestProcessor.java","7982","53712","61694"
"2009-01-16 00:48","SyncRequestProcessor.java","7218","39341","46559"
"2013-09-30 22:20","SyncRequestProcessor.java","17003","154704","171707"
"2019-06-03 19:40","SyncRequestProcessor.java","58134","243173","301307"
"2019-08-17 17:13","SyncRequestProcessor.java","58134","257842","315976"
"2009-06-18 18:37","SyncRequestProcessor.java","8997","85198","94195"
"2009-11-07 08:16","SyncRequestProcessor.java","10665","99781","110446"
"2019-10-10 14:37","SyncRequestProcessor.java","58134","261595","319729"
"2013-10-24 20:41","SyncRequestProcessor.java","17027","158242","175269"
"2020-01-07 20:39","SyncRequestProcessor.java","58455","267216","325671"
"2020-03-25 03:38","SyncRequestProcessor.java","58455","270948","329403"
"2010-08-18 08:24","SyncRequestProcessor.java","12178","142314","154492"
"2015-03-08 23:07","SyncRequestProcessor.java","18565","177557","196122"
"2008-10-01 08:26","SyncRequestProcessor.java","1870","16350","18220"
"2011-04-12 09:14","SyncRequestProcessor.java","12766","133947","146713"
"2019-04-30 18:08","SyncRequestProcessor.java","58134","241678","299812"
"2019-10-10 14:37","ACLTest.java","198547","260045","458592"
"2016-08-24 01:36","ACLTest.java","17092","40970","58062"
"2017-09-11 18:55","ACLTest.java","23284","50157","73441"
"2016-11-13 20:59","ACLTest.java","17435","44899","62334"
"2019-05-06 18:32","ACLTest.java","198531","240630","439161"
"2017-08-18 23:35","ACLTest.java","23159","49954","73113"
"2019-08-17 17:13","ACLTest.java","198547","256292","454839"
"2014-04-25 23:40","ACLTest.java","7770","12218","19988"
"2019-08-17 17:13","PathTrieTest.java","24887","23431","48318"
"2019-11-21 05:58","NIOServerCnxn.java","194853","260882","455735"
"2015-11-08 22:36","NIOServerCnxn.java","13206","40146","53352"
"2019-11-18 09:05","NIOServerCnxn.java","194853","260859","455712"
"2019-09-16 23:26","NIOServerCnxn.java","193507","259388","452895"
"2019-10-10 14:37","NIOServerCnxn.java","193507","260122","453629"
"2013-10-05 00:57","NIOServerCnxn.java","254","1008","1262"
"2018-09-28 23:38","NIOServerCnxn.java","111917","159334","271251"
"2020-02-11 06:50","NIOServerCnxn.java","194853","268234","463087"
"2019-01-23 14:00","NIOServerCnxn.java","193409","232998","426407"
"2019-07-08 23:26","NIOServerCnxn.java","193507","245145","438652"
"2019-04-12 19:01","NIOServerCnxn.java","193491","238160","431651"
"2019-01-14 19:38","NIOServerCnxn.java","193408","231562","424970"
"2018-11-17 18:33","NIOServerCnxn.java","193406","224343","417749"
"2017-03-04 19:22","NIOServerCnxn.java","20921","52760","73681"
"2013-12-11 19:22","NIOServerCnxn.java","763","5571","6334"
"2016-12-22 23:23","NIOServerCnxn.java","18467","52296","70763"
"2018-09-18 01:00","NIOServerCnxn.java","111754","156597","268351"
"2019-08-17 17:13","NIOServerCnxn.java","193507","256369","449876"
"2015-06-28 21:09","NIOServerCnxn.java","12899","38531","51430"
"2015-03-28 20:08","NIOServerCnxn.java","11413","35345","46758"
"2019-07-03 00:44","NIOServerCnxn.java","193507","244382","437889"
"2019-08-03 08:42","NIOServerCnxn.java","193507","257077","450584"
"2016-11-16 06:21","NIOServerCnxn.java","17776","50904","68680"
"2014-05-09 23:37","LearnerTest.java","20590","50316","70906"
"2020-02-16 10:25","LearnerTest.java","175664","268642","444306"
"2020-01-28 17:26","LearnerTest.java","175664","268400","444064"
"2011-09-17 02:13","LearnerTest.java","3785","6375","10160"
"2015-03-15 08:54","LearnerTest.java","21916","63399","85315"
"2015-12-06 21:30","LearnerTest.java","23542","70379","93921"
"2019-08-17 17:13","LearnerTest.java","174566","256904","431470"
"2019-07-12 17:01","LearnerTest.java","174566","252217","426783"
"2019-02-13 13:12","LearnerTest.java","174513","235797","410310"
"2012-01-31 07:45","LearnerTest.java","7894","11026","18920"
"2019-11-29 14:49","LearnerTest.java","175664","264559","440223"
"2019-08-17 17:13","KeeperStateTest.java","175348","256659","432007"
"2019-10-10 14:37","LearnerHandler.java","218521","259731","478252"
"2019-07-03 20:54","LearnerHandler.java","218520","243971","462491"
"2018-09-18 01:00","LearnerHandler.java","111773","131211","242984"
"2018-08-03 18:52","LearnerHandler.java","35239","51101","86340"
"2018-12-09 03:16","LearnerHandler.java","218408","228523","446931"
"2019-04-12 19:01","LearnerHandler.java","218503","237767","456270"
"2017-11-28 00:10","LearnerHandler.java","14419","24861","39280"
"2019-06-29 00:33","LearnerHandler.java","218520","243964","462484"
"2019-07-25 21:41","LearnerHandler.java","218521","252461","470982"
"2019-08-23 19:43","LearnerHandler.java","218521","256644","475165"
"2019-08-17 17:13","LearnerHandler.java","218521","255978","474499"
"2017-06-26 00:16","LearnerHandler.java","12145","18544","30689"
"2017-08-03 20:28","LearnerHandler.java","13703","19750","33453"
"2019-05-06 17:48","LearnerHandler.java","218503","240273","458776"
"2019-08-03 08:42","LearnerHandler.java","218521","256686","475207"
"2019-04-22 19:15","LearnerHandler.java","218503","238742","457245"
"2016-05-02 18:15","SaslAuthDesignatedClientTest.java","20097","63623","83720"
"2019-08-17 17:13","SaslAuthDesignatedClientTest.java","177824","256650","434474"
"2012-09-28 18:32","SaslAuthDesignatedClientTest.java","3497","8176","11673"
"2013-09-29 22:24","SaslAuthDesignatedClientTest.java","6845","23329","30174"
"2014-02-12 17:00","ZKDatabase.java","29215","87330","116545"
"2019-10-10 14:37","ZKDatabase.java","154969","260868","415837"
"2010-01-26 01:17","ZKDatabase.java","780","4230","5010"
"2019-12-27 22:33","ZKDatabase.java","155916","266740","422656"
"2018-04-06 06:04","ZKDatabase.java","36052","124019","160071"
"2011-04-12 09:14","ZKDatabase.java","20837","44456","65293"
"2014-04-29 02:23","ZKDatabase.java","30601","91731","122332"
"2014-04-17 08:47","ZKDatabase.java","30598","91022","121620"
"2010-07-27 00:44","ZKDatabase.java","14322","41189","55511"
"2011-09-17 02:36","ZKDatabase.java","22900","56899","79799"
"2018-09-28 23:38","ZKDatabase.java","94534","192864","287398"
"2013-06-28 23:22","ZKDatabase.java","28756","79750","108506"
"2019-11-08 17:30","ZKDatabase.java","154969","262729","417698"
"2010-03-12 23:36","ZKDatabase.java","9719","22628","32347"
"2019-05-14 17:11","ZKDatabase.java","154970","241783","396753"
"2012-07-17 23:25","ZKDatabase.java","26954","65645","92599"
"2018-09-18 01:00","ZKDatabase.java","94436","190192","284628"
"2013-03-07 07:01","ZKDatabase.java","28553","77685","106238"
"2019-02-07 11:26","ZKDatabase.java","154918","235396","390314"
"2019-04-12 19:01","ZKDatabase.java","154970","238923","393893"
"2018-09-05 22:35","ZKDatabase.java","94381","187883","282264"
"2011-01-22 20:38","ZKDatabase.java","16384","81138","97522"
"2015-02-06 06:17","ZKDatabase.java","31439","104073","135512"
"2014-07-18 02:19","ZKDatabase.java","31208","99091","130299"
"2018-02-07 01:05","ZKDatabase.java","36027","123642","159669"
"2014-01-24 07:18","ZKDatabase.java","29182","87047","116229"
"2019-08-17 17:13","ZKDatabase.java","154969","257115","412084"
"2019-09-10 00:27","ZKDatabase.java","154969","258055","413024"
"2016-03-23 00:30","ZKDatabase.java","33435","111169","144604"
"2018-02-23 23:49","ZKDatabase.java","36048","124007","160055"
"2017-08-03 20:28","ZKDatabase.java","35714","118079","153793"
"2017-06-18 19:23","ZKDatabase.java","35644","118233","153877"
"2019-04-09 15:35","ZKDatabase.java","154931","237934","392865"
"2019-08-17 17:13","NIOServerCnxnFactory.java","24898","24190","49088"
"2019-10-10 14:37","NIOServerCnxnFactory.java","27642","30687","58329"
"2019-11-14 03:54","NIOServerCnxnFactory.java","27921","35222","63143"
"2019-05-14 17:11","SyncRequestProcessor.java","167738","241683","409421"
"2019-06-05 00:46","SyncRequestProcessor.java","167737","242875","410612"
"2019-05-22 11:39","SyncRequestProcessor.java","167738","242216","409954"
"2013-09-30 22:20","SyncRequestProcessor.java","29536","69093","98629"
"2019-06-03 19:40","SyncRequestProcessor.java","167737","242346","410083"
"2019-08-17 17:13","SyncRequestProcessor.java","167737","257015","424752"
"2019-10-10 14:37","SyncRequestProcessor.java","167737","260768","428505"
"2013-10-24 20:41","SyncRequestProcessor.java","29854","72925","102779"
"2020-01-07 20:39","SyncRequestProcessor.java","168784","267115","435899"
"2020-03-25 03:38","SyncRequestProcessor.java","168784","270847","439631"
"2010-08-18 08:24","SyncRequestProcessor.java","7669","27375","35044"
"2015-03-08 23:07","SyncRequestProcessor.java","36770","97618","134388"
"2011-04-12 09:14","SyncRequestProcessor.java","19588","30339","49927"
"2019-04-30 18:08","SyncRequestProcessor.java","167738","240852","408590"
"2019-04-10 13:19","FileSnap.java","84073","238975","323048"
"2019-07-31 19:06","FileSnap.java","84072","257013","341085"
"2020-01-30 09:43","FileSnap.java","84528","268636","353164"
"2010-03-12 23:36","FileSnap.java","13154","97551","110705"
"2019-05-27 10:54","FileSnap.java","84073","243027","327100"
"2017-06-26 00:07","FileSnap.java","22078","170969","193047"
"2009-01-31 02:18","FileSnap.java","7586","24430","32016"
"2017-08-18 06:32","FileSnap.java","22128","171021","193149"
"2019-08-17 17:13","FileSnap.java","84072","257706","341778"
"2009-04-17 20:11","FileSnap.java","9074","30543","39617"
"2018-02-14 21:23","FileSnap.java","22246","176209","198455"
"2019-12-03 19:12","FileSnap.java","84528","264777","349305"
"2019-12-27 22:33","FileSnap.java","84528","266840","351368"
"2019-10-10 14:37","FileSnap.java","84072","261459","345531"
"2020-01-28 17:26","FileSnap.java","84528","268560","353088"
"2011-04-12 09:14","FileSnap.java","15080","110187","125267"
"2017-01-23 02:13","FileSnap.java","21521","173133","194654"
"2019-08-17 17:13","ZooKeeperThreadTest.java","218914","255966","474880"
"2020-05-17 15:13","RemoveWatchesTest.java","204254","271550","475804"
"2014-04-29 02:23","RemoveWatchesTest.java","64","770","834"
"2019-09-18 11:20","RemoveWatchesTest.java","202805","259068","461873"
"2015-07-07 07:11","RemoveWatchesTest.java","5304","21603","26907"
"2019-10-10 14:37","RemoveWatchesTest.java","202805","259909","462714"
"2019-06-03 19:40","RemoveWatchesTest.java","202805","241487","444292"
"2016-05-02 18:15","RemoveWatchesTest.java","8917","26968","35885"
"2019-08-17 17:13","RemoveWatchesTest.java","202805","256156","458961"
"2015-05-05 04:38","RemoveWatchesTest.java","3299","17973","21272"
"2015-07-10 08:19","ServerStats.java","16603","58319","74922"
"2019-04-12 19:01","ServerStats.java","178028","238456","416484"
"2015-02-06 06:17","ServerStats.java","15069","52549","67618"
"2014-07-18 02:19","ServerStats.java","14604","47333","61937"
"2019-01-07 14:39","ServerStats.java","177950","231410","409360"
"2018-09-18 01:00","ServerStats.java","109102","169704","278806"
"2019-08-17 17:13","ServerStats.java","178028","256649","434677"
"2018-07-12 01:33","ServerStats.java","33847","89375","123222"
"2018-06-08 16:52","ServerStats.java","25960","81019","106979"
"2019-08-17 17:13","CommandBase.java","210259","256151","466410"
"2019-05-15 11:56","CommandBase.java","210243","240889","451132"
"2015-05-14 18:40","PortAssignment.java","32162","120422","152584"
"2019-08-17 17:13","PortAssignment.java","142084","257500","399584"
"2018-12-20 07:24","PortAssignment.java","142040","230956","372996"
"2011-04-12 09:14","PortAssignment.java","22852","59741","82593"
"2019-10-10 14:37","PortAssignment.java","142084","261253","403337"
"2014-06-25 15:04","FastLeaderElection.java","31263","94117","125380"
"2018-12-06 10:56","FastLeaderElection.java","154707","227655","382362"
"2014-07-08 05:25","FastLeaderElection.java","31610","96100","127710"
"2014-07-18 20:48","FastLeaderElection.java","31734","100350","132084"
"2010-03-13 01:06","FastLeaderElection.java","10659","23793","34452"
"2014-03-23 04:12","FastLeaderElection.java","29842","88618","118460"
"2019-10-10 14:37","FastLeaderElection.java","154759","260932","415691"
"2013-10-21 23:36","FastLeaderElection.java","29587","84551","114138"
"2019-09-30 23:22","FastLeaderElection.java","154759","260559","415318"
"2011-04-12 09:14","FastLeaderElection.java","21480","45373","66853"
"2014-07-20 04:50","FastLeaderElection.java","31753","100431","132184"
"2010-07-05 21:50","FastLeaderElection.java","15078","39313","54391"
"2020-04-07 09:07","FastLeaderElection.java","155706","271500","427206"
"2012-03-20 01:33","FastLeaderElection.java","27145","63838","90983"
"2019-01-18 03:42","FastLeaderElection.java","154707","233152","387859"
"2012-02-06 09:40","FastLeaderElection.java","25608","60850","86458"
"2017-09-11 18:55","FastLeaderElection.java","36298","119475","155773"
"2013-03-07 07:01","FastLeaderElection.java","29065","78471","107536"
"2018-08-29 06:26","FastLeaderElection.java","90264","183724","273988"
"2011-04-29 18:12","FastLeaderElection.java","21571","45799","67370"
"2015-02-06 06:17","FastLeaderElection.java","31936","104844","136780"
"2018-04-30 06:34","FastLeaderElection.java","36567","125726","162293"
"2019-08-17 17:13","FastLeaderElection.java","154759","257179","411938"
"2019-08-02 20:08","FastLeaderElection.java","154759","257960","412719"
"2012-08-03 00:17","FastLeaderElection.java","27529","66710","94239"
"2017-01-13 19:29","FastLeaderElection.java","34647","120164","154811"
"2011-06-14 07:14","FastLeaderElection.java","21707","47550","69257"
"2019-08-03 08:42","FastLeaderElection.java","154759","257887","412646"
"2014-07-08 05:25","FLELostMessageTest.java","31995","108527","140522"
"2011-04-12 09:14","FLELostMessageTest.java","22865","59233","82098"
"2010-03-31 06:26","FLELostMessageTest.java","14548","40404","54952"
"2011-09-17 02:13","FLELostMessageTest.java","24504","70847","95351"
"2019-08-17 17:13","FLELostMessageTest.java","142604","257499","400103"
"2017-11-28 00:10","FLELostMessageTest.java","36261","135337","171598"
"2019-07-12 17:01","FLELostMessageTest.java","142604","252812","395416"
"2012-08-03 00:17","FLELostMessageTest.java","28298","79521","107819"
"2019-08-17 17:13","LsCommand.java","178872","256502","435374"
"2019-01-31 15:55","LsCommand.java","178779","234068","412847"
"2014-03-29 04:33","LsCommand.java","5514","28386","33900"
"2017-05-27 00:52","LsCommand.java","22228","68500","90728"
"2016-09-08 22:52","LsCommand.java","18397","62381","80778"
"2020-01-09 22:51","LsCommand.java","180182","265914","446096"
"2016-07-27 01:33","LsCommand.java","17918","61514","79432"
"2019-12-28 16:17","LsCommand.java","180182","266397","446579"
"2019-07-31 19:06","FourLetterCommands.java","219061","255273","474334"
"2017-03-04 19:22","FourLetterCommands.java","9687","15569","25256"
"2016-11-24 17:18","FourLetterCommands.java","6110","13302","19412"
"2019-08-17 17:13","FourLetterCommands.java","219061","255966","475027"
"2019-08-17 17:13","RepeatStartupTest.java","198547","256292","454839"
"2019-09-26 08:55","BinaryInputArchiveTest.java","26621","32345","58966"
"2019-07-03 00:44","NIOServerCnxnFactory.java","4399","9630","14029"
"2019-08-17 17:13","NIOServerCnxnFactory.java","29757","46975","76732"
"2019-08-03 08:42","NIOServerCnxnFactory.java","7585","25511","33096"
"2019-10-10 14:37","NIOServerCnxnFactory.java","31872","52843","84715"
"2019-11-14 03:54","NIOServerCnxnFactory.java","32144","57371","89515"
"2019-08-17 17:13","ClientCnxnSocketNetty.java","29523","44192","73715"
"2019-10-10 14:37","ClientCnxnSocketNetty.java","31925","50347","82272"
"2020-05-17 15:13","RemoveWatchesTest.java","204960","271550","476510"
"2019-09-18 11:20","RemoveWatchesTest.java","203510","259067","462577"
"2015-07-07 07:11","RemoveWatchesTest.java","5262","20855","26117"
"2019-10-10 14:37","RemoveWatchesTest.java","203510","259908","463418"
"2019-06-03 19:40","RemoveWatchesTest.java","203510","241486","444996"
"2016-05-02 18:15","RemoveWatchesTest.java","8875","26220","35095"
"2019-08-17 17:13","RemoveWatchesTest.java","203510","256155","459665"
"2015-05-05 04:38","RemoveWatchesTest.java","3257","17225","20482"
"2019-08-17 17:13","PathUtilsTest.java","187397","256407","443804"
"2015-07-07 07:11","PathUtilsTest.java","13554","45512","59066"
"2019-08-17 17:13","CommitProcessor.java","24669","26748","51417"
"2019-08-03 08:42","CommitProcessor.java","528","3315","3843"
"2020-03-25 03:38","CommitProcessor.java","34953","49817","84770"
"2019-10-10 14:37","CommitProcessor.java","27165","32997","60162"
"2019-11-11 13:55","CommitProcessor.java","27351","35138","62489"
"2019-12-27 22:33","CommitProcessor.java","33142","43899","77041"
"2019-08-17 17:13","Leader.java","185188","256464","441652"
"2019-06-29 00:33","Leader.java","185188","244451","429639"
"2019-06-03 19:40","Leader.java","185188","241795","426983"
"2014-05-20 23:42","Leader.java","11015","30135","41150"
"2019-07-15 14:15","Leader.java","185188","251883","437071"
"2015-03-17 18:06","Leader.java","13255","44612","57867"
"2019-07-25 21:41","Leader.java","185188","252947","438135"
"2018-05-10 06:00","Leader.java","24728","71978","96706"
"2018-07-12 01:33","Leader.java","32728","80911","113639"
"2018-02-07 01:05","Leader.java","24454","69570","94024"
"2017-11-28 00:10","Leader.java","24055","68316","92371"
"2019-06-05 00:33","Leader.java","185188","242185","427373"
"2015-04-10 22:22","Leader.java","13286","45711","58997"
"2019-08-03 08:42","Leader.java","185188","257172","442360"
"2019-06-05 23:57","Leader.java","185188","242454","427642"
"2013-10-07 21:08","Leader.java","3476","12925","16401"
"2012-12-31 02:38","Leader.java","941","3062","4003"
"2017-01-13 19:29","Leader.java","19643","62387","82030"
"2019-01-07 14:55","Leader.java","185094","231261","416355"
"2019-04-12 19:01","Leader.java","185172","238255","423427"
"2018-12-09 03:16","Leader.java","185093","229027","414120"
"2018-08-17 14:40","Leader.java","85251","135730","220981"
"2019-11-29 14:49","Leader.java","186500","264333","450833"
"2013-03-07 07:01","Leader.java","2342","8975","11317"
"2018-11-27 10:02","Leader.java","185093","226703","411796"
"2015-02-06 06:17","Leader.java","13072","43207","56279"
"2017-02-15 23:04","Leader.java","21883","61671","83554"
"2014-07-18 02:19","Leader.java","12234","37618","49852"
"2018-08-29 06:26","Leader.java","104402","155089","259491"
"2018-08-03 18:52","Leader.java","42997","92678","135675"
"2013-05-14 14:27","Leader.java","2401","9159","11560"
"2017-09-11 18:55","Leader.java","23730","64134","87864"
"2018-09-18 01:00","Leader.java","109608","162865","272473"
"2016-12-20 14:47","Leader.java","19612","61514","81126"
"2014-07-20 04:50","Leader.java","12317","38222","50539"
"2014-06-10 00:19","Leader.java","11027","31081","42108"
"2016-06-23 23:25","Leader.java","18075","54913","72988"
"2016-06-23 23:45","Leader.java","18074","55020","73094"
"2020-03-25 03:38","Leader.java","186500","270561","457061"
"2014-03-23 04:12","Leader.java","4324","20327","24651"
"2019-12-27 22:33","Leader.java","186500","266454","452954"
"2016-08-13 15:01","Leader.java","18515","56156","74671"
"2013-10-21 23:36","Leader.java","3743","15934","19677"
"2019-10-10 14:37","Leader.java","185188","260217","445405"
"2013-11-07 06:41","Leader.java","3833","16455","20288"
"2017-11-15 22:33","CommitProcessor.java","9351","13871","23222"
"2019-08-17 17:13","CommitProcessor.java","220971","255887","476858"
"2019-07-30 02:31","CommitProcessor.java","220971","253808","474779"
"2019-08-03 08:42","CommitProcessor.java","220971","256595","477566"
"2019-04-09 15:35","CommitProcessor.java","220877","236650","457527"
"2019-04-25 02:11","CommitProcessor.java","220952","239588","460540"
"2019-01-07 14:24","CommitProcessor.java","220852","230598","451450"
"2020-03-25 03:38","CommitProcessor.java","222551","270252","492803"
"2019-10-10 14:37","CommitProcessor.java","220971","259640","480611"
"2019-11-11 13:55","CommitProcessor.java","221019","261643","482662"
"2019-12-27 22:33","CommitProcessor.java","222550","266144","488694"
"2011-04-12 09:14","AsyncHammerTest.java","17408","27920","45328"
"2010-05-05 22:32","AsyncHammerTest.java","2750","2522","5272"
"2019-10-10 14:37","AsyncHammerTest.java","167976","260768","428744"
"2019-08-17 17:13","AsyncHammerTest.java","167976","257015","424991"
"2017-05-01 17:19","AsyncHammerTest.java","39674","110706","150380"
"2019-08-17 17:13","StatTest.java","167976","257015","424991"
"2011-04-12 09:14","ChrootAsyncTest.java","17408","27920","45328"
"2019-10-10 14:37","ChrootAsyncTest.java","167976","260768","428744"
"2019-08-17 17:13","ChrootAsyncTest.java","167976","257015","424991"
"2019-10-10 14:37","ZooKeeperSaslClient.java","220856","259657","480513"
"2016-03-05 01:03","ZooKeeperSaslClient.java","1180","73","1253"
"2020-02-04 10:39","ZooKeeperSaslClient.java","222420","267952","490372"
"2019-01-31 15:50","ZooKeeperSaslClient.java","220742","233457","454199"
"2019-08-03 08:42","ZooKeeperSaslClient.java","220856","256612","477468"
"2017-11-28 00:10","ZooKeeperSaslClient.java","13126","21159","34285"
"2016-05-02 18:15","ZooKeeperSaslClient.java","3296","3044","6340"
"2019-08-17 17:13","ZooKeeperSaslClient.java","220856","255904","476760"
"2017-09-11 18:55","ProviderRegistry.java","20667","178200","198867"
"2019-02-13 13:19","ProviderRegistry.java","72726","236921","309647"
"2016-11-16 06:21","ProviderRegistry.java","20033","178704","198737"
"2019-08-17 17:13","ProviderRegistry.java","72747","257710","330457"
"2019-10-10 14:37","ProviderRegistry.java","72747","261463","334210"
"2011-04-12 09:14","ProviderRegistry.java","14907","121343","136250"
"2019-10-10 14:37","ZooKeeperSaslClient.java","219733","259641","479374"
"2020-02-04 10:39","ZooKeeperSaslClient.java","221312","267951","489263"
"2019-01-31 15:50","ZooKeeperSaslClient.java","219615","233437","453052"
"2019-08-03 08:42","ZooKeeperSaslClient.java","219733","256596","476329"
"2017-11-28 00:10","ZooKeeperSaslClient.java","11951","21091","33042"
"2016-05-02 18:15","ZooKeeperSaslClient.java","2117","2972","5089"
"2019-08-17 17:13","ZooKeeperSaslClient.java","219733","255888","475621"
"2018-12-20 15:13","QuorumPeer.java","147640","139229","286869"
"2019-05-16 16:25","QuorumPeer.java","154284","157102","311386"
"2018-10-16 16:22","QuorumPeer.java","114662","131078","245740"
"2019-06-14 09:06","QuorumPeer.java","154307","160324","314631"
"2018-12-07 12:41","QuorumPeer.java","147635","136238","283873"
"2019-03-11 19:47","QuorumPeer.java","154072","152089","306161"
"2019-02-13 13:12","QuorumPeer.java","154067","151032","305099"
"2019-04-12 19:01","QuorumPeer.java","154260","154086","308346"
"2018-12-09 03:16","QuorumPeer.java","147635","138312","285947"
"2019-11-29 14:49","QuorumPeer.java","159392","183968","343360"
"2018-12-15 07:34","QuorumPeer.java","147636","138228","285864"
"2018-11-27 10:02","QuorumPeer.java","147635","135988","283623"
"2019-06-03 19:40","QuorumPeer.java","154307","157657","311964"
"2019-07-15 14:15","QuorumPeer.java","155541","168979","324520"
"2019-07-03 00:44","QuorumPeer.java","155540","161572","317112"
"2019-08-17 17:13","QuorumPeer.java","156211","174230","330441"
"2019-05-15 11:56","QuorumPeer.java","154284","157057","311341"
"2019-06-05 00:33","QuorumPeer.java","154307","158047","312354"
"2019-05-20 23:13","QuorumPeer.java","154287","157178","311465"
"2019-06-04 10:55","QuorumPeer.java","154307","157810","312117"
"2019-07-12 17:01","QuorumPeer.java","155541","168873","324414"
"2020-01-09 11:27","QuorumPeer.java","159408","185530","344938"
"2018-10-01 06:11","QuorumPeer.java","705","3284","3989"
"2019-12-17 13:48","QuorumPeer.java","159400","184548","343948"
"2020-01-23 13:43","QuorumPeer.java","159473","187419","346892"
"2018-12-06 10:56","QuorumPeer.java","147635","136182","283817"
"2019-10-10 14:37","QuorumPeer.java","157213","178985","336198"
"2019-04-18 19:17","QuorumPeer.java","154260","154796","309056"
"2020-02-16 10:25","QuorumPeer.java","159545","188204","347749"
"2018-09-07 02:49","ClientBase.java","101532","112144","213676"
"2019-07-31 19:06","ClientBase.java","224314","254493","478807"
"2019-08-17 17:13","ClientBase.java","224314","255186","479500"
"2019-06-07 14:13","ClientBase.java","224313","241289","465602"
"2018-04-24 00:20","ClientBase.java","1296","7072","8368"
"2018-08-08 06:21","ClientBase.java","70661","80408","151069"
"2018-05-09 23:57","ClientBase.java","1540","8101","9641"
"2019-06-24 11:05","ClientBase.java","224313","242518","466831"
"2019-11-14 16:44","ClientBase.java","224363","263262","487625"
"2019-10-10 14:37","ClientBase.java","224315","258940","483255"
"2019-01-14 19:38","MockServerCnxn.java","8653","15870","24523"
"2019-08-17 17:13","MockServerCnxn.java","36708","68633","105341"
"2019-07-03 00:44","MockServerCnxn.java","13614","33552","47166"
"2019-06-03 19:40","MockServerCnxn.java","10369","27625","37994"
"2019-11-18 09:05","MockServerCnxn.java","43605","78674","122279"
"2019-10-10 14:37","SnapStream.java","3717","7470","11187"
"2019-09-26 14:16","SnapStream.java","2479","5798","8277"
"2019-12-03 19:12","SnapStream.java","9782","16397","26179"
"2018-12-20 07:24","QuorumPeerInstance.java","231427","228198","459625"
"2019-07-12 17:01","QuorumPeerInstance.java","231576","250160","481736"
"2019-08-17 17:13","KerberosName.java","180083","256464","436547"
"2019-08-17 17:13","ClientCnxn.java","29822","48965","78787"
"2019-11-08 17:30","ClientCnxn.java","32076","56833","88909"
"2020-05-17 15:13","ClientCnxn.java","43198","76286","119484"
"2020-03-03 03:12","ClientCnxn.java","39234","70112","109346"
"2020-01-21 17:53","ClientCnxn.java","38860","65999","104859"
"2019-10-10 14:37","ClientCnxn.java","31910","54806","86716"
"2019-11-21 05:58","ClientCnxn.java","37055","59365","96420"
"2020-04-16 12:50","ClientCnxn.java","39924","72641","112565"
"2019-02-06 09:46","ZooKeeper.java","218392","234624","453016"
"2019-01-16 14:21","ZooKeeper.java","218391","232900","451291"
"2017-04-18 02:02","ZooKeeper.java","68828","89349","158177"
"2019-11-08 17:30","ZooKeeper.java","218456","262599","481055"
"2019-02-07 11:26","ZooKeeper.java","218392","235253","453645"
"2013-03-07 07:01","ZooKeeper.java","55320","41894","97214"
"2011-07-01 00:53","ZooKeeper.java","44672","9319","53991"
"2013-12-17 17:55","ZooKeeper.java","55964","49342","105306"
"2012-02-06 09:56","ZooKeeper.java","50548","22962","73510"
"2012-03-17 01:31","ZooKeeper.java","50830","24749","75579"
"2012-11-17 15:03","ZooKeeper.java","53523","32561","86084"
"2017-05-01 17:19","ZooKeeper.java","68839","89487","158326"
"2014-01-24 07:18","ZooKeeper.java","56042","51349","107391"
"2019-08-17 17:13","ZooKeeper.java","218456","256985","475441"
"2015-06-04 19:51","ZooKeeper.java","63533","77165","140698"
"2016-10-07 21:51","ZooKeeper.java","66723","85406","152129"
"2015-03-16 09:09","ZooKeeper.java","63243","73831","137074"
"2015-03-17 18:06","ZooKeeper.java","63324","74622","137946"
"2016-05-02 18:15","ZooKeeper.java","66231","82148","148379"
"2019-06-26 10:57","ZooKeeper.java","218456","244835","463291"
"2019-06-03 19:40","ZooKeeper.java","218456","242316","460772"
"2018-05-09 23:57","ZooKeeper.java","70302","97208","167510"
"2019-08-03 08:42","ZooKeeper.java","218456","257693","476149"
"2016-11-13 20:59","ZooKeeper.java","66741","87677","154418"
"2013-02-03 15:52","ZooKeeper.java","54893","37404","92297"
"2012-09-28 18:32","ZooKeeper.java","53355","30425","83780"
"2017-07-28 00:36","ZooKeeper.java","69676","89458","159134"
"2017-08-18 23:35","ZooKeeper.java","69752","90019","159771"
"2017-07-04 07:56","ZooKeeper.java","69659","90051","159710"
"2020-04-16 12:50","ZooKeeper.java","219529","271632","491161"
"2018-07-27 05:16","ZooKeeper.java","87153","116077","203230"
"2019-10-10 14:37","ZooKeeper.java","218456","260738","479194"
"2014-04-01 04:03","ZooKeeper.java","56414","53201","109615"
"2012-12-19 19:16","ZooKeeper.java","54841","36859","91700"
"2019-02-11 12:34","ZooKeeper.java","218392","235616","454008"
"2014-07-08 20:18","ZooKeeper.java","62654","64328","126982"
"2010-11-30 21:16","ZooKeeper.java","622","989","1611"
"2020-05-17 15:13","ZooKeeper.java","219531","272005","491536"
"2017-01-09 22:49","ZooKeeper.java","67291","89795","157086"
"2011-05-20 01:17","ZooKeeper.java","43191","4012","47203"
"2019-03-12 19:08","ZooKeeper.java","218404","237056","455460"
"2011-09-06 00:58","ZooKeeper.java","44603","18013","62616"
"2014-07-22 06:51","ZooKeeper.java","62944","68816","131760"
"2014-04-29 02:23","ZooKeeper.java","62097","60669","122766"
"2019-11-08 17:30","FinalRequestProcessor.java","31890","55697","87587"
"2019-07-08 23:26","FinalRequestProcessor.java","4479","11448","15927"
"2019-09-10 04:26","FinalRequestProcessor.java","30870","50108","80978"
"2019-08-17 17:13","FinalRequestProcessor.java","29620","47813","77433"
"2019-06-26 10:57","FinalRequestProcessor.java","4221","10264","14485"
"2019-08-01 07:28","FinalRequestProcessor.java","7234","25608","32842"
"2019-07-03 00:44","FinalRequestProcessor.java","4396","10602","14998"
"2019-08-06 17:11","FinalRequestProcessor.java","7608","26902","34510"
"2020-03-25 03:38","FinalRequestProcessor.java","39222","70200","109422"
"2019-09-16 23:26","FinalRequestProcessor.java","30912","52124","83036"
"2019-10-10 14:37","FinalRequestProcessor.java","31720","53666","85386"
"2019-11-21 05:58","FinalRequestProcessor.java","36957","58317","95274"
"2019-11-18 09:05","FinalRequestProcessor.java","36947","58284","95231"
"2019-11-11 13:59","FinalRequestProcessor.java","31921","57524","89445"
"2020-03-26 22:12","FinalRequestProcessor.java","39275","70255","109530"
"2019-08-17 17:13","FLEOutOfElectionTest.java","36462","65934","102396"
"2013-10-09 22:21","LearnerSessionTracker.java","8193","29094","37287"
"2015-03-08 23:07","LearnerSessionTracker.java","16238","55620","71858"
"2019-10-10 14:37","LearnerSessionTracker.java","176310","260412","436722"
"2019-09-20 10:02","LearnerSessionTracker.java","176310","259579","435889"
"2019-08-17 17:13","LearnerSessionTracker.java","176310","256659","432969"
"2018-08-08 06:21","LearnerSessionTracker.java","86260","145484","231744"
"2014-07-18 02:19","LearnerSessionTracker.java","15723","50180","65903"
"2019-09-18 11:20","MultiOperationTest.java","218914","258878","477792"
"2015-11-21 22:18","MultiOperationTest.java","320","1808","2128"
"2019-06-26 10:57","MultiOperationTest.java","218913","243815","462728"
"2019-08-17 17:13","MultiOperationTest.java","218914","255966","474880"
"2019-11-08 17:30","Request.java","183022","262518","445540"
"2019-01-16 14:21","Request.java","182957","232819","415776"
"2019-04-25 02:11","Request.java","183023","240625","423648"
"2019-07-08 23:26","Request.java","183022","245680","428702"
"2015-02-06 06:17","Request.java","21113","66549","87662"
"2013-03-07 07:01","Request.java","12962","34896","47858"
"2019-02-07 11:26","Request.java","182958","235172","418130"
"2019-08-06 17:11","Request.java","183022","258005","441027"
"2019-08-01 07:28","Request.java","183022","257085","440107"
"2019-06-26 10:57","Request.java","183022","244754","427776"
"2014-01-24 07:18","Request.java","13818","44485","58303"
"2016-10-07 21:51","Request.java","24929","78972","103901"
"2015-06-04 19:51","Request.java","21570","70562","92132"
"2019-08-17 17:13","Request.java","183022","256904","439926"
"2019-04-17 14:16","Request.java","183023","238977","422000"
"2019-05-03 00:44","Request.java","183023","240902","423925"
"2019-06-05 00:46","Request.java","183022","242764","425786"
"2019-05-10 12:22","Request.java","183023","241412","424435"
"2020-03-25 03:38","Request.java","184120","270787","454907"
"2019-09-20 10:06","Request.java","183022","259767","442789"
"2019-09-16 23:26","Request.java","183022","259923","442945"
"2019-12-27 22:33","Request.java","184120","266680","450800"
"2019-11-11 13:59","Request.java","183022","264314","447336"
"2011-10-20 20:02","Request.java","6267","11479","17746"
"2012-12-19 19:16","Request.java","12314","29692","42006"
"2014-04-29 02:23","Request.java","19917","53849","73766"
"2013-10-09 22:21","Request.java","13635","40764","54399"
"2020-05-05 21:20","Request.java","184120","271818","455938"
"2014-02-12 17:00","ZKDatabase.java","29192","83857","113049"
"2019-10-10 14:37","ZKDatabase.java","158337","260786","419123"
"2019-12-27 22:33","ZKDatabase.java","159366","266740","426106"
"2018-04-06 06:04","ZKDatabase.java","36307","120824","157131"
"2011-04-12 09:14","ZKDatabase.java","20763","40932","61695"
"2014-04-29 02:23","ZKDatabase.java","30668","88348","119016"
"2014-04-17 08:47","ZKDatabase.java","30665","87639","118304"
"2010-07-27 00:44","ZKDatabase.java","14003","37420","51423"
"2011-09-17 02:36","ZKDatabase.java","22847","53396","76243"
"2018-09-28 23:38","ZKDatabase.java","97584","192464","290048"
"2013-06-28 23:22","ZKDatabase.java","28727","76271","104998"
"2019-11-08 17:30","ZKDatabase.java","158337","262647","420984"
"2010-03-12 23:36","ZKDatabase.java","9165","18624","27789"
"2019-05-14 17:11","ZKDatabase.java","158338","241701","400039"
"2012-07-17 23:25","ZKDatabase.java","26912","62153","89065"
"2018-09-18 01:00","ZKDatabase.java","97437","189743","287180"
"2013-03-07 07:01","ZKDatabase.java","28523","74205","102728"
"2019-02-07 11:26","ZKDatabase.java","158281","235309","393590"
"2019-04-12 19:01","ZKDatabase.java","158338","238841","397179"
"2018-09-05 22:35","ZKDatabase.java","97381","187433","284814"
"2011-01-22 20:38","ZKDatabase.java","16298","77602","93900"
"2015-02-06 06:17","ZKDatabase.java","31530","100714","132244"
"2014-07-18 02:19","ZKDatabase.java","31299","95732","127031"
"2018-02-07 01:05","ZKDatabase.java","36282","120447","156729"
"2014-01-24 07:18","ZKDatabase.java","29159","83574","112733"
"2019-08-17 17:13","ZKDatabase.java","158337","257033","415370"
"2019-09-10 00:27","ZKDatabase.java","158337","257973","416310"
"2016-03-23 00:30","ZKDatabase.java","33513","107797","141310"
"2018-02-23 23:49","ZKDatabase.java","36303","120812","157115"
"2017-08-03 20:28","ZKDatabase.java","35953","114868","150821"
"2017-06-18 19:23","ZKDatabase.java","35883","115022","150905"
"2019-04-09 15:35","ZKDatabase.java","158296","237849","396145"
"2019-08-17 17:13","KerberosUtil.java","29685","44894","74579"
"2015-07-07 07:11","DatadirCleanupManagerTest.java","20199","62770","82969"
"2019-08-17 17:13","DatadirCleanupManagerTest.java","177119","256742","433861"
"2019-08-17 17:13","DeleteAllCommand.java","178872","256502","435374"
"2019-06-06 00:01","DeleteAllCommand.java","178872","242639","421511"
"2017-05-27 00:52","DeleteAllCommand.java","22228","68500","90728"
"2016-07-27 01:33","DeleteAllCommand.java","17918","61514","79432"
"2019-08-17 17:13","CreateTTLTest.java","230611","254922","485533"
"2019-12-28 16:17","CreateTTLTest.java","232474","265370","497844"
"2019-04-09 15:35","ClientCnxnSocketNetty.java","220493","236650","457143"
"2018-01-30 21:56","ClientCnxnSocketNetty.java","10370","18816","29186"
"2019-06-03 19:40","ClientCnxnSocketNetty.java","220586","241217","461803"
"2019-08-17 17:13","ClientCnxnSocketNetty.java","220587","255887","476474"
"2018-11-22 17:56","ClientCnxnSocketNetty.java","220467","224464","444931"
"2018-12-15 07:34","ClientCnxnSocketNetty.java","220467","228340","448807"
"2019-02-12 15:25","ClientCnxnSocketNetty.java","220470","234595","455065"
"2016-12-30 23:01","ClientCnxnSocketNetty.java","2782","9168","11950"
"2019-10-10 14:37","ClientCnxnSocketNetty.java","220587","259640","480227"
"2019-08-17 17:13","ConnectionMetricsTest.java","29685","44894","74579"
"2019-11-08 17:30","Request.java","214992","261747","476739"
"2019-01-16 14:21","Request.java","214854","231975","446829"
"2019-04-25 02:11","Request.java","214947","239808","454755"
"2019-07-08 23:26","Request.java","214963","244880","459843"
"2019-02-07 11:26","Request.java","214855","234328","449183"
"2019-08-06 17:11","Request.java","214963","257205","472168"
"2019-08-01 07:28","Request.java","214963","256285","471248"
"2019-06-26 10:57","Request.java","214963","243954","458917"
"2016-10-07 21:51","Request.java","7763","16370","24133"
"2015-06-04 19:51","Request.java","1515","5071","6586"
"2019-08-17 17:13","Request.java","214963","256104","471067"
"2019-04-17 14:16","Request.java","214947","238160","453107"
"2019-05-03 00:44","Request.java","214947","240085","455032"
"2019-06-05 00:46","Request.java","214963","241964","456927"
"2019-05-10 12:22","Request.java","214947","240595","455542"
"2020-03-25 03:38","Request.java","216411","270337","486748"
"2019-09-20 10:06","Request.java","214963","258967","473930"
"2019-09-16 23:26","Request.java","214963","259123","474086"
"2019-12-27 22:33","Request.java","216410","266229","482639"
"2019-11-11 13:59","Request.java","214992","263543","478535"
"2020-05-05 21:20","Request.java","216411","271368","487779"
"2019-11-21 05:58","NIOServerCnxn.java","8760","8908","17668"
"2019-11-18 09:05","NIOServerCnxn.java","8744","8869","17613"
"2019-10-10 14:37","NIOServerCnxn.java","3447","4181","7628"
"2020-02-11 06:50","NIOServerCnxn.java","11677","19177","30854"
"2009-07-17 00:09","CRCTest.java","4942","41691","46633"
"2009-06-18 18:37","CRCTest.java","3011","31669","34680"
"2019-08-17 17:13","CRCTest.java","105419","257584","363003"
"2009-05-22 09:43","CRCTest.java","1681","26278","27959"
"2010-03-31 06:26","CRCTest.java","13200","76326","89526"
"2010-08-18 08:24","CRCTest.java","13851","96444","110295"
"2011-04-12 09:14","CRCTest.java","17654","91292","108946"
"2016-08-24 01:36","CRCTest.java","26095","153478","179573"
"2019-10-10 14:37","CRCTest.java","105419","261337","366756"
"2013-12-21 22:05","CRCTest.java","22227","125732","147959"
"2019-08-17 17:13","StringUtilTest.java","187266","256407","443673"
"2015-07-07 07:11","StringUtilTest.java","13561","45650","59211"
"2019-04-09 15:35","ClientCnxnSocketNetty.java","215033","236857","451890"
"2018-01-30 21:56","ClientCnxnSocketNetty.java","15883","29996","45879"
"2019-06-03 19:40","ClientCnxnSocketNetty.java","215121","241419","456540"
"2016-05-02 18:15","ClientCnxnSocketNetty.java","6293","11960","18253"
"2015-03-17 18:06","ClientCnxnSocketNetty.java","159","1207","1366"
"2019-08-17 17:13","ClientCnxnSocketNetty.java","215122","256089","471211"
"2018-11-22 17:56","ClientCnxnSocketNetty.java","215010","224674","439684"
"2018-12-15 07:34","ClientCnxnSocketNetty.java","215010","228550","443560"
"2019-02-12 15:25","ClientCnxnSocketNetty.java","215013","234805","449818"
"2016-12-30 23:01","ClientCnxnSocketNetty.java","8758","20811","29569"
"2019-10-10 14:37","ClientCnxnSocketNetty.java","215122","259842","474964"
"2016-11-13 20:59","CliCommand.java","1224","4977","6201"
"2019-01-31 15:55","CliCommand.java","221735","233428","455163"
"2019-08-17 17:13","CliCommand.java","221853","255887","477740"
"2011-08-21 02:53","AuthTest.java","1735","13186","14921"
"2019-08-17 17:13","AuthTest.java","178405","256932","435337"
"2012-03-02 03:44","AuthTest.java","8362","21020","29382"
"2019-11-21 05:58","NIOServerCnxn.java","5323","4737","10060"
"2019-11-18 09:05","NIOServerCnxn.java","5307","4698","10005"
"2020-02-11 06:50","NIOServerCnxn.java","9946","16712","26658"
"2015-10-18 19:00","QuorumPeer.java","18573","182697","201270"
"2018-12-20 15:13","QuorumPeer.java","57795","231396","289191"
"2019-05-16 16:25","QuorumPeer.java","57811","242641","300452"
"2009-01-15 23:57","QuorumPeer.java","7270","39697","46967"
"2018-10-16 16:22","QuorumPeer.java","54162","252841","307003"
"2019-06-14 09:06","QuorumPeer.java","57811","245840","303651"
"2008-10-01 10:40","QuorumPeer.java","2496","17400","19896"
"2010-03-16 23:25","QuorumPeer.java","11414","122193","133607"
"2008-09-04 19:02","QuorumPeer.java","354","677","1031"
"2008-10-03 15:06","QuorumPeer.java","2620","17688","20308"
"2008-09-19 03:24","QuorumPeer.java","631","2457","3088"
"2018-12-07 12:41","QuorumPeer.java","57795","228410","286205"
"2012-04-23 01:20","QuorumPeer.java","16068","139869","155937"
"2012-07-17 23:19","QuorumPeer.java","16081","140654","156735"
"2019-03-11 19:47","QuorumPeer.java","57795","237824","295619"
"2012-02-27 03:41","QuorumPeer.java","15929","137645","153574"
"2014-07-18 02:19","QuorumPeer.java","18432","172822","191254"
"2019-02-13 13:12","QuorumPeer.java","57795","236772","294567"
"2011-04-29 18:12","QuorumPeer.java","12778","134617","147395"
"2019-04-12 19:01","QuorumPeer.java","57811","239649","297460"
"2018-12-09 03:16","QuorumPeer.java","57795","230484","288279"
"2018-09-11 15:23","QuorumPeer.java","44545","225553","270098"
"2019-11-29 14:49","QuorumPeer.java","58132","264720","322852"
"2013-03-07 07:01","QuorumPeer.java","16908","152547","169455"
"2018-12-15 07:34","QuorumPeer.java","57795","230399","288194"
"2018-11-27 10:02","QuorumPeer.java","57795","228160","285955"
"2018-09-18 01:00","QuorumPeer.java","44582","226845","271427"
"2009-11-18 18:47","QuorumPeer.java","10811","105510","116321"
"2012-02-06 09:40","QuorumPeer.java","15886","137361","153247"
"2019-06-03 19:40","QuorumPeer.java","57811","243173","300984"
"2019-07-15 14:15","QuorumPeer.java","57811","253261","311072"
"2015-03-17 18:06","QuorumPeer.java","18529","178892","197421"
"2019-07-03 00:44","QuorumPeer.java","57811","245855","303666"
"2009-06-18 18:37","QuorumPeer.java","9202","85726","94928"
"2019-08-17 17:13","QuorumPeer.java","57811","257842","315653"
"2015-06-27 02:03","QuorumPeer.java","18562","181614","200176"
"2009-11-18 20:06","QuorumPeer.java","10818","107851","118669"
"2017-11-28 00:10","QuorumPeer.java","19029","192296","211325"
"2014-01-21 04:50","QuorumPeer.java","17003","159792","176795"
"2014-06-04 22:07","QuorumPeer.java","18337","166927","185264"
"2018-01-30 08:02","QuorumPeer.java","19032","192452","211484"
"2019-05-15 11:56","QuorumPeer.java","57811","242596","300407"
"2019-06-05 00:33","QuorumPeer.java","57811","243563","301374"
"2009-02-06 22:19","QuorumPeer.java","8122","54035","62157"
"2019-05-20 23:13","QuorumPeer.java","57811","242714","300525"
"2019-06-04 10:55","QuorumPeer.java","57811","243326","301137"
"2019-07-12 17:01","QuorumPeer.java","57811","253155","310966"
"2020-01-09 11:27","QuorumPeer.java","58132","266266","324398"
"2017-02-09 11:40","QuorumPeer.java","18887","190930","209817"
"2011-06-14 07:14","QuorumPeer.java","12790","136244","149034"
"2009-04-17 00:59","QuorumPeer.java","8673","56389","65062"
"2008-12-09 06:14","QuorumPeer.java","3596","35761","39357"
"2017-07-06 18:48","QuorumPeer.java","19009","188738","207747"
"2018-10-01 06:11","QuorumPeer.java","44667","229509","274176"
"2015-04-09 20:16","QuorumPeer.java","18532","179958","198490"
"2013-10-07 21:08","QuorumPeer.java","16968","155423","172391"
"2013-09-30 22:20","QuorumPeer.java","16967","154991","171958"
"2018-07-04 17:11","QuorumPeer.java","19752","196733","216485"
"2019-12-17 13:48","QuorumPeer.java","58132","265292","323424"
"2015-12-07 05:59","QuorumPeer.java","18579","183461","202040"
"2020-01-23 13:43","QuorumPeer.java","58132","268090","326222"
"2016-06-23 23:45","QuorumPeer.java","18625","184577","203202"
"2011-05-03 19:57","QuorumPeer.java","12779","134622","147401"
"2016-06-23 23:25","QuorumPeer.java","18625","184469","203094"
"2010-03-09 05:44","QuorumPeer.java","11344","121348","132692"
"2010-03-12 19:26","QuorumPeer.java","11403","122137","133540"
"2014-03-23 04:12","QuorumPeer.java","17077","162086","179163"
"2013-09-26 00:13","QuorumPeer.java","16971","154751","171722"
"2011-06-17 01:34","QuorumPeer.java","12811","136336","149147"
"2011-06-14 14:11","QuorumPeer.java","12790","136271","149061"
"2010-03-10 02:27","QuorumPeer.java","11347","121565","132912"
"2010-03-10 19:52","QuorumPeer.java","11351","121655","133006"
"2014-07-18 20:48","QuorumPeer.java","18437","173286","191723"
"2014-07-04 04:19","QuorumPeer.java","18337","168570","186907"
"2018-12-06 10:56","QuorumPeer.java","57795","228354","286149"
"2014-06-25 15:04","QuorumPeer.java","18337","167424","185761"
"2014-03-28 01:58","QuorumPeer.java","17077","162504","179581"
"2009-10-30 17:19","QuorumPeer.java","10476","98636","109112"
"2009-11-20 23:28","QuorumPeer.java","10817","108129","118946"
"2009-12-18 03:19","QuorumPeer.java","11052","108937","119989"
"2009-12-15 23:23","QuorumPeer.java","10949","108560","119509"
"2013-10-21 23:36","QuorumPeer.java","16996","158193","175189"
"2019-10-10 14:37","QuorumPeer.java","57811","261595","319406"
"2013-11-07 06:41","QuorumPeer.java","16996","158624","175620"
"2017-07-27 23:09","QuorumPeer.java","19014","187757","206771"
"2014-05-18 05:49","QuorumPeer.java","18333","166434","184767"
"2011-10-25 08:09","QuorumPeer.java","15820","134791","150611"
"2014-03-25 22:13","QuorumPeer.java","17077","162322","179399"
"2011-04-12 09:14","QuorumPeer.java","12751","134255","147006"
"2011-11-01 08:15","QuorumPeer.java","15840","135000","150840"
"2011-03-16 19:49","QuorumPeer.java","12657","175634","188291"
"2018-06-26 11:18","QuorumPeer.java","19079","196042","215121"
"2018-07-27 12:32","QuorumPeer.java","19771","197952","217723"
"2019-04-18 19:17","QuorumPeer.java","57811","240359","298170"
"2011-10-27 23:25","QuorumPeer.java","15841","134972","150813"
"2011-08-30 08:37","QuorumPeer.java","13136","134993","148129"
"2011-08-30 08:29","QuorumPeer.java","13136","134981","148117"
"2010-08-18 08:24","QuorumPeer.java","12187","142646","154833"
"2013-10-09 22:21","QuorumPeer.java","16997","157831","174828"
"2016-12-20 14:47","QuorumPeer.java","18859","189767","208626"
"2011-05-20 01:17","QuorumPeer.java","12782","135105","147887"
"2010-05-05 22:32","QuorumPeer.java","11830","122594","134424"
"2017-05-11 16:59","QuorumPeer.java","18997","187859","206856"
"2014-07-03 06:01","QuorumPeer.java","18336","168147","186483"
"2014-08-14 08:08","QuorumPeer.java","18481","174191","192672"
"2014-08-01 07:38","QuorumPeer.java","18484","173773","192257"
"2009-04-24 20:26","QuorumPeer.java","8749","65067","73816"
"2014-07-20 04:50","QuorumPeer.java","18444","173355","191799"
"2008-10-01 08:26","QuorumPeer.java","2163","16966","19129"
"2016-06-02 00:59","QuorumPeer.java","18625","184100","202725"
"2020-02-16 10:25","QuorumPeer.java","58132","268803","326935"
"2019-08-17 17:13","ZKTestCase.java","24844","23743","48587"
"2019-10-10 14:37","ZKTestCase.java","27644","30296","57940"
"2019-11-14 16:44","ZKTestCase.java","27928","34854","62782"
"2019-11-28 12:24","ZKTestCase.java","33158","36963","70121"
"2019-11-08 17:30","FinalRequestProcessor.java","32424","59706","92130"
"2019-07-08 23:26","FinalRequestProcessor.java","5426","15870","21296"
"2019-04-12 19:01","FinalRequestProcessor.java","1062","4537","5599"
"2019-09-10 04:26","FinalRequestProcessor.java","31441","54154","85595"
"2019-08-17 17:13","FinalRequestProcessor.java","30201","51869","82070"
"2019-06-26 10:57","FinalRequestProcessor.java","5188","14706","19894"
"2019-08-01 07:28","FinalRequestProcessor.java","8173","30022","38195"
"2019-07-03 00:44","FinalRequestProcessor.java","5358","15039","20397"
"2019-08-06 17:11","FinalRequestProcessor.java","8541","31310","39851"
"2020-03-25 03:38","FinalRequestProcessor.java","39387","73840","113227"
"2019-09-16 23:26","FinalRequestProcessor.java","31483","56170","87653"
"2019-10-10 14:37","FinalRequestProcessor.java","32270","57691","89961"
"2019-11-21 05:58","FinalRequestProcessor.java","37333","62168","99501"
"2019-11-18 09:05","FinalRequestProcessor.java","37323","62135","99458"
"2019-11-11 13:59","FinalRequestProcessor.java","32455","61533","93988"
"2020-03-26 22:12","FinalRequestProcessor.java","39440","73895","113335"
"2019-02-12 15:25","NettyUtils.java","8490","18618","27108"
"2019-08-17 17:13","NettyUtils.java","36458","67761","104219"
"2019-10-10 14:37","NettyUtils.java","38431","73487","111918"
"2015-10-18 19:00","QuorumPeer.java","31656","112176","143832"
"2018-12-20 15:13","QuorumPeer.java","151805","230707","382512"
"2019-05-16 16:25","QuorumPeer.java","151855","241986","393841"
"2018-10-16 16:22","QuorumPeer.java","123853","238928","362781"
"2019-06-14 09:06","QuorumPeer.java","151855","245185","397040"
"2010-03-16 23:25","QuorumPeer.java","10478","26558","37036"
"2018-12-07 12:41","QuorumPeer.java","151805","227721","379526"
"2012-04-23 01:20","QuorumPeer.java","26882","67079","93961"
"2012-07-17 23:19","QuorumPeer.java","26949","67918","94867"
"2019-03-11 19:47","QuorumPeer.java","151818","237148","388966"
"2012-02-27 03:41","QuorumPeer.java","25428","63540","88968"
"2014-07-18 02:19","QuorumPeer.java","31090","101876","132966"
"2019-02-13 13:12","QuorumPeer.java","151815","236093","387908"
"2011-04-29 18:12","QuorumPeer.java","21217","48357","69574"
"2019-04-12 19:01","QuorumPeer.java","151855","238994","390849"
"2018-12-09 03:16","QuorumPeer.java","151805","229795","381600"
"2018-09-11 15:23","QuorumPeer.java","93738","191142","284880"
"2019-11-29 14:49","QuorumPeer.java","152794","264683","417477"
"2013-03-07 07:01","QuorumPeer.java","28459","80494","108953"
"2018-12-15 07:34","QuorumPeer.java","151805","229710","381515"
"2018-11-27 10:02","QuorumPeer.java","151805","227471","379276"
"2018-09-18 01:00","QuorumPeer.java","93791","192450","286241"
"2012-02-06 09:40","QuorumPeer.java","25152","63023","88175"
"2019-06-03 19:40","QuorumPeer.java","151855","242518","394373"
"2019-07-15 14:15","QuorumPeer.java","151855","252606","404461"
"2015-03-17 18:06","QuorumPeer.java","31350","108109","139459"
"2019-07-03 00:44","QuorumPeer.java","151855","245200","397055"
"2019-08-17 17:13","QuorumPeer.java","151855","257187","409042"
"2015-06-27 02:03","QuorumPeer.java","31546","110994","142540"
"2017-11-28 00:10","QuorumPeer.java","35658","125321","160979"
"2014-01-21 04:50","QuorumPeer.java","29062","88247","117309"
"2014-06-04 22:07","QuorumPeer.java","30640","95626","126266"
"2018-01-30 08:02","QuorumPeer.java","35691","125507","161198"
"2019-05-15 11:56","QuorumPeer.java","151855","241941","393796"
"2019-06-05 00:33","QuorumPeer.java","151855","242908","394763"
"2019-05-20 23:13","QuorumPeer.java","151855","242059","393914"
"2019-06-04 10:55","QuorumPeer.java","151855","242671","394526"
"2019-07-12 17:01","QuorumPeer.java","151855","252500","404355"
"2020-01-09 11:27","QuorumPeer.java","152794","266229","419023"
"2017-02-09 11:40","QuorumPeer.java","34052","122491","156543"
"2011-06-14 07:14","QuorumPeer.java","21323","50078","71401"
"2017-07-06 18:48","QuorumPeer.java","35408","121533","156941"
"2018-10-01 06:11","QuorumPeer.java","93889","195127","289016"
"2015-04-09 20:16","QuorumPeer.java","31357","109179","140536"
"2013-10-07 21:08","QuorumPeer.java","28816","83667","112483"
"2013-09-30 22:20","QuorumPeer.java","28684","83104","111788"
"2018-07-04 17:11","QuorumPeer.java","43004","136381","179385"
"2019-12-17 13:48","QuorumPeer.java","152794","265255","418049"
"2015-12-07 05:59","QuorumPeer.java","31735","113013","144748"
"2020-01-23 13:43","QuorumPeer.java","152794","268053","420847"
"2016-06-23 23:45","QuorumPeer.java","33302","115650","148952"
"2011-05-03 19:57","QuorumPeer.java","21218","48362","69580"
"2016-06-23 23:25","QuorumPeer.java","33302","115542","148844"
"2010-03-09 05:44","QuorumPeer.java","10275","25580","35855"
"2010-03-12 19:26","QuorumPeer.java","10400","26435","36835"
"2014-03-23 04:12","QuorumPeer.java","29219","90624","119843"
"2013-09-26 00:13","QuorumPeer.java","28672","82848","111520"
"2011-06-17 01:34","QuorumPeer.java","21377","50203","71580"
"2011-06-14 14:11","QuorumPeer.java","21321","50103","71424"
"2010-03-10 02:27","QuorumPeer.java","10282","25801","36083"
"2010-03-10 19:52","QuorumPeer.java","10291","25896","36187"
"2014-07-18 20:48","QuorumPeer.java","31099","102344","133443"
"2014-07-04 04:19","QuorumPeer.java","30648","97277","127925"
"2018-12-06 10:56","QuorumPeer.java","151805","227665","379470"
"2014-06-25 15:04","QuorumPeer.java","30641","96124","126765"
"2014-03-28 01:58","QuorumPeer.java","29223","91046","120269"
"2009-11-20 23:28","QuorumPeer.java","746","3359","4105"
"2009-12-18 03:19","QuorumPeer.java","1733","4919","6652"
"2009-12-15 23:23","QuorumPeer.java","1089","4001","5090"
"2013-10-21 23:36","QuorumPeer.java","28967","86560","115527"
"2019-10-10 14:37","QuorumPeer.java","151855","260940","412795"
"2013-11-07 06:41","QuorumPeer.java","28991","87015","116006"
"2017-07-27 23:09","QuorumPeer.java","35416","120555","155971"
"2014-05-18 05:49","QuorumPeer.java","30625","95122","125747"
"2011-10-25 08:09","QuorumPeer.java","24807","60174","84981"
"2014-03-25 22:13","QuorumPeer.java","29220","90861","120081"
"2011-04-12 09:14","QuorumPeer.java","21176","47981","69157"
"2011-11-01 08:15","QuorumPeer.java","24904","60460","85364"
"2011-03-16 19:49","QuorumPeer.java","17016","85294","102310"
"2018-06-26 11:18","QuorumPeer.java","35856","129215","165071"
"2018-07-27 12:32","QuorumPeer.java","52179","146756","198935"
"2019-04-18 19:17","QuorumPeer.java","151855","239704","391559"
"2011-10-27 23:25","QuorumPeer.java","24849","60376","85225"
"2011-08-30 08:37","QuorumPeer.java","20244","58497","78741"
"2011-08-30 08:29","QuorumPeer.java","20238","58479","78717"
"2010-08-18 08:24","QuorumPeer.java","16025","51785","67810"
"2013-10-09 22:21","QuorumPeer.java","28968","86198","115166"
"2016-12-20 14:47","QuorumPeer.java","33977","121281","155258"
"2011-05-20 01:17","QuorumPeer.java","21238","48862","70100"
"2010-05-05 22:32","QuorumPeer.java","14539","30604","45143"
"2017-05-11 16:59","QuorumPeer.java","35356","120614","155970"
"2014-07-03 06:01","QuorumPeer.java","30648","96855","127503"
"2014-08-14 08:08","QuorumPeer.java","31166","103272","134438"
"2014-08-01 07:38","QuorumPeer.java","31166","102851","134017"
"2014-07-20 04:50","QuorumPeer.java","31118","102425","133543"
"2016-06-02 00:59","QuorumPeer.java","33302","115173","148475"
"2020-02-16 10:25","QuorumPeer.java","152794","268766","421560"
"2014-02-12 17:00","LearnerHandler.java","30232","99408","129640"
"2014-03-23 04:12","LearnerHandler.java","30350","99913","130263"
"2010-01-25 04:28","LearnerHandler.java","5250","19652","24902"
"2019-10-10 14:37","LearnerHandler.java","143983","261243","405226"
"2015-06-05 20:38","LearnerHandler.java","32563","119817","152380"
"2015-06-05 20:51","LearnerHandler.java","32563","119844","152407"
"2015-06-12 23:02","LearnerHandler.java","32570","119949","152519"
"2010-03-11 15:05","LearnerHandler.java","12927","36758","49685"
"2009-10-30 17:19","LearnerHandler.java","2030","3666","5696"
"2009-11-30 13:03","LearnerHandler.java","3970","14809","18779"
"2011-04-12 09:14","LearnerHandler.java","22887","57867","80754"
"2013-09-26 14:05","LearnerHandler.java","29875","92360","122235"
"2019-07-03 20:54","LearnerHandler.java","143983","245484","389467"
"2011-09-14 08:56","LearnerHandler.java","21940","69560","91500"
"2011-08-30 08:37","LearnerHandler.java","21829","68240","90069"
"2010-07-29 23:10","LearnerHandler.java","17110","55855","72965"
"2011-09-17 02:36","LearnerHandler.java","24571","69631","94202"
"2012-04-23 01:20","LearnerHandler.java","28291","76646","104937"
"2013-06-28 23:22","LearnerHandler.java","29874","91929","121803"
"2018-09-18 01:00","LearnerHandler.java","88822","195639","284461"
"2010-11-04 17:01","LearnerHandler.java","18077","92094","110171"
"2012-02-06 09:40","LearnerHandler.java","26579","72608","99187"
"2013-05-14 14:27","LearnerHandler.java","29742","90060","119802"
"2018-08-03 18:52","LearnerHandler.java","48479","151720","200199"
"2011-01-22 20:38","LearnerHandler.java","18630","94745","113375"
"2018-12-09 03:16","LearnerHandler.java","143939","230104","374043"
"2019-04-12 19:01","LearnerHandler.java","143983","239297","383280"
"2013-03-07 07:01","LearnerHandler.java","29722","89915","119637"
"2009-11-18 20:06","LearnerHandler.java","3416","13925","17341"
"2017-11-28 00:10","LearnerHandler.java","36456","134277","170733"
"2019-06-29 00:33","LearnerHandler.java","143983","245477","389460"
"2013-05-11 15:35","LearnerHandler.java","29723","89964","119687"
"2019-07-25 21:41","LearnerHandler.java","143983","253973","397956"
"2019-08-23 19:43","LearnerHandler.java","143983","258156","402139"
"2019-08-17 17:13","LearnerHandler.java","143983","257490","401473"
"2017-06-26 00:16","LearnerHandler.java","36263","130041","166304"
"2017-08-03 20:28","LearnerHandler.java","36288","129714","166002"
"2012-07-29 07:02","LearnerHandler.java","28321","78079","106400"
"2019-05-06 17:48","LearnerHandler.java","143983","241803","385786"
"2019-08-03 08:42","LearnerHandler.java","143983","258198","402181"
"2019-04-22 19:15","LearnerHandler.java","143983","240272","384255"
"2011-06-14 07:14","LearnerHandler.java","23017","59947","82964"
"2014-03-25 22:13","QuorumPeerMainTest.java","770","5181","5951"
"2018-05-10 00:14","QuorumPeerMainTest.java","24135","59324","83459"
"2018-10-05 14:25","QuorumPeerMainTest.java","177421","222284","399705"
"2018-07-17 10:41","QuorumPeerMainTest.java","42570","79406","121976"
"2018-07-27 12:32","QuorumPeerMainTest.java","42642","79989","122631"
"2015-11-03 08:11","QuorumPeerMainTest.java","12752","36080","48832"
"2020-01-23 13:43","QuorumPeerMainTest.java","198267","267642","465909"
"2019-10-10 14:37","QuorumPeerMainTest.java","196919","260120","457039"
"2019-12-28 16:17","QuorumPeerMainTest.java","198267","266300","464567"
"2017-12-16 01:25","QuorumPeerMainTest.java","23848","56325","80173"
"2018-01-19 00:52","QuorumPeerMainTest.java","23895","56485","80380"
"2018-04-30 06:34","QuorumPeerMainTest.java","24132","58690","82822"
"2019-07-25 21:41","QuorumPeerMainTest.java","196919","252850","449769"
"2019-08-17 17:13","QuorumPeerMainTest.java","196919","256367","453286"
"2018-02-23 23:49","QuorumPeerMainTest.java","23980","57612","81592"
"2014-01-09 20:21","QuorumPeerMainTest.java","298","2144","2442"
"2019-07-02 07:34","QuorumPeerMainTest.java","196919","244310","441229"
"2019-05-20 17:18","QuorumPeerMainTest.java","196903","241142","438045"
"2018-10-16 16:22","QuorumPeerMainTest.java","177424","235269","412693"
"2015-02-06 06:17","QuorumPeerMainTest.java","10716","29023","39739"
"2018-08-29 06:26","QuorumPeerMainTest.java","106573","145432","252005"
"2018-08-03 18:52","QuorumPeerMainTest.java","42774","80627","123401"
"2018-09-11 15:23","QuorumPeerMainTest.java","111737","151911","263648"
"2013-09-18 12:58","ClientCnxn.java","1908","7972","9880"
"2015-01-31 08:05","ClientCnxn.java","11568","38938","50506"
"2016-05-02 18:15","ClientCnxn.java","16898","50304","67202"
"2014-01-24 07:18","ClientCnxn.java","2719","15515","18234"
"2019-08-17 17:13","ClientCnxn.java","187701","256407","444108"
"2015-05-10 00:27","ClientCnxn.java","11909","41818","53727"
"2017-12-19 19:27","ClientCnxn.java","23671","65406","89077"
"2019-01-31 15:50","ClientCnxn.java","187603","233976","421579"
"2019-04-09 15:35","ClientCnxn.java","187622","237185","424807"
"2014-12-20 15:29","ClientCnxn.java","11561","38920","50481"
"2019-11-08 17:30","ClientCnxn.java","187729","262049","449778"
"2017-06-08 17:59","ClientCnxn.java","22065","59510","81575"
"2019-01-16 14:21","ClientCnxn.java","187603","232289","419892"
"2019-01-07 14:24","ClientCnxn.java","187602","231138","418740"
"2019-03-06 03:32","ClientCnxn.java","187621","236112","423733"
"2015-02-06 06:17","ClientCnxn.java","11662","39227","50889"
"2019-02-07 11:26","ClientCnxn.java","187604","234642","422246"
"2018-11-05 19:40","ClientCnxn.java","168241","235433","403674"
"2020-05-17 15:13","ClientCnxn.java","189054","271705","460759"
"2018-06-25 12:30","ClientCnxn.java","24046","69307","93353"
"2020-03-03 03:12","ClientCnxn.java","189046","269487","458533"
"2018-09-10 11:44","ClientCnxn.java","109245","157691","266936"
"2015-06-13 02:42","ClientCnxn.java","12318","43689","56007"
"2014-03-23 04:12","ClientCnxn.java","3021","16454","19475"
"2015-11-09 00:05","ClientCnxn.java","13636","46499","60135"
"2015-12-06 19:58","ClientCnxn.java","13745","46913","60658"
"2020-01-21 17:53","ClientCnxn.java","189046","265748","454794"
"2015-12-05 22:43","ClientCnxn.java","13745","46910","60655"
"2015-12-05 22:32","ClientCnxn.java","13744","46904","60648"
"2019-10-10 14:37","ClientCnxn.java","187701","260160","447861"
"2014-04-01 04:03","ClientCnxn.java","3257","17533","20790"
"2013-09-18 15:14","ClientCnxn.java","1912","7994","9906"
"2013-09-18 04:08","ClientCnxn.java","1892","7870","9762"
"2019-11-21 05:58","ClientCnxn.java","189046","260919","449965"
"2020-04-16 12:50","ClientCnxn.java","189046","271326","460372"
"2018-07-27 05:16","ClientCnxn.java","42349","88762","131111"
"2014-03-25 22:13","QuorumPeerMainTest.java","28750","75314","104064"
"2011-09-03 01:07","QuorumPeerMainTest.java","17771","41571","59342"
"2018-05-10 00:14","QuorumPeerMainTest.java","40971","118313","159284"
"2018-10-05 14:25","QuorumPeerMainTest.java","137046","224062","361108"
"2018-07-17 10:41","QuorumPeerMainTest.java","57664","136653","194317"
"2018-07-27 12:32","QuorumPeerMainTest.java","57699","137199","194898"
"2013-10-09 22:21","QuorumPeerMainTest.java","28459","70612","99071"
"2011-09-17 02:13","QuorumPeerMainTest.java","20558","42411","62969"
"2010-05-21 18:22","QuorumPeerMainTest.java","3146","4086","7232"
"2015-11-03 08:11","QuorumPeerMainTest.java","35822","101303","137125"
"2020-01-23 13:43","QuorumPeerMainTest.java","169023","267989","437012"
"2011-06-14 14:11","QuorumPeerMainTest.java","17655","30144","47799"
"2019-10-10 14:37","QuorumPeerMainTest.java","167976","260768","428744"
"2019-12-28 16:17","QuorumPeerMainTest.java","169023","266647","435670"
"2017-12-16 01:25","QuorumPeerMainTest.java","40775","115405","156180"
"2018-01-19 00:52","QuorumPeerMainTest.java","40807","115550","156357"
"2018-04-30 06:34","QuorumPeerMainTest.java","40969","117680","158649"
"2019-07-25 21:41","QuorumPeerMainTest.java","167976","253498","421474"
"2019-08-17 17:13","QuorumPeerMainTest.java","167976","257015","424991"
"2018-02-23 23:49","QuorumPeerMainTest.java","40870","116655","157525"
"2011-06-14 07:14","QuorumPeerMainTest.java","17654","30116","47770"
"2012-04-23 01:20","QuorumPeerMainTest.java","26113","51233","77346"
"2014-01-09 20:21","QuorumPeerMainTest.java","28524","72523","101047"
"2019-07-02 07:34","QuorumPeerMainTest.java","167976","244958","412934"
"2019-05-20 17:18","QuorumPeerMainTest.java","167977","241807","409784"
"2018-10-16 16:22","QuorumPeerMainTest.java","137048","237046","374094"
"2015-02-06 06:17","QuorumPeerMainTest.java","35429","95889","131318"
"2018-08-29 06:26","QuorumPeerMainTest.java","98418","179430","277848"
"2018-08-03 18:52","QuorumPeerMainTest.java","57702","137708","195410"
"2018-09-11 15:23","QuorumPeerMainTest.java","103057","185384","288441"
"2019-08-17 17:13","ObserverMasterTest.java","29662","45540","75202"
"2020-05-05 21:20","ObserverMasterTest.java","42964","72658","115622"
"2019-10-10 14:37","ObserverMasterTest.java","31980","51611","83591"
"2019-09-18 11:20","ObserverMasterTest.java","31354","50144","81498"
"2019-12-28 16:17","ObserverMasterTest.java","38037","62500","100537"
"2019-04-09 15:35","ClientCnxnSocketNetty.java","216075","236851","452926"
"2018-01-30 21:56","ClientCnxnSocketNetty.java","15825","28890","44715"
"2019-06-03 19:40","ClientCnxnSocketNetty.java","216163","241413","457576"
"2016-05-02 18:15","ClientCnxnSocketNetty.java","6173","10792","16965"
"2019-08-17 17:13","ClientCnxnSocketNetty.java","216164","256083","472247"
"2018-11-22 17:56","ClientCnxnSocketNetty.java","216052","224668","440720"
"2018-12-15 07:34","ClientCnxnSocketNetty.java","216052","228544","444596"
"2019-02-12 15:25","ClientCnxnSocketNetty.java","216055","234799","450854"
"2016-12-30 23:01","ClientCnxnSocketNetty.java","8679","19684","28363"
"2019-10-10 14:37","ClientCnxnSocketNetty.java","216164","259836","476000"
"2019-10-10 14:37","ClientHammerTest.java","144483","261237","405720"
"2009-10-31 00:09","ClientHammerTest.java","1608","3588","5196"
"2011-04-12 09:14","ClientHammerTest.java","22489","56963","79452"
"2015-02-06 06:17","ClientHammerTest.java","32047","115236","147283"
"2019-08-17 17:13","ClientHammerTest.java","144483","257484","401967"
"2019-08-17 17:13","PortAssignment.java","217720","256072","473792"
"2018-12-20 07:24","PortAssignment.java","217608","229460","447068"
"2019-10-10 14:37","PortAssignment.java","217720","259825","477545"
"2011-08-21 02:53","AuthTest.java","43618","17720","61338"
"2011-04-12 09:14","AuthTest.java","42742","5462","48204"
"2019-08-17 17:13","AuthTest.java","215738","256985","472723"
"2010-10-27 00:30","AuthTest.java","1598","3296","4894"
"2012-03-02 03:44","AuthTest.java","49945","25254","75199"
"2019-08-17 17:13","Testable.java","30086","52383","82469"
"2019-09-30 22:26","SaslServerPrincipal.java","2482","5847","8329"
"2019-10-10 14:37","SaslServerPrincipal.java","3717","7470","11187"
"2019-08-17 17:13","TestByteBufAllocator.java","36458","67761","104219"
"2019-07-02 07:34","Follower.java","219597","244915","464512"
"2018-12-09 03:16","Follower.java","219531","229564","449095"
"2019-04-12 19:01","Follower.java","219598","238780","458378"
"2013-03-07 07:01","Follower.java","55002","40422","95424"
"2015-02-06 06:17","Follower.java","62927","71849","134776"
"2011-04-29 18:12","Follower.java","42554","1737","44291"
"2018-09-18 01:00","Follower.java","148754","180798","329552"
"2019-08-17 17:13","Follower.java","219597","256972","476569"
"2019-06-29 00:33","Follower.java","219597","244959","464556"
"2019-08-06 17:11","Follower.java","219597","258073","477670"
"2019-07-15 14:15","Follower.java","219597","252391","471988"
"2019-08-23 19:43","Follower.java","219597","257638","477235"
"2017-11-28 00:10","Follower.java","69798","92846","162644"
"2019-06-05 00:33","Follower.java","219597","242693","462290"
"2011-06-14 07:14","Follower.java","42971","3769","46740"
"2019-05-03 00:44","Follower.java","219598","240970","460568"
"2015-06-05 21:15","Follower.java","63283","75795","139078"
"2019-12-27 22:33","Follower.java","220670","266723","487393"
"2016-08-13 15:01","Follower.java","66261","82689","148950"
"2019-10-10 14:37","Follower.java","219597","260725","480322"
"2016-12-20 14:47","Follower.java","67043","87732","154775"
"2014-07-22 06:51","Follower.java","62666","67384","130050"
"2014-02-12 17:00","LearnerHandler.java","30046","76599","106645"
"2014-03-23 04:12","LearnerHandler.java","30174","77114","107288"
"2019-10-10 14:37","LearnerHandler.java","167339","260768","428107"
"2015-06-05 20:38","LearnerHandler.java","37012","101643","138655"
"2015-06-05 20:51","LearnerHandler.java","37012","101670","138682"
"2015-06-12 23:02","LearnerHandler.java","37024","101780","138804"
"2011-04-12 09:14","LearnerHandler.java","19709","30858","50567"
"2013-09-26 14:05","LearnerHandler.java","29606","69468","99074"
"2019-07-03 20:54","LearnerHandler.java","167339","245009","412348"
"2011-09-14 08:56","LearnerHandler.java","19427","44424","63851"
"2011-08-30 08:37","LearnerHandler.java","19285","43073","62358"
"2010-07-29 23:10","LearnerHandler.java","6358","21272","27630"
"2011-09-17 02:36","LearnerHandler.java","22262","44699","66961"
"2012-04-23 01:20","LearnerHandler.java","27604","53336","80940"
"2013-06-28 23:22","LearnerHandler.java","29577","69009","98586"
"2018-09-18 01:00","LearnerHandler.java","103893","188087","291980"
"2010-11-04 17:01","LearnerHandler.java","8026","58212","66238"
"2012-02-06 09:40","LearnerHandler.java","25032","48438","73470"
"2013-05-14 14:27","LearnerHandler.java","29398","67093","96491"
"2018-08-03 18:52","LearnerHandler.java","58862","139480","198342"
"2011-01-22 20:38","LearnerHandler.java","8795","61079","69874"
"2018-12-09 03:16","LearnerHandler.java","167281","229615","396896"
"2019-04-12 19:01","LearnerHandler.java","167340","238823","406163"
"2013-03-07 07:01","LearnerHandler.java","29371","66941","96312"
"2017-11-28 00:10","LearnerHandler.java","41970","117168","159138"
"2019-06-29 00:33","LearnerHandler.java","167339","245002","412341"
"2013-05-11 15:35","LearnerHandler.java","29376","66994","96370"
"2019-07-25 21:41","LearnerHandler.java","167339","253498","420837"
"2019-08-23 19:43","LearnerHandler.java","167339","257681","425020"
"2019-08-17 17:13","LearnerHandler.java","167339","257015","424354"
"2017-06-26 00:16","LearnerHandler.java","41676","112831","154507"
"2017-08-03 20:28","LearnerHandler.java","41701","112504","154205"
"2012-07-29 07:02","LearnerHandler.java","27701","54836","82537"
"2019-05-06 17:48","LearnerHandler.java","167340","241329","408669"
"2019-08-03 08:42","LearnerHandler.java","167339","257723","425062"
"2019-04-22 19:15","LearnerHandler.java","167340","239798","407138"
"2011-06-14 07:14","LearnerHandler.java","19951","33050","53001"
"2019-08-17 17:13","JsonOutputter.java","230886","254920","485806"
"2014-01-25 01:17","FourLetterWordsTest.java","14427","40849","55276"
"2019-10-10 14:37","FourLetterWordsTest.java","174683","260657","435340"
"2015-11-08 22:36","FourLetterWordsTest.java","23436","69735","93171"
"2015-07-05 06:05","FourLetterWordsTest.java","23219","68280","91499"
"2015-06-28 21:09","FourLetterWordsTest.java","23217","68208","91425"
"2015-03-28 20:08","FourLetterWordsTest.java","21993","65284","87277"
"2019-08-17 17:13","FourLetterWordsTest.java","174683","256904","431587"
"2019-05-08 21:54","FourLetterWordsTest.java","174684","241407","416091"
"2015-07-10 08:19","FourLetterWordsTest.java","23326","68642","91968"
"2012-02-11 00:34","FourLetterWordsTest.java","8258","11858","20116"
"2019-08-17 17:13","Leader.java","194540","256367","450907"
"2019-06-29 00:33","Leader.java","194540","244354","438894"
"2019-06-03 19:40","Leader.java","194540","241698","436238"
"2014-05-20 23:42","Leader.java","8511","18182","26693"
"2019-07-15 14:15","Leader.java","194540","251786","446326"
"2015-03-17 18:06","Leader.java","11143","33051","44194"
"2019-07-25 21:41","Leader.java","194540","252850","447390"
"2018-05-10 06:00","Leader.java","24396","62197","86593"
"2018-07-12 01:33","Leader.java","32508","71242","103750"
"2018-02-07 01:05","Leader.java","24099","59766","83865"
"2017-11-28 00:10","Leader.java","23667","58479","82146"
"2019-06-05 00:33","Leader.java","194540","242088","436628"
"2015-04-10 22:22","Leader.java","11185","34161","45346"
"2019-08-03 08:42","Leader.java","194540","257075","451615"
"2019-06-05 23:57","Leader.java","194540","242357","436897"
"2017-01-13 19:29","Leader.java","18284","51579","69863"
"2019-01-07 14:55","Leader.java","194441","231159","425600"
"2019-04-12 19:01","Leader.java","194524","238158","432682"
"2018-12-09 03:16","Leader.java","194440","228925","423365"
"2018-08-17 14:40","Leader.java","85271","126301","211572"
"2019-11-29 14:49","Leader.java","195888","264272","460160"
"2018-11-27 10:02","Leader.java","194440","226601","421041"
"2015-02-06 06:17","Leader.java","10940","31626","42566"
"2017-02-15 23:04","Leader.java","20787","51126","71913"
"2014-07-18 02:19","Leader.java","9830","25765","35595"
"2018-08-29 06:26","Leader.java","106519","147757","254276"
"2018-08-03 18:52","Leader.java","42908","83140","126048"
"2017-09-11 18:55","Leader.java","23248","54203","77451"
"2018-09-18 01:00","Leader.java","111753","155561","267314"
"2016-12-20 14:47","Leader.java","18261","50714","68975"
"2014-07-20 04:50","Leader.java","10088","26544","36632"
"2014-06-10 00:19","Leader.java","8531","19136","27667"
"2016-06-23 23:25","Leader.java","16455","43844","60299"
"2016-06-23 23:45","Leader.java","16486","43983","60469"
"2020-03-25 03:38","Leader.java","195888","270500","466388"
"2014-03-23 04:12","Leader.java","1023","7577","8600"
"2019-12-27 22:33","Leader.java","195888","266393","462281"
"2016-08-13 15:01","Leader.java","16959","45151","62110"
"2013-10-21 23:36","Leader.java","283","3025","3308"
"2019-10-10 14:37","Leader.java","194540","260120","454660"
"2013-11-07 06:41","Leader.java","415","3588","4003"
"2019-08-17 17:13","AtomicFileOutputStreamTest.java","226742","255274","482016"
"2019-11-29 14:49","ReadOnlyZooKeeperServer.java","223830","264022","487852"
"2019-08-17 17:13","ReadOnlyZooKeeperServer.java","222252","255887","478139"
"2015-07-07 07:11","ZxidRolloverTest.java","16573","57108","73681"
"2019-08-17 17:13","ZxidRolloverTest.java","178915","256502","435417"
"2015-05-14 18:40","ZxidRolloverTest.java","15333","54568","69901"
"2015-11-21 22:18","ZxidRolloverTest.java","16834","58857","75691"
"2012-03-30 03:05","ZxidRolloverTest.java","2164","2497","4661"
"2019-12-16 22:09","NettyServerCnxnFactoryTest.java","746","3002","3748"
"2019-02-13 13:12","ZabUtils.java","94481","75030","169511"
"2019-08-17 17:13","ZabUtils.java","109882","111485","221367"
"2019-07-03 00:44","ZabUtils.java","97124","86740","183864"
"2019-08-17 17:13","ObserverRequestProcessor.java","25104","24433","49537"
"2020-03-25 03:38","ObserverRequestProcessor.java","35613","47727","83340"
"2019-04-10 13:19","FileSnap.java","167779","238284","406063"
"2019-07-31 19:06","FileSnap.java","167778","256322","424100"
"2020-01-30 09:43","FileSnap.java","168825","268536","437361"
"2019-05-27 10:54","FileSnap.java","167779","242336","410115"
"2017-06-26 00:07","FileSnap.java","41744","112466","154210"
"2017-08-18 06:32","FileSnap.java","41838","112562","154400"
"2019-08-17 17:13","FileSnap.java","167778","257015","424793"
"2018-02-14 21:23","FileSnap.java","42133","117927","160060"
"2019-12-03 19:12","FileSnap.java","168825","264677","433502"
"2019-12-27 22:33","FileSnap.java","168825","266740","435565"
"2019-10-10 14:37","FileSnap.java","167778","260768","428546"
"2020-01-28 17:26","FileSnap.java","168825","268460","437285"
"2011-04-12 09:14","FileSnap.java","19674","30384","50058"
"2017-01-23 02:13","FileSnap.java","39715","113158","152873"
"2019-10-10 14:37","PortAssignment.java","3717","7470","11187"
"2011-04-12 09:14","Throughput.java","15099","14937","30036"
"2017-09-11 18:55","Throughput.java","39489","99601","139090"
"2011-07-01 00:53","PrepRequestProcessor.java","13144","138970","152114"
"2015-02-06 06:17","PrepRequestProcessor.java","18556","177374","195930"
"2012-02-06 10:39","PrepRequestProcessor.java","15950","137109","153059"
"2013-03-07 07:01","PrepRequestProcessor.java","16944","152260","169204"
"2019-02-07 11:26","PrepRequestProcessor.java","58118","236158","294276"
"2019-09-11 10:27","PrepRequestProcessor.java","58134","259198","317332"
"2018-07-19 05:59","PrepRequestProcessor.java","19874","197228","217102"
"2017-09-11 18:55","PrepRequestProcessor.java","19155","188242","207397"
"2019-01-16 14:21","PrepRequestProcessor.java","58118","233806","291924"
"2017-06-01 05:45","PrepRequestProcessor.java","19109","187732","206841"
"2012-04-14 02:32","PrepRequestProcessor.java","16078","138801","154879"
"2019-11-08 17:30","PrepRequestProcessor.java","58134","263456","321590"
"2016-11-13 20:59","PrepRequestProcessor.java","18742","188420","207162"
"2019-04-09 15:35","PrepRequestProcessor.java","58118","238683","296801"
"2019-04-17 14:16","PrepRequestProcessor.java","58134","239914","298048"
"2014-10-28 05:35","PrepRequestProcessor.java","18531","175410","193941"
"2019-05-10 12:22","PrepRequestProcessor.java","58134","242349","300483"
"2009-02-20 01:23","PrepRequestProcessor.java","7982","53712","61694"
"2017-06-26 00:16","PrepRequestProcessor.java","19111","188012","207123"
"2009-01-16 00:48","PrepRequestProcessor.java","7218","39341","46559"
"2019-02-07 11:22","PrepRequestProcessor.java","58118","235820","293938"
"2016-11-16 06:21","PrepRequestProcessor.java","18750","188975","207725"
"2019-08-01 07:31","PrepRequestProcessor.java","58134","258513","316647"
"2019-06-26 10:57","PrepRequestProcessor.java","58134","245692","303826"
"2009-11-12 23:48","PrepRequestProcessor.java","10769","105066","115835"
"2014-01-24 07:18","PrepRequestProcessor.java","17027","161076","178103"
"2009-06-15 22:52","PrepRequestProcessor.java","8957","84087","93044"
"2015-05-29 19:45","PrepRequestProcessor.java","18564","180173","198737"
"2016-10-07 21:51","PrepRequestProcessor.java","18740","186165","204905"
"2015-06-04 19:51","PrepRequestProcessor.java","18596","180970","199566"
"2009-06-26 22:29","PrepRequestProcessor.java","9234","92998","102232"
"2019-08-17 17:13","PrepRequestProcessor.java","58134","257842","315976"
"2009-06-18 18:37","PrepRequestProcessor.java","8997","85198","94195"
"2018-08-08 06:21","PrepRequestProcessor.java","28516","207350","235866"
"2018-05-09 23:57","PrepRequestProcessor.java","19173","194821","213994"
"2015-06-11 20:09","PrepRequestProcessor.java","18598","181098","199696"
"2019-12-27 22:33","PrepRequestProcessor.java","58455","266841","325296"
"2009-12-18 03:19","PrepRequestProcessor.java","11029","108591","119620"
"2009-12-11 21:24","PrepRequestProcessor.java","10851","107960","118811"
"2009-11-07 01:48","PrepRequestProcessor.java","10669","99761","110430"
"2014-04-01 01:47","PrepRequestProcessor.java","17175","162487","179662"
"2019-10-10 14:37","PrepRequestProcessor.java","58134","261595","319729"
"2020-03-25 03:38","PrepRequestProcessor.java","58455","270948","329403"
"2010-01-25 04:28","PrepRequestProcessor.java","11248","111851","123099"
"2011-08-15 02:35","PrepRequestProcessor.java","13144","131100","144244"
"2014-07-25 01:31","PrepRequestProcessor.java","18517","173320","191837"
"2013-10-09 22:21","PrepRequestProcessor.java","17028","157539","174567"
"2010-08-18 08:24","PrepRequestProcessor.java","12178","142314","154492"
"2011-09-17 02:36","PrepRequestProcessor.java","15707","135890","151597"
"2014-04-29 02:23","PrepRequestProcessor.java","18361","165675","184036"
"2015-03-08 23:07","PrepRequestProcessor.java","18565","177557","196122"
"2009-01-31 00:01","PrepRequestProcessor.java","7262","48388","55650"
"2014-07-22 06:51","PrepRequestProcessor.java","18476","173090","191566"
"2012-03-15 17:47","PrepRequestProcessor.java","15959","138331","154290"
"2011-04-12 09:14","PrepRequestProcessor.java","12766","133947","146713"
"2011-11-01 15:41","PrepRequestProcessor.java","15863","134838","150701"
"2011-10-28 00:58","PrepRequestProcessor.java","15864","134677","150541"
"2011-10-20 20:02","PrepRequestProcessor.java","15841","134435","150276"
"2011-10-17 16:59","PrepRequestProcessor.java","15742","135744","151486"
"2018-06-15 07:41","PrepRequestProcessor.java","19187","195587","214774"
"2012-12-19 19:16","PrepRequestProcessor.java","16714","147474","164188"
"2011-11-14 20:18","PrepRequestProcessor.java","15857","135467","151324"
"2009-07-17 00:09","CRCTest.java","4331","16483","20814"
"2009-06-18 18:37","CRCTest.java","1893","5954","7847"
"2019-08-17 17:13","CRCTest.java","129932","257500","387432"
"2010-03-31 06:26","CRCTest.java","13869","52398","66267"
"2010-08-18 08:24","CRCTest.java","16998","74994","91992"
"2011-04-12 09:14","CRCTest.java","21226","70267","91493"
"2016-08-24 01:36","CRCTest.java","30200","133048","163248"
"2019-10-10 14:37","CRCTest.java","129932","261253","391185"
"2013-12-21 22:05","CRCTest.java","26197","105167","131364"
"2011-04-29 18:12","QuorumCnxManager.java","12793","134309","147102"
"2011-12-28 01:26","QuorumCnxManager.java","15898","136260","152158"
"2019-11-29 14:49","QuorumCnxManager.java","58455","264720","323175"
"2013-03-07 07:01","QuorumCnxManager.java","16944","152260","169204"
"2018-07-11 06:04","QuorumCnxManager.java","19868","196565","216433"
"2018-08-06 14:11","QuorumCnxManager.java","19892","198362","218254"
"2010-11-17 15:59","QuorumCnxManager.java","12521","173680","186201"
"2012-06-29 22:08","QuorumCnxManager.java","16100","139621","155721"
"2008-12-12 21:21","QuorumCnxManager.java","3479","36119","39598"
"2018-10-16 16:22","QuorumCnxManager.java","54485","252841","307326"
"2019-06-14 09:06","QuorumCnxManager.java","58134","245840","303974"
"2008-10-01 10:40","QuorumCnxManager.java","2205","16786","18991"
"2019-08-03 08:42","QuorumCnxManager.java","58134","258550","316684"
"2019-11-13 20:41","QuorumCnxManager.java","58134","265561","323695"
"2019-04-09 16:08","QuorumCnxManager.java","58118","238682","296800"
"2019-08-06 12:52","QuorumCnxManager.java","58134","258815","316949"
"2017-02-09 11:40","QuorumCnxManager.java","18942","190662","209604"
"2019-05-20 23:13","QuorumCnxManager.java","58134","242714","300848"
"2009-01-16 00:48","QuorumCnxManager.java","7218","39341","46559"
"2015-04-09 20:16","QuorumCnxManager.java","18565","179668","198233"
"2017-08-23 02:16","QuorumCnxManager.java","19133","188157","207290"
"2019-07-27 20:04","QuorumCnxManager.java","58134","254373","312507"
"2009-06-30 22:47","QuorumCnxManager.java","9244","93319","102563"
"2015-05-29 23:46","QuorumCnxManager.java","18565","180184","198749"
"2015-05-14 07:10","QuorumCnxManager.java","18573","179896","198469"
"2020-03-12 14:47","QuorumCnxManager.java","58455","270106","328561"
"2019-08-17 17:13","QuorumCnxManager.java","58134","257842","315976"
"2009-05-20 22:16","QuorumCnxManager.java","8688","80703","89391"
"2017-11-28 00:10","QuorumCnxManager.java","19137","192081","211218"
"2009-04-04 00:01","QuorumCnxManager.java","8096","54711","62807"
"2009-11-18 20:06","QuorumCnxManager.java","10791","107501","118292"
"2009-10-27 22:14","QuorumCnxManager.java","9807","97398","107205"
"2009-12-15 23:23","QuorumCnxManager.java","10925","108213","119138"
"2009-08-11 00:24","QuorumCnxManager.java","9323","94607","103930"
"2009-08-03 23:27","QuorumCnxManager.java","9310","93848","103158"
"2019-10-10 14:37","QuorumCnxManager.java","58134","261595","319729"
"2014-07-23 19:36","QuorumCnxManager.java","18476","173146","191622"
"2017-06-09 18:37","QuorumCnxManager.java","19109","187837","206946"
"2020-01-23 13:43","QuorumCnxManager.java","58455","268090","326545"
"2014-03-23 04:12","QuorumCnxManager.java","17106","161792","178898"
"2010-01-19 21:06","QuorumCnxManager.java","11039","111343","122382"
"2010-01-21 04:08","QuorumCnxManager.java","11044","111354","122398"
"2014-07-08 05:25","QuorumCnxManager.java","18465","168865","187330"
"2019-11-28 12:24","QuorumCnxManager.java","58455","263069","321524"
"2014-06-25 15:04","QuorumCnxManager.java","18366","167130","185496"
"2011-08-15 02:44","QuorumCnxManager.java","13144","131113","144257"
"2016-06-08 17:43","QuorumCnxManager.java","18660","183811","202471"
"2020-03-23 16:20","QuorumCnxManager.java","58455","270277","328732"
"2020-02-16 10:25","QuorumCnxManager.java","58455","268803","327258"
"2014-07-22 06:45","QuorumCnxManager.java","18476","173071","191547"
"2011-04-12 09:14","QuorumCnxManager.java","12766","133947","146713"
"2010-10-06 19:01","QuorumCnxManager.java","12183","170735","182918"
"2018-07-27 12:32","QuorumCnxManager.java","19878","197736","217614"
"2010-10-20 00:32","QuorumCnxManager.java","12195","172240","184435"
"2011-03-16 19:49","QuorumCnxManager.java","12668","175322","187990"
"2019-11-28 12:24","DataTree.java","220042","262428","482470"
"2019-10-10 14:37","DataTree.java","218498","259731","478229"
"2019-12-27 22:33","DataTree.java","220043","266201","486244"
"2019-11-11 13:59","DataTree.java","218528","263418","481946"
"2018-07-10 13:29","DataTree.java","24594","38803","63397"
"2018-09-28 23:38","DataTree.java","112464","134499","246963"
"2019-11-08 17:30","DataTree.java","218528","261622","480150"
"2019-01-30 16:28","DataTree.java","218387","232978","451365"
"2019-01-30 17:02","DataTree.java","218387","233522","451909"
"2016-11-24 17:18","DataTree.java","7333","15100","22433"
"2017-09-11 18:55","DataTree.java","13969","20577","34546"
"2017-02-05 07:22","DataTree.java","7755","16961","24716"
"2019-02-07 11:26","DataTree.java","218388","234200","452588"
"2018-09-04 11:54","DataTree.java","111631","128582","240213"
"2018-09-05 22:35","DataTree.java","111650","128857","240507"
"2018-12-20 15:17","DataTree.java","218386","229466","447852"
"2019-09-10 09:53","DataTree.java","218498","257027","475525"
"2019-04-12 19:01","DataTree.java","218480","237767","456247"
"2019-07-31 19:06","DataTree.java","218498","255285","473783"
"2019-09-11 10:27","DataTree.java","218498","257334","475832"
"2016-03-23 00:30","DataTree.java","4729","6168","10897"
"2019-08-01 07:31","DataTree.java","218498","256649","475147"
"2019-08-17 17:13","DataTree.java","218498","255978","474476"
"2019-09-10 15:21","DataTree.java","218498","257021","475519"
"2016-10-07 21:51","DataTree.java","6471","11417","17888"
"2017-06-18 19:23","DataTree.java","12064","18358","30422"
"2019-04-12 12:29","DataTree.java","218480","237336","455816"
"2019-08-03 08:42","DataTree.java","218498","256686","475184"
"2019-08-09 16:15","DataTree.java","218498","257434","475932"
"2016-11-13 20:59","DataTree.java","6721","13920","20641"
"2019-04-29 16:49","DataTree.java","218480","239797","458277"
"2015-03-08 23:07","ReadOnlyRequestProcessor.java","10369","24675","35044"
"2016-10-07 21:51","ReadOnlyRequestProcessor.java","17078","39817","56895"
"2019-08-17 17:13","ReadOnlyRequestProcessor.java","201018","256291","457309"
"2015-06-04 19:51","ReadOnlyRequestProcessor.java","11240","28928","40168"
"2020-04-07 17:00","JRecord.java","35259","51047","86306"
"2019-11-08 17:30","FinalRequestProcessor.java","32061","62383","94444"
"2019-07-08 23:26","FinalRequestProcessor.java","5646","19130","24776"
"2019-01-16 23:23","FinalRequestProcessor.java","6","694","700"
"2019-04-12 19:01","FinalRequestProcessor.java","1317","7832","9149"
"2019-02-07 11:26","FinalRequestProcessor.java","339","3379","3718"
"2019-09-10 04:26","FinalRequestProcessor.java","31104","56857","87961"
"2019-08-17 17:13","FinalRequestProcessor.java","29911","54619","84530"
"2019-06-26 10:57","FinalRequestProcessor.java","5410","17968","23378"
"2019-08-01 07:28","FinalRequestProcessor.java","8389","33278","41667"
"2019-07-03 00:44","FinalRequestProcessor.java","5578","18299","23877"
"2019-08-06 17:11","FinalRequestProcessor.java","8747","34556","43303"
"2020-03-25 03:38","FinalRequestProcessor.java","38964","76457","115421"
"2019-09-16 23:26","FinalRequestProcessor.java","31146","58873","90019"
"2019-10-10 14:37","FinalRequestProcessor.java","31909","60370","92279"
"2019-11-21 05:58","FinalRequestProcessor.java","36954","64829","101783"
"2019-11-18 09:05","FinalRequestProcessor.java","36944","64796","101740"
"2019-11-11 13:59","FinalRequestProcessor.java","32092","64210","96302"
"2020-03-26 22:12","FinalRequestProcessor.java","39017","76512","115529"
"2012-12-20 06:50","StaticHostProvider.java","1457","4455","5912"
"2014-07-17 22:56","StaticHostProvider.java","12499","36019","48518"
"2019-08-17 17:13","StaticHostProvider.java","184285","256464","440749"
"2018-07-16 05:45","StaticHostProvider.java","43278","92819","136097"
"2017-08-03 20:32","StaticHostProvider.java","23878","64649","88527"
"2017-07-28 00:36","StaticHostProvider.java","23875","64619","88494"
"2014-06-27 23:47","StaticHostProvider.java","11606","33150","44756"
"2019-12-27 22:33","TxnLogSource.java","179499","266704","446203"
"2019-10-10 14:37","ZooKeeperSaslClient.java","220370","259669","480039"
"2016-03-02 07:46","ZooKeeperSaslClient.java","235","733","968"
"2016-03-05 01:03","ZooKeeperSaslClient.java","1415","806","2221"
"2020-02-04 10:39","ZooKeeperSaslClient.java","221923","267953","489876"
"2019-01-31 15:50","ZooKeeperSaslClient.java","220259","233472","453731"
"2019-08-03 08:42","ZooKeeperSaslClient.java","220370","256624","476994"
"2017-11-28 00:10","ZooKeeperSaslClient.java","13301","21832","35133"
"2016-05-02 18:15","ZooKeeperSaslClient.java","3516","3762","7278"
"2019-08-17 17:13","ZooKeeperSaslClient.java","220370","255916","476286"
"2019-11-08 17:30","FinalRequestProcessor.java","191791","262048","453839"
"2019-07-08 23:26","FinalRequestProcessor.java","191763","245182","436945"
"2019-01-16 23:23","FinalRequestProcessor.java","191665","232288","423953"
"2018-09-18 01:00","FinalRequestProcessor.java","111822","158446","270268"
"2019-04-12 19:01","FinalRequestProcessor.java","191747","238197","429944"
"2019-02-07 11:26","FinalRequestProcessor.java","191666","234641","426307"
"2019-01-14 19:38","FinalRequestProcessor.java","191664","231599","423263"
"2019-01-09 17:22","FinalRequestProcessor.java","191666","234281","425947"
"2015-06-04 19:51","FinalRequestProcessor.java","12726","39784","52510"
"2019-09-10 04:26","FinalRequestProcessor.java","191763","257451","449214"
"2019-08-17 17:13","FinalRequestProcessor.java","191763","256406","448169"
"2016-10-07 21:51","FinalRequestProcessor.java","18401","50510","68911"
"2014-01-24 07:18","FinalRequestProcessor.java","1907","10640","12547"
"2019-06-26 10:57","FinalRequestProcessor.java","191763","244256","436019"
"2019-08-01 07:28","FinalRequestProcessor.java","191763","256587","448350"
"2019-07-03 00:44","FinalRequestProcessor.java","191763","244419","436182"
"2016-03-23 00:30","FinalRequestProcessor.java","17183","45785","62968"
"2019-08-06 17:11","FinalRequestProcessor.java","191763","257507","449270"
"2015-03-17 18:06","FinalRequestProcessor.java","12233","36957","49190"
"2018-07-10 12:46","FinalRequestProcessor.java","33075","74469","107544"
"2020-03-25 03:38","FinalRequestProcessor.java","193109","270537","463646"
"2019-09-16 23:26","FinalRequestProcessor.java","191763","259425","451188"
"2019-10-10 14:37","FinalRequestProcessor.java","191763","260159","451922"
"2019-11-21 05:58","FinalRequestProcessor.java","193109","260919","454028"
"2019-11-18 09:05","FinalRequestProcessor.java","193109","260896","454005"
"2019-11-11 13:59","FinalRequestProcessor.java","191791","263844","455635"
"2020-03-26 22:12","FinalRequestProcessor.java","193109","270539","463648"
"2014-04-17 08:47","FinalRequestProcessor.java","9383","20675","30058"
"2014-04-29 02:23","FinalRequestProcessor.java","9389","21387","30776"
"2013-10-09 22:21","FinalRequestProcessor.java","1523","6718","8241"
"2019-06-03 19:40","FollowerZooKeeperServer.java","562","1896","2458"
"2019-08-17 17:13","FollowerZooKeeperServer.java","29761","45764","75525"
"2019-06-04 10:55","FollowerZooKeeperServer.java","731","2218","2949"
"2019-11-28 12:24","FollowerZooKeeperServer.java","37557","58466","96023"
"2019-12-27 22:33","FollowerZooKeeperServer.java","37985","62666","100651"
"2019-11-21 05:58","NIOServerCnxn.java","195607","260882","456489"
"2015-11-08 22:36","NIOServerCnxn.java","13009","39195","52204"
"2019-11-18 09:05","NIOServerCnxn.java","195607","260859","456466"
"2019-09-16 23:26","NIOServerCnxn.java","194259","259386","453645"
"2019-10-10 14:37","NIOServerCnxn.java","194259","260120","454379"
"2018-09-28 23:38","NIOServerCnxn.java","111938","158601","270539"
"2020-02-11 06:50","NIOServerCnxn.java","195607","268234","463841"
"2019-01-23 14:00","NIOServerCnxn.java","194161","232996","427157"
"2019-07-08 23:26","NIOServerCnxn.java","194259","245143","439402"
"2019-04-12 19:01","NIOServerCnxn.java","194243","238158","432401"
"2019-01-14 19:38","NIOServerCnxn.java","194160","231560","425720"
"2018-11-17 18:33","NIOServerCnxn.java","194158","224341","418499"
"2017-03-04 19:22","NIOServerCnxn.java","20822","51907","72729"
"2013-12-11 19:22","NIOServerCnxn.java","510","4564","5074"
"2016-12-22 23:23","NIOServerCnxn.java","18303","51378","69681"
"2018-09-18 01:00","NIOServerCnxn.java","111775","155864","267639"
"2019-08-17 17:13","NIOServerCnxn.java","194259","256367","450626"
"2015-06-28 21:09","NIOServerCnxn.java","12701","37579","50280"
"2015-03-28 20:08","NIOServerCnxn.java","11214","34392","45606"
"2019-07-03 00:44","NIOServerCnxn.java","194259","244380","438639"
"2019-08-03 08:42","NIOServerCnxn.java","194259","257075","451334"
"2016-11-16 06:21","NIOServerCnxn.java","17612","49986","67598"
"2017-09-11 18:55","QuorumBase.java","23506","69115","92621"
"2019-07-12 17:01","QuorumBase.java","179987","251781","431768"
"2012-12-11 08:42","QuorumBase.java","1256","6435","7691"
"2019-08-17 17:13","QuorumBase.java","179987","256468","436455"
"2019-08-01 07:31","QuorumBase.java","179987","257139","437126"
"2018-08-08 06:21","QuorumBase.java","84898","140254","225152"
"2019-10-10 14:37","QuorumBase.java","179987","260221","440208"
"2020-03-25 03:38","QuorumBase.java","181299","270565","451864"
"2014-07-18 19:46","QuorumBase.java","12470","43286","55756"
"2013-10-09 22:21","QuorumBase.java","4373","21406","25779"
"2014-06-25 19:25","QuorumBase.java","11642","37462","49104"
"2019-08-17 17:13","SimpleClient.java","100735","257689","358424"
"2015-08-23 19:12","SimpleClient.java","24505","153570","178075"
"2011-08-11 08:00","FourLetterWordsTest.java","15587","24177","39764"
"2014-01-25 01:17","FourLetterWordsTest.java","26740","61752","88492"
"2019-10-10 14:37","FourLetterWordsTest.java","178795","260740","439535"
"2015-11-08 22:36","FourLetterWordsTest.java","34514","89403","123917"
"2015-07-05 06:05","FourLetterWordsTest.java","34385","88036","122421"
"2015-06-28 21:09","FourLetterWordsTest.java","34385","87966","122351"
"2015-03-28 20:08","FourLetterWordsTest.java","33865","85746","119611"
"2019-08-17 17:13","FourLetterWordsTest.java","178795","256987","435782"
"2019-05-08 21:54","FourLetterWordsTest.java","178796","241490","420286"
"2015-07-10 08:19","FourLetterWordsTest.java","34454","88360","122814"
"2012-02-11 00:34","FourLetterWordsTest.java","21869","34059","55928"
"2019-08-03 08:42","WriteLock.java","8666","33308","41974"
"2019-10-10 14:37","WriteLock.java","32026","59713","91739"
"2019-08-27 09:23","WriteLock.java","31000","55527","86527"
"2019-08-17 17:13","Leader.java","187258","256413","443671"
"2019-06-29 00:33","Leader.java","187258","244400","431658"
"2019-06-03 19:40","Leader.java","187258","241744","429002"
"2014-05-20 23:42","Leader.java","10123","27122","37245"
"2019-07-15 14:15","Leader.java","187258","251832","439090"
"2015-03-17 18:06","Leader.java","12403","41639","54042"
"2019-07-25 21:41","Leader.java","187258","252896","440154"
"2018-05-10 06:00","Leader.java","24355","69484","93839"
"2018-07-12 01:33","Leader.java","32358","78420","110778"
"2018-02-07 01:05","Leader.java","24072","67067","91139"
"2017-11-28 00:10","Leader.java","23671","65811","89482"
"2019-06-05 00:33","Leader.java","187258","242134","429392"
"2015-04-10 22:22","Leader.java","12439","42743","55182"
"2019-08-03 08:42","Leader.java","187258","257121","444379"
"2019-06-05 23:57","Leader.java","187258","242403","429661"
"2013-10-07 21:08","Leader.java","2547","9875","12422"
"2017-01-13 19:29","Leader.java","19183","59806","78989"
"2019-01-07 14:55","Leader.java","187159","231205","418364"
"2019-04-12 19:01","Leader.java","187242","238204","425446"
"2018-12-09 03:16","Leader.java","187158","228971","416129"
"2018-08-17 14:40","Leader.java","84890","133248","218138"
"2019-11-29 14:49","Leader.java","188603","264315","452918"
"2013-03-07 07:01","Leader.java","1405","5917","7322"
"2018-11-27 10:02","Leader.java","187158","226647","413805"
"2015-02-06 06:17","Leader.java","12218","40232","52450"
"2017-02-15 23:04","Leader.java","21478","59145","80623"
"2014-07-18 02:19","Leader.java","11366","34629","45995"
"2018-08-29 06:26","Leader.java","104338","152904","257242"
"2018-08-03 18:52","Leader.java","42633","90193","132826"
"2013-05-14 14:27","Leader.java","1464","6101","7565"
"2017-09-11 18:55","Leader.java","23339","61622","84961"
"2018-09-18 01:00","Leader.java","109555","160691","270246"
"2016-12-20 14:47","Leader.java","19159","58940","78099"
"2014-07-20 04:50","Leader.java","11449","35233","46682"
"2014-06-10 00:19","Leader.java","10135","28068","38203"
"2016-06-23 23:25","Leader.java","17588","52305","69893"
"2016-06-23 23:45","Leader.java","17587","52412","69999"
"2020-03-25 03:38","Leader.java","188603","270543","459146"
"2014-03-23 04:12","Leader.java","3430","17312","20742"
"2019-12-27 22:33","Leader.java","188603","266436","455039"
"2016-08-13 15:01","Leader.java","18028","53548","71576"
"2013-10-21 23:36","Leader.java","2827","12897","15724"
"2019-10-10 14:37","Leader.java","187258","260166","447424"
"2013-11-07 06:41","Leader.java","2918","13419","16337"
"2019-07-29 17:15","BinaryOutputArchive.java","129922","255100","385022"
"2011-09-15 00:22","BinaryOutputArchive.java","19819","79194","99013"
"2011-04-29 18:12","QuorumCnxManager.java","15248","122183","137431"
"2011-12-28 01:26","QuorumCnxManager.java","17041","126029","143070"
"2019-11-29 14:49","QuorumCnxManager.java","73036","264720","337756"
"2013-03-07 07:01","QuorumCnxManager.java","18165","142107","160272"
"2018-07-11 06:04","QuorumCnxManager.java","23892","189215","213107"
"2018-08-06 14:11","QuorumCnxManager.java","23921","191017","214938"
"2010-11-17 15:59","QuorumCnxManager.java","14887","161465","176352"
"2012-06-29 22:08","QuorumCnxManager.java","17279","129426","146705"
"2008-12-12 21:21","QuorumCnxManager.java","4755","22814","27569"
"2018-10-16 16:22","QuorumCnxManager.java","61749","248731","310480"
"2019-06-14 09:06","QuorumCnxManager.java","72583","245708","318291"
"2019-08-03 08:42","QuorumCnxManager.java","72583","258418","331001"
"2019-11-13 20:41","QuorumCnxManager.java","72583","265429","338012"
"2019-04-09 16:08","QuorumCnxManager.java","72561","238544","311105"
"2019-08-06 12:52","QuorumCnxManager.java","72583","258683","331266"
"2017-02-09 11:40","QuorumCnxManager.java","20419","180765","201184"
"2019-05-20 23:13","QuorumCnxManager.java","72583","242582","315165"
"2009-01-16 00:48","QuorumCnxManager.java","8664","26206","34870"
"2015-04-09 20:16","QuorumCnxManager.java","19880","169609","189489"
"2017-08-23 02:16","QuorumCnxManager.java","20816","178466","199282"
"2019-07-27 20:04","QuorumCnxManager.java","72583","254241","326824"
"2009-06-30 22:47","QuorumCnxManager.java","11185","80679","91864"
"2015-05-29 23:46","QuorumCnxManager.java","19876","170121","189997"
"2015-05-14 07:10","QuorumCnxManager.java","19885","169834","189719"
"2020-03-12 14:47","QuorumCnxManager.java","73036","270106","343142"
"2019-08-17 17:13","QuorumCnxManager.java","72583","257710","330293"
"2009-05-20 22:16","QuorumCnxManager.java","10458","67892","78350"
"2017-11-28 00:10","QuorumCnxManager.java","20825","182395","203220"
"2009-04-04 00:01","QuorumCnxManager.java","9782","41816","51598"
"2009-11-18 20:06","QuorumCnxManager.java","12853","94982","107835"
"2009-10-27 22:14","QuorumCnxManager.java","11827","84837","96664"
"2009-12-15 23:23","QuorumCnxManager.java","12993","95700","108693"
"2009-08-11 00:24","QuorumCnxManager.java","11319","82022","93341"
"2009-08-03 23:27","QuorumCnxManager.java","11301","81258","92559"
"2019-10-10 14:37","QuorumCnxManager.java","72583","261463","334046"
"2014-07-23 19:36","QuorumCnxManager.java","19774","163070","182844"
"2017-06-09 18:37","QuorumCnxManager.java","20749","178103","198852"
"2020-01-23 13:43","QuorumCnxManager.java","73036","268090","341126"
"2014-03-23 04:12","QuorumCnxManager.java","18380","151692","170072"
"2010-01-19 21:06","QuorumCnxManager.java","13165","98888","112053"
"2010-01-21 04:08","QuorumCnxManager.java","13170","98899","112069"
"2014-07-08 05:25","QuorumCnxManager.java","19787","158813","178600"
"2019-11-28 12:24","QuorumCnxManager.java","73036","263069","336105"
"2014-06-25 15:04","QuorumCnxManager.java","19654","157044","176698"
"2011-08-15 02:44","QuorumCnxManager.java","14135","120730","134865"
"2016-06-08 17:43","QuorumCnxManager.java","20000","173777","193777"
"2020-03-23 16:20","QuorumCnxManager.java","73036","270277","343313"
"2020-02-16 10:25","QuorumCnxManager.java","73036","268803","341839"
"2014-07-22 06:45","QuorumCnxManager.java","19772","162993","182765"
"2011-04-12 09:14","QuorumCnxManager.java","15231","121831","137062"
"2010-10-06 19:01","QuorumCnxManager.java","14518","158489","173007"
"2018-07-27 12:32","QuorumCnxManager.java","23909","190393","214302"
"2010-10-20 00:32","QuorumCnxManager.java","14531","159995","174526"
"2011-03-16 19:49","QuorumCnxManager.java","15042","163115","178157"
"2019-08-17 17:13","ByteBufferInputStreamTest.java","203003","256155","459158"
"2019-07-12 17:01","QuorumPeerInstance.java","12751","34564","47315"
"2019-12-27 22:33","FileTxnSnapLog.java","202049","266387","468436"
"2019-10-10 14:37","FileTxnSnapLog.java","200632","260045","460677"
"2019-12-13 08:51","FileTxnSnapLog.java","202049","264424","466473"
"2017-01-07 01:09","FileTxnSnapLog.java","18133","45058","63191"
"2020-01-23 16:46","FileTxnSnapLog.java","202049","267636","469685"
"2020-01-28 17:26","FileTxnSnapLog.java","202049","268107","470156"
"2016-09-18 23:21","FileTxnSnapLog.java","17194","39647","56841"
"2017-01-23 02:13","FileTxnSnapLog.java","18168","45497","63665"
"2018-06-08 16:52","FileTxnSnapLog.java","24501","56599","81100"
"2019-09-02 08:23","FileTxnSnapLog.java","200632","256949","457581"
"2017-04-28 07:14","FileTxnSnapLog.java","20859","45929","66788"
"2019-07-31 19:06","FileTxnSnapLog.java","200632","255599","456231"
"2018-07-30 06:22","FileTxnSnapLog.java","42975","76728","119703"
"2020-01-30 09:43","FileTxnSnapLog.java","202049","268183","470232"
"2019-05-14 17:11","FileTxnSnapLog.java","200616","240943","441559"
"2019-05-21 23:34","FileTxnSnapLog.java","200616","241264","441880"
"2019-05-27 10:54","FileTxnSnapLog.java","200616","241596","442212"
"2017-01-13 19:29","FileTxnSnapLog.java","18147","45275","63422"
"2017-06-26 00:07","FileTxnSnapLog.java","22044","46652","68696"
"2018-02-23 23:49","FileTxnSnapLog.java","24216","54060","78276"
"2017-08-18 06:32","FileTxnSnapLog.java","23168","47778","70946"
"2019-08-17 17:13","FileTxnSnapLog.java","200632","256292","456924"
"2018-02-14 21:23","FileTxnSnapLog.java","24198","53878","78076"
"2018-09-15 00:08","ZooKeeperServer.java","110650","128883","239533"
"2019-04-12 19:01","ZooKeeperServer.java","219043","237755","456798"
"2019-07-31 19:06","ZooKeeperServer.java","219061","255273","474334"
"2019-09-11 10:27","ZooKeeperServer.java","219061","257322","476383"
"2019-01-14 19:38","ZooKeeperServer.java","218949","231146","450095"
"2019-01-07 15:34","ZooKeeperServer.java","218949","230747","449696"
"2018-11-21 17:56","ZooKeeperServer.java","218947","223942","442889"
"2017-04-28 07:14","ZooKeeperServer.java","9756","16071","25827"
"2017-02-12 00:12","ZooKeeperServer.java","9652","15068","24720"
"2019-02-13 13:12","ZooKeeperServer.java","218970","234821","453791"
"2016-11-24 17:18","ZooKeeperServer.java","6110","13302","19412"
"2018-07-19 05:59","ZooKeeperServer.java","33878","48178","82056"
"2018-09-18 01:00","ZooKeeperServer.java","110757","129643","240400"
"2019-03-04 08:07","ZooKeeperServer.java","218969","235397","454366"
"2019-07-08 23:26","ZooKeeperServer.java","219060","244741","463801"
"2019-01-23 14:00","ZooKeeperServer.java","218950","232582","451532"
"2019-02-13 13:19","ZooKeeperServer.java","218970","235107","454077"
"2019-05-14 17:11","ZooKeeperServer.java","219043","240615","459658"
"2019-06-04 10:55","ZooKeeperServer.java","219060","241449","460509"
"2019-04-09 15:35","ZooKeeperServer.java","218971","236733","455704"
"2019-08-03 08:42","ZooKeeperServer.java","219061","256674","475735"
"2019-05-15 11:56","ZooKeeperServer.java","219043","240702","459745"
"2019-05-22 11:39","ZooKeeperServer.java","219043","241148","460191"
"2019-04-22 19:15","ZooKeeperServer.java","219043","238730","457773"
"2018-02-23 23:49","ZooKeeperServer.java","13756","24845","38601"
"2016-11-16 06:21","ZooKeeperServer.java","5530","12701","18231"
"2017-08-18 06:32","ZooKeeperServer.java","12630","18485","31115"
"2017-06-26 00:16","ZooKeeperServer.java","10988","16835","27823"
"2019-09-10 04:26","ZooKeeperServer.java","219061","257011","476072"
"2019-08-17 17:13","ZooKeeperServer.java","219061","255966","475027"
"2019-09-05 23:12","ZooKeeperServer.java","219061","256885","475946"
"2019-09-10 15:21","ZooKeeperServer.java","219061","257009","476070"
"2019-08-01 07:31","ZooKeeperServer.java","219061","256637","475698"
"2019-08-01 07:28","ZooKeeperServer.java","219061","256147","475208"
"2019-06-03 19:40","ZooKeeperServer.java","219060","241296","460356"
"2019-11-23 17:08","ZooKeeperServer.java","220606","262212","482818"
"2019-10-09 16:49","ZooKeeperServer.java","219061","259552","478613"
"2019-07-03 00:44","ZooKeeperServer.java","219060","243978","463038"
"2018-01-19 01:12","ZooKeeperServer.java","13673","23720","37393"
"2019-07-24 18:00","ZooKeeperServer.java","219061","252421","471482"
"2018-08-08 06:21","ZooKeeperServer.java","81443","97223","178666"
"2018-05-09 23:57","ZooKeeperServer.java","13992","26586","40578"
"2019-12-27 22:33","ZooKeeperServer.java","220607","266190","486797"
"2016-08-13 15:01","ZooKeeperServer.java","4581","7851","12432"
"2018-09-11 00:17","ZooKeeperServer.java","110630","127314","237944"
"2019-11-18 09:05","ZooKeeperServer.java","220606","260655","481261"
"2019-10-10 14:37","ZooKeeperServer.java","219061","259719","478780"
"2019-09-16 23:26","ZooKeeperServer.java","219061","258985","478046"
"2017-06-23 18:39","ZooKeeperServer.java","10895","16762","27657"
"2019-12-03 10:01","ZooKeeperServer.java","220606","264114","484720"
"2020-03-25 03:38","ZooKeeperServer.java","220608","270298","490906"
"2019-11-28 12:24","ZooKeeperServer.java","220606","262417","483023"
"2019-11-06 15:21","ZooKeeperServer.java","219091","259965","479056"
"2020-04-12 11:14","ZooKeeperServer.java","220608","271051","491659"
"2018-06-08 16:52","ZooKeeperServer.java","14203","27546","41749"
"2018-06-15 07:41","ZooKeeperServer.java","14211","27557","41768"
"2018-07-28 04:37","ZooKeeperServer.java","33982","48858","82840"
"2019-04-18 19:17","ZooKeeperServer.java","219043","238465","457508"
"2011-04-12 09:14","Log4JEntry.java","15099","14937","30036"
"2019-07-12 17:01","QuorumPeerTest.java","231529","250161","481690"
"2019-08-17 17:13","QuorumPeerTest.java","231529","254848","486377"
"2019-08-17 17:13","AsyncOpsTest.java","133993","257500","391493"
"2010-03-31 06:26","AsyncOpsTest.java","14548","49016","63564"
"2011-04-12 09:14","AsyncOpsTest.java","22214","67194","89408"
"2012-12-19 19:16","AsyncOpsTest.java","26763","90281","117044"
"2014-06-25 19:06","AsyncOpsTest.java","29069","111118","140187"
"2019-10-10 14:37","AsyncOpsTest.java","133993","261253","395246"
"2009-10-31 00:09","AsyncOpsTest.java","5339","17825","23164"
"2018-07-10 12:46","QuorumTest.java","43180","147071","190251"
"2019-08-17 17:13","QuorumTest.java","141556","257500","399056"
"2009-07-17 00:09","QuorumTest.java","411","939","1350"
"2010-11-04 17:01","QuorumTest.java","18364","94818","113182"
"2012-12-13 08:14","QuorumTest.java","29084","85086","114170"
"2011-06-22 00:19","QuorumTest.java","23422","62908","86330"
"2010-03-19 07:46","QuorumTest.java","13822","40808","54630"
"2011-07-15 06:50","QuorumTest.java","21880","64190","86070"
"2010-08-18 08:24","QuorumTest.java","18210","64582","82792"
"2013-10-09 22:21","QuorumTest.java","29994","97686","127680"
"2010-03-31 06:26","QuorumTest.java","14875","41780","56655"
"2011-09-17 02:13","QuorumTest.java","24633","72025","96658"
"2010-07-29 23:10","QuorumTest.java","17451","58633","76084"
"2011-04-12 09:14","QuorumTest.java","23081","60498","83579"
"2009-08-11 07:44","QuorumTest.java","653","2245","2898"
"2009-08-07 01:23","QuorumTest.java","609","1968","2577"
"2019-10-10 14:37","QuorumTest.java","141556","261253","402809"
"2019-09-18 11:20","QuorumTest.java","141556","260412","401968"
"2009-09-16 02:09","QuorumTest.java","1721","4664","6385"
"2019-12-28 16:17","QuorumTest.java","142195","266724","408919"
"2009-08-25 07:45","QuorumTest.java","1270","3707","4977"
"2009-10-30 17:19","QuorumTest.java","3167","7240","10407"
"2015-11-03 08:11","QuorumTest.java","32385","123405","155790"
"2011-07-29 10:14","QuorumTest.java","21953","66795","88748"
"2010-03-13 01:06","QuorumTest.java","13574","40232","53806"
"2011-04-12 09:14","GetTest.java","15865","10270","26135"
"2015-07-07 07:11","GetTest.java","35426","83925","119351"
"2020-02-26 22:41","NettyServerCnxnFactory.java","10332","19869","30201"
"2019-10-10 14:37","NettyServerCnxnFactory.java","2067","4703","6770"
"2019-11-14 03:54","NettyServerCnxnFactory.java","2371","9263","11634"
"2019-11-23 17:08","NettyServerCnxnFactory.java","7606","11190","18796"
"2020-03-19 17:09","Learner.java","1998","3503","5501"
"2020-03-25 03:38","Learner.java","2119","4420","6539"
"2020-05-03 19:43","Learner.java","2930","6167","9097"
"2019-10-10 14:37","LeaderElectionSupportTest.java","201566","260024","461590"
"2019-08-27 09:23","LeaderElectionSupportTest.java","201566","256864","458430"
"2015-07-07 07:11","LeaderElectionSupportTest.java","12687","30340","43027"
"2019-12-27 22:33","TxnLog.java","147534","266804","414338"
"2018-06-08 16:52","TxnLog.java","35713","134072","169785"
"2013-06-28 23:22","TxnLog.java","28658","87798","116456"
"2019-05-14 17:11","TxnLog.java","146595","241854","388449"
"2017-04-28 07:14","TxnLog.java","34903","126234","161137"
"2019-08-17 17:13","TxnLog.java","146595","257187","403782"
"2017-06-26 00:07","TxnLog.java","35295","126164","161459"
"2019-04-12 19:06","TxnLog.java","146595","238984","385579"
"2019-08-17 17:13","ReconfigDuringLeaderSyncTest.java","223776","255265","479041"
"2020-01-25 18:48","ReconfigDuringLeaderSyncTest.java","225391","266997","492388"
"2017-07-27 23:09","ReconfigDuringLeaderSyncTest.java","2990","2940","5930"
"2019-08-17 17:13","QuorumStats.java","90102","257706","347808"
"2010-01-25 04:28","AsyncOps.java","3240","15156","18396"
"2014-06-25 19:06","AsyncOps.java","30615","102297","132912"
"2012-12-19 19:16","AsyncOps.java","28082","81233","109315"
"2014-03-23 22:03","AsyncOps.java","29190","96273","125463"
"2010-03-31 06:26","AsyncOps.java","12649","34631","47280"
"2019-06-03 19:40","AsyncOps.java","146226","242578","388804"
"2019-08-17 17:13","AsyncOps.java","146226","257247","403473"
"2014-05-09 23:37","Zab1_0Test.java","8437","18176","26613"
"2017-01-07 01:09","Zab1_0Test.java","18431","52047","70478"
"2015-12-06 21:30","Zab1_0Test.java","13339","40189","53528"
"2019-12-17 13:48","Zab1_0Test.java","195364","264844","460208"
"2013-11-19 02:03","Zab1_0Test.java","685","4430","5115"
"2015-07-07 07:11","Zab1_0Test.java","12983","38282","51265"
"2019-12-27 22:33","Zab1_0Test.java","195364","266393","461757"
"2013-10-24 20:41","Zab1_0Test.java","592","4199","4791"
"2019-10-10 14:37","Zab1_0Test.java","194018","260122","454140"
"2013-11-07 06:41","Zab1_0Test.java","641","4338","4979"
"2015-05-14 18:40","Zab1_0Test.java","11530","35529","47059"
"2019-08-17 17:13","Zab1_0Test.java","194018","256369","450387"
"2019-06-03 19:40","Zab1_0Test.java","194018","241700","435718"
"2018-05-10 06:00","Zab1_0Test.java","24496","62821","87317"
"2017-11-28 00:10","Zab1_0Test.java","23769","59105","82874"
"2013-10-07 21:08","Zab1_0Test.java","226","750","976"
"2017-08-18 06:32","Zab1_0Test.java","23223","54524","77747"
"2017-02-12 00:12","Zab1_0Test.java","20879","51741","72620"
"2020-03-26 22:16","SessionTrackerImpl.java","10293","19332","29625"
"2019-10-10 14:37","AsyncOpsTest.java","3717","7470","11187"
"2014-02-12 17:00","LearnerHandler.java","28994","96534","125528"
"2014-03-23 04:12","LearnerHandler.java","29111","97038","126149"
"2010-01-25 04:28","LearnerHandler.java","3325","16091","19416"
"2019-10-10 14:37","LearnerHandler.java","145376","261000","406376"
"2015-06-05 20:38","LearnerHandler.java","31381","116999","148380"
"2015-06-05 20:51","LearnerHandler.java","31381","117026","148407"
"2015-06-12 23:02","LearnerHandler.java","31391","117134","148525"
"2010-03-11 15:05","LearnerHandler.java","11019","33214","44233"
"2009-11-30 13:03","LearnerHandler.java","1985","11188","13173"
"2011-04-12 09:14","LearnerHandler.java","21320","54664","75984"
"2013-09-26 14:05","LearnerHandler.java","28576","89425","118001"
"2019-07-03 20:54","LearnerHandler.java","145376","245241","390617"
"2011-09-14 08:56","LearnerHandler.java","20438","66422","86860"
"2011-08-30 08:37","LearnerHandler.java","20309","65084","85393"
"2010-07-29 23:10","LearnerHandler.java","15397","52506","67903"
"2011-09-17 02:36","LearnerHandler.java","23088","66512","89600"
"2012-04-23 01:20","LearnerHandler.java","26840","73559","100399"
"2013-06-28 23:22","LearnerHandler.java","28569","88988","117557"
"2018-09-18 01:00","LearnerHandler.java","88731","193912","282643"
"2010-11-04 17:01","LearnerHandler.java","16424","88805","105229"
"2012-02-06 09:40","LearnerHandler.java","25118","69511","94629"
"2013-05-14 14:27","LearnerHandler.java","28394","87076","115470"
"2018-08-03 18:52","LearnerHandler.java","47457","149062","196519"
"2011-01-22 20:38","LearnerHandler.java","17036","91515","108551"
"2018-12-09 03:16","LearnerHandler.java","145328","229857","375185"
"2019-04-12 19:01","LearnerHandler.java","145376","239054","384430"
"2013-03-07 07:01","LearnerHandler.java","28370","86927","115297"
"2009-11-18 20:06","LearnerHandler.java","1430","10303","11733"
"2017-11-28 00:10","LearnerHandler.java","35366","131551","166917"
"2019-06-29 00:33","LearnerHandler.java","145376","245234","390610"
"2013-05-11 15:35","LearnerHandler.java","28375","86980","115355"
"2019-07-25 21:41","LearnerHandler.java","145376","253730","399106"
"2019-08-23 19:43","LearnerHandler.java","145376","257913","403289"
"2019-08-17 17:13","LearnerHandler.java","145376","257247","402623"
"2017-06-26 00:16","LearnerHandler.java","35144","127286","162430"
"2017-08-03 20:28","LearnerHandler.java","35169","126959","162128"
"2012-07-29 07:02","LearnerHandler.java","26920","75042","101962"
"2019-05-06 17:48","LearnerHandler.java","145376","241560","386936"
"2019-08-03 08:42","LearnerHandler.java","145376","257955","403331"
"2019-04-22 19:15","LearnerHandler.java","145376","240029","385405"
"2011-06-14 07:14","LearnerHandler.java","21464","56758","78222"
"2017-07-28 00:36","JRecord.java","31428","136718","168146"
"2019-06-20 20:25","JRecord.java","129922","244819","374741"
"2019-07-29 17:15","JRecord.java","129922","255100","385022"
"2016-11-24 17:18","JRecord.java","30264","137276","167540"
"2017-09-11 18:55","JRecord.java","31524","137377","168901"
"2016-11-25 07:08","JRecord.java","30264","137269","167533"
"2011-07-19 02:59","JRecord.java","19513","73630","93143"
"2020-04-07 17:00","JRecord.java","130561","271527","402088"
"2010-05-03 23:49","JRecord.java","15900","54039","69939"
"2011-09-02 22:53","JRecord.java","19624","78339","97963"
"2010-01-21 22:44","JRecord.java","8213","36687","44900"
"2010-01-25 04:28","JRecord.java","8308","36781","45089"
"2019-10-10 14:37","SessionTrackerImpl.java","3088","3921","7009"
"2020-03-26 22:16","SessionTrackerImpl.java","11655","21527","33182"
"2015-02-06 06:17","PrepRequestProcessor.java","13132","49227","62359"
"2013-03-07 07:01","PrepRequestProcessor.java","3749","16342","20091"
"2019-02-07 11:26","PrepRequestProcessor.java","179140","234708","413848"
"2019-09-11 10:27","PrepRequestProcessor.java","179232","257824","437056"
"2018-07-19 05:59","PrepRequestProcessor.java","42476","97107","139583"
"2017-09-11 18:55","PrepRequestProcessor.java","23360","69724","93084"
"2019-01-16 14:21","PrepRequestProcessor.java","179139","232355","411494"
"2017-06-01 05:45","PrepRequestProcessor.java","22463","68363","90826"
"2019-11-08 17:30","PrepRequestProcessor.java","179260","262110","441370"
"2016-11-13 20:59","PrepRequestProcessor.java","18753","65708","84461"
"2019-04-09 15:35","PrepRequestProcessor.java","179158","237251","416409"
"2019-04-17 14:16","PrepRequestProcessor.java","179216","238524","417740"
"2014-10-28 05:35","PrepRequestProcessor.java","12950","47106","60056"
"2019-05-10 12:22","PrepRequestProcessor.java","179216","240959","420175"
"2017-06-26 00:16","PrepRequestProcessor.java","22686","68864","91550"
"2019-02-07 11:22","PrepRequestProcessor.java","179140","234370","413510"
"2016-11-16 06:21","PrepRequestProcessor.java","18787","66289","85076"
"2019-08-01 07:31","PrepRequestProcessor.java","179232","257139","436371"
"2019-06-26 10:57","PrepRequestProcessor.java","179232","244318","423550"
"2014-01-24 07:18","PrepRequestProcessor.java","4957","26283","31240"
"2015-05-29 19:45","PrepRequestProcessor.java","13511","52397","65908"
"2016-10-07 21:51","PrepRequestProcessor.java","18727","63429","82156"
"2015-06-04 19:51","PrepRequestProcessor.java","13636","53287","66923"
"2019-08-17 17:13","PrepRequestProcessor.java","179232","256468","435700"
"2018-08-08 06:21","PrepRequestProcessor.java","84741","140852","225593"
"2018-05-09 23:57","PrepRequestProcessor.java","24251","77176","101427"
"2015-06-11 20:09","PrepRequestProcessor.java","13650","53427","67077"
"2019-12-27 22:33","PrepRequestProcessor.java","180544","266458","447002"
"2014-04-01 01:47","PrepRequestProcessor.java","5470","28059","33529"
"2019-10-10 14:37","PrepRequestProcessor.java","179232","260221","439453"
"2020-03-25 03:38","PrepRequestProcessor.java","180544","270565","451109"
"2014-07-25 01:31","PrepRequestProcessor.java","12796","44876","57672"
"2013-10-09 22:21","PrepRequestProcessor.java","4707","22495","27202"
"2014-04-29 02:23","PrepRequestProcessor.java","11725","36316","48041"
"2015-03-08 23:07","PrepRequestProcessor.java","13194","49463","62657"
"2014-07-22 06:51","PrepRequestProcessor.java","12738","44629","57367"
"2018-06-15 07:41","PrepRequestProcessor.java","24349","78026","102375"
"2012-12-19 19:16","PrepRequestProcessor.java","2446","10483","12929"
"2014-03-25 22:13","QuorumPeerMainTest.java","11745","36456","48201"
"2018-05-10 00:14","QuorumPeerMainTest.java","29436","84925","114361"
"2018-10-05 14:25","QuorumPeerMainTest.java","158173","223336","381509"
"2018-07-17 10:41","QuorumPeerMainTest.java","47390","104526","151916"
"2018-07-27 12:32","QuorumPeerMainTest.java","47434","105081","152515"
"2013-10-09 22:21","QuorumPeerMainTest.java","11263","31563","42826"
"2015-11-03 08:11","QuorumPeerMainTest.java","20585","64213","84798"
"2020-01-23 13:43","QuorumPeerMainTest.java","178223","267898","446121"
"2019-10-10 14:37","QuorumPeerMainTest.java","177002","260503","437505"
"2019-12-28 16:17","QuorumPeerMainTest.java","178223","266556","444779"
"2017-12-16 01:25","QuorumPeerMainTest.java","29175","81952","111127"
"2018-01-19 00:52","QuorumPeerMainTest.java","29222","82112","111334"
"2018-04-30 06:34","QuorumPeerMainTest.java","29435","84293","113728"
"2019-07-25 21:41","QuorumPeerMainTest.java","177002","253233","430235"
"2019-08-17 17:13","QuorumPeerMainTest.java","177002","256750","433752"
"2018-02-23 23:49","QuorumPeerMainTest.java","29288","83220","112508"
"2012-04-23 01:20","QuorumPeerMainTest.java","7554","10821","18375"
"2014-01-09 20:21","QuorumPeerMainTest.java","11427","33573","45000"
"2019-07-02 07:34","QuorumPeerMainTest.java","177002","244693","421695"
"2019-05-20 17:18","QuorumPeerMainTest.java","177003","241542","418545"
"2018-10-16 16:22","QuorumPeerMainTest.java","158174","236319","394493"
"2015-02-06 06:17","QuorumPeerMainTest.java","18966","57573","76539"
"2018-08-29 06:26","QuorumPeerMainTest.java","106498","165657","272155"
"2018-08-03 18:52","QuorumPeerMainTest.java","47447","105600","153047"
"2018-09-11 15:23","QuorumPeerMainTest.java","111624","172098","283722"
"2019-08-17 17:13","LsCommand.java","30087","52428","82515"
"2020-01-09 22:51","LsCommand.java","38734","69177","107911"
"2019-12-28 16:17","LsCommand.java","37960","68886","106846"
"2014-03-25 22:13","QuorumPeerMainTest.java","26862","72543","99405"
"2011-09-03 01:07","QuorumPeerMainTest.java","15769","38686","54455"
"2018-05-10 00:14","QuorumPeerMainTest.java","39624","116083","155707"
"2018-10-05 14:25","QuorumPeerMainTest.java","137764","223897","361661"
"2018-07-17 10:41","QuorumPeerMainTest.java","56374","134480","190854"
"2018-07-27 12:32","QuorumPeerMainTest.java","56409","135026","191435"
"2013-10-09 22:21","QuorumPeerMainTest.java","26571","67841","94412"
"2011-09-17 02:13","QuorumPeerMainTest.java","18569","39539","58108"
"2015-11-03 08:11","QuorumPeerMainTest.java","34225","98823","133048"
"2020-01-23 13:43","QuorumPeerMainTest.java","169963","267989","437952"
"2011-06-14 14:11","QuorumPeerMainTest.java","15303","26852","42155"
"2019-10-10 14:37","QuorumPeerMainTest.java","168891","260743","429634"
"2019-12-28 16:17","QuorumPeerMainTest.java","169963","266647","436610"
"2017-12-16 01:25","QuorumPeerMainTest.java","39425","113172","152597"
"2018-01-19 00:52","QuorumPeerMainTest.java","39457","113317","152774"
"2018-04-30 06:34","QuorumPeerMainTest.java","39622","115450","155072"
"2019-07-25 21:41","QuorumPeerMainTest.java","168891","253473","422364"
"2019-08-17 17:13","QuorumPeerMainTest.java","168891","256990","425881"
"2018-02-23 23:49","QuorumPeerMainTest.java","39520","114422","153942"
"2011-06-14 07:14","QuorumPeerMainTest.java","15302","26824","42126"
"2012-04-23 01:20","QuorumPeerMainTest.java","24216","48453","72669"
"2014-01-09 20:21","QuorumPeerMainTest.java","26634","69750","96384"
"2019-07-02 07:34","QuorumPeerMainTest.java","168891","244933","413824"
"2019-05-20 17:18","QuorumPeerMainTest.java","168892","241782","410674"
"2018-10-16 16:22","QuorumPeerMainTest.java","137766","236881","374647"
"2015-02-06 06:17","QuorumPeerMainTest.java","33575","93152","126727"
"2018-08-29 06:26","QuorumPeerMainTest.java","98361","178490","276851"
"2018-08-03 18:52","QuorumPeerMainTest.java","56412","135535","191947"
"2018-09-11 15:23","QuorumPeerMainTest.java","103364","184808","288172"
"2015-01-31 08:05","ClientCnxn.java","52","63","115"
"2016-05-02 18:15","ClientCnxn.java","6535","12582","19117"
"2019-08-17 17:13","ClientCnxn.java","214757","256104","470861"
"2015-05-10 00:27","ClientCnxn.java","725","3275","4000"
"2017-12-19 19:27","ClientCnxn.java","16023","30399","46422"
"2019-01-31 15:50","ClientCnxn.java","214648","233662","448310"
"2019-04-09 15:35","ClientCnxn.java","214669","236873","451542"
"2019-11-08 17:30","ClientCnxn.java","214786","261747","476533"
"2017-06-08 17:59","ClientCnxn.java","13273","23359","36632"
"2019-01-16 14:21","ClientCnxn.java","214648","231975","446623"
"2019-01-07 14:24","ClientCnxn.java","214647","230824","445471"
"2019-03-06 03:32","ClientCnxn.java","214667","235799","450466"
"2015-02-06 06:17","ClientCnxn.java","167","373","540"
"2019-02-07 11:26","ClientCnxn.java","214649","234328","448977"
"2018-11-05 19:40","ClientCnxn.java","193818","233651","427469"
"2020-05-17 15:13","ClientCnxn.java","216233","271525","487758"
"2018-06-25 12:30","ClientCnxn.java","16578","34480","51058"
"2020-03-03 03:12","ClientCnxn.java","216205","269287","485492"
"2018-09-10 11:44","ClientCnxn.java","112484","133571","246055"
"2015-06-13 02:42","ClientCnxn.java","1723","5735","7458"
"2015-11-09 00:05","ClientCnxn.java","3097","8601","11698"
"2015-12-06 19:58","ClientCnxn.java","3222","9031","12253"
"2020-01-21 17:53","ClientCnxn.java","216205","265548","481753"
"2015-12-05 22:43","ClientCnxn.java","3222","9028","12250"
"2015-12-05 22:32","ClientCnxn.java","3221","9022","12243"
"2019-10-10 14:37","ClientCnxn.java","214757","259857","474614"
"2019-11-21 05:58","ClientCnxn.java","216203","260717","476920"
"2020-04-16 12:50","ClientCnxn.java","216205","271126","487331"
"2018-07-27 05:16","ClientCnxn.java","36096","55150","91246"
"2017-06-26 00:07","Util.java","33209","134874","168083"
"2018-02-14 21:23","Util.java","33457","140194","173651"
"2019-08-17 17:13","Util.java","133993","257500","391493"
"2019-04-10 13:19","Util.java","133993","238768","372761"
"2011-04-12 09:14","Util.java","22214","67194","89408"
"2019-12-27 22:33","Util.java","134632","266817","401449"
"2019-06-26 10:57","ZooDefs.java","223798","243083","466881"
"2019-08-17 17:13","ZooDefs.java","223799","255234","479033"
"2019-01-16 14:21","ZooDefs.java","223681","231096","454777"
"2019-01-07 14:24","ZooDefs.java","223680","229945","453625"
"2019-11-08 17:30","ZooDefs.java","223847","260896","484743"
"2019-07-31 19:06","ZooDefs.java","223799","254541","478340"
"2019-02-07 11:26","ZooDefs.java","223682","233449","457131"
"2014-05-09 23:37","QuorumPeerInstance.java","19833","58436","78269"
"2014-08-14 14:33","QuorumPeerInstance.java","20774","67435","88209"
"2018-07-10 13:29","QuorumPeerInstance.java","35929","103873","139802"
"2018-12-20 07:24","QuorumPeerInstance.java","178339","230366","408705"
"2013-10-05 00:17","QuorumPeerInstance.java","13399","42504","55903"
"2015-12-06 21:30","QuorumPeerInstance.java","22463","78177","100640"
"2019-07-12 17:01","QuorumPeerInstance.java","178405","252245","430650"
"2014-11-29 16:53","QuorumPeerInstance.java","20862","70144","91006"
"2014-08-14 09:32","QuorumPeerInstance.java","20774","67435","88209"
"2015-05-10 00:27","QuorumPeerInstance.java","21139","73557","94696"
"2017-09-11 18:55","QuorumPeerInstance.java","27844","88187","116031"
"2019-01-23 14:00","NettyServerCnxn.java","153972","148718","302690"
"2019-02-18 17:05","NettyServerCnxn.java","154068","151346","305414"
"2019-02-12 15:25","NettyServerCnxn.java","153982","150826","304808"
"2019-04-12 19:01","NettyServerCnxn.java","154260","154086","308346"
"2018-11-22 17:56","NettyServerCnxn.java","147635","134351","281986"
"2018-10-24 04:03","NettyServerCnxn.java","114656","130973","245629"
"2018-11-17 18:33","NettyServerCnxn.java","147632","133726","281358"
"2019-01-14 19:38","NettyServerCnxn.java","153914","147225","301139"
"2019-08-17 17:13","NettyServerCnxn.java","156211","174230","330441"
"2019-07-03 00:44","NettyServerCnxn.java","155540","161572","317112"
"2019-11-23 17:08","NettyServerCnxn.java","159392","182112","341504"
"2019-07-23 15:55","NettyServerCnxn.java","155541","169568","325109"
"2019-05-06 18:32","NettyServerCnxn.java","154278","156651","310929"
"2019-04-22 19:15","NettyServerCnxn.java","154260","155061","309321"
"2019-08-03 08:42","NettyServerCnxn.java","156190","174917","331107"
"2019-11-18 09:05","NettyServerCnxn.java","159196","180359","339555"
"2019-11-21 05:58","NettyServerCnxn.java","159196","180382","339578"
"2019-09-16 23:26","NettyServerCnxn.java","157197","178235","335432"
"2019-10-10 14:37","NettyServerCnxn.java","157213","178985","336198"
"2018-09-28 23:38","NettyServerCnxn.java","703","3277","3980"
"2019-10-10 14:37","ClientHammerTest.java","146226","261000","407226"
"2011-04-12 09:14","ClientHammerTest.java","21310","53804","75114"
"2015-02-06 06:17","ClientHammerTest.java","31230","112439","143669"
"2019-08-17 17:13","ClientHammerTest.java","146226","257247","403473"
"2019-08-17 17:13","DigestLoginModule.java","177112","256904","434016"
"2019-09-16 23:26","ZooKeeperServerMXBean.java","231287","257868","489155"
"2019-11-14 03:54","ZooKeeperServerMXBean.java","231335","262906","494241"
"2020-03-25 03:38","ZooKeeperServerMXBean.java","233224","269571","502795"
"2019-05-22 11:39","ZooKeeperServerMXBean.java","231268","240030","471298"
"2019-07-30 02:31","ZooKeeperServerMXBean.java","231286","252769","484055"
"2018-07-12 01:33","ZooKeeperServerMXBean.java","10932","11401","22333"
"2019-08-17 17:13","ZooKeeperServerMXBean.java","231286","254848","486134"
"2019-01-14 19:38","ZooKeeperServerMXBean.java","231137","229991","461128"
"2019-07-08 23:26","ZooKeeperServerMXBean.java","231285","243623","474908"
"2019-01-23 14:00","ZooKeeperServerMXBean.java","231139","231428","462567"
"2019-08-17 17:13","MalformedCommandException.java","221798","255887","477685"
"2019-11-08 17:30","Request.java","191791","262048","453839"
"2019-01-16 14:21","Request.java","191665","232288","423953"
"2019-04-25 02:11","Request.java","191747","240110","431857"
"2019-07-08 23:26","Request.java","191763","245182","436945"
"2015-02-06 06:17","Request.java","12040","35542","47582"
"2019-02-07 11:26","Request.java","191666","234641","426307"
"2019-08-06 17:11","Request.java","191763","257507","449270"
"2019-08-01 07:28","Request.java","191763","256587","448350"
"2019-06-26 10:57","Request.java","191763","244256","436019"
"2014-01-24 07:18","Request.java","1907","10640","12547"
"2016-10-07 21:51","Request.java","18401","50510","68911"
"2015-06-04 19:51","Request.java","12726","39784","52510"
"2019-08-17 17:13","Request.java","191763","256406","448169"
"2019-04-17 14:16","Request.java","191747","238462","430209"
"2019-05-03 00:44","Request.java","191747","240387","432134"
"2019-06-05 00:46","Request.java","191763","242266","434029"
"2019-05-10 12:22","Request.java","191747","240897","432644"
"2020-03-25 03:38","Request.java","193109","270537","463646"
"2019-09-20 10:06","Request.java","191763","259269","451032"
"2019-09-16 23:26","Request.java","191763","259425","451188"
"2019-12-27 22:33","Request.java","193109","266430","459539"
"2019-11-11 13:59","Request.java","191791","263844","455635"
"2014-04-29 02:23","Request.java","9389","21387","30776"
"2013-10-09 22:21","Request.java","1523","6718","8241"
"2020-05-05 21:20","Request.java","193109","271568","464677"
"2019-10-10 14:37","WatcherCleaner.java","159775","178973","338748"
"2019-08-17 17:13","WatcherCleaner.java","158773","174218","332991"
"2019-03-05 00:04","WatcherCleaner.java","156632","151785","308417"
"2019-04-12 19:01","WatcherCleaner.java","156822","154074","310896"
"2018-11-28 23:43","WatcherCleaner.java","150195","135980","286175"
"2019-11-28 12:24","DataTree.java","159366","262968","422334"
"2011-07-13 15:48","DataTree.java","19723","45165","64888"
"2011-06-25 08:13","DataTree.java","21333","43634","64967"
"2011-07-28 07:49","DataTree.java","19833","47721","67554"
"2019-10-10 14:37","DataTree.java","158337","260786","419123"
"2019-12-27 22:33","DataTree.java","159366","266740","426106"
"2015-06-06 03:48","DataTree.java","31770","104615","136385"
"2019-11-11 13:59","DataTree.java","158337","264443","422780"
"2011-04-12 09:14","DataTree.java","20763","40932","61695"
"2018-07-10 13:29","DataTree.java","43762","130816","174578"
"2012-12-19 19:16","DataTree.java","28120","69246","97366"
"2014-04-17 08:47","DataTree.java","30665","87639","118304"
"2014-04-29 02:23","DataTree.java","30668","88348","119016"
"2010-07-05 20:20","DataTree.java","13704","34208","47912"
"2011-09-15 00:55","DataTree.java","22597","53218","75815"
"2011-09-28 22:17","DataTree.java","22878","53684","76562"
"2018-09-28 23:38","DataTree.java","97584","192464","290048"
"2011-09-17 02:36","DataTree.java","22847","53396","76243"
"2011-10-20 18:48","DataTree.java","24293","53259","77552"
"2019-11-08 17:30","DataTree.java","158337","262647","420984"
"2013-09-05 23:50","DataTree.java","28736","76134","104870"
"2019-01-30 16:28","DataTree.java","158280","234087","392367"
"2019-01-30 17:02","DataTree.java","158280","234631","392911"
"2016-11-24 17:18","DataTree.java","34405","115017","149422"
"2017-09-11 18:55","DataTree.java","36101","115554","151655"
"2011-07-01 00:53","DataTree.java","21791","46605","68396"
"2012-02-06 10:39","DataTree.java","25294","56819","82113"
"2011-12-21 21:39","DataTree.java","24837","55494","80331"
"2017-02-05 07:22","DataTree.java","34437","116488","150925"
"2014-07-18 02:19","DataTree.java","31299","95732","127031"
"2019-02-07 11:26","DataTree.java","158281","235309","393590"
"2013-03-07 07:01","DataTree.java","28523","74205","102728"
"2018-09-04 11:54","DataTree.java","97380","187176","284556"
"2018-09-05 22:35","DataTree.java","97381","187433","284814"
"2018-12-20 15:17","DataTree.java","158279","230575","388854"
"2019-09-10 09:53","DataTree.java","158337","258082","416419"
"2019-04-12 19:01","DataTree.java","158338","238841","397179"
"2019-07-31 19:06","DataTree.java","158337","256340","414677"
"2019-09-11 10:27","DataTree.java","158337","258389","416726"
"2013-10-22 12:54","DataTree.java","29080","80547","109627"
"2016-03-23 00:30","DataTree.java","33513","107797","141310"
"2019-08-01 07:31","DataTree.java","158337","257704","416041"
"2014-01-24 07:18","DataTree.java","29159","83574","112733"
"2019-08-17 17:13","DataTree.java","158337","257033","415370"
"2019-09-10 15:21","DataTree.java","158337","258076","416413"
"2015-06-04 19:51","DataTree.java","31765","104505","136270"
"2016-10-07 21:51","DataTree.java","33983","111774","145757"
"2017-06-18 19:23","DataTree.java","35883","115022","150905"
"2019-04-12 12:29","DataTree.java","158338","238410","396748"
"2019-08-03 08:42","DataTree.java","158337","257741","416078"
"2019-08-09 16:15","DataTree.java","158337","258489","416826"
"2016-11-13 20:59","DataTree.java","33997","114041","148038"
"2019-04-29 16:49","DataTree.java","158338","240871","399209"
"2019-08-17 17:13","Leader.java","226742","255274","482016"
"2019-06-29 00:33","Leader.java","226741","243260","470001"
"2019-06-03 19:40","Leader.java","226741","240604","467345"
"2019-07-15 14:15","Leader.java","226742","250693","477435"
"2019-07-25 21:41","Leader.java","226742","251757","478499"
"2018-05-10 06:00","Leader.java","8409","12915","21324"
"2018-07-12 01:33","Leader.java","18861","24300","43161"
"2018-02-07 01:05","Leader.java","7889","10261","18150"
"2017-11-28 00:10","Leader.java","7351","8868","16219"
"2019-06-05 00:33","Leader.java","226741","240994","467735"
"2019-08-03 08:42","Leader.java","226742","255982","482724"
"2019-06-05 23:57","Leader.java","226741","241263","468004"
"2019-01-07 14:55","Leader.java","226623","230046","456669"
"2019-04-12 19:01","Leader.java","226723","237062","463785"
"2018-12-09 03:16","Leader.java","226622","227812","454434"
"2018-08-17 14:40","Leader.java","77113","84848","161961"
"2019-11-29 14:49","Leader.java","228346","263435","491781"
"2018-11-27 10:02","Leader.java","226622","225488","452110"
"2017-02-15 23:04","Leader.java","3631","675","4306"
"2018-08-29 06:26","Leader.java","101750","109693","211443"
"2018-08-03 18:52","Leader.java","29461","36398","65859"
"2017-09-11 18:55","Leader.java","6820","4480","11300"
"2018-09-18 01:00","Leader.java","107567","118080","225647"
"2020-03-25 03:38","Leader.java","228348","269665","498013"
"2019-12-27 22:33","Leader.java","228347","265557","493904"
"2019-10-10 14:37","Leader.java","226742","259027","485769"
"2019-12-27 22:33","Util.java","10004","18682","28686"
"2019-10-10 14:37","QuorumTest.java","3717","7470","11187"
"2019-09-18 11:20","QuorumTest.java","2292","5204","7496"
"2019-12-28 16:17","QuorumTest.java","10230","18815","29045"
"2019-11-08 17:30","Request.java","32424","59706","92130"
"2019-04-25 02:11","Request.java","1109","6497","7606"
"2019-07-08 23:26","Request.java","5426","15870","21296"
"2019-08-06 17:11","Request.java","8541","31310","39851"
"2019-08-01 07:28","Request.java","8173","30022","38195"
"2019-06-26 10:57","Request.java","5188","14706","19894"
"2019-08-17 17:13","Request.java","30201","51869","82070"
"2019-04-17 14:16","Request.java","1078","4818","5896"
"2019-05-03 00:44","Request.java","1263","6928","8191"
"2019-06-05 00:46","Request.java","1990","9518","11508"
"2019-05-10 12:22","Request.java","1412","7587","8999"
"2020-03-25 03:38","Request.java","39387","73840","113227"
"2019-09-20 10:06","Request.java","31773","56304","88077"
"2019-09-16 23:26","Request.java","31483","56170","87653"
"2019-12-27 22:33","Request.java","37945","68291","106236"
"2019-11-11 13:59","Request.java","32455","61533","93988"
"2020-05-05 21:20","Request.java","42809","78293","121102"
"2019-08-17 17:13","ReconfigExceptionTest.java","225011","255292","480303"
"2017-07-06 18:48","ReconfigExceptionTest.java","5958","5686","11644"
"2017-02-12 00:34","ReconfigExceptionTest.java","4527","3319","7846"
"2019-11-29 14:49","ReconfigExceptionTest.java","226615","263453","490068"
"2019-07-02 07:34","Follower.java","155540","161502","317042"
"2018-12-09 03:16","Follower.java","147635","138312","285947"
"2019-04-12 19:01","Follower.java","154260","154086","308346"
"2019-08-17 17:13","Follower.java","156211","174230","330441"
"2019-06-29 00:33","Follower.java","155540","161546","317086"
"2019-08-06 17:11","Follower.java","156190","175310","331500"
"2019-07-15 14:15","Follower.java","155541","168979","324520"
"2019-08-23 19:43","Follower.java","156211","174896","331107"
"2019-06-05 00:33","Follower.java","154307","158047","312354"
"2019-05-03 00:44","Follower.java","154277","156293","310570"
"2019-12-27 22:33","Follower.java","159405","186102","345507"
"2019-10-10 14:37","Follower.java","157213","178985","336198"
"2019-08-17 17:13","FollowerZooKeeperServer.java","29368","43884","73252"
"2019-11-28 12:24","FollowerZooKeeperServer.java","37257","56679","93936"
"2019-12-27 22:33","FollowerZooKeeperServer.java","37686","60880","98566"
"2019-08-17 17:13","SnapStream.java","29523","44192","73715"
"2019-07-31 19:06","SnapStream.java","6594","20570","27164"
"2019-10-10 14:37","SnapStream.java","31925","50347","82272"
"2019-09-26 14:16","SnapStream.java","31435","49423","80858"
"2019-12-03 19:12","SnapStream.java","37692","58976","96668"
"2019-08-17 17:13","QuorumPeerConfigTest.java","231546","254847","486393"
"2018-09-22 06:43","QuorumPeerConfigTest.java","90063","95379","185442"
"2018-10-16 16:22","QuorumPeerConfigTest.java","198628","220326","418954"
"2018-12-15 07:34","QuorumPeerConfigTest.java","231396","227270","458666"
"2019-04-18 19:17","QuorumPeerConfigTest.java","231509","237327","468836"
"2020-05-14 18:18","QuorumPeerConfigTest.java","233578","270744","504322"
"2019-08-17 17:13","NullDataTest.java","178405","256932","435337"
"2019-08-17 17:13","SaslAuthRequiredFailWrongSASLTest.java","25768","29313","55081"
"2019-08-17 17:13","GetEphemeralsTest.java","30023","54043","84066"
"2019-12-28 16:17","GetEphemeralsTest.java","37831","70436","108267"
"2018-12-09 03:16","LeaderZooKeeperServer.java","58118","230484","288602"
"2018-11-21 17:56","LeaderZooKeeperServer.java","58118","225916","284034"
"2012-01-31 07:45","LeaderZooKeeperServer.java","15909","136662","152571"
"2009-01-15 23:57","LeaderZooKeeperServer.java","7050","39154","46204"
"2009-02-06 22:19","LeaderZooKeeperServer.java","7915","53505","61420"
"2019-06-04 10:55","LeaderZooKeeperServer.java","58134","243326","301460"
"2009-02-02 23:26","LeaderZooKeeperServer.java","7771","51282","59053"
"2015-06-04 19:51","LeaderZooKeeperServer.java","18596","180970","199566"
"2009-06-26 22:29","LeaderZooKeeperServer.java","9234","92998","102232"
"2019-08-17 17:13","LeaderZooKeeperServer.java","58134","257842","315976"
"2009-06-18 18:37","LeaderZooKeeperServer.java","8997","85198","94195"
"2009-05-20 22:16","LeaderZooKeeperServer.java","8688","80703","89391"
"2019-06-03 19:40","LeaderZooKeeperServer.java","58134","243173","301307"
"2009-12-18 03:19","LeaderZooKeeperServer.java","11029","108591","119620"
"2019-11-25 15:37","LeaderZooKeeperServer.java","58455","262971","321426"
"2019-12-27 22:33","LeaderZooKeeperServer.java","58455","266841","325296"
"2009-08-07 01:23","LeaderZooKeeperServer.java","9320","94443","103763"
"2010-03-12 19:26","LeaderZooKeeperServer.java","11381","121792","133173"
"2013-10-09 22:21","LeaderZooKeeperServer.java","17028","157539","174567"
"2008-10-01 08:26","LeaderZooKeeperServer.java","1870","16350","18220"
"2011-10-20 20:02","LeaderZooKeeperServer.java","15841","134435","150276"
"2019-04-12 19:01","AvgMinMaxPercentileCounterSet.java","1177","5291","6468"
"2019-08-17 17:13","AvgMinMaxPercentileCounterSet.java","30178","52485","82663"
"2019-10-10 14:37","ClientCnxnSocketNetty.java","3717","7470","11187"
"2019-10-10 14:37","Login.java","220742","259669","480411"
"2019-11-11 13:59","Login.java","220774","263358","484132"
"2017-11-28 00:10","Login.java","13256","21415","34671"
"2016-05-02 18:15","Login.java","3443","3317","6760"
"2019-08-17 17:13","Login.java","220742","255916","476658"
"2019-08-03 08:42","Login.java","220742","256624","477366"
"2019-12-27 22:33","PrepRequestProcessor.java","6233","9297","15530"
"2020-03-25 03:38","PrepRequestProcessor.java","10056","17227","27283"
"2018-09-15 00:08","ZooKeeperServer.java","49082","218815","267897"
"2019-04-12 19:01","ZooKeeperServer.java","72747","239517","312264"
"2019-07-31 19:06","ZooKeeperServer.java","72747","257017","329764"
"2019-09-11 10:27","ZooKeeperServer.java","72747","259066","331813"
"2019-01-14 19:38","ZooKeeperServer.java","72719","232974","305693"
"2019-01-07 15:34","ZooKeeperServer.java","72719","232575","305294"
"2018-11-21 17:56","ZooKeeperServer.java","72719","225772","298491"
"2012-01-31 07:45","ZooKeeperServer.java","16848","126047","142895"
"2017-04-28 07:14","ZooKeeperServer.java","20353","178168","198521"
"2011-08-19 00:05","ZooKeeperServer.java","13923","122536","136459"
"2017-02-12 00:12","ZooKeeperServer.java","20343","177259","197602"
"2014-07-18 02:19","ZooKeeperServer.java","19568","162081","181649"
"2013-12-11 19:22","ZooKeeperServer.java","18075","148426","166501"
"2019-02-13 13:12","ZooKeeperServer.java","72726","236635","309361"
"2012-02-11 00:34","ZooKeeperServer.java","16923","126707","143630"
"2016-11-24 17:18","ZooKeeperServer.java","20167","178859","199026"
"2018-07-19 05:59","ZooKeeperServer.java","23960","189760","213720"
"2018-09-18 01:00","ZooKeeperServer.java","49118","219504","268622"
"2008-10-07 20:51","ZooKeeperServer.java","1494","2414","3908"
"2019-03-04 08:07","ZooKeeperServer.java","72725","237211","309936"
"2019-07-08 23:26","ZooKeeperServer.java","72747","246486","319233"
"2019-01-23 14:00","ZooKeeperServer.java","72719","234409","307128"
"2019-02-13 13:19","ZooKeeperServer.java","72726","236921","309647"
"2019-05-14 17:11","ZooKeeperServer.java","72747","242377","315124"
"2009-01-15 23:57","ZooKeeperServer.java","8201","25560","33761"
"2013-01-25 02:17","ZooKeeperServer.java","17717","137080","154797"
"2015-07-10 08:19","ZooKeeperServer.java","19733","171233","190966"
"2009-02-20 01:23","ZooKeeperServer.java","9351","40336","49687"
"2009-02-06 22:19","ZooKeeperServer.java","9246","40091","49337"
"2019-06-04 10:55","ZooKeeperServer.java","72747","243194","315941"
"2011-06-14 07:14","ZooKeeperServer.java","14949","123335","138284"
"2009-02-27 20:00","ZooKeeperServer.java","9357","40368","49725"
"2019-04-09 15:35","ZooKeeperServer.java","72725","238545","311270"
"2019-08-03 08:42","ZooKeeperServer.java","72747","258418","331165"
"2019-05-15 11:56","ZooKeeperServer.java","72747","242464","315211"
"2019-05-22 11:39","ZooKeeperServer.java","72747","242910","315657"
"2019-04-22 19:15","ZooKeeperServer.java","72747","240492","313239"
"2018-02-23 23:49","ZooKeeperServer.java","20718","183307","204025"
"2016-11-16 06:21","ZooKeeperServer.java","20033","178704","198737"
"2012-12-19 19:07","ZooKeeperServer.java","17672","135997","153669"
"2017-08-18 06:32","ZooKeeperServer.java","20630","177985","198615"
"2009-01-16 00:48","ZooKeeperServer.java","8383","25761","34144"
"2017-06-26 00:16","ZooKeeperServer.java","20596","177943","198539"
"2009-02-02 23:26","ZooKeeperServer.java","9067","37833","46900"
"2019-09-10 04:26","ZooKeeperServer.java","72747","258755","331502"
"2019-08-17 17:13","ZooKeeperServer.java","72747","257710","330457"
"2019-09-05 23:12","ZooKeeperServer.java","72747","258629","331376"
"2019-09-10 15:21","ZooKeeperServer.java","72747","258753","331500"
"2009-05-20 20:48","ZooKeeperServer.java","10098","67300","77398"
"2009-06-15 22:52","ZooKeeperServer.java","10441","70826","81267"
"2019-08-01 07:31","ZooKeeperServer.java","72747","258381","331128"
"2019-08-01 07:28","ZooKeeperServer.java","72747","257891","330638"
"2019-06-03 19:40","ZooKeeperServer.java","72747","243041","315788"
"2015-03-17 18:06","ZooKeeperServer.java","19686","168172","187858"
"2019-11-23 17:08","ZooKeeperServer.java","73200","262864","336064"
"2019-10-09 16:49","ZooKeeperServer.java","72747","261296","334043"
"2019-07-03 00:44","ZooKeeperServer.java","72747","245723","318470"
"2018-01-19 01:12","ZooKeeperServer.java","20684","182231","202915"
"2019-07-24 18:00","ZooKeeperServer.java","72747","254165","326912"
"2013-05-16 18:49","ZooKeeperServer.java","17971","141884","159855"
"2018-08-08 06:21","ZooKeeperServer.java","32783","200063","232846"
"2018-05-09 23:57","ZooKeeperServer.java","20753","184847","205600"
"2009-11-07 01:48","ZooKeeperServer.java","12449","86796","99245"
"2009-12-18 03:19","ZooKeeperServer.java","12916","95733","108649"
"2010-01-26 01:17","ZooKeeperServer.java","13173","99440","112613"
"2019-12-27 22:33","ZooKeeperServer.java","73200","266841","340041"
"2016-08-13 15:01","ZooKeeperServer.java","19919","174689","194608"
"2018-09-11 00:17","ZooKeeperServer.java","49078","217262","266340"
"2019-11-18 09:05","ZooKeeperServer.java","73200","261307","334507"
"2019-10-10 14:37","ZooKeeperServer.java","72747","261463","334210"
"2019-09-16 23:26","ZooKeeperServer.java","72747","260729","333476"
"2013-10-08 01:35","ZooKeeperServer.java","18045","144762","162807"
"2017-06-23 18:39","ZooKeeperServer.java","20578","177945","198523"
"2009-08-07 01:23","ZooKeeperServer.java","11016","81394","92410"
"2011-12-28 07:07","ZooKeeperServer.java","16836","125696","142532"
"2019-12-03 10:01","ZooKeeperServer.java","73200","264766","337966"
"2020-03-25 03:38","ZooKeeperServer.java","73200","270948","344148"
"2010-03-12 19:26","ZooKeeperServer.java","13215","108881","122096"
"2019-11-28 12:24","ZooKeeperServer.java","73200","263069","336269"
"2019-11-06 15:21","ZooKeeperServer.java","72747","261679","334426"
"2011-05-20 01:17","ZooKeeperServer.java","14928","122183","137111"
"2010-07-29 23:10","ZooKeeperServer.java","13876","124077","137953"
"2011-09-17 02:36","ZooKeeperServer.java","16502","125131","141633"
"2020-04-12 11:14","ZooKeeperServer.java","73200","271701","344901"
"2011-09-14 08:56","ZooKeeperServer.java","14000","125189","139189"
"2011-08-21 02:53","ZooKeeperServer.java","13923","122564","136487"
"2010-08-18 08:24","ZooKeeperServer.java","14186","129577","143763"
"2013-10-09 22:21","ZooKeeperServer.java","18075","147032","165107"
"2008-10-22 01:49","ZooKeeperServer.java","3150","14889","18039"
"2008-12-02 01:13","ZooKeeperServer.java","4143","21230","25373"
"2015-03-08 23:07","ZooKeeperServer.java","19681","167119","186800"
"2018-06-08 16:52","ZooKeeperServer.java","20754","185597","206351"
"2018-06-15 07:41","ZooKeeperServer.java","20768","185614","206382"
"2018-07-28 04:37","ZooKeeperServer.java","23971","190347","214318"
"2019-04-18 19:17","ZooKeeperServer.java","72747","240227","312974"
"2012-03-15 17:47","ZooKeeperServer.java","16933","127751","144684"
"2014-03-25 22:13","ZooKeeperServer.java","18186","151554","169740"
"2011-04-12 09:14","ZooKeeperServer.java","14907","121343","136250"
"2019-10-10 14:37","ZKTestCase.java","3717","7470","11187"
"2019-11-14 16:44","ZKTestCase.java","4026","12053","16079"
"2019-11-28 12:24","ZKTestCase.java","9316","14222","23538"
"2019-08-17 17:13","ServerAdminClient.java","223799","255234","479033"
"2020-03-26 22:20","InstanceContainer.java","176653","271004","447657"
"2019-08-17 17:13","InstanceContainer.java","175348","256659","432007"
"2017-09-11 18:55","InstanceContainer.java","25763","76202","101965"
"2018-08-06 14:11","InstanceContainer.java","44633","104455","149088"
"2019-07-23 15:55","SSLAuthTest.java","5092","15769","20861"
"2019-08-17 17:13","SSLAuthTest.java","29523","44192","73715"
"2019-08-17 17:13","NioNettySuiteBase.java","36458","67761","104219"
"2018-12-15 07:34","X509AuthenticationProvider.java","87714","61890","149604"
"2018-11-07 02:29","X509AuthenticationProvider.java","85982","55461","141443"
"2019-06-03 19:40","X509AuthenticationProvider.java","95513","82447","177960"
"2019-08-17 17:13","X509AuthenticationProvider.java","109882","111485","221367"
"2019-07-29 17:15","JType.java","167551","254590","422141"
"2019-07-31 19:06","Commands.java","156177","173503","329680"
"2019-11-29 14:49","Commands.java","159392","183968","343360"
"2018-11-17 18:37","Commands.java","147632","133726","281358"
"2019-08-17 17:13","Commands.java","156211","174230","330441"
"2019-06-29 00:33","Commands.java","155540","161546","317086"
"2019-06-03 19:40","Commands.java","154307","157657","311964"
"2019-07-15 14:15","Commands.java","155541","168979","324520"
"2019-07-25 23:43","Commands.java","155543","170098","325641"
"2019-06-05 12:14","Commands.java","154307","158184","312491"
"2019-08-06 01:43","Commands.java","156190","175091","331281"
"2019-05-27 10:54","Commands.java","154287","157626","311913"
"2019-06-04 10:55","Commands.java","154307","157810","312117"
"2019-05-15 11:56","Commands.java","154284","157057","311341"
"2019-12-03 10:01","Commands.java","159392","184014","343406"
"2019-11-20 07:00","Commands.java","159196","180371","339567"
"2019-08-17 17:13","KeyStoreFileType.java","25828","29979","55807"
"2014-06-25 19:06","AsyncCallback.java","30615","102297","132912"
"2019-09-05 22:59","AsyncCallback.java","146226","257879","404105"
"2012-12-19 19:16","AsyncCallback.java","28082","81233","109315"
"2019-01-16 14:21","AsyncCallback.java","146178","233179","379357"
"2019-02-07 11:26","AsyncCallback.java","146179","235532","381711"
"2019-08-17 17:13","AsyncCallback.java","146226","257247","403473"
"2017-07-28 00:36","AsyncCallback.java","35259","126174","161433"
"2013-02-03 15:52","AsyncCallback.java","28127","81771","109898"
"2019-02-12 15:31","X509UtilTest.java","6852","13105","19957"
"2019-01-24 11:53","X509UtilTest.java","6572","10990","17562"
"2019-01-25 14:32","X509UtilTest.java","6575","11052","17627"
"2019-01-14 19:40","X509UtilTest.java","6413","9240","15653"
"2019-07-15 14:46","X509UtilTest.java","12644","35920","48564"
"2019-08-17 17:13","X509UtilTest.java","35700","63127","98827"
"2019-09-18 16:03","X509UtilTest.java","37124","67468","104592"
"2019-02-12 15:31","X509UtilTest.java","395","2230","2625"
"2019-01-25 14:32","X509UtilTest.java","4","63","67"
"2019-07-15 14:46","X509UtilTest.java","6552","25410","31962"
"2019-08-17 17:13","X509UtilTest.java","30043","53052","83095"
"2019-09-18 16:03","X509UtilTest.java","31513","57439","88952"
"2019-08-17 17:13","Emulate353TTLTest.java","109885","111461","221346"
"2020-03-25 03:38","ObserverRequestProcessor.java","12133","24918","37051"
"2019-02-12 15:31","X509UtilTest.java","8262","16754","25016"
"2018-12-15 07:34","X509UtilTest.java","1435","3674","5109"
"2019-01-24 11:53","X509UtilTest.java","7982","14639","22621"
"2019-01-25 14:32","X509UtilTest.java","7985","14701","22686"
"2019-01-14 19:40","X509UtilTest.java","7831","12897","20728"
"2019-07-15 14:46","X509UtilTest.java","14014","39529","53543"
"2019-08-17 17:13","X509UtilTest.java","36426","66092","102518"
"2019-09-18 16:03","X509UtilTest.java","37850","70433","108283"
"2019-02-12 15:31","X509UtilTest.java","9109","20059","29168"
"2018-12-15 07:34","X509UtilTest.java","2347","7044","9391"
"2019-01-24 11:53","X509UtilTest.java","8873","17988","26861"
"2018-11-27 10:02","X509UtilTest.java","931","3389","4320"
"2019-01-25 14:32","X509UtilTest.java","8876","18050","26926"
"2019-01-14 19:40","X509UtilTest.java","8743","16267","25010"
"2019-07-15 14:46","X509UtilTest.java","14790","42763","57553"
"2019-08-17 17:13","X509UtilTest.java","36682","68806","105488"
"2019-09-18 16:03","X509UtilTest.java","38106","73147","111253"
"2019-11-08 17:30","FinalRequestProcessor.java","32343","59985","92328"
"2019-07-08 23:26","FinalRequestProcessor.java","5422","16226","21648"
"2019-01-16 23:23","FinalRequestProcessor.java","2304","312","2616"
"2019-04-12 19:01","FinalRequestProcessor.java","1066","4901","5967"
"2019-02-07 11:26","FinalRequestProcessor.java","20","380","400"
"2019-01-14 19:38","FinalRequestProcessor.java","2998","318","3316"
"2019-09-10 04:26","FinalRequestProcessor.java","31364","54437","85801"
"2019-08-17 17:13","FinalRequestProcessor.java","30126","52154","82280"
"2019-06-26 10:57","FinalRequestProcessor.java","5184","15062","20246"
"2019-08-01 07:28","FinalRequestProcessor.java","8169","30378","38547"
"2019-07-03 00:44","FinalRequestProcessor.java","5354","15395","20749"
"2019-08-06 17:11","FinalRequestProcessor.java","8536","31665","40201"
"2020-03-25 03:38","FinalRequestProcessor.java","39299","74112","113411"
"2019-09-16 23:26","FinalRequestProcessor.java","31406","56453","87859"
"2019-10-10 14:37","FinalRequestProcessor.java","32189","57970","90159"
"2019-11-21 05:58","FinalRequestProcessor.java","37251","62446","99697"
"2019-11-18 09:05","FinalRequestProcessor.java","37241","62413","99654"
"2019-11-11 13:59","FinalRequestProcessor.java","32374","61812","94186"
"2020-03-26 22:12","FinalRequestProcessor.java","39352","74167","113519"
"2019-08-17 17:13","StandardTypeFileKeyStoreLoader.java","25828","29979","55807"
"2019-10-10 14:37","FastLeaderElection.java","2899","3272","6171"
"2020-04-07 09:07","FastLeaderElection.java","11727","21721","33448"
"2019-08-17 17:13","DatadirCleanupManagerTest.java","218914","255966","474880"
"2019-08-17 17:13","CommitProcessor.java","24898","24190","49088"
"2020-03-25 03:38","CommitProcessor.java","35488","47565","83053"
"2019-10-10 14:37","CommitProcessor.java","27642","30687","58329"
"2019-11-11 13:55","CommitProcessor.java","27828","32828","60656"
"2019-12-27 22:33","CommitProcessor.java","33657","41627","75284"
"2019-08-17 17:13","CommitProcessor.java","29822","48965","78787"
"2019-07-30 02:31","CommitProcessor.java","7514","24578","32092"
"2019-08-03 08:42","CommitProcessor.java","7938","27789","35727"
"2019-04-25 02:11","CommitProcessor.java","456","3319","3775"
"2020-03-25 03:38","CommitProcessor.java","39314","71242","110556"
"2019-10-10 14:37","CommitProcessor.java","31910","54806","86716"
"2019-11-11 13:55","CommitProcessor.java","32088","56939","89027"
"2019-12-27 22:33","CommitProcessor.java","37710","65531","103241"
"2015-07-07 07:11","GetTest.java","22280","76443","98723"
"2020-03-25 03:38","ZooKeeperServerBean.java","11920","21686","33606"
"2019-11-14 03:54","ZooKeeperServerBean.java","3752","8742","12494"
"2020-04-30 18:53","ZooKeeperServerBean.java","12636","23302","35938"
"2019-12-27 22:33","DataTreeTest.java","9400","15166","24566"
"2019-10-09 16:38","DataTreeTest.java","1824","2409","4233"
"2019-08-27 09:23","LockListener.java","178405","257525","435930"
"2019-11-11 13:59","GetAclCommand.java","221901","263345","485246"
"2017-05-27 00:52","GetAclCommand.java","6695","9371","16066"
"2019-01-31 15:55","GetAclCommand.java","221735","233428","455163"
"2019-08-17 17:13","GetAclCommand.java","221853","255887","477740"
"2019-07-23 15:55","SSLAuthTest.java","217153","252091","469244"
"2019-08-17 17:13","SSLAuthTest.java","217153","256083","473236"
"2019-06-03 19:40","SSLAuthTest.java","217152","241413","458565"
"2016-05-02 18:15","SSLAuthTest.java","6164","9794","15958"
"2018-12-15 07:34","SSLAuthTest.java","217041","228544","445585"
"2019-02-13 13:12","SSLAuthTest.java","217063","234939","452002"
"2018-10-16 16:22","SSLAuthTest.java","196213","233540","429753"
"2018-12-20 07:24","SSLAuthTest.java","217042","229472","446514"
"2016-06-23 19:42","SSLAuthTest.java","6454","10671","17125"
"2016-09-18 23:21","ZooKeeperServerMainTest.java","235","895","1130"
"2017-01-13 19:29","ZooKeeperServerMainTest.java","1557","6892","8449"
"2019-06-03 19:40","ZooKeeperServerMainTest.java","222019","241217","463236"
"2019-08-17 17:13","ZooKeeperServerMainTest.java","222020","255887","477907"
"2018-09-11 15:23","ZooKeeperServerMainTest.java","107428","122021","229449"
"2017-01-05 22:32","ZooKeeperServerMainTest.java","1472","6437","7909"
"2019-07-29 17:15","BinaryInputArchiveTest.java","216214","253683","469897"
"2019-09-26 08:55","BinaryInputArchiveTest.java","216214","259407","475621"
"2019-01-02 15:10","BinaryInputArchiveTest.java","216103","230010","446113"
"2015-07-07 07:11","BinaryInputArchiveTest.java","2508","5325","7833"
"2019-02-12 15:31","X509UtilTest.java","391","2167","2558"
"2019-07-15 14:46","X509UtilTest.java","6548","25347","31895"
"2019-08-17 17:13","X509UtilTest.java","30046","52996","83042"
"2019-09-18 16:03","X509UtilTest.java","31516","57383","88899"
"2017-05-27 00:52","CreateCommand.java","6695","9371","16066"
"2019-08-17 17:13","CreateCommand.java","221853","255887","477740"
"2018-05-09 23:57","CreateCommand.java","10104","19827","29931"
"2017-01-07 01:09","Zab1_0Test.java","11083","34960","46043"
"2015-12-06 21:30","Zab1_0Test.java","5603","22714","28317"
"2019-12-17 13:48","Zab1_0Test.java","204982","264723","469705"
"2015-07-07 07:11","Zab1_0Test.java","5232","20792","26024"
"2019-12-27 22:33","Zab1_0Test.java","204982","266272","471254"
"2019-10-10 14:37","Zab1_0Test.java","203543","259908","463451"
"2015-05-14 18:40","Zab1_0Test.java","3756","18016","21772"
"2019-08-17 17:13","Zab1_0Test.java","203543","256155","459698"
"2019-06-03 19:40","Zab1_0Test.java","203543","241486","445029"
"2018-05-10 06:00","Zab1_0Test.java","17750","46336","64086"
"2017-11-28 00:10","Zab1_0Test.java","16919","42516","59435"
"2017-08-18 06:32","Zab1_0Test.java","16350","37912","54262"
"2017-02-12 00:12","Zab1_0Test.java","13930","35053","48983"
"2019-11-08 17:30","FinalRequestProcessor.java","183022","262518","445540"
"2019-07-08 23:26","FinalRequestProcessor.java","183022","245680","428702"
"2019-01-16 23:23","FinalRequestProcessor.java","182957","232819","415776"
"2018-09-18 01:00","FinalRequestProcessor.java","108525","177083","285608"
"2019-04-12 19:01","FinalRequestProcessor.java","183023","238712","421735"
"2019-02-07 11:26","FinalRequestProcessor.java","182958","235172","418130"
"2019-01-14 19:38","FinalRequestProcessor.java","182956","232130","415086"
"2013-03-07 07:01","FinalRequestProcessor.java","12962","34896","47858"
"2019-01-09 17:22","FinalRequestProcessor.java","182958","234812","417770"
"2015-06-04 19:51","FinalRequestProcessor.java","21570","70562","92132"
"2019-09-10 04:26","FinalRequestProcessor.java","183022","257949","440971"
"2019-08-17 17:13","FinalRequestProcessor.java","183022","256904","439926"
"2016-10-07 21:51","FinalRequestProcessor.java","24929","78972","103901"
"2014-01-24 07:18","FinalRequestProcessor.java","13818","44485","58303"
"2019-06-26 10:57","FinalRequestProcessor.java","183022","244754","427776"
"2019-08-01 07:28","FinalRequestProcessor.java","183022","257085","440107"
"2019-07-03 00:44","FinalRequestProcessor.java","183022","244917","427939"
"2016-03-23 00:30","FinalRequestProcessor.java","24358","74894","99252"
"2019-08-06 17:11","FinalRequestProcessor.java","183022","258005","441027"
"2015-03-17 18:06","FinalRequestProcessor.java","21260","67918","89178"
"2018-07-10 12:46","FinalRequestProcessor.java","36549","99877","136426"
"2020-03-25 03:38","FinalRequestProcessor.java","184120","270787","454907"
"2019-09-16 23:26","FinalRequestProcessor.java","183022","259923","442945"
"2019-10-10 14:37","FinalRequestProcessor.java","183022","260657","443679"
"2019-11-21 05:58","FinalRequestProcessor.java","184120","261169","445289"
"2019-11-18 09:05","FinalRequestProcessor.java","184120","261146","445266"
"2012-12-19 19:16","FinalRequestProcessor.java","12314","29692","42006"
"2011-10-20 20:02","FinalRequestProcessor.java","6267","11479","17746"
"2011-10-28 18:59","FinalRequestProcessor.java","6687","12150","18837"
"2019-11-11 13:59","FinalRequestProcessor.java","183022","264314","447336"
"2020-03-26 22:12","FinalRequestProcessor.java","184120","270789","454909"
"2014-04-17 08:47","FinalRequestProcessor.java","19911","53137","73048"
"2014-04-29 02:23","FinalRequestProcessor.java","19917","53849","73766"
"2013-10-09 22:21","FinalRequestProcessor.java","13635","40764","54399"
"2011-09-14 08:56","FinalRequestProcessor.java","1185","10546","11731"
"2019-10-10 14:37","ZooTrace.java","3717","7470","11187"
"2019-10-10 14:37","ClientCnxnSocketNIO.java","175780","260412","436192"
"2012-10-31 18:24","ClientCnxnSocketNIO.java","4539","11273","15812"
"2014-12-20 15:29","ClientCnxnSocketNIO.java","15965","55497","71462"
"2019-04-09 15:35","ClientCnxnSocketNIO.java","175723","237459","413182"
"2019-08-03 08:42","ClientCnxnSocketNIO.java","175780","257367","433147"
"2014-07-17 22:56","ClientCnxnSocketNIO.java","15357","47577","62934"
"2019-08-17 17:13","ClientCnxnSocketNIO.java","175780","256659","432439"
"2016-05-02 18:15","ClientCnxnSocketNIO.java","20643","66222","86865"
"2018-11-22 17:56","ClientCnxnSocketNIO.java","175703","225279","400982"
"2012-09-09 20:24","ClientCnxnSocketNIO.java","4523","11074","15597"
"2011-04-12 09:14","LogSkipList.java","15099","14937","30036"
"2019-10-10 14:37","SaslAuthFailDesignatedClientTest.java","197520","260119","457639"
"2016-05-02 18:15","SaslAuthFailDesignatedClientTest.java","16284","39830","56114"
"2019-08-17 17:13","SaslAuthFailDesignatedClientTest.java","197520","256366","453886"
"2014-02-12 17:00","LearnerHandler.java","29764","88401","118165"
"2014-03-23 04:12","LearnerHandler.java","29887","88911","118798"
"2010-01-25 04:28","LearnerHandler.java","1844","5407","7251"
"2019-10-10 14:37","LearnerHandler.java","154511","260932","415443"
"2015-06-05 20:38","LearnerHandler.java","32201","108916","141117"
"2015-06-05 20:51","LearnerHandler.java","32201","108943","141144"
"2015-06-12 23:02","LearnerHandler.java","32211","109051","141262"
"2010-03-11 15:05","LearnerHandler.java","10910","23902","34812"
"2011-04-12 09:14","LearnerHandler.java","21659","45800","67459"
"2013-09-26 14:05","LearnerHandler.java","29337","81283","110620"
"2019-07-03 20:54","LearnerHandler.java","154511","245173","399684"
"2011-09-14 08:56","LearnerHandler.java","20863","57944","78807"
"2011-08-30 08:37","LearnerHandler.java","20722","56594","77316"
"2010-07-29 23:10","LearnerHandler.java","15345","43251","58596"
"2011-09-17 02:36","LearnerHandler.java","23566","58087","81653"
"2012-04-23 01:20","LearnerHandler.java","27485","65301","92786"
"2013-06-28 23:22","LearnerHandler.java","29320","80836","110156"
"2018-09-18 01:00","LearnerHandler.java","94687","190965","285652"
"2010-11-04 17:01","LearnerHandler.java","16657","79835","96492"
"2012-02-06 09:40","LearnerHandler.java","25706","61196","86902"
"2013-05-14 14:27","LearnerHandler.java","29144","78923","108067"
"2018-08-03 18:52","LearnerHandler.java","53071","145773","198844"
"2011-01-22 20:38","LearnerHandler.java","17324","82600","99924"
"2018-12-09 03:16","LearnerHandler.java","154459","229785","384244"
"2019-04-12 19:01","LearnerHandler.java","154511","238986","393497"
"2013-03-07 07:01","LearnerHandler.java","29118","78772","107890"
"2017-11-28 00:10","LearnerHandler.java","36389","123671","160060"
"2019-06-29 00:33","LearnerHandler.java","154511","245166","399677"
"2013-05-11 15:35","LearnerHandler.java","29123","78825","107948"
"2019-07-25 21:41","LearnerHandler.java","154511","253662","408173"
"2019-08-23 19:43","LearnerHandler.java","154511","257845","412356"
"2019-08-17 17:13","LearnerHandler.java","154511","257179","411690"
"2017-06-26 00:16","LearnerHandler.java","36129","119368","155497"
"2017-08-03 20:28","LearnerHandler.java","36154","119041","155195"
"2012-07-29 07:02","LearnerHandler.java","27568","66787","94355"
"2019-05-06 17:48","LearnerHandler.java","154511","241492","396003"
"2019-08-03 08:42","LearnerHandler.java","154511","257887","412398"
"2019-04-22 19:15","LearnerHandler.java","154511","239961","394472"
"2011-06-14 07:14","LearnerHandler.java","21821","47912","69733"
"2019-07-23 15:55","SSLAuthTest.java","220587","251895","472482"
"2019-08-17 17:13","SSLAuthTest.java","220587","255887","476474"
"2019-06-03 19:40","SSLAuthTest.java","220586","241217","461803"
"2018-12-15 07:34","SSLAuthTest.java","220467","228340","448807"
"2019-02-13 13:12","SSLAuthTest.java","220490","234736","455226"
"2018-10-16 16:22","SSLAuthTest.java","199150","232847","431997"
"2018-12-20 07:24","SSLAuthTest.java","220468","229268","449736"
"2016-06-23 19:42","SSLAuthTest.java","311","898","1209"
"2019-08-01 07:31","ObserverRequestProcessor.java","218393","256649","475042"
"2019-08-17 17:13","ObserverRequestProcessor.java","218393","255978","474371"
"2016-10-07 21:51","ObserverRequestProcessor.java","6482","11533","18015"
"2020-03-25 03:38","ObserverRequestProcessor.java","219939","270309","490248"
"2018-06-08 16:52","ZooKeeperServerMain.java","25950","80773","106723"
"2019-04-18 19:17","ZooKeeperServerMain.java","178243","239145","417388"
"2019-11-11 13:59","ZooKeeperServerMain.java","178271","264066","442337"
"2019-11-28 12:24","ZooKeeperServerMain.java","179553","262844","442397"
"2019-11-25 15:37","ZooKeeperServerMain.java","179553","262746","442299"
"2016-08-13 15:01","ZooKeeperServerMain.java","20025","64775","84800"
"2015-06-04 19:51","ZooKeeperServerMain.java","15505","56305","71810"
"2019-08-17 17:13","ZooKeeperServerMain.java","178243","256628","434871"
"2015-03-17 18:06","ZooKeeperServerMain.java","15170","53636","68806"
"2017-07-28 00:36","ZooKeeperServerMain.java","24764","71714","96478"
"2013-12-07 11:16","ZooKeeperServerMain.java","6959","26788","33747"
"2019-04-12 19:01","ZooKeeperServerMain.java","178243","238435","416678"
"2018-09-11 15:23","ZooKeeperServerMain.java","109090","168201","277291"
"2014-07-18 02:19","ZooKeeperServerMain.java","14545","47038","61583"
"2017-02-12 00:12","ZooKeeperServerMain.java","23138","70034","93172"
"2014-05-09 23:37","LearnerTest.java","17628","44764","62392"
"2020-02-16 10:25","LearnerTest.java","178223","268611","446834"
"2020-01-28 17:26","LearnerTest.java","178223","268369","446592"
"2015-03-15 08:54","LearnerTest.java","19024","57917","76941"
"2015-12-06 21:30","LearnerTest.java","20716","64963","85679"
"2019-08-17 17:13","LearnerTest.java","177002","256750","433752"
"2019-07-12 17:01","LearnerTest.java","177002","252063","429065"
"2019-02-13 13:12","LearnerTest.java","176954","235648","412602"
"2012-01-31 07:45","LearnerTest.java","4549","5091","9640"
"2019-11-29 14:49","LearnerTest.java","178223","264528","442751"
"2019-08-17 17:13","QuorumPeerConfigTest.java","156245","174230","330475"
"2018-10-16 16:22","QuorumPeerConfigTest.java","114696","131078","245774"
"2018-12-15 07:34","QuorumPeerConfigTest.java","147670","138228","285898"
"2019-04-18 19:17","QuorumPeerConfigTest.java","154294","154796","309090"
"2020-05-14 18:18","QuorumPeerConfigTest.java","159865","191715","351580"
"2015-10-18 19:00","QuorumPeer.java","16965","59614","76579"
"2018-12-20 15:13","QuorumPeer.java","177765","230142","407907"
"2019-05-16 16:25","QuorumPeer.java","177843","241449","419292"
"2018-10-16 16:22","QuorumPeer.java","158838","236042","394880"
"2019-06-14 09:06","QuorumPeer.java","177843","244648","422491"
"2018-12-07 12:41","QuorumPeer.java","177764","227155","404919"
"2012-04-23 01:20","QuorumPeer.java","2995","5321","8316"
"2012-07-17 23:19","QuorumPeer.java","3061","6159","9220"
"2019-03-11 19:47","QuorumPeer.java","177784","236589","414373"
"2012-02-27 03:41","QuorumPeer.java","396","637","1033"
"2014-07-18 02:19","QuorumPeer.java","14905","47820","62725"
"2019-02-13 13:12","QuorumPeer.java","177785","235538","413323"
"2019-04-12 19:01","QuorumPeer.java","177843","238457","416300"
"2018-12-09 03:16","QuorumPeer.java","177764","229229","406993"
"2018-09-11 15:23","QuorumPeer.java","109261","168794","278055"
"2019-11-29 14:49","QuorumPeer.java","179151","264515","443666"
"2013-03-07 07:01","QuorumPeer.java","6291","20455","26746"
"2018-12-15 07:34","QuorumPeer.java","177764","229144","406908"
"2018-11-27 10:02","QuorumPeer.java","177764","226905","404669"
"2018-09-18 01:00","QuorumPeer.java","109323","170111","279434"
"2019-06-03 19:40","QuorumPeer.java","177843","241981","419824"
"2019-07-15 14:15","QuorumPeer.java","177843","252069","429912"
"2015-03-17 18:06","QuorumPeer.java","15528","54416","69944"
"2019-07-03 00:44","QuorumPeer.java","177843","244663","422506"
"2019-08-17 17:13","QuorumPeer.java","177843","256650","434493"
"2015-06-27 02:03","QuorumPeer.java","15881","57458","73339"
"2017-11-28 00:10","QuorumPeer.java","25581","77373","102954"
"2014-01-21 04:50","QuorumPeer.java","7451","28765","36216"
"2014-06-04 22:07","QuorumPeer.java","14157","41272","55429"
"2018-01-30 08:02","QuorumPeer.java","25914","77859","103773"
"2019-05-15 11:56","QuorumPeer.java","177843","241404","419247"
"2019-06-05 00:33","QuorumPeer.java","177843","242371","420214"
"2019-05-20 23:13","QuorumPeer.java","177843","241522","419365"
"2019-06-04 10:55","QuorumPeer.java","177843","242134","419977"
"2019-07-12 17:01","QuorumPeer.java","177843","251963","429806"
"2020-01-09 11:27","QuorumPeer.java","179151","266061","445212"
"2017-02-09 11:40","QuorumPeer.java","21537","72105","93642"
"2017-07-06 18:48","QuorumPeer.java","24605","72859","97464"
"2018-10-01 06:11","QuorumPeer.java","109486","172853","282339"
"2015-04-09 20:16","QuorumPeer.java","15556","55507","71063"
"2013-10-07 21:08","QuorumPeer.java","6985","23965","30950"
"2013-09-30 22:20","QuorumPeer.java","6802","23351","30153"
"2018-07-04 17:11","QuorumPeer.java","33969","89475","123444"
"2019-12-17 13:48","QuorumPeer.java","179151","265087","444238"
"2015-12-07 05:59","QuorumPeer.java","17208","60615","77823"
"2020-01-23 13:43","QuorumPeer.java","179151","267885","447036"
"2016-06-23 23:45","QuorumPeer.java","20074","64551","84625"
"2016-06-23 23:25","QuorumPeer.java","20075","64444","84519"
"2014-03-23 04:12","QuorumPeer.java","7744","31278","39022"
"2013-09-26 00:13","QuorumPeer.java","6775","23080","29855"
"2014-07-18 20:48","QuorumPeer.java","14941","48315","63256"
"2014-07-04 04:19","QuorumPeer.java","14203","42961","57164"
"2018-12-06 10:56","QuorumPeer.java","177764","227099","404863"
"2014-06-25 15:04","QuorumPeer.java","14167","41779","55946"
"2014-03-28 01:58","QuorumPeer.java","7759","31711","39470"
"2013-10-21 23:36","QuorumPeer.java","7230","26952","34182"
"2019-10-10 14:37","QuorumPeer.java","177843","260403","438246"
"2013-11-07 06:41","QuorumPeer.java","7303","27456","34759"
"2017-07-27 23:09","QuorumPeer.java","25053","72321","97374"
"2014-05-18 05:49","QuorumPeer.java","14140","40766","54906"
"2014-03-25 22:13","QuorumPeer.java","7756","31526","39282"
"2018-06-26 11:18","QuorumPeer.java","26243","81731","107974"
"2018-07-27 12:32","QuorumPeer.java","44309","101015","145324"
"2019-04-18 19:17","QuorumPeer.java","177843","239167","417010"
"2013-10-09 22:21","QuorumPeer.java","7220","26579","33799"
"2016-12-20 14:47","QuorumPeer.java","21422","70855","92277"
"2017-05-11 16:59","QuorumPeer.java","24369","71756","96125"
"2014-07-03 06:01","QuorumPeer.java","14195","42531","56726"
"2014-08-14 08:08","QuorumPeer.java","15074","49309","64383"
"2014-08-01 07:38","QuorumPeer.java","15073","48887","63960"
"2014-07-20 04:50","QuorumPeer.java","14973","48409","63382"
"2016-06-02 00:59","QuorumPeer.java","20053","64053","84106"
"2020-02-16 10:25","QuorumPeer.java","179151","268598","447749"
"2019-08-17 17:13","JettyAdminServer.java","25352","28338","53690"
"2020-05-05 09:18","JettyAdminServer.java","38990","55738","94728"
"2019-10-10 14:37","JettyAdminServer.java","27820","34559","62379"
"2020-03-26 22:20","InstanceContainer.java","179499","271066","450565"
"2011-10-25 08:09","InstanceContainer.java","6924","16828","23752"
"2019-08-17 17:13","InstanceContainer.java","178405","256932","435337"
"2017-09-11 18:55","InstanceContainer.java","27844","88187","116031"
"2018-08-06 14:11","InstanceContainer.java","45271","114997","160268"
"2019-08-01 07:31","ObserverRequestProcessor.java","223293","256498","479791"
"2019-08-17 17:13","ObserverRequestProcessor.java","223293","255827","479120"
"2020-03-25 03:38","ObserverRequestProcessor.java","224881","270200","495081"
"2019-02-12 15:31","X509UtilTest.java","543","3969","4512"
"2019-01-24 11:53","X509UtilTest.java","169","1760","1929"
"2019-01-25 14:32","X509UtilTest.java","172","1822","1994"
"2019-07-15 14:46","X509UtilTest.java","6674","27123","33797"
"2019-08-17 17:13","X509UtilTest.java","29919","54519","84438"
"2019-09-18 16:03","X509UtilTest.java","31345","58862","90207"
"2019-08-17 17:13","ClientReconnectTest.java","29685","44894","74579"
"2020-05-17 15:13","ClientReconnectTest.java","43507","72661","116168"
"2018-06-08 16:52","ZooKeeperServerMain.java","41047","99676","140723"
"2019-04-18 19:17","ZooKeeperServerMain.java","187414","239503","426917"
"2011-04-12 09:14","ZooKeeperServerMain.java","14662","5707","20369"
"2019-11-11 13:59","ZooKeeperServerMain.java","187413","264395","451808"
"2012-03-06 09:20","ZooKeeperServerMain.java","21849","25655","47504"
"2019-11-28 12:24","ZooKeeperServerMain.java","188486","262964","451450"
"2019-11-25 15:37","ZooKeeperServerMain.java","188486","262866","451352"
"2016-08-13 15:01","ZooKeeperServerMain.java","37364","85920","123284"
"2015-06-04 19:51","ZooKeeperServerMain.java","34427","79033","113460"
"2019-08-17 17:13","ZooKeeperServerMain.java","187413","256985","444398"
"2015-03-17 18:06","ZooKeeperServerMain.java","34222","76494","110716"
"2017-07-28 00:36","ZooKeeperServerMain.java","40434","91190","131624"
"2013-12-07 11:16","ZooKeeperServerMain.java","26902","50537","77439"
"2019-04-12 19:01","ZooKeeperServerMain.java","187414","238793","426207"
"2018-09-11 15:23","ZooKeeperServerMain.java","119476","182393","301869"
"2014-07-18 02:19","ZooKeeperServerMain.java","33820","70119","103939"
"2017-02-12 00:12","ZooKeeperServerMain.java","39549","90251","129800"
"2011-04-12 09:14","AsyncHammerTest.java","14727","25467","40194"
"2019-10-10 14:37","AsyncHammerTest.java","167723","260743","428466"
"2019-08-17 17:13","AsyncHammerTest.java","167723","256990","424713"
"2017-05-01 17:19","AsyncHammerTest.java","37578","108838","146416"
"2018-07-10 12:46","QuorumTest.java","43223","146586","189809"
"2019-08-17 17:13","QuorumTest.java","142084","257500","399584"
"2010-11-04 17:01","QuorumTest.java","18106","94032","112138"
"2012-12-13 08:14","QuorumTest.java","28958","84432","113390"
"2011-06-22 00:19","QuorumTest.java","23203","62161","85364"
"2010-03-19 07:46","QuorumTest.java","13499","39957","53456"
"2011-07-15 06:50","QuorumTest.java","21663","63445","85108"
"2010-08-18 08:24","QuorumTest.java","17950","63794","81744"
"2013-10-09 22:21","QuorumTest.java","29871","97035","126906"
"2010-03-31 06:26","QuorumTest.java","14591","40968","55559"
"2011-09-17 02:13","QuorumTest.java","24451","71315","95766"
"2010-07-29 23:10","QuorumTest.java","17168","57822","74990"
"2011-04-12 09:14","QuorumTest.java","22852","59741","82593"
"2009-08-11 07:44","QuorumTest.java","269","1333","1602"
"2009-08-07 01:23","QuorumTest.java","225","1056","1281"
"2019-10-10 14:37","QuorumTest.java","142084","261253","403337"
"2019-09-18 11:20","QuorumTest.java","142084","260412","402496"
"2009-09-16 02:09","QuorumTest.java","1372","3787","5159"
"2019-12-28 16:17","QuorumTest.java","142723","266724","409447"
"2009-08-25 07:45","QuorumTest.java","897","2806","3703"
"2009-10-30 17:19","QuorumTest.java","2820","6365","9185"
"2015-11-03 08:11","QuorumTest.java","32314","122806","155120"
"2011-07-29 10:14","QuorumTest.java","21737","66051","87788"
"2010-03-13 01:06","QuorumTest.java","13252","39382","52634"
"2019-10-10 14:37","SaslServerCallbackHandler.java","177213","260495","437708"
"2019-08-03 08:42","SaslServerCallbackHandler.java","177213","257450","434663"
"2019-08-17 17:13","SaslServerCallbackHandler.java","177213","256742","433955"
"2017-11-28 00:10","SaslServerCallbackHandler.java","28604","81118","109722"
"2016-10-17 10:27","SaslServerCallbackHandler.java","23774","70820","94594"
"2012-08-28 21:51","SaslServerCallbackHandler.java","7358","12252","19610"
"2019-10-10 14:37","NIOConnectionFactoryFdLeakTest.java","3717","7470","11187"
"2019-08-17 17:13","EphemeralType.java","29884","55054","84938"
"2019-06-03 19:40","EphemeralType.java","2089","12590","14679"
"2019-06-07 14:13","TruncateTest.java","224183","241337","465520"
"2019-08-17 17:13","TruncateTest.java","224184","255234","479418"
"2018-05-09 23:57","TruncateTest.java","1714","8453","10167"
"2019-07-12 17:01","TruncateTest.java","224184","250547","474731"
"2017-09-11 18:55","TruncateTest.java","178","356","534"
"2020-01-28 17:26","TruncateTest.java","225827","267275","493102"
"2019-12-03 10:01","CommandsTest.java","157190","184014","341204"
"2019-01-07 14:39","CommandsTest.java","151716","146776","298492"
"2018-09-18 01:00","CommandsTest.java","157","2359","2516"
"2019-04-12 19:01","CommandsTest.java","152061","154089","306150"
"2019-11-29 14:49","CommandsTest.java","157190","183968","341158"
"2019-08-17 17:13","CommandsTest.java","154012","174233","328245"
"2019-06-03 19:40","CommandsTest.java","152108","157660","309768"
"2019-06-29 00:33","CommandsTest.java","153341","161549","314890"
"2019-11-23 17:08","CommandsTest.java","157190","182112","339302"
"2019-06-04 10:55","CommandsTest.java","152108","157813","309921"
"2019-05-27 10:54","CommandsTest.java","152088","157629","309717"
"2019-04-12 19:01","ServerStats.java","154260","154086","308346"
"2019-01-07 14:39","ServerStats.java","153914","146772","300686"
"2019-08-17 17:13","ServerStats.java","156211","174230","330441"
"2015-03-17 18:06","NIOServerCnxnFactory.java","698","4073","4771"
"2019-07-03 00:44","NIOServerCnxnFactory.java","212834","244141","456975"
"2019-08-17 17:13","NIOServerCnxnFactory.java","212834","256128","468962"
"2019-08-03 08:42","NIOServerCnxnFactory.java","212834","256836","469670"
"2019-04-22 19:15","NIOServerCnxnFactory.java","212818","238894","451712"
"2018-11-23 11:51","NIOServerCnxnFactory.java","212723","224790","437513"
"2019-02-13 13:12","NIOServerCnxnFactory.java","212745","234985","447730"
"2018-10-24 04:03","NIOServerCnxnFactory.java","193000","234592","427592"
"2019-04-12 19:01","NIOServerCnxnFactory.java","212818","237919","450737"
"2018-06-15 08:02","NIOServerCnxnFactory.java","16777","36515","53292"
"2016-06-23 23:45","NIOServerCnxnFactory.java","7116","16080","23196"
"2019-10-10 14:37","NIOServerCnxnFactory.java","212834","259881","472715"
"2019-11-14 03:54","NIOServerCnxnFactory.java","212863","264166","477029"
"2019-11-28 12:24","DataTree.java","147105","263032","410137"
"2011-07-13 15:48","DataTree.java","20167","57634","77801"
"2011-06-25 08:13","DataTree.java","21743","56369","78112"
"2011-07-28 07:49","DataTree.java","20265","60178","80443"
"2019-10-10 14:37","DataTree.java","146226","261000","407226"
"2019-12-27 22:33","DataTree.java","147105","266804","413909"
"2015-06-06 03:48","DataTree.java","31466","116336","147802"
"2010-01-26 01:17","DataTree.java","3299","15624","18923"
"2019-11-11 13:59","DataTree.java","146226","264657","410883"
"2011-04-12 09:14","DataTree.java","21310","53804","75114"
"2018-07-10 13:29","DataTree.java","42817","141896","184713"
"2012-12-19 19:16","DataTree.java","28082","81233","109315"
"2014-04-17 08:47","DataTree.java","30449","99448","129897"
"2014-04-29 02:23","DataTree.java","30453","100158","130611"
"2010-07-05 20:20","DataTree.java","15209","48038","63247"
"2011-09-15 00:55","DataTree.java","22989","65635","88624"
"2011-09-28 22:17","DataTree.java","23157","65988","89145"
"2018-09-28 23:38","DataTree.java","89230","196135","285365"
"2011-09-17 02:36","DataTree.java","23132","65706","88838"
"2011-10-20 18:48","DataTree.java","24558","65549","90107"
"2019-11-08 17:30","DataTree.java","146226","262861","409087"
"2013-09-05 23:50","DataTree.java","28656","88079","116735"
"2019-01-30 16:28","DataTree.java","146178","234310","380488"
"2019-01-30 17:02","DataTree.java","146178","234854","381032"
"2016-11-24 17:18","DataTree.java","33819","126456","160275"
"2017-09-11 18:55","DataTree.java","35372","126850","162222"
"2011-07-01 00:53","DataTree.java","22197","59336","81533"
"2012-02-06 10:39","DataTree.java","25422","68972","94394"
"2011-12-21 21:39","DataTree.java","25000","67682","92682"
"2017-02-05 07:22","DataTree.java","33914","127990","161904"
"2014-07-18 02:19","DataTree.java","31032","107490","138522"
"2019-02-07 11:26","DataTree.java","146179","235532","381711"
"2013-03-07 07:01","DataTree.java","28446","86153","114599"
"2018-09-04 11:54","DataTree.java","89087","190908","279995"
"2018-09-05 22:35","DataTree.java","89086","191163","280249"
"2018-12-20 15:17","DataTree.java","146178","230799","376977"
"2019-09-10 09:53","DataTree.java","146226","258296","404522"
"2019-04-12 19:01","DataTree.java","146226","239054","385280"
"2019-07-31 19:06","DataTree.java","146226","256554","402780"
"2019-09-11 10:27","DataTree.java","146226","258603","404829"
"2013-10-22 12:54","DataTree.java","28969","92461","121430"
"2016-03-23 00:30","DataTree.java","33142","119451","152593"
"2019-08-01 07:31","DataTree.java","146226","257918","404144"
"2014-01-24 07:18","DataTree.java","29047","95487","124534"
"2009-11-12 23:48","DataTree.java","1130","6740","7870"
"2019-08-17 17:13","DataTree.java","146226","257247","403473"
"2019-09-10 15:21","DataTree.java","146226","258290","404516"
"2015-06-04 19:51","DataTree.java","31461","116226","147687"
"2016-10-07 21:51","DataTree.java","33598","123414","157012"
"2017-06-18 19:23","DataTree.java","35192","126356","161548"
"2019-04-12 12:29","DataTree.java","146226","238623","384849"
"2019-08-03 08:42","DataTree.java","146226","257955","404181"
"2019-08-09 16:15","DataTree.java","146226","258703","404929"
"2016-11-13 20:59","DataTree.java","33613","125682","159295"
"2019-04-29 16:49","DataTree.java","146226","241084","387310"
"2019-08-17 17:13","FileKeyStoreLoader.java","36682","68806","105488"
"2011-09-17 02:36","RestoreCommittedLogTest.java","5038","16385","21423"
"2016-08-24 01:36","RestoreCommittedLogTest.java","24546","81802","106348"
"2013-12-21 22:05","RestoreCommittedLogTest.java","13698","47076","60774"
"2019-05-20 12:24","RestoreCommittedLogTest.java","178498","241737","420235"
"2019-04-09 15:35","RestoreCommittedLogTest.java","178446","237738","416184"
"2019-08-17 17:13","RestoreCommittedLogTest.java","178497","256932","435429"
"2015-11-21 22:18","RestoreCommittedLogTest.java","22449","78008","100457"
"2019-05-14 17:11","RestoreCommittedLogTest.java","178498","241600","420098"
"2019-09-20 10:06","TxnLogToolkit.java","230885","257786","488671"
"2019-12-27 22:33","TxnLogToolkit.java","232747","265463","498210"
"2018-09-12 13:32","TxnLogToolkit.java","100388","105326","205714"
"2019-11-28 12:24","TxnLogToolkit.java","232746","261690","494436"
"2019-04-12 19:08","TxnLogToolkit.java","230847","236713","467560"
"2019-07-09 13:34","TxnLogToolkit.java","230883","243823","474706"
"2019-08-17 17:13","TxnLogToolkit.java","230884","254922","485806"
"2018-08-06 14:11","TxnLogToolkit.java","21748","24297","46045"
"2018-09-15 00:03","TxnLogToolkit.java","100395","105672","206067"
"2019-10-10 14:37","FLETest.java","204959","259907","464866"
"2016-06-02 00:59","FLETest.java","8753","25141","33894"
"2017-09-11 18:55","FLETest.java","16380","36703","53083"
"2019-08-17 17:13","FLETest.java","204959","256154","461113"
"2020-02-26 22:41","NettyServerCnxnFactory.java","9833","12478","22311"
"2019-11-23 17:08","NettyServerCnxnFactory.java","5374","2066","7440"
"2019-09-18 11:20","DataTreeTest.java","218498","258890","477388"
"2019-12-27 22:33","DataTreeTest.java","220043","266201","486244"
"2019-10-09 16:38","DataTreeTest.java","218498","259475","477973"
"2019-01-30 16:28","DataTreeTest.java","218387","232978","451365"
"2019-02-07 11:26","DataTreeTest.java","218388","234200","452588"
"2018-12-20 15:17","DataTreeTest.java","218386","229466","447852"
"2018-09-04 11:54","DataTreeTest.java","111631","128582","240213"
"2019-07-31 19:06","DataTreeTest.java","218498","255285","473783"
"2019-04-12 19:01","DataTreeTest.java","218480","237767","456247"
"2019-09-10 15:21","DataTreeTest.java","218498","257021","475519"
"2019-08-17 17:13","DataTreeTest.java","218498","255978","474476"
"2017-06-18 19:23","DataTreeTest.java","12064","18358","30422"
"2019-04-12 12:29","DataTreeTest.java","218480","237336","455816"
"2016-11-13 20:59","DataTreeTest.java","6721","13920","20641"
"2019-12-27 22:33","DataTreeTest.java","7579","12760","20339"
"2019-02-07 11:26","PrepRequestProcessor.java","224894","233507","458401"
"2019-09-11 10:27","PrepRequestProcessor.java","225011","256648","481659"
"2018-07-19 05:59","PrepRequestProcessor.java","29936","37612","67548"
"2017-09-11 18:55","PrepRequestProcessor.java","7760","7169","14929"
"2019-01-16 14:21","PrepRequestProcessor.java","224893","231154","456047"
"2017-06-01 05:45","PrepRequestProcessor.java","5624","4569","10193"
"2019-11-08 17:30","PrepRequestProcessor.java","225059","260954","486013"
"2019-04-09 15:35","PrepRequestProcessor.java","224917","236055","460972"
"2019-04-17 14:16","PrepRequestProcessor.java","224992","237345","462337"
"2019-05-10 12:22","PrepRequestProcessor.java","224992","239780","464772"
"2017-06-26 00:16","PrepRequestProcessor.java","5930","5153","11083"
"2019-02-07 11:22","PrepRequestProcessor.java","224894","233169","458063"
"2016-11-16 06:21","PrepRequestProcessor.java","41","588","629"
"2019-08-01 07:31","PrepRequestProcessor.java","225011","255963","480974"
"2019-06-26 10:57","PrepRequestProcessor.java","225010","243141","468151"
"2019-08-17 17:13","PrepRequestProcessor.java","225011","255292","480303"
"2018-08-08 06:21","PrepRequestProcessor.java","77861","87017","164878"
"2018-05-09 23:57","PrepRequestProcessor.java","9133","15103","24236"
"2019-12-27 22:33","PrepRequestProcessor.java","226616","265575","492191"
"2019-10-10 14:37","PrepRequestProcessor.java","225011","259045","484056"
"2020-03-25 03:38","PrepRequestProcessor.java","226617","269683","496300"
"2018-06-15 07:41","PrepRequestProcessor.java","9364","16086","25450"
"2019-08-17 17:13","OpResult.java","26898","39048","65946"
"2018-09-15 00:08","ZooKeeperServer.java","60751","205142","265893"
"2019-04-12 19:01","ZooKeeperServer.java","103706","239491","343197"
"2019-07-31 19:06","ZooKeeperServer.java","103705","256990","360695"
"2019-09-11 10:27","ZooKeeperServer.java","103705","259039","362744"
"2019-01-14 19:38","ZooKeeperServer.java","103678","232948","336626"
"2019-01-07 15:34","ZooKeeperServer.java","103678","232549","336227"
"2018-11-21 17:56","ZooKeeperServer.java","103678","225746","329424"
"2012-01-31 07:45","ZooKeeperServer.java","20682","104539","125221"
"2017-04-28 07:14","ZooKeeperServer.java","26802","159275","186077"
"2011-08-19 00:05","ZooKeeperServer.java","16164","99435","115599"
"2017-02-12 00:12","ZooKeeperServer.java","26780","158354","185134"
"2014-07-18 02:19","ZooKeeperServer.java","23939","141110","165049"
"2013-12-11 19:22","ZooKeeperServer.java","22225","127234","149459"
"2019-02-13 13:12","ZooKeeperServer.java","103685","236609","340294"
"2012-02-11 00:34","ZooKeeperServer.java","20886","105328","126214"
"2016-11-24 17:18","ZooKeeperServer.java","26207","159557","185764"
"2018-07-19 05:59","ZooKeeperServer.java","34006","174464","208470"
"2018-09-18 01:00","ZooKeeperServer.java","60793","205837","266630"
"2019-03-04 08:07","ZooKeeperServer.java","103684","237185","340869"
"2019-07-08 23:26","ZooKeeperServer.java","103705","246459","350164"
"2019-01-23 14:00","ZooKeeperServer.java","103678","234383","338061"
"2019-02-13 13:19","ZooKeeperServer.java","103685","236895","340580"
"2019-05-14 17:11","ZooKeeperServer.java","103706","242351","346057"
"2013-01-25 02:17","ZooKeeperServer.java","21695","115716","137411"
"2015-07-10 08:19","ZooKeeperServer.java","24208","150366","174574"
"2019-06-04 10:55","ZooKeeperServer.java","103705","243167","346872"
"2011-06-14 07:14","ZooKeeperServer.java","17801","95202","113003"
"2009-02-27 20:00","ZooKeeperServer.java","10","36","46"
"2019-04-09 15:35","ZooKeeperServer.java","103684","238519","342203"
"2019-08-03 08:42","ZooKeeperServer.java","103705","258391","362096"
"2019-05-15 11:56","ZooKeeperServer.java","103706","242438","346144"
"2019-05-22 11:39","ZooKeeperServer.java","103706","242884","346590"
"2019-04-22 19:15","ZooKeeperServer.java","103706","240466","344172"
"2018-02-23 23:49","ZooKeeperServer.java","27252","164499","191751"
"2016-11-16 06:21","ZooKeeperServer.java","26073","159402","185475"
"2012-12-19 19:07","ZooKeeperServer.java","21651","114634","136285"
"2017-08-18 06:32","ZooKeeperServer.java","27107","159120","186227"
"2017-06-26 00:16","ZooKeeperServer.java","27047","159052","186099"
"2019-09-10 04:26","ZooKeeperServer.java","103705","258728","362433"
"2019-08-17 17:13","ZooKeeperServer.java","103705","257683","361388"
"2019-09-05 23:12","ZooKeeperServer.java","103705","258602","362307"
"2019-09-10 15:21","ZooKeeperServer.java","103705","258726","362431"
"2009-05-20 20:48","ZooKeeperServer.java","2900","29117","32017"
"2009-06-15 22:52","ZooKeeperServer.java","3856","33256","37112"
"2019-08-01 07:31","ZooKeeperServer.java","103705","258354","362059"
"2019-08-01 07:28","ZooKeeperServer.java","103705","257864","361569"
"2019-06-03 19:40","ZooKeeperServer.java","103705","243014","346719"
"2015-03-17 18:06","ZooKeeperServer.java","24132","147276","171408"
"2019-11-23 17:08","ZooKeeperServer.java","104163","262842","367005"
"2019-10-09 16:49","ZooKeeperServer.java","103705","261269","364974"
"2019-07-03 00:44","ZooKeeperServer.java","103705","245696","349401"
"2018-01-19 01:12","ZooKeeperServer.java","27215","163420","190635"
"2019-07-24 18:00","ZooKeeperServer.java","103705","254138","357843"
"2013-05-16 18:49","ZooKeeperServer.java","22020","120591","142611"
"2018-08-08 06:21","ZooKeeperServer.java","43137","185075","228212"
"2018-05-09 23:57","ZooKeeperServer.java","27295","166047","193342"
"2009-11-07 01:48","ZooKeeperServer.java","8036","51398","59434"
"2009-12-18 03:19","ZooKeeperServer.java","9218","61050","70268"
"2010-01-26 01:17","ZooKeeperServer.java","9484","64766","74250"
"2019-12-27 22:33","ZooKeeperServer.java","104163","266819","370982"
"2016-08-13 15:01","ZooKeeperServer.java","25948","155376","181324"
"2018-09-11 00:17","ZooKeeperServer.java","60745","203587","264332"
"2019-11-18 09:05","ZooKeeperServer.java","104163","261285","365448"
"2019-10-10 14:37","ZooKeeperServer.java","103705","261436","365141"
"2019-09-16 23:26","ZooKeeperServer.java","103705","260702","364407"
"2013-10-08 01:35","ZooKeeperServer.java","22144","123519","145663"
"2017-06-23 18:39","ZooKeeperServer.java","27025","159050","186075"
"2009-08-07 01:23","ZooKeeperServer.java","6070","45463","51533"
"2011-12-28 07:07","ZooKeeperServer.java","20666","104184","124850"
"2019-12-03 10:01","ZooKeeperServer.java","104163","264744","368907"
"2020-03-25 03:38","ZooKeeperServer.java","104163","270926","375089"
"2010-03-12 19:26","ZooKeeperServer.java","12641","77322","89963"
"2019-11-28 12:24","ZooKeeperServer.java","104163","263047","367210"
"2019-11-06 15:21","ZooKeeperServer.java","103705","261652","365357"
"2011-05-20 01:17","ZooKeeperServer.java","17768","94038","111806"
"2010-07-29 23:10","ZooKeeperServer.java","13753","92969","106722"
"2011-09-17 02:36","ZooKeeperServer.java","18840","102127","120967"
"2020-04-12 11:14","ZooKeeperServer.java","104163","271679","375842"
"2011-09-14 08:56","ZooKeeperServer.java","16288","102135","118423"
"2011-08-21 02:53","ZooKeeperServer.java","16164","99463","115627"
"2010-08-18 08:24","ZooKeeperServer.java","14144","98550","112694"
"2013-10-09 22:21","ZooKeeperServer.java","22195","125810","148005"
"2015-03-08 23:07","ZooKeeperServer.java","24125","146221","170346"
"2018-06-08 16:52","ZooKeeperServer.java","27296","166797","194093"
"2018-06-15 07:41","ZooKeeperServer.java","27312","166816","194128"
"2018-07-28 04:37","ZooKeeperServer.java","34017","175051","209068"
"2019-04-18 19:17","ZooKeeperServer.java","103706","240201","343907"
"2012-03-15 17:47","ZooKeeperServer.java","20903","106379","127282"
"2014-03-25 22:13","ZooKeeperServer.java","22359","130385","152744"
"2011-04-12 09:14","ZooKeeperServer.java","17738","93189","110927"
"2018-12-09 03:16","FollowerRequestProcessor.java","223173","228365","451538"
"2019-08-17 17:13","FollowerRequestProcessor.java","223293","255827","479120"
"2019-08-01 07:31","FollowerRequestProcessor.java","223293","256498","479791"
"2020-03-25 03:38","FollowerRequestProcessor.java","224881","270200","495081"
"2019-10-10 14:37","FollowerRequestProcessor.java","223293","259580","482873"
"2020-05-05 21:20","FollowerRequestProcessor.java","224881","271231","496112"
"2019-08-17 17:13","Counter.java","29620","47813","77433"
"2019-08-17 17:13","WatchesPathReport.java","210259","256151","466410"
"2018-09-28 23:38","WatchesPathReport.java","113030","143477","256507"
"2019-08-17 17:13","FollowerResyncConcurrencyTest.java","193596","256377","449973"
"2019-06-03 19:40","FollowerResyncConcurrencyTest.java","193596","241708","435304"
"2015-11-21 22:18","FollowerResyncConcurrencyTest.java","13650","40867","54517"
"2019-10-10 14:37","FollowerResyncConcurrencyTest.java","193596","260130","453726"
"2019-12-28 16:17","FollowerResyncConcurrencyTest.java","194942","266308","461250"
"2018-10-18 11:18","Emulate353TTLTest.java","208265","231000","439265"
"2019-08-17 17:13","Emulate353TTLTest.java","230611","254922","485533"
"2018-05-10 06:13","Emulate353TTLTest.java","223","500","723"
"2019-08-17 17:13","FollowerResyncConcurrencyTest.java","179045","256502","435547"
"2019-06-03 19:40","FollowerResyncConcurrencyTest.java","179045","241833","420878"
"2013-06-28 23:22","FollowerResyncConcurrencyTest.java","6337","21013","27350"
"2015-11-21 22:18","FollowerResyncConcurrencyTest.java","16834","58727","75561"
"2019-10-10 14:37","FollowerResyncConcurrencyTest.java","179045","260255","439300"
"2019-12-28 16:17","FollowerResyncConcurrencyTest.java","180355","266397","446752"
"2018-09-15 00:08","ZooKeeperServer.java","60720","205251","265971"
"2019-04-12 19:01","ZooKeeperServer.java","103570","239495","343065"
"2019-07-31 19:06","ZooKeeperServer.java","103569","256994","360563"
"2019-09-11 10:27","ZooKeeperServer.java","103569","259043","362612"
"2019-01-14 19:38","ZooKeeperServer.java","103542","232952","336494"
"2019-01-07 15:34","ZooKeeperServer.java","103542","232553","336095"
"2018-11-21 17:56","ZooKeeperServer.java","103542","225750","329292"
"2012-01-31 07:45","ZooKeeperServer.java","20695","104692","125387"
"2017-04-28 07:14","ZooKeeperServer.java","26775","159388","186163"
"2011-08-19 00:05","ZooKeeperServer.java","16197","99608","115805"
"2017-02-12 00:12","ZooKeeperServer.java","26753","158467","185220"
"2014-07-18 02:19","ZooKeeperServer.java","23916","141227","165143"
"2013-12-11 19:22","ZooKeeperServer.java","22202","127351","149553"
"2019-02-13 13:12","ZooKeeperServer.java","103549","236613","340162"
"2012-02-11 00:34","ZooKeeperServer.java","20889","105471","126360"
"2016-11-24 17:18","ZooKeeperServer.java","26181","159671","185852"
"2018-07-19 05:59","ZooKeeperServer.java","33975","174573","208548"
"2018-09-18 01:00","ZooKeeperServer.java","60762","205946","266708"
"2019-03-04 08:07","ZooKeeperServer.java","103548","237189","340737"
"2019-07-08 23:26","ZooKeeperServer.java","103569","246463","350032"
"2019-01-23 14:00","ZooKeeperServer.java","103542","234387","337929"
"2019-02-13 13:19","ZooKeeperServer.java","103549","236899","340448"
"2019-05-14 17:11","ZooKeeperServer.java","103570","242355","345925"
"2013-01-25 02:17","ZooKeeperServer.java","21699","115860","137559"
"2015-07-10 08:19","ZooKeeperServer.java","24181","150479","174660"
"2009-02-20 01:23","ZooKeeperServer.java","126","266","392"
"2019-06-04 10:55","ZooKeeperServer.java","103569","243171","346740"
"2011-06-14 07:14","ZooKeeperServer.java","17834","95375","113209"
"2009-02-27 20:00","ZooKeeperServer.java","136","302","438"
"2019-04-09 15:35","ZooKeeperServer.java","103548","238523","342071"
"2019-08-03 08:42","ZooKeeperServer.java","103569","258395","361964"
"2019-05-15 11:56","ZooKeeperServer.java","103570","242442","346012"
"2019-05-22 11:39","ZooKeeperServer.java","103570","242888","346458"
"2019-04-22 19:15","ZooKeeperServer.java","103570","240470","344040"
"2018-02-23 23:49","ZooKeeperServer.java","27218","164605","191823"
"2016-11-16 06:21","ZooKeeperServer.java","26047","159516","185563"
"2012-12-19 19:07","ZooKeeperServer.java","21655","114778","136433"
"2017-08-18 06:32","ZooKeeperServer.java","27074","159227","186301"
"2017-06-26 00:16","ZooKeeperServer.java","27020","159165","186185"
"2019-09-10 04:26","ZooKeeperServer.java","103569","258732","362301"
"2019-08-17 17:13","ZooKeeperServer.java","103569","257687","361256"
"2019-09-05 23:12","ZooKeeperServer.java","103569","258606","362175"
"2019-09-10 15:21","ZooKeeperServer.java","103569","258730","362299"
"2009-05-20 20:48","ZooKeeperServer.java","2990","29347","32337"
"2009-06-15 22:52","ZooKeeperServer.java","3948","33488","37436"
"2019-08-01 07:31","ZooKeeperServer.java","103569","258358","361927"
"2019-08-01 07:28","ZooKeeperServer.java","103569","257868","361437"
"2019-06-03 19:40","ZooKeeperServer.java","103569","243018","346587"
"2015-03-17 18:06","ZooKeeperServer.java","24105","147389","171494"
"2019-11-23 17:08","ZooKeeperServer.java","104027","262846","366873"
"2019-10-09 16:49","ZooKeeperServer.java","103569","261273","364842"
"2019-07-03 00:44","ZooKeeperServer.java","103569","245700","349269"
"2018-01-19 01:12","ZooKeeperServer.java","27182","163527","190709"
"2019-07-24 18:00","ZooKeeperServer.java","103569","254142","357711"
"2013-05-16 18:49","ZooKeeperServer.java","22008","120719","142727"
"2018-08-08 06:21","ZooKeeperServer.java","43106","185184","228290"
"2018-05-09 23:57","ZooKeeperServer.java","27264","166156","193420"
"2009-11-07 01:48","ZooKeeperServer.java","8077","51579","59656"
"2009-12-18 03:19","ZooKeeperServer.java","9257","61229","70486"
"2010-01-26 01:17","ZooKeeperServer.java","9523","64945","74468"
"2019-12-27 22:33","ZooKeeperServer.java","104027","266823","370850"
"2016-08-13 15:01","ZooKeeperServer.java","25922","155490","181412"
"2018-09-11 00:17","ZooKeeperServer.java","60714","203696","264410"
"2019-11-18 09:05","ZooKeeperServer.java","104027","261289","365316"
"2019-10-10 14:37","ZooKeeperServer.java","103569","261440","365009"
"2019-09-16 23:26","ZooKeeperServer.java","103569","260706","364275"
"2013-10-08 01:35","ZooKeeperServer.java","22124","123639","145763"
"2017-06-23 18:39","ZooKeeperServer.java","26998","159163","186161"
"2009-08-07 01:23","ZooKeeperServer.java","6158","45691","51849"
"2011-12-28 07:07","ZooKeeperServer.java","20679","104337","125016"
"2019-12-03 10:01","ZooKeeperServer.java","104027","264748","368775"
"2020-03-25 03:38","ZooKeeperServer.java","104027","270930","374957"
"2010-03-12 19:26","ZooKeeperServer.java","12680","77501","90181"
"2019-11-28 12:24","ZooKeeperServer.java","104027","263051","367078"
"2019-11-06 15:21","ZooKeeperServer.java","103569","261656","365225"
"2011-05-20 01:17","ZooKeeperServer.java","17802","94212","112014"
"2010-07-29 23:10","ZooKeeperServer.java","13790","93146","106936"
"2011-09-17 02:36","ZooKeeperServer.java","18857","102284","121141"
"2020-04-12 11:14","ZooKeeperServer.java","104027","271683","375710"
"2011-09-14 08:56","ZooKeeperServer.java","16305","102292","118597"
"2011-08-21 02:53","ZooKeeperServer.java","16197","99636","115833"
"2010-08-18 08:24","ZooKeeperServer.java","14180","98726","112906"
"2013-10-09 22:21","ZooKeeperServer.java","22174","125929","148103"
"2015-03-08 23:07","ZooKeeperServer.java","24098","146334","170432"
"2018-06-08 16:52","ZooKeeperServer.java","27265","166906","194171"
"2018-06-15 07:41","ZooKeeperServer.java","27281","166925","194206"
"2018-07-28 04:37","ZooKeeperServer.java","33986","175160","209146"
"2019-04-18 19:17","ZooKeeperServer.java","103570","240205","343775"
"2012-03-15 17:47","ZooKeeperServer.java","20906","106522","127428"
"2014-03-25 22:13","ZooKeeperServer.java","22336","130502","152838"
"2011-04-12 09:14","ZooKeeperServer.java","17772","93363","111135"
"2019-07-29 17:15","JLong.java","167551","254590","422141"
"2019-09-11 10:27","SerializeUtils.java","1737","3093","4830"
"2019-12-27 22:33","SerializeUtils.java","10004","18682","28686"
"2019-10-10 14:37","DeserializationPerfTest.java","3717","7470","11187"
"2014-04-29 02:23","RemoveWatchesCommand.java","7536","8866","16402"
"2016-07-27 01:33","RemoveWatchesCommand.java","16636","36577","53213"
"2019-08-17 17:13","RemoveWatchesCommand.java","202296","256271","458567"
"2019-01-31 15:55","RemoveWatchesCommand.java","202189","233823","436012"
"2017-05-27 00:52","RemoveWatchesCommand.java","22063","44680","66743"
"2018-10-16 16:22","QuorumPeerConfig.java","108331","241711","350042"
"2012-04-23 01:20","QuorumPeerConfig.java","26353","84855","111208"
"2018-12-09 03:16","QuorumPeerConfig.java","131620","230114","361734"
"2019-04-12 19:01","QuorumPeerConfig.java","131664","239307","370971"
"2018-09-11 15:23","QuorumPeerConfig.java","83637","199346","282983"
"2013-03-07 07:01","QuorumPeerConfig.java","27294","97634","124928"
"2018-12-15 07:34","QuorumPeerConfig.java","131620","230029","361649"
"2019-02-13 13:12","QuorumPeerConfig.java","131629","236411","368040"
"2019-08-17 17:13","QuorumPeerConfig.java","131664","257500","389164"
"2015-03-17 18:06","QuorumPeerConfig.java","29677","124741","154418"
"2014-01-21 04:50","QuorumPeerConfig.java","27721","105211","132932"
"2009-11-18 20:06","QuorumPeerConfig.java","6970","29808","36778"
"2012-12-16 07:43","QuorumPeerConfig.java","26758","90704","117462"
"2017-11-28 00:10","QuorumPeerConfig.java","33260","141228","174488"
"2019-06-05 00:29","QuorumPeerConfig.java","131664","243167","374831"
"2014-09-17 07:34","QuorumPeerConfig.java","29553","121164","150717"
"2020-01-09 11:27","QuorumPeerConfig.java","132303","266242","398545"
"2019-07-12 17:01","QuorumPeerConfig.java","131664","252813","384477"
"2016-11-13 20:59","QuorumPeerConfig.java","31734","136436","168170"
"2019-05-15 11:56","QuorumPeerConfig.java","131664","242254","373918"
"2014-08-19 22:50","QuorumPeerConfig.java","29553","120078","149631"
"2018-10-01 06:11","QuorumPeerConfig.java","83772","203315","287087"
"2017-07-28 00:36","QuorumPeerConfig.java","33111","136659","169770"
"2013-09-30 22:20","QuorumPeerConfig.java","27442","100167","127609"
"2017-07-06 18:48","QuorumPeerConfig.java","33093","137523","170616"
"2013-09-26 00:13","QuorumPeerConfig.java","27438","99919","127357"
"2010-03-09 05:44","QuorumPeerConfig.java","14084","49893","63977"
"2020-01-23 13:43","QuorumPeerConfig.java","132303","268066","400369"
"2011-04-06 18:17","QuorumPeerConfig.java","22298","69443","91741"
"2010-03-12 19:26","QuorumPeerConfig.java","14178","50717","64895"
"2014-05-17 13:23","QuorumPeerConfig.java","29125","111510","140635"
"2014-07-04 04:19","QuorumPeerConfig.java","29261","114195","143456"
"2011-09-17 02:42","QuorumPeerConfig.java","23913","79273","103186"
"2016-06-23 19:42","QuorumPeerConfig.java","31365","131635","163000"
"2015-09-06 20:02","QuorumPeerConfig.java","29802","128378","158180"
"2015-09-29 03:56","QuorumPeerConfig.java","29831","128588","158419"
"2019-10-10 14:37","QuorumPeerConfig.java","131664","261253","392917"
"2009-08-11 00:24","QuorumPeerConfig.java","4172","15584","19756"
"2018-07-27 12:32","QuorumPeerConfig.java","44799","157681","202480"
"2019-04-18 19:17","QuorumPeerConfig.java","131664","240017","371681"
"2016-11-03 16:07","QuorumPeerConfig.java","31723","134756","166479"
"2011-04-12 09:14","QuorumPeerConfig.java","22700","70009","92709"
"2014-03-25 22:13","QuorumPeerConfig.java","27853","107799","135652"
"2011-09-02 22:50","QuorumPeerConfig.java","21252","78222","99474"
"2013-10-09 22:21","QuorumPeerConfig.java","27645","103180","130825"
"2014-08-01 07:38","QuorumPeerConfig.java","29526","119516","149042"
"2014-08-14 08:08","QuorumPeerConfig.java","29526","119937","149463"
"2020-02-16 10:25","QuorumPeerConfig.java","132303","268779","401082"
"2020-05-14 18:18","QuorumPeerConfig.java","132304","272005","404309"
"2017-05-11 16:59","QuorumPeerConfig.java","33057","136620","169677"
"2020-02-12 15:48","JBuffer.java","34755","47648","82403"
"2020-02-12 15:52","JBuffer.java","34756","47649","82405"
"2019-07-29 17:15","TestWriter.java","14599","38161","52760"
"2019-11-23 17:08","NettyServerCnxn.java","9254","13955","23209"
"2019-11-18 09:05","NettyServerCnxn.java","9013","12157","21170"
"2019-11-21 05:58","NettyServerCnxn.java","9029","12196","21225"
"2019-09-16 23:26","NettyServerCnxn.java","1939","4958","6897"
"2019-10-10 14:37","NettyServerCnxn.java","3717","7470","11187"
"2019-02-06 09:46","ZooKeeper.java","200277","233890","434167"
"2019-01-16 14:21","ZooKeeper.java","200276","232166","432442"
"2017-04-18 02:02","ZooKeeper.java","20888","46102","66990"
"2019-11-08 17:30","ZooKeeper.java","200410","261934","462344"
"2019-02-07 11:26","ZooKeeper.java","200277","234519","434796"
"2017-05-01 17:19","ZooKeeper.java","20904","46245","67149"
"2019-08-17 17:13","ZooKeeper.java","200382","256292","456674"
"2015-06-04 19:51","ZooKeeper.java","11517","29842","41359"
"2016-10-07 21:51","ZooKeeper.java","17313","40689","58002"
"2015-03-16 09:09","ZooKeeper.java","10673","25954","36627"
"2015-03-17 18:06","ZooKeeper.java","10781","26772","37553"
"2016-05-02 18:15","ZooKeeper.java","16189","36799","52988"
"2019-06-26 10:57","ZooKeeper.java","200382","244142","444524"
"2019-06-03 19:40","ZooKeeper.java","200382","241623","442005"
"2018-05-09 23:57","ZooKeeper.java","24393","55992","80385"
"2019-08-03 08:42","ZooKeeper.java","200382","257000","457382"
"2016-11-13 20:59","ZooKeeper.java","17460","43089","60549"
"2017-07-28 00:36","ZooKeeper.java","23116","47591","70707"
"2017-08-18 23:35","ZooKeeper.java","23214","48174","71388"
"2017-07-04 07:56","ZooKeeper.java","22101","47186","69287"
"2020-04-16 12:50","ZooKeeper.java","201799","271283","473082"
"2018-07-27 05:16","ZooKeeper.java","42941","76558","119499"
"2019-10-10 14:37","ZooKeeper.java","200382","260045","460427"
"2014-04-01 04:03","ZooKeeper.java","610","2090","2700"
"2019-02-11 12:34","ZooKeeper.java","200277","234882","435159"
"2014-07-08 20:18","ZooKeeper.java","9019","15386","24405"
"2020-05-17 15:13","ZooKeeper.java","201810","271665","473475"
"2017-01-09 22:49","ZooKeeper.java","18190","45387","63577"
"2019-03-12 19:08","ZooKeeper.java","200294","236327","436621"
"2014-07-22 06:51","ZooKeeper.java","9636","20201","29837"
"2014-04-29 02:23","ZooKeeper.java","7729","10994","18723"
"2019-08-17 17:13","BaseTestMetricsProvider.java","29368","43884","73252"
"2019-08-17 17:13","HierarchicalQuorumTest.java","204462","256154","460616"
"2019-07-12 17:01","HierarchicalQuorumTest.java","204462","251467","455929"
"2019-10-10 14:37","HierarchicalQuorumTest.java","204462","259907","464369"
"2018-06-26 11:18","HierarchicalQuorumTest.java","17729","46102","63831"
"2017-05-11 16:59","HierarchicalQuorumTest.java","14815","35087","49902"
"2013-12-21 22:05","RepeatStartupTest.java","26938","51384","78322"
"2011-04-12 09:14","RepeatStartupTest.java","14662","5707","20369"
"2011-10-25 08:09","RepeatStartupTest.java","20509","21389","41898"
"2019-08-17 17:13","RepeatStartupTest.java","187413","256985","444398"
"2019-12-27 22:33","FileTxnLog.java","44241","84827","129068"
"2019-10-10 14:37","FileTxnLog.java","38743","74404","113147"
"2020-01-28 17:26","FileTxnLog.java","45452","87758","133210"
"2019-05-14 17:11","FileTxnLog.java","10115","26690","36805"
"2019-01-07 14:24","FileTxnLog.java","8626","15364","23990"
"2019-04-12 19:01","FileTxnLog.java","9811","23526","33337"
"2019-08-17 17:13","FileTxnLog.java","36770","68678","105448"
"2019-06-03 19:40","FileTxnLog.java","10435","27674","38109"
"2019-08-03 08:42","FileTxnLog.java","16667","49283","65950"
"2019-04-09 15:35","FileTxnLog.java","9504","22269","31773"
"2019-06-07 14:13","TruncateTest.java","181380","242568","423948"
"2015-05-14 18:40","TruncateTest.java","13831","50563","64394"
"2019-08-17 17:13","TruncateTest.java","181380","256464","437844"
"2018-05-09 23:57","TruncateTest.java","24773","75546","100319"
"2014-09-27 08:20","TruncateTest.java","13250","44967","58217"
"2019-07-12 17:01","TruncateTest.java","181380","251777","433157"
"2017-08-18 06:32","TruncateTest.java","23749","67783","91532"
"2017-09-11 18:55","TruncateTest.java","23879","68091","91970"
"2014-06-30 19:11","TruncateTest.java","11945","36428","48373"
"2016-08-24 01:36","TruncateTest.java","18984","60201","79185"
"2017-05-11 16:59","TruncateTest.java","22960","66624","89584"
"2020-01-28 17:26","TruncateTest.java","182692","268174","450866"
"2017-01-07 01:09","TruncateTest.java","19859","66208","86067"
"2014-02-12 17:00","TruncateTest.java","5021","24445","29466"
"2014-01-03 01:24","TruncateTest.java","4840","22302","27142"
"2019-09-11 10:27","PrepRequestProcessor.java","31113","51612","82725"
"2019-11-08 17:30","PrepRequestProcessor.java","32076","56833","88909"
"2019-04-17 14:16","PrepRequestProcessor.java","412","1627","2039"
"2019-05-10 12:22","PrepRequestProcessor.java","793","4443","5236"
"2019-08-01 07:31","PrepRequestProcessor.java","7669","27483","35152"
"2019-06-26 10:57","PrepRequestProcessor.java","4584","11577","16161"
"2019-08-17 17:13","PrepRequestProcessor.java","29822","48965","78787"
"2019-12-27 22:33","PrepRequestProcessor.java","37710","65531","103241"
"2019-10-10 14:37","PrepRequestProcessor.java","31910","54806","86716"
"2020-03-25 03:38","PrepRequestProcessor.java","39314","71242","110556"
"2019-06-04 10:55","DefaultMetricsProvider.java","949","4626","5575"
"2019-08-17 17:13","DefaultMetricsProvider.java","29620","47813","77433"
"2013-05-11 14:51","FLETest.java","27913","64909","92822"
"2019-10-10 14:37","FLETest.java","167976","260768","428744"
"2013-10-21 23:36","FLETest.java","28458","70974","99432"
"2013-10-02 20:19","FLETest.java","28287","67692","95979"
"2014-06-25 15:04","FLETest.java","34667","85073","119740"
"2011-09-17 02:13","FLETest.java","20558","42411","62969"
"2016-06-02 00:59","FLETest.java","37493","104287","141780"
"2011-04-12 09:14","FLETest.java","17408","27920","45328"
"2011-12-23 20:46","FLETest.java","23427","45405","68832"
"2011-04-29 18:12","FLETest.java","17500","28347","45847"
"2017-09-11 18:55","FLETest.java","40664","111393","152057"
"2012-04-23 01:20","FLETest.java","26113","51233","77346"
"2019-08-17 17:13","FLETest.java","167976","257015","424991"
"2019-08-17 17:13","RecoveryTest.java","142084","257500","399584"
"2013-12-21 22:05","RecoveryTest.java","29919","98786","128705"
"2019-10-10 14:37","RecoveryTest.java","142084","261253","403337"
"2011-04-12 09:14","RecoveryTest.java","22852","59741","82593"
"2010-03-31 06:26","RecoveryTest.java","14591","40968","55559"
"2010-08-18 08:24","RecoveryTest.java","17950","63794","81744"
"2012-08-28 21:51","ClientBase.java","28180","80157","108337"
"2017-06-08 17:51","ClientBase.java","35783","131065","166848"
"2012-07-17 23:19","ClientBase.java","28168","79071","107239"
"2017-04-18 01:37","ClientBase.java","35431","131345","166776"
"2010-03-16 22:23","ClientBase.java","13255","39410","52665"
"2018-09-07 02:49","ClientBase.java","88105","194457","282562"
"2019-07-31 19:06","ClientBase.java","142084","256807","398891"
"2012-02-06 09:47","ClientBase.java","26553","74335","100888"
"2015-02-06 06:17","ClientBase.java","32042","117513","149555"
"2017-09-11 18:55","ClientBase.java","35943","131683","167626"
"2019-08-17 17:13","ClientBase.java","142084","257500","399584"
"2015-03-28 20:08","ClientBase.java","32083","119765","151848"
"2019-06-07 14:13","ClientBase.java","142084","243604","385688"
"2018-04-24 00:20","ClientBase.java","36096","137612","173708"
"2018-08-08 06:21","ClientBase.java","69532","175019","244551"
"2018-05-09 23:57","ClientBase.java","36143","138444","174587"
"2019-06-24 11:05","ClientBase.java","142084","244833","386917"
"2012-12-11 08:42","ClientBase.java","28745","84055","112800"
"2017-01-13 19:29","ClientBase.java","34568","132648","167216"
"2010-01-25 04:28","ClientBase.java","5568","21879","27447"
"2010-03-09 05:44","ClientBase.java","13102","38491","51593"
"2016-06-23 23:25","ClientBase.java","33920","126094","160014"
"2014-01-03 01:40","ClientBase.java","29927","98934","128861"
"2014-01-25 01:17","ClientBase.java","29972","100785","130757"
"2009-11-20 23:28","ClientBase.java","4397","17094","21491"
"2009-11-25 20:06","ClientBase.java","4401","17131","21532"
"2009-11-12 20:53","ClientBase.java","3305","8692","11997"
"2009-08-25 07:45","ClientBase.java","897","2806","3703"
"2009-09-16 02:09","ClientBase.java","1372","3787","5159"
"2019-11-14 16:44","ClientBase.java","142084","265527","407611"
"2019-10-10 14:37","ClientBase.java","142084","261253","403337"
"2012-03-15 17:47","ClientBase.java","26767","75792","102559"
"2010-09-15 07:51","ClientBase.java","17957","91971","109928"
"2012-01-14 00:28","ClientBase.java","26459","73725","100184"
"2011-04-12 09:14","ClientBase.java","22852","59741","82593"
"2011-11-05 07:29","ClientBase.java","26272","72118","98390"
"2016-08-24 01:36","ClientBase.java","34275","127020","161295"
"2011-09-17 02:13","ClientBase.java","24451","71315","95766"
"2010-07-05 20:20","ClientBase.java","17022","54246","71268"
"2010-03-31 06:26","ClientBase.java","14591","40968","55559"
"2010-08-18 08:24","ClientBase.java","17950","63794","81744"
"2015-03-08 23:07","ClientBase.java","32068","117713","149781"
"2018-08-06 14:13","ZooInspectorManagerImpl.java","73352","83378","156730"
"2013-10-09 22:21","LearnerSessionTracker.java","29056","79933","108989"
"2015-03-08 23:07","LearnerSessionTracker.java","31561","100919","132480"
"2011-11-14 20:18","LearnerSessionTracker.java","24761","54737","79498"
"2019-10-10 14:37","LearnerSessionTracker.java","158337","260786","419123"
"2019-09-20 10:02","LearnerSessionTracker.java","158337","259953","418290"
"2019-08-17 17:13","LearnerSessionTracker.java","158337","257033","415370"
"2018-08-08 06:21","LearnerSessionTracker.java","77867","167067","244934"
"2014-07-18 02:19","LearnerSessionTracker.java","31299","95732","127031"
"2019-11-29 14:49","QuorumCnxManager.java","33470","39319","72789"
"2019-11-13 20:41","QuorumCnxManager.java","27921","34932","62853"
"2019-08-06 12:52","QuorumCnxManager.java","51","316","367"
"2020-03-12 14:47","QuorumCnxManager.java","35390","46625","82015"
"2019-08-17 17:13","QuorumCnxManager.java","24898","24190","49088"
"2019-10-10 14:37","QuorumCnxManager.java","27642","30687","58329"
"2020-01-23 13:43","QuorumCnxManager.java","35148","44367","79515"
"2019-11-28 12:24","QuorumCnxManager.java","33149","37347","70496"
"2020-03-23 16:20","QuorumCnxManager.java","35458","46864","82322"
"2020-02-16 10:25","QuorumCnxManager.java","35297","45229","80526"
"2019-09-11 10:27","SerializeUtils.java","218393","257334","475727"
"2019-08-17 17:13","SerializeUtils.java","218393","255978","474371"
"2016-10-07 21:51","SerializeUtils.java","6482","11533","18015"
"2018-02-07 01:05","SerializeUtils.java","14865","26290","41155"
"2019-12-27 22:33","SerializeUtils.java","219938","266201","486139"
"2011-04-12 09:14","InvalidSnapshotTest.java","19682","37207","56889"
"2016-08-24 01:36","InvalidSnapshotTest.java","34042","108730","142772"
"2010-08-18 08:24","InvalidSnapshotTest.java","7916","34396","42312"
"2010-03-31 06:26","InvalidSnapshotTest.java","3134","10147","13281"
"2013-12-21 22:05","InvalidSnapshotTest.java","29200","80010","109210"
"2013-10-02 01:45","InvalidSnapshotTest.java","28978","75327","104305"
"2019-10-10 14:37","InvalidSnapshotTest.java","160981","260786","421767"
"2019-08-17 17:13","InvalidSnapshotTest.java","160981","257033","418014"
"2012-03-18 21:06","InvalidSnapshotTest.java","26653","57734","84387"
"2012-02-06 09:47","InvalidSnapshotTest.java","24427","54152","78579"
"2019-08-17 17:13","LeaderMXBean.java","25290","28807","54097"
"2019-11-29 14:49","QuorumCnxManager.java","5946","4784","10730"
"2020-03-12 14:47","QuorumCnxManager.java","9930","14154","24084"
"2020-01-23 13:43","QuorumCnxManager.java","8048","10256","18304"
"2019-11-28 12:24","QuorumCnxManager.java","5437","2624","8061"
"2020-03-23 16:20","QuorumCnxManager.java","10020","14415","24435"
"2020-02-16 10:25","QuorumCnxManager.java","9825","12746","22571"
"2013-12-21 22:05","RepeatStartupTest.java","28511","72367","100878"
"2010-08-18 08:24","RepeatStartupTest.java","4983","24450","29433"
"2011-04-12 09:14","RepeatStartupTest.java","17408","27920","45328"
"2011-10-25 08:09","RepeatStartupTest.java","22531","42821","65352"
"2019-08-17 17:13","RepeatStartupTest.java","167976","257015","424991"
"2019-11-29 14:49","QuorumCnxManager.java","37573","63274","100847"
"2019-06-14 09:06","QuorumCnxManager.java","1969","9111","11080"
"2019-08-03 08:42","QuorumCnxManager.java","7935","27787","35722"
"2019-11-13 20:41","QuorumCnxManager.java","32174","59037","91211"
"2019-08-06 12:52","QuorumCnxManager.java","7957","28074","36031"
"2019-05-20 23:13","QuorumCnxManager.java","957","4973","5930"
"2019-07-27 20:04","QuorumCnxManager.java","6713","22388","29101"
"2020-03-12 14:47","QuorumCnxManager.java","39246","70333","109579"
"2019-08-17 17:13","QuorumCnxManager.java","29819","48963","78782"
"2019-10-10 14:37","QuorumCnxManager.java","31907","54804","86711"
"2020-01-23 13:43","QuorumCnxManager.java","39026","68097","107123"
"2019-11-28 12:24","QuorumCnxManager.java","37292","61342","98634"
"2020-03-23 16:20","QuorumCnxManager.java","39304","70562","109866"
"2020-02-16 10:25","QuorumCnxManager.java","39158","68942","108100"
"2019-06-03 19:40","Command.java","330","907","1237"
"2019-08-17 17:13","Command.java","29711","44957","74668"
"2018-12-09 03:16","LeaderZooKeeperServer.java","103542","230318","333860"
"2018-11-21 17:56","LeaderZooKeeperServer.java","103542","225750","329292"
"2012-01-31 07:45","LeaderZooKeeperServer.java","20695","104692","125387"
"2019-06-04 10:55","LeaderZooKeeperServer.java","103569","243171","346740"
"2015-06-04 19:51","LeaderZooKeeperServer.java","24157","149775","173932"
"2009-06-26 22:29","LeaderZooKeeperServer.java","5832","44006","49838"
"2019-08-17 17:13","LeaderZooKeeperServer.java","103569","257687","361256"
"2009-06-18 18:37","LeaderZooKeeperServer.java","4261","34872","39133"
"2009-05-20 22:16","LeaderZooKeeperServer.java","3048","29473","32521"
"2019-06-03 19:40","LeaderZooKeeperServer.java","103569","243018","346587"
"2009-12-18 03:19","LeaderZooKeeperServer.java","9257","61229","70486"
"2019-11-25 15:37","LeaderZooKeeperServer.java","104027","262953","366980"
"2019-12-27 22:33","LeaderZooKeeperServer.java","104027","266823","370850"
"2009-08-07 01:23","LeaderZooKeeperServer.java","6158","45691","51849"
"2010-03-12 19:26","LeaderZooKeeperServer.java","12680","77501","90181"
"2013-10-09 22:21","LeaderZooKeeperServer.java","22174","125929","148103"
"2011-10-20 20:02","LeaderZooKeeperServer.java","20367","102205","122572"
"2019-10-10 14:37","LeaderRequestProcessor.java","3717","7470","11187"
"2019-08-17 17:13","RequestThrottler.java","26739","37963","64702"
"2020-04-30 18:53","RequestThrottler.java","37464","62373","99837"
"2020-03-25 03:38","RequestThrottler.java","36792","60801","97593"
"2019-11-28 12:24","RequestThrottler.java","34675","50805","85480"
"2019-09-16 23:26","RequestThrottler.java","28333","42576","70909"
"2019-10-10 14:37","ClientTest.java","129610","261285","390895"
"2009-09-16 02:09","ClientTest.java","5262","20183","25445"
"2019-12-28 16:17","ClientTest.java","130217","266724","396941"
"2009-10-31 00:09","ClientTest.java","6697","23598","30295"
"2009-11-07 01:48","ClientTest.java","6971","24277","31248"
"2010-01-05 18:32","ClientTest.java","8310","34261","42571"
"2010-03-09 03:09","ClientTest.java","12845","50504","63349"
"2014-07-25 01:31","ClientTest.java","28047","119960","148007"
"2017-01-09 22:49","ClientTest.java","30434","138790","169224"
"2010-09-15 07:51","ClientTest.java","17079","103599","120678"
"2011-04-12 09:14","ClientTest.java","21284","70679","91963"
"2014-07-08 20:18","ClientTest.java","27916","115442","143358"
"2017-05-01 17:19","ClientTest.java","31130","137630","168760"
"2018-11-22 17:56","ClientTest.java","129566","226185","355751"
"2013-01-25 02:17","ClientTest.java","25507","93534","119041"
"2017-06-30 22:43","ClientTest.java","31479","137500","168979"
"2009-06-25 00:59","ClientTest.java","3887","15174","19061"
"2019-03-06 03:32","ClientTest.java","129574","237281","366855"
"2012-12-11 08:42","ClientTest.java","25078","90845","115923"
"2012-10-31 19:38","ClientTest.java","24926","87866","112792"
"2009-06-18 18:37","ClientTest.java","2045","6460","8505"
"2019-08-17 17:13","ClientTest.java","129610","257532","387142"
"2019-12-27 22:33","FileTxnLog.java","234198","264780","498978"
"2019-10-10 14:37","FileTxnLog.java","232260","257917","490177"
"2018-11-12 22:36","FileTxnLog.java","232100","222096","454196"
"2020-01-28 17:26","FileTxnLog.java","234199","266501","500700"
"2019-05-14 17:11","FileTxnLog.java","232238","238809","471047"
"2019-01-07 14:24","FileTxnLog.java","232104","228838","460942"
"2019-04-12 19:01","FileTxnLog.java","232221","235932","468153"
"2018-09-06 01:11","FileTxnLog.java","88819","90450","179269"
"2018-09-18 01:00","FileTxnLog.java","88988","92873","181861"
"2019-08-17 17:13","FileTxnLog.java","232259","254163","486422"
"2019-06-03 19:40","FileTxnLog.java","232258","239493","471751"
"2019-08-03 08:42","FileTxnLog.java","232259","254871","487130"
"2019-04-09 15:35","FileTxnLog.java","232142","234903","467045"
"2019-10-10 14:37","SessionTrackerImpl.java","178405","260685","439090"
"2019-09-20 10:02","SessionTrackerImpl.java","178405","259852","438257"
"2011-11-14 20:18","SessionTrackerImpl.java","7131","17997","25128"
"2013-10-09 22:21","SessionTrackerImpl.java","13596","45363","58959"
"2020-03-26 22:16","SessionTrackerImpl.java","179499","270818","450317"
"2015-03-08 23:07","SessionTrackerImpl.java","21015","71263","92278"
"2014-07-25 00:58","SessionTrackerImpl.java","20710","66680","87390"
"2014-07-23 20:17","SessionTrackerImpl.java","20710","66674","87384"
"2012-09-17 09:53","SessionTrackerImpl.java","10941","27981","38922"
"2015-02-06 06:17","SessionTrackerImpl.java","20967","71041","92008"
"2014-07-18 02:19","SessionTrackerImpl.java","20643","65966","86609"
"2018-09-18 01:00","SessionTrackerImpl.java","107222","180418","287640"
"2019-09-05 23:12","SessionTrackerImpl.java","178405","257851","436256"
"2019-08-17 17:13","SessionTrackerImpl.java","178405","256932","435337"
"2018-08-08 06:21","SessionTrackerImpl.java","86555","156645","243200"
"2018-05-09 23:57","SessionTrackerImpl.java","28308","95212","123520"
"2019-04-22 19:15","SessionTrackerImpl.java","178406","239715","418121"
"2012-12-19 19:07","SessionTrackerImpl.java","12404","33539","45943"
"2017-09-11 18:55","FatJarMain.java","22986","166558","189544"
"2019-10-10 14:37","SaslQuorumAuthLearner.java","3717","7470","11187"
"2020-02-04 10:39","SaslQuorumAuthLearner.java","11897","22381","34278"
"2019-08-17 17:13","KeeperException.java","200382","256292","456674"
"2014-04-30 04:30","KeeperException.java","7741","11020","18761"
"2019-07-24 18:00","KeeperException.java","200382","252747","453129"
"2016-11-13 20:59","KeeperException.java","17460","43089","60549"
"2017-07-28 00:36","KeeperException.java","23116","47591","70707"
"2020-03-25 03:38","KeeperException.java","201799","270494","472293"
"2018-07-27 05:16","KeeperException.java","42941","76558","119499"
"2019-10-10 14:37","ACLTest.java","187413","260738","448151"
"2013-12-21 22:05","ACLTest.java","26938","51384","78322"
"2011-04-12 09:14","ACLTest.java","14662","5707","20369"
"2016-08-24 01:36","ACLTest.java","37524","85848","123372"
"2017-09-11 18:55","ACLTest.java","40622","91941","132563"
"2016-11-13 20:59","ACLTest.java","37590","89500","127090"
"2019-05-06 18:32","ACLTest.java","187414","241340","428754"
"2017-08-18 23:35","ACLTest.java","40510","91751","132261"
"2019-08-17 17:13","ACLTest.java","187413","256985","444398"
"2014-04-25 23:40","ACLTest.java","33050","61944","94994"
"2019-08-17 17:13","ZooKeeperServerBeanTest.java","224660","255250","479910"
"2019-02-13 13:12","ZooKeeperServerBeanTest.java","224563","234099","458662"
"2019-11-29 14:49","Commands.java","9773","16330","26103"
"2019-12-03 10:01","Commands.java","9776","16379","26155"
"2019-11-20 07:00","Commands.java","9016","12172","21188"
"2020-03-25 03:38","FollowerRequestProcessor.java","12133","24918","37051"
"2019-10-10 14:37","FollowerRequestProcessor.java","3717","7470","11187"
"2020-05-05 21:20","FollowerRequestProcessor.java","15800","29616","45416"
"2019-08-17 17:13","SnapshotFormatter.java","24861","23783","48644"
"2019-12-27 22:33","SnapshotFormatter.java","33677","41277","74954"
"2019-11-28 12:24","SnapshotFormatter.java","33164","36992","70156"
"2019-10-10 14:37","ClientCnxnSocket.java","178405","260685","439090"
"2018-07-10 13:29","ClientCnxnSocket.java","35929","103873","139802"
"2016-12-30 23:01","ClientCnxnSocket.java","25162","87463","112625"
"2011-07-25 23:31","ClientCnxnSocket.java","1581","10217","11798"
"2011-05-20 01:17","ClientCnxnSocket.java","188","1007","1195"
"2012-09-09 20:24","ClientCnxnSocket.java","10934","27821","38755"
"2015-02-06 06:17","ClientCnxnSocket.java","20967","71041","92008"
"2018-11-22 17:56","ClientCnxnSocket.java","178339","225563","403902"
"2016-05-02 18:15","ClientCnxnSocket.java","24080","79995","104075"
"2019-08-17 17:13","ClientCnxnSocket.java","178405","256932","435337"
"2018-07-12 01:33","ClientCnxnSocket.java","36016","104138","140154"
"2019-04-09 15:35","ClientCnxnSocket.java","178354","237738","416092"
"2014-12-20 15:29","ClientCnxnSocket.java","20909","70777","91686"
"2020-03-12 14:47","CnxManagerTest.java","38924","62869","101793"
"2019-08-17 17:13","CnxManagerTest.java","29003","41005","70008"
"2019-07-12 17:01","CnxManagerTest.java","3853","11168","15021"
"2019-08-06 12:52","CnxManagerTest.java","6123","19098","25221"
"2019-11-29 14:49","CnxManagerTest.java","37203","55762","92965"
"2020-02-16 10:25","CnxManagerTest.java","38833","61475","100308"
"2019-10-10 14:37","CnxManagerTest.java","31421","47176","78597"
"2019-08-17 17:13","SyncRequestProcessor.java","29367","43507","72874"
"2019-10-10 14:37","SyncRequestProcessor.java","31774","49667","81441"
"2020-01-07 20:39","SyncRequestProcessor.java","37847","61040","98887"
"2020-03-25 03:38","SyncRequestProcessor.java","39327","66252","105579"
"2019-08-17 17:13","LeaderZooKeeperServer.java","29368","43884","73252"
"2019-11-25 15:37","LeaderZooKeeperServer.java","37218","56542","93760"
"2019-12-27 22:33","LeaderZooKeeperServer.java","37686","60880","98566"
"2014-07-17 22:56","StaticHostProvider.java","11151","31673","42824"
"2019-08-17 17:13","StaticHostProvider.java","187232","256413","443645"
"2018-07-16 05:45","StaticHostProvider.java","42577","89120","131697"
"2017-08-03 20:32","StaticHostProvider.java","23148","60921","84069"
"2017-07-28 00:36","StaticHostProvider.java","23145","60891","84036"
"2014-06-27 23:47","StaticHostProvider.java","10212","28758","38970"
"2019-09-11 10:27","SerializeUtils.java","223293","257183","480476"
"2019-08-17 17:13","SerializeUtils.java","223293","255827","479120"
"2018-02-07 01:05","SerializeUtils.java","9021","15395","24416"
"2019-12-27 22:33","SerializeUtils.java","224880","266092","490972"
"2019-08-17 17:13","SnapshotInfo.java","29722","44402","74124"
"2019-10-10 14:37","UnifiedServerSocketModeDetectionTest.java","3717","7470","11187"
"2018-09-18 01:00","UpgradeableSessionTracker.java","41103","44209","85312"
"2019-08-17 17:13","UpgradeableSessionTracker.java","191803","212928","404731"
"2019-09-05 23:12","UpgradeableSessionTracker.java","191804","213848","405652"
"2019-10-10 14:37","UpgradeableSessionTracker.java","191804","216682","408486"
"2019-08-17 17:13","SendAckRequestProcessor.java","175294","256659","431953"
"2019-05-03 00:44","SendAckRequestProcessor.java","175294","240656","415950"
"2018-12-09 03:16","FollowerRequestProcessor.java","129702","230115","359817"
"2013-03-07 07:01","FollowerRequestProcessor.java","25838","98097","123935"
"2016-10-07 21:51","FollowerRequestProcessor.java","30255","134623","164878"
"2019-08-17 17:13","FollowerRequestProcessor.java","129746","257501","387247"
"2015-06-04 19:51","FollowerRequestProcessor.java","28267","127584","155851"
"2009-06-15 22:52","FollowerRequestProcessor.java","1415","4592","6007"
"2019-08-01 07:31","FollowerRequestProcessor.java","129746","258172","387918"
"2014-03-23 04:12","FollowerRequestProcessor.java","26394","108023","134417"
"2020-03-25 03:38","FollowerRequestProcessor.java","130384","270924","401308"
"2014-07-18 19:46","FollowerRequestProcessor.java","27997","119234","147231"
"2019-10-10 14:37","FollowerRequestProcessor.java","129746","261254","391000"
"2011-10-28 18:37","FollowerRequestProcessor.java","24118","79905","104023"
"2011-04-12 09:14","FollowerRequestProcessor.java","21277","70505","91782"
"2011-07-15 06:50","FollowerRequestProcessor.java","19663","71735","91398"
"2020-05-05 21:20","FollowerRequestProcessor.java","130384","271955","402339"
"2013-10-09 22:21","FollowerRequestProcessor.java","26187","103641","129828"
"2010-08-18 08:24","FollowerRequestProcessor.java","17061","75244","92305"
"2015-03-08 23:07","FollowerRequestProcessor.java","28207","124142","152349"
"2019-08-17 17:13","PemReader.java","36682","68806","105488"
"2019-06-03 19:40","FollowerZooKeeperServer.java","72747","243041","315788"
"2009-05-20 20:48","FollowerZooKeeperServer.java","10098","67300","77398"
"2019-08-17 17:13","FollowerZooKeeperServer.java","72747","257710","330457"
"2009-05-20 22:16","FollowerZooKeeperServer.java","10154","67424","77578"
"2009-02-02 23:26","FollowerZooKeeperServer.java","9067","37833","46900"
"2019-05-03 00:44","FollowerZooKeeperServer.java","72747","241707","314454"
"2019-06-04 10:55","FollowerZooKeeperServer.java","72747","243194","315941"
"2009-01-15 23:57","FollowerZooKeeperServer.java","8201","25560","33761"
"2018-08-06 14:11","FollowerZooKeeperServer.java","23984","190900","214884"
"2018-12-09 03:16","FollowerZooKeeperServer.java","72719","230340","303059"
"2018-11-21 17:56","FollowerZooKeeperServer.java","72719","225772","298491"
"2011-10-20 20:02","FollowerZooKeeperServer.java","16664","123704","140368"
"2011-04-12 09:14","FollowerZooKeeperServer.java","14907","121343","136250"
"2010-08-18 08:24","FollowerZooKeeperServer.java","14186","129577","143763"
"2019-11-28 12:24","FollowerZooKeeperServer.java","73200","263069","336269"
"2019-12-27 22:33","FollowerZooKeeperServer.java","73200","266841","340041"
"2009-10-30 17:19","FollowerZooKeeperServer.java","12195","85287","97482"
"2009-12-18 03:19","FollowerZooKeeperServer.java","12916","95733","108649"
"2019-06-03 19:40","FollowerZooKeeperServer.java","58134","243173","301307"
"2009-05-20 20:48","FollowerZooKeeperServer.java","8645","80592","89237"
"2019-08-17 17:13","FollowerZooKeeperServer.java","58134","257842","315976"
"2009-05-20 22:16","FollowerZooKeeperServer.java","8688","80703","89391"
"2009-02-02 23:26","FollowerZooKeeperServer.java","7771","51282","59053"
"2019-05-03 00:44","FollowerZooKeeperServer.java","58134","241839","299973"
"2019-06-04 10:55","FollowerZooKeeperServer.java","58134","243326","301460"
"2008-10-03 15:06","FollowerZooKeeperServer.java","2341","17086","19427"
"2009-01-15 23:57","FollowerZooKeeperServer.java","7050","39154","46204"
"2018-08-06 14:11","FollowerZooKeeperServer.java","19892","198362","218254"
"2018-12-09 03:16","FollowerZooKeeperServer.java","58118","230484","288602"
"2018-11-21 17:56","FollowerZooKeeperServer.java","58118","225916","284034"
"2011-10-20 20:02","FollowerZooKeeperServer.java","15841","134435","150276"
"2011-04-12 09:14","FollowerZooKeeperServer.java","12766","133947","146713"
"2008-10-01 08:26","FollowerZooKeeperServer.java","1870","16350","18220"
"2010-08-18 08:24","FollowerZooKeeperServer.java","12178","142314","154492"
"2019-11-28 12:24","FollowerZooKeeperServer.java","58455","263069","321524"
"2019-12-27 22:33","FollowerZooKeeperServer.java","58455","266841","325296"
"2009-10-30 17:19","FollowerZooKeeperServer.java","10431","98268","108699"
"2009-12-18 03:19","FollowerZooKeeperServer.java","11029","108591","119620"
"2019-08-17 17:13","CreateModeTest.java","175348","256659","432007"
"2015-06-04 19:51","CreateModeTest.java","16639","60365","77004"
"2020-01-09 11:27","QuorumPeerConfig.java","11196","19299","30495"
"2020-01-23 13:43","QuorumPeerConfig.java","11777","21704","33481"
"2019-10-10 14:37","QuorumPeerConfig.java","3717","7470","11187"
"2020-02-16 10:25","QuorumPeerConfig.java","11925","22565","34490"
"2020-05-14 18:18","QuorumPeerConfig.java","15875","29740","45615"
"2020-03-26 22:20","BaseSysTest.java","44997","84537","129534"
"2019-07-12 17:01","BaseSysTest.java","12751","34564","47315"
"2019-09-11 10:27","PrepRequestProcessor.java","30963","50247","81210"
"2019-11-08 17:30","PrepRequestProcessor.java","31956","55498","87454"
"2019-05-10 12:22","PrepRequestProcessor.java","387","2822","3209"
"2019-08-01 07:31","PrepRequestProcessor.java","7314","25913","33227"
"2019-06-26 10:57","PrepRequestProcessor.java","4213","9991","14204"
"2019-08-17 17:13","PrepRequestProcessor.java","29670","47598","77268"
"2019-12-27 22:33","PrepRequestProcessor.java","37691","64297","101988"
"2019-10-10 14:37","PrepRequestProcessor.java","31785","53466","85251"
"2020-03-25 03:38","PrepRequestProcessor.java","39299","70012","109311"
"2012-08-28 21:51","ClientBase.java","28306","80719","109025"
"2017-06-08 17:51","ClientBase.java","35802","131520","167322"
"2012-07-17 23:19","ClientBase.java","28294","79633","107927"
"2017-04-18 01:37","ClientBase.java","35457","131807","167264"
"2010-03-16 22:23","ClientBase.java","13571","40162","53733"
"2018-09-07 02:49","ClientBase.java","88120","194908","283028"
"2019-07-31 19:06","ClientBase.java","141648","256807","398455"
"2012-02-06 09:47","ClientBase.java","26693","74911","101604"
"2015-02-06 06:17","ClientBase.java","32139","118046","150185"
"2017-09-11 18:55","ClientBase.java","35961","132137","168098"
"2009-07-17 00:09","ClientBase.java","384","820","1204"
"2019-08-17 17:13","ClientBase.java","141648","257500","399148"
"2015-03-28 20:08","ClientBase.java","32180","120298","152478"
"2019-06-07 14:13","ClientBase.java","141648","243604","385252"
"2018-04-24 00:20","ClientBase.java","36114","138066","174180"
"2018-08-08 06:21","ClientBase.java","69550","175473","245023"
"2018-05-09 23:57","ClientBase.java","36162","138899","175061"
"2019-06-24 11:05","ClientBase.java","141648","244833","386481"
"2012-12-11 08:42","ClientBase.java","28871","84617","113488"
"2017-01-13 19:29","ClientBase.java","34627","133143","167770"
"2010-01-25 04:28","ClientBase.java","5890","22637","28527"
"2010-03-09 05:44","ClientBase.java","13425","39250","52675"
"2016-06-23 23:25","ClientBase.java","33989","126599","160588"
"2014-01-03 01:40","ClientBase.java","30044","99487","129531"
"2014-01-25 01:17","ClientBase.java","30088","101337","131425"
"2009-11-20 23:28","ClientBase.java","4735","17868","22603"
"2009-11-25 20:06","ClientBase.java","4739","17905","22644"
"2009-11-12 20:53","ClientBase.java","3644","9467","13111"
"2009-08-25 07:45","ClientBase.java","1243","3588","4831"
"2009-09-16 02:09","ClientBase.java","1716","4567","6283"
"2019-11-14 16:44","ClientBase.java","141648","265527","407175"
"2019-10-10 14:37","ClientBase.java","141648","261253","402901"
"2012-03-15 17:47","ClientBase.java","26907","76368","103275"
"2010-09-15 07:51","ClientBase.java","18213","92663","110876"
"2012-01-14 00:28","ClientBase.java","26620","74322","100942"
"2011-04-12 09:14","ClientBase.java","23076","60401","83477"
"2011-11-05 07:29","ClientBase.java","26434","72716","99150"
"2016-08-24 01:36","ClientBase.java","34334","127515","161849"
"2011-09-17 02:13","ClientBase.java","24631","71931","96562"
"2010-07-05 20:20","ClientBase.java","17302","54962","72264"
"2010-03-31 06:26","ClientBase.java","14871","41684","56555"
"2010-08-18 08:24","ClientBase.java","18205","64485","82690"
"2015-03-08 23:07","ClientBase.java","32165","118246","150411"
"2019-10-10 14:37","ACLTest.java","167976","260768","428744"
"2013-12-21 22:05","ACLTest.java","28511","72367","100878"
"2010-08-18 08:24","ACLTest.java","4983","24450","29433"
"2011-04-12 09:14","ACLTest.java","17408","27920","45328"
"2016-08-24 01:36","ACLTest.java","37909","105643","143552"
"2017-09-11 18:55","ACLTest.java","40664","111393","152057"
"2016-11-13 20:59","ACLTest.java","37962","109282","147244"
"2019-05-06 18:32","ACLTest.java","167977","241370","409347"
"2017-08-18 23:35","ACLTest.java","40571","111222","151793"
"2019-08-17 17:13","ACLTest.java","167976","257015","424991"
"2014-04-25 23:40","ACLTest.java","34488","82792","117280"
"2019-08-23 19:43","Follower.java","3","669","672"
"2019-12-27 22:33","Follower.java","10004","18682","28686"
"2019-10-10 14:37","Follower.java","3717","7470","11187"
"2019-11-11 13:55","CommitProcessorTest.java","3911","9619","13530"
"2019-10-10 14:37","CommitProcessorTest.java","3717","7470","11187"
"2019-08-17 17:13","ClientCanonicalizeTest.java","69297","70811","140108"
"2019-09-30 22:26","ClientCanonicalizeTest.java","70832","75711","146543"
"2019-06-14 09:06","QuorumPeer.java","896","3563","4459"
"2019-11-29 14:49","QuorumPeer.java","37692","58918","96610"
"2019-07-15 14:15","QuorumPeer.java","4733","14821","19554"
"2019-07-03 00:44","QuorumPeer.java","3699","6381","10080"
"2019-08-17 17:13","QuorumPeer.java","29523","44192","73715"
"2019-06-05 00:33","QuorumPeer.java","300","690","990"
"2019-06-04 10:55","QuorumPeer.java","233","386","619"
"2019-07-12 17:01","QuorumPeer.java","4733","14715","19448"
"2020-01-09 11:27","QuorumPeer.java","38766","61538","100304"
"2019-12-17 13:48","QuorumPeer.java","37739","59537","97276"
"2020-01-23 13:43","QuorumPeer.java","39181","63777","102958"
"2019-10-10 14:37","QuorumPeer.java","31925","50347","82272"
"2020-02-16 10:25","QuorumPeer.java","39313","64622","103935"
"2019-11-29 14:49","QuorumCnxManager.java","33495","39079","72574"
"2019-11-13 20:41","QuorumCnxManager.java","27935","34681","62616"
"2020-03-12 14:47","QuorumCnxManager.java","35416","46386","81802"
"2019-08-17 17:13","QuorumCnxManager.java","24866","23893","48759"
"2019-10-10 14:37","QuorumCnxManager.java","27655","30435","58090"
"2020-01-23 13:43","QuorumCnxManager.java","35173","44127","79300"
"2019-11-28 12:24","QuorumCnxManager.java","33169","37102","70271"
"2020-03-23 16:20","QuorumCnxManager.java","35484","46625","82109"
"2020-02-16 10:25","QuorumCnxManager.java","35323","44990","80313"
"2019-08-17 17:13","DataNode.java","29884","55054","84938"
"2019-07-31 19:06","DataNode.java","8443","32920","41363"
"2019-12-27 22:33","DataNode.java","37494","71342","108836"
"2019-10-10 14:37","SessionUpgradeTest.java","196919","260120","457039"
"2019-08-17 17:13","SessionUpgradeTest.java","196919","256367","453286"
"2019-08-17 17:13","ZKTrustManager.java","109882","111485","221367"
"2018-11-27 21:04","ZKTrustManager.java","86631","58568","145199"
"2019-10-10 14:37","ZKTrustManager.java","111293","116649","227942"
"2019-07-31 19:06","ZooKeeperServer.java","6366","20189","26555"
"2019-09-11 10:27","ZooKeeperServer.java","30743","46615","77358"
"2019-07-08 23:26","ZooKeeperServer.java","3557","6849","10406"
"2019-08-03 08:42","ZooKeeperServer.java","6716","21940","28656"
"2019-09-10 04:26","ZooKeeperServer.java","30701","46262","76963"
"2019-08-17 17:13","ZooKeeperServer.java","29368","43884","73252"
"2019-09-05 23:12","ZooKeeperServer.java","30666","46101","76767"
"2019-09-10 15:21","ZooKeeperServer.java","30711","46270","76981"
"2019-08-01 07:31","ZooKeeperServer.java","6447","21634","28081"
"2019-08-01 07:28","ZooKeeperServer.java","6373","21070","27443"
"2019-11-23 17:08","ZooKeeperServer.java","37200","56417","93617"
"2019-10-09 16:49","ZooKeeperServer.java","31298","49400","80698"
"2019-07-03 00:44","ZooKeeperServer.java","3470","5999","9469"
"2019-07-24 18:00","ZooKeeperServer.java","4885","15856","20741"
"2019-12-27 22:33","ZooKeeperServer.java","37686","60880","98566"
"2019-11-18 09:05","ZooKeeperServer.java","37005","54665","91670"
"2019-10-10 14:37","ZooKeeperServer.java","31771","50040","81811"
"2019-09-16 23:26","ZooKeeperServer.java","30945","48480","79425"
"2019-12-03 10:01","ZooKeeperServer.java","37532","58651","96183"
"2020-03-25 03:38","ZooKeeperServer.java","39321","66622","105943"
"2019-11-28 12:24","ZooKeeperServer.java","37257","56679","93936"
"2019-11-06 15:21","ZooKeeperServer.java","31910","50395","82305"
"2020-04-12 11:14","ZooKeeperServer.java","39952","68006","107958"
"2018-12-09 03:16","FollowerRequestProcessor.java","218280","228523","446803"
"2016-10-07 21:51","FollowerRequestProcessor.java","6482","11533","18015"
"2019-08-17 17:13","FollowerRequestProcessor.java","218393","255978","474371"
"2019-08-01 07:31","FollowerRequestProcessor.java","218393","256649","475042"
"2020-03-25 03:38","FollowerRequestProcessor.java","219939","270309","490248"
"2019-10-10 14:37","FollowerRequestProcessor.java","218393","259731","478124"
"2020-05-05 21:20","FollowerRequestProcessor.java","219939","271340","491279"
"2016-10-07 21:51","ReadOnlyRequestProcessor.java","7713","16146","23859"
"2019-08-17 17:13","ReadOnlyRequestProcessor.java","215122","256089","471211"
"2015-06-04 19:51","ReadOnlyRequestProcessor.java","1433","4815","6248"
"2017-05-27 00:52","SetQuotaCommand.java","22228","68500","90728"
"2019-01-31 15:55","SetQuotaCommand.java","178779","234068","412847"
"2019-08-17 17:13","SetQuotaCommand.java","178872","256502","435374"
"2019-12-28 16:17","SetQuotaCommand.java","180182","266397","446579"
"2016-07-27 01:33","SetQuotaCommand.java","17918","61514","79432"
"2019-07-17 13:42","SetQuotaCommand.java","178872","252266","431138"
"2019-11-08 17:30","ZooKeeper.java","3908","9522","13430"
"2020-04-16 12:50","ZooKeeper.java","12841","26415","39256"
"2019-10-10 14:37","ZooKeeper.java","3717","7470","11187"
"2020-05-17 15:13","ZooKeeper.java","16388","30333","46721"
"2018-11-22 17:56","NettyNettySuiteBase.java","220467","224464","444931"
"2019-08-17 17:13","NettyNettySuiteBase.java","220587","255887","476474"
"2016-07-27 01:33","CreateCommand.java","16530","41944","58474"
"2014-03-29 04:33","CreateCommand.java","991","5681","6672"
"2017-05-27 00:52","CreateCommand.java","21589","49679","71268"
"2015-06-04 19:51","CreateCommand.java","11445","33308","44753"
"2019-08-17 17:13","CreateCommand.java","196919","256367","453286"
"2018-05-09 23:57","CreateCommand.java","24135","59272","83407"
"2019-12-27 22:33","FileTxnLog.java","231776","265463","497239"
"2019-10-10 14:37","FileTxnLog.java","229914","258676","488590"
"2018-11-12 22:36","FileTxnLog.java","229770","222871","452641"
"2018-08-01 21:19","FileTxnLog.java","21757","24862","46619"
"2018-06-08 16:52","FileTxnLog.java","346","1793","2139"
"2020-01-28 17:26","FileTxnLog.java","231777","267184","498961"
"2019-05-14 17:11","FileTxnLog.java","229893","239569","469462"
"2019-01-07 14:24","FileTxnLog.java","229774","229613","459387"
"2019-04-12 19:01","FileTxnLog.java","229876","236692","466568"
"2018-09-06 01:11","FileTxnLog.java","100565","105301","205866"
"2018-09-18 01:00","FileTxnLog.java","100723","107713","208436"
"2019-08-17 17:13","FileTxnLog.java","229913","254922","484835"
"2019-06-03 19:40","FileTxnLog.java","229912","240252","470164"
"2019-08-03 08:42","FileTxnLog.java","229913","255630","485543"
"2019-04-09 15:35","FileTxnLog.java","229804","235670","465474"
"2014-07-08 05:25","FLELostMessageTest.java","20403","62059","82462"
"2011-09-17 02:13","FLELostMessageTest.java","4783","16250","21033"
"2019-08-17 17:13","FLELostMessageTest.java","178405","256932","435337"
"2017-11-28 00:10","FLELostMessageTest.java","27966","92166","120132"
"2019-07-12 17:01","FLELostMessageTest.java","178405","252245","430650"
"2012-08-03 00:17","FLELostMessageTest.java","10906","27253","38159"
"2009-05-20 22:16","Leader.java","4281","44192","48473"
"2019-08-17 17:13","Leader.java","90102","257706","347808"
"2019-06-29 00:33","Leader.java","90102","245693","335795"
"2019-06-03 19:40","Leader.java","90102","243037","333139"
"2014-05-20 23:42","Leader.java","16786","140481","157267"
"2019-07-15 14:15","Leader.java","90102","253125","343227"
"2015-03-17 18:06","Leader.java","17144","153076","170220"
"2019-07-25 21:41","Leader.java","90102","254189","344291"
"2018-05-10 06:00","Leader.java","20132","171957","192089"
"2018-07-12 01:33","Leader.java","26353","179111","205464"
"2009-11-18 20:06","Leader.java","7857","72463","80320"
"2018-02-07 01:05","Leader.java","20075","169766","189841"
"2017-11-28 00:10","Leader.java","20020","168856","188876"
"2019-06-05 00:33","Leader.java","90102","243427","333529"
"2009-02-20 01:23","Leader.java","2910","16536","19446"
"2015-04-10 22:22","Leader.java","17147","154147","171294"
"2011-06-14 07:14","Leader.java","11034","102061","113095"
"2019-08-03 08:42","Leader.java","90102","258414","348516"
"2019-06-05 23:57","Leader.java","90102","243696","333798"
"2012-12-08 00:38","Leader.java","14460","119035","133495"
"2013-10-07 21:08","Leader.java","15286","129310","144596"
"2012-12-31 02:38","Leader.java","14886","121582","136468"
"2017-01-13 19:29","Leader.java","19198","166517","185715"
"2012-07-05 18:01","Leader.java","14278","113927","128205"
"2019-01-07 14:55","Leader.java","90075","232570","322645"
"2019-04-12 19:01","Leader.java","90103","239514","329617"
"2018-12-09 03:16","Leader.java","90075","230337","320412"
"2018-08-17 14:40","Leader.java","35465","190519","225984"
"2019-11-29 14:49","Leader.java","90558","264719","355277"
"2013-03-07 07:01","Leader.java","15166","126374","141540"
"2018-11-27 10:02","Leader.java","90075","228013","318088"
"2015-02-06 06:17","Leader.java","17121","151831","168952"
"2012-02-27 03:41","Leader.java","14098","111383","125481"
"2017-02-15 23:04","Leader.java","19644","164007","183651"
"2014-07-18 02:19","Leader.java","16981","146940","163921"
"2012-01-04 01:15","Leader.java","13912","110319","124231"
"2011-12-28 01:26","Leader.java","13910","110164","124074"
"2018-08-29 06:26","Leader.java","48569","203831","252400"
"2018-08-03 18:52","Leader.java","26365","180621","206986"
"2011-04-29 18:12","Leader.java","10994","100406","111400"
"2013-05-14 14:27","Leader.java","15180","126513","141693"
"2012-02-06 09:40","Leader.java","13935","110979","124914"
"2017-09-11 18:55","Leader.java","20001","164980","184981"
"2018-09-18 01:00","Leader.java","52917","210749","263666"
"2011-10-20 20:02","Leader.java","13647","108133","121780"
"2012-01-14 00:28","Leader.java","13916","110421","124337"
"2012-01-06 02:32","Leader.java","13912","110320","124232"
"2012-03-15 17:47","Leader.java","14110","112374","126484"
"2011-04-12 09:14","Leader.java","10971","100048","111019"
"2010-07-23 06:22","Leader.java","9710","101842","111552"
"2011-09-22 07:42","Leader.java","12156","108434","120590"
"2010-08-18 08:24","Leader.java","10069","108101","118170"
"2016-12-20 14:47","Leader.java","19195","165672","184867"
"2009-04-24 20:26","Leader.java","4101","27992","32093"
"2014-07-20 04:50","Leader.java","16995","147475","164470"
"2014-06-10 00:19","Leader.java","16789","141418","158207"
"2016-06-23 23:25","Leader.java","18709","160122","178831"
"2016-06-23 23:45","Leader.java","18709","160230","178939"
"2020-03-25 03:38","Leader.java","90558","270947","361505"
"2014-03-23 04:12","Leader.java","15494","136072","151566"
"2009-10-30 17:19","Leader.java","7253","62986","70239"
"2019-12-27 22:33","Leader.java","90558","266840","357398"
"2009-08-27 20:07","Leader.java","5785","59885","65670"
"2009-08-25 07:45","Leader.java","5781","59878","65659"
"2016-08-13 15:01","Leader.java","18909","161125","180034"
"2013-10-21 23:36","Leader.java","15336","132102","147438"
"2019-10-10 14:37","Leader.java","90102","261459","351561"
"2013-11-07 06:41","Leader.java","15363","132560","147923"
"2015-03-08 23:07","ObserverZooKeeperServer.java","10748","28422","39170"
"2019-10-10 14:37","ObserverZooKeeperServer.java","197719","260113","457832"
"2016-08-13 15:01","ObserverZooKeeperServer.java","16922","41928","58850"
"2019-06-04 10:55","ObserverZooKeeperServer.java","197719","241844","439563"
"2019-08-17 17:13","ObserverZooKeeperServer.java","197719","256360","454079"
"2019-06-03 19:40","ObserverZooKeeperServer.java","197719","241691","439410"
"2019-02-13 13:12","ObserverZooKeeperServer.java","197640","235227","432867"
"2019-06-26 10:57","ZooDefs.java","5409","17279","22688"
"2019-08-17 17:13","ZooDefs.java","30023","54043","84066"
"2019-11-08 17:30","ZooDefs.java","32180","61814","93994"
"2019-07-31 19:06","ZooDefs.java","8382","31709","40091"
"2019-02-07 11:26","ZooDefs.java","336","2688","3024"
"2013-09-18 12:58","ClientCnxn.java","17006","154323","171329"
"2015-01-31 08:05","ClientCnxn.java","18545","177168","195713"
"2016-05-02 18:15","ClientCnxn.java","18656","183315","201971"
"2014-01-24 07:18","ClientCnxn.java","17027","161076","178103"
"2009-07-17 00:09","ClientCnxn.java","9288","93580","102868"
"2009-05-20 20:48","ClientCnxn.java","8645","80592","89237"
"2019-08-17 17:13","ClientCnxn.java","58134","257842","315976"
"2009-06-25 22:41","ClientCnxn.java","9222","92386","101608"
"2015-05-10 00:27","ClientCnxn.java","18573","179735","198308"
"2009-01-16 00:48","ClientCnxn.java","7218","39341","46559"
"2008-12-22 23:23","ClientCnxn.java","3816","36822","40638"
"2009-01-28 01:15","ClientCnxn.java","7244","39517","46761"
"2017-12-19 19:27","ClientCnxn.java","19139","192127","211266"
"2019-01-31 15:50","ClientCnxn.java","58118","235493","293611"
"2012-08-02 00:24","ClientCnxn.java","16107","140999","157106"
"2019-04-09 15:35","ClientCnxn.java","58118","238683","296801"
"2013-02-03 15:52","ClientCnxn.java","16721","147974","164695"
"2014-12-20 15:29","ClientCnxn.java","18547","177159","195706"
"2008-10-03 15:06","ClientCnxn.java","2341","17086","19427"
"2008-09-24 23:05","ClientCnxn.java","333","1875","2208"
"2008-10-01 04:47","ClientCnxn.java","867","14459","15326"
"2012-03-15 18:01","ClientCnxn.java","15959","138461","154420"
"2019-11-08 17:30","ClientCnxn.java","58134","263456","321590"
"2017-06-08 17:59","ClientCnxn.java","19109","187807","206916"
"2012-09-09 20:24","ClientCnxn.java","16112","141743","157855"
"2019-01-16 14:21","ClientCnxn.java","58118","233806","291924"
"2019-01-07 14:24","ClientCnxn.java","58118","232656","290774"
"2008-11-19 11:20","ClientCnxn.java","3254","34850","38104"
"2009-06-25 00:59","ClientCnxn.java","9218","92291","101509"
"2019-03-06 03:32","ClientCnxn.java","58118","237611","295729"
"2010-11-11 18:11","ClientCnxn.java","12486","173661","186147"
"2010-11-10 23:36","ClientCnxn.java","12448","173627","186075"
"2011-09-14 07:43","ClientCnxn.java","13200","135587","148787"
"2011-08-19 00:05","ClientCnxn.java","13144","133311","146455"
"2015-02-06 06:17","ClientCnxn.java","18556","177374","195930"
"2019-02-07 11:26","ClientCnxn.java","58118","236158","294276"
"2018-11-05 19:40","ClientCnxn.java","54485","252930","307415"
"2008-09-05 22:30","ClientCnxn.java","117","967","1084"
"2011-04-12 09:14","ClientCnxn.java","12766","133947","146713"
"2010-10-06 18:14","ClientCnxn.java","12183","170644","182827"
"2010-11-30 21:16","ClientCnxn.java","12560","174106","186666"
"2020-05-17 15:13","ClientCnxn.java","58456","272109","330565"
"2018-06-25 12:30","ClientCnxn.java","19186","195700","214886"
"2012-12-19 19:16","ClientCnxn.java","16714","147474","164188"
"2020-03-03 03:12","ClientCnxn.java","58455","269898","328353"
"2018-09-10 11:44","ClientCnxn.java","44651","224350","269001"
"2008-10-22 01:49","ClientCnxn.java","2474","28958","31432"
"2011-09-28 22:17","ClientCnxn.java","15707","136147","151854"
"2015-06-13 02:42","ClientCnxn.java","18597","181221","199818"
"2010-10-21 02:44","ClientCnxn.java","12209","172321","184530"
"2010-08-05 09:09","ClientCnxn.java","11881","136881","148762"
"2011-05-20 01:17","ClientCnxn.java","12800","134800","147600"
"2014-03-23 04:12","ClientCnxn.java","17106","161792","178898"
"2015-11-09 00:05","ClientCnxn.java","18607","182723","201330"
"2015-12-06 19:58","ClientCnxn.java","18607","183028","201635"
"2020-01-21 17:53","ClientCnxn.java","58455","266159","324614"
"2015-12-05 22:43","ClientCnxn.java","18607","183025","201632"
"2015-12-05 22:32","ClientCnxn.java","18607","183020","201627"
"2010-03-04 02:28","ClientCnxn.java","11314","114985","126299"
"2010-01-25 04:28","ClientCnxn.java","11248","111851","123099"
"2019-10-10 14:37","ClientCnxn.java","58134","261595","319729"
"2014-04-01 04:03","ClientCnxn.java","17175","162704","179879"
"2013-09-18 15:14","ClientCnxn.java","17006","154341","171347"
"2013-09-18 04:08","ClientCnxn.java","17006","154237","171243"
"2019-11-21 05:58","ClientCnxn.java","58455","261330","319785"
"2020-04-16 12:50","ClientCnxn.java","58455","271737","330192"
"2018-07-27 05:16","ClientCnxn.java","19877","197543","217420"
"2010-01-26 03:22","ClientCnxn.java","11292","112443","123735"
"2009-10-31 00:09","ClientCnxn.java","10509","99196","109705"
"2009-11-07 01:48","ClientCnxn.java","10669","99761","110430"
"2010-01-05 18:32","ClientCnxn.java","11039","108776","119815"
"2013-09-18 12:58","ClientCnxn.java","18039","143802","161841"
"2015-01-31 08:05","ClientCnxn.java","19659","166728","186387"
"2016-05-02 18:15","ClientCnxn.java","19805","172910","192715"
"2014-01-24 07:18","ClientCnxn.java","18088","150583","168671"
"2009-07-17 00:09","ClientCnxn.java","10974","80521","91495"
"2009-05-20 20:48","ClientCnxn.java","10098","67300","77398"
"2019-08-17 17:13","ClientCnxn.java","72747","257710","330457"
"2009-06-25 22:41","ClientCnxn.java","10842","79261","90103"
"2015-05-10 00:27","ClientCnxn.java","19697","169305","189002"
"2009-01-16 00:48","ClientCnxn.java","8383","25761","34144"
"2008-12-22 23:23","ClientCnxn.java","4828","23089","27917"
"2009-01-28 01:15","ClientCnxn.java","8446","25974","34420"
"2017-12-19 19:27","ClientCnxn.java","20654","182088","202742"
"2019-01-31 15:50","ClientCnxn.java","72719","235349","308068"
"2012-08-02 00:24","ClientCnxn.java","17087","130425","147512"
"2019-04-09 15:35","ClientCnxn.java","72725","238545","311270"
"2013-02-03 15:52","ClientCnxn.java","17737","137436","155173"
"2014-12-20 15:29","ClientCnxn.java","19655","166713","186368"
"2012-03-15 18:01","ClientCnxn.java","16933","127881","144814"
"2019-11-08 17:30","ClientCnxn.java","72747","263324","336071"
"2017-06-08 17:59","ClientCnxn.java","20578","177722","198300"
"2012-09-09 20:24","ClientCnxn.java","17091","131168","148259"
"2019-01-16 14:21","ClientCnxn.java","72719","233662","306381"
"2019-01-07 14:24","ClientCnxn.java","72719","232512","305231"
"2008-11-19 11:20","ClientCnxn.java","4063","20914","24977"
"2009-06-25 00:59","ClientCnxn.java","10836","79164","90000"
"2019-03-06 03:32","ClientCnxn.java","72725","237473","310198"
"2010-11-11 18:11","ClientCnxn.java","14512","160942","175454"
"2010-11-10 23:36","ClientCnxn.java","14472","160906","175378"
"2011-09-14 07:43","ClientCnxn.java","13988","124821","138809"
"2011-08-19 00:05","ClientCnxn.java","13923","122536","136459"
"2015-02-06 06:17","ClientCnxn.java","19670","166934","186604"
"2019-02-07 11:26","ClientCnxn.java","72719","236014","308733"
"2018-11-05 19:40","ClientCnxn.java","61922","248813","310735"
"2011-04-12 09:14","ClientCnxn.java","14907","121343","136250"
"2010-10-06 18:14","ClientCnxn.java","14191","157907","172098"
"2010-11-30 21:16","ClientCnxn.java","14601","161402","176003"
"2020-05-17 15:13","ClientCnxn.java","73201","272109","345310"
"2018-06-25 12:30","ClientCnxn.java","20768","185728","206496"
"2012-12-19 19:16","ClientCnxn.java","17711","136917","154628"
"2020-03-03 03:12","ClientCnxn.java","73200","269898","343098"
"2018-09-10 11:44","ClientCnxn.java","49078","217223","266301"
"2008-10-22 01:49","ClientCnxn.java","3150","14889","18039"
"2011-09-28 22:17","ClientCnxn.java","16502","125388","141890"
"2015-06-13 02:42","ClientCnxn.java","19732","170802","190534"
"2010-10-21 02:44","ClientCnxn.java","14216","159583","173799"
"2010-08-05 09:09","ClientCnxn.java","13877","124132","138009"
"2011-05-20 01:17","ClientCnxn.java","14928","122183","137111"
"2014-03-23 04:12","ClientCnxn.java","18186","151318","169504"
"2015-11-09 00:05","ClientCnxn.java","19745","172307","192052"
"2015-12-06 19:58","ClientCnxn.java","19748","172615","192363"
"2020-01-21 17:53","ClientCnxn.java","73200","266159","339359"
"2015-12-05 22:43","ClientCnxn.java","19748","172612","192360"
"2015-12-05 22:32","ClientCnxn.java","19748","172607","192355"
"2010-03-04 02:28","ClientCnxn.java","13144","102070","115214"
"2010-01-25 04:28","ClientCnxn.java","13141","98999","112140"
"2019-10-10 14:37","ClientCnxn.java","72747","261463","334210"
"2014-04-01 04:03","ClientCnxn.java","18255","152230","170485"
"2013-09-18 15:14","ClientCnxn.java","18039","143820","161859"
"2013-09-18 04:08","ClientCnxn.java","18039","143716","161755"
"2019-11-21 05:58","ClientCnxn.java","73200","261330","334530"
"2020-04-16 12:50","ClientCnxn.java","73200","271737","344937"
"2018-07-27 05:16","ClientCnxn.java","23971","190083","214054"
"2010-01-26 03:22","ClientCnxn.java","13192","99598","112790"
"2009-10-31 00:09","ClientCnxn.java","12275","86217","98492"
"2009-11-07 01:48","ClientCnxn.java","12449","86796","99245"
"2010-01-05 18:32","ClientCnxn.java","12929","95921","108850"
"2013-09-18 12:58","ClientCnxn.java","17070","152845","169915"
"2015-01-31 08:05","ClientCnxn.java","18622","175703","194325"
"2016-05-02 18:15","ClientCnxn.java","18752","181869","200621"
"2014-01-24 07:18","ClientCnxn.java","17101","159608","176709"
"2009-07-17 00:09","ClientCnxn.java","9192","91942","101134"
"2009-05-20 20:48","ClientCnxn.java","8511","78916","87427"
"2019-08-17 17:13","ClientCnxn.java","59544","257710","317254"
"2009-06-25 22:41","ClientCnxn.java","9112","90734","99846"
"2015-05-10 00:27","ClientCnxn.java","18656","178276","196932"
"2009-01-16 00:48","ClientCnxn.java","7062","37643","44705"
"2008-12-22 23:23","ClientCnxn.java","3637","35101","38738"
"2009-01-28 01:15","ClientCnxn.java","7091","37822","44913"
"2017-12-19 19:27","ClientCnxn.java","19369","190815","210184"
"2019-01-31 15:50","ClientCnxn.java","59516","235349","294865"
"2012-08-02 00:24","ClientCnxn.java","16165","139515","155680"
"2019-04-09 15:35","ClientCnxn.java","59522","238545","298067"
"2013-02-03 15:52","ClientCnxn.java","16783","146494","163277"
"2014-12-20 15:29","ClientCnxn.java","18624","175694","194318"
"2008-10-03 15:06","ClientCnxn.java","2079","15282","17361"
"2008-10-01 04:47","ClientCnxn.java","590","12640","13230"
"2012-03-15 18:01","ClientCnxn.java","16018","136978","152996"
"2019-11-08 17:30","ClientCnxn.java","59544","263324","322868"
"2017-06-08 17:59","ClientCnxn.java","19329","186485","205814"
"2012-09-09 20:24","ClientCnxn.java","16170","140259","156429"
"2019-01-16 14:21","ClientCnxn.java","59516","233662","293178"
"2019-01-07 14:24","ClientCnxn.java","59516","232512","292028"
"2008-11-19 11:20","ClientCnxn.java","3048","33102","36150"
"2009-06-25 00:59","ClientCnxn.java","9108","90639","99747"
"2019-03-06 03:32","ClientCnxn.java","59522","237473","296995"
"2010-11-11 18:11","ClientCnxn.java","12517","172150","184667"
"2010-11-10 23:36","ClientCnxn.java","12479","172116","184595"
"2011-09-14 07:43","ClientCnxn.java","13255","134100","147355"
"2011-08-19 00:05","ClientCnxn.java","13196","131821","145017"
"2015-02-06 06:17","ClientCnxn.java","18633","175909","194542"
"2019-02-07 11:26","ClientCnxn.java","59516","236014","295530"
"2018-11-05 19:40","ClientCnxn.java","55882","252785","308667"
"2011-04-12 09:14","ClientCnxn.java","12808","132447","145255"
"2010-10-06 18:14","ClientCnxn.java","12200","169119","181319"
"2010-11-30 21:16","ClientCnxn.java","12590","172594","185184"
"2020-05-17 15:13","ClientCnxn.java","59998","272109","332107"
"2018-06-25 12:30","ClientCnxn.java","19421","194393","213814"
"2012-12-19 19:16","ClientCnxn.java","16776","145994","162770"
"2020-03-03 03:12","ClientCnxn.java","59997","269898","329895"
"2018-09-10 11:44","ClientCnxn.java","45031","223188","268219"
"2008-10-22 01:49","ClientCnxn.java","2258","27200","29458"
"2011-09-28 22:17","ClientCnxn.java","15763","134661","150424"
"2015-06-13 02:42","ClientCnxn.java","18689","179771","198460"
"2010-10-21 02:44","ClientCnxn.java","12225","170795","183020"
"2010-08-05 09:09","ClientCnxn.java","11897","135355","147252"
"2011-05-20 01:17","ClientCnxn.java","12838","133296","146134"
"2014-03-23 04:12","ClientCnxn.java","17181","160325","177506"
"2015-11-09 00:05","ClientCnxn.java","18703","181277","199980"
"2015-12-06 19:58","ClientCnxn.java","18703","181582","200285"
"2020-01-21 17:53","ClientCnxn.java","59997","266159","326156"
"2015-12-05 22:43","ClientCnxn.java","18703","181579","200282"
"2015-12-05 22:32","ClientCnxn.java","18703","181574","200277"
"2010-03-04 02:28","ClientCnxn.java","11249","113378","124627"
"2010-01-25 04:28","ClientCnxn.java","11181","110242","121423"
"2019-10-10 14:37","ClientCnxn.java","59544","261463","321007"
"2014-04-01 04:03","ClientCnxn.java","17250","161237","178487"
"2013-09-18 15:14","ClientCnxn.java","17070","152863","169933"
"2013-09-18 04:08","ClientCnxn.java","17070","152759","169829"
"2019-11-21 05:58","ClientCnxn.java","59997","261330","321327"
"2020-04-16 12:50","ClientCnxn.java","59997","271737","331734"
"2018-07-27 05:16","ClientCnxn.java","20116","196240","216356"
"2010-01-26 03:22","ClientCnxn.java","11225","110834","122059"
"2009-10-31 00:09","ClientCnxn.java","10433","97578","108011"
"2009-11-07 01:48","ClientCnxn.java","10599","98149","108748"
"2010-01-05 18:32","ClientCnxn.java","10971","107166","118137"
"2019-12-27 22:33","TxnLogProposalIterator.java","202049","266387","468436"
"2019-08-17 17:13","TxnLogProposalIterator.java","200632","256292","456924"
"2019-11-29 14:49","QuorumUtil.java","9773","16330","26103"
"2020-03-12 14:47","QuorumUtil.java","12025","23968","35993"
"2019-10-10 14:37","QuorumUtil.java","3717","7470","11187"
"2019-09-11 10:27","SerializeUtils.java","132922","258856","391778"
"2013-03-07 07:01","SerializeUtils.java","27352","96497","123849"
"2011-07-01 00:53","SerializeUtils.java","23085","73781","96866"
"2019-08-17 17:13","SerializeUtils.java","132922","257500","390422"
"2015-06-04 19:51","SerializeUtils.java","29992","126195","156187"
"2016-10-07 21:51","SerializeUtils.java","32032","133286","165318"
"2018-02-07 01:05","SerializeUtils.java","33643","141271","174914"
"2011-06-23 18:01","SerializeUtils.java","22752","70898","93650"
"2019-12-27 22:33","SerializeUtils.java","133561","266817","400378"
"2012-12-19 19:16","SerializeUtils.java","27030","91619","118649"
"2011-04-12 09:14","SerializeUtils.java","22531","68582","91113"
"2019-09-30 22:26","ZKClientConfig.java","2482","5847","8329"
"2019-11-22 23:42","ZKClientConfig.java","9253","13750","23003"
"2019-11-04 02:01","ZKClientConfig.java","3854","7764","11618"
"2019-11-29 14:49","QuorumPeer.java","34076","45214","79290"
"2019-08-17 17:13","QuorumPeer.java","25828","30409","56237"
"2020-01-09 11:27","QuorumPeer.java","35153","47837","82990"
"2019-12-17 13:48","QuorumPeer.java","34125","45835","79960"
"2020-01-23 13:43","QuorumPeer.java","35589","50097","85686"
"2019-10-10 14:37","QuorumPeer.java","28279","36613","64892"
"2020-02-16 10:25","QuorumPeer.java","35728","50949","86677"
"2019-08-17 17:13","DigestAuthenticationProvider.java","29523","44192","73715"
"2019-11-11 13:59","DigestAuthenticationProvider.java","32129","54208","86337"
"2018-09-11 15:23","ServerConfig.java","101631","113792","215423"
"2019-04-12 19:01","ServerConfig.java","223780","237022","460802"
"2019-02-13 13:12","ServerConfig.java","223702","234083","457785"
"2019-05-15 11:56","ServerConfig.java","223780","239969","463749"
"2019-08-17 17:13","ServerConfig.java","223799","255234","479033"
"2019-04-18 19:17","ServerConfig.java","223780","237732","461512"
"2015-10-18 19:00","QuorumPeer.java","2613","6374","8987"
"2018-12-20 15:13","QuorumPeer.java","216053","229542","445595"
"2019-05-16 16:25","QuorumPeer.java","216147","240865","457012"
"2018-10-16 16:22","QuorumPeer.java","195224","233540","428764"
"2019-06-14 09:06","QuorumPeer.java","216163","244080","460243"
"2018-12-07 12:41","QuorumPeer.java","216052","226555","442607"
"2019-03-11 19:47","QuorumPeer.java","216073","235990","452063"
"2019-02-13 13:12","QuorumPeer.java","216074","234939","451013"
"2019-04-12 19:01","QuorumPeer.java","216147","237873","454020"
"2018-12-09 03:16","QuorumPeer.java","216052","228629","444681"
"2018-09-11 15:23","QuorumPeer.java","112345","132990","245335"
"2019-11-29 14:49","QuorumPeer.java","217616","264092","481708"
"2018-12-15 07:34","QuorumPeer.java","216052","228544","444596"
"2018-11-27 10:02","QuorumPeer.java","216052","226305","442357"
"2018-09-18 01:00","QuorumPeer.java","112468","134368","246836"
"2019-06-03 19:40","QuorumPeer.java","216163","241413","457576"
"2019-07-15 14:15","QuorumPeer.java","216164","251502","467666"
"2019-07-03 00:44","QuorumPeer.java","216163","244095","460258"
"2019-08-17 17:13","QuorumPeer.java","216164","256083","472247"
"2015-06-27 02:03","QuorumPeer.java","1361","4050","5411"
"2017-11-28 00:10","QuorumPeer.java","15413","28317","43730"
"2018-01-30 08:02","QuorumPeer.java","15823","28880","44703"
"2019-05-15 11:56","QuorumPeer.java","216147","240820","456967"
"2019-06-05 00:33","QuorumPeer.java","216163","241803","457966"
"2019-05-20 23:13","QuorumPeer.java","216147","240938","457085"
"2019-06-04 10:55","QuorumPeer.java","216163","241566","457729"
"2019-07-12 17:01","QuorumPeer.java","216164","251396","467560"
"2020-01-09 11:27","QuorumPeer.java","217618","265640","483258"
"2017-02-09 11:40","QuorumPeer.java","8976","20656","29632"
"2017-07-06 18:48","QuorumPeer.java","13183","22549","35732"
"2018-10-01 06:11","QuorumPeer.java","113144","137623","250767"
"2015-04-09 20:16","QuorumPeer.java","56","1119","1175"
"2018-07-04 17:11","QuorumPeer.java","25450","42068","67518"
"2019-12-17 13:48","QuorumPeer.java","217616","264664","482280"
"2015-12-07 05:59","QuorumPeer.java","2910","7429","10339"
"2020-01-23 13:43","QuorumPeer.java","217618","267464","485082"
"2016-06-23 23:45","QuorumPeer.java","6507","12096","18603"
"2016-06-23 23:25","QuorumPeer.java","6472","11953","18425"
"2018-12-06 10:56","QuorumPeer.java","216052","226499","442551"
"2019-10-10 14:37","QuorumPeer.java","216164","259836","476000"
"2017-07-27 23:09","QuorumPeer.java","14697","23077","37774"
"2018-06-26 11:18","QuorumPeer.java","16361","32961","49322"
"2018-07-27 12:32","QuorumPeer.java","35973","53791","89764"
"2019-04-18 19:17","QuorumPeer.java","216147","238583","454730"
"2016-12-20 14:47","QuorumPeer.java","8671","19216","27887"
"2017-05-11 16:59","QuorumPeer.java","12846","21345","34191"
"2016-06-02 00:59","QuorumPeer.java","6415","11527","17942"
"2020-02-16 10:25","QuorumPeer.java","217618","268177","485795"
"2020-03-19 17:09","Learner.java","2119","4181","6300"
"2020-02-03 04:30","Learner.java","123","680","803"
"2020-03-25 03:38","Learner.java","2240","5098","7338"
"2020-01-25 18:48","Learner.java","7","197","204"
"2020-05-03 19:43","Learner.java","3044","6838","9882"
"2019-11-29 14:49","ReconfigTest.java","9154","12799","21953"
"2019-06-05 00:46","SyncRequestProcessor.java","526","1186","1712"
"2019-06-03 19:40","SyncRequestProcessor.java","233","364","597"
"2019-08-17 17:13","SyncRequestProcessor.java","29720","44520","74240"
"2019-10-10 14:37","SyncRequestProcessor.java","32105","50658","82763"
"2020-01-07 20:39","SyncRequestProcessor.java","38169","62022","100191"
"2020-03-25 03:38","SyncRequestProcessor.java","39646","67231","106877"
"2019-12-27 22:33","FileTxnLog.java","233223","265463","498686"
"2019-10-10 14:37","FileTxnLog.java","231287","258602","489889"
"2018-11-12 22:36","FileTxnLog.java","231133","222787","453920"
"2018-08-01 21:19","FileTxnLog.java","21459","23117","44576"
"2020-01-28 17:26","FileTxnLog.java","233224","267184","500408"
"2019-05-14 17:11","FileTxnLog.java","231266","239495","470761"
"2019-01-07 14:24","FileTxnLog.java","231137","229529","460666"
"2019-04-12 19:01","FileTxnLog.java","231249","236618","467867"
"2018-09-06 01:11","FileTxnLog.java","100500","103789","204289"
"2018-09-18 01:00","FileTxnLog.java","100662","106205","206867"
"2019-08-17 17:13","FileTxnLog.java","231286","254848","486134"
"2019-06-03 19:40","FileTxnLog.java","231285","240178","471463"
"2019-08-03 08:42","FileTxnLog.java","231286","255556","486842"
"2019-04-09 15:35","FileTxnLog.java","231170","235589","466759"
"2019-08-17 17:13","AsyncTest.java","57679","257842","315521"
"2017-09-11 18:55","AsyncTest.java","18992","188534","207526"
"2009-02-03 06:23","AsyncTest.java","8131","53372","61503"
"2010-03-31 06:26","AsyncTest.java","11761","122885","134646"
"2011-04-12 09:14","AsyncTest.java","12711","134347","147058"
"2016-08-24 01:36","AsyncTest.java","18617","185164","203781"
"2009-06-25 00:59","ZooKeeper.java","3844","14970","18814"
"2019-02-06 09:46","ZooKeeper.java","129699","235163","364862"
"2019-01-16 14:21","ZooKeeper.java","129699","233440","363139"
"2017-04-18 02:02","ZooKeeper.java","31147","137359","168506"
"2019-11-08 17:30","ZooKeeper.java","129742","263117","392859"
"2019-02-07 11:26","ZooKeeper.java","129699","235792","365491"
"2013-03-07 07:01","ZooKeeper.java","25829","98094","123923"
"2011-07-01 00:53","ZooKeeper.java","21815","75694","97509"
"2013-12-17 17:55","ZooKeeper.java","26216","105285","131501"
"2012-02-06 09:56","ZooKeeper.java","24389","82494","106883"
"2012-03-17 01:31","ZooKeeper.java","24564","84174","108738"
"2012-11-17 15:03","ZooKeeper.java","25059","89788","114847"
"2017-05-01 17:19","ZooKeeper.java","31150","137489","168639"
"2010-11-10 23:36","ZooKeeper.java","17492","106724","124216"
"2014-01-24 07:18","ZooKeeper.java","26262","107260","133522"
"2019-08-17 17:13","ZooKeeper.java","129742","257503","387245"
"2015-06-04 19:51","ZooKeeper.java","28260","127583","155843"
"2016-10-07 21:51","ZooKeeper.java","30248","134622","164870"
"2015-03-16 09:09","ZooKeeper.java","28197","124476","152673"
"2015-03-17 18:06","ZooKeeper.java","28202","125191","153393"
"2016-05-02 18:15","ZooKeeper.java","29888","131496","161384"
"2019-06-26 10:57","ZooKeeper.java","129742","245353","375095"
"2019-06-03 19:40","ZooKeeper.java","129742","242834","372576"
"2018-05-09 23:57","ZooKeeper.java","31785","144382","176167"
"2019-08-03 08:42","ZooKeeper.java","129742","258211","387953"
"2016-11-13 20:59","ZooKeeper.java","30259","136886","167145"
"2013-02-03 15:52","ZooKeeper.java","25552","93754","119306"
"2012-09-28 18:32","ZooKeeper.java","24930","87691","112621"
"2017-07-28 00:36","ZooKeeper.java","31523","136996","168519"
"2017-08-18 23:35","ZooKeeper.java","31562","137520","169082"
"2017-07-04 07:56","ZooKeeper.java","31505","137588","169093"
"2009-12-11 20:38","ZooKeeper.java","7513","32639","40152"
"2009-11-12 21:02","ZooKeeper.java","7035","24783","31818"
"2010-01-26 03:22","ZooKeeper.java","8646","37850","46496"
"2010-01-05 18:32","ZooKeeper.java","8271","34061","42332"
"2009-11-07 01:48","ZooKeeper.java","6930","24075","31005"
"2009-10-31 00:09","ZooKeeper.java","6655","23395","30050"
"2020-04-16 12:50","ZooKeeper.java","130378","271713","402091"
"2018-07-27 05:16","ZooKeeper.java","43180","157795","200975"
"2019-10-10 14:37","ZooKeeper.java","129742","261256","390998"
"2014-04-01 04:03","ZooKeeper.java","26512","108990","135502"
"2010-02-08 23:36","ZooKeeper.java","12319","41184","53503"
"2009-08-07 20:00","ZooKeeper.java","4597","17818","22415"
"2012-12-19 19:16","ZooKeeper.java","25509","93218","118727"
"2019-02-11 12:34","ZooKeeper.java","129699","236155","365854"
"2014-07-08 20:18","ZooKeeper.java","27928","115293","143221"
"2010-11-30 21:16","ZooKeeper.java","17646","107245","124891"
"2020-05-17 15:13","ZooKeeper.java","130379","272085","402464"
"2017-01-09 22:49","ZooKeeper.java","30449","138644","169093"
"2011-05-20 01:17","ZooKeeper.java","21309","71362","92671"
"2019-03-12 19:08","ZooKeeper.java","129707","237591","367298"
"2011-09-06 00:58","ZooKeeper.java","19853","78954","98807"
"2014-07-22 06:51","ZooKeeper.java","28019","119582","147601"
"2014-04-29 02:23","ZooKeeper.java","27644","111907","139551"
"2016-11-24 17:18","PurgeTxnLog.java","26573","162271","188844"
"2020-01-30 09:43","PurgeTxnLog.java","101355","268619","369974"
"2017-07-28 00:36","PurgeTxnLog.java","27395","161371","188766"
"2019-08-17 17:13","PurgeTxnLog.java","100899","257689","358588"
"2014-05-18 03:01","PurgeTxnLog.java","24108","137214","161322"
"2019-10-10 14:37","PurgeTxnLog.java","100899","261442","362341"
"2015-11-08 22:21","PurgeTxnLog.java","24639","154078","178717"
"2019-11-28 12:24","PurgeTxnLog.java","101355","263051","364406"
"2015-11-22 00:33","PurgeTxnLog.java","24671","154523","179194"
"2017-01-23 02:13","PurgeTxnLog.java","26619","163699","190318"
"2019-08-17 17:13","QuorumServerTest.java","29715","44916","74631"
"2020-02-16 10:25","QuorumServerTest.java","39477","65318","104795"
"2019-02-06 09:46","ZooKeeper.java","218283","233571","451854"
"2019-01-16 14:21","ZooKeeper.java","218282","231847","450129"
"2017-04-18 02:02","ZooKeeper.java","10896","17785","28681"
"2019-11-08 17:30","ZooKeeper.java","218423","261622","480045"
"2019-02-07 11:26","ZooKeeper.java","218283","234200","452483"
"2017-05-01 17:19","ZooKeeper.java","10912","17928","28840"
"2019-08-17 17:13","ZooKeeper.java","218393","255978","474371"
"2016-10-07 21:51","ZooKeeper.java","6482","11533","18015"
"2016-05-02 18:15","ZooKeeper.java","4968","7253","12221"
"2019-06-26 10:57","ZooKeeper.java","218392","243827","462219"
"2019-06-03 19:40","ZooKeeper.java","218392","241308","459700"
"2018-05-09 23:57","ZooKeeper.java","15133","28407","43540"
"2019-08-03 08:42","ZooKeeper.java","218393","256686","475079"
"2016-11-13 20:59","ZooKeeper.java","6712","14016","20728"
"2017-07-28 00:36","ZooKeeper.java","13692","19842","33534"
"2017-08-18 23:35","ZooKeeper.java","13790","20425","34215"
"2017-07-04 07:56","ZooKeeper.java","12151","18911","31062"
"2020-04-16 12:50","ZooKeeper.java","219939","271098","491037"
"2018-07-27 05:16","ZooKeeper.java","35026","50318","85344"
"2019-10-10 14:37","ZooKeeper.java","218393","259731","478124"
"2019-02-11 12:34","ZooKeeper.java","218283","234563","452846"
"2020-05-17 15:13","ZooKeeper.java","219967","271497","491464"
"2017-01-09 22:49","ZooKeeper.java","7553","16425","23978"
"2019-03-12 19:08","ZooKeeper.java","218301","236009","454310"
"2019-02-06 09:46","ZooKeeper.java","223176","233413","456589"
"2019-01-16 14:21","ZooKeeper.java","223175","231689","454864"
"2017-04-18 02:02","ZooKeeper.java","4896","6734","11630"
"2019-11-08 17:30","ZooKeeper.java","223341","261489","484830"
"2019-02-07 11:26","ZooKeeper.java","223176","234042","457218"
"2017-05-01 17:19","ZooKeeper.java","4914","6879","11793"
"2019-08-17 17:13","ZooKeeper.java","223293","255827","479120"
"2019-06-26 10:57","ZooKeeper.java","223292","243676","466968"
"2019-06-03 19:40","ZooKeeper.java","223292","241157","464449"
"2018-05-09 23:57","ZooKeeper.java","9334","17557","26891"
"2019-08-03 08:42","ZooKeeper.java","223293","256535","479828"
"2016-11-13 20:59","ZooKeeper.java","265","2518","2783"
"2017-07-28 00:36","ZooKeeper.java","7700","8799","16499"
"2017-08-18 23:35","ZooKeeper.java","7798","9382","17180"
"2017-07-04 07:56","ZooKeeper.java","6159","7868","14027"
"2020-04-16 12:50","ZooKeeper.java","224881","270989","495870"
"2018-07-27 05:16","ZooKeeper.java","30007","40248","70255"
"2019-10-10 14:37","ZooKeeper.java","223293","259580","482873"
"2019-02-11 12:34","ZooKeeper.java","223176","234405","457581"
"2020-05-17 15:13","ZooKeeper.java","224913","271392","496305"
"2017-01-09 22:49","ZooKeeper.java","1130","4951","6081"
"2019-03-12 19:08","ZooKeeper.java","223197","235854","459051"
"2020-03-19 17:09","Learner.java","226052","268866","494918"
"2020-02-03 04:30","Learner.java","226052","267361","493413"
"2020-01-23 13:43","Learner.java","226052","266804","492856"
"2020-03-25 03:38","Learner.java","226052","269662","495714"
"2019-11-28 12:24","Learner.java","226050","261781","487831"
"2019-12-27 22:33","Learner.java","226051","265554","491605"
"2020-01-25 18:48","Learner.java","226052","266994","493046"
"2020-05-03 19:43","Learner.java","226113","270659","496772"
"2019-10-10 14:37","Learner.java","224425","259003","483428"
"2019-06-03 19:40","Learner.java","224424","240580","465004"
"2019-07-15 14:15","Learner.java","224425","250669","475094"
"2019-08-23 19:43","Learner.java","224425","255916","480341"
"2019-08-17 17:13","Learner.java","224425","255250","479675"
"2017-11-28 00:10","Learner.java","2417","6227","8644"
"2018-05-09 00:54","Learner.java","3289","9227","12516"
"2019-04-09 15:35","Learner.java","224331","236013","460344"
"2019-07-12 17:01","Learner.java","224425","250563","474988"
"2017-07-06 18:48","Learner.java","24","296","320"
"2017-08-18 06:32","Learner.java","1663","1438","3101"
"2019-07-02 07:34","Learner.java","224424","243192","467616"
"2018-10-16 16:22","Learner.java","202406","231628","434034"
"2018-12-09 03:16","Learner.java","224305","227788","452093"
"2019-11-29 14:49","Learner.java","226050","263432","489482"
"2018-11-27 10:02","Learner.java","224305","225464","449769"
"2018-08-06 14:11","Learner.java","24710","34046","58756"
"2019-11-14 16:44","ClientBase.java","4026","12053","16079"
"2019-10-10 14:37","ClientBase.java","3717","7470","11187"
"2019-06-26 10:57","ZooDefs.java","5470","18490","23960"
"2019-08-17 17:13","ZooDefs.java","29884","55054","84938"
"2019-01-16 14:21","ZooDefs.java","96","1246","1342"
"2019-11-08 17:30","ZooDefs.java","32033","62817","94850"
"2019-07-31 19:06","ZooDefs.java","8443","32920","41363"
"2019-02-07 11:26","ZooDefs.java","425","3927","4352"
"2011-10-20 20:02","SendAckRequestProcessor.java","6751","16601","23352"
"2019-08-17 17:13","SendAckRequestProcessor.java","178405","256932","435337"
"2019-05-03 00:44","SendAckRequestProcessor.java","178406","240930","419336"
"2019-08-17 17:13","RemotePeerMXBean.java","231529","254848","486377"
"2019-08-17 17:13","SyncRequestProcessorMetricTest.java","29367","43507","72874"
"2019-12-27 22:33","FileTxnSnapLog.java","179553","266616","446169"
"2019-10-10 14:37","FileTxnSnapLog.java","178243","260381","438624"
"2019-12-13 08:51","FileTxnSnapLog.java","179553","264653","444206"
"2017-01-07 01:09","FileTxnSnapLog.java","21100","70750","91850"
"2014-02-12 17:00","FileTxnSnapLog.java","7197","29922","37119"
"2020-01-23 16:46","FileTxnSnapLog.java","179553","267865","447418"
"2020-01-28 17:26","FileTxnSnapLog.java","179553","268336","447889"
"2016-09-18 23:21","FileTxnSnapLog.java","20375","65553","85928"
"2017-01-23 02:13","FileTxnSnapLog.java","21133","71187","92320"
"2018-06-08 16:52","FileTxnSnapLog.java","25950","80773","106723"
"2019-09-02 08:23","FileTxnSnapLog.java","178243","257285","435528"
"2017-04-28 07:14","FileTxnSnapLog.java","23193","70988","94181"
"2019-07-31 19:06","FileTxnSnapLog.java","178243","255935","434178"
"2018-07-30 06:22","FileTxnSnapLog.java","44131","100609","144740"
"2012-07-17 23:25","FileTxnSnapLog.java","2682","5983","8665"
"2020-01-30 09:43","FileTxnSnapLog.java","179553","268412","447965"
"2019-05-14 17:11","FileTxnSnapLog.java","178243","241295","419538"
"2013-06-28 23:22","FileTxnSnapLog.java","6337","21941","28278"
"2014-02-10 21:50","FileTxnSnapLog.java","7161","29774","36935"
"2019-05-21 23:34","FileTxnSnapLog.java","178243","241616","419859"
"2019-05-27 10:54","FileTxnSnapLog.java","178243","241948","420191"
"2017-01-13 19:29","FileTxnSnapLog.java","21112","70965","92077"
"2017-06-26 00:07","FileTxnSnapLog.java","24284","71617","95901"
"2018-02-23 23:49","FileTxnSnapLog.java","25707","78276","103983"
"2017-08-18 06:32","FileTxnSnapLog.java","24840","72175","97015"
"2019-08-17 17:13","FileTxnSnapLog.java","178243","256628","434871"
"2018-02-14 21:23","FileTxnSnapLog.java","25692","78097","103789"
"2019-10-10 14:37","RecoveryTest.java","3717","7470","11187"
"2018-12-09 03:16","FollowerRequestProcessor.java","132878","230114","362992"
"2013-03-07 07:01","FollowerRequestProcessor.java","27352","96497","123849"
"2016-10-07 21:51","FollowerRequestProcessor.java","32032","133286","165318"
"2019-08-17 17:13","FollowerRequestProcessor.java","132922","257500","390422"
"2015-06-04 19:51","FollowerRequestProcessor.java","29992","126195","156187"
"2019-08-01 07:31","FollowerRequestProcessor.java","132922","258171","391093"
"2014-03-23 04:12","FollowerRequestProcessor.java","27932","106447","134379"
"2020-03-25 03:38","FollowerRequestProcessor.java","133561","270924","404485"
"2014-07-18 19:46","FollowerRequestProcessor.java","29665","117788","147453"
"2019-10-10 14:37","FollowerRequestProcessor.java","132922","261253","394175"
"2011-10-28 18:37","FollowerRequestProcessor.java","25579","78252","103831"
"2011-04-12 09:14","FollowerRequestProcessor.java","22531","68582","91113"
"2011-07-15 06:50","FollowerRequestProcessor.java","21091","70049","91140"
"2020-05-05 21:20","FollowerRequestProcessor.java","133561","271955","405516"
"2013-10-09 22:21","FollowerRequestProcessor.java","27721","102061","129782"
"2010-08-18 08:24","FollowerRequestProcessor.java","18131","73137","91268"
"2015-03-08 23:07","FollowerRequestProcessor.java","29882","122703","152585"
"2019-10-10 14:37","ConnectionBean.java","3717","7470","11187"
"2009-07-17 00:09","RecoveryTest.java","2831","10922","13753"
"2019-08-17 17:13","RecoveryTest.java","133993","257500","391493"
"2013-12-21 22:05","RecoveryTest.java","27490","102462","129952"
"2019-10-10 14:37","RecoveryTest.java","133993","261253","395246"
"2011-04-12 09:14","RecoveryTest.java","22214","67194","89408"
"2010-03-31 06:26","RecoveryTest.java","14548","49016","63564"
"2010-08-18 08:24","RecoveryTest.java","17805","71740","89545"
"2020-03-25 03:38","KeeperException.java","12133","24918","37051"
"2019-11-29 14:49","QuorumPeer.java","34961","53505","88466"
"2019-07-15 14:15","QuorumPeer.java","1047","8453","9500"
"2019-08-17 17:13","QuorumPeer.java","26740","38727","65467"
"2019-07-12 17:01","QuorumPeer.java","1047","8347","9394"
"2020-01-09 11:27","QuorumPeer.java","36038","56128","92166"
"2019-12-17 13:48","QuorumPeer.java","35010","54126","89136"
"2020-01-23 13:43","QuorumPeer.java","36476","58390","94866"
"2019-10-10 14:37","QuorumPeer.java","29175","44915","74090"
"2020-02-16 10:25","QuorumPeer.java","36615","59242","95857"
"2019-10-10 14:37","IntegrityCheck.java","222020","259640","481660"
"2017-09-11 18:55","IntegrityCheck.java","8249","11244","19493"
"2018-08-06 14:11","IntegrityCheck.java","30458","42836","73294"
"2019-08-17 17:13","IntegrityCheck.java","222020","255887","477907"
"2009-06-25 00:59","ClientBase.java","2163","9035","11198"
"2012-08-28 21:51","ClientBase.java","26167","84249","110416"
"2017-06-08 17:51","ClientBase.java","33176","134563","167739"
"2012-07-17 23:19","ClientBase.java","26155","83163","109318"
"2017-04-18 01:37","ClientBase.java","32831","134850","167681"
"2010-03-16 22:23","ClientBase.java","13494","47740","61234"
"2018-09-07 02:49","ClientBase.java","85126","197583","282709"
"2019-07-31 19:06","ClientBase.java","133993","256807","390800"
"2012-02-06 09:47","ClientBase.java","25586","79473","105059"
"2015-02-06 06:17","ClientBase.java","29584","121160","150744"
"2017-09-11 18:55","ClientBase.java","33333","135178","168511"
"2009-07-17 00:09","ClientBase.java","2831","10922","13753"
"2009-06-30 03:32","ClientBase.java","2491","10146","12637"
"2019-08-17 17:13","ClientBase.java","133993","257500","391493"
"2015-03-28 20:08","ClientBase.java","29624","123411","153035"
"2019-06-07 14:13","ClientBase.java","133993","243604","377597"
"2018-04-24 00:20","ClientBase.java","33484","141105","174589"
"2018-08-08 06:21","ClientBase.java","66738","178330","245068"
"2018-05-09 23:57","ClientBase.java","33526","141932","175458"
"2019-06-24 11:05","ClientBase.java","133993","244833","378826"
"2012-12-11 08:42","ClientBase.java","26338","87753","114091"
"2017-01-13 19:29","ClientBase.java","32064","136249","168313"
"2010-01-25 04:28","ClientBase.java","7337","31739","39076"
"2010-03-09 05:44","ClientBase.java","13347","46827","60174"
"2016-06-23 23:25","ClientBase.java","31433","129712","161145"
"2014-01-03 01:40","ClientBase.java","27496","102608","130104"
"2014-01-25 01:17","ClientBase.java","27536","104454","131990"
"2009-11-20 23:28","ClientBase.java","6189","26977","33166"
"2009-11-25 20:06","ClientBase.java","6193","27014","33207"
"2009-11-12 20:53","ClientBase.java","5728","19206","24934"
"2009-08-25 07:45","ClientBase.java","3394","13394","16788"
"2009-09-16 02:09","ClientBase.java","3833","14339","18172"
"2019-11-14 16:44","ClientBase.java","133993","265527","399520"
"2019-10-10 14:37","ClientBase.java","133993","261253","395246"
"2012-03-15 17:47","ClientBase.java","25764","80894","106658"
"2010-09-15 07:51","ClientBase.java","17812","99917","117729"
"2012-01-14 00:28","ClientBase.java","25513","78884","104397"
"2011-04-12 09:14","ClientBase.java","22214","67194","89408"
"2011-11-05 07:29","ClientBase.java","25323","77274","102597"
"2016-08-24 01:36","ClientBase.java","31778","130628","162406"
"2011-09-17 02:13","ClientBase.java","23532","76501","100033"
"2010-07-05 20:20","ClientBase.java","16911","62226","79137"
"2010-03-31 06:26","ClientBase.java","14548","49016","63564"
"2010-08-18 08:24","ClientBase.java","17805","71740","89545"
"2015-03-08 23:07","ClientBase.java","29610","121360","150970"
"2019-08-17 17:13","SessionTrackerTest.java","182289","256464","438753"
"2018-08-08 06:21","SessionTrackerTest.java","85494","138544","224038"
"2019-07-08 23:26","SessionTrackerTest.java","182289","245240","427529"
"2017-03-16 17:13","SessionTrackerTest.java","22221","65386","87607"
"2019-08-17 17:13","DeserializationPerfTest.java","142084","257500","399584"
"2014-04-25 21:35","DeserializationPerfTest.java","31359","104645","136004"
"2009-09-16 02:09","DeserializationPerfTest.java","1372","3787","5159"
"2019-10-10 14:37","DeserializationPerfTest.java","142084","261253","403337"
"2011-04-12 09:14","DeserializationPerfTest.java","22852","59741","82593"
"2010-03-31 06:26","DeserializationPerfTest.java","14591","40968","55559"
"2019-07-02 07:34","Follower.java","132922","245443","378365"
"2018-12-09 03:16","Follower.java","132878","230114","362992"
"2019-04-12 19:01","Follower.java","132922","239307","372229"
"2013-03-07 07:01","Follower.java","27352","96497","123849"
"2015-02-06 06:17","Follower.java","29856","122503","152359"
"2011-04-29 18:12","Follower.java","22566","68952","91518"
"2011-01-22 20:38","Follower.java","18727","105913","124640"
"2011-02-07 20:26","Follower.java","18821","106024","124845"
"2018-09-18 01:00","Follower.java","84497","200266","284763"
"2019-08-17 17:13","Follower.java","132922","257500","390422"
"2019-06-29 00:33","Follower.java","132922","245487","378409"
"2019-08-06 17:11","Follower.java","132922","258601","391523"
"2019-07-15 14:15","Follower.java","132922","252919","385841"
"2019-08-23 19:43","Follower.java","132922","258166","391088"
"2017-11-28 00:10","Follower.java","33587","140360","173947"
"2019-06-05 00:33","Follower.java","132922","243221","376143"
"2011-06-14 07:14","Follower.java","22640","70641","93281"
"2019-05-03 00:44","Follower.java","132922","241497","374419"
"2010-01-25 04:28","Follower.java","7798","33271","41069"
"2009-10-30 17:19","Follower.java","5760","18467","24227"
"2009-11-20 23:28","Follower.java","6658","28517","35175"
"2015-06-05 21:15","Follower.java","29992","126229","156221"
"2019-12-27 22:33","Follower.java","133561","266817","400378"
"2016-08-13 15:01","Follower.java","31909","132062","163971"
"2019-10-10 14:37","Follower.java","132922","261253","394175"
"2010-08-18 08:24","Follower.java","18131","73137","91268"
"2016-12-20 14:47","Follower.java","32278","136692","168970"
"2014-07-22 06:51","Follower.java","29694","118137","147831"
"2019-08-17 17:13","AdminServer.java","223799","255234","479033"
"2016-09-18 23:21","ZooKeeperServerMainTest.java","574","1002","1576"
"2016-08-24 01:36","ZooKeeperServerMainTest.java","343","111","454"
"2017-01-13 19:29","ZooKeeperServerMainTest.java","1891","6994","8885"
"2019-06-03 19:40","ZooKeeperServerMainTest.java","222251","241217","463468"
"2019-08-17 17:13","ZooKeeperServerMainTest.java","222252","255887","478139"
"2018-09-11 15:23","ZooKeeperServerMainTest.java","107750","122111","229861"
"2017-01-05 22:32","ZooKeeperServerMainTest.java","1809","6542","8351"
"2013-03-07 07:01","KeeperException.java","29619","92116","121735"
"2011-07-01 00:53","KeeperException.java","23848","65910","89758"
"2012-02-06 09:56","KeeperException.java","26695","75032","101727"
"2014-01-24 07:18","KeeperException.java","30086","101316","131402"
"2019-08-17 17:13","KeeperException.java","141556","257500","399056"
"2014-04-30 04:30","KeeperException.java","31469","105978","137447"
"2019-07-24 18:00","KeeperException.java","141556","253955","395511"
"2016-11-13 20:59","KeeperException.java","34383","131242","165625"
"2017-07-28 00:36","KeeperException.java","35822","131527","167349"
"2020-03-25 03:38","KeeperException.java","142195","270924","413119"
"2009-12-11 21:24","KeeperException.java","4827","18172","22999"
"2018-07-27 05:16","KeeperException.java","47849","152696","200545"
"2011-05-20 01:17","KeeperException.java","23128","61364","84492"
"2013-10-09 22:21","KeeperException.java","29994","97686","127680"
"2018-09-15 00:08","ZooKeeperServer.java","107454","178047","285501"
"2019-04-12 19:01","ZooKeeperServer.java","180330","238714","419044"
"2019-07-31 19:06","ZooKeeperServer.java","180329","256213","436542"
"2019-09-11 10:27","ZooKeeperServer.java","180329","258262","438591"
"2019-01-14 19:38","ZooKeeperServer.java","180263","232132","412395"
"2019-01-07 15:34","ZooKeeperServer.java","180263","231733","411996"
"2018-11-21 17:56","ZooKeeperServer.java","180262","224929","405191"
"2012-01-31 07:45","ZooKeeperServer.java","7831","17890","25721"
"2017-04-28 07:14","ZooKeeperServer.java","26975","85650","112625"
"2011-08-19 00:05","ZooKeeperServer.java","1256","10729","11985"
"2017-02-12 00:12","ZooKeeperServer.java","26929","84705","111634"
"2014-07-18 02:19","ZooKeeperServer.java","20656","64029","84685"
"2013-12-11 19:22","ZooKeeperServer.java","13615","44826","58441"
"2019-02-13 13:12","ZooKeeperServer.java","180276","235799","416075"
"2012-02-11 00:34","ZooKeeperServer.java","8193","18837","27030"
"2016-11-24 17:18","ZooKeeperServer.java","25323","84875","110198"
"2018-07-19 05:59","ZooKeeperServer.java","45468","112128","157596"
"2018-09-18 01:00","ZooKeeperServer.java","107511","178757","286268"
"2019-03-04 08:07","ZooKeeperServer.java","180277","236377","416654"
"2019-07-08 23:26","ZooKeeperServer.java","180329","245682","426011"
"2019-01-23 14:00","ZooKeeperServer.java","180264","233568","413832"
"2019-02-13 13:19","ZooKeeperServer.java","180276","236085","416361"
"2019-05-14 17:11","ZooKeeperServer.java","180330","241574","421904"
"2013-01-25 02:17","ZooKeeperServer.java","12391","32614","45005"
"2015-07-10 08:19","ZooKeeperServer.java","22400","74760","97160"
"2019-06-04 10:55","ZooKeeperServer.java","180329","242390","422719"
"2019-04-09 15:35","ZooKeeperServer.java","180278","237712","417990"
"2019-08-03 08:42","ZooKeeperServer.java","180329","257614","437943"
"2019-05-15 11:56","ZooKeeperServer.java","180330","241661","421991"
"2019-05-22 11:39","ZooKeeperServer.java","180330","242107","422437"
"2019-04-22 19:15","ZooKeeperServer.java","180330","239689","420019"
"2018-02-23 23:49","ZooKeeperServer.java","28427","91876","120303"
"2016-11-16 06:21","ZooKeeperServer.java","24773","84304","109077"
"2012-12-19 19:07","ZooKeeperServer.java","12313","31498","43811"
"2017-08-18 06:32","ZooKeeperServer.java","27914","86129","114043"
"2017-06-26 00:16","ZooKeeperServer.java","27814","86021","113835"
"2019-09-10 04:26","ZooKeeperServer.java","180329","257951","438280"
"2019-08-17 17:13","ZooKeeperServer.java","180329","256906","437235"
"2019-09-05 23:12","ZooKeeperServer.java","180329","257825","438154"
"2019-09-10 15:21","ZooKeeperServer.java","180329","257949","438278"
"2019-08-01 07:31","ZooKeeperServer.java","180329","257577","437906"
"2019-08-01 07:28","ZooKeeperServer.java","180329","257087","437416"
"2019-06-03 19:40","ZooKeeperServer.java","180329","242237","422566"
"2015-03-17 18:06","ZooKeeperServer.java","21151","70497","91648"
"2019-11-23 17:08","ZooKeeperServer.java","181427","262705","444132"
"2019-10-09 16:49","ZooKeeperServer.java","180329","260492","440821"
"2019-07-03 00:44","ZooKeeperServer.java","180329","244919","425248"
"2018-01-19 01:12","ZooKeeperServer.java","28365","90772","119137"
"2019-07-24 18:00","ZooKeeperServer.java","180329","253361","433690"
"2013-05-16 18:49","ZooKeeperServer.java","12950","37723","50673"
"2018-08-08 06:21","ZooKeeperServer.java","86826","154966","241792"
"2018-05-09 23:57","ZooKeeperServer.java","28573","93527","122100"
"2019-12-27 22:33","ZooKeeperServer.java","181427","266682","448109"
"2016-08-13 15:01","ZooKeeperServer.java","24488","80118","104606"
"2018-09-11 00:17","ZooKeeperServer.java","107450","176494","283944"
"2019-11-18 09:05","ZooKeeperServer.java","181427","261148","442575"
"2019-10-10 14:37","ZooKeeperServer.java","180329","260659","440988"
"2019-09-16 23:26","ZooKeeperServer.java","180329","259925","440254"
"2013-10-08 01:35","ZooKeeperServer.java","13370","40947","54317"
"2017-06-23 18:39","ZooKeeperServer.java","27755","85982","113737"
"2011-12-28 07:07","ZooKeeperServer.java","7769","17489","25258"
"2019-12-03 10:01","ZooKeeperServer.java","181427","264607","446034"
"2020-03-25 03:38","ZooKeeperServer.java","181427","270789","452216"
"2019-11-28 12:24","ZooKeeperServer.java","181427","262910","444337"
"2019-11-06 15:21","ZooKeeperServer.java","180329","260875","441204"
"2011-09-17 02:36","ZooKeeperServer.java","4727","14216","18943"
"2020-04-12 11:14","ZooKeeperServer.java","181427","271542","452969"
"2011-09-14 08:56","ZooKeeperServer.java","1575","13624","15199"
"2011-08-21 02:53","ZooKeeperServer.java","1260","10761","12021"
"2013-10-09 22:21","ZooKeeperServer.java","13554","43371","56925"
"2015-03-08 23:07","ZooKeeperServer.java","21056","69354","90410"
"2018-06-08 16:52","ZooKeeperServer.java","28578","94281","122859"
"2018-06-15 07:41","ZooKeeperServer.java","28595","94301","122896"
"2018-07-28 04:37","ZooKeeperServer.java","45505","112741","158246"
"2019-04-18 19:17","ZooKeeperServer.java","180330","239424","419754"
"2012-03-15 17:47","ZooKeeperServer.java","8258","19936","28194"
"2014-03-25 22:13","ZooKeeperServer.java","13957","48185","62142"
"2011-06-21 07:34","FileTxnLog.java","43235","4672","47907"
"2014-02-12 17:00","FileTxnLog.java","55776","50718","106494"
"2013-12-11 01:10","FileTxnLog.java","55633","47690","103323"
"2018-01-19 00:43","FileTxnLog.java","69898","93641","163539"
"2019-12-27 22:33","FileTxnLog.java","220131","266723","486854"
"2019-10-10 14:37","FileTxnLog.java","219058","260725","479783"
"2018-11-12 22:36","FileTxnLog.java","218991","224997","443988"
"2018-08-01 21:19","FileTxnLog.java","86994","115692","202686"
"2018-04-27 20:28","FileTxnLog.java","70092","95685","165777"
"2018-06-08 16:52","FileTxnLog.java","70110","97150","167260"
"2011-09-03 01:07","FileTxnLog.java","44178","16979","61157"
"2011-04-12 09:14","FileTxnLog.java","42617","2004","44621"
"2011-11-15 19:30","FileTxnLog.java","49241","19528","68769"
"2014-06-30 19:11","FileTxnLog.java","61982","61983","123965"
"2020-01-28 17:26","FileTxnLog.java","220131","268443","488574"
"2019-05-14 17:11","FileTxnLog.java","219059","241640","460699"
"2019-01-07 14:24","FileTxnLog.java","218992","231736","450728"
"2013-06-28 23:22","FileTxnLog.java","55234","43055","98289"
"2019-04-12 19:01","FileTxnLog.java","219059","238780","457839"
"2017-04-28 07:14","FileTxnLog.java","68610","88622","157232"
"2012-02-06 09:40","FileTxnLog.java","50104","21899","72003"
"2018-09-06 01:11","FileTxnLog.java","148644","178973","327617"
"2018-09-18 01:00","FileTxnLog.java","148708","181291","329999"
"2016-03-20 19:31","FileTxnLog.java","64539","79609","144148"
"2019-08-17 17:13","FileTxnLog.java","219058","256972","476030"
"2019-06-03 19:40","FileTxnLog.java","219058","242303","461361"
"2018-04-24 00:20","FileTxnLog.java","69989","95495","165484"
"2018-02-14 21:23","FileTxnLog.java","69953","94575","164528"
"2019-08-03 08:42","FileTxnLog.java","219058","257680","476738"
"2019-04-09 15:35","FileTxnLog.java","219007","237778","456785"
"2017-08-03 20:41","FileTxnLog.java","69510","88706","158216"
"2018-02-02 00:26","FileTxnLog.java","69900","93650","163550"
"2017-06-26 00:07","FileTxnLog.java","69423","88973","158396"
"2013-09-18 12:58","ClientCnxn.java","18701","145633","164334"
"2015-01-31 08:05","ClientCnxn.java","20258","168496","188754"
"2016-05-02 18:15","ClientCnxn.java","20403","174677","195080"
"2014-01-24 07:18","ClientCnxn.java","18731","152395","171126"
"2009-07-17 00:09","ClientCnxn.java","12070","82770","94840"
"2009-05-20 20:48","ClientCnxn.java","11343","69698","81041"
"2019-08-17 17:13","ClientCnxn.java","71594","257710","329304"
"2009-06-25 22:41","ClientCnxn.java","11960","81532","93492"
"2015-05-10 00:27","ClientCnxn.java","20297","171074","191371"
"2009-01-16 00:48","ClientCnxn.java","9717","28248","37965"
"2008-12-22 23:23","ClientCnxn.java","6290","25704","31994"
"2009-01-28 01:15","ClientCnxn.java","9785","28466","38251"
"2017-12-19 19:27","ClientCnxn.java","21172","183775","204947"
"2019-01-31 15:50","ClientCnxn.java","71566","235349","306915"
"2012-08-02 00:24","ClientCnxn.java","17769","132276","150045"
"2019-04-09 15:35","ClientCnxn.java","71572","238545","310117"
"2013-02-03 15:52","ClientCnxn.java","18408","139276","157684"
"2014-12-20 15:29","ClientCnxn.java","20255","168482","188737"
"2008-10-03 15:06","ClientCnxn.java","2439","3592","6031"
"2012-03-15 18:01","ClientCnxn.java","17618","129735","147353"
"2019-11-08 17:30","ClientCnxn.java","71594","263324","334918"
"2017-06-08 17:59","ClientCnxn.java","21140","179453","200593"
"2012-09-09 20:24","ClientCnxn.java","17774","133020","150794"
"2019-01-16 14:21","ClientCnxn.java","71566","233662","305228"
"2019-01-07 14:24","ClientCnxn.java","71566","232512","304078"
"2008-11-19 11:20","ClientCnxn.java","5563","23567","29130"
"2009-06-25 00:59","ClientCnxn.java","11958","81439","93397"
"2019-03-06 03:32","ClientCnxn.java","71572","237473","309045"
"2010-11-11 18:11","ClientCnxn.java","15476","163059","178535"
"2010-11-10 23:36","ClientCnxn.java","15438","163025","178463"
"2011-09-14 07:43","ClientCnxn.java","14796","126798","141594"
"2011-08-19 00:05","ClientCnxn.java","14736","124518","139254"
"2015-02-06 06:17","ClientCnxn.java","20269","168702","188971"
"2019-02-07 11:26","ClientCnxn.java","71566","236014","307580"
"2018-11-05 19:40","ClientCnxn.java","60761","248821","309582"
"2011-04-12 09:14","ClientCnxn.java","15841","123430","139271"
"2010-10-06 18:14","ClientCnxn.java","15157","160026","175183"
"2010-11-30 21:16","ClientCnxn.java","15550","163504","179054"
"2020-05-17 15:13","ClientCnxn.java","72048","272109","344157"
"2018-06-25 12:30","ClientCnxn.java","21225","187354","208579"
"2012-12-19 19:16","ClientCnxn.java","18383","138758","157141"
"2020-03-03 03:12","ClientCnxn.java","72047","269898","341945"
"2018-09-10 11:44","ClientCnxn.java","49291","218605","267896"
"2008-10-22 01:49","ClientCnxn.java","4674","17566","22240"
"2011-09-28 22:17","ClientCnxn.java","17307","127362","144669"
"2015-06-13 02:42","ClientCnxn.java","20330","172569","192899"
"2010-10-21 02:44","ClientCnxn.java","15181","161701","176882"
"2010-08-05 09:09","ClientCnxn.java","14846","126254","141100"
"2011-05-20 01:17","ClientCnxn.java","15871","124279","140150"
"2014-03-23 04:12","ClientCnxn.java","18812","153113","171925"
"2015-11-09 00:05","ClientCnxn.java","20344","174075","194419"
"2015-12-06 19:58","ClientCnxn.java","20347","174383","194730"
"2020-01-21 17:53","ClientCnxn.java","72047","266159","338206"
"2015-12-05 22:43","ClientCnxn.java","20347","174380","194727"
"2015-12-05 22:32","ClientCnxn.java","20347","174375","194722"
"2010-03-04 02:28","ClientCnxn.java","14150","104229","118379"
"2010-01-25 04:28","ClientCnxn.java","14059","101070","115129"
"2019-10-10 14:37","ClientCnxn.java","71594","261463","333057"
"2014-04-01 04:03","ClientCnxn.java","18881","154025","172906"
"2013-09-18 15:14","ClientCnxn.java","18701","145651","164352"
"2013-09-18 04:08","ClientCnxn.java","18701","145547","164248"
"2019-11-21 05:58","ClientCnxn.java","72047","261330","333377"
"2020-04-16 12:50","ClientCnxn.java","72047","271737","343784"
"2018-07-27 05:16","ClientCnxn.java","24189","191470","215659"
"2010-01-26 03:22","ClientCnxn.java","14116","101675","115791"
"2009-10-31 00:09","ClientCnxn.java","13318","88413","101731"
"2009-11-07 01:48","ClientCnxn.java","13485","88985","102470"
"2010-01-05 18:32","ClientCnxn.java","13847","97992","111839"
"2018-09-15 00:08","ZooKeeperServer.java","60773","205138","265911"
"2019-04-12 19:01","ZooKeeperServer.java","103732","239491","343223"
"2019-07-31 19:06","ZooKeeperServer.java","103731","256990","360721"
"2019-09-11 10:27","ZooKeeperServer.java","103731","259039","362770"
"2019-01-14 19:38","ZooKeeperServer.java","103704","232948","336652"
"2019-01-07 15:34","ZooKeeperServer.java","103704","232549","336253"
"2018-11-21 17:56","ZooKeeperServer.java","103704","225746","329450"
"2012-01-31 07:45","ZooKeeperServer.java","20702","104533","125235"
"2017-04-28 07:14","ZooKeeperServer.java","26824","159271","186095"
"2011-08-19 00:05","ZooKeeperServer.java","16184","99429","115613"
"2017-02-12 00:12","ZooKeeperServer.java","26802","158350","185152"
"2014-07-18 02:19","ZooKeeperServer.java","23959","141104","165063"
"2013-12-11 19:22","ZooKeeperServer.java","22245","127228","149473"
"2019-02-13 13:12","ZooKeeperServer.java","103711","236609","340320"
"2012-02-11 00:34","ZooKeeperServer.java","20906","105322","126228"
"2016-11-24 17:18","ZooKeeperServer.java","26227","159551","185778"
"2018-07-19 05:59","ZooKeeperServer.java","34028","174460","208488"
"2018-09-18 01:00","ZooKeeperServer.java","60815","205833","266648"
"2019-03-04 08:07","ZooKeeperServer.java","103710","237185","340895"
"2019-07-08 23:26","ZooKeeperServer.java","103731","246459","350190"
"2019-01-23 14:00","ZooKeeperServer.java","103704","234383","338087"
"2019-02-13 13:19","ZooKeeperServer.java","103711","236895","340606"
"2019-05-14 17:11","ZooKeeperServer.java","103732","242351","346083"
"2013-01-25 02:17","ZooKeeperServer.java","21715","115710","137425"
"2015-07-10 08:19","ZooKeeperServer.java","24228","150360","174588"
"2019-06-04 10:55","ZooKeeperServer.java","103731","243167","346898"
"2011-06-14 07:14","ZooKeeperServer.java","17821","95196","113017"
"2019-04-09 15:35","ZooKeeperServer.java","103710","238519","342229"
"2019-08-03 08:42","ZooKeeperServer.java","103731","258391","362122"
"2019-05-15 11:56","ZooKeeperServer.java","103732","242438","346170"
"2019-05-22 11:39","ZooKeeperServer.java","103732","242884","346616"
"2019-04-22 19:15","ZooKeeperServer.java","103732","240466","344198"
"2018-02-23 23:49","ZooKeeperServer.java","27274","164495","191769"
"2016-11-16 06:21","ZooKeeperServer.java","26093","159396","185489"
"2012-12-19 19:07","ZooKeeperServer.java","21671","114628","136299"
"2017-08-18 06:32","ZooKeeperServer.java","27129","159116","186245"
"2017-06-26 00:16","ZooKeeperServer.java","27069","159048","186117"
"2019-09-10 04:26","ZooKeeperServer.java","103731","258728","362459"
"2019-08-17 17:13","ZooKeeperServer.java","103731","257683","361414"
"2019-09-05 23:12","ZooKeeperServer.java","103731","258602","362333"
"2019-09-10 15:21","ZooKeeperServer.java","103731","258726","362457"
"2009-05-20 20:48","ZooKeeperServer.java","2920","29111","32031"
"2009-06-15 22:52","ZooKeeperServer.java","3875","33249","37124"
"2019-08-01 07:31","ZooKeeperServer.java","103731","258354","362085"
"2019-08-01 07:28","ZooKeeperServer.java","103731","257864","361595"
"2019-06-03 19:40","ZooKeeperServer.java","103731","243014","346745"
"2015-03-17 18:06","ZooKeeperServer.java","24152","147270","171422"
"2019-11-23 17:08","ZooKeeperServer.java","104189","262842","367031"
"2019-10-09 16:49","ZooKeeperServer.java","103731","261269","365000"
"2019-07-03 00:44","ZooKeeperServer.java","103731","245696","349427"
"2018-01-19 01:12","ZooKeeperServer.java","27237","163416","190653"
"2019-07-24 18:00","ZooKeeperServer.java","103731","254138","357869"
"2013-05-16 18:49","ZooKeeperServer.java","22040","120585","142625"
"2018-08-08 06:21","ZooKeeperServer.java","43159","185071","228230"
"2018-05-09 23:57","ZooKeeperServer.java","27317","166043","193360"
"2009-11-07 01:48","ZooKeeperServer.java","8055","51391","59446"
"2009-12-18 03:19","ZooKeeperServer.java","9237","61043","70280"
"2010-01-26 01:17","ZooKeeperServer.java","9503","64759","74262"
"2019-12-27 22:33","ZooKeeperServer.java","104189","266819","371008"
"2016-08-13 15:01","ZooKeeperServer.java","25968","155370","181338"
"2018-09-11 00:17","ZooKeeperServer.java","60767","203583","264350"
"2019-11-18 09:05","ZooKeeperServer.java","104189","261285","365474"
"2019-10-10 14:37","ZooKeeperServer.java","103731","261436","365167"
"2019-09-16 23:26","ZooKeeperServer.java","103731","260702","364433"
"2013-10-08 01:35","ZooKeeperServer.java","22164","123513","145677"
"2017-06-23 18:39","ZooKeeperServer.java","27047","159046","186093"
"2009-08-07 01:23","ZooKeeperServer.java","6089","45456","51545"
"2011-12-28 07:07","ZooKeeperServer.java","20686","104178","124864"
"2019-12-03 10:01","ZooKeeperServer.java","104189","264744","368933"
"2020-03-25 03:38","ZooKeeperServer.java","104189","270926","375115"
"2010-03-12 19:26","ZooKeeperServer.java","12662","77317","89979"
"2019-11-28 12:24","ZooKeeperServer.java","104189","263047","367236"
"2019-11-06 15:21","ZooKeeperServer.java","103731","261652","365383"
"2011-05-20 01:17","ZooKeeperServer.java","17788","94032","111820"
"2010-07-29 23:10","ZooKeeperServer.java","13773","92963","106736"
"2011-09-17 02:36","ZooKeeperServer.java","18860","102121","120981"
"2020-04-12 11:14","ZooKeeperServer.java","104189","271679","375868"
"2011-09-14 08:56","ZooKeeperServer.java","16308","102129","118437"
"2011-08-21 02:53","ZooKeeperServer.java","16184","99457","115641"
"2010-08-18 08:24","ZooKeeperServer.java","14164","98544","112708"
"2013-10-09 22:21","ZooKeeperServer.java","22215","125804","148019"
"2015-03-08 23:07","ZooKeeperServer.java","24145","146215","170360"
"2018-06-08 16:52","ZooKeeperServer.java","27318","166793","194111"
"2018-06-15 07:41","ZooKeeperServer.java","27334","166812","194146"
"2018-07-28 04:37","ZooKeeperServer.java","34039","175047","209086"
"2019-04-18 19:17","ZooKeeperServer.java","103732","240201","343933"
"2012-03-15 17:47","ZooKeeperServer.java","20923","106373","127296"
"2014-03-25 22:13","ZooKeeperServer.java","22379","130379","152758"
"2011-04-12 09:14","ZooKeeperServer.java","17758","93183","110941"
"2019-10-10 14:37","SaslAuthFailTest.java","3717","7470","11187"
"2019-08-17 17:13","QuorumBase.java","25849","30536","56385"
"2019-08-01 07:31","QuorumBase.java","1982","7340","9322"
"2019-10-10 14:37","QuorumBase.java","28300","36740","65040"
"2020-03-25 03:38","QuorumBase.java","35922","53394","89316"
"2019-08-17 17:13","ZooKeeperServerBeanTest.java","30099","51153","81252"
"2014-05-09 23:37","QuorumPeerInstance.java","8309","17807","26116"
"2014-08-14 14:33","QuorumPeerInstance.java","10539","28095","38634"
"2018-07-10 13:29","QuorumPeerInstance.java","32439","71278","103717"
"2018-12-20 07:24","QuorumPeerInstance.java","194158","229768","423926"
"2015-12-06 21:30","QuorumPeerInstance.java","13211","39820","53031"
"2019-07-12 17:01","QuorumPeerInstance.java","194257","251680","445937"
"2014-11-29 16:53","QuorumPeerInstance.java","10690","30867","41557"
"2014-08-14 09:32","QuorumPeerInstance.java","10539","28095","38634"
"2015-05-10 00:27","QuorumPeerInstance.java","11262","34575","45837"
"2017-09-11 18:55","QuorumPeerInstance.java","23283","54521","77804"
"2020-05-03 19:43","Learner.java","2445","3381","5826"
"2015-07-07 07:11","DeleteTest.java","27714","129600","157314"
"2010-04-22 07:42","DeleteTest.java","15595","55038","70633"
"2010-08-17 09:24","DeleteTest.java","16154","73013","89167"
"2011-04-12 09:14","DeleteTest.java","20746","72010","92756"
"2017-06-08 17:51","ClientBase.java","12889","20489","33378"
"2017-04-18 01:37","ClientBase.java","11930","20162","32092"
"2018-09-07 02:49","ClientBase.java","112415","131085","243500"
"2019-07-31 19:06","ClientBase.java","217153","255390","472543"
"2017-09-11 18:55","ClientBase.java","14972","23030","38002"
"2019-08-17 17:13","ClientBase.java","217153","256083","473236"
"2019-06-07 14:13","ClientBase.java","217152","242186","459338"
"2018-04-24 00:20","ClientBase.java","15961","29795","45756"
"2018-08-08 06:21","ClientBase.java","83403","101208","184611"
"2018-05-09 23:57","ClientBase.java","16148","30767","46915"
"2019-06-24 11:05","ClientBase.java","217152","243415","460567"
"2017-01-13 19:29","ClientBase.java","8758","19156","27914"
"2016-06-23 23:25","ClientBase.java","6465","10957","17422"
"2019-11-14 16:44","ClientBase.java","217182","264139","481321"
"2019-10-10 14:37","ClientBase.java","217153","259836","476989"
"2016-08-24 01:36","ClientBase.java","7345","12408","19753"
"2019-08-17 17:13","QuorumPeerConfigTest.java","109882","111485","221367"
"2018-12-15 07:34","QuorumPeerConfigTest.java","87714","61890","149604"
"2019-04-18 19:17","QuorumPeerConfigTest.java","95029","79149","174178"
"2020-05-14 18:18","QuorumPeerConfigTest.java","118188","133656","251844"
"2019-02-06 09:46","ZooKeeper.java","215351","233683","449034"
"2019-01-16 14:21","ZooKeeper.java","215350","231959","447309"
"2017-04-18 02:02","ZooKeeper.java","11981","21914","33895"
"2019-11-08 17:30","ZooKeeper.java","215489","261732","477221"
"2019-02-07 11:26","ZooKeeper.java","215351","234312","449663"
"2017-05-01 17:19","ZooKeeper.java","11997","22057","34054"
"2019-08-17 17:13","ZooKeeper.java","215460","256089","471549"
"2015-06-04 19:51","ZooKeeper.java","1394","4438","5832"
"2016-10-07 21:51","ZooKeeper.java","7683","15778","23461"
"2015-03-17 18:06","ZooKeeper.java","124","834","958"
"2016-05-02 18:15","ZooKeeper.java","6266","11595","17861"
"2019-06-26 10:57","ZooKeeper.java","215459","243938","459397"
"2019-06-03 19:40","ZooKeeper.java","215459","241419","456878"
"2018-05-09 23:57","ZooKeeper.java","16176","32494","48670"
"2019-08-03 08:42","ZooKeeper.java","215460","256797","472257"
"2016-11-13 20:59","ZooKeeper.java","7896","18244","26140"
"2017-07-28 00:36","ZooKeeper.java","14765","23959","38724"
"2017-08-18 23:35","ZooKeeper.java","14863","24542","39405"
"2017-07-04 07:56","ZooKeeper.java","13231","23035","36266"
"2020-04-16 12:50","ZooKeeper.java","216908","271111","488019"
"2018-07-27 05:16","ZooKeeper.java","35931","54267","90198"
"2019-10-10 14:37","ZooKeeper.java","215460","259842","475302"
"2019-02-11 12:34","ZooKeeper.java","215351","234675","450026"
"2020-05-17 15:13","ZooKeeper.java","216936","271510","488446"
"2017-01-09 22:49","ZooKeeper.java","8737","20653","29390"
"2019-03-12 19:08","ZooKeeper.java","215369","236121","451490"
"2019-10-10 14:37","ClientTest.java","99107","261442","360549"
"2009-09-16 02:09","ClientTest.java","7588","53169","60757"
"2019-12-28 16:17","ClientTest.java","99563","266730","366293"
"2009-10-31 00:09","ClientTest.java","8747","56308","65055"
"2009-11-07 01:48","ClientTest.java","8998","56964","65962"
"2010-01-05 18:32","ClientTest.java","10054","66665","76719"
"2010-03-09 03:09","ClientTest.java","13107","81426","94533"
"2014-07-25 01:31","ClientTest.java","24210","146257","170467"
"2009-05-14 22:15","ClientTest.java","4468","35128","39596"
"2017-01-09 22:49","ClientTest.java","26370","164860","191230"
"2010-09-15 07:51","ClientTest.java","14630","131810","146440"
"2011-04-12 09:14","ClientTest.java","18155","98210","116365"
"2014-07-08 20:18","ClientTest.java","24093","141753","165846"
"2017-05-01 17:19","ClientTest.java","26876","163510","190386"
"2018-11-22 17:56","ClientTest.java","99080","226359","325439"
"2013-01-25 02:17","ClientTest.java","22036","120197","142233"
"2017-06-30 22:43","ClientTest.java","27125","163280","190405"
"2009-06-25 00:59","ClientTest.java","6810","48757","55567"
"2019-03-06 03:32","ClientTest.java","99086","237453","336539"
"2012-12-11 08:42","ClientTest.java","21605","117506","139111"
"2012-10-31 19:38","ClientTest.java","21451","114525","135976"
"2009-04-09 23:02","ClientTest.java","3124","9003","12127"
"2009-06-18 18:37","ClientTest.java","5377","40452","45829"
"2019-08-17 17:13","ClientTest.java","99107","257689","356796"
"2019-10-10 14:37","ClientCnxnSocket.java","231577","258601","490178"
"2018-11-22 17:56","ClientCnxnSocket.java","231426","223394","454820"
"2019-08-17 17:13","ClientCnxnSocket.java","231576","254847","486423"
"2018-07-12 01:33","ClientCnxnSocket.java","248","426","674"
"2019-04-09 15:35","ClientCnxnSocket.java","231460","235588","467048"
"2018-12-20 15:13","LocalPeerBean.java","204353","229615","433968"
"2019-11-29 14:49","LocalPeerBean.java","205901","264150","470051"
"2019-08-17 17:13","LocalPeerBean.java","204462","256154","460616"
"2019-11-14 03:54","LocalPeerBean.java","204490","264191","468681"
"2015-08-05 22:16","LocalPeerBean.java","5057","20225","25282"
"2015-12-07 06:06","LocalPeerBean.java","5426","21807","27233"
"2018-07-27 12:32","LocalPeerBean.java","36256","65847","102103"
"2018-06-26 11:18","LocalPeerBean.java","17729","46102","63831"
"2019-08-17 17:13","FollowerRequestProcessor.java","25104","24433","49537"
"2020-03-25 03:38","FollowerRequestProcessor.java","35613","47727","83340"
"2019-10-10 14:37","FollowerRequestProcessor.java","27791","30873","58664"
"2020-05-05 21:20","FollowerRequestProcessor.java","39142","52287","91429"
"2014-02-12 17:00","FileTxnLog.java","14637","36778","51415"
"2013-12-11 01:10","FileTxnLog.java","14436","33692","48128"
"2018-01-19 00:43","FileTxnLog.java","32055","82997","115052"
"2019-12-27 22:33","FileTxnLog.java","180170","266649","446819"
"2019-10-10 14:37","FileTxnLog.java","178964","260518","439482"
"2018-11-12 22:36","FileTxnLog.java","178904","224797","403701"
"2018-08-01 21:19","FileTxnLog.java","50251","106148","156399"
"2018-04-27 20:28","FileTxnLog.java","32263","85055","117318"
"2018-06-08 16:52","FileTxnLog.java","32282","86521","118803"
"2011-11-15 19:30","FileTxnLog.java","6718","4204","10922"
"2014-06-30 19:11","FileTxnLog.java","20898","48098","68996"
"2020-01-28 17:26","FileTxnLog.java","180170","268369","448539"
"2019-05-14 17:11","FileTxnLog.java","178965","241433","420398"
"2019-01-07 14:24","FileTxnLog.java","178905","231536","410441"
"2013-06-28 23:22","FileTxnLog.java","13946","28966","42912"
"2019-04-12 19:01","FileTxnLog.java","178965","238573","417538"
"2017-04-28 07:14","FileTxnLog.java","29626","76837","106463"
"2012-02-06 09:40","FileTxnLog.java","7814","6808","14622"
"2018-09-06 01:11","FileTxnLog.java","114372","171900","286272"
"2018-09-18 01:00","FileTxnLog.java","114438","174220","288658"
"2016-03-20 19:31","FileTxnLog.java","25055","67324","92379"
"2019-08-17 17:13","FileTxnLog.java","178964","256765","435729"
"2019-06-03 19:40","FileTxnLog.java","178964","242096","421060"
"2018-04-24 00:20","FileTxnLog.java","32160","84865","117025"
"2018-02-14 21:23","FileTxnLog.java","32108","83929","116037"
"2019-08-03 08:42","FileTxnLog.java","178964","257473","436437"
"2019-04-09 15:35","FileTxnLog.java","178917","237575","416492"
"2017-08-03 20:41","FileTxnLog.java","31397","77792","109189"
"2018-02-02 00:26","FileTxnLog.java","32057","83006","115063"
"2017-06-26 00:07","FileTxnLog.java","30673","77422","108095"
"2019-07-03 00:44","NIOServerCnxnFactory.java","13151","32391","45542"
"2019-08-17 17:13","NIOServerCnxnFactory.java","36457","67684","104141"
"2019-08-03 08:42","NIOServerCnxnFactory.java","16171","48106","64277"
"2019-04-22 19:15","NIOServerCnxnFactory.java","9253","23262","32515"
"2019-02-13 13:12","NIOServerCnxnFactory.java","8642","18815","27457"
"2019-04-12 19:01","NIOServerCnxnFactory.java","9231","22265","31496"
"2019-10-10 14:37","NIOServerCnxnFactory.java","38431","73411","111842"
"2019-11-14 03:54","NIOServerCnxnFactory.java","38619","77855","116474"
"2019-01-14 19:38","MockServerCnxn.java","191599","188016","379615"
"2018-11-17 18:33","MockServerCnxn.java","185337","174537","359874"
"2019-08-17 17:13","MockServerCnxn.java","191803","212928","404731"
"2019-07-03 00:44","MockServerCnxn.java","191802","200940","392742"
"2019-06-03 19:40","MockServerCnxn.java","191797","198253","390050"
"2019-11-18 09:05","MockServerCnxn.java","193749","218018","411767"
"2019-07-02 07:34","Follower.java","80","36","116"
"2019-08-17 17:13","Follower.java","26858","38871","65729"
"2019-08-06 17:11","Follower.java","3516","16630","20146"
"2019-07-15 14:15","Follower.java","1176","8608","9784"
"2019-08-23 19:43","Follower.java","26860","39539","66399"
"2019-12-27 22:33","Follower.java","35228","55919","91147"
"2019-10-10 14:37","Follower.java","29293","45059","74352"
"2011-04-12 09:14","FLERestartTest.java","19586","30345","49931"
"2010-03-31 06:26","FLERestartTest.java","2714","2961","5675"
"2011-09-17 02:13","FLERestartTest.java","22002","44077","66079"
"2019-10-10 14:37","FLERestartTest.java","167729","260768","428497"
"2019-08-17 17:13","FLERestartTest.java","167729","257015","424744"
"2019-07-12 17:01","FLERestartTest.java","167729","252328","420057"
"2017-09-11 18:55","FLERestartTest.java","41863","112814","154677"
"2019-08-17 17:13","SetQuotaCommand.java","30087","52428","82515"
"2019-12-28 16:17","SetQuotaCommand.java","37960","68886","106846"
"2019-07-17 13:42","SetQuotaCommand.java","6696","24801","31497"
"2018-11-22 17:56","NettyNettySuiteBase.java","217607","224656","442263"
"2016-05-02 18:15","NettyNettySuiteBase.java","5278","8330","13608"
"2019-08-17 17:13","NettyNettySuiteBase.java","217720","256072","473792"
"2019-08-17 17:13","ZooKeeperThread.java","223776","255265","479041"
"2011-11-05 21:57","Learner.java","6853","15548","22401"
"2020-03-19 17:09","Learner.java","181498","269993","451491"
"2013-10-09 22:21","Learner.java","13485","43231","56716"
"2011-09-14 08:56","Learner.java","1483","13461","14944"
"2020-02-03 04:30","Learner.java","181498","268488","449986"
"2020-01-23 13:43","Learner.java","181498","267931","449429"
"2017-07-04 07:39","Learner.java","27813","86182","113995"
"2020-03-25 03:38","Learner.java","181498","270789","452287"
"2015-03-15 08:54","Learner.java","20993","69332","90325"
"2019-11-28 12:24","Learner.java","181498","262910","444408"
"2019-12-27 22:33","Learner.java","181498","266682","448180"
"2020-01-25 18:48","Learner.java","181498","268121","449619"
"2020-05-03 19:43","Learner.java","181498","271725","453223"
"2016-08-13 15:01","Learner.java","24421","79980","104401"
"2013-10-21 23:36","Learner.java","13494","43603","57097"
"2019-10-10 14:37","Learner.java","180400","260659","441059"
"2015-01-25 01:22","Learner.java","20865","68713","89578"
"2019-06-03 19:40","Learner.java","180400","242237","422637"
"2015-03-17 18:06","Learner.java","21084","70359","91443"
"2019-07-15 14:15","Learner.java","180400","252325","432725"
"2019-08-23 19:43","Learner.java","180400","257572","437972"
"2016-09-08 22:59","Learner.java","24608","80415","105023"
"2019-08-17 17:13","Learner.java","180400","256906","437306"
"2017-11-28 00:10","Learner.java","28157","90336","118493"
"2014-03-12 23:57","Learner.java","13807","47440","61247"
"2018-05-09 00:54","Learner.java","28568","92875","121443"
"2019-04-09 15:35","Learner.java","180349","237712","418061"
"2019-07-12 17:01","Learner.java","180400","252219","432619"
"2017-07-06 18:48","Learner.java","27820","86461","114281"
"2013-10-07 21:08","Learner.java","13296","40663","53959"
"2017-08-18 06:32","Learner.java","27911","86055","113966"
"2019-07-02 07:34","Learner.java","180400","244849","425249"
"2018-10-16 16:22","Learner.java","149144","236735","385879"
"2012-01-31 07:45","Learner.java","7755","17743","25498"
"2014-07-18 02:19","Learner.java","20587","63889","84476"
"2017-02-12 00:12","Learner.java","26866","84571","111437"
"2018-12-09 03:16","Learner.java","180334","229498","409832"
"2013-03-07 07:01","Learner.java","12849","37400","50249"
"2019-11-29 14:49","Learner.java","181498","264561","446059"
"2018-11-27 10:02","Learner.java","180334","227174","407508"
"2018-08-06 14:11","Learner.java","45539","113244","158783"
"2019-08-17 17:13","UnifiedServerSocket.java","109882","111485","221367"
"2019-03-11 19:47","UnifiedServerSocket.java","94545","76146","170691"
"2018-11-27 10:02","UnifiedServerSocket.java","86631","58568","145199"
"2018-11-22 17:56","UnifiedServerSocket.java","86461","56761","143222"
"2019-10-10 14:37","UnifiedServerSocket.java","111293","116649","227942"
"2019-10-10 14:37","StandaloneDisabledTest.java","222020","259640","481660"
"2018-05-21 20:11","StandaloneDisabledTest.java","9679","19513","29192"
"2017-03-14 17:06","StandaloneDisabledTest.java","5109","7966","13075"
"2017-02-12 00:34","StandaloneDisabledTest.java","5040","7418","12458"
"2019-06-03 19:40","StandaloneDisabledTest.java","222019","241217","463236"
"2019-08-17 17:13","StandaloneDisabledTest.java","222020","255887","477907"
"2016-11-13 20:59","StandaloneDisabledTest.java","610","4196","4806"
"2013-09-18 12:58","ClientCnxn.java","6391","21206","27597"
"2015-01-31 08:05","ClientCnxn.java","14925","51046","65971"
"2016-05-02 18:15","ClientCnxn.java","19732","61889","81621"
"2014-01-24 07:18","ClientCnxn.java","7096","28643","35739"
"2019-08-17 17:13","ClientCnxn.java","179045","256502","435547"
"2015-05-10 00:27","ClientCnxn.java","15230","53890","69120"
"2017-12-19 19:27","ClientCnxn.java","25639","76125","101764"
"2019-01-31 15:50","ClientCnxn.java","178952","234076","413028"
"2012-08-02 00:24","ClientCnxn.java","2732","5122","7854"
"2019-04-09 15:35","ClientCnxn.java","178971","237285","416256"
"2013-02-03 15:52","ClientCnxn.java","5263","14014","19277"
"2014-12-20 15:29","ClientCnxn.java","14918","51028","65946"
"2019-11-08 17:30","ClientCnxn.java","179073","262144","441217"
"2017-06-08 17:59","ClientCnxn.java","24267","70463","94730"
"2012-09-09 20:24","ClientCnxn.java","2955","6084","9039"
"2019-01-16 14:21","ClientCnxn.java","178952","232389","411341"
"2019-01-07 14:24","ClientCnxn.java","178951","231238","410189"
"2019-03-06 03:32","ClientCnxn.java","178970","236212","415182"
"2015-02-06 06:17","ClientCnxn.java","15011","51327","66338"
"2019-02-07 11:26","ClientCnxn.java","178953","234742","413695"
"2018-11-05 19:40","ClientCnxn.java","159846","235789","395635"
"2020-05-17 15:13","ClientCnxn.java","180359","271761","452120"
"2018-06-25 12:30","ClientCnxn.java","25996","80008","106004"
"2012-12-19 19:16","ClientCnxn.java","4609","12867","17476"
"2020-03-03 03:12","ClientCnxn.java","180355","269547","449902"
"2018-09-10 11:44","ClientCnxn.java","109128","166325","275453"
"2015-06-13 02:42","ClientCnxn.java","15526","55648","71174"
"2014-03-23 04:12","ClientCnxn.java","7376","29560","36936"
"2015-11-09 00:05","ClientCnxn.java","16733","58347","75080"
"2015-12-06 19:58","ClientCnxn.java","16836","58755","75591"
"2020-01-21 17:53","ClientCnxn.java","180355","265808","446163"
"2015-12-05 22:43","ClientCnxn.java","16836","58752","75588"
"2015-12-05 22:32","ClientCnxn.java","16835","58746","75581"
"2019-10-10 14:37","ClientCnxn.java","179045","260255","439300"
"2014-04-01 04:03","ClientCnxn.java","7576","30603","38179"
"2013-09-18 15:14","ClientCnxn.java","6395","21228","27623"
"2013-09-18 04:08","ClientCnxn.java","6387","21116","27503"
"2019-11-21 05:58","ClientCnxn.java","180355","260979","441334"
"2020-04-16 12:50","ClientCnxn.java","180355","271386","451741"
"2018-07-27 05:16","ClientCnxn.java","44135","99299","143434"
"2019-08-17 17:13","ZooTrace.java","226950","255272","482222"
"2019-10-10 14:37","ZooTrace.java","226950","259025","485975"
"2019-07-31 19:06","Commands.java","3074","14394","17468"
"2019-11-29 14:49","Commands.java","35078","53648","88726"
"2019-08-17 17:13","Commands.java","26858","38871","65729"
"2019-07-15 14:15","Commands.java","1176","8608","9784"
"2019-07-25 23:43","Commands.java","2130","10679","12809"
"2019-08-06 01:43","Commands.java","3459","16354","19813"
"2019-12-03 10:01","Commands.java","35072","53688","88760"
"2019-11-20 07:00","Commands.java","34532","49701","84233"
"2019-10-10 14:37","QuorumPeerMain.java","178243","260381","438624"
"2020-01-23 13:43","QuorumPeerMain.java","179553","267865","447418"
"2019-11-28 12:24","QuorumPeerMain.java","179553","262844","442397"
"2013-10-09 22:21","QuorumPeerMain.java","6849","25786","32635"
"2020-02-16 10:25","QuorumPeerMain.java","179553","268578","448131"
"2019-04-18 19:17","QuorumPeerMain.java","178243","239145","417388"
"2019-11-11 13:59","QuorumPeerMain.java","178271","264066","442337"
"2019-04-12 19:01","QuorumPeerMain.java","178243","238435","416678"
"2018-09-11 15:23","QuorumPeerMain.java","109090","168201","277291"
"2017-02-13 22:09","QuorumPeerMain.java","23139","70035","93174"
"2014-07-18 02:19","QuorumPeerMain.java","14545","47038","61583"
"2018-08-06 14:11","QuorumPeerMain.java","44154","101050","145204"
"2012-04-23 01:20","QuorumPeerMain.java","2568","4472","7040"
"2017-07-28 00:36","QuorumPeerMain.java","24764","71714","96478"
"2019-08-17 17:13","QuorumPeerMain.java","178243","256628","434871"
"2015-03-17 18:06","QuorumPeerMain.java","15170","53636","68806"
"2017-11-28 00:10","QuorumPeerMain.java","25285","76655","101940"
"2020-05-17 15:13","ClientCnxn.java","14451","22782","37233"
"2020-03-03 03:12","ClientCnxn.java","9918","16039","25957"
"2020-01-21 17:53","ClientCnxn.java","7733","10115","17848"
"2019-11-21 05:58","ClientCnxn.java","5160","2713","7873"
"2020-04-16 12:50","ClientCnxn.java","10770","18730","29500"
"2019-10-10 14:37","FourLetterWordsTest.java","200493","260045","460538"
"2015-11-08 22:36","FourLetterWordsTest.java","12846","32723","45569"
"2015-07-05 06:05","FourLetterWordsTest.java","12530","31169","43699"
"2015-06-28 21:09","FourLetterWordsTest.java","12528","31097","43625"
"2015-03-28 20:08","FourLetterWordsTest.java","10811","27680","38491"
"2019-08-17 17:13","FourLetterWordsTest.java","200493","256292","456785"
"2019-05-08 21:54","FourLetterWordsTest.java","200477","240778","441255"
"2015-07-10 08:19","FourLetterWordsTest.java","12683","31577","44260"
"2019-11-28 12:24","TraceFormatter.java","9316","14222","23538"
"2019-09-20 10:06","TraceFormatter.java","2439","5302","7741"
"2019-08-17 17:13","MockPacket.java","198306","256360","454666"
"2020-03-25 03:38","ZooKeeperServerBean.java","233224","269571","502795"
"2019-11-14 03:54","ZooKeeperServerBean.java","231335","262906","494241"
"2019-09-16 23:26","ZooKeeperServerBean.java","231287","257868","489155"
"2020-04-30 18:53","ZooKeeperServerBean.java","233285","270532","503817"
"2019-01-23 14:00","ZooKeeperServerBean.java","231139","231428","462567"
"2019-07-08 23:26","ZooKeeperServerBean.java","231285","243623","474908"
"2019-01-14 19:38","ZooKeeperServerBean.java","231137","229991","461128"
"2019-01-07 14:39","ZooKeeperServerBean.java","231137","229538","460675"
"2019-08-17 17:13","ZooKeeperServerBean.java","231286","254848","486134"
"2018-07-12 01:33","ZooKeeperServerBean.java","10932","11401","22333"
"2019-05-22 11:39","ZooKeeperServerBean.java","231268","240030","471298"
"2019-07-30 02:31","ZooKeeperServerBean.java","231286","252769","484055"
"2019-08-17 17:13","ClientCnxn.java","223989","255250","479239"
"2017-12-19 19:27","ClientCnxn.java","3015","7305","10320"
"2019-01-31 15:50","ClientCnxn.java","223871","232799","456670"
"2019-04-09 15:35","ClientCnxn.java","223895","236013","459908"
"2019-11-08 17:30","ClientCnxn.java","224037","260912","484949"
"2019-01-16 14:21","ClientCnxn.java","223871","231112","454983"
"2019-01-07 14:24","ClientCnxn.java","223870","229961","453831"
"2019-03-06 03:32","ClientCnxn.java","223893","234939","458832"
"2019-02-07 11:26","ClientCnxn.java","223872","233465","457337"
"2018-11-05 19:40","ClientCnxn.java","201964","231711","433675"
"2020-05-17 15:13","ClientCnxn.java","225709","270915","496624"
"2018-06-25 12:30","ClientCnxn.java","3741","11557","15298"
"2020-03-03 03:12","ClientCnxn.java","225616","268612","494228"
"2018-09-10 11:44","ClientCnxn.java","102763","113764","216527"
"2020-01-21 17:53","ClientCnxn.java","225616","264873","490489"
"2019-10-10 14:37","ClientCnxn.java","223989","259003","482992"
"2019-11-21 05:58","ClientCnxn.java","225614","260042","485656"
"2020-04-16 12:50","ClientCnxn.java","225677","270512","496189"
"2018-07-27 05:16","ClientCnxn.java","24533","33501","58034"
"2019-02-06 09:46","ZooKeeper.java","216055","233677","449732"
"2019-01-16 14:21","ZooKeeper.java","216054","231953","448007"
"2017-04-18 02:02","ZooKeeper.java","11928","21151","33079"
"2019-11-08 17:30","ZooKeeper.java","216193","261726","477919"
"2019-02-07 11:26","ZooKeeper.java","216055","234306","450361"
"2017-05-01 17:19","ZooKeeper.java","11944","21294","33238"
"2019-08-17 17:13","ZooKeeper.java","216164","256083","472247"
"2015-06-04 19:51","ZooKeeper.java","1279","3613","4892"
"2016-10-07 21:51","ZooKeeper.java","7624","15009","22633"
"2016-05-02 18:15","ZooKeeper.java","6173","10792","16965"
"2019-06-26 10:57","ZooKeeper.java","216163","243932","460095"
"2019-06-03 19:40","ZooKeeper.java","216163","241413","457576"
"2018-05-09 23:57","ZooKeeper.java","16128","31736","47864"
"2019-08-03 08:42","ZooKeeper.java","216164","256791","472955"
"2016-11-13 20:59","ZooKeeper.java","7841","17479","25320"
"2017-07-28 00:36","ZooKeeper.java","14715","23199","37914"
"2017-08-18 23:35","ZooKeeper.java","14813","23782","38595"
"2017-07-04 07:56","ZooKeeper.java","13181","22275","35456"
"2020-04-16 12:50","ZooKeeper.java","217618","271111","488729"
"2018-07-27 05:16","ZooKeeper.java","35940","53566","89506"
"2019-10-10 14:37","ZooKeeper.java","216164","259836","476000"
"2019-02-11 12:34","ZooKeeper.java","216055","234669","450724"
"2020-05-17 15:13","ZooKeeper.java","217646","271510","489156"
"2017-01-09 22:49","ZooKeeper.java","8682","19888","28570"
"2019-03-12 19:08","ZooKeeper.java","216073","236115","452188"
"2019-08-17 17:13","StaticHostProvider.java","207493","256152","463645"
"2018-07-16 05:45","StaticHostProvider.java","35902","61923","97825"
"2017-08-03 20:32","StaticHostProvider.java","15872","33123","48995"
"2017-07-28 00:36","StaticHostProvider.java","15865","33089","48954"
"2015-10-18 19:00","QuorumPeer.java","29836","126395","156231"
"2018-12-20 15:13","QuorumPeer.java","133949","231026","364975"
"2019-05-16 16:25","QuorumPeer.java","133993","242299","376292"
"2018-10-16 16:22","QuorumPeer.java","110437","241551","351988"
"2019-06-14 09:06","QuorumPeer.java","133993","245498","379491"
"2010-03-16 23:25","QuorumPeer.java","13494","47749","61243"
"2018-12-07 12:41","QuorumPeer.java","133949","228040","361989"
"2012-04-23 01:20","QuorumPeer.java","26138","82374","108512"
"2012-07-17 23:19","QuorumPeer.java","26155","83163","109318"
"2019-03-11 19:47","QuorumPeer.java","133957","237462","371419"
"2012-02-27 03:41","QuorumPeer.java","25749","79900","105649"
"2014-07-18 02:19","QuorumPeer.java","29392","116217","145609"
"2019-02-13 13:12","QuorumPeer.java","133958","236411","370369"
"2011-04-29 18:12","QuorumPeer.java","22249","67564","89813"
"2019-04-12 19:01","QuorumPeer.java","133993","239307","373300"
"2018-12-09 03:16","QuorumPeer.java","133949","230114","364063"
"2018-09-11 15:23","QuorumPeer.java","85126","198569","283695"
"2019-11-29 14:49","QuorumPeer.java","134632","264696","399328"
"2013-03-07 07:01","QuorumPeer.java","27081","95155","122236"
"2018-12-15 07:34","QuorumPeer.java","133949","230029","363978"
"2018-11-27 10:02","QuorumPeer.java","133949","227790","361739"
"2018-09-18 01:00","QuorumPeer.java","85172","199870","285042"
"2009-11-18 18:47","QuorumPeer.java","6045","24220","30265"
"2012-02-06 09:40","QuorumPeer.java","25547","79457","105004"
"2019-06-03 19:40","QuorumPeer.java","133993","242831","376824"
"2019-07-15 14:15","QuorumPeer.java","133993","252919","386912"
"2015-03-17 18:06","QuorumPeer.java","29621","122419","152040"
"2019-07-03 00:44","QuorumPeer.java","133993","245513","379506"
"2019-08-17 17:13","QuorumPeer.java","133993","257500","391493"
"2015-06-27 02:03","QuorumPeer.java","29751","125238","154989"
"2009-11-18 20:06","QuorumPeer.java","6139","26648","32787"
"2017-11-28 00:10","QuorumPeer.java","33387","139089","172476"
"2014-01-21 04:50","QuorumPeer.java","27529","102753","130282"
"2014-06-04 22:07","QuorumPeer.java","29066","110091","139157"
"2018-01-30 08:02","QuorumPeer.java","33420","139275","172695"
"2019-05-15 11:56","QuorumPeer.java","133993","242254","376247"
"2019-06-05 00:33","QuorumPeer.java","133993","243221","377214"
"2019-05-20 23:13","QuorumPeer.java","133993","242372","376365"
"2019-06-04 10:55","QuorumPeer.java","133993","242984","376977"
"2019-07-12 17:01","QuorumPeer.java","133993","252813","386806"
"2020-01-09 11:27","QuorumPeer.java","134632","266242","400874"
"2017-02-09 11:40","QuorumPeer.java","32116","136594","168710"
"2011-06-14 07:14","QuorumPeer.java","22323","69253","91576"
"2017-07-06 18:48","QuorumPeer.java","33218","135382","168600"
"2018-10-01 06:11","QuorumPeer.java","85268","202545","287813"
"2015-04-09 20:16","QuorumPeer.java","29624","123485","153109"
"2013-10-07 21:08","QuorumPeer.java","27366","98256","125622"
"2013-09-30 22:20","QuorumPeer.java","27235","97694","124929"
"2018-07-04 17:11","QuorumPeer.java","40430","149846","190276"
"2019-12-17 13:48","QuorumPeer.java","134632","265268","399900"
"2015-12-07 05:59","QuorumPeer.java","29913","127230","157143"
"2020-01-23 13:43","QuorumPeer.java","134632","268066","402698"
"2016-06-23 23:45","QuorumPeer.java","31433","129820","161253"
"2011-05-03 19:57","QuorumPeer.java","22250","67569","89819"
"2016-06-23 23:25","QuorumPeer.java","31433","129712","161145"
"2010-03-09 05:44","QuorumPeer.java","13347","46827","60174"
"2010-03-12 19:26","QuorumPeer.java","13445","47655","61100"
"2014-03-23 04:12","QuorumPeer.java","27663","105107","132770"
"2013-09-26 00:13","QuorumPeer.java","27231","97446","124677"
"2011-06-17 01:34","QuorumPeer.java","22371","69372","91743"
"2011-06-14 14:11","QuorumPeer.java","22321","69278","91599"
"2010-03-10 02:27","QuorumPeer.java","13354","47048","60402"
"2010-03-10 19:52","QuorumPeer.java","13361","47141","60502"
"2014-07-18 20:48","QuorumPeer.java","29401","116685","146086"
"2014-07-04 04:19","QuorumPeer.java","29075","111743","140818"
"2018-12-06 10:56","QuorumPeer.java","133949","227984","361933"
"2014-06-25 15:04","QuorumPeer.java","29068","110590","139658"
"2014-03-28 01:58","QuorumPeer.java","27666","105528","133194"
"2009-10-30 17:19","QuorumPeer.java","5260","16896","22156"
"2009-11-20 23:28","QuorumPeer.java","6189","26977","33166"
"2009-12-18 03:19","QuorumPeer.java","7054","28415","35469"
"2009-12-15 23:23","QuorumPeer.java","6471","27558","34029"
"2013-10-21 23:36","QuorumPeer.java","27448","101080","128528"
"2019-10-10 14:37","QuorumPeer.java","133993","261253","395246"
"2013-11-07 06:41","QuorumPeer.java","27475","101538","129013"
"2017-07-27 23:09","QuorumPeer.java","33226","134404","167630"
"2014-05-18 05:49","QuorumPeer.java","29051","109587","138638"
"2011-10-25 08:09","QuorumPeer.java","25242","76648","101890"
"2014-03-25 22:13","QuorumPeer.java","27664","105344","133008"
"2011-04-12 09:14","QuorumPeer.java","22214","67194","89408"
"2011-11-01 08:15","QuorumPeer.java","25323","76918","102241"
"2011-03-16 19:49","QuorumPeer.java","18518","104971","123489"
"2018-06-26 11:18","QuorumPeer.java","33545","142943","176488"
"2018-07-27 12:32","QuorumPeer.java","45112","155728","200840"
"2019-04-18 19:17","QuorumPeer.java","133993","240017","374010"
"2011-10-27 23:25","QuorumPeer.java","25274","76840","102114"
"2011-08-30 08:37","QuorumPeer.java","20913","75205","96118"
"2011-08-30 08:29","QuorumPeer.java","20913","75193","96106"
"2010-08-18 08:24","QuorumPeer.java","17805","71740","89545"
"2013-10-09 22:21","QuorumPeer.java","27449","100718","128167"
"2016-12-20 14:47","QuorumPeer.java","32056","135399","167455"
"2011-05-20 01:17","QuorumPeer.java","22261","68060","90321"
"2010-05-05 22:32","QuorumPeer.java","16862","51102","67964"
"2017-05-11 16:59","QuorumPeer.java","33176","134473","167649"
"2014-07-03 06:01","QuorumPeer.java","29075","111321","140396"
"2014-08-14 08:08","QuorumPeer.java","29467","117612","147079"
"2014-08-01 07:38","QuorumPeer.java","29467","117191","146658"
"2014-07-20 04:50","QuorumPeer.java","29420","116766","146186"
"2016-06-02 00:59","QuorumPeer.java","31432","129342","160774"
"2020-02-16 10:25","QuorumPeer.java","134632","268779","403411"
"2016-05-02 18:15","WatcherTest.java","21832","162882","184714"
"2009-07-17 00:09","WatcherTest.java","9809","62732","72541"
"2019-08-17 17:13","WatcherTest.java","89367","257706","347073"
"2013-02-19 08:55","WatcherTest.java","18264","125963","144227"
"2008-11-19 11:20","WatcherTest.java","412","639","1051"
"2017-02-16 01:16","WatcherTest.java","22641","167517","190158"
"2011-04-12 09:14","WatcherTest.java","14355","104167","118522"
"2010-07-05 20:20","WatcherTest.java","13078","103225","116303"
"2011-09-17 02:13","WatcherTest.java","15557","112159","127716"
"2009-09-16 02:09","WatcherTest.java","10316","65654","75970"
"2019-09-18 11:20","WatcherTest.java","89367","260618","349985"
"2019-10-10 14:37","QuorumPeerMain.java","187413","260738","448151"
"2020-01-23 13:43","QuorumPeerMain.java","188486","267985","456471"
"2019-11-28 12:24","QuorumPeerMain.java","188486","262964","451450"
"2012-03-06 09:20","QuorumPeerMain.java","21849","25655","47504"
"2013-10-09 22:21","QuorumPeerMain.java","26856","49599","76455"
"2011-09-02 22:50","QuorumPeerMain.java","15629","19807","35436"
"2020-02-16 10:25","QuorumPeerMain.java","188486","268698","457184"
"2019-04-18 19:17","QuorumPeerMain.java","187414","239503","426917"
"2011-04-12 09:14","QuorumPeerMain.java","14662","5707","20369"
"2019-11-11 13:59","QuorumPeerMain.java","187413","264395","451808"
"2019-04-12 19:01","QuorumPeerMain.java","187414","238793","426207"
"2018-09-11 15:23","QuorumPeerMain.java","119476","182393","301869"
"2017-02-13 22:09","QuorumPeerMain.java","39550","90252","129802"
"2014-07-18 02:19","QuorumPeerMain.java","33820","70119","103939"
"2018-08-06 14:11","QuorumPeerMain.java","57917","118619","176536"
"2012-04-23 01:20","QuorumPeerMain.java","24230","29940","54170"
"2017-07-28 00:36","QuorumPeerMain.java","40434","91190","131624"
"2019-08-17 17:13","QuorumPeerMain.java","187413","256985","444398"
"2015-03-17 18:06","QuorumPeerMain.java","34222","76494","110716"
"2017-11-28 00:10","QuorumPeerMain.java","40729","95905","136634"
"2015-06-04 18:26","DataNode.java","20281","158259","178540"
"2009-11-12 23:48","DataNode.java","11488","74340","85828"
"2009-06-18 18:37","DataNode.java","9007","53763","62770"
"2019-08-17 17:13","DataNode.java","89443","257706","347149"
"2015-06-04 19:51","DataNode.java","20339","159028","179367"
"2016-10-07 21:51","DataNode.java","22044","165784","187828"
"2019-01-07 14:24","DataNode.java","89416","232509","321925"
"2009-02-03 06:23","DataNode.java","7115","20456","27571"
"2017-02-05 07:22","DataNode.java","22268","170268","192536"
"2019-07-31 19:06","DataNode.java","89443","257013","346456"
"2011-06-23 18:01","DataNode.java","14456","106287","120743"
"2019-12-27 22:33","DataNode.java","89899","266840","356739"
"2019-08-17 17:13","WatcherOrBitSet.java","158773","174218","332991"
"2019-08-17 17:13","ObserverHierarchicalQuorumTest.java","178405","256932","435337"
"2019-08-17 17:13","RemoveWatchesCommand.java","221853","255887","477740"
"2019-01-31 15:55","RemoveWatchesCommand.java","221735","233428","455163"
"2017-05-27 00:52","RemoveWatchesCommand.java","6695","9371","16066"
"2019-10-10 14:37","QuorumPeerMain.java","196919","260120","457039"
"2020-01-23 13:43","QuorumPeerMain.java","198267","267642","465909"
"2019-11-28 12:24","QuorumPeerMain.java","198267","262621","460888"
"2020-02-16 10:25","QuorumPeerMain.java","198267","268355","466622"
"2019-04-18 19:17","QuorumPeerMain.java","196903","238868","435771"
"2019-11-11 13:59","QuorumPeerMain.java","196947","263805","460752"
"2019-04-12 19:01","QuorumPeerMain.java","196903","238158","435061"
"2018-09-11 15:23","QuorumPeerMain.java","111737","151911","263648"
"2017-02-13 22:09","QuorumPeerMain.java","20601","48560","69161"
"2014-07-18 02:19","QuorumPeerMain.java","9599","23155","32754"
"2018-08-06 14:11","QuorumPeerMain.java","42809","80768","123577"
"2017-07-28 00:36","QuorumPeerMain.java","22874","50887","73761"
"2019-08-17 17:13","QuorumPeerMain.java","196919","256367","453286"
"2015-03-17 18:06","QuorumPeerMain.java","10937","30466","41403"
"2017-11-28 00:10","QuorumPeerMain.java","23516","55949","79465"
"2011-06-21 07:34","FileTxnLog.java","626","2676","3302"
"2014-02-12 17:00","FileTxnLog.java","13802","49357","63159"
"2013-12-11 01:10","FileTxnLog.java","13646","46316","59962"
"2018-01-19 00:43","FileTxnLog.java","28103","92459","120562"
"2019-12-27 22:33","FileTxnLog.java","179499","266704","446203"
"2019-10-10 14:37","FileTxnLog.java","178405","260685","439090"
"2018-11-12 22:36","FileTxnLog.java","178338","224957","403295"
"2018-08-01 21:19","FileTxnLog.java","45237","114548","159785"
"2018-04-27 20:28","FileTxnLog.java","28295","94501","122796"
"2018-06-08 16:52","FileTxnLog.java","28313","95966","124279"
"2011-09-03 01:07","FileTxnLog.java","1863","15277","17140"
"2011-11-15 19:30","FileTxnLog.java","7131","18031","25162"
"2014-06-30 19:11","FileTxnLog.java","20022","60636","80658"
"2020-01-28 17:26","FileTxnLog.java","179499","268424","447923"
"2019-05-14 17:11","FileTxnLog.java","178406","241600","420006"
"2019-01-07 14:24","FileTxnLog.java","178339","231696","410035"
"2013-06-28 23:22","FileTxnLog.java","13228","41662","54890"
"2019-04-12 19:01","FileTxnLog.java","178406","238740","417146"
"2017-04-28 07:14","FileTxnLog.java","26795","87420","114215"
"2012-02-06 09:40","FileTxnLog.java","8013","20421","28434"
"2018-09-06 01:11","FileTxnLog.java","107157","178099","285256"
"2018-09-18 01:00","FileTxnLog.java","107222","180418","287640"
"2016-03-20 19:31","FileTxnLog.java","22658","78341","100999"
"2019-08-17 17:13","FileTxnLog.java","178405","256932","435337"
"2019-06-03 19:40","FileTxnLog.java","178405","242263","420668"
"2018-04-24 00:20","FileTxnLog.java","28192","94311","122503"
"2018-02-14 21:23","FileTxnLog.java","28156","93391","121547"
"2019-08-03 08:42","FileTxnLog.java","178405","257640","436045"
"2019-04-09 15:35","FileTxnLog.java","178354","237738","416092"
"2017-08-03 20:41","FileTxnLog.java","27709","87518","115227"
"2018-02-02 00:26","FileTxnLog.java","28105","92468","120573"
"2017-06-26 00:07","FileTxnLog.java","27621","87784","115405"
"2019-08-17 17:13","AtomicFileOutputStream.java","180755","256464","437219"
"2017-08-10 22:14","AtomicFileOutputStream.java","23438","68080","91518"
"2014-07-04 04:19","AtomicFileOutputStream.java","11760","37420","49180"
"2019-10-10 14:37","AtomicFileOutputStream.java","180755","260217","440972"
"2019-08-17 17:13","Leader.java","180262","256464","436726"
"2019-06-29 00:33","Leader.java","180262","244451","424713"
"2019-06-03 19:40","Leader.java","180262","241795","422057"
"2014-05-20 23:42","Leader.java","11625","35671","47296"
"2019-07-15 14:15","Leader.java","180262","251883","432145"
"2015-03-17 18:06","Leader.java","13361","49644","63005"
"2019-07-25 21:41","Leader.java","180262","252947","433209"
"2018-05-10 06:00","Leader.java","24555","76731","101286"
"2018-07-12 01:33","Leader.java","32506","85615","118121"
"2018-02-07 01:05","Leader.java","24281","74323","98604"
"2017-11-28 00:10","Leader.java","23885","73072","96957"
"2019-06-05 00:33","Leader.java","180262","242185","422447"
"2015-04-10 22:22","Leader.java","13392","50743","64135"
"2019-08-03 08:42","Leader.java","180262","257172","437434"
"2019-06-05 23:57","Leader.java","180262","242454","422716"
"2012-12-08 00:38","Leader.java","1146","6072","7218"
"2013-10-07 21:08","Leader.java","4113","18488","22601"
"2012-12-31 02:38","Leader.java","2015","9062","11077"
"2017-01-13 19:29","Leader.java","19566","67236","86802"
"2019-01-07 14:55","Leader.java","180168","231261","411429"
"2019-04-12 19:01","Leader.java","180246","238255","418501"
"2018-12-09 03:16","Leader.java","180167","229027","409194"
"2018-08-17 14:40","Leader.java","84979","140384","225363"
"2019-11-29 14:49","Leader.java","181574","264333","445907"
"2013-03-07 07:01","Leader.java","3374","14933","18307"
"2018-11-27 10:02","Leader.java","180167","226703","406870"
"2015-02-06 06:17","Leader.java","13185","48246","61431"
"2017-02-15 23:04","Leader.java","21724","66438","88162"
"2014-07-18 02:19","Leader.java","12450","42760","55210"
"2018-08-29 06:26","Leader.java","102602","158215","260817"
"2018-08-03 18:52","Leader.java","42735","97342","140077"
"2013-05-14 14:27","Leader.java","3433","15117","18550"
"2017-09-11 18:55","Leader.java","23567","68897","92464"
"2018-09-18 01:00","Leader.java","107809","165992","273801"
"2016-12-20 14:47","Leader.java","19538","66366","85904"
"2014-07-20 04:50","Leader.java","12531","43362","55893"
"2014-06-10 00:19","Leader.java","11637","36617","48254"
"2016-06-23 23:25","Leader.java","18014","59778","77792"
"2016-06-23 23:45","Leader.java","18013","59885","77898"
"2020-03-25 03:38","Leader.java","181574","270561","452135"
"2014-03-23 04:12","Leader.java","4937","25866","30803"
"2019-12-27 22:33","Leader.java","181574","266454","448028"
"2016-08-13 15:01","Leader.java","18454","61021","79475"
"2013-10-21 23:36","Leader.java","4374","21491","25865"
"2019-10-10 14:37","Leader.java","180262","260217","440479"
"2013-11-07 06:41","Leader.java","4455","22003","26458"
"2019-11-29 14:49","QuorumPeer.java","9773","16330","26103"
"2020-01-09 11:27","QuorumPeer.java","11196","19299","30495"
"2019-12-17 13:48","QuorumPeer.java","9844","16973","26817"
"2020-01-23 13:43","QuorumPeer.java","11777","21704","33481"
"2019-10-10 14:37","QuorumPeer.java","3717","7470","11187"
"2020-02-16 10:25","QuorumPeer.java","11925","22565","34490"
"2019-11-29 14:49","QuorumCnxManager.java","228639","263435","492074"
"2018-07-11 06:04","QuorumCnxManager.java","18596","23573","42169"
"2018-08-06 14:11","QuorumCnxManager.java","29293","36043","65336"
"2018-10-16 16:22","QuorumCnxManager.java","205136","231772","436908"
"2019-06-14 09:06","QuorumCnxManager.java","227025","243262","470287"
"2019-08-03 08:42","QuorumCnxManager.java","227026","255973","482999"
"2019-11-13 20:41","QuorumCnxManager.java","227074","263032","490106"
"2019-04-09 16:08","QuorumCnxManager.java","226932","236027","462959"
"2019-08-06 12:52","QuorumCnxManager.java","227026","256238","483264"
"2019-05-20 23:13","QuorumCnxManager.java","227008","240119","467127"
"2017-08-23 02:16","QuorumCnxManager.java","6467","3771","10238"
"2019-07-27 20:04","QuorumCnxManager.java","227026","251796","478822"
"2020-03-12 14:47","QuorumCnxManager.java","228641","268823","497464"
"2019-08-17 17:13","QuorumCnxManager.java","227026","255265","482291"
"2017-11-28 00:10","QuorumCnxManager.java","7137","8361","15498"
"2019-10-10 14:37","QuorumCnxManager.java","227026","259018","486044"
"2017-06-09 18:37","QuorumCnxManager.java","4645","1653","6298"
"2020-01-23 13:43","QuorumCnxManager.java","228641","266807","495448"
"2019-11-28 12:24","QuorumCnxManager.java","228639","261784","490423"
"2020-03-23 16:20","QuorumCnxManager.java","228641","268994","497635"
"2020-02-16 10:25","QuorumCnxManager.java","228641","267520","496161"
"2018-07-27 12:32","QuorumCnxManager.java","29079","35217","64296"
"2017-11-15 22:33","CommitProcessor.java","20662","178671","199333"
"2019-08-17 17:13","CommitProcessor.java","72747","257710","330457"
"2012-12-08 00:38","CommitProcessor.java","17290","134419","151709"
"2009-01-16 00:48","CommitProcessor.java","8383","25761","34144"
"2009-02-20 01:23","CommitProcessor.java","9351","40336","49687"
"2019-07-30 02:31","CommitProcessor.java","72747","255631","328378"
"2016-05-15 23:31","CommitProcessor.java","19811","173300","193111"
"2019-08-03 08:42","CommitProcessor.java","72747","258418","331165"
"2019-04-09 15:35","CommitProcessor.java","72725","238545","311270"
"2019-04-25 02:11","CommitProcessor.java","72747","241430","314177"
"2019-01-07 14:24","CommitProcessor.java","72719","232512","305231"
"2011-04-12 09:14","CommitProcessor.java","14907","121343","136250"
"2011-10-28 18:37","CommitProcessor.java","16718","124008","140726"
"2015-03-08 23:07","CommitProcessor.java","19681","167119","186800"
"2010-08-18 08:24","CommitProcessor.java","14186","129577","143763"
"2014-07-15 23:54","CommitProcessor.java","19591","159152","178743"
"2014-03-23 04:12","CommitProcessor.java","18186","151318","169504"
"2020-03-25 03:38","CommitProcessor.java","73200","270948","344148"
"2019-10-10 14:37","CommitProcessor.java","72747","261463","334210"
"2019-11-11 13:55","CommitProcessor.java","72747","263418","336165"
"2009-12-03 03:12","CommitProcessor.java","12632","94941","107573"
"2019-12-27 22:33","CommitProcessor.java","73200","266841","340041"
"2019-11-28 12:24","Version.java","228558","261784","490342"
"2020-04-07 15:40","Version.java","228618","270325","498943"
"2018-08-06 14:11","Version.java","29444","36275","65719"
"2019-08-17 17:13","Version.java","226952","255272","482224"
"2019-07-01 15:16","Version.java","226951","243251","470202"
"2019-04-12 21:47","Version.java","226933","237122","464055"
"2017-11-15 22:33","CommitProcessor.java","19155","188718","207873"
"2019-08-17 17:13","CommitProcessor.java","58134","257842","315976"
"2012-12-08 00:38","CommitProcessor.java","16301","144984","161285"
"2009-01-16 00:48","CommitProcessor.java","7218","39341","46559"
"2009-02-20 01:23","CommitProcessor.java","7982","53712","61694"
"2019-07-30 02:31","CommitProcessor.java","58134","255763","313897"
"2016-05-15 23:31","CommitProcessor.java","18658","183701","202359"
"2019-08-03 08:42","CommitProcessor.java","58134","258550","316684"
"2019-04-09 15:35","CommitProcessor.java","58118","238683","296801"
"2008-10-03 15:06","CommitProcessor.java","2341","17086","19427"
"2019-04-25 02:11","CommitProcessor.java","58134","241562","299696"
"2019-01-07 14:24","CommitProcessor.java","58118","232656","290774"
"2011-04-12 09:14","CommitProcessor.java","12766","133947","146713"
"2011-10-28 18:37","CommitProcessor.java","15863","134707","150570"
"2015-03-08 23:07","CommitProcessor.java","18565","177557","196122"
"2010-08-18 08:24","CommitProcessor.java","12178","142314","154492"
"2014-07-15 23:54","CommitProcessor.java","18464","169579","188043"
"2014-03-23 04:12","CommitProcessor.java","17106","161792","178898"
"2020-03-25 03:38","CommitProcessor.java","58455","270948","329403"
"2019-10-10 14:37","CommitProcessor.java","58134","261595","319729"
"2019-11-11 13:55","CommitProcessor.java","58134","263550","321684"
"2009-12-03 03:12","CommitProcessor.java","10824","107878","118702"
"2019-12-27 22:33","CommitProcessor.java","58455","266841","325296"
"2019-02-06 09:46","ZooKeeper.java","220470","233473","453943"
"2019-01-16 14:21","ZooKeeper.java","220469","231749","452218"
"2017-04-18 02:02","ZooKeeper.java","6401","11005","17406"
"2019-11-08 17:30","ZooKeeper.java","220635","261549","482184"
"2019-02-07 11:26","ZooKeeper.java","220470","234102","454572"
"2017-05-01 17:19","ZooKeeper.java","6417","11148","17565"
"2019-08-17 17:13","ZooKeeper.java","220587","255887","476474"
"2016-10-07 21:51","ZooKeeper.java","1673","4439","6112"
"2019-06-26 10:57","ZooKeeper.java","220586","243736","464322"
"2019-06-03 19:40","ZooKeeper.java","220586","241217","461803"
"2018-05-09 23:57","ZooKeeper.java","10689","21678","32367"
"2019-08-03 08:42","ZooKeeper.java","220587","256595","477182"
"2016-11-13 20:59","ZooKeeper.java","1923","6942","8865"
"2017-07-28 00:36","ZooKeeper.java","9197","13062","22259"
"2017-08-18 23:35","ZooKeeper.java","9295","13645","22940"
"2017-07-04 07:56","ZooKeeper.java","7656","12131","19787"
"2020-04-16 12:50","ZooKeeper.java","222167","271041","493208"
"2018-07-27 05:16","ZooKeeper.java","31210","44217","75427"
"2019-10-10 14:37","ZooKeeper.java","220587","259640","480227"
"2019-02-11 12:34","ZooKeeper.java","220470","234465","454935"
"2020-05-17 15:13","ZooKeeper.java","222199","271444","493643"
"2017-01-09 22:49","ZooKeeper.java","2785","9372","12157"
"2019-03-12 19:08","ZooKeeper.java","220491","235914","456405"
"2019-12-28 16:17","SetAclCommand.java","162027","186008","348035"
"2019-01-31 15:55","SetAclCommand.java","156586","149641","306227"
"2019-08-17 17:13","SetAclCommand.java","158822","174218","333040"
"2019-08-17 17:13","DelQuotaCommand.java","231576","254847","486423"
"2019-01-31 15:55","DelQuotaCommand.java","231433","232363","463796"
"2019-08-17 17:13","AdHashTest.java","24762","25455","50217"
"2019-12-27 22:33","AdHashTest.java","33459","42830","76289"
"2019-07-31 19:06","Commands.java","6594","20570","27164"
"2019-11-29 14:49","Commands.java","37692","58918","96610"
"2019-08-17 17:13","Commands.java","29523","44192","73715"
"2019-06-29 00:33","Commands.java","3569","6225","9794"
"2019-07-15 14:15","Commands.java","4733","14821","19554"
"2019-07-25 23:43","Commands.java","5679","16884","22563"
"2019-06-05 12:14","Commands.java","302","829","1131"
"2019-08-06 01:43","Commands.java","6947","22498","29445"
"2019-06-04 10:55","Commands.java","233","386","619"
"2019-12-03 10:01","Commands.java","37686","58958","96644"
"2019-11-20 07:00","Commands.java","37159","54984","92143"
"2013-09-18 12:58","ClientCnxn.java","3968","15654","19622"
"2015-01-31 08:05","ClientCnxn.java","13511","46503","60014"
"2016-05-02 18:15","ClientCnxn.java","18422","57450","75872"
"2014-01-24 07:18","ClientCnxn.java","4738","23156","27894"
"2019-08-17 17:13","ClientCnxn.java","182136","256464","438600"
"2015-05-10 00:27","ClientCnxn.java","13830","49361","63191"
"2017-12-19 19:27","ClientCnxn.java","24705","72062","96767"
"2019-01-31 15:50","ClientCnxn.java","182043","234038","416081"
"2019-04-09 15:35","ClientCnxn.java","182062","237247","419309"
"2013-02-03 15:52","ClientCnxn.java","2393","8015","10408"
"2014-12-20 15:29","ClientCnxn.java","13504","46485","59989"
"2019-11-08 17:30","ClientCnxn.java","182164","262106","444270"
"2017-06-08 17:59","ClientCnxn.java","23310","66377","89687"
"2019-01-16 14:21","ClientCnxn.java","182043","232351","414394"
"2019-01-07 14:24","ClientCnxn.java","182042","231200","413242"
"2019-03-06 03:32","ClientCnxn.java","182061","236174","418235"
"2015-02-06 06:17","ClientCnxn.java","13597","46784","60381"
"2019-02-07 11:26","ClientCnxn.java","182044","234704","416748"
"2018-11-05 19:40","ClientCnxn.java","162937","235751","398688"
"2020-05-17 15:13","ClientCnxn.java","183452","271725","455177"
"2018-06-25 12:30","ClientCnxn.java","25069","75952","101021"
"2012-12-19 19:16","ClientCnxn.java","1730","6859","8589"
"2020-03-03 03:12","ClientCnxn.java","183448","269511","452959"
"2018-09-10 11:44","ClientCnxn.java","108306","162374","270680"
"2015-06-13 02:42","ClientCnxn.java","14143","51136","65279"
"2014-03-23 04:12","ClientCnxn.java","5031","24086","29117"
"2015-11-09 00:05","ClientCnxn.java","15385","53870","69255"
"2015-12-06 19:58","ClientCnxn.java","15491","54281","69772"
"2020-01-21 17:53","ClientCnxn.java","183448","265772","449220"
"2015-12-05 22:43","ClientCnxn.java","15491","54278","69769"
"2015-12-05 22:32","ClientCnxn.java","15490","54272","69762"
"2019-10-10 14:37","ClientCnxn.java","182136","260217","442353"
"2014-04-01 04:03","ClientCnxn.java","5266","25164","30430"
"2013-09-18 15:14","ClientCnxn.java","3972","15676","19648"
"2013-09-18 04:08","ClientCnxn.java","3952","15552","19504"
"2019-11-21 05:58","ClientCnxn.java","183448","260943","444391"
"2020-04-16 12:50","ClientCnxn.java","183448","271350","454798"
"2018-07-27 05:16","ClientCnxn.java","43217","95252","138469"
"2016-05-02 18:15","WatcherTest.java","21799","162622","184421"
"2009-07-17 00:09","WatcherTest.java","9621","62317","71938"
"2019-08-17 17:13","WatcherTest.java","89594","257706","347300"
"2013-02-19 08:55","WatcherTest.java","18195","125667","143862"
"2017-02-16 01:16","WatcherTest.java","22618","167267","189885"
"2011-04-12 09:14","WatcherTest.java","14277","103862","118139"
"2010-07-05 20:20","WatcherTest.java","12922","102842","115764"
"2011-09-17 02:13","WatcherTest.java","15488","111863","127351"
"2009-09-16 02:09","WatcherTest.java","10130","65241","75371"
"2019-09-18 11:20","WatcherTest.java","89594","260618","350212"
"2018-08-08 06:21","LocalSessionTracker.java","83378","103220","186598"
"2019-08-17 17:13","LocalSessionTracker.java","215122","256089","471211"
"2019-08-17 17:13","LeaderRequestProcessor.java","25104","24433","49537"
"2019-10-10 14:37","LeaderRequestProcessor.java","27791","30873","58664"
"2019-08-17 17:13","SessionTrackerTest.java","26739","37963","64702"
"2018-05-10 00:14","QuorumPeerMainTest.java","14083","25944","40027"
"2018-10-05 14:25","QuorumPeerMainTest.java","198862","220397","419259"
"2018-07-17 10:41","QuorumPeerMainTest.java","33956","47464","81420"
"2018-07-27 12:32","QuorumPeerMainTest.java","34085","48104","82189"
"2020-01-23 13:43","QuorumPeerMainTest.java","221352","267399","488751"
"2019-10-10 14:37","QuorumPeerMainTest.java","219801","259674","479475"
"2019-12-28 16:17","QuorumPeerMainTest.java","221351","266056","487407"
"2017-12-16 01:25","QuorumPeerMainTest.java","13714","22863","36577"
"2018-01-19 00:52","QuorumPeerMainTest.java","13761","23023","36784"
"2018-04-30 06:34","QuorumPeerMainTest.java","14066","25296","39362"
"2019-07-25 21:41","QuorumPeerMainTest.java","219801","252404","472205"
"2019-08-17 17:13","QuorumPeerMainTest.java","219801","255921","475722"
"2018-02-23 23:49","QuorumPeerMainTest.java","13847","24151","37998"
"2019-07-02 07:34","QuorumPeerMainTest.java","219800","243863","463663"
"2019-05-20 17:18","QuorumPeerMainTest.java","219783","240694","460477"
"2018-10-16 16:22","QuorumPeerMainTest.java","198865","233382","432247"
"2018-08-29 06:26","QuorumPeerMainTest.java","105537","121068","226605"
"2018-08-03 18:52","QuorumPeerMainTest.java","34252","48777","83029"
"2018-09-11 15:23","QuorumPeerMainTest.java","110787","127633","238420"
"2019-09-30 22:26","ZKClientConfig.java","220587","259252","479839"
"2018-11-05 19:40","ZKClientConfig.java","199144","232930","432074"
"2019-08-17 17:13","ZKClientConfig.java","220587","255887","476474"
"2017-07-28 00:36","ZKClientConfig.java","9197","13062","22259"
"2018-07-27 05:16","ZKClientConfig.java","31210","44217","75427"
"2019-11-22 23:42","ZKClientConfig.java","222165","261962","484127"
"2019-11-04 02:01","ZKClientConfig.java","220635","259845","480480"
"2019-05-14 17:11","SyncRequestProcessor.java","103706","242351","346057"
"2010-03-14 05:01","SyncRequestProcessor.java","12666","77366","90032"
"2019-06-05 00:46","SyncRequestProcessor.java","103705","243543","347248"
"2019-05-22 11:39","SyncRequestProcessor.java","103706","242884","346590"
"2013-09-30 22:20","SyncRequestProcessor.java","22132","122937","145069"
"2019-06-03 19:40","SyncRequestProcessor.java","103705","243014","346719"
"2019-08-17 17:13","SyncRequestProcessor.java","103705","257683","361388"
"2009-06-18 18:37","SyncRequestProcessor.java","4172","34643","38815"
"2009-11-07 08:16","SyncRequestProcessor.java","8062","51448","59510"
"2019-10-10 14:37","SyncRequestProcessor.java","103705","261436","365141"
"2013-10-24 20:41","SyncRequestProcessor.java","22222","126541","148763"
"2020-01-07 20:39","SyncRequestProcessor.java","104163","267194","371357"
"2020-03-25 03:38","SyncRequestProcessor.java","104163","270926","375089"
"2010-08-18 08:24","SyncRequestProcessor.java","14144","98550","112694"
"2015-03-08 23:07","SyncRequestProcessor.java","24125","146221","170346"
"2011-04-12 09:14","SyncRequestProcessor.java","17738","93189","110927"
"2019-04-30 18:08","SyncRequestProcessor.java","103706","241520","345226"
"2015-06-04 18:26","DataNode.java","24228","149674","173902"
"2009-11-12 23:48","DataNode.java","8623","58134","66757"
"2009-06-18 18:37","DataNode.java","4485","35900","40385"
"2019-08-17 17:13","DataNode.java","102765","257687","360452"
"2015-06-04 19:51","DataNode.java","24275","150432","174707"
"2016-10-07 21:51","DataNode.java","26142","157350","183492"
"2019-01-07 14:24","DataNode.java","102738","232490","335228"
"2017-02-05 07:22","DataNode.java","26382","161850","188232"
"2019-07-31 19:06","DataNode.java","102765","256994","359759"
"2011-06-23 18:01","DataNode.java","18116","96606","114722"
"2019-12-27 22:33","DataNode.java","103223","266823","370046"
"2019-06-04 10:55","Gauge.java","192094","198406","390500"
"2019-08-17 17:13","Gauge.java","192100","212928","405028"
"2019-08-17 17:13","CommandResponseTest.java","218914","255966","474880"
"2020-02-16 10:25","LearnerTest.java","216682","268177","484859"
"2020-01-28 17:26","LearnerTest.java","216682","267935","484617"
"2015-12-06 21:30","LearnerTest.java","3025","8379","11404"
"2019-08-17 17:13","LearnerTest.java","215234","256089","471323"
"2019-07-12 17:01","LearnerTest.java","215234","251402","466636"
"2019-02-13 13:12","LearnerTest.java","215144","234945","450089"
"2019-11-29 14:49","LearnerTest.java","216680","264092","480772"
"2019-07-31 19:06","Commands.java","1910","5798","7708"
"2019-11-29 14:49","Commands.java","34076","45214","79290"
"2019-08-17 17:13","Commands.java","25828","30409","56237"
"2019-07-25 23:43","Commands.java","966","2083","3049"
"2019-08-06 01:43","Commands.java","2297","7760","10057"
"2019-12-03 10:01","Commands.java","34070","45254","79324"
"2019-11-20 07:00","Commands.java","33514","41251","74765"
"2012-04-23 01:20","HierarchicalQuorumTest.java","27414","65566","92980"
"2014-06-04 22:07","HierarchicalQuorumTest.java","31234","94175","125409"
"2019-08-17 17:13","HierarchicalQuorumTest.java","154189","257187","411376"
"2019-07-12 17:01","HierarchicalQuorumTest.java","154189","252500","406689"
"2010-03-13 01:06","HierarchicalQuorumTest.java","10863","24575","35438"
"2019-10-10 14:37","HierarchicalQuorumTest.java","154189","260940","415129"
"2018-06-26 11:18","HierarchicalQuorumTest.java","36486","127800","164286"
"2011-04-12 09:14","HierarchicalQuorumTest.java","21670","46141","67811"
"2017-05-11 16:59","HierarchicalQuorumTest.java","35980","119193","155173"
"2010-05-05 22:32","HierarchicalQuorumTest.java","14970","28701","43671"
"2010-03-31 06:26","HierarchicalQuorumTest.java","12524","26483","39007"
"2019-07-31 19:06","ClientBase.java","6250","19453","25703"
"2019-08-17 17:13","ClientBase.java","29388","43284","72672"
"2019-06-24 11:05","ClientBase.java","2050","3279","5329"
"2019-11-14 16:44","ClientBase.java","32076","53999","86075"
"2019-10-10 14:37","ClientBase.java","31796","49445","81241"
"2017-02-12 00:34","ReconfigDuringLeaderSyncTest.java","4959","6857","11816"
"2019-08-17 17:13","ReconfigDuringLeaderSyncTest.java","222498","255885","478383"
"2016-11-13 20:59","ReconfigDuringLeaderSyncTest.java","498","3604","4102"
"2020-01-25 18:48","ReconfigDuringLeaderSyncTest.java","224079","267583","491662"
"2017-07-27 23:09","ReconfigDuringLeaderSyncTest.java","7888","9736","17624"
"2019-08-17 17:13","Follower.java","24844","23743","48587"
"2019-08-23 19:43","Follower.java","24847","24412","49259"
"2019-12-27 22:33","Follower.java","33671","41248","74919"
"2019-10-10 14:37","Follower.java","27644","30296","57940"
"2019-12-17 13:48","Zab1_0Test.java","228145","264009","492154"
"2019-12-27 22:33","Zab1_0Test.java","228146","265559","493705"
"2019-10-10 14:37","Zab1_0Test.java","226541","259029","485570"
"2019-08-17 17:13","Zab1_0Test.java","226541","255276","481817"
"2019-06-03 19:40","Zab1_0Test.java","226540","240606","467146"
"2018-05-10 06:00","Zab1_0Test.java","8433","13142","21575"
"2017-11-28 00:10","Zab1_0Test.java","7439","9159","16598"
"2017-08-18 06:32","Zab1_0Test.java","6733","4418","11151"
"2017-02-12 00:12","Zab1_0Test.java","3638","884","4522"
"2017-07-28 00:36","JRecord.java","7078","5356","12434"
"2019-06-20 20:25","JRecord.java","225562","242594","468156"
"2019-07-29 17:15","JRecord.java","225563","252876","478439"
"2017-09-11 18:55","JRecord.java","7341","6182","13523"
"2016-11-25 07:08","JRecord.java","105","98","203"
"2020-04-07 17:00","JRecord.java","227227","270328","497555"
"2019-08-17 17:13","NioNettySuiteTest.java","187413","256985","444398"
"2020-01-30 09:43","PurgeTxnLog.java","225442","267351","492793"
"2019-08-17 17:13","PurgeTxnLog.java","223799","255234","479033"
"2019-10-10 14:37","PurgeTxnLog.java","223799","258987","482786"
"2019-11-28 12:24","PurgeTxnLog.java","225440","261781","487221"
"2019-11-14 03:54","ZooKeeperServerMXBean.java","3752","8742","12494"
"2020-03-25 03:38","ZooKeeperServerMXBean.java","11920","21686","33606"
"2019-10-10 14:37","DuplicateLocalSessionUpgradeTest.java","3717","7470","11187"
"2019-12-27 22:33","TxnLogToolkit.java","9253","15068","24321"
"2019-11-28 12:24","TxnLogToolkit.java","8548","10591","19139"
"2019-04-12 19:01","ZooKeeperServer.java","397","1347","1744"
"2019-07-31 19:06","ZooKeeperServer.java","7589","26039","33628"
"2019-09-11 10:27","ZooKeeperServer.java","31113","51612","82725"
"2019-07-08 23:26","ZooKeeperServer.java","4842","12761","17603"
"2019-05-14 17:11","ZooKeeperServer.java","809","4619","5428"
"2019-06-04 10:55","ZooKeeperServer.java","1312","5939","7251"
"2019-08-03 08:42","ZooKeeperServer.java","7938","27789","35727"
"2019-05-15 11:56","ZooKeeperServer.java","882","4779","5661"
"2019-05-22 11:39","ZooKeeperServer.java","967","5310","6277"
"2019-04-22 19:15","ZooKeeperServer.java","418","2343","2761"
"2019-09-10 04:26","ZooKeeperServer.java","31071","51259","82330"
"2019-08-17 17:13","ZooKeeperServer.java","29822","48965","78787"
"2019-09-05 23:12","ZooKeeperServer.java","31037","51099","82136"
"2019-09-10 15:21","ZooKeeperServer.java","31081","51267","82348"
"2019-08-01 07:31","ZooKeeperServer.java","7669","27483","35152"
"2019-08-01 07:28","ZooKeeperServer.java","7596","26920","34516"
"2019-06-03 19:40","ZooKeeperServer.java","1170","5644","6814"
"2019-11-23 17:08","ZooKeeperServer.java","37239","61083","98322"
"2019-10-09 16:49","ZooKeeperServer.java","31445","54174","85619"
"2019-07-03 00:44","ZooKeeperServer.java","4759","11915","16674"
"2019-07-24 18:00","ZooKeeperServer.java","6164","21762","27926"
"2019-12-27 22:33","ZooKeeperServer.java","37710","65531","103241"
"2019-11-18 09:05","ZooKeeperServer.java","37045","59332","96377"
"2019-10-10 14:37","ZooKeeperServer.java","31910","54806","86716"
"2019-09-16 23:26","ZooKeeperServer.java","31113","53275","84388"
"2019-12-03 10:01","ZooKeeperServer.java","37570","63316","100886"
"2020-03-25 03:38","ZooKeeperServer.java","39314","71242","110556"
"2019-11-28 12:24","ZooKeeperServer.java","37295","61344","98639"
"2019-11-06 15:21","ZooKeeperServer.java","32046","55158","87204"
"2020-04-12 11:14","ZooKeeperServer.java","39903","72584","112487"
"2019-04-18 19:17","ZooKeeperServer.java","418","2078","2496"
"2019-08-17 17:13","AvgMinMaxPercentileCounter.java","29620","47813","77433"
"2019-08-17 17:13","ZooKeeperCriticalThread.java","232674","254163","486837"
"2019-04-12 19:01","ZooKeeperCriticalThread.java","232636","235932","468568"
"2019-09-11 10:27","ZooKeeperServer.java","26516","27164","53680"
"2019-09-10 04:26","ZooKeeperServer.java","26274","26611","52885"
"2019-08-17 17:13","ZooKeeperServer.java","24898","24190","49088"
"2019-09-05 23:12","ZooKeeperServer.java","26239","26450","52689"
"2019-09-10 15:21","ZooKeeperServer.java","26476","26811","53287"
"2019-11-23 17:08","ZooKeeperServer.java","33091","37084","70175"
"2019-10-09 16:49","ZooKeeperServer.java","27089","29967","57056"
"2019-12-27 22:33","ZooKeeperServer.java","33657","41627","75284"
"2019-11-18 09:05","ZooKeeperServer.java","32884","35320","68204"
"2019-10-10 14:37","ZooKeeperServer.java","27642","30687","58329"
"2019-09-16 23:26","ZooKeeperServer.java","26725","29036","55761"
"2019-12-03 10:01","ZooKeeperServer.java","33464","39359","72823"
"2020-03-25 03:38","ZooKeeperServer.java","35488","47565","83053"
"2019-11-28 12:24","ZooKeeperServer.java","33149","37347","70496"
"2019-11-06 15:21","ZooKeeperServer.java","27782","31043","58825"
"2020-04-12 11:14","ZooKeeperServer.java","36117","48947","85064"
"2019-08-17 17:13","TestByteBufAllocatorTestHelper.java","36458","67761","104219"
"2019-08-17 17:13","NettyServerCnxn.java","26740","38727","65467"
"2019-11-23 17:08","NettyServerCnxn.java","34609","51297","85906"
"2019-07-23 15:55","NettyServerCnxn.java","1409","9404","10813"
"2019-08-03 08:42","NettyServerCnxn.java","3302","15997","19299"
"2019-11-18 09:05","NettyServerCnxn.java","34414","49545","83959"
"2019-11-21 05:58","NettyServerCnxn.java","34424","49578","84002"
"2019-09-16 23:26","NettyServerCnxn.java","28327","43333","71660"
"2019-10-10 14:37","NettyServerCnxn.java","29175","44915","74090"
"2019-10-10 14:37","SaslQuorumAuthServer.java","3717","7470","11187"
"2013-05-11 14:51","FLETest.java","10505","25648","36153"
"2019-10-10 14:37","FLETest.java","177002","260503","437505"
"2013-10-21 23:36","FLETest.java","11273","31936","43209"
"2013-10-02 20:19","FLETest.java","11058","28610","39668"
"2014-06-25 15:04","FLETest.java","17806","46359","64165"
"2016-06-02 00:59","FLETest.java","23490","68431","91921"
"2011-12-23 20:46","FLETest.java","4397","4522","8919"
"2017-09-11 18:55","FLETest.java","28627","77503","106130"
"2012-04-23 01:20","FLETest.java","7554","10821","18375"
"2019-08-17 17:13","FLETest.java","177002","256750","433752"
"2019-10-10 14:37","ClientTest.java","48047","261641","309688"
"2009-09-16 02:09","ClientTest.java","9934","106774","116708"
"2019-12-28 16:17","ClientTest.java","48322","266748","315070"
"2009-10-31 00:09","ClientTest.java","10730","109550","120280"
"2009-11-07 01:48","ClientTest.java","10870","110095","120965"
"2010-01-05 18:32","ClientTest.java","11168","119038","130206"
"2010-03-09 03:09","ClientTest.java","11433","131011","142444"
"2014-07-25 01:31","ClientTest.java","18298","183234","201532"
"2009-05-14 22:15","ClientTest.java","9141","91060","100201"
"2009-01-31 00:01","ClientTest.java","8031","59290","67321"
"2017-01-09 22:49","ClientTest.java","18656","200035","218691"
"2010-09-15 07:51","ClientTest.java","12162","180601","192763"
"2011-04-12 09:14","ClientTest.java","12711","144025","156736"
"2014-07-08 20:18","ClientTest.java","18254","178803","197057"
"2017-05-01 17:19","ClientTest.java","18685","198208","216893"
"2008-08-16 00:02","ClientTest.java","1392","11070","12462"
"2018-11-22 17:56","ClientTest.java","48032","226570","274602"
"2008-09-05 16:39","ClientTest.java","1591","11852","13443"
"2013-01-25 02:17","ClientTest.java","16511","157561","174072"
"2017-06-30 22:43","ClientTest.java","18790","197834","216624"
"2009-06-25 00:59","ClientTest.java","9729","102935","112664"
"2019-03-06 03:32","ClientTest.java","48032","237658","285690"
"2008-12-22 23:23","ClientTest.java","4890","48029","52919"
"2012-12-11 08:42","ClientTest.java","16098","154888","170986"
"2012-10-31 19:38","ClientTest.java","15917","151880","167797"
"2009-04-09 23:02","ClientTest.java","8872","66010","74882"
"2009-06-18 18:37","ClientTest.java","9512","95846","105358"
"2019-08-17 17:13","ClientTest.java","48047","257888","305935"
"2018-10-16 16:22","QuorumPeerConfig.java","195224","233540","428764"
"2018-12-09 03:16","QuorumPeerConfig.java","216052","228629","444681"
"2019-04-12 19:01","QuorumPeerConfig.java","216147","237873","454020"
"2018-09-11 15:23","QuorumPeerConfig.java","112345","132990","245335"
"2018-12-15 07:34","QuorumPeerConfig.java","216052","228544","444596"
"2019-02-13 13:12","QuorumPeerConfig.java","216074","234939","451013"
"2019-08-17 17:13","QuorumPeerConfig.java","216164","256083","472247"
"2017-11-28 00:10","QuorumPeerConfig.java","15413","28317","43730"
"2019-06-05 00:29","QuorumPeerConfig.java","216163","241749","457912"
"2020-01-09 11:27","QuorumPeerConfig.java","217618","265640","483258"
"2019-07-12 17:01","QuorumPeerConfig.java","216164","251396","467560"
"2016-11-13 20:59","QuorumPeerConfig.java","7841","17479","25320"
"2019-05-15 11:56","QuorumPeerConfig.java","216147","240820","456967"
"2018-10-01 06:11","QuorumPeerConfig.java","113144","137623","250767"
"2017-07-28 00:36","QuorumPeerConfig.java","14715","23199","37914"
"2017-07-06 18:48","QuorumPeerConfig.java","13183","22549","35732"
"2020-01-23 13:43","QuorumPeerConfig.java","217618","267464","485082"
"2016-06-23 19:42","QuorumPeerConfig.java","6461","11667","18128"
"2015-09-06 20:02","QuorumPeerConfig.java","2555","6067","8622"
"2015-09-29 03:56","QuorumPeerConfig.java","2602","6295","8897"
"2019-10-10 14:37","QuorumPeerConfig.java","216164","259836","476000"
"2018-07-27 12:32","QuorumPeerConfig.java","35973","53791","89764"
"2019-04-18 19:17","QuorumPeerConfig.java","216147","238583","454730"
"2016-11-03 16:07","QuorumPeerConfig.java","7641","15610","23251"
"2020-02-16 10:25","QuorumPeerConfig.java","217618","268177","485795"
"2020-05-14 18:18","QuorumPeerConfig.java","217646","271430","489076"
"2017-05-11 16:59","QuorumPeerConfig.java","12846","21345","34191"
"2014-11-29 16:53","RandomAccessFileReader.java","20862","70144","91006"
"2019-08-17 17:13","ClientRetryTest.java","167976","257015","424991"
"2015-05-10 23:29","ClientRetryTest.java","35591","98398","133989"
"2019-08-17 17:13","QuorumServerTest.java","219763","255921","475684"
"2019-05-16 16:25","QuorumServerTest.java","219745","240702","460447"
"2020-02-16 10:25","QuorumServerTest.java","221314","268112","489426"
"2019-07-31 19:06","ZooKeeperServer.java","6910","21463","28373"
"2019-09-11 10:27","ZooKeeperServer.java","31069","47671","78740"
"2019-07-08 23:26","ZooKeeperServer.java","4105","8127","12232"
"2019-06-04 10:55","ZooKeeperServer.java","554","1284","1838"
"2019-08-03 08:42","ZooKeeperServer.java","7260","23214","30474"
"2019-05-22 11:39","ZooKeeperServer.java","104","550","654"
"2019-09-10 04:26","ZooKeeperServer.java","31027","47318","78345"
"2019-08-17 17:13","ZooKeeperServer.java","29711","44957","74668"
"2019-09-05 23:12","ZooKeeperServer.java","30992","47157","78149"
"2019-09-10 15:21","ZooKeeperServer.java","31037","47326","78363"
"2019-08-01 07:31","ZooKeeperServer.java","6991","22908","29899"
"2019-08-01 07:28","ZooKeeperServer.java","6917","22344","29261"
"2019-06-03 19:40","ZooKeeperServer.java","330","907","1237"
"2019-11-23 17:08","ZooKeeperServer.java","37518","57465","94983"
"2019-10-09 16:49","ZooKeeperServer.java","31623","50455","82078"
"2019-07-03 00:44","ZooKeeperServer.java","4019","7278","11297"
"2019-07-24 18:00","ZooKeeperServer.java","5429","17130","22559"
"2019-12-27 22:33","ZooKeeperServer.java","38002","61926","99928"
"2019-11-18 09:05","ZooKeeperServer.java","37323","55713","93036"
"2019-10-10 14:37","ZooKeeperServer.java","32094","51093","83187"
"2019-09-16 23:26","ZooKeeperServer.java","31271","49536","80807"
"2019-12-03 10:01","ZooKeeperServer.java","37848","59697","97545"
"2020-03-25 03:38","ZooKeeperServer.java","39633","67664","107297"
"2019-11-28 12:24","ZooKeeperServer.java","37574","57726","95300"
"2019-11-06 15:21","ZooKeeperServer.java","32233","51448","83681"
"2020-04-12 11:14","ZooKeeperServer.java","40227","69011","109238"
"2019-08-17 17:13","QuorumAuthServer.java","228064","255079","483143"
"2011-04-12 09:14","FilterParser.java","15099","14937","30036"
"2019-11-08 17:30","ZooKeeper.java","29507","47271","76778"
"2019-08-17 17:13","ZooKeeper.java","26898","39048","65946"
"2019-08-03 08:42","ZooKeeper.java","3494","16352","19846"
"2020-04-16 12:50","ZooKeeper.java","37593","63317","100910"
"2019-10-10 14:37","ZooKeeper.java","29333","45236","74569"
"2020-05-17 15:13","ZooKeeper.java","40880","66975","107855"
"2019-06-20 20:25","JRecord.java","224313","242504","466817"
"2019-07-29 17:15","JRecord.java","224314","252786","477100"
"2020-04-07 17:00","JRecord.java","226037","270297","496334"
"2019-11-08 17:30","ZooKeeper.java","32098","52381","84479"
"2019-08-17 17:13","ZooKeeper.java","29523","44192","73715"
"2019-06-26 10:57","ZooKeeper.java","3509","6028","9537"
"2019-08-03 08:42","ZooKeeper.java","6944","22321","29265"
"2020-04-16 12:50","ZooKeeper.java","40127","68370","108497"
"2019-10-10 14:37","ZooKeeper.java","31925","50347","82272"
"2020-05-17 15:13","ZooKeeper.java","43411","72025","115436"
"2019-11-29 14:49","QuorumCnxManager.java","37832","59517","97349"
"2019-06-14 09:06","QuorumCnxManager.java","1131","4257","5388"
"2019-08-03 08:42","QuorumCnxManager.java","7175","23011","30186"
"2019-11-13 20:41","QuorumCnxManager.java","32344","55191","87535"
"2019-08-06 12:52","QuorumCnxManager.java","7198","23299","30497"
"2019-07-27 20:04","QuorumCnxManager.java","5919","17578","23497"
"2020-03-12 14:47","QuorumCnxManager.java","39540","66611","106151"
"2019-08-17 17:13","QuorumCnxManager.java","29687","44815","74502"
"2019-10-10 14:37","QuorumCnxManager.java","32070","50951","83021"
"2020-01-23 13:43","QuorumCnxManager.java","39319","64374","103693"
"2019-11-28 12:24","QuorumCnxManager.java","37552","57586","95138"
"2020-03-23 16:20","QuorumCnxManager.java","39599","66841","106440"
"2020-02-16 10:25","QuorumCnxManager.java","39451","65219","104670"
"2017-07-28 00:36","JRecord.java","6973","5258","12231"
"2019-06-20 20:25","JRecord.java","225555","242594","468149"
"2019-07-29 17:15","JRecord.java","225556","252876","478432"
"2017-09-11 18:55","JRecord.java","7236","6084","13320"
"2020-04-07 17:00","JRecord.java","227220","270328","497548"
"2014-02-12 17:00","FileTxnLog.java","8511","33166","41677"
"2013-12-11 01:10","FileTxnLog.java","8303","30073","38376"
"2018-01-19 00:43","FileTxnLog.java","26498","79954","106452"
"2019-12-27 22:33","FileTxnLog.java","177649","266642","444291"
"2019-10-10 14:37","FileTxnLog.java","176344","260412","436756"
"2018-11-12 22:36","FileTxnLog.java","176266","224673","400939"
"2018-08-01 21:19","FileTxnLog.java","44810","103221","148031"
"2018-04-27 20:28","FileTxnLog.java","26706","82012","108718"
"2018-06-08 16:52","FileTxnLog.java","26779","83532","110311"
"2014-06-30 19:11","FileTxnLog.java","15012","44726","59738"
"2020-01-28 17:26","FileTxnLog.java","177649","268362","446011"
"2019-05-14 17:11","FileTxnLog.java","176344","241326","417670"
"2019-01-07 14:24","FileTxnLog.java","176267","231412","407679"
"2013-06-28 23:22","FileTxnLog.java","7742","25276","33018"
"2019-04-12 19:01","FileTxnLog.java","176344","238466","414810"
"2017-04-28 07:14","FileTxnLog.java","24124","73849","97973"
"2012-02-06 09:40","FileTxnLog.java","1191","2699","3890"
"2018-09-06 01:11","FileTxnLog.java","108990","169032","278022"
"2018-09-18 01:00","FileTxnLog.java","109055","171351","280406"
"2016-03-20 19:31","FileTxnLog.java","19325","64108","83433"
"2019-08-17 17:13","FileTxnLog.java","176344","256659","433003"
"2019-06-03 19:40","FileTxnLog.java","176344","241990","418334"
"2018-04-24 00:20","FileTxnLog.java","26602","81821","108423"
"2018-02-14 21:23","FileTxnLog.java","26559","80894","107453"
"2019-08-03 08:42","FileTxnLog.java","176344","257367","433711"
"2019-04-09 15:35","FileTxnLog.java","176287","237459","413746"
"2017-08-03 20:41","FileTxnLog.java","25753","74662","100415"
"2018-02-02 00:26","FileTxnLog.java","26500","79963","106463"
"2017-06-26 00:07","FileTxnLog.java","25215","74478","99693"
"2011-04-12 09:14","QuorumVerifier.java","17973","83159","101132"
"2013-03-07 07:01","QuorumVerifier.java","22438","110655","133093"
"2012-04-23 01:20","QuorumVerifier.java","21510","97889","119399"
"2009-08-04 00:28","QuorumVerifier.java","4875","33461","38336"
"2019-08-17 17:13","QuorumVerifier.java","113845","257558","371403"
"2019-08-17 17:13","Counter.java","192100","212928","405028"
"2019-04-12 19:01","Counter.java","192051","194686","386737"
"2019-08-17 17:13","Follower.java","25828","30409","56237"
"2019-08-06 17:11","Follower.java","2354","8036","10390"
"2019-08-23 19:43","Follower.java","25830","31077","56907"
"2019-12-27 22:33","Follower.java","34226","47485","81711"
"2019-10-10 14:37","Follower.java","28279","36613","64892"
"2019-11-11 13:59","DigestAuthenticationProvider.java","3935","11345","15280"
"2019-08-17 17:13","NIOServerCnxnTest.java","26740","38727","65467"
"2015-02-06 06:17","PrepRequestProcessor.java","342","2281","2623"
"2019-02-07 11:26","PrepRequestProcessor.java","212917","234329","447246"
"2019-09-11 10:27","PrepRequestProcessor.java","213025","257461","470486"
"2018-07-19 05:59","PrepRequestProcessor.java","36182","56657","92839"
"2017-09-11 18:55","PrepRequestProcessor.java","15347","27555","42902"
"2019-01-16 14:21","PrepRequestProcessor.java","212916","231976","444892"
"2017-06-01 05:45","PrepRequestProcessor.java","13247","24991","38238"
"2019-11-08 17:30","PrepRequestProcessor.java","213054","261748","474802"
"2016-11-13 20:59","PrepRequestProcessor.java","8288","21087","29375"
"2019-04-09 15:35","PrepRequestProcessor.java","212937","236874","449811"
"2019-04-17 14:16","PrepRequestProcessor.java","213009","238161","451170"
"2019-05-10 12:22","PrepRequestProcessor.java","213009","240596","453605"
"2017-06-26 00:16","PrepRequestProcessor.java","13549","25571","39120"
"2019-02-07 11:22","PrepRequestProcessor.java","212917","233991","446908"
"2016-11-16 06:21","PrepRequestProcessor.java","8325","21671","29996"
"2019-08-01 07:31","PrepRequestProcessor.java","213025","256776","469801"
"2019-06-26 10:57","PrepRequestProcessor.java","213025","243955","456980"
"2015-05-29 19:45","PrepRequestProcessor.java","1704","6434","8138"
"2016-10-07 21:51","PrepRequestProcessor.java","8077","18623","26700"
"2015-06-04 19:51","PrepRequestProcessor.java","1848","7343","9191"
"2019-08-17 17:13","PrepRequestProcessor.java","213025","256105","469130"
"2018-08-08 06:21","PrepRequestProcessor.java","83640","105595","189235"
"2018-05-09 23:57","PrepRequestProcessor.java","16496","35265","51761"
"2015-06-11 20:09","PrepRequestProcessor.java","1880","7501","9381"
"2019-12-27 22:33","PrepRequestProcessor.java","214472","266230","480702"
"2019-10-10 14:37","PrepRequestProcessor.java","213025","259858","472883"
"2020-03-25 03:38","PrepRequestProcessor.java","214473","270338","484811"
"2015-03-08 23:07","PrepRequestProcessor.java","447","2560","3007"
"2018-06-15 07:41","PrepRequestProcessor.java","16708","36229","52937"
"2019-09-11 10:27","PrepRequestProcessor.java","31042","47891","78933"
"2019-11-08 17:30","PrepRequestProcessor.java","32239","53346","85585"
"2019-08-01 07:31","PrepRequestProcessor.java","7006","23170","30176"
"2019-06-26 10:57","PrepRequestProcessor.java","3867","7210","11077"
"2019-08-17 17:13","PrepRequestProcessor.java","29684","45177","74861"
"2019-12-27 22:33","PrepRequestProcessor.java","37975","62146","100121"
"2019-10-10 14:37","PrepRequestProcessor.java","32067","51313","83380"
"2020-03-25 03:38","PrepRequestProcessor.java","39606","67884","107490"
"2011-07-01 00:53","PrepRequestProcessor.java","18273","98369","116642"
"2015-02-06 06:17","PrepRequestProcessor.java","24108","146030","170138"
"2012-02-06 10:39","PrepRequestProcessor.java","20883","105146","126029"
"2013-03-07 07:01","PrepRequestProcessor.java","22006","120426","142432"
"2019-02-07 11:26","PrepRequestProcessor.java","103678","235988","339666"
"2019-09-11 10:27","PrepRequestProcessor.java","103705","259039","362744"
"2018-07-19 05:59","PrepRequestProcessor.java","34006","174464","208470"
"2017-09-11 18:55","PrepRequestProcessor.java","27151","159342","186493"
"2019-01-16 14:21","PrepRequestProcessor.java","103678","233636","337314"
"2017-06-01 05:45","PrepRequestProcessor.java","27034","158761","185795"
"2012-04-14 02:32","PrepRequestProcessor.java","21056","106883","127939"
"2019-11-08 17:30","PrepRequestProcessor.java","103705","263297","367002"
"2016-11-13 20:59","PrepRequestProcessor.java","26063","158845","184908"
"2019-04-09 15:35","PrepRequestProcessor.java","103684","238519","342203"
"2019-04-17 14:16","PrepRequestProcessor.java","103706","239756","343462"
"2014-10-28 05:35","PrepRequestProcessor.java","24048","144031","168079"
"2019-05-10 12:22","PrepRequestProcessor.java","103706","242191","345897"
"2017-06-26 00:16","PrepRequestProcessor.java","27047","159052","186099"
"2019-02-07 11:22","PrepRequestProcessor.java","103678","235650","339328"
"2016-11-16 06:21","PrepRequestProcessor.java","26073","159402","185475"
"2019-08-01 07:31","PrepRequestProcessor.java","103705","258354","362059"
"2019-06-26 10:57","PrepRequestProcessor.java","103705","245533","349238"
"2009-11-12 23:48","PrepRequestProcessor.java","8417","56984","65401"
"2014-01-24 07:18","PrepRequestProcessor.java","22243","129396","151639"
"2009-06-15 22:52","PrepRequestProcessor.java","3856","33256","37112"
"2015-05-29 19:45","PrepRequestProcessor.java","24134","148847","172981"
"2016-10-07 21:51","PrepRequestProcessor.java","26052","156581","182633"
"2015-06-04 19:51","PrepRequestProcessor.java","24184","149662","173846"
"2009-06-26 22:29","PrepRequestProcessor.java","5743","43777","49520"
"2019-08-17 17:13","PrepRequestProcessor.java","103705","257683","361388"
"2009-06-18 18:37","PrepRequestProcessor.java","4172","34643","38815"
"2018-08-08 06:21","PrepRequestProcessor.java","43137","185075","228212"
"2018-05-09 23:57","PrepRequestProcessor.java","27295","166047","193342"
"2015-06-11 20:09","PrepRequestProcessor.java","24186","149790","173976"
"2019-12-27 22:33","PrepRequestProcessor.java","104163","266819","370982"
"2009-12-18 03:19","PrepRequestProcessor.java","9218","61050","70268"
"2009-12-11 21:24","PrepRequestProcessor.java","8585","59964","68549"
"2009-11-07 01:48","PrepRequestProcessor.java","8036","51398","59434"
"2014-04-01 01:47","PrepRequestProcessor.java","22476","130892","153368"
"2019-10-10 14:37","PrepRequestProcessor.java","103705","261436","365141"
"2020-03-25 03:38","PrepRequestProcessor.java","104163","270926","375089"
"2010-01-25 04:28","PrepRequestProcessor.java","9475","64348","73823"
"2011-08-15 02:35","PrepRequestProcessor.java","16164","97224","113388"
"2014-07-25 01:31","PrepRequestProcessor.java","23996","141903","165899"
"2013-10-09 22:21","PrepRequestProcessor.java","22195","125810","148005"
"2010-08-18 08:24","PrepRequestProcessor.java","14144","98550","112694"
"2011-09-17 02:36","PrepRequestProcessor.java","18840","102127","120967"
"2014-04-29 02:23","PrepRequestProcessor.java","23615","134033","157648"
"2015-03-08 23:07","PrepRequestProcessor.java","24125","146221","170346"
"2014-07-22 06:51","PrepRequestProcessor.java","23954","141672","165626"
"2012-03-15 17:47","PrepRequestProcessor.java","20903","106379","127282"
"2011-04-12 09:14","PrepRequestProcessor.java","17738","93189","110927"
"2011-11-01 15:41","PrepRequestProcessor.java","20506","102585","123091"
"2011-10-28 00:58","PrepRequestProcessor.java","20457","102374","122831"
"2011-10-20 20:02","PrepRequestProcessor.java","20354","102052","122406"
"2011-10-17 16:59","PrepRequestProcessor.java","18880","101986","120866"
"2018-06-15 07:41","PrepRequestProcessor.java","27312","166816","194128"
"2012-12-19 19:16","PrepRequestProcessor.java","21695","115559","137254"
"2011-11-14 20:18","PrepRequestProcessor.java","20499","103213","123712"
"2019-07-31 19:06","FileSnap.java","6809","20796","27605"
"2020-01-30 09:43","FileSnap.java","39460","64614","104074"
"2019-08-17 17:13","FileSnap.java","29722","44402","74124"
"2019-12-03 19:12","FileSnap.java","37869","59164","97033"
"2019-12-27 22:33","FileSnap.java","38017","61375","99392"
"2019-10-10 14:37","FileSnap.java","32107","50540","82647"
"2020-01-28 17:26","FileSnap.java","39436","64514","103950"
"2019-09-02 08:23","EmptiedSnapshotRecoveryTest.java","226541","255933","482474"
"2019-12-13 08:51","EmptiedSnapshotRecoveryTest.java","228145","263595","491740"
"2019-10-10 14:37","EmptiedSnapshotRecoveryTest.java","226541","259029","485570"
"2019-08-17 17:13","EmptiedSnapshotRecoveryTest.java","226541","255276","481817"
"2017-01-07 01:09","Zab1_0Test.java","6198","12964","19162"
"2019-12-17 13:48","Zab1_0Test.java","221966","264596","486562"
"2019-12-27 22:33","Zab1_0Test.java","221967","266146","488113"
"2019-10-10 14:37","Zab1_0Test.java","220415","259669","480084"
"2019-08-17 17:13","Zab1_0Test.java","220415","255916","476331"
"2019-06-03 19:40","Zab1_0Test.java","220414","241246","461660"
"2018-05-10 06:00","Zab1_0Test.java","14141","25616","39757"
"2017-11-28 00:10","Zab1_0Test.java","13248","21734","34982"
"2017-08-18 06:32","Zab1_0Test.java","12612","17063","29675"
"2017-02-12 00:12","Zab1_0Test.java","9607","13619","23226"
"2019-12-27 22:33","Zab1_0Test.java","188","1737","1925"
"2019-09-18 11:20","SessionTimeoutTest.java","2292","5204","7496"
"2019-08-17 17:13","OSMXBean.java","184336","256464","440800"
"2013-10-05 00:57","OSMXBean.java","3591","13611","17202"
"2015-10-18 19:00","QuorumPeer.java","1268","2340","3608"
"2018-12-20 15:13","QuorumPeer.java","218625","229425","448050"
"2019-05-16 16:25","QuorumPeer.java","218719","240748","459467"
"2018-10-16 16:22","QuorumPeer.java","197802","233429","431231"
"2019-06-14 09:06","QuorumPeer.java","218736","243964","462700"
"2018-12-07 12:41","QuorumPeer.java","218624","226438","445062"
"2019-03-11 19:47","QuorumPeer.java","218645","235873","454518"
"2019-02-13 13:12","QuorumPeer.java","218646","234822","453468"
"2019-04-12 19:01","QuorumPeer.java","218719","237756","456475"
"2018-12-09 03:16","QuorumPeer.java","218624","228512","447136"
"2018-09-11 15:23","QuorumPeer.java","111651","129607","241258"
"2019-11-29 14:49","QuorumPeer.java","220281","264068","484349"
"2018-12-15 07:34","QuorumPeer.java","218624","228427","447051"
"2018-11-27 10:02","QuorumPeer.java","218624","226188","444812"
"2018-09-18 01:00","QuorumPeer.java","111776","130987","242763"
"2019-06-03 19:40","QuorumPeer.java","218736","241297","460033"
"2019-07-15 14:15","QuorumPeer.java","218737","251386","470123"
"2019-07-03 00:44","QuorumPeer.java","218736","243979","462715"
"2019-08-17 17:13","QuorumPeer.java","218737","255967","474704"
"2017-11-28 00:10","QuorumPeer.java","14387","24602","38989"
"2018-01-30 08:02","QuorumPeer.java","14797","25165","39962"
"2019-05-15 11:56","QuorumPeer.java","218719","240703","459422"
"2019-06-05 00:33","QuorumPeer.java","218736","241687","460423"
"2019-05-20 23:13","QuorumPeer.java","218719","240821","459540"
"2019-06-04 10:55","QuorumPeer.java","218736","241450","460186"
"2019-07-12 17:01","QuorumPeer.java","218737","251280","470017"
"2020-01-09 11:27","QuorumPeer.java","220283","265616","485899"
"2017-02-09 11:40","QuorumPeer.java","7791","16782","24573"
"2017-07-06 18:48","QuorumPeer.java","12128","18805","30933"
"2018-10-01 06:11","QuorumPeer.java","112452","134242","246694"
"2018-07-04 17:11","QuorumPeer.java","24517","38446","62963"
"2019-12-17 13:48","QuorumPeer.java","220281","264640","484921"
"2015-12-07 05:59","QuorumPeer.java","1570","3400","4970"
"2020-01-23 13:43","QuorumPeer.java","220283","267440","487723"
"2016-06-23 23:45","QuorumPeer.java","5237","8137","13374"
"2016-06-23 23:25","QuorumPeer.java","5202","7994","13196"
"2018-12-06 10:56","QuorumPeer.java","218624","226382","445006"
"2019-10-10 14:37","QuorumPeer.java","218737","259720","478457"
"2017-07-27 23:09","QuorumPeer.java","13647","19338","32985"
"2018-06-26 11:18","QuorumPeer.java","15342","29253","44595"
"2018-07-27 12:32","QuorumPeer.java","35053","50182","85235"
"2019-04-18 19:17","QuorumPeer.java","218719","238466","457185"
"2016-12-20 14:47","QuorumPeer.java","7481","15337","22818"
"2017-05-11 16:59","QuorumPeer.java","11789","17599","29388"
"2016-06-02 00:59","QuorumPeer.java","5143","7566","12709"
"2020-02-16 10:25","QuorumPeer.java","220283","268153","488436"
"2019-08-17 17:13","IPAuthenticationProvider.java","187413","256985","444398"
"2014-04-25 23:40","IPAuthenticationProvider.java","33050","61944","94994"
"2019-06-03 19:40","DigestAuthenticationProvider.java","131919","242831","374750"
"2019-08-17 17:13","DigestAuthenticationProvider.java","131919","257500","389419"
"2010-01-25 04:28","DigestAuthenticationProvider.java","8004","34480","42484"
"2019-11-11 13:59","DigestAuthenticationProvider.java","131919","264910","396829"
"2010-08-18 08:24","DigestAuthenticationProvider.java","18274","74283","92557"
"2020-01-25 18:48","ReconfigDuringLeaderSyncTest.java","11783","21900","33683"
"2019-05-06 17:48","LearnerHandlerTest.java","224295","239480","463775"
"2017-11-28 00:10","LearnerHandlerTest.java","591","4448","5039"
"2019-08-17 17:13","LearnerHandlerTest.java","224314","255186","479500"
"2018-12-09 03:16","LearnerHandlerTest.java","224173","227703","451876"
"2019-05-20 17:18","LearnerHandlerTest.java","224296","239959","464255"
"2019-07-03 20:54","LearnerHandlerTest.java","224313","243179","467492"
"2019-12-27 22:33","Follower.java","10015","18027","28042"
"2019-10-10 14:37","Follower.java","3726","6813","10539"
"2019-01-23 14:00","NettyServerCnxn.java","217043","232700","449743"
"2019-02-18 17:05","NettyServerCnxn.java","217061","235250","452311"
"2019-02-12 15:25","NettyServerCnxn.java","217044","234799","451843"
"2017-08-09 20:31","NettyServerCnxn.java","14791","22439","37230"
"2017-04-10 19:19","NettyServerCnxn.java","11923","20116","32039"
"2018-09-07 02:34","NettyServerCnxn.java","112415","131081","243496"
"2019-04-12 19:01","NettyServerCnxn.java","217136","237873","455009"
"2018-11-22 17:56","NettyServerCnxn.java","217041","224668","441709"
"2018-10-24 04:03","NettyServerCnxn.java","196213","233441","429654"
"2018-11-17 18:33","NettyServerCnxn.java","217040","224045","441085"
"2019-01-14 19:38","NettyServerCnxn.java","217042","231264","448306"
"2017-03-04 19:22","NettyServerCnxn.java","11875","19782","31657"
"2018-09-18 01:00","NettyServerCnxn.java","112544","133455","245999"
"2019-08-17 17:13","NettyServerCnxn.java","217153","256083","473236"
"2019-07-03 00:44","NettyServerCnxn.java","217152","244095","461247"
"2019-11-23 17:08","NettyServerCnxn.java","218605","262236","480841"
"2015-06-28 21:09","NettyServerCnxn.java","2289","3989","6278"
"2019-07-23 15:55","NettyServerCnxn.java","217153","252091","469244"
"2019-05-06 18:32","NettyServerCnxn.java","217136","240420","457556"
"2019-04-22 19:15","NettyServerCnxn.java","217136","238848","455984"
"2019-08-03 08:42","NettyServerCnxn.java","217153","256791","473944"
"2016-12-21 23:32","NettyServerCnxn.java","8671","18505","27176"
"2019-11-18 09:05","NettyServerCnxn.java","218605","260679","479284"
"2015-11-08 22:36","NettyServerCnxn.java","2652","5660","8312"
"2019-11-21 05:58","NettyServerCnxn.java","218605","260702","479307"
"2019-09-16 23:26","NettyServerCnxn.java","217153","259102","476255"
"2019-10-10 14:37","NettyServerCnxn.java","217153","259836","476989"
"2018-09-28 23:38","NettyServerCnxn.java","113218","136703","249921"
"2019-08-17 17:13","KeeperException.java","203524","256155","459679"
"2019-07-24 18:00","KeeperException.java","203524","252610","456134"
"2016-11-13 20:59","KeeperException.java","10276","32626","42902"
"2017-07-28 00:36","KeeperException.java","16271","37467","53738"
"2020-03-25 03:38","KeeperException.java","204963","270379","475342"
"2018-07-27 05:16","KeeperException.java","36326","66664","102990"
"2017-09-11 18:55","Environment.java","16390","37686","54076"
"2019-08-17 17:13","Environment.java","203986","256154","460140"
"2019-07-31 19:06","ZooKeeperServer.java","6815","20922","27737"
"2019-09-11 10:27","ZooKeeperServer.java","31078","47234","78312"
"2019-07-08 23:26","ZooKeeperServer.java","4010","7586","11596"
"2019-06-04 10:55","ZooKeeperServer.java","459","743","1202"
"2019-08-03 08:42","ZooKeeperServer.java","7165","22673","29838"
"2019-09-10 04:26","ZooKeeperServer.java","31036","46881","77917"
"2019-08-17 17:13","ZooKeeperServer.java","29720","44520","74240"
"2019-09-05 23:12","ZooKeeperServer.java","31001","46720","77721"
"2019-09-10 15:21","ZooKeeperServer.java","31046","46889","77935"
"2019-08-01 07:31","ZooKeeperServer.java","6896","22367","29263"
"2019-08-01 07:28","ZooKeeperServer.java","6822","21803","28625"
"2019-06-03 19:40","ZooKeeperServer.java","233","364","597"
"2019-11-23 17:08","ZooKeeperServer.java","37531","57032","94563"
"2019-10-09 16:49","ZooKeeperServer.java","31632","50018","81650"
"2019-07-03 00:44","ZooKeeperServer.java","3924","6737","10661"
"2019-07-24 18:00","ZooKeeperServer.java","5334","16589","21923"
"2019-12-27 22:33","ZooKeeperServer.java","38015","61493","99508"
"2019-11-18 09:05","ZooKeeperServer.java","37336","55280","92616"
"2019-10-10 14:37","ZooKeeperServer.java","32105","50658","82763"
"2019-09-16 23:26","ZooKeeperServer.java","31280","49099","80379"
"2019-12-03 10:01","ZooKeeperServer.java","37861","59264","97125"
"2020-03-25 03:38","ZooKeeperServer.java","39646","67231","106877"
"2019-11-28 12:24","ZooKeeperServer.java","37587","57293","94880"
"2019-11-06 15:21","ZooKeeperServer.java","32244","51013","83257"
"2020-04-12 11:14","ZooKeeperServer.java","40241","68579","108820"
"2019-08-17 17:13","QuorumHammerTest.java","154189","257187","411376"
"2011-07-29 10:14","QuorumHammerTest.java","20574","52909","73483"
"2011-04-12 09:14","QuorumHammerTest.java","21670","46141","67811"
"2010-03-31 06:26","QuorumHammerTest.java","12524","26483","39007"
"2019-10-10 14:37","JMXEnv.java","129610","261285","390895"
"2019-12-27 22:33","JMXEnv.java","130217","266817","397034"
"2014-01-25 01:17","JMXEnv.java","26253","107523","133776"
"2015-11-03 08:11","JMXEnv.java","28339","129288","157627"
"2013-11-19 02:03","JMXEnv.java","26198","104661","130859"
"2014-01-16 23:59","JMXEnv.java","26244","105778","132022"
"2011-07-19 23:38","JMXEnv.java","19724","74188","93912"
"2011-09-01 19:15","JMXEnv.java","19803","78484","98287"
"2011-04-12 09:14","JMXEnv.java","21284","70679","91963"
"2019-01-14 19:38","JMXEnv.java","129566","232780","362346"
"2014-06-04 22:07","JMXEnv.java","27776","113153","140929"
"2019-08-17 17:13","JMXEnv.java","129610","257532","387142"
"2019-06-03 19:40","JMXEnv.java","129610","242863","372473"
"2019-08-17 17:13","Leader.java","29879","54988","84867"
"2019-06-29 00:33","Leader.java","5509","18605","24114"
"2019-06-03 19:40","Leader.java","2066","12506","14572"
"2019-07-15 14:15","Leader.java","6630","27158","33788"
"2019-07-25 21:41","Leader.java","7548","29140","36688"
"2019-06-05 00:33","Leader.java","2268","13098","15366"
"2019-08-03 08:42","Leader.java","8757","34574","43331"
"2019-06-05 23:57","Leader.java","2270","13369","15639"
"2019-04-12 19:01","Leader.java","1367","8283","9650"
"2019-11-29 14:49","Leader.java","37382","69048","106430"
"2020-03-25 03:38","Leader.java","38887","76781","115668"
"2019-12-27 22:33","Leader.java","37488","71275","108763"
"2019-10-10 14:37","Leader.java","31876","60738","92614"
"2019-10-10 14:37","QuorumPeerMain.java","178752","260518","439270"
"2020-01-23 13:43","QuorumPeerMain.java","179958","267898","447856"
"2019-11-28 12:24","QuorumPeerMain.java","179958","262877","442835"
"2012-03-06 09:20","QuorumPeerMain.java","8182","7810","15992"
"2013-10-09 22:21","QuorumPeerMain.java","14270","32835","47105"
"2020-02-16 10:25","QuorumPeerMain.java","179958","268611","448569"
"2019-04-18 19:17","QuorumPeerMain.java","178753","239283","418036"
"2019-11-11 13:59","QuorumPeerMain.java","178780","264203","442983"
"2019-04-12 19:01","QuorumPeerMain.java","178753","238573","417326"
"2018-09-11 15:23","QuorumPeerMain.java","114270","173009","287279"
"2017-02-13 22:09","QuorumPeerMain.java","29482","76006","105488"
"2014-07-18 02:19","QuorumPeerMain.java","21511","53632","75143"
"2018-08-06 14:11","QuorumPeerMain.java","50199","106723","156922"
"2012-04-23 01:20","QuorumPeerMain.java","10635","12167","22802"
"2017-07-28 00:36","QuorumPeerMain.java","31242","77820","109062"
"2019-08-17 17:13","QuorumPeerMain.java","178752","256765","435517"
"2015-03-17 18:06","QuorumPeerMain.java","22071","60165","82236"
"2017-11-28 00:10","QuorumPeerMain.java","31742","82740","114482"
"2019-08-17 17:13","SyncCommand.java","29719","44490","74209"
"2019-12-28 16:17","SyncCommand.java","38166","61522","99688"
"2019-08-17 17:13","WatchLeakTest.java","29685","44894","74579"
"2019-11-21 05:58","WatchLeakTest.java","37309","55685","92994"
"2018-07-10 12:46","QuorumTest.java","78060","106989","185049"
"2019-08-17 17:13","QuorumTest.java","217495","256985","474480"
"2012-12-13 08:14","QuorumTest.java","54551","35591","90142"
"2011-06-22 00:19","QuorumTest.java","44486","7518","52004"
"2011-07-15 06:50","QuorumTest.java","44537","11885","56422"
"2013-10-09 22:21","QuorumTest.java","56158","48888","105046"
"2011-09-17 02:13","QuorumTest.java","47729","20159","67888"
"2011-04-12 09:14","QuorumTest.java","43436","4399","47835"
"2019-10-10 14:37","QuorumTest.java","217495","260738","478233"
"2019-09-18 11:20","QuorumTest.java","217495","259897","477392"
"2019-12-28 16:17","QuorumTest.java","218568","266643","485211"
"2015-11-03 08:11","QuorumTest.java","64773","80831","145604"
"2011-07-29 10:14","QuorumTest.java","44641","14521","59162"
"2019-08-17 17:13","SessionTrackerCheckTest.java","191803","212928","404731"
"2019-01-23 14:00","NettyServerCnxn.java","218626","232583","451209"
"2019-02-18 17:05","NettyServerCnxn.java","218644","235133","453777"
"2019-02-12 15:25","NettyServerCnxn.java","218627","234682","453309"
"2017-08-09 20:31","NettyServerCnxn.java","12779","18727","31506"
"2017-04-10 19:19","NettyServerCnxn.java","9902","16395","26297"
"2018-09-07 02:34","NettyServerCnxn.java","110691","127657","238348"
"2019-04-12 19:01","NettyServerCnxn.java","218719","237756","456475"
"2018-11-22 17:56","NettyServerCnxn.java","218624","224551","443175"
"2018-10-24 04:03","NettyServerCnxn.java","197796","233324","431120"
"2018-11-17 18:33","NettyServerCnxn.java","218623","223928","442551"
"2019-01-14 19:38","NettyServerCnxn.java","218625","231147","449772"
"2017-03-04 19:22","NettyServerCnxn.java","9853","16060","25913"
"2018-09-18 01:00","NettyServerCnxn.java","110822","130033","240855"
"2019-08-17 17:13","NettyServerCnxn.java","218737","255967","474704"
"2019-07-03 00:44","NettyServerCnxn.java","218736","243979","462715"
"2019-11-23 17:08","NettyServerCnxn.java","220281","262212","482493"
"2019-07-23 15:55","NettyServerCnxn.java","218737","251975","470712"
"2019-05-06 18:32","NettyServerCnxn.java","218719","240303","459022"
"2019-04-22 19:15","NettyServerCnxn.java","218719","238731","457450"
"2019-08-03 08:42","NettyServerCnxn.java","218737","256675","475412"
"2016-12-21 23:32","NettyServerCnxn.java","6520","14654","21174"
"2019-11-18 09:05","NettyServerCnxn.java","220281","260655","480936"
"2015-11-08 22:36","NettyServerCnxn.java","371","1679","2050"
"2019-11-21 05:58","NettyServerCnxn.java","220281","260678","480959"
"2019-09-16 23:26","NettyServerCnxn.java","218737","258986","477723"
"2019-10-10 14:37","NettyServerCnxn.java","218737","259720","478457"
"2018-09-28 23:38","NettyServerCnxn.java","111498","133283","244781"
"2019-08-17 17:13","ZKParameterized.java","29523","44192","73715"
"2019-07-31 19:06","ZooKeeperServer.java","7235","23760","30995"
"2019-09-11 10:27","ZooKeeperServer.java","31050","49624","80674"
"2019-07-08 23:26","ZooKeeperServer.java","4485","10479","14964"
"2019-05-14 17:11","ZooKeeperServer.java","398","2283","2681"
"2019-06-04 10:55","ZooKeeperServer.java","940","3642","4582"
"2019-08-03 08:42","ZooKeeperServer.java","7585","25511","33096"
"2019-05-15 11:56","ZooKeeperServer.java","473","2445","2918"
"2019-05-22 11:39","ZooKeeperServer.java","564","2982","3546"
"2019-09-10 04:26","ZooKeeperServer.java","31008","49271","80279"
"2019-08-17 17:13","ZooKeeperServer.java","29757","46975","76732"
"2019-09-05 23:12","ZooKeeperServer.java","30973","49110","80083"
"2019-09-10 15:21","ZooKeeperServer.java","31018","49279","80297"
"2019-08-01 07:31","ZooKeeperServer.java","7316","25205","32521"
"2019-08-01 07:28","ZooKeeperServer.java","7242","24641","31883"
"2019-06-03 19:40","ZooKeeperServer.java","771","3320","4091"
"2019-11-23 17:08","ZooKeeperServer.java","37295","59214","96509"
"2019-10-09 16:49","ZooKeeperServer.java","31402","52206","83608"
"2019-07-03 00:44","ZooKeeperServer.java","4399","9630","14029"
"2019-07-24 18:00","ZooKeeperServer.java","5809","19482","25291"
"2019-12-27 22:33","ZooKeeperServer.java","37778","63674","101452"
"2019-11-18 09:05","ZooKeeperServer.java","37100","57462","94562"
"2019-10-10 14:37","ZooKeeperServer.java","31872","52843","84715"
"2019-09-16 23:26","ZooKeeperServer.java","31050","51287","82337"
"2019-12-03 10:01","ZooKeeperServer.java","37625","61446","99071"
"2020-03-25 03:38","ZooKeeperServer.java","39386","69389","108775"
"2019-11-28 12:24","ZooKeeperServer.java","37351","59475","96826"
"2019-11-06 15:21","ZooKeeperServer.java","32009","53196","85205"
"2020-04-12 11:14","ZooKeeperServer.java","39975","70731","110706"
"2019-10-10 14:37","JUnit4ZKTestRunner.java","177002","260503","437505"
"2015-07-07 07:11","JUnit4ZKTestRunner.java","20463","63159","83622"
"2013-12-21 22:05","JUnit4ZKTestRunner.java","11408","33411","44819"
"2019-05-08 21:54","JUnit4ZKTestRunner.java","177003","241253","418256"
"2019-08-17 17:13","JUnit4ZKTestRunner.java","177002","256750","433752"
"2015-05-03 19:55","JUnit4ZKTestRunner.java","19148","60142","79290"
"2018-01-19 00:43","FileTxnLog.java","17204","40946","58150"
"2019-12-27 22:33","FileTxnLog.java","206992","266271","473263"
"2019-10-10 14:37","FileTxnLog.java","205553","259907","465460"
"2018-11-12 22:36","FileTxnLog.java","205442","224135","429577"
"2018-08-01 21:19","FileTxnLog.java","36284","64981","101265"
"2018-04-27 20:28","FileTxnLog.java","17484","43076","60560"
"2018-06-08 16:52","FileTxnLog.java","17692","44731","62423"
"2020-01-28 17:26","FileTxnLog.java","206993","267992","474985"
"2019-05-14 17:11","FileTxnLog.java","205537","240805","446342"
"2019-01-07 14:24","FileTxnLog.java","205444","230875","436319"
"2019-04-12 19:01","FileTxnLog.java","205537","237945","443482"
"2017-04-28 07:14","FileTxnLog.java","13893","33904","47797"
"2018-09-06 01:11","FileTxnLog.java","111705","142033","253738"
"2018-09-18 01:00","FileTxnLog.java","111820","144402","256222"
"2016-03-20 19:31","FileTxnLog.java","7051","22120","29171"
"2019-08-17 17:13","FileTxnLog.java","205553","256154","461707"
"2019-06-03 19:40","FileTxnLog.java","205553","241485","447038"
"2018-04-24 00:20","FileTxnLog.java","17320","42825","60145"
"2018-02-14 21:23","FileTxnLog.java","17271","41892","59163"
"2019-08-03 08:42","FileTxnLog.java","205553","256862","462415"
"2019-04-09 15:35","FileTxnLog.java","205465","236923","442388"
"2017-08-03 20:41","FileTxnLog.java","16214","35409","51623"
"2018-02-02 00:26","FileTxnLog.java","17208","40957","58165"
"2017-06-26 00:07","FileTxnLog.java","15081","34630","49711"
"2019-11-28 12:24","DataTree.java","5527","3023","8550"
"2019-12-27 22:33","DataTree.java","6310","7578","13888"
"2019-01-14 15:36","ClientSSLTest.java","6459","7858","14317"
"2019-08-17 17:13","ClientSSLTest.java","35904","62404","98308"
"2019-06-03 19:40","ClientSSLTest.java","8415","20246","28661"
"2019-06-05 00:29","ClientSSLTest.java","8606","20773","29379"
"2019-11-08 17:30","FinalRequestProcessor.java","218423","261622","480045"
"2019-07-08 23:26","FinalRequestProcessor.java","218392","244753","463145"
"2019-01-16 23:23","FinalRequestProcessor.java","218282","231847","450129"
"2018-09-18 01:00","FinalRequestProcessor.java","111764","131330","243094"
"2019-04-12 19:01","FinalRequestProcessor.java","218375","237767","456142"
"2019-02-07 11:26","FinalRequestProcessor.java","218283","234200","452483"
"2019-01-14 19:38","FinalRequestProcessor.java","218281","231158","449439"
"2019-01-09 17:22","FinalRequestProcessor.java","218283","233840","452123"
"2019-09-10 04:26","FinalRequestProcessor.java","218393","257023","475416"
"2019-08-17 17:13","FinalRequestProcessor.java","218393","255978","474371"
"2016-10-07 21:51","FinalRequestProcessor.java","6482","11533","18015"
"2019-06-26 10:57","FinalRequestProcessor.java","218392","243827","462219"
"2019-08-01 07:28","FinalRequestProcessor.java","218393","256159","474552"
"2019-07-03 00:44","FinalRequestProcessor.java","218392","243990","462382"
"2016-03-23 00:30","FinalRequestProcessor.java","4740","6284","11024"
"2019-08-06 17:11","FinalRequestProcessor.java","218393","257079","475472"
"2018-07-10 12:46","FinalRequestProcessor.java","24535","38871","63406"
"2020-03-25 03:38","FinalRequestProcessor.java","219939","270309","490248"
"2019-09-16 23:26","FinalRequestProcessor.java","218393","258997","477390"
"2019-10-10 14:37","FinalRequestProcessor.java","218393","259731","478124"
"2019-11-21 05:58","FinalRequestProcessor.java","219937","260689","480626"
"2019-11-18 09:05","FinalRequestProcessor.java","219937","260666","480603"
"2019-11-11 13:59","FinalRequestProcessor.java","218423","263418","481841"
"2020-03-26 22:12","FinalRequestProcessor.java","219939","270311","490250"
"2019-11-08 17:30","FinalRequestProcessor.java","141556","263114","404670"
"2019-07-08 23:26","FinalRequestProcessor.java","141556","246276","387832"
"2019-01-16 23:23","FinalRequestProcessor.java","141512","233436","374948"
"2018-09-18 01:00","FinalRequestProcessor.java","88101","197222","285323"
"2019-04-12 19:01","FinalRequestProcessor.java","141556","239307","380863"
"2019-02-07 11:26","FinalRequestProcessor.java","141512","235788","377300"
"2019-01-14 19:38","FinalRequestProcessor.java","141512","232748","374260"
"2013-03-07 07:01","FinalRequestProcessor.java","29619","92116","121735"
"2019-01-09 17:22","FinalRequestProcessor.java","141512","235428","376940"
"2011-07-01 00:53","FinalRequestProcessor.java","23848","65910","89758"
"2015-06-04 19:51","FinalRequestProcessor.java","32289","121844","154133"
"2019-09-10 04:26","FinalRequestProcessor.java","141556","258545","400101"
"2019-08-17 17:13","FinalRequestProcessor.java","141556","257500","399056"
"2016-10-07 21:51","FinalRequestProcessor.java","34368","128974","163342"
"2014-01-24 07:18","FinalRequestProcessor.java","30086","101316","131402"
"2019-06-26 10:57","FinalRequestProcessor.java","141556","245350","386906"
"2019-08-01 07:28","FinalRequestProcessor.java","141556","257681","399237"
"2019-07-03 00:44","FinalRequestProcessor.java","141556","245513","387069"
"2016-03-23 00:30","FinalRequestProcessor.java","33953","125052","159005"
"2019-08-06 17:11","FinalRequestProcessor.java","141556","258601","400157"
"2015-03-17 18:06","FinalRequestProcessor.java","32175","119396","151571"
"2018-07-10 12:46","FinalRequestProcessor.java","43180","147071","190251"
"2010-01-25 04:28","FinalRequestProcessor.java","5895","22734","28629"
"2020-03-25 03:38","FinalRequestProcessor.java","142195","270924","413119"
"2019-09-16 23:26","FinalRequestProcessor.java","141556","260519","402075"
"2019-10-10 14:37","FinalRequestProcessor.java","141556","261253","402809"
"2009-11-07 01:48","FinalRequestProcessor.java","3537","8865","12402"
"2009-10-31 00:09","FinalRequestProcessor.java","3254","8177","11431"
"2010-01-26 01:17","FinalRequestProcessor.java","5954","23202","29156"
"2009-11-12 20:53","FinalRequestProcessor.java","3649","9564","13213"
"2019-11-21 05:58","FinalRequestProcessor.java","142195","261306","403501"
"2019-11-18 09:05","FinalRequestProcessor.java","142195","261283","403478"
"2012-12-19 19:16","FinalRequestProcessor.java","29297","87238","116535"
"2011-10-20 20:02","FinalRequestProcessor.java","26249","72024","98273"
"2011-04-12 09:14","FinalRequestProcessor.java","23081","60498","83579"
"2011-10-28 18:59","FinalRequestProcessor.java","26388","72414","98802"
"2019-11-11 13:59","FinalRequestProcessor.java","141556","264910","406466"
"2020-03-26 22:12","FinalRequestProcessor.java","142195","270926","413121"
"2014-04-17 08:47","FinalRequestProcessor.java","31470","105259","136729"
"2014-04-29 02:23","FinalRequestProcessor.java","31469","105964","137433"
"2010-03-19 07:46","FinalRequestProcessor.java","13822","40808","54630"
"2010-08-18 08:24","FinalRequestProcessor.java","18210","64582","82792"
"2013-10-09 22:21","FinalRequestProcessor.java","29994","97686","127680"
"2011-09-14 08:56","FinalRequestProcessor.java","22113","72037","94150"
"2019-10-10 14:37","MessageTracker.java","3726","6813","10539"
"2019-08-17 17:13","ClientCnxn.java","30023","54043","84066"
"2019-01-31 15:50","ClientCnxn.java","269","1956","2225"
"2019-04-09 15:35","ClientCnxn.java","997","5874","6871"
"2019-11-08 17:30","ClientCnxn.java","32180","61814","93994"
"2019-03-06 03:32","ClientCnxn.java","715","4520","5235"
"2019-02-07 11:26","ClientCnxn.java","336","2688","3024"
"2020-05-17 15:13","ClientCnxn.java","42955","80920","123875"
"2020-03-03 03:12","ClientCnxn.java","39037","74792","113829"
"2020-01-21 17:53","ClientCnxn.java","38700","70716","109416"
"2019-10-10 14:37","ClientCnxn.java","32028","59801","91829"
"2019-11-21 05:58","ClientCnxn.java","37075","64262","101337"
"2020-04-16 12:50","ClientCnxn.java","39716","77310","117026"
"2019-02-07 11:26","PrepRequestProcessor.java","224075","233465","457540"
"2019-09-11 10:27","PrepRequestProcessor.java","224192","256606","480798"
"2018-07-19 05:59","PrepRequestProcessor.java","24387","32840","57227"
"2017-09-11 18:55","PrepRequestProcessor.java","1848","2034","3882"
"2019-01-16 14:21","PrepRequestProcessor.java","224074","231112","455186"
"2019-11-08 17:30","PrepRequestProcessor.java","224240","260912","485152"
"2019-04-09 15:35","PrepRequestProcessor.java","224098","236013","460111"
"2019-04-17 14:16","PrepRequestProcessor.java","224173","237303","461476"
"2019-05-10 12:22","PrepRequestProcessor.java","224173","239738","463911"
"2019-02-07 11:22","PrepRequestProcessor.java","224075","233127","457202"
"2019-08-01 07:31","PrepRequestProcessor.java","224192","255921","480113"
"2019-06-26 10:57","PrepRequestProcessor.java","224191","243099","467290"
"2019-08-17 17:13","PrepRequestProcessor.java","224192","255250","479442"
"2018-08-08 06:21","PrepRequestProcessor.java","72325","82258","154583"
"2018-05-09 23:57","PrepRequestProcessor.java","3352","10099","13451"
"2019-12-27 22:33","PrepRequestProcessor.java","225818","265554","491372"
"2019-10-10 14:37","PrepRequestProcessor.java","224192","259003","483195"
"2020-03-25 03:38","PrepRequestProcessor.java","225819","269662","495481"
"2018-06-15 07:41","PrepRequestProcessor.java","3600","11099","14699"
"2015-07-07 07:11","GetChildrenTest.java","22280","76443","98723"
"2011-04-12 09:14","LogIterator.java","15099","14937","30036"
"2019-09-18 11:20","RemoveWatchesCmdTest.java","2292","5204","7496"
"2018-09-15 00:08","ZooKeeperServer.java","100793","107937","208730"
"2019-04-12 19:01","ZooKeeperServer.java","229222","236845","466067"
"2019-07-31 19:06","ZooKeeperServer.java","229259","254382","483641"
"2019-09-11 10:27","ZooKeeperServer.java","229260","256432","485692"
"2019-01-14 19:38","ZooKeeperServer.java","229119","230227","459346"
"2019-01-07 15:34","ZooKeeperServer.java","229119","229828","458947"
"2018-11-21 17:56","ZooKeeperServer.java","229116","223022","452138"
"2019-02-13 13:12","ZooKeeperServer.java","229146","233908","463054"
"2018-07-19 05:59","ZooKeeperServer.java","21816","25027","46843"
"2018-09-18 01:00","ZooKeeperServer.java","100906","108703","209609"
"2019-03-04 08:07","ZooKeeperServer.java","229147","234486","463633"
"2019-07-08 23:26","ZooKeeperServer.java","229258","243850","473108"
"2019-01-23 14:00","ZooKeeperServer.java","229121","231664","460785"
"2019-02-13 13:19","ZooKeeperServer.java","229146","234194","463340"
"2019-05-14 17:11","ZooKeeperServer.java","229239","239722","468961"
"2019-06-04 10:55","ZooKeeperServer.java","229258","240558","469816"
"2019-04-09 15:35","ZooKeeperServer.java","229149","235822","464971"
"2019-08-03 08:42","ZooKeeperServer.java","229259","255783","485042"
"2019-05-15 11:56","ZooKeeperServer.java","229239","239809","469048"
"2019-05-22 11:39","ZooKeeperServer.java","229241","240257","469498"
"2019-04-22 19:15","ZooKeeperServer.java","229222","237820","467042"
"2019-09-10 04:26","ZooKeeperServer.java","229260","256121","485381"
"2019-08-17 17:13","ZooKeeperServer.java","229259","255075","484334"
"2019-09-05 23:12","ZooKeeperServer.java","229260","255995","485255"
"2019-09-10 15:21","ZooKeeperServer.java","229260","256119","485379"
"2019-08-01 07:31","ZooKeeperServer.java","229259","255746","485005"
"2019-08-01 07:28","ZooKeeperServer.java","229259","255256","484515"
"2019-06-03 19:40","ZooKeeperServer.java","229258","240405","469663"
"2019-11-23 17:08","ZooKeeperServer.java","231030","261547","492577"
"2019-10-09 16:49","ZooKeeperServer.java","229260","258662","487922"
"2019-07-03 00:44","ZooKeeperServer.java","229258","243087","472345"
"2019-07-24 18:00","ZooKeeperServer.java","229259","251530","480789"
"2018-08-08 06:21","ZooKeeperServer.java","69796","74487","144283"
"2018-05-09 23:57","ZooKeeperServer.java","384","1889","2273"
"2019-12-27 22:33","ZooKeeperServer.java","231031","265525","496556"
"2018-09-11 00:17","ZooKeeperServer.java","100769","106364","207133"
"2019-11-18 09:05","ZooKeeperServer.java","231030","259990","491020"
"2019-10-10 14:37","ZooKeeperServer.java","229260","258829","488089"
"2019-09-16 23:26","ZooKeeperServer.java","229260","258095","487355"
"2019-12-03 10:01","ZooKeeperServer.java","231030","263449","494479"
"2020-03-25 03:38","ZooKeeperServer.java","231032","269633","500665"
"2019-11-28 12:24","ZooKeeperServer.java","231030","261752","492782"
"2019-11-06 15:21","ZooKeeperServer.java","229308","259093","488401"
"2020-04-12 11:14","ZooKeeperServer.java","231093","270447","501540"
"2018-06-08 16:52","ZooKeeperServer.java","626","2880","3506"
"2018-06-15 07:41","ZooKeeperServer.java","635","2892","3527"
"2018-07-28 04:37","ZooKeeperServer.java","21952","25739","47691"
"2019-04-18 19:17","ZooKeeperServer.java","229222","237555","466777"
"2019-05-14 17:11","SyncRequestProcessor.java","90122","242374","332496"
"2010-03-14 05:01","SyncRequestProcessor.java","8683","86990","95673"
"2019-06-05 00:46","SyncRequestProcessor.java","90121","243566","333687"
"2019-05-22 11:39","SyncRequestProcessor.java","90122","242907","333029"
"2009-02-20 01:23","SyncRequestProcessor.java","2703","16310","19013"
"2013-09-30 22:20","SyncRequestProcessor.java","15221","128795","144016"
"2019-06-03 19:40","SyncRequestProcessor.java","90121","243037","333158"
"2019-08-17 17:13","SyncRequestProcessor.java","90121","257706","347827"
"2009-06-18 18:37","SyncRequestProcessor.java","4671","48749","53420"
"2009-11-07 08:16","SyncRequestProcessor.java","7432","64425","71857"
"2019-10-10 14:37","SyncRequestProcessor.java","90121","261459","351580"
"2013-10-24 20:41","SyncRequestProcessor.java","15306","132394","147700"
"2020-01-07 20:39","SyncRequestProcessor.java","90577","267215","357792"
"2020-03-25 03:38","SyncRequestProcessor.java","90577","270947","361524"
"2010-08-18 08:24","SyncRequestProcessor.java","9957","107970","117927"
"2015-03-08 23:07","SyncRequestProcessor.java","17087","151952","169039"
"2011-04-12 09:14","SyncRequestProcessor.java","10870","99928","110798"
"2019-04-30 18:08","SyncRequestProcessor.java","90122","241543","331665"
"2015-11-21 22:18","ManagedUtil.java","20271","159532","179803"
"2009-01-15 23:57","ManagedUtil.java","3801","2775","6576"
"2018-11-27 09:57","ManagedUtil.java","91101","226376","317477"
"2019-08-17 17:13","ManagedUtil.java","91128","257706","348834"
"2020-03-01 06:42","ManagedUtil.java","91584","269545","361129"
"2019-08-17 17:13","FLEPredicateTest.java","228064","255079","483143"
"2019-11-08 17:30","Request.java","27818","32331","60149"
"2019-08-17 17:13","Request.java","24844","23743","48587"
"2020-03-25 03:38","Request.java","35489","47173","82662"
"2019-09-20 10:06","Request.java","27025","28787","55812"
"2019-09-16 23:26","Request.java","26709","28627","55336"
"2019-12-27 22:33","Request.java","33671","41248","74919"
"2019-11-11 13:59","Request.java","27850","34159","62009"
"2020-05-05 21:20","Request.java","39026","51741","90767"
"2019-10-10 14:37","FilePadding.java","229914","258676","488590"
"2019-08-17 17:13","FilePadding.java","229913","254922","484835"
"2019-06-03 19:40","FilePadding.java","229912","240252","470164"
"2019-08-17 17:13","RateLogger.java","214963","256104","471067"
"2019-07-31 19:06","RateLogger.java","214963","255411","470374"
"2019-08-17 17:13","SnapStream.java","24762","25455","50217"
"2019-10-10 14:37","SnapStream.java","27447","31893","59340"
"2019-09-26 14:16","SnapStream.java","26932","30944","57876"
"2019-12-03 19:12","SnapStream.java","33272","40580","73852"
"2018-09-11 15:23","ServerConfig.java","83710","199335","283045"
"2019-04-12 19:01","ServerConfig.java","131748","239307","371055"
"2019-02-13 13:12","ServerConfig.java","131713","236411","368124"
"2017-07-28 00:36","ServerConfig.java","33171","136635","169806"
"2019-05-15 11:56","ServerConfig.java","131748","242254","374002"
"2019-08-17 17:13","ServerConfig.java","131748","257500","389248"
"2015-03-17 18:06","ServerConfig.java","29723","124703","154426"
"2011-09-17 02:42","ServerConfig.java","23953","79229","103182"
"2010-03-12 19:26","ServerConfig.java","14131","50586","64717"
"2010-03-09 05:44","ServerConfig.java","14033","49758","63791"
"2016-12-22 04:10","ServerConfig.java","32024","137884","169908"
"2019-04-18 19:17","ServerConfig.java","131748","240017","371765"
"2019-08-17 17:13","GetEphemeralsCommand.java","30023","54043","84066"
"2019-08-17 17:13","MockSelectorThread.java","198306","256360","454666"
"2019-11-08 17:30","FinalRequestProcessor.java","2473","7042","9515"
"2020-03-25 03:38","FinalRequestProcessor.java","10738","22478","33216"
"2019-09-16 23:26","FinalRequestProcessor.java","461","2435","2896"
"2019-10-10 14:37","FinalRequestProcessor.java","2282","4990","7272"
"2019-11-21 05:58","FinalRequestProcessor.java","7594","9716","17310"
"2019-11-18 09:05","FinalRequestProcessor.java","7578","9677","17255"
"2019-11-11 13:59","FinalRequestProcessor.java","2500","8865","11365"
"2020-03-26 22:12","FinalRequestProcessor.java","10792","22534","33326"
"2019-11-28 12:24","DataTree.java","179499","262932","442431"
"2011-07-13 15:48","DataTree.java","1445","7777","9222"
"2011-06-25 08:13","DataTree.java","1229","3361","4590"
"2011-07-28 07:49","DataTree.java","1590","10368","11958"
"2019-10-10 14:37","DataTree.java","178405","260685","439090"
"2019-12-27 22:33","DataTree.java","179499","266704","446203"
"2015-06-06 03:48","DataTree.java","21337","75072","96409"
"2019-11-11 13:59","DataTree.java","178405","264342","442747"
"2018-07-10 13:29","DataTree.java","35929","103873","139802"
"2012-12-19 19:16","DataTree.java","12465","34481","46946"
"2014-04-17 08:47","DataTree.java","19823","57687","77510"
"2014-04-29 02:23","DataTree.java","19828","58398","78226"
"2011-09-15 00:55","DataTree.java","4548","16059","20607"
"2011-09-28 22:17","DataTree.java","5068","16764","21832"
"2018-09-28 23:38","DataTree.java","107377","183147","290524"
"2011-09-17 02:36","DataTree.java","5033","16472","21505"
"2011-10-20 18:48","DataTree.java","6515","16371","22886"
"2019-11-08 17:30","DataTree.java","178405","262546","440951"
"2013-09-05 23:50","DataTree.java","13237","41525","54762"
"2019-01-30 16:28","DataTree.java","178340","233978","412318"
"2019-01-30 17:02","DataTree.java","178340","234522","412862"
"2016-11-24 17:18","DataTree.java","25183","86685","111868"
"2017-09-11 18:55","DataTree.java","27844","88187","116031"
"2011-07-01 00:53","DataTree.java","1706","6351","8057"
"2012-02-06 10:39","DataTree.java","8313","20728","29041"
"2011-12-21 21:39","DataTree.java","7782","19329","27111"
"2017-02-05 07:22","DataTree.java","25249","88190","113439"
"2014-07-18 02:19","DataTree.java","20643","65966","86609"
"2019-02-07 11:26","DataTree.java","178341","235200","413541"
"2013-03-07 07:01","DataTree.java","12977","39549","52526"
"2018-09-04 11:54","DataTree.java","107155","177841","284996"
"2018-09-05 22:35","DataTree.java","107156","178098","285254"
"2018-12-20 15:17","DataTree.java","178339","230466","408805"
"2019-09-10 09:53","DataTree.java","178405","257981","436386"
"2019-04-12 19:01","DataTree.java","178406","238740","417146"
"2019-07-31 19:06","DataTree.java","178405","256239","434644"
"2019-09-11 10:27","DataTree.java","178405","258288","436693"
"2013-10-22 12:54","DataTree.java","13625","45982","59607"
"2016-03-23 00:30","DataTree.java","24030","79204","103234"
"2019-08-01 07:31","DataTree.java","178405","257603","436008"
"2014-01-24 07:18","DataTree.java","13766","49071","62837"
"2019-08-17 17:13","DataTree.java","178405","256932","435337"
"2019-09-10 15:21","DataTree.java","178405","257975","436380"
"2015-06-04 19:51","DataTree.java","21330","74960","96290"
"2016-10-07 21:51","DataTree.java","24594","83275","107869"
"2017-06-18 19:23","DataTree.java","27568","87597","115165"
"2019-04-12 12:29","DataTree.java","178406","238309","416715"
"2019-08-03 08:42","DataTree.java","178405","257640","436045"
"2019-08-09 16:15","DataTree.java","178405","258388","436793"
"2016-11-13 20:59","DataTree.java","24614","85548","110162"
"2019-04-29 16:49","DataTree.java","178406","240770","419176"
"2017-09-11 18:55","JavaGenerator.java","31524","137377","168901"
"2019-07-29 17:15","JavaGenerator.java","129922","255100","385022"
"2019-08-03 08:42","SaslServerPrincipal.java","49896","52118","102014"
"2019-08-17 17:13","SaslServerPrincipal.java","69297","70811","140108"
"2019-09-30 22:26","SaslServerPrincipal.java","70832","75711","146543"
"2019-10-10 14:37","SaslServerPrincipal.java","71270","76537","147807"
"2019-04-10 13:19","FileSnap.java","224179","236499","460678"
"2019-07-31 19:06","FileSnap.java","224198","254557","478755"
"2020-01-30 09:43","FileSnap.java","225825","267351","493176"
"2019-05-27 10:54","FileSnap.java","224180","240552","464732"
"2017-08-18 06:32","FileSnap.java","1707","1709","3416"
"2019-08-17 17:13","FileSnap.java","224198","255250","479448"
"2018-02-14 21:23","FileSnap.java","3077","8149","11226"
"2019-12-03 19:12","FileSnap.java","225823","263490","489313"
"2019-12-27 22:33","FileSnap.java","225824","265554","491378"
"2019-10-10 14:37","FileSnap.java","224198","259003","483201"
"2020-01-28 17:26","FileSnap.java","225825","267275","493100"
"2019-05-08 21:54","ZKTestCase.java","224223","239748","463971"
"2019-08-06 17:11","ZKTestCase.java","224242","256366","480608"
"2019-08-17 17:13","ZKTestCase.java","224242","255265","479507"
"2018-12-09 03:16","ZKTestCase.java","224122","227803","451925"
"2019-10-10 14:37","ZKTestCase.java","224242","259018","483260"
"2019-11-14 16:44","ZKTestCase.java","224290","263340","487630"
"2019-11-28 12:24","ZKTestCase.java","225855","261784","487639"
"2018-09-15 00:08","ZooKeeperServer.java","107521","118583","226104"
"2019-04-12 19:01","ZooKeeperServer.java","225539","237080","462619"
"2019-07-31 19:06","ZooKeeperServer.java","225558","254599","480157"
"2019-09-11 10:27","ZooKeeperServer.java","225558","256648","482206"
"2019-01-14 19:38","ZooKeeperServer.java","225439","230465","455904"
"2019-01-07 15:34","ZooKeeperServer.java","225439","230066","455505"
"2018-11-21 17:56","ZooKeeperServer.java","225437","223261","448698"
"2017-04-28 07:14","ZooKeeperServer.java","4648","3792","8440"
"2017-02-12 00:12","ZooKeeperServer.java","4458","2703","7161"
"2019-02-13 13:12","ZooKeeperServer.java","225461","234141","459602"
"2016-11-24 17:18","ZooKeeperServer.java","584","605","1189"
"2018-07-19 05:59","ZooKeeperServer.java","29950","37079","67029"
"2018-09-18 01:00","ZooKeeperServer.java","107628","119343","226971"
"2019-03-04 08:07","ZooKeeperServer.java","225462","234719","460181"
"2019-07-08 23:26","ZooKeeperServer.java","225557","244067","469624"
"2019-01-23 14:00","ZooKeeperServer.java","225440","231901","457341"
"2019-02-13 13:19","ZooKeeperServer.java","225461","234427","459888"
"2019-05-14 17:11","ZooKeeperServer.java","225539","239940","465479"
"2019-06-04 10:55","ZooKeeperServer.java","225557","240775","466332"
"2019-04-09 15:35","ZooKeeperServer.java","225464","236055","461519"
"2019-08-03 08:42","ZooKeeperServer.java","225558","256000","481558"
"2019-05-15 11:56","ZooKeeperServer.java","225539","240027","465566"
"2019-05-22 11:39","ZooKeeperServer.java","225540","240474","466014"
"2019-04-22 19:15","ZooKeeperServer.java","225539","238055","463594"
"2018-02-23 23:49","ZooKeeperServer.java","8819","12737","21556"
"2017-08-18 06:32","ZooKeeperServer.java","7545","6229","13774"
"2017-06-26 00:16","ZooKeeperServer.java","5889","4565","10454"
"2019-09-10 04:26","ZooKeeperServer.java","225558","256337","481895"
"2019-08-17 17:13","ZooKeeperServer.java","225558","255292","480850"
"2019-09-05 23:12","ZooKeeperServer.java","225558","256211","481769"
"2019-09-10 15:21","ZooKeeperServer.java","225558","256335","481893"
"2019-08-01 07:31","ZooKeeperServer.java","225558","255963","481521"
"2019-08-01 07:28","ZooKeeperServer.java","225558","255473","481031"
"2019-06-03 19:40","ZooKeeperServer.java","225557","240622","466179"
"2019-11-23 17:08","ZooKeeperServer.java","227162","261597","488759"
"2019-10-09 16:49","ZooKeeperServer.java","225558","258878","484436"
"2019-07-03 00:44","ZooKeeperServer.java","225557","243304","468861"
"2018-01-19 01:12","ZooKeeperServer.java","8735","11611","20346"
"2019-07-24 18:00","ZooKeeperServer.java","225558","251747","477305"
"2018-08-08 06:21","ZooKeeperServer.java","77875","86484","164359"
"2018-05-09 23:57","ZooKeeperServer.java","9099","14522","23621"
"2019-12-27 22:33","ZooKeeperServer.java","227163","265575","492738"
"2018-09-11 00:17","ZooKeeperServer.java","107498","117011","224509"
"2019-11-18 09:05","ZooKeeperServer.java","227162","260040","487202"
"2019-10-10 14:37","ZooKeeperServer.java","225558","259045","484603"
"2019-09-16 23:26","ZooKeeperServer.java","225558","258311","483869"
"2017-06-23 18:39","ZooKeeperServer.java","5795","4491","10286"
"2019-12-03 10:01","ZooKeeperServer.java","227162","263499","490661"
"2020-03-25 03:38","ZooKeeperServer.java","227164","269683","496847"
"2019-11-28 12:24","ZooKeeperServer.java","227162","261802","488964"
"2019-11-06 15:21","ZooKeeperServer.java","225606","259309","484915"
"2020-04-12 11:14","ZooKeeperServer.java","227224","270496","497720"
"2018-06-08 16:52","ZooKeeperServer.java","9322","15494","24816"
"2018-06-15 07:41","ZooKeeperServer.java","9330","15505","24835"
"2018-07-28 04:37","ZooKeeperServer.java","30082","37787","67869"
"2019-04-18 19:17","ZooKeeperServer.java","225539","237790","463329"
"2019-10-10 14:37","Login.java","175348","260412","435760"
"2015-12-09 05:05","Login.java","17965","64102","82067"
"2019-11-11 13:59","Login.java","175376","264097","439473"
"2015-11-21 22:18","Login.java","17909","63656","81565"
"2015-02-06 06:17","Login.java","16162","56332","72494"
"2017-11-28 00:10","Login.java","26070","80366","106436"
"2016-05-02 18:15","Login.java","20737","66748","87485"
"2019-08-17 17:13","Login.java","175348","256659","432007"
"2012-09-28 18:32","Login.java","4778","11942","16720"
"2019-08-03 08:42","Login.java","175348","257367","432715"
"2010-03-31 06:26","GetChildren2Test.java","12649","34631","47280"
"2019-08-17 17:13","GetChildren2Test.java","146226","257247","403473"
"2019-08-17 17:13","ReconfigBackupTest.java","29523","44192","73715"
"2019-08-17 17:13","CommitProcessor.java","29861","46141","76002"
"2019-07-30 02:31","CommitProcessor.java","7151","21352","28503"
"2019-08-03 08:42","CommitProcessor.java","7577","24565","32142"
"2020-03-25 03:38","CommitProcessor.java","39706","68771","108477"
"2019-10-10 14:37","CommitProcessor.java","32178","52211","84389"
"2019-11-11 13:55","CommitProcessor.java","32361","54349","86710"
"2019-12-27 22:33","CommitProcessor.java","38084","63042","101126"
"2019-08-17 17:13","NIOServerCnxnTest.java","231754","254847","486601"
"2019-07-03 00:44","NIOServerCnxnTest.java","231753","242859","474612"
"2019-11-08 17:30","FinalRequestProcessor.java","3908","9522","13430"
"2019-09-10 04:26","FinalRequestProcessor.java","1478","2523","4001"
"2020-03-25 03:38","FinalRequestProcessor.java","12133","24918","37051"
"2019-09-16 23:26","FinalRequestProcessor.java","1939","4958","6897"
"2019-10-10 14:37","FinalRequestProcessor.java","3717","7470","11187"
"2019-11-21 05:58","FinalRequestProcessor.java","9029","12196","21225"
"2019-11-18 09:05","FinalRequestProcessor.java","9013","12157","21170"
"2019-11-11 13:59","FinalRequestProcessor.java","3935","11345","15280"
"2020-03-26 22:12","FinalRequestProcessor.java","12187","24974","37161"
"2018-09-11 15:23","ServerConfig.java","60769","204532","265301"
"2019-04-12 19:01","ServerConfig.java","103732","239491","343223"
"2019-02-13 13:12","ServerConfig.java","103711","236609","340320"
"2017-07-28 00:36","ServerConfig.java","27093","158695","185788"
"2009-06-09 07:04","ServerConfig.java","3523","31723","35246"
"2009-04-07 00:19","ServerConfig.java","824","2007","2831"
"2019-05-15 11:56","ServerConfig.java","103732","242438","346170"
"2019-08-17 17:13","ServerConfig.java","103731","257683","361414"
"2009-06-05 06:44","ServerConfig.java","3325","31441","34766"
"2015-03-17 18:06","ServerConfig.java","24152","147270","171422"
"2011-09-17 02:42","ServerConfig.java","18863","102277","121140"
"2010-03-12 19:26","ServerConfig.java","12662","77317","89979"
"2010-03-09 05:44","ServerConfig.java","12571","76496","89067"
"2016-12-22 04:10","ServerConfig.java","26260","160258","186518"
"2019-04-18 19:17","ServerConfig.java","103732","240201","343933"
"2019-08-17 17:13","ReadOnlyModeTest.java","214963","256104","471067"
"2017-04-18 01:37","ReadOnlyModeTest.java","12024","22467","34491"
"2017-06-08 17:51","ReadOnlyModeTest.java","12979","22790","35769"
"2019-07-31 19:06","Commands.java","231754","254154","485908"
"2019-11-29 14:49","Commands.java","233691","263341","497032"
"2018-11-17 18:37","Commands.java","231601","222769","454370"
"2018-09-18 01:00","Commands.java","89799","94873","184672"
"2019-08-17 17:13","Commands.java","231754","254847","486601"
"2019-06-29 00:33","Commands.java","231753","242833","474586"
"2019-06-03 19:40","Commands.java","231753","240177","471930"
"2019-07-15 14:15","Commands.java","231754","250266","482020"
"2019-07-25 23:43","Commands.java","231754","251383","483137"
"2019-06-05 12:14","Commands.java","231753","240704","472457"
"2019-08-06 01:43","Commands.java","231754","255729","487483"
"2019-05-27 10:54","Commands.java","231736","240149","471885"
"2019-06-04 10:55","Commands.java","231753","240330","472083"
"2019-05-15 11:56","Commands.java","231734","239581","471315"
"2019-12-03 10:01","Commands.java","233691","263387","497078"
"2018-09-11 00:17","Commands.java","89645","92517","182162"
"2019-11-20 07:00","Commands.java","233691","259940","493631"
"2019-08-17 17:13","ClientCnxn.java","29884","55054","84938"
"2019-01-31 15:50","ClientCnxn.java","360","3197","3557"
"2019-04-09 15:35","ClientCnxn.java","1084","7111","8195"
"2019-11-08 17:30","ClientCnxn.java","32033","62817","94850"
"2019-01-16 14:21","ClientCnxn.java","96","1246","1342"
"2019-03-06 03:32","ClientCnxn.java","802","5757","6559"
"2019-02-07 11:26","ClientCnxn.java","425","3927","4352"
"2020-05-17 15:13","ClientCnxn.java","42730","81845","124575"
"2020-03-03 03:12","ClientCnxn.java","38813","75718","114531"
"2020-01-21 17:53","ClientCnxn.java","38481","71647","110128"
"2019-10-10 14:37","ClientCnxn.java","31881","60804","92685"
"2019-11-21 05:58","ClientCnxn.java","36882","65219","102101"
"2020-04-16 12:50","ClientCnxn.java","39491","78235","117726"
"2018-09-11 15:23","ServerConfig.java","61141","203721","264862"
"2019-04-12 19:01","ServerConfig.java","104828","239404","344232"
"2019-02-13 13:12","ServerConfig.java","104799","236514","341313"
"2017-07-28 00:36","ServerConfig.java","27340","157759","185099"
"2009-06-09 07:04","ServerConfig.java","2799","29816","32615"
"2019-05-15 11:56","ServerConfig.java","104828","242351","347179"
"2019-08-17 17:13","ServerConfig.java","104827","257596","362423"
"2009-06-05 06:44","ServerConfig.java","2594","29527","32121"
"2015-03-17 18:06","ServerConfig.java","24297","146232","170529"
"2011-09-17 02:42","ServerConfig.java","18978","101209","120187"
"2010-03-12 19:26","ServerConfig.java","12526","75998","88524"
"2010-03-09 05:44","ServerConfig.java","12435","75177","87612"
"2016-12-22 04:10","ServerConfig.java","26451","159266","185717"
"2019-04-18 19:17","ServerConfig.java","104828","240114","344942"
"2019-08-17 17:13","SaslQuorumAuthServer.java","228064","255079","483143"
"2019-10-10 14:37","SaslQuorumAuthServer.java","228065","258833","486898"
"2019-05-08 21:54","ZKTestCase.java","210243","240637","450880"
"2019-08-06 17:11","ZKTestCase.java","210259","257252","467511"
"2019-08-17 17:13","ZKTestCase.java","210259","256151","466410"
"2017-03-04 19:22","ZKTestCase.java","12834","27703","40537"
"2018-12-09 03:16","ZKTestCase.java","210149","228699","438848"
"2019-10-10 14:37","ZKTestCase.java","210259","259904","470163"
"2019-11-14 16:44","ZKTestCase.java","210287","264206","474493"
"2019-11-28 12:24","ZKTestCase.java","211699","262497","474196"
"2020-01-20 08:39","ZKConfig.java","227968","264782","492750"
"2020-01-20 09:06","ZKConfig.java","227968","264878","492846"
"2019-10-10 14:37","ZKConfig.java","226362","259029","485391"
"2018-10-16 16:22","ZKConfig.java","204481","231792","436273"
"2018-12-15 07:34","ZKConfig.java","226242","227729","453971"
"2019-08-17 17:13","ZKConfig.java","226362","255276","481638"
"2015-10-18 19:00","QuorumPeer.java","32258","110733","142991"
"2018-12-20 15:13","QuorumPeer.java","154139","230707","384846"
"2019-05-16 16:25","QuorumPeer.java","154189","241986","396175"
"2018-10-16 16:22","QuorumPeer.java","125508","238538","364046"
"2019-06-14 09:06","QuorumPeer.java","154189","245185","399374"
"2010-03-16 23:25","QuorumPeer.java","10867","24613","35480"
"2018-12-07 12:41","QuorumPeer.java","154139","227721","381860"
"2012-04-23 01:20","QuorumPeer.java","27414","65566","92980"
"2012-07-17 23:19","QuorumPeer.java","27481","66405","93886"
"2019-03-11 19:47","QuorumPeer.java","154152","237148","391300"
"2012-02-27 03:41","QuorumPeer.java","25928","61995","87923"
"2014-07-18 02:19","QuorumPeer.java","31684","100425","132109"
"2019-02-13 13:12","QuorumPeer.java","154149","236093","390242"
"2011-04-29 18:12","QuorumPeer.java","21711","46517","68228"
"2019-04-12 19:01","QuorumPeer.java","154189","238994","393183"
"2018-12-09 03:16","QuorumPeer.java","154139","229795","383934"
"2018-09-11 15:23","QuorumPeer.java","94522","189881","284403"
"2019-11-29 14:49","QuorumPeer.java","155128","264683","419811"
"2013-03-07 07:01","QuorumPeer.java","29043","79033","108076"
"2018-12-15 07:34","QuorumPeer.java","154139","229710","383849"
"2018-11-27 10:02","QuorumPeer.java","154139","227471","381610"
"2018-09-18 01:00","QuorumPeer.java","94574","191188","285762"
"2012-02-06 09:40","QuorumPeer.java","25635","61461","87096"
"2019-06-03 19:40","QuorumPeer.java","154189","242518","396707"
"2019-07-15 14:15","QuorumPeer.java","154189","252606","406795"
"2015-03-17 18:06","QuorumPeer.java","31949","106663","138612"
"2019-07-03 00:44","QuorumPeer.java","154189","245200","399389"
"2019-08-17 17:13","QuorumPeer.java","154189","257187","411376"
"2015-06-27 02:03","QuorumPeer.java","32147","109550","141697"
"2017-11-28 00:10","QuorumPeer.java","36285","123903","160188"
"2014-01-21 04:50","QuorumPeer.java","29652","86792","116444"
"2014-06-04 22:07","QuorumPeer.java","31234","94175","125409"
"2018-01-30 08:02","QuorumPeer.java","36318","124089","160407"
"2019-05-15 11:56","QuorumPeer.java","154189","241941","396130"
"2019-06-05 00:33","QuorumPeer.java","154189","242908","397097"
"2019-05-20 23:13","QuorumPeer.java","154189","242059","396248"
"2019-06-04 10:55","QuorumPeer.java","154189","242671","396860"
"2019-07-12 17:01","QuorumPeer.java","154189","252500","406689"
"2020-01-09 11:27","QuorumPeer.java","155128","266229","421357"
"2017-02-09 11:40","QuorumPeer.java","34660","121054","155714"
"2011-06-14 07:14","QuorumPeer.java","21827","48248","70075"
"2017-07-06 18:48","QuorumPeer.java","36033","120113","156146"
"2018-10-01 06:11","QuorumPeer.java","94672","193865","288537"
"2015-04-09 20:16","QuorumPeer.java","31956","107733","139689"
"2013-10-07 21:08","QuorumPeer.java","29405","82211","111616"
"2013-09-30 22:20","QuorumPeer.java","29273","81648","110921"
"2018-07-04 17:11","QuorumPeer.java","43779","135111","178890"
"2019-12-17 13:48","QuorumPeer.java","155128","265255","420383"
"2015-12-07 05:59","QuorumPeer.java","32340","111573","143913"
"2020-01-23 13:43","QuorumPeer.java","155128","268053","423181"
"2016-06-23 23:45","QuorumPeer.java","33909","114212","148121"
"2011-05-03 19:57","QuorumPeer.java","21713","46523","68236"
"2016-06-23 23:25","QuorumPeer.java","33909","114104","148013"
"2010-03-09 05:44","QuorumPeer.java","10636","23607","34243"
"2010-03-12 19:26","QuorumPeer.java","10766","24467","35233"
"2014-03-23 04:12","QuorumPeer.java","29814","89174","118988"
"2013-09-26 00:13","QuorumPeer.java","29257","81388","110645"
"2011-06-17 01:34","QuorumPeer.java","21885","48377","70262"
"2011-06-14 14:11","QuorumPeer.java","21828","48276","70104"
"2010-03-10 02:27","QuorumPeer.java","10644","23829","34473"
"2010-03-10 19:52","QuorumPeer.java","10654","23925","34579"
"2014-07-18 20:48","QuorumPeer.java","31693","100893","132586"
"2014-07-04 04:19","QuorumPeer.java","31243","95827","127070"
"2018-12-06 10:56","QuorumPeer.java","154139","227665","381804"
"2014-06-25 15:04","QuorumPeer.java","31235","94673","125908"
"2014-03-28 01:58","QuorumPeer.java","29817","89595","119412"
"2009-11-20 23:28","QuorumPeer.java","557","836","1393"
"2009-12-18 03:19","QuorumPeer.java","1863","2715","4578"
"2009-12-15 23:23","QuorumPeer.java","974","1552","2526"
"2013-10-21 23:36","QuorumPeer.java","29557","85105","114662"
"2019-10-10 14:37","QuorumPeer.java","154189","260940","415129"
"2013-11-07 06:41","QuorumPeer.java","29581","85560","115141"
"2017-07-27 23:09","QuorumPeer.java","36041","119135","155176"
"2014-05-18 05:49","QuorumPeer.java","31219","93671","124890"
"2011-10-25 08:09","QuorumPeer.java","25280","58602","83882"
"2014-03-25 22:13","QuorumPeer.java","29814","89410","119224"
"2011-04-12 09:14","QuorumPeer.java","21670","46141","67811"
"2011-11-01 08:15","QuorumPeer.java","25388","58899","84287"
"2011-03-16 19:49","QuorumPeer.java","17460","83404","100864"
"2018-06-26 11:18","QuorumPeer.java","36486","127800","164286"
"2018-07-27 12:32","QuorumPeer.java","52956","145488","198444"
"2019-04-18 19:17","QuorumPeer.java","154189","239704","393893"
"2011-10-27 23:25","QuorumPeer.java","25325","58807","84132"
"2011-08-30 08:37","QuorumPeer.java","20653","56861","77514"
"2011-08-30 08:29","QuorumPeer.java","20647","56843","77490"
"2010-08-18 08:24","QuorumPeer.java","16458","49884","66342"
"2013-10-09 22:21","QuorumPeer.java","29558","84743","114301"
"2016-12-20 14:47","QuorumPeer.java","34585","119844","154429"
"2011-05-20 01:17","QuorumPeer.java","21733","47023","68756"
"2010-05-05 22:32","QuorumPeer.java","14970","28701","43671"
"2017-05-11 16:59","QuorumPeer.java","35980","119193","155173"
"2014-07-03 06:01","QuorumPeer.java","31243","95405","126648"
"2014-08-14 08:08","QuorumPeer.java","31761","101822","133583"
"2014-08-01 07:38","QuorumPeer.java","31761","101401","133162"
"2014-07-20 04:50","QuorumPeer.java","31712","100974","132686"
"2016-06-02 00:59","QuorumPeer.java","33908","113734","147642"
"2020-02-16 10:25","QuorumPeer.java","155128","268766","423894"
"2019-06-07 14:13","TruncateTest.java","167754","243119","410873"
"2015-05-14 18:40","TruncateTest.java","36907","100353","137260"
"2019-08-17 17:13","TruncateTest.java","167754","257015","424769"
"2018-05-09 23:57","TruncateTest.java","42176","119663","161839"
"2014-09-27 08:20","TruncateTest.java","36648","95079","131727"
"2019-07-12 17:01","TruncateTest.java","167754","252328","420082"
"2017-08-18 06:32","TruncateTest.java","41776","112524","154300"
"2012-07-17 23:25","TruncateTest.java","27613","54327","81940"
"2017-09-11 18:55","TruncateTest.java","41874","112800","154674"
"2014-06-30 19:11","TruncateTest.java","36021","87218","123239"
"2016-08-24 01:36","TruncateTest.java","39198","107129","146327"
"2010-03-31 06:26","TruncateTest.java","2716","2938","5654"
"2010-08-18 08:24","TruncateTest.java","7670","27359","35029"
"2017-05-11 16:59","TruncateTest.java","41624","112002","153626"
"2020-01-28 17:26","TruncateTest.java","168801","268460","437261"
"2017-01-07 01:09","TruncateTest.java","39612","112675","152287"
"2014-02-12 17:00","TruncateTest.java","29973","76111","106084"
"2014-01-03 01:24","TruncateTest.java","29893","74069","103962"
"2019-08-17 17:13","QuorumBean.java","90102","257706","347808"
"2018-10-16 16:22","QuorumBean.java","68706","242954","311660"
"2018-12-20 15:13","QuorumBean.java","90075","231249","321324"
"2013-03-07 07:01","QuorumBean.java","15166","126374","141540"
"2019-12-27 22:33","QuorumBean.java","90558","266840","357398"
"2019-08-17 17:13","QuorumBean.java","109882","111485","221367"
"2018-12-20 15:13","QuorumBean.java","87732","62905","150637"
"2019-12-27 22:33","QuorumBean.java","114000","124281","238281"
"2011-08-19 00:05","Watcher.java","12653","107608","120261"
"2019-11-08 17:30","Watcher.java","91206","263320","354526"
"2017-07-28 00:36","Watcher.java","22948","166260","189208"
"2019-08-17 17:13","Watcher.java","91206","257706","348912"
"2015-05-29 21:48","Watcher.java","20207","156606","176813"
"2014-01-24 07:18","Watcher.java","18477","137314","155791"
"2011-05-20 01:17","Watcher.java","14142","102934","117076"
"2019-08-17 17:13","X509KeyType.java","36682","68806","105488"
"2018-10-16 16:22","RaceConditionTest.java","205782","231194","436976"
"2019-08-17 17:13","RaceConditionTest.java","228064","255079","483143"
"2019-01-07 14:55","LeaderMXBean.java","228775","229826","458601"
"2019-07-25 21:41","LeaderMXBean.java","228915","251558","480473"
"2019-08-17 17:13","LeaderMXBean.java","228915","255075","483990"
"2019-10-10 14:37","FLENewEpochTest.java","178405","260685","439090"
"2019-08-17 17:13","FLENewEpochTest.java","178405","256932","435337"
"2019-08-17 17:13","FourLetterWordsQuorumTest.java","219061","255966","475027"
"2019-10-10 14:37","FourLetterWordsQuorumTest.java","219061","259719","478780"
"2019-08-17 17:13","KeyStoreFileType.java","36682","68806","105488"
"2019-07-15 14:46","KeyStoreFileType.java","14790","42763","57553"
"2018-09-07 02:49","ClientBase.java","100774","105610","206384"
"2019-07-31 19:06","ClientBase.java","229914","254317","484231"
"2019-08-17 17:13","ClientBase.java","229914","255010","484924"
"2019-06-07 14:13","ClientBase.java","229913","241113","471026"
"2018-08-08 06:21","ClientBase.java","69795","73766","143561"
"2018-05-09 23:57","ClientBase.java","286","1071","1357"
"2019-06-24 11:05","ClientBase.java","229913","242342","472255"
"2019-11-14 16:44","ClientBase.java","229963","263086","493049"
"2019-10-10 14:37","ClientBase.java","229915","258764","488679"
"2019-08-17 17:13","Time.java","214963","256104","471067"
"2019-01-31 15:55","GetConfigCommand.java","191665","233967","425632"
"2019-08-17 17:13","GetConfigCommand.java","191763","256406","448169"
"2016-07-27 01:33","GetConfigCommand.java","17743","48352","66095"
"2013-01-25 07:46","NIOServerCnxnFactory.java","2337","7738","10075"
"2015-03-17 18:06","NIOServerCnxnFactory.java","13759","48475","62234"
"2019-07-03 00:44","NIOServerCnxnFactory.java","181829","244477","426306"
"2019-08-17 17:13","NIOServerCnxnFactory.java","181829","256464","438293"
"2012-12-19 19:07","NIOServerCnxnFactory.java","1732","6287","8019"
"2019-08-03 08:42","NIOServerCnxnFactory.java","181829","257172","439001"
"2019-04-22 19:15","NIOServerCnxnFactory.java","181813","239230","421043"
"2014-09-28 19:15","NIOServerCnxnFactory.java","13350","44691","58041"
"2018-11-23 11:51","NIOServerCnxnFactory.java","181734","225142","406876"
"2019-02-13 13:12","NIOServerCnxnFactory.java","181755","235336","417091"
"2014-07-18 02:19","NIOServerCnxnFactory.java","12841","41584","54425"
"2013-03-07 07:01","NIOServerCnxnFactory.java","3149","13141","16290"
"2018-10-24 04:03","NIOServerCnxnFactory.java","162630","235563","398193"
"2019-04-12 19:01","NIOServerCnxnFactory.java","181813","238255","420068"
"2018-06-15 08:02","NIOServerCnxnFactory.java","25022","76101","101123"
"2016-06-23 23:45","NIOServerCnxnFactory.java","18429","58734","77163"
"2014-03-23 04:12","NIOServerCnxnFactory.java","5055","24417","29472"
"2019-10-10 14:37","NIOServerCnxnFactory.java","181829","260217","442046"
"2019-11-14 03:54","NIOServerCnxnFactory.java","181857","264501","446358"
"2019-08-17 17:13","ChrootClientTest.java","142084","257500","399584"
"2019-10-10 14:37","ChrootClientTest.java","142084","261253","403337"
"2009-09-16 02:09","ChrootClientTest.java","1372","3787","5159"
"2011-04-12 09:14","ChrootClientTest.java","22852","59741","82593"
"2010-03-31 06:26","ChrootClientTest.java","14591","40968","55559"
"2019-10-10 14:37","LearnerSessionTracker.java","3088","3921","7009"
"2015-07-07 07:11","MultiOperationTest.java","17683","61900","79583"
"2019-09-18 11:20","MultiOperationTest.java","175390","259571","434961"
"2012-12-19 19:16","MultiOperationTest.java","6383","18453","24836"
"2013-12-17 17:55","MultiOperationTest.java","8562","31992","40554"
"2015-11-21 22:18","MultiOperationTest.java","17924","63629","81553"
"2012-01-16 03:32","MultiOperationTest.java","1357","3277","4634"
"2012-03-17 01:31","MultiOperationTest.java","1941","5912","7853"
"2012-02-06 10:58","MultiOperationTest.java","1832","4395","6227"
"2012-02-06 11:13","MultiOperationTest.java","1840","4447","6287"
"2019-06-26 10:57","MultiOperationTest.java","175390","244509","419899"
"2019-08-17 17:13","MultiOperationTest.java","175390","256659","432049"
"2013-02-03 15:52","MultiOperationTest.java","7014","19577","26591"
"2014-10-28 05:35","MultiOperationTest.java","16004","54193","70197"
"2018-09-15 00:08","ZooKeeperServer.java","109112","160520","269632"
"2019-04-12 19:01","ZooKeeperServer.java","186317","238204","424521"
"2019-07-31 19:06","ZooKeeperServer.java","186333","255720","442053"
"2019-09-11 10:27","ZooKeeperServer.java","186333","257769","444102"
"2019-01-14 19:38","ZooKeeperServer.java","186234","231606","417840"
"2019-01-07 15:34","ZooKeeperServer.java","186234","231207","417441"
"2018-11-21 17:56","ZooKeeperServer.java","186232","224402","410634"
"2017-04-28 07:14","ZooKeeperServer.java","21466","60956","82422"
"2017-02-12 00:12","ZooKeeperServer.java","21408","59999","81407"
"2014-07-18 02:19","ZooKeeperServer.java","11457","35645","47102"
"2013-12-11 19:22","ZooKeeperServer.java","3073","15099","18172"
"2019-02-13 13:12","ZooKeeperServer.java","186254","235280","421534"
"2016-11-24 17:18","ZooKeeperServer.java","19033","59400","78433"
"2018-07-19 05:59","ZooKeeperServer.java","42496","89971","132467"
"2018-09-18 01:00","ZooKeeperServer.java","109171","161232","270403"
"2019-03-04 08:07","ZooKeeperServer.java","186253","235856","422109"
"2019-07-08 23:26","ZooKeeperServer.java","186333","245189","431522"
"2019-01-23 14:00","ZooKeeperServer.java","186235","233042","419277"
"2019-02-13 13:19","ZooKeeperServer.java","186254","235566","421820"
"2019-05-14 17:11","ZooKeeperServer.java","186317","241064","427381"
"2013-01-25 02:17","ZooKeeperServer.java","128","1166","1294"
"2015-07-10 08:19","ZooKeeperServer.java","14010","47185","61195"
"2019-06-04 10:55","ZooKeeperServer.java","186333","241897","428230"
"2019-04-09 15:35","ZooKeeperServer.java","186254","237191","423445"
"2019-08-03 08:42","ZooKeeperServer.java","186333","257121","443454"
"2019-05-15 11:56","ZooKeeperServer.java","186317","241151","427468"
"2019-05-22 11:39","ZooKeeperServer.java","186317","241597","427914"
"2019-04-22 19:15","ZooKeeperServer.java","186317","239179","425496"
"2018-02-23 23:49","ZooKeeperServer.java","24030","68294","92324"
"2016-11-16 06:21","ZooKeeperServer.java","18466","58812","77278"
"2017-08-18 06:32","ZooKeeperServer.java","23143","62173","85316"
"2017-06-26 00:16","ZooKeeperServer.java","22586","61608","84194"
"2019-09-10 04:26","ZooKeeperServer.java","186333","257458","443791"
"2019-08-17 17:13","ZooKeeperServer.java","186333","256413","442746"
"2019-09-05 23:12","ZooKeeperServer.java","186333","257332","443665"
"2019-09-10 15:21","ZooKeeperServer.java","186333","257456","443789"
"2019-08-01 07:31","ZooKeeperServer.java","186333","257084","443417"
"2019-08-01 07:28","ZooKeeperServer.java","186333","256594","442927"
"2019-06-03 19:40","ZooKeeperServer.java","186333","241744","428077"
"2015-03-17 18:06","ZooKeeperServer.java","12487","42648","55135"
"2019-11-23 17:08","ZooKeeperServer.java","187678","262459","450137"
"2019-10-09 16:49","ZooKeeperServer.java","186333","259999","446332"
"2019-07-03 00:44","ZooKeeperServer.java","186333","244426","430759"
"2018-01-19 01:12","ZooKeeperServer.java","23949","67171","91120"
"2019-07-24 18:00","ZooKeeperServer.java","186333","252868","439201"
"2013-05-16 18:49","ZooKeeperServer.java","1584","7172","8756"
"2018-08-08 06:21","ZooKeeperServer.java","84804","133759","218563"
"2018-05-09 23:57","ZooKeeperServer.java","24180","69949","94129"
"2019-12-27 22:33","ZooKeeperServer.java","187678","266436","454114"
"2016-08-13 15:01","ZooKeeperServer.java","18016","54461","72477"
"2018-09-11 00:17","ZooKeeperServer.java","109107","158966","268073"
"2019-11-18 09:05","ZooKeeperServer.java","187678","260902","448580"
"2019-10-10 14:37","ZooKeeperServer.java","186333","260166","446499"
"2019-09-16 23:26","ZooKeeperServer.java","186333","259432","445765"
"2013-10-08 01:35","ZooKeeperServer.java","2667","11059","13726"
"2017-06-23 18:39","ZooKeeperServer.java","22520","61562","84082"
"2019-12-03 10:01","ZooKeeperServer.java","187678","264361","452039"
"2020-03-25 03:38","ZooKeeperServer.java","187678","270543","458221"
"2019-11-28 12:24","ZooKeeperServer.java","187678","262664","450342"
"2019-11-06 15:21","ZooKeeperServer.java","186361","260410","446771"
"2020-04-12 11:14","ZooKeeperServer.java","187678","271296","458974"
"2013-10-09 22:21","ZooKeeperServer.java","2924","13556","16480"
"2015-03-08 23:07","ZooKeeperServer.java","12368","41481","53849"
"2018-06-08 16:52","ZooKeeperServer.java","24287","70805","95092"
"2018-06-15 07:41","ZooKeeperServer.java","24293","70814","95107"
"2018-07-28 04:37","ZooKeeperServer.java","42556","90607","133163"
"2019-04-18 19:17","ZooKeeperServer.java","186317","238914","425231"
"2014-03-25 22:13","ZooKeeperServer.java","3552","18595","22147"
"2019-07-25 21:41","LeaderBean.java","7548","29140","36688"
"2019-08-17 17:13","LeaderBean.java","29879","54988","84867"
"2019-11-08 17:30","FinalRequestProcessor.java","223341","261489","484830"
"2019-07-08 23:26","FinalRequestProcessor.java","223292","244602","467894"
"2019-01-16 23:23","FinalRequestProcessor.java","223175","231689","454864"
"2018-09-18 01:00","FinalRequestProcessor.java","107458","121973","229431"
"2019-04-12 19:01","FinalRequestProcessor.java","223274","237615","460889"
"2019-02-07 11:26","FinalRequestProcessor.java","223176","234042","457218"
"2019-01-14 19:38","FinalRequestProcessor.java","223174","231000","454174"
"2019-01-09 17:22","FinalRequestProcessor.java","223176","233682","456858"
"2019-09-10 04:26","FinalRequestProcessor.java","223293","256872","480165"
"2019-08-17 17:13","FinalRequestProcessor.java","223293","255827","479120"
"2019-06-26 10:57","FinalRequestProcessor.java","223292","243676","466968"
"2019-08-01 07:28","FinalRequestProcessor.java","223293","256008","479301"
"2019-07-03 00:44","FinalRequestProcessor.java","223292","243839","467131"
"2019-08-06 17:11","FinalRequestProcessor.java","223293","256928","480221"
"2018-07-10 12:46","FinalRequestProcessor.java","19507","28792","48299"
"2020-03-25 03:38","FinalRequestProcessor.java","224881","270200","495081"
"2019-09-16 23:26","FinalRequestProcessor.java","223293","258846","482139"
"2019-10-10 14:37","FinalRequestProcessor.java","223293","259580","482873"
"2019-11-21 05:58","FinalRequestProcessor.java","224879","260580","485459"
"2019-11-18 09:05","FinalRequestProcessor.java","224879","260557","485436"
"2019-11-11 13:59","FinalRequestProcessor.java","223341","263285","486626"
"2020-03-26 22:12","FinalRequestProcessor.java","224881","270202","495083"
"2019-08-17 17:13","ZooKeeperServerConfTest.java","218914","255966","474880"
"2019-02-13 13:12","ZooKeeperServerConfTest.java","218823","234821","453644"
"2019-08-17 17:13","AvgMinMaxPercentileCounterTest.java","30178","52485","82663"
"2019-06-04 10:55","MetricsContext.java","949","4626","5575"
"2019-08-17 17:13","MetricsContext.java","29620","47813","77433"
"2019-08-17 17:13","MultiResponseTest.java","218914","255966","474880"
"2012-04-23 01:20","HierarchicalQuorumTest.java","28151","78282","106433"
"2014-06-04 22:07","HierarchicalQuorumTest.java","31520","106440","137960"
"2009-11-18 20:06","HierarchicalQuorumTest.java","3847","16265","20112"
"2019-08-17 17:13","HierarchicalQuorumTest.java","142084","257500","399584"
"2019-07-12 17:01","HierarchicalQuorumTest.java","142084","252813","394897"
"2010-03-13 01:06","HierarchicalQuorumTest.java","13252","39382","52634"
"2019-10-10 14:37","HierarchicalQuorumTest.java","142084","261253","403337"
"2009-08-11 23:09","HierarchicalQuorumTest.java","862","2489","3351"
"2009-11-07 01:48","HierarchicalQuorumTest.java","3193","7993","11186"
"2009-09-16 02:09","HierarchicalQuorumTest.java","1372","3787","5159"
"2018-06-26 11:18","HierarchicalQuorumTest.java","36162","139455","175617"
"2011-04-12 09:14","HierarchicalQuorumTest.java","22852","59741","82593"
"2017-05-11 16:59","HierarchicalQuorumTest.java","35783","130975","166758"
"2010-05-05 22:32","HierarchicalQuorumTest.java","16905","43054","59959"
"2010-03-31 06:26","HierarchicalQuorumTest.java","14591","40968","55559"
"2019-08-17 17:13","ZooTrace.java","210259","256151","466410"
"2017-01-28 06:43","ZooTrace.java","9987","27557","37544"
"2019-10-10 14:37","ZooTrace.java","210259","259904","470163"
"2019-08-17 17:13","ZxidRolloverTest.java","218914","255966","474880"
"2015-11-21 22:18","ZxidRolloverTest.java","320","1808","2128"
"2019-10-10 14:37","ChrootClientTest.java","3717","7470","11187"
"2019-08-17 17:13","AtomicFileWritingIdiom.java","206105","256154","462259"
"2020-05-05 21:20","ServerMetrics.java","5635","8797","14432"
"2020-03-25 03:38","ServerMetrics.java","236","2367","2603"
"2020-05-03 19:43","ServerMetrics.java","2670","5737","8407"
"2020-05-05 21:20","ServerMetrics.java","5410","6441","11851"
"2020-05-03 19:43","ServerMetrics.java","2445","3381","5826"
"2012-04-23 01:20","HierarchicalQuorumTest.java","26138","82374","108512"
"2014-06-04 22:07","HierarchicalQuorumTest.java","29066","110091","139157"
"2009-11-18 20:06","HierarchicalQuorumTest.java","6139","26648","32787"
"2009-07-17 00:09","HierarchicalQuorumTest.java","2831","10922","13753"
"2019-08-17 17:13","HierarchicalQuorumTest.java","133993","257500","391493"
"2019-07-12 17:01","HierarchicalQuorumTest.java","133993","252813","386806"
"2010-03-13 01:06","HierarchicalQuorumTest.java","13491","47712","61203"
"2019-10-10 14:37","HierarchicalQuorumTest.java","133993","261253","395246"
"2009-08-11 23:09","HierarchicalQuorumTest.java","3360","13078","16438"
"2009-11-07 01:48","HierarchicalQuorumTest.java","5617","18508","24125"
"2009-09-16 02:09","HierarchicalQuorumTest.java","3833","14339","18172"
"2018-06-26 11:18","HierarchicalQuorumTest.java","33545","142943","176488"
"2011-04-12 09:14","HierarchicalQuorumTest.java","22214","67194","89408"
"2017-05-11 16:59","HierarchicalQuorumTest.java","33176","134473","167649"
"2010-05-05 22:32","HierarchicalQuorumTest.java","16862","51102","67964"
"2010-03-31 06:26","HierarchicalQuorumTest.java","14548","49016","63564"
"2019-10-10 14:37","HierarchicalQuorumTest.java","3717","7470","11187"
"2019-08-17 17:13","KeeperException.java","25768","29313","55081"
"2020-03-25 03:38","KeeperException.java","35985","52315","88300"
"2017-09-11 18:55","QuorumBase.java","23681","64111","87792"
"2019-07-12 17:01","QuorumBase.java","185162","251777","436939"
"2019-08-17 17:13","QuorumBase.java","185162","256464","441626"
"2019-08-01 07:31","QuorumBase.java","185162","257135","442297"
"2018-08-08 06:21","QuorumBase.java","85196","135373","220569"
"2019-10-10 14:37","QuorumBase.java","185162","260217","445379"
"2020-03-25 03:38","QuorumBase.java","186474","270561","457035"
"2014-07-18 19:46","QuorumBase.java","12212","37849","50061"
"2013-10-09 22:21","QuorumBase.java","3676","15530","19206"
"2014-06-25 19:25","QuorumBase.java","10990","31631","42621"
"2019-08-17 17:13","QuorumQuotaTest.java","25620","29856","55476"
"2020-01-28 17:26","FileTxnSnapLog.java","87","558","645"
"2020-01-30 09:43","FileTxnSnapLog.java","114","661","775"
"2015-07-07 07:11","GetChildrenTest.java","35426","83925","119351"
"2011-04-12 09:14","GetChildrenTest.java","15865","10270","26135"
"2019-08-17 17:13","X509UtilTest.java","25828","29979","55807"
"2019-09-18 16:03","X509UtilTest.java","27628","34696","62324"
"2019-11-08 17:30","Request.java","27903","33336","61239"
"2019-08-06 17:11","Request.java","450","1370","1820"
"2019-08-17 17:13","Request.java","25044","24863","49907"
"2020-03-25 03:38","Request.java","35551","48155","83706"
"2019-09-20 10:06","Request.java","27185","29867","57052"
"2019-09-16 23:26","Request.java","26869","29707","56576"
"2019-12-27 22:33","Request.java","33741","42238","75979"
"2019-11-11 13:59","Request.java","27935","35164","63099"
"2020-05-05 21:20","Request.java","39080","52715","91795"
"2018-10-16 16:22","QuorumPeerConfig.java","179296","235186","414482"
"2018-12-09 03:16","QuorumPeerConfig.java","198691","228842","427533"
"2019-04-12 19:01","QuorumPeerConfig.java","198783","238083","436866"
"2018-09-11 15:23","QuorumPeerConfig.java","112110","150329","262439"
"2018-12-15 07:34","QuorumPeerConfig.java","198691","228757","427448"
"2019-02-13 13:12","QuorumPeerConfig.java","198712","235151","433863"
"2019-08-17 17:13","QuorumPeerConfig.java","198799","256292","455091"
"2015-03-17 18:06","QuorumPeerConfig.java","10723","28297","39020"
"2017-11-28 00:10","QuorumPeerConfig.java","23679","54157","77836"
"2019-06-05 00:29","QuorumPeerConfig.java","198799","241959","440758"
"2014-09-17 07:34","QuorumPeerConfig.java","10092","24213","34305"
"2020-01-09 11:27","QuorumPeerConfig.java","200216","265812","466028"
"2019-07-12 17:01","QuorumPeerConfig.java","198799","251605","450404"
"2016-11-13 20:59","QuorumPeerConfig.java","17380","44592","61972"
"2019-05-15 11:56","QuorumPeerConfig.java","198783","241030","439813"
"2014-08-19 22:50","QuorumPeerConfig.java","10092","23127","33219"
"2018-10-01 06:11","QuorumPeerConfig.java","112350","154403","266753"
"2017-07-28 00:36","QuorumPeerConfig.java","23030","49088","72118"
"2017-07-06 18:48","QuorumPeerConfig.java","22016","48956","70972"
"2020-01-23 13:43","QuorumPeerConfig.java","200216","267636","467852"
"2014-05-17 13:23","QuorumPeerConfig.java","7742","12637","20379"
"2014-07-04 04:19","QuorumPeerConfig.java","8133","15577","23710"
"2016-06-23 19:42","QuorumPeerConfig.java","16262","39042","55304"
"2015-09-06 20:02","QuorumPeerConfig.java","12641","33727","46368"
"2015-09-29 03:56","QuorumPeerConfig.java","12687","33954","46641"
"2019-10-10 14:37","QuorumPeerConfig.java","198799","260045","458844"
"2018-07-27 12:32","QuorumPeerConfig.java","42876","78268","121144"
"2019-04-18 19:17","QuorumPeerConfig.java","198783","238793","437576"
"2016-11-03 16:07","QuorumPeerConfig.java","17238","42781","60019"
"2014-03-25 22:13","QuorumPeerConfig.java","395","2851","3246"
"2014-08-01 07:38","QuorumPeerConfig.java","9903","22403","32306"
"2014-08-14 08:08","QuorumPeerConfig.java","9999","22920","32919"
"2020-02-16 10:25","QuorumPeerConfig.java","200216","268349","468565"
"2020-05-14 18:18","QuorumPeerConfig.java","200227","271585","471812"
"2017-05-11 16:59","QuorumPeerConfig.java","21717","47790","69507"
"2019-11-08 17:30","FinalRequestProcessor.java","200410","261934","462344"
"2019-07-08 23:26","FinalRequestProcessor.java","200382","245068","445450"
"2019-01-16 23:23","FinalRequestProcessor.java","200276","232166","432442"
"2018-09-18 01:00","FinalRequestProcessor.java","112279","150170","262449"
"2019-04-12 19:01","FinalRequestProcessor.java","200366","238083","438449"
"2019-02-07 11:26","FinalRequestProcessor.java","200277","234519","434796"
"2019-01-14 19:38","FinalRequestProcessor.java","200275","231477","431752"
"2019-01-09 17:22","FinalRequestProcessor.java","200277","234159","434436"
"2015-06-04 19:51","FinalRequestProcessor.java","11517","29842","41359"
"2019-09-10 04:26","FinalRequestProcessor.java","200382","257337","457719"
"2019-08-17 17:13","FinalRequestProcessor.java","200382","256292","456674"
"2016-10-07 21:51","FinalRequestProcessor.java","17313","40689","58002"
"2019-06-26 10:57","FinalRequestProcessor.java","200382","244142","444524"
"2019-08-01 07:28","FinalRequestProcessor.java","200382","256473","456855"
"2019-07-03 00:44","FinalRequestProcessor.java","200382","244305","444687"
"2016-03-23 00:30","FinalRequestProcessor.java","16025","35894","51919"
"2019-08-06 17:11","FinalRequestProcessor.java","200382","257393","457775"
"2015-03-17 18:06","FinalRequestProcessor.java","10781","26772","37553"
"2018-07-10 12:46","FinalRequestProcessor.java","32554","65215","97769"
"2020-03-25 03:38","FinalRequestProcessor.java","201799","270494","472293"
"2019-09-16 23:26","FinalRequestProcessor.java","200382","259311","459693"
"2019-10-10 14:37","FinalRequestProcessor.java","200382","260045","460427"
"2019-11-21 05:58","FinalRequestProcessor.java","201799","260876","462675"
"2019-11-18 09:05","FinalRequestProcessor.java","201799","260853","462652"
"2019-11-11 13:59","FinalRequestProcessor.java","200410","263730","464140"
"2020-03-26 22:12","FinalRequestProcessor.java","201799","270496","472295"
"2014-04-17 08:47","FinalRequestProcessor.java","7671","10230","17901"
"2014-04-29 02:23","FinalRequestProcessor.java","7729","10994","18723"
"2019-08-17 17:13","SnapStream.java","29730","48462","78192"
"2019-06-03 19:40","SnapStream.java","989","5052","6041"
"2019-07-31 19:06","SnapStream.java","7409","25448","32857"
"2019-10-10 14:37","SnapStream.java","31829","54314","86143"
"2019-09-26 14:16","SnapStream.java","31342","53393","84735"
"2019-12-03 19:12","SnapStream.java","37580","62927","100507"
"2020-02-16 10:25","LearnerTest.java","221968","268109","490077"
"2020-01-28 17:26","LearnerTest.java","221968","267867","489835"
"2019-08-17 17:13","LearnerTest.java","220415","255916","476331"
"2019-07-12 17:01","LearnerTest.java","220415","251229","471644"
"2019-02-13 13:12","LearnerTest.java","220324","234771","455095"
"2019-11-29 14:49","LearnerTest.java","221966","264024","485990"
"2014-06-04 22:07","RemotePeerBean.java","16789","140948","157737"
"2019-08-17 17:13","RemotePeerBean.java","90102","257706","347808"
"2019-11-29 14:49","RemotePeerBean.java","90558","264719","355277"
"2018-06-26 11:18","RemotePeerBean.java","20151","172683","192834"
"2015-09-10 06:35","RemotePeerBean.java","17218","156726","173944"
"2011-08-11 08:00","FourLetterWordsTest.java","19167","38780","57947"
"2010-07-05 20:20","FourLetterWordsTest.java","5972","17077","23049"
"2014-01-25 01:17","FourLetterWordsTest.java","30031","76066","106097"
"2019-10-10 14:37","FourLetterWordsTest.java","167718","260768","428486"
"2015-11-08 22:36","FourLetterWordsTest.java","37217","103129","140346"
"2015-07-05 06:05","FourLetterWordsTest.java","37108","101782","138890"
"2015-06-28 21:09","FourLetterWordsTest.java","37108","101712","138820"
"2015-03-28 20:08","FourLetterWordsTest.java","36903","99807","136710"
"2019-08-17 17:13","FourLetterWordsTest.java","167718","257015","424733"
"2019-05-08 21:54","FourLetterWordsTest.java","167719","241518","409237"
"2015-07-10 08:19","FourLetterWordsTest.java","37162","102091","139253"
"2012-02-11 00:34","FourLetterWordsTest.java","25319","48532","73851"
"2018-12-20 15:13","QuorumPeer.java","227924","228509","456433"
"2019-05-16 16:25","QuorumPeer.java","228044","239858","467902"
"2018-10-16 16:22","QuorumPeer.java","205782","231194","436976"
"2019-06-14 09:06","QuorumPeer.java","228063","243076","471139"
"2018-12-07 12:41","QuorumPeer.java","227923","225522","453445"
"2019-03-11 19:47","QuorumPeer.java","227952","234965","462917"
"2019-02-13 13:12","QuorumPeer.java","227951","233912","461863"
"2019-04-12 19:01","QuorumPeer.java","228027","236849","464876"
"2018-12-09 03:16","QuorumPeer.java","227923","227596","455519"
"2018-09-11 15:23","QuorumPeer.java","101126","108867","209993"
"2019-11-29 14:49","QuorumPeer.java","229834","263406","493240"
"2018-12-15 07:34","QuorumPeer.java","227923","227511","455434"
"2018-11-27 10:02","QuorumPeer.java","227923","225272","453195"
"2018-09-18 01:00","QuorumPeer.java","101260","110256","211516"
"2019-06-03 19:40","QuorumPeer.java","228063","240409","468472"
"2019-07-15 14:15","QuorumPeer.java","228064","250498","478562"
"2019-07-03 00:44","QuorumPeer.java","228063","243091","471154"
"2019-08-17 17:13","QuorumPeer.java","228064","255079","483143"
"2018-01-30 08:02","QuorumPeer.java","495","648","1143"
"2019-05-15 11:56","QuorumPeer.java","228044","239813","467857"
"2019-06-05 00:33","QuorumPeer.java","228063","240799","468862"
"2019-05-20 23:13","QuorumPeer.java","228046","239933","467979"
"2019-06-04 10:55","QuorumPeer.java","228063","240562","468625"
"2019-07-12 17:01","QuorumPeer.java","228064","250392","478456"
"2020-01-09 11:27","QuorumPeer.java","229836","264954","494790"
"2018-10-01 06:11","QuorumPeer.java","101963","113538","215501"
"2018-07-04 17:11","QuorumPeer.java","11756","15470","27226"
"2019-12-17 13:48","QuorumPeer.java","229834","263978","493812"
"2020-01-23 13:43","QuorumPeer.java","229836","266778","496614"
"2018-12-06 10:56","QuorumPeer.java","227923","225466","453389"
"2019-10-10 14:37","QuorumPeer.java","228065","258833","486898"
"2018-06-26 11:18","QuorumPeer.java","1257","4953","6210"
"2018-07-27 12:32","QuorumPeer.java","22382","27296","49678"
"2019-04-18 19:17","QuorumPeer.java","228027","237559","465586"
"2020-02-16 10:25","QuorumPeer.java","229836","267491","497327"
"2019-06-05 00:29","SSLContextAndOptions.java","2089","10765","12854"
"2019-08-17 17:13","SSLContextAndOptions.java","30043","53052","83095"
"2019-10-10 14:37","SSLContextAndOptions.java","32097","58859","90956"
"2019-08-17 17:13","WatchesReportTest.java","158773","174218","332991"
"2019-08-17 17:13","SaslAuthDesignatedClientTest.java","220587","255887","476474"
"2019-08-17 17:13","VerifyingFileFactory.java","177119","256742","433861"
"2016-05-02 18:15","VerifyingFileFactory.java","23229","67552","90781"
"2015-03-08 23:07","ObserverZooKeeperServer.java","31470","104278","135748"
"2011-10-27 23:25","ObserverZooKeeperServer.java","24761","57385","82146"
"2013-11-14 05:34","ObserverZooKeeperServer.java","29102","84236","113338"
"2019-10-10 14:37","ObserverZooKeeperServer.java","154969","260868","415837"
"2016-08-13 15:01","ObserverZooKeeperServer.java","33737","113877","147614"
"2013-09-30 22:20","ObserverZooKeeperServer.java","28793","80310","109103"
"2019-06-04 10:55","ObserverZooKeeperServer.java","154969","242599","397568"
"2019-08-17 17:13","ObserverZooKeeperServer.java","154969","257115","412084"
"2019-06-03 19:40","ObserverZooKeeperServer.java","154969","242446","397415"
"2019-02-13 13:12","ObserverZooKeeperServer.java","154927","236019","390946"
"2019-10-10 14:37","QuorumPeerMain.java","72482","261463","333945"
"2010-03-13 01:06","QuorumPeerMain.java","13703","109645","123348"
"2020-01-23 13:43","QuorumPeerMain.java","72935","268090","341025"
"2019-11-28 12:24","QuorumPeerMain.java","72935","263069","336004"
"2012-03-06 09:20","QuorumPeerMain.java","17220","127521","144741"
"2010-08-18 08:24","QuorumPeerMain.java","14631","130287","144918"
"2013-10-09 22:21","QuorumPeerMain.java","18347","147585","165932"
"2011-09-02 22:50","QuorumPeerMain.java","14256","124929","139185"
"2020-02-16 10:25","QuorumPeerMain.java","72935","268803","341738"
"2019-04-18 19:17","QuorumPeerMain.java","72482","240227","312709"
"2011-04-12 09:14","QuorumPeerMain.java","15332","122033","137365"
"2019-11-11 13:59","QuorumPeerMain.java","72482","265120","337602"
"2019-04-12 19:01","QuorumPeerMain.java","72482","239517","311999"
"2018-09-11 15:23","QuorumPeerMain.java","49054","218466","267520"
"2017-02-13 22:09","QuorumPeerMain.java","20566","177763","198329"
"2014-07-18 02:19","QuorumPeerMain.java","19821","162615","182436"
"2018-08-06 14:11","QuorumPeerMain.java","23957","191154","215111"
"2009-01-15 23:57","QuorumPeerMain.java","8777","26401","35178"
"2008-11-18 18:22","QuorumPeerMain.java","4597","21501","26098"
"2012-04-23 01:20","QuorumPeerMain.java","17363","129568","146931"
"2009-04-07 00:19","QuorumPeerMain.java","10183","42642","52825"
"2017-07-28 00:36","QuorumPeerMain.java","20837","178088","198925"
"2009-06-05 06:44","QuorumPeerMain.java","10841","70233","81074"
"2019-08-17 17:13","QuorumPeerMain.java","72482","257710","330192"
"2015-03-17 18:06","QuorumPeerMain.java","19937","168704","188641"
"2017-11-28 00:10","QuorumPeerMain.java","20867","182538","203405"
"2019-11-08 17:30","Request.java","29507","47271","76778"
"2019-07-08 23:26","Request.java","284","1210","1494"
"2019-08-06 17:11","Request.java","3580","16831","20411"
"2019-08-01 07:28","Request.java","3145","15476","18621"
"2019-08-17 17:13","Request.java","26898","39048","65946"
"2020-03-25 03:38","Request.java","36939","61874","98813"
"2019-09-20 10:06","Request.java","28799","43812","72611"
"2019-09-16 23:26","Request.java","28485","43654","72139"
"2019-12-27 22:33","Request.java","35268","56096","91364"
"2019-11-11 13:59","Request.java","29538","49098","78636"
"2020-05-05 21:20","Request.java","40438","66404","106842"
"2019-01-14 19:43","ZKUtil.java","222120","231288","453408"
"2020-03-22 14:47","ZKUtil.java","223820","269486","493306"
"2019-11-11 13:59","ZKUtil.java","222287","263343","485630"
"2019-04-09 15:35","ZKUtil.java","222145","236648","458793"
"2019-08-03 08:42","ZKUtil.java","222239","256593","478832"
"2019-06-06 00:01","ZKUtil.java","222238","242021","464259"
"2019-08-17 17:13","ZKUtil.java","222239","255885","478124"
"2014-05-20 17:10","Environment.java","20005","143724","163729"
"2011-04-12 09:14","Environment.java","14281","103630","117911"
"2017-09-11 18:55","Environment.java","23021","168036","191057"
"2012-09-03 07:56","Environment.java","17587","118889","136476"
"2012-08-28 21:51","Environment.java","17587","118839","136426"
"2019-08-17 17:13","Environment.java","89830","257706","347536"
"2010-03-31 06:26","QuorumZxidSyncTest.java","12518","26198","38716"
"2019-09-18 11:20","QuorumZxidSyncTest.java","154468","260099","414567"
"2017-01-13 19:29","QuorumZxidSyncTest.java","34668","120484","155152"
"2019-08-17 17:13","QuorumZxidSyncTest.java","154468","257187","411655"
"2019-08-17 17:13","SummarySet.java","29620","47813","77433"
"2020-03-25 03:38","ZooKeeperServerMXBean.java","10043","14819","24862"
"2019-08-17 17:13","DataTreeBean.java","153704","174233","327937"
"2011-07-01 00:53","PrepRequestProcessor.java","11421","105124","116545"
"2015-02-06 06:17","PrepRequestProcessor.java","17071","151762","168833"
"2012-02-06 10:39","PrepRequestProcessor.java","14024","111056","125080"
"2013-03-07 07:01","PrepRequestProcessor.java","15099","126288","141387"
"2019-02-07 11:26","PrepRequestProcessor.java","90094","236011","326105"
"2019-09-11 10:27","PrepRequestProcessor.java","90121","259062","349183"
"2018-07-19 05:59","PrepRequestProcessor.java","26312","179539","205851"
"2017-09-11 18:55","PrepRequestProcessor.java","19955","164915","184870"
"2019-01-16 14:21","PrepRequestProcessor.java","90094","233659","323753"
"2017-06-01 05:45","PrepRequestProcessor.java","19848","164344","184192"
"2012-04-14 02:32","PrepRequestProcessor.java","14168","112764","126932"
"2019-11-08 17:30","PrepRequestProcessor.java","90121","263320","353441"
"2016-11-13 20:59","PrepRequestProcessor.java","18970","164521","183491"
"2019-04-09 15:35","PrepRequestProcessor.java","90100","238542","328642"
"2019-04-17 14:16","PrepRequestProcessor.java","90122","239779","329901"
"2014-10-28 05:35","PrepRequestProcessor.java","17031","149783","166814"
"2019-05-10 12:22","PrepRequestProcessor.java","90122","242214","332336"
"2009-02-20 01:23","PrepRequestProcessor.java","2703","16310","19013"
"2017-06-26 00:16","PrepRequestProcessor.java","19867","164641","184508"
"2019-02-07 11:22","PrepRequestProcessor.java","90094","235673","325767"
"2016-11-16 06:21","PrepRequestProcessor.java","18980","165078","184058"
"2019-08-01 07:31","PrepRequestProcessor.java","90121","258377","348498"
"2019-06-26 10:57","PrepRequestProcessor.java","90121","245556","335677"
"2009-11-12 23:48","PrepRequestProcessor.java","7678","69852","77530"
"2014-01-24 07:18","PrepRequestProcessor.java","15323","135245","150568"
"2009-06-15 22:52","PrepRequestProcessor.java","4422","47429","51851"
"2015-05-29 19:45","PrepRequestProcessor.java","17097","154579","171676"
"2016-10-07 21:51","PrepRequestProcessor.java","18960","162258","181218"
"2015-06-04 19:51","PrepRequestProcessor.java","17158","155405","172563"
"2009-06-26 22:29","PrepRequestProcessor.java","5276","56917","62193"
"2019-08-17 17:13","PrepRequestProcessor.java","90121","257706","347827"
"2009-06-18 18:37","PrepRequestProcessor.java","4671","48749","53420"
"2018-08-08 06:21","PrepRequestProcessor.java","35418","190125","225543"
"2018-05-09 23:57","PrepRequestProcessor.java","20090","171611","191701"
"2015-06-11 20:09","PrepRequestProcessor.java","17160","155533","172693"
"2019-12-27 22:33","PrepRequestProcessor.java","90577","266840","357417"
"2009-12-18 03:19","PrepRequestProcessor.java","8098","73537","81635"
"2009-12-11 21:24","PrepRequestProcessor.java","7829","72815","80644"
"2009-11-07 01:48","PrepRequestProcessor.java","7406","64375","71781"
"2014-04-01 01:47","PrepRequestProcessor.java","15513","136698","152211"
"2019-10-10 14:37","PrepRequestProcessor.java","90121","261459","351580"
"2020-03-25 03:38","PrepRequestProcessor.java","90577","270947","361524"
"2010-01-25 04:28","PrepRequestProcessor.java","8351","76831","85182"
"2011-08-15 02:35","PrepRequestProcessor.java","9429","103258","112687"
"2014-07-25 01:31","PrepRequestProcessor.java","16989","147665","164654"
"2013-10-09 22:21","PrepRequestProcessor.java","15279","131663","146942"
"2010-08-18 08:24","PrepRequestProcessor.java","9957","107970","117927"
"2011-09-17 02:36","PrepRequestProcessor.java","12070","108126","120196"
"2014-04-29 02:23","PrepRequestProcessor.java","16695","139882","156577"
"2015-03-08 23:07","PrepRequestProcessor.java","17087","151952","169039"
"2009-01-31 00:01","PrepRequestProcessor.java","1417","10420","11837"
"2014-07-22 06:51","PrepRequestProcessor.java","16947","147434","164381"
"2012-03-15 17:47","PrepRequestProcessor.java","14043","112288","126331"
"2011-04-12 09:14","PrepRequestProcessor.java","10870","99928","110798"
"2011-11-01 15:41","PrepRequestProcessor.java","13685","108533","122218"
"2011-10-28 00:58","PrepRequestProcessor.java","13636","108322","121958"
"2011-10-20 20:02","PrepRequestProcessor.java","13578","108045","121623"
"2011-10-17 16:59","PrepRequestProcessor.java","12110","107985","120095"
"2018-06-15 07:41","PrepRequestProcessor.java","20107","172380","192487"
"2012-12-19 19:16","PrepRequestProcessor.java","14813","121446","136259"
"2011-11-14 20:18","PrepRequestProcessor.java","13678","109161","122839"
"2019-04-12 19:01","ServerStats.java","231717","236617","468334"
"2019-01-07 14:39","ServerStats.java","231605","229537","461142"
"2018-09-18 01:00","ServerStats.java","89799","94873","184672"
"2019-08-17 17:13","ServerStats.java","231754","254847","486601"
"2019-07-30 02:31","CommitProcessorConcurrencyTest.java","224314","253107","477421"
"2019-08-17 17:13","CommitProcessorConcurrencyTest.java","224314","255186","479500"
"2019-10-10 14:37","CommitProcessorConcurrencyTest.java","224315","258940","483255"
"2011-04-29 18:12","QuorumCnxManager.java","10896","100289","111185"
"2011-12-28 01:26","QuorumCnxManager.java","13843","110078","123921"
"2019-11-29 14:49","QuorumCnxManager.java","90577","264719","355296"
"2013-03-07 07:01","QuorumCnxManager.java","15099","126288","141387"
"2018-07-11 06:04","QuorumCnxManager.java","26305","178875","205180"
"2018-08-06 14:11","QuorumCnxManager.java","26341","180684","207025"
"2010-11-17 15:59","QuorumCnxManager.java","10400","139436","149836"
"2012-06-29 22:08","QuorumCnxManager.java","14205","113599","127804"
"2018-10-16 16:22","QuorumCnxManager.java","68725","242954","311679"
"2019-06-14 09:06","QuorumCnxManager.java","90121","245704","335825"
"2019-08-03 08:42","QuorumCnxManager.java","90121","258414","348535"
"2019-11-13 20:41","QuorumCnxManager.java","90121","265425","355546"
"2019-04-09 16:08","QuorumCnxManager.java","90100","238541","328641"
"2019-08-06 12:52","QuorumCnxManager.java","90121","258679","348800"
"2017-02-09 11:40","QuorumCnxManager.java","19190","166783","185973"
"2019-05-20 23:13","QuorumCnxManager.java","90122","242579","332701"
"2015-04-09 20:16","QuorumCnxManager.java","17098","154074","171172"
"2017-08-23 02:16","QuorumCnxManager.java","19924","164821","184745"
"2019-07-27 20:04","QuorumCnxManager.java","90121","254237","344358"
"2009-06-30 22:47","QuorumCnxManager.java","5297","57249","62546"
"2015-05-29 23:46","QuorumCnxManager.java","17097","154589","171686"
"2015-05-14 07:10","QuorumCnxManager.java","17106","154302","171408"
"2020-03-12 14:47","QuorumCnxManager.java","90577","270105","360682"
"2019-08-17 17:13","QuorumCnxManager.java","90121","257706","347827"
"2009-05-20 22:16","QuorumCnxManager.java","4080","43972","48052"
"2017-11-28 00:10","QuorumCnxManager.java","19978","168795","188773"
"2009-04-04 00:01","QuorumCnxManager.java","2888","17380","20268"
"2009-11-18 20:06","QuorumCnxManager.java","7712","72299","80011"
"2009-10-27 22:14","QuorumCnxManager.java","6173","61641","67814"
"2009-12-15 23:23","QuorumCnxManager.java","7919","73084","81003"
"2009-08-11 00:24","QuorumCnxManager.java","5546","58707","64253"
"2009-08-03 23:27","QuorumCnxManager.java","5504","57919","63423"
"2019-10-10 14:37","QuorumCnxManager.java","90121","261459","351580"
"2014-07-23 19:36","QuorumCnxManager.java","16947","147490","164437"
"2017-06-09 18:37","QuorumCnxManager.java","19848","164449","184297"
"2020-01-23 13:43","QuorumCnxManager.java","90577","268089","358666"
"2014-03-23 04:12","QuorumCnxManager.java","15439","135998","151437"
"2010-01-19 21:06","QuorumCnxManager.java","8111","76292","84403"
"2010-01-21 04:08","QuorumCnxManager.java","8118","76305","84423"
"2014-07-08 05:25","QuorumCnxManager.java","16870","143143","160013"
"2019-11-28 12:24","QuorumCnxManager.java","90577","263068","353645"
"2014-06-25 15:04","QuorumCnxManager.java","16736","141373","158109"
"2011-08-15 02:44","QuorumCnxManager.java","9429","103271","112700"
"2016-06-08 17:43","QuorumCnxManager.java","18660","159684","178344"
"2020-03-23 16:20","QuorumCnxManager.java","90577","270276","360853"
"2020-02-16 10:25","QuorumCnxManager.java","90577","268802","359379"
"2014-07-22 06:45","QuorumCnxManager.java","16945","147413","164358"
"2011-04-12 09:14","QuorumCnxManager.java","10870","99928","110798"
"2010-10-06 19:01","QuorumCnxManager.java","9966","136395","146361"
"2018-07-27 12:32","QuorumCnxManager.java","26323","180054","206377"
"2010-10-20 00:32","QuorumCnxManager.java","9946","137868","147814"
"2011-03-16 19:49","QuorumCnxManager.java","10561","141092","151653"
"2019-08-17 17:13","NodeHashMap.java","24762","25455","50217"
"2019-11-18 09:05","MockServerCnxn.java","9013","12157","21170"
"2019-10-10 14:37","WriteLock.java","27642","30687","58329"
"2019-08-27 09:23","WriteLock.java","26020","25905","51925"
"2019-08-17 17:13","ZooKeeperCriticalThread.java","29620","47813","77433"
"2018-11-22 17:56","NettyServerCnxnTest.java","198546","224881","423427"
"2018-09-07 02:34","NettyServerCnxnTest.java","112127","149501","261628"
"2019-02-12 15:25","NettyServerCnxnTest.java","198549","235012","433561"
"2015-01-30 03:23","NettyServerCnxnTest.java","10495","26786","37281"
"2019-06-24 11:05","NettyServerCnxnTest.java","198654","243625","442279"
"2019-07-23 15:55","NettyServerCnxnTest.java","198654","252300","450954"
"2018-07-12 01:33","NettyServerCnxnTest.java","32632","67177","99809"
"2019-08-17 17:13","NettyServerCnxnTest.java","198654","256292","454946"
"2019-06-07 14:13","NettyServerCnxnTest.java","198654","242396","441050"
"2015-07-07 07:11","DeleteTest.java","33962","99820","133782"
"2010-08-17 09:24","DeleteTest.java","1868","19284","21152"
"2011-04-12 09:14","DeleteTest.java","15498","27319","42817"
"2019-07-23 15:55","SSLAuthTest.java","12913","36348","49261"
"2019-08-17 17:13","SSLAuthTest.java","35700","63127","98827"
"2019-06-03 19:40","SSLAuthTest.java","8224","20982","29206"
"2019-02-13 13:12","SSLAuthTest.java","6993","13366","20359"
"2018-12-20 07:24","SSLAuthTest.java","21","948","969"
"2019-08-17 17:13","ServerConfigTest.java","29721","47204","76925"
"2019-10-10 14:37","NettyUtils.java","3717","7470","11187"
"2019-10-10 14:37","ClientHammerTest.java","178405","260685","439090"
"2015-02-06 06:17","ClientHammerTest.java","20967","71041","92008"
"2019-08-17 17:13","ClientHammerTest.java","178405","256932","435337"
"2019-04-10 13:19","FileSnap.java","100900","238958","339858"
"2019-07-31 19:06","FileSnap.java","100899","256996","357895"
"2020-01-30 09:43","FileSnap.java","101355","268619","369974"
"2010-03-12 23:36","FileSnap.java","13281","80834","94115"
"2019-05-27 10:54","FileSnap.java","100900","243010","343910"
"2017-06-26 00:07","FileSnap.java","27368","161727","189095"
"2017-08-18 06:32","FileSnap.java","27424","161785","189209"
"2019-08-17 17:13","FileSnap.java","100899","257689","358588"
"2009-04-17 20:11","FileSnap.java","3502","8127","11629"
"2018-02-14 21:23","FileSnap.java","27558","166989","194547"
"2019-12-03 19:12","FileSnap.java","101355","264760","366115"
"2019-12-27 22:33","FileSnap.java","101355","266823","368178"
"2019-10-10 14:37","FileSnap.java","100899","261442","362341"
"2020-01-28 17:26","FileSnap.java","101355","268543","369898"
"2011-04-12 09:14","FileSnap.java","18233","96496","114729"
"2017-01-23 02:13","FileSnap.java","26619","163699","190318"
"2019-08-17 17:13","AsyncTest.java","224314","255186","479500"
"2017-07-28 00:36","JRecord.java","29592","80765","110357"
"2019-06-20 20:25","JRecord.java","174296","244223","418519"
"2019-07-29 17:15","JRecord.java","174296","254504","428800"
"2016-11-24 17:18","JRecord.java","26247","79142","105389"
"2017-09-11 18:55","JRecord.java","29784","81520","111304"
"2016-11-25 07:08","JRecord.java","26156","79044","105200"
"2020-04-07 17:00","JRecord.java","175394","271390","446784"
"2011-09-02 22:53","JRecord.java","635","5233","5868"
"2020-03-26 18:41","ZooKeeperMain.java","195487","270503","465990"
"2016-10-16 14:21","ZooKeeperMain.java","17432","47174","64606"
"2020-04-01 17:02","ZooKeeperMain.java","195487","270827","466314"
"2019-10-10 14:37","ZooKeeperMain.java","194141","260122","454263"
"2015-11-22 00:33","ZooKeeperMain.java","13144","39813","52957"
"2020-03-26 22:19","ZooKeeperMain.java","195487","270572","466059"
"2015-11-08 22:54","ZooKeeperMain.java","13019","39395","52414"
"2016-07-27 01:33","ZooKeeperMain.java","16756","44950","61706"
"2014-04-04 00:39","ZooKeeperMain.java","1341","9160","10501"
"2019-11-28 12:24","ZooKeeperMain.java","195487","262621","458108"
"2016-11-13 20:59","ZooKeeperMain.java","17568","49515","67083"
"2019-08-03 08:42","ZooKeeperMain.java","194141","257077","451218"
"2017-07-28 00:36","ZooKeeperMain.java","23011","53804","76815"
"2016-05-02 18:15","ZooKeeperMain.java","16332","43260","59592"
"2015-03-28 20:08","ZooKeeperMain.java","11215","34513","45728"
"2019-08-17 17:13","ZooKeeperMain.java","194141","256369","450510"
"2018-08-06 14:11","ZooKeeperMain.java","42918","83657","126575"
"2019-10-10 14:37","LeaderSessionTrackerTest.java","196919","260120","457039"
"2016-08-24 01:36","LeaderSessionTrackerTest.java","17018","42599","59617"
"2019-08-17 17:13","LeaderSessionTrackerTest.java","196919","256367","453286"
"2018-11-17 18:33","ServerCnxn.java","225437","223246","448683"
"2019-01-14 19:38","ServerCnxn.java","225439","230465","455904"
"2019-04-12 19:01","ServerCnxn.java","225539","237080","462619"
"2018-09-18 01:00","ServerCnxn.java","107628","119343","226971"
"2019-07-08 23:26","ServerCnxn.java","225557","244067","469624"
"2019-08-17 17:13","ServerCnxn.java","225558","255292","480850"
"2019-07-03 00:44","ServerCnxn.java","225557","243304","468861"
"2018-07-12 01:33","ServerCnxn.java","19633","26274","45907"
"2018-08-08 06:21","ServerCnxn.java","77875","86484","164359"
"2017-11-28 00:10","ServerCnxn.java","8250","10969","19219"
"2019-11-18 09:05","ServerCnxn.java","227162","260040","487202"
"2020-02-26 22:41","ServerCnxn.java","227164","267552","494716"
"2018-09-28 23:38","ServerCnxn.java","108310","122599","230909"
"2019-11-11 13:59","ServerCnxn.java","225606","262750","488356"
"2014-02-12 17:00","LearnerHandler.java","13802","49357","63159"
"2014-03-23 04:12","LearnerHandler.java","13945","49887","63832"
"2019-10-10 14:37","LearnerHandler.java","178405","260685","439090"
"2015-06-05 20:38","LearnerHandler.java","21332","74965","96297"
"2015-06-05 20:51","LearnerHandler.java","21332","74992","96324"
"2015-06-12 23:02","LearnerHandler.java","21346","75104","96450"
"2013-09-26 14:05","LearnerHandler.java","13258","42122","55380"
"2019-07-03 20:54","LearnerHandler.java","178405","244926","423331"
"2011-09-14 08:56","LearnerHandler.java","1988","15987","17975"
"2011-08-30 08:37","LearnerHandler.java","1817","14607","16424"
"2011-09-17 02:36","LearnerHandler.java","5033","16472","21505"
"2012-04-23 01:20","LearnerHandler.java","10791","25525","36316"
"2013-06-28 23:22","LearnerHandler.java","13228","41662","54890"
"2018-09-18 01:00","LearnerHandler.java","107222","180418","287640"
"2012-02-06 09:40","LearnerHandler.java","8013","20421","28434"
"2013-05-14 14:27","LearnerHandler.java","13007","39704","52711"
"2018-08-03 18:52","LearnerHandler.java","45240","114860","160100"
"2018-12-09 03:16","LearnerHandler.java","178339","229524","407863"
"2019-04-12 19:01","LearnerHandler.java","178406","238740","417146"
"2013-03-07 07:01","LearnerHandler.java","12977","39549","52526"
"2017-11-28 00:10","LearnerHandler.java","27966","92166","120132"
"2019-06-29 00:33","LearnerHandler.java","178405","244919","423324"
"2013-05-11 15:35","LearnerHandler.java","12984","39604","52588"
"2019-07-25 21:41","LearnerHandler.java","178405","253415","431820"
"2019-08-23 19:43","LearnerHandler.java","178405","257598","436003"
"2019-08-17 17:13","LearnerHandler.java","178405","256932","435337"
"2017-06-26 00:16","LearnerHandler.java","27627","87784","115411"
"2017-08-03 20:28","LearnerHandler.java","27653","87458","115111"
"2012-07-29 07:02","LearnerHandler.java","10847","26984","37831"
"2019-05-06 17:48","LearnerHandler.java","178406","241246","419652"
"2019-08-03 08:42","LearnerHandler.java","178405","257640","436045"
"2019-04-22 19:15","LearnerHandler.java","178406","239715","418121"
"2011-06-14 07:14","LearnerHandler.java","539","2489","3028"
"2019-10-10 14:37","ZKDatabase.java","229267","258828","488095"
"2019-12-27 22:33","ZKDatabase.java","231039","265525","496564"
"2018-09-28 23:38","ZKDatabase.java","101593","111956","213549"
"2019-11-08 17:30","ZKDatabase.java","229315","260737","490052"
"2019-05-14 17:11","ZKDatabase.java","229246","239721","468967"
"2018-09-18 01:00","ZKDatabase.java","100892","108681","209573"
"2019-02-07 11:26","ZKDatabase.java","229132","233272","462404"
"2019-04-12 19:01","ZKDatabase.java","229229","236844","466073"
"2018-09-05 22:35","ZKDatabase.java","100741","106276","207017"
"2019-08-17 17:13","ZKDatabase.java","229266","255074","484340"
"2019-09-10 00:27","ZKDatabase.java","229267","256015","485282"
"2019-04-09 15:35","ZKDatabase.java","229156","235821","464977"
"2018-09-15 00:08","ZooKeeperServer.java","101685","114063","215748"
"2019-04-12 19:01","ZooKeeperServer.java","224165","237022","461187"
"2019-07-31 19:06","ZooKeeperServer.java","224184","254541","478725"
"2019-09-11 10:27","ZooKeeperServer.java","224184","256590","480774"
"2019-01-14 19:38","ZooKeeperServer.java","224065","230407","454472"
"2019-01-07 15:34","ZooKeeperServer.java","224065","230008","454073"
"2018-11-21 17:56","ZooKeeperServer.java","224063","223203","447266"
"2019-02-13 13:12","ZooKeeperServer.java","224087","234083","458170"
"2018-07-19 05:59","ZooKeeperServer.java","22867","31312","54179"
"2018-09-18 01:00","ZooKeeperServer.java","101797","114828","216625"
"2019-03-04 08:07","ZooKeeperServer.java","224088","234661","458749"
"2019-07-08 23:26","ZooKeeperServer.java","224183","244009","468192"
"2019-01-23 14:00","ZooKeeperServer.java","224066","231843","455909"
"2019-02-13 13:19","ZooKeeperServer.java","224087","234369","458456"
"2019-05-14 17:11","ZooKeeperServer.java","224165","239882","464047"
"2019-06-04 10:55","ZooKeeperServer.java","224183","240717","464900"
"2019-04-09 15:35","ZooKeeperServer.java","224090","235997","460087"
"2019-08-03 08:42","ZooKeeperServer.java","224184","255942","480126"
"2019-05-15 11:56","ZooKeeperServer.java","224165","239969","464134"
"2019-05-22 11:39","ZooKeeperServer.java","224166","240416","464582"
"2019-04-22 19:15","ZooKeeperServer.java","224165","237997","462162"
"2018-02-23 23:49","ZooKeeperServer.java","1414","6648","8062"
"2019-09-10 04:26","ZooKeeperServer.java","224184","256279","480463"
"2019-08-17 17:13","ZooKeeperServer.java","224184","255234","479418"
"2019-09-05 23:12","ZooKeeperServer.java","224184","256153","480337"
"2019-09-10 15:21","ZooKeeperServer.java","224184","256277","480461"
"2019-08-01 07:31","ZooKeeperServer.java","224184","255905","480089"
"2019-08-01 07:28","ZooKeeperServer.java","224184","255415","479599"
"2019-06-03 19:40","ZooKeeperServer.java","224183","240564","464747"
"2019-11-23 17:08","ZooKeeperServer.java","225825","261576","487401"
"2019-10-09 16:49","ZooKeeperServer.java","224184","258820","483004"
"2019-07-03 00:44","ZooKeeperServer.java","224183","243246","467429"
"2018-01-19 01:12","ZooKeeperServer.java","1251","5443","6694"
"2019-07-24 18:00","ZooKeeperServer.java","224184","251689","475873"
"2018-08-08 06:21","ZooKeeperServer.java","70810","80735","151545"
"2018-05-09 23:57","ZooKeeperServer.java","1714","8453","10167"
"2019-12-27 22:33","ZooKeeperServer.java","225826","265554","491380"
"2018-09-11 00:17","ZooKeeperServer.java","101661","112490","214151"
"2019-11-18 09:05","ZooKeeperServer.java","225825","260019","485844"
"2019-10-10 14:37","ZooKeeperServer.java","224184","258987","483171"
"2019-09-16 23:26","ZooKeeperServer.java","224184","258253","482437"
"2019-12-03 10:01","ZooKeeperServer.java","225825","263478","489303"
"2020-03-25 03:38","ZooKeeperServer.java","225827","269662","495489"
"2019-11-28 12:24","ZooKeeperServer.java","225825","261781","487606"
"2019-11-06 15:21","ZooKeeperServer.java","224232","259251","483483"
"2020-04-12 11:14","ZooKeeperServer.java","225888","270476","496364"
"2018-06-08 16:52","ZooKeeperServer.java","1953","9441","11394"
"2018-06-15 07:41","ZooKeeperServer.java","1962","9453","11415"
"2018-07-28 04:37","ZooKeeperServer.java","23002","32023","55025"
"2019-04-18 19:17","ZooKeeperServer.java","224165","237732","461897"
"2016-11-13 20:59","TestableZooKeeper.java","66741","87677","154418"
"2019-08-17 17:13","TestableZooKeeper.java","218456","256985","475441"
"2019-03-06 03:32","TestableZooKeeper.java","218404","236718","455122"
"2013-01-25 02:17","TestableZooKeeper.java","54848","37023","91871"
"2012-03-15 18:01","TestableZooKeeper.java","50833","24593","75426"
"2018-04-25 01:41","TestableZooKeeper.java","70252","96386","166638"
"2014-03-26 22:13","TestableZooKeeper.java","56232","52427","108659"
"2020-05-17 15:13","TestableZooKeeper.java","219531","272005","491536"
"2019-10-10 14:37","LocalSessionRequestTest.java","196919","260120","457039"
"2019-09-20 10:06","LocalSessionRequestTest.java","196919","259230","456149"
"2019-08-17 17:13","LocalSessionRequestTest.java","196919","256367","453286"
"2019-08-17 17:13","ZookeeperBanner.java","30021","50498","80519"
"2018-07-19 05:59","MBeanRegistry.java","33975","174573","208548"
"2019-05-03 17:37","MBeanRegistry.java","103570","241810","345380"
"2019-08-17 17:13","MBeanRegistry.java","103569","257687","361256"
"2019-10-10 14:37","MBeanRegistry.java","103569","261440","365009"
"2015-09-10 06:07","MBeanRegistry.java","24188","150996","175184"
"2011-09-01 19:15","MBeanRegistry.java","16225","101040","117265"
"2011-04-12 09:14","MBeanRegistry.java","17772","93363","111135"
"2014-05-18 05:49","MBeanRegistry.java","23707","134729","158436"
"2019-09-11 10:27","PrepRequestProcessor.java","31403","54765","86168"
"2019-11-08 17:30","PrepRequestProcessor.java","32340","59960","92300"
"2019-04-09 15:35","PrepRequestProcessor.java","709","3572","4281"
"2019-04-17 14:16","PrepRequestProcessor.java","1077","5155","6232"
"2019-05-10 12:22","PrepRequestProcessor.java","1411","7924","9335"
"2019-08-01 07:31","PrepRequestProcessor.java","8235","30912","39147"
"2019-06-26 10:57","PrepRequestProcessor.java","5178","15034","20212"
"2019-08-17 17:13","PrepRequestProcessor.java","30123","52129","82252"
"2019-12-27 22:33","PrepRequestProcessor.java","37861","68545","106406"
"2019-10-10 14:37","PrepRequestProcessor.java","32186","57945","90131"
"2020-03-25 03:38","PrepRequestProcessor.java","39297","74088","113385"
"2019-08-17 17:13","QuorumHierarchical.java","24898","24190","49088"
"2019-10-10 14:37","QuorumHierarchical.java","27642","30687","58329"
"2017-09-11 18:55","ProviderRegistry.java","7719","6581","14300"
"2019-02-13 13:19","ProviderRegistry.java","225461","234427","459888"
"2019-08-17 17:13","ProviderRegistry.java","225558","255292","480850"
"2019-10-10 14:37","ProviderRegistry.java","225558","259045","484603"
"2019-08-17 17:13","RateLogger.java","24762","25455","50217"
"2011-05-21 00:43","DataTreeTest.java","202","1721","1923"
"2019-09-18 11:20","DataTreeTest.java","178405","259844","438249"
"2019-12-27 22:33","DataTreeTest.java","179499","266704","446203"
"2015-06-06 03:48","DataTreeTest.java","21337","75072","96409"
"2019-10-09 16:38","DataTreeTest.java","178405","260429","438834"
"2013-09-05 23:50","DataTreeTest.java","13237","41525","54762"
"2019-01-30 16:28","DataTreeTest.java","178340","233978","412318"
"2019-02-07 11:26","DataTreeTest.java","178341","235200","413541"
"2018-12-20 15:17","DataTreeTest.java","178339","230466","408805"
"2018-09-04 11:54","DataTreeTest.java","107155","177841","284996"
"2019-07-31 19:06","DataTreeTest.java","178405","256239","434644"
"2019-04-12 19:01","DataTreeTest.java","178406","238740","417146"
"2019-09-10 15:21","DataTreeTest.java","178405","257975","436380"
"2019-08-17 17:13","DataTreeTest.java","178405","256932","435337"
"2017-06-18 19:23","DataTreeTest.java","27568","87597","115165"
"2019-04-12 12:29","DataTreeTest.java","178406","238309","416715"
"2016-11-13 20:59","DataTreeTest.java","24614","85548","110162"
"2019-02-06 09:46","ZooKeeper.java","230478","232492","462970"
"2019-01-16 14:21","ZooKeeper.java","230474","230765","461239"
"2019-11-08 17:30","ZooKeeper.java","230660","260585","491245"
"2019-02-07 11:26","ZooKeeper.java","230478","233121","463599"
"2019-08-17 17:13","ZooKeeper.java","230611","254922","485533"
"2019-06-26 10:57","ZooKeeper.java","230610","242771","473381"
"2019-06-03 19:40","ZooKeeper.java","230610","240252","470862"
"2019-08-03 08:42","ZooKeeper.java","230611","255630","486241"
"2020-04-16 12:50","ZooKeeper.java","232536","270421","502957"
"2018-07-27 05:16","ZooKeeper.java","21696","23714","45410"
"2019-10-10 14:37","ZooKeeper.java","230612","258676","489288"
"2019-02-11 12:34","ZooKeeper.java","230479","233485","463964"
"2020-05-17 15:13","ZooKeeper.java","232568","270824","503392"
"2019-03-12 19:08","ZooKeeper.java","230500","234934","465434"
"2014-06-25 19:06","AsyncCallback.java","10224","28755","38979"
"2019-09-05 22:59","AsyncCallback.java","187214","257045","444259"
"2019-01-16 14:21","AsyncCallback.java","187116","232295","419411"
"2019-02-07 11:26","AsyncCallback.java","187117","234648","421765"
"2019-08-17 17:13","AsyncCallback.java","187214","256413","443627"
"2017-07-28 00:36","AsyncCallback.java","23171","60935","84106"
"2013-02-03 15:52","AsyncCallback.java","725","1218","1943"
"2019-10-10 14:37","StandaloneDisabledTest.java","230890","258676","489566"
"2019-06-03 19:40","StandaloneDisabledTest.java","230888","240252","471140"
"2019-08-17 17:13","StandaloneDisabledTest.java","230889","254922","485811"
"2018-09-07 02:49","ClientBase.java","40942","41807","82749"
"2019-07-31 19:06","ClientBase.java","191803","212235","404038"
"2019-08-17 17:13","ClientBase.java","191803","212928","404731"
"2019-06-07 14:13","ClientBase.java","191797","199026","390823"
"2019-06-24 11:05","ClientBase.java","191799","200257","392056"
"2019-11-14 16:44","ClientBase.java","191852","221004","412856"
"2019-10-10 14:37","ClientBase.java","191804","216682","408486"
"2019-10-10 14:37","LeaderElectionSupportTest.java","2537","5697","8234"
"2019-11-08 17:30","Watcher.java","223847","260896","484743"
"2019-08-17 17:13","Watcher.java","223799","255234","479033"
"2019-08-17 17:13","UnifiedConnectionFactory.java","25352","28338","53690"
"2019-11-08 17:30","FinalRequestProcessor.java","29507","47271","76778"
"2019-07-08 23:26","FinalRequestProcessor.java","284","1210","1494"
"2019-09-10 04:26","FinalRequestProcessor.java","28233","41428","69661"
"2019-08-17 17:13","FinalRequestProcessor.java","26898","39048","65946"
"2019-08-01 07:28","FinalRequestProcessor.java","3145","15476","18621"
"2019-07-03 00:44","FinalRequestProcessor.java","197","360","557"
"2019-08-06 17:11","FinalRequestProcessor.java","3580","16831","20411"
"2020-03-25 03:38","FinalRequestProcessor.java","36939","61874","98813"
"2019-09-16 23:26","FinalRequestProcessor.java","28485","43654","72139"
"2019-10-10 14:37","FinalRequestProcessor.java","29333","45236","74569"
"2019-11-21 05:58","FinalRequestProcessor.java","34582","49899","84481"
"2019-11-18 09:05","FinalRequestProcessor.java","34572","49866","84438"
"2019-11-11 13:59","FinalRequestProcessor.java","29538","49098","78636"
"2020-03-26 22:12","FinalRequestProcessor.java","36992","61929","98921"
"2019-12-27 22:33","QuorumPeerTestBase.java","6378","11303","17681"
"2019-09-11 10:27","SerializeUtils.java","105419","258940","364359"
"2013-03-07 07:01","SerializeUtils.java","22002","118609","140611"
"2011-07-01 00:53","SerializeUtils.java","18206","96489","114695"
"2019-08-17 17:13","SerializeUtils.java","105419","257584","363003"
"2015-06-04 19:51","SerializeUtils.java","24206","147871","172077"
"2016-10-07 21:51","SerializeUtils.java","26124","154840","180964"
"2009-06-15 22:52","SerializeUtils.java","2677","30264","32941"
"2018-02-07 01:05","SerializeUtils.java","27523","162613","190136"
"2011-06-23 18:01","SerializeUtils.java","17881","93614","111495"
"2019-12-27 22:33","SerializeUtils.java","105976","266819","372795"
"2012-12-19 19:16","SerializeUtils.java","21688","113739","135427"
"2011-04-12 09:14","SerializeUtils.java","17654","91292","108946"
"2013-09-18 01:14","ReadOnlyRequestProcessor.java","13135","40272","53407"
"2014-03-23 04:12","ReadOnlyRequestProcessor.java","13860","48459","62319"
"2015-03-08 23:07","ReadOnlyRequestProcessor.java","20949","69854","90803"
"2012-03-15 17:47","ReadOnlyRequestProcessor.java","8259","20544","28803"
"2011-10-28 18:37","ReadOnlyRequestProcessor.java","6939","15696","22635"
"2013-03-07 07:01","ReadOnlyRequestProcessor.java","12862","38091","50953"
"2016-10-07 21:51","ReadOnlyRequestProcessor.java","24627","81965","106592"
"2019-08-17 17:13","ReadOnlyRequestProcessor.java","179726","256910","436636"
"2015-06-04 19:51","ReadOnlyRequestProcessor.java","21278","73565","94843"
"2019-04-09 15:35","ClientCnxnSocketNetty.java","8931","21091","30022"
"2019-06-03 19:40","ClientCnxnSocketNetty.java","9865","26499","36364"
"2019-08-17 17:13","ClientCnxnSocketNetty.java","36458","67761","104219"
"2018-12-15 07:34","ClientCnxnSocketNetty.java","1705","5581","7286"
"2019-02-12 15:25","ClientCnxnSocketNetty.java","8490","18618","27108"
"2019-10-10 14:37","ClientCnxnSocketNetty.java","38431","73487","111918"
"2019-10-10 14:37","SessionTrackerImpl.java","176310","260412","436722"
"2019-09-20 10:02","SessionTrackerImpl.java","176310","259579","435889"
"2013-10-09 22:21","SessionTrackerImpl.java","8193","29094","37287"
"2020-03-26 22:16","SessionTrackerImpl.java","177615","270756","448371"
"2015-03-08 23:07","SessionTrackerImpl.java","16238","55620","71858"
"2014-07-25 00:58","SessionTrackerImpl.java","15799","50903","66702"
"2014-07-23 20:17","SessionTrackerImpl.java","15802","50900","66702"
"2012-09-17 09:53","SessionTrackerImpl.java","4501","10675","15176"
"2015-02-06 06:17","SessionTrackerImpl.java","16180","55388","71568"
"2014-07-18 02:19","SessionTrackerImpl.java","15723","50180","65903"
"2018-09-18 01:00","SessionTrackerImpl.java","109035","171365","280400"
"2019-09-05 23:12","SessionTrackerImpl.java","176310","257578","433888"
"2019-08-17 17:13","SessionTrackerImpl.java","176310","256659","432969"
"2018-08-08 06:21","SessionTrackerImpl.java","86260","145484","231744"
"2018-05-09 23:57","SessionTrackerImpl.java","26717","82755","109472"
"2019-04-22 19:15","SessionTrackerImpl.java","176310","239441","415751"
"2012-12-19 19:07","SessionTrackerImpl.java","6064","16333","22397"
"2019-01-14 19:38","MockServerCnxn.java","217042","231264","448306"
"2018-11-17 18:33","MockServerCnxn.java","217040","224045","441085"
"2018-08-08 06:21","MockServerCnxn.java","83403","101208","184611"
"2019-08-17 17:13","MockServerCnxn.java","217153","256083","473236"
"2019-07-03 00:44","MockServerCnxn.java","217152","244095","461247"
"2019-06-03 19:40","MockServerCnxn.java","217152","241413","458565"
"2019-11-18 09:05","MockServerCnxn.java","218605","260679","479284"
"2019-10-10 14:37","LocalSessionsOnlyTest.java","3717","7470","11187"
"2018-02-07 01:05","LeaderBean.java","20075","169766","189841"
"2018-07-12 01:33","LeaderBean.java","26353","179111","205464"
"2019-07-25 21:41","LeaderBean.java","90102","254189","344291"
"2019-08-17 17:13","LeaderBean.java","90102","257706","347808"
"2019-01-07 14:55","LeaderBean.java","90075","232570","322645"
"2012-02-27 03:41","LeaderBean.java","14098","111383","125481"
"2018-08-17 14:40","LeaderBean.java","35465","190519","225984"
"2016-12-20 14:47","LeaderBean.java","19195","165672","184867"
"2010-01-25 04:28","LeaderBean.java","8481","76980","85461"
"2019-12-27 22:33","FileTxnSnapLog.java","72935","266841","339776"
"2009-11-07 08:16","FileTxnSnapLog.java","12884","87520","100404"
"2019-10-10 14:37","FileTxnSnapLog.java","72482","261463","333945"
"2019-12-13 08:51","FileTxnSnapLog.java","72935","264878","337813"
"2017-01-07 01:09","FileTxnSnapLog.java","20437","180388","200825"
"2011-07-13 15:48","FileTxnSnapLog.java","14172","117975","132147"
"2014-02-12 17:00","FileTxnSnapLog.java","18372","151398","169770"
"2012-03-06 09:20","FileTxnSnapLog.java","17220","127521","144741"
"2020-01-23 16:46","FileTxnSnapLog.java","72935","268090","341025"
"2020-01-28 17:26","FileTxnSnapLog.java","72935","268561","341496"
"2011-10-20 20:02","FileTxnSnapLog.java","16981","124302","141283"
"2016-09-18 23:21","FileTxnSnapLog.java","20241","175720","195961"
"2017-01-23 02:13","FileTxnSnapLog.java","20447","180802","201249"
"2011-04-12 09:14","FileTxnSnapLog.java","15332","122033","137365"
"2018-06-08 16:52","FileTxnSnapLog.java","20967","186091","207058"
"2019-09-02 08:23","FileTxnSnapLog.java","72482","258367","330849"
"2011-12-21 21:39","FileTxnSnapLog.java","17129","126147","143276"
"2017-04-28 07:14","FileTxnSnapLog.java","20577","178673","199250"
"2019-07-31 19:06","FileTxnSnapLog.java","72482","257017","329499"
"2018-07-30 06:22","FileTxnSnapLog.java","23943","190722","214665"
"2008-10-17 02:21","FileTxnSnapLog.java","3699","15087","18786"
"2012-02-06 09:40","FileTxnSnapLog.java","17150","127029","144179"
"2012-07-17 23:25","FileTxnSnapLog.java","17381","130983","148364"
"2020-01-30 09:43","FileTxnSnapLog.java","72935","268637","341572"
"2019-05-14 17:11","FileTxnSnapLog.java","72482","242377","314859"
"2010-03-12 23:36","FileTxnSnapLog.java","13702","109693","123395"
"2008-10-21 06:36","FileTxnSnapLog.java","3710","15306","19016"
"2013-06-28 23:22","FileTxnSnapLog.java","18323","144228","162551"
"2014-02-10 21:50","FileTxnSnapLog.java","18355","151269","169624"
"2019-05-21 23:34","FileTxnSnapLog.java","72482","242698","315180"
"2009-02-20 01:23","FileTxnSnapLog.java","9922","41172","51094"
"2019-05-27 10:54","FileTxnSnapLog.java","72482","243030","315512"
"2009-01-31 02:18","FileTxnSnapLog.java","9076","37514","46590"
"2008-12-10 22:55","FileTxnSnapLog.java","5001","23002","28003"
"2017-01-13 19:29","FileTxnSnapLog.java","20441","180595","201036"
"2017-06-26 00:07","FileTxnSnapLog.java","20815","178449","199264"
"2018-02-23 23:49","FileTxnSnapLog.java","20932","183802","204734"
"2017-08-18 06:32","FileTxnSnapLog.java","20851","178487","199338"
"2009-06-18 18:37","FileTxnSnapLog.java","11093","72814","83907"
"2019-08-17 17:13","FileTxnSnapLog.java","72482","257710","330192"
"2009-06-15 22:52","FileTxnSnapLog.java","10954","71604","82558"
"2018-02-14 21:23","FileTxnSnapLog.java","20932","183638","204570"
"2019-08-17 17:13","AtomicFileOutputStreamTest.java","180755","256464","437219"
"2017-01-13 19:29","AtomicFileOutputStreamTest.java","19579","66756","86335"
"2014-03-25 22:13","QuorumPeerMainTest.java","13959","48160","62119"
"2011-09-03 01:07","QuorumPeerMainTest.java","1411","12848","14259"
"2018-05-10 00:14","QuorumPeerMainTest.java","28579","93558","122137"
"2018-10-05 14:25","QuorumPeerMainTest.java","149098","223751","372849"
"2018-07-17 10:41","QuorumPeerMainTest.java","45466","112092","157558"
"2018-07-27 12:32","QuorumPeerMainTest.java","45508","112645","158153"
"2013-10-09 22:21","QuorumPeerMainTest.java","13556","43346","56902"
"2011-09-17 02:13","QuorumPeerMainTest.java","4468","13958","18426"
"2015-11-03 08:11","QuorumPeerMainTest.java","22489","75607","98096"
"2020-01-23 13:43","QuorumPeerMainTest.java","181454","267931","449385"
"2019-10-10 14:37","QuorumPeerMainTest.java","180356","260659","441015"
"2019-12-28 16:17","QuorumPeerMainTest.java","181454","266589","448043"
"2017-12-16 01:25","QuorumPeerMainTest.java","28327","90594","118921"
"2018-01-19 00:52","QuorumPeerMainTest.java","28373","90753","119126"
"2018-04-30 06:34","QuorumPeerMainTest.java","28577","92925","121502"
"2019-07-25 21:41","QuorumPeerMainTest.java","180356","253389","433745"
"2019-08-17 17:13","QuorumPeerMainTest.java","180356","256906","437262"
"2018-02-23 23:49","QuorumPeerMainTest.java","28433","91855","120288"
"2012-04-23 01:20","QuorumPeerMainTest.java","10674","23431","34105"
"2014-01-09 20:21","QuorumPeerMainTest.java","13681","45317","58998"
"2019-07-02 07:34","QuorumPeerMainTest.java","180356","244849","425205"
"2019-05-20 17:18","QuorumPeerMainTest.java","180357","241698","422055"
"2018-10-16 16:22","QuorumPeerMainTest.java","149100","236735","385835"
"2015-02-06 06:17","QuorumPeerMainTest.java","21008","69105","90113"
"2018-08-29 06:26","QuorumPeerMainTest.java","102444","171093","273537"
"2018-08-03 18:52","QuorumPeerMainTest.java","45517","113160","158677"
"2018-09-11 15:23","QuorumPeerMainTest.java","107456","177420","284876"
"2019-08-17 17:13","ManagedUtil.java","36352","67655","104007"
"2020-03-01 06:42","ManagedUtil.java","45105","87791","132896"
"2019-08-17 17:13","DirsCommand.java","226243","255276","481519"
"2019-05-06 17:48","LearnerHandlerTest.java","8741","20396","29137"
"2019-08-17 17:13","LearnerHandlerTest.java","36481","63823","100304"
"2019-05-20 17:18","LearnerHandlerTest.java","8924","21057","29981"
"2019-07-03 20:54","LearnerHandlerTest.java","12512","27848","40360"
"2011-04-12 09:14","RestMain.java","15865","10270","26135"
"2019-05-08 21:54","ZKTestCase.java","8780","20624","29404"
"2019-08-06 17:11","ZKTestCase.java","15570","44013","59583"
"2019-08-17 17:13","ZKTestCase.java","36481","63823","100304"
"2019-10-10 14:37","ZKTestCase.java","38466","69561","108027"
"2019-11-14 16:44","ZKTestCase.java","38658","74027","112685"
"2019-11-28 12:24","ZKTestCase.java","43623","75871","119494"
"2013-09-18 12:58","ClientCnxn.java","18504","131985","150489"
"2015-01-31 08:05","ClientCnxn.java","20271","155058","175329"
"2016-05-02 18:15","ClientCnxn.java","21799","162622","184421"
"2014-01-24 07:18","ClientCnxn.java","18590","138803","157393"
"2009-07-17 00:09","ClientCnxn.java","9621","62317","71938"
"2009-05-20 20:48","ClientCnxn.java","8290","48641","56931"
"2019-08-17 17:13","ClientCnxn.java","89594","257706","347300"
"2009-06-25 22:41","ClientCnxn.java","9426","60994","70420"
"2015-05-10 00:27","ClientCnxn.java","20313","157639","177952"
"2009-01-16 00:48","ClientCnxn.java","5817","6344","12161"
"2008-12-22 23:23","ClientCnxn.java","2040","3450","5490"
"2009-01-28 01:15","ClientCnxn.java","5855","6532","12387"
"2017-12-19 19:27","ClientCnxn.java","22989","172141","195130"
"2019-01-31 15:50","ClientCnxn.java","89567","235346","324913"
"2012-08-02 00:24","ClientCnxn.java","17569","118625","136194"
"2019-04-09 15:35","ClientCnxn.java","89573","238542","328115"
"2013-02-03 15:52","ClientCnxn.java","18195","125612","143807"
"2014-12-20 15:29","ClientCnxn.java","20262","155038","175300"
"2012-03-15 18:01","ClientCnxn.java","17399","116065","133464"
"2019-11-08 17:30","ClientCnxn.java","89594","263320","352914"
"2017-06-08 17:59","ClientCnxn.java","22864","167726","190590"
"2012-09-09 20:24","ClientCnxn.java","17578","119373","136951"
"2019-01-16 14:21","ClientCnxn.java","89567","233659","323226"
"2019-01-07 14:24","ClientCnxn.java","89567","232509","322076"
"2009-06-25 00:59","ClientCnxn.java","9412","60889","70301"
"2019-03-06 03:32","ClientCnxn.java","89573","237470","327043"
"2010-11-11 18:11","ClientCnxn.java","13774","143353","157127"
"2010-11-10 23:36","ClientCnxn.java","13731","143314","157045"
"2011-09-14 07:43","ClientCnxn.java","12965","111516","124481"
"2011-08-19 00:05","ClientCnxn.java","12891","109222","122113"
"2015-02-06 06:17","ClientCnxn.java","20286","155268","175554"
"2019-02-07 11:26","ClientCnxn.java","89567","236011","325578"
"2018-11-05 19:40","ClientCnxn.java","68700","243309","312009"
"2011-04-12 09:14","ClientCnxn.java","14277","103862","118139"
"2010-10-06 18:14","ClientCnxn.java","13368","140233","153601"
"2010-11-30 21:16","ClientCnxn.java","13864","143814","157678"
"2020-05-17 15:13","ClientCnxn.java","90051","272108","362159"
"2018-06-25 12:30","ClientCnxn.java","23106","175784","198890"
"2012-12-19 19:16","ClientCnxn.java","18153","125077","143230"
"2020-03-03 03:12","ClientCnxn.java","90050","269897","359947"
"2018-09-10 11:44","ClientCnxn.java","55007","210870","265877"
"2011-09-28 22:17","ClientCnxn.java","15517","112121","127638"
"2015-06-13 02:42","ClientCnxn.java","20367","159155","179522"
"2010-10-21 02:44","ClientCnxn.java","13465","141981","155446"
"2010-08-05 09:09","ClientCnxn.java","13015","106419","119434"
"2011-05-20 01:17","ClientCnxn.java","14300","104704","119004"
"2014-03-23 04:12","ClientCnxn.java","18695","139545","158240"
"2015-11-09 00:05","ClientCnxn.java","20399","160679","181078"
"2015-12-06 19:58","ClientCnxn.java","20408","160993","181401"
"2020-01-21 17:53","ClientCnxn.java","90050","266158","356208"
"2015-12-05 22:43","ClientCnxn.java","20408","160990","181398"
"2015-12-05 22:32","ClientCnxn.java","20408","160985","181393"
"2010-03-04 02:28","ClientCnxn.java","12136","84211","96347"
"2010-01-25 04:28","ClientCnxn.java","11987","80994","92981"
"2019-10-10 14:37","ClientCnxn.java","89594","261459","351053"
"2014-04-01 04:03","ClientCnxn.java","18767","140460","159227"
"2013-09-18 15:14","ClientCnxn.java","18504","132003","150507"
"2013-09-18 04:08","ClientCnxn.java","18504","131899","150403"
"2019-11-21 05:58","ClientCnxn.java","90050","261329","351379"
"2020-04-16 12:50","ClientCnxn.java","90050","271736","361786"
"2018-07-27 05:16","ClientCnxn.java","29070","182900","211970"
"2010-01-26 03:22","ClientCnxn.java","12045","81600","93645"
"2009-10-31 00:09","ClientCnxn.java","11022","68113","79135"
"2009-11-07 01:48","ClientCnxn.java","11198","68694","79892"
"2010-01-05 18:32","ClientCnxn.java","11752","77893","89645"
"2019-09-18 16:03","X509UtilTest.java","2292","5209","7501"
"2019-08-17 17:13","NullMetricsProvider.java","29368","43884","73252"
"2019-11-14 03:54","LocalPeerMXBean.java","231578","262906","494484"
"2018-12-20 15:13","LocalPeerMXBean.java","231380","228269","459649"
"2019-08-17 17:13","LocalPeerMXBean.java","231529","254848","486377"
"2019-08-17 17:13","ZooKeeperServerShutdownHandler.java","222252","255887","478139"
"2019-08-17 17:13","LsCommand.java","201513","256271","457784"
"2019-01-31 15:55","LsCommand.java","201406","233823","435229"
"2017-05-27 00:52","LsCommand.java","22027","45427","67454"
"2016-09-08 22:52","LsCommand.java","17210","38322","55532"
"2020-01-09 22:51","LsCommand.java","202951","265811","468762"
"2016-07-27 01:33","LsCommand.java","16636","37360","53996"
"2019-12-28 16:17","LsCommand.java","202951","266294","469245"
"2014-05-09 23:37","Zab1_0Test.java","7881","13875","21756"
"2017-01-07 01:09","Zab1_0Test.java","18227","48098","66325"
"2015-12-06 21:30","Zab1_0Test.java","13103","36208","49311"
"2019-12-17 13:48","Zab1_0Test.java","199103","264838","463941"
"2015-07-07 07:11","Zab1_0Test.java","12738","34292","47030"
"2019-12-27 22:33","Zab1_0Test.java","199103","266387","465490"
"2019-10-10 14:37","Zab1_0Test.java","197754","260113","457867"
"2015-05-14 18:40","Zab1_0Test.java","11282","31536","42818"
"2019-08-17 17:13","Zab1_0Test.java","197754","256360","454114"
"2019-06-03 19:40","Zab1_0Test.java","197754","241691","439445"
"2018-05-10 06:00","Zab1_0Test.java","24469","59049","83518"
"2017-11-28 00:10","Zab1_0Test.java","23732","55323","79055"
"2017-08-18 06:32","Zab1_0Test.java","23175","50731","73906"
"2017-02-12 00:12","Zab1_0Test.java","20795","47912","68707"
"2020-03-19 17:09","Learner.java","216682","269526","486208"
"2020-02-03 04:30","Learner.java","216682","268021","484703"
"2020-01-23 13:43","Learner.java","216682","267464","484146"
"2017-07-04 07:39","Learner.java","13231","23261","36492"
"2020-03-25 03:38","Learner.java","216682","270322","487004"
"2019-11-28 12:24","Learner.java","216680","262441","479121"
"2019-12-27 22:33","Learner.java","216681","266214","482895"
"2020-01-25 18:48","Learner.java","216682","267654","484336"
"2020-05-03 19:43","Learner.java","216682","271258","487940"
"2016-08-13 15:01","Learner.java","7126","14346","21472"
"2019-10-10 14:37","Learner.java","215234","259842","475076"
"2019-06-03 19:40","Learner.java","215233","241419","456652"
"2015-03-17 18:06","Learner.java","142","1078","1220"
"2019-07-15 14:15","Learner.java","215234","251508","466742"
"2019-08-23 19:43","Learner.java","215234","256755","471989"
"2016-09-08 22:59","Learner.java","7522","14990","22512"
"2019-08-17 17:13","Learner.java","215234","256089","471323"
"2017-11-28 00:10","Learner.java","15471","29311","44782"
"2018-05-09 00:54","Learner.java","16180","32148","48328"
"2019-04-09 15:35","Learner.java","215145","236857","452002"
"2019-07-12 17:01","Learner.java","215234","251402","466636"
"2017-07-06 18:48","Learner.java","13242","23544","36786"
"2017-08-18 06:32","Learner.java","14862","24667","39529"
"2019-07-02 07:34","Learner.java","215233","244031","459264"
"2018-10-16 16:22","Learner.java","194294","233546","427840"
"2017-02-12 00:12","Learner.java","11900","21266","33166"
"2018-12-09 03:16","Learner.java","215122","228635","443757"
"2019-11-29 14:49","Learner.java","216680","264092","480772"
"2018-11-27 10:02","Learner.java","215122","226311","441433"
"2018-08-06 14:11","Learner.java","36177","55543","91720"
"2019-11-08 17:30","FinalRequestProcessor.java","27903","33336","61239"
"2019-09-10 04:26","FinalRequestProcessor.java","26418","27282","53700"
"2019-08-17 17:13","FinalRequestProcessor.java","25044","24863","49907"
"2019-08-06 17:11","FinalRequestProcessor.java","450","1370","1820"
"2020-03-25 03:38","FinalRequestProcessor.java","35551","48155","83706"
"2019-09-16 23:26","FinalRequestProcessor.java","26869","29707","56576"
"2019-10-10 14:37","FinalRequestProcessor.java","27729","31301","59030"
"2019-11-21 05:58","FinalRequestProcessor.java","32975","35961","68936"
"2019-11-18 09:05","FinalRequestProcessor.java","32970","35933","68903"
"2019-11-11 13:59","FinalRequestProcessor.java","27935","35164","63099"
"2020-03-26 22:12","FinalRequestProcessor.java","35604","48210","83814"
"2009-05-20 22:16","Leader.java","10154","67424","77578"
"2019-08-17 17:13","Leader.java","72747","257710","330457"
"2019-06-29 00:33","Leader.java","72747","245697","318444"
"2019-06-03 19:40","Leader.java","72747","243041","315788"
"2014-05-20 23:42","Leader.java","19457","155706","175163"
"2019-07-15 14:15","Leader.java","72747","253129","325876"
"2015-03-17 18:06","Leader.java","19686","168172","187858"
"2019-07-25 21:41","Leader.java","72747","254193","326940"
"2018-05-10 06:00","Leader.java","20753","185132","205885"
"2018-07-12 01:33","Leader.java","23960","189272","213232"
"2009-11-18 20:06","Leader.java","12596","94561","107157"
"2018-02-07 01:05","Leader.java","20706","182951","203657"
"2017-11-28 00:10","Leader.java","20652","182042","202694"
"2019-06-05 00:33","Leader.java","72747","243431","316178"
"2009-02-20 01:23","Leader.java","9351","40336","49687"
"2015-04-10 22:22","Leader.java","19689","169243","188932"
"2011-06-14 07:14","Leader.java","14949","123335","138284"
"2019-08-03 08:42","Leader.java","72747","258418","331165"
"2019-06-05 23:57","Leader.java","72747","243700","316447"
"2012-12-08 00:38","Leader.java","17290","134419","151709"
"2013-10-07 21:08","Leader.java","18044","144622","162666"
"2012-12-31 02:38","Leader.java","17715","136965","154680"
"2017-01-13 19:29","Leader.java","20206","180079","200285"
"2009-01-15 23:57","Leader.java","8201","25560","33761"
"2012-07-05 18:01","Leader.java","17082","129285","146367"
"2019-01-07 14:55","Leader.java","72719","232573","305292"
"2019-04-12 19:01","Leader.java","72747","239517","312264"
"2018-12-09 03:16","Leader.java","72719","230340","303059"
"2018-08-17 14:40","Leader.java","32785","200393","233178"
"2019-11-29 14:49","Leader.java","73200","264720","337920"
"2013-03-07 07:01","Leader.java","17970","141732","159702"
"2018-11-27 10:02","Leader.java","72719","228016","300735"
"2015-02-06 06:17","Leader.java","19670","166934","186604"
"2012-02-27 03:41","Leader.java","16924","126763","143687"
"2017-02-15 23:04","Leader.java","20348","177265","197613"
"2014-07-18 02:19","Leader.java","19568","162081","181649"
"2012-01-04 01:15","Leader.java","16836","125797","142633"
"2011-12-28 01:26","Leader.java","16834","125642","142476"
"2018-08-29 06:26","Leader.java","44829","212645","257474"
"2018-08-03 18:52","Leader.java","23968","190778","214746"
"2011-04-29 18:12","Leader.java","14925","121696","136621"
"2013-05-14 14:27","Leader.java","17971","141858","159829"
"2012-02-06 09:40","Leader.java","16855","126453","143308"
"2017-09-11 18:55","Leader.java","20667","178200","198867"
"2018-09-18 01:00","Leader.java","49118","219504","268622"
"2011-10-20 20:02","Leader.java","16664","123704","140368"
"2012-01-14 00:28","Leader.java","16836","125895","142731"
"2012-01-06 02:32","Leader.java","16836","125798","142634"
"2012-03-15 17:47","Leader.java","16933","127751","144684"
"2011-04-12 09:14","Leader.java","14907","121343","136250"
"2010-07-23 06:22","Leader.java","13876","123367","137243"
"2011-09-22 07:42","Leader.java","16501","125333","141834"
"2010-08-18 08:24","Leader.java","14186","129577","143763"
"2016-12-20 14:47","Leader.java","20197","179228","199425"
"2009-04-24 20:26","Leader.java","9992","51242","61234"
"2014-07-20 04:50","Leader.java","19578","162612","182190"
"2014-06-10 00:19","Leader.java","19458","156641","176099"
"2016-06-23 23:25","Leader.java","19811","173778","193589"
"2016-06-23 23:45","Leader.java","19811","173886","193697"
"2020-03-25 03:38","Leader.java","73200","270948","344148"
"2014-03-23 04:12","Leader.java","18186","151318","169504"
"2009-10-30 17:19","Leader.java","12195","85287","97482"
"2019-12-27 22:33","Leader.java","73200","266841","340041"
"2009-08-27 20:07","Leader.java","11064","82523","93587"
"2009-08-25 07:45","Leader.java","11060","82516","93576"
"2016-08-13 15:01","Leader.java","19919","174689","194608"
"2013-10-21 23:36","Leader.java","18074","147394","165468"
"2019-10-10 14:37","Leader.java","72747","261463","334210"
"2013-11-07 06:41","Leader.java","18074","147825","165899"
"2016-08-24 01:36","InvalidSnapshotTest.java","17092","40970","58062"
"2019-10-10 14:37","InvalidSnapshotTest.java","198547","260045","458592"
"2019-08-17 17:13","InvalidSnapshotTest.java","198547","256292","454839"
"2009-05-20 22:16","Leader.java","8688","80703","89391"
"2019-08-17 17:13","Leader.java","58134","257842","315976"
"2019-06-29 00:33","Leader.java","58134","245829","303963"
"2019-06-03 19:40","Leader.java","58134","243173","301307"
"2014-05-20 23:42","Leader.java","18366","166169","184535"
"2019-07-15 14:15","Leader.java","58134","253261","311395"
"2015-03-17 18:06","Leader.java","18562","178602","197164"
"2019-07-25 21:41","Leader.java","58134","254325","312459"
"2018-05-10 06:00","Leader.java","19173","195106","214279"
"2018-07-12 01:33","Leader.java","19874","196740","216614"
"2009-11-18 20:06","Leader.java","10791","107501","118292"
"2018-02-07 01:05","Leader.java","19146","192945","212091"
"2017-11-28 00:10","Leader.java","19137","192081","211218"
"2019-06-05 00:33","Leader.java","58134","243563","301697"
"2009-02-20 01:23","Leader.java","7982","53712","61694"
"2015-04-10 22:22","Leader.java","18565","179673","198238"
"2011-06-14 07:14","Leader.java","12808","135939","148747"
"2019-08-03 08:42","Leader.java","58134","258550","316684"
"2019-06-05 23:57","Leader.java","58134","243832","301966"
"2012-12-08 00:38","Leader.java","16301","144984","161285"
"2013-10-07 21:08","Leader.java","17004","155136","172140"
"2012-12-31 02:38","Leader.java","16718","147522","164240"
"2017-01-13 19:29","Leader.java","18915","190342","209257"
"2009-01-15 23:57","Leader.java","7050","39154","46204"
"2012-07-05 18:01","Leader.java","16108","139865","155973"
"2019-01-07 14:55","Leader.java","58118","232717","290835"
"2008-10-03 15:06","Leader.java","2341","17086","19427"
"2008-09-10 19:49","Leader.java","285","1626","1911"
"2019-04-12 19:01","Leader.java","58134","239649","297783"
"2018-12-09 03:16","Leader.java","58118","230484","288602"
"2018-08-17 14:40","Leader.java","28518","207680","236198"
"2008-09-24 23:27","Leader.java","353","2095","2448"
"2019-11-29 14:49","Leader.java","58455","264720","323175"
"2013-03-07 07:01","Leader.java","16944","152260","169204"
"2018-11-27 10:02","Leader.java","58118","228160","286278"
"2015-02-06 06:17","Leader.java","18556","177374","195930"
"2012-02-27 03:41","Leader.java","15952","137345","153297"
"2017-02-15 23:04","Leader.java","18996","187467","206463"
"2014-07-18 02:19","Leader.java","18464","172531","190995"
"2012-01-04 01:15","Leader.java","15898","136413","152311"
"2011-12-28 01:26","Leader.java","15898","136260","152158"
"2018-08-29 06:26","Leader.java","40414","219784","260198"
"2018-08-03 18:52","Leader.java","19876","198240","218116"
"2011-04-29 18:12","Leader.java","12793","134309","147102"
"2013-05-14 14:27","Leader.java","16946","152387","169333"
"2012-02-06 09:40","Leader.java","15909","137061","152970"
"2017-09-11 18:55","Leader.java","19155","188242","207397"
"2018-09-18 01:00","Leader.java","44689","226629","271318"
"2011-10-20 20:02","Leader.java","15841","134435","150276"
"2012-01-14 00:28","Leader.java","15898","136511","152409"
"2012-01-06 02:32","Leader.java","15898","136414","152312"
"2012-03-15 17:47","Leader.java","15959","138331","154290"
"2011-04-12 09:14","Leader.java","12766","133947","146713"
"2010-07-23 06:22","Leader.java","11880","136116","147996"
"2011-09-22 07:42","Leader.java","15706","136092","151798"
"2010-08-18 08:24","Leader.java","12178","142314","154492"
"2016-12-20 14:47","Leader.java","18914","189499","208413"
"2009-04-24 20:26","Leader.java","8543","64538","73081"
"2014-07-20 04:50","Leader.java","18476","173064","191540"
"2014-06-10 00:19","Leader.java","18366","167103","185469"
"2016-06-23 23:25","Leader.java","18658","184179","202837"
"2016-06-23 23:45","Leader.java","18658","184287","202945"
"2020-03-25 03:38","Leader.java","58455","270948","329403"
"2014-03-23 04:12","Leader.java","17106","161792","178898"
"2009-10-30 17:19","Leader.java","10431","98268","108699"
"2019-12-27 22:33","Leader.java","58455","266841","325296"
"2009-08-27 20:07","Leader.java","9356","95560","104916"
"2009-08-25 07:45","Leader.java","9356","95557","104913"
"2016-08-13 15:01","Leader.java","18667","184991","203658"
"2013-10-21 23:36","Leader.java","17027","157901","174928"
"2019-10-10 14:37","Leader.java","58134","261595","319729"
"2013-11-07 06:41","Leader.java","17027","158332","175359"
"2018-09-07 02:49","ClientBase.java","100614","104665","205279"
"2019-07-31 19:06","ClientBase.java","230611","254229","484840"
"2019-08-17 17:13","ClientBase.java","230611","254922","485533"
"2019-06-07 14:13","ClientBase.java","230610","241025","471635"
"2018-08-08 06:21","ClientBase.java","69634","72820","142454"
"2019-06-24 11:05","ClientBase.java","230610","242254","472864"
"2019-11-14 16:44","ClientBase.java","230660","262998","493658"
"2019-10-10 14:37","ClientBase.java","230612","258676","489288"
"2019-08-17 17:13","UnifiedServerSocket.java","30065","50067","80132"
"2019-10-10 14:37","UnifiedServerSocket.java","32152","55907","88059"
"2019-08-17 17:13","SessionTrackerTest.java","224255","255265","479520"
"2018-08-08 06:21","SessionTrackerTest.java","73564","83449","157013"
"2019-07-08 23:26","SessionTrackerTest.java","224254","244040","468294"
"2019-08-17 17:13","MBeanRegistry.java","29662","45540","75202"
"2019-10-10 14:37","MBeanRegistry.java","31980","51611","83591"
"2019-08-01 07:31","ObserverRequestProcessor.java","191763","257077","448840"
"2019-08-17 17:13","ObserverRequestProcessor.java","191763","256406","448169"
"2015-06-04 19:51","ObserverRequestProcessor.java","12726","39784","52510"
"2016-10-07 21:51","ObserverRequestProcessor.java","18401","50510","68911"
"2015-03-08 23:07","ObserverRequestProcessor.java","12104","35780","47884"
"2013-10-09 22:21","ObserverRequestProcessor.java","1523","6718","8241"
"2014-07-18 19:46","ObserverRequestProcessor.java","10981","29959","40940"
"2014-03-23 04:12","ObserverRequestProcessor.java","2219","11589","13808"
"2020-03-25 03:38","ObserverRequestProcessor.java","193109","270537","463646"
"2019-08-17 17:13","MockServerCnxn.java","26740","38727","65467"
"2019-11-18 09:05","MockServerCnxn.java","34414","49545","83959"
"2013-09-18 12:58","ClientCnxn.java","29668","94452","124120"
"2015-01-31 08:05","ClientCnxn.java","31999","118089","150088"
"2016-05-02 18:15","ClientCnxn.java","33881","126007","159888"
"2014-01-24 07:18","ClientCnxn.java","29980","101496","131476"
"2009-07-17 00:09","ClientCnxn.java","1244","2463","3707"
"2019-08-17 17:13","ClientCnxn.java","140865","257500","398365"
"2015-05-10 00:27","ClientCnxn.java","32088","120717","152805"
"2017-12-19 19:27","ClientCnxn.java","35857","136312","172169"
"2019-01-31 15:50","ClientCnxn.java","140821","235123","375944"
"2012-08-02 00:24","ClientCnxn.java","28204","80563","108767"
"2019-04-09 15:35","ClientCnxn.java","140829","238321","379150"
"2013-02-03 15:52","ClientCnxn.java","29245","87965","117210"
"2014-12-20 15:29","ClientCnxn.java","31989","118068","150057"
"2012-03-15 18:01","ClientCnxn.java","26813","76782","103595"
"2019-11-08 17:30","ClientCnxn.java","140865","263114","403979"
"2017-06-08 17:59","ClientCnxn.java","35641","131806","167447"
"2012-09-09 20:24","ClientCnxn.java","28218","81316","109534"
"2019-01-16 14:21","ClientCnxn.java","140821","233436","374257"
"2019-01-07 14:24","ClientCnxn.java","140821","232286","373107"
"2019-03-06 03:32","ClientCnxn.java","140829","237249","378078"
"2010-11-11 18:11","ClientCnxn.java","18865","96967","115832"
"2010-11-10 23:36","ClientCnxn.java","18818","96924","115742"
"2011-09-14 07:43","ClientCnxn.java","22007","71861","93868"
"2011-08-19 00:05","ClientCnxn.java","21876","69510","91386"
"2015-02-06 06:17","ClientCnxn.java","32032","118317","150349"
"2019-02-07 11:26","ClientCnxn.java","140821","235788","376609"
"2018-11-05 19:40","ClientCnxn.java","113742","239654","353396"
"2011-04-12 09:14","ClientCnxn.java","23260","61368","84628"
"2010-10-06 18:14","ClientCnxn.java","18397","93785","112182"
"2010-11-30 21:16","ClientCnxn.java","18996","97469","116465"
"2020-05-17 15:13","ClientCnxn.java","141505","272085","413590"
"2018-06-25 12:30","ClientCnxn.java","36013","139994","176007"
"2012-12-19 19:16","ClientCnxn.java","29201","87428","116629"
"2020-03-03 03:12","ClientCnxn.java","141504","269874","411378"
"2018-09-10 11:44","ClientCnxn.java","87901","195067","282968"
"2011-09-28 22:17","ClientCnxn.java","24608","72515","97123"
"2015-06-13 02:42","ClientCnxn.java","32196","122287","154483"
"2010-10-21 02:44","ClientCnxn.java","18529","95568","114097"
"2010-08-05 09:09","ClientCnxn.java","17643","59570","77213"
"2011-05-20 01:17","ClientCnxn.java","23307","62234","85541"
"2014-03-23 04:12","ClientCnxn.java","30107","102260","132367"
"2015-11-09 00:05","ClientCnxn.java","32299","123882","156181"
"2015-12-06 19:58","ClientCnxn.java","32334","124222","156556"
"2020-01-21 17:53","ClientCnxn.java","141504","266135","407639"
"2015-12-05 22:43","ClientCnxn.java","32334","124219","156553"
"2015-12-05 22:32","ClientCnxn.java","32334","124214","156548"
"2010-03-04 02:28","ClientCnxn.java","13753","34351","48104"
"2010-01-25 04:28","ClientCnxn.java","6148","23678","29826"
"2019-10-10 14:37","ClientCnxn.java","140865","261253","402118"
"2014-04-01 04:03","ClientCnxn.java","30232","103228","133460"
"2013-09-18 15:14","ClientCnxn.java","29668","94470","124138"
"2013-09-18 04:08","ClientCnxn.java","29668","94366","124034"
"2019-11-21 05:58","ClientCnxn.java","141504","261306","402810"
"2020-04-16 12:50","ClientCnxn.java","141504","271713","413217"
"2018-07-27 05:16","ClientCnxn.java","47695","152828","200523"
"2010-01-26 03:22","ClientCnxn.java","6243","24321","30564"
"2009-10-31 00:09","ClientCnxn.java","4056","9670","13726"
"2009-11-07 01:48","ClientCnxn.java","4334","10353","14687"
"2010-01-05 18:32","ClientCnxn.java","5875","20539","26414"
"2019-10-10 14:37","JMXEnv.java","174299","260657","434956"
"2019-12-27 22:33","JMXEnv.java","175397","266680","442077"
"2014-01-25 01:17","JMXEnv.java","14455","41261","55716"
"2015-11-03 08:11","JMXEnv.java","23409","69894","93303"
"2013-11-19 02:03","JMXEnv.java","14320","38319","52639"
"2014-01-16 23:59","JMXEnv.java","14425","39495","53920"
"2011-09-01 19:15","JMXEnv.java","605","4822","5427"
"2019-01-14 19:38","JMXEnv.java","174233","232130","406363"
"2014-06-04 22:07","JMXEnv.java","20727","51640","72367"
"2019-08-17 17:13","JMXEnv.java","174299","256904","431203"
"2019-06-03 19:40","JMXEnv.java","174299","242235","416534"
"2009-05-20 22:16","Leader.java","8576","79250","87826"
"2019-08-17 17:13","Leader.java","59343","257710","317053"
"2019-06-29 00:33","Leader.java","59343","245697","305040"
"2019-06-03 19:40","Leader.java","59343","243041","302384"
"2014-05-20 23:42","Leader.java","18415","164877","183292"
"2019-07-15 14:15","Leader.java","59343","253129","312472"
"2015-03-17 18:06","Leader.java","18615","177314","195929"
"2019-07-25 21:41","Leader.java","59343","254193","313536"
"2018-05-10 06:00","Leader.java","19266","193858","213124"
"2018-07-12 01:33","Leader.java","19967","195492","215459"
"2009-11-18 20:06","Leader.java","10728","106097","116825"
"2018-02-07 01:05","Leader.java","19236","191694","210930"
"2017-11-28 00:10","Leader.java","19225","190828","210053"
"2019-06-05 00:33","Leader.java","59343","243431","302774"
"2009-02-20 01:23","Leader.java","7864","52253","60117"
"2015-04-10 22:22","Leader.java","18618","178385","197003"
"2011-06-14 07:14","Leader.java","12847","134637","147484"
"2019-08-03 08:42","Leader.java","59343","258418","317761"
"2019-06-05 23:57","Leader.java","59343","243700","303043"
"2012-12-08 00:38","Leader.java","16346","143688","160034"
"2013-10-07 21:08","Leader.java","17053","153844","170897"
"2012-12-31 02:38","Leader.java","16767","146230","162997"
"2017-01-13 19:29","Leader.java","18984","189070","208054"
"2009-01-15 23:57","Leader.java","6924","37687","44611"
"2012-07-05 18:01","Leader.java","16153","138569","154722"
"2019-01-07 14:55","Leader.java","59315","232573","291888"
"2008-10-03 15:06","Leader.java","2140","15544","17684"
"2019-04-12 19:01","Leader.java","59343","239517","298860"
"2018-12-09 03:16","Leader.java","59315","230340","289655"
"2018-08-17 14:40","Leader.java","28750","206571","235321"
"2008-09-24 23:27","Leader.java","103","504","607"
"2019-11-29 14:49","Leader.java","59796","264720","324516"
"2013-03-07 07:01","Leader.java","16993","150968","167961"
"2018-11-27 10:02","Leader.java","59315","228016","287331"
"2015-02-06 06:17","Leader.java","18608","176085","194693"
"2012-02-27 03:41","Leader.java","15998","136050","152048"
"2017-02-15 23:04","Leader.java","19074","186204","205278"
"2014-07-18 02:19","Leader.java","18515","171241","189756"
"2012-01-04 01:15","Leader.java","15944","135118","151062"
"2011-12-28 01:26","Leader.java","15944","134965","150909"
"2018-08-29 06:26","Leader.java","40648","218677","259325"
"2018-08-03 18:52","Leader.java","19969","196992","216961"
"2011-04-29 18:12","Leader.java","12832","133007","145839"
"2013-05-14 14:27","Leader.java","16995","151095","168090"
"2012-02-06 09:40","Leader.java","15955","135766","151721"
"2017-09-11 18:55","Leader.java","19243","186989","206232"
"2018-09-18 01:00","Leader.java","44923","225522","270445"
"2011-10-20 20:02","Leader.java","15883","133136","149019"
"2012-01-14 00:28","Leader.java","15944","135216","151160"
"2012-01-06 02:32","Leader.java","15944","135119","151063"
"2012-03-15 17:47","Leader.java","16005","137036","153041"
"2011-04-12 09:14","Leader.java","12805","132645","145450"
"2010-07-23 06:22","Leader.java","11896","134791","146687"
"2011-09-22 07:42","Leader.java","15751","134796","150547"
"2010-08-18 08:24","Leader.java","12196","140991","153187"
"2016-12-20 14:47","Leader.java","18983","188227","207210"
"2009-04-24 20:26","Leader.java","8433","63087","71520"
"2014-07-20 04:50","Leader.java","18527","171774","190301"
"2014-06-10 00:19","Leader.java","18415","165811","184226"
"2016-06-23 23:25","Leader.java","18725","182905","201630"
"2016-06-23 23:45","Leader.java","18725","183013","201738"
"2020-03-25 03:38","Leader.java","59796","270948","330744"
"2014-03-23 04:12","Leader.java","17156","160501","177657"
"2009-10-30 17:19","Leader.java","10359","96855","107214"
"2019-12-27 22:33","Leader.java","59796","266841","326637"
"2009-08-27 20:07","Leader.java","9268","94131","103399"
"2009-08-25 07:45","Leader.java","9268","94128","103396"
"2016-08-13 15:01","Leader.java","18734","183717","202451"
"2013-10-21 23:36","Leader.java","17076","156609","173685"
"2019-10-10 14:37","Leader.java","59343","261463","320806"
"2013-11-07 06:41","Leader.java","17076","157040","174116"
"2019-10-10 14:37","FLETest.java","221080","259640","480720"
"2017-09-11 18:55","FLETest.java","9210","13145","22355"
"2019-08-17 17:13","FLETest.java","221080","255887","476967"
"2017-09-11 18:55","InstanceManager.java","25763","76202","101965"
"2015-02-06 06:17","InstanceManager.java","16162","56332","72494"
"2019-08-17 17:13","InstanceManager.java","175348","256659","432007"
"2019-10-10 14:37","ClientCnxnSocket.java","226362","259029","485391"
"2018-07-10 13:29","ClientCnxnSocket.java","18736","24379","43115"
"2018-11-22 17:56","ClientCnxnSocket.java","226242","223853","450095"
"2019-08-17 17:13","ClientCnxnSocket.java","226362","255276","481638"
"2018-07-12 01:33","ClientCnxnSocket.java","18836","24657","43493"
"2019-04-09 15:35","ClientCnxnSocket.java","226268","236039","462307"
"2019-10-10 14:37","QuorumPeerMain.java","57537","261603","319140"
"2010-03-13 01:06","QuorumPeerMain.java","11788","122815","134603"
"2020-01-23 13:43","QuorumPeerMain.java","57850","268090","325940"
"2019-11-28 12:24","QuorumPeerMain.java","57850","263069","320919"
"2012-03-06 09:20","QuorumPeerMain.java","16152","138331","154483"
"2010-08-18 08:24","QuorumPeerMain.java","12457","143198","155655"
"2013-10-09 22:21","QuorumPeerMain.java","17230","158346","175576"
"2011-09-02 22:50","QuorumPeerMain.java","13379","135930","149309"
"2020-02-16 10:25","QuorumPeerMain.java","57850","268803","326653"
"2008-10-01 08:26","QuorumPeerMain.java","2895","17980","20875"
"2019-04-18 19:17","QuorumPeerMain.java","57537","240367","297904"
"2011-04-12 09:14","QuorumPeerMain.java","13007","134793","147800"
"2019-11-11 13:59","QuorumPeerMain.java","57537","265260","322797"
"2019-04-12 19:01","QuorumPeerMain.java","57537","239657","297194"
"2018-09-11 15:23","QuorumPeerMain.java","44740","226030","270770"
"2017-02-13 22:09","QuorumPeerMain.java","19096","188171","207267"
"2014-07-18 02:19","QuorumPeerMain.java","18662","173334","191996"
"2018-08-06 14:11","QuorumPeerMain.java","19990","199065","219055"
"2009-01-15 23:57","QuorumPeerMain.java","7947","40656","48603"
"2008-11-18 18:22","QuorumPeerMain.java","4162","36151","40313"
"2012-04-23 01:20","QuorumPeerMain.java","16292","140375","156667"
"2009-04-07 00:19","QuorumPeerMain.java","9019","56563","65582"
"2017-07-28 00:36","QuorumPeerMain.java","19221","188350","207571"
"2009-06-05 06:44","QuorumPeerMain.java","9645","84122","93767"
"2019-08-17 17:13","QuorumPeerMain.java","57537","257850","315387"
"2015-03-17 18:06","QuorumPeerMain.java","18752","179397","198149"
"2017-11-28 00:10","QuorumPeerMain.java","19235","192784","212019"
"2019-08-17 17:13","QuorumBean.java","35918","62348","98266"
"2019-12-27 22:33","QuorumBean.java","43445","78553","121998"
"2018-06-26 11:18","RemotePeerBeanTest.java","14369","27205","41574"
"2019-08-17 17:13","RemotePeerBeanTest.java","219766","255921","475687"
"2019-11-28 12:24","DataTree.java","233513","261690","495203"
"2019-10-10 14:37","DataTree.java","231577","258601","490178"
"2019-12-27 22:33","DataTree.java","233514","265463","498977"
"2019-11-11 13:59","DataTree.java","231625","262306","493931"
"2018-09-28 23:38","DataTree.java","90728","98554","189282"
"2019-11-08 17:30","DataTree.java","231625","260510","492135"
"2019-01-30 16:28","DataTree.java","231431","231813","463244"
"2019-01-30 17:02","DataTree.java","231433","232359","463792"
"2019-02-07 11:26","DataTree.java","231436","233039","464475"
"2018-09-04 11:54","DataTree.java","89842","92584","182426"
"2018-09-05 22:35","DataTree.java","89862","92860","182722"
"2018-12-20 15:17","DataTree.java","231427","228298","459725"
"2019-09-10 09:53","DataTree.java","231577","255897","487474"
"2019-04-12 19:01","DataTree.java","231539","236617","468156"
"2019-07-31 19:06","DataTree.java","231576","254154","485730"
"2019-09-11 10:27","DataTree.java","231577","256204","487781"
"2019-08-01 07:31","DataTree.java","231576","255518","487094"
"2019-08-17 17:13","DataTree.java","231576","254847","486423"
"2019-09-10 15:21","DataTree.java","231577","255891","487468"
"2019-04-12 12:29","DataTree.java","231539","236186","467725"
"2019-08-03 08:42","DataTree.java","231576","255555","487131"
"2019-08-09 16:15","DataTree.java","231576","256303","487879"
"2019-04-29 16:49","DataTree.java","231556","238664","470220"
"2014-02-12 17:00","ZKDatabase.java","13802","49357","63159"
"2019-10-10 14:37","ZKDatabase.java","178405","260685","439090"
"2019-12-27 22:33","ZKDatabase.java","179499","266704","446203"
"2018-04-06 06:04","ZKDatabase.java","28169","93576","121745"
"2014-04-29 02:23","ZKDatabase.java","19828","58398","78226"
"2014-04-17 08:47","ZKDatabase.java","19823","57687","77510"
"2011-09-17 02:36","ZKDatabase.java","5033","16472","21505"
"2018-09-28 23:38","ZKDatabase.java","107377","183147","290524"
"2013-06-28 23:22","ZKDatabase.java","13228","41662","54890"
"2019-11-08 17:30","ZKDatabase.java","178405","262546","440951"
"2019-05-14 17:11","ZKDatabase.java","178406","241600","420006"
"2012-07-17 23:25","ZKDatabase.java","10847","26978","37825"
"2018-09-18 01:00","ZKDatabase.java","107222","180418","287640"
"2013-03-07 07:01","ZKDatabase.java","12977","39549","52526"
"2019-02-07 11:26","ZKDatabase.java","178341","235200","413541"
"2019-04-12 19:01","ZKDatabase.java","178406","238740","417146"
"2018-09-05 22:35","ZKDatabase.java","107156","178098","285254"
"2015-02-06 06:17","ZKDatabase.java","20967","71041","92008"
"2014-07-18 02:19","ZKDatabase.java","20643","65966","86609"
"2018-02-07 01:05","ZKDatabase.java","28142","93197","121339"
"2014-01-24 07:18","ZKDatabase.java","13766","49071","62837"
"2019-08-17 17:13","ZKDatabase.java","178405","256932","435337"
"2019-09-10 00:27","ZKDatabase.java","178405","257872","436277"
"2016-03-23 00:30","ZKDatabase.java","24030","79204","103234"
"2018-02-23 23:49","ZKDatabase.java","28164","93563","121727"
"2017-08-03 20:28","ZKDatabase.java","27653","87458","115111"
"2017-06-18 19:23","ZKDatabase.java","27568","87597","115165"
"2019-04-09 15:35","ZKDatabase.java","178354","237738","416092"
"2014-06-25 19:06","AsyncOps.java","10224","28755","38979"
"2014-03-23 22:03","AsyncOps.java","3503","17435","20938"
"2019-06-03 19:40","AsyncOps.java","187214","241744","428958"
"2019-08-17 17:13","AsyncOps.java","187214","256413","443627"
"2019-04-10 13:19","FileSnap.java","224165","236483","460648"
"2019-07-31 19:06","FileSnap.java","224184","254541","478725"
"2020-01-30 09:43","FileSnap.java","225827","267351","493178"
"2019-05-27 10:54","FileSnap.java","224166","240536","464702"
"2019-08-17 17:13","FileSnap.java","224184","255234","479418"
"2018-02-14 21:23","FileSnap.java","1388","6458","7846"
"2019-12-03 19:12","FileSnap.java","225825","263490","489315"
"2019-12-27 22:33","FileSnap.java","225826","265554","491380"
"2019-10-10 14:37","FileSnap.java","224184","258987","483171"
"2020-01-28 17:26","FileSnap.java","225827","267275","493102"
"2020-01-21 18:14","ZNodeNameTest.java","226469","264975","491444"
"2019-08-27 09:23","ZNodeNameTest.java","224735","255710","480445"
"2018-09-15 00:08","ZooKeeperServer.java","52838","209998","262836"
"2019-04-12 19:01","ZooKeeperServer.java","90122","239514","329636"
"2019-07-31 19:06","ZooKeeperServer.java","90121","257013","347134"
"2019-09-11 10:27","ZooKeeperServer.java","90121","259062","349183"
"2019-01-14 19:38","ZooKeeperServer.java","90094","232971","323065"
"2019-01-07 15:34","ZooKeeperServer.java","90094","232572","322666"
"2018-11-21 17:56","ZooKeeperServer.java","90094","225769","315863"
"2012-01-31 07:45","ZooKeeperServer.java","13861","110487","124348"
"2017-04-28 07:14","ZooKeeperServer.java","19618","164860","184478"
"2011-08-19 00:05","ZooKeeperServer.java","9429","105469","114898"
"2017-02-12 00:12","ZooKeeperServer.java","19591","163934","183525"
"2014-07-18 02:19","ZooKeeperServer.java","16931","146871","163802"
"2013-12-11 19:22","ZooKeeperServer.java","15307","133085","148392"
"2019-02-13 13:12","ZooKeeperServer.java","90101","236632","326733"
"2012-02-11 00:34","ZooKeeperServer.java","14027","111238","125265"
"2016-11-24 17:18","ZooKeeperServer.java","19114","165233","184347"
"2018-07-19 05:59","ZooKeeperServer.java","26312","179539","205851"
"2018-09-18 01:00","ZooKeeperServer.java","52880","210693","263573"
"2019-03-04 08:07","ZooKeeperServer.java","90100","237208","327308"
"2019-07-08 23:26","ZooKeeperServer.java","90121","246482","336603"
"2019-01-23 14:00","ZooKeeperServer.java","90094","234406","324500"
"2019-02-13 13:19","ZooKeeperServer.java","90101","236918","327019"
"2019-05-14 17:11","ZooKeeperServer.java","90122","242374","332496"
"2013-01-25 02:17","ZooKeeperServer.java","14821","121611","136432"
"2015-07-10 08:19","ZooKeeperServer.java","17168","156095","173263"
"2009-02-20 01:23","ZooKeeperServer.java","2703","16310","19013"
"2009-02-06 22:19","ZooKeeperServer.java","2593","16060","18653"
"2019-06-04 10:55","ZooKeeperServer.java","90121","243190","333311"
"2011-06-14 07:14","ZooKeeperServer.java","10937","101945","112882"
"2009-02-27 20:00","ZooKeeperServer.java","2713","16346","19059"
"2019-04-09 15:35","ZooKeeperServer.java","90100","238542","328642"
"2019-08-03 08:42","ZooKeeperServer.java","90121","258414","348535"
"2019-05-15 11:56","ZooKeeperServer.java","90122","242461","332583"
"2019-05-22 11:39","ZooKeeperServer.java","90122","242907","333029"
"2019-04-22 19:15","ZooKeeperServer.java","90122","240489","330611"
"2018-02-23 23:49","ZooKeeperServer.java","20045","170061","190106"
"2016-11-16 06:21","ZooKeeperServer.java","18980","165078","184058"
"2012-12-19 19:07","ZooKeeperServer.java","14771","120523","135294"
"2017-08-18 06:32","ZooKeeperServer.java","19920","164702","184622"
"2017-06-26 00:16","ZooKeeperServer.java","19867","164641","184508"
"2009-02-02 23:26","ZooKeeperServer.java","2205","13593","15798"
"2019-09-10 04:26","ZooKeeperServer.java","90121","258751","348872"
"2019-08-17 17:13","ZooKeeperServer.java","90121","257706","347827"
"2019-09-05 23:12","ZooKeeperServer.java","90121","258625","348746"
"2019-09-10 15:21","ZooKeeperServer.java","90121","258749","348870"
"2009-05-20 20:48","ZooKeeperServer.java","4022","43846","47868"
"2009-06-15 22:52","ZooKeeperServer.java","4422","47429","51851"
"2019-08-01 07:31","ZooKeeperServer.java","90121","258377","348498"
"2019-08-01 07:28","ZooKeeperServer.java","90121","257887","348008"
"2019-06-03 19:40","ZooKeeperServer.java","90121","243037","333158"
"2015-03-17 18:06","ZooKeeperServer.java","17096","153009","170105"
"2019-11-23 17:08","ZooKeeperServer.java","90577","262863","353440"
"2019-10-09 16:49","ZooKeeperServer.java","90121","261292","351413"
"2019-07-03 00:44","ZooKeeperServer.java","90121","245719","335840"
"2018-01-19 01:12","ZooKeeperServer.java","20010","168984","188994"
"2019-07-24 18:00","ZooKeeperServer.java","90121","254161","344282"
"2013-05-16 18:49","ZooKeeperServer.java","15113","126453","141566"
"2018-08-08 06:21","ZooKeeperServer.java","35418","190125","225543"
"2018-05-09 23:57","ZooKeeperServer.java","20090","171611","191701"
"2009-11-07 01:48","ZooKeeperServer.java","7406","64375","71781"
"2009-12-18 03:19","ZooKeeperServer.java","8098","73537","81635"
"2010-01-26 01:17","ZooKeeperServer.java","8395","77284","85679"
"2019-12-27 22:33","ZooKeeperServer.java","90577","266840","357417"
"2016-08-13 15:01","ZooKeeperServer.java","18860","161057","179917"
"2018-09-11 00:17","ZooKeeperServer.java","52832","208443","261275"
"2019-11-18 09:05","ZooKeeperServer.java","90577","261306","351883"
"2019-10-10 14:37","ZooKeeperServer.java","90121","261459","351580"
"2019-09-16 23:26","ZooKeeperServer.java","90121","260725","350846"
"2013-10-08 01:35","ZooKeeperServer.java","15227","129371","144598"
"2017-06-23 18:39","ZooKeeperServer.java","19846","164640","184486"
"2009-08-07 01:23","ZooKeeperServer.java","5535","58535","64070"
"2011-12-28 07:07","ZooKeeperServer.java","13845","110132","123977"
"2019-12-03 10:01","ZooKeeperServer.java","90577","264765","355342"
"2020-03-25 03:38","ZooKeeperServer.java","90577","270947","361524"
"2010-03-12 19:26","ZooKeeperServer.java","8661","86949","95610"
"2019-11-28 12:24","ZooKeeperServer.java","90577","263068","353645"
"2019-11-06 15:21","ZooKeeperServer.java","90121","261675","351796"
"2011-05-20 01:17","ZooKeeperServer.java","10901","100778","111679"
"2010-07-29 23:10","ZooKeeperServer.java","9585","102408","111993"
"2011-09-17 02:36","ZooKeeperServer.java","12070","108126","120196"
"2020-04-12 11:14","ZooKeeperServer.java","90577","271700","362277"
"2011-09-14 08:56","ZooKeeperServer.java","9527","108143","117670"
"2011-08-21 02:53","ZooKeeperServer.java","9429","105497","114926"
"2010-08-18 08:24","ZooKeeperServer.java","9957","107970","117927"
"2013-10-09 22:21","ZooKeeperServer.java","15279","131663","146942"
"2015-03-08 23:07","ZooKeeperServer.java","17087","151952","169039"
"2018-06-08 16:52","ZooKeeperServer.java","20091","172361","192452"
"2018-06-15 07:41","ZooKeeperServer.java","20107","172380","192487"
"2018-07-28 04:37","ZooKeeperServer.java","26323","180126","206449"
"2019-04-18 19:17","ZooKeeperServer.java","90122","240224","330346"
"2012-03-15 17:47","ZooKeeperServer.java","14043","112288","126331"
"2014-03-25 22:13","ZooKeeperServer.java","15439","136234","151673"
"2011-04-12 09:14","ZooKeeperServer.java","10870","99928","110798"
"2019-08-17 17:13","ServerConfig.java","29711","44957","74668"
"2020-01-30 09:43","FileTxnSnapLog.java","27","103","130"
"2018-10-16 16:22","QuorumPeerConfig.java","125508","238538","364046"
"2012-04-23 01:20","QuorumPeerConfig.java","27414","65566","92980"
"2018-12-09 03:16","QuorumPeerConfig.java","154139","229795","383934"
"2019-04-12 19:01","QuorumPeerConfig.java","154189","238994","393183"
"2018-09-11 15:23","QuorumPeerConfig.java","94522","189881","284403"
"2013-03-07 07:01","QuorumPeerConfig.java","29043","79033","108076"
"2018-12-15 07:34","QuorumPeerConfig.java","154139","229710","383849"
"2019-02-13 13:12","QuorumPeerConfig.java","154149","236093","390242"
"2019-08-17 17:13","QuorumPeerConfig.java","154189","257187","411376"
"2015-03-17 18:06","QuorumPeerConfig.java","31949","106663","138612"
"2014-01-21 04:50","QuorumPeerConfig.java","29652","86792","116444"
"2012-12-16 07:43","QuorumPeerConfig.java","28412","72008","100420"
"2017-11-28 00:10","QuorumPeerConfig.java","36285","123903","160188"
"2019-06-05 00:29","QuorumPeerConfig.java","154189","242854","397043"
"2014-09-17 07:34","QuorumPeerConfig.java","31789","103050","134839"
"2020-01-09 11:27","QuorumPeerConfig.java","155128","266229","421357"
"2019-07-12 17:01","QuorumPeerConfig.java","154189","252500","406689"
"2016-11-13 20:59","QuorumPeerConfig.java","34341","118693","153034"
"2019-05-15 11:56","QuorumPeerConfig.java","154189","241941","396130"
"2014-08-19 22:50","QuorumPeerConfig.java","31789","101964","133753"
"2018-10-01 06:11","QuorumPeerConfig.java","94672","193865","288537"
"2017-07-28 00:36","QuorumPeerConfig.java","36050","119248","155298"
"2013-09-30 22:20","QuorumPeerConfig.java","29273","81648","110921"
"2017-07-06 18:48","QuorumPeerConfig.java","36033","120113","156146"
"2013-09-26 00:13","QuorumPeerConfig.java","29257","81388","110645"
"2010-03-09 05:44","QuorumPeerConfig.java","10636","23607","34243"
"2020-01-23 13:43","QuorumPeerConfig.java","155128","268053","423181"
"2011-04-06 18:17","QuorumPeerConfig.java","21119","45426","66545"
"2010-03-12 19:26","QuorumPeerConfig.java","10766","24467","35233"
"2014-05-17 13:23","QuorumPeerConfig.java","31092","93127","124219"
"2014-07-04 04:19","QuorumPeerConfig.java","31243","95827","127070"
"2011-09-17 02:42","QuorumPeerConfig.java","23522","58532","82054"
"2016-06-23 19:42","QuorumPeerConfig.java","33908","113828","147736"
"2015-09-06 20:02","QuorumPeerConfig.java","32227","110453","142680"
"2015-09-29 03:56","QuorumPeerConfig.java","32256","110663","142919"
"2019-10-10 14:37","QuorumPeerConfig.java","154189","260940","415129"
"2018-07-27 12:32","QuorumPeerConfig.java","52956","145488","198444"
"2019-04-18 19:17","QuorumPeerConfig.java","154189","239704","393893"
"2016-11-03 16:07","QuorumPeerConfig.java","34327","117010","151337"
"2011-04-12 09:14","QuorumPeerConfig.java","21670","46141","67811"
"2014-03-25 22:13","QuorumPeerConfig.java","29814","89410","119224"
"2011-09-02 22:50","QuorumPeerConfig.java","20671","57291","77962"
"2013-10-09 22:21","QuorumPeerConfig.java","29558","84743","114301"
"2014-08-01 07:38","QuorumPeerConfig.java","31761","101401","133162"
"2014-08-14 08:08","QuorumPeerConfig.java","31761","101822","133583"
"2020-02-16 10:25","QuorumPeerConfig.java","155128","268766","423894"
"2020-05-14 18:18","QuorumPeerConfig.java","155129","271992","427121"
"2017-05-11 16:59","QuorumPeerConfig.java","35980","119193","155173"
"2018-11-22 17:56","NioNettySuiteBase.java","217607","224656","442263"
"2019-08-17 17:13","NioNettySuiteBase.java","217720","256072","473792"
"2019-11-08 17:30","Request.java","200410","261934","462344"
"2019-01-16 14:21","Request.java","200276","232166","432442"
"2019-04-25 02:11","Request.java","200366","239996","440362"
"2019-07-08 23:26","Request.java","200382","245068","445450"
"2015-02-06 06:17","Request.java","10563","25332","35895"
"2019-02-07 11:26","Request.java","200277","234519","434796"
"2019-08-06 17:11","Request.java","200382","257393","457775"
"2019-08-01 07:28","Request.java","200382","256473","456855"
"2019-06-26 10:57","Request.java","200382","244142","444524"
"2016-10-07 21:51","Request.java","17313","40689","58002"
"2015-06-04 19:51","Request.java","11517","29842","41359"
"2019-08-17 17:13","Request.java","200382","256292","456674"
"2019-04-17 14:16","Request.java","200366","238348","438714"
"2019-05-03 00:44","Request.java","200366","240273","440639"
"2019-06-05 00:46","Request.java","200382","242152","442534"
"2019-05-10 12:22","Request.java","200366","240783","441149"
"2020-03-25 03:38","Request.java","201799","270494","472293"
"2019-09-20 10:06","Request.java","200382","259155","459537"
"2019-09-16 23:26","Request.java","200382","259311","459693"
"2019-12-27 22:33","Request.java","201799","266387","468186"
"2019-11-11 13:59","Request.java","200410","263730","464140"
"2014-04-29 02:23","Request.java","7729","10994","18723"
"2020-05-05 21:20","Request.java","201799","271525","473324"
"2019-05-20 17:18","ConnectionMetricsTest.java","554","2563","3117"
"2019-08-17 17:13","ConnectionMetricsTest.java","29757","46975","76732"
"2014-06-25 15:04","FastLeaderElection.java","20006","60026","80032"
"2018-12-06 10:56","FastLeaderElection.java","178339","227394","405733"
"2014-07-08 05:25","FastLeaderElection.java","20403","62059","82462"
"2014-07-18 20:48","FastLeaderElection.java","20678","66460","87138"
"2014-03-23 04:12","FastLeaderElection.java","13945","49887","63832"
"2019-10-10 14:37","FastLeaderElection.java","178405","260685","439090"
"2013-10-21 23:36","FastLeaderElection.java","13600","45730","59330"
"2019-09-30 23:22","FastLeaderElection.java","178405","260312","438717"
"2014-07-20 04:50","FastLeaderElection.java","20700","66544","87244"
"2020-04-07 09:07","FastLeaderElection.java","179499","271400","450899"
"2012-03-20 01:33","FastLeaderElection.java","10443","24302","34745"
"2019-01-18 03:42","FastLeaderElection.java","178340","232892","411232"
"2012-02-06 09:40","FastLeaderElection.java","8013","20421","28434"
"2017-09-11 18:55","FastLeaderElection.java","27844","88187","116031"
"2013-03-07 07:01","FastLeaderElection.java","12977","39549","52526"
"2018-08-29 06:26","FastLeaderElection.java","102155","172781","274936"
"2011-04-29 18:12","FastLeaderElection.java","118","453","571"
"2015-02-06 06:17","FastLeaderElection.java","20967","71041","92008"
"2018-04-30 06:34","FastLeaderElection.java","28306","94631","122937"
"2019-08-17 17:13","FastLeaderElection.java","178405","256932","435337"
"2019-08-02 20:08","FastLeaderElection.java","178405","257713","436118"
"2012-08-03 00:17","FastLeaderElection.java","10906","27253","38159"
"2017-01-13 19:29","FastLeaderElection.java","25173","87856","113029"
"2011-06-14 07:14","FastLeaderElection.java","539","2489","3028"
"2019-08-03 08:42","FastLeaderElection.java","178405","257640","436045"
"2019-08-17 17:13","EnsembleAuthTest.java","30130","50898","81028"
"2019-11-29 14:49","LocalPeerBean.java","9773","16330","26103"
"2019-11-14 03:54","LocalPeerBean.java","4021","12030","16051"
"2020-03-19 17:09","Learner.java","4620","11703","16323"
"2020-02-03 04:30","Learner.java","2852","8430","11282"
"2020-01-23 13:43","Learner.java","2731","7752","10483"
"2020-03-25 03:38","Learner.java","4728","12607","17335"
"2019-12-27 22:33","Learner.java","875","4647","5522"
"2020-01-25 18:48","Learner.java","2738","7949","10687"
"2020-05-03 19:43","Learner.java","5477","14292","19769"
"2019-11-29 14:49","Learner.java","509","2160","2669"
"2019-10-10 14:37","LeaderElectionSupportTest.java","218914","259719","478633"
"2019-08-27 09:23","LeaderElectionSupportTest.java","218914","256559","475473"
"2019-08-17 17:13","LsCommand.java","223892","255250","479142"
"2019-01-31 15:55","LsCommand.java","223774","232791","456565"
"2020-01-09 22:51","LsCommand.java","225519","264979","490498"
"2019-12-28 16:17","LsCommand.java","225518","265461","490979"
"2019-10-10 14:37","JUnit4ZKTestRunner.java","168109","260768","428877"
"2015-07-07 07:11","JUnit4ZKTestRunner.java","35782","100198","135980"
"2013-12-21 22:05","JUnit4ZKTestRunner.java","28516","72239","100755"
"2011-09-17 02:13","JUnit4ZKTestRunner.java","20563","42283","62846"
"2011-04-12 09:14","JUnit4ZKTestRunner.java","17412","27791","45203"
"2019-05-08 21:54","JUnit4ZKTestRunner.java","168110","241518","409628"
"2019-08-17 17:13","JUnit4ZKTestRunner.java","168109","257015","425124"
"2015-05-03 19:55","JUnit4ZKTestRunner.java","35523","98237","133760"
"2019-02-07 11:26","PrepRequestProcessor.java","225441","233507","458948"
"2019-09-11 10:27","PrepRequestProcessor.java","225558","256648","482206"
"2018-07-19 05:59","PrepRequestProcessor.java","29950","37079","67029"
"2017-09-11 18:55","PrepRequestProcessor.java","7719","6581","14300"
"2019-01-16 14:21","PrepRequestProcessor.java","225440","231154","456594"
"2017-06-01 05:45","PrepRequestProcessor.java","5583","3981","9564"
"2019-11-08 17:30","PrepRequestProcessor.java","225606","260954","486560"
"2019-04-09 15:35","PrepRequestProcessor.java","225464","236055","461519"
"2019-04-17 14:16","PrepRequestProcessor.java","225539","237345","462884"
"2019-05-10 12:22","PrepRequestProcessor.java","225539","239780","465319"
"2017-06-26 00:16","PrepRequestProcessor.java","5889","4565","10454"
"2019-02-07 11:22","PrepRequestProcessor.java","225441","233169","458610"
"2019-08-01 07:31","PrepRequestProcessor.java","225558","255963","481521"
"2019-06-26 10:57","PrepRequestProcessor.java","225557","243141","468698"
"2019-08-17 17:13","PrepRequestProcessor.java","225558","255292","480850"
"2018-08-08 06:21","PrepRequestProcessor.java","77875","86484","164359"
"2018-05-09 23:57","PrepRequestProcessor.java","9099","14522","23621"
"2019-12-27 22:33","PrepRequestProcessor.java","227163","265575","492738"
"2019-10-10 14:37","PrepRequestProcessor.java","225558","259045","484603"
"2020-03-25 03:38","PrepRequestProcessor.java","227164","269683","496847"
"2018-06-15 07:41","PrepRequestProcessor.java","9330","15505","24835"
"2018-10-16 16:22","QuorumPeerConfig.java","166009","235443","401452"
"2018-12-09 03:16","QuorumPeerConfig.java","185291","228986","414277"
"2019-04-12 19:01","QuorumPeerConfig.java","185375","238219","423594"
"2018-09-11 15:23","QuorumPeerConfig.java","109535","161298","270833"
"2013-03-07 07:01","QuorumPeerConfig.java","2052","8446","10498"
"2018-12-15 07:34","QuorumPeerConfig.java","185291","228901","414192"
"2019-02-13 13:12","QuorumPeerConfig.java","185312","235295","420607"
"2019-08-17 17:13","QuorumPeerConfig.java","185391","256428","441819"
"2015-03-17 18:06","QuorumPeerConfig.java","12983","44101","57084"
"2014-01-21 04:50","QuorumPeerConfig.java","3741","17285","21026"
"2017-11-28 00:10","QuorumPeerConfig.java","24031","68053","92084"
"2019-06-05 00:29","QuorumPeerConfig.java","185391","242095","427486"
"2014-09-17 07:34","QuorumPeerConfig.java","12466","40131","52597"
"2020-01-09 11:27","QuorumPeerConfig.java","186736","265876","452612"
"2019-07-12 17:01","QuorumPeerConfig.java","185391","251741","437132"
"2016-11-13 20:59","QuorumPeerConfig.java","18869","59625","78494"
"2019-05-15 11:56","QuorumPeerConfig.java","185375","241166","426541"
"2014-08-19 22:50","QuorumPeerConfig.java","12466","39045","51511"
"2018-10-01 06:11","QuorumPeerConfig.java","109762","165359","275121"
"2017-07-28 00:36","QuorumPeerConfig.java","23493","63095","86588"
"2013-09-30 22:20","QuorumPeerConfig.java","2999","11778","14777"
"2017-07-06 18:48","QuorumPeerConfig.java","23027","63511","86538"
"2013-09-26 00:13","QuorumPeerConfig.java","2978","11513","14491"
"2020-01-23 13:43","QuorumPeerConfig.java","186736","267700","454436"
"2014-05-17 13:23","QuorumPeerConfig.java","10580","29019","39599"
"2014-07-04 04:19","QuorumPeerConfig.java","10892","31880","42772"
"2016-06-23 19:42","QuorumPeerConfig.java","18010","54334","72344"
"2015-09-06 20:02","QuorumPeerConfig.java","14468","49098","63566"
"2015-09-29 03:56","QuorumPeerConfig.java","14511","49322","63833"
"2019-10-10 14:37","QuorumPeerConfig.java","185391","260181","445572"
"2018-07-27 12:32","QuorumPeerConfig.java","42971","91907","134878"
"2019-04-18 19:17","QuorumPeerConfig.java","185375","238929","424304"
"2016-11-03 16:07","QuorumPeerConfig.java","18842","57929","76771"
"2014-03-25 22:13","QuorumPeerConfig.java","4061","20061","24122"
"2013-10-09 22:21","QuorumPeerConfig.java","3442","15031","18473"
"2014-08-01 07:38","QuorumPeerConfig.java","12340","38384","50724"
"2014-08-14 08:08","QuorumPeerConfig.java","12385","38850","51235"
"2020-02-16 10:25","QuorumPeerConfig.java","186736","268413","455149"
"2020-05-14 18:18","QuorumPeerConfig.java","186740","271642","458382"
"2017-05-11 16:59","QuorumPeerConfig.java","22780","62397","85177"
"2018-10-16 16:22","QuorumPeerConfig.java","205782","231194","436976"
"2018-12-09 03:16","QuorumPeerConfig.java","227923","227596","455519"
"2019-04-12 19:01","QuorumPeerConfig.java","228027","236849","464876"
"2018-09-11 15:23","QuorumPeerConfig.java","101126","108867","209993"
"2018-12-15 07:34","QuorumPeerConfig.java","227923","227511","455434"
"2019-02-13 13:12","QuorumPeerConfig.java","227951","233912","461863"
"2019-08-17 17:13","QuorumPeerConfig.java","228064","255079","483143"
"2019-06-05 00:29","QuorumPeerConfig.java","228063","240745","468808"
"2020-01-09 11:27","QuorumPeerConfig.java","229836","264954","494790"
"2019-07-12 17:01","QuorumPeerConfig.java","228064","250392","478456"
"2019-05-15 11:56","QuorumPeerConfig.java","228044","239813","467857"
"2018-10-01 06:11","QuorumPeerConfig.java","101963","113538","215501"
"2020-01-23 13:43","QuorumPeerConfig.java","229836","266778","496614"
"2019-10-10 14:37","QuorumPeerConfig.java","228065","258833","486898"
"2018-07-27 12:32","QuorumPeerConfig.java","22382","27296","49678"
"2019-04-18 19:17","QuorumPeerConfig.java","228027","237559","465586"
"2020-02-16 10:25","QuorumPeerConfig.java","229836","267491","497327"
"2020-05-14 18:18","QuorumPeerConfig.java","229929","270809","500738"
"2019-10-10 14:37","ObserverZooKeeperServer.java","222252","259640","481892"
"2019-06-04 10:55","ObserverZooKeeperServer.java","222251","241370","463621"
"2019-08-17 17:13","ObserverZooKeeperServer.java","222252","255887","478139"
"2019-06-03 19:40","ObserverZooKeeperServer.java","222251","241217","463468"
"2019-02-13 13:12","ObserverZooKeeperServer.java","222155","234736","456891"
"2019-11-14 03:54","ServerCnxnFactory.java","90","689","779"
"2020-03-03 10:53","PurgeTxnTest.java","1982","3249","5231"
"2020-01-31 12:01","PurgeTxnTest.java","2","2","4"
"2017-07-28 00:36","ZooKeeperAdmin.java","3011","3065","6076"
"2019-08-17 17:13","ZooKeeperAdmin.java","223776","255265","479041"
"2017-04-18 01:56","ZooKeeperAdmin.java","186","979","1165"
"2020-03-26 22:19","ZooKeeperAdmin.java","225391","269737","495128"
"2019-08-17 17:13","ZooKeeperQuotaTest.java","29388","43284","72672"
"2019-07-17 13:42","ZooKeeperQuotaTest.java","4710","14370","19080"
"2019-06-03 19:40","FollowerZooKeeperServer.java","90102","243037","333139"
"2009-05-20 20:48","FollowerZooKeeperServer.java","4224","44067","48291"
"2019-08-17 17:13","FollowerZooKeeperServer.java","90102","257706","347808"
"2009-05-20 22:16","FollowerZooKeeperServer.java","4281","44192","48473"
"2009-02-02 23:26","FollowerZooKeeperServer.java","2414","13821","16235"
"2019-05-03 00:44","FollowerZooKeeperServer.java","90103","241704","331807"
"2019-06-04 10:55","FollowerZooKeeperServer.java","90102","243190","333292"
"2018-08-06 14:11","FollowerZooKeeperServer.java","26382","180744","207126"
"2018-12-09 03:16","FollowerZooKeeperServer.java","90075","230337","320412"
"2018-11-21 17:56","FollowerZooKeeperServer.java","90075","225769","315844"
"2011-10-20 20:02","FollowerZooKeeperServer.java","13647","108133","121780"
"2011-04-12 09:14","FollowerZooKeeperServer.java","10971","100048","111019"
"2010-08-18 08:24","FollowerZooKeeperServer.java","10069","108101","118170"
"2019-11-28 12:24","FollowerZooKeeperServer.java","90558","263068","353626"
"2019-12-27 22:33","FollowerZooKeeperServer.java","90558","266840","357398"
"2009-10-30 17:19","FollowerZooKeeperServer.java","7253","62986","70239"
"2009-12-18 03:19","FollowerZooKeeperServer.java","8230","73688","81918"
"2019-08-17 17:13","ClientCnxn.java","30095","50310","80405"
"2019-04-09 15:35","ClientCnxn.java","361","1433","1794"
"2019-11-08 17:30","ClientCnxn.java","32343","58172","90515"
"2020-05-17 15:13","ClientCnxn.java","43409","77569","120978"
"2020-03-03 03:12","ClientCnxn.java","39456","71406","110862"
"2020-01-21 17:53","ClientCnxn.java","39082","67293","106375"
"2019-10-10 14:37","ClientCnxn.java","32177","56145","88322"
"2019-11-21 05:58","ClientCnxn.java","37318","60700","98018"
"2020-04-16 12:50","ClientCnxn.java","40146","73935","114081"
"2019-07-02 07:34","Follower.java","228063","243021","471084"
"2018-12-09 03:16","Follower.java","227923","227596","455519"
"2019-04-12 19:01","Follower.java","228027","236849","464876"
"2018-09-18 01:00","Follower.java","101260","110256","211516"
"2019-08-17 17:13","Follower.java","228064","255079","483143"
"2019-06-29 00:33","Follower.java","228063","243065","471128"
"2019-08-06 17:11","Follower.java","228064","256180","484244"
"2019-07-15 14:15","Follower.java","228064","250498","478562"
"2019-08-23 19:43","Follower.java","228064","255745","483809"
"2019-06-05 00:33","Follower.java","228063","240799","468862"
"2019-05-03 00:44","Follower.java","228044","239056","467100"
"2019-12-27 22:33","Follower.java","229835","265528","495363"
"2019-10-10 14:37","Follower.java","228065","258833","486898"
"2019-09-05 23:12","UpgradeableSessionTracker.java","1438","2357","3795"
"2019-10-10 14:37","UpgradeableSessionTracker.java","3717","7470","11187"
"2019-11-11 13:59","AuthenticationProvider.java","3935","11345","15280"
"2019-11-28 12:24","DataTree.java","188559","262664","451223"
"2019-10-10 14:37","DataTree.java","187214","260166","447380"
"2019-12-27 22:33","DataTree.java","188559","266436","454995"
"2015-06-06 03:48","DataTree.java","12922","44641","57563"
"2019-11-11 13:59","DataTree.java","187242","263851","451093"
"2018-07-10 13:29","DataTree.java","32313","78241","110554"
"2014-04-17 08:47","DataTree.java","9987","25835","35822"
"2014-04-29 02:23","DataTree.java","9993","26547","36540"
"2018-09-28 23:38","DataTree.java","109713","163467","273180"
"2019-11-08 17:30","DataTree.java","187242","262055","449297"
"2013-09-05 23:50","DataTree.java","2341","8613","10954"
"2019-01-30 16:28","DataTree.java","187116","233426","420542"
"2019-01-30 17:02","DataTree.java","187116","233970","421086"
"2016-11-24 17:18","DataTree.java","19114","58600","77714"
"2017-09-11 18:55","DataTree.java","23386","61713","85099"
"2017-02-05 07:22","DataTree.java","19322","60247","79569"
"2014-07-18 02:19","DataTree.java","11422","34729","46151"
"2019-02-07 11:26","DataTree.java","187117","234648","421765"
"2013-03-07 07:01","DataTree.java","1478","6034","7512"
"2018-09-04 11:54","DataTree.java","109461","158131","267592"
"2018-09-05 22:35","DataTree.java","109480","158406","267886"
"2018-12-20 15:17","DataTree.java","187115","229914","417029"
"2019-09-10 09:53","DataTree.java","187214","257462","444676"
"2019-04-12 19:01","DataTree.java","187198","238204","425402"
"2019-07-31 19:06","DataTree.java","187214","255720","442934"
"2019-09-11 10:27","DataTree.java","187214","257769","444983"
"2013-10-22 12:54","DataTree.java","2939","13280","16219"
"2016-03-23 00:30","DataTree.java","17363","50521","67884"
"2019-08-01 07:31","DataTree.java","187214","257084","444298"
"2014-01-24 07:18","DataTree.java","3201","16490","19691"
"2019-08-17 17:13","DataTree.java","187214","256413","443627"
"2019-09-10 15:21","DataTree.java","187214","257456","444670"
"2015-06-04 19:51","DataTree.java","12915","44529","57444"
"2016-10-07 21:51","DataTree.java","18485","55150","73635"
"2017-06-18 19:23","DataTree.java","22629","60642","83271"
"2019-04-12 12:29","DataTree.java","187198","237773","424971"
"2019-08-03 08:42","DataTree.java","187214","257121","444335"
"2019-08-09 16:15","DataTree.java","187214","257869","445083"
"2016-11-13 20:59","DataTree.java","18513","57431","75944"
"2019-04-29 16:49","DataTree.java","187198","240234","427432"
"2013-10-09 22:21","SessionTracker.java","8193","29094","37287"
"2014-07-18 02:19","SessionTracker.java","15723","50180","65903"
"2018-09-18 01:00","SessionTracker.java","109035","171365","280400"
"2019-09-05 23:12","SessionTracker.java","176310","257578","433888"
"2019-08-17 17:13","SessionTracker.java","176310","256659","432969"
"2018-08-08 06:21","SessionTracker.java","86260","145484","231744"
"2019-08-17 17:13","WatchesReport.java","158773","174218","332991"
"2019-11-08 17:30","Request.java","223341","261489","484830"
"2019-01-16 14:21","Request.java","223175","231689","454864"
"2019-04-25 02:11","Request.java","223274","239528","462802"
"2019-07-08 23:26","Request.java","223292","244602","467894"
"2019-02-07 11:26","Request.java","223176","234042","457218"
"2019-08-06 17:11","Request.java","223293","256928","480221"
"2019-08-01 07:28","Request.java","223293","256008","479301"
"2019-06-26 10:57","Request.java","223292","243676","466968"
"2019-08-17 17:13","Request.java","223293","255827","479120"
"2019-04-17 14:16","Request.java","223274","237880","461154"
"2019-05-03 00:44","Request.java","223274","239805","463079"
"2019-06-05 00:46","Request.java","223292","241686","464978"
"2019-05-10 12:22","Request.java","223274","240315","463589"
"2020-03-25 03:38","Request.java","224881","270200","495081"
"2019-09-20 10:06","Request.java","223293","258690","481983"
"2019-09-16 23:26","Request.java","223293","258846","482139"
"2019-12-27 22:33","Request.java","224880","266092","490972"
"2019-11-11 13:59","Request.java","223341","263285","486626"
"2020-05-05 21:20","Request.java","224881","271231","496112"
"2015-10-18 19:00","QuorumPeer.java","12696","34031","46727"
"2018-12-20 15:13","QuorumPeer.java","198692","229755","428447"
"2019-05-16 16:25","QuorumPeer.java","198783","241075","439858"
"2018-10-16 16:22","QuorumPeer.java","179296","235186","414482"
"2019-06-14 09:06","QuorumPeer.java","198799","244290","443089"
"2018-12-07 12:41","QuorumPeer.java","198691","226768","425459"
"2019-03-11 19:47","QuorumPeer.java","198711","236202","434913"
"2014-07-18 02:19","QuorumPeer.java","9320","20921","30241"
"2019-02-13 13:12","QuorumPeer.java","198712","235151","433863"
"2019-04-12 19:01","QuorumPeer.java","198783","238083","436866"
"2018-12-09 03:16","QuorumPeer.java","198691","228842","427533"
"2018-09-11 15:23","QuorumPeer.java","112110","150329","262439"
"2019-11-29 14:49","QuorumPeer.java","200216","264266","464482"
"2018-12-15 07:34","QuorumPeer.java","198691","228757","427448"
"2018-11-27 10:02","QuorumPeer.java","198691","226518","425209"
"2018-09-18 01:00","QuorumPeer.java","112186","151660","263846"
"2019-06-03 19:40","QuorumPeer.java","198799","241623","440422"
"2019-07-15 14:15","QuorumPeer.java","198799","251711","450510"
"2015-03-17 18:06","QuorumPeer.java","10723","28297","39020"
"2019-07-03 00:44","QuorumPeer.java","198799","244305","443104"
"2019-08-17 17:13","QuorumPeer.java","198799","256292","455091"
"2015-06-27 02:03","QuorumPeer.java","11485","31748","43233"
"2017-11-28 00:10","QuorumPeer.java","23679","54157","77836"
"2014-06-04 22:07","QuorumPeer.java","7975","13776","21751"
"2018-01-30 08:02","QuorumPeer.java","24063","54694","78757"
"2019-05-15 11:56","QuorumPeer.java","198783","241030","439813"
"2019-06-05 00:33","QuorumPeer.java","198799","242013","440812"
"2019-05-20 23:13","QuorumPeer.java","198783","241148","439931"
"2019-06-04 10:55","QuorumPeer.java","198799","241776","440575"
"2019-07-12 17:01","QuorumPeer.java","198799","251605","450404"
"2020-01-09 11:27","QuorumPeer.java","200216","265812","466028"
"2017-02-09 11:40","QuorumPeer.java","18275","47529","65804"
"2017-07-06 18:48","QuorumPeer.java","22016","48956","70972"
"2018-10-01 06:11","QuorumPeer.java","112350","154403","266753"
"2015-04-09 20:16","QuorumPeer.java","10765","29402","40167"
"2018-07-04 17:11","QuorumPeer.java","32459","66651","99110"
"2019-12-17 13:48","QuorumPeer.java","200216","264838","465054"
"2015-12-07 05:59","QuorumPeer.java","12984","35077","48061"
"2020-01-23 13:43","QuorumPeer.java","200216","267636","467852"
"2016-06-23 23:45","QuorumPeer.java","16298","39461","55759"
"2016-06-23 23:25","QuorumPeer.java","16267","39322","55589"
"2014-03-23 04:12","QuorumPeer.java","383","2603","2986"
"2014-07-18 20:48","QuorumPeer.java","9540","21600","31140"
"2014-07-04 04:19","QuorumPeer.java","8133","15577","23710"
"2018-12-06 10:56","QuorumPeer.java","198691","226712","425403"
"2014-06-25 15:04","QuorumPeer.java","7998","14296","22294"
"2014-03-28 01:58","QuorumPeer.java","399","3037","3436"
"2019-10-10 14:37","QuorumPeer.java","198799","260045","458844"
"2017-07-27 23:09","QuorumPeer.java","23014","48968","71982"
"2014-05-18 05:49","QuorumPeer.java","7887","13199","21086"
"2014-03-25 22:13","QuorumPeer.java","395","2851","3246"
"2018-06-26 11:18","QuorumPeer.java","24446","58620","83066"
"2018-07-27 12:32","QuorumPeer.java","42876","78268","121144"
"2019-04-18 19:17","QuorumPeer.java","198783","238793","437576"
"2016-12-20 14:47","QuorumPeer.java","18102","46221","64323"
"2017-05-11 16:59","QuorumPeer.java","21717","47790","69507"
"2014-07-03 06:01","QuorumPeer.java","8043","15065","23108"
"2014-08-14 08:08","QuorumPeer.java","9999","22920","32919"
"2014-08-01 07:38","QuorumPeer.java","9903","22403","32306"
"2014-07-20 04:50","QuorumPeer.java","9579","21701","31280"
"2016-06-02 00:59","QuorumPeer.java","16234","38920","55154"
"2020-02-16 10:25","QuorumPeer.java","200216","268349","468565"
"2019-10-10 14:37","ZooKeeperSaslClient.java","177207","260495","437702"
"2016-03-02 07:46","ZooKeeperSaslClient.java","20551","65038","85589"
"2016-03-05 01:03","ZooKeeperSaslClient.java","21691","65071","86762"
"2015-12-05 22:32","ZooKeeperSaslClient.java","20404","64393","84797"
"2020-02-04 10:39","ZooKeeperSaslClient.java","178436","268455","446891"
"2012-02-06 09:34","ZooKeeperSaslClient.java","4232","4941","9173"
"2012-09-09 20:24","ZooKeeperSaslClient.java","7551","12758","20309"
"2012-09-28 18:32","ZooKeeperSaslClient.java","7559","12947","20506"
"2019-01-31 15:50","ZooKeeperSaslClient.java","177147","234349","411496"
"2012-08-02 00:24","ZooKeeperSaslClient.java","7359","11827","19186"
"2019-08-03 08:42","ZooKeeperSaslClient.java","177207","257450","434657"
"2014-12-20 15:29","ZooKeeperSaslClient.java","18611","56799","75410"
"2017-11-28 00:10","ZooKeeperSaslClient.java","28698","81218","109916"
"2013-09-18 12:58","ZooKeeperSaslClient.java","10607","27500","38107"
"2013-10-11 21:18","ZooKeeperSaslClient.java","10967","31268","42235"
"2016-05-02 18:15","ZooKeeperSaslClient.java","23222","67457","90679"
"2013-09-28 01:24","ZooKeeperSaslClient.java","10627","27815","38442"
"2019-08-17 17:13","ZooKeeperSaslClient.java","177207","256742","433949"
"2011-12-28 07:07","ServerCnxnFactory.java","7941","19611","27552"
"2013-10-05 00:57","ServerCnxnFactory.java","13404","42511","55915"
"2019-11-14 03:54","ServerCnxnFactory.java","178405","264941","443346"
"2019-11-11 13:59","ServerCnxnFactory.java","178405","264342","442747"
"2012-08-28 21:51","ServerCnxnFactory.java","10913","27493","38406"
"2017-04-19 01:19","ServerCnxnFactory.java","26792","87312","114104"
"2012-02-11 00:34","ServerCnxnFactory.java","8320","20914","29234"
"2018-10-24 04:03","ServerCnxnFactory.java","147149","236662","383811"
"2013-03-07 07:01","ServerCnxnFactory.java","12977","39549","52526"
"2011-08-19 00:05","ServerCnxnFactory.java","1731","13154","14885"
"2014-07-18 02:19","ServerCnxnFactory.java","20643","65966","86609"
"2019-02-13 13:12","ServerCnxnFactory.java","178352","235825","414177"
"2017-10-07 21:22","ServerCnxnFactory.java","27853","88253","116106"
"2019-08-17 17:13","ServerCnxnFactory.java","178405","256932","435337"
"2019-06-07 14:13","ServerCnxnFactory.java","178405","243036","421441"
"2019-07-03 00:44","ServerCnxnFactory.java","178405","244945","423350"
"2015-03-17 18:06","ServerCnxnFactory.java","21101","72397","93498"
"2015-03-28 20:08","ServerCnxnFactory.java","21114","73399","94513"
"2016-05-02 18:15","ServerCnxnFactory.java","24080","79995","104075"
"2012-12-08 00:38","ServerCnxnFactory.java","11621","31560","43181"
"2012-12-19 19:07","ServerCnxnFactory.java","12404","33539","45943"
"2019-10-10 14:37","UpgradeableSessionTracker.java","2326","5160","7486"
"2017-02-12 00:34","ReconfigFailureCasesTest.java","12309","25035","37344"
"2017-09-11 18:55","ReconfigFailureCasesTest.java","15416","28759","44175"
"2019-11-29 14:49","ReconfigFailureCasesTest.java","213358","264130","477488"
"2016-11-13 20:59","ReconfigFailureCasesTest.java","8401","22335","30736"
"2015-05-10 23:29","ReconfigFailureCasesTest.java","1568","6989","8557"
"2019-08-17 17:13","ReconfigFailureCasesTest.java","211913","256128","468041"
"2014-03-25 22:13","QuorumPeerMainTest.java","29375","82813","112188"
"2011-09-03 01:07","QuorumPeerMainTest.java","19238","49912","69150"
"2018-05-10 00:14","QuorumPeerMainTest.java","36706","120922","157628"
"2018-10-05 14:25","QuorumPeerMainTest.java","130338","224228","354566"
"2018-07-17 10:41","QuorumPeerMainTest.java","53275","139138","192413"
"2018-07-27 12:32","QuorumPeerMainTest.java","53322","139696","193018"
"2013-10-09 22:21","QuorumPeerMainTest.java","29109","78136","107245"
"2010-03-31 06:26","QuorumPeerMainTest.java","3083","10016","13099"
"2011-09-17 02:13","QuorumPeerMainTest.java","22010","50737","72747"
"2010-05-21 18:22","QuorumPeerMainTest.java","6196","14069","20265"
"2015-11-03 08:11","QuorumPeerMainTest.java","31946","104301","136247"
"2020-01-23 13:43","QuorumPeerMainTest.java","162090","267989","430079"
"2011-06-14 14:11","QuorumPeerMainTest.java","19876","39298","59174"
"2019-10-10 14:37","QuorumPeerMainTest.java","161044","260769","421813"
"2019-12-28 16:17","QuorumPeerMainTest.java","162090","266647","428737"
"2017-12-16 01:25","QuorumPeerMainTest.java","36516","118020","154536"
"2018-01-19 00:52","QuorumPeerMainTest.java","36548","118165","154713"
"2018-04-30 06:34","QuorumPeerMainTest.java","36705","120290","156995"
"2019-07-25 21:41","QuorumPeerMainTest.java","161044","253499","414543"
"2019-08-17 17:13","QuorumPeerMainTest.java","161044","257016","418060"
"2018-02-23 23:49","QuorumPeerMainTest.java","36610","119269","155879"
"2011-06-14 07:14","QuorumPeerMainTest.java","19875","39270","59145"
"2012-04-23 01:20","QuorumPeerMainTest.java","26863","58857","85720"
"2014-01-09 20:21","QuorumPeerMainTest.java","29170","80043","109213"
"2019-07-02 07:34","QuorumPeerMainTest.java","161044","244959","406003"
"2019-05-20 17:18","QuorumPeerMainTest.java","161045","241808","402853"
"2018-10-16 16:22","QuorumPeerMainTest.java","130340","237212","367552"
"2015-02-06 06:17","QuorumPeerMainTest.java","31585","98919","130504"
"2018-08-29 06:26","QuorumPeerMainTest.java","93286","181172","274458"
"2018-08-03 18:52","QuorumPeerMainTest.java","53324","140204","193528"
"2018-09-11 15:23","QuorumPeerMainTest.java","97925","187126","285051"
"2019-04-10 13:19","SnapshotFormatter.java","223780","236483","460263"
"2018-09-15 01:09","SnapshotFormatter.java","101686","114565","216251"
"2019-08-06 12:57","SnapshotFormatter.java","223799","256312","480111"
"2019-08-17 17:13","SnapshotFormatter.java","223799","255234","479033"
"2019-12-27 22:33","SnapshotFormatter.java","225441","265554","490995"
"2019-01-14 19:43","SnapshotFormatter.java","223680","230637","454317"
"2019-11-28 12:24","SnapshotFormatter.java","225440","261781","487221"
"2019-08-17 17:13","SaslQuorumAuthLearner.java","228064","255079","483143"
"2019-10-10 14:37","SaslQuorumAuthLearner.java","228065","258833","486898"
"2020-02-04 10:39","SaslQuorumAuthLearner.java","229836","267335","497171"
"2019-07-29 17:15","ToStringOutputArchive.java","129922","255100","385022"
"2019-06-20 20:25","ToStringOutputArchive.java","129922","244819","374741"
"2011-09-15 00:22","ToStringOutputArchive.java","19819","79194","99013"
"2017-02-12 00:34","ReconfigFailureCasesTest.java","4527","3319","7846"
"2017-09-11 18:55","ReconfigFailureCasesTest.java","7760","7169","14929"
"2019-11-29 14:49","ReconfigFailureCasesTest.java","226615","263453","490068"
"2019-08-17 17:13","ReconfigFailureCasesTest.java","225011","255292","480303"
"2019-08-17 17:13","ConfCommand.java","226243","255276","481519"
"2019-08-17 17:13","FileChangeWatcherTest.java","35912","62398","98310"
"2020-05-04 14:17","FileChangeWatcherTest.java","45438","85652","131090"
"2019-10-10 14:37","FileChangeWatcherTest.java","37905","68144","106049"
"2015-02-06 06:17","StaticHostProviderTest.java","2638","12132","14770"
"2014-07-17 22:56","StaticHostProviderTest.java","1043","3019","4062"
"2019-08-17 17:13","StaticHostProviderTest.java","205519","256154","461673"
"2018-07-16 05:45","StaticHostProviderTest.java","36163","64160","100323"
"2015-05-10 00:27","StaticHostProviderTest.java","3161","14999","18160"
"2018-09-15 00:08","ZooKeeperServer.java","102690","115076","217766"
"2019-04-12 19:01","ZooKeeperServer.java","224173","237038","461211"
"2019-07-31 19:06","ZooKeeperServer.java","224192","254557","478749"
"2019-09-11 10:27","ZooKeeperServer.java","224192","256606","480798"
"2019-01-14 19:38","ZooKeeperServer.java","224073","230423","454496"
"2019-01-07 15:34","ZooKeeperServer.java","224073","230024","454097"
"2018-11-21 17:56","ZooKeeperServer.java","224071","223219","447290"
"2019-02-13 13:12","ZooKeeperServer.java","224095","234099","458194"
"2018-07-19 05:59","ZooKeeperServer.java","24387","32840","57227"
"2018-09-18 01:00","ZooKeeperServer.java","102802","115841","218643"
"2019-03-04 08:07","ZooKeeperServer.java","224096","234677","458773"
"2019-07-08 23:26","ZooKeeperServer.java","224191","244025","468216"
"2019-01-23 14:00","ZooKeeperServer.java","224074","231859","455933"
"2019-02-13 13:19","ZooKeeperServer.java","224095","234385","458480"
"2019-05-14 17:11","ZooKeeperServer.java","224173","239898","464071"
"2019-06-04 10:55","ZooKeeperServer.java","224191","240733","464924"
"2019-04-09 15:35","ZooKeeperServer.java","224098","236013","460111"
"2019-08-03 08:42","ZooKeeperServer.java","224192","255958","480150"
"2019-05-15 11:56","ZooKeeperServer.java","224173","239985","464158"
"2019-05-22 11:39","ZooKeeperServer.java","224174","240432","464606"
"2019-04-22 19:15","ZooKeeperServer.java","224173","238013","462186"
"2018-02-23 23:49","ZooKeeperServer.java","3070","8312","11382"
"2017-08-18 06:32","ZooKeeperServer.java","1670","1678","3348"
"2019-09-10 04:26","ZooKeeperServer.java","224192","256295","480487"
"2019-08-17 17:13","ZooKeeperServer.java","224192","255250","479442"
"2019-09-05 23:12","ZooKeeperServer.java","224192","256169","480361"
"2019-09-10 15:21","ZooKeeperServer.java","224192","256293","480485"
"2019-08-01 07:31","ZooKeeperServer.java","224192","255921","480113"
"2019-08-01 07:28","ZooKeeperServer.java","224192","255431","479623"
"2019-06-03 19:40","ZooKeeperServer.java","224191","240580","464771"
"2019-11-23 17:08","ZooKeeperServer.java","225817","261576","487393"
"2019-10-09 16:49","ZooKeeperServer.java","224192","258836","483028"
"2019-07-03 00:44","ZooKeeperServer.java","224191","243262","467453"
"2018-01-19 01:12","ZooKeeperServer.java","2911","7111","10022"
"2019-07-24 18:00","ZooKeeperServer.java","224192","251705","475897"
"2018-08-08 06:21","ZooKeeperServer.java","72325","82258","154583"
"2018-05-09 23:57","ZooKeeperServer.java","3352","10099","13451"
"2019-12-27 22:33","ZooKeeperServer.java","225818","265554","491372"
"2018-09-11 00:17","ZooKeeperServer.java","102666","113503","216169"
"2019-11-18 09:05","ZooKeeperServer.java","225817","260019","485836"
"2019-10-10 14:37","ZooKeeperServer.java","224192","259003","483195"
"2019-09-16 23:26","ZooKeeperServer.java","224192","258269","482461"
"2019-12-03 10:01","ZooKeeperServer.java","225817","263478","489295"
"2020-03-25 03:38","ZooKeeperServer.java","225819","269662","495481"
"2019-11-28 12:24","ZooKeeperServer.java","225817","261781","487598"
"2019-11-06 15:21","ZooKeeperServer.java","224240","259267","483507"
"2020-04-12 11:14","ZooKeeperServer.java","225880","270476","496356"
"2018-06-08 16:52","ZooKeeperServer.java","3591","11087","14678"
"2018-06-15 07:41","ZooKeeperServer.java","3600","11099","14699"
"2018-07-28 04:37","ZooKeeperServer.java","24520","33549","58069"
"2019-04-18 19:17","ZooKeeperServer.java","224173","237748","461921"
"2019-08-17 17:13","CommitProcessor.java","29884","55054","84938"
"2019-07-30 02:31","CommitProcessor.java","8370","31461","39831"
"2019-08-03 08:42","CommitProcessor.java","8775","34653","43428"
"2019-04-09 15:35","CommitProcessor.java","1084","7111","8195"
"2019-04-25 02:11","CommitProcessor.java","1439","10329","11768"
"2020-03-25 03:38","CommitProcessor.java","38893","76848","115741"
"2019-10-10 14:37","CommitProcessor.java","31881","60804","92685"
"2019-11-11 13:55","CommitProcessor.java","32045","62923","94968"
"2019-12-27 22:33","CommitProcessor.java","37494","71342","108836"
"2019-08-17 17:13","DeleteAllCommand.java","223892","255250","479142"
"2019-06-06 00:01","DeleteAllCommand.java","223891","241386","465277"
"2019-07-15 14:15","QuorumZooKeeperServer.java","224387","250672","475059"
"2019-06-26 10:57","QuorumZooKeeperServer.java","224386","243102","467488"
"2019-08-17 17:13","QuorumZooKeeperServer.java","224387","255253","479640"
"2019-05-15 11:56","QuorumZooKeeperServer.java","224368","239988","464356"
"2019-06-04 10:55","QuorumZooKeeperServer.java","224386","240736","465122"
"2019-11-29 14:49","QuorumZooKeeperServer.java","226012","263435","489447"
"2020-03-25 03:38","QuorumZooKeeperServer.java","226014","269665","495679"
"2019-10-10 14:37","QuorumZooKeeperServer.java","224387","259006","483393"
"2016-07-27 01:33","ZooKeeperTest.java","25121","73262","98383"
"2015-11-08 22:54","ZooKeeperTest.java","23356","69679","93035"
"2011-08-18 22:05","ZooKeeperTest.java","27","260","287"
"2011-10-27 18:11","ZooKeeperTest.java","6563","7632","14195"
"2016-09-08 22:52","ZooKeeperTest.java","25566","74095","99661"
"2018-10-04 15:46","ZooKeeperTest.java","112520","179299","291819"
"2016-10-16 14:21","ZooKeeperTest.java","25676","75365","101041"
"2019-03-12 19:08","ZooKeeperTest.java","174677","236975","411652"
"2017-04-29 20:17","ZooKeeperTest.java","28091","79678","107769"
"2014-03-29 04:33","ZooKeeperTest.java","14781","42198","56979"
"2017-05-30 19:43","ZooKeeperTest.java","28919","79736","108655"
"2011-12-28 00:53","ZooKeeperTest.java","7632","10204","17836"
"2012-03-17 01:39","ZooKeeperTest.java","8257","13175","21432"
"2013-09-02 23:04","ZooKeeperTest.java","13790","32977","46767"
"2019-05-23 18:42","ZooKeeperTest.java","174730","242134","416864"
"2019-08-17 17:13","ZooKeeperTest.java","174729","256904","431633"
"2016-08-10 19:32","ZooKeeperTest.java","25340","73436","98776"
"2019-06-06 00:01","ZooKeeperTest.java","174729","243041","417770"
"2019-11-08 17:30","FinalRequestProcessor.java","29349","46950","76299"
"2019-07-08 23:26","FinalRequestProcessor.java","91","854","945"
"2019-09-10 04:26","FinalRequestProcessor.java","28075","41107","69182"
"2019-08-17 17:13","FinalRequestProcessor.java","26740","38727","65467"
"2019-08-01 07:28","FinalRequestProcessor.java","2953","15121","18074"
"2019-08-06 17:11","FinalRequestProcessor.java","3388","16476","19864"
"2020-03-25 03:38","FinalRequestProcessor.java","36783","61555","98338"
"2019-09-16 23:26","FinalRequestProcessor.java","28327","43333","71660"
"2019-10-10 14:37","FinalRequestProcessor.java","29175","44915","74090"
"2019-11-21 05:58","FinalRequestProcessor.java","34424","49578","84002"
"2019-11-18 09:05","FinalRequestProcessor.java","34414","49545","83959"
"2019-11-11 13:59","FinalRequestProcessor.java","29380","48777","78157"
"2020-03-26 22:12","FinalRequestProcessor.java","36836","61610","98446"
"2019-10-10 14:37","ACLTest.java","80815","261463","342278"
"2013-12-21 22:05","ACLTest.java","18408","143301","161709"
"2010-08-18 08:24","ACLTest.java","14681","122004","136685"
"2010-03-31 06:26","ACLTest.java","14159","102015","116174"
"2011-04-12 09:14","ACLTest.java","15481","113849","129330"
"2016-08-24 01:36","ACLTest.java","20510","169281","189791"
"2017-09-11 18:55","ACLTest.java","21223","172989","194212"
"2009-01-15 23:57","ACLTest.java","8113","17404","25517"
"2016-11-13 20:59","ACLTest.java","20537","172894","193431"
"2019-05-06 18:32","ACLTest.java","80815","242064","322879"
"2017-08-18 23:35","ACLTest.java","21189","172877","194066"
"2009-07-17 00:09","ACLTest.java","11207","72686","83893"
"2009-06-25 22:41","ACLTest.java","11052","71403","82455"
"2009-06-18 18:37","ACLTest.java","10773","64161","74934"
"2019-08-17 17:13","ACLTest.java","80815","257710","338525"
"2014-04-25 23:40","ACLTest.java","19765","149106","168871"
"2019-11-29 14:49","QuorumCnxManager.java","218679","264092","482771"
"2018-07-11 06:04","QuorumCnxManager.java","25563","41157","66720"
"2018-08-06 14:11","QuorumCnxManager.java","36206","53573","89779"
"2018-10-16 16:22","QuorumCnxManager.java","196284","233537","429821"
"2019-06-14 09:06","QuorumCnxManager.java","217224","244078","461302"
"2019-08-03 08:42","QuorumCnxManager.java","217225","256789","474014"
"2019-11-13 20:41","QuorumCnxManager.java","217254","263829","481083"
"2019-04-09 16:08","QuorumCnxManager.java","217135","236847","453982"
"2019-08-06 12:52","QuorumCnxManager.java","217225","257054","474279"
"2017-02-09 11:40","QuorumCnxManager.java","8967","19584","28551"
"2019-05-20 23:13","QuorumCnxManager.java","217207","240935","458142"
"2017-08-23 02:16","QuorumCnxManager.java","14829","22750","37579"
"2019-07-27 20:04","QuorumCnxManager.java","217225","252612","469837"
"2015-05-29 23:46","QuorumCnxManager.java","1081","1597","2678"
"2015-05-14 07:10","QuorumCnxManager.java","854","1074","1928"
"2020-03-12 14:47","QuorumCnxManager.java","218681","269480","488161"
"2019-08-17 17:13","QuorumCnxManager.java","217225","256081","473306"
"2017-11-28 00:10","QuorumCnxManager.java","15437","27278","42715"
"2019-10-10 14:37","QuorumCnxManager.java","217225","259834","477059"
"2017-06-09 18:37","QuorumCnxManager.java","13039","20664","33703"
"2020-01-23 13:43","QuorumCnxManager.java","218681","267464","486145"
"2019-11-28 12:24","QuorumCnxManager.java","218679","262441","481120"
"2016-06-08 17:43","QuorumCnxManager.java","6423","10471","16894"
"2020-03-23 16:20","QuorumCnxManager.java","218681","269651","488332"
"2020-02-16 10:25","QuorumCnxManager.java","218681","268177","486858"
"2018-07-27 12:32","QuorumCnxManager.java","35997","52752","88749"
"2019-11-29 14:49","QuorumCnxManager.java","225940","263432","489372"
"2018-07-11 06:04","QuorumCnxManager.java","12487","20160","32647"
"2018-08-06 14:11","QuorumCnxManager.java","23189","32635","55824"
"2018-10-16 16:22","QuorumCnxManager.java","202274","231606","433880"
"2019-06-14 09:06","QuorumCnxManager.java","224296","243229","467525"
"2019-08-03 08:42","QuorumCnxManager.java","224297","255940","480237"
"2019-11-13 20:41","QuorumCnxManager.java","224345","262999","487344"
"2019-04-09 16:08","QuorumCnxManager.java","224203","235994","460197"
"2019-08-06 12:52","QuorumCnxManager.java","224297","256205","480502"
"2019-05-20 23:13","QuorumCnxManager.java","224279","240086","464365"
"2019-07-27 20:04","QuorumCnxManager.java","224297","251763","476060"
"2020-03-12 14:47","QuorumCnxManager.java","225942","268820","494762"
"2019-08-17 17:13","QuorumCnxManager.java","224297","255232","479529"
"2017-11-28 00:10","QuorumCnxManager.java","754","4674","5428"
"2019-10-10 14:37","QuorumCnxManager.java","224297","258985","483282"
"2020-01-23 13:43","QuorumCnxManager.java","225942","266804","492746"
"2019-11-28 12:24","QuorumCnxManager.java","225940","261781","487721"
"2020-03-23 16:20","QuorumCnxManager.java","225942","268991","494933"
"2020-02-16 10:25","QuorumCnxManager.java","225942","267517","493459"
"2018-07-27 12:32","QuorumCnxManager.java","22972","31806","54778"
"2019-06-04 10:55","MetricsContext.java","192094","198406","390500"
"2019-08-17 17:13","MetricsContext.java","192100","212928","405028"
"2019-04-12 19:01","MetricsContext.java","192051","194686","386737"
"2019-10-10 14:37","FLEZeroWeightTest.java","178405","260685","439090"
"2012-04-23 01:20","FLEZeroWeightTest.java","10791","25525","36316"
"2017-09-11 18:55","FLEZeroWeightTest.java","27844","88187","116031"
"2019-08-17 17:13","FLEZeroWeightTest.java","178405","256932","435337"
"2019-07-12 17:01","FLEZeroWeightTest.java","178405","252245","430650"
"2018-07-10 12:46","QuorumTest.java","19697","196862","216559"
"2009-06-26 22:29","QuorumTest.java","9451","93670","103121"
"2019-08-17 17:13","QuorumTest.java","57679","257842","315521"
"2009-07-17 00:09","QuorumTest.java","9494","94241","103735"
"2010-11-04 17:01","QuorumTest.java","12185","172858","185043"
"2008-09-05 16:39","QuorumTest.java","410","993","1403"
"2012-12-13 08:14","QuorumTest.java","16434","145710","162144"
"2009-02-03 06:23","QuorumTest.java","8131","53372","61503"
"2011-06-22 00:19","QuorumTest.java","12771","136476","149247"
"2010-03-19 07:46","QuorumTest.java","11506","122711","134217"
"2011-07-15 06:50","QuorumTest.java","13017","128601","141618"
"2010-08-18 08:24","QuorumTest.java","12151","142742","154893"
"2013-10-09 22:21","QuorumTest.java","16943","157909","174852"
"2010-03-31 06:26","QuorumTest.java","11761","122885","134646"
"2011-09-17 02:13","QuorumTest.java","15629","136295","151924"
"2010-07-29 23:10","QuorumTest.java","11859","137260","149119"
"2011-04-12 09:14","QuorumTest.java","12711","134347","147058"
"2009-08-11 07:44","QuorumTest.java","9527","95338","104865"
"2009-08-07 01:23","QuorumTest.java","9523","95101","104624"
"2019-10-10 14:37","QuorumTest.java","57679","261595","319274"
"2019-09-18 11:20","QuorumTest.java","57679","260754","318433"
"2009-09-16 02:09","QuorumTest.java","9740","96902","106642"
"2019-12-28 16:17","QuorumTest.java","58000","266748","324748"
"2009-08-25 07:45","QuorumTest.java","9556","96212","105768"
"2009-10-30 17:19","QuorumTest.java","10486","98778","109264"
"2015-11-03 08:11","QuorumTest.java","18519","182813","201332"
"2011-07-29 10:14","QuorumTest.java","13076","131192","144268"
"2010-03-13 01:06","QuorumTest.java","11401","122278","133679"
"2019-11-08 17:30","FinalRequestProcessor.java","219894","261549","481443"
"2019-07-08 23:26","FinalRequestProcessor.java","219845","244662","464507"
"2019-01-16 23:23","FinalRequestProcessor.java","219728","231749","451477"
"2018-09-18 01:00","FinalRequestProcessor.java","108815","126837","235652"
"2019-04-12 19:01","FinalRequestProcessor.java","219827","237675","457502"
"2019-02-07 11:26","FinalRequestProcessor.java","219729","234102","453831"
"2019-01-14 19:38","FinalRequestProcessor.java","219727","231060","450787"
"2019-01-09 17:22","FinalRequestProcessor.java","219729","233742","453471"
"2019-09-10 04:26","FinalRequestProcessor.java","219846","256932","476778"
"2019-08-17 17:13","FinalRequestProcessor.java","219846","255887","475733"
"2016-10-07 21:51","FinalRequestProcessor.java","1951","5458","7409"
"2019-06-26 10:57","FinalRequestProcessor.java","219845","243736","463581"
"2019-08-01 07:28","FinalRequestProcessor.java","219846","256068","475914"
"2019-07-03 00:44","FinalRequestProcessor.java","219845","243899","463744"
"2019-08-06 17:11","FinalRequestProcessor.java","219846","256988","476834"
"2018-07-10 12:46","FinalRequestProcessor.java","20969","33761","54730"
"2020-03-25 03:38","FinalRequestProcessor.java","221426","270252","491678"
"2019-09-16 23:26","FinalRequestProcessor.java","219846","258906","478752"
"2019-10-10 14:37","FinalRequestProcessor.java","219846","259640","479486"
"2019-11-21 05:58","FinalRequestProcessor.java","221424","260632","482056"
"2019-11-18 09:05","FinalRequestProcessor.java","221424","260609","482033"
"2019-11-11 13:59","FinalRequestProcessor.java","219894","263345","483239"
"2020-03-26 22:12","FinalRequestProcessor.java","221426","270254","491680"
"2014-06-30 19:11","Observer.java","30659","90792","121451"
"2011-10-20 20:02","Observer.java","24357","53726","78083"
"2019-10-10 14:37","Observer.java","157928","260786","418714"
"2015-06-05 21:25","Observer.java","31565","104751","136316"
"2019-12-27 22:33","Observer.java","158957","266740","425697"
"2017-11-28 00:10","Observer.java","36004","119723","155727"
"2019-07-15 14:15","Observer.java","157928","252452","410380"
"2019-08-23 19:43","Observer.java","157928","257699","415627"
"2019-08-17 17:13","Observer.java","157928","257033","414961"
"2019-05-03 00:44","Observer.java","157929","241031","398960"
"2019-06-05 00:33","Observer.java","157928","242754","400682"
"2019-07-02 07:34","Observer.java","157928","244976","402904"
"2011-02-07 20:26","Observer.java","16259","77989","94248"
"2011-01-22 20:38","Observer.java","16145","77858","94003"
"2013-03-07 07:01","Observer.java","28351","74442","102793"
"2018-12-09 03:16","Observer.java","157870","229633","387503"
"2019-11-08 17:30","FinalRequestProcessor.java","27818","32331","60149"
"2019-09-10 04:26","FinalRequestProcessor.java","26258","26202","52460"
"2019-08-17 17:13","FinalRequestProcessor.java","24844","23743","48587"
"2020-03-25 03:38","FinalRequestProcessor.java","35489","47173","82662"
"2019-09-16 23:26","FinalRequestProcessor.java","26709","28627","55336"
"2019-10-10 14:37","FinalRequestProcessor.java","27644","30296","57940"
"2019-11-21 05:58","FinalRequestProcessor.java","32897","34963","67860"
"2019-11-18 09:05","FinalRequestProcessor.java","32892","34935","67827"
"2019-11-11 13:59","FinalRequestProcessor.java","27850","34159","62009"
"2020-03-26 22:12","FinalRequestProcessor.java","35542","47228","82770"
"2019-12-27 22:33","FuzzySnapshotRelatedTest.java","6378","11303","17681"
"2018-09-15 00:08","ZooKeeperServer.java","60419","206764","267183"
"2019-04-12 19:01","ZooKeeperServer.java","101491","239495","340986"
"2019-07-31 19:06","ZooKeeperServer.java","101490","256994","358484"
"2019-09-11 10:27","ZooKeeperServer.java","101490","259043","360533"
"2019-01-14 19:38","ZooKeeperServer.java","101463","232952","334415"
"2019-01-07 15:34","ZooKeeperServer.java","101463","232553","334016"
"2018-11-21 17:56","ZooKeeperServer.java","101463","225750","327213"
"2012-01-31 07:45","ZooKeeperServer.java","20634","106445","127079"
"2017-04-28 07:14","ZooKeeperServer.java","26625","161052","187677"
"2011-08-19 00:05","ZooKeeperServer.java","16152","101377","117529"
"2017-02-12 00:12","ZooKeeperServer.java","26603","160131","186734"
"2014-07-18 02:19","ZooKeeperServer.java","23804","142929","166733"
"2013-12-11 19:22","ZooKeeperServer.java","22104","129067","151171"
"2019-02-13 13:12","ZooKeeperServer.java","101470","236613","338083"
"2012-02-11 00:34","ZooKeeperServer.java","20820","107216","128036"
"2016-11-24 17:18","ZooKeeperServer.java","26071","161375","187446"
"2018-07-19 05:59","ZooKeeperServer.java","33744","176156","209900"
"2018-09-18 01:00","ZooKeeperServer.java","60461","207459","267920"
"2019-03-04 08:07","ZooKeeperServer.java","101469","237189","338658"
"2019-07-08 23:26","ZooKeeperServer.java","101490","246463","347953"
"2019-01-23 14:00","ZooKeeperServer.java","101463","234387","335850"
"2019-02-13 13:19","ZooKeeperServer.java","101470","236899","338369"
"2019-05-14 17:11","ZooKeeperServer.java","101491","242355","343846"
"2013-01-25 02:17","ZooKeeperServer.java","21614","117589","139203"
"2015-07-10 08:19","ZooKeeperServer.java","24084","152196","176280"
"2009-02-20 01:23","ZooKeeperServer.java","818","3037","3855"
"2009-02-06 22:19","ZooKeeperServer.java","693","2772","3465"
"2019-06-04 10:55","ZooKeeperServer.java","101490","243171","344661"
"2011-06-14 07:14","ZooKeeperServer.java","17796","97416","115212"
"2009-02-27 20:00","ZooKeeperServer.java","828","3073","3901"
"2019-04-09 15:35","ZooKeeperServer.java","101469","238523","339992"
"2019-08-03 08:42","ZooKeeperServer.java","101490","258395","359885"
"2019-05-15 11:56","ZooKeeperServer.java","101491","242442","343933"
"2019-05-22 11:39","ZooKeeperServer.java","101491","242888","344379"
"2019-04-22 19:15","ZooKeeperServer.java","101491","240470","341961"
"2018-02-23 23:49","ZooKeeperServer.java","27074","166275","193349"
"2016-11-16 06:21","ZooKeeperServer.java","25937","161220","187157"
"2012-12-19 19:07","ZooKeeperServer.java","21562","116499","138061"
"2017-08-18 06:32","ZooKeeperServer.java","26931","160898","187829"
"2017-06-26 00:16","ZooKeeperServer.java","26877","160836","187713"
"2019-09-10 04:26","ZooKeeperServer.java","101490","258732","360222"
"2019-08-17 17:13","ZooKeeperServer.java","101490","257687","359177"
"2019-09-05 23:12","ZooKeeperServer.java","101490","258606","360096"
"2019-09-10 15:21","ZooKeeperServer.java","101490","258730","360220"
"2009-05-20 20:48","ZooKeeperServer.java","3577","32013","35590"
"2009-06-15 22:52","ZooKeeperServer.java","4364","35983","40347"
"2019-08-01 07:31","ZooKeeperServer.java","101490","258358","359848"
"2019-08-01 07:28","ZooKeeperServer.java","101490","257868","359358"
"2019-06-03 19:40","ZooKeeperServer.java","101490","243018","344508"
"2015-03-17 18:06","ZooKeeperServer.java","23997","149095","173092"
"2019-11-23 17:08","ZooKeeperServer.java","101948","262846","364794"
"2019-10-09 16:49","ZooKeeperServer.java","101490","261273","362763"
"2019-07-03 00:44","ZooKeeperServer.java","101490","245700","347190"
"2018-01-19 01:12","ZooKeeperServer.java","27038","165197","192235"
"2019-07-24 18:00","ZooKeeperServer.java","101490","254142","355632"
"2013-05-16 18:49","ZooKeeperServer.java","21909","122434","144343"
"2018-08-08 06:21","ZooKeeperServer.java","42874","186766","229640"
"2018-05-09 23:57","ZooKeeperServer.java","27120","167826","194946"
"2009-11-07 01:48","ZooKeeperServer.java","8286","53867","62153"
"2009-12-18 03:19","ZooKeeperServer.java","9304","63355","72659"
"2010-01-26 01:17","ZooKeeperServer.java","9568","67069","76637"
"2019-12-27 22:33","ZooKeeperServer.java","101948","266823","368771"
"2016-08-13 15:01","ZooKeeperServer.java","25816","157198","183014"
"2018-09-11 00:17","ZooKeeperServer.java","60413","205209","265622"
"2019-11-18 09:05","ZooKeeperServer.java","101948","261289","363237"
"2019-10-10 14:37","ZooKeeperServer.java","101490","261440","362930"
"2019-09-16 23:26","ZooKeeperServer.java","101490","260706","362196"
"2013-10-08 01:35","ZooKeeperServer.java","22024","125353","147377"
"2017-06-23 18:39","ZooKeeperServer.java","26855","160834","187689"
"2009-08-07 01:23","ZooKeeperServer.java","6387","47999","54386"
"2011-12-28 07:07","ZooKeeperServer.java","20618","106090","126708"
"2019-12-03 10:01","ZooKeeperServer.java","101948","264748","366696"
"2020-03-25 03:38","ZooKeeperServer.java","101948","270930","372878"
"2010-03-12 19:26","ZooKeeperServer.java","12729","79629","92358"
"2019-11-28 12:24","ZooKeeperServer.java","101948","263051","364999"
"2019-11-06 15:21","ZooKeeperServer.java","101490","261656","363146"
"2011-05-20 01:17","ZooKeeperServer.java","17764","96253","114017"
"2010-07-29 23:10","ZooKeeperServer.java","13779","95214","108993"
"2011-09-17 02:36","ZooKeeperServer.java","18803","104044","122847"
"2020-04-12 11:14","ZooKeeperServer.java","101948","271683","373631"
"2011-09-14 08:56","ZooKeeperServer.java","16260","104061","120321"
"2011-08-21 02:53","ZooKeeperServer.java","16152","101405","117557"
"2010-08-18 08:24","ZooKeeperServer.java","14159","100784","114943"
"2013-10-09 22:21","ZooKeeperServer.java","22076","127645","149721"
"2015-03-08 23:07","ZooKeeperServer.java","23993","148043","172036"
"2018-06-08 16:52","ZooKeeperServer.java","27121","168576","195697"
"2018-06-15 07:41","ZooKeeperServer.java","27137","168595","195732"
"2018-07-28 04:37","ZooKeeperServer.java","33755","176743","210498"
"2019-04-18 19:17","ZooKeeperServer.java","101491","240205","341696"
"2012-03-15 17:47","ZooKeeperServer.java","20837","108267","129104"
"2014-03-25 22:13","ZooKeeperServer.java","22238","132218","154456"
"2011-04-12 09:14","ZooKeeperServer.java","17734","95404","113138"
"2020-03-26 18:41","ZooKeeperMain.java","10253","19288","29541"
"2020-04-01 17:02","ZooKeeperMain.java","10493","19852","30345"
"2020-03-26 22:19","ZooKeeperMain.java","10295","19399","29694"
"2019-11-28 12:24","ZooKeeperMain.java","5614","6767","12381"
"2020-02-16 10:25","QuorumAuthUpgradeTest.java","9981","16868","26849"
"2015-10-18 19:00","QuorumPeer.java","5134","20668","25802"
"2018-12-20 15:13","QuorumPeer.java","204353","229615","433968"
"2019-05-16 16:25","QuorumPeer.java","204446","240937","445383"
"2018-10-16 16:22","QuorumPeer.java","184957","235046","420003"
"2019-06-14 09:06","QuorumPeer.java","204462","244152","448614"
"2018-12-07 12:41","QuorumPeer.java","204352","226628","430980"
"2019-03-11 19:47","QuorumPeer.java","204372","236062","440434"
"2014-07-18 02:19","QuorumPeer.java","1368","7168","8536"
"2019-02-13 13:12","QuorumPeer.java","204373","235011","439384"
"2019-04-12 19:01","QuorumPeer.java","204446","237945","442391"
"2018-12-09 03:16","QuorumPeer.java","204352","228702","433054"
"2018-09-11 15:23","QuorumPeer.java","111690","144108","255798"
"2019-11-29 14:49","QuorumPeer.java","205901","264150","470051"
"2018-12-15 07:34","QuorumPeer.java","204352","228617","432969"
"2018-11-27 10:02","QuorumPeer.java","204352","226378","430730"
"2018-09-18 01:00","QuorumPeer.java","111794","145467","257261"
"2019-06-03 19:40","QuorumPeer.java","204462","241485","445947"
"2019-07-15 14:15","QuorumPeer.java","204462","251573","456035"
"2015-03-17 18:06","QuorumPeer.java","2931","14704","17635"
"2019-07-03 00:44","QuorumPeer.java","204462","244167","448629"
"2019-08-17 17:13","QuorumPeer.java","204462","256154","460616"
"2015-06-27 02:03","QuorumPeer.java","3914","18376","22290"
"2017-11-28 00:10","QuorumPeer.java","16820","41497","58317"
"2018-01-30 08:02","QuorumPeer.java","17223","42053","59276"
"2019-05-15 11:56","QuorumPeer.java","204446","240892","445338"
"2019-06-05 00:33","QuorumPeer.java","204462","241875","446337"
"2019-05-20 23:13","QuorumPeer.java","204446","241010","445456"
"2019-06-04 10:55","QuorumPeer.java","204462","241638","446100"
"2019-07-12 17:01","QuorumPeer.java","204462","251467","455929"
"2020-01-09 11:27","QuorumPeer.java","205902","265697","471599"
"2017-02-09 11:40","QuorumPeer.java","11186","34639","45825"
"2017-07-06 18:48","QuorumPeer.java","15147","36286","51433"
"2018-10-01 06:11","QuorumPeer.java","111999","148251","260250"
"2015-04-09 20:16","QuorumPeer.java","2973","15809","18782"
"2018-07-04 17:11","QuorumPeer.java","25772","54163","79935"
"2019-12-17 13:48","QuorumPeer.java","205901","264722","470623"
"2015-12-07 05:59","QuorumPeer.java","5426","21718","27144"
"2020-01-23 13:43","QuorumPeer.java","205902","267521","473423"
"2016-06-23 23:45","QuorumPeer.java","8865","26227","35092"
"2016-06-23 23:25","QuorumPeer.java","8831","26085","34916"
"2014-07-18 20:48","QuorumPeer.java","1588","7847","9435"
"2014-07-04 04:19","QuorumPeer.java","168","1811","1979"
"2018-12-06 10:56","QuorumPeer.java","204352","226572","430924"
"2014-06-25 15:04","QuorumPeer.java","28","525","553"
"2019-10-10 14:37","QuorumPeer.java","204462","259907","464369"
"2017-07-27 23:09","QuorumPeer.java","16145","36298","52443"
"2018-06-26 11:18","QuorumPeer.java","17729","46102","63831"
"2018-07-27 12:32","QuorumPeer.java","36256","65847","102103"
"2019-04-18 19:17","QuorumPeer.java","204446","238655","443101"
"2016-12-20 14:47","QuorumPeer.java","10911","33229","44140"
"2017-05-11 16:59","QuorumPeer.java","14815","35087","49902"
"2014-07-03 06:01","QuorumPeer.java","78","1299","1377"
"2014-08-14 08:08","QuorumPeer.java","2063","9183","11246"
"2014-08-01 07:38","QuorumPeer.java","1961","8660","10621"
"2014-07-20 04:50","QuorumPeer.java","1628","7949","9577"
"2016-06-02 00:59","QuorumPeer.java","8774","25659","34433"
"2020-02-16 10:25","QuorumPeer.java","205902","268234","474136"
"2019-12-27 22:33","TxnLog.java","233223","265463","498686"
"2019-05-14 17:11","TxnLog.java","231266","239495","470761"
"2019-08-17 17:13","TxnLog.java","231286","254848","486134"
"2019-04-12 19:06","TxnLog.java","231249","236608","467857"
"2019-05-03 17:37","QuorumMajorityTest.java","191747","240512","432259"
"2019-08-17 17:13","QuorumMajorityTest.java","191763","256406","448169"
"2016-12-20 14:47","QuorumMajorityTest.java","19249","54518","73767"
"2019-04-09 15:35","ClientCnxnSocketNetty.java","7275","15559","22834"
"2019-06-03 19:40","ClientCnxnSocketNetty.java","8224","20982","29206"
"2019-08-17 17:13","ClientCnxnSocketNetty.java","35700","63127","98827"
"2019-02-12 15:25","ClientCnxnSocketNetty.java","6834","13086","19920"
"2019-10-10 14:37","ClientCnxnSocketNetty.java","37692","68872","106564"
"2019-11-08 17:30","Request.java","218423","261622","480045"
"2019-01-16 14:21","Request.java","218282","231847","450129"
"2019-04-25 02:11","Request.java","218375","239680","458055"
"2019-07-08 23:26","Request.java","218392","244753","463145"
"2019-02-07 11:26","Request.java","218283","234200","452483"
"2019-08-06 17:11","Request.java","218393","257079","475472"
"2019-08-01 07:28","Request.java","218393","256159","474552"
"2019-06-26 10:57","Request.java","218392","243827","462219"
"2016-10-07 21:51","Request.java","6482","11533","18015"
"2019-08-17 17:13","Request.java","218393","255978","474371"
"2019-04-17 14:16","Request.java","218375","238032","456407"
"2019-05-03 00:44","Request.java","218375","239957","458332"
"2019-06-05 00:46","Request.java","218392","241837","460229"
"2019-05-10 12:22","Request.java","218375","240467","458842"
"2020-03-25 03:38","Request.java","219939","270309","490248"
"2019-09-20 10:06","Request.java","218393","258841","477234"
"2019-09-16 23:26","Request.java","218393","258997","477390"
"2019-12-27 22:33","Request.java","219938","266201","486139"
"2019-11-11 13:59","Request.java","218423","263418","481841"
"2020-05-05 21:20","Request.java","219939","271340","491279"
"2019-11-08 17:30","Request.java","141556","263114","404670"
"2019-01-16 14:21","Request.java","141512","233436","374948"
"2019-04-25 02:11","Request.java","141556","241220","382776"
"2019-07-08 23:26","Request.java","141556","246276","387832"
"2011-07-01 00:53","Request.java","23848","65910","89758"
"2015-02-06 06:17","Request.java","32137","118136","150273"
"2013-03-07 07:01","Request.java","29619","92116","121735"
"2019-02-07 11:26","Request.java","141512","235788","377300"
"2019-08-06 17:11","Request.java","141556","258601","400157"
"2019-08-01 07:28","Request.java","141556","257681","399237"
"2019-06-26 10:57","Request.java","141556","245350","386906"
"2014-01-24 07:18","Request.java","30086","101316","131402"
"2016-10-07 21:51","Request.java","34368","128974","163342"
"2015-06-04 19:51","Request.java","32289","121844","154133"
"2019-08-17 17:13","Request.java","141556","257500","399056"
"2019-04-17 14:16","Request.java","141556","239572","381128"
"2019-05-03 00:44","Request.java","141556","241497","383053"
"2019-06-05 00:46","Request.java","141556","243360","384916"
"2019-05-10 12:22","Request.java","141556","242007","383563"
"2020-03-25 03:38","Request.java","142195","270924","413119"
"2010-01-25 04:28","Request.java","5895","22734","28629"
"2019-09-20 10:06","Request.java","141556","260363","401919"
"2019-09-16 23:26","Request.java","141556","260519","402075"
"2019-12-27 22:33","Request.java","142195","266817","409012"
"2009-12-11 21:24","Request.java","4827","18172","22999"
"2009-10-31 00:09","Request.java","3254","8177","11431"
"2019-11-11 13:59","Request.java","141556","264910","406466"
"2011-10-20 20:02","Request.java","26249","72024","98273"
"2012-12-19 19:16","Request.java","29297","87238","116535"
"2014-04-29 02:23","Request.java","31469","105964","137433"
"2013-10-09 22:21","Request.java","29994","97686","127680"
"2020-05-05 21:20","Request.java","142195","271955","414150"
"2019-08-17 17:13","StaticHostProvider.java","231525","254163","485688"
"2019-11-08 17:30","Request.java","3908","9522","13430"
"2020-03-25 03:38","Request.java","12133","24918","37051"
"2019-09-20 10:06","Request.java","2439","5302","7741"
"2019-09-16 23:26","Request.java","1939","4958","6897"
"2019-12-27 22:33","Request.java","10004","18682","28686"
"2019-11-11 13:59","Request.java","3935","11345","15280"
"2020-05-05 21:20","Request.java","15800","29616","45416"
"2019-05-14 17:11","SyncRequestProcessor.java","194095","241020","435115"
"2019-06-05 00:46","SyncRequestProcessor.java","194111","242229","436340"
"2019-05-22 11:39","SyncRequestProcessor.java","194095","241553","435648"
"2019-06-03 19:40","SyncRequestProcessor.java","194111","241700","435811"
"2019-08-17 17:13","SyncRequestProcessor.java","194111","256369","450480"
"2019-10-10 14:37","SyncRequestProcessor.java","194111","260122","454233"
"2013-10-24 20:41","SyncRequestProcessor.java","569","4083","4652"
"2020-01-07 20:39","SyncRequestProcessor.java","195457","266768","462225"
"2020-03-25 03:38","SyncRequestProcessor.java","195457","270500","465957"
"2015-03-08 23:07","SyncRequestProcessor.java","11165","32456","43621"
"2019-04-30 18:08","SyncRequestProcessor.java","194095","240189","434284"
"2018-12-09 03:16","LeaderZooKeeperServer.java","101463","230318","331781"
"2018-11-21 17:56","LeaderZooKeeperServer.java","101463","225750","327213"
"2012-01-31 07:45","LeaderZooKeeperServer.java","20634","106445","127079"
"2009-02-06 22:19","LeaderZooKeeperServer.java","693","2772","3465"
"2019-06-04 10:55","LeaderZooKeeperServer.java","101490","243171","344661"
"2015-06-04 19:51","LeaderZooKeeperServer.java","24060","151492","175552"
"2009-06-26 22:29","LeaderZooKeeperServer.java","6102","46355","52457"
"2019-08-17 17:13","LeaderZooKeeperServer.java","101490","257687","359177"
"2009-06-18 18:37","LeaderZooKeeperServer.java","4662","37352","42014"
"2009-05-20 22:16","LeaderZooKeeperServer.java","3635","32139","35774"
"2019-06-03 19:40","LeaderZooKeeperServer.java","101490","243018","344508"
"2009-12-18 03:19","LeaderZooKeeperServer.java","9304","63355","72659"
"2019-11-25 15:37","LeaderZooKeeperServer.java","101948","262953","364901"
"2019-12-27 22:33","LeaderZooKeeperServer.java","101948","266823","368771"
"2009-08-07 01:23","LeaderZooKeeperServer.java","6387","47999","54386"
"2010-03-12 19:26","LeaderZooKeeperServer.java","12729","79629","92358"
"2013-10-09 22:21","LeaderZooKeeperServer.java","22076","127645","149721"
"2011-10-20 20:02","LeaderZooKeeperServer.java","20313","103965","124278"
"2019-09-11 10:27","SerializeUtils.java","228916","256432","485348"
"2019-08-17 17:13","SerializeUtils.java","228915","255075","483990"
"2019-12-27 22:33","SerializeUtils.java","230687","265525","496212"
"2019-10-10 14:37","IntegrityCheck.java","178405","260685","439090"
"2016-08-24 01:36","IntegrityCheck.java","24528","81876","106404"
"2017-09-11 18:55","IntegrityCheck.java","27844","88187","116031"
"2018-08-06 14:11","IntegrityCheck.java","45271","114997","160268"
"2019-08-17 17:13","IntegrityCheck.java","178405","256932","435337"
"2016-07-27 01:33","ZooKeeperTest.java","20868","67940","88808"
"2015-11-08 22:54","ZooKeeperTest.java","17856","63110","80966"
"2016-09-08 22:52","ZooKeeperTest.java","21342","68802","90144"
"2018-10-04 15:46","ZooKeeperTest.java","109083","174793","283876"
"2016-10-16 14:21","ZooKeeperTest.java","21455","70075","91530"
"2019-03-12 19:08","ZooKeeperTest.java","175495","236724","412219"
"2017-04-29 20:17","ZooKeeperTest.java","24065","74583","98648"
"2014-03-29 04:33","ZooKeeperTest.java","9178","35526","44704"
"2017-05-30 19:43","ZooKeeperTest.java","24941","74689","99630"
"2011-12-28 00:53","ZooKeeperTest.java","1213","2716","3929"
"2012-03-17 01:39","ZooKeeperTest.java","1942","5791","7733"
"2013-09-02 23:04","ZooKeeperTest.java","8102","26220","34322"
"2019-05-23 18:42","ZooKeeperTest.java","175553","241888","417441"
"2019-08-17 17:13","ZooKeeperTest.java","175553","256659","432212"
"2016-08-10 19:32","ZooKeeperTest.java","21087","68114","89201"
"2019-06-06 00:01","ZooKeeperTest.java","175553","242796","418349"
"2015-03-08 23:07","LocalSessionTracker.java","10804","29285","40089"
"2018-08-08 06:21","LocalSessionTracker.java","85317","123640","208957"
"2019-08-17 17:13","LocalSessionTracker.java","196919","256367","453286"
"2011-10-25 08:09","InstanceManager.java","6924","16828","23752"
"2017-09-11 18:55","InstanceManager.java","27844","88187","116031"
"2015-02-06 06:17","InstanceManager.java","20967","71041","92008"
"2019-08-17 17:13","InstanceManager.java","178405","256932","435337"
"2019-06-07 14:13","SessionTest.java","90102","243810","333912"
"2019-08-17 17:13","SessionTest.java","90102","257706","347808"
"2009-06-26 22:29","SessionTest.java","5476","57136","62612"
"2009-06-30 03:32","SessionTest.java","5483","57235","62718"
"2009-07-17 00:09","SessionTest.java","5669","57857","63526"
"2009-01-28 01:15","SessionTest.java","957","1126","2083"
"2017-09-11 18:55","SessionTest.java","20001","164980","184981"
"2010-11-04 17:01","SessionTest.java","10147","138261","148408"
"2018-09-22 06:48","SessionTest.java","52917","210818","263735"
"2011-10-25 08:09","SessionTest.java","13679","108219","121898"
"2010-08-17 09:24","SessionTest.java","9711","104383","114094"
"2011-04-12 09:14","SessionTest.java","10971","100048","111019"
"2010-03-31 06:26","SessionTest.java","9525","88090","97615"
"2010-08-18 08:24","SessionTest.java","10069","108101","118170"
"2010-10-21 02:44","SessionTest.java","10141","138149","148290"
"2010-08-05 09:09","SessionTest.java","9711","102607","112318"
"2013-12-21 22:05","SessionTest.java","15370","133476","148846"
"2010-03-12 19:26","SessionTest.java","8786","87093","95879"
"2009-08-07 01:23","SessionTest.java","5734","58753","64487"
"2019-10-10 14:37","SessionTest.java","90102","261459","351561"
"2015-07-07 07:11","SessionTest.java","17218","156017","173235"
"2019-12-28 16:17","SessionTest.java","90558","266747","357305"
"2009-09-16 02:09","SessionTest.java","6205","60808","67013"
"2010-01-26 03:22","SessionTest.java","8559","77606","86165"
"2019-07-23 15:55","SSLAuthTest.java","6565","23627","30192"
"2019-08-17 17:13","SSLAuthTest.java","30099","51153","81252"
"2019-06-03 19:40","SSLAuthTest.java","1616","8001","9617"
"2019-01-31 15:55","ReconfigCommand.java","191665","233967","425632"
"2016-11-13 20:59","ReconfigCommand.java","18536","52898","71434"
"2014-01-21 04:50","ReconfigCommand.java","1892","9042","10934"
"2013-03-20 07:17","ReconfigCommand.java","6","25","31"
"2019-08-17 17:13","ReconfigCommand.java","191763","256406","448169"
"2016-07-27 01:33","ReconfigCommand.java","17743","48352","66095"
"2015-07-07 07:11","MultiOperationTest.java","14072","46219","60291"
"2019-09-18 11:20","MultiOperationTest.java","187214","259325","446539"
"2013-12-17 17:55","MultiOperationTest.java","3067","14427","17494"
"2015-11-21 22:18","MultiOperationTest.java","14345","47980","62325"
"2019-06-26 10:57","MultiOperationTest.java","187214","244263","431477"
"2019-08-17 17:13","MultiOperationTest.java","187214","256413","443627"
"2013-02-03 15:52","MultiOperationTest.java","725","1218","1943"
"2014-10-28 05:35","MultiOperationTest.java","11997","38116","50113"
"2019-10-10 14:37","JMXEnv.java","178388","260529","438917"
"2019-12-27 22:33","JMXEnv.java","179594","266660","446254"
"2014-01-25 01:17","JMXEnv.java","14478","37067","51545"
"2015-11-03 08:11","JMXEnv.java","23507","65775","89282"
"2013-11-19 02:03","JMXEnv.java","14340","34122","48462"
"2014-01-16 23:59","JMXEnv.java","14448","35301","49749"
"2019-01-14 19:38","JMXEnv.java","178329","232009","410338"
"2014-06-04 22:07","JMXEnv.java","20782","47478","68260"
"2019-08-17 17:13","JMXEnv.java","178388","256776","435164"
"2019-06-03 19:40","JMXEnv.java","178388","242107","420495"
"2019-11-08 17:30","FinalRequestProcessor.java","216193","261726","477919"
"2019-07-08 23:26","FinalRequestProcessor.java","216163","244858","461021"
"2019-01-16 23:23","FinalRequestProcessor.java","216054","231953","448007"
"2018-09-18 01:00","FinalRequestProcessor.java","112468","134368","246836"
"2019-04-12 19:01","FinalRequestProcessor.java","216147","237873","454020"
"2019-02-07 11:26","FinalRequestProcessor.java","216055","234306","450361"
"2019-01-14 19:38","FinalRequestProcessor.java","216053","231264","447317"
"2019-01-09 17:22","FinalRequestProcessor.java","216055","233946","450001"
"2015-06-04 19:51","FinalRequestProcessor.java","1279","3613","4892"
"2019-09-10 04:26","FinalRequestProcessor.java","216164","257128","473292"
"2019-08-17 17:13","FinalRequestProcessor.java","216164","256083","472247"
"2016-10-07 21:51","FinalRequestProcessor.java","7624","15009","22633"
"2019-06-26 10:57","FinalRequestProcessor.java","216163","243932","460095"
"2019-08-01 07:28","FinalRequestProcessor.java","216164","256264","472428"
"2019-07-03 00:44","FinalRequestProcessor.java","216163","244095","460258"
"2016-03-23 00:30","FinalRequestProcessor.java","5977","9855","15832"
"2019-08-06 17:11","FinalRequestProcessor.java","216164","257184","473348"
"2018-07-10 12:46","FinalRequestProcessor.java","25456","42126","67582"
"2020-03-25 03:38","FinalRequestProcessor.java","217618","270322","487940"
"2019-09-16 23:26","FinalRequestProcessor.java","216164","259102","475266"
"2019-10-10 14:37","FinalRequestProcessor.java","216164","259836","476000"
"2019-11-21 05:58","FinalRequestProcessor.java","217616","260702","478318"
"2019-11-18 09:05","FinalRequestProcessor.java","217616","260679","478295"
"2019-11-11 13:59","FinalRequestProcessor.java","216193","263522","479715"
"2020-03-26 22:12","FinalRequestProcessor.java","217618","270324","487942"
"2019-08-17 17:13","MockServerCnxn.java","29523","44192","73715"
"2019-07-03 00:44","MockServerCnxn.java","3699","6381","10080"
"2019-11-18 09:05","MockServerCnxn.java","37159","54972","92131"
"2019-08-17 17:13","Util.java","29730","48462","78192"
"2019-12-27 22:33","Util.java","37720","65130","102850"
"2019-08-17 17:13","Metric.java","30178","52485","82663"
"2016-11-03 16:07","QuorumPeerTestBase.java","1368","3856","5224"
"2019-12-27 22:33","QuorumPeerTestBase.java","223028","266144","489172"
"2019-10-10 14:37","QuorumPeerTestBase.java","221449","259640","481089"
"2019-07-12 17:01","QuorumPeerTestBase.java","221449","251200","472649"
"2017-01-13 19:29","QuorumPeerTestBase.java","2547","8453","11000"
"2019-08-17 17:13","QuorumPeerTestBase.java","221449","255887","477336"
"2017-11-28 00:10","QuorumPeerTestBase.java","9711","17134","26845"
"2017-12-16 01:25","QuorumPeerTestBase.java","10095","17562","27657"
"2018-10-12 10:25","QuorumPeerTestBase.java","200008","229881","429889"
"2019-08-17 17:13","QuorumPeerConfig.java","29333","43666","72999"
"2020-01-09 11:27","QuorumPeerConfig.java","38581","61017","99598"
"2019-07-12 17:01","QuorumPeerConfig.java","4446","14092","18538"
"2020-01-23 13:43","QuorumPeerConfig.java","38997","63257","102254"
"2019-10-10 14:37","QuorumPeerConfig.java","31740","49826","81566"
"2020-02-16 10:25","QuorumPeerConfig.java","39129","64102","103231"
"2020-05-14 18:18","QuorumPeerConfig.java","42853","71051","113904"
"2019-08-17 17:13","ConnectStringParser.java","108278","112838","221116"
"2019-06-05 00:46","SyncRequestProcessor.java","300","829","1129"
"2019-08-17 17:13","SyncRequestProcessor.java","29523","44192","73715"
"2019-10-10 14:37","SyncRequestProcessor.java","31925","50347","82272"
"2020-01-07 20:39","SyncRequestProcessor.java","37996","61718","99714"
"2020-03-25 03:38","SyncRequestProcessor.java","39475","66929","106404"
"2018-07-10 12:46","QuorumTest.java","19882","196464","216346"
"2009-06-26 22:29","QuorumTest.java","9242","92878","102120"
"2019-08-17 17:13","QuorumTest.java","58262","257842","316104"
"2009-07-17 00:09","QuorumTest.java","9295","93459","102754"
"2010-11-04 17:01","QuorumTest.java","12238","172328","184566"
"2012-12-13 08:14","QuorumTest.java","16537","145230","161767"
"2009-02-03 06:23","QuorumTest.java","7909","52567","60476"
"2011-06-22 00:19","QuorumTest.java","12858","135980","148838"
"2010-03-19 07:46","QuorumTest.java","11506","122128","133634"
"2011-07-15 06:50","QuorumTest.java","13104","128105","141209"
"2010-08-18 08:24","QuorumTest.java","12202","142210","154412"
"2013-10-09 22:21","QuorumTest.java","17051","157434","174485"
"2010-03-31 06:26","QuorumTest.java","11779","122320","134099"
"2011-09-17 02:13","QuorumTest.java","15722","135805","151527"
"2010-07-29 23:10","QuorumTest.java","11904","136722","148626"
"2011-04-12 09:14","QuorumTest.java","12789","133842","146631"
"2009-08-11 07:44","QuorumTest.java","9333","94561","103894"
"2009-08-07 01:23","QuorumTest.java","9327","94322","103649"
"2019-10-10 14:37","QuorumTest.java","58262","261595","319857"
"2019-09-18 11:20","QuorumTest.java","58262","260754","319016"
"2009-09-16 02:09","QuorumTest.java","9696","96275","105971"
"2019-12-28 16:17","QuorumTest.java","58583","266748","325331"
"2009-08-25 07:45","QuorumTest.java","9364","95437","104801"
"2009-10-30 17:19","QuorumTest.java","10440","98149","108589"
"2015-11-03 08:11","QuorumTest.java","18630","182341","200971"
"2011-07-29 10:14","QuorumTest.java","13162","130695","143857"
"2010-03-13 01:06","QuorumTest.java","11399","121693","133092"
"2013-05-11 14:51","FLETest.java","12978","39588","52566"
"2019-10-10 14:37","FLETest.java","178405","260685","439090"
"2013-10-21 23:36","FLETest.java","13600","45730","59330"
"2013-10-02 20:19","FLETest.java","13392","42411","55803"
"2014-06-25 15:04","FLETest.java","20006","60026","80032"
"2011-09-17 02:13","FLETest.java","4783","16250","21033"
"2016-06-02 00:59","FLETest.java","24081","80489","104570"
"2011-12-23 20:46","FLETest.java","7897","19489","27386"
"2011-04-29 18:12","FLETest.java","118","453","571"
"2017-09-11 18:55","FLETest.java","27844","88187","116031"
"2012-04-23 01:20","FLETest.java","10791","25525","36316"
"2019-08-17 17:13","FLETest.java","178405","256932","435337"
"2014-03-25 22:13","QuorumPeerMainTest.java","30308","100891","131199"
"2011-09-03 01:07","QuorumPeerMainTest.java","21889","69708","91597"
"2018-05-10 00:14","QuorumPeerMainTest.java","36499","137860","174359"
"2018-10-05 14:25","QuorumPeerMainTest.java","115490","226525","342015"
"2018-07-17 10:41","QuorumPeerMainTest.java","48254","151262","199516"
"2018-07-27 12:32","QuorumPeerMainTest.java","48285","151804","200089"
"2013-10-09 22:21","QuorumPeerMainTest.java","30061","96233","126294"
"2010-03-31 06:26","QuorumPeerMainTest.java","14544","39929","54473"
"2011-09-17 02:13","QuorumPeerMainTest.java","24548","70420","94968"
"2010-05-21 18:22","QuorumPeerMainTest.java","16961","43286","60247"
"2015-11-03 08:11","QuorumPeerMainTest.java","32604","122104","154708"
"2020-01-23 13:43","QuorumPeerMainTest.java","143706","268057","411763"
"2011-06-14 14:11","QuorumPeerMainTest.java","23010","60884","83894"
"2010-03-04 23:55","QuorumPeerMainTest.java","13047","31499","44546"
"2019-10-10 14:37","QuorumPeerMainTest.java","143066","261243","404309"
"2019-12-28 16:17","QuorumPeerMainTest.java","143706","266715","410421"
"2009-11-18 00:38","QuorumPeerMainTest.java","3545","12625","16170"
"2009-11-18 20:06","QuorumPeerMainTest.java","3674","15100","18774"
"2017-12-16 01:25","QuorumPeerMainTest.java","36353","135002","171355"
"2018-01-19 00:52","QuorumPeerMainTest.java","36385","135147","171532"
"2018-04-30 06:34","QuorumPeerMainTest.java","36498","137228","173726"
"2019-07-25 21:41","QuorumPeerMainTest.java","143066","253973","397039"
"2019-08-17 17:13","QuorumPeerMainTest.java","143066","257490","400556"
"2018-02-23 23:49","QuorumPeerMainTest.java","36423","136227","172650"
"2011-06-14 07:14","QuorumPeerMainTest.java","23012","60859","83871"
"2012-04-23 01:20","QuorumPeerMainTest.java","28281","77420","105701"
"2014-01-09 20:21","QuorumPeerMainTest.java","30123","98141","128264"
"2019-07-02 07:34","QuorumPeerMainTest.java","143066","245433","388499"
"2019-05-20 17:18","QuorumPeerMainTest.java","143066","242281","385347"
"2018-10-16 16:22","QuorumPeerMainTest.java","115492","239509","355001"
"2015-02-06 06:17","QuorumPeerMainTest.java","32327","116806","149133"
"2018-08-29 06:26","QuorumPeerMainTest.java","84177","189208","273385"
"2018-08-03 18:52","QuorumPeerMainTest.java","48287","152312","200599"
"2018-09-11 15:23","QuorumPeerMainTest.java","88584","194930","283514"
"2009-06-18 18:37","AsyncOpsTest.java","9033","84441","93474"
"2019-08-17 17:13","AsyncOpsTest.java","58927","257842","316769"
"2008-10-03 15:06","AsyncOpsTest.java","2342","16294","18636"
"2010-03-31 06:26","AsyncOpsTest.java","11845","121721","133566"
"2011-04-12 09:14","AsyncOpsTest.java","12857","133245","146102"
"2012-12-19 19:16","AsyncOpsTest.java","16805","146772","163577"
"2014-06-25 19:06","AsyncOpsTest.java","18458","166956","185414"
"2019-10-10 14:37","AsyncOpsTest.java","58927","261595","320522"
"2009-10-31 00:09","AsyncOpsTest.java","10552","98446","108998"
"2019-02-13 13:12","ZabUtils.java","230784","233756","464540"
"2018-10-16 16:22","ZabUtils.java","208550","230973","439523"
"2019-08-17 17:13","ZabUtils.java","230896","254922","485818"
"2019-07-03 00:44","ZabUtils.java","230895","242934","473829"
"2019-08-17 17:13","NettyServerCnxn.java","25616","29608","55224"
"2019-11-23 17:08","NettyServerCnxn.java","33500","42193","75693"
"2019-08-03 08:42","NettyServerCnxn.java","1913","6613","8526"
"2019-11-18 09:05","NettyServerCnxn.java","33310","40446","73756"
"2019-11-21 05:58","NettyServerCnxn.java","33315","40474","73789"
"2019-09-16 23:26","NettyServerCnxn.java","27218","34229","61447"
"2019-10-10 14:37","NettyServerCnxn.java","28070","35815","63885"
"2015-02-06 06:17","StaticHostProviderTest.java","10663","28224","38887"
"2014-06-27 23:47","StaticHostProviderTest.java","8270","16337","24607"
"2014-07-17 22:56","StaticHostProviderTest.java","9280","19323","28603"
"2019-08-17 17:13","StaticHostProviderTest.java","197658","256360","454018"
"2018-07-16 05:45","StaticHostProviderTest.java","42836","78900","121736"
"2015-05-10 00:27","StaticHostProviderTest.java","10957","30862","41819"
"2019-07-31 19:06","Commands.java","944","3715","4659"
"2019-11-29 14:49","Commands.java","33553","43574","77127"
"2019-08-17 17:13","Commands.java","25272","28736","54008"
"2019-08-06 01:43","Commands.java","1338","5684","7022"
"2019-12-03 10:01","Commands.java","33547","43614","77161"
"2019-11-20 07:00","Commands.java","32964","39584","72548"
"2019-11-29 14:49","QuorumUtil.java","34102","45346","79448"
"2019-08-17 17:13","QuorumUtil.java","25849","30536","56385"
"2020-03-12 14:47","QuorumUtil.java","35845","52475","88320"
"2019-10-10 14:37","QuorumUtil.java","28300","36740","65040"
"2019-07-31 19:06","Commands.java","6300","19749","26049"
"2019-11-29 14:49","Commands.java","37541","58240","95781"
"2019-08-17 17:13","Commands.java","29365","43507","72872"
"2019-06-29 00:33","Commands.java","3271","5400","8671"
"2019-07-15 14:15","Commands.java","4438","13999","18437"
"2019-07-25 23:43","Commands.java","5385","16063","21448"
"2019-08-06 01:43","Commands.java","6653","21677","28330"
"2019-12-03 10:01","Commands.java","37535","58280","95815"
"2019-11-20 07:00","Commands.java","37006","54304","91310"
"2019-08-17 17:13","DisconnectedWatcherTest.java","179189","256761","435950"
"2019-03-11 21:56","DisconnectedWatcherTest.java","179141","236729","415870"
"2015-06-13 02:42","DisconnectedWatcherTest.java","22423","62660","85083"
"2019-06-26 10:57","ZooDefs.java","177112","244754","421866"
"2015-06-04 19:51","ZooDefs.java","22395","64602","86997"
"2019-08-17 17:13","ZooDefs.java","177112","256904","434016"
"2016-10-07 21:51","ZooDefs.java","25928","73186","99114"
"2014-01-24 07:18","ZooDefs.java","14514","38396","52910"
"2017-07-28 00:36","ZooDefs.java","30081","78438","108519"
"2019-01-16 14:21","ZooDefs.java","177045","232817","409862"
"2019-01-07 14:24","ZooDefs.java","177044","231666","408710"
"2019-11-08 17:30","ZooDefs.java","177112","262518","439630"
"2019-07-31 19:06","ZooDefs.java","177112","256211","433323"
"2019-02-07 11:26","ZooDefs.java","177046","235170","412216"
"2014-04-29 02:23","ZooDefs.java","20646","47793","68439"
"2013-12-21 22:05","RepeatStartupTest.java","13693","47163","60856"
"2011-10-25 08:09","RepeatStartupTest.java","6924","16828","23752"
"2019-08-17 17:13","RepeatStartupTest.java","178405","256932","435337"
"2019-08-17 17:13","Leader.java","29620","47813","77433"
"2019-06-29 00:33","Leader.java","4279","10459","14738"
"2019-06-03 19:40","Leader.java","780","4304","5084"
"2019-07-15 14:15","Leader.java","5422","19034","24456"
"2019-07-25 21:41","Leader.java","6343","21019","27362"
"2019-06-05 00:33","Leader.java","1016","4930","5946"
"2019-08-03 08:42","Leader.java","7576","26477","34053"
"2019-06-05 23:57","Leader.java","1018","5201","6219"
"2019-11-29 14:49","Leader.java","37478","62228","99706"
"2020-03-25 03:38","Leader.java","39222","70200","109422"
"2019-12-27 22:33","Leader.java","37618","64489","102107"
"2019-10-10 14:37","Leader.java","31720","53666","85386"
"2013-03-07 07:01","KeeperException.java","21937","119789","141726"
"2011-07-01 00:53","KeeperException.java","18208","97736","115944"
"2012-02-06 09:56","KeeperException.java","20670","104362","125032"
"2014-01-24 07:18","KeeperException.java","22174","128759","150933"
"2019-08-17 17:13","KeeperException.java","104206","257616","361822"
"2009-06-26 22:29","KeeperException.java","5623","43089","48712"
"2014-04-30 04:30","KeeperException.java","23549","133413","156962"
"2019-07-24 18:00","KeeperException.java","104206","254071","358277"
"2016-11-13 20:59","KeeperException.java","26039","158253","184292"
"2017-07-28 00:36","KeeperException.java","27093","158153","185246"
"2020-03-25 03:38","KeeperException.java","104731","270926","375657"
"2009-12-11 21:24","KeeperException.java","8470","59281","67751"
"2018-07-27 05:16","KeeperException.java","34037","174239","208276"
"2011-05-20 01:17","KeeperException.java","17703","93405","111108"
"2013-10-09 22:21","KeeperException.java","22126","125173","147299"
"2011-04-12 09:14","RandomAccessFileReader.java","15099","14937","30036"
"2014-11-29 16:53","RandomAccessFileReader.java","33673","82724","116397"
"2020-05-17 15:13","RemoveWatchesTest.java","15821","26854","42675"
"2019-10-10 14:37","RemoveWatchesTest.java","3093","3934","7027"
"2019-08-17 17:13","TestableZooKeeper.java","30095","50310","80405"
"2020-05-17 15:13","TestableZooKeeper.java","43409","77569","120978"
"2010-08-17 09:24","RestMain.java","16154","73013","89167"
"2011-04-12 09:14","RestMain.java","20746","72010","92756"
"2019-08-17 17:13","WatchLeakTest.java","198306","256360","454666"
"2015-05-14 18:40","WatchLeakTest.java","11272","30974","42246"
"2019-05-20 17:18","WatchLeakTest.java","198290","241135","439425"
"2019-11-21 05:58","WatchLeakTest.java","199655","260876","460531"
"2015-07-07 07:11","WatchLeakTest.java","12728","33730","46458"
"2019-08-17 17:13","Leader.java","36481","63823","100304"
"2019-06-29 00:33","Leader.java","12343","27672","40015"
"2019-06-03 19:40","Leader.java","9130","21803","30933"
"2019-07-15 14:15","Leader.java","13464","36225","49689"
"2019-07-25 21:41","Leader.java","14381","38206","52587"
"2019-06-05 00:33","Leader.java","9326","22389","31715"
"2019-08-03 08:42","Leader.java","15541","43591","59132"
"2019-06-05 23:57","Leader.java","9328","22660","31988"
"2019-01-07 14:55","Leader.java","7264","9497","16761"
"2019-04-12 19:01","Leader.java","8489","17638","26127"
"2019-11-29 14:49","Leader.java","43897","77796","121693"
"2020-03-25 03:38","Leader.java","45366","85493","130859"
"2019-12-27 22:33","Leader.java","43998","80018","124016"
"2019-10-10 14:37","Leader.java","38466","69561","108027"
"2015-05-14 07:10","CnxManagerTest.java","12407","38414","50821"
"2020-03-12 14:47","CnxManagerTest.java","193109","269695","462804"
"2019-08-17 17:13","CnxManagerTest.java","191763","256406","448169"
"2019-06-03 19:40","CnxManagerTest.java","191763","241737","433500"
"2017-11-28 00:10","CnxManagerTest.java","24430","62058","86488"
"2019-07-12 17:01","CnxManagerTest.java","191763","251719","443482"
"2019-05-08 21:54","CnxManagerTest.java","191747","240892","432639"
"2019-08-06 12:52","CnxManagerTest.java","191763","257379","449142"
"2019-06-14 09:06","CnxManagerTest.java","191763","244404","436167"
"2019-11-29 14:49","CnxManagerTest.java","193109","264309","457418"
"2015-02-06 06:17","CnxManagerTest.java","12040","35542","47582"
"2017-09-11 18:55","CnxManagerTest.java","24095","57866","81961"
"2020-02-16 10:25","CnxManagerTest.java","193109","268392","461501"
"2014-06-25 15:04","CnxManagerTest.java","9668","23116","32784"
"2015-11-03 08:11","CnxManagerTest.java","14023","42546","56569"
"2019-10-10 14:37","CnxManagerTest.java","191763","260159","451922"
"2014-07-23 19:36","CnxManagerTest.java","11215","30569","41784"
"2020-03-12 14:47","CnxManagerTest.java","4138","9524","13662"
"2020-02-16 10:25","CnxManagerTest.java","4029","8112","12141"
"2009-06-18 18:37","AsyncOpsTest.java","10597","72053","82650"
"2019-08-17 17:13","AsyncOpsTest.java","72747","257710","330457"
"2010-03-31 06:26","AsyncOpsTest.java","13722","109646","123368"
"2011-04-12 09:14","AsyncOpsTest.java","14907","121343","136250"
"2012-12-19 19:16","AsyncOpsTest.java","17711","136917","154628"
"2014-06-25 19:06","AsyncOpsTest.java","19461","157198","176659"
"2019-10-10 14:37","AsyncOpsTest.java","72747","261463","334210"
"2009-10-31 00:09","AsyncOpsTest.java","12275","86217","98492"
"2019-11-29 14:49","QuorumCnxManager.java","33546","43572","77118"
"2019-08-03 08:42","QuorumCnxManager.java","1300","5477","6777"
"2019-11-13 20:41","QuorumCnxManager.java","28000","39188","67188"
"2019-08-06 12:52","QuorumCnxManager.java","1349","5791","7140"
"2020-03-12 14:47","QuorumCnxManager.java","35416","50828","86244"
"2019-08-17 17:13","QuorumCnxManager.java","25265","28734","53999"
"2019-10-10 14:37","QuorumCnxManager.java","27722","34944","62666"
"2020-01-23 13:43","QuorumCnxManager.java","35186","48582","83768"
"2019-11-28 12:24","QuorumCnxManager.java","33227","41602","74829"
"2020-03-23 16:20","QuorumCnxManager.java","35481","51064","86545"
"2020-02-16 10:25","QuorumCnxManager.java","35325","49434","84759"
"2019-07-02 07:34","Follower.java","3353","5575","8928"
"2019-08-17 17:13","Follower.java","29327","43606","72933"
"2019-06-29 00:33","Follower.java","3273","5539","8812"
"2019-08-06 17:11","Follower.java","6712","22092","28804"
"2019-07-15 14:15","Follower.java","4440","14138","18578"
"2019-08-23 19:43","Follower.java","29329","44274","73603"
"2019-12-27 22:33","Follower.java","37651","60608","98259"
"2019-10-10 14:37","Follower.java","31734","49766","81500"
"2019-07-02 07:34","Follower.java","103705","245626","349331"
"2018-12-09 03:16","Follower.java","103678","230314","333992"
"2019-04-12 19:01","Follower.java","103706","239491","343197"
"2013-03-07 07:01","Follower.java","22006","120426","142432"
"2015-02-06 06:17","Follower.java","24108","146030","170138"
"2011-04-29 18:12","Follower.java","17763","93549","111312"
"2011-01-22 20:38","Follower.java","14719","131305","146024"
"2011-02-07 20:26","Follower.java","14794","131397","146191"
"2018-09-18 01:00","Follower.java","60793","205837","266630"
"2019-08-17 17:13","Follower.java","103705","257683","361388"
"2009-06-15 22:52","Follower.java","3856","33256","37112"
"2019-06-29 00:33","Follower.java","103705","245670","349375"
"2019-08-06 17:11","Follower.java","103705","258784","362489"
"2019-07-15 14:15","Follower.java","103705","253102","356807"
"2019-08-23 19:43","Follower.java","103705","258349","362054"
"2017-11-28 00:10","Follower.java","27183","163231","190414"
"2019-06-05 00:33","Follower.java","103705","243404","347109"
"2011-06-14 07:14","Follower.java","17801","95202","113003"
"2019-05-03 00:44","Follower.java","103706","241681","345387"
"2010-01-25 04:28","Follower.java","9475","64348","73823"
"2009-10-30 17:19","Follower.java","7685","49792","57477"
"2009-11-20 23:28","Follower.java","8502","59761","68263"
"2015-06-05 21:15","Follower.java","24184","149696","173880"
"2019-12-27 22:33","Follower.java","104163","266819","370982"
"2016-08-13 15:01","Follower.java","25948","155376","181324"
"2019-10-10 14:37","Follower.java","103705","261436","365141"
"2010-08-18 08:24","Follower.java","14144","98550","112694"
"2016-12-20 14:47","Follower.java","26240","159929","186169"
"2014-07-22 06:51","Follower.java","23954","141672","165626"
"2016-08-13 15:01","ReadOnlyZooKeeperServer.java","7141","14473","21614"
"2019-11-29 14:49","ReadOnlyZooKeeperServer.java","216568","264092","480660"
"2015-03-17 18:06","ReadOnlyZooKeeperServer.java","163","1211","1374"
"2019-08-17 17:13","ReadOnlyZooKeeperServer.java","215122","256089","471211"
"2019-09-16 23:26","RequestThrottlerTest.java","1939","4958","6897"
"2020-04-12 11:14","RequestThrottlerTest.java","12817","26355","39172"
"2017-02-12 00:34","ReconfigDuringLeaderSyncTest.java","4527","3319","7846"
"2019-08-17 17:13","ReconfigDuringLeaderSyncTest.java","225011","255292","480303"
"2020-01-25 18:48","ReconfigDuringLeaderSyncTest.java","226617","267015","493632"
"2017-07-27 23:09","ReconfigDuringLeaderSyncTest.java","7477","6219","13696"
"2019-12-27 22:33","FileTxnSnapLog.java","176599","266642","443241"
"2019-10-10 14:37","FileTxnSnapLog.java","175294","260412","435706"
"2019-12-13 08:51","FileTxnSnapLog.java","176599","264679","441278"
"2017-01-07 01:09","FileTxnSnapLog.java","22419","75049","97468"
"2014-02-12 17:00","FileTxnSnapLog.java","9099","34804","43903"
"2012-03-06 09:20","FileTxnSnapLog.java","2307","5287","7594"
"2020-01-23 16:46","FileTxnSnapLog.java","176599","267891","444490"
"2020-01-28 17:26","FileTxnSnapLog.java","176599","268362","444961"
"2016-09-18 23:21","FileTxnSnapLog.java","21702","69860","91562"
"2017-01-23 02:13","FileTxnSnapLog.java","22451","75485","97936"
"2018-06-08 16:52","FileTxnSnapLog.java","26953","84756","111709"
"2019-09-02 08:23","FileTxnSnapLog.java","175294","257316","432610"
"2011-12-21 21:39","FileTxnSnapLog.java","1510","3207","4717"
"2017-04-28 07:14","FileTxnSnapLog.java","24320","75095","99415"
"2019-07-31 19:06","FileTxnSnapLog.java","175294","255966","431260"
"2018-07-30 06:22","FileTxnSnapLog.java","44939","104397","149336"
"2012-02-06 09:40","FileTxnSnapLog.java","1899","4457","6356"
"2012-07-17 23:25","FileTxnSnapLog.java","4919","11200","16119"
"2020-01-30 09:43","FileTxnSnapLog.java","176599","268438","445037"
"2019-05-14 17:11","FileTxnSnapLog.java","175294","241326","416620"
"2013-06-28 23:22","FileTxnSnapLog.java","8380","26964","35344"
"2014-02-10 21:50","FileTxnSnapLog.java","9064","34657","43721"
"2019-05-21 23:34","FileTxnSnapLog.java","175294","241647","416941"
"2019-05-27 10:54","FileTxnSnapLog.java","175294","241979","417273"
"2017-01-13 19:29","FileTxnSnapLog.java","22430","75263","97693"
"2017-06-26 00:07","FileTxnSnapLog.java","25411","75724","101135"
"2018-02-23 23:49","FileTxnSnapLog.java","26760","82309","109069"
"2017-08-18 06:32","FileTxnSnapLog.java","25965","76280","102245"
"2019-08-17 17:13","FileTxnSnapLog.java","175294","256659","431953"
"2018-02-14 21:23","FileTxnSnapLog.java","26745","82130","108875"
"2019-11-29 14:49","Commands.java","33478","39153","72631"
"2019-08-17 17:13","Commands.java","24868","23986","48854"
"2019-12-03 10:01","Commands.java","33472","39193","72665"
"2019-11-20 07:00","Commands.java","32887","35161","68048"
"2019-07-31 19:06","Commands.java","6809","20796","27605"
"2019-11-29 14:49","Commands.java","37869","59106","96975"
"2019-08-17 17:13","Commands.java","29722","44402","74124"
"2019-06-29 00:33","Commands.java","3788","6455","10243"
"2019-06-03 19:40","Commands.java","227","238","465"
"2019-07-15 14:15","Commands.java","4949","15048","19997"
"2019-07-25 23:43","Commands.java","5894","17110","23004"
"2019-06-05 12:14","Commands.java","522","1060","1582"
"2019-08-06 01:43","Commands.java","7162","22724","29886"
"2019-06-04 10:55","Commands.java","453","617","1070"
"2019-12-03 10:01","Commands.java","37863","59146","97009"
"2019-11-20 07:00","Commands.java","37338","55174","92512"
"2018-12-20 15:13","QuorumPeer.java","228074","228506","456580"
"2019-05-16 16:25","QuorumPeer.java","228194","239855","468049"
"2018-10-16 16:22","QuorumPeer.java","205932","231191","437123"
"2019-06-14 09:06","QuorumPeer.java","228213","243073","471286"
"2018-12-07 12:41","QuorumPeer.java","228073","225519","453592"
"2019-03-11 19:47","QuorumPeer.java","228102","234962","463064"
"2019-02-13 13:12","QuorumPeer.java","228101","233909","462010"
"2019-04-12 19:01","QuorumPeer.java","228177","236846","465023"
"2018-12-09 03:16","QuorumPeer.java","228073","227593","455666"
"2018-09-11 15:23","QuorumPeer.java","100798","108386","209184"
"2019-11-29 14:49","QuorumPeer.java","229984","263403","493387"
"2018-12-15 07:34","QuorumPeer.java","228073","227508","455581"
"2018-11-27 10:02","QuorumPeer.java","228073","225269","453342"
"2018-09-18 01:00","QuorumPeer.java","100932","109775","210707"
"2019-06-03 19:40","QuorumPeer.java","228213","240406","468619"
"2019-07-15 14:15","QuorumPeer.java","228214","250495","478709"
"2019-07-03 00:44","QuorumPeer.java","228213","243088","471301"
"2019-08-17 17:13","QuorumPeer.java","228214","255076","483290"
"2019-05-15 11:56","QuorumPeer.java","228194","239810","468004"
"2019-06-05 00:33","QuorumPeer.java","228213","240796","469009"
"2019-05-20 23:13","QuorumPeer.java","228196","239930","468126"
"2019-06-04 10:55","QuorumPeer.java","228213","240559","468772"
"2019-07-12 17:01","QuorumPeer.java","228214","250389","478603"
"2020-01-09 11:27","QuorumPeer.java","229986","264951","494937"
"2018-10-01 06:11","QuorumPeer.java","101635","113057","214692"
"2018-07-04 17:11","QuorumPeer.java","11333","14894","26227"
"2019-12-17 13:48","QuorumPeer.java","229984","263975","493959"
"2020-01-23 13:43","QuorumPeer.java","229986","266775","496761"
"2018-12-06 10:56","QuorumPeer.java","228073","225463","453536"
"2019-10-10 14:37","QuorumPeer.java","228215","258830","487045"
"2018-06-26 11:18","QuorumPeer.java","834","4377","5211"
"2018-07-27 12:32","QuorumPeer.java","21959","26720","48679"
"2019-04-18 19:17","QuorumPeer.java","228177","237556","465733"
"2020-02-16 10:25","QuorumPeer.java","229986","267488","497474"
"2013-05-11 14:51","FLETest.java","6505","21523","28028"
"2019-10-10 14:37","FLETest.java","177033","260409","437442"
"2013-10-21 23:36","FLETest.java","7392","27930","35322"
"2013-10-02 20:19","FLETest.java","7115","24542","31657"
"2014-06-25 15:04","FLETest.java","14323","42751","57074"
"2016-06-02 00:59","FLETest.java","20118","64934","85052"
"2017-09-11 18:55","FLETest.java","25274","74025","99299"
"2012-04-23 01:20","FLETest.java","3283","6425","9708"
"2019-08-17 17:13","FLETest.java","177033","256656","433689"
"2019-08-17 17:13","NetUtils.java","232062","254163","486225"
"2019-08-17 17:13","FollowerResyncConcurrencyTest.java","176624","256656","433280"
"2019-06-03 19:40","FollowerResyncConcurrencyTest.java","176624","241987","418611"
"2013-06-28 23:22","FollowerResyncConcurrencyTest.java","7714","24965","32679"
"2012-03-15 18:01","FollowerResyncConcurrencyTest.java","1564","4139","5703"
"2015-11-21 22:18","FollowerResyncConcurrencyTest.java","17920","62388","80308"
"2019-10-10 14:37","FollowerResyncConcurrencyTest.java","176624","260409","437033"
"2019-12-28 16:17","FollowerResyncConcurrencyTest.java","177932","266549","444481"
"2019-10-10 14:37","SessionTrackerImpl.java","187413","260738","448151"
"2019-09-20 10:02","SessionTrackerImpl.java","187413","259905","447318"
"2011-04-12 09:14","SessionTrackerImpl.java","14662","5707","20369"
"2011-11-14 20:18","SessionTrackerImpl.java","20652","22494","43146"
"2013-10-09 22:21","SessionTrackerImpl.java","26856","49599","76455"
"2020-03-26 22:16","SessionTrackerImpl.java","188486","270850","459336"
"2015-03-08 23:07","SessionTrackerImpl.java","34138","75362","109500"
"2014-07-25 00:58","SessionTrackerImpl.java","33883","70829","104712"
"2014-07-23 20:17","SessionTrackerImpl.java","33883","70823","104706"
"2012-09-17 09:53","SessionTrackerImpl.java","24347","32363","56710"
"2015-02-06 06:17","SessionTrackerImpl.java","34092","75142","109234"
"2014-07-18 02:19","SessionTrackerImpl.java","33820","70119","103939"
"2018-09-18 01:00","SessionTrackerImpl.java","119535","183707","303242"
"2019-09-05 23:12","SessionTrackerImpl.java","187413","257904","445317"
"2019-08-17 17:13","SessionTrackerImpl.java","187413","256985","444398"
"2018-08-08 06:21","SessionTrackerImpl.java","98953","160019","258972"
"2018-05-09 23:57","SessionTrackerImpl.java","41042","98922","139964"
"2019-04-22 19:15","SessionTrackerImpl.java","187414","239768","427182"
"2012-12-19 19:07","SessionTrackerImpl.java","25771","37882","63653"
"2019-09-11 10:27","ZooKeeperServer.java","259","570","829"
"2019-11-23 17:08","ZooKeeperServer.java","7820","11476","19296"
"2019-10-09 16:49","ZooKeeperServer.java","1028","3569","4597"
"2019-12-27 22:33","ZooKeeperServer.java","8579","16212","24791"
"2019-11-18 09:05","ZooKeeperServer.java","7578","9677","17255"
"2019-10-10 14:37","ZooKeeperServer.java","2282","4990","7272"
"2019-09-16 23:26","ZooKeeperServer.java","461","2435","2896"
"2019-12-03 10:01","ZooKeeperServer.java","8344","13902","22246"
"2020-03-25 03:38","ZooKeeperServer.java","10738","22478","33216"
"2019-11-28 12:24","ZooKeeperServer.java","7882","11743","19625"
"2019-11-06 15:21","ZooKeeperServer.java","2422","5346","7768"
"2020-04-12 11:14","ZooKeeperServer.java","11422","23915","35337"
"2019-09-18 11:20","ReconfigTest.java","221557","258799","480356"
"2016-11-13 20:59","ReconfigTest.java","1574","5623","7197"
"2019-05-03 17:37","ReconfigTest.java","221538","239990","461528"
"2019-05-08 21:54","ReconfigTest.java","221538","240370","461908"
"2018-07-04 17:11","ReconfigTest.java","20567","31596","52163"
"2019-08-17 17:13","ReconfigTest.java","221557","255887","477444"
"2019-11-29 14:49","ReconfigTest.java","223135","264022","487157"
"2018-12-09 03:16","ReconfigTest.java","221437","228425","449862"
"2018-11-22 17:56","ReconfigTest.java","221437","224464","445901"
"2017-09-11 18:55","ReconfigTest.java","9166","12624","21790"
"2017-02-12 00:34","ReconfigTest.java","5962","8803","14765"
"2019-10-10 14:37","ACLTest.java","178405","260685","439090"
"2013-12-21 22:05","ACLTest.java","13693","47163","60856"
"2016-08-24 01:36","ACLTest.java","24528","81876","106404"
"2017-09-11 18:55","ACLTest.java","27844","88187","116031"
"2016-11-13 20:59","ACLTest.java","24614","85548","110162"
"2019-05-06 18:32","ACLTest.java","178406","241287","419693"
"2017-08-18 23:35","ACLTest.java","27729","87994","115723"
"2019-08-17 17:13","ACLTest.java","178405","256932","435337"
"2014-04-25 23:40","ACLTest.java","19825","57743","77568"
"2019-04-12 19:01","WatchManager.java","132922","239307","372229"
"2014-07-18 02:19","WatchManager.java","29666","117562","147228"
"2017-09-11 18:55","WatchManager.java","33533","136449","169982"
"2019-03-05 00:04","WatchManager.java","132886","237172","370058"
"2019-11-08 17:30","WatchManager.java","132922","263114","396036"
"2014-01-24 07:18","WatchManager.java","27808","105686","133494"
"2019-08-17 17:13","WatchManager.java","132922","257500","390422"
"2010-01-26 01:17","WatchManager.java","7846","33728","41574"
"2018-09-28 23:38","WatchManager.java","84591","202934","287525"
"2010-07-05 20:20","WatchManager.java","17242","63628","80870"
"2011-07-25 23:31","WatchManager.java","21156","72365","93521"
"2014-04-29 02:23","WatchManager.java","29189","110332","139521"
"2014-04-17 08:47","WatchManager.java","29189","109626","138815"
"2011-04-12 09:14","WatchManager.java","22531","68582","91113"
"2019-04-12 19:01","WatchManager.java","200366","238083","438449"
"2014-07-18 02:19","WatchManager.java","9374","19392","28766"
"2017-09-11 18:55","WatchManager.java","23341","48379","71720"
"2019-03-05 00:04","WatchManager.java","200294","235912","436206"
"2019-11-08 17:30","WatchManager.java","200410","261934","462344"
"2019-08-17 17:13","WatchManager.java","200382","256292","456674"
"2018-09-28 23:38","WatchManager.java","112449","152914","265363"
"2014-04-29 02:23","WatchManager.java","7729","10994","18723"
"2014-04-17 08:47","WatchManager.java","7671","10230","17901"
"2014-06-25 19:06","AsyncOps.java","7762","12361","20123"
"2019-06-03 19:40","AsyncOps.java","201024","241622","442646"
"2019-08-17 17:13","AsyncOps.java","201024","256291","457315"
"2015-02-06 06:17","StaticHostProviderTest.java","1638","9156","10794"
"2019-08-17 17:13","StaticHostProviderTest.java","207493","256152","463645"
"2018-07-16 05:45","StaticHostProviderTest.java","35902","61923","97825"
"2015-05-10 00:27","StaticHostProviderTest.java","2176","12038","14214"
"2019-11-18 09:05","ResponseCacheTest.java","9013","12157","21170"
"2019-10-10 14:37","SessionTrackerImpl.java","196919","260120","457039"
"2019-09-20 10:02","SessionTrackerImpl.java","196919","259287","456206"
"2020-03-26 22:16","SessionTrackerImpl.java","198267","270507","468774"
"2015-03-08 23:07","SessionTrackerImpl.java","10804","29285","40089"
"2014-07-25 00:58","SessionTrackerImpl.java","9882","24085","33967"
"2014-07-23 20:17","SessionTrackerImpl.java","9883","24080","33963"
"2015-02-06 06:17","SessionTrackerImpl.java","10716","29023","39739"
"2014-07-18 02:19","SessionTrackerImpl.java","9599","23155","32754"
"2018-09-18 01:00","SessionTrackerImpl.java","111813","153242","265055"
"2019-09-05 23:12","SessionTrackerImpl.java","196919","257286","454205"
"2019-08-17 17:13","SessionTrackerImpl.java","196919","256367","453286"
"2018-08-08 06:21","SessionTrackerImpl.java","85317","123640","208957"
"2018-05-09 23:57","SessionTrackerImpl.java","24135","59272","83407"
"2019-04-22 19:15","SessionTrackerImpl.java","196903","239133","436036"
"2019-10-10 14:37","OSMXBeanTest.java","218914","259719","478633"
"2019-08-17 17:13","OSMXBeanTest.java","218914","255966","474880"
"2018-12-09 03:16","LeaderZooKeeperServer.java","218280","228523","446803"
"2018-11-21 17:56","LeaderZooKeeperServer.java","218279","223954","442233"
"2019-06-04 10:55","LeaderZooKeeperServer.java","218392","241461","459853"
"2019-08-17 17:13","LeaderZooKeeperServer.java","218393","255978","474371"
"2019-06-03 19:40","LeaderZooKeeperServer.java","218392","241308","459700"
"2019-11-25 15:37","LeaderZooKeeperServer.java","219937","262330","482267"
"2019-12-27 22:33","LeaderZooKeeperServer.java","219938","266201","486139"
"2018-12-09 03:16","LeaderZooKeeperServer.java","141512","230114","371626"
"2018-11-21 17:56","LeaderZooKeeperServer.java","141512","225546","367058"
"2012-01-31 07:45","LeaderZooKeeperServer.java","26634","74568","101202"
"2019-06-04 10:55","LeaderZooKeeperServer.java","141556","242984","384540"
"2015-06-04 19:51","LeaderZooKeeperServer.java","32289","121844","154133"
"2019-08-17 17:13","LeaderZooKeeperServer.java","141556","257500","399056"
"2019-06-03 19:40","LeaderZooKeeperServer.java","141556","242831","384387"
"2009-12-18 03:19","LeaderZooKeeperServer.java","5609","19407","25016"
"2019-11-25 15:37","LeaderZooKeeperServer.java","142195","262947","405142"
"2019-12-27 22:33","LeaderZooKeeperServer.java","142195","266817","409012"
"2009-08-07 01:23","LeaderZooKeeperServer.java","609","1968","2577"
"2010-03-12 19:26","LeaderZooKeeperServer.java","13528","40175","53703"
"2013-10-09 22:21","LeaderZooKeeperServer.java","29994","97686","127680"
"2011-10-20 20:02","LeaderZooKeeperServer.java","26249","72024","98273"
"2019-01-14 19:43","ZKUtil.java","174661","232358","407019"
"2020-03-22 14:47","ZKUtil.java","175827","270022","445849"
"2016-09-08 22:52","ZKUtil.java","25566","74095","99661"
"2019-11-11 13:59","ZKUtil.java","174729","264314","439043"
"2019-04-09 15:35","ZKUtil.java","174678","237710","412388"
"2019-08-03 08:42","ZKUtil.java","174729","257612","432341"
"2019-06-06 00:01","ZKUtil.java","174729","243041","417770"
"2019-08-17 17:13","ZKUtil.java","174729","256904","431633"
"2019-09-11 10:27","ZooKeeperServer.java","1737","3093","4830"
"2019-09-10 04:26","ZooKeeperServer.java","1478","2523","4001"
"2019-09-05 23:12","ZooKeeperServer.java","1438","2357","3795"
"2019-09-10 15:21","ZooKeeperServer.java","1694","2737","4431"
"2019-11-23 17:08","ZooKeeperServer.java","9254","13955","23209"
"2019-10-09 16:49","ZooKeeperServer.java","2504","6090","8594"
"2019-12-27 22:33","ZooKeeperServer.java","10004","18682","28686"
"2019-11-18 09:05","ZooKeeperServer.java","9013","12157","21170"
"2019-10-10 14:37","ZooKeeperServer.java","3717","7470","11187"
"2019-09-16 23:26","ZooKeeperServer.java","1939","4958","6897"
"2019-12-03 10:01","ZooKeeperServer.java","9776","16379","26155"
"2020-03-25 03:38","ZooKeeperServer.java","12133","24918","37051"
"2019-11-28 12:24","ZooKeeperServer.java","9316","14222","23538"
"2019-11-06 15:21","ZooKeeperServer.java","3857","7826","11683"
"2020-04-12 11:14","ZooKeeperServer.java","12817","26355","39172"
"2019-08-17 17:13","WatchesSummaryTest.java","158773","174218","332991"
"2017-05-27 00:52","GetCommand.java","22228","68500","90728"
"2019-08-17 17:13","GetCommand.java","178872","256502","435374"
"2019-01-31 15:55","GetCommand.java","178779","234068","412847"
"2016-07-27 01:33","GetCommand.java","17918","61514","79432"
"2019-09-11 10:27","ZooKeeperServer.java","310","747","1057"
"2019-09-10 04:26","ZooKeeperServer.java","51","177","228"
"2019-09-10 15:21","ZooKeeperServer.java","267","391","658"
"2019-11-23 17:08","ZooKeeperServer.java","7864","11646","19510"
"2019-10-09 16:49","ZooKeeperServer.java","1079","3746","4825"
"2019-12-27 22:33","ZooKeeperServer.java","8617","16376","24993"
"2019-11-18 09:05","ZooKeeperServer.java","7622","9847","17469"
"2019-10-10 14:37","ZooKeeperServer.java","2326","5160","7486"
"2019-09-16 23:26","ZooKeeperServer.java","512","2612","3124"
"2019-12-03 10:01","ZooKeeperServer.java","8388","14072","22460"
"2020-03-25 03:38","ZooKeeperServer.java","10776","22642","33418"
"2019-11-28 12:24","ZooKeeperServer.java","7926","11913","19839"
"2019-11-06 15:21","ZooKeeperServer.java","2466","5516","7982"
"2020-04-12 11:14","ZooKeeperServer.java","11460","24079","35539"
"2019-11-21 05:58","NIOServerCnxn.java","161769","180381","342150"
"2019-11-18 09:05","NIOServerCnxn.java","161769","180358","342127"
"2019-09-16 23:26","NIOServerCnxn.java","159759","178223","337982"
"2019-10-10 14:37","NIOServerCnxn.java","159775","178973","338748"
"2020-02-11 06:50","NIOServerCnxn.java","162099","188063","350162"
"2019-01-23 14:00","NIOServerCnxn.java","156532","148704","305236"
"2019-07-08 23:26","NIOServerCnxn.java","158102","162323","320425"
"2019-04-12 19:01","NIOServerCnxn.java","156822","154074","310896"
"2019-01-14 19:38","NIOServerCnxn.java","156474","147211","303685"
"2018-11-17 18:33","NIOServerCnxn.java","150192","133712","283904"
"2019-08-17 17:13","NIOServerCnxn.java","158773","174218","332991"
"2019-07-03 00:44","NIOServerCnxn.java","158102","161560","319662"
"2019-08-03 08:42","NIOServerCnxn.java","158752","174905","333657"
"2020-03-19 17:09","Learner.java","3793","7104","10897"
"2020-02-03 04:30","Learner.java","2014","3820","5834"
"2020-01-23 13:43","Learner.java","1892","3141","5033"
"2020-03-25 03:38","Learner.java","3913","8020","11933"
"2020-01-25 18:48","Learner.java","1899","3338","5237"
"2020-05-03 19:43","Learner.java","4693","9736","14429"
"2019-09-11 10:27","ZooKeeperServer.java","43","356","399"
"2019-11-23 17:08","ZooKeeperServer.java","7606","11264","18870"
"2019-10-09 16:49","ZooKeeperServer.java","813","3356","4169"
"2019-12-27 22:33","ZooKeeperServer.java","8373","16008","24381"
"2019-11-18 09:05","ZooKeeperServer.java","7364","9465","16829"
"2019-10-10 14:37","ZooKeeperServer.java","2068","4778","6846"
"2019-09-16 23:26","ZooKeeperServer.java","245","2221","2466"
"2019-12-03 10:01","ZooKeeperServer.java","8130","13690","21820"
"2020-03-25 03:38","ZooKeeperServer.java","10532","22274","32806"
"2019-11-28 12:24","ZooKeeperServer.java","7668","11531","19199"
"2019-11-06 15:21","ZooKeeperServer.java","2208","5134","7342"
"2020-04-12 11:14","ZooKeeperServer.java","11216","23711","34927"
"2019-07-31 19:06","Commands.java","6366","20189","26555"
"2019-11-29 14:49","Commands.java","37538","58611","96149"
"2019-08-17 17:13","Commands.java","29368","43884","73252"
"2019-06-29 00:33","Commands.java","3340","5843","9183"
"2019-07-15 14:15","Commands.java","4504","14439","18943"
"2019-07-25 23:43","Commands.java","5451","16503","21954"
"2019-06-05 12:14","Commands.java","71","445","516"
"2019-08-06 01:43","Commands.java","6719","22117","28836"
"2019-12-03 10:01","Commands.java","37532","58651","96183"
"2019-11-20 07:00","Commands.java","37005","54677","91682"
"2019-11-25 15:37","LeaderZooKeeperServer.java","9275","14083","23358"
"2019-12-27 22:33","LeaderZooKeeperServer.java","10004","18682","28686"
"2017-09-11 18:55","QuorumBase.java","33333","135178","168511"
"2012-04-23 01:20","QuorumBase.java","26138","82374","108512"
"2019-07-12 17:01","QuorumBase.java","133993","252813","386806"
"2012-12-11 08:42","QuorumBase.java","26338","87753","114091"
"2019-08-17 17:13","QuorumBase.java","133993","257500","391493"
"2009-07-17 00:09","QuorumBase.java","2831","10922","13753"
"2019-08-01 07:31","QuorumBase.java","133993","258171","392164"
"2009-11-18 20:06","QuorumBase.java","6139","26648","32787"
"2018-08-08 06:21","QuorumBase.java","66738","178330","245068"
"2009-11-07 01:48","QuorumBase.java","5617","18508","24125"
"2009-12-15 23:23","QuorumBase.java","6471","27558","34029"
"2009-11-20 23:28","QuorumBase.java","6189","26977","33166"
"2009-09-16 02:09","QuorumBase.java","3833","14339","18172"
"2019-10-10 14:37","QuorumBase.java","133993","261253","395246"
"2010-03-13 01:06","QuorumBase.java","13491","47712","61203"
"2020-03-25 03:38","QuorumBase.java","134632","270924","405556"
"2014-07-18 19:46","QuorumBase.java","29392","116444","145836"
"2010-07-23 06:22","QuorumBase.java","17068","65103","82171"
"2011-05-20 01:17","QuorumBase.java","22261","68060","90321"
"2010-05-05 22:32","QuorumBase.java","16862","51102","67964"
"2010-08-18 08:24","QuorumBase.java","17805","71740","89545"
"2013-10-09 22:21","QuorumBase.java","27449","100718","128167"
"2010-03-31 06:26","QuorumBase.java","14548","49016","63564"
"2014-06-25 19:25","QuorumBase.java","29070","111126","140196"
"2011-04-12 09:14","QuorumBase.java","22214","67194","89408"
"2019-03-05 00:04","WatchManagerTest.java","156632","151785","308417"
"2019-11-08 17:30","WatchManagerTest.java","159829","180888","340717"
"2019-04-12 19:01","WatchManagerTest.java","156822","154074","310896"
"2019-08-17 17:13","WatchManagerTest.java","158773","174218","332991"
"2019-08-17 17:13","ZooKeeperTestClient.java","214963","256104","471067"
"2018-09-15 00:08","ZooKeeperServer.java","81863","200099","281962"
"2019-04-12 19:01","ZooKeeperServer.java","129742","239310","369052"
"2019-07-31 19:06","ZooKeeperServer.java","129742","256810","386552"
"2019-09-11 10:27","ZooKeeperServer.java","129742","258859","388601"
"2019-01-14 19:38","ZooKeeperServer.java","129699","232752","362451"
"2019-01-07 15:34","ZooKeeperServer.java","129699","232353","362052"
"2018-11-21 17:56","ZooKeeperServer.java","129699","225550","355249"
"2012-01-31 07:45","ZooKeeperServer.java","24333","82035","106368"
"2017-04-28 07:14","ZooKeeperServer.java","31149","137467","168616"
"2011-08-19 00:05","ZooKeeperServer.java","19742","76858","96600"
"2017-02-12 00:12","ZooKeeperServer.java","31126","136545","167671"
"2014-07-18 02:19","ZooKeeperServer.java","27991","119007","146998"
"2013-12-11 19:22","ZooKeeperServer.java","26212","105066","131278"
"2019-02-13 13:12","ZooKeeperServer.java","129708","236415","366123"
"2012-02-11 00:34","ZooKeeperServer.java","24546","82833","107379"
"2016-11-24 17:18","ZooKeeperServer.java","30408","137603","168011"
"2018-07-19 05:59","ZooKeeperServer.java","43170","157473","200643"
"2018-09-18 01:00","ZooKeeperServer.java","81905","200794","282699"
"2019-03-04 08:07","ZooKeeperServer.java","129707","236991","366698"
"2019-07-08 23:26","ZooKeeperServer.java","129742","246279","376021"
"2019-01-23 14:00","ZooKeeperServer.java","129699","234187","363886"
"2019-02-13 13:19","ZooKeeperServer.java","129708","236701","366409"
"2019-05-14 17:11","ZooKeeperServer.java","129742","242170","371912"
"2013-01-25 02:17","ZooKeeperServer.java","25514","93380","118894"
"2015-07-10 08:19","ZooKeeperServer.java","28321","128324","156645"
"2019-06-04 10:55","ZooKeeperServer.java","129742","242987","372729"
"2011-06-14 07:14","ZooKeeperServer.java","21365","72549","93914"
"2019-04-09 15:35","ZooKeeperServer.java","129707","238325","368032"
"2019-08-03 08:42","ZooKeeperServer.java","129742","258211","387953"
"2019-05-15 11:56","ZooKeeperServer.java","129742","242257","371999"
"2019-05-22 11:39","ZooKeeperServer.java","129742","242703","372445"
"2019-04-22 19:15","ZooKeeperServer.java","129742","240285","370027"
"2018-02-23 23:49","ZooKeeperServer.java","31732","142824","174556"
"2016-11-16 06:21","ZooKeeperServer.java","30269","137443","167712"
"2012-12-19 19:07","ZooKeeperServer.java","25460","92288","117748"
"2017-08-18 06:32","ZooKeeperServer.java","31559","137417","168976"
"2017-06-26 00:16","ZooKeeperServer.java","31499","137349","168848"
"2019-09-10 04:26","ZooKeeperServer.java","129742","258548","388290"
"2019-08-17 17:13","ZooKeeperServer.java","129742","257503","387245"
"2019-09-05 23:12","ZooKeeperServer.java","129742","258422","388164"
"2019-09-10 15:21","ZooKeeperServer.java","129742","258546","388288"
"2009-06-15 22:52","ZooKeeperServer.java","1420","4603","6023"
"2019-08-01 07:31","ZooKeeperServer.java","129742","258174","387916"
"2019-08-01 07:28","ZooKeeperServer.java","129742","257684","387426"
"2019-06-03 19:40","ZooKeeperServer.java","129742","242834","372576"
"2015-03-17 18:06","ZooKeeperServer.java","28202","125191","153393"
"2019-11-23 17:08","ZooKeeperServer.java","130378","262840","393218"
"2019-10-09 16:49","ZooKeeperServer.java","129742","261089","390831"
"2019-07-03 00:44","ZooKeeperServer.java","129742","245516","375258"
"2018-01-19 01:12","ZooKeeperServer.java","31695","141745","173440"
"2019-07-24 18:00","ZooKeeperServer.java","129742","253958","383700"
"2013-05-16 18:49","ZooKeeperServer.java","25848","98264","124112"
"2018-08-08 06:21","ZooKeeperServer.java","63953","179736","243689"
"2018-05-09 23:57","ZooKeeperServer.java","31785","144382","176167"
"2009-11-07 01:48","ZooKeeperServer.java","6930","24075","31005"
"2009-12-18 03:19","ZooKeeperServer.java","8258","33873","42131"
"2010-01-26 01:17","ZooKeeperServer.java","8605","37670","46275"
"2019-12-27 22:33","ZooKeeperServer.java","130378","266817","397195"
"2016-08-13 15:01","ZooKeeperServer.java","30125","133398","163523"
"2018-09-11 00:17","ZooKeeperServer.java","81859","198546","280405"
"2019-11-18 09:05","ZooKeeperServer.java","130378","261283","391661"
"2019-10-10 14:37","ZooKeeperServer.java","129742","261256","390998"
"2019-09-16 23:26","ZooKeeperServer.java","129742","260522","390264"
"2013-10-08 01:35","ZooKeeperServer.java","26109","101329","127438"
"2017-06-23 18:39","ZooKeeperServer.java","31461","137331","168792"
"2009-08-07 01:23","ZooKeeperServer.java","4587","17763","22350"
"2011-12-28 07:07","ZooKeeperServer.java","24317","81680","105997"
"2019-12-03 10:01","ZooKeeperServer.java","130378","264742","395120"
"2020-03-25 03:38","ZooKeeperServer.java","130378","270924","401302"
"2010-03-12 19:26","ZooKeeperServer.java","12969","51433","64402"
"2019-11-28 12:24","ZooKeeperServer.java","130378","263045","393423"
"2019-11-06 15:21","ZooKeeperServer.java","129742","261472","391214"
"2011-05-20 01:17","ZooKeeperServer.java","21309","71362","92671"
"2010-07-29 23:10","ZooKeeperServer.java","16362","69361","85723"
"2011-09-17 02:36","ZooKeeperServer.java","22437","79569","102006"
"2020-04-12 11:14","ZooKeeperServer.java","130378","271677","402055"
"2011-09-14 08:56","ZooKeeperServer.java","19879","79571","99450"
"2011-08-21 02:53","ZooKeeperServer.java","19742","76886","96628"
"2010-08-18 08:24","ZooKeeperServer.java","17063","75252","92315"
"2013-10-09 22:21","ZooKeeperServer.java","26178","103638","129816"
"2015-03-08 23:07","ZooKeeperServer.java","28200","124141","152341"
"2018-06-08 16:52","ZooKeeperServer.java","31787","145133","176920"
"2018-06-15 07:41","ZooKeeperServer.java","31804","145153","176957"
"2018-07-28 04:37","ZooKeeperServer.java","43193","158072","201265"
"2019-04-18 19:17","ZooKeeperServer.java","129742","240020","369762"
"2012-03-15 17:47","ZooKeeperServer.java","24563","83884","108447"
"2014-03-25 22:13","ZooKeeperServer.java","26387","108258","134645"
"2011-04-12 09:14","ZooKeeperServer.java","21279","70513","91792"
"2019-08-17 17:13","ReconfigExceptionTest.java","223776","255265","479041"
"2017-07-06 18:48","ReconfigExceptionTest.java","1469","2405","3874"
"2019-11-29 14:49","ReconfigExceptionTest.java","225389","263435","488824"
"2019-12-27 22:33","FileTxnSnapLog.java","224207","266092","490299"
"2019-10-10 14:37","FileTxnSnapLog.java","222624","259584","482208"
"2019-12-13 08:51","FileTxnSnapLog.java","224206","264128","488334"
"2017-01-07 01:09","FileTxnSnapLog.java","1242","5714","6956"
"2020-01-23 16:46","FileTxnSnapLog.java","224208","267342","491550"
"2020-01-28 17:26","FileTxnSnapLog.java","224208","267813","492021"
"2017-01-23 02:13","FileTxnSnapLog.java","1381","6257","7638"
"2018-06-08 16:52","FileTxnSnapLog.java","9616","19261","28877"
"2019-09-02 08:23","FileTxnSnapLog.java","222624","256488","479112"
"2017-04-28 07:14","FileTxnSnapLog.java","5013","7630","12643"
"2019-07-31 19:06","FileTxnSnapLog.java","222624","255138","477762"
"2018-07-30 06:22","FileTxnSnapLog.java","30154","41454","71608"
"2020-01-30 09:43","FileTxnSnapLog.java","224208","267889","492097"
"2019-05-14 17:11","FileTxnSnapLog.java","222605","240479","463084"
"2019-05-21 23:34","FileTxnSnapLog.java","222606","240801","463407"
"2019-05-27 10:54","FileTxnSnapLog.java","222606","241133","463739"
"2017-01-13 19:29","FileTxnSnapLog.java","1326","6001","7327"
"2017-06-26 00:07","FileTxnSnapLog.java","6215","8370","14585"
"2018-02-23 23:49","FileTxnSnapLog.java","9158","16549","25707"
"2017-08-18 06:32","FileTxnSnapLog.java","7892","10049","17941"
"2019-08-17 17:13","FileTxnSnapLog.java","222624","255831","478455"
"2018-02-14 21:23","FileTxnSnapLog.java","9139","16366","25505"
"2019-08-17 17:13","CommitProcessorTest.java","220971","255887","476858"
"2019-11-11 13:55","CommitProcessorTest.java","221019","261643","482662"
"2019-10-10 14:37","CommitProcessorTest.java","220971","259640","480611"
"2019-08-17 17:13","MetricsProvider.java","29523","44192","73715"
"2019-08-17 17:13","ZKTrustManager.java","36425","66091","102516"
"2019-10-10 14:37","ZKTrustManager.java","38402","71821","110223"
"2019-10-10 14:37","ClientCnxnSocket.java","174325","260657","434982"
"2018-07-10 13:29","ClientCnxnSocket.java","37969","97277","135246"
"2016-12-30 23:01","ClientCnxnSocket.java","26319","79984","106303"
"2012-09-09 20:24","ClientCnxnSocket.java","10945","19196","30141"
"2015-02-06 06:17","ClientCnxnSocket.java","21818","63256","85074"
"2018-11-22 17:56","ClientCnxnSocket.java","174259","225535","399794"
"2016-05-02 18:15","ClientCnxnSocket.java","25120","72399","97519"
"2019-08-17 17:13","ClientCnxnSocket.java","174325","256904","431229"
"2018-07-12 01:33","ClientCnxnSocket.java","38059","97545","135604"
"2019-04-09 15:35","ClientCnxnSocket.java","174274","237710","411984"
"2014-12-20 15:29","ClientCnxnSocket.java","21747","62979","84726"
"2009-06-25 00:59","ClientBase.java","3254","12371","15625"
"2012-08-28 21:51","ClientBase.java","26422","86686","113108"
"2017-06-08 17:51","ClientBase.java","33118","136687","169805"
"2012-07-17 23:19","ClientBase.java","26410","85600","112010"
"2017-04-18 01:37","ClientBase.java","32776","136977","169753"
"2010-03-16 22:23","ClientBase.java","14182","50673","64855"
"2018-09-07 02:49","ClientBase.java","83710","198349","282059"
"2019-07-31 19:06","ClientBase.java","131748","256807","388555"
"2012-02-06 09:47","ClientBase.java","25888","81957","107845"
"2015-02-06 06:17","ClientBase.java","29688","123446","153134"
"2017-09-11 18:55","ClientBase.java","33267","137294","170561"
"2009-07-17 00:09","ClientBase.java","3879","14215","18094"
"2009-06-30 03:32","ClientBase.java","3574","13474","17048"
"2019-08-17 17:13","ClientBase.java","131748","257500","389248"
"2009-06-18 18:37","ClientBase.java","1379","3624","5003"
"2015-03-28 20:08","ClientBase.java","29726","125695","155421"
"2019-06-07 14:13","ClientBase.java","131748","243604","375352"
"2018-04-24 00:20","ClientBase.java","33399","143202","176601"
"2018-08-08 06:21","ClientBase.java","65659","179433","245092"
"2018-05-09 23:57","ClientBase.java","33442","144030","177472"
"2019-06-24 11:05","ClientBase.java","131748","244833","376581"
"2012-12-11 08:42","ClientBase.java","26591","90188","116779"
"2017-01-13 19:29","ClientBase.java","32028","138395","170423"
"2010-01-25 04:28","ClientBase.java","8040","34687","42727"
"2010-03-09 05:44","ClientBase.java","14033","49758","63791"
"2016-06-23 23:25","ClientBase.java","31418","131879","163297"
"2014-01-03 01:40","ClientBase.java","27733","105027","132760"
"2014-01-25 01:17","ClientBase.java","27773","106873","134646"
"2009-11-20 23:28","ClientBase.java","6889","29922","36811"
"2009-11-25 20:06","ClientBase.java","6893","29959","36852"
"2009-11-12 20:53","ClientBase.java","6457","22180","28637"
"2009-08-25 07:45","ClientBase.java","4198","16443","20641"
"2009-09-16 02:09","ClientBase.java","4635","17386","22021"
"2019-11-14 16:44","ClientBase.java","131748","265527","397275"
"2019-10-10 14:37","ClientBase.java","131748","261253","393001"
"2012-03-15 17:47","ClientBase.java","26062","83374","109436"
"2010-09-15 07:51","ClientBase.java","18311","102661","120972"
"2012-01-14 00:28","ClientBase.java","25820","81373","107193"
"2011-04-12 09:14","ClientBase.java","22718","69943","92661"
"2011-11-05 07:29","ClientBase.java","25656","79789","105445"
"2016-08-24 01:36","ClientBase.java","31749","132781","164530"
"2011-09-17 02:13","ClientBase.java","23889","79040","102929"
"2010-07-05 20:20","ClientBase.java","17416","64976","82392"
"2010-03-31 06:26","ClientBase.java","15139","51852","66991"
"2010-08-18 08:24","ClientBase.java","18305","74485","92790"
"2015-03-08 23:07","ClientBase.java","29714","123646","153360"
"2019-10-10 14:37","QuorumPeerMain.java","31836","53072","84908"
"2020-01-23 13:43","QuorumPeerMain.java","39064","66474","105538"
"2019-11-28 12:24","QuorumPeerMain.java","37315","59704","97019"
"2020-02-16 10:25","QuorumPeerMain.java","39196","67319","106515"
"2019-11-11 13:59","QuorumPeerMain.java","32038","56931","88969"
"2019-08-17 17:13","QuorumPeerMain.java","29721","47204","76925"
"2018-12-09 03:16","LeaderZooKeeperServer.java","133949","230114","364063"
"2018-11-21 17:56","LeaderZooKeeperServer.java","133949","225546","359495"
"2012-01-31 07:45","LeaderZooKeeperServer.java","25525","79036","104561"
"2019-06-04 10:55","LeaderZooKeeperServer.java","133993","242984","376977"
"2015-06-04 19:51","LeaderZooKeeperServer.java","29736","124868","154604"
"2009-06-26 22:29","LeaderZooKeeperServer.java","2471","10034","12505"
"2019-08-17 17:13","LeaderZooKeeperServer.java","133993","257500","391493"
"2019-06-03 19:40","LeaderZooKeeperServer.java","133993","242831","376824"
"2009-12-18 03:19","LeaderZooKeeperServer.java","7054","28415","35469"
"2019-11-25 15:37","LeaderZooKeeperServer.java","134632","262947","397579"
"2019-12-27 22:33","LeaderZooKeeperServer.java","134632","266817","401449"
"2009-08-07 01:23","LeaderZooKeeperServer.java","3015","11937","14952"
"2010-03-12 19:26","LeaderZooKeeperServer.java","13445","47655","61100"
"2013-10-09 22:21","LeaderZooKeeperServer.java","27449","100718","128167"
"2011-10-20 20:02","LeaderZooKeeperServer.java","25146","76498","101644"
"2009-06-25 00:59","ZooKeeper.java","4951","41019","45970"
"2019-02-06 09:46","ZooKeeper.java","104858","235264","340122"
"2019-01-16 14:21","ZooKeeper.java","104858","233541","338399"
"2017-04-18 02:02","ZooKeeper.java","27078","158170","185248"
"2019-11-08 17:30","ZooKeeper.java","104893","263210","368103"
"2019-02-07 11:26","ZooKeeper.java","104858","235893","340751"
"2013-03-07 07:01","ZooKeeper.java","22162","119307","141469"
"2011-07-01 00:53","ZooKeeper.java","18379","97200","115579"
"2013-12-17 17:55","ZooKeeper.java","22385","126334","148719"
"2012-02-06 09:56","ZooKeeper.java","20867","103852","124719"
"2012-03-17 01:31","ZooKeeper.java","21036","105526","126562"
"2012-11-17 15:03","ZooKeeper.java","21404","111013","132417"
"2017-05-01 17:19","ZooKeeper.java","27081","158300","185381"
"2010-11-10 23:36","ZooKeeper.java","14470","128644","143114"
"2014-01-24 07:18","ZooKeeper.java","22402","128280","150682"
"2019-08-17 17:13","ZooKeeper.java","104893","257596","362489"
"2009-05-20 20:48","ZooKeeper.java","1985","26927","28912"
"2015-06-04 19:51","ZooKeeper.java","24357","148560","172917"
"2016-10-07 21:51","ZooKeeper.java","26261","155515","181776"
"2015-03-16 09:09","ZooKeeper.java","24300","145459","169759"
"2015-03-17 18:06","ZooKeeper.java","24303","146172","170475"
"2016-05-02 18:15","ZooKeeper.java","25943","152431","178374"
"2019-06-26 10:57","ZooKeeper.java","104893","245446","350339"
"2019-06-03 19:40","ZooKeeper.java","104893","242927","347820"
"2018-05-09 23:57","ZooKeeper.java","27580","165057","192637"
"2019-08-03 08:42","ZooKeeper.java","104893","258304","363197"
"2016-11-13 20:59","ZooKeeper.java","26272","157779","184051"
"2013-02-03 15:52","ZooKeeper.java","21886","114968","136854"
"2012-09-28 18:32","ZooKeeper.java","21276","108917","130193"
"2017-07-28 00:36","ZooKeeper.java","27347","157700","185047"
"2017-08-18 23:35","ZooKeeper.java","27386","158224","185610"
"2017-07-04 07:56","ZooKeeper.java","27329","158292","185621"
"2009-12-11 20:38","ZooKeeper.java","7933","58001","65934"
"2009-11-12 21:02","ZooKeeper.java","7466","50156","57622"
"2010-01-26 03:22","ZooKeeper.java","8917","63063","71980"
"2010-01-05 18:32","ZooKeeper.java","8616","59348","67964"
"2009-11-07 01:48","ZooKeeper.java","7360","49447","56807"
"2009-10-31 00:09","ZooKeeper.java","7086","48768","55854"
"2020-04-16 12:50","ZooKeeper.java","105438","271715","377153"
"2018-07-27 05:16","ZooKeeper.java","34299","173794","208093"
"2019-10-10 14:37","ZooKeeper.java","104893","261349","366242"
"2014-04-01 04:03","ZooKeeper.java","22648","130006","152654"
"2010-02-08 23:36","ZooKeeper.java","11875","65682","77557"
"2009-08-07 20:00","ZooKeeper.java","5388","43551","48939"
"2012-12-19 19:16","ZooKeeper.java","21852","114441","136293"
"2019-02-11 12:34","ZooKeeper.java","104858","236256","341114"
"2014-07-08 20:18","ZooKeeper.java","24047","136292","160339"
"2010-11-30 21:16","ZooKeeper.java","14622","129163","143785"
"2020-05-17 15:13","ZooKeeper.java","105439","272087","377526"
"2017-01-09 22:49","ZooKeeper.java","26457","159532","185989"
"2011-05-20 01:17","ZooKeeper.java","17873","92868","110741"
"2019-03-12 19:08","ZooKeeper.java","104864","237690","342554"
"2011-09-06 00:58","ZooKeeper.java","16369","100350","116719"
"2014-07-22 06:51","ZooKeeper.java","24127","140570","164697"
"2014-04-29 02:23","ZooKeeper.java","23782","132925","156707"
"2019-10-10 14:37","QuorumBase.java","3717","7470","11187"
"2020-03-25 03:38","QuorumBase.java","12133","24918","37051"
"2019-06-03 19:40","FollowerZooKeeperServer.java","232673","239493","472166"
"2019-08-17 17:13","FollowerZooKeeperServer.java","232674","254163","486837"
"2019-05-03 00:44","FollowerZooKeeperServer.java","232653","238139","470792"
"2019-06-04 10:55","FollowerZooKeeperServer.java","232673","239646","472319"
"2018-12-09 03:16","FollowerZooKeeperServer.java","232518","226665","459183"
"2018-11-21 17:56","FollowerZooKeeperServer.java","232515","222094","454609"
"2019-11-28 12:24","FollowerZooKeeperServer.java","234612","261007","495619"
"2019-12-27 22:33","FollowerZooKeeperServer.java","234613","264780","499393"
"2018-12-09 03:16","LeaderZooKeeperServer.java","129764","230115","359879"
"2018-11-21 17:56","LeaderZooKeeperServer.java","129764","225547","355311"
"2012-01-31 07:45","LeaderZooKeeperServer.java","24333","81967","106300"
"2019-06-04 10:55","LeaderZooKeeperServer.java","129808","242985","372793"
"2015-06-04 19:51","LeaderZooKeeperServer.java","28260","127515","155775"
"2009-06-26 22:29","LeaderZooKeeperServer.java","4083","15832","19915"
"2019-08-17 17:13","LeaderZooKeeperServer.java","129808","257501","387309"
"2009-06-18 18:37","LeaderZooKeeperServer.java","1934","6120","8054"
"2019-06-03 19:40","LeaderZooKeeperServer.java","129808","242832","372640"
"2009-12-18 03:19","LeaderZooKeeperServer.java","8213","33760","41973"
"2019-11-25 15:37","LeaderZooKeeperServer.java","130446","262947","393393"
"2019-12-27 22:33","LeaderZooKeeperServer.java","130446","266817","397263"
"2009-08-07 01:23","LeaderZooKeeperServer.java","4533","17641","22174"
"2010-03-12 19:26","LeaderZooKeeperServer.java","12930","51326","64256"
"2013-10-09 22:21","LeaderZooKeeperServer.java","26178","103570","129748"
"2011-10-20 20:02","LeaderZooKeeperServer.java","23981","79456","103437"
"2020-03-26 18:41","ZooKeeperMain.java","221910","270257","492167"
"2016-10-16 14:21","ZooKeeperMain.java","5161","8234","13395"
"2020-04-01 17:02","ZooKeeperMain.java","221910","270581","492491"
"2019-10-10 14:37","ZooKeeperMain.java","220357","259669","480026"
"2020-03-26 22:19","ZooKeeperMain.java","221910","270326","492236"
"2016-07-27 01:33","ZooKeeperMain.java","4229","5754","9983"
"2019-11-28 12:24","ZooKeeperMain.java","221908","262373","484281"
"2016-11-13 20:59","ZooKeeperMain.java","5408","10686","16094"
"2019-08-03 08:42","ZooKeeperMain.java","220357","256624","476981"
"2017-07-28 00:36","ZooKeeperMain.java","12574","16698","29272"
"2016-05-02 18:15","ZooKeeperMain.java","3516","3775","7291"
"2019-08-17 17:13","ZooKeeperMain.java","220357","255916","476273"
"2018-08-06 14:11","ZooKeeperMain.java","34385","48455","82840"
"2019-12-27 22:33","FileTxnSnapLog.java","228548","265557","494105"
"2019-10-10 14:37","FileTxnSnapLog.java","226943","259027","485970"
"2019-12-13 08:51","FileTxnSnapLog.java","228547","263593","492140"
"2020-01-23 16:46","FileTxnSnapLog.java","228549","266807","495356"
"2020-01-28 17:26","FileTxnSnapLog.java","228549","267278","495827"
"2018-06-08 16:52","FileTxnSnapLog.java","8463","13232","21695"
"2019-09-02 08:23","FileTxnSnapLog.java","226943","255931","482874"
"2017-04-28 07:14","FileTxnSnapLog.java","3721","1462","5183"
"2019-07-31 19:06","FileTxnSnapLog.java","226943","254581","481524"
"2018-07-30 06:22","FileTxnSnapLog.java","29279","35703","64982"
"2020-01-30 09:43","FileTxnSnapLog.java","228549","267354","495903"
"2019-05-14 17:11","FileTxnSnapLog.java","226924","239922","466846"
"2019-05-21 23:34","FileTxnSnapLog.java","226925","240244","467169"
"2019-05-27 10:54","FileTxnSnapLog.java","226925","240576","467501"
"2017-06-26 00:07","FileTxnSnapLog.java","4928","2207","7135"
"2018-02-23 23:49","FileTxnSnapLog.java","7944","10459","18403"
"2017-08-18 06:32","FileTxnSnapLog.java","6622","3903","10525"
"2019-08-17 17:13","FileTxnSnapLog.java","226943","255274","482217"
"2018-02-14 21:23","FileTxnSnapLog.java","7925","10276","18201"
"2009-06-25 00:59","ZooKeeper.java","5556","42331","47887"
"2019-02-06 09:46","ZooKeeper.java","104174","235287","339461"
"2019-01-16 14:21","ZooKeeper.java","104174","233564","337738"
"2017-04-18 02:02","ZooKeeper.java","26820","158619","185439"
"2019-11-08 17:30","ZooKeeper.java","104206","263230","367436"
"2019-02-07 11:26","ZooKeeper.java","104174","235916","340090"
"2013-03-07 07:01","ZooKeeper.java","21937","119789","141726"
"2011-07-01 00:53","ZooKeeper.java","18208","97736","115944"
"2013-12-17 17:55","ZooKeeper.java","22160","126816","148976"
"2012-02-06 09:56","ZooKeeper.java","20670","104362","125032"
"2012-03-17 01:31","ZooKeeper.java","20839","106036","126875"
"2012-11-17 15:03","ZooKeeper.java","21189","111505","132694"
"2017-05-01 17:19","ZooKeeper.java","26823","158749","185572"
"2010-11-10 23:36","ZooKeeper.java","14453","129334","143787"
"2014-01-24 07:18","ZooKeeper.java","22174","128759","150933"
"2019-08-17 17:13","ZooKeeper.java","104206","257616","361822"
"2009-05-20 20:48","ZooKeeper.java","2729","28378","31107"
"2015-06-04 19:51","ZooKeeper.java","24121","149031","173152"
"2016-10-07 21:51","ZooKeeper.java","26028","155989","182017"
"2015-03-16 09:09","ZooKeeper.java","24064","145930","169994"
"2015-03-17 18:06","ZooKeeper.java","24069","146645","170714"
"2016-05-02 18:15","ZooKeeper.java","25708","152903","178611"
"2019-06-26 10:57","ZooKeeper.java","104206","245466","349672"
"2019-06-03 19:40","ZooKeeper.java","104206","242947","347153"
"2018-05-09 23:57","ZooKeeper.java","27317","165501","192818"
"2009-04-09 23:02","ZooKeeper.java","799","1506","2305"
"2019-08-03 08:42","ZooKeeper.java","104206","258324","362530"
"2016-11-13 20:59","ZooKeeper.java","26039","158253","184292"
"2013-02-03 15:52","ZooKeeper.java","21661","115450","137111"
"2012-09-28 18:32","ZooKeeper.java","21061","109409","130470"
"2017-07-28 00:36","ZooKeeper.java","27093","158153","185246"
"2017-08-18 23:35","ZooKeeper.java","27132","158677","185809"
"2017-07-04 07:56","ZooKeeper.java","27075","158745","185820"
"2009-12-11 20:38","ZooKeeper.java","8434","59209","67643"
"2009-11-12 21:02","ZooKeeper.java","8027","51424","59451"
"2010-01-26 03:22","ZooKeeper.java","9417","64270","73687"
"2010-01-05 18:32","ZooKeeper.java","9116","60555","69671"
"2009-11-07 01:48","ZooKeeper.java","7921","50715","58636"
"2009-10-31 00:09","ZooKeeper.java","7648","50037","57685"
"2020-04-16 12:50","ZooKeeper.java","104731","271715","376446"
"2018-07-27 05:16","ZooKeeper.java","34037","174239","208276"
"2019-10-10 14:37","ZooKeeper.java","104206","261369","365575"
"2014-04-01 04:03","ZooKeeper.java","22407","130472","152879"
"2010-02-08 23:36","ZooKeeper.java","11922","66436","78358"
"2009-08-07 20:00","ZooKeeper.java","5960","44830","50790"
"2012-12-19 19:16","ZooKeeper.java","21627","114923","136550"
"2019-02-11 12:34","ZooKeeper.java","104174","236279","340453"
"2014-07-08 20:18","ZooKeeper.java","23813","136765","160578"
"2010-11-30 21:16","ZooKeeper.java","14603","129851","144454"
"2020-05-17 15:13","ZooKeeper.java","104732","272087","376819"
"2017-01-09 22:49","ZooKeeper.java","26220","160002","186222"
"2011-05-20 01:17","ZooKeeper.java","17703","93405","111108"
"2019-03-12 19:08","ZooKeeper.java","104180","237713","341893"
"2011-09-06 00:58","ZooKeeper.java","16197","100885","117082"
"2014-07-22 06:51","ZooKeeper.java","23891","141041","164932"
"2014-04-29 02:23","ZooKeeper.java","23549","133399","156948"
"2013-03-07 07:01","QuorumMaj.java","29504","91184","120688"
"2017-09-11 18:55","QuorumMaj.java","35995","131446","167441"
"2012-04-23 01:20","QuorumMaj.java","28160","78002","106162"
"2019-08-17 17:13","QuorumMaj.java","142372","257499","399871"
"2011-04-12 09:14","QuorumMaj.java","22832","59432","82264"
"2019-08-17 17:13","Leader.java","182680","203477","386157"
"2019-06-29 00:33","Leader.java","182645","191429","374074"
"2019-06-03 19:40","Leader.java","182640","188768","371408"
"2019-07-15 14:15","Leader.java","182646","198862","381508"
"2019-07-25 21:41","Leader.java","182646","199926","382572"
"2019-06-05 00:33","Leader.java","182640","189158","371798"
"2019-08-03 08:42","Leader.java","182659","204164","386823"
"2019-06-05 23:57","Leader.java","182640","189427","372067"
"2019-01-07 14:55","Leader.java","182366","178054","360420"
"2019-04-12 19:01","Leader.java","182593","185197","367790"
"2018-12-09 03:16","Leader.java","176106","169561","345667"
"2019-11-29 14:49","Leader.java","185620","212974","398594"
"2018-11-27 10:02","Leader.java","176106","167237","343343"
"2018-08-29 06:26","Leader.java","25637","25845","51482"
"2018-09-18 01:00","Leader.java","31518","34296","65814"
"2020-03-25 03:38","Leader.java","185715","219297","405012"
"2019-12-27 22:33","Leader.java","185632","215107","400739"
"2019-10-10 14:37","Leader.java","183675","208225","391900"
"2018-10-16 16:22","QuorumPeerConfig.java","192922","234691","427613"
"2018-12-09 03:16","QuorumPeerConfig.java","212645","228675","441320"
"2019-04-12 19:01","QuorumPeerConfig.java","212740","237919","450659"
"2018-09-11 15:23","QuorumPeerConfig.java","112647","136745","249392"
"2018-12-15 07:34","QuorumPeerConfig.java","212645","228590","441235"
"2019-02-13 13:12","QuorumPeerConfig.java","212667","234985","447652"
"2019-08-17 17:13","QuorumPeerConfig.java","212756","256128","468884"
"2015-03-17 18:06","QuorumPeerConfig.java","709","4162","4871"
"2017-11-28 00:10","QuorumPeerConfig.java","15865","32222","48087"
"2019-06-05 00:29","QuorumPeerConfig.java","212756","241795","454551"
"2020-01-09 11:27","QuorumPeerConfig.java","214202","265677","479879"
"2019-07-12 17:01","QuorumPeerConfig.java","212756","251441","464197"
"2016-11-13 20:59","QuorumPeerConfig.java","8399","21490","29889"
"2019-05-15 11:56","QuorumPeerConfig.java","212740","240866","453606"
"2018-10-01 06:11","QuorumPeerConfig.java","113442","141374","254816"
"2017-07-28 00:36","QuorumPeerConfig.java","15179","27116","42295"
"2017-07-06 18:48","QuorumPeerConfig.java","13647","26466","40113"
"2020-01-23 13:43","QuorumPeerConfig.java","214202","267501","481703"
"2016-06-23 19:42","QuorumPeerConfig.java","7082","15741","22823"
"2015-09-06 20:02","QuorumPeerConfig.java","3204","10169","13373"
"2015-09-29 03:56","QuorumPeerConfig.java","3251","10397","13648"
"2019-10-10 14:37","QuorumPeerConfig.java","212756","259881","472637"
"2018-07-27 12:32","QuorumPeerConfig.java","36324","57595","93919"
"2019-04-18 19:17","QuorumPeerConfig.java","212740","238629","451369"
"2016-11-03 16:07","QuorumPeerConfig.java","8201","19623","27824"
"2020-02-16 10:25","QuorumPeerConfig.java","214202","268214","482416"
"2020-05-14 18:18","QuorumPeerConfig.java","214230","271467","485697"
"2017-05-11 16:59","QuorumPeerConfig.java","13314","25266","38580"
"2019-08-17 17:13","QuorumRequestPipelineTest.java","224314","255186","479500"
"2009-07-17 00:09","RecoveryTest.java","4976","41875","46851"
"2019-08-17 17:13","RecoveryTest.java","105274","257589","362863"
"2009-06-18 18:37","RecoveryTest.java","3062","31870","34932"
"2013-12-21 22:05","RecoveryTest.java","22244","125899","148143"
"2019-10-10 14:37","RecoveryTest.java","105274","261342","366616"
"2011-04-12 09:14","RecoveryTest.java","17673","91461","109134"
"2010-03-31 06:26","RecoveryTest.java","13223","76499","89722"
"2010-08-18 08:24","RecoveryTest.java","13873","96616","110489"
"2015-07-07 07:11","ZooKeeperThreadTest.java","2666","6581","9247"
"2019-08-17 17:13","ZooKeeperThreadTest.java","215122","256089","471211"
"2019-09-10 15:21","NodeHashMapImplTest.java","26338","28074","54412"
"2019-08-17 17:13","NodeHashMapImplTest.java","24762","25455","50217"
"2015-02-06 06:17","ConnectionBean.java","24081","146143","170224"
"2019-08-17 17:13","ConnectionBean.java","103569","257687","361256"
"2010-03-11 04:17","ConnectionBean.java","12666","77097","89763"
"2009-11-12 20:53","ConnectionBean.java","8183","52272","60455"
"2009-11-07 01:48","ConnectionBean.java","8077","51579","59656"
"2019-10-10 14:37","ConnectionBean.java","103569","261440","365009"
"2011-04-12 09:14","ConnectionBean.java","17772","93363","111135"
"2010-08-18 08:24","ConnectionBean.java","14180","98726","112906"
"2020-05-17 15:13","RemoveWatchesTest.java","220489","271486","491975"
"2019-09-18 11:20","RemoveWatchesTest.java","218914","258878","477792"
"2019-10-10 14:37","RemoveWatchesTest.java","218914","259719","478633"
"2019-06-03 19:40","RemoveWatchesTest.java","218913","241296","460209"
"2016-05-02 18:15","RemoveWatchesTest.java","3721","5473","9194"
"2019-08-17 17:13","RemoveWatchesTest.java","218914","255966","474880"
"2019-07-29 17:15","JVector.java","129922","255100","385022"
"2010-01-25 04:28","JVector.java","8308","36781","45089"
"2010-05-03 23:49","JVector.java","15900","54039","69939"
"2019-08-17 17:13","AuthenticationProvider.java","91004","257706","348710"
"2019-11-11 13:59","AuthenticationProvider.java","91004","265116","356120"
"2016-11-13 20:59","TestableZooKeeper.java","22081","167923","190004"
"2019-08-17 17:13","TestableZooKeeper.java","89594","257706","347300"
"2010-11-10 23:36","TestableZooKeeper.java","13731","143314","157045"
"2019-03-06 03:32","TestableZooKeeper.java","89573","237470","327043"
"2008-11-24 21:48","TestableZooKeeper.java","71","73","144"
"2013-01-25 02:17","TestableZooKeeper.java","18163","125244","143407"
"2012-03-15 18:01","TestableZooKeeper.java","17399","116065","133464"
"2018-04-25 01:41","TestableZooKeeper.java","23062","174102","197164"
"2014-03-26 22:13","TestableZooKeeper.java","18697","139798","158495"
"2020-05-17 15:13","TestableZooKeeper.java","90051","272108","362159"
"2010-01-05 18:32","TestableZooKeeper.java","11752","77893","89645"
"2009-05-20 22:16","Leader.java","8572","78845","87417"
"2019-08-17 17:13","Leader.java","59744","257710","317454"
"2019-06-29 00:33","Leader.java","59744","245697","305441"
"2019-06-03 19:40","Leader.java","59744","243041","302785"
"2014-05-20 23:42","Leader.java","18471","164532","183003"
"2019-07-15 14:15","Leader.java","59744","253129","312873"
"2015-03-17 18:06","Leader.java","18676","176974","195650"
"2019-07-25 21:41","Leader.java","59744","254193","313937"
"2018-05-10 06:00","Leader.java","19441","193632","213073"
"2018-07-12 01:33","Leader.java","20142","195266","215408"
"2009-11-18 20:06","Leader.java","10742","105710","116452"
"2018-02-07 01:05","Leader.java","19411","191468","210879"
"2017-11-28 00:10","Leader.java","19400","190602","210002"
"2019-06-05 00:33","Leader.java","59744","243431","303175"
"2009-02-20 01:23","Leader.java","7849","51837","59686"
"2015-04-10 22:22","Leader.java","18680","178046","196726"
"2011-06-14 07:14","Leader.java","12872","134261","147133"
"2019-08-03 08:42","Leader.java","59744","258418","318162"
"2019-06-05 23:57","Leader.java","59744","243700","303444"
"2012-12-08 00:38","Leader.java","16390","143331","159721"
"2013-10-07 21:08","Leader.java","17098","153488","170586"
"2012-12-31 02:38","Leader.java","16811","145873","162684"
"2017-01-13 19:29","Leader.java","19046","188731","207777"
"2009-01-15 23:57","Leader.java","6907","37269","44176"
"2012-07-05 18:01","Leader.java","16196","138211","154407"
"2019-01-07 14:55","Leader.java","59716","232573","292289"
"2008-10-03 15:06","Leader.java","2072","15075","17147"
"2019-04-12 19:01","Leader.java","59744","239517","299261"
"2018-12-09 03:16","Leader.java","59716","230340","290056"
"2018-08-17 14:40","Leader.java","28929","206349","235278"
"2019-11-29 14:49","Leader.java","60197","264720","324917"
"2013-03-07 07:01","Leader.java","17039","150613","167652"
"2018-11-27 10:02","Leader.java","59716","228016","287732"
"2015-02-06 06:17","Leader.java","18664","175740","194404"
"2012-02-27 03:41","Leader.java","16041","135692","151733"
"2017-02-15 23:04","Leader.java","19142","185871","205013"
"2014-07-18 02:19","Leader.java","18571","170896","189467"
"2012-01-04 01:15","Leader.java","15987","134760","150747"
"2011-12-28 01:26","Leader.java","15987","134607","150594"
"2018-08-29 06:26","Leader.java","40827","218455","259282"
"2018-08-03 18:52","Leader.java","20148","196770","216918"
"2011-04-29 18:12","Leader.java","12859","132633","145492"
"2013-05-14 14:27","Leader.java","17040","150739","167779"
"2012-02-06 09:40","Leader.java","15998","135408","151406"
"2017-09-11 18:55","Leader.java","19418","186763","206181"
"2018-09-18 01:00","Leader.java","45102","225300","270402"
"2011-10-20 20:02","Leader.java","15924","132776","148700"
"2012-01-14 00:28","Leader.java","15987","134858","150845"
"2012-01-06 02:32","Leader.java","15987","134761","150748"
"2012-03-15 17:47","Leader.java","16048","136678","152726"
"2011-04-12 09:14","Leader.java","12832","132271","145103"
"2010-07-23 06:22","Leader.java","11918","134412","146330"
"2011-09-22 07:42","Leader.java","15787","134431","150218"
"2010-08-18 08:24","Leader.java","12218","140612","152830"
"2016-12-20 14:47","Leader.java","19045","187888","206933"
"2009-04-24 20:26","Leader.java","8424","62677","71101"
"2014-07-20 04:50","Leader.java","18583","171429","190012"
"2014-06-10 00:19","Leader.java","18471","165466","183937"
"2016-06-23 23:25","Leader.java","18786","182565","201351"
"2016-06-23 23:45","Leader.java","18786","182673","201459"
"2020-03-25 03:38","Leader.java","60197","270948","331145"
"2014-03-23 04:12","Leader.java","17211","160155","177366"
"2009-10-30 17:19","Leader.java","10372","96467","106839"
"2019-12-27 22:33","Leader.java","60197","266841","327038"
"2009-08-27 20:07","Leader.java","9278","93740","103018"
"2009-08-25 07:45","Leader.java","9278","93737","103015"
"2016-08-13 15:01","Leader.java","18795","183377","202172"
"2013-10-21 23:36","Leader.java","17121","156253","173374"
"2019-10-10 14:37","Leader.java","59744","261463","321207"
"2013-11-07 06:41","Leader.java","17121","156684","173805"
"2014-02-12 17:00","LearnerHandler.java","992","7683","8675"
"2014-03-23 04:12","LearnerHandler.java","1245","8323","9568"
"2019-10-10 14:37","LearnerHandler.java","194018","260122","454140"
"2015-06-05 20:38","LearnerHandler.java","11826","36595","48421"
"2015-06-05 20:51","LearnerHandler.java","11826","36622","48448"
"2015-06-12 23:02","LearnerHandler.java","11841","36735","48576"
"2019-07-03 20:54","LearnerHandler.java","194018","244363","438381"
"2018-09-18 01:00","LearnerHandler.java","111830","156162","267992"
"2018-08-03 18:52","LearnerHandler.java","42993","83749","126742"
"2018-12-09 03:16","LearnerHandler.java","193918","228927","422845"
"2019-04-12 19:01","LearnerHandler.java","194002","238160","432162"
"2017-11-28 00:10","LearnerHandler.java","23769","59105","82874"
"2019-06-29 00:33","LearnerHandler.java","194018","244356","438374"
"2019-07-25 21:41","LearnerHandler.java","194018","252852","446870"
"2019-08-23 19:43","LearnerHandler.java","194018","257035","451053"
"2019-08-17 17:13","LearnerHandler.java","194018","256369","450387"
"2017-06-26 00:16","LearnerHandler.java","22110","53403","75513"
"2017-08-03 20:28","LearnerHandler.java","23140","54081","77221"
"2019-05-06 17:48","LearnerHandler.java","194002","240666","434668"
"2019-08-03 08:42","LearnerHandler.java","194018","257077","451095"
"2019-04-22 19:15","LearnerHandler.java","194002","239135","433137"
"2009-07-17 00:09","RecoveryTest.java","6000","44562","50562"
"2019-08-17 17:13","RecoveryTest.java","103705","257683","361388"
"2009-06-18 18:37","RecoveryTest.java","4172","34643","38815"
"2009-04-17 00:59","RecoveryTest.java","1309","2972","4281"
"2013-12-21 22:05","RecoveryTest.java","22230","127548","149778"
"2019-10-10 14:37","RecoveryTest.java","103705","261436","365141"
"2011-04-12 09:14","RecoveryTest.java","17738","93189","110927"
"2010-03-31 06:26","RecoveryTest.java","13543","78482","92025"
"2010-08-18 08:24","RecoveryTest.java","14144","98550","112694"
"2019-10-10 14:37","LearnerHandlerBean.java","3717","7470","11187"
"2019-10-10 14:37","ZkDatabaseCorruptionTest.java","3717","7470","11187"
"2020-04-01 17:02","ZooKeeperMain.java","200","455","655"
"2019-08-17 17:13","QuorumMXBean.java","29523","44192","73715"
"2019-12-27 22:33","QuorumMXBean.java","37840","61187","99027"
"2019-11-18 09:05","ServerCnxn.java","9013","12157","21170"
"2020-02-26 22:41","ServerCnxn.java","11933","22587","34520"
"2019-11-11 13:59","ServerCnxn.java","3935","11345","15280"
"2020-03-26 18:41","ZooKeeperMain.java","176060","270790","446850"
"2016-10-16 14:21","ZooKeeperMain.java","25706","75162","100868"
"2020-04-01 17:02","ZooKeeperMain.java","176060","271114","447174"
"2013-10-01 23:18","ZooKeeperMain.java","13931","33645","47576"
"2019-10-10 14:37","ZooKeeperMain.java","174962","260657","435619"
"2015-11-22 00:33","ZooKeeperMain.java","23415","69798","93213"
"2020-03-26 22:19","ZooKeeperMain.java","176060","270859","446919"
"2015-11-08 22:54","ZooKeeperMain.java","23357","69447","92804"
"2016-07-27 01:33","ZooKeeperMain.java","25123","73031","98154"
"2014-04-04 00:39","ZooKeeperMain.java","14767","42300","57067"
"2019-11-28 12:24","ZooKeeperMain.java","176060","262908","438968"
"2016-11-13 20:59","ZooKeeperMain.java","25725","77386","103111"
"2019-08-03 08:42","ZooKeeperMain.java","174962","257612","432574"
"2012-03-18 07:03","ZooKeeperMain.java","10302","14614","24916"
"2017-07-28 00:36","ZooKeeperMain.java","29709","80216","109925"
"2016-05-02 18:15","ZooKeeperMain.java","25058","71700","96758"
"2015-03-28 20:08","ZooKeeperMain.java","21906","64918","86824"
"2019-08-17 17:13","ZooKeeperMain.java","174962","256904","431866"
"2013-09-02 23:04","ZooKeeperMain.java","13771","32725","46496"
"2018-08-06 14:11","ZooKeeperMain.java","48429","108882","157311"
"2017-09-11 18:55","QuorumBase.java","35943","131683","167626"
"2012-04-23 01:20","QuorumBase.java","28151","78282","106433"
"2019-07-12 17:01","QuorumBase.java","142084","252813","394897"
"2012-12-11 08:42","QuorumBase.java","28745","84055","112800"
"2019-08-17 17:13","QuorumBase.java","142084","257500","399584"
"2019-08-01 07:31","QuorumBase.java","142084","258171","400255"
"2009-11-18 20:06","QuorumBase.java","3847","16265","20112"
"2018-08-08 06:21","QuorumBase.java","69532","175019","244551"
"2009-11-07 01:48","QuorumBase.java","3193","7993","11186"
"2009-12-15 23:23","QuorumBase.java","4697","17693","22390"
"2009-11-20 23:28","QuorumBase.java","4397","17094","21491"
"2009-09-16 02:09","QuorumBase.java","1372","3787","5159"
"2019-10-10 14:37","QuorumBase.java","142084","261253","403337"
"2010-03-13 01:06","QuorumBase.java","13252","39382","52634"
"2020-03-25 03:38","QuorumBase.java","142723","270924","413647"
"2014-07-18 19:46","QuorumBase.java","31847","112794","144641"
"2010-07-23 06:22","QuorumBase.java","17166","57110","74276"
"2011-05-20 01:17","QuorumBase.java","22905","60613","83518"
"2010-05-05 22:32","QuorumBase.java","16905","43054","59959"
"2010-08-18 08:24","QuorumBase.java","17950","63794","81744"
"2013-10-09 22:21","QuorumBase.java","29871","97035","126906"
"2010-03-31 06:26","QuorumBase.java","14591","40968","55559"
"2014-06-25 19:25","QuorumBase.java","31524","107475","138999"
"2011-04-12 09:14","QuorumBase.java","22852","59741","82593"
"2020-03-19 17:09","Learner.java","2112","3984","6096"
"2020-02-03 04:30","Learner.java","116","483","599"
"2020-03-25 03:38","Learner.java","2233","4901","7134"
"2020-05-03 19:43","Learner.java","3037","6641","9678"
"2019-08-17 17:13","WatcherTest.java","223791","255265","479056"
"2019-09-18 11:20","WatcherTest.java","223791","258177","481968"
"2019-12-27 22:33","FileTxnSnapLog.java","179499","266704","446203"
"2019-10-10 14:37","FileTxnSnapLog.java","178405","260685","439090"
"2019-12-13 08:51","FileTxnSnapLog.java","179499","264741","444240"
"2017-01-07 01:09","FileTxnSnapLog.java","25163","87643","112806"
"2011-07-13 15:48","FileTxnSnapLog.java","1445","7777","9222"
"2014-02-12 17:00","FileTxnSnapLog.java","13802","49357","63159"
"2012-03-06 09:20","FileTxnSnapLog.java","8372","21202","29574"
"2020-01-23 16:46","FileTxnSnapLog.java","179499","267953","447452"
"2020-01-28 17:26","FileTxnSnapLog.java","179499","268424","447923"
"2011-10-20 20:02","FileTxnSnapLog.java","6751","16601","23352"
"2016-09-18 23:21","FileTxnSnapLog.java","24558","82566","107124"
"2017-01-23 02:13","FileTxnSnapLog.java","25192","88076","113268"
"2018-06-08 16:52","FileTxnSnapLog.java","28313","95966","124279"
"2019-09-02 08:23","FileTxnSnapLog.java","178405","257589","435994"
"2011-12-21 21:39","FileTxnSnapLog.java","7782","19329","27111"
"2017-04-28 07:14","FileTxnSnapLog.java","26795","87420","114215"
"2019-07-31 19:06","FileTxnSnapLog.java","178405","256239","434644"
"2018-07-30 06:22","FileTxnSnapLog.java","45237","114545","159782"
"2012-02-06 09:40","FileTxnSnapLog.java","8013","20421","28434"
"2012-07-17 23:25","FileTxnSnapLog.java","10847","26978","37825"
"2020-01-30 09:43","FileTxnSnapLog.java","179499","268500","447999"
"2019-05-14 17:11","FileTxnSnapLog.java","178406","241600","420006"
"2013-06-28 23:22","FileTxnSnapLog.java","13228","41662","54890"
"2014-02-10 21:50","FileTxnSnapLog.java","13776","49219","62995"
"2019-05-21 23:34","FileTxnSnapLog.java","178406","241921","420327"
"2019-05-27 10:54","FileTxnSnapLog.java","178406","242253","420659"
"2017-01-13 19:29","FileTxnSnapLog.java","25173","87856","113029"
"2017-06-26 00:07","FileTxnSnapLog.java","27621","87784","115405"
"2018-02-23 23:49","FileTxnSnapLog.java","28164","93563","121727"
"2017-08-18 06:32","FileTxnSnapLog.java","27724","87889","115613"
"2019-08-17 17:13","FileTxnSnapLog.java","178405","256932","435337"
"2018-02-14 21:23","FileTxnSnapLog.java","28156","93391","121547"
"2020-03-25 03:38","Leader.java","4264","10492","14756"
"2019-12-27 22:33","Leader.java","366","2487","2853"
"2019-05-16 16:25","QuorumPeer.java","23","68","91"
"2019-06-14 09:06","QuorumPeer.java","1216","4460","5676"
"2019-11-29 14:49","QuorumPeer.java","37854","59657","97511"
"2019-06-03 19:40","QuorumPeer.java","330","907","1237"
"2019-07-15 14:15","QuorumPeer.java","5050","15715","20765"
"2019-07-03 00:44","QuorumPeer.java","4019","7278","11297"
"2019-08-17 17:13","QuorumPeer.java","29711","44957","74668"
"2019-06-05 00:33","QuorumPeer.java","621","1588","2209"
"2019-05-20 23:13","QuorumPeer.java","91","209","300"
"2019-06-04 10:55","QuorumPeer.java","554","1284","1838"
"2019-07-12 17:01","QuorumPeer.java","5050","15609","20659"
"2020-01-09 11:27","QuorumPeer.java","38926","62275","101201"
"2019-12-17 13:48","QuorumPeer.java","37901","60276","98177"
"2020-01-23 13:43","QuorumPeer.java","39341","64514","103855"
"2019-10-10 14:37","QuorumPeer.java","32094","51093","83187"
"2020-02-16 10:25","QuorumPeer.java","39473","65359","104832"
"2020-03-19 17:09","Learner.java","223832","269456","493288"
"2020-02-03 04:30","Learner.java","223832","267951","491783"
"2020-01-23 13:43","Learner.java","223832","267394","491226"
"2017-07-04 07:39","Learner.java","6763","9573","16336"
"2020-03-25 03:38","Learner.java","223832","270252","494084"
"2019-11-28 12:24","Learner.java","223830","262371","486201"
"2019-12-27 22:33","Learner.java","223831","266144","489975"
"2020-01-25 18:48","Learner.java","223832","267584","491416"
"2020-05-03 19:43","Learner.java","223832","271188","495020"
"2019-10-10 14:37","Learner.java","222252","259640","481892"
"2019-06-03 19:40","Learner.java","222251","241217","463468"
"2019-07-15 14:15","Learner.java","222252","251306","473558"
"2019-08-23 19:43","Learner.java","222252","256553","478805"
"2016-09-08 22:59","Learner.java","459","707","1166"
"2019-08-17 17:13","Learner.java","222252","255887","478139"
"2017-11-28 00:10","Learner.java","9096","15716","24812"
"2018-05-09 00:54","Learner.java","9838","18586","28424"
"2019-04-09 15:35","Learner.java","222158","236650","458808"
"2019-07-12 17:01","Learner.java","222252","251200","473452"
"2017-07-06 18:48","Learner.java","6774","9856","16630"
"2017-08-18 06:32","Learner.java","8401","10986","19387"
"2019-07-02 07:34","Learner.java","222251","243829","466080"
"2018-10-16 16:22","Learner.java","200674","232706","433380"
"2017-02-12 00:12","Learner.java","5367","7513","12880"
"2018-12-09 03:16","Learner.java","222132","228425","450557"
"2019-11-29 14:49","Learner.java","223830","264022","487852"
"2018-11-27 10:02","Learner.java","222132","226101","448233"
"2018-08-06 14:11","Learner.java","30782","42928","73710"
"2010-05-15 01:32","DistributedQueueTest.java","15032","32269","47301"
"2019-08-27 09:23","DistributedQueueTest.java","151687","257780","409467"
"2019-08-17 17:13","DistributedQueueTest.java","151687","257187","408874"
"2019-09-11 10:27","PrepRequestProcessor.java","26720","27405","54125"
"2019-11-08 17:30","PrepRequestProcessor.java","27965","32908","60873"
"2019-08-17 17:13","PrepRequestProcessor.java","25104","24433","49537"
"2019-12-27 22:33","PrepRequestProcessor.java","33803","41810","75613"
"2019-10-10 14:37","PrepRequestProcessor.java","27791","30873","58664"
"2020-03-25 03:38","PrepRequestProcessor.java","35613","47727","83340"
"2019-08-17 17:13","DataNode.java","226998","255272","482270"
"2019-01-07 14:24","DataNode.java","226879","229983","456862"
"2019-07-31 19:06","DataNode.java","226998","254579","481577"
"2019-12-27 22:33","DataNode.java","228605","265557","494162"
"2019-06-26 10:57","MultiOperationRecordTest.java","174566","244754","419320"
"2019-08-17 17:13","MultiOperationRecordTest.java","174566","256904","431470"
"2019-08-17 17:13","Leader.java","191763","256406","448169"
"2019-06-29 00:33","Leader.java","191763","244393","436156"
"2019-06-03 19:40","Leader.java","191763","241737","433500"
"2014-05-20 23:42","Leader.java","9644","22131","31775"
"2019-07-15 14:15","Leader.java","191763","251825","443588"
"2015-03-17 18:06","Leader.java","12233","36957","49190"
"2019-07-25 21:41","Leader.java","191763","252889","444652"
"2018-05-10 06:00","Leader.java","25122","65739","90861"
"2018-07-12 01:33","Leader.java","33203","74753","107956"
"2018-02-07 01:05","Leader.java","24836","63319","88155"
"2017-11-28 00:10","Leader.java","24430","62058","86488"
"2019-06-05 00:33","Leader.java","191763","242127","433890"
"2015-04-10 22:22","Leader.java","12275","38067","50342"
"2019-08-03 08:42","Leader.java","191763","257114","448877"
"2019-06-05 23:57","Leader.java","191763","242396","434159"
"2013-10-07 21:08","Leader.java","1257","4073","5330"
"2017-01-13 19:29","Leader.java","19272","55383","74655"
"2019-01-07 14:55","Leader.java","191664","231198","422862"
"2019-04-12 19:01","Leader.java","191747","238197","429944"
"2018-12-09 03:16","Leader.java","191663","228964","420627"
"2018-08-17 14:40","Leader.java","85890","129736","215626"
"2019-11-29 14:49","Leader.java","193109","264309","457418"
"2018-11-27 10:02","Leader.java","191663","226640","418303"
"2015-02-06 06:17","Leader.java","12040","35542","47582"
"2017-02-15 23:04","Leader.java","21654","54809","76463"
"2014-07-18 02:19","Leader.java","10951","29702","40653"
"2018-08-29 06:26","Leader.java","106594","150648","257242"
"2018-08-03 18:52","Leader.java","43556","86604","130160"
"2013-05-14 14:27","Leader.java","144","269","413"
"2017-09-11 18:55","Leader.java","24095","57866","81961"
"2018-09-18 01:00","Leader.java","111822","158446","270268"
"2016-12-20 14:47","Leader.java","19249","54518","73767"
"2014-07-20 04:50","Leader.java","11205","30477","41682"
"2014-06-10 00:19","Leader.java","9658","23079","32737"
"2016-06-23 23:25","Leader.java","17475","47680","65155"
"2016-06-23 23:45","Leader.java","17504","47817","65321"
"2020-03-25 03:38","Leader.java","193109","270537","463646"
"2014-03-23 04:12","Leader.java","2219","11589","13808"
"2019-12-27 22:33","Leader.java","193109","266430","459539"
"2016-08-13 15:01","Leader.java","17972","48980","66952"
"2013-10-21 23:36","Leader.java","1540","7098","8638"
"2019-10-10 14:37","Leader.java","191763","260159","451922"
"2013-11-07 06:41","Leader.java","1672","7661","9333"
"2019-11-28 12:24","DataTree.java","204243","262500","466743"
"2019-10-10 14:37","DataTree.java","202805","259909","462714"
"2019-12-27 22:33","DataTree.java","204243","266272","470515"
"2015-06-06 03:48","DataTree.java","4142","20013","24155"
"2019-11-11 13:59","DataTree.java","202833","263594","466427"
"2018-07-10 13:29","DataTree.java","25945","56025","81970"
"2014-04-29 02:23","DataTree.java","64","770","834"
"2018-09-28 23:38","DataTree.java","112060","149966","262026"
"2019-11-08 17:30","DataTree.java","202833","261798","464631"
"2019-01-30 16:28","DataTree.java","202697","233159","435856"
"2019-01-30 17:02","DataTree.java","202697","233703","436400"
"2016-11-24 17:18","DataTree.java","10936","34574","45510"
"2017-09-11 18:55","DataTree.java","16532","39011","55543"
"2017-02-05 07:22","DataTree.java","11320","36397","47717"
"2014-07-18 02:19","DataTree.java","1719","9178","10897"
"2019-02-07 11:26","DataTree.java","202698","234381","437079"
"2018-09-04 11:54","DataTree.java","111746","144568","256314"
"2018-09-05 22:35","DataTree.java","111765","144843","256608"
"2018-12-20 15:17","DataTree.java","202696","229647","432343"
"2019-09-10 09:53","DataTree.java","202805","257205","460010"
"2019-04-12 19:01","DataTree.java","202789","237947","440736"
"2019-07-31 19:06","DataTree.java","202805","255463","458268"
"2019-09-11 10:27","DataTree.java","202805","257512","460317"
"2016-03-23 00:30","DataTree.java","8744","26054","34798"
"2019-08-01 07:31","DataTree.java","202805","256827","459632"
"2019-08-17 17:13","DataTree.java","202805","256156","458961"
"2019-09-10 15:21","DataTree.java","202805","257199","460004"
"2015-06-04 19:51","DataTree.java","4132","19898","24030"
"2016-10-07 21:51","DataTree.java","10147","30964","41111"
"2017-06-18 19:23","DataTree.java","15179","37344","52523"
"2019-04-12 12:29","DataTree.java","202789","237516","440305"
"2019-08-03 08:42","DataTree.java","202805","256864","459669"
"2019-08-09 16:15","DataTree.java","202805","257612","460417"
"2016-11-13 20:59","DataTree.java","10330","33400","43730"
"2019-04-29 16:49","DataTree.java","202789","239977","442766"
"2019-06-26 10:57","MultiResponse.java","183022","244754","427776"
"2019-08-17 17:13","MultiResponse.java","183022","256904","439926"
"2012-12-19 19:16","MultiResponse.java","12314","29692","42006"
"2014-07-08 05:25","FLELostMessageTest.java","35031","87073","122104"
"2011-04-12 09:14","FLELostMessageTest.java","17408","27920","45328"
"2011-09-17 02:13","FLELostMessageTest.java","20558","42411","62969"
"2019-08-17 17:13","FLELostMessageTest.java","167976","257015","424991"
"2017-11-28 00:10","FLELostMessageTest.java","40775","115361","156136"
"2019-07-12 17:01","FLELostMessageTest.java","167976","252328","420304"
"2012-08-03 00:17","FLELostMessageTest.java","26263","52996","79259"
"2013-12-21 22:05","RepeatStartupTest.java","8571","32137","40708"
"2019-08-17 17:13","RepeatStartupTest.java","175348","256659","432007"
"2018-10-16 16:22","QuorumPeerConfig.java","81628","241879","323507"
"2012-04-23 01:20","QuorumPeerConfig.java","21245","106618","127863"
"2009-05-22 21:02","QuorumPeerConfig.java","2225","27428","29653"
"2018-12-09 03:16","QuorumPeerConfig.java","104792","230219","335011"
"2019-04-12 19:01","QuorumPeerConfig.java","104828","239404","344232"
"2018-09-11 15:23","QuorumPeerConfig.java","61141","203721","264862"
"2013-03-07 07:01","QuorumPeerConfig.java","22157","119368","141525"
"2018-12-15 07:34","QuorumPeerConfig.java","104792","230134","334926"
"2019-02-13 13:12","QuorumPeerConfig.java","104799","236514","341313"
"2009-06-05 06:44","QuorumPeerConfig.java","2594","29527","32121"
"2019-08-17 17:13","QuorumPeerConfig.java","104827","257596","362423"
"2015-03-17 18:06","QuorumPeerConfig.java","24297","146232","170529"
"2014-01-21 04:50","QuorumPeerConfig.java","22390","126751","149141"
"2009-11-18 20:06","QuorumPeerConfig.java","7935","57706","65641"
"2012-12-16 07:43","QuorumPeerConfig.java","21643","112460","134103"
"2017-11-28 00:10","QuorumPeerConfig.java","27453","162292","189745"
"2019-06-05 00:29","QuorumPeerConfig.java","104827","243263","348090"
"2014-09-17 07:34","QuorumPeerConfig.java","24187","142669","166856"
"2020-01-09 11:27","QuorumPeerConfig.java","105372","266244","371616"
"2019-07-12 17:01","QuorumPeerConfig.java","104827","252909","357736"
"2016-11-13 20:59","QuorumPeerConfig.java","26266","157839","184105"
"2019-05-15 11:56","QuorumPeerConfig.java","104828","242351","347179"
"2014-08-19 22:50","QuorumPeerConfig.java","24187","141583","165770"
"2018-10-01 06:11","QuorumPeerConfig.java","61276","207690","268966"
"2017-07-28 00:36","QuorumPeerConfig.java","27340","157759","185099"
"2013-09-30 22:20","QuorumPeerConfig.java","22285","121881","144166"
"2017-07-06 18:48","QuorumPeerConfig.java","27322","158623","185945"
"2013-09-26 00:13","QuorumPeerConfig.java","22281","121633","143914"
"2010-03-09 05:44","QuorumPeerConfig.java","12435","75177","87612"
"2020-01-23 13:43","QuorumPeerConfig.java","105372","268068","373440"
"2011-04-06 18:17","QuorumPeerConfig.java","17489","91567","109056"
"2010-03-12 19:26","QuorumPeerConfig.java","12526","75998","88524"
"2014-05-17 13:23","QuorumPeerConfig.java","23780","133036","156816"
"2014-07-04 04:19","QuorumPeerConfig.java","23910","135715","159625"
"2011-09-17 02:42","QuorumPeerConfig.java","18978","101209","120187"
"2016-06-23 19:42","QuorumPeerConfig.java","25935","153076","179011"
"2015-09-06 20:02","QuorumPeerConfig.java","24381","149828","174209"
"2015-09-29 03:56","QuorumPeerConfig.java","24410","150038","174448"
"2019-10-10 14:37","QuorumPeerConfig.java","104827","261349","366176"
"2009-08-11 00:24","QuorumPeerConfig.java","5503","43848","49351"
"2018-07-27 12:32","QuorumPeerConfig.java","34294","174047","208341"
"2019-04-18 19:17","QuorumPeerConfig.java","104828","240114","344942"
"2016-11-03 16:07","QuorumPeerConfig.java","26255","156159","182414"
"2011-04-12 09:14","QuorumPeerConfig.java","17853","92095","109948"
"2014-03-25 22:13","QuorumPeerConfig.java","22517","129334","151851"
"2011-09-02 22:50","QuorumPeerConfig.java","16329","100170","116499"
"2013-10-09 22:21","QuorumPeerConfig.java","22344","124750","147094"
"2014-08-01 07:38","QuorumPeerConfig.java","24161","141022","165183"
"2014-08-14 08:08","QuorumPeerConfig.java","24161","141443","165604"
"2009-04-24 20:26","QuorumPeerConfig.java","1448","10504","11952"
"2020-02-16 10:25","QuorumPeerConfig.java","105372","268781","374153"
"2020-05-14 18:18","QuorumPeerConfig.java","105373","272007","377380"
"2017-05-11 16:59","QuorumPeerConfig.java","27298","157732","185030"
"2019-06-26 10:57","ZooDefs.java","183022","244754","427776"
"2015-06-04 19:51","ZooDefs.java","21570","70562","92132"
"2019-08-17 17:13","ZooDefs.java","183022","256904","439926"
"2016-10-07 21:51","ZooDefs.java","24929","78972","103901"
"2014-01-24 07:18","ZooDefs.java","13818","44485","58303"
"2017-07-28 00:36","ZooDefs.java","28223","83365","111588"
"2019-01-16 14:21","ZooDefs.java","182957","232819","415776"
"2019-01-07 14:24","ZooDefs.java","182956","231668","414624"
"2019-11-08 17:30","ZooDefs.java","183022","262518","445540"
"2011-08-19 00:05","ZooDefs.java","858","7643","8501"
"2019-07-31 19:06","ZooDefs.java","183022","256211","439233"
"2019-02-07 11:26","ZooDefs.java","182958","235172","418130"
"2014-04-29 02:23","ZooDefs.java","19917","53849","73766"
"2019-08-17 17:13","AsyncTest.java","102765","257687","360452"
"2017-09-11 18:55","AsyncTest.java","27201","160071","187272"
"2010-03-31 06:26","AsyncTest.java","13734","79617","93351"
"2011-04-12 09:14","AsyncTest.java","17906","94301","112207"
"2016-08-24 01:36","AsyncTest.java","26118","155993","182111"
"2016-09-09 00:10","LoadFromLogTest.java","24666","81021","105687"
"2012-03-06 09:20","LoadFromLogTest.java","8312","19594","27906"
"2019-10-10 14:37","LoadFromLogTest.java","179931","260663","440594"
"2011-07-28 07:49","LoadFromLogTest.java","1441","8671","10112"
"2014-02-10 21:50","LoadFromLogTest.java","13749","47644","61393"
"2019-08-17 17:13","LoadFromLogTest.java","179931","256910","436841"
"2019-06-07 14:13","LoadFromLogTest.java","179931","243014","422945"
"2017-12-06 23:14","LoadFromLogTest.java","28215","90798","119013"
"2011-12-21 21:39","LoadFromLogTest.java","7711","17710","25421"
"2013-06-28 23:22","LoadFromLogTest.java","13183","40069","53252"
"2020-03-22 14:47","ZKUtil.java","10029","14639","24668"
"2019-07-02 07:34","Follower.java","180329","244849","425178"
"2018-12-09 03:16","Follower.java","180263","229498","409761"
"2019-04-12 19:01","Follower.java","180330","238714","419044"
"2013-03-07 07:01","Follower.java","12918","37540","50458"
"2015-02-06 06:17","Follower.java","21004","69128","90132"
"2018-09-18 01:00","Follower.java","107511","178757","286268"
"2019-08-17 17:13","Follower.java","180329","256906","437235"
"2019-06-29 00:33","Follower.java","180329","244893","425222"
"2019-08-06 17:11","Follower.java","180329","258007","438336"
"2019-07-15 14:15","Follower.java","180329","252325","432654"
"2019-08-23 19:43","Follower.java","180329","257572","437901"
"2017-11-28 00:10","Follower.java","28160","90410","118570"
"2019-06-05 00:33","Follower.java","180329","242627","422956"
"2019-05-03 00:44","Follower.java","180330","240904","421234"
"2015-06-05 21:15","Follower.java","21390","73104","94494"
"2019-12-27 22:33","Follower.java","181427","266682","448109"
"2016-08-13 15:01","Follower.java","24488","80118","104606"
"2019-10-10 14:37","Follower.java","180329","260659","440988"
"2016-12-20 14:47","Follower.java","25289","85180","110469"
"2014-07-22 06:51","Follower.java","20724","64644","85368"
"2019-08-17 17:13","Leader.java","36426","66092","102518"
"2019-06-29 00:33","Leader.java","12813","30466","43279"
"2019-06-03 19:40","Leader.java","9619","24616","34235"
"2019-07-15 14:15","Leader.java","13928","39013","52941"
"2019-07-25 21:41","Leader.java","14787","40936","55723"
"2019-06-05 00:33","Leader.java","9797","25184","34981"
"2019-08-03 08:42","Leader.java","15947","46321","62268"
"2019-06-05 23:57","Leader.java","9796","25452","35248"
"2019-01-07 14:55","Leader.java","7771","12328","20099"
"2019-04-12 19:01","Leader.java","8992","20465","29457"
"2018-12-09 03:16","Leader.java","507","2831","3338"
"2019-11-29 14:49","Leader.java","43821","80044","123865"
"2020-03-25 03:38","Leader.java","45288","87739","133027"
"2019-12-27 22:33","Leader.java","43921","82265","126186"
"2019-10-10 14:37","Leader.java","38403","71822","110225"
"2019-09-11 10:27","PrepRequestProcessor.java","28283","41789","70072"
"2019-11-08 17:30","PrepRequestProcessor.java","29507","47271","76778"
"2019-08-01 07:31","PrepRequestProcessor.java","3221","16042","19263"
"2019-08-17 17:13","PrepRequestProcessor.java","26898","39048","65946"
"2019-12-27 22:33","PrepRequestProcessor.java","35268","56096","91364"
"2019-10-10 14:37","PrepRequestProcessor.java","29333","45236","74569"
"2020-03-25 03:38","PrepRequestProcessor.java","36939","61874","98813"
"2011-10-25 08:09","CreateModeTest.java","22531","42821","65352"
"2019-08-17 17:13","CreateModeTest.java","167976","257015","424991"
"2015-06-04 19:51","CreateModeTest.java","35689","99705","135394"
"2019-08-17 17:13","ACLRootTest.java","133846","257500","391346"
"2019-08-17 17:13","CreateContainerTest.java","218393","255978","474371"
"2018-05-09 23:57","CreateContainerTest.java","15133","28407","43540"
"2019-12-28 16:17","CreateContainerTest.java","219938","266108","486046"
"2019-11-25 15:37","CreateContainerTest.java","219937","262330","482267"
"2018-09-15 00:08","ZooKeeperServer.java","84455","199571","284026"
"2019-04-12 19:01","ZooKeeperServer.java","132922","239307","372229"
"2019-07-31 19:06","ZooKeeperServer.java","132922","256807","389729"
"2019-09-11 10:27","ZooKeeperServer.java","132922","258856","391778"
"2019-01-14 19:38","ZooKeeperServer.java","132878","232748","365626"
"2019-01-07 15:34","ZooKeeperServer.java","132878","232349","365227"
"2018-11-21 17:56","ZooKeeperServer.java","132878","225546","358424"
"2012-01-31 07:45","ZooKeeperServer.java","25803","80385","106188"
"2017-04-28 07:14","ZooKeeperServer.java","33047","136245","169292"
"2011-08-19 00:05","ZooKeeperServer.java","21178","75174","96352"
"2017-02-12 00:12","ZooKeeperServer.java","33025","135324","168349"
"2014-07-18 02:19","ZooKeeperServer.java","29666","117562","147228"
"2013-12-11 19:22","ZooKeeperServer.java","27754","103488","131242"
"2019-02-13 13:12","ZooKeeperServer.java","132887","236411","369298"
"2012-02-11 00:34","ZooKeeperServer.java","26019","81186","107205"
"2016-11-24 17:18","ZooKeeperServer.java","32241","136316","168557"
"2018-07-19 05:59","ZooKeeperServer.java","45270","156453","201723"
"2018-09-18 01:00","ZooKeeperServer.java","84497","200266","284763"
"2019-03-04 08:07","ZooKeeperServer.java","132886","236987","369873"
"2019-07-08 23:26","ZooKeeperServer.java","132922","246276","379198"
"2019-01-23 14:00","ZooKeeperServer.java","132878","234183","367061"
"2019-02-13 13:19","ZooKeeperServer.java","132887","236697","369584"
"2019-05-14 17:11","ZooKeeperServer.java","132922","242167","375089"
"2013-01-25 02:17","ZooKeeperServer.java","27035","91781","118816"
"2015-07-10 08:19","ZooKeeperServer.java","30056","126939","156995"
"2019-06-04 10:55","ZooKeeperServer.java","132922","242984","375906"
"2011-06-14 07:14","ZooKeeperServer.java","22640","70641","93281"
"2019-04-09 15:35","ZooKeeperServer.java","132886","238321","371207"
"2019-08-03 08:42","ZooKeeperServer.java","132922","258208","391130"
"2019-05-15 11:56","ZooKeeperServer.java","132922","242254","375176"
"2019-05-22 11:39","ZooKeeperServer.java","132922","242700","375622"
"2019-04-22 19:15","ZooKeeperServer.java","132922","240282","373204"
"2018-02-23 23:49","ZooKeeperServer.java","33656","141628","175284"
"2016-11-16 06:21","ZooKeeperServer.java","32057","136111","168168"
"2012-12-19 19:07","ZooKeeperServer.java","26981","90689","117670"
"2017-08-18 06:32","ZooKeeperServer.java","33473","136211","169684"
"2017-06-26 00:16","ZooKeeperServer.java","33413","136143","169556"
"2019-09-10 04:26","ZooKeeperServer.java","132922","258545","391467"
"2019-08-17 17:13","ZooKeeperServer.java","132922","257500","390422"
"2019-09-05 23:12","ZooKeeperServer.java","132922","258419","391341"
"2019-09-10 15:21","ZooKeeperServer.java","132922","258543","391465"
"2019-08-01 07:31","ZooKeeperServer.java","132922","258171","391093"
"2019-08-01 07:28","ZooKeeperServer.java","132922","257681","390603"
"2019-06-03 19:40","ZooKeeperServer.java","132922","242831","375753"
"2015-03-17 18:06","ZooKeeperServer.java","29893","123762","153655"
"2019-11-23 17:08","ZooKeeperServer.java","133561","262840","396401"
"2019-10-09 16:49","ZooKeeperServer.java","132922","261086","394008"
"2019-07-03 00:44","ZooKeeperServer.java","132922","245513","378435"
"2018-01-19 01:12","ZooKeeperServer.java","33619","140549","174168"
"2019-07-24 18:00","ZooKeeperServer.java","132922","253955","386877"
"2013-05-16 18:49","ZooKeeperServer.java","27371","96667","124038"
"2018-08-08 06:21","ZooKeeperServer.java","66085","178748","244833"
"2018-05-09 23:57","ZooKeeperServer.java","33709","143186","176895"
"2009-11-07 01:48","ZooKeeperServer.java","6114","20076","26190"
"2009-12-18 03:19","ZooKeeperServer.java","7516","29948","37464"
"2010-01-26 01:17","ZooKeeperServer.java","7846","33728","41574"
"2019-12-27 22:33","ZooKeeperServer.java","133561","266817","400378"
"2016-08-13 15:01","ZooKeeperServer.java","31909","132062","163971"
"2018-09-11 00:17","ZooKeeperServer.java","84451","198018","282469"
"2019-11-18 09:05","ZooKeeperServer.java","133561","261283","394844"
"2019-10-10 14:37","ZooKeeperServer.java","132922","261253","394175"
"2019-09-16 23:26","ZooKeeperServer.java","132922","260519","393441"
"2013-10-08 01:35","ZooKeeperServer.java","27638","99738","127376"
"2017-06-23 18:39","ZooKeeperServer.java","33375","136125","169500"
"2009-08-07 01:23","ZooKeeperServer.java","3574","13567","17141"
"2011-12-28 07:07","ZooKeeperServer.java","25787","80030","105817"
"2019-12-03 10:01","ZooKeeperServer.java","133561","264742","398303"
"2020-03-25 03:38","ZooKeeperServer.java","133561","270924","404485"
"2010-03-12 19:26","ZooKeeperServer.java","13899","49180","63079"
"2019-11-28 12:24","ZooKeeperServer.java","133561","263045","396606"
"2019-11-06 15:21","ZooKeeperServer.java","132922","261469","394391"
"2011-05-20 01:17","ZooKeeperServer.java","22578","69448","92026"
"2010-07-29 23:10","ZooKeeperServer.java","17399","67215","84614"
"2011-09-17 02:36","ZooKeeperServer.java","23882","77894","101776"
"2020-04-12 11:14","ZooKeeperServer.java","133561","271677","405238"
"2011-09-14 08:56","ZooKeeperServer.java","21322","77894","99216"
"2011-08-21 02:53","ZooKeeperServer.java","21179","75203","96382"
"2010-08-18 08:24","ZooKeeperServer.java","18131","73137","91268"
"2013-10-09 22:21","ZooKeeperServer.java","27721","102061","129782"
"2015-03-08 23:07","ZooKeeperServer.java","29882","122703","152585"
"2018-06-08 16:52","ZooKeeperServer.java","33711","143937","177648"
"2018-06-15 07:41","ZooKeeperServer.java","33728","143957","177685"
"2018-07-28 04:37","ZooKeeperServer.java","45294","157053","202347"
"2019-04-18 19:17","ZooKeeperServer.java","132922","240017","372939"
"2012-03-15 17:47","ZooKeeperServer.java","26037","82238","108275"
"2014-03-25 22:13","ZooKeeperServer.java","27933","106684","134617"
"2011-04-12 09:14","ZooKeeperServer.java","22531","68582","91113"
"2018-12-06 10:56","FastLeaderElection.java","210665","226564","437229"
"2019-10-10 14:37","FastLeaderElection.java","210776","259900","470676"
"2019-09-30 23:22","FastLeaderElection.java","210776","259527","470303"
"2020-04-07 09:07","FastLeaderElection.java","212221","270966","483187"
"2019-01-18 03:42","FastLeaderElection.java","210667","232063","442730"
"2017-09-11 18:55","FastLeaderElection.java","15717","30216","45933"
"2018-08-29 06:26","FastLeaderElection.java","106940","131722","238662"
"2015-02-06 06:17","FastLeaderElection.java","1169","5399","6568"
"2018-04-30 06:34","FastLeaderElection.java","16853","37334","54187"
"2019-08-17 17:13","FastLeaderElection.java","210776","256147","466923"
"2019-08-02 20:08","FastLeaderElection.java","210776","256928","467704"
"2017-01-13 19:29","FastLeaderElection.java","9707","26546","36253"
"2019-08-03 08:42","FastLeaderElection.java","210776","256855","467631"
"2014-07-18 02:19","SessionTracker.java","9599","23155","32754"
"2018-09-18 01:00","SessionTracker.java","111813","153242","265055"
"2019-09-05 23:12","SessionTracker.java","196919","257286","454205"
"2019-08-17 17:13","SessionTracker.java","196919","256367","453286"
"2018-08-08 06:21","SessionTracker.java","85317","123640","208957"
"2019-08-17 17:13","CreateTTLTest.java","223914","255250","479164"
"2018-05-09 23:57","CreateTTLTest.java","3652","10677","14329"
"2019-12-28 16:17","CreateTTLTest.java","225540","265461","491001"
"2014-06-25 15:04","FastLeaderElection.java","24214","125879","150093"
"2018-12-06 10:56","FastLeaderElection.java","113802","228043","341845"
"2014-07-08 05:25","FastLeaderElection.java","24349","127650","151999"
"2014-07-18 20:48","FastLeaderElection.java","24422","131849","156271"
"2010-03-13 01:06","FastLeaderElection.java","12553","66980","79533"
"2014-03-23 04:12","FastLeaderElection.java","22820","120407","143227"
"2019-10-10 14:37","FastLeaderElection.java","113845","261311","375156"
"2013-10-21 23:36","FastLeaderElection.java","22646","116421","139067"
"2009-08-04 19:59","FastLeaderElection.java","4881","33699","38580"
"2009-08-11 23:09","FastLeaderElection.java","5062","34986","40048"
"2009-12-15 23:23","FastLeaderElection.java","7897","49190","57087"
"2019-09-30 23:22","FastLeaderElection.java","113845","260938","374783"
"2011-04-12 09:14","FastLeaderElection.java","17973","83159","101132"
"2014-07-20 04:50","FastLeaderElection.java","24440","131929","156369"
"2010-07-05 21:50","FastLeaderElection.java","13716","79244","92960"
"2020-04-07 09:07","FastLeaderElection.java","114426","271513","385939"
"2012-03-20 01:33","FastLeaderElection.java","21359","96863","118222"
"2019-01-18 03:42","FastLeaderElection.java","113802","233540","347342"
"2012-02-06 09:40","FastLeaderElection.java","21019","95072","116091"
"2017-09-11 18:55","FastLeaderElection.java","27924","149912","177836"
"2013-03-07 07:01","FastLeaderElection.java","22438","110655","133093"
"2018-08-29 06:26","FastLeaderElection.java","62159","194430","256589"
"2011-04-29 18:12","FastLeaderElection.java","17992","83513","101505"
"2015-02-06 06:17","FastLeaderElection.java","24597","136316","160913"
"2018-04-30 06:34","FastLeaderElection.java","28098","156068","184166"
"2009-06-30 22:47","FastLeaderElection.java","4527","32607","37134"
"2019-08-17 17:13","FastLeaderElection.java","113845","257558","371403"
"2019-08-02 20:08","FastLeaderElection.java","113845","258339","372184"
"2012-08-03 00:17","FastLeaderElection.java","21531","99523","121054"
"2017-01-13 19:29","FastLeaderElection.java","26809","151137","177946"
"2011-06-14 07:14","FastLeaderElection.java","18058","85194","103252"
"2019-08-03 08:42","FastLeaderElection.java","113845","258266","372111"
"2019-09-20 10:06","TxnLogToolkit.java","156119","178082","334201"
"2019-12-27 22:33","TxnLogToolkit.java","158324","186102","344426"
"2019-11-28 12:24","TxnLogToolkit.java","158311","182317","340628"
"2019-04-12 19:08","TxnLogToolkit.java","153182","154110","307292"
"2019-07-09 13:34","TxnLogToolkit.java","154462","162464","316926"
"2019-08-17 17:13","TxnLogToolkit.java","155133","174233","329366"
"2018-09-15 00:03","TxnLogToolkit.java","8","347","355"
"2019-11-28 12:24","DataTree.java","204949","262500","467449"
"2019-10-10 14:37","DataTree.java","203510","259908","463418"
"2019-12-27 22:33","DataTree.java","204949","266272","471221"
"2015-06-06 03:48","DataTree.java","4100","19265","23365"
"2019-11-11 13:59","DataTree.java","203538","263593","467131"
"2018-07-10 13:29","DataTree.java","25922","55296","81218"
"2018-09-28 23:38","DataTree.java","112082","149282","261364"
"2019-11-08 17:30","DataTree.java","203538","261797","465335"
"2019-01-30 16:28","DataTree.java","203402","233158","436560"
"2019-01-30 17:02","DataTree.java","203402","233702","437104"
"2016-11-24 17:18","DataTree.java","10894","33826","44720"
"2017-09-11 18:55","DataTree.java","16509","38282","54791"
"2017-02-05 07:22","DataTree.java","11278","35649","46927"
"2014-07-18 02:19","DataTree.java","1655","8408","10063"
"2019-02-07 11:26","DataTree.java","203403","234380","437783"
"2018-09-04 11:54","DataTree.java","111743","143859","255602"
"2018-09-05 22:35","DataTree.java","111762","144134","255896"
"2018-12-20 15:17","DataTree.java","203401","229646","433047"
"2019-09-10 09:53","DataTree.java","203510","257204","460714"
"2019-04-12 19:01","DataTree.java","203494","237946","441440"
"2019-07-31 19:06","DataTree.java","203510","255462","458972"
"2019-09-11 10:27","DataTree.java","203510","257511","461021"
"2016-03-23 00:30","DataTree.java","8702","25306","34008"
"2019-08-01 07:31","DataTree.java","203510","256826","460336"
"2019-08-17 17:13","DataTree.java","203510","256155","459665"
"2019-09-10 15:21","DataTree.java","203510","257198","460708"
"2015-06-04 19:51","DataTree.java","4090","19150","23240"
"2016-10-07 21:51","DataTree.java","10105","30216","40321"
"2017-06-18 19:23","DataTree.java","15154","36613","51767"
"2019-04-12 12:29","DataTree.java","203494","237515","441009"
"2019-08-03 08:42","DataTree.java","203510","256863","460373"
"2019-08-09 16:15","DataTree.java","203510","257611","461121"
"2016-11-13 20:59","DataTree.java","10288","32652","42940"
"2019-04-29 16:49","DataTree.java","203494","239976","443470"
"2020-01-23 13:43","QuorumPeerConfig.java","677","2501","3178"
"2020-02-16 10:25","QuorumPeerConfig.java","2463","5000","7463"
"2020-05-14 18:18","QuorumPeerConfig.java","6724","12486","19210"
"2019-11-08 17:30","WatchManager.java","3908","9522","13430"
"2019-06-26 10:57","PrepRequestProcessorTest.java","210259","244001","454260"
"2019-09-05 23:12","PrepRequestProcessorTest.java","210259","257070","467329"
"2019-08-17 17:13","PrepRequestProcessorTest.java","210259","256151","466410"
"2018-08-08 06:21","PrepRequestProcessorTest.java","83371","108138","191509"
"2014-10-28 05:35","PrepRequestProcessorTest.java","1054","3866","4920"
"2019-09-11 10:27","PrepRequestProcessorTest.java","210259","257507","467766"
"2018-09-18 01:00","PrepRequestProcessorTest.java","112356","140229","252585"
"2015-06-11 20:09","PrepRequestProcessorTest.java","2616","11049","13665"
"2019-12-27 22:33","PrepRequestProcessorTest.java","211699","266269","477968"
"2019-08-17 17:13","QuorumPeerConfig.java","25849","30536","56385"
"2020-01-09 11:27","QuorumPeerConfig.java","35179","47969","83148"
"2020-01-23 13:43","QuorumPeerConfig.java","35615","50229","85844"
"2019-10-10 14:37","QuorumPeerConfig.java","28300","36740","65040"
"2020-02-16 10:25","QuorumPeerConfig.java","35754","51081","86835"
"2020-05-14 18:18","QuorumPeerConfig.java","39517","58069","97586"
"2019-07-31 19:06","ClientBase.java","4240","16214","20454"
"2019-08-17 17:13","ClientBase.java","27549","40216","67765"
"2019-11-14 16:44","ClientBase.java","30247","50941","81188"
"2019-10-10 14:37","ClientBase.java","29967","46387","76354"
"2019-08-17 17:13","Command.java","29523","44192","73715"
"2016-11-13 20:59","TestableZooKeeper.java","22043","167883","189926"
"2019-08-17 17:13","TestableZooKeeper.java","89596","257706","347302"
"2010-11-10 23:36","TestableZooKeeper.java","13681","143262","156943"
"2019-03-06 03:32","TestableZooKeeper.java","89575","237470","327045"
"2013-01-25 02:17","TestableZooKeeper.java","18125","125204","143329"
"2012-03-15 18:01","TestableZooKeeper.java","17349","116013","133362"
"2018-04-25 01:41","TestableZooKeeper.java","23025","174063","197088"
"2014-03-26 22:13","TestableZooKeeper.java","18659","139758","158417"
"2020-05-17 15:13","TestableZooKeeper.java","90053","272108","362161"
"2010-01-05 18:32","TestableZooKeeper.java","11688","77827","89515"
"2016-09-09 00:10","LoadFromLogTest.java","25711","74836","100547"
"2012-03-06 09:20","LoadFromLogTest.java","8328","12380","20708"
"2019-10-10 14:37","LoadFromLogTest.java","174467","260657","435124"
"2014-02-10 21:50","LoadFromLogTest.java","14483","41148","55631"
"2019-08-17 17:13","LoadFromLogTest.java","174467","256904","431371"
"2019-06-07 14:13","LoadFromLogTest.java","174467","243008","417475"
"2017-12-06 23:14","LoadFromLogTest.java","30144","85497","115641"
"2011-12-21 21:39","LoadFromLogTest.java","7598","10367","17965"
"2013-06-28 23:22","LoadFromLogTest.java","13861","33517","47378"
"2019-11-08 17:30","FinalRequestProcessor.java","231647","260510","492157"
"2019-07-08 23:26","FinalRequestProcessor.java","231597","243622","475219"
"2019-01-16 23:23","FinalRequestProcessor.java","231451","230680","462131"
"2018-09-18 01:00","FinalRequestProcessor.java","90057","95287","185344"
"2019-04-12 19:01","FinalRequestProcessor.java","231561","236617","468178"
"2019-02-07 11:26","FinalRequestProcessor.java","231458","233039","464497"
"2019-01-14 19:38","FinalRequestProcessor.java","231449","229990","461439"
"2019-01-09 17:22","FinalRequestProcessor.java","231458","232679","464137"
"2019-09-10 04:26","FinalRequestProcessor.java","231599","255893","487492"
"2019-08-17 17:13","FinalRequestProcessor.java","231598","254847","486445"
"2019-06-26 10:57","FinalRequestProcessor.java","231597","242696","474293"
"2019-08-01 07:28","FinalRequestProcessor.java","231598","255028","486626"
"2019-07-03 00:44","FinalRequestProcessor.java","231597","242859","474456"
"2019-08-06 17:11","FinalRequestProcessor.java","231598","255948","487546"
"2020-03-25 03:38","FinalRequestProcessor.java","233537","269571","503108"
"2019-09-16 23:26","FinalRequestProcessor.java","231599","257867","489466"
"2019-10-10 14:37","FinalRequestProcessor.java","231599","258601","490200"
"2019-11-21 05:58","FinalRequestProcessor.java","233535","259951","493486"
"2019-11-18 09:05","FinalRequestProcessor.java","233535","259928","493463"
"2019-11-11 13:59","FinalRequestProcessor.java","231647","262306","493953"
"2020-03-26 22:12","FinalRequestProcessor.java","233537","269573","503110"
"2019-12-28 16:17","CreateContainerTest.java","10230","18815","29045"
"2019-11-25 15:37","CreateContainerTest.java","9275","14083","23358"
"2019-08-17 17:13","ListQuotaCommand.java","30087","52428","82515"
"2019-08-17 17:13","Metric.java","156211","174230","330441"
"2019-01-30 16:43","Metric.java","153976","149688","303664"
"2019-08-17 17:13","PrepRequestProcessorMetricsTest.java","29685","44894","74579"
"2019-08-01 07:31","PrepRequestProcessorMetricsTest.java","6909","22789","29698"
"2019-12-27 22:33","PrepRequestProcessorMetricsTest.java","37978","61865","99843"
"2019-11-08 17:30","Watcher.java","3908","9522","13430"
"2019-06-14 09:06","QuorumPeer.java","598","2875","3473"
"2019-11-29 14:49","QuorumPeer.java","37503","58339","95842"
"2019-07-15 14:15","QuorumPeer.java","4440","14138","18578"
"2019-07-03 00:44","QuorumPeer.java","3406","5698","9104"
"2019-08-17 17:13","QuorumPeer.java","29327","43606","72933"
"2019-07-12 17:01","QuorumPeer.java","4440","14032","18472"
"2020-01-09 11:27","QuorumPeer.java","38577","60959","99536"
"2019-12-17 13:48","QuorumPeer.java","37550","58958","96508"
"2020-01-23 13:43","QuorumPeer.java","38993","63199","102192"
"2019-10-10 14:37","QuorumPeer.java","31734","49766","81500"
"2020-02-16 10:25","QuorumPeer.java","39125","64044","103169"
"2019-11-08 17:30","FinalRequestProcessor.java","90121","263320","353441"
"2019-07-08 23:26","FinalRequestProcessor.java","90121","246482","336603"
"2019-01-16 23:23","FinalRequestProcessor.java","90094","233659","323753"
"2018-09-18 01:00","FinalRequestProcessor.java","52880","210693","263573"
"2019-04-12 19:01","FinalRequestProcessor.java","90122","239514","329636"
"2019-02-07 11:26","FinalRequestProcessor.java","90094","236011","326105"
"2019-01-14 19:38","FinalRequestProcessor.java","90094","232971","323065"
"2013-03-07 07:01","FinalRequestProcessor.java","15099","126288","141387"
"2019-01-09 17:22","FinalRequestProcessor.java","90094","235651","325745"
"2011-07-01 00:53","FinalRequestProcessor.java","11421","105124","116545"
"2015-06-04 19:51","FinalRequestProcessor.java","17158","155405","172563"
"2009-06-26 22:29","FinalRequestProcessor.java","5276","56917","62193"
"2019-09-10 04:26","FinalRequestProcessor.java","90121","258751","348872"
"2019-08-17 17:13","FinalRequestProcessor.java","90121","257706","347827"
"2016-10-07 21:51","FinalRequestProcessor.java","18960","162258","181218"
"2014-01-24 07:18","FinalRequestProcessor.java","15323","135245","150568"
"2019-06-26 10:57","FinalRequestProcessor.java","90121","245556","335677"
"2019-08-01 07:28","FinalRequestProcessor.java","90121","257887","348008"
"2019-07-03 00:44","FinalRequestProcessor.java","90121","245719","335840"
"2016-03-23 00:30","FinalRequestProcessor.java","18654","158445","177099"
"2019-08-06 17:11","FinalRequestProcessor.java","90121","258807","348928"
"2015-03-17 18:06","FinalRequestProcessor.java","17096","153009","170105"
"2018-07-10 12:46","FinalRequestProcessor.java","26278","178861","205139"
"2010-01-25 04:28","FinalRequestProcessor.java","8351","76831","85182"
"2020-03-25 03:38","FinalRequestProcessor.java","90577","270947","361524"
"2019-09-16 23:26","FinalRequestProcessor.java","90121","260725","350846"
"2019-10-10 14:37","FinalRequestProcessor.java","90121","261459","351580"
"2009-11-07 01:48","FinalRequestProcessor.java","7406","64375","71781"
"2009-10-31 00:09","FinalRequestProcessor.java","7159","63723","70882"
"2010-01-26 01:17","FinalRequestProcessor.java","8395","77284","85679"
"2009-11-12 20:53","FinalRequestProcessor.java","7512","65068","72580"
"2019-11-21 05:58","FinalRequestProcessor.java","90577","261329","351906"
"2019-11-18 09:05","FinalRequestProcessor.java","90577","261306","351883"
"2012-12-19 19:16","FinalRequestProcessor.java","14813","121446","136259"
"2011-10-20 20:02","FinalRequestProcessor.java","13578","108045","121623"
"2011-04-12 09:14","FinalRequestProcessor.java","10870","99928","110798"
"2011-10-28 18:59","FinalRequestProcessor.java","13637","108355","121992"
"2019-11-11 13:59","FinalRequestProcessor.java","90121","265116","355237"
"2020-03-26 22:12","FinalRequestProcessor.java","90577","270949","361526"
"2014-04-17 08:47","FinalRequestProcessor.java","16693","139174","155867"
"2014-04-29 02:23","FinalRequestProcessor.java","16695","139882","156577"
"2010-03-19 07:46","FinalRequestProcessor.java","8826","87453","96279"
"2010-08-18 08:24","FinalRequestProcessor.java","9957","107970","117927"
"2013-10-09 22:21","FinalRequestProcessor.java","15279","131663","146942"
"2011-09-14 08:56","FinalRequestProcessor.java","9527","108143","117670"
"2019-08-17 17:13","ZKTrustManagerTest.java","109882","111485","221367"
"2011-07-01 00:53","PrepRequestProcessor.java","22093","53622","75715"
"2015-02-06 06:17","PrepRequestProcessor.java","31267","106883","138150"
"2012-02-06 10:39","PrepRequestProcessor.java","25387","63344","88731"
"2013-03-07 07:01","PrepRequestProcessor.java","28435","80549","108984"
"2019-02-07 11:26","PrepRequestProcessor.java","151727","235470","387197"
"2019-09-11 10:27","PrepRequestProcessor.java","151776","258543","410319"
"2018-07-19 05:59","PrepRequestProcessor.java","52111","146263","198374"
"2017-09-11 18:55","PrepRequestProcessor.java","35530","121415","156945"
"2019-01-16 14:21","PrepRequestProcessor.java","151726","233117","384843"
"2017-06-01 05:45","PrepRequestProcessor.java","35325","120746","156071"
"2012-04-14 02:32","PrepRequestProcessor.java","26660","66181","92841"
"2019-11-08 17:30","PrepRequestProcessor.java","151776","262801","414577"
"2016-11-13 20:59","PrepRequestProcessor.java","33706","120182","153888"
"2019-04-09 15:35","PrepRequestProcessor.java","151739","238007","389746"
"2019-04-17 14:16","PrepRequestProcessor.java","151776","239259","391035"
"2014-10-28 05:35","PrepRequestProcessor.java","31196","104873","136069"
"2019-05-10 12:22","PrepRequestProcessor.java","151776","241694","393470"
"2017-06-26 00:16","PrepRequestProcessor.java","35367","121066","156433"
"2019-02-07 11:22","PrepRequestProcessor.java","151727","235132","386859"
"2016-11-16 06:21","PrepRequestProcessor.java","33720","120743","154463"
"2019-08-01 07:31","PrepRequestProcessor.java","151776","257858","409634"
"2019-06-26 10:57","PrepRequestProcessor.java","151776","245037","396813"
"2014-01-24 07:18","PrepRequestProcessor.java","29048","89895","118943"
"2015-05-29 19:45","PrepRequestProcessor.java","31440","109847","141287"
"2016-10-07 21:51","PrepRequestProcessor.java","33691","117914","151605"
"2015-06-04 19:51","PrepRequestProcessor.java","31499","110671","142170"
"2019-08-17 17:13","PrepRequestProcessor.java","151776","257187","408963"
"2018-08-08 06:21","PrepRequestProcessor.java","74417","170049","244466"
"2018-05-09 23:57","PrepRequestProcessor.java","35795","128241","164036"
"2015-06-11 20:09","PrepRequestProcessor.java","31509","110807","142316"
"2019-12-27 22:33","PrepRequestProcessor.java","152715","266804","419519"
"2009-12-18 03:19","PrepRequestProcessor.java","1744","5009","6753"
"2009-12-11 21:24","PrepRequestProcessor.java","867","3679","4546"
"2014-04-01 01:47","PrepRequestProcessor.java","29323","91433","120756"
"2019-10-10 14:37","PrepRequestProcessor.java","151776","260940","412716"
"2020-03-25 03:38","PrepRequestProcessor.java","152715","270911","423626"
"2010-01-25 04:28","PrepRequestProcessor.java","2255","8561","10816"
"2011-08-15 02:35","PrepRequestProcessor.java","20164","54918","75082"
"2014-07-25 01:31","PrepRequestProcessor.java","31140","102741","133881"
"2013-10-09 22:21","PrepRequestProcessor.java","28944","86253","115197"
"2010-08-18 08:24","PrepRequestProcessor.java","16021","51860","67881"
"2011-09-17 02:36","PrepRequestProcessor.java","23060","60041","83101"
"2014-04-29 02:23","PrepRequestProcessor.java","30456","94568","125024"
"2015-03-08 23:07","PrepRequestProcessor.java","31296","107086","138382"
"2014-07-22 06:51","PrepRequestProcessor.java","31094","102506","133600"
"2012-03-15 17:47","PrepRequestProcessor.java","25418","64588","90006"
"2011-04-12 09:14","PrepRequestProcessor.java","21169","48053","69222"
"2011-11-01 15:41","PrepRequestProcessor.java","24879","60652","85531"
"2011-10-28 00:58","PrepRequestProcessor.java","24824","60435","85259"
"2011-10-20 20:02","PrepRequestProcessor.java","24677","60069","84746"
"2011-10-17 16:59","PrepRequestProcessor.java","23125","59925","83050"
"2018-06-15 07:41","PrepRequestProcessor.java","35814","129012","164826"
"2012-12-19 19:16","PrepRequestProcessor.java","28073","75631","103704"
"2011-11-14 20:18","PrepRequestProcessor.java","24868","61276","86144"
"2015-10-18 19:00","QuorumPeer.java","24218","151263","175481"
"2018-12-20 15:13","QuorumPeer.java","103542","231230","334772"
"2019-05-16 16:25","QuorumPeer.java","103570","242487","346057"
"2018-10-16 16:22","QuorumPeer.java","80382","241982","322364"
"2019-06-14 09:06","QuorumPeer.java","103569","245685","349254"
"2010-03-16 23:25","QuorumPeer.java","12707","77573","90280"
"2018-12-07 12:41","QuorumPeer.java","103542","228244","331786"
"2012-04-23 01:20","QuorumPeer.java","21090","107812","128902"
"2012-07-17 23:19","QuorumPeer.java","21106","108600","129706"
"2019-03-11 19:47","QuorumPeer.java","103548","237664","341212"
"2012-02-27 03:41","QuorumPeer.java","20894","105531","126425"
"2014-07-18 02:19","QuorumPeer.java","23916","141227","165143"
"2019-02-13 13:12","QuorumPeer.java","103549","236613","340162"
"2011-04-29 18:12","QuorumPeer.java","17797","93723","111520"
"2019-04-12 19:01","QuorumPeer.java","103570","239495","343065"
"2018-12-09 03:16","QuorumPeer.java","103542","230318","333860"
"2018-09-11 15:23","QuorumPeer.java","60716","204645","265361"
"2019-11-29 14:49","QuorumPeer.java","104027","264702","368729"
"2013-03-07 07:01","QuorumPeer.java","21994","120554","142548"
"2018-12-15 07:34","QuorumPeer.java","103542","230233","333775"
"2018-11-27 10:02","QuorumPeer.java","103542","227994","331536"
"2018-09-18 01:00","QuorumPeer.java","60762","205946","266708"
"2009-11-18 18:47","QuorumPeer.java","8474","57260","65734"
"2012-02-06 09:40","QuorumPeer.java","20702","105098","125800"
"2019-06-03 19:40","QuorumPeer.java","103569","243018","346587"
"2019-07-15 14:15","QuorumPeer.java","103569","253106","356675"
"2015-03-17 18:06","QuorumPeer.java","24105","147389","171494"
"2019-07-03 00:44","QuorumPeer.java","103569","245700","349269"
"2009-06-18 18:37","QuorumPeer.java","4261","34872","39133"
"2019-08-17 17:13","QuorumPeer.java","103569","257687","361256"
"2015-06-27 02:03","QuorumPeer.java","24167","150140","174307"
"2009-11-18 20:06","QuorumPeer.java","8494","59614","68108"
"2017-11-28 00:10","QuorumPeer.java","27150","163338","190488"
"2014-01-21 04:50","QuorumPeer.java","22214","127924","150138"
"2014-06-04 22:07","QuorumPeer.java","23717","135228","158945"
"2018-01-30 08:02","QuorumPeer.java","27183","163524","190707"
"2019-05-15 11:56","QuorumPeer.java","103570","242442","346012"
"2019-06-05 00:33","QuorumPeer.java","103569","243408","346977"
"2019-05-20 23:13","QuorumPeer.java","103570","242560","346130"
"2019-06-04 10:55","QuorumPeer.java","103569","243171","346740"
"2019-07-12 17:01","QuorumPeer.java","103569","253000","356569"
"2020-01-09 11:27","QuorumPeer.java","104027","266248","370275"
"2017-02-09 11:40","QuorumPeer.java","26270","161234","187504"
"2011-06-14 07:14","QuorumPeer.java","17834","95375","113209"
"2009-04-17 00:59","QuorumPeer.java","1432","3235","4667"
"2017-07-06 18:48","QuorumPeer.java","27026","159676","186702"
"2018-10-01 06:11","QuorumPeer.java","60851","208614","269465"
"2015-04-09 20:16","QuorumPeer.java","24107","148454","172561"
"2013-10-07 21:08","QuorumPeer.java","22123","123499","145622"
"2013-09-30 22:20","QuorumPeer.java","22117","123062","145179"
"2018-07-04 17:11","QuorumPeer.java","33938","173840","207778"
"2019-12-17 13:48","QuorumPeer.java","104027","265274","369301"
"2015-12-07 05:59","QuorumPeer.java","24293","152096","176389"
"2020-01-23 13:43","QuorumPeer.java","104027","268072","372099"
"2016-06-23 23:45","QuorumPeer.java","25716","154589","180305"
"2011-05-03 19:57","QuorumPeer.java","17798","93728","111526"
"2016-06-23 23:25","QuorumPeer.java","25716","154481","180197"
"2010-03-09 05:44","QuorumPeer.java","12591","76682","89273"
"2010-03-12 19:26","QuorumPeer.java","12680","77501","90181"
"2014-03-23 04:12","QuorumPeer.java","22336","130266","152602"
"2013-09-26 00:13","QuorumPeer.java","22115","122816","144931"
"2011-06-17 01:34","QuorumPeer.java","17880","95492","113372"
"2011-06-14 14:11","QuorumPeer.java","17834","95402","113236"
"2010-03-10 02:27","QuorumPeer.java","12596","76901","89497"
"2010-03-10 19:52","QuorumPeer.java","12603","76994","89597"
"2014-07-18 20:48","QuorumPeer.java","23920","141690","165610"
"2014-07-04 04:19","QuorumPeer.java","23726","136880","160606"
"2018-12-06 10:56","QuorumPeer.java","103542","228188","331730"
"2014-06-25 15:04","QuorumPeer.java","23719","135727","159446"
"2014-03-28 01:58","QuorumPeer.java","22338","130686","153024"
"2009-10-30 17:19","QuorumPeer.java","7737","49984","57721"
"2009-11-20 23:28","QuorumPeer.java","8543","59942","68485"
"2009-12-18 03:19","QuorumPeer.java","9257","61229","70486"
"2009-12-15 23:23","QuorumPeer.java","8719","60417","69136"
"2013-10-21 23:36","QuorumPeer.java","22173","126291","148464"
"2019-10-10 14:37","QuorumPeer.java","103569","261440","365009"
"2013-11-07 06:41","QuorumPeer.java","22200","126749","148949"
"2017-07-27 23:09","QuorumPeer.java","27034","158698","185732"
"2014-05-18 05:49","QuorumPeer.java","23707","134729","158436"
"2011-10-25 08:09","QuorumPeer.java","20443","102335","122778"
"2014-03-25 22:13","QuorumPeer.java","22336","130502","152838"
"2011-04-12 09:14","QuorumPeer.java","17772","93363","111135"
"2011-11-01 08:15","QuorumPeer.java","20519","102600","123119"
"2011-03-16 19:49","QuorumPeer.java","14843","131907","146750"
"2018-06-26 11:18","QuorumPeer.java","27283","167167","194450"
"2018-07-27 12:32","QuorumPeer.java","33986","175088","209074"
"2019-04-18 19:17","QuorumPeer.java","103570","240205","343775"
"2011-10-27 23:25","QuorumPeer.java","20470","102522","122992"
"2011-08-30 08:37","QuorumPeer.java","16212","100990","117202"
"2011-08-30 08:29","QuorumPeer.java","16212","100978","117190"
"2010-08-18 08:24","QuorumPeer.java","14180","98726","112906"
"2013-10-09 22:21","QuorumPeer.java","22174","125929","148103"
"2016-12-20 14:47","QuorumPeer.java","26214","160043","186257"
"2011-05-20 01:17","QuorumPeer.java","17802","94212","112014"
"2010-05-05 22:32","QuorumPeer.java","13643","78494","92137"
"2017-05-11 16:59","QuorumPeer.java","27002","158785","185787"
"2014-07-03 06:01","QuorumPeer.java","23725","136457","160182"
"2014-08-14 08:08","QuorumPeer.java","23974","142605","166579"
"2014-08-01 07:38","QuorumPeer.java","23973","142183","166156"
"2009-04-24 20:26","QuorumPeer.java","2306","12711","15017"
"2014-07-20 04:50","QuorumPeer.java","23929","141761","165690"
"2016-06-02 00:59","QuorumPeer.java","25714","154110","179824"
"2020-02-16 10:25","QuorumPeer.java","104027","268785","372812"
"2014-05-20 17:10","Environment.java","19987","59034","79021"
"2017-09-11 18:55","Environment.java","27844","88187","116031"
"2012-09-03 07:56","Environment.java","10914","27544","38458"
"2012-08-28 21:51","Environment.java","10913","27493","38406"
"2019-08-17 17:13","Environment.java","178405","256932","435337"
"2019-09-11 10:27","ZooKeeperServer.java","26720","27405","54125"
"2019-08-03 08:42","ZooKeeperServer.java","286","323","609"
"2019-09-10 04:26","ZooKeeperServer.java","26478","26852","53330"
"2019-08-17 17:13","ZooKeeperServer.java","25104","24433","49537"
"2019-09-05 23:12","ZooKeeperServer.java","26443","26691","53134"
"2019-09-10 15:21","ZooKeeperServer.java","26680","27052","53732"
"2019-11-23 17:08","ZooKeeperServer.java","33239","37269","70508"
"2019-10-09 16:49","ZooKeeperServer.java","27293","30208","57501"
"2019-12-27 22:33","ZooKeeperServer.java","33803","41810","75613"
"2019-11-18 09:05","ZooKeeperServer.java","33032","35505","68537"
"2019-10-10 14:37","ZooKeeperServer.java","27791","30873","58664"
"2019-09-16 23:26","ZooKeeperServer.java","26929","29277","56206"
"2019-12-03 10:01","ZooKeeperServer.java","33610","39542","73152"
"2020-03-25 03:38","ZooKeeperServer.java","35613","47727","83340"
"2019-11-28 12:24","ZooKeeperServer.java","33297","37532","70829"
"2019-11-06 15:21","ZooKeeperServer.java","27931","31229","59160"
"2020-04-12 11:14","ZooKeeperServer.java","36256","49123","85379"
"2019-07-08 23:26","ServerCnxn.java","91","854","945"
"2019-08-17 17:13","ServerCnxn.java","26740","38727","65467"
"2019-11-18 09:05","ServerCnxn.java","34414","49545","83959"
"2020-02-26 22:41","ServerCnxn.java","36622","59263","95885"
"2019-11-11 13:59","ServerCnxn.java","29380","48777","78157"
"2019-12-27 22:33","Observer.java","6378","11303","17681"
"2019-07-31 19:06","FourLetterCommands.java","218737","255274","474011"
"2017-03-04 19:22","FourLetterCommands.java","9853","16060","25913"
"2016-11-24 17:18","FourLetterCommands.java","6289","13806","20095"
"2015-07-10 08:19","FourLetterCommands.java","194","519","713"
"2019-08-17 17:13","FourLetterCommands.java","218737","255967","474704"
"2019-08-17 17:13","FLETestUtils.java","181596","256464","438060"
"2014-07-08 05:25","FLETestUtils.java","12638","37947","50585"
"2015-07-07 07:11","FLETestUtils.java","15240","53056","68296"
"2019-08-17 17:13","ReadOnlyModeTest.java","224552","255250","479802"
"2017-06-08 17:51","ReadOnlyModeTest.java","966","334","1300"
"2019-08-17 17:13","Leader.java","214963","256104","471067"
"2019-06-29 00:33","Leader.java","214963","244091","459054"
"2019-06-03 19:40","Leader.java","214963","241435","456398"
"2019-07-15 14:15","Leader.java","214963","251523","466486"
"2015-03-17 18:06","Leader.java","256","1478","1734"
"2019-07-25 21:41","Leader.java","214963","252587","467550"
"2018-05-10 06:00","Leader.java","16358","33473","49831"
"2018-07-12 01:33","Leader.java","25621","43669","69290"
"2018-02-07 01:05","Leader.java","15967","30948","46915"
"2017-11-28 00:10","Leader.java","15506","29632","45138"
"2019-06-05 00:33","Leader.java","214963","241825","456788"
"2015-04-10 22:22","Leader.java","302","2592","2894"
"2019-08-03 08:42","Leader.java","214963","256812","471775"
"2019-06-05 23:57","Leader.java","214963","242094","457057"
"2017-01-13 19:29","Leader.java","8895","21504","30399"
"2019-01-07 14:55","Leader.java","214853","230885","445738"
"2019-04-12 19:01","Leader.java","214947","237895","452842"
"2018-12-09 03:16","Leader.java","214852","228651","443503"
"2018-08-17 14:40","Leader.java","83409","103753","187162"
"2019-11-29 14:49","Leader.java","216409","264107","480516"
"2018-11-27 10:02","Leader.java","214852","226327","441179"
"2017-02-15 23:04","Leader.java","11961","21614","33575"
"2018-08-29 06:26","Leader.java","107169","127721","234890"
"2018-08-03 18:52","Leader.java","36163","55709","91872"
"2017-09-11 18:55","Leader.java","15063","25332","40395"
"2018-09-18 01:00","Leader.java","112483","135605","248088"
"2016-12-20 14:47","Leader.java","8804","20571","29375"
"2016-06-23 23:25","Leader.java","6666","13369","20035"
"2016-06-23 23:45","Leader.java","6700","13511","20211"
"2020-03-25 03:38","Leader.java","216411","270337","486748"
"2019-12-27 22:33","Leader.java","216410","266229","482639"
"2016-08-13 15:01","Leader.java","7188","14694","21882"
"2019-10-10 14:37","Leader.java","214963","259857","474820"
"2019-06-14 09:06","QuorumPeer.java","1131","4257","5388"
"2019-11-29 14:49","QuorumPeer.java","37832","59517","97349"
"2019-06-03 19:40","QuorumPeer.java","245","704","949"
"2019-07-15 14:15","QuorumPeer.java","4965","15512","20477"
"2019-07-03 00:44","QuorumPeer.java","3934","7075","11009"
"2019-08-17 17:13","QuorumPeer.java","29687","44815","74502"
"2019-06-05 00:33","QuorumPeer.java","536","1385","1921"
"2019-06-04 10:55","QuorumPeer.java","469","1081","1550"
"2019-07-12 17:01","QuorumPeer.java","4965","15406","20371"
"2020-01-09 11:27","QuorumPeer.java","38904","62135","101039"
"2019-12-17 13:48","QuorumPeer.java","37879","60136","98015"
"2020-01-23 13:43","QuorumPeer.java","39319","64374","103693"
"2019-10-10 14:37","QuorumPeer.java","32070","50951","83021"
"2020-02-16 10:25","QuorumPeer.java","39451","65219","104670"
"2018-10-04 15:46","ZooKeeperTest.java","108227","126477","234704"
"2016-10-16 14:21","ZooKeeperTest.java","246","1406","1652"
"2019-03-12 19:08","ZooKeeperTest.java","222143","235912","458055"
"2017-04-29 20:17","ZooKeeperTest.java","5120","8178","13298"
"2017-05-30 19:43","ZooKeeperTest.java","6044","8332","14376"
"2019-05-23 18:42","ZooKeeperTest.java","222221","241096","463317"
"2019-08-17 17:13","ZooKeeperTest.java","222239","255885","478124"
"2019-06-06 00:01","ZooKeeperTest.java","222238","242021","464259"
"2019-07-15 14:15","QuorumZooKeeperServer.java","191763","251825","443588"
"2019-06-26 10:57","QuorumZooKeeperServer.java","191763","244256","436019"
"2019-08-17 17:13","QuorumZooKeeperServer.java","191763","256406","448169"
"2019-05-15 11:56","QuorumZooKeeperServer.java","191747","241144","432891"
"2019-06-04 10:55","QuorumZooKeeperServer.java","191763","241890","433653"
"2017-03-21 17:49","QuorumZooKeeperServer.java","21672","55449","77121"
"2019-11-29 14:49","QuorumZooKeeperServer.java","193109","264309","457418"
"2013-10-09 22:21","QuorumZooKeeperServer.java","1523","6718","8241"
"2020-03-25 03:38","QuorumZooKeeperServer.java","193109","270537","463646"
"2016-08-13 15:01","QuorumZooKeeperServer.java","17972","48980","66952"
"2019-10-10 14:37","QuorumZooKeeperServer.java","191763","260159","451922"
"2019-08-17 17:13","StaticHostProvider.java","223826","255234","479060"
"2018-07-16 05:45","StaticHostProvider.java","22820","31590","54410"
"2019-08-17 17:13","Leader.java","178080","256646","434726"
"2019-06-29 00:33","Leader.java","178080","244633","422713"
"2019-06-03 19:40","Leader.java","178080","241977","420057"
"2014-05-20 23:42","Leader.java","13823","40233","54056"
"2019-07-15 14:15","Leader.java","178080","252065","430145"
"2015-03-17 18:06","Leader.java","15200","53847","69047"
"2019-07-25 21:41","Leader.java","178080","253129","431209"
"2018-05-10 06:00","Leader.java","25947","80487","106434"
"2018-07-12 01:33","Leader.java","33839","89312","123151"
"2018-02-07 01:05","Leader.java","25680","78086","103766"
"2017-11-28 00:10","Leader.java","25301","76852","102153"
"2019-06-05 00:33","Leader.java","178080","242367","420447"
"2015-04-10 22:22","Leader.java","15229","54944","70173"
"2019-08-03 08:42","Leader.java","178080","257354","435434"
"2019-06-05 23:57","Leader.java","178080","242636","420716"
"2012-12-08 00:38","Leader.java","3799","11089","14888"
"2013-10-07 21:08","Leader.java","6644","23383","30027"
"2012-12-31 02:38","Leader.java","4663","14074","18737"
"2017-01-13 19:29","Leader.java","21131","71165","92296"
"2012-07-05 18:01","Leader.java","2665","5029","7694"
"2019-01-07 14:55","Leader.java","178002","231459","409461"
"2019-04-12 19:01","Leader.java","178080","238453","416533"
"2018-12-09 03:16","Leader.java","178001","229225","407226"
"2018-08-17 14:40","Leader.java","86294","144063","230357"
"2019-11-29 14:49","Leader.java","179390","264513","443903"
"2013-03-07 07:01","Leader.java","5945","19868","25813"
"2018-11-27 10:02","Leader.java","178001","226901","404902"
"2015-02-06 06:17","Leader.java","15040","52465","67505"
"2017-02-15 23:04","Leader.java","23171","70249","93420"
"2014-07-18 02:19","Leader.java","14575","47249","61824"
"2018-08-29 06:26","Leader.java","103897","161874","265771"
"2018-08-03 18:52","Leader.java","44062","101033","145095"
"2013-05-14 14:27","Leader.java","5994","20042","26036"
"2017-09-11 18:55","Leader.java","24983","72677","97660"
"2018-09-18 01:00","Leader.java","109093","169640","278733"
"2012-03-15 17:47","Leader.java","56","1035","1091"
"2016-12-20 14:47","Leader.java","21103","70295","91398"
"2014-07-20 04:50","Leader.java","14643","47838","62481"
"2014-06-10 00:19","Leader.java","13835","41179","55014"
"2016-06-23 23:25","Leader.java","19756","63884","83640"
"2016-06-23 23:45","Leader.java","19755","63991","83746"
"2020-03-25 03:38","Leader.java","179390","270741","450131"
"2014-03-23 04:12","Leader.java","7405","30698","38103"
"2019-12-27 22:33","Leader.java","179390","266634","446024"
"2016-08-13 15:01","Leader.java","20053","64984","85037"
"2013-10-21 23:36","Leader.java","6890","26371","33261"
"2019-10-10 14:37","Leader.java","178080","260399","438479"
"2013-11-07 06:41","Leader.java","6963","26875","33838"
"2019-11-08 17:30","FinalRequestProcessor.java","91004","263320","354324"
"2019-07-08 23:26","FinalRequestProcessor.java","91004","246482","337486"
"2019-01-16 23:23","FinalRequestProcessor.java","90977","233659","324636"
"2018-09-18 01:00","FinalRequestProcessor.java","55468","212364","267832"
"2019-04-12 19:01","FinalRequestProcessor.java","91005","239514","330519"
"2019-02-07 11:26","FinalRequestProcessor.java","90977","236011","326988"
"2019-01-14 19:38","FinalRequestProcessor.java","90977","232971","323948"
"2013-03-07 07:01","FinalRequestProcessor.java","18150","128422","146572"
"2019-01-09 17:22","FinalRequestProcessor.java","90977","235651","326628"
"2011-07-01 00:53","FinalRequestProcessor.java","14552","107372","121924"
"2015-06-04 19:51","FinalRequestProcessor.java","20138","157468","177606"
"2009-06-26 22:29","FinalRequestProcessor.java","8888","59646","68534"
"2019-09-10 04:26","FinalRequestProcessor.java","91004","258751","349755"
"2019-08-17 17:13","FinalRequestProcessor.java","91004","257706","348710"
"2016-10-07 21:51","FinalRequestProcessor.java","21912","164293","186205"
"2014-01-24 07:18","FinalRequestProcessor.java","18355","137360","155715"
"2019-06-26 10:57","FinalRequestProcessor.java","91004","245556","336560"
"2019-08-01 07:28","FinalRequestProcessor.java","91004","257887","348891"
"2019-07-03 00:44","FinalRequestProcessor.java","91004","245719","336723"
"2016-03-23 00:30","FinalRequestProcessor.java","21601","160475","182076"
"2019-08-06 17:11","FinalRequestProcessor.java","91004","258807","349811"
"2015-03-17 18:06","FinalRequestProcessor.java","20080","155076","175156"
"2018-07-10 12:46","FinalRequestProcessor.java","29166","180832","209998"
"2009-01-16 00:48","FinalRequestProcessor.java","4331","3448","7779"
"2010-01-25 04:28","FinalRequestProcessor.java","11521","79118","90639"
"2020-03-25 03:38","FinalRequestProcessor.java","91460","270947","362407"
"2019-09-16 23:26","FinalRequestProcessor.java","91004","260725","351729"
"2019-10-10 14:37","FinalRequestProcessor.java","91004","261459","352463"
"2009-11-07 01:48","FinalRequestProcessor.java","10702","66788","77490"
"2009-10-31 00:09","FinalRequestProcessor.java","10509","66190","76699"
"2010-01-26 01:17","FinalRequestProcessor.java","11557","79563","91120"
"2009-11-12 20:53","FinalRequestProcessor.java","10785","67458","78243"
"2019-11-21 05:58","FinalRequestProcessor.java","91460","261329","352789"
"2019-11-18 09:05","FinalRequestProcessor.java","91460","261306","352766"
"2012-12-19 19:16","FinalRequestProcessor.java","17874","123590","141464"
"2011-10-20 20:02","FinalRequestProcessor.java","16650","110200","126850"
"2011-04-12 09:14","FinalRequestProcessor.java","14024","102199","116223"
"2011-10-28 18:59","FinalRequestProcessor.java","16709","110510","127219"
"2019-11-11 13:59","FinalRequestProcessor.java","91004","265116","356120"
"2020-03-26 22:12","FinalRequestProcessor.java","91460","270949","362409"
"2014-04-17 08:47","FinalRequestProcessor.java","19715","141279","160994"
"2014-04-29 02:23","FinalRequestProcessor.java","19717","141987","161704"
"2010-03-19 07:46","FinalRequestProcessor.java","12044","89788","101832"
"2010-08-18 08:24","FinalRequestProcessor.java","13126","110256","123382"
"2013-10-09 22:21","FinalRequestProcessor.java","18310","133777","152087"
"2011-09-14 08:56","FinalRequestProcessor.java","12621","110320","122941"
"2020-03-01 06:42","ManagedUtil.java","11947","23330","35277"
"2019-10-10 14:37","SyncRequestProcessor.java","3717","7470","11187"
"2020-01-07 20:39","SyncRequestProcessor.java","10236","19289","29525"
"2020-03-25 03:38","SyncRequestProcessor.java","12133","24918","37051"
"2019-09-11 10:27","ZooKeeperServer.java","26660","27835","54495"
"2019-08-03 08:42","ZooKeeperServer.java","362","889","1251"
"2019-09-10 04:26","ZooKeeperServer.java","26418","27282","53700"
"2019-08-17 17:13","ZooKeeperServer.java","25044","24863","49907"
"2019-09-05 23:12","ZooKeeperServer.java","26383","27121","53504"
"2019-09-10 15:21","ZooKeeperServer.java","26620","27482","54102"
"2019-11-23 17:08","ZooKeeperServer.java","33177","37697","70874"
"2019-10-09 16:49","ZooKeeperServer.java","27233","30638","57871"
"2019-12-27 22:33","ZooKeeperServer.java","33741","42238","75979"
"2019-11-18 09:05","ZooKeeperServer.java","32970","35933","68903"
"2019-10-10 14:37","ZooKeeperServer.java","27729","31301","59030"
"2019-09-16 23:26","ZooKeeperServer.java","26869","29707","56576"
"2019-12-03 10:01","ZooKeeperServer.java","33548","39970","73518"
"2020-03-25 03:38","ZooKeeperServer.java","35551","48155","83706"
"2019-11-28 12:24","ZooKeeperServer.java","33235","37960","71195"
"2019-11-06 15:21","ZooKeeperServer.java","27869","31657","59526"
"2020-04-12 11:14","ZooKeeperServer.java","36194","49551","85745"
"2019-08-17 17:13","ToStringTest.java","167976","257015","424991"
"2019-07-15 14:46","FileKeyStoreLoaderBuilderProviderTest.java","14790","42763","57553"
"2019-08-17 17:13","FileKeyStoreLoaderBuilderProviderTest.java","36682","68806","105488"
"2014-07-08 05:25","FLELostMessageTest.java","18288","48477","66765"
"2019-08-17 17:13","FLELostMessageTest.java","177002","256750","433752"
"2017-11-28 00:10","FLELostMessageTest.java","28937","81670","110607"
"2019-07-12 17:01","FLELostMessageTest.java","177002","252063","429065"
"2012-08-03 00:17","FLELostMessageTest.java","7760","12640","20400"
"2020-03-25 03:38","QuorumZooKeeperServer.java","4264","10492","14756"
"2019-08-17 17:13","KeeperException.java","225011","255292","480303"
"2019-07-24 18:00","KeeperException.java","225011","251747","476758"
"2017-07-28 00:36","KeeperException.java","7498","6344","13842"
"2020-03-25 03:38","KeeperException.java","226617","269683","496300"
"2018-07-27 05:16","KeeperException.java","29983","37971","67954"
"2019-08-17 17:13","CliParseException.java","221798","255887","477685"
"2019-08-17 17:13","GetCommand.java","30087","52428","82515"
"2019-08-17 17:13","Leader.java","223777","255265","479042"
"2019-06-29 00:33","Leader.java","223776","243251","467027"
"2019-06-03 19:40","Leader.java","223776","240595","464371"
"2019-07-15 14:15","Leader.java","223777","250684","474461"
"2019-07-25 21:41","Leader.java","223777","251748","475525"
"2018-05-10 06:00","Leader.java","4807","12269","17076"
"2018-07-12 01:33","Leader.java","15261","23656","38917"
"2018-02-07 01:05","Leader.java","4279","9607","13886"
"2017-11-28 00:10","Leader.java","3741","8214","11955"
"2019-06-05 00:33","Leader.java","223776","240985","464761"
"2019-08-03 08:42","Leader.java","223777","255973","479750"
"2019-06-05 23:57","Leader.java","223776","241254","465030"
"2019-01-07 14:55","Leader.java","223658","230037","453695"
"2019-04-12 19:01","Leader.java","223758","237053","460811"
"2018-12-09 03:16","Leader.java","223657","227803","451460"
"2018-08-17 14:40","Leader.java","73525","84216","157741"
"2019-11-29 14:49","Leader.java","225390","263435","488825"
"2018-11-27 10:02","Leader.java","223657","225479","449136"
"2018-08-29 06:26","Leader.java","98169","109068","207237"
"2018-08-03 18:52","Leader.java","25861","35754","61615"
"2017-09-11 18:55","Leader.java","3226","3842","7068"
"2018-09-18 01:00","Leader.java","103991","117460","221451"
"2020-03-25 03:38","Leader.java","225392","269665","495057"
"2019-12-27 22:33","Leader.java","225391","265557","490948"
"2019-10-10 14:37","Leader.java","223777","259018","482795"
"2020-03-26 18:41","ZooKeeperMain.java","179868","270792","450660"
"2016-10-16 14:21","ZooKeeperMain.java","24541","82879","107420"
"2011-05-20 01:17","ZooKeeperMain.java","55","483","538"
"2020-04-01 17:02","ZooKeeperMain.java","179868","271116","450984"
"2013-10-01 23:18","ZooKeeperMain.java","13290","41886","55176"
"2019-10-10 14:37","ZooKeeperMain.java","178774","260663","439437"
"2015-11-22 00:33","ZooKeeperMain.java","22369","77634","100003"
"2020-03-26 22:19","ZooKeeperMain.java","179868","270861","450729"
"2011-08-18 22:05","ZooKeeperMain.java","1589","10471","12060"
"2015-11-08 22:54","ZooKeeperMain.java","22315","77287","99602"
"2016-07-27 01:33","ZooKeeperMain.java","24074","80864","104938"
"2014-04-04 00:39","ZooKeeperMain.java","14056","50471","64527"
"2019-11-28 12:24","ZooKeeperMain.java","179868","262910","442778"
"2016-11-13 20:59","ZooKeeperMain.java","24561","85104","109665"
"2019-08-03 08:42","ZooKeeperMain.java","178774","257618","436392"
"2012-03-18 07:03","ZooKeeperMain.java","10332","23526","33858"
"2017-07-28 00:36","ZooKeeperMain.java","27618","87007","114625"
"2016-05-02 18:15","ZooKeeperMain.java","24010","79534","103544"
"2015-03-28 20:08","ZooKeeperMain.java","21037","72931","93968"
"2019-08-17 17:13","ZooKeeperMain.java","178774","256910","435684"
"2013-09-02 23:04","ZooKeeperMain.java","13138","40974","54112"
"2018-08-06 14:11","ZooKeeperMain.java","45241","114576","159817"
"2019-08-17 17:13","QuorumBase.java","25104","24433","49537"
"2019-10-10 14:37","QuorumBase.java","27791","30873","58664"
"2020-03-25 03:38","QuorumBase.java","35613","47727","83340"
"2011-11-05 21:57","Learner.java","24890","67591","92481"
"2011-04-12 09:14","Learner.java","21320","54664","75984"
"2020-03-19 17:09","Learner.java","146255","270115","416370"
"2013-10-09 22:21","Learner.java","28863","92615","121478"
"2011-09-14 08:56","Learner.java","20438","66422","86860"
"2020-02-03 04:30","Learner.java","146255","268610","414865"
"2020-01-23 13:43","Learner.java","146255","268053","414308"
"2017-07-04 07:39","Learner.java","35145","127520","162665"
"2020-03-25 03:38","Learner.java","146255","270911","417166"
"2011-06-17 01:34","Learner.java","21518","56883","78401"
"2015-03-15 08:54","Learner.java","31180","113525","144705"
"2019-11-28 12:24","Learner.java","146255","263032","409287"
"2019-12-27 22:33","Learner.java","146255","266804","413059"
"2020-01-25 18:48","Learner.java","146255","268243","414498"
"2020-05-03 19:43","Learner.java","146255","271847","418102"
"2016-08-13 15:01","Learner.java","33350","122915","156265"
"2009-12-18 03:19","Learner.java","2930","12655","15585"
"2013-10-21 23:36","Learner.java","28862","92977","121839"
"2019-10-10 14:37","Learner.java","145376","261000","406376"
"2015-01-25 01:22","Learner.java","31104","112958","144062"
"2019-06-03 19:40","Learner.java","145376","242578","387954"
"2015-03-17 18:06","Learner.java","31198","114479","145677"
"2019-07-15 14:15","Learner.java","145376","252666","398042"
"2019-08-23 19:43","Learner.java","145376","257913","403289"
"2016-09-08 22:59","Learner.java","33479","123292","156771"
"2019-08-17 17:13","Learner.java","145376","257247","402623"
"2017-11-28 00:10","Learner.java","35366","131551","166917"
"2014-03-12 23:57","Learner.java","29055","96694","125749"
"2018-05-09 00:54","Learner.java","35534","133847","169381"
"2019-04-09 15:35","Learner.java","145343","238071","383414"
"2011-06-14 07:14","Learner.java","21464","56758","78222"
"2019-07-12 17:01","Learner.java","145376","252560","397936"
"2017-07-06 18:48","Learner.java","35152","127799","162951"
"2013-10-07 21:08","Learner.java","28712","90085","118797"
"2017-08-18 06:32","Learner.java","35212","127362","162574"
"2019-07-02 07:34","Learner.java","145376","245190","390566"
"2018-10-16 16:22","Learner.java","117414","239011","356425"
"2012-01-31 07:45","Learner.java","25092","69086","94178"
"2014-07-18 02:19","Learner.java","30952","108260","139212"
"2017-02-12 00:12","Learner.java","34724","126435","161159"
"2011-01-22 20:38","Learner.java","17036","91515","108551"
"2018-12-09 03:16","Learner.java","145328","229857","375185"
"2013-03-07 07:01","Learner.java","28370","86927","115297"
"2019-11-29 14:49","Learner.java","146255","264683","410938"
"2018-11-27 10:02","Learner.java","145328","227533","372861"
"2018-08-06 14:11","Learner.java","47487","149198","196685"
"2011-02-07 20:26","Learner.java","17140","91636","108776"
"2019-05-14 17:11","SyncRequestProcessor.java","133993","242167","376160"
"2010-03-14 05:01","SyncRequestProcessor.java","13491","47720","61211"
"2019-06-05 00:46","SyncRequestProcessor.java","133993","243360","377353"
"2019-05-22 11:39","SyncRequestProcessor.java","133993","242700","376693"
"2013-09-30 22:20","SyncRequestProcessor.java","27235","97694","124929"
"2019-06-03 19:40","SyncRequestProcessor.java","133993","242831","376824"
"2019-08-17 17:13","SyncRequestProcessor.java","133993","257500","391493"
"2009-11-07 08:16","SyncRequestProcessor.java","5649","18564","24213"
"2019-10-10 14:37","SyncRequestProcessor.java","133993","261253","395246"
"2013-10-24 20:41","SyncRequestProcessor.java","27476","101449","128925"
"2020-01-07 20:39","SyncRequestProcessor.java","134632","267192","401824"
"2020-03-25 03:38","SyncRequestProcessor.java","134632","270924","405556"
"2010-08-18 08:24","SyncRequestProcessor.java","17805","71740","89545"
"2015-03-08 23:07","SyncRequestProcessor.java","29610","121360","150970"
"2011-04-12 09:14","SyncRequestProcessor.java","22214","67194","89408"
"2019-04-30 18:08","SyncRequestProcessor.java","133993","241336","375329"
"2013-09-18 12:58","ClientCnxn.java","55507","44086","99593"
"2015-01-31 08:05","ClientCnxn.java","63106","72991","136097"
"2016-05-02 18:15","ClientCnxn.java","66189","82110","148299"
"2014-01-24 07:18","ClientCnxn.java","55995","51306","107301"
"2019-08-17 17:13","ClientCnxn.java","218452","256985","475437"
"2015-05-10 00:27","ClientCnxn.java","63315","75739","139054"
"2017-12-19 19:27","ClientCnxn.java","70026","94276","164302"
"2019-01-31 15:50","ClientCnxn.java","218387","234587","452974"
"2012-08-02 00:24","ClientCnxn.java","53220","29374","82594"
"2019-04-09 15:35","ClientCnxn.java","218401","237791","456192"
"2013-02-03 15:52","ClientCnxn.java","54846","37361","92207"
"2014-12-20 15:29","ClientCnxn.java","63099","72973","136072"
"2012-03-15 18:01","ClientCnxn.java","50785","24549","75334"
"2019-11-08 17:30","ClientCnxn.java","218452","262599","481051"
"2017-06-08 17:59","ClientCnxn.java","69552","89512","159064"
"2012-09-09 20:24","ClientCnxn.java","53301","30194","83495"
"2019-01-16 14:21","ClientCnxn.java","218387","232900","451287"
"2019-01-07 14:24","ClientCnxn.java","218386","231749","450135"
"2019-03-06 03:32","ClientCnxn.java","218400","236718","455118"
"2011-09-14 07:43","ClientCnxn.java","44595","18244","62839"
"2011-08-19 00:05","ClientCnxn.java","44383","15812","60195"
"2015-02-06 06:17","ClientCnxn.java","63150","73230","136380"
"2019-02-07 11:26","ClientCnxn.java","218388","235253","453641"
"2018-11-05 19:40","ClientCnxn.java","187197","236904","424101"
"2011-04-12 09:14","ClientCnxn.java","42968","2974","45942"
"2010-11-30 21:16","ClientCnxn.java","570","941","1511"
"2020-05-17 15:13","ClientCnxn.java","219527","272005","491532"
"2018-06-25 12:30","ClientCnxn.java","70285","98061","168346"
"2012-12-19 19:16","ClientCnxn.java","54794","36816","91610"
"2020-03-03 03:12","ClientCnxn.java","219525","269793","489318"
"2018-09-10 11:44","ClientCnxn.java","148792","179753","328545"
"2011-09-28 22:17","ClientCnxn.java","47605","19307","66912"
"2015-06-13 02:42","ClientCnxn.java","63510","77396","140906"
"2011-05-20 01:17","ClientCnxn.java","43142","3967","47109"
"2014-03-23 04:12","ClientCnxn.java","56172","52120","108292"
"2015-11-09 00:05","ClientCnxn.java","64515","79893","144408"
"2015-12-06 19:58","ClientCnxn.java","64553","80236","144789"
"2020-01-21 17:53","ClientCnxn.java","219525","266054","485579"
"2015-12-05 22:43","ClientCnxn.java","64553","80233","144786"
"2015-12-05 22:32","ClientCnxn.java","64552","80227","144779"
"2019-10-10 14:37","ClientCnxn.java","218452","260738","479190"
"2014-04-01 04:03","ClientCnxn.java","56367","53158","109525"
"2013-09-18 15:14","ClientCnxn.java","55507","44104","99611"
"2013-09-18 04:08","ClientCnxn.java","55507","44000","99507"
"2019-11-21 05:58","ClientCnxn.java","219525","261225","480750"
"2020-04-16 12:50","ClientCnxn.java","219525","271632","491157"
"2018-07-27 05:16","ClientCnxn.java","87114","116042","203156"
"2019-06-04 10:55","LeaderZooKeeperServer.java","233","386","619"
"2019-08-17 17:13","LeaderZooKeeperServer.java","29523","44192","73715"
"2019-11-25 15:37","LeaderZooKeeperServer.java","37372","56849","94221"
"2019-12-27 22:33","LeaderZooKeeperServer.java","37840","61187","99027"
"2019-10-10 14:37","QuorumPeerMain.java","178405","260685","439090"
"2020-01-23 13:43","QuorumPeerMain.java","179499","267953","447452"
"2019-11-28 12:24","QuorumPeerMain.java","179499","262932","442431"
"2012-03-06 09:20","QuorumPeerMain.java","8372","21202","29574"
"2013-10-09 22:21","QuorumPeerMain.java","13596","45363","58959"
"2011-09-02 22:50","QuorumPeerMain.java","1837","15039","16876"
"2020-02-16 10:25","QuorumPeerMain.java","179499","268666","448165"
"2019-04-18 19:17","QuorumPeerMain.java","178406","239450","417856"
"2019-11-11 13:59","QuorumPeerMain.java","178405","264342","442747"
"2019-04-12 19:01","QuorumPeerMain.java","178406","238740","417146"
"2018-09-11 15:23","QuorumPeerMain.java","107162","179103","286265"
"2017-02-13 22:09","QuorumPeerMain.java","26754","86480","113234"
"2014-07-18 02:19","QuorumPeerMain.java","20643","65966","86609"
"2018-08-06 14:11","QuorumPeerMain.java","45271","114997","160268"
"2012-04-23 01:20","QuorumPeerMain.java","10791","25525","36316"
"2017-07-28 00:36","QuorumPeerMain.java","27653","87433","115086"
"2019-08-17 17:13","QuorumPeerMain.java","178405","256932","435337"
"2015-03-17 18:06","QuorumPeerMain.java","21101","72397","93498"
"2017-11-28 00:10","QuorumPeerMain.java","27966","92166","120132"
"2013-09-18 12:58","ClientCnxn.java","55554","44129","99683"
"2015-01-31 08:05","ClientCnxn.java","63149","73030","136179"
"2016-05-02 18:15","ClientCnxn.java","66231","82148","148379"
"2014-01-24 07:18","ClientCnxn.java","56042","51349","107391"
"2019-08-17 17:13","ClientCnxn.java","218456","256985","475441"
"2015-05-10 00:27","ClientCnxn.java","63358","75778","139136"
"2017-12-19 19:27","ClientCnxn.java","70065","94311","164376"
"2019-01-31 15:50","ClientCnxn.java","218391","234587","452978"
"2012-08-02 00:24","ClientCnxn.java","53268","29418","82686"
"2019-04-09 15:35","ClientCnxn.java","218405","237791","456196"
"2013-02-03 15:52","ClientCnxn.java","54893","37404","92297"
"2014-12-20 15:29","ClientCnxn.java","63142","73012","136154"
"2012-03-15 18:01","ClientCnxn.java","50833","24593","75426"
"2019-11-08 17:30","ClientCnxn.java","218456","262599","481055"
"2017-06-08 17:59","ClientCnxn.java","69591","89547","159138"
"2012-09-09 20:24","ClientCnxn.java","53348","30237","83585"
"2019-01-16 14:21","ClientCnxn.java","218391","232900","451291"
"2019-01-07 14:24","ClientCnxn.java","218390","231749","450139"
"2019-03-06 03:32","ClientCnxn.java","218404","236718","455122"
"2010-11-11 18:11","ClientCnxn.java","52","48","100"
"2011-09-14 07:43","ClientCnxn.java","44643","18288","62931"
"2011-08-19 00:05","ClientCnxn.java","44432","15857","60289"
"2015-02-06 06:17","ClientCnxn.java","63193","73269","136462"
"2019-02-07 11:26","ClientCnxn.java","218392","235253","453645"
"2018-11-05 19:40","ClientCnxn.java","187201","236904","424105"
"2011-04-12 09:14","ClientCnxn.java","43020","3022","46042"
"2010-11-30 21:16","ClientCnxn.java","622","989","1611"
"2020-05-17 15:13","ClientCnxn.java","219531","272005","491536"
"2018-06-25 12:30","ClientCnxn.java","70324","98096","168420"
"2012-12-19 19:16","ClientCnxn.java","54841","36859","91700"
"2020-03-03 03:12","ClientCnxn.java","219529","269793","489322"
"2018-09-10 11:44","ClientCnxn.java","148831","179788","328619"
"2011-09-28 22:17","ClientCnxn.java","47653","19351","67004"
"2015-06-13 02:42","ClientCnxn.java","63552","77434","140986"
"2011-05-20 01:17","ClientCnxn.java","43191","4012","47203"
"2014-03-23 04:12","ClientCnxn.java","56219","52163","108382"
"2015-11-09 00:05","ClientCnxn.java","64557","79931","144488"
"2015-12-06 19:58","ClientCnxn.java","64595","80274","144869"
"2020-01-21 17:53","ClientCnxn.java","219529","266054","485583"
"2015-12-05 22:43","ClientCnxn.java","64595","80271","144866"
"2015-12-05 22:32","ClientCnxn.java","64594","80265","144859"
"2019-10-10 14:37","ClientCnxn.java","218456","260738","479194"
"2014-04-01 04:03","ClientCnxn.java","56414","53201","109615"
"2013-09-18 15:14","ClientCnxn.java","55554","44147","99701"
"2013-09-18 04:08","ClientCnxn.java","55554","44043","99597"
"2019-11-21 05:58","ClientCnxn.java","219529","261225","480754"
"2020-04-16 12:50","ClientCnxn.java","219529","271632","491161"
"2018-07-27 05:16","ClientCnxn.java","87153","116077","203230"
"2019-11-08 17:30","ZooKeeper.java","27816","32722","60538"
"2019-08-17 17:13","ZooKeeper.java","24898","24190","49088"
"2020-04-16 12:50","ZooKeeper.java","36138","49004","85142"
"2019-10-10 14:37","ZooKeeper.java","27642","30687","58329"
"2020-05-17 15:13","ZooKeeper.java","39445","52682","92127"
"2019-07-25 21:41","LearnerMaster.java","14381","38206","52587"
"2019-08-17 17:13","LearnerMaster.java","36481","63823","100304"
"2019-10-10 14:37","LearnerMaster.java","38466","69561","108027"
"2015-05-14 07:10","CnxManagerTest.java","21151","73395","94546"
"2020-03-12 14:47","CnxManagerTest.java","179834","269969","449803"
"2019-08-17 17:13","CnxManagerTest.java","178740","256932","435672"
"2019-06-03 19:40","CnxManagerTest.java","178740","242263","421003"
"2017-11-28 00:10","CnxManagerTest.java","27915","91780","119695"
"2019-07-12 17:01","CnxManagerTest.java","178740","252245","430985"
"2019-05-08 21:54","CnxManagerTest.java","178741","241435","420176"
"2019-08-06 12:52","CnxManagerTest.java","178740","257905","436645"
"2019-06-14 09:06","CnxManagerTest.java","178740","244930","423670"
"2013-03-07 07:01","CnxManagerTest.java","12880","39117","51997"
"2019-11-29 14:49","CnxManagerTest.java","179834","264583","444417"
"2015-02-06 06:17","CnxManagerTest.java","20892","70631","91523"
"2017-09-11 18:55","CnxManagerTest.java","27791","87799","115590"
"2011-09-17 02:13","CnxManagerTest.java","4669","15801","20470"
"2011-09-14 06:32","CnxManagerTest.java","1818","14921","16739"
"2020-02-16 10:25","CnxManagerTest.java","179834","268666","448500"
"2014-06-25 15:04","CnxManagerTest.java","19924","59609","79533"
"2015-11-03 08:11","CnxManagerTest.java","22294","77054","99348"
"2019-10-10 14:37","CnxManagerTest.java","178740","260685","439425"
"2014-07-23 19:36","CnxManagerTest.java","20625","66216","86841"
"2019-08-17 17:13","QuorumPeerConfigTest.java","35700","63127","98827"
"2019-04-18 19:17","QuorumPeerConfigTest.java","7605","17549","25154"
"2020-05-14 18:18","QuorumPeerConfigTest.java","48033","89325","137358"
"2017-01-07 01:09","Zab1_0Test.java","6351","14668","21019"
"2015-12-06 21:30","Zab1_0Test.java","390","1941","2331"
"2019-12-17 13:48","Zab1_0Test.java","220459","264640","485099"
"2019-12-27 22:33","Zab1_0Test.java","220460","266190","486650"
"2019-10-10 14:37","Zab1_0Test.java","218914","259719","478633"
"2019-08-17 17:13","Zab1_0Test.java","218914","255966","474880"
"2019-06-03 19:40","Zab1_0Test.java","218913","241296","460209"
"2018-05-10 06:00","Zab1_0Test.java","14129","27155","41284"
"2017-11-28 00:10","Zab1_0Test.java","13264","23301","36565"
"2017-08-18 06:32","Zab1_0Test.java","12630","18632","31262"
"2017-02-12 00:12","Zab1_0Test.java","9652","15215","24867"
"2010-04-26 21:58","QuorumPeerTestBase.java","5148","4415","9563"
"2010-03-31 06:26","QuorumPeerTestBase.java","2714","2961","5675"
"2014-08-14 08:08","QuorumPeerTestBase.java","36606","93857","130463"
"2014-07-26 04:11","QuorumPeerTestBase.java","36606","93293","129899"
"2014-03-25 22:13","QuorumPeerTestBase.java","30106","76892","106998"
"2016-11-03 16:07","QuorumPeerTestBase.java","39232","109105","148337"
"2019-12-27 22:33","QuorumPeerTestBase.java","168776","266740","435516"
"2019-10-10 14:37","QuorumPeerTestBase.java","167729","260768","428497"
"2016-06-23 23:25","QuorumPeerTestBase.java","38780","106165","144945"
"2014-07-18 20:48","QuorumPeerTestBase.java","36536","92926","129462"
"2014-08-19 22:50","QuorumPeerTestBase.java","36633","93998","130631"
"2011-06-14 07:14","QuorumPeerTestBase.java","19831","32540","52371"
"2019-07-12 17:01","QuorumPeerTestBase.java","167729","252328","420057"
"2017-01-13 19:29","QuorumPeerTestBase.java","39617","112908","152525"
"2015-03-17 18:06","QuorumPeerTestBase.java","36801","98705","135506"
"2019-08-17 17:13","QuorumPeerTestBase.java","167729","257015","424744"
"2017-11-28 00:10","QuorumPeerTestBase.java","41973","116781","158754"
"2014-01-21 04:50","QuorumPeerTestBase.java","29924","74254","104178"
"2017-12-16 01:25","QuorumPeerTestBase.java","41973","116825","158798"
"2014-07-18 02:19","QuorumPeerTestBase.java","36507","92438","128945"
"2013-03-07 07:01","QuorumPeerTestBase.java","29287","66467","95754"
"2018-10-12 10:25","QuorumPeerTestBase.java","136888","234146","371034"
"2012-07-17 23:25","QuorumPeerTestBase.java","27609","54348","81957"
"2019-08-17 17:13","ObserverQuorumHammerTest.java","154189","257187","411376"
"2010-03-31 06:26","ObserverQuorumHammerTest.java","12524","26483","39007"
"2011-04-12 09:14","ObserverQuorumHammerTest.java","21670","46141","67811"
"2019-12-27 22:33","FileTxnSnapLog.java","233223","265463","498686"
"2019-10-10 14:37","FileTxnSnapLog.java","231287","258602","489889"
"2019-12-13 08:51","FileTxnSnapLog.java","233222","263499","496721"
"2020-01-23 16:46","FileTxnSnapLog.java","233224","266713","499937"
"2020-01-28 17:26","FileTxnSnapLog.java","233224","267184","500408"
"2019-09-02 08:23","FileTxnSnapLog.java","231287","255506","486793"
"2019-07-31 19:06","FileTxnSnapLog.java","231286","254155","485441"
"2018-07-30 06:22","FileTxnSnapLog.java","21456","23111","44567"
"2020-01-30 09:43","FileTxnSnapLog.java","233224","267260","500484"
"2019-05-14 17:11","FileTxnSnapLog.java","231266","239495","470761"
"2019-05-21 23:34","FileTxnSnapLog.java","231268","239818","471086"
"2019-05-27 10:54","FileTxnSnapLog.java","231268","240150","471418"
"2019-08-17 17:13","FileTxnSnapLog.java","231286","254848","486134"
"2019-10-10 14:37","ClientTest.java","226563","259029","485592"
"2019-12-28 16:17","ClientTest.java","228168","265466","493634"
"2017-05-01 17:19","ClientTest.java","3841","1985","5826"
"2018-11-22 17:56","ClientTest.java","226443","223853","450296"
"2017-06-30 22:43","ClientTest.java","5076","2741","7817"
"2019-03-06 03:32","ClientTest.java","226467","234965","461432"
"2019-08-17 17:13","ClientTest.java","226563","255276","481839"
"2019-08-17 17:13","UnifiedServerSocket.java","36426","66092","102518"
"2019-03-11 19:47","UnifiedServerSocket.java","8472","18136","26608"
"2019-10-10 14:37","UnifiedServerSocket.java","38403","71822","110225"
"2014-02-12 17:00","LearnerHandler.java","22720","119920","142640"
"2014-03-23 04:12","LearnerHandler.java","22820","120407","143227"
"2010-01-25 04:28","LearnerHandler.java","8745","53353","62098"
"2019-10-10 14:37","LearnerHandler.java","113845","261311","375156"
"2015-06-05 20:38","LearnerHandler.java","24678","139956","164634"
"2015-06-05 20:51","LearnerHandler.java","24678","139983","164661"
"2015-06-12 23:02","LearnerHandler.java","24685","140088","164773"
"2009-08-25 07:45","LearnerHandler.java","5094","35300","40394"
"2010-03-11 15:05","LearnerHandler.java","12490","66527","79017"
"2009-10-30 17:19","LearnerHandler.java","6793","38635","45428"
"2009-11-30 13:03","LearnerHandler.java","7684","48729","56413"
"2011-04-12 09:14","LearnerHandler.java","17973","83159","101132"
"2013-09-26 14:05","LearnerHandler.java","22582","113091","135673"
"2019-07-03 20:54","LearnerHandler.java","113845","245552","359397"
"2011-09-14 08:56","LearnerHandler.java","16552","92196","108748"
"2011-08-30 08:37","LearnerHandler.java","16459","90894","107353"
"2010-07-29 23:10","LearnerHandler.java","13726","82677","96403"
"2011-09-17 02:36","LearnerHandler.java","19110","92194","111304"
"2012-04-23 01:20","LearnerHandler.java","21510","97889","119399"
"2013-06-28 23:22","LearnerHandler.java","22582","112661","135243"
"2018-09-18 01:00","LearnerHandler.java","66519","201360","267879"
"2010-11-04 17:01","LearnerHandler.java","14275","118498","132773"
"2012-02-06 09:40","LearnerHandler.java","21019","95072","116091"
"2013-05-14 14:27","LearnerHandler.java","22457","110799","133256"
"2018-08-03 18:52","LearnerHandler.java","39508","170773","210281"
"2011-01-22 20:38","LearnerHandler.java","14720","121041","135761"
"2018-12-09 03:16","LearnerHandler.java","113802","230173","343975"
"2019-04-12 19:01","LearnerHandler.java","113845","239365","353210"
"2013-03-07 07:01","LearnerHandler.java","22438","110655","133093"
"2009-11-18 20:06","LearnerHandler.java","7631","48346","55977"
"2017-11-28 00:10","LearnerHandler.java","27982","153827","181809"
"2019-06-29 00:33","LearnerHandler.java","113845","245545","359390"
"2013-05-11 15:35","LearnerHandler.java","22438","110703","133141"
"2019-07-25 21:41","LearnerHandler.java","113845","254041","367886"
"2019-08-23 19:43","LearnerHandler.java","113845","258224","372069"
"2019-08-17 17:13","LearnerHandler.java","113845","257558","371403"
"2009-06-18 18:37","LearnerHandler.java","2434","22640","25074"
"2009-06-26 22:29","LearnerHandler.java","4506","32275","36781"
"2009-06-15 22:52","LearnerHandler.java","2054","21189","23243"
"2017-06-26 00:16","LearnerHandler.java","27818","149620","177438"
"2017-08-03 20:28","LearnerHandler.java","27842","149292","177134"
"2012-07-29 07:02","LearnerHandler.java","21532","99314","120846"
"2019-05-06 17:48","LearnerHandler.java","113845","241871","355716"
"2019-08-03 08:42","LearnerHandler.java","113845","258266","372111"
"2019-04-22 19:15","LearnerHandler.java","113845","240340","354185"
"2011-06-14 07:14","LearnerHandler.java","18058","85194","103252"
"2015-02-06 06:17","StaticHostProviderTest.java","12246","40286","52532"
"2014-06-27 23:47","StaticHostProviderTest.java","10212","28758","38970"
"2013-11-05 03:02","StaticHostProviderTest.java","2939","13418","16357"
"2014-07-17 22:56","StaticHostProviderTest.java","11151","31673","42824"
"2019-08-17 17:13","StaticHostProviderTest.java","187232","256413","443645"
"2018-07-16 05:45","StaticHostProviderTest.java","42577","89120","131697"
"2015-05-10 00:27","StaticHostProviderTest.java","12493","42877","55370"
"2019-08-17 17:13","Leader.java","210259","256151","466410"
"2019-06-29 00:33","Leader.java","210259","244138","454397"
"2019-06-03 19:40","Leader.java","210259","241482","451741"
"2019-07-15 14:15","Leader.java","210259","251570","461829"
"2015-03-17 18:06","Leader.java","1635","7608","9243"
"2019-07-25 21:41","Leader.java","210259","252634","462893"
"2018-05-10 06:00","Leader.java","17174","39040","56214"
"2018-07-12 01:33","Leader.java","25662","48461","74123"
"2018-02-07 01:05","Leader.java","16788","36520","53308"
"2017-11-28 00:10","Leader.java","16335","35212","51547"
"2019-06-05 00:33","Leader.java","210259","241872","452131"
"2015-04-10 22:22","Leader.java","1681","8722","10403"
"2019-08-03 08:42","Leader.java","210259","256859","467118"
"2019-06-05 23:57","Leader.java","210259","242141","452400"
"2017-01-13 19:29","Leader.java","9913","27273","37186"
"2019-01-07 14:55","Leader.java","210150","230933","441083"
"2019-04-12 19:01","Leader.java","210243","237942","448185"
"2018-12-09 03:16","Leader.java","210149","228699","438848"
"2018-08-17 14:40","Leader.java","83380","108475","191855"
"2019-11-29 14:49","Leader.java","211699","264148","475847"
"2018-11-27 10:02","Leader.java","210149","226375","436524"
"2015-02-06 06:17","Leader.java","1396","6147","7543"
"2017-02-15 23:04","Leader.java","12826","27230","40056"
"2018-08-29 06:26","Leader.java","107057","132360","239417"
"2018-08-03 18:52","Leader.java","36204","60501","96705"
"2017-09-11 18:55","Leader.java","15900","30920","46820"
"2018-09-18 01:00","Leader.java","112356","140229","252585"
"2016-12-20 14:47","Leader.java","9824","26342","36166"
"2014-07-20 04:50","Leader.java","264","785","1049"
"2016-06-23 23:25","Leader.java","7720","19174","26894"
"2016-06-23 23:45","Leader.java","7754","19316","27070"
"2020-03-25 03:38","Leader.java","211700","270377","482077"
"2019-12-27 22:33","Leader.java","211699","266269","477968"
"2016-08-13 15:01","Leader.java","8242","20499","28741"
"2019-10-10 14:37","Leader.java","210259","259904","470163"
"2018-11-17 18:33","ServerCnxn.java","217040","224045","441085"
"2019-01-14 19:38","ServerCnxn.java","217042","231264","448306"
"2019-04-12 19:01","ServerCnxn.java","217136","237873","455009"
"2018-09-18 01:00","ServerCnxn.java","112544","133455","245999"
"2019-07-08 23:26","ServerCnxn.java","217152","244858","462010"
"2016-11-16 06:21","ServerCnxn.java","7874","17070","24944"
"2019-08-17 17:13","ServerCnxn.java","217153","256083","473236"
"2019-07-03 00:44","ServerCnxn.java","217152","244095","461247"
"2015-06-28 21:09","ServerCnxn.java","2289","3989","6278"
"2018-07-12 01:33","ServerCnxn.java","25611","41448","67059"
"2018-08-08 06:21","ServerCnxn.java","83403","101208","184611"
"2017-11-28 00:10","ServerCnxn.java","15433","27348","42781"
"2019-11-18 09:05","ServerCnxn.java","218605","260679","479284"
"2020-02-26 22:41","ServerCnxn.java","218607","268191","486798"
"2018-09-28 23:38","ServerCnxn.java","113218","136703","249921"
"2019-11-11 13:59","ServerCnxn.java","217182","263522","480704"
"2011-04-29 18:12","QuorumCnxManager.java","23153","60594","83747"
"2011-12-28 01:26","QuorumCnxManager.java","26684","73916","100600"
"2019-11-29 14:49","QuorumCnxManager.java","142506","264696","407202"
"2013-03-07 07:01","QuorumCnxManager.java","29693","91879","121572"
"2018-07-11 06:04","QuorumCnxManager.java","43345","146912","190257"
"2018-08-06 14:11","QuorumCnxManager.java","48027","153367","201394"
"2010-11-17 15:59","QuorumCnxManager.java","18799","95883","114682"
"2012-06-29 22:08","QuorumCnxManager.java","28355","78746","107101"
"2018-10-16 16:22","QuorumCnxManager.java","114293","239519","353812"
"2019-06-14 09:06","QuorumCnxManager.java","141867","245498","387365"
"2019-08-03 08:42","QuorumCnxManager.java","141867","258208","400075"
"2019-11-13 20:41","QuorumCnxManager.java","141867","265219","407086"
"2019-04-09 16:08","QuorumCnxManager.java","141831","238320","380151"
"2019-08-06 12:52","QuorumCnxManager.java","141867","258473","400340"
"2017-02-09 11:40","QuorumCnxManager.java","34751","133341","168092"
"2019-05-20 23:13","QuorumCnxManager.java","141867","242372","384239"
"2015-04-09 20:16","QuorumCnxManager.java","32252","120225","152477"
"2017-08-23 02:16","QuorumCnxManager.java","35977","131871","167848"
"2019-07-27 20:04","QuorumCnxManager.java","141867","254031","395898"
"2015-05-29 23:46","QuorumCnxManager.java","32295","120784","153079"
"2015-05-14 07:10","QuorumCnxManager.java","32308","120501","152809"
"2020-03-12 14:47","QuorumCnxManager.java","142506","270082","412588"
"2019-08-17 17:13","QuorumCnxManager.java","141867","257500","399367"
"2017-11-28 00:10","QuorumCnxManager.java","36089","135903","171992"
"2009-11-18 20:06","QuorumCnxManager.java","4198","16833","21031"
"2009-10-27 22:14","QuorumCnxManager.java","2124","5640","7764"
"2009-12-15 23:23","QuorumCnxManager.java","5031","18244","23275"
"2009-08-11 00:24","QuorumCnxManager.java","631","1840","2471"
"2009-08-03 23:27","QuorumCnxManager.java","532","995","1527"
"2019-10-10 14:37","QuorumCnxManager.java","141867","261253","403120"
"2014-07-23 19:36","QuorumCnxManager.java","32045","113585","145630"
"2017-06-09 18:37","QuorumCnxManager.java","35875","131473","167348"
"2020-01-23 13:43","QuorumCnxManager.java","142506","268066","410572"
"2014-03-23 04:12","QuorumCnxManager.java","30287","101843","132130"
"2010-01-19 21:06","QuorumCnxManager.java","5629","21858","27487"
"2010-01-21 04:08","QuorumCnxManager.java","5642","21877","27519"
"2014-07-08 05:25","QuorumCnxManager.java","31949","109219","141168"
"2019-11-28 12:24","QuorumCnxManager.java","142506","263045","405551"
"2014-06-25 15:04","QuorumCnxManager.java","31691","107325","139016"
"2011-08-15 02:44","QuorumCnxManager.java","22000","66839","88839"
"2016-06-08 17:43","QuorumCnxManager.java","34061","126082","160143"
"2020-03-23 16:20","QuorumCnxManager.java","142506","270253","412759"
"2020-02-16 10:25","QuorumCnxManager.java","142506","268779","411285"
"2014-07-22 06:45","QuorumCnxManager.java","32044","113509","145553"
"2011-04-12 09:14","QuorumCnxManager.java","23118","60224","83342"
"2010-10-06 19:01","QuorumCnxManager.java","18253","92730","110983"
"2018-07-27 12:32","QuorumCnxManager.java","47997","152725","200722"
"2010-10-20 00:32","QuorumCnxManager.java","18275","94245","112520"
"2011-03-16 19:49","QuorumCnxManager.java","19011","97590","116601"
"2019-08-17 17:13","ZooDefs.java","24762","25455","50217"
"2019-11-08 17:30","ZooDefs.java","27621","33928","61549"
"2019-08-17 17:13","Leader.java","177206","256650","433856"
"2019-06-29 00:33","Leader.java","177206","244637","421843"
"2019-06-03 19:40","Leader.java","177206","241981","419187"
"2014-05-20 23:42","Leader.java","14232","41520","55752"
"2019-07-15 14:15","Leader.java","177206","252069","429275"
"2015-03-17 18:06","Leader.java","15595","55120","70715"
"2019-07-25 21:41","Leader.java","177206","253133","430339"
"2018-05-10 06:00","Leader.java","26194","81612","107806"
"2018-07-12 01:33","Leader.java","34062","90413","124475"
"2018-02-07 01:05","Leader.java","25931","79215","105146"
"2017-11-28 00:10","Leader.java","25551","77980","103531"
"2019-06-05 00:33","Leader.java","177206","242371","419577"
"2015-04-10 22:22","Leader.java","15624","56217","71841"
"2019-08-03 08:42","Leader.java","177206","257358","434564"
"2019-06-05 23:57","Leader.java","177206","242640","419846"
"2012-12-08 00:38","Leader.java","4328","12496","16824"
"2013-10-07 21:08","Leader.java","7082","24699","31781"
"2012-12-31 02:38","Leader.java","5171","15460","20631"
"2017-01-13 19:29","Leader.java","21450","72362","93812"
"2012-07-05 18:01","Leader.java","3255","6497","9752"
"2019-01-07 14:55","Leader.java","177128","231463","408591"
"2019-04-12 19:01","Leader.java","177206","238457","415663"
"2018-12-09 03:16","Leader.java","177127","229229","406356"
"2018-08-17 14:40","Leader.java","86503","145150","231653"
"2019-11-29 14:49","Leader.java","178514","264515","443029"
"2013-03-07 07:01","Leader.java","6420","21221","27641"
"2018-11-27 10:02","Leader.java","177127","226905","404032"
"2015-02-06 06:17","Leader.java","15437","53740","69177"
"2012-02-27 03:41","Leader.java","603","1481","2084"
"2017-02-15 23:04","Leader.java","23429","71385","94814"
"2014-07-18 02:19","Leader.java","14977","48529","63506"
"2018-08-29 06:26","Leader.java","104095","162950","267045"
"2018-08-03 18:52","Leader.java","44284","102133","146417"
"2013-05-14 14:27","Leader.java","6466","21392","27858"
"2012-02-06 09:40","Leader.java","217","854","1071"
"2017-09-11 18:55","Leader.java","25236","73808","99044"
"2018-09-18 01:00","Leader.java","109289","170714","280003"
"2012-01-14 00:28","Leader.java","14","112","126"
"2012-01-06 02:32","Leader.java","8","9","17"
"2012-03-15 17:47","Leader.java","656","2513","3169"
"2016-12-20 14:47","Leader.java","21422","71492","92914"
"2014-07-20 04:50","Leader.java","15043","49116","64159"
"2014-06-10 00:19","Leader.java","14244","42466","56710"
"2016-06-23 23:25","Leader.java","20076","65082","85158"
"2016-06-23 23:45","Leader.java","20075","65189","85264"
"2020-03-25 03:38","Leader.java","178514","270743","449257"
"2014-03-23 04:12","Leader.java","7826","31997","39823"
"2019-12-27 22:33","Leader.java","178514","266636","445150"
"2016-08-13 15:01","Leader.java","20373","66182","86555"
"2013-10-21 23:36","Leader.java","7311","27670","34981"
"2019-10-10 14:37","Leader.java","177206","260403","437609"
"2013-11-07 06:41","Leader.java","7383","28173","35556"
"2019-08-17 17:13","Leader.java","177059","256656","433715"
"2019-06-29 00:33","Leader.java","177059","244643","421702"
"2019-06-03 19:40","Leader.java","177059","241987","419046"
"2014-05-20 23:42","Leader.java","14314","41755","56069"
"2019-07-15 14:15","Leader.java","177059","252075","429134"
"2015-03-17 18:06","Leader.java","15676","55354","71030"
"2019-07-25 21:41","Leader.java","177059","253139","430198"
"2018-05-10 06:00","Leader.java","26209","81780","107989"
"2018-07-12 01:33","Leader.java","34076","90580","124656"
"2018-02-07 01:05","Leader.java","25980","79417","105397"
"2017-11-28 00:10","Leader.java","25600","78182","103782"
"2019-06-05 00:33","Leader.java","177059","242377","419436"
"2015-04-10 22:22","Leader.java","15693","56439","72132"
"2019-08-03 08:42","Leader.java","177059","257364","434423"
"2019-06-05 23:57","Leader.java","177059","242646","419705"
"2012-12-08 00:38","Leader.java","4414","12735","17149"
"2013-10-07 21:08","Leader.java","7166","24936","32102"
"2012-12-31 02:38","Leader.java","5257","15699","20956"
"2017-01-13 19:29","Leader.java","21513","72578","94091"
"2012-07-05 18:01","Leader.java","3344","6739","10083"
"2019-01-07 14:55","Leader.java","176981","231469","408450"
"2019-04-12 19:01","Leader.java","177059","238463","415522"
"2018-12-09 03:16","Leader.java","176981","229236","406217"
"2018-08-17 14:40","Leader.java","86517","145317","231834"
"2019-11-29 14:49","Leader.java","178367","264521","442888"
"2013-03-07 07:01","Leader.java","6505","21459","27964"
"2018-11-27 10:02","Leader.java","176981","226912","403893"
"2015-02-06 06:17","Leader.java","15518","53974","69492"
"2012-02-27 03:41","Leader.java","693","1724","2417"
"2017-02-15 23:04","Leader.java","23478","71587","95065"
"2014-07-18 02:19","Leader.java","15059","48764","63823"
"2012-01-04 01:15","Leader.java","91","244","335"
"2018-08-29 06:26","Leader.java","104107","163115","267222"
"2018-08-03 18:52","Leader.java","44298","102300","146598"
"2013-05-14 14:27","Leader.java","6551","21630","28181"
"2012-02-06 09:40","Leader.java","307","1097","1404"
"2017-09-11 18:55","Leader.java","25285","74010","99295"
"2018-09-18 01:00","Leader.java","109301","170879","280180"
"2012-01-14 00:28","Leader.java","104","355","459"
"2012-01-06 02:32","Leader.java","99","253","352"
"2012-03-15 17:47","Leader.java","746","2756","3502"
"2016-12-20 14:47","Leader.java","21486","71709","93195"
"2014-07-20 04:50","Leader.java","15125","49351","64476"
"2014-06-10 00:19","Leader.java","14326","42701","57027"
"2016-06-23 23:25","Leader.java","20142","65301","85443"
"2016-06-23 23:45","Leader.java","20141","65408","85549"
"2020-03-25 03:38","Leader.java","178367","270749","449116"
"2014-03-23 04:12","Leader.java","7909","32233","40142"
"2019-12-27 22:33","Leader.java","178367","266642","445009"
"2016-08-13 15:01","Leader.java","20439","66401","86840"
"2013-10-21 23:36","Leader.java","7395","27907","35302"
"2019-10-10 14:37","Leader.java","177059","260409","437468"
"2013-11-07 06:41","Leader.java","7466","28409","35875"
"2019-02-06 09:46","ZooKeeper.java","224894","232878","457772"
"2019-01-16 14:21","ZooKeeper.java","224893","231154","456047"
"2017-04-18 02:02","ZooKeeper.java","4679","4264","8943"
"2019-11-08 17:30","ZooKeeper.java","225059","260954","486013"
"2019-02-07 11:26","ZooKeeper.java","224894","233507","458401"
"2017-05-01 17:19","ZooKeeper.java","4697","4409","9106"
"2019-08-17 17:13","ZooKeeper.java","225011","255292","480303"
"2019-06-26 10:57","ZooKeeper.java","225010","243141","468151"
"2019-06-03 19:40","ZooKeeper.java","225010","240622","465632"
"2018-05-09 23:57","ZooKeeper.java","9133","15103","24236"
"2019-08-03 08:42","ZooKeeper.java","225011","256000","481011"
"2017-07-28 00:36","ZooKeeper.java","7498","6344","13842"
"2017-08-18 23:35","ZooKeeper.java","7596","6927","14523"
"2017-07-04 07:56","ZooKeeper.java","5943","5399","11342"
"2020-04-16 12:50","ZooKeeper.java","226677","270532","497209"
"2018-07-27 05:16","ZooKeeper.java","29983","37971","67954"
"2019-10-10 14:37","ZooKeeper.java","225011","259045","484056"
"2019-02-11 12:34","ZooKeeper.java","224894","233870","458764"
"2020-05-17 15:13","ZooKeeper.java","226709","270935","497644"
"2017-01-09 22:49","ZooKeeper.java","870","2438","3308"
"2019-03-12 19:08","ZooKeeper.java","224915","235319","460234"
"2018-11-17 18:33","ServerCnxn.java","218623","223928","442551"
"2019-01-14 19:38","ServerCnxn.java","218625","231147","449772"
"2019-04-12 19:01","ServerCnxn.java","218719","237756","456475"
"2018-09-18 01:00","ServerCnxn.java","110822","130033","240855"
"2019-07-08 23:26","ServerCnxn.java","218736","244742","463478"
"2016-11-16 06:21","ServerCnxn.java","5711","13207","18918"
"2019-08-17 17:13","ServerCnxn.java","218737","255967","474704"
"2019-07-03 00:44","ServerCnxn.java","218736","243979","462715"
"2018-07-12 01:33","ServerCnxn.java","23702","37839","61541"
"2018-08-08 06:21","ServerCnxn.java","81510","97615","179125"
"2017-11-28 00:10","ServerCnxn.java","13428","23643","37071"
"2019-11-18 09:05","ServerCnxn.java","220281","260655","480936"
"2020-02-26 22:41","ServerCnxn.java","220283","268167","488450"
"2018-09-28 23:38","ServerCnxn.java","111498","133283","244781"
"2019-11-11 13:59","ServerCnxn.java","218767","263407","482174"
"2019-11-08 17:30","Watcher.java","217665","261627","479292"
"2017-07-28 00:36","Watcher.java","13773","20686","34459"
"2019-08-17 17:13","Watcher.java","217635","255983","473618"
"2009-07-17 00:09","OOMTest.java","9494","94241","103735"
"2019-08-17 17:13","OOMTest.java","57679","257842","315521"
"2017-09-11 18:55","OOMTest.java","18992","188534","207526"
"2010-03-31 06:26","OOMTest.java","11761","122885","134646"
"2010-08-18 08:24","OOMTest.java","12151","142742","154893"
"2013-12-21 22:05","OOMTest.java","16946","159615","176561"
"2019-09-18 11:20","OOMTest.java","57679","260754","318433"
"2019-11-29 14:49","QuorumCnxManager.java","219182","264079","483261"
"2018-07-11 06:04","QuorumCnxManager.java","24659","39737","64396"
"2018-08-06 14:11","QuorumCnxManager.java","35311","52162","87473"
"2018-10-16 16:22","QuorumCnxManager.java","196708","233445","430153"
"2019-06-14 09:06","QuorumCnxManager.java","217642","243980","461622"
"2019-08-03 08:42","QuorumCnxManager.java","217643","256691","474334"
"2019-11-13 20:41","QuorumCnxManager.java","217673","263732","481405"
"2019-04-09 16:08","QuorumCnxManager.java","217553","236749","454302"
"2019-08-06 12:52","QuorumCnxManager.java","217643","256956","474599"
"2017-02-09 11:40","QuorumCnxManager.java","7962","18063","26025"
"2019-05-20 23:13","QuorumCnxManager.java","217625","240837","458462"
"2017-08-23 02:16","QuorumCnxManager.java","13879","21284","35163"
"2019-07-27 20:04","QuorumCnxManager.java","217643","252514","470157"
"2020-03-12 14:47","QuorumCnxManager.java","219184","269467","488651"
"2019-08-17 17:13","QuorumCnxManager.java","217643","255983","473626"
"2017-11-28 00:10","QuorumCnxManager.java","14494","25819","40313"
"2019-10-10 14:37","QuorumCnxManager.java","217643","259736","477379"
"2017-06-09 18:37","QuorumCnxManager.java","12088","19197","31285"
"2020-01-23 13:43","QuorumCnxManager.java","219184","267451","486635"
"2019-11-28 12:24","QuorumCnxManager.java","219182","262428","481610"
"2016-06-08 17:43","QuorumCnxManager.java","5398","8930","14328"
"2020-03-23 16:20","QuorumCnxManager.java","219184","269638","488822"
"2020-02-16 10:25","QuorumCnxManager.java","219184","268164","487348"
"2018-07-27 12:32","QuorumCnxManager.java","35102","51341","86443"
"2019-10-10 14:37","SaslAuthFailDesignatedClientTest.java","197520","260119","457639"
"2016-05-02 18:15","SaslAuthFailDesignatedClientTest.java","16284","39830","56114"
"2019-08-17 17:13","SaslAuthFailDesignatedClientTest.java","197520","256366","453886"
"2020-01-23 13:43","QuorumPeerMain.java","8138","10655","18793"
"2019-11-28 12:24","QuorumPeerMain.java","5527","3023","8550"
"2020-02-16 10:25","QuorumPeerMain.java","9915","13145","23060"
"2019-10-10 14:37","ProviderRegistry.java","3717","7470","11187"
"2014-07-26 04:11","InvalidSnapCountTest.java","10400","26952","37352"
"2019-08-17 17:13","InvalidSnapCountTest.java","194679","256367","451046"
"2019-07-31 19:06","ZooKeeperServer.java","6594","20570","27164"
"2019-09-11 10:27","ZooKeeperServer.java","30898","46923","77821"
"2019-07-08 23:26","ZooKeeperServer.java","3786","7231","11017"
"2019-06-04 10:55","ZooKeeperServer.java","233","386","619"
"2019-08-03 08:42","ZooKeeperServer.java","6944","22321","29265"
"2019-09-10 04:26","ZooKeeperServer.java","30856","46570","77426"
"2019-08-17 17:13","ZooKeeperServer.java","29523","44192","73715"
"2019-09-05 23:12","ZooKeeperServer.java","30821","46409","77230"
"2019-09-10 15:21","ZooKeeperServer.java","30866","46578","77444"
"2019-08-01 07:31","ZooKeeperServer.java","6675","22015","28690"
"2019-08-01 07:28","ZooKeeperServer.java","6601","21451","28052"
"2019-11-23 17:08","ZooKeeperServer.java","37354","56724","94078"
"2019-10-09 16:49","ZooKeeperServer.java","31452","49707","81159"
"2019-07-03 00:44","ZooKeeperServer.java","3699","6381","10080"
"2019-07-24 18:00","ZooKeeperServer.java","5113","16237","21350"
"2019-12-27 22:33","ZooKeeperServer.java","37840","61187","99027"
"2019-11-18 09:05","ZooKeeperServer.java","37159","54972","92131"
"2019-10-10 14:37","ZooKeeperServer.java","31925","50347","82272"
"2019-09-16 23:26","ZooKeeperServer.java","31100","48788","79888"
"2019-12-03 10:01","ZooKeeperServer.java","37686","58958","96644"
"2020-03-25 03:38","ZooKeeperServer.java","39475","66929","106404"
"2019-11-28 12:24","ZooKeeperServer.java","37411","56986","94397"
"2019-11-06 15:21","ZooKeeperServer.java","32064","50702","82766"
"2020-04-12 11:14","ZooKeeperServer.java","40106","68313","108419"
"2014-07-08 05:25","FLEBackwardElectionRoundTest.java","9134","18181","27315"
"2017-06-13 20:57","FLEBackwardElectionRoundTest.java","23420","51649","75069"
"2019-07-12 17:01","FLEBackwardElectionRoundTest.java","197754","251673","449427"
"2017-11-28 00:10","FLEBackwardElectionRoundTest.java","23732","55323","79055"
"2019-08-17 17:13","FLEBackwardElectionRoundTest.java","197754","256360","454114"
"2019-06-03 19:40","FLEBackwardElectionRoundTest.java","197754","241691","439445"
"2017-09-11 18:55","FLEBackwardElectionRoundTest.java","23310","51044","74354"
"2015-02-06 06:17","PrepRequestProcessor.java","10563","25332","35895"
"2019-02-07 11:26","PrepRequestProcessor.java","200277","234519","434796"
"2019-09-11 10:27","PrepRequestProcessor.java","200382","257648","458030"
"2018-07-19 05:59","PrepRequestProcessor.java","42909","76214","119123"
"2017-09-11 18:55","PrepRequestProcessor.java","23341","48379","71720"
"2019-01-16 14:21","PrepRequestProcessor.java","200276","232166","432442"
"2017-06-01 05:45","PrepRequestProcessor.java","21816","46390","68206"
"2019-11-08 17:30","PrepRequestProcessor.java","200410","261934","462344"
"2016-11-13 20:59","PrepRequestProcessor.java","17460","43089","60549"
"2019-04-09 15:35","PrepRequestProcessor.java","200295","237062","437357"
"2019-04-17 14:16","PrepRequestProcessor.java","200366","238348","438714"
"2014-10-28 05:35","PrepRequestProcessor.java","10230","23060","33290"
"2019-05-10 12:22","PrepRequestProcessor.java","200366","240783","441149"
"2017-06-26 00:16","PrepRequestProcessor.java","22090","46942","69032"
"2019-02-07 11:22","PrepRequestProcessor.java","200277","234181","434458"
"2016-11-16 06:21","PrepRequestProcessor.java","17495","43671","61166"
"2019-08-01 07:31","PrepRequestProcessor.java","200382","256963","457345"
"2019-06-26 10:57","PrepRequestProcessor.java","200382","244142","444524"
"2015-05-29 19:45","PrepRequestProcessor.java","11379","28939","40318"
"2016-10-07 21:51","PrepRequestProcessor.java","17313","40689","58002"
"2015-06-04 19:51","PrepRequestProcessor.java","11517","29842","41359"
"2019-08-17 17:13","PrepRequestProcessor.java","200382","256292","456674"
"2018-08-08 06:21","PrepRequestProcessor.java","85658","120443","206101"
"2018-05-09 23:57","PrepRequestProcessor.java","24393","55992","80385"
"2015-06-11 20:09","PrepRequestProcessor.java","11531","29982","41513"
"2019-12-27 22:33","PrepRequestProcessor.java","201799","266387","468186"
"2014-04-01 01:47","PrepRequestProcessor.java","605","1868","2473"
"2019-10-10 14:37","PrepRequestProcessor.java","200382","260045","460427"
"2020-03-25 03:38","PrepRequestProcessor.java","201799","270494","472293"
"2014-07-25 01:31","PrepRequestProcessor.java","9714","20468","30182"
"2014-04-29 02:23","PrepRequestProcessor.java","7729","10994","18723"
"2015-03-08 23:07","PrepRequestProcessor.java","10652","25595","36247"
"2014-07-22 06:51","PrepRequestProcessor.java","9636","20201","29837"
"2018-06-15 07:41","PrepRequestProcessor.java","24524","56875","81399"
"2019-07-29 17:15","CppGenerator.java","157929","254633","412562"
"2017-09-11 18:55","CppGenerator.java","35939","115800","151739"
"2016-11-24 17:18","CppGenerator.java","34261","115281","149542"
"2011-07-01 00:53","PrepRequestProcessor.java","23085","73781","96866"
"2015-02-06 06:17","PrepRequestProcessor.java","29856","122503","152359"
"2012-02-06 10:39","PrepRequestProcessor.java","26016","81004","107020"
"2013-03-07 07:01","PrepRequestProcessor.java","27352","96497","123849"
"2019-02-07 11:26","PrepRequestProcessor.java","132878","235788","368666"
"2019-09-11 10:27","PrepRequestProcessor.java","132922","258856","391778"
"2018-07-19 05:59","PrepRequestProcessor.java","45270","156453","201723"
"2017-09-11 18:55","PrepRequestProcessor.java","33533","136449","169982"
"2019-01-16 14:21","PrepRequestProcessor.java","132878","233436","366314"
"2017-06-01 05:45","PrepRequestProcessor.java","33384","135836","169220"
"2012-04-14 02:32","PrepRequestProcessor.java","26267","82819","109086"
"2019-11-08 17:30","PrepRequestProcessor.java","132922","263114","396036"
"2016-11-13 20:59","PrepRequestProcessor.java","32047","135554","167601"
"2019-04-09 15:35","PrepRequestProcessor.java","132886","238321","371207"
"2019-04-17 14:16","PrepRequestProcessor.java","132922","239572","372494"
"2014-10-28 05:35","PrepRequestProcessor.java","29794","120502","150296"
"2019-05-10 12:22","PrepRequestProcessor.java","132922","242007","374929"
"2017-06-26 00:16","PrepRequestProcessor.java","33413","136143","169556"
"2019-02-07 11:22","PrepRequestProcessor.java","132878","235450","368328"
"2016-11-16 06:21","PrepRequestProcessor.java","32057","136111","168168"
"2019-08-01 07:31","PrepRequestProcessor.java","132922","258171","391093"
"2019-06-26 10:57","PrepRequestProcessor.java","132922","245350","378272"
"2009-11-12 23:48","PrepRequestProcessor.java","6499","25666","32165"
"2014-01-24 07:18","PrepRequestProcessor.java","27808","105686","133494"
"2015-05-29 19:45","PrepRequestProcessor.java","29939","125377","155316"
"2016-10-07 21:51","PrepRequestProcessor.java","32032","133286","165318"
"2015-06-04 19:51","PrepRequestProcessor.java","29992","126195","156187"
"2009-06-26 22:29","PrepRequestProcessor.java","3057","11691","14748"
"2019-08-17 17:13","PrepRequestProcessor.java","132922","257500","390422"
"2009-06-18 18:37","PrepRequestProcessor.java","586","1657","2243"
"2018-08-08 06:21","PrepRequestProcessor.java","66085","178748","244833"
"2018-05-09 23:57","PrepRequestProcessor.java","33709","143186","176895"
"2015-06-11 20:09","PrepRequestProcessor.java","29999","126328","156327"
"2019-12-27 22:33","PrepRequestProcessor.java","133561","266817","400378"
"2009-12-18 03:19","PrepRequestProcessor.java","7516","29948","37464"
"2009-12-11 21:24","PrepRequestProcessor.java","6743","28722","35465"
"2009-11-07 01:48","PrepRequestProcessor.java","6114","20076","26190"
"2014-04-01 01:47","PrepRequestProcessor.java","28057","107198","135255"
"2019-10-10 14:37","PrepRequestProcessor.java","132922","261253","394175"
"2020-03-25 03:38","PrepRequestProcessor.java","133561","270924","404485"
"2010-01-25 04:28","PrepRequestProcessor.java","7798","33271","41069"
"2011-08-15 02:35","PrepRequestProcessor.java","21169","72954","94123"
"2014-07-25 01:31","PrepRequestProcessor.java","29739","118371","148110"
"2013-10-09 22:21","PrepRequestProcessor.java","27721","102061","129782"
"2010-08-18 08:24","PrepRequestProcessor.java","18131","73137","91268"
"2011-09-17 02:36","PrepRequestProcessor.java","23882","77894","101776"
"2014-04-29 02:23","PrepRequestProcessor.java","29189","110332","139521"
"2015-03-08 23:07","PrepRequestProcessor.java","29882","122703","152585"
"2014-07-22 06:51","PrepRequestProcessor.java","29694","118137","147831"
"2012-03-15 17:47","PrepRequestProcessor.java","26037","82238","108275"
"2011-04-12 09:14","PrepRequestProcessor.java","22531","68582","91113"
"2011-11-01 15:41","PrepRequestProcessor.java","25627","78431","104058"
"2011-10-28 00:58","PrepRequestProcessor.java","25578","78220","103798"
"2011-10-20 20:02","PrepRequestProcessor.java","25451","77874","103325"
"2011-10-17 16:59","PrepRequestProcessor.java","23945","77776","101721"
"2018-06-15 07:41","PrepRequestProcessor.java","33728","143957","177685"
"2012-12-19 19:16","PrepRequestProcessor.java","27030","91619","118649"
"2011-11-14 20:18","PrepRequestProcessor.java","25620","79059","104679"
"2016-09-09 00:10","LoadFromLogTest.java","24659","81043","105702"
"2012-03-06 09:20","LoadFromLogTest.java","8306","19617","27923"
"2019-10-10 14:37","LoadFromLogTest.java","179902","260663","440565"
"2011-06-05 22:54","LoadFromLogTest.java","0","29","29"
"2011-07-28 07:49","LoadFromLogTest.java","1438","8697","10135"
"2014-02-10 21:50","LoadFromLogTest.java","13743","47667","61410"
"2019-08-17 17:13","LoadFromLogTest.java","179902","256910","436812"
"2019-06-07 14:13","LoadFromLogTest.java","179902","243014","422916"
"2017-12-06 23:14","LoadFromLogTest.java","28189","90801","118990"
"2011-12-21 21:39","LoadFromLogTest.java","7705","17733","25438"
"2013-06-28 23:22","LoadFromLogTest.java","13177","40092","53269"
"2017-06-13 20:57","FLEBackwardElectionRoundTest.java","15666","34848","50514"
"2019-07-12 17:01","FLEBackwardElectionRoundTest.java","206595","251467","458062"
"2017-11-28 00:10","FLEBackwardElectionRoundTest.java","15984","38528","54512"
"2019-08-17 17:13","FLEBackwardElectionRoundTest.java","206595","256154","462749"
"2019-06-03 19:40","FLEBackwardElectionRoundTest.java","206595","241485","448080"
"2017-09-11 18:55","FLEBackwardElectionRoundTest.java","15546","34233","49779"
"2019-06-14 09:06","QuorumPeer.java","665","3179","3844"
"2019-11-29 14:49","QuorumPeer.java","37538","58611","96149"
"2019-07-15 14:15","QuorumPeer.java","4504","14439","18943"
"2019-07-03 00:44","QuorumPeer.java","3470","5999","9469"
"2019-08-17 17:13","QuorumPeer.java","29368","43884","73252"
"2019-06-05 00:33","QuorumPeer.java","67","304","371"
"2019-07-12 17:01","QuorumPeer.java","4504","14333","18837"
"2020-01-09 11:27","QuorumPeer.java","38612","61231","99843"
"2019-12-17 13:48","QuorumPeer.java","37585","59230","96815"
"2020-01-23 13:43","QuorumPeer.java","39027","63470","102497"
"2019-10-10 14:37","QuorumPeer.java","31771","50040","81811"
"2020-02-16 10:25","QuorumPeer.java","39159","64315","103474"
"2019-02-06 09:46","ZooKeeper.java","187604","234013","421617"
"2019-01-16 14:21","ZooKeeper.java","187603","232289","419892"
"2017-04-18 02:02","ZooKeeper.java","21004","59014","80018"
"2019-11-08 17:30","ZooKeeper.java","187729","262049","449778"
"2019-02-07 11:26","ZooKeeper.java","187604","234642","422246"
"2013-03-07 07:01","ZooKeeper.java","990","5053","6043"
"2013-12-17 17:55","ZooKeeper.java","2585","13452","16037"
"2017-05-01 17:19","ZooKeeper.java","21017","59154","80171"
"2014-01-24 07:18","ZooKeeper.java","2719","15515","18234"
"2019-08-17 17:13","ZooKeeper.java","187701","256407","444108"
"2015-06-04 19:51","ZooKeeper.java","12303","43424","55727"
"2016-10-07 21:51","ZooKeeper.java","17879","54051","71930"
"2015-03-16 09:09","ZooKeeper.java","11744","39821","51565"
"2015-03-17 18:06","ZooKeeper.java","11847","40634","52481"
"2016-05-02 18:15","ZooKeeper.java","16898","50304","67202"
"2019-06-26 10:57","ZooKeeper.java","187701","244257","431958"
"2019-06-03 19:40","ZooKeeper.java","187701","241738","429439"
"2018-05-09 23:57","ZooKeeper.java","23930","68325","92255"
"2019-08-03 08:42","ZooKeeper.java","187701","257115","444816"
"2016-11-13 20:59","ZooKeeper.java","17907","56332","74239"
"2017-07-28 00:36","ZooKeeper.java","22800","60071","82871"
"2017-08-18 23:35","ZooKeeper.java","22892","60648","83540"
"2017-07-04 07:56","ZooKeeper.java","22148","60029","82177"
"2020-04-16 12:50","ZooKeeper.java","189046","271326","460372"
"2018-07-27 05:16","ZooKeeper.java","42349","88762","131111"
"2019-10-10 14:37","ZooKeeper.java","187701","260160","447861"
"2014-04-01 04:03","ZooKeeper.java","3257","17533","20790"
"2019-02-11 12:34","ZooKeeper.java","187604","235005","422609"
"2014-07-08 20:18","ZooKeeper.java","10618","29781","40399"
"2020-05-17 15:13","ZooKeeper.java","189054","271705","460759"
"2017-01-09 22:49","ZooKeeper.java","18617","58610","77227"
"2019-03-12 19:08","ZooKeeper.java","187621","236450","424071"
"2014-07-22 06:51","ZooKeeper.java","10884","34245","45129"
"2014-04-29 02:23","ZooKeeper.java","9511","25572","35083"
"2018-10-16 16:22","QuorumPeerConfig.java","203402","232080","435482"
"2018-12-09 03:16","QuorumPeerConfig.java","224891","227830","452721"
"2019-04-12 19:01","QuorumPeerConfig.java","224992","237080","462072"
"2018-09-11 15:23","QuorumPeerConfig.java","107486","118493","225979"
"2018-12-15 07:34","QuorumPeerConfig.java","224891","227745","452636"
"2019-02-13 13:12","QuorumPeerConfig.java","224914","234141","459055"
"2019-08-17 17:13","QuorumPeerConfig.java","225011","255292","480303"
"2017-11-28 00:10","QuorumPeerConfig.java","8284","11550","19834"
"2019-06-05 00:29","QuorumPeerConfig.java","225010","240958","465968"
"2020-01-09 11:27","QuorumPeerConfig.java","226617","265001","491618"
"2019-07-12 17:01","QuorumPeerConfig.java","225011","250605","475616"
"2019-05-15 11:56","QuorumPeerConfig.java","224992","240027","465019"
"2018-10-01 06:11","QuorumPeerConfig.java","108298","123139","231437"
"2017-07-28 00:36","QuorumPeerConfig.java","7498","6344","13842"
"2017-07-06 18:48","QuorumPeerConfig.java","5958","5686","11644"
"2020-01-23 13:43","QuorumPeerConfig.java","226617","266825","493442"
"2019-10-10 14:37","QuorumPeerConfig.java","225011","259045","484056"
"2018-07-27 12:32","QuorumPeerConfig.java","30050","38230","68280"
"2019-04-18 19:17","QuorumPeerConfig.java","224992","237790","462782"
"2020-02-16 10:25","QuorumPeerConfig.java","226617","267538","494155"
"2020-05-14 18:18","QuorumPeerConfig.java","226709","270855","497564"
"2017-05-11 16:59","QuorumPeerConfig.java","5600","4461","10061"
"2019-06-26 10:57","ZooDefs.java","5188","14706","19894"
"2019-08-17 17:13","ZooDefs.java","30201","51869","82070"
"2019-11-08 17:30","ZooDefs.java","32424","59706","92130"
"2019-07-31 19:06","ZooDefs.java","8166","29141","37307"
"2019-08-17 17:13","ServerIdTest.java","230611","254922","485533"
"2015-07-07 07:11","GetChildrenTest.java","27714","129600","157314"
"2011-04-12 09:14","GetChildrenTest.java","20746","72010","92756"
"2010-08-17 09:24","GetChildrenTest.java","16154","73013","89167"
"2010-04-22 07:42","GetChildrenTest.java","15595","55038","70633"
"2019-08-17 17:13","JvmPauseMonitor.java","29721","47204","76925"
"2019-08-17 17:13","UnifiedServerSocket.java","36458","67761","104219"
"2019-03-11 19:47","UnifiedServerSocket.java","8718","20019","28737"
"2018-11-27 10:02","UnifiedServerSocket.java","289","1926","2215"
"2019-10-10 14:37","UnifiedServerSocket.java","38431","73487","111918"
"2019-11-08 17:30","Watcher.java","200410","261934","462344"
"2017-07-28 00:36","Watcher.java","23116","47591","70707"
"2019-08-17 17:13","Watcher.java","200382","256292","456674"
"2015-05-29 21:48","Watcher.java","11380","28942","40322"
"2011-11-05 21:57","Learner.java","24825","58101","82926"
"2011-04-12 09:14","Learner.java","20837","44456","65293"
"2020-03-19 17:09","Learner.java","155916","270051","425967"
"2013-10-09 22:21","Learner.java","29079","83406","112485"
"2011-09-14 08:56","Learner.java","20129","56688","76817"
"2020-02-03 04:30","Learner.java","155916","268546","424462"
"2020-01-23 13:43","Learner.java","155916","267989","423905"
"2017-07-04 07:39","Learner.java","35690","118640","154330"
"2020-03-25 03:38","Learner.java","155916","270847","426763"
"2011-06-17 01:34","Learner.java","21135","46775","67910"
"2015-03-15 08:54","Learner.java","31474","104394","135868"
"2019-11-28 12:24","Learner.java","155916","262968","418884"
"2019-12-27 22:33","Learner.java","155916","266740","422656"
"2020-01-25 18:48","Learner.java","155916","268179","424095"
"2020-05-03 19:43","Learner.java","155916","271783","427699"
"2016-08-13 15:01","Learner.java","33737","113877","147614"
"2013-10-21 23:36","Learner.java","29078","83768","112846"
"2019-10-10 14:37","Learner.java","154969","260868","415837"
"2015-01-25 01:22","Learner.java","31388","103817","135205"
"2019-06-03 19:40","Learner.java","154969","242446","397415"
"2015-03-17 18:06","Learner.java","31497","105353","136850"
"2019-07-15 14:15","Learner.java","154969","252534","407503"
"2019-08-23 19:43","Learner.java","154969","257781","412750"
"2016-09-08 22:59","Learner.java","33871","114259","148130"
"2019-08-17 17:13","Learner.java","154969","257115","412084"
"2017-11-28 00:10","Learner.java","35954","122714","158668"
"2014-03-12 23:57","Learner.java","29279","87493","116772"
"2018-05-09 00:54","Learner.java","36143","125031","161174"
"2019-04-09 15:35","Learner.java","154931","237934","392865"
"2011-06-14 07:14","Learner.java","21076","46645","67721"
"2019-07-12 17:01","Learner.java","154969","252428","407397"
"2017-07-06 18:48","Learner.java","35697","118919","154616"
"2013-10-07 21:08","Learner.java","28925","80873","109798"
"2017-08-18 06:32","Learner.java","35764","118489","154253"
"2019-07-02 07:34","Learner.java","154969","245058","400027"
"2018-10-16 16:22","Learner.java","126284","238456","364740"
"2012-01-31 07:45","Learner.java","25044","59613","84657"
"2014-07-18 02:19","Learner.java","31208","99091","130299"
"2017-02-12 00:12","Learner.java","35240","117526","152766"
"2011-01-22 20:38","Learner.java","16384","81138","97522"
"2018-12-09 03:16","Learner.java","154917","229721","384638"
"2013-03-07 07:01","Learner.java","28553","77685","106238"
"2019-11-29 14:49","Learner.java","155916","264619","420535"
"2018-11-27 10:02","Learner.java","154917","227397","382314"
"2018-08-06 14:11","Learner.java","52711","144997","197708"
"2011-02-07 20:26","Learner.java","16498","81269","97767"
"2019-08-17 17:13","Leader.java","157476","178065","335541"
"2019-06-29 00:33","Leader.java","157439","166015","323454"
"2019-06-03 19:40","Leader.java","157432","163352","320784"
"2019-07-15 14:15","Leader.java","157440","173448","330888"
"2019-07-25 21:41","Leader.java","157442","174514","331956"
"2019-06-05 00:33","Leader.java","157432","163742","321174"
"2019-08-03 08:42","Leader.java","157455","178752","336207"
"2019-06-05 23:57","Leader.java","157432","164011","321443"
"2019-01-07 14:55","Leader.java","157040","152520","309560"
"2019-04-12 19:01","Leader.java","157385","159781","317166"
"2018-12-09 03:16","Leader.java","150765","144012","294777"
"2019-11-29 14:49","Leader.java","160624","187770","348394"
"2018-11-27 10:02","Leader.java","150765","141688","292453"
"2018-09-18 01:00","Leader.java","5882","8452","14334"
"2020-03-25 03:38","Leader.java","160760","194134","354894"
"2019-12-27 22:33","Leader.java","160637","189904","350541"
"2019-10-10 14:37","Leader.java","158473","182815","341288"
"2019-11-29 14:49","QuorumCnxManager.java","218892","264085","482977"
"2018-07-11 06:04","QuorumCnxManager.java","24841","40215","65056"
"2018-08-06 14:11","QuorumCnxManager.java","35493","52640","88133"
"2018-10-16 16:22","QuorumCnxManager.java","196497","233530","430027"
"2019-06-14 09:06","QuorumCnxManager.java","217437","244071","461508"
"2019-08-03 08:42","QuorumCnxManager.java","217438","256782","474220"
"2019-11-13 20:41","QuorumCnxManager.java","217467","263822","481289"
"2019-04-09 16:08","QuorumCnxManager.java","217348","236840","454188"
"2019-08-06 12:52","QuorumCnxManager.java","217438","257047","474485"
"2017-02-09 11:40","QuorumCnxManager.java","8169","18566","26735"
"2019-05-20 23:13","QuorumCnxManager.java","217420","240928","458348"
"2017-08-23 02:16","QuorumCnxManager.java","14063","21764","35827"
"2019-07-27 20:04","QuorumCnxManager.java","217438","252605","470043"
"2015-05-29 23:46","QuorumCnxManager.java","227","523","750"
"2020-03-12 14:47","QuorumCnxManager.java","218894","269473","488367"
"2019-08-17 17:13","QuorumCnxManager.java","217438","256074","473512"
"2017-11-28 00:10","QuorumCnxManager.java","14676","26297","40973"
"2019-10-10 14:37","QuorumCnxManager.java","217438","259827","477265"
"2017-06-09 18:37","QuorumCnxManager.java","12272","19677","31949"
"2020-01-23 13:43","QuorumCnxManager.java","218894","267457","486351"
"2019-11-28 12:24","QuorumCnxManager.java","218892","262434","481326"
"2016-06-08 17:43","QuorumCnxManager.java","5610","9438","15048"
"2020-03-23 16:20","QuorumCnxManager.java","218894","269644","488538"
"2020-02-16 10:25","QuorumCnxManager.java","218894","268170","487064"
"2018-07-27 12:32","QuorumCnxManager.java","35284","51819","87103"
"2015-05-14 07:10","CnxManagerTest.java","1145","3650","4795"
"2020-03-12 14:47","CnxManagerTest.java","216411","269495","485906"
"2019-08-17 17:13","CnxManagerTest.java","214963","256104","471067"
"2019-06-03 19:40","CnxManagerTest.java","214963","241435","456398"
"2017-11-28 00:10","CnxManagerTest.java","15506","29632","45138"
"2019-07-12 17:01","CnxManagerTest.java","214963","251417","466380"
"2019-05-08 21:54","CnxManagerTest.java","214947","240590","455537"
"2019-08-06 12:52","CnxManagerTest.java","214963","257077","472040"
"2019-06-14 09:06","CnxManagerTest.java","214963","244102","459065"
"2019-11-29 14:49","CnxManagerTest.java","216409","264107","480516"
"2017-09-11 18:55","CnxManagerTest.java","15063","25332","40395"
"2020-02-16 10:25","CnxManagerTest.java","216411","268192","484603"
"2015-11-03 08:11","CnxManagerTest.java","2898","7919","10817"
"2019-10-10 14:37","CnxManagerTest.java","214963","259857","474820"
"2019-08-17 17:13","NullQuorumAuthServer.java","228064","255079","483143"
"2018-09-15 00:08","ZooKeeperServer.java","112361","133608","245969"
"2019-04-12 19:01","ZooKeeperServer.java","216147","237873","454020"
"2019-07-31 19:06","ZooKeeperServer.java","216164","255390","471554"
"2019-09-11 10:27","ZooKeeperServer.java","216164","257439","473603"
"2019-01-14 19:38","ZooKeeperServer.java","216053","231264","447317"
"2019-01-07 15:34","ZooKeeperServer.java","216053","230865","446918"
"2018-11-21 17:56","ZooKeeperServer.java","216051","224060","440111"
"2017-04-28 07:14","ZooKeeperServer.java","11938","21267","33205"
"2017-02-12 00:12","ZooKeeperServer.java","11838","20268","32106"
"2019-02-13 13:12","ZooKeeperServer.java","216074","234939","451013"
"2016-11-24 17:18","ZooKeeperServer.java","8453","18659","27112"
"2018-07-19 05:59","ZooKeeperServer.java","35893","53207","89100"
"2018-09-18 01:00","ZooKeeperServer.java","112468","134368","246836"
"2019-03-04 08:07","ZooKeeperServer.java","216073","235515","451588"
"2019-07-08 23:26","ZooKeeperServer.java","216163","244858","461021"
"2019-01-23 14:00","ZooKeeperServer.java","216054","232700","448754"
"2019-02-13 13:19","ZooKeeperServer.java","216074","235225","451299"
"2019-05-14 17:11","ZooKeeperServer.java","216147","240733","456880"
"2015-07-10 08:19","ZooKeeperServer.java","2521","5535","8056"
"2019-06-04 10:55","ZooKeeperServer.java","216163","241566","457729"
"2019-04-09 15:35","ZooKeeperServer.java","216075","236851","452926"
"2019-08-03 08:42","ZooKeeperServer.java","216164","256791","472955"
"2019-05-15 11:56","ZooKeeperServer.java","216147","240820","456967"
"2019-05-22 11:39","ZooKeeperServer.java","216147","241266","457413"
"2019-04-22 19:15","ZooKeeperServer.java","216147","238848","454995"
"2018-02-23 23:49","ZooKeeperServer.java","15907","30010","45917"
"2016-11-16 06:21","ZooKeeperServer.java","7878","18063","25941"
"2017-08-18 06:32","ZooKeeperServer.java","14803","23672","38475"
"2017-06-26 00:16","ZooKeeperServer.java","13168","22029","35197"
"2019-09-10 04:26","ZooKeeperServer.java","216164","257128","473292"
"2019-08-17 17:13","ZooKeeperServer.java","216164","256083","472247"
"2019-09-05 23:12","ZooKeeperServer.java","216164","257002","473166"
"2019-09-10 15:21","ZooKeeperServer.java","216164","257126","473290"
"2019-08-01 07:31","ZooKeeperServer.java","216164","256754","472918"
"2019-08-01 07:28","ZooKeeperServer.java","216164","256264","472428"
"2019-06-03 19:40","ZooKeeperServer.java","216163","241413","457576"
"2019-11-23 17:08","ZooKeeperServer.java","217616","262236","479852"
"2019-10-09 16:49","ZooKeeperServer.java","216164","259669","475833"
"2019-07-03 00:44","ZooKeeperServer.java","216163","244095","460258"
"2018-01-19 01:12","ZooKeeperServer.java","15818","28879","44697"
"2019-07-24 18:00","ZooKeeperServer.java","216164","252538","468702"
"2018-08-08 06:21","ZooKeeperServer.java","83381","102175","185556"
"2018-05-09 23:57","ZooKeeperServer.java","16128","31736","47864"
"2019-12-27 22:33","ZooKeeperServer.java","217617","266214","483831"
"2016-08-13 15:01","ZooKeeperServer.java","7020","13304","20324"
"2018-09-11 00:17","ZooKeeperServer.java","112343","132041","244384"
"2019-11-18 09:05","ZooKeeperServer.java","217616","260679","478295"
"2019-10-10 14:37","ZooKeeperServer.java","216164","259836","476000"
"2019-09-16 23:26","ZooKeeperServer.java","216164","259102","475266"
"2017-06-23 18:39","ZooKeeperServer.java","13076","21957","35033"
"2019-12-03 10:01","ZooKeeperServer.java","217616","264138","481754"
"2020-03-25 03:38","ZooKeeperServer.java","217618","270322","487940"
"2019-11-28 12:24","ZooKeeperServer.java","217616","262441","480057"
"2019-11-06 15:21","ZooKeeperServer.java","216193","260081","476274"
"2020-04-12 11:14","ZooKeeperServer.java","217618","271075","488693"
"2018-06-08 16:52","ZooKeeperServer.java","16338","32695","49033"
"2018-06-15 07:41","ZooKeeperServer.java","16346","32706","49052"
"2018-07-28 04:37","ZooKeeperServer.java","35991","53881","89872"
"2019-04-18 19:17","ZooKeeperServer.java","216147","238583","454730"
"2019-10-10 14:37","ZKDatabase.java","203510","259908","463418"
"2019-12-27 22:33","ZKDatabase.java","204949","266272","471221"
"2018-04-06 06:04","ZKDatabase.java","17428","44265","61693"
"2018-09-28 23:38","ZKDatabase.java","112082","149282","261364"
"2019-11-08 17:30","ZKDatabase.java","203538","261797","465335"
"2019-05-14 17:11","ZKDatabase.java","203494","240806","444300"
"2018-09-18 01:00","ZKDatabase.java","111878","146504","258382"
"2019-02-07 11:26","ZKDatabase.java","203403","234380","437783"
"2019-04-12 19:01","ZKDatabase.java","203494","237946","441440"
"2018-09-05 22:35","ZKDatabase.java","111762","144134","255896"
"2015-02-06 06:17","ZKDatabase.java","2932","14436","17368"
"2014-07-18 02:19","ZKDatabase.java","1655","8408","10063"
"2018-02-07 01:05","ZKDatabase.java","17390","43875","61265"
"2019-08-17 17:13","ZKDatabase.java","203510","256155","459665"
"2019-09-10 00:27","ZKDatabase.java","203510","257095","460605"
"2016-03-23 00:30","ZKDatabase.java","8702","25306","34008"
"2018-02-23 23:49","ZKDatabase.java","17422","44251","61673"
"2017-08-03 20:28","ZKDatabase.java","16284","37519","53803"
"2017-06-18 19:23","ZKDatabase.java","15154","36613","51767"
"2019-04-09 15:35","ZKDatabase.java","203422","236924","440346"
"2019-12-27 22:33","PrepRequestProcessorTest.java","8339","15661","24000"
"2016-05-02 18:15","SaslAuthDesignatedClientTest.java","18390","57237","75627"
"2019-08-17 17:13","SaslAuthDesignatedClientTest.java","182317","256464","438781"
"2013-09-29 22:24","SaslAuthDesignatedClientTest.java","3947","15752","19699"
"2016-11-13 20:59","TestableZooKeeper.java","18464","57225","75689"
"2019-08-17 17:13","TestableZooKeeper.java","187365","256407","443772"
"2019-03-06 03:32","TestableZooKeeper.java","187285","236112","423397"
"2018-04-25 01:41","TestableZooKeeper.java","24212","68171","92383"
"2014-03-26 22:13","TestableZooKeeper.java","3438","17458","20896"
"2020-05-17 15:13","TestableZooKeeper.java","188718","271705","460423"
"2019-08-17 17:13","Leader.java","232568","254163","486731"
"2019-06-29 00:33","Leader.java","232567","242149","474716"
"2019-06-03 19:40","Leader.java","232567","239493","472060"
"2019-07-15 14:15","Leader.java","232568","249582","482150"
"2019-07-25 21:41","Leader.java","232568","250646","483214"
"2019-06-05 00:33","Leader.java","232567","239883","472450"
"2019-08-03 08:42","Leader.java","232568","254871","487439"
"2019-06-05 23:57","Leader.java","232567","240152","472719"
"2019-01-07 14:55","Leader.java","232413","228899","461312"
"2019-04-12 19:01","Leader.java","232530","235932","468462"
"2018-12-09 03:16","Leader.java","232412","226665","459077"
"2018-08-17 14:40","Leader.java","57337","58135","115472"
"2019-11-29 14:49","Leader.java","234506","262658","497164"
"2018-11-27 10:02","Leader.java","232412","224341","456753"
"2018-08-29 06:26","Leader.java","82966","83972","166938"
"2018-09-18 01:00","Leader.java","88846","92422","181268"
"2020-03-25 03:38","Leader.java","234508","268888","503396"
"2019-12-27 22:33","Leader.java","234507","264780","499287"
"2019-10-10 14:37","Leader.java","232569","257917","490486"
"2019-12-27 22:33","TxnLogToolkit.java","875","4647","5522"
"2019-08-17 17:13","QuorumPeerConfig.java","29711","44957","74668"
"2019-06-05 00:29","QuorumPeerConfig.java","615","1528","2143"
"2020-01-09 11:27","QuorumPeerConfig.java","38926","62275","101201"
"2019-07-12 17:01","QuorumPeerConfig.java","5050","15609","20659"
"2020-01-23 13:43","QuorumPeerConfig.java","39341","64514","103855"
"2019-10-10 14:37","QuorumPeerConfig.java","32094","51093","83187"
"2020-02-16 10:25","QuorumPeerConfig.java","39473","65359","104832"
"2020-05-14 18:18","QuorumPeerConfig.java","43158","72269","115427"
"2019-02-07 11:26","PrepRequestProcessor.java","217523","234205","451728"
"2019-09-11 10:27","PrepRequestProcessor.java","217633","257339","474972"
"2018-07-19 05:59","PrepRequestProcessor.java","35012","50757","85769"
"2017-09-11 18:55","PrepRequestProcessor.java","14025","21503","35528"
"2019-01-16 14:21","PrepRequestProcessor.java","217522","231852","449374"
"2017-06-01 05:45","PrepRequestProcessor.java","11922","18936","30858"
"2019-11-08 17:30","PrepRequestProcessor.java","217663","261627","479290"
"2016-11-13 20:59","PrepRequestProcessor.java","6826","14895","21721"
"2019-04-09 15:35","PrepRequestProcessor.java","217543","236750","454293"
"2019-04-17 14:16","PrepRequestProcessor.java","217615","238037","455652"
"2019-05-10 12:22","PrepRequestProcessor.java","217615","240472","458087"
"2017-06-26 00:16","PrepRequestProcessor.java","12225","19517","31742"
"2019-02-07 11:22","PrepRequestProcessor.java","217523","233867","451390"
"2016-11-16 06:21","PrepRequestProcessor.java","6863","15479","22342"
"2019-08-01 07:31","PrepRequestProcessor.java","217633","256654","474287"
"2019-06-26 10:57","PrepRequestProcessor.java","217632","243832","461464"
"2016-10-07 21:51","PrepRequestProcessor.java","6596","12412","19008"
"2015-06-04 19:51","PrepRequestProcessor.java","157","922","1079"
"2019-08-17 17:13","PrepRequestProcessor.java","217633","255983","473616"
"2018-08-08 06:21","PrepRequestProcessor.java","82508","99733","182241"
"2018-05-09 23:57","PrepRequestProcessor.java","15205","29244","44449"
"2015-06-11 20:09","PrepRequestProcessor.java","189","1080","1269"
"2019-12-27 22:33","PrepRequestProcessor.java","219173","266201","485374"
"2019-10-10 14:37","PrepRequestProcessor.java","217633","259736","477369"
"2020-03-25 03:38","PrepRequestProcessor.java","219174","270309","489483"
"2018-06-15 07:41","PrepRequestProcessor.java","15423","30214","45637"
"2017-05-27 00:52","ListQuotaCommand.java","22228","68500","90728"
"2019-08-17 17:13","ListQuotaCommand.java","178872","256502","435374"
"2019-01-31 15:55","ListQuotaCommand.java","178779","234068","412847"
"2016-07-27 01:33","ListQuotaCommand.java","17918","61514","79432"
"2019-02-07 11:26","PrepRequestProcessor.java","223176","234042","457218"
"2019-09-11 10:27","PrepRequestProcessor.java","223293","257183","480476"
"2018-07-19 05:59","PrepRequestProcessor.java","29960","39889","69849"
"2017-09-11 18:55","PrepRequestProcessor.java","7962","9624","17586"
"2019-01-16 14:21","PrepRequestProcessor.java","223175","231689","454864"
"2017-06-01 05:45","PrepRequestProcessor.java","5841","7039","12880"
"2019-11-08 17:30","PrepRequestProcessor.java","223341","261489","484830"
"2016-11-13 20:59","PrepRequestProcessor.java","265","2518","2783"
"2019-04-09 15:35","PrepRequestProcessor.java","223199","236590","459789"
"2019-04-17 14:16","PrepRequestProcessor.java","223274","237880","461154"
"2019-05-10 12:22","PrepRequestProcessor.java","223274","240315","463589"
"2017-06-26 00:16","PrepRequestProcessor.java","6146","7622","13768"
"2019-02-07 11:22","PrepRequestProcessor.java","223176","233704","456880"
"2016-11-16 06:21","PrepRequestProcessor.java","306","3106","3412"
"2019-08-01 07:31","PrepRequestProcessor.java","223293","256498","479791"
"2019-06-26 10:57","PrepRequestProcessor.java","223292","243676","466968"
"2019-08-17 17:13","PrepRequestProcessor.java","223293","255827","479120"
"2018-08-08 06:21","PrepRequestProcessor.java","77885","89294","167179"
"2018-05-09 23:57","PrepRequestProcessor.java","9334","17557","26891"
"2019-12-27 22:33","PrepRequestProcessor.java","224880","266092","490972"
"2019-10-10 14:37","PrepRequestProcessor.java","223293","259580","482873"
"2020-03-25 03:38","PrepRequestProcessor.java","224881","270200","495081"
"2018-06-15 07:41","PrepRequestProcessor.java","9554","18529","28083"
"2018-10-16 16:22","QuorumPeerConfig.java","191902","234757","426659"
"2018-12-09 03:16","QuorumPeerConfig.java","211559","228675","440234"
"2019-04-12 19:01","QuorumPeerConfig.java","211654","237919","449573"
"2018-09-11 15:23","QuorumPeerConfig.java","111693","136877","248570"
"2018-12-15 07:34","QuorumPeerConfig.java","211559","228590","440149"
"2019-02-13 13:12","QuorumPeerConfig.java","211581","234985","446566"
"2019-08-17 17:13","QuorumPeerConfig.java","211670","256128","467798"
"2015-03-17 18:06","QuorumPeerConfig.java","797","5336","6133"
"2017-11-28 00:10","QuorumPeerConfig.java","15665","33108","48773"
"2019-06-05 00:29","QuorumPeerConfig.java","211670","241795","453465"
"2014-09-17 07:34","QuorumPeerConfig.java","90","1176","1266"
"2020-01-09 11:27","QuorumPeerConfig.java","213116","265677","478793"
"2019-07-12 17:01","QuorumPeerConfig.java","211670","251441","463111"
"2016-11-13 20:59","QuorumPeerConfig.java","8213","22390","30603"
"2019-05-15 11:56","QuorumPeerConfig.java","211654","240866","452520"
"2018-10-01 06:11","QuorumPeerConfig.java","112488","141506","253994"
"2017-07-28 00:36","QuorumPeerConfig.java","14980","28003","42983"
"2017-07-06 18:48","QuorumPeerConfig.java","13448","27353","40801"
"2020-01-23 13:43","QuorumPeerConfig.java","213116","267501","480617"
"2016-06-23 19:42","QuorumPeerConfig.java","6900","16645","23545"
"2015-09-06 20:02","QuorumPeerConfig.java","3023","11074","14097"
"2015-09-29 03:56","QuorumPeerConfig.java","3069","11301","14370"
"2019-10-10 14:37","QuorumPeerConfig.java","211670","259881","471551"
"2018-07-27 12:32","QuorumPeerConfig.java","35370","57727","93097"
"2019-04-18 19:17","QuorumPeerConfig.java","211654","238629","450283"
"2016-11-03 16:07","QuorumPeerConfig.java","8019","20527","28546"
"2020-02-16 10:25","QuorumPeerConfig.java","213116","268214","481330"
"2020-05-14 18:18","QuorumPeerConfig.java","213144","271467","484611"
"2017-05-11 16:59","QuorumPeerConfig.java","13115","26153","39268"
"2019-12-27 22:33","ZooKeeperServer.java","937","4914","5851"
"2019-12-03 10:01","ZooKeeperServer.java","575","2477","3052"
"2020-03-25 03:38","ZooKeeperServer.java","4786","12870","17656"
"2019-11-28 12:24","ZooKeeperServer.java","63","268","331"
"2020-04-12 11:14","ZooKeeperServer.java","5476","14313","19789"
"2019-12-27 22:33","SnapshotFormatter.java","10004","18682","28686"
"2019-11-28 12:24","SnapshotFormatter.java","9316","14222","23538"
"2019-11-23 17:08","ZooKeeperServer.java","6806","7921","14727"
"2019-12-27 22:33","ZooKeeperServer.java","7573","12665","20238"
"2019-11-18 09:05","ZooKeeperServer.java","6562","6120","12682"
"2019-10-10 14:37","ZooKeeperServer.java","1263","1430","2693"
"2019-12-03 10:01","ZooKeeperServer.java","7330","10347","17677"
"2020-03-25 03:38","ZooKeeperServer.java","11365","20564","31929"
"2019-11-28 12:24","ZooKeeperServer.java","6868","8188","15056"
"2019-11-06 15:21","ZooKeeperServer.java","1403","1786","3189"
"2020-04-12 11:14","ZooKeeperServer.java","12052","22004","34056"
"2019-10-10 14:37","ClientCnxnSocket.java","179202","260663","439865"
"2018-07-10 13:29","ClientCnxnSocket.java","35958","103083","139041"
"2016-12-30 23:01","ClientCnxnSocket.java","25159","86641","111800"
"2011-07-25 23:31","ClientCnxnSocket.java","1395","9212","10607"
"2012-09-09 20:24","ClientCnxnSocket.java","10794","26862","37656"
"2015-02-06 06:17","ClientCnxnSocket.java","20866","70121","90987"
"2018-11-22 17:56","ClientCnxnSocket.java","179136","225541","404677"
"2016-05-02 18:15","ClientCnxnSocket.java","24055","79151","103206"
"2019-08-17 17:13","ClientCnxnSocket.java","179202","256910","436112"
"2018-07-12 01:33","ClientCnxnSocket.java","36048","103351","139399"
"2019-04-09 15:35","ClientCnxnSocket.java","179151","237716","416867"
"2014-12-20 15:29","ClientCnxnSocket.java","20803","69852","90655"
"2019-12-27 22:33","FileTxnSnapLog.java","8798","16819","25617"
"2019-10-10 14:37","FileTxnSnapLog.java","2507","5603","8110"
"2019-12-13 08:51","FileTxnSnapLog.java","8609","14667","23276"
"2020-01-23 16:46","FileTxnSnapLog.java","10594","19864","30458"
"2020-01-28 17:26","FileTxnSnapLog.java","10677","20418","31095"
"2020-01-30 09:43","FileTxnSnapLog.java","10704","20521","31225"
"2019-08-17 17:13","NettyServerCnxn.java","29715","45361","75076"
"2019-07-03 00:44","NettyServerCnxn.java","4100","7759","11859"
"2019-11-23 17:08","NettyServerCnxn.java","37456","57803","95259"
"2019-07-23 15:55","NettyServerCnxn.java","5489","17143","22632"
"2019-08-03 08:42","NettyServerCnxn.java","7317","23671","30988"
"2019-11-18 09:05","NettyServerCnxn.java","37261","56051","93312"
"2019-11-21 05:58","NettyServerCnxn.java","37271","56084","93355"
"2019-09-16 23:26","NettyServerCnxn.java","31211","49876","81087"
"2019-10-10 14:37","NettyServerCnxn.java","32033","51432","83465"
"2019-11-28 12:24","DataTree.java","72935","263069","336004"
"2011-07-13 15:48","DataTree.java","14172","117975","132147"
"2011-06-25 08:13","DataTree.java","15341","124174","139515"
"2011-07-28 07:49","DataTree.java","14235","120484","134719"
"2019-10-10 14:37","DataTree.java","72482","261463","333945"
"2019-12-27 22:33","DataTree.java","72935","266841","339776"
"2015-06-06 03:48","DataTree.java","19988","171194","191182"
"2010-01-26 01:17","DataTree.java","13557","100089","113646"
"2009-10-31 00:09","DataTree.java","12704","86911","99615"
"2019-11-11 13:59","DataTree.java","72482","265120","337602"
"2011-04-12 09:14","DataTree.java","15332","122033","137365"
"2018-07-10 13:29","DataTree.java","23936","189351","213287"
"2012-12-19 19:16","DataTree.java","17996","137483","155479"
"2014-04-17 08:47","DataTree.java","19706","155041","174747"
"2014-04-29 02:23","DataTree.java","19709","155750","175459"
"2008-10-14 19:47","DataTree.java","3570","11903","15473"
"2008-10-22 01:49","DataTree.java","3810","15814","19624"
"2010-07-05 20:20","DataTree.java","14262","121298","135560"
"2011-09-15 00:55","DataTree.java","16801","125783","142584"
"2011-09-28 22:17","DataTree.java","16821","125988","142809"
"2018-09-28 23:38","DataTree.java","49184","222425","271609"
"2011-09-17 02:36","DataTree.java","16821","125731","142552"
"2011-10-20 18:48","DataTree.java","16849","124176","141025"
"2019-11-08 17:30","DataTree.java","72482","263324","335806"
"2013-09-05 23:50","DataTree.java","18324","144083","162407"
"2009-01-15 23:57","DataTree.java","8777","26401","35178"
"2009-02-03 06:23","DataTree.java","9819","40125","49944"
"2019-01-30 16:28","DataTree.java","72454","234793","307247"
"2019-01-30 17:02","DataTree.java","72454","235337","307791"
"2008-10-07 20:51","DataTree.java","2501","3686","6187"
"2016-11-24 17:18","DataTree.java","20408","179381","199789"
"2017-09-11 18:55","DataTree.java","20888","178702","199590"
"2011-07-01 00:53","DataTree.java","15636","126982","142618"
"2012-02-06 10:39","DataTree.java","17216","127102","144318"
"2011-12-21 21:39","DataTree.java","17129","126147","143276"
"2017-02-05 07:22","DataTree.java","20472","180884","201356"
"2014-07-18 02:19","DataTree.java","19821","162615","182436"
"2019-02-07 11:26","DataTree.java","72454","236014","308468"
"2013-03-07 07:01","DataTree.java","18248","142291","160539"
"2018-09-04 11:54","DataTree.java","49053","217210","266263"
"2018-09-05 22:35","DataTree.java","49052","217465","266517"
"2018-12-20 15:17","DataTree.java","72454","231282","303736"
"2019-09-10 09:53","DataTree.java","72482","258759","331241"
"2019-04-12 19:01","DataTree.java","72482","239517","311999"
"2019-07-31 19:06","DataTree.java","72482","257017","329499"
"2019-09-11 10:27","DataTree.java","72482","259066","331548"
"2013-10-22 12:54","DataTree.java","18346","148174","166520"
"2016-03-23 00:30","DataTree.java","20063","172708","192771"
"2019-08-01 07:31","DataTree.java","72482","258381","330863"
"2009-06-15 22:52","DataTree.java","10954","71604","82558"
"2014-01-24 07:18","DataTree.java","18356","151132","169488"
"2009-11-12 23:48","DataTree.java","12987","92804","105791"
"2009-06-18 18:37","DataTree.java","11093","72814","83907"
"2019-08-17 17:13","DataTree.java","72482","257710","330192"
"2019-09-10 15:21","DataTree.java","72482","258753","331235"
"2015-06-04 19:51","DataTree.java","19986","171087","191073"
"2016-10-07 21:51","DataTree.java","20263","176415","196678"
"2017-06-18 19:23","DataTree.java","20799","178299","199098"
"2009-01-16 00:48","DataTree.java","8945","26588","35533"
"2019-04-12 12:29","DataTree.java","72482","239086","311568"
"2019-08-03 08:42","DataTree.java","72482","258418","330900"
"2019-08-09 16:15","DataTree.java","72482","259166","331648"
"2016-11-13 20:59","DataTree.java","20266","178671","198937"
"2019-04-29 16:49","DataTree.java","72482","241547","314029"
"2019-10-10 14:37","LearnerHandler.java","29125","44884","74009"
"2019-07-25 21:41","LearnerHandler.java","1919","10408","12327"
"2019-08-23 19:43","LearnerHandler.java","26691","39363","66054"
"2019-08-17 17:13","LearnerHandler.java","26689","38695","65384"
"2019-08-03 08:42","LearnerHandler.java","3244","15958","19202"
"2019-12-27 22:33","TxnLog.java","72935","266841","339776"
"2009-11-07 08:16","TxnLog.java","12884","87520","100404"
"2018-06-08 16:52","TxnLog.java","20967","186091","207058"
"2013-06-28 23:22","TxnLog.java","18323","144228","162551"
"2019-05-14 17:11","TxnLog.java","72482","242377","314859"
"2017-04-28 07:14","TxnLog.java","20577","178673","199250"
"2019-08-17 17:13","TxnLog.java","72482","257710","330192"
"2017-06-26 00:07","TxnLog.java","20815","178449","199264"
"2019-04-12 19:06","TxnLog.java","72482","239507","311989"
"2009-02-20 01:23","TxnLog.java","9922","41172","51094"
"2019-08-17 17:13","StaticHostProvider.java","223799","255234","479033"
"2018-07-16 05:45","StaticHostProvider.java","22827","31624","54451"
"2017-08-03 20:32","StaticHostProvider.java","7","34","41"
"2019-11-18 09:05","DumbWatcher.java","9013","12157","21170"
"2019-11-28 12:24","DataTree.java","81268","263069","344337"
"2011-07-13 15:48","DataTree.java","13995","111750","125745"
"2011-06-25 08:13","DataTree.java","15663","116163","131826"
"2011-07-28 07:49","DataTree.java","14058","114259","128317"
"2019-10-10 14:37","DataTree.java","80815","261463","342278"
"2019-12-27 22:33","DataTree.java","81268","266841","348109"
"2015-06-06 03:48","DataTree.java","20151","165309","185460"
"2010-01-26 01:17","DataTree.java","13484","91683","105167"
"2009-10-31 00:09","DataTree.java","12529","78403","90932"
"2019-11-11 13:59","DataTree.java","80815","265120","345935"
"2011-04-12 09:14","DataTree.java","15481","113849","129330"
"2018-07-10 13:29","DataTree.java","26711","186078","212789"
"2012-12-19 19:16","DataTree.java","18026","131465","149491"
"2014-04-17 08:47","DataTree.java","19766","149053","168819"
"2014-04-29 02:23","DataTree.java","19768","149761","169529"
"2008-10-22 01:49","DataTree.java","1952","5623","7575"
"2010-07-05 20:20","DataTree.java","14242","112945","127187"
"2011-09-15 00:55","DataTree.java","16639","119573","136212"
"2011-09-28 22:17","DataTree.java","16662","119781","136443"
"2018-09-28 23:38","DataTree.java","52012","219205","271217"
"2011-09-17 02:36","DataTree.java","16662","119524","136186"
"2011-10-20 18:48","DataTree.java","16690","117969","134659"
"2019-11-08 17:30","DataTree.java","80815","263324","344139"
"2013-09-05 23:50","DataTree.java","18369","138080","156449"
"2009-01-15 23:57","DataTree.java","8113","17404","25517"
"2009-02-03 06:23","DataTree.java","9124","31097","40221"
"2019-01-30 16:28","DataTree.java","80787","234793","315580"
"2019-01-30 17:02","DataTree.java","80787","235337","316124"
"2016-11-24 17:18","DataTree.java","20681","173606","194287"
"2017-09-11 18:55","DataTree.java","21223","172989","194212"
"2011-07-01 00:53","DataTree.java","15960","118973","134933"
"2012-02-06 10:39","DataTree.java","17221","121059","138280"
"2011-12-21 21:39","DataTree.java","16991","119961","136952"
"2017-02-05 07:22","DataTree.java","20751","175115","195866"
"2014-07-18 02:19","DataTree.java","19972","156718","176690"
"2019-02-07 11:26","DataTree.java","80787","236014","316801"
"2013-03-07 07:01","DataTree.java","18294","136289","154583"
"2018-09-04 11:54","DataTree.java","51881","213990","265871"
"2018-09-05 22:35","DataTree.java","51880","214245","266125"
"2018-12-20 15:17","DataTree.java","80787","231282","312069"
"2019-09-10 09:53","DataTree.java","80815","258759","339574"
"2019-04-12 19:01","DataTree.java","80815","239517","320332"
"2019-07-31 19:06","DataTree.java","80815","257017","337832"
"2019-09-11 10:27","DataTree.java","80815","259066","339881"
"2013-10-22 12:54","DataTree.java","18401","142181","160582"
"2016-03-23 00:30","DataTree.java","20316","166913","187229"
"2019-08-01 07:31","DataTree.java","80815","258381","339196"
"2009-06-15 22:52","DataTree.java","10554","62871","73425"
"2014-01-24 07:18","DataTree.java","18416","145144","163560"
"2009-11-12 23:48","DataTree.java","12871","84355","97226"
"2009-06-18 18:37","DataTree.java","10773","64161","74934"
"2019-08-17 17:13","DataTree.java","80815","257710","338525"
"2019-09-10 15:21","DataTree.java","80815","258753","339568"
"2015-06-04 19:51","DataTree.java","20149","165202","185351"
"2016-10-07 21:51","DataTree.java","20534","170638","191172"
"2017-06-18 19:23","DataTree.java","21121","172573","193694"
"2009-01-16 00:48","DataTree.java","8295","17605","25900"
"2019-04-12 12:29","DataTree.java","80815","239086","319901"
"2019-08-03 08:42","DataTree.java","80815","258418","339233"
"2019-08-09 16:15","DataTree.java","80815","259166","339981"
"2016-11-13 20:59","DataTree.java","20537","172894","193431"
"2019-04-29 16:49","DataTree.java","80815","241547","322362"
"2019-12-27 22:33","QuorumMXBean.java","10004","18682","28686"
"2019-08-17 17:13","PKCS12FileLoader.java","25828","29979","55807"
"2011-06-21 07:34","ZooKeeperServerTest.java","15413","124164","139577"
"2010-03-31 06:26","ZooKeeperServerTest.java","14203","110392","124595"
"2011-09-27 03:05","ZooKeeperServerTest.java","16820","125956","142776"
"2019-04-10 13:19","ZooKeeperServerTest.java","72482","238978","311460"
"2009-07-17 00:09","ZooKeeperServerTest.java","11447","81259","92706"
"2019-08-17 17:13","ZooKeeperServerTest.java","72482","257710","330192"
"2019-08-17 17:13","EphemeralTypeEmulate353.java","29523","44192","73715"
"2019-08-17 17:13","NettyServerCnxn.java","29757","46975","76732"
"2019-07-03 00:44","NettyServerCnxn.java","4399","9630","14029"
"2019-11-23 17:08","NettyServerCnxn.java","37295","59214","96509"
"2019-07-23 15:55","NettyServerCnxn.java","5788","19014","24802"
"2019-05-06 18:32","NettyServerCnxn.java","335","1907","2242"
"2019-08-03 08:42","NettyServerCnxn.java","7585","25511","33096"
"2019-11-18 09:05","NettyServerCnxn.java","37100","57462","94562"
"2019-11-21 05:58","NettyServerCnxn.java","37110","57495","94605"
"2019-09-16 23:26","NettyServerCnxn.java","31050","51287","82337"
"2019-10-10 14:37","NettyServerCnxn.java","31872","52843","84715"
"2019-01-07 14:24","EphemeralType.java","230472","229613","460085"
"2019-08-17 17:13","EphemeralType.java","230611","254922","485533"
"2019-06-03 19:40","EphemeralType.java","230610","240252","470862"
"2018-05-10 06:13","EphemeralType.java","223","500","723"
"2019-07-31 19:06","Commands.java","6910","21463","28373"
"2019-11-29 14:49","Commands.java","37854","59657","97511"
"2019-08-17 17:13","Commands.java","29711","44957","74668"
"2019-06-29 00:33","Commands.java","3889","7122","11011"
"2019-06-03 19:40","Commands.java","330","907","1237"
"2019-07-15 14:15","Commands.java","5050","15715","20765"
"2019-07-25 23:43","Commands.java","5995","17777","23772"
"2019-06-05 12:14","Commands.java","623","1727","2350"
"2019-08-06 01:43","Commands.java","7263","23391","30654"
"2019-05-27 10:54","Commands.java","110","676","786"
"2019-06-04 10:55","Commands.java","554","1284","1838"
"2019-12-03 10:01","Commands.java","37848","59697","97545"
"2019-11-20 07:00","Commands.java","37323","55725","93048"
"2019-06-07 14:13","SessionTest.java","224313","241289","465602"
"2019-08-17 17:13","SessionTest.java","224314","255186","479500"
"2018-09-22 06:48","SessionTest.java","101673","114595","216268"
"2019-10-10 14:37","SessionTest.java","224315","258940","483255"
"2019-12-28 16:17","SessionTest.java","225978","265435","491413"
"2019-06-07 14:13","SessionTest.java","217495","243089","460584"
"2019-08-17 17:13","SessionTest.java","217495","256985","474480"
"2017-09-11 18:55","SessionTest.java","70066","91372","161438"
"2018-09-22 06:48","SessionTest.java","149078","183306","332384"
"2011-10-25 08:09","SessionTest.java","49765","20632","70397"
"2011-04-12 09:14","SessionTest.java","43436","4399","47835"
"2013-12-21 22:05","SessionTest.java","56240","50673","106913"
"2019-10-10 14:37","SessionTest.java","217495","260738","478233"
"2015-07-07 07:11","SessionTest.java","64721","79847","144568"
"2019-12-28 16:17","SessionTest.java","218568","266643","485211"
"2020-01-30 09:43","FileSnap.java","11889","22363","34252"
"2019-12-03 19:12","FileSnap.java","9782","16397","26179"
"2019-12-27 22:33","FileSnap.java","10004","18682","28686"
"2019-10-10 14:37","FileSnap.java","3717","7470","11187"
"2020-01-28 17:26","FileSnap.java","11862","22260","34122"
"2019-08-17 17:13","Leader.java","178740","256932","435672"
"2019-06-29 00:33","Leader.java","178740","244919","423659"
"2019-06-03 19:40","Leader.java","178740","242263","421003"
"2014-05-20 23:42","Leader.java","19915","58639","78554"
"2019-07-15 14:15","Leader.java","178740","252351","431091"
"2015-03-17 18:06","Leader.java","21026","71987","93013"
"2019-07-25 21:41","Leader.java","178740","253415","432155"
"2018-05-10 06:00","Leader.java","28259","95113","123372"
"2018-07-12 01:33","Leader.java","35969","103756","139725"
"2018-02-07 01:05","Leader.java","28091","92811","120902"
"2017-11-28 00:10","Leader.java","27915","91780","119695"
"2019-06-05 00:33","Leader.java","178740","242653","421393"
"2015-04-10 22:22","Leader.java","21040","73069","94109"
"2011-06-14 07:14","Leader.java","419","2034","2453"
"2019-08-03 08:42","Leader.java","178740","257640","436380"
"2019-06-05 23:57","Leader.java","178740","242922","421662"
"2012-12-08 00:38","Leader.java","11524","31128","42652"
"2013-10-07 21:08","Leader.java","13315","42368","55683"
"2012-12-31 02:38","Leader.java","12378","34103","46481"
"2017-01-13 19:29","Leader.java","25117","87465","112582"
"2012-07-05 18:01","Leader.java","10726","25404","36130"
"2019-01-07 14:55","Leader.java","178674","231757","410431"
"2019-04-12 19:01","Leader.java","178741","238740","417481"
"2018-12-09 03:16","Leader.java","178674","229524","408198"
"2018-08-17 14:40","Leader.java","86515","156598","243113"
"2019-11-29 14:49","Leader.java","179834","264583","444417"
"2013-03-07 07:01","Leader.java","12880","39117","51997"
"2018-11-27 10:02","Leader.java","178674","227200","405874"
"2015-02-06 06:17","Leader.java","20892","70631","91523"
"2012-02-27 03:41","Leader.java","8255","20569","28824"
"2017-02-15 23:04","Leader.java","26717","86109","112826"
"2014-07-18 02:19","Leader.java","20563","65551","86114"
"2012-01-04 01:15","Leader.java","7833","19269","27102"
"2011-12-28 01:26","Leader.java","7793","19076","26869"
"2018-08-29 06:26","Leader.java","102120","172411","274531"
"2018-08-03 18:52","Leader.java","45193","114478","159671"
"2013-05-14 14:27","Leader.java","12911","39273","52184"
"2012-02-06 09:40","Leader.java","7913","19986","27899"
"2017-09-11 18:55","Leader.java","27791","87799","115590"
"2018-09-18 01:00","Leader.java","107187","180048","287235"
"2011-10-20 20:02","Leader.java","6642","16157","22799"
"2012-01-14 00:28","Leader.java","7838","19372","27210"
"2012-01-06 02:32","Leader.java","7834","19271","27105"
"2012-03-15 17:47","Leader.java","8285","21578","29863"
"2011-09-22 07:42","Leader.java","4949","16256","21205"
"2016-12-20 14:47","Leader.java","25091","86597","111688"
"2014-07-20 04:50","Leader.java","20622","66131","86753"
"2014-06-10 00:19","Leader.java","19925","59583","79508"
"2016-06-23 23:25","Leader.java","24027","80469","104496"
"2016-06-23 23:45","Leader.java","24026","80576","104602"
"2020-03-25 03:38","Leader.java","179834","270811","450645"
"2014-03-23 04:12","Leader.java","13863","49470","63333"
"2019-12-27 22:33","Leader.java","179834","266704","446538"
"2016-08-13 15:01","Leader.java","24292","81537","105829"
"2013-10-21 23:36","Leader.java","13506","45301","58807"
"2019-10-10 14:37","Leader.java","178740","260685","439425"
"2013-11-07 06:41","Leader.java","13531","45757","59288"
"2019-11-28 12:24","DataTree.java","84938","263068","348006"
"2011-07-13 15:48","DataTree.java","13415","108065","121480"
"2011-06-25 08:13","DataTree.java","15326","112155","127481"
"2011-07-28 07:49","DataTree.java","13499","110595","124094"
"2019-10-10 14:37","DataTree.java","84482","261459","345941"
"2019-12-27 22:33","DataTree.java","84938","266840","351778"
"2015-06-06 03:48","DataTree.java","20922","162975","183897"
"2010-01-26 01:17","DataTree.java","13034","87562","100596"
"2009-10-31 00:09","DataTree.java","12030","74233","86263"
"2019-11-11 13:59","DataTree.java","84482","265116","349598"
"2011-04-12 09:14","DataTree.java","15137","109834","124971"
"2018-07-10 13:29","DataTree.java","28258","184520","212778"
"2012-12-19 19:16","DataTree.java","18754","129088","147842"
"2014-04-17 08:47","DataTree.java","20531","146713","167244"
"2014-04-29 02:23","DataTree.java","20533","147421","167954"
"2010-07-05 20:20","DataTree.java","13860","108892","122752"
"2011-09-15 00:55","DataTree.java","16089","115918","132007"
"2011-09-28 22:17","DataTree.java","16122","116136","132258"
"2018-09-28 23:38","DataTree.java","53602","217690","271292"
"2011-09-17 02:36","DataTree.java","16122","115879","132001"
"2011-10-20 18:48","DataTree.java","17457","115631","133088"
"2019-11-08 17:30","DataTree.java","84482","263320","347802"
"2013-09-05 23:50","DataTree.java","19101","135707","154808"
"2009-01-15 23:57","DataTree.java","7047","12667","19714"
"2009-02-03 06:23","DataTree.java","8313","26615","34928"
"2019-01-30 16:28","DataTree.java","84455","234790","319245"
"2019-01-30 17:02","DataTree.java","84455","235334","319789"
"2016-11-24 17:18","DataTree.java","21636","171456","193092"
"2017-09-11 18:55","DataTree.java","22339","171000","193339"
"2011-07-01 00:53","DataTree.java","15624","114966","130590"
"2012-02-06 10:39","DataTree.java","17987","118720","136707"
"2011-12-21 21:39","DataTree.java","17759","117624","135383"
"2017-02-05 07:22","DataTree.java","21707","172966","194673"
"2014-07-18 02:19","DataTree.java","20737","154378","175115"
"2019-02-07 11:26","DataTree.java","84455","236011","320466"
"2013-03-07 07:01","DataTree.java","19026","133916","152942"
"2018-09-04 11:54","DataTree.java","53475","212479","265954"
"2018-09-05 22:35","DataTree.java","53474","212734","266208"
"2018-12-20 15:17","DataTree.java","84455","231279","315734"
"2019-09-10 09:53","DataTree.java","84482","258755","343237"
"2019-04-12 19:01","DataTree.java","84483","239514","323997"
"2019-07-31 19:06","DataTree.java","84482","257013","341495"
"2019-09-11 10:27","DataTree.java","84482","259062","343544"
"2013-10-22 12:54","DataTree.java","19162","139837","158999"
"2016-03-23 00:30","DataTree.java","21236","164728","185964"
"2019-08-01 07:31","DataTree.java","84482","258377","342859"
"2009-06-15 22:52","DataTree.java","9851","58497","68348"
"2014-01-24 07:18","DataTree.java","19179","142802","161981"
"2009-11-12 23:48","DataTree.java","12411","80224","92635"
"2009-06-18 18:37","DataTree.java","10092","59809","69901"
"2019-08-17 17:13","DataTree.java","84482","257706","342188"
"2019-09-10 15:21","DataTree.java","84482","258749","343231"
"2015-06-04 19:51","DataTree.java","20920","162868","183788"
"2016-10-07 21:51","DataTree.java","21483","168482","189965"
"2017-06-18 19:23","DataTree.java","22232","170579","192811"
"2009-01-16 00:48","DataTree.java","7245","12884","20129"
"2019-04-12 12:29","DataTree.java","84483","239083","323566"
"2019-08-03 08:42","DataTree.java","84482","258414","342896"
"2019-08-09 16:15","DataTree.java","84482","259162","343644"
"2016-11-13 20:59","DataTree.java","21492","170744","192236"
"2019-04-29 16:49","DataTree.java","84483","241544","326027"
"2019-08-17 17:13","NettyServerCnxn.java","24898","24190","49088"
"2019-11-23 17:08","NettyServerCnxn.java","33091","37084","70175"
"2019-11-18 09:05","NettyServerCnxn.java","32884","35320","68204"
"2019-11-21 05:58","NettyServerCnxn.java","32889","35348","68237"
"2019-09-16 23:26","NettyServerCnxn.java","26725","29036","55761"
"2019-10-10 14:37","NettyServerCnxn.java","27642","30687","58329"
"2011-05-03 23:29","NIOServerCnxn.java","14776","6165","20941"
"2019-11-21 05:58","NIOServerCnxn.java","188486","261225","449711"
"2015-11-08 22:36","NIOServerCnxn.java","35440","81709","117149"
"2019-11-18 09:05","NIOServerCnxn.java","188486","261202","449688"
"2013-09-10 00:37","NIOServerCnxn.java","26523","45852","72375"
"2019-09-16 23:26","NIOServerCnxn.java","187413","260004","447417"
"2019-10-10 14:37","NIOServerCnxn.java","187413","260738","448151"
"2013-10-05 00:57","NIOServerCnxn.java","26675","46758","73433"
"2018-09-28 23:38","NIOServerCnxn.java","119689","186435","306124"
"2020-02-11 06:50","NIOServerCnxn.java","188486","268577","457063"
"2019-01-23 14:00","NIOServerCnxn.java","187348","233647","420995"
"2019-07-08 23:26","NIOServerCnxn.java","187413","245761","433174"
"2019-04-12 19:01","NIOServerCnxn.java","187414","238793","426207"
"2019-01-14 19:38","NIOServerCnxn.java","187347","232211","419558"
"2018-11-17 18:33","NIOServerCnxn.java","187346","224993","412339"
"2017-03-04 19:22","NIOServerCnxn.java","39570","90738","130308"
"2011-08-19 00:05","NIOServerCnxn.java","15526","17925","33451"
"2013-12-11 19:22","NIOServerCnxn.java","26905","51042","77947"
"2012-02-11 00:34","NIOServerCnxn.java","21811","25381","47192"
"2016-12-22 23:23","NIOServerCnxn.java","38137","91295","129432"
"2018-09-18 01:00","NIOServerCnxn.java","119535","183707","303242"
"2019-08-17 17:13","NIOServerCnxn.java","187413","256985","444398"
"2015-06-28 21:09","NIOServerCnxn.java","35281","80242","115523"
"2015-03-28 20:08","NIOServerCnxn.java","34235","77496","111731"
"2019-07-03 00:44","NIOServerCnxn.java","187413","244998","432411"
"2019-08-03 08:42","NIOServerCnxn.java","187413","257693","445106"
"2016-11-16 06:21","NIOServerCnxn.java","37609","90066","127675"
"2012-12-19 19:07","NIOServerCnxn.java","25771","37882","63653"
"2019-07-31 19:06","ZooKeeperServer.java","2946","14240","17186"
"2019-09-11 10:27","ZooKeeperServer.java","28125","41468","69593"
"2019-07-08 23:26","ZooKeeperServer.java","91","854","945"
"2019-08-03 08:42","ZooKeeperServer.java","3302","15997","19299"
"2019-09-10 04:26","ZooKeeperServer.java","28075","41107","69182"
"2019-08-17 17:13","ZooKeeperServer.java","26740","38727","65467"
"2019-09-05 23:12","ZooKeeperServer.java","28040","40946","68986"
"2019-09-10 15:21","ZooKeeperServer.java","28085","41115","69200"
"2019-08-01 07:31","ZooKeeperServer.java","3029","15687","18716"
"2019-08-01 07:28","ZooKeeperServer.java","2953","15121","18074"
"2019-11-23 17:08","ZooKeeperServer.java","34609","51297","85906"
"2019-10-09 16:49","ZooKeeperServer.java","28691","44264","72955"
"2019-07-24 18:00","ZooKeeperServer.java","1431","9873","11304"
"2019-12-27 22:33","ZooKeeperServer.java","35111","55776","90887"
"2019-11-18 09:05","ZooKeeperServer.java","34414","49545","83959"
"2019-10-10 14:37","ZooKeeperServer.java","29175","44915","74090"
"2019-09-16 23:26","ZooKeeperServer.java","28327","43333","71660"
"2019-12-03 10:01","ZooKeeperServer.java","34955","53545","88500"
"2020-03-25 03:38","ZooKeeperServer.java","36783","61555","98338"
"2019-11-28 12:24","ZooKeeperServer.java","34666","51559","86225"
"2019-11-06 15:21","ZooKeeperServer.java","29315","45271","74586"
"2020-04-12 11:14","ZooKeeperServer.java","37425","62950","100375"
"2020-01-23 13:43","QuorumPeerMainTest.java","8207","14381","22588"
"2019-12-28 16:17","QuorumPeerMainTest.java","6611","11443","18054"
"2020-03-23 16:20","QuorumCnxManager.java","107","278","385"
"2019-10-10 14:37","LeaderSessionTrackerTest.java","222020","259640","481660"
"2019-08-17 17:13","LeaderSessionTrackerTest.java","222020","255887","477907"
"2019-08-17 17:13","ObserverTest.java","154759","257179","411938"
"2018-12-09 03:16","ObserverTest.java","154707","229785","384492"
"2019-11-29 14:49","QuorumPeer.java","34102","45346","79448"
"2019-07-15 14:15","QuorumPeer.java","0","106","106"
"2019-08-17 17:13","QuorumPeer.java","25849","30536","56385"
"2020-01-09 11:27","QuorumPeer.java","35179","47969","83148"
"2019-12-17 13:48","QuorumPeer.java","34151","45967","80118"
"2020-01-23 13:43","QuorumPeer.java","35615","50229","85844"
"2019-10-10 14:37","QuorumPeer.java","28300","36740","65040"
"2020-02-16 10:25","QuorumPeer.java","35754","51081","86835"
"2019-02-07 11:26","PrepRequestProcessor.java","218283","234200","452483"
"2019-09-11 10:27","PrepRequestProcessor.java","218393","257334","475727"
"2018-07-19 05:59","PrepRequestProcessor.java","34979","49959","84938"
"2017-09-11 18:55","PrepRequestProcessor.java","13945","20658","34603"
"2019-01-16 14:21","PrepRequestProcessor.java","218282","231847","450129"
"2017-06-01 05:45","PrepRequestProcessor.java","11834","18083","29917"
"2019-11-08 17:30","PrepRequestProcessor.java","218423","261622","480045"
"2016-11-13 20:59","PrepRequestProcessor.java","6712","14016","20728"
"2019-04-09 15:35","PrepRequestProcessor.java","218303","236745","455048"
"2019-04-17 14:16","PrepRequestProcessor.java","218375","238032","456407"
"2019-05-10 12:22","PrepRequestProcessor.java","218375","240467","458842"
"2017-06-26 00:16","PrepRequestProcessor.java","12138","18665","30803"
"2019-02-07 11:22","PrepRequestProcessor.java","218283","233862","452145"
"2016-11-16 06:21","PrepRequestProcessor.java","6749","14600","21349"
"2019-08-01 07:31","PrepRequestProcessor.java","218393","256649","475042"
"2019-06-26 10:57","PrepRequestProcessor.java","218392","243827","462219"
"2016-10-07 21:51","PrepRequestProcessor.java","6482","11533","18015"
"2019-08-17 17:13","PrepRequestProcessor.java","218393","255978","474371"
"2018-08-08 06:21","PrepRequestProcessor.java","82478","98938","181416"
"2018-05-09 23:57","PrepRequestProcessor.java","15133","28407","43540"
"2015-06-11 20:09","PrepRequestProcessor.java","32","158","190"
"2019-12-27 22:33","PrepRequestProcessor.java","219938","266201","486139"
"2019-10-10 14:37","PrepRequestProcessor.java","218393","259731","478124"
"2020-03-25 03:38","PrepRequestProcessor.java","219939","270309","490248"
"2018-06-15 07:41","PrepRequestProcessor.java","15351","29377","44728"
"2011-05-03 23:29","NIOServerCnxn.java","14845","25948","40793"
"2019-11-21 05:58","NIOServerCnxn.java","168776","261229","430005"
"2015-11-08 22:36","NIOServerCnxn.java","33545","99471","133016"
"2019-11-18 09:05","NIOServerCnxn.java","168776","261206","429982"
"2013-09-10 00:37","NIOServerCnxn.java","25577","64563","90140"
"2019-09-16 23:26","NIOServerCnxn.java","167704","260009","427713"
"2019-10-10 14:37","NIOServerCnxn.java","167704","260743","428447"
"2013-10-05 00:57","NIOServerCnxn.java","25725","65465","91190"
"2018-09-28 23:38","NIOServerCnxn.java","102668","189071","291739"
"2010-08-18 08:24","NIOServerCnxn.java","2312","22026","24338"
"2020-02-11 06:50","NIOServerCnxn.java","168776","268581","437357"
"2019-01-23 14:00","NIOServerCnxn.java","167639","233652","401291"
"2019-07-08 23:26","NIOServerCnxn.java","167704","245766","413470"
"2019-04-12 19:01","NIOServerCnxn.java","167705","238798","406503"
"2019-01-14 19:38","NIOServerCnxn.java","167638","232216","399854"
"2018-11-17 18:33","NIOServerCnxn.java","167638","224999","392637"
"2017-03-04 19:22","NIOServerCnxn.java","37565","108390","145955"
"2011-08-19 00:05","NIOServerCnxn.java","15076","37132","52208"
"2013-12-11 19:22","NIOServerCnxn.java","25939","69733","95672"
"2012-02-11 00:34","NIOServerCnxn.java","21240","44467","65707"
"2016-12-22 23:23","NIOServerCnxn.java","36210","109025","145235"
"2018-09-18 01:00","NIOServerCnxn.java","102521","186350","288871"
"2019-08-17 17:13","NIOServerCnxn.java","167704","256990","424694"
"2015-06-28 21:09","NIOServerCnxn.java","33418","98036","131454"
"2015-03-28 20:08","NIOServerCnxn.java","32955","95873","128828"
"2019-07-03 00:44","NIOServerCnxn.java","167704","245003","412707"
"2019-08-03 08:42","NIOServerCnxn.java","167704","257698","425402"
"2016-11-16 06:21","NIOServerCnxn.java","35694","107808","143502"
"2012-12-19 19:07","NIOServerCnxn.java","24864","56632","81496"
"2011-07-01 00:53","PrepRequestProcessor.java","23848","65910","89758"
"2015-02-06 06:17","PrepRequestProcessor.java","32137","118136","150273"
"2012-02-06 10:39","PrepRequestProcessor.java","26884","75224","102108"
"2013-03-07 07:01","PrepRequestProcessor.java","29619","92116","121735"
"2019-02-07 11:26","PrepRequestProcessor.java","141512","235788","377300"
"2019-09-11 10:27","PrepRequestProcessor.java","141556","258856","400412"
"2018-07-19 05:59","PrepRequestProcessor.java","47839","152374","200213"
"2017-09-11 18:55","PrepRequestProcessor.java","35920","132188","168108"
"2019-01-16 14:21","PrepRequestProcessor.java","141512","233436","374948"
"2017-06-01 05:45","PrepRequestProcessor.java","35762","131566","167328"
"2012-04-14 02:32","PrepRequestProcessor.java","28133","78037","106170"
"2019-11-08 17:30","PrepRequestProcessor.java","141556","263114","404670"
"2016-11-13 20:59","PrepRequestProcessor.java","34383","131242","165625"
"2019-04-09 15:35","PrepRequestProcessor.java","141520","238321","379841"
"2019-04-17 14:16","PrepRequestProcessor.java","141556","239572","381128"
"2014-10-28 05:35","PrepRequestProcessor.java","32073","116133","148206"
"2019-05-10 12:22","PrepRequestProcessor.java","141556","242007","383563"
"2017-06-26 00:16","PrepRequestProcessor.java","35797","131879","167676"
"2019-02-07 11:22","PrepRequestProcessor.java","141512","235450","376962"
"2016-11-16 06:21","PrepRequestProcessor.java","34395","131801","166196"
"2019-08-01 07:31","PrepRequestProcessor.java","141556","258171","399727"
"2019-06-26 10:57","PrepRequestProcessor.java","141556","245350","386906"
"2009-11-12 23:48","PrepRequestProcessor.java","4066","14599","18665"
"2014-01-24 07:18","PrepRequestProcessor.java","30086","101316","131402"
"2015-05-29 19:45","PrepRequestProcessor.java","32221","121011","153232"
"2016-10-07 21:51","PrepRequestProcessor.java","34368","128974","163342"
"2015-06-04 19:51","PrepRequestProcessor.java","32289","121844","154133"
"2019-08-17 17:13","PrepRequestProcessor.java","141556","257500","399056"
"2018-08-08 06:21","PrepRequestProcessor.java","69488","175503","244991"
"2018-05-09 23:57","PrepRequestProcessor.java","36115","138944","175059"
"2015-06-11 20:09","PrepRequestProcessor.java","32296","121977","154273"
"2019-12-27 22:33","PrepRequestProcessor.java","142195","266817","409012"
"2009-12-18 03:19","PrepRequestProcessor.java","5609","19407","25016"
"2009-12-11 21:24","PrepRequestProcessor.java","4827","18172","22999"
"2009-11-07 01:48","PrepRequestProcessor.java","3537","8865","12402"
"2014-04-01 01:47","PrepRequestProcessor.java","30338","102831","133169"
"2019-10-10 14:37","PrepRequestProcessor.java","141556","261253","402809"
"2020-03-25 03:38","PrepRequestProcessor.java","142195","270924","413119"
"2010-01-25 04:28","PrepRequestProcessor.java","5895","22734","28629"
"2011-08-15 02:35","PrepRequestProcessor.java","21959","67096","89055"
"2014-07-25 01:31","PrepRequestProcessor.java","32018","114002","146020"
"2013-10-09 22:21","PrepRequestProcessor.java","29994","97686","127680"
"2010-08-18 08:24","PrepRequestProcessor.java","18210","64582","82792"
"2011-09-17 02:36","PrepRequestProcessor.java","24674","72038","96712"
"2014-04-29 02:23","PrepRequestProcessor.java","31469","105964","137433"
"2015-03-08 23:07","PrepRequestProcessor.java","32163","118336","150499"
"2014-07-22 06:51","PrepRequestProcessor.java","31973","113768","145741"
"2012-03-15 17:47","PrepRequestProcessor.java","26907","76460","103367"
"2011-04-12 09:14","PrepRequestProcessor.java","23081","60498","83579"
"2011-11-01 15:41","PrepRequestProcessor.java","26436","72592","99028"
"2011-10-28 00:58","PrepRequestProcessor.java","26387","72381","98768"
"2011-10-20 20:02","PrepRequestProcessor.java","26249","72024","98273"
"2011-10-17 16:59","PrepRequestProcessor.java","24737","71920","96657"
"2018-06-15 07:41","PrepRequestProcessor.java","36133","139714","175847"
"2012-12-19 19:16","PrepRequestProcessor.java","29297","87238","116535"
"2011-11-14 20:18","PrepRequestProcessor.java","26425","73216","99641"
"2018-11-22 17:56","NettyNettySuiteBase.java","214646","224690","439336"
"2016-05-02 18:15","NettyNettySuiteBase.java","6535","12582","19117"
"2015-05-14 18:40","NettyNettySuiteBase.java","1368","4363","5731"
"2019-08-17 17:13","NettyNettySuiteBase.java","214757","256104","470861"
"2019-10-10 14:37","ZKDatabase.java","202805","259909","462714"
"2019-12-27 22:33","ZKDatabase.java","204243","266272","470515"
"2018-04-06 06:04","ZKDatabase.java","17451","44994","62445"
"2014-04-29 02:23","ZKDatabase.java","64","770","834"
"2018-09-28 23:38","ZKDatabase.java","112060","149966","262026"
"2019-11-08 17:30","ZKDatabase.java","202833","261798","464631"
"2019-05-14 17:11","ZKDatabase.java","202789","240807","443596"
"2018-09-18 01:00","ZKDatabase.java","111881","147213","259094"
"2019-02-07 11:26","ZKDatabase.java","202698","234381","437079"
"2019-04-12 19:01","ZKDatabase.java","202789","237947","440736"
"2018-09-05 22:35","ZKDatabase.java","111765","144843","256608"
"2015-02-06 06:17","ZKDatabase.java","2996","15206","18202"
"2014-07-18 02:19","ZKDatabase.java","1719","9178","10897"
"2018-02-07 01:05","ZKDatabase.java","17413","44604","62017"
"2019-08-17 17:13","ZKDatabase.java","202805","256156","458961"
"2019-09-10 00:27","ZKDatabase.java","202805","257096","459901"
"2016-03-23 00:30","ZKDatabase.java","8744","26054","34798"
"2018-02-23 23:49","ZKDatabase.java","17445","44980","62425"
"2017-08-03 20:28","ZKDatabase.java","16308","38249","54557"
"2017-06-18 19:23","ZKDatabase.java","15179","37344","52523"
"2019-04-09 15:35","ZKDatabase.java","202717","236925","439642"
"2019-09-11 10:27","PrepRequestProcessor.java","1737","3093","4830"
"2019-11-08 17:30","PrepRequestProcessor.java","3908","9522","13430"
"2019-12-27 22:33","PrepRequestProcessor.java","10004","18682","28686"
"2019-10-10 14:37","PrepRequestProcessor.java","3717","7470","11187"
"2020-03-25 03:38","PrepRequestProcessor.java","12133","24918","37051"
"2011-04-12 09:14","LogServer.java","15099","14937","30036"
"2015-07-07 07:11","BaseSysTest.java","23404","64734","88138"
"2015-08-23 19:12","BaseSysTest.java","23415","65287","88702"
"2018-12-20 07:24","BaseSysTest.java","178335","230217","408552"
"2020-03-26 22:20","BaseSysTest.java","179600","271022","450622"
"2014-05-09 23:37","BaseSysTest.java","20612","46382","66994"
"2017-09-11 18:55","BaseSysTest.java","31418","78928","110346"
"2019-07-12 17:01","BaseSysTest.java","178394","252089","430483"
"2014-08-14 09:32","BaseSysTest.java","21672","55500","77172"
"2020-01-23 13:43","QuorumPeer.java","677","2501","3178"
"2020-02-16 10:25","QuorumPeer.java","2463","5000","7463"
"2019-11-29 14:49","QuorumCnxManager.java","9773","16330","26103"
"2019-11-13 20:41","QuorumCnxManager.java","4021","11740","15761"
"2020-03-12 14:47","QuorumCnxManager.java","12025","23968","35993"
"2019-10-10 14:37","QuorumCnxManager.java","3717","7470","11187"
"2020-01-23 13:43","QuorumCnxManager.java","11777","21704","33481"
"2019-11-28 12:24","QuorumCnxManager.java","9316","14222","23538"
"2020-03-23 16:20","QuorumCnxManager.java","12110","24224","36334"
"2020-02-16 10:25","QuorumCnxManager.java","11925","22565","34490"
"2018-12-20 15:13","QuorumPeer.java","226907","228716","455623"
"2019-05-16 16:25","QuorumPeer.java","227007","240045","467052"
"2018-10-16 16:22","QuorumPeer.java","205136","231772","436908"
"2019-06-14 09:06","QuorumPeer.java","227025","243262","470287"
"2018-12-07 12:41","QuorumPeer.java","226906","225729","452635"
"2019-03-11 19:47","QuorumPeer.java","226930","235167","462097"
"2019-02-13 13:12","QuorumPeer.java","226929","234114","461043"
"2019-04-12 19:01","QuorumPeer.java","227007","237053","464060"
"2018-12-09 03:16","QuorumPeer.java","226906","227803","454709"
"2018-09-11 15:23","QuorumPeer.java","107228","116193","223421"
"2019-11-29 14:49","QuorumPeer.java","228639","263435","492074"
"2018-12-15 07:34","QuorumPeer.java","226906","227718","454624"
"2018-11-27 10:02","QuorumPeer.java","226906","225479","452385"
"2018-09-18 01:00","QuorumPeer.java","107361","117581","224942"
"2019-06-03 19:40","QuorumPeer.java","227025","240595","467620"
"2019-07-15 14:15","QuorumPeer.java","227026","250684","477710"
"2019-07-03 00:44","QuorumPeer.java","227025","243277","470302"
"2019-08-17 17:13","QuorumPeer.java","227026","255265","482291"
"2017-11-28 00:10","QuorumPeer.java","7137","8361","15498"
"2018-01-30 08:02","QuorumPeer.java","7628","9005","16633"
"2019-05-15 11:56","QuorumPeer.java","227007","240000","467007"
"2019-06-05 00:33","QuorumPeer.java","227025","240985","468010"
"2019-05-20 23:13","QuorumPeer.java","227008","240119","467127"
"2019-06-04 10:55","QuorumPeer.java","227025","240748","467773"
"2019-07-12 17:01","QuorumPeer.java","227026","250578","477604"
"2020-01-09 11:27","QuorumPeer.java","228641","264983","493624"
"2017-07-06 18:48","QuorumPeer.java","4816","2502","7318"
"2018-10-01 06:11","QuorumPeer.java","108045","120844","228889"
"2018-07-04 17:11","QuorumPeer.java","18506","23444","41950"
"2019-12-17 13:48","QuorumPeer.java","228639","264007","492646"
"2020-01-23 13:43","QuorumPeer.java","228641","266807","495448"
"2018-12-06 10:56","QuorumPeer.java","226906","225673","452579"
"2019-10-10 14:37","QuorumPeer.java","227026","259018","486044"
"2017-07-27 23:09","QuorumPeer.java","6337","3037","9374"
"2018-06-26 11:18","QuorumPeer.java","8315","13235","21550"
"2018-07-27 12:32","QuorumPeer.java","29079","35217","64296"
"2019-04-18 19:17","QuorumPeer.java","227007","237763","464770"
"2017-05-11 16:59","QuorumPeer.java","4457","1276","5733"
"2020-02-16 10:25","QuorumPeer.java","228641","267520","496161"
"2016-08-24 01:36","RestoreCommittedLogTest.java","17092","40970","58062"
"2019-05-20 12:24","RestoreCommittedLogTest.java","198531","241080","439611"
"2019-04-09 15:35","RestoreCommittedLogTest.java","198460","237062","435522"
"2019-08-17 17:13","RestoreCommittedLogTest.java","198547","256292","454839"
"2015-11-21 22:18","RestoreCommittedLogTest.java","12970","35151","48121"
"2019-05-14 17:11","RestoreCommittedLogTest.java","198531","240943","439474"
"2019-08-17 17:13","DataNode.java","24762","25455","50217"
"2019-12-27 22:33","DataNode.java","33459","42830","76289"
"2015-10-18 19:00","QuorumPeer.java","22447","75554","98001"
"2018-12-20 15:13","QuorumPeer.java","180263","230410","410673"
"2019-05-16 16:25","QuorumPeer.java","180330","241706","422036"
"2018-10-16 16:22","QuorumPeer.java","149073","236735","385808"
"2019-06-14 09:06","QuorumPeer.java","180329","244904","425233"
"2018-12-07 12:41","QuorumPeer.java","180263","227424","407687"
"2012-04-23 01:20","QuorumPeer.java","10672","23456","34128"
"2012-07-17 23:19","QuorumPeer.java","10704","24260","34964"
"2019-03-11 19:47","QuorumPeer.java","180277","236852","417129"
"2012-02-27 03:41","QuorumPeer.java","8228","18927","27155"
"2014-07-18 02:19","QuorumPeer.java","20656","64029","84685"
"2019-02-13 13:12","QuorumPeer.java","180276","235799","416075"
"2019-04-12 19:01","QuorumPeer.java","180330","238714","419044"
"2018-12-09 03:16","QuorumPeer.java","180263","229498","409761"
"2018-09-11 15:23","QuorumPeer.java","107450","177441","284891"
"2019-11-29 14:49","QuorumPeer.java","181427","264561","445988"
"2013-03-07 07:01","QuorumPeer.java","12918","37540","50458"
"2018-12-15 07:34","QuorumPeer.java","180263","229413","409676"
"2018-11-27 10:02","QuorumPeer.java","180263","227174","407437"
"2018-09-18 01:00","QuorumPeer.java","107511","178757","286268"
"2012-02-06 09:40","QuorumPeer.java","7884","18342","26226"
"2019-06-03 19:40","QuorumPeer.java","180329","242237","422566"
"2019-07-15 14:15","QuorumPeer.java","180329","252325","432654"
"2015-03-17 18:06","QuorumPeer.java","21151","70497","91648"
"2019-07-03 00:44","QuorumPeer.java","180329","244919","425248"
"2019-08-17 17:13","QuorumPeer.java","180329","256906","437235"
"2015-06-27 02:03","QuorumPeer.java","21412","73447","94859"
"2017-11-28 00:10","QuorumPeer.java","28160","90410","118570"
"2014-01-21 04:50","QuorumPeer.java","13721","45493","59214"
"2014-06-04 22:07","QuorumPeer.java","20003","57576","77579"
"2018-01-30 08:02","QuorumPeer.java","28368","90771","119139"
"2019-05-15 11:56","QuorumPeer.java","180330","241661","421991"
"2019-06-05 00:33","QuorumPeer.java","180329","242627","422956"
"2019-05-20 23:13","QuorumPeer.java","180330","241779","422109"
"2019-06-04 10:55","QuorumPeer.java","180329","242390","422719"
"2019-07-12 17:01","QuorumPeer.java","180329","252219","432548"
"2020-01-09 11:27","QuorumPeer.java","181427","266107","447534"
"2017-02-09 11:40","QuorumPeer.java","25393","86419","111812"
"2017-07-06 18:48","QuorumPeer.java","27823","86535","114358"
"2018-10-01 06:11","QuorumPeer.java","107666","181491","289157"
"2015-04-09 20:16","QuorumPeer.java","21166","71575","92741"
"2013-10-07 21:08","QuorumPeer.java","13365","40803","54168"
"2013-09-30 22:20","QuorumPeer.java","13223","40230","53453"
"2018-07-04 17:11","QuorumPeer.java","36174","102138","138312"
"2019-12-17 13:48","QuorumPeer.java","181427","265133","446560"
"2015-12-07 05:59","QuorumPeer.java","22594","76459","99053"
"2020-01-23 13:43","QuorumPeer.java","181427","267931","449358"
"2016-06-23 23:45","QuorumPeer.java","24217","79152","103369"
"2016-06-23 23:25","QuorumPeer.java","24218","79045","103263"
"2014-03-23 04:12","QuorumPeer.java","13946","47938","61884"
"2013-09-26 00:13","QuorumPeer.java","13204","39967","53171"
"2011-06-17 01:34","QuorumPeer.java","92","163","255"
"2014-07-18 20:48","QuorumPeer.java","20692","64524","85216"
"2014-07-04 04:19","QuorumPeer.java","20033","59249","79282"
"2018-12-06 10:56","QuorumPeer.java","180263","227368","407631"
"2014-06-25 15:04","QuorumPeer.java","20008","58078","78086"
"2014-03-28 01:58","QuorumPeer.java","13960","48370","62330"
"2013-10-21 23:36","QuorumPeer.java","13563","43743","57306"
"2019-10-10 14:37","QuorumPeer.java","180329","260659","440988"
"2013-11-07 06:41","QuorumPeer.java","13592","44203","57795"
"2017-07-27 23:09","QuorumPeer.java","27831","85557","113388"
"2014-05-18 05:49","QuorumPeer.java","19988","57072","77060"
"2011-10-25 08:09","QuorumPeer.java","6712","14666","21378"
"2014-03-25 22:13","QuorumPeer.java","13957","48185","62142"
"2011-11-01 08:15","QuorumPeer.java","6917","15060","21977"
"2018-06-26 11:18","QuorumPeer.java","28606","94552","123158"
"2018-07-27 12:32","QuorumPeer.java","45502","112666","158168"
"2019-04-18 19:17","QuorumPeer.java","180330","239424","419754"
"2011-10-27 23:25","QuorumPeer.java","6799","14913","21712"
"2011-08-30 08:37","QuorumPeer.java","1366","12206","13572"
"2011-08-30 08:29","QuorumPeer.java","1336","12164","13500"
"2013-10-09 22:21","QuorumPeer.java","13554","43371","56925"
"2016-12-20 14:47","QuorumPeer.java","25289","85180","110469"
"2017-05-11 16:59","QuorumPeer.java","27742","85587","113329"
"2014-07-03 06:01","QuorumPeer.java","20031","58825","78856"
"2014-08-14 08:08","QuorumPeer.java","20787","65480","86267"
"2014-08-01 07:38","QuorumPeer.java","20787","65059","85846"
"2014-07-20 04:50","QuorumPeer.java","20721","64615","85336"
"2016-06-02 00:59","QuorumPeer.java","24205","78663","102868"
"2020-02-16 10:25","QuorumPeer.java","181427","268644","450071"
"2019-08-17 17:13","ZKHostnameVerifier.java","109882","111485","221367"
"2020-05-21 14:13","ZKHostnameVerifier.java","118208","134640","252848"
"2019-10-10 14:37","ZKHostnameVerifier.java","111293","116649","227942"
"2015-10-18 19:00","QuorumPeer.java","24287","149529","173816"
"2018-12-20 15:13","QuorumPeer.java","105238","231123","336361"
"2019-05-16 16:25","QuorumPeer.java","105275","242389","347664"
"2018-10-16 16:22","QuorumPeer.java","82074","241871","323945"
"2019-06-14 09:06","QuorumPeer.java","105274","245587","350861"
"2010-03-16 23:25","QuorumPeer.java","12316","75379","87695"
"2018-12-07 12:41","QuorumPeer.java","105238","228137","333375"
"2012-04-23 01:20","QuorumPeer.java","21092","106011","127103"
"2012-07-17 23:19","QuorumPeer.java","21108","106799","127907"
"2019-03-11 19:47","QuorumPeer.java","105244","237557","342801"
"2012-02-27 03:41","QuorumPeer.java","20876","103710","124586"
"2014-07-18 02:19","QuorumPeer.java","23967","139475","163442"
"2019-02-13 13:12","QuorumPeer.java","105245","236506","341751"
"2011-04-29 18:12","QuorumPeer.java","17692","91815","109507"
"2019-04-12 19:01","QuorumPeer.java","105275","239397","344672"
"2018-12-09 03:16","QuorumPeer.java","105238","230211","335449"
"2018-09-11 15:23","QuorumPeer.java","61205","203331","264536"
"2019-11-29 14:49","QuorumPeer.java","105826","264698","370524"
"2013-03-07 07:01","QuorumPeer.java","22019","118776","140795"
"2018-12-15 07:34","QuorumPeer.java","105238","230126","335364"
"2018-11-27 10:02","QuorumPeer.java","105238","227887","333125"
"2018-09-18 01:00","QuorumPeer.java","61251","204632","265883"
"2009-11-18 18:47","QuorumPeer.java","7471","54454","61925"
"2012-02-06 09:40","QuorumPeer.java","20683","103276","123959"
"2019-06-03 19:40","QuorumPeer.java","105274","242920","348194"
"2019-07-15 14:15","QuorumPeer.java","105274","253008","358282"
"2015-03-17 18:06","QuorumPeer.java","24168","145649","169817"
"2019-07-03 00:44","QuorumPeer.java","105274","245602","350876"
"2009-06-18 18:37","QuorumPeer.java","3062","31870","34932"
"2019-08-17 17:13","QuorumPeer.java","105274","257589","362863"
"2015-06-27 02:03","QuorumPeer.java","24237","148407","172644"
"2009-11-18 20:06","QuorumPeer.java","7560","56877","64437"
"2017-11-28 00:10","QuorumPeer.java","27435","161820","189255"
"2014-01-21 04:50","QuorumPeer.java","22253","126160","148413"
"2014-06-04 22:07","QuorumPeer.java","23767","133475","157242"
"2018-01-30 08:02","QuorumPeer.java","27468","162006","189474"
"2019-05-15 11:56","QuorumPeer.java","105275","242344","347619"
"2019-06-05 00:33","QuorumPeer.java","105274","243310","348584"
"2019-05-20 23:13","QuorumPeer.java","105275","242462","347737"
"2019-06-04 10:55","QuorumPeer.java","105274","243073","348347"
"2019-07-12 17:01","QuorumPeer.java","105274","252902","358176"
"2020-01-09 11:27","QuorumPeer.java","105826","266244","372070"
"2017-02-09 11:40","QuorumPeer.java","26381","159542","185923"
"2011-06-14 07:14","QuorumPeer.java","17752","93490","111242"
"2017-07-06 18:48","QuorumPeer.java","27293","158140","185433"
"2018-10-01 06:11","QuorumPeer.java","61340","207300","268640"
"2015-04-09 20:16","QuorumPeer.java","24170","146714","170884"
"2013-10-07 21:08","QuorumPeer.java","22158","121731","143889"
"2013-09-30 22:20","QuorumPeer.java","22147","121289","143436"
"2018-07-04 17:11","QuorumPeer.java","34226","172325","206551"
"2019-12-17 13:48","QuorumPeer.java","105826","265270","371096"
"2015-12-07 05:59","QuorumPeer.java","24356","150356","174712"
"2020-01-23 13:43","QuorumPeer.java","105826","268068","373894"
"2016-06-23 23:45","QuorumPeer.java","25810","152880","178690"
"2011-05-03 19:57","QuorumPeer.java","17693","91820","109513"
"2016-06-23 23:25","QuorumPeer.java","25810","152772","178582"
"2010-03-09 05:44","QuorumPeer.java","12180","74468","86648"
"2010-03-12 19:26","QuorumPeer.java","12273","75291","87564"
"2014-03-23 04:12","QuorumPeer.java","22380","128507","150887"
"2013-09-26 00:13","QuorumPeer.java","22143","121041","143184"
"2011-06-17 01:34","QuorumPeer.java","17798","93607","111405"
"2011-06-14 14:11","QuorumPeer.java","17750","93515","111265"
"2010-03-10 02:27","QuorumPeer.java","12187","74689","86876"
"2010-03-10 19:52","QuorumPeer.java","12194","74782","86976"
"2014-07-18 20:48","QuorumPeer.java","23972","139939","163911"
"2014-07-04 04:19","QuorumPeer.java","23775","135126","158901"
"2018-12-06 10:56","QuorumPeer.java","105238","228081","333319"
"2014-06-25 15:04","QuorumPeer.java","23769","133974","157743"
"2014-03-28 01:58","QuorumPeer.java","22383","128928","151311"
"2009-10-30 17:19","QuorumPeer.java","6722","47166","53888"
"2009-11-20 23:28","QuorumPeer.java","7609","57205","64814"
"2009-12-18 03:19","QuorumPeer.java","8363","58532","66895"
"2009-12-15 23:23","QuorumPeer.java","7825","57720","65545"
"2013-10-21 23:36","QuorumPeer.java","22206","124521","146727"
"2019-10-10 14:37","QuorumPeer.java","105274","261342","366616"
"2013-11-07 06:41","QuorumPeer.java","22233","124979","147212"
"2017-07-27 23:09","QuorumPeer.java","27301","157162","184463"
"2014-05-18 05:49","QuorumPeer.java","23757","132976","156733"
"2011-10-25 08:09","QuorumPeer.java","20411","100500","120911"
"2014-03-25 22:13","QuorumPeer.java","22381","128744","151125"
"2011-04-12 09:14","QuorumPeer.java","17673","91461","109134"
"2011-11-01 08:15","QuorumPeer.java","20490","100768","121258"
"2011-03-16 19:49","QuorumPeer.java","14562","129823","144385"
"2018-06-26 11:18","QuorumPeer.java","27571","165652","193223"
"2018-07-27 12:32","QuorumPeer.java","34283","173582","207865"
"2019-04-18 19:17","QuorumPeer.java","105275","240107","345382"
"2011-10-27 23:25","QuorumPeer.java","20441","100690","121131"
"2011-08-30 08:37","QuorumPeer.java","16149","99124","115273"
"2011-08-30 08:29","QuorumPeer.java","16149","99112","115261"
"2010-08-18 08:24","QuorumPeer.java","13873","96616","110489"
"2013-10-09 22:21","QuorumPeer.java","22206","124158","146364"
"2016-12-20 14:47","QuorumPeer.java","26321","158347","184668"
"2011-05-20 01:17","QuorumPeer.java","17697","92304","110001"
"2010-05-05 22:32","QuorumPeer.java","13288","76336","89624"
"2017-05-11 16:59","QuorumPeer.java","27273","157253","184526"
"2014-07-03 06:01","QuorumPeer.java","23775","134704","158479"
"2014-08-14 08:08","QuorumPeer.java","24032","140860","164892"
"2014-08-01 07:38","QuorumPeer.java","24032","140439","164471"
"2009-04-24 20:26","QuorumPeer.java","943","9545","10488"
"2014-07-20 04:50","QuorumPeer.java","23990","140019","164009"
"2016-06-02 00:59","QuorumPeer.java","25809","152402","178211"
"2020-02-16 10:25","QuorumPeer.java","105826","268781","374607"
"2019-07-15 14:46","JKSFileLoader.java","14790","42763","57553"
"2019-08-17 17:13","JKSFileLoader.java","36682","68806","105488"
"2020-05-05 21:20","ServerMetrics.java","15587","26384","41971"
"2020-02-26 22:41","ServerMetrics.java","11720","19355","31075"
"2020-03-25 03:38","ServerMetrics.java","11920","21686","33606"
"2019-11-18 09:05","ServerMetrics.java","8744","8869","17613"
"2020-05-03 19:43","ServerMetrics.java","12651","23353","36004"
"2019-11-23 17:08","ServerMetrics.java","8987","10669","19656"
"2019-08-17 17:13","JettyAdminServerTest.java","210259","256151","466410"
"2019-07-29 17:09","JettyAdminServerTest.java","210259","253165","463424"
"2020-05-05 09:18","JettyAdminServerTest.java","211700","271354","483054"
"2019-10-10 14:37","JettyAdminServerTest.java","210259","259904","470163"
"2019-03-12 19:08","ZooKeeperTest.java","156681","152200","308881"
"2019-05-23 18:42","ZooKeeperTest.java","156898","157523","314421"
"2019-08-17 17:13","ZooKeeperTest.java","158822","174218","333040"
"2019-06-06 00:01","ZooKeeperTest.java","156918","158451","315369"
"2019-05-06 17:48","LearnerHandlerTest.java","193580","240674","434254"
"2017-11-28 00:10","LearnerHandlerTest.java","24002","59768","83770"
"2019-08-17 17:13","LearnerHandlerTest.java","193596","256377","449973"
"2017-09-11 18:55","LearnerHandlerTest.java","23664","55573","79237"
"2018-12-09 03:16","LearnerHandlerTest.java","193496","228935","422431"
"2019-05-20 17:18","LearnerHandlerTest.java","193580","241152","434732"
"2019-07-03 20:54","LearnerHandlerTest.java","193596","244371","437967"
"2014-02-12 17:00","LearnerHandlerTest.java","1437","8558","9995"
"2011-04-29 18:12","QuorumCnxManager.java","21286","70787","92073"
"2011-12-28 01:26","QuorumCnxManager.java","24315","81558","105873"
"2019-11-29 14:49","QuorumCnxManager.java","130446","264696","395142"
"2013-03-07 07:01","QuorumCnxManager.java","25829","98026","123855"
"2018-07-11 06:04","QuorumCnxManager.java","38563","152141","190704"
"2018-08-06 14:11","QuorumCnxManager.java","43235","158586","201821"
"2010-11-17 15:59","QuorumCnxManager.java","17563","106707","124270"
"2012-06-29 22:08","QuorumCnxManager.java","24897","85299","110196"
"2018-10-16 16:22","QuorumCnxManager.java","106475","241712","348187"
"2019-06-14 09:06","QuorumCnxManager.java","129808","245499","375307"
"2019-08-03 08:42","QuorumCnxManager.java","129808","258209","388017"
"2019-11-13 20:41","QuorumCnxManager.java","129808","265220","395028"
"2019-04-09 16:08","QuorumCnxManager.java","129772","238321","368093"
"2019-08-06 12:52","QuorumCnxManager.java","129808","258474","388282"
"2017-02-09 11:40","QuorumCnxManager.java","30505","139106","169611"
"2019-05-20 23:13","QuorumCnxManager.java","129808","242373","372181"
"2015-04-09 20:16","QuorumCnxManager.java","28205","126189","154394"
"2017-08-23 02:16","QuorumCnxManager.java","31582","137487","169069"
"2019-07-27 20:04","QuorumCnxManager.java","129808","254032","383840"
"2009-06-30 22:47","QuorumCnxManager.java","4105","16165","20270"
"2015-05-29 23:46","QuorumCnxManager.java","28207","126707","154914"
"2015-05-14 07:10","QuorumCnxManager.java","28219","126423","154642"
"2020-03-12 14:47","QuorumCnxManager.java","130446","270082","400528"
"2019-08-17 17:13","QuorumCnxManager.java","129808","257501","387309"
"2017-11-28 00:10","QuorumCnxManager.java","31676","141501","173177"
"2009-11-18 20:06","QuorumCnxManager.java","7368","32063","39431"
"2009-10-27 22:14","QuorumCnxManager.java","5530","21106","26636"
"2009-12-15 23:23","QuorumCnxManager.java","7638","32911","40549"
"2009-08-11 00:24","QuorumCnxManager.java","4570","17839","22409"
"2009-08-03 23:27","QuorumCnxManager.java","4490","17013","21503"
"2019-10-10 14:37","QuorumCnxManager.java","129808","261254","391062"
"2014-07-23 19:36","QuorumCnxManager.java","28015","119566","147581"
"2017-06-09 18:37","QuorumCnxManager.java","31489","137098","168587"
"2020-01-23 13:43","QuorumCnxManager.java","130446","268066","398512"
"2014-03-23 04:12","QuorumCnxManager.java","26385","107952","134337"
"2010-01-19 21:06","QuorumCnxManager.java","8226","36515","44741"
"2010-01-21 04:08","QuorumCnxManager.java","8239","36534","44773"
"2014-07-08 05:25","QuorumCnxManager.java","27924","115205","143129"
"2019-11-28 12:24","QuorumCnxManager.java","130446","263045","393491"
"2014-06-25 15:04","QuorumCnxManager.java","27788","113433","141221"
"2011-08-15 02:44","QuorumCnxManager.java","19727","74577","94304"
"2016-06-08 17:43","QuorumCnxManager.java","29890","131922","161812"
"2020-03-23 16:20","QuorumCnxManager.java","130446","270253","400699"
"2020-02-16 10:25","QuorumCnxManager.java","130446","268779","399225"
"2014-07-22 06:45","QuorumCnxManager.java","28015","119491","147506"
"2011-04-12 09:14","QuorumCnxManager.java","21251","70417","91668"
"2010-10-06 19:01","QuorumCnxManager.java","17032","103569","120601"
"2018-07-27 12:32","QuorumCnxManager.java","43206","157945","201151"
"2010-10-20 00:32","QuorumCnxManager.java","17085","105115","122200"
"2011-03-16 19:49","QuorumCnxManager.java","17739","108378","126117"
"2019-07-02 07:34","Follower.java","4142","8088","12230"
"2019-08-17 17:13","Follower.java","29761","45764","75525"
"2019-06-29 00:33","Follower.java","4063","8053","12116"
"2019-08-06 17:11","Follower.java","7467","24571","32038"
"2019-07-15 14:15","Follower.java","5223","16645","21868"
"2019-08-23 19:43","Follower.java","29763","46432","76195"
"2019-06-05 00:33","Follower.java","798","2522","3320"
"2019-12-27 22:33","Follower.java","37985","62666","100651"
"2019-10-10 14:37","Follower.java","32078","51834","83912"
"2019-08-17 17:13","AvgMinMaxPercentileCounter.java","30178","52485","82663"
"2019-04-12 19:01","AvgMinMaxPercentileCounter.java","1177","5291","6468"
"2011-07-01 00:53","PrepRequestProcessor.java","22774","72399","95173"
"2015-02-06 06:17","PrepRequestProcessor.java","29584","121160","150744"
"2012-02-06 10:39","PrepRequestProcessor.java","25741","79658","105399"
"2013-03-07 07:01","PrepRequestProcessor.java","27081","95155","122236"
"2019-02-07 11:26","PrepRequestProcessor.java","133949","235788","369737"
"2019-09-11 10:27","PrepRequestProcessor.java","133993","258856","392849"
"2018-07-19 05:59","PrepRequestProcessor.java","45089","155201","200290"
"2017-09-11 18:55","PrepRequestProcessor.java","33333","135178","168511"
"2019-01-16 14:21","PrepRequestProcessor.java","133949","233436","367385"
"2017-06-01 05:45","PrepRequestProcessor.java","33177","134558","167735"
"2012-04-14 02:32","PrepRequestProcessor.java","25994","81475","107469"
"2019-11-08 17:30","PrepRequestProcessor.java","133993","263114","397107"
"2016-11-13 20:59","PrepRequestProcessor.java","31822","134258","166080"
"2019-04-09 15:35","PrepRequestProcessor.java","133957","238321","372278"
"2019-04-17 14:16","PrepRequestProcessor.java","133993","239572","373565"
"2014-10-28 05:35","PrepRequestProcessor.java","29522","119159","148681"
"2019-05-10 12:22","PrepRequestProcessor.java","133993","242007","376000"
"2017-06-26 00:16","PrepRequestProcessor.java","33212","134871","168083"
"2019-02-07 11:22","PrepRequestProcessor.java","133949","235450","369399"
"2016-11-16 06:21","PrepRequestProcessor.java","31834","134817","166651"
"2019-08-01 07:31","PrepRequestProcessor.java","133993","258171","392164"
"2019-06-26 10:57","PrepRequestProcessor.java","133993","245350","379343"
"2009-11-12 23:48","PrepRequestProcessor.java","6030","24126","30156"
"2014-01-24 07:18","PrepRequestProcessor.java","27536","104343","131879"
"2015-05-29 19:45","PrepRequestProcessor.java","29668","124035","153703"
"2016-10-07 21:51","PrepRequestProcessor.java","31807","131990","163797"
"2015-06-04 19:51","PrepRequestProcessor.java","29736","124868","154604"
"2009-06-26 22:29","PrepRequestProcessor.java","2471","10034","12505"
"2019-08-17 17:13","PrepRequestProcessor.java","133993","257500","391493"
"2018-08-08 06:21","PrepRequestProcessor.java","66738","178330","245068"
"2018-05-09 23:57","PrepRequestProcessor.java","33526","141932","175458"
"2015-06-11 20:09","PrepRequestProcessor.java","29743","125001","154744"
"2019-12-27 22:33","PrepRequestProcessor.java","134632","266817","401449"
"2009-12-18 03:19","PrepRequestProcessor.java","7054","28415","35469"
"2009-12-11 21:24","PrepRequestProcessor.java","6274","27182","33456"
"2009-11-07 01:48","PrepRequestProcessor.java","5617","18508","24125"
"2014-04-01 01:47","PrepRequestProcessor.java","27788","105858","133646"
"2019-10-10 14:37","PrepRequestProcessor.java","133993","261253","395246"
"2020-03-25 03:38","PrepRequestProcessor.java","134632","270924","405556"
"2010-01-25 04:28","PrepRequestProcessor.java","7337","31739","39076"
"2011-08-15 02:35","PrepRequestProcessor.java","20859","71573","92432"
"2014-07-25 01:31","PrepRequestProcessor.java","29467","117028","146495"
"2013-10-09 22:21","PrepRequestProcessor.java","27449","100718","128167"
"2010-08-18 08:24","PrepRequestProcessor.java","17805","71740","89545"
"2011-09-17 02:36","PrepRequestProcessor.java","23573","76514","100087"
"2014-04-29 02:23","PrepRequestProcessor.java","28920","108992","137912"
"2015-03-08 23:07","PrepRequestProcessor.java","29610","121360","150970"
"2014-07-22 06:51","PrepRequestProcessor.java","29422","116794","146216"
"2012-03-15 17:47","PrepRequestProcessor.java","25764","80894","106658"
"2011-04-12 09:14","PrepRequestProcessor.java","22214","67194","89408"
"2011-11-01 15:41","PrepRequestProcessor.java","25323","77056","102379"
"2011-10-28 00:58","PrepRequestProcessor.java","25274","76845","102119"
"2011-10-20 20:02","PrepRequestProcessor.java","25146","76498","101644"
"2011-10-17 16:59","PrepRequestProcessor.java","23636","76396","100032"
"2018-06-15 07:41","PrepRequestProcessor.java","33544","142702","176246"
"2012-12-19 19:16","PrepRequestProcessor.java","26763","90281","117044"
"2011-11-14 20:18","PrepRequestProcessor.java","25316","77684","103000"
"2019-08-17 17:13","QuorumAuthLearner.java","228064","255079","483143"
"2019-08-17 17:13","MultiOperationRecord.java","26898","39048","65946"
"2019-11-29 14:49","QuorumCnxManager.java","229834","263406","493240"
"2018-07-11 06:04","QuorumCnxManager.java","11847","15600","27447"
"2018-08-06 14:11","QuorumCnxManager.java","22602","28128","50730"
"2018-10-16 16:22","QuorumCnxManager.java","205782","231194","436976"
"2019-06-14 09:06","QuorumCnxManager.java","228063","243076","471139"
"2019-08-03 08:42","QuorumCnxManager.java","228064","255787","483851"
"2019-11-13 20:41","QuorumCnxManager.java","228113","262847","490960"
"2019-04-09 16:08","QuorumCnxManager.java","227954","235825","463779"
"2019-08-06 12:52","QuorumCnxManager.java","228064","256052","484116"
"2019-05-20 23:13","QuorumCnxManager.java","228046","239933","467979"
"2019-07-27 20:04","QuorumCnxManager.java","228064","251610","479674"
"2020-03-12 14:47","QuorumCnxManager.java","229836","268794","498630"
"2019-08-17 17:13","QuorumCnxManager.java","228064","255079","483143"
"2019-10-10 14:37","QuorumCnxManager.java","228065","258833","486898"
"2020-01-23 13:43","QuorumCnxManager.java","229836","266778","496614"
"2019-11-28 12:24","QuorumCnxManager.java","229834","261755","491589"
"2020-03-23 16:20","QuorumCnxManager.java","229836","268965","498801"
"2020-02-16 10:25","QuorumCnxManager.java","229836","267491","497327"
"2018-07-27 12:32","QuorumCnxManager.java","22382","27296","49678"
"2019-07-29 17:15","BinaryInputArchiveTest.java","14599","38161","52760"
"2019-09-26 08:55","BinaryInputArchiveTest.java","37713","66999","104712"
"2019-10-10 14:37","ClientTest.java","215583","260738","476321"
"2019-12-28 16:17","ClientTest.java","216656","266643","483299"
"2014-07-25 01:31","ClientTest.java","61965","70830","132795"
"2017-01-09 22:49","ClientTest.java","66190","91498","157688"
"2011-04-12 09:14","ClientTest.java","42669","5544","48213"
"2014-07-08 20:18","ClientTest.java","61648","66126","127774"
"2017-05-01 17:19","ClientTest.java","67672","91124","158796"
"2018-11-22 17:56","ClientTest.java","215517","225616","441133"
"2013-01-25 02:17","ClientTest.java","53862","38841","92703"
"2017-06-30 22:43","ClientTest.java","68484","91457","159941"
"2019-03-06 03:32","ClientTest.java","215531","236718","452249"
"2012-12-11 08:42","ClientTest.java","53073","35792","88865"
"2012-10-31 19:38","ClientTest.java","52371","32263","84634"
"2019-08-17 17:13","ClientTest.java","215583","256985","472568"
"2011-09-28 16:46","ClientCnxnSocketNIO.java","4223","9571","13794"
"2011-09-28 22:17","ClientCnxnSocketNIO.java","4232","9590","13822"
"2011-11-02 22:53","ClientCnxnSocketNIO.java","6466","10464","16930"
"2019-10-10 14:37","ClientCnxnSocketNIO.java","172027","260657","432684"
"2012-10-31 18:24","ClientCnxnSocketNIO.java","10523","21255","31778"
"2014-12-20 15:29","ClientCnxnSocketNIO.java","20788","64318","85106"
"2019-04-09 15:35","ClientCnxnSocketNIO.java","171976","237710","409686"
"2019-08-03 08:42","ClientCnxnSocketNIO.java","172027","257612","429639"
"2014-07-17 22:56","ClientCnxnSocketNIO.java","20247","56465","76712"
"2019-08-17 17:13","ClientCnxnSocketNIO.java","172027","256904","428931"
"2016-05-02 18:15","ClientCnxnSocketNIO.java","24159","73736","97895"
"2018-11-22 17:56","ClientCnxnSocketNIO.java","171961","225535","397496"
"2012-09-09 20:24","ClientCnxnSocketNIO.java","10508","21057","31565"
"2014-05-09 23:37","Zab1_0Test.java","7946","14078","22024"
"2017-01-07 01:09","Zab1_0Test.java","18243","48252","66495"
"2015-12-06 21:30","Zab1_0Test.java","13119","36362","49481"
"2019-12-17 13:48","Zab1_0Test.java","198965","264838","463803"
"2013-11-19 02:03","Zab1_0Test.java","98","236","334"
"2015-07-07 07:11","Zab1_0Test.java","12754","34446","47200"
"2019-12-27 22:33","Zab1_0Test.java","198965","266387","465352"
"2019-10-10 14:37","Zab1_0Test.java","197616","260113","457729"
"2013-11-07 06:41","Zab1_0Test.java","49","139","188"
"2015-05-14 18:40","Zab1_0Test.java","11299","31691","42990"
"2019-08-17 17:13","Zab1_0Test.java","197616","256360","453976"
"2019-06-03 19:40","Zab1_0Test.java","197616","241691","439307"
"2018-05-10 06:00","Zab1_0Test.java","24464","59182","83646"
"2017-11-28 00:10","Zab1_0Test.java","23730","55459","79189"
"2017-08-18 06:32","Zab1_0Test.java","23174","50868","74042"
"2017-02-12 00:12","Zab1_0Test.java","20794","48049","68843"
"2019-08-17 17:13","HierarchicalQuorumTest.java","25849","30536","56385"
"2019-10-10 14:37","HierarchicalQuorumTest.java","28300","36740","65040"
"2015-07-07 07:11","DeleteTest.java","35426","83925","119351"
"2011-04-12 09:14","DeleteTest.java","15865","10270","26135"
"2019-01-31 15:55","SetCommand.java","221735","233428","455163"
"2019-08-17 17:13","SetCommand.java","221853","255887","477740"
"2017-05-27 00:52","SetCommand.java","6695","9371","16066"
"2010-03-11 04:17","NIOServerCnxn.java","349","969","1318"
"2011-05-03 23:29","NIOServerCnxn.java","19836","31960","51796"
"2019-11-21 05:58","NIOServerCnxn.java","167755","261229","428984"
"2015-11-08 22:36","NIOServerCnxn.java","37070","103992","141062"
"2019-11-18 09:05","NIOServerCnxn.java","167755","261206","428961"
"2013-09-10 00:37","NIOServerCnxn.java","29509","69491","99000"
"2019-09-16 23:26","NIOServerCnxn.java","166708","260034","426742"
"2019-10-10 14:37","NIOServerCnxn.java","166708","260768","427476"
"2013-10-05 00:57","NIOServerCnxn.java","29656","70392","100048"
"2018-09-28 23:38","NIOServerCnxn.java","103665","191064","294729"
"2010-08-18 08:24","NIOServerCnxn.java","7853","28588","36441"
"2010-05-04 23:45","NIOServerCnxn.java","5770","6791","12561"
"2020-02-11 06:50","NIOServerCnxn.java","167755","268581","436336"
"2019-01-23 14:00","NIOServerCnxn.java","166651","233685","400336"
"2019-07-08 23:26","NIOServerCnxn.java","166708","245791","412499"
"2019-04-12 19:01","NIOServerCnxn.java","166709","238823","405532"
"2019-01-14 19:38","NIOServerCnxn.java","166650","232249","398899"
"2018-11-17 18:33","NIOServerCnxn.java","166650","225032","391682"
"2017-03-04 19:22","NIOServerCnxn.java","40746","112567","153313"
"2011-08-19 00:05","NIOServerCnxn.java","19242","42294","61536"
"2013-12-11 19:22","NIOServerCnxn.java","29866","74656","104522"
"2012-02-11 00:34","NIOServerCnxn.java","25303","49526","74829"
"2016-12-22 23:23","NIOServerCnxn.java","39524","113335","152859"
"2018-09-18 01:00","NIOServerCnxn.java","103518","188343","291861"
"2019-08-17 17:13","NIOServerCnxn.java","166708","257015","423723"
"2015-06-28 21:09","NIOServerCnxn.java","36963","102577","139540"
"2015-03-28 20:08","NIOServerCnxn.java","36758","100672","137430"
"2019-07-03 00:44","NIOServerCnxn.java","166708","245028","411736"
"2019-08-03 08:42","NIOServerCnxn.java","166708","257723","424431"
"2016-11-16 06:21","NIOServerCnxn.java","39178","112288","151466"
"2012-12-19 19:07","NIOServerCnxn.java","28826","61590","90416"
"2019-12-13 08:51","EmptiedSnapshotRecoveryTest.java","6172","9134","15306"
"2011-06-21 07:34","ZooKeeperServerTest.java","17732","30294","48026"
"2011-09-27 03:05","ZooKeeperServerTest.java","20726","42777","63503"
"2019-04-10 13:19","ZooKeeperServerTest.java","167977","238284","406261"
"2019-08-17 17:13","ZooKeeperServerTest.java","167976","257015","424991"
"2018-09-15 00:08","ZooKeeperServer.java","100825","109011","209836"
"2019-04-12 19:01","ZooKeeperServer.java","228181","236846","465027"
"2019-07-31 19:06","ZooKeeperServer.java","228218","254383","482601"
"2019-09-11 10:27","ZooKeeperServer.java","228219","256433","484652"
"2019-01-14 19:38","ZooKeeperServer.java","228078","230228","458306"
"2019-01-07 15:34","ZooKeeperServer.java","228078","229829","457907"
"2018-11-21 17:56","ZooKeeperServer.java","228075","223023","451098"
"2019-02-13 13:12","ZooKeeperServer.java","228105","233909","462014"
"2018-07-19 05:59","ZooKeeperServer.java","21848","26101","47949"
"2018-09-18 01:00","ZooKeeperServer.java","100937","109776","210713"
"2019-03-04 08:07","ZooKeeperServer.java","228106","234487","462593"
"2019-07-08 23:26","ZooKeeperServer.java","228217","243851","472068"
"2019-01-23 14:00","ZooKeeperServer.java","228080","231665","459745"
"2019-02-13 13:19","ZooKeeperServer.java","228105","234195","462300"
"2019-05-14 17:11","ZooKeeperServer.java","228198","239723","467921"
"2019-06-04 10:55","ZooKeeperServer.java","228217","240559","468776"
"2019-04-09 15:35","ZooKeeperServer.java","228108","235823","463931"
"2019-08-03 08:42","ZooKeeperServer.java","228218","255784","484002"
"2019-05-15 11:56","ZooKeeperServer.java","228198","239810","468008"
"2019-05-22 11:39","ZooKeeperServer.java","228200","240258","468458"
"2019-04-22 19:15","ZooKeeperServer.java","228181","237821","466002"
"2018-02-23 23:49","ZooKeeperServer.java","184","1226","1410"
"2019-09-10 04:26","ZooKeeperServer.java","228219","256122","484341"
"2019-08-17 17:13","ZooKeeperServer.java","228218","255076","483294"
"2019-09-05 23:12","ZooKeeperServer.java","228219","255996","484215"
"2019-09-10 15:21","ZooKeeperServer.java","228219","256120","484339"
"2019-08-01 07:31","ZooKeeperServer.java","228218","255747","483965"
"2019-08-01 07:28","ZooKeeperServer.java","228218","255257","483475"
"2019-06-03 19:40","ZooKeeperServer.java","228217","240406","468623"
"2019-11-23 17:08","ZooKeeperServer.java","229988","261547","491535"
"2019-10-09 16:49","ZooKeeperServer.java","228219","258663","486882"
"2019-07-03 00:44","ZooKeeperServer.java","228217","243088","471305"
"2019-07-24 18:00","ZooKeeperServer.java","228218","251531","479749"
"2018-08-08 06:21","ZooKeeperServer.java","69828","75561","145389"
"2018-05-09 23:57","ZooKeeperServer.java","568","3115","3683"
"2019-12-27 22:33","ZooKeeperServer.java","229989","265525","495514"
"2018-09-11 00:17","ZooKeeperServer.java","100801","107438","208239"
"2019-11-18 09:05","ZooKeeperServer.java","229988","259990","489978"
"2019-10-10 14:37","ZooKeeperServer.java","228219","258830","487049"
"2019-09-16 23:26","ZooKeeperServer.java","228219","258096","486315"
"2019-12-03 10:01","ZooKeeperServer.java","229988","263449","493437"
"2020-03-25 03:38","ZooKeeperServer.java","229990","269633","499623"
"2019-11-28 12:24","ZooKeeperServer.java","229988","261752","491740"
"2019-11-06 15:21","ZooKeeperServer.java","228267","259094","487361"
"2020-04-12 11:14","ZooKeeperServer.java","230051","270447","500498"
"2018-06-08 16:52","ZooKeeperServer.java","810","4106","4916"
"2018-06-15 07:41","ZooKeeperServer.java","819","4118","4937"
"2018-07-28 04:37","ZooKeeperServer.java","21984","26813","48797"
"2019-04-18 19:17","ZooKeeperServer.java","228181","237556","465737"
"2019-07-31 19:06","ZooKeeperServer.java","1526","4378","5904"
"2019-09-11 10:27","ZooKeeperServer.java","27161","32062","59223"
"2019-08-03 08:42","ZooKeeperServer.java","1891","6144","8035"
"2019-09-10 04:26","ZooKeeperServer.java","27111","31701","58812"
"2019-08-17 17:13","ZooKeeperServer.java","25768","29313","55081"
"2019-09-05 23:12","ZooKeeperServer.java","27076","31540","58616"
"2019-09-10 15:21","ZooKeeperServer.java","27121","31709","58830"
"2019-08-01 07:31","ZooKeeperServer.java","1609","5825","7434"
"2019-08-01 07:28","ZooKeeperServer.java","1533","5259","6792"
"2019-11-23 17:08","ZooKeeperServer.java","33669","41915","75584"
"2019-10-09 16:49","ZooKeeperServer.java","27736","34867","62603"
"2019-12-27 22:33","ZooKeeperServer.java","34186","46409","80595"
"2019-11-18 09:05","ZooKeeperServer.java","33462","40151","73613"
"2019-10-10 14:37","ZooKeeperServer.java","28222","35520","63742"
"2019-09-16 23:26","ZooKeeperServer.java","27370","33934","61304"
"2019-12-03 10:01","ZooKeeperServer.java","34030","44178","78208"
"2020-03-25 03:38","ZooKeeperServer.java","35985","52315","88300"
"2019-11-28 12:24","ZooKeeperServer.java","33727","42178","75905"
"2019-11-06 15:21","ZooKeeperServer.java","28362","35876","64238"
"2020-04-12 11:14","ZooKeeperServer.java","36628","53711","90339"
"2013-03-07 07:01","QuorumVerifier.java","12977","39549","52526"
"2012-04-23 01:20","QuorumVerifier.java","10791","25525","36316"
"2019-08-17 17:13","QuorumVerifier.java","178405","256932","435337"
"2017-06-08 17:51","ClientBase.java","22784","62756","85540"
"2017-04-18 01:37","ClientBase.java","21866","62470","84336"
"2018-09-07 02:49","ClientBase.java","109495","160537","270032"
"2019-07-31 19:06","ClientBase.java","185162","255771","440933"
"2015-02-06 06:17","ClientBase.java","13020","43181","56201"
"2017-09-11 18:55","ClientBase.java","23681","64111","87792"
"2019-08-17 17:13","ClientBase.java","185162","256464","441626"
"2015-03-28 20:08","ClientBase.java","13231","45603","58834"
"2019-06-07 14:13","ClientBase.java","185162","242568","427730"
"2018-04-24 00:20","ClientBase.java","24464","70670","95134"
"2018-08-08 06:21","ClientBase.java","85196","135373","220569"
"2018-05-09 23:57","ClientBase.java","24585","71576","96161"
"2019-06-24 11:05","ClientBase.java","185162","243797","428959"
"2017-01-13 19:29","ClientBase.java","19591","62361","81952"
"2016-06-23 23:25","ClientBase.java","18023","54887","72910"
"2014-01-03 01:40","ClientBase.java","3898","17595","21493"
"2014-01-25 01:17","ClientBase.java","3981","19484","23465"
"2019-11-14 16:44","ClientBase.java","185190","264519","449709"
"2019-10-10 14:37","ClientBase.java","185162","260217","445379"
"2016-08-24 01:36","ClientBase.java","18692","56127","74819"
"2015-03-08 23:07","ClientBase.java","13084","43419","56503"
"2019-08-17 17:13","DataTreeBean.java","90102","257706","347808"
"2018-09-04 11:54","DataTreeBean.java","52869","208191","261060"
"2010-07-05 20:20","DataTreeBean.java","9622","99034","108656"
"2019-12-17 13:48","Zab1_0Test.java","6201","9577","15778"
"2019-12-27 22:33","Zab1_0Test.java","6378","11303","17681"
"2019-08-17 17:13","ClientPortBindTest.java","226747","255274","482021"
"2018-10-08 14:33","ClientPortBindTest.java","204862","228829","433691"
"2019-10-10 14:37","ClientPortBindTest.java","226747","259027","485774"
"2016-08-24 01:36","InvalidSnapshotTest.java","17231","45570","62801"
"2013-12-21 22:05","InvalidSnapshotTest.java","615","5076","5691"
"2019-10-10 14:37","InvalidSnapshotTest.java","194161","260120","454281"
"2019-08-17 17:13","InvalidSnapshotTest.java","194161","256367","450528"
"2015-05-14 07:10","CnxManagerTest.java","63191","75792","138983"
"2020-03-12 14:47","CnxManagerTest.java","219509","270001","489510"
"2019-08-17 17:13","CnxManagerTest.java","218436","256985","475421"
"2019-06-03 19:40","CnxManagerTest.java","218436","242316","460752"
"2017-11-28 00:10","CnxManagerTest.java","69756","93978","163734"
"2019-07-12 17:01","CnxManagerTest.java","218436","252298","470734"
"2019-05-08 21:54","CnxManagerTest.java","218437","241488","459925"
"2019-08-06 12:52","CnxManagerTest.java","218436","257958","476394"
"2019-06-14 09:06","CnxManagerTest.java","218436","244983","463419"
"2013-03-07 07:01","CnxManagerTest.java","55066","41660","96726"
"2019-11-29 14:49","CnxManagerTest.java","219509","264615","484124"
"2011-04-29 18:12","CnxManagerTest.java","42840","3197","46037"
"2015-02-06 06:17","CnxManagerTest.java","62940","73036","135976"
"2017-09-11 18:55","CnxManagerTest.java","69640","90005","159645"
"2011-03-16 19:49","CnxManagerTest.java","418","1913","2331"
"2011-04-12 09:14","CnxManagerTest.java","42723","2745","45468"
"2011-09-17 02:13","CnxManagerTest.java","47154","18643","65797"
"2011-09-14 06:32","CnxManagerTest.java","44337","17797","62134"
"2020-02-16 10:25","CnxManagerTest.java","219509","268698","488207"
"2014-06-25 15:04","CnxManagerTest.java","62014","62056","124070"
"2015-11-03 08:11","CnxManagerTest.java","64283","79400","143683"
"2019-10-10 14:37","CnxManagerTest.java","218436","260738","479174"
"2014-07-23 19:36","CnxManagerTest.java","62684","68632","131316"
"2018-10-16 16:22","QuorumPeerConfig.java","117131","130968","248099"
"2018-12-09 03:16","QuorumPeerConfig.java","150200","138298","288498"
"2019-04-12 19:01","QuorumPeerConfig.java","156827","154074","310901"
"2018-12-15 07:34","QuorumPeerConfig.java","150201","138214","288415"
"2019-02-13 13:12","QuorumPeerConfig.java","156632","151018","307650"
"2019-08-17 17:13","QuorumPeerConfig.java","158778","174218","332996"
"2019-06-05 00:29","QuorumPeerConfig.java","156874","157981","314855"
"2020-01-09 11:27","QuorumPeerConfig.java","161986","185529","347515"
"2019-07-12 17:01","QuorumPeerConfig.java","158108","168861","326969"
"2019-05-15 11:56","QuorumPeerConfig.java","156851","157045","313896"
"2020-01-23 13:43","QuorumPeerConfig.java","162051","187418","349469"
"2019-10-10 14:37","QuorumPeerConfig.java","159780","178973","338753"
"2019-04-18 19:17","QuorumPeerConfig.java","156827","154784","311611"
"2020-02-16 10:25","QuorumPeerConfig.java","162123","188203","350326"
"2020-05-14 18:18","QuorumPeerConfig.java","162409","191714","354123"
"2019-08-17 17:13","NodeHashMapImpl.java","24762","25455","50217"
"2019-09-10 15:21","NodeHashMapImpl.java","26338","28074","54412"
"2019-12-27 22:33","NodeHashMapImpl.java","33459","42830","76289"
"2019-02-07 11:26","PrepRequestProcessor.java","191610","191067","382677"
"2019-09-11 10:27","PrepRequestProcessor.java","191804","214285","406089"
"2019-01-16 14:21","PrepRequestProcessor.java","191601","188706","380307"
"2019-11-08 17:30","PrepRequestProcessor.java","191852","218591","410443"
"2019-04-09 15:35","PrepRequestProcessor.java","191675","193657","385332"
"2019-04-17 14:16","PrepRequestProcessor.java","191754","194951","386705"
"2019-05-10 12:22","PrepRequestProcessor.java","191777","197409","389186"
"2019-02-07 11:22","PrepRequestProcessor.java","191610","190729","382339"
"2019-08-01 07:31","PrepRequestProcessor.java","191803","213599","405402"
"2019-06-26 10:57","PrepRequestProcessor.java","191802","200777","392579"
"2019-08-17 17:13","PrepRequestProcessor.java","191803","212928","404731"
"2019-12-27 22:33","PrepRequestProcessor.java","193761","223564","417325"
"2019-10-10 14:37","PrepRequestProcessor.java","191804","216682","408486"
"2020-03-25 03:38","PrepRequestProcessor.java","193802","227712","421514"
"2019-08-17 17:13","SyncCommand.java","223892","255250","479142"
"2019-05-23 18:42","SyncCommand.java","223874","240461","464335"
"2019-12-28 16:17","SyncCommand.java","225518","265461","490979"
"2011-09-17 02:13","WatchedEventTest.java","20558","42411","62969"
"2019-08-17 17:13","WatchedEventTest.java","167976","257015","424991"
"2013-09-18 12:58","ClientCnxn.java","13911","28841","42752"
"2015-01-31 08:05","ClientCnxn.java","21877","58113","79990"
"2016-05-02 18:15","ClientCnxn.java","26432","68704","95136"
"2014-01-24 07:18","ClientCnxn.java","14484","36146","50630"
"2019-08-17 17:13","ClientCnxn.java","179189","256761","435950"
"2015-05-10 00:27","ClientCnxn.java","22136","60911","83047"
"2017-12-19 19:27","ClientCnxn.java","31982","82583","114565"
"2019-01-31 15:50","ClientCnxn.java","179131","234370","413501"
"2012-08-02 00:24","ClientCnxn.java","10728","13233","23961"
"2019-04-09 15:35","ClientCnxn.java","179142","237571","416713"
"2013-02-03 15:52","ClientCnxn.java","13105","21971","35076"
"2014-12-20 15:29","ClientCnxn.java","21870","58095","79965"
"2012-03-15 18:01","ClientCnxn.java","8156","8271","16427"
"2019-11-08 17:30","ClientCnxn.java","179217","262403","441620"
"2017-06-08 17:59","ClientCnxn.java","30576","76887","107463"
"2012-09-09 20:24","ClientCnxn.java","10899","14143","25042"
"2019-01-16 14:21","ClientCnxn.java","179131","232683","411814"
"2019-01-07 14:24","ClientCnxn.java","179130","231532","410662"
"2019-03-06 03:32","ClientCnxn.java","179141","236498","415639"
"2015-02-06 06:17","ClientCnxn.java","21946","58377","80323"
"2019-02-07 11:26","ClientCnxn.java","179132","235036","414168"
"2018-11-05 19:40","ClientCnxn.java","160363","236421","396784"
"2020-05-17 15:13","ClientCnxn.java","180403","271920","452323"
"2018-06-25 12:30","ClientCnxn.java","32246","86373","118619"
"2012-12-19 19:16","ClientCnxn.java","12484","20857","33341"
"2020-03-03 03:12","ClientCnxn.java","180399","269706","450105"
"2018-09-10 11:44","ClientCnxn.java","114359","171671","286030"
"2011-09-28 22:17","ClientCnxn.java","3527","1580","5107"
"2015-06-13 02:42","ClientCnxn.java","22423","62660","85083"
"2014-03-23 04:12","ClientCnxn.java","14730","37029","51759"
"2015-11-09 00:05","ClientCnxn.java","23585","65314","88899"
"2015-12-06 19:58","ClientCnxn.java","23641","65675","89316"
"2020-01-21 17:53","ClientCnxn.java","180399","265967","446366"
"2015-12-05 22:43","ClientCnxn.java","23641","65672","89313"
"2015-12-05 22:32","ClientCnxn.java","23640","65666","89306"
"2019-10-10 14:37","ClientCnxn.java","179189","260514","439703"
"2014-04-01 04:03","ClientCnxn.java","14928","38070","52998"
"2013-09-18 15:14","ClientCnxn.java","13915","28863","42778"
"2013-09-18 04:08","ClientCnxn.java","13913","28757","42670"
"2019-11-21 05:58","ClientCnxn.java","180399","261138","441537"
"2020-04-16 12:50","ClientCnxn.java","180399","271545","451944"
"2018-07-27 05:16","ClientCnxn.java","50174","105453","155627"
"2016-11-24 17:18","QuorumHierarchical.java","34549","131159","165708"
"2013-03-07 07:01","QuorumHierarchical.java","29504","91184","120688"
"2018-11-17 18:37","QuorumHierarchical.java","142328","225530","367858"
"2012-04-23 01:20","QuorumHierarchical.java","28160","78002","106162"
"2019-08-03 08:42","QuorumHierarchical.java","142372","258207","400579"
"2019-08-17 17:13","QuorumHierarchical.java","142372","257499","399871"
"2019-10-10 14:37","QuorumHierarchical.java","142372","261252","403624"
"2009-08-11 23:09","QuorumHierarchical.java","720","2058","2778"
"2011-04-12 09:14","QuorumHierarchical.java","22832","59432","82264"
"2017-02-12 00:34","ReconfigFailureCasesTest.java","11110","18415","29525"
"2017-09-11 18:55","ReconfigFailureCasesTest.java","14241","22163","36404"
"2019-11-29 14:49","ReconfigFailureCasesTest.java","218734","264085","482819"
"2016-11-13 20:59","ReconfigFailureCasesTest.java","7065","15578","22643"
"2019-08-17 17:13","ReconfigFailureCasesTest.java","217280","256074","473354"
"2019-08-17 17:13","NonRecoverableErrorTest.java","222252","255887","478139"
"2011-04-12 09:14","AsyncHammerTest.java","22489","56963","79452"
"2010-03-31 06:26","AsyncHammerTest.java","14071","38033","52104"
"2010-05-05 22:32","AsyncHammerTest.java","16387","40121","56508"
"2019-10-10 14:37","AsyncHammerTest.java","144483","261237","405720"
"2009-11-08 23:46","AsyncHammerTest.java","1952","4411","6363"
"2009-11-18 20:06","AsyncHammerTest.java","2924","12927","15851"
"2019-08-17 17:13","AsyncHammerTest.java","144483","257484","401967"
"2017-05-01 17:19","AsyncHammerTest.java","35587","129348","164935"
"2018-09-15 00:08","ZooKeeperServer.java","111747","157567","269314"
"2019-04-12 19:01","ZooKeeperServer.java","191898","238197","430095"
"2019-07-31 19:06","ZooKeeperServer.java","191914","255713","447627"
"2019-09-11 10:27","ZooKeeperServer.java","191914","257762","449676"
"2019-01-14 19:38","ZooKeeperServer.java","191815","231599","423414"
"2019-01-07 15:34","ZooKeeperServer.java","191815","231200","423015"
"2018-11-21 17:56","ZooKeeperServer.java","191813","224395","416208"
"2017-04-28 07:14","ZooKeeperServer.java","21626","55528","77154"
"2017-02-12 00:12","ZooKeeperServer.java","21550","54553","76103"
"2014-07-18 02:19","ZooKeeperServer.java","10839","29439","40278"
"2013-12-11 19:22","ZooKeeperServer.java","1589","8027","9616"
"2019-02-13 13:12","ZooKeeperServer.java","191835","235273","427108"
"2016-11-24 17:18","ZooKeeperServer.java","19035","53814","72849"
"2018-07-19 05:59","ZooKeeperServer.java","43338","85225","128563"
"2018-09-18 01:00","ZooKeeperServer.java","111807","158280","270087"
"2019-03-04 08:07","ZooKeeperServer.java","191834","235849","427683"
"2019-07-08 23:26","ZooKeeperServer.java","191914","245182","437096"
"2019-01-23 14:00","ZooKeeperServer.java","191816","233035","424851"
"2019-02-13 13:19","ZooKeeperServer.java","191835","235559","427394"
"2019-05-14 17:11","ZooKeeperServer.java","191898","241057","432955"
"2015-07-10 08:19","ZooKeeperServer.java","13786","41373","55159"
"2019-06-04 10:55","ZooKeeperServer.java","191914","241890","433804"
"2019-04-09 15:35","ZooKeeperServer.java","191835","237184","429019"
"2019-08-03 08:42","ZooKeeperServer.java","191914","257114","449028"
"2019-05-15 11:56","ZooKeeperServer.java","191898","241144","433042"
"2019-05-22 11:39","ZooKeeperServer.java","191898","241590","433488"
"2019-04-22 19:15","ZooKeeperServer.java","191898","239172","431070"
"2018-02-23 23:49","ZooKeeperServer.java","24780","63456","88236"
"2016-11-16 06:21","ZooKeeperServer.java","18468","53226","71694"
"2017-08-18 06:32","ZooKeeperServer.java","23875","57317","81192"
"2017-06-26 00:16","ZooKeeperServer.java","22768","56202","78970"
"2019-09-10 04:26","ZooKeeperServer.java","191914","257451","449365"
"2019-08-17 17:13","ZooKeeperServer.java","191914","256406","448320"
"2019-09-05 23:12","ZooKeeperServer.java","191914","257325","449239"
"2019-09-10 15:21","ZooKeeperServer.java","191914","257449","449363"
"2019-08-01 07:31","ZooKeeperServer.java","191914","257077","448991"
"2019-08-01 07:28","ZooKeeperServer.java","191914","256587","448501"
"2019-06-03 19:40","ZooKeeperServer.java","191914","241737","433651"
"2015-03-17 18:06","ZooKeeperServer.java","12127","36700","48827"
"2019-11-23 17:08","ZooKeeperServer.java","193260","262453","455713"
"2019-10-09 16:49","ZooKeeperServer.java","191914","259992","451906"
"2019-07-03 00:44","ZooKeeperServer.java","191914","244419","436333"
"2018-01-19 01:12","ZooKeeperServer.java","24694","62328","87022"
"2019-07-24 18:00","ZooKeeperServer.java","191914","252861","444775"
"2018-08-08 06:21","ZooKeeperServer.java","85826","129193","215019"
"2018-05-09 23:57","ZooKeeperServer.java","24930","65111","90041"
"2019-12-27 22:33","ZooKeeperServer.java","193260","266430","459690"
"2016-08-13 15:01","ZooKeeperServer.java","17868","48725","66593"
"2018-09-11 00:17","ZooKeeperServer.java","111736","156007","267743"
"2019-11-18 09:05","ZooKeeperServer.java","193260","260896","454156"
"2019-10-10 14:37","ZooKeeperServer.java","191914","260159","452073"
"2019-09-16 23:26","ZooKeeperServer.java","191914","259425","451339"
"2013-10-08 01:35","ZooKeeperServer.java","1126","3930","5056"
"2017-06-23 18:39","ZooKeeperServer.java","22714","56168","78882"
"2019-12-03 10:01","ZooKeeperServer.java","193260","264355","457615"
"2020-03-25 03:38","ZooKeeperServer.java","193260","270537","463797"
"2019-11-28 12:24","ZooKeeperServer.java","193260","262658","455918"
"2019-11-06 15:21","ZooKeeperServer.java","191942","260403","452345"
"2020-04-12 11:14","ZooKeeperServer.java","193260","271290","464550"
"2013-10-09 22:21","ZooKeeperServer.java","1387","6431","7818"
"2015-03-08 23:07","ZooKeeperServer.java","11998","35523","47521"
"2018-06-08 16:52","ZooKeeperServer.java","25045","65975","91020"
"2018-06-15 07:41","ZooKeeperServer.java","25051","65984","91035"
"2018-07-28 04:37","ZooKeeperServer.java","43402","85865","129267"
"2019-04-18 19:17","ZooKeeperServer.java","191898","238907","430805"
"2014-03-25 22:13","ZooKeeperServer.java","2102","11557","13659"
"2019-02-06 09:46","ZooKeeper.java","182225","234075","416300"
"2019-01-16 14:21","ZooKeeper.java","182224","232351","414575"
"2017-04-18 02:02","ZooKeeper.java","22232","65683","87915"
"2019-11-08 17:30","ZooKeeper.java","182345","262106","444451"
"2019-02-07 11:26","ZooKeeper.java","182225","234704","416929"
"2013-03-07 07:01","ZooKeeper.java","3053","12557","15610"
"2013-12-17 17:55","ZooKeeper.java","4570","20878","25448"
"2012-11-17 15:03","ZooKeeper.java","272","2240","2512"
"2017-05-01 17:19","ZooKeeper.java","22245","65823","88068"
"2014-01-24 07:18","ZooKeeper.java","4692","22929","27621"
"2019-08-17 17:13","ZooKeeper.java","182317","256464","438781"
"2015-06-04 19:51","ZooKeeper.java","14089","50651","64740"
"2016-10-07 21:51","ZooKeeper.java","19243","60856","80099"
"2015-03-16 09:09","ZooKeeper.java","13631","47149","60780"
"2015-03-17 18:06","ZooKeeper.java","13734","47962","61696"
"2016-05-02 18:15","ZooKeeper.java","18390","57237","75627"
"2019-06-26 10:57","ZooKeeper.java","182317","244314","426631"
"2019-06-03 19:40","ZooKeeper.java","182317","241795","424112"
"2018-05-09 23:57","ZooKeeper.java","24946","74782","99728"
"2019-08-03 08:42","ZooKeeper.java","182317","257172","439489"
"2016-11-13 20:59","ZooKeeper.java","19271","63137","82408"
"2013-02-03 15:52","ZooKeeper.java","2346","7787","10133"
"2017-07-28 00:36","ZooKeeper.java","23832","66544","90376"
"2017-08-18 23:35","ZooKeeper.java","23918","67115","91033"
"2017-07-04 07:56","ZooKeeper.java","23368","66690","90058"
"2020-04-16 12:50","ZooKeeper.java","183629","271350","454979"
"2018-07-27 05:16","ZooKeeper.java","43203","95057","138260"
"2019-10-10 14:37","ZooKeeper.java","182317","260217","442534"
"2014-04-01 04:03","ZooKeeper.java","5220","24937","30157"
"2012-12-19 19:16","ZooKeeper.java","1683","6631","8314"
"2019-02-11 12:34","ZooKeeper.java","182225","235067","417292"
"2014-07-08 20:18","ZooKeeper.java","12540","37144","49684"
"2020-05-17 15:13","ZooKeeper.java","183633","271725","455358"
"2017-01-09 22:49","ZooKeeper.java","19960","65394","85354"
"2019-03-12 19:08","ZooKeeper.java","182242","236512","418754"
"2014-07-22 06:51","ZooKeeper.java","12867","41669","54536"
"2014-04-29 02:23","ZooKeeper.java","11474","32976","44450"
"2019-07-17 13:42","QuorumQuotaTest.java","167976","252779","420755"
"2019-08-17 17:13","QuorumQuotaTest.java","167976","257015","424991"
"2019-10-10 14:37","ClientTest.java","178405","260685","439090"
"2019-12-28 16:17","ClientTest.java","179499","266611","446110"
"2014-07-25 01:31","ClientTest.java","20754","66813","87567"
"2017-01-09 22:49","ClientTest.java","25164","87666","112830"
"2014-07-08 20:18","ClientTest.java","20405","62077","82482"
"2017-05-01 17:19","ClientTest.java","26801","87447","114248"
"2018-11-22 17:56","ClientTest.java","178339","225563","403902"
"2013-01-25 02:17","ClientTest.java","12481","34654","47135"
"2017-06-30 22:43","ClientTest.java","27627","87794","115421"
"2019-03-06 03:32","ClientTest.java","178353","236665","415018"
"2012-12-11 08:42","ClientTest.java","11673","31586","43259"
"2012-10-31 19:38","ClientTest.java","10944","28030","38974"
"2019-08-17 17:13","ClientTest.java","178405","256932","435337"
"2018-12-15 07:34","X509AuthenticationProvider.java","217041","228544","445585"
"2018-11-07 02:29","X509AuthenticationProvider.java","217040","223846","440886"
"2018-10-16 16:22","X509AuthenticationProvider.java","196213","233540","429753"
"2019-06-03 19:40","X509AuthenticationProvider.java","217152","241413","458565"
"2019-08-17 17:13","X509AuthenticationProvider.java","217153","256083","473236"
"2017-09-11 22:56","X509AuthenticationProvider.java","14992","23074","38066"
"2019-11-29 14:49","ReconfigFailureCasesTest.java","9773","16330","26103"
"2019-11-28 12:24","DataTree.java","179867","262965","442832"
"2011-07-13 15:48","DataTree.java","15455","21383","36838"
"2011-06-25 08:13","DataTree.java","15771","17568","33339"
"2011-07-28 07:49","DataTree.java","15568","23942","39510"
"2019-10-10 14:37","DataTree.java","178795","260740","439535"
"2019-12-27 22:33","DataTree.java","179867","266737","446604"
"2015-06-06 03:48","DataTree.java","34062","87393","121455"
"2019-11-11 13:59","DataTree.java","178795","264397","443192"
"2011-04-12 09:14","DataTree.java","15097","14762","29859"
"2018-07-10 13:29","DataTree.java","47476","115016","162492"
"2012-12-19 19:16","DataTree.java","25655","47267","72922"
"2014-04-17 08:47","DataTree.java","32783","70243","103026"
"2014-04-29 02:23","DataTree.java","32788","70954","103742"
"2011-09-15 00:55","DataTree.java","18440","29547","47987"
"2011-09-28 22:17","DataTree.java","18783","30075","48858"
"2018-09-28 23:38","DataTree.java","113426","188792","302218"
"2011-09-17 02:36","DataTree.java","18750","29785","48535"
"2011-10-20 18:48","DataTree.java","20210","29662","49872"
"2019-11-08 17:30","DataTree.java","178795","262601","441396"
"2013-09-05 23:50","DataTree.java","26300","54184","80484"
"2019-01-30 16:28","DataTree.java","178730","234033","412763"
"2019-01-30 17:02","DataTree.java","178730","234577","413307"
"2016-11-24 17:18","DataTree.java","37216","98314","135530"
"2017-09-11 18:55","DataTree.java","39602","99541","139143"
"2011-07-01 00:53","DataTree.java","16245","20555","36800"
"2012-02-06 10:39","DataTree.java","21867","33878","55745"
"2011-12-21 21:39","DataTree.java","21368","32511","53879"
"2017-02-05 07:22","DataTree.java","37264","99801","137065"
"2014-07-18 02:19","DataTree.java","33533","78452","111985"
"2019-02-07 11:26","DataTree.java","178731","235255","413986"
"2013-03-07 07:01","DataTree.java","26078","52246","78324"
"2018-09-04 11:54","DataTree.java","113217","183499","296716"
"2018-09-05 22:35","DataTree.java","113218","183756","296974"
"2018-12-20 15:17","DataTree.java","178729","230521","409250"
"2019-09-10 09:53","DataTree.java","178795","258036","436831"
"2019-04-12 19:01","DataTree.java","178796","238795","417591"
"2019-07-31 19:06","DataTree.java","178795","256294","435089"
"2019-09-11 10:27","DataTree.java","178795","258343","437138"
"2013-10-22 12:54","DataTree.java","26653","58606","85259"
"2016-03-23 00:30","DataTree.java","36130","90900","127030"
"2019-08-01 07:31","DataTree.java","178795","257658","436453"
"2014-01-24 07:18","DataTree.java","26736","61637","88373"
"2019-08-17 17:13","DataTree.java","178795","256987","435782"
"2019-09-10 15:21","DataTree.java","178795","258030","436825"
"2015-06-04 19:51","DataTree.java","34057","87283","121340"
"2016-10-07 21:51","DataTree.java","36639","94916","131555"
"2017-06-18 19:23","DataTree.java","39343","98968","138311"
"2019-04-12 12:29","DataTree.java","178796","238364","417160"
"2019-08-03 08:42","DataTree.java","178795","257695","436490"
"2019-08-09 16:15","DataTree.java","178795","258443","437238"
"2016-11-13 20:59","DataTree.java","36652","97182","133834"
"2019-04-29 16:49","DataTree.java","178796","240825","419621"
"2015-10-18 19:00","QuorumPeer.java","20454","160173","180627"
"2018-12-20 15:13","QuorumPeer.java","89813","231249","321062"
"2019-05-16 16:25","QuorumPeer.java","89841","242506","332347"
"2009-01-15 23:57","QuorumPeer.java","5544","5806","11350"
"2018-10-16 16:22","QuorumPeer.java","68943","243217","312160"
"2019-06-14 09:06","QuorumPeer.java","89840","245704","335544"
"2010-03-16 23:25","QuorumPeer.java","12259","90873","103132"
"2018-12-07 12:41","QuorumPeer.java","89813","228263","318076"
"2012-04-23 01:20","QuorumPeer.java","17568","116964","134532"
"2012-07-17 23:19","QuorumPeer.java","17583","117751","135334"
"2019-03-11 19:47","QuorumPeer.java","89819","237683","327502"
"2012-02-27 03:41","QuorumPeer.java","17404","114715","132119"
"2014-07-18 02:19","QuorumPeer.java","20202","150187","170389"
"2019-02-13 13:12","QuorumPeer.java","89820","236632","326452"
"2011-04-29 18:12","QuorumPeer.java","14306","103980","118286"
"2019-04-12 19:01","QuorumPeer.java","89841","239514","329355"
"2018-12-09 03:16","QuorumPeer.java","89813","230337","320150"
"2018-09-11 15:23","QuorumPeer.java","55133","211736","266869"
"2019-11-29 14:49","QuorumPeer.java","90296","264719","355015"
"2013-03-07 07:01","QuorumPeer.java","18458","129692","148150"
"2018-12-15 07:34","QuorumPeer.java","89813","230252","320065"
"2018-11-27 10:02","QuorumPeer.java","89813","228013","317826"
"2018-09-18 01:00","QuorumPeer.java","55173","213031","268204"
"2009-11-18 18:47","QuorumPeer.java","11417","73951","85368"
"2012-02-06 09:40","QuorumPeer.java","17283","114353","131636"
"2019-06-03 19:40","QuorumPeer.java","89840","243037","332877"
"2019-07-15 14:15","QuorumPeer.java","89840","253125","342965"
"2015-03-17 18:06","QuorumPeer.java","20354","156312","176666"
"2019-07-03 00:44","QuorumPeer.java","89840","245719","335559"
"2009-06-18 18:37","QuorumPeer.java","8861","53220","62081"
"2019-08-17 17:13","QuorumPeer.java","89840","257706","347546"
"2015-06-27 02:03","QuorumPeer.java","20423","159070","179493"
"2009-11-18 20:06","QuorumPeer.java","11436","76304","87740"
"2017-11-28 00:10","QuorumPeer.java","23044","171906","194950"
"2014-01-21 04:50","QuorumPeer.java","18634","137018","155652"
"2014-06-04 22:07","QuorumPeer.java","20016","144201","164217"
"2018-01-30 08:02","QuorumPeer.java","23077","172092","195169"
"2019-05-15 11:56","QuorumPeer.java","89841","242461","332302"
"2019-06-05 00:33","QuorumPeer.java","89840","243427","333267"
"2009-02-06 22:19","QuorumPeer.java","6906","20654","27560"
"2019-05-20 23:13","QuorumPeer.java","89841","242579","332420"
"2019-06-04 10:55","QuorumPeer.java","89840","243190","333030"
"2019-07-12 17:01","QuorumPeer.java","89840","253019","342859"
"2020-01-09 11:27","QuorumPeer.java","90296","266265","356561"
"2017-02-09 11:40","QuorumPeer.java","22351","169989","192340"
"2011-06-14 07:14","QuorumPeer.java","14338","105627","119965"
"2009-04-17 00:59","QuorumPeer.java","7668","23219","30887"
"2017-07-06 18:48","QuorumPeer.java","22944","168268","191212"
"2018-10-01 06:11","QuorumPeer.java","55259","215696","270955"
"2015-04-09 20:16","QuorumPeer.java","20356","157377","177733"
"2013-10-07 21:08","QuorumPeer.java","18559","132609","151168"
"2013-09-30 22:20","QuorumPeer.java","18554","132173","150727"
"2018-07-04 17:11","QuorumPeer.java","29098","181674","210772"
"2019-12-17 13:48","QuorumPeer.java","90296","265291","355587"
"2015-12-07 05:59","QuorumPeer.java","20469","160946","181415"
"2020-01-23 13:43","QuorumPeer.java","90296","268089","358385"
"2016-06-23 23:45","QuorumPeer.java","21860","163407","185267"
"2011-05-03 19:57","QuorumPeer.java","14307","103985","118292"
"2016-06-23 23:25","QuorumPeer.java","21860","163299","185159"
"2010-03-09 05:44","QuorumPeer.java","12166","90005","102171"
"2010-03-12 19:26","QuorumPeer.java","12235","90804","103039"
"2014-03-23 04:12","QuorumPeer.java","18743","139347","158090"
"2013-09-26 00:13","QuorumPeer.java","18552","131927","150479"
"2011-06-17 01:34","QuorumPeer.java","14383","105743","120126"
"2011-06-14 14:11","QuorumPeer.java","14338","105654","119992"
"2010-03-10 02:27","QuorumPeer.java","12169","90222","102391"
"2010-03-10 19:52","QuorumPeer.java","12176","90315","102491"
"2014-07-18 20:48","QuorumPeer.java","20205","150649","170854"
"2014-07-04 04:19","QuorumPeer.java","20024","145852","165876"
"2018-12-06 10:56","QuorumPeer.java","89813","228207","318020"
"2014-06-25 15:04","QuorumPeer.java","20018","144700","164718"
"2014-03-28 01:58","QuorumPeer.java","18745","139767","158512"
"2009-10-30 17:19","QuorumPeer.java","10900","66895","77795"
"2009-11-20 23:28","QuorumPeer.java","11398","76545","87943"
"2009-12-18 03:19","QuorumPeer.java","11724","77444","89168"
"2009-12-15 23:23","QuorumPeer.java","11555","77001","88556"
"2013-10-21 23:36","QuorumPeer.java","18592","135384","153976"
"2019-10-10 14:37","QuorumPeer.java","89840","261459","351299"
"2013-11-07 06:41","QuorumPeer.java","18620","135843","154463"
"2017-07-27 23:09","QuorumPeer.java","22952","167290","190242"
"2014-05-18 05:49","QuorumPeer.java","20009","143705","163714"
"2011-10-25 08:09","QuorumPeer.java","17034","111600","128634"
"2014-03-25 22:13","QuorumPeer.java","18743","139583","158326"
"2011-04-12 09:14","QuorumPeer.java","14286","103625","117911"
"2011-11-01 08:15","QuorumPeer.java","17107","111862","128969"
"2011-03-16 19:49","QuorumPeer.java","13988","144800","158788"
"2018-06-26 11:18","QuorumPeer.java","23163","175721","198884"
"2018-07-27 12:32","QuorumPeer.java","29131","182907","212038"
"2019-04-18 19:17","QuorumPeer.java","89841","240224","330065"
"2011-10-27 23:25","QuorumPeer.java","17060","111786","128846"
"2011-08-30 08:37","QuorumPeer.java","12916","110368","123284"
"2011-08-30 08:29","QuorumPeer.java","12916","110356","123272"
"2010-08-18 08:24","QuorumPeer.java","13367","111661","125028"
"2013-10-09 22:21","QuorumPeer.java","18593","135022","153615"
"2016-12-20 14:47","QuorumPeer.java","22309","168812","191121"
"2011-05-20 01:17","QuorumPeer.java","14309","104467","118776"
"2010-05-05 22:32","QuorumPeer.java","12903","91502","104405"
"2017-05-11 16:59","QuorumPeer.java","22914","167371","190285"
"2014-07-03 06:01","QuorumPeer.java","20023","145429","165452"
"2014-08-14 08:08","QuorumPeer.java","20259","151564","171823"
"2014-08-01 07:38","QuorumPeer.java","20256","151140","171396"
"2009-04-24 20:26","QuorumPeer.java","8124","32277","40401"
"2014-07-20 04:50","QuorumPeer.java","20212","150718","170930"
"2016-06-02 00:59","QuorumPeer.java","21859","162929","184788"
"2020-02-16 10:25","QuorumPeer.java","90296","268802","359098"
"2019-08-17 17:13","Vote.java","180329","256906","437235"
"2014-07-08 05:25","Vote.java","20416","60122","80538"
"2018-12-06 10:56","Vote.java","180263","227368","407631"
"2011-06-17 01:34","Vote.java","92","163","255"
"2020-03-12 14:47","CnxManagerTest.java","225979","268794","494773"
"2019-08-17 17:13","CnxManagerTest.java","224314","255186","479500"
"2019-06-03 19:40","CnxManagerTest.java","224313","240516","464829"
"2017-11-28 00:10","CnxManagerTest.java","591","4448","5039"
"2019-07-12 17:01","CnxManagerTest.java","224314","250499","474813"
"2019-05-08 21:54","CnxManagerTest.java","224295","239669","463964"
"2019-08-06 12:52","CnxManagerTest.java","224314","256159","480473"
"2019-06-14 09:06","CnxManagerTest.java","224313","243183","467496"
"2019-11-29 14:49","CnxManagerTest.java","225977","263406","489383"
"2020-02-16 10:25","CnxManagerTest.java","225979","267491","493470"
"2019-10-10 14:37","CnxManagerTest.java","224315","258940","483255"
"2019-08-17 17:13","FourLetterWordMain.java","220352","255916","476268"
"2019-01-31 15:50","FourLetterWordMain.java","220241","233472","453713"
"2017-07-28 00:36","FourLetterWordMain.java","12578","16707","29285"
"2018-12-15 07:34","FourLetterWordMain.java","220239","228376","448615"
"2015-06-04 18:26","DataNode.java","19456","168783","188239"
"2009-11-12 23:48","DataNode.java","12127","90759","102886"
"2009-06-18 18:37","DataNode.java","10117","70653","80770"
"2019-08-17 17:13","DataNode.java","73667","257710","331377"
"2015-06-04 19:51","DataNode.java","19502","169540","189042"
"2016-10-07 21:51","DataNode.java","19798","174887","194685"
"2019-01-07 14:24","DataNode.java","73639","232512","306151"
"2008-11-19 00:42","DataNode.java","3363","19143","22506"
"2009-02-03 06:23","DataNode.java","8734","37855","46589"
"2017-02-05 07:22","DataNode.java","20015","179364","199379"
"2019-07-31 19:06","DataNode.java","73667","257017","330684"
"2008-10-17 02:21","DataNode.java","2280","12483","14763"
"2008-10-14 19:47","DataNode.java","2021","9169","11190"
"2008-10-22 01:49","DataNode.java","2410","13229","15639"
"2011-06-23 18:01","DataNode.java","14811","122422","137233"
"2019-12-27 22:33","DataNode.java","74120","266841","340961"
"2015-06-04 18:26","DataNode.java","20634","162487","183121"
"2009-11-12 23:48","DataNode.java","12335","80764","93099"
"2009-06-18 18:37","DataNode.java","10110","60443","70553"
"2019-08-17 17:13","DataNode.java","83866","257706","341572"
"2015-06-04 19:51","DataNode.java","20690","163254","183944"
"2016-10-07 21:51","DataNode.java","21230","168845","190075"
"2019-01-07 14:24","DataNode.java","83839","232509","316348"
"2008-11-19 00:42","DataNode.java","1950","7527","9477"
"2009-02-03 06:23","DataNode.java","8374","27292","35666"
"2017-02-05 07:22","DataNode.java","21448","173323","194771"
"2019-07-31 19:06","DataNode.java","83866","257013","340879"
"2008-10-22 01:49","DataNode.java","131","747","878"
"2011-06-23 18:01","DataNode.java","15181","112589","127770"
"2019-12-27 22:33","DataNode.java","84322","266840","351162"
"2019-08-17 17:13","CommitProcessorTest.java","185188","256464","441652"
"2016-05-15 23:31","CommitProcessorTest.java","18050","54410","72460"
"2019-11-11 13:55","CommitProcessorTest.java","185216","262200","447416"
"2015-07-07 07:11","CommitProcessorTest.java","14711","48935","63646"
"2019-10-10 14:37","CommitProcessorTest.java","185188","260217","445405"
"2019-07-03 00:44","NIOServerCnxnFactory.java","5198","14265","19463"
"2019-08-17 17:13","NIOServerCnxnFactory.java","30099","51153","81252"
"2019-08-03 08:42","NIOServerCnxnFactory.java","8355","30117","38472"
"2019-04-22 19:15","NIOServerCnxnFactory.java","901","4737","5638"
"2019-04-12 19:01","NIOServerCnxnFactory.java","879","3740","4619"
"2019-10-10 14:37","NIOServerCnxnFactory.java","32188","56995","89183"
"2019-11-14 03:54","NIOServerCnxnFactory.java","32443","61506","93949"
"2019-11-08 17:30","Request.java","31956","55498","87454"
"2019-04-25 02:11","Request.java","44","1692","1736"
"2019-07-08 23:26","Request.java","4483","11187","15670"
"2019-08-06 17:11","Request.java","7615","26644","34259"
"2019-08-01 07:28","Request.java","7240","25349","32589"
"2019-06-26 10:57","Request.java","4213","9991","14204"
"2019-08-17 17:13","Request.java","29670","47598","77268"
"2019-05-03 00:44","Request.java","230","2155","2385"
"2019-06-05 00:46","Request.java","1008","4796","5804"
"2019-05-10 12:22","Request.java","387","2822","3209"
"2020-03-25 03:38","Request.java","39299","70012","109311"
"2019-09-20 10:06","Request.java","31267","52058","83325"
"2019-09-16 23:26","Request.java","30963","51910","82873"
"2019-12-27 22:33","Request.java","37691","64297","101988"
"2019-11-11 13:59","Request.java","31987","57325","89312"
"2020-05-05 21:20","Request.java","42743","74487","117230"
"2019-11-28 12:24","DataTree.java","178267","262877","441144"
"2019-10-10 14:37","DataTree.java","177050","260507","437557"
"2019-12-27 22:33","DataTree.java","178267","266649","444916"
"2015-06-06 03:48","DataTree.java","19845","62069","81914"
"2019-11-11 13:59","DataTree.java","177078","264192","441270"
"2018-07-10 13:29","DataTree.java","37419","93852","131271"
"2012-12-19 19:16","DataTree.java","9889","20394","30283"
"2014-04-17 08:47","DataTree.java","18033","44386","62419"
"2014-04-29 02:23","DataTree.java","18039","45098","63137"
"2011-09-28 22:17","DataTree.java","881","1066","1947"
"2018-09-28 23:38","DataTree.java","112116","176375","288491"
"2011-09-17 02:36","DataTree.java","791","719","1510"
"2011-10-20 18:48","DataTree.java","3028","1373","4401"
"2019-11-08 17:30","DataTree.java","177078","262396","439474"
"2013-09-05 23:50","DataTree.java","11299","28076","39375"
"2019-01-30 16:28","DataTree.java","176990","233805","410795"
"2019-01-30 17:02","DataTree.java","176990","234349","411339"
"2016-11-24 17:18","DataTree.java","25122","75113","100235"
"2017-09-11 18:55","DataTree.java","28964","77796","106760"
"2012-02-06 10:39","DataTree.java","5449","6353","11802"
"2011-12-21 21:39","DataTree.java","4754","4790","9544"
"2017-02-05 07:22","DataTree.java","25297","76727","102024"
"2014-07-18 02:19","DataTree.java","18934","52746","71680"
"2019-02-07 11:26","DataTree.java","176991","235027","412018"
"2013-03-07 07:01","DataTree.java","10928","25989","36917"
"2018-09-04 11:54","DataTree.java","111876","171051","282927"
"2018-09-05 22:35","DataTree.java","111893","171324","283217"
"2018-12-20 15:17","DataTree.java","176989","230293","407282"
"2019-09-10 09:53","DataTree.java","177050","257803","434853"
"2019-04-12 19:01","DataTree.java","177051","238562","415613"
"2019-07-31 19:06","DataTree.java","177050","256061","433111"
"2019-09-11 10:27","DataTree.java","177050","258110","435160"
"2013-10-22 12:54","DataTree.java","11721","32567","44288"
"2016-03-23 00:30","DataTree.java","23807","67470","91277"
"2019-08-01 07:31","DataTree.java","177050","257425","434475"
"2014-01-24 07:18","DataTree.java","11905","35699","47604"
"2019-08-17 17:13","DataTree.java","177050","256754","433804"
"2019-09-10 15:21","DataTree.java","177050","257797","434847"
"2015-06-04 19:51","DataTree.java","19838","61957","81795"
"2016-10-07 21:51","DataTree.java","24526","71696","96222"
"2017-06-18 19:23","DataTree.java","28048","76566","104614"
"2019-04-12 12:29","DataTree.java","177051","238131","415182"
"2019-08-03 08:42","DataTree.java","177050","257462","434512"
"2019-08-09 16:15","DataTree.java","177050","258210","435260"
"2016-11-13 20:59","DataTree.java","24545","73968","98513"
"2019-04-29 16:49","DataTree.java","177051","240592","417643"
"2019-11-28 12:24","DataTree.java","178452","262877","441329"
"2019-10-10 14:37","DataTree.java","177223","260495","437718"
"2019-12-27 22:33","DataTree.java","178452","266649","445101"
"2015-06-06 03:48","DataTree.java","19166","61205","80371"
"2019-11-11 13:59","DataTree.java","177251","264180","441431"
"2018-07-10 13:29","DataTree.java","36910","93158","130068"
"2012-12-19 19:16","DataTree.java","9139","19459","28598"
"2014-04-17 08:47","DataTree.java","17334","43502","60836"
"2014-04-29 02:23","DataTree.java","17340","44214","61554"
"2018-09-28 23:38","DataTree.java","111614","175688","287302"
"2011-10-20 18:48","DataTree.java","2150","310","2460"
"2019-11-08 17:30","DataTree.java","177251","262384","439635"
"2013-09-05 23:50","DataTree.java","10580","27172","37752"
"2019-01-30 16:28","DataTree.java","177163","233793","410956"
"2019-01-30 17:02","DataTree.java","177163","234337","411500"
"2016-11-24 17:18","DataTree.java","24474","74280","98754"
"2017-09-11 18:55","DataTree.java","28394","77041","105435"
"2012-02-06 10:39","DataTree.java","4620","5339","9959"
"2011-12-21 21:39","DataTree.java","3913","3764","7677"
"2017-02-05 07:22","DataTree.java","24653","75898","100551"
"2014-07-18 02:19","DataTree.java","18248","51875","70123"
"2019-02-07 11:26","DataTree.java","177164","235015","412179"
"2013-03-07 07:01","DataTree.java","10182","25058","35240"
"2018-09-04 11:54","DataTree.java","111373","170363","281736"
"2018-09-05 22:35","DataTree.java","111392","170638","282030"
"2018-12-20 15:17","DataTree.java","177162","230281","407443"
"2019-09-10 09:53","DataTree.java","177223","257791","435014"
"2019-04-12 19:01","DataTree.java","177224","238550","415774"
"2019-07-31 19:06","DataTree.java","177223","256049","433272"
"2019-09-11 10:27","DataTree.java","177223","258098","435321"
"2013-10-22 12:54","DataTree.java","11016","31677","42693"
"2016-03-23 00:30","DataTree.java","23158","66636","89794"
"2019-08-01 07:31","DataTree.java","177223","257413","434636"
"2014-01-24 07:18","DataTree.java","11203","34812","46015"
"2019-08-17 17:13","DataTree.java","177223","256742","433965"
"2019-09-10 15:21","DataTree.java","177223","257785","435008"
"2015-06-04 19:51","DataTree.java","19159","61093","80252"
"2016-10-07 21:51","DataTree.java","23878","70863","94741"
"2017-06-18 19:23","DataTree.java","27475","75808","103283"
"2019-04-12 12:29","DataTree.java","177224","238119","415343"
"2019-08-03 08:42","DataTree.java","177223","257450","434673"
"2019-08-09 16:15","DataTree.java","177223","258198","435421"
"2016-11-13 20:59","DataTree.java","23897","73135","97032"
"2019-04-29 16:49","DataTree.java","177224","240580","417804"
"2018-06-26 11:18","RemotePeerBeanTest.java","14485","27509","41994"
"2015-10-28 22:54","RemotePeerBeanTest.java","182","370","552"
"2019-08-17 17:13","RemotePeerBeanTest.java","219582","255925","475507"
"2019-08-17 17:13","WatchesSummary.java","158773","174218","332991"
"2019-05-27 10:54","SnapShot.java","167779","242336","410115"
"2017-08-18 06:32","SnapShot.java","41838","112562","154400"
"2019-08-17 17:13","SnapShot.java","167778","257015","424793"
"2019-11-08 17:30","Request.java","32249","53866","86115"
"2019-07-08 23:26","Request.java","4278","9057","13335"
"2019-08-06 17:11","Request.java","7467","24571","32038"
"2019-08-01 07:28","Request.java","7066","23250","30316"
"2019-06-26 10:57","Request.java","4003","7856","11859"
"2019-08-17 17:13","Request.java","29761","45764","75525"
"2019-06-05 00:46","Request.java","798","2661","3459"
"2019-05-10 12:22","Request.java","157","667","824"
"2020-03-25 03:38","Request.java","39610","68398","108008"
"2019-09-20 10:06","Request.java","31560","50426","81986"
"2019-09-16 23:26","Request.java","31256","50278","81534"
"2019-12-27 22:33","Request.java","37985","62666","100651"
"2019-11-11 13:59","Request.java","32280","55693","87973"
"2020-05-05 21:20","Request.java","43061","72880","115941"
"2019-02-07 11:26","PrepRequestProcessor.java","230478","233121","463599"
"2019-09-11 10:27","PrepRequestProcessor.java","230612","256279","486891"
"2018-07-19 05:59","PrepRequestProcessor.java","21649","23355","45004"
"2019-01-16 14:21","PrepRequestProcessor.java","230474","230765","461239"
"2019-11-08 17:30","PrepRequestProcessor.java","230660","260585","491245"
"2019-04-09 15:35","PrepRequestProcessor.java","230502","235670","466172"
"2019-04-17 14:16","PrepRequestProcessor.java","230574","236957","467531"
"2019-05-10 12:22","PrepRequestProcessor.java","230591","239409","470000"
"2019-02-07 11:22","PrepRequestProcessor.java","230478","232783","463261"
"2019-08-01 07:31","PrepRequestProcessor.java","230611","255593","486204"
"2019-06-26 10:57","PrepRequestProcessor.java","230610","242771","473381"
"2019-08-17 17:13","PrepRequestProcessor.java","230611","254922","485533"
"2018-08-08 06:21","PrepRequestProcessor.java","69634","72820","142454"
"2019-12-27 22:33","PrepRequestProcessor.java","232474","265463","497937"
"2019-10-10 14:37","PrepRequestProcessor.java","230612","258676","489288"
"2020-03-25 03:38","PrepRequestProcessor.java","232475","269571","502046"
"2018-06-15 07:41","PrepRequestProcessor.java","354","1106","1460"
"2014-08-14 08:08","ReconfigRecoveryTest.java","564","1425","1989"
"2014-08-24 07:42","ReconfigRecoveryTest.java","749","1967","2716"
"2017-07-06 18:48","ReconfigRecoveryTest.java","13978","28858","42836"
"2019-08-17 17:13","ReconfigRecoveryTest.java","210717","256150","466867"
"2017-09-11 18:55","ReconfigRecoveryTest.java","15751","30312","46063"
"2019-05-20 17:18","ClientReconnectTest.java","220569","240660","461229"
"2019-08-17 17:13","ClientReconnectTest.java","220587","255887","476474"
"2020-05-17 15:13","ClientReconnectTest.java","222199","271444","493643"
"2014-05-09 23:37","Zab1_0Test.java","7912","13954","21866"
"2017-01-07 01:09","Zab1_0Test.java","18248","48167","66415"
"2015-12-06 21:30","Zab1_0Test.java","13124","36277","49401"
"2019-12-17 13:48","Zab1_0Test.java","199055","264838","463893"
"2013-11-19 02:03","Zab1_0Test.java","49","97","146"
"2015-07-07 07:11","Zab1_0Test.java","12759","34361","47120"
"2019-12-27 22:33","Zab1_0Test.java","199055","266387","465442"
"2019-10-10 14:37","Zab1_0Test.java","197706","260113","457819"
"2015-05-14 18:40","Zab1_0Test.java","11303","31605","42908"
"2019-08-17 17:13","Zab1_0Test.java","197706","256360","454066"
"2019-06-03 19:40","Zab1_0Test.java","197706","241691","439397"
"2018-05-10 06:00","Zab1_0Test.java","24477","59105","83582"
"2017-11-28 00:10","Zab1_0Test.java","23743","55382","79125"
"2017-08-18 06:32","Zab1_0Test.java","23187","50791","73978"
"2017-02-12 00:12","Zab1_0Test.java","20807","47972","68779"
"2018-10-16 16:22","QuorumPeerConfig.java","201780","231612","433392"
"2018-12-09 03:16","QuorumPeerConfig.java","223679","227772","451451"
"2019-04-12 19:01","QuorumPeerConfig.java","223780","237022","460802"
"2018-09-11 15:23","QuorumPeerConfig.java","101631","113792","215423"
"2018-12-15 07:34","QuorumPeerConfig.java","223679","227687","451366"
"2019-02-13 13:12","QuorumPeerConfig.java","223702","234083","457785"
"2019-08-17 17:13","QuorumPeerConfig.java","223799","255234","479033"
"2017-11-28 00:10","QuorumPeerConfig.java","874","5294","6168"
"2019-06-05 00:29","QuorumPeerConfig.java","223798","240900","464698"
"2020-01-09 11:27","QuorumPeerConfig.java","225442","264980","490422"
"2019-07-12 17:01","QuorumPeerConfig.java","223799","250547","474346"
"2019-05-15 11:56","QuorumPeerConfig.java","223780","239969","463749"
"2018-10-01 06:11","QuorumPeerConfig.java","102449","118444","220893"
"2020-01-23 13:43","QuorumPeerConfig.java","225442","266804","492246"
"2019-10-10 14:37","QuorumPeerConfig.java","223799","258987","482786"
"2018-07-27 12:32","QuorumPeerConfig.java","22962","32296","55258"
"2019-04-18 19:17","QuorumPeerConfig.java","223780","237732","461512"
"2020-02-16 10:25","QuorumPeerConfig.java","225442","267517","492959"
"2020-05-14 18:18","QuorumPeerConfig.java","225535","270835","496370"
"2015-07-07 07:11","GetChildrenTest.java","33962","99820","133782"
"2011-04-12 09:14","GetChildrenTest.java","15498","27319","42817"
"2010-08-17 09:24","GetChildrenTest.java","1868","19284","21152"
"2019-08-17 17:13","WatcherOrBitSetTest.java","29686","45184","74870"
"2018-06-08 16:52","ZooKeeperServerMXBean.java","14218","25835","40053"
"2019-09-16 23:26","ZooKeeperServerMXBean.java","220737","258935","479672"
"2019-11-14 03:54","ZooKeeperServerMXBean.java","220769","263957","484726"
"2020-03-25 03:38","ZooKeeperServerMXBean.java","222290","270254","492544"
"2019-05-22 11:39","ZooKeeperServerMXBean.java","220719","241098","461817"
"2019-07-30 02:31","ZooKeeperServerMXBean.java","220737","253837","474574"
"2018-02-07 01:05","ZooKeeperServerMXBean.java","13738","22757","36495"
"2018-07-12 01:33","ZooKeeperServerMXBean.java","23709","35795","59504"
"2019-08-17 17:13","ZooKeeperServerMXBean.java","220737","255916","476653"
"2017-04-28 07:14","ZooKeeperServerMXBean.java","9745","14334","24079"
"2019-01-14 19:38","ZooKeeperServerMXBean.java","220625","231096","451721"
"2019-07-08 23:26","ZooKeeperServerMXBean.java","220736","244691","465427"
"2019-01-23 14:00","ZooKeeperServerMXBean.java","220626","232532","453158"
"2019-08-17 17:13","QuorumBean.java","191763","256406","448169"
"2018-10-16 16:22","QuorumBean.java","172303","235343","407646"
"2018-12-20 15:13","QuorumBean.java","191664","229877","421541"
"2019-12-27 22:33","QuorumBean.java","193109","266430","459539"
"2019-10-10 14:37","FLENewEpochTest.java","167976","260768","428744"
"2011-04-12 09:14","FLENewEpochTest.java","17408","27920","45328"
"2019-08-17 17:13","FLENewEpochTest.java","167976","257015","424991"
"2009-07-17 00:09","CRCTest.java","10691","68909","79600"
"2009-06-18 18:37","CRCTest.java","10136","60263","70399"
"2019-08-17 17:13","CRCTest.java","84072","257706","341778"
"2009-04-17 20:11","CRCTest.java","9074","30543","39617"
"2009-05-22 09:43","CRCTest.java","9608","55674","65282"
"2010-03-31 06:26","CRCTest.java","13730","98325","112055"
"2010-08-18 08:24","CRCTest.java","14253","118315","132568"
"2011-04-12 09:14","CRCTest.java","15080","110187","125267"
"2016-08-24 01:36","CRCTest.java","21305","167381","188686"
"2019-10-10 14:37","CRCTest.java","84072","261459","345531"
"2013-12-21 22:05","CRCTest.java","19037","141235","160272"
"2019-08-17 17:13","ReadOnlyModeTest.java","223920","255250","479170"
"2019-11-29 14:49","QuorumUtil.java","186474","264333","450807"
"2013-03-07 07:01","QuorumUtil.java","2290","8949","11239"
"2019-08-17 17:13","QuorumUtil.java","185162","256464","441626"
"2020-03-12 14:47","QuorumUtil.java","186474","269719","456193"
"2019-07-12 17:01","QuorumUtil.java","185162","251777","436939"
"2014-01-16 23:59","QuorumUtil.java","3934","17701","21635"
"2019-10-10 14:37","QuorumUtil.java","185162","260217","445379"
"2014-05-18 05:49","QuorumUtil.java","10942","30063","41005"
"2013-10-09 22:21","QuorumUtil.java","3676","15530","19206"
"2013-09-26 14:05","QuorumUtil.java","3227","12178","15405"
"2018-07-10 12:46","QuorumTest.java","32563","80452","113015"
"2019-08-17 17:13","QuorumTest.java","185313","256451","441764"
"2013-10-09 22:21","QuorumTest.java","3445","15135","18580"
"2019-10-10 14:37","QuorumTest.java","185313","260204","445517"
"2019-09-18 11:20","QuorumTest.java","185313","259363","444676"
"2019-12-28 16:17","QuorumTest.java","186635","266358","452993"
"2015-11-03 08:11","QuorumTest.java","14567","49585","64152"
"2014-03-30 00:01","LeaderElectionSupportTest.java","14027","44217","58244"
"2019-10-10 14:37","LeaderElectionSupportTest.java","172009","260657","432666"
"2019-08-27 09:23","LeaderElectionSupportTest.java","172009","257497","429506"
"2015-07-07 07:11","LeaderElectionSupportTest.java","22396","70239","92635"
"2019-01-07 14:24","EphemeralType.java","223174","230538","453712"
"2018-05-09 23:57","EphemeralType.java","9334","17557","26891"
"2019-08-17 17:13","EphemeralType.java","223293","255827","479120"
"2019-06-03 19:40","EphemeralType.java","223292","241157","464449"
"2018-05-10 06:13","EphemeralType.java","9475","17975","27450"
"2015-07-07 07:11","DeleteTest.java","22280","76443","98723"
"2014-02-12 17:00","ZKDatabase.java","27992","60230","88222"
"2019-10-10 14:37","ZKDatabase.java","181707","260739","442446"
"2019-12-27 22:33","ZKDatabase.java","182779","266736","449515"
"2018-04-06 06:04","ZKDatabase.java","41139","103229","144368"
"2011-04-12 09:14","ZKDatabase.java","16198","12950","29148"
"2014-04-29 02:23","ZKDatabase.java","34008","69261","103269"
"2014-04-17 08:47","ZKDatabase.java","34003","68550","102553"
"2011-09-17 02:36","ZKDatabase.java","19897","28019","47916"
"2018-09-28 23:38","ZKDatabase.java","116103","188556","304659"
"2013-06-28 23:22","ZKDatabase.java","27502","52619","80121"
"2019-11-08 17:30","ZKDatabase.java","181707","262600","444307"
"2019-05-14 17:11","ZKDatabase.java","181708","241654","423362"
"2012-07-17 23:25","ZKDatabase.java","25478","38292","63770"
"2018-09-18 01:00","ZKDatabase.java","115951","185830","301781"
"2013-03-07 07:01","ZKDatabase.java","27288","50543","77831"
"2019-02-07 11:26","ZKDatabase.java","181643","235254","416897"
"2019-04-12 19:01","ZKDatabase.java","181708","238794","420502"
"2018-09-05 22:35","ZKDatabase.java","115895","183520","299415"
"2011-01-22 20:38","ZKDatabase.java","3157","41044","44201"
"2015-02-06 06:17","ZKDatabase.java","35024","81781","116805"
"2014-07-18 02:19","ZKDatabase.java","34758","76764","111522"
"2018-02-07 01:05","ZKDatabase.java","41112","102850","143962"
"2014-01-24 07:18","ZKDatabase.java","27956","59944","87900"
"2019-08-17 17:13","ZKDatabase.java","181707","256986","438693"
"2019-09-10 00:27","ZKDatabase.java","181707","257926","439633"
"2016-03-23 00:30","ZKDatabase.java","37363","89220","126583"
"2018-02-23 23:49","ZKDatabase.java","41134","103216","144350"
"2017-08-03 20:28","ZKDatabase.java","40688","97176","137864"
"2017-06-18 19:23","ZKDatabase.java","40606","97318","137924"
"2019-04-09 15:35","ZKDatabase.java","181656","237792","419448"
"2018-02-07 01:05","LeaderBean.java","25680","78086","103766"
"2018-07-12 01:33","LeaderBean.java","33839","89312","123151"
"2019-07-25 21:41","LeaderBean.java","178080","253129","431209"
"2019-08-17 17:13","LeaderBean.java","178080","256646","434726"
"2019-01-07 14:55","LeaderBean.java","178002","231459","409461"
"2018-08-17 14:40","LeaderBean.java","86294","144063","230357"
"2016-12-20 14:47","LeaderBean.java","21103","70295","91398"
"2020-05-05 21:20","ServerMetrics.java","8622","19294","27916"
"2020-02-26 22:41","ServerMetrics.java","4712","12222","16934"
"2020-03-25 03:38","ServerMetrics.java","4923","14564","19487"
"2020-05-03 19:43","ServerMetrics.java","5664","16241","21905"
"2019-11-23 17:08","ServerMetrics.java","253","1810","2063"
"2019-11-08 17:30","Request.java","31947","51701","83648"
"2019-07-08 23:26","Request.java","3493","6409","9902"
"2019-08-06 17:11","Request.java","6712","21953","28665"
"2019-08-01 07:28","Request.java","6309","20630","26939"
"2019-06-26 10:57","Request.java","3211","5201","8412"
"2019-08-17 17:13","Request.java","29367","43507","72874"
"2020-03-25 03:38","Request.java","39327","66252","105579"
"2019-09-20 10:06","Request.java","31249","48252","79501"
"2019-09-16 23:26","Request.java","30944","48103","79047"
"2019-12-27 22:33","Request.java","37691","60509","98200"
"2019-11-11 13:59","Request.java","31978","53528","85506"
"2020-05-05 21:20","Request.java","42821","70777","113598"
"2019-02-06 09:46","ZooKeeper.java","223682","232820","456502"
"2019-01-16 14:21","ZooKeeper.java","223681","231096","454777"
"2019-11-08 17:30","ZooKeeper.java","223847","260896","484743"
"2019-02-07 11:26","ZooKeeper.java","223682","233449","457131"
"2019-08-17 17:13","ZooKeeper.java","223799","255234","479033"
"2019-06-26 10:57","ZooKeeper.java","223798","243083","466881"
"2019-06-03 19:40","ZooKeeper.java","223798","240564","464362"
"2018-05-09 23:57","ZooKeeper.java","1812","8936","10748"
"2019-08-03 08:42","ZooKeeper.java","223799","255942","479741"
"2017-08-18 23:35","ZooKeeper.java","122","607","729"
"2020-04-16 12:50","ZooKeeper.java","225503","270512","496015"
"2018-07-27 05:16","ZooKeeper.java","22894","32036","54930"
"2019-10-10 14:37","ZooKeeper.java","223799","258987","482786"
"2019-02-11 12:34","ZooKeeper.java","223682","233812","457494"
"2020-05-17 15:13","ZooKeeper.java","225535","270915","496450"
"2019-03-12 19:08","ZooKeeper.java","223703","235261","458964"
"2013-09-18 01:14","ReadOnlyRequestProcessor.java","6386","21238","27624"
"2014-03-23 04:12","ReadOnlyRequestProcessor.java","7378","29692","37070"
"2015-03-08 23:07","ReadOnlyRequestProcessor.java","15075","51695","66770"
"2013-03-07 07:01","ReadOnlyRequestProcessor.java","5905","18849","24754"
"2016-10-07 21:51","ReadOnlyRequestProcessor.java","20436","65489","85925"
"2019-08-17 17:13","ReadOnlyRequestProcessor.java","178915","256502","435417"
"2015-06-04 19:51","ReadOnlyRequestProcessor.java","15513","55515","71028"
"2018-08-06 14:11","ExitCode.java","36179","55657","91836"
"2019-08-17 17:13","ExitCode.java","215122","256089","471211"
"2019-09-30 22:26","ZKClientConfig.java","223799","258599","482398"
"2018-11-05 19:40","ZKClientConfig.java","201774","231695","433469"
"2019-08-17 17:13","ZKClientConfig.java","223799","255234","479033"
"2018-07-27 05:16","ZKClientConfig.java","22894","32036","54930"
"2019-11-22 23:42","ZKClientConfig.java","225440","261372","486812"
"2019-11-04 02:01","ZKClientConfig.java","223847","259192","483039"
"2014-08-14 08:08","QuorumPeerTestBase.java","564","1425","1989"
"2014-07-26 04:11","QuorumPeerTestBase.java","378","675","1053"
"2016-11-03 16:07","QuorumPeerTestBase.java","8636","22119","30755"
"2019-12-27 22:33","QuorumPeerTestBase.java","212158","266269","478427"
"2019-10-10 14:37","QuorumPeerTestBase.java","210717","259903","470620"
"2016-06-23 23:25","QuorumPeerTestBase.java","7553","18548","26101"
"2014-08-19 22:50","QuorumPeerTestBase.java","658","1633","2291"
"2019-07-12 17:01","QuorumPeerTestBase.java","210717","251463","462180"
"2017-01-13 19:29","QuorumPeerTestBase.java","9747","26648","36395"
"2015-03-17 18:06","QuorumPeerTestBase.java","1448","6962","8410"
"2019-08-17 17:13","QuorumPeerTestBase.java","210717","256150","466867"
"2017-11-28 00:10","QuorumPeerTestBase.java","16188","34606","50794"
"2017-12-16 01:25","QuorumPeerTestBase.java","16541","35003","51544"
"2018-10-12 10:25","QuorumPeerTestBase.java","190947","231815","422762"
"2014-07-19 06:39","Toolbar.java","15226","49589","64815"
"2018-11-17 18:33","ServerCnxn.java","231601","222769","454370"
"2019-01-14 19:38","ServerCnxn.java","231605","229990","461595"
"2019-04-12 19:01","ServerCnxn.java","231717","236617","468334"
"2018-09-18 01:00","ServerCnxn.java","89799","94873","184672"
"2019-07-08 23:26","ServerCnxn.java","231753","243622","475375"
"2019-08-17 17:13","ServerCnxn.java","231754","254847","486601"
"2019-07-03 00:44","ServerCnxn.java","231753","242859","474612"
"2018-08-08 06:21","ServerCnxn.java","58418","60386","118804"
"2019-11-18 09:05","ServerCnxn.java","233691","259928","493619"
"2020-02-26 22:41","ServerCnxn.java","233693","267440","501133"
"2018-09-28 23:38","ServerCnxn.java","90501","98149","188650"
"2019-11-11 13:59","ServerCnxn.java","231803","262306","494109"
"2016-11-13 20:59","TestableZooKeeper.java","20460","67636","88096"
"2019-08-17 17:13","TestableZooKeeper.java","179045","256502","435547"
"2019-03-06 03:32","TestableZooKeeper.java","178970","236212","415182"
"2013-01-25 02:17","TestableZooKeeper.java","4629","13044","17673"
"2018-04-25 01:41","TestableZooKeeper.java","25841","78215","104056"
"2014-03-26 22:13","TestableZooKeeper.java","7391","29826","37217"
"2020-05-17 15:13","TestableZooKeeper.java","180359","271761","452120"
"2014-06-25 15:04","FastLeaderElection.java","32760","72369","105129"
"2018-12-06 10:56","FastLeaderElection.java","178736","227449","406185"
"2014-07-08 05:25","FastLeaderElection.java","33138","74383","107521"
"2014-07-18 20:48","FastLeaderElection.java","33368","78739","112107"
"2014-03-23 04:12","FastLeaderElection.java","26706","62237","88943"
"2019-10-10 14:37","FastLeaderElection.java","178802","260740","439542"
"2013-10-21 23:36","FastLeaderElection.java","26424","58143","84567"
"2019-09-30 23:22","FastLeaderElection.java","178802","260367","439169"
"2011-04-12 09:14","FastLeaderElection.java","14830","14488","29318"
"2014-07-20 04:50","FastLeaderElection.java","33389","78822","112211"
"2020-04-07 09:07","FastLeaderElection.java","179874","271433","451307"
"2012-03-20 01:33","FastLeaderElection.java","23736","37184","60920"
"2019-01-18 03:42","FastLeaderElection.java","178737","232947","411684"
"2012-02-06 09:40","FastLeaderElection.java","21350","33347","54697"
"2017-09-11 18:55","FastLeaderElection.java","39413","99345","138758"
"2013-03-07 07:01","FastLeaderElection.java","25872","52033","77905"
"2018-08-29 06:26","FastLeaderElection.java","108023","178238","286261"
"2011-04-29 18:12","FastLeaderElection.java","14935","14928","29863"
"2015-02-06 06:17","FastLeaderElection.java","33600","83263","116863"
"2018-04-30 06:34","FastLeaderElection.java","39726","105640","145366"
"2019-08-17 17:13","FastLeaderElection.java","178802","256987","435789"
"2019-08-02 20:08","FastLeaderElection.java","178802","257768","436570"
"2012-08-03 00:17","FastLeaderElection.java","24133","40069","64202"
"2017-01-13 19:29","FastLeaderElection.java","37001","99273","136274"
"2011-06-14 07:14","FastLeaderElection.java","15101","16709","31810"
"2019-08-03 08:42","FastLeaderElection.java","178802","257695","436497"
"2019-08-17 17:13","Leader.java","191888","256406","448294"
"2019-06-29 00:33","Leader.java","191888","244393","436281"
"2019-06-03 19:40","Leader.java","191888","241737","433625"
"2014-05-20 23:42","Leader.java","9533","21895","31428"
"2019-07-15 14:15","Leader.java","191888","251825","443713"
"2015-03-17 18:06","Leader.java","12128","36727","48855"
"2019-07-25 21:41","Leader.java","191888","252889","444777"
"2018-05-10 06:00","Leader.java","25039","65531","90570"
"2018-07-12 01:33","Leader.java","33121","74546","107667"
"2018-02-07 01:05","Leader.java","24748","63106","87854"
"2017-11-28 00:10","Leader.java","24342","61845","86187"
"2019-06-05 00:33","Leader.java","191888","242127","434015"
"2015-04-10 22:22","Leader.java","12170","37837","50007"
"2019-08-03 08:42","Leader.java","191888","257114","449002"
"2019-06-05 23:57","Leader.java","191888","242396","434284"
"2013-10-07 21:08","Leader.java","1122","3813","4935"
"2017-01-13 19:29","Leader.java","19170","55156","74326"
"2019-01-07 14:55","Leader.java","191789","231198","422987"
"2019-04-12 19:01","Leader.java","191872","238197","430069"
"2018-12-09 03:16","Leader.java","191788","228964","420752"
"2018-08-17 14:40","Leader.java","85833","129554","215387"
"2019-11-29 14:49","Leader.java","193234","264309","457543"
"2018-11-27 10:02","Leader.java","191788","226640","418428"
"2015-02-06 06:17","Leader.java","11935","35312","47247"
"2017-02-15 23:04","Leader.java","21566","54596","76162"
"2014-07-18 02:19","Leader.java","10840","29466","40306"
"2018-08-29 06:26","Leader.java","106572","150501","257073"
"2018-08-03 18:52","Leader.java","43499","86422","129921"
"2017-09-11 18:55","Leader.java","24007","57653","81660"
"2018-09-18 01:00","Leader.java","111800","158299","270099"
"2016-12-20 14:47","Leader.java","19147","54291","73438"
"2014-07-20 04:50","Leader.java","11098","30245","41343"
"2014-06-10 00:19","Leader.java","9547","22843","32390"
"2016-06-23 23:25","Leader.java","17370","47450","64820"
"2016-06-23 23:45","Leader.java","17401","47589","64990"
"2020-03-25 03:38","Leader.java","193234","270537","463771"
"2014-03-23 04:12","Leader.java","2091","11336","13427"
"2019-12-27 22:33","Leader.java","193234","266430","459664"
"2016-08-13 15:01","Leader.java","17869","48752","66621"
"2013-10-21 23:36","Leader.java","1405","6838","8243"
"2019-10-10 14:37","Leader.java","191888","260159","452047"
"2013-11-07 06:41","Leader.java","1537","7401","8938"
"2019-08-17 17:13","Leader.java","177843","256650","434493"
"2019-06-29 00:33","Leader.java","177843","244637","422480"
"2019-06-03 19:40","Leader.java","177843","241981","419824"
"2014-05-20 23:42","Leader.java","14153","40804","54957"
"2019-07-15 14:15","Leader.java","177843","252069","429912"
"2015-03-17 18:06","Leader.java","15528","54416","69944"
"2019-07-25 21:41","Leader.java","177843","253133","430976"
"2018-05-10 06:00","Leader.java","26223","81004","107227"
"2018-07-12 01:33","Leader.java","34091","89805","123896"
"2018-02-07 01:05","Leader.java","25960","78607","104567"
"2017-11-28 00:10","Leader.java","25581","77373","102954"
"2019-06-05 00:33","Leader.java","177843","242371","420214"
"2015-04-10 22:22","Leader.java","15557","55513","71070"
"2019-08-03 08:42","Leader.java","177843","257358","435201"
"2019-06-05 23:57","Leader.java","177843","242640","420483"
"2012-12-08 00:38","Leader.java","4185","11716","15901"
"2013-10-07 21:08","Leader.java","6985","23965","30950"
"2012-12-31 02:38","Leader.java","5029","14681","19710"
"2017-01-13 19:29","Leader.java","21450","71725","93175"
"2012-07-05 18:01","Leader.java","3056","5661","8717"
"2019-01-07 14:55","Leader.java","177765","231463","409228"
"2019-04-12 19:01","Leader.java","177843","238457","416300"
"2018-12-09 03:16","Leader.java","177764","229229","406993"
"2018-08-17 14:40","Leader.java","86534","144544","231078"
"2019-11-29 14:49","Leader.java","179151","264515","443666"
"2013-03-07 07:01","Leader.java","6291","20455","26746"
"2018-11-27 10:02","Leader.java","177764","226905","404669"
"2015-02-06 06:17","Leader.java","15370","53036","68406"
"2012-02-27 03:41","Leader.java","396","637","1033"
"2017-02-15 23:04","Leader.java","23456","70775","94231"
"2014-07-18 02:19","Leader.java","14905","47820","62725"
"2018-08-29 06:26","Leader.java","104127","162345","266472"
"2018-08-03 18:52","Leader.java","44313","101525","145838"
"2013-05-14 14:27","Leader.java","6337","20626","26963"
"2017-09-11 18:55","Leader.java","25264","73199","98463"
"2018-09-18 01:00","Leader.java","109323","170111","279434"
"2012-03-15 17:47","Leader.java","451","1671","2122"
"2016-12-20 14:47","Leader.java","21422","70855","92277"
"2014-07-20 04:50","Leader.java","14973","48409","63382"
"2014-06-10 00:19","Leader.java","14165","41750","55915"
"2016-06-23 23:25","Leader.java","20075","64444","84519"
"2016-06-23 23:45","Leader.java","20074","64551","84625"
"2020-03-25 03:38","Leader.java","179151","270743","449894"
"2014-03-23 04:12","Leader.java","7744","31278","39022"
"2019-12-27 22:33","Leader.java","179151","266636","445787"
"2016-08-13 15:01","Leader.java","20372","65544","85916"
"2013-10-21 23:36","Leader.java","7230","26952","34182"
"2019-10-10 14:37","Leader.java","177843","260403","438246"
"2013-11-07 06:41","Leader.java","7303","27456","34759"
"2016-08-13 15:01","ReadOnlyZooKeeperServer.java","26688","71478","98166"
"2015-03-08 23:07","ReadOnlyZooKeeperServer.java","21969","59427","81396"
"2013-10-09 22:21","ReadOnlyZooKeeperServer.java","14272","33249","47521"
"2014-07-18 02:19","ReadOnlyZooKeeperServer.java","21503","54036","75539"
"2019-11-29 14:49","ReadOnlyZooKeeperServer.java","179557","264539","444096"
"2015-03-17 18:06","ReadOnlyZooKeeperServer.java","22063","60569","82632"
"2019-08-17 17:13","ReadOnlyZooKeeperServer.java","178351","256776","435127"
"2013-09-18 12:58","ClientCnxn.java","13942","31092","45034"
"2015-01-31 08:05","ClientCnxn.java","21869","60325","82194"
"2016-05-02 18:15","ClientCnxn.java","25274","69766","95040"
"2014-01-24 07:18","ClientCnxn.java","14514","38396","52910"
"2019-08-17 17:13","ClientCnxn.java","177112","256904","434016"
"2015-05-10 00:27","ClientCnxn.java","22127","63122","85249"
"2017-12-19 19:27","ClientCnxn.java","30791","83612","114403"
"2019-01-31 15:50","ClientCnxn.java","177045","234504","411549"
"2012-08-02 00:24","ClientCnxn.java","10802","15527","26329"
"2019-04-09 15:35","ClientCnxn.java","177061","237710","414771"
"2013-02-03 15:52","ClientCnxn.java","13174","24260","37434"
"2014-12-20 15:29","ClientCnxn.java","21862","60307","82169"
"2012-03-15 18:01","ClientCnxn.java","8248","10583","18831"
"2019-11-08 17:30","ClientCnxn.java","177112","262518","439630"
"2017-06-08 17:59","ClientCnxn.java","29362","77893","107255"
"2012-09-09 20:24","ClientCnxn.java","10972","16436","27408"
"2019-01-16 14:21","ClientCnxn.java","177045","232817","409862"
"2019-01-07 14:24","ClientCnxn.java","177044","231666","408710"
"2019-03-06 03:32","ClientCnxn.java","177060","236637","413697"
"2011-09-14 07:43","ClientCnxn.java","257","2477","2734"
"2015-02-06 06:17","ClientCnxn.java","21938","60589","82527"
"2019-02-07 11:26","ClientCnxn.java","177046","235170","412216"
"2018-11-05 19:40","ClientCnxn.java","158280","236558","394838"
"2020-05-17 15:13","ClientCnxn.java","178214","271951","450165"
"2018-06-25 12:30","ClientCnxn.java","31038","87385","118423"
"2012-12-19 19:16","ClientCnxn.java","12554","23147","35701"
"2020-03-03 03:12","ClientCnxn.java","178210","269737","447947"
"2018-09-10 11:44","ClientCnxn.java","112986","172518","285504"
"2011-09-28 22:17","ClientCnxn.java","3686","3959","7645"
"2015-06-13 02:42","ClientCnxn.java","22418","64875","87293"
"2014-03-23 04:12","ClientCnxn.java","14760","39279","54039"
"2015-11-09 00:05","ClientCnxn.java","23561","67510","91071"
"2015-12-06 19:58","ClientCnxn.java","23615","67869","91484"
"2020-01-21 17:53","ClientCnxn.java","178210","265998","444208"
"2015-12-05 22:43","ClientCnxn.java","23615","67866","91481"
"2015-12-05 22:32","ClientCnxn.java","23614","67860","91474"
"2019-10-10 14:37","ClientCnxn.java","177112","260657","437769"
"2014-04-01 04:03","ClientCnxn.java","14957","40319","55276"
"2013-09-18 15:14","ClientCnxn.java","13946","31114","45060"
"2013-09-18 04:08","ClientCnxn.java","13944","31008","44952"
"2019-11-21 05:58","ClientCnxn.java","178210","261169","439379"
"2020-04-16 12:50","ClientCnxn.java","178210","271576","449786"
"2018-07-27 05:16","ClientCnxn.java","48922","106421","155343"
"2019-10-10 14:37","FourLetterWordsTest.java","219999","259674","479673"
"2019-08-17 17:13","FourLetterWordsTest.java","219999","255921","475920"
"2019-05-08 21:54","FourLetterWordsTest.java","219981","240405","460386"
"2019-08-27 09:23","LeaderOffer.java","172009","257497","429506"
"2019-01-22 06:43","LeaderOffer.java","171944","232905","404849"
"2019-06-03 19:40","DigestAuthenticationProvider.java","91004","243037","334041"
"2019-08-17 17:13","DigestAuthenticationProvider.java","91004","257706","348710"
"2009-06-09 07:21","DigestAuthenticationProvider.java","7954","49075","57029"
"2010-01-25 04:28","DigestAuthenticationProvider.java","11521","79118","90639"
"2019-11-11 13:59","DigestAuthenticationProvider.java","91004","265116","356120"
"2010-08-18 08:24","DigestAuthenticationProvider.java","13126","110256","123382"
"2018-10-16 16:22","QuorumPeerConfig.java","174651","235306","409957"
"2018-12-09 03:16","QuorumPeerConfig.java","194011","228927","422938"
"2019-04-12 19:01","QuorumPeerConfig.java","194095","238160","432255"
"2018-09-11 15:23","QuorumPeerConfig.java","111743","154727","266470"
"2018-12-15 07:34","QuorumPeerConfig.java","194011","228842","422853"
"2019-02-13 13:12","QuorumPeerConfig.java","194032","235236","429268"
"2019-08-17 17:13","QuorumPeerConfig.java","194111","256369","450480"
"2015-03-17 18:06","QuorumPeerConfig.java","11297","33636","44933"
"2014-01-21 04:50","QuorumPeerConfig.java","849","5614","6463"
"2017-11-28 00:10","QuorumPeerConfig.java","23752","58995","82747"
"2019-06-05 00:29","QuorumPeerConfig.java","194111","242036","436147"
"2014-09-17 07:34","QuorumPeerConfig.java","10724","29610","40334"
"2020-01-09 11:27","QuorumPeerConfig.java","195457","265818","461275"
"2019-07-12 17:01","QuorumPeerConfig.java","194111","251682","445793"
"2016-11-13 20:59","QuorumPeerConfig.java","17684","49661","67345"
"2019-05-15 11:56","QuorumPeerConfig.java","194095","241107","435202"
"2014-08-19 22:50","QuorumPeerConfig.java","10724","28524","39248"
"2018-10-01 06:11","QuorumPeerConfig.java","111977","158795","270772"
"2017-07-28 00:36","QuorumPeerConfig.java","23119","53942","77061"
"2017-07-06 18:48","QuorumPeerConfig.java","22105","53810","75915"
"2020-01-23 13:43","QuorumPeerConfig.java","195457","267642","463099"
"2014-05-17 13:23","QuorumPeerConfig.java","8441","18101","26542"
"2014-07-04 04:19","QuorumPeerConfig.java","8831","21040","29871"
"2016-06-23 19:42","QuorumPeerConfig.java","16594","44139","60733"
"2015-09-06 20:02","QuorumPeerConfig.java","12994","38845","51839"
"2015-09-29 03:56","QuorumPeerConfig.java","13040","39072","52112"
"2019-10-10 14:37","QuorumPeerConfig.java","194111","260122","454233"
"2018-07-27 12:32","QuorumPeerConfig.java","42847","83004","125851"
"2019-04-18 19:17","QuorumPeerConfig.java","194095","238870","432965"
"2016-11-03 16:07","QuorumPeerConfig.java","17549","47857","65406"
"2014-03-25 22:13","QuorumPeerConfig.java","1236","8457","9693"
"2013-10-09 22:21","QuorumPeerConfig.java","469","3279","3748"
"2014-08-01 07:38","QuorumPeerConfig.java","10555","27820","38375"
"2014-08-14 08:08","QuorumPeerConfig.java","10637","28323","38960"
"2020-02-16 10:25","QuorumPeerConfig.java","195457","268355","463812"
"2020-05-14 18:18","QuorumPeerConfig.java","195465","271588","467053"
"2017-05-11 16:59","QuorumPeerConfig.java","21832","52670","74502"
"2016-08-13 15:01","ReadOnlyZooKeeperServer.java","16761","42574","59335"
"2015-03-08 23:07","ReadOnlyZooKeeperServer.java","10804","29285","40089"
"2014-07-18 02:19","ReadOnlyZooKeeperServer.java","9599","23155","32754"
"2019-11-29 14:49","ReadOnlyZooKeeperServer.java","198267","264272","462539"
"2015-03-17 18:06","ReadOnlyZooKeeperServer.java","10937","30466","41403"
"2019-08-17 17:13","ReadOnlyZooKeeperServer.java","196919","256367","453286"
"2019-10-10 14:37","FourLetterWordsTest.java","218807","259720","478527"
"2015-11-08 22:36","FourLetterWordsTest.java","351","1589","1940"
"2019-08-17 17:13","FourLetterWordsTest.java","218807","255967","474774"
"2019-05-08 21:54","FourLetterWordsTest.java","218789","240451","459240"
"2015-07-10 08:19","FourLetterWordsTest.java","174","429","603"
"2014-07-17 22:56","StaticHostProvider.java","1043","3019","4062"
"2019-08-17 17:13","StaticHostProvider.java","205519","256154","461673"
"2018-07-16 05:45","StaticHostProvider.java","36163","64160","100323"
"2017-08-03 20:32","StaticHostProvider.java","16150","35377","51527"
"2017-07-28 00:36","StaticHostProvider.java","16143","35343","51486"
"2019-08-17 17:13","X509AuthenticationProvider.java","29523","44192","73715"
"2019-10-10 14:37","MBeanRegistry.java","3717","7470","11187"
"2019-07-23 15:55","SSLAuthTest.java","98105","95716","193821"
"2019-08-17 17:13","SSLAuthTest.java","109882","111485","221367"
"2019-06-03 19:40","SSLAuthTest.java","95513","82447","177960"
"2018-12-15 07:34","SSLAuthTest.java","87714","61890","149604"
"2019-02-13 13:12","SSLAuthTest.java","94481","75030","169511"
"2018-12-20 07:24","SSLAuthTest.java","87729","62832","150561"
"2019-10-10 14:37","FileTxnLogTest.java","3717","7470","11187"
"2019-09-18 11:20","FileTxnLogTest.java","2292","5204","7496"
"2018-12-20 15:13","QuorumPeer.java","224578","228701","453279"
"2019-05-16 16:25","QuorumPeer.java","224678","240030","464708"
"2018-10-16 16:22","QuorumPeer.java","202678","231628","434306"
"2019-06-14 09:06","QuorumPeer.java","224696","243247","467943"
"2018-12-07 12:41","QuorumPeer.java","224577","225714","450291"
"2019-03-11 19:47","QuorumPeer.java","224601","235152","459753"
"2019-02-13 13:12","QuorumPeer.java","224600","234099","458699"
"2019-04-12 19:01","QuorumPeer.java","224678","237038","461716"
"2018-12-09 03:16","QuorumPeer.java","224577","227788","452365"
"2018-09-11 15:23","QuorumPeer.java","102641","113920","216561"
"2019-11-29 14:49","QuorumPeer.java","226322","263432","489754"
"2018-12-15 07:34","QuorumPeer.java","224577","227703","452280"
"2018-11-27 10:02","QuorumPeer.java","224577","225464","450041"
"2018-09-18 01:00","QuorumPeer.java","102775","115309","218084"
"2019-06-03 19:40","QuorumPeer.java","224696","240580","465276"
"2019-07-15 14:15","QuorumPeer.java","224697","250669","475366"
"2019-07-03 00:44","QuorumPeer.java","224696","243262","467958"
"2019-08-17 17:13","QuorumPeer.java","224697","255250","479947"
"2017-11-28 00:10","QuorumPeer.java","2393","5931","8324"
"2018-01-30 08:02","QuorumPeer.java","2886","6577","9463"
"2019-05-15 11:56","QuorumPeer.java","224678","239985","464663"
"2019-06-05 00:33","QuorumPeer.java","224696","240970","465666"
"2019-05-20 23:13","QuorumPeer.java","224679","240104","464783"
"2019-06-04 10:55","QuorumPeer.java","224696","240733","465429"
"2019-07-12 17:01","QuorumPeer.java","224697","250563","475260"
"2020-01-09 11:27","QuorumPeer.java","226324","264980","491304"
"2018-10-01 06:11","QuorumPeer.java","103459","118572","222031"
"2018-07-04 17:11","QuorumPeer.java","13897","21149","35046"
"2019-12-17 13:48","QuorumPeer.java","226322","264004","490326"
"2020-01-23 13:43","QuorumPeer.java","226324","266804","493128"
"2018-12-06 10:56","QuorumPeer.java","224577","225658","450235"
"2019-10-10 14:37","QuorumPeer.java","224697","259003","483700"
"2017-07-27 23:09","QuorumPeer.java","1521","535","2056"
"2018-06-26 11:18","QuorumPeer.java","3590","10824","14414"
"2018-07-27 12:32","QuorumPeer.java","24471","32923","57394"
"2019-04-18 19:17","QuorumPeer.java","224678","237748","462426"
"2020-02-16 10:25","QuorumPeer.java","226324","267517","493841"
"2019-10-10 14:37","Observer.java","218430","259731","478161"
"2019-12-27 22:33","Observer.java","219975","266201","486176"
"2017-11-28 00:10","Observer.java","14415","24948","39363"
"2019-07-15 14:15","Observer.java","218430","251397","469827"
"2019-08-23 19:43","Observer.java","218430","256644","475074"
"2019-08-17 17:13","Observer.java","218430","255978","474408"
"2019-05-03 00:44","Observer.java","218412","239957","458369"
"2019-06-05 00:33","Observer.java","218429","241698","460127"
"2019-07-02 07:34","Observer.java","218429","243920","462349"
"2018-12-09 03:16","Observer.java","218317","228523","446840"
"2019-08-17 17:13","ZKClientConfigTest.java","220587","255887","476474"
"2020-01-20 08:39","ZKClientConfigTest.java","222167","265367","487534"
"2016-12-30 23:01","ZKClientConfigTest.java","2782","9168","11950"
"2018-12-20 07:24","ZKClientConfigTest.java","220468","229268","449736"
"2019-08-17 17:13","ConnectionMXBean.java","147158","257187","404345"
"2019-08-17 17:13","ClientPortBindTest.java","108278","112838","221116"
"2019-10-10 14:37","ClientPortBindTest.java","109687","118000","227687"
"2014-02-12 17:00","LearnerHandler.java","14551","36107","50658"
"2014-03-23 04:12","LearnerHandler.java","14725","36668","51393"
"2019-10-10 14:37","LearnerHandler.java","179545","260514","440059"
"2015-06-05 20:38","LearnerHandler.java","22410","62044","84454"
"2015-06-05 20:51","LearnerHandler.java","22410","62071","84481"
"2015-06-12 23:02","LearnerHandler.java","22425","62184","84609"
"2013-09-26 14:05","LearnerHandler.java","13921","28786","42707"
"2019-07-03 20:54","LearnerHandler.java","179545","244755","424300"
"2011-09-17 02:36","LearnerHandler.java","3371","811","4182"
"2012-04-23 01:20","LearnerHandler.java","10565","11300","21865"
"2013-06-28 23:22","LearnerHandler.java","13855","28290","42145"
"2018-09-18 01:00","LearnerHandler.java","114472","173669","288141"
"2012-02-06 09:40","LearnerHandler.java","7698","6107","13805"
"2013-05-14 14:27","LearnerHandler.java","13533","26231","39764"
"2018-08-03 18:52","LearnerHandler.java","50264","105885","156149"
"2018-12-09 03:16","LearnerHandler.java","179486","229360","408846"
"2019-04-12 19:01","LearnerHandler.java","179546","238569","418115"
"2013-03-07 07:01","LearnerHandler.java","13502","26075","39577"
"2017-11-28 00:10","LearnerHandler.java","31814","82015","113829"
"2019-06-29 00:33","LearnerHandler.java","179545","244748","424293"
"2013-05-11 15:35","LearnerHandler.java","13510","26131","39641"
"2019-07-25 21:41","LearnerHandler.java","179545","253244","432789"
"2019-08-23 19:43","LearnerHandler.java","179545","257427","436972"
"2019-08-17 17:13","LearnerHandler.java","179545","256761","436306"
"2017-06-26 00:16","LearnerHandler.java","30656","76814","107470"
"2017-08-03 20:28","LearnerHandler.java","31310","77116","108426"
"2012-07-29 07:02","LearnerHandler.java","10660","12798","23458"
"2019-05-06 17:48","LearnerHandler.java","179546","241075","420621"
"2019-08-03 08:42","LearnerHandler.java","179545","257469","437014"
"2019-04-22 19:15","LearnerHandler.java","179546","239544","419090"
"2019-10-10 14:37","QuorumHierarchical.java","3717","7470","11187"
"2019-06-26 10:57","PrepRequestProcessorTest.java","155540","161409","316949"
"2019-09-05 23:12","PrepRequestProcessorTest.java","157193","176131","333324"
"2019-08-17 17:13","PrepRequestProcessorTest.java","156211","174230","330441"
"2019-09-11 10:27","PrepRequestProcessorTest.java","157197","176572","333769"
"2019-12-27 22:33","PrepRequestProcessorTest.java","159405","186102","345507"
"2019-10-10 14:37","SessionTrackerImpl.java","215122","259842","474964"
"2019-09-20 10:02","SessionTrackerImpl.java","215122","259009","474131"
"2020-03-26 22:16","SessionTrackerImpl.java","216570","270329","486899"
"2018-09-18 01:00","SessionTrackerImpl.java","112463","135411","247874"
"2019-09-05 23:12","SessionTrackerImpl.java","215122","257008","472130"
"2019-08-17 17:13","SessionTrackerImpl.java","215122","256089","471211"
"2018-08-08 06:21","SessionTrackerImpl.java","83378","103220","186598"
"2018-05-09 23:57","SessionTrackerImpl.java","16187","32843","49030"
"2019-04-22 19:15","SessionTrackerImpl.java","215105","238854","453959"
"2019-08-17 17:13","AckRequestProcessor.java","129808","257501","387309"
"2019-05-28 15:55","AckRequestProcessor.java","129808","242828","372636"
"2011-04-12 09:14","AckRequestProcessor.java","21251","70417","91668"
"2019-08-17 17:13","FileChangeWatcherTest.java","35700","63127","98827"
"2018-12-20 15:07","FileChangeWatcherTest.java","37","978","1015"
"2020-05-04 14:17","FileChangeWatcherTest.java","45174","86329","131503"
"2019-10-10 14:37","FileChangeWatcherTest.java","37692","68872","106564"
"2016-05-02 18:15","ClientCnxn.java","6373","12214","18587"
"2019-08-17 17:13","ClientCnxn.java","214963","256104","471067"
"2015-05-10 00:27","ClientCnxn.java","559","2903","3462"
"2017-12-19 19:27","ClientCnxn.java","15883","30053","45936"
"2019-01-31 15:50","ClientCnxn.java","214854","233662","448516"
"2019-04-09 15:35","ClientCnxn.java","214875","236873","451748"
"2019-11-08 17:30","ClientCnxn.java","214992","261747","476739"
"2017-06-08 17:59","ClientCnxn.java","13125","23005","36130"
"2019-01-16 14:21","ClientCnxn.java","214854","231975","446829"
"2019-01-07 14:24","ClientCnxn.java","214853","230824","445677"
"2019-03-06 03:32","ClientCnxn.java","214873","235799","450672"
"2019-02-07 11:26","ClientCnxn.java","214855","234328","449183"
"2018-11-05 19:40","ClientCnxn.java","194024","233651","427675"
"2020-05-17 15:13","ClientCnxn.java","216439","271525","487964"
"2018-06-25 12:30","ClientCnxn.java","16438","34134","50572"
"2020-03-03 03:12","ClientCnxn.java","216411","269287","485698"
"2018-09-10 11:44","ClientCnxn.java","112356","133237","245593"
"2015-06-13 02:42","ClientCnxn.java","1559","5365","6924"
"2015-11-09 00:05","ClientCnxn.java","2934","8232","11166"
"2015-12-06 19:58","ClientCnxn.java","3059","8662","11721"
"2020-01-21 17:53","ClientCnxn.java","216411","265548","481959"
"2015-12-05 22:43","ClientCnxn.java","3059","8659","11718"
"2015-12-05 22:32","ClientCnxn.java","3058","8653","11711"
"2019-10-10 14:37","ClientCnxn.java","214963","259857","474820"
"2019-11-21 05:58","ClientCnxn.java","216409","260717","477126"
"2020-04-16 12:50","ClientCnxn.java","216411","271126","487537"
"2018-07-27 05:16","ClientCnxn.java","35968","54816","90784"
"2015-03-17 18:06","NIOServerCnxnFactory.java","1635","7608","9243"
"2019-07-03 00:44","NIOServerCnxnFactory.java","210259","244164","454423"
"2019-08-17 17:13","NIOServerCnxnFactory.java","210259","256151","466410"
"2019-08-03 08:42","NIOServerCnxnFactory.java","210259","256859","467118"
"2019-04-22 19:15","NIOServerCnxnFactory.java","210243","238917","449160"
"2014-09-28 19:15","NIOServerCnxnFactory.java","947","3545","4492"
"2018-11-23 11:51","NIOServerCnxnFactory.java","210149","224814","434963"
"2019-02-13 13:12","NIOServerCnxnFactory.java","210170","235008","445178"
"2018-10-24 04:03","NIOServerCnxnFactory.java","190492","234682","425174"
"2019-04-12 19:01","NIOServerCnxnFactory.java","210243","237942","448185"
"2018-06-15 08:02","NIOServerCnxnFactory.java","17251","39587","56838"
"2016-06-23 23:45","NIOServerCnxnFactory.java","7754","19316","27070"
"2019-10-10 14:37","NIOServerCnxnFactory.java","210259","259904","470163"
"2019-11-14 03:54","NIOServerCnxnFactory.java","210287","264188","474475"
"2019-08-17 17:13","StaticHostProviderTest.java","231525","254163","485688"
"2019-08-17 17:13","ZooKeeperServerListenerImpl.java","222252","255887","478139"
"2019-10-10 14:37","ClientTest.java","206611","259907","466518"
"2019-12-28 16:17","ClientTest.java","208050","266178","474228"
"2014-07-25 01:31","ClientTest.java","713","5100","5813"
"2017-01-09 22:49","ClientTest.java","10021","30851","40872"
"2017-05-01 17:19","ClientTest.java","13065","32039","45104"
"2018-11-22 17:56","ClientTest.java","206501","224741","431242"
"2017-06-30 22:43","ClientTest.java","14286","32781","47067"
"2019-03-06 03:32","ClientTest.java","206521","235849","442370"
"2019-08-17 17:13","ClientTest.java","206611","256154","462765"
"2014-02-12 17:00","ZKDatabase.java","11325","35441","46766"
"2019-10-10 14:37","ZKDatabase.java","176966","260495","437461"
"2019-12-27 22:33","ZKDatabase.java","178195","266649","444844"
"2018-04-06 06:04","ZKDatabase.java","29081","83049","112130"
"2014-04-29 02:23","ZKDatabase.java","17388","44519","61907"
"2014-04-17 08:47","ZKDatabase.java","17382","43807","61189"
"2018-09-28 23:38","ZKDatabase.java","111634","175965","287599"
"2013-06-28 23:22","ZKDatabase.java","10613","27608","38221"
"2019-11-08 17:30","ZKDatabase.java","176994","262384","439378"
"2019-05-14 17:11","ZKDatabase.java","176967","241410","418377"
"2012-07-17 23:25","ZKDatabase.java","7376","12068","19444"
"2018-09-18 01:00","ZKDatabase.java","111478","173235","284713"
"2013-03-07 07:01","ZKDatabase.java","10233","25366","35599"
"2019-02-07 11:26","ZKDatabase.java","176907","235015","411922"
"2019-04-12 19:01","ZKDatabase.java","176967","238550","415517"
"2018-09-05 22:35","ZKDatabase.java","111412","170915","282327"
"2015-02-06 06:17","ZKDatabase.java","18734","57369","76103"
"2014-07-18 02:19","ZKDatabase.java","18296","52180","70476"
"2018-02-07 01:05","ZKDatabase.java","29048","82664","111712"
"2014-01-24 07:18","ZKDatabase.java","11253","35119","46372"
"2019-08-17 17:13","ZKDatabase.java","176966","256742","433708"
"2019-09-10 00:27","ZKDatabase.java","176966","257682","434648"
"2016-03-23 00:30","ZKDatabase.java","23197","66932","90129"
"2018-02-23 23:49","ZKDatabase.java","29076","83036","112112"
"2017-08-03 20:28","ZKDatabase.java","28217","76583","104800"
"2017-06-18 19:23","ZKDatabase.java","27496","76086","103582"
"2019-04-09 15:35","ZKDatabase.java","176917","237550","414467"
"2019-10-10 14:37","ZKDatabase.java","159775","178973","338748"
"2019-12-27 22:33","ZKDatabase.java","161978","186101","348079"
"2019-11-08 17:30","ZKDatabase.java","159829","180888","340717"
"2019-05-14 17:11","ZKDatabase.java","156846","156958","313804"
"2019-02-07 11:26","ZKDatabase.java","156541","150318","306859"
"2019-04-12 19:01","ZKDatabase.java","156822","154074","310896"
"2019-08-17 17:13","ZKDatabase.java","158773","174218","332991"
"2019-09-10 00:27","ZKDatabase.java","159755","176140","335895"
"2019-04-09 15:35","ZKDatabase.java","156740","153042","309782"
"2019-04-10 13:19","FileSnap.java","105420","238853","344273"
"2019-07-31 19:06","FileSnap.java","105419","256891","362310"
"2020-01-30 09:43","FileSnap.java","105976","268615","374591"
"2010-03-12 23:36","FileSnap.java","12260","75188","87448"
"2019-05-27 10:54","FileSnap.java","105420","242905","348325"
"2017-06-26 00:07","FileSnap.java","27316","157514","184830"
"2017-08-18 06:32","FileSnap.java","27379","157579","184958"
"2019-08-17 17:13","FileSnap.java","105419","257584","363003"
"2018-02-14 21:23","FileSnap.java","27537","162807","190344"
"2019-12-03 19:12","FileSnap.java","105976","264756","370732"
"2019-12-27 22:33","FileSnap.java","105976","266819","372795"
"2019-10-10 14:37","FileSnap.java","105419","261337","366756"
"2020-01-28 17:26","FileSnap.java","105976","268539","374515"
"2011-04-12 09:14","FileSnap.java","17654","91292","108946"
"2017-01-23 02:13","FileSnap.java","26339","159258","185597"
"2010-03-04 00:07","FileTxnLog.java","13619","102795","116414"
"2011-06-21 07:34","FileTxnLog.java","15413","124164","139577"
"2014-02-12 17:00","FileTxnLog.java","18372","151398","169770"
"2013-12-11 01:10","FileTxnLog.java","18349","148490","166839"
"2018-01-19 00:43","FileTxnLog.java","20899","182726","203625"
"2009-08-25 07:45","FileTxnLog.java","11523","83244","94767"
"2019-12-27 22:33","FileTxnLog.java","72935","266841","339776"
"2019-10-10 14:37","FileTxnLog.java","72482","261463","333945"
"2018-11-12 22:36","FileTxnLog.java","72454","225774","298228"
"2018-08-01 21:19","FileTxnLog.java","23943","190725","214668"
"2018-04-27 20:28","FileTxnLog.java","20975","184652","205627"
"2018-06-08 16:52","FileTxnLog.java","20967","186091","207058"
"2010-12-23 13:42","FileTxnLog.java","15050","162364","177414"
"2011-09-03 01:07","FileTxnLog.java","14274","125159","139433"
"2011-04-12 09:14","FileTxnLog.java","15332","122033","137365"
"2011-11-15 19:30","FileTxnLog.java","17067","125438","142505"
"2014-06-30 19:11","FileTxnLog.java","19727","157812","177539"
"2020-01-28 17:26","FileTxnLog.java","72935","268561","341496"
"2008-10-21 20:45","FileTxnLog.java","3722","15335","19057"
"2019-05-14 17:11","FileTxnLog.java","72482","242377","314859"
"2019-01-07 14:24","FileTxnLog.java","72454","232512","304966"
"2013-06-28 23:22","FileTxnLog.java","18323","144228","162551"
"2008-10-21 06:36","FileTxnLog.java","3710","15306","19016"
"2010-03-16 22:23","FileTxnLog.java","13705","109672","123377"
"2019-04-12 19:01","FileTxnLog.java","72482","239517","311999"
"2017-04-28 07:14","FileTxnLog.java","20577","178673","199250"
"2012-02-06 09:40","FileTxnLog.java","17150","127029","144179"
"2018-09-06 01:11","FileTxnLog.java","49053","217466","266519"
"2018-09-18 01:00","FileTxnLog.java","49093","219760","268853"
"2016-03-20 19:31","FileTxnLog.java","20061","173215","193276"
"2019-08-17 17:13","FileTxnLog.java","72482","257710","330192"
"2009-06-18 18:37","FileTxnLog.java","11093","72814","83907"
"2019-06-03 19:40","FileTxnLog.java","72482","243041","315523"
"2018-04-24 00:20","FileTxnLog.java","20939","184529","205468"
"2018-02-14 21:23","FileTxnLog.java","20932","183638","204570"
"2009-02-20 01:23","FileTxnLog.java","9922","41172","51094"
"2019-08-03 08:42","FileTxnLog.java","72482","258418","330900"
"2019-04-09 15:35","FileTxnLog.java","72460","238545","311005"
"2017-08-03 20:41","FileTxnLog.java","20857","178137","198994"
"2018-02-02 00:26","FileTxnLog.java","20901","182735","203636"
"2017-06-26 00:07","FileTxnLog.java","20815","178449","199264"
"2008-12-10 22:55","FileTxnLog.java","5001","23002","28003"
"2020-05-05 21:20","ServerMetrics.java","3194","3289","6483"
"2015-12-06 21:37","ZooKeeperServerBean.java","18796","183855","202651"
"2015-12-07 06:26","ZooKeeperServerBean.java","18796","184181","202977"
"2020-03-25 03:38","ZooKeeperServerBean.java","57850","270948","328798"
"2010-03-12 19:26","ZooKeeperServerBean.java","11783","122799","134582"
"2019-11-14 03:54","ZooKeeperServerBean.java","57537","265859","323396"
"2019-09-16 23:26","ZooKeeperServerBean.java","57537","260869","318406"
"2018-06-08 16:52","ZooKeeperServerBean.java","19271","196273","215544"
"2020-04-30 18:53","ZooKeeperServerBean.java","57850","271848","329698"
"2019-01-23 14:00","ZooKeeperServerBean.java","57522","234562","292084"
"2019-07-08 23:26","ZooKeeperServerBean.java","57537","246626","304163"
"2009-01-15 23:57","ZooKeeperServerBean.java","7947","40656","48603"
"2015-07-10 08:19","ZooKeeperServerBean.java","18785","182444","201229"
"2017-04-28 07:14","ZooKeeperServerBean.java","19100","189074","208174"
"2019-01-14 19:38","ZooKeeperServerBean.java","57522","233127","290649"
"2012-02-11 00:34","ZooKeeperServerBean.java","16151","138094","154245"
"2019-01-07 14:39","ZooKeeperServerBean.java","57522","232674","290196"
"2015-03-17 18:06","ZooKeeperServerBean.java","18752","179397","198149"
"2019-08-17 17:13","ZooKeeperServerBean.java","57537","257850","315387"
"2018-02-07 01:05","ZooKeeperServerBean.java","19244","193648","212892"
"2018-07-12 01:33","ZooKeeperServerBean.java","19972","197443","217415"
"2019-05-22 11:39","ZooKeeperServerBean.java","57537","243050","300587"
"2019-07-30 02:31","ZooKeeperServerBean.java","57537","255771","313308"
"2019-08-17 17:13","ObserverBean.java","36481","63823","100304"
"2019-11-29 14:49","ObserverBean.java","43897","77796","121693"
"2013-01-25 07:46","NIOServerCnxnFactory.java","13104","23662","36766"
"2015-03-17 18:06","NIOServerCnxnFactory.java","22084","61957","84041"
"2019-07-03 00:44","NIOServerCnxnFactory.java","177112","244917","422029"
"2019-08-17 17:13","NIOServerCnxnFactory.java","177112","256904","434016"
"2012-12-19 19:07","NIOServerCnxnFactory.java","12521","22233","34754"
"2019-08-03 08:42","NIOServerCnxnFactory.java","177112","257612","434724"
"2019-04-22 19:15","NIOServerCnxnFactory.java","177113","239687","416800"
"2014-09-28 19:15","NIOServerCnxnFactory.java","21752","58250","80002"
"2018-11-23 11:51","NIOServerCnxnFactory.java","177044","225609","402653"
"2012-08-28 21:51","NIOServerCnxnFactory.java","10895","16052","26947"
"2019-02-13 13:12","NIOServerCnxnFactory.java","177059","235797","412856"
"2014-07-18 02:19","NIOServerCnxnFactory.java","21527","55427","76954"
"2013-03-07 07:01","NIOServerCnxnFactory.java","13582","28731","42313"
"2018-10-24 04:03","NIOServerCnxnFactory.java","158280","236370","394650"
"2019-04-12 19:01","NIOServerCnxnFactory.java","177113","238712","415825"
"2018-06-15 08:02","NIOServerCnxnFactory.java","31036","87272","118308"
"2016-06-23 23:45","NIOServerCnxnFactory.java","25296","70758","96054"
"2014-03-23 04:12","NIOServerCnxnFactory.java","14760","39279","54039"
"2011-12-28 07:07","NIOServerCnxnFactory.java","7635","7882","15517"
"2019-10-10 14:37","NIOServerCnxnFactory.java","177112","260657","437769"
"2019-11-14 03:54","NIOServerCnxnFactory.java","177112","264913","442025"
"2019-08-17 17:13","ByteBufferInputStream.java","203003","256155","459158"
"2019-08-17 17:13","KeeperException.java","223799","255234","479033"
"2019-07-24 18:00","KeeperException.java","223799","251689","475488"
"2020-03-25 03:38","KeeperException.java","225442","269662","495104"
"2018-07-27 05:16","KeeperException.java","22894","32036","54930"
"2019-08-17 17:13","Leader.java","224314","255186","479500"
"2019-06-29 00:33","Leader.java","224313","243172","467485"
"2019-06-03 19:40","Leader.java","224313","240516","464829"
"2019-07-15 14:15","Leader.java","224314","250605","474919"
"2019-07-25 21:41","Leader.java","224314","251669","475983"
"2018-05-10 06:00","Leader.java","1685","8531","10216"
"2018-07-12 01:33","Leader.java","12377","20156","32533"
"2018-02-07 01:05","Leader.java","1129","5841","6970"
"2017-11-28 00:10","Leader.java","591","4448","5039"
"2019-06-05 00:33","Leader.java","224313","240906","465219"
"2019-08-03 08:42","Leader.java","224314","255894","480208"
"2019-06-05 23:57","Leader.java","224313","241175","465488"
"2019-01-07 14:55","Leader.java","224174","229937","454111"
"2019-04-12 19:01","Leader.java","224278","236957","461235"
"2018-12-09 03:16","Leader.java","224173","227703","451876"
"2018-08-17 14:40","Leader.java","70671","80746","151417"
"2019-11-29 14:49","Leader.java","225977","263406","489383"
"2018-11-27 10:02","Leader.java","224173","225379","449552"
"2018-08-29 06:26","Leader.java","95819","106102","201921"
"2018-08-03 18:52","Leader.java","22988","32265","55253"
"2018-09-18 01:00","Leader.java","101672","114525","216197"
"2020-03-25 03:38","Leader.java","225979","269636","495615"
"2019-12-27 22:33","Leader.java","225978","265528","491506"
"2019-10-10 14:37","Leader.java","224315","258940","483255"
"2014-02-12 17:00","LearnerHandler.java","14561","37326","51887"
"2014-03-23 04:12","LearnerHandler.java","14735","37887","52622"
"2019-10-10 14:37","LearnerHandler.java","178351","260529","438880"
"2015-06-05 20:38","LearnerHandler.java","22378","63221","85599"
"2015-06-05 20:51","LearnerHandler.java","22378","63248","85626"
"2015-06-12 23:02","LearnerHandler.java","22393","63361","85754"
"2013-09-26 14:05","LearnerHandler.java","13935","30009","43944"
"2019-07-03 20:54","LearnerHandler.java","178351","244770","423121"
"2011-09-14 08:56","LearnerHandler.java","222","1431","1653"
"2011-09-17 02:36","LearnerHandler.java","3526","2175","5701"
"2012-04-23 01:20","LearnerHandler.java","10638","12582","23220"
"2013-06-28 23:22","LearnerHandler.java","13870","29514","43384"
"2018-09-18 01:00","LearnerHandler.java","114258","174664","288922"
"2012-02-06 09:40","LearnerHandler.java","7776","7394","15170"
"2013-05-14 14:27","LearnerHandler.java","13577","27484","41061"
"2018-08-03 18:52","LearnerHandler.java","50104","106934","157038"
"2018-12-09 03:16","LearnerHandler.java","178292","229375","407667"
"2019-04-12 19:01","LearnerHandler.java","178352","238584","416936"
"2013-03-07 07:01","LearnerHandler.java","13546","27328","40874"
"2017-11-28 00:10","LearnerHandler.java","31721","83131","114852"
"2019-06-29 00:33","LearnerHandler.java","178351","244763","423114"
"2013-05-11 15:35","LearnerHandler.java","13554","27384","40938"
"2019-07-25 21:41","LearnerHandler.java","178351","253259","431610"
"2019-08-23 19:43","LearnerHandler.java","178351","257442","435793"
"2019-08-17 17:13","LearnerHandler.java","178351","256776","435127"
"2017-06-26 00:16","LearnerHandler.java","30567","77934","108501"
"2017-08-03 20:28","LearnerHandler.java","31221","78236","109457"
"2012-07-29 07:02","LearnerHandler.java","10726","14073","24799"
"2019-05-06 17:48","LearnerHandler.java","178352","241090","419442"
"2019-08-03 08:42","LearnerHandler.java","178351","257484","435835"
"2019-04-22 19:15","LearnerHandler.java","178352","239559","417911"
"2018-06-26 11:18","QuorumPeerTest.java","14234","26315","40549"
"2016-03-17 07:13","QuorumPeerTest.java","1568","1358","2926"
"2019-07-12 17:01","QuorumPeerTest.java","220516","251229","471745"
"2019-08-17 17:13","QuorumPeerTest.java","220516","255916","476432"
"2019-06-03 19:40","JettyAdminServer.java","210259","241482","451741"
"2019-08-17 17:13","JettyAdminServer.java","210259","256151","466410"
"2019-07-29 17:09","JettyAdminServer.java","210259","253165","463424"
"2016-08-25 02:23","JettyAdminServer.java","8535","20612","29147"
"2020-05-05 09:18","JettyAdminServer.java","211700","271354","483054"
"2015-11-22 00:33","JettyAdminServer.java","4109","14442","18551"
"2019-10-10 14:37","JettyAdminServer.java","210259","259904","470163"
"2015-06-30 20:50","JettyAdminServer.java","3638","12327","15965"
"2020-03-20 11:00","FileChangeWatcher.java","10095","18350","28445"
"2011-04-29 18:12","QuorumCnxManager.java","17949","92850","110799"
"2011-12-28 01:26","QuorumCnxManager.java","20852","103433","124285"
"2019-11-29 14:49","QuorumCnxManager.java","105048","264698","369746"
"2013-03-07 07:01","QuorumCnxManager.java","22191","119726","141917"
"2018-07-11 06:04","QuorumCnxManager.java","34287","173203","207490"
"2018-08-06 14:11","QuorumCnxManager.java","34329","175018","209347"
"2010-11-17 15:59","QuorumCnxManager.java","14673","129217","143890"
"2012-06-29 22:08","QuorumCnxManager.java","21284","107024","128308"
"2018-10-16 16:22","QuorumCnxManager.java","81304","241879","323183"
"2019-06-14 09:06","QuorumCnxManager.java","104503","245594","350097"
"2019-08-03 08:42","QuorumCnxManager.java","104503","258304","362807"
"2019-11-13 20:41","QuorumCnxManager.java","104503","265315","369818"
"2019-04-09 16:08","QuorumCnxManager.java","104474","238423","342897"
"2019-08-06 12:52","QuorumCnxManager.java","104503","258569","363072"
"2017-02-09 11:40","QuorumCnxManager.java","26530","160469","186999"
"2019-05-20 23:13","QuorumCnxManager.java","104504","242469","346973"
"2015-04-09 20:16","QuorumCnxManager.java","24323","147645","171968"
"2017-08-23 02:16","QuorumCnxManager.java","27398","158641","186039"
"2019-07-27 20:04","QuorumCnxManager.java","104503","254127","358630"
"2009-06-30 22:47","QuorumCnxManager.java","5363","42823","48186"
"2015-05-29 23:46","QuorumCnxManager.java","24325","148163","172488"
"2015-05-14 07:10","QuorumCnxManager.java","24332","147874","172206"
"2020-03-12 14:47","QuorumCnxManager.java","105048","270084","375132"
"2019-08-17 17:13","QuorumCnxManager.java","104503","257596","362099"
"2009-05-20 22:16","QuorumCnxManager.java","2445","27845","30290"
"2017-11-28 00:10","QuorumCnxManager.java","27471","162634","190105"
"2009-11-18 20:06","QuorumCnxManager.java","8063","58158","66221"
"2009-10-27 22:14","QuorumCnxManager.java","6339","47315","53654"
"2009-12-15 23:23","QuorumCnxManager.java","8290","58963","67253"
"2009-08-11 00:24","QuorumCnxManager.java","5691","44360","50051"
"2009-08-03 23:27","QuorumCnxManager.java","5640","43563","49203"
"2019-10-10 14:37","QuorumCnxManager.java","104503","261349","365852"
"2014-07-23 19:36","QuorumCnxManager.java","24143","141032","165175"
"2017-06-09 18:37","QuorumCnxManager.java","27321","158268","185589"
"2020-01-23 13:43","QuorumCnxManager.java","105048","268068","373116"
"2014-03-23 04:12","QuorumCnxManager.java","22544","129449","151993"
"2010-01-19 21:06","QuorumCnxManager.java","8841","62530","71371"
"2010-01-21 04:08","QuorumCnxManager.java","8848","62543","71391"
"2014-07-08 05:25","QuorumCnxManager.java","24065","136684","160749"
"2019-11-28 12:24","QuorumCnxManager.java","105048","263047","368095"
"2014-06-25 15:04","QuorumCnxManager.java","23930","134913","158843"
"2011-08-15 02:44","QuorumCnxManager.java","16350","96538","112888"
"2016-06-08 17:43","QuorumCnxManager.java","25965","153335","179300"
"2020-03-23 16:20","QuorumCnxManager.java","105048","270255","375303"
"2020-02-16 10:25","QuorumCnxManager.java","105048","268781","373829"
"2014-07-22 06:45","QuorumCnxManager.java","24143","140957","165100"
"2011-04-12 09:14","QuorumCnxManager.java","17924","92490","110414"
"2010-10-06 19:01","QuorumCnxManager.java","14160","126097","140257"
"2018-07-27 12:32","QuorumCnxManager.java","34307","174384","208691"
"2010-10-20 00:32","QuorumCnxManager.java","14197","127627","141824"
"2011-03-16 19:49","QuorumCnxManager.java","14824","130863","145687"
"2020-01-23 13:43","QuorumPeerMainTest.java","1659","3001","4660"
"2018-06-08 16:52","ZooKeeperServerMXBean.java","42233","120505","162738"
"2019-09-16 23:26","ZooKeeperServerMXBean.java","167718","260034","427752"
"2019-11-14 03:54","ZooKeeperServerMXBean.java","167718","265024","432742"
"2015-12-07 06:26","ZooKeeperServerMXBean.java","37289","103944","141233"
"2020-03-25 03:38","ZooKeeperServerMXBean.java","168765","270847","439612"
"2019-05-22 11:39","ZooKeeperServerMXBean.java","167719","242216","409935"
"2019-07-30 02:31","ZooKeeperServerMXBean.java","167718","254936","422654"
"2018-02-07 01:05","ZooKeeperServerMXBean.java","42111","117785","159896"
"2018-07-12 01:33","ZooKeeperServerMXBean.java","49806","128547","178353"
"2019-08-17 17:13","ZooKeeperServerMXBean.java","167718","257015","424733"
"2012-02-11 00:34","ZooKeeperServerMXBean.java","25319","48532","73851"
"2017-04-28 07:14","ZooKeeperServerMXBean.java","40966","112210","153176"
"2019-01-14 19:38","ZooKeeperServerMXBean.java","167660","232249","399909"
"2015-07-10 08:19","ZooKeeperServerMXBean.java","37162","102091","139253"
"2019-07-08 23:26","ZooKeeperServerMXBean.java","167718","245791","413509"
"2019-01-23 14:00","ZooKeeperServerMXBean.java","167661","233685","401346"
"2018-09-11 15:23","ServerConfig.java","83637","199346","282983"
"2019-04-12 19:01","ServerConfig.java","131664","239307","370971"
"2019-02-13 13:12","ServerConfig.java","131629","236411","368040"
"2017-07-28 00:36","ServerConfig.java","33111","136659","169770"
"2009-06-09 07:04","ServerConfig.java","353","437","790"
"2019-05-15 11:56","ServerConfig.java","131664","242254","373918"
"2019-08-17 17:13","ServerConfig.java","131664","257500","389164"
"2015-03-17 18:06","ServerConfig.java","29677","124741","154418"
"2011-09-17 02:42","ServerConfig.java","23913","79273","103186"
"2010-03-12 19:26","ServerConfig.java","14178","50717","64895"
"2010-03-09 05:44","ServerConfig.java","14084","49893","63977"
"2016-12-22 04:10","ServerConfig.java","31969","137913","169882"
"2019-04-18 19:17","ServerConfig.java","131664","240017","371681"
"2019-08-17 17:13","StaticHostProviderTest.java","217277","256074","473351"
"2018-07-16 05:45","StaticHostProviderTest.java","35738","51897","87635"
"2019-08-17 17:13","CommandBase.java","29711","44957","74668"
"2013-09-18 01:14","ReadOnlyRequestProcessor.java","7973","26353","34326"
"2014-03-23 04:12","ReadOnlyRequestProcessor.java","8829","34671","43500"
"2015-03-08 23:07","ReadOnlyRequestProcessor.java","16142","56290","72432"
"2012-03-15 17:47","ReadOnlyRequestProcessor.java","1772","5300","7072"
"2013-03-07 07:01","ReadOnlyRequestProcessor.java","7550","24022","31572"
"2016-10-07 21:51","ReadOnlyRequestProcessor.java","21311","69892","91203"
"2019-08-17 17:13","ReadOnlyRequestProcessor.java","175544","256659","432203"
"2015-06-04 19:51","ReadOnlyRequestProcessor.java","16522","60052","76574"
"2019-08-17 17:13","CloseCommand.java","178872","256502","435374"
"2016-07-27 01:33","CloseCommand.java","17918","61514","79432"
"2019-12-28 16:17","GetEphemeralsTest.java","10230","18815","29045"
"2014-06-25 19:06","AsyncOps.java","34669","85602","120271"
"2012-12-19 19:16","AsyncOps.java","27491","59893","87384"
"2014-03-23 22:03","AsyncOps.java","28740","75074","103814"
"2019-06-03 19:40","AsyncOps.java","167976","242346","410322"
"2019-08-17 17:13","AsyncOps.java","167976","257015","424991"
"2011-04-29 18:12","QuorumCnxManager.java","21711","46517","68228"
"2011-12-28 01:26","QuorumCnxManager.java","25569","60605","86174"
"2019-11-29 14:49","QuorumCnxManager.java","155128","264683","419811"
"2013-03-07 07:01","QuorumCnxManager.java","29043","79033","108076"
"2018-07-11 06:04","QuorumCnxManager.java","43827","135198","179025"
"2018-08-06 14:11","QuorumCnxManager.java","52988","146132","199120"
"2010-11-17 15:59","QuorumCnxManager.java","17183","81632","98815"
"2012-06-29 22:08","QuorumCnxManager.java","27472","65667","93139"
"2018-10-16 16:22","QuorumCnxManager.java","125508","238538","364046"
"2019-06-14 09:06","QuorumCnxManager.java","154189","245185","399374"
"2019-08-03 08:42","QuorumCnxManager.java","154189","257895","412084"
"2019-11-13 20:41","QuorumCnxManager.java","154189","264906","419095"
"2019-04-09 16:08","QuorumCnxManager.java","154152","238006","392158"
"2019-08-06 12:52","QuorumCnxManager.java","154189","258160","412349"
"2017-02-09 11:40","QuorumCnxManager.java","34660","121054","155714"
"2019-05-20 23:13","QuorumCnxManager.java","154189","242059","396248"
"2015-04-09 20:16","QuorumCnxManager.java","31956","107733","139689"
"2017-08-23 02:16","QuorumCnxManager.java","36106","119804","155910"
"2019-07-27 20:04","QuorumCnxManager.java","154189","253718","407907"
"2015-05-29 23:46","QuorumCnxManager.java","32067","108360","140427"
"2015-05-14 07:10","QuorumCnxManager.java","32034","108031","140065"
"2020-03-12 14:47","QuorumCnxManager.java","155128","270069","425197"
"2019-08-17 17:13","QuorumCnxManager.java","154189","257187","411376"
"2017-11-28 00:10","QuorumCnxManager.java","36285","123903","160188"
"2009-12-15 23:23","QuorumCnxManager.java","974","1552","2526"
"2019-10-10 14:37","QuorumCnxManager.java","154189","260940","415129"
"2014-07-23 19:36","QuorumCnxManager.java","31713","101057","132770"
"2017-06-09 18:37","QuorumCnxManager.java","35981","119383","155364"
"2020-01-23 13:43","QuorumCnxManager.java","155128","268053","423181"
"2014-03-23 04:12","QuorumCnxManager.java","29814","89174","118988"
"2010-01-19 21:06","QuorumCnxManager.java","1887","5481","7368"
"2010-01-21 04:08","QuorumCnxManager.java","1911","5511","7422"
"2014-07-08 05:25","QuorumCnxManager.java","31590","96664","128254"
"2019-11-28 12:24","QuorumCnxManager.java","155128","263032","418160"
"2014-06-25 15:04","QuorumCnxManager.java","31235","94673","125908"
"2011-08-15 02:44","QuorumCnxManager.java","20582","53225","73807"
"2016-06-08 17:43","QuorumCnxManager.java","33908","113733","147641"
"2020-03-23 16:20","QuorumCnxManager.java","155128","270240","425368"
"2020-02-16 10:25","QuorumCnxManager.java","155128","268766","423894"
"2014-07-22 06:45","QuorumCnxManager.java","31712","100981","132693"
"2011-04-12 09:14","QuorumCnxManager.java","21670","46141","67811"
"2010-10-06 19:01","QuorumCnxManager.java","16491","78333","94824"
"2018-07-27 12:32","QuorumCnxManager.java","52956","145488","198444"
"2010-10-20 00:32","QuorumCnxManager.java","16530","79865","96395"
"2011-03-16 19:49","QuorumCnxManager.java","17460","83404","100864"
"2019-06-03 19:40","ReconfigBackupTest.java","225010","240622","465632"
"2019-08-17 17:13","ReconfigBackupTest.java","225011","255292","480303"
"2019-08-17 17:13","ChrootTest.java","140865","257500","398365"
"2011-09-17 02:13","ChrootTest.java","24540","72218","96758"
"2010-03-31 06:26","ChrootTest.java","15064","42660","57724"
"2011-04-12 09:14","ChrootTest.java","23260","61368","84628"
"2010-03-04 02:28","ChrootTest.java","13753","34351","48104"
"2019-08-17 17:13","ObserverMasterTest.java","36481","63823","100304"
"2019-05-03 17:37","ObserverMasterTest.java","8741","20205","28946"
"2020-05-05 21:20","ObserverMasterTest.java","48730","89888","138618"
"2019-10-10 14:37","ObserverMasterTest.java","38466","69561","108027"
"2019-09-18 11:20","ObserverMasterTest.java","37905","68159","106064"
"2019-12-28 16:17","ObserverMasterTest.java","44116","80043","124159"
"2019-11-28 12:24","ZooKeeperServerMain.java","41","139","180"
"2019-08-17 17:13","ClientCnxn.java","30201","51869","82070"
"2019-04-09 15:35","ClientCnxn.java","710","3235","3945"
"2019-11-08 17:30","ClientCnxn.java","32424","59706","92130"
"2019-03-06 03:32","ClientCnxn.java","425","1878","2303"
"2020-05-17 15:13","ClientCnxn.java","43225","78838","122063"
"2020-03-03 03:12","ClientCnxn.java","39307","72710","112017"
"2020-01-21 17:53","ClientCnxn.java","38970","68634","107604"
"2019-10-10 14:37","ClientCnxn.java","32270","57691","89961"
"2019-11-21 05:58","ClientCnxn.java","37333","62168","99501"
"2020-04-16 12:50","ClientCnxn.java","39988","75230","115218"
"2020-01-25 18:48","LearnerMetricsTest.java","8213","14577","22790"
"2019-06-03 19:40","ReconfigBackupTest.java","212748","241459","454207"
"2019-08-17 17:13","ReconfigBackupTest.java","212748","256128","468876"
"2016-11-13 20:59","ReconfigBackupTest.java","8399","21498","29897"
"2016-08-24 01:36","ReconfigBackupTest.java","7913","17426","25339"
"2019-12-03 19:12","SnapStreamTest.java","9782","16397","26179"
"2019-08-17 17:13","EphemeralTypeEmulate353.java","230611","254922","485533"
"2019-06-03 19:40","EphemeralTypeEmulate353.java","230610","240252","470862"
"2018-05-10 06:13","EphemeralTypeEmulate353.java","223","500","723"
"2019-12-28 16:17","SetQuotaCommand.java","10230","18815","29045"
"2019-08-17 17:13","EphemeralType.java","29523","44192","73715"
"2018-12-20 15:13","QuorumPeer.java","150205","139215","289420"
"2019-05-16 16:25","QuorumPeer.java","156851","157090","313941"
"2018-10-16 16:22","QuorumPeer.java","117131","130968","248099"
"2019-06-14 09:06","QuorumPeer.java","156874","160312","317186"
"2018-12-07 12:41","QuorumPeer.java","150200","136224","286424"
"2019-03-11 19:47","QuorumPeer.java","156637","152075","308712"
"2019-02-13 13:12","QuorumPeer.java","156632","151018","307650"
"2019-04-12 19:01","QuorumPeer.java","156827","154074","310901"
"2018-12-09 03:16","QuorumPeer.java","150200","138298","288498"
"2019-11-29 14:49","QuorumPeer.java","161970","183967","345937"
"2018-12-15 07:34","QuorumPeer.java","150201","138214","288415"
"2018-11-27 10:02","QuorumPeer.java","150200","135974","286174"
"2019-06-03 19:40","QuorumPeer.java","156874","157645","314519"
"2019-07-15 14:15","QuorumPeer.java","158108","168967","327075"
"2019-07-03 00:44","QuorumPeer.java","158107","161560","319667"
"2019-08-17 17:13","QuorumPeer.java","158778","174218","332996"
"2019-05-15 11:56","QuorumPeer.java","156851","157045","313896"
"2019-06-05 00:33","QuorumPeer.java","156874","158035","314909"
"2019-05-20 23:13","QuorumPeer.java","156854","157166","314020"
"2019-06-04 10:55","QuorumPeer.java","156874","157798","314672"
"2019-07-12 17:01","QuorumPeer.java","158108","168861","326969"
"2020-01-09 11:27","QuorumPeer.java","161986","185529","347515"
"2019-12-17 13:48","QuorumPeer.java","161978","184547","346525"
"2020-01-23 13:43","QuorumPeer.java","162051","187418","349469"
"2018-12-06 10:56","QuorumPeer.java","150200","136168","286368"
"2019-10-10 14:37","QuorumPeer.java","159780","178973","338753"
"2019-04-18 19:17","QuorumPeer.java","156827","154784","311611"
"2020-02-16 10:25","QuorumPeer.java","162123","188203","350326"
"2015-06-04 19:51","CreateMode.java","11542","31796","43338"
"2019-08-17 17:13","CreateMode.java","198521","256360","454881"
"2016-10-07 21:51","CreateMode.java","17326","42631","59957"
"2017-07-28 00:36","CreateMode.java","23082","49486","72568"
"2018-10-16 16:22","QuorumPeerConfig.java","80619","241978","322597"
"2012-04-23 01:20","QuorumPeerConfig.java","21124","107605","128729"
"2009-05-22 21:02","QuorumPeerConfig.java","2927","29238","32165"
"2018-12-09 03:16","QuorumPeerConfig.java","103779","230314","334093"
"2019-04-12 19:01","QuorumPeerConfig.java","103807","239491","343298"
"2018-09-11 15:23","QuorumPeerConfig.java","60842","204530","265372"
"2013-03-07 07:01","QuorumPeerConfig.java","22043","120362","142405"
"2018-12-15 07:34","QuorumPeerConfig.java","103779","230229","334008"
"2019-02-13 13:12","QuorumPeerConfig.java","103786","236609","340395"
"2009-06-05 06:44","QuorumPeerConfig.java","3259","31300","34559"
"2019-08-17 17:13","QuorumPeerConfig.java","103806","257683","361489"
"2015-03-17 18:06","QuorumPeerConfig.java","24169","147212","171381"
"2014-01-21 04:50","QuorumPeerConfig.java","22275","127744","150019"
"2009-11-18 20:06","QuorumPeerConfig.java","8458","59337","67795"
"2012-12-16 07:43","QuorumPeerConfig.java","21522","113447","134969"
"2017-11-28 00:10","QuorumPeerConfig.java","27248","163195","190443"
"2019-06-05 00:29","QuorumPeerConfig.java","103806","243350","347156"
"2014-09-17 07:34","QuorumPeerConfig.java","24057","143647","167704"
"2009-04-07 00:19","QuorumPeerConfig.java","758","1866","2624"
"2020-01-09 11:27","QuorumPeerConfig.java","104264","266244","370508"
"2019-07-12 17:01","QuorumPeerConfig.java","103806","252996","356802"
"2016-11-13 20:59","QuorumPeerConfig.java","26105","158786","184891"
"2019-05-15 11:56","QuorumPeerConfig.java","103807","242438","346245"
"2014-08-19 22:50","QuorumPeerConfig.java","24057","142561","166618"
"2018-10-01 06:11","QuorumPeerConfig.java","60977","208499","269476"
"2017-07-28 00:36","QuorumPeerConfig.java","27136","158663","185799"
"2013-09-30 22:20","QuorumPeerConfig.java","22170","122874","145044"
"2017-07-06 18:48","QuorumPeerConfig.java","27118","159527","186645"
"2013-09-26 00:13","QuorumPeerConfig.java","22167","122627","144794"
"2010-03-09 05:44","QuorumPeerConfig.java","12557","76407","88964"
"2020-01-23 13:43","QuorumPeerConfig.java","104264","268068","372332"
"2011-04-06 18:17","QuorumPeerConfig.java","17419","92605","110024"
"2010-03-12 19:26","QuorumPeerConfig.java","12646","77226","89872"
"2014-05-17 13:23","QuorumPeerConfig.java","23656","134020","157676"
"2014-07-04 04:19","QuorumPeerConfig.java","23786","136699","160485"
"2011-09-17 02:42","QuorumPeerConfig.java","18879","102218","121097"
"2016-06-23 19:42","QuorumPeerConfig.java","25784","154033","179817"
"2015-09-06 20:02","QuorumPeerConfig.java","24251","150806","175057"
"2015-09-29 03:56","QuorumPeerConfig.java","24280","151016","175296"
"2019-10-10 14:37","QuorumPeerConfig.java","103806","261436","365242"
"2009-08-11 00:24","QuorumPeerConfig.java","6093","45546","51639"
"2018-07-27 12:32","QuorumPeerConfig.java","34082","174943","209025"
"2019-04-18 19:17","QuorumPeerConfig.java","103807","240201","344008"
"2016-11-03 16:07","QuorumPeerConfig.java","26094","157106","183200"
"2011-04-12 09:14","QuorumPeerConfig.java","17774","93124","110898"
"2014-03-25 22:13","QuorumPeerConfig.java","22397","130322","152719"
"2011-09-02 22:50","QuorumPeerConfig.java","16248","101197","117445"
"2013-10-09 22:21","QuorumPeerConfig.java","22233","125747","147980"
"2014-08-01 07:38","QuorumPeerConfig.java","24033","142002","166035"
"2014-08-14 08:08","QuorumPeerConfig.java","24036","142426","166462"
"2009-04-24 20:26","QuorumPeerConfig.java","2169","12333","14502"
"2020-02-16 10:25","QuorumPeerConfig.java","104264","268781","373045"
"2020-05-14 18:18","QuorumPeerConfig.java","104265","272007","376272"
"2017-05-11 16:59","QuorumPeerConfig.java","27094","158636","185730"
"2019-04-09 15:35","ClientCnxnSocketNetty.java","703","2735","3438"
"2019-06-03 19:40","ClientCnxnSocketNetty.java","1785","8291","10076"
"2019-08-17 17:13","ClientCnxnSocketNetty.java","30226","51401","81627"
"2019-10-10 14:37","ClientCnxnSocketNetty.java","32314","57242","89556"
"2019-08-17 17:13","FollowerResyncConcurrencyTest.java","219580","256972","476552"
"2019-06-03 19:40","FollowerResyncConcurrencyTest.java","219580","242303","461883"
"2013-06-28 23:22","FollowerResyncConcurrencyTest.java","55362","42661","98023"
"2012-03-15 18:01","FollowerResyncConcurrencyTest.java","50555","23178","73733"
"2011-12-09 20:03","FollowerResyncConcurrencyTest.java","49370","19418","68788"
"2015-11-21 22:18","FollowerResyncConcurrencyTest.java","64456","78972","143428"
"2011-11-05 21:57","FollowerResyncConcurrencyTest.java","49348","18929","68277"
"2011-10-25 08:09","FollowerResyncConcurrencyTest.java","49128","17897","67025"
"2011-09-17 02:36","FollowerResyncConcurrencyTest.java","47270","17574","64844"
"2011-07-29 10:14","FollowerResyncConcurrencyTest.java","43888","11670","55558"
"2019-10-10 14:37","FollowerResyncConcurrencyTest.java","219580","260725","480305"
"2019-12-28 16:17","FollowerResyncConcurrencyTest.java","220653","266630","487283"
"2011-05-21 00:43","DataTreeTest.java","17546","29577","47123"
"2019-09-18 11:20","DataTreeTest.java","167976","259927","427903"
"2019-12-27 22:33","DataTreeTest.java","169023","266740","435763"
"2015-06-06 03:48","DataTreeTest.java","35694","99815","135509"
"2019-10-09 16:38","DataTreeTest.java","167976","260512","428488"
"2011-04-12 09:14","DataTreeTest.java","17408","27920","45328"
"2013-09-05 23:50","DataTreeTest.java","28134","66808","94942"
"2019-01-30 16:28","DataTreeTest.java","167919","234069","401988"
"2019-02-07 11:26","DataTreeTest.java","167920","235291","403211"
"2018-12-20 15:17","DataTreeTest.java","167918","230557","398475"
"2018-09-04 11:54","DataTreeTest.java","103054","184126","287180"
"2019-07-31 19:06","DataTreeTest.java","167976","256322","424298"
"2019-04-12 19:01","DataTreeTest.java","167977","238823","406800"
"2019-09-10 15:21","DataTreeTest.java","167976","258058","426034"
"2019-08-17 17:13","DataTreeTest.java","167976","257015","424991"
"2017-06-18 19:23","DataTreeTest.java","40420","110835","151255"
"2019-04-12 12:29","DataTreeTest.java","167977","238392","406369"
"2016-11-13 20:59","DataTreeTest.java","37962","109282","147244"
"2019-01-31 15:55","DeleteCommand.java","223774","232791","456565"
"2019-08-17 17:13","DeleteCommand.java","223892","255250","479142"
"2019-08-17 17:13","ClientCnxn.java","69297","70811","140108"
"2019-01-31 15:50","ClientCnxn.java","42284","21465","63749"
"2019-04-09 15:35","ClientCnxn.java","42842","25213","68055"
"2019-11-08 17:30","ClientCnxn.java","71357","78485","149842"
"2019-01-16 14:21","ClientCnxn.java","42059","19553","61612"
"2019-01-07 14:24","ClientCnxn.java","41967","18311","60278"
"2019-03-06 03:32","ClientCnxn.java","42573","23872","66445"
"2019-02-07 11:26","ClientCnxn.java","42347","22193","64540"
"2020-05-17 15:13","ClientCnxn.java","81764","97223","178987"
"2020-03-03 03:12","ClientCnxn.java","78051","91300","169351"
"2020-01-21 17:53","ClientCnxn.java","77734","87244","164978"
"2019-10-10 14:37","ClientCnxn.java","71270","76537","147807"
"2019-11-21 05:58","ClientCnxn.java","76200","80881","157081"
"2020-04-16 12:50","ClientCnxn.java","78694","93782","172476"
"2011-09-17 02:42","DatadirCleanupManagerTest.java","3553","1943","5496"
"2015-07-07 07:11","DatadirCleanupManagerTest.java","23418","64379","87797"
"2019-08-17 17:13","DatadirCleanupManagerTest.java","178752","256765","435517"
"2011-10-25 08:09","InstanceManager.java","23759","43859","67618"
"2011-04-12 09:14","InstanceManager.java","18646","28968","47614"
"2017-09-11 18:55","InstanceManager.java","41752","112291","154043"
"2015-02-06 06:17","InstanceManager.java","36587","96857","133444"
"2019-08-17 17:13","InstanceManager.java","168166","257015","425181"
"2014-02-12 17:00","LearnerHandler.java","28022","59743","87765"
"2014-03-23 04:12","LearnerHandler.java","28160","60268","88428"
"2019-10-10 14:37","LearnerHandler.java","182224","260739","442963"
"2015-06-05 20:38","LearnerHandler.java","35320","85119","120439"
"2015-06-05 20:51","LearnerHandler.java","35320","85146","120466"
"2015-06-12 23:02","LearnerHandler.java","35333","85257","120590"
"2011-04-12 09:14","LearnerHandler.java","16175","12410","28585"
"2013-09-26 14:05","LearnerHandler.java","27558","52588","80146"
"2019-07-03 20:54","LearnerHandler.java","182224","244980","427204"
"2011-09-14 08:56","LearnerHandler.java","17033","27198","44231"
"2011-08-30 08:37","LearnerHandler.java","16887","25843","42730"
"2011-09-17 02:36","LearnerHandler.java","19896","27501","47397"
"2012-04-23 01:20","LearnerHandler.java","25444","36344","61788"
"2013-06-28 23:22","LearnerHandler.java","27525","52125","79650"
"2018-09-18 01:00","LearnerHandler.java","116212","185574","301786"
"2010-11-04 17:01","LearnerHandler.java","2271","37543","39814"
"2012-02-06 09:40","LearnerHandler.java","22740","31314","54054"
"2013-05-14 14:27","LearnerHandler.java","27337","50200","77537"
"2018-08-03 18:52","LearnerHandler.java","58089","123875","181964"
"2011-01-22 20:38","LearnerHandler.java","3132","40502","43634"
"2018-12-09 03:16","LearnerHandler.java","182158","229578","411736"
"2019-04-12 19:01","LearnerHandler.java","182225","238794","421019"
"2013-03-07 07:01","LearnerHandler.java","27308","50046","77354"
"2017-11-28 00:10","LearnerHandler.java","41021","101387","142408"
"2019-06-29 00:33","LearnerHandler.java","182224","244973","427197"
"2013-05-11 15:35","LearnerHandler.java","27314","50100","77414"
"2019-07-25 21:41","LearnerHandler.java","182224","253469","435693"
"2019-08-23 19:43","LearnerHandler.java","182224","257652","439876"
"2019-08-17 17:13","LearnerHandler.java","182224","256986","439210"
"2017-06-26 00:16","LearnerHandler.java","40700","97023","137723"
"2017-08-03 20:28","LearnerHandler.java","40725","96696","137421"
"2012-07-29 07:02","LearnerHandler.java","25485","37788","63273"
"2019-05-06 17:48","LearnerHandler.java","182225","241300","423525"
"2019-08-03 08:42","LearnerHandler.java","182224","257694","439918"
"2019-04-22 19:15","LearnerHandler.java","182225","239769","421994"
"2011-06-14 07:14","LearnerHandler.java","16449","14634","31083"
"2019-08-17 17:13","LearnerHandlerTest.java","29685","44894","74579"
"2019-07-03 20:54","LearnerHandlerTest.java","3995","7198","11193"
"2019-10-10 14:37","Login.java","175379","260412","435791"
"2015-12-09 05:05","Login.java","18180","64286","82466"
"2011-10-25 08:09","Login.java","276","245","521"
"2019-11-11 13:59","Login.java","175407","264097","439504"
"2015-11-21 22:18","Login.java","18124","63840","81964"
"2015-02-06 06:17","Login.java","16377","56516","72893"
"2017-11-28 00:10","Login.java","26277","80542","106819"
"2016-05-02 18:15","Login.java","20952","66932","87884"
"2019-08-17 17:13","Login.java","175379","256659","432038"
"2012-09-28 18:32","Login.java","5012","12145","17157"
"2019-08-03 08:42","Login.java","175379","257367","432746"
"2019-08-17 17:13","OOMTest.java","224314","255186","479500"
"2019-09-18 11:20","OOMTest.java","224315","258099","482414"
"2016-08-05 23:05","MalformedCommandException.java","237","182","419"
"2019-08-17 17:13","MalformedCommandException.java","221853","255887","477740"
"2019-07-29 17:15","JMap.java","129922","255100","385022"
"2010-01-25 04:28","JMap.java","8308","36781","45089"
"2010-05-03 23:49","JMap.java","15900","54039","69939"
"2019-06-03 19:40","FollowerZooKeeperServer.java","9130","21803","30933"
"2019-08-17 17:13","FollowerZooKeeperServer.java","36481","63823","100304"
"2019-05-03 00:44","FollowerZooKeeperServer.java","8632","19971","28603"
"2019-06-04 10:55","FollowerZooKeeperServer.java","9265","22091","31356"
"2019-11-28 12:24","FollowerZooKeeperServer.java","43623","75871","119494"
"2019-12-27 22:33","FollowerZooKeeperServer.java","43998","80018","124016"
"2019-08-17 17:13","DatadirCleanupManager.java","223776","255265","479041"
"2019-10-10 14:37","DatadirCleanupManager.java","223776","259018","482794"
"2019-07-29 17:15","OutputArchive.java","231576","252447","484023"
"2020-03-26 18:41","ZooKeeperMain.java","221617","270257","491874"
"2016-10-16 14:21","ZooKeeperMain.java","5206","8572","13778"
"2020-04-01 17:02","ZooKeeperMain.java","221617","270581","492198"
"2019-10-10 14:37","ZooKeeperMain.java","220066","259671","479737"
"2015-11-22 00:33","ZooKeeperMain.java","135","428","563"
"2020-03-26 22:19","ZooKeeperMain.java","221617","270326","491943"
"2016-07-27 01:33","ZooKeeperMain.java","4274","6092","10366"
"2019-11-28 12:24","ZooKeeperMain.java","221615","262373","483988"
"2016-11-13 20:59","ZooKeeperMain.java","5453","11024","16477"
"2019-08-03 08:42","ZooKeeperMain.java","220066","256626","476692"
"2017-07-28 00:36","ZooKeeperMain.java","12601","17018","29619"
"2016-05-02 18:15","ZooKeeperMain.java","3562","4114","7676"
"2019-08-17 17:13","ZooKeeperMain.java","220066","255918","475984"
"2018-08-06 14:11","ZooKeeperMain.java","34289","48652","82941"
"2019-08-17 17:13","GetProposalFromTxnTest.java","193596","256377","449973"
"2016-08-24 01:36","GetProposalFromTxnTest.java","17713","46627","64340"
"2019-12-27 22:33","GetProposalFromTxnTest.java","194942","266401","461343"
"2014-01-09 23:56","GetProposalFromTxnTest.java","1234","6440","7674"
"2015-03-17 18:06","NIOServerCnxnFactory.java","12233","36957","49190"
"2019-07-03 00:44","NIOServerCnxnFactory.java","191763","244419","436182"
"2019-08-17 17:13","NIOServerCnxnFactory.java","191763","256406","448169"
"2019-08-03 08:42","NIOServerCnxnFactory.java","191763","257114","448877"
"2019-04-22 19:15","NIOServerCnxnFactory.java","191747","239172","430919"
"2014-09-28 19:15","NIOServerCnxnFactory.java","11695","33044","44739"
"2018-11-23 11:51","NIOServerCnxnFactory.java","191663","225079","416742"
"2019-02-13 13:12","NIOServerCnxnFactory.java","191684","235273","426957"
"2014-07-18 02:19","NIOServerCnxnFactory.java","10951","29702","40653"
"2018-10-24 04:03","NIOServerCnxnFactory.java","172303","235244","407547"
"2019-04-12 19:01","NIOServerCnxnFactory.java","191747","238197","429944"
"2018-06-15 08:02","NIOServerCnxnFactory.java","25134","66221","91355"
"2016-06-23 23:45","NIOServerCnxnFactory.java","17504","47817","65321"
"2014-03-23 04:12","NIOServerCnxnFactory.java","2219","11589","13808"
"2019-10-10 14:37","NIOServerCnxnFactory.java","191763","260159","451922"
"2019-11-14 03:54","NIOServerCnxnFactory.java","191791","264443","456234"
"2014-02-12 17:00","LearnerHandler.java","11325","35441","46766"
"2014-03-23 04:12","LearnerHandler.java","11500","36003","47503"
"2019-10-10 14:37","LearnerHandler.java","176966","260495","437461"
"2015-06-05 20:38","LearnerHandler.java","19204","61398","80602"
"2015-06-05 20:51","LearnerHandler.java","19204","61425","80629"
"2015-06-12 23:02","LearnerHandler.java","19219","61538","80757"
"2013-09-26 14:05","LearnerHandler.java","10679","28104","38783"
"2019-07-03 20:54","LearnerHandler.java","176966","244736","421702"
"2012-04-23 01:20","LearnerHandler.java","7280","10575","17855"
"2013-06-28 23:22","LearnerHandler.java","10613","27608","38221"
"2018-09-18 01:00","LearnerHandler.java","111478","173235","284713"
"2012-02-06 09:40","LearnerHandler.java","4365","5334","9699"
"2013-05-14 14:27","LearnerHandler.java","10266","25524","35790"
"2018-08-03 18:52","LearnerHandler.java","47233","105414","152647"
"2018-12-09 03:16","LearnerHandler.java","176905","229339","406244"
"2019-04-12 19:01","LearnerHandler.java","176967","238550","415517"
"2013-03-07 07:01","LearnerHandler.java","10233","25366","35599"
"2017-11-28 00:10","LearnerHandler.java","28724","81485","110209"
"2019-06-29 00:33","LearnerHandler.java","176966","244729","421695"
"2013-05-11 15:35","LearnerHandler.java","10243","25424","35667"
"2019-07-25 21:41","LearnerHandler.java","176966","253225","430191"
"2019-08-23 19:43","LearnerHandler.java","176966","257408","434374"
"2019-08-17 17:13","LearnerHandler.java","176966","256742","433708"
"2017-06-26 00:16","LearnerHandler.java","27562","76280","103842"
"2017-08-03 20:28","LearnerHandler.java","28217","76583","104800"
"2012-07-29 07:02","LearnerHandler.java","7379","12077","19456"
"2019-05-06 17:48","LearnerHandler.java","176967","241056","418023"
"2019-08-03 08:42","LearnerHandler.java","176966","257450","434416"
"2019-04-22 19:15","LearnerHandler.java","176967","239525","416492"
"2018-10-04 15:46","ZooKeeperTest.java","108172","125262","233434"
"2019-03-12 19:08","ZooKeeperTest.java","223245","235854","459099"
"2017-04-29 20:17","ZooKeeperTest.java","4910","6808","11718"
"2017-05-30 19:43","ZooKeeperTest.java","5834","6962","12796"
"2019-05-23 18:42","ZooKeeperTest.java","223323","241038","464361"
"2019-08-17 17:13","ZooKeeperTest.java","223341","255827","479168"
"2019-06-06 00:01","ZooKeeperTest.java","223340","241963","465303"
"2019-08-17 17:13","Leader.java","156211","174230","330441"
"2019-06-29 00:33","Leader.java","155540","161546","317086"
"2019-06-03 19:40","Leader.java","154307","157657","311964"
"2019-07-15 14:15","Leader.java","155541","168979","324520"
"2019-07-25 21:41","Leader.java","155543","170045","325588"
"2019-06-05 00:33","Leader.java","154307","158047","312354"
"2019-08-03 08:42","Leader.java","156190","174917","331107"
"2019-06-05 23:57","Leader.java","154307","158316","312623"
"2019-01-07 14:55","Leader.java","153914","146824","300738"
"2019-04-12 19:01","Leader.java","154260","154086","308346"
"2018-12-09 03:16","Leader.java","147635","138312","285947"
"2019-11-29 14:49","Leader.java","159392","183968","343360"
"2018-11-27 10:02","Leader.java","147635","135988","283623"
"2020-03-25 03:38","Leader.java","159546","190350","349896"
"2019-12-27 22:33","Leader.java","159405","186102","345507"
"2019-10-10 14:37","Leader.java","157213","178985","336198"
"2019-02-06 09:46","ZooKeeper.java","224167","232820","456987"
"2019-01-16 14:21","ZooKeeper.java","224166","231096","455262"
"2019-11-08 17:30","ZooKeeper.java","224332","260896","485228"
"2019-02-07 11:26","ZooKeeper.java","224167","233449","457616"
"2019-08-17 17:13","ZooKeeper.java","224284","255234","479518"
"2019-06-26 10:57","ZooKeeper.java","224283","243083","467366"
"2019-06-03 19:40","ZooKeeper.java","224283","240564","464847"
"2018-05-09 23:57","ZooKeeper.java","1702","8341","10043"
"2019-08-03 08:42","ZooKeeper.java","224284","255942","480226"
"2020-04-16 12:50","ZooKeeper.java","225988","270512","496500"
"2018-07-27 05:16","ZooKeeper.java","22902","31559","54461"
"2019-10-10 14:37","ZooKeeper.java","224284","258987","483271"
"2019-02-11 12:34","ZooKeeper.java","224167","233812","457979"
"2020-05-17 15:13","ZooKeeper.java","226020","270915","496935"
"2019-03-12 19:08","ZooKeeper.java","224188","235261","459449"
"2018-09-11 15:23","ServerConfig.java","112345","132990","245335"
"2019-04-12 19:01","ServerConfig.java","216147","237873","454020"
"2019-02-13 13:12","ServerConfig.java","216074","234939","451013"
"2017-07-28 00:36","ServerConfig.java","14715","23199","37914"
"2019-05-15 11:56","ServerConfig.java","216147","240820","456967"
"2019-08-17 17:13","ServerConfig.java","216164","256083","472247"
"2016-12-22 04:10","ServerConfig.java","8679","19559","28238"
"2019-04-18 19:17","ServerConfig.java","216147","238583","454730"
"2013-09-18 12:58","ClientCnxn.java","16916","154688","171604"
"2015-01-31 08:05","ClientCnxn.java","18458","177536","195994"
"2016-05-02 18:15","ClientCnxn.java","18568","183682","202250"
"2014-01-24 07:18","ClientCnxn.java","16943","161447","178390"
"2009-07-17 00:09","ClientCnxn.java","9494","94241","103735"
"2009-05-20 20:48","ClientCnxn.java","8864","81266","90130"
"2019-08-17 17:13","ClientCnxn.java","57679","257842","315521"
"2009-06-25 22:41","ClientCnxn.java","9441","93060","102501"
"2015-05-10 00:27","ClientCnxn.java","18485","180102","198587"
"2009-01-16 00:48","ClientCnxn.java","7455","40033","47488"
"2008-12-22 23:23","ClientCnxn.java","4083","37544","41627"
"2009-01-28 01:15","ClientCnxn.java","7478","40206","47684"
"2017-12-19 19:27","ClientCnxn.java","18976","192419","211395"
"2019-01-31 15:50","ClientCnxn.java","57663","235493","293156"
"2012-08-02 00:24","ClientCnxn.java","16029","141376","157405"
"2019-04-09 15:35","ClientCnxn.java","57663","238683","296346"
"2013-02-03 15:52","ClientCnxn.java","16633","148341","164974"
"2014-12-20 15:29","ClientCnxn.java","18460","177527","195987"
"2008-09-04 19:02","ClientCnxn.java","396","851","1247"
"2008-10-03 15:06","ClientCnxn.java","2651","17851","20502"
"2008-09-24 23:05","ClientCnxn.java","710","2707","3417"
"2008-10-01 04:47","ClientCnxn.java","1230","15277","16507"
"2012-03-15 18:01","ClientCnxn.java","15883","138840","154723"
"2019-11-08 17:30","ClientCnxn.java","57679","263456","321135"
"2017-06-08 17:59","ClientCnxn.java","18947","188100","207047"
"2012-09-09 20:24","ClientCnxn.java","16036","142122","158158"
"2019-01-16 14:21","ClientCnxn.java","57663","233806","291469"
"2019-01-07 14:24","ClientCnxn.java","57663","232656","290319"
"2008-11-19 11:20","ClientCnxn.java","3549","35600","39149"
"2009-06-25 00:59","ClientCnxn.java","9437","92965","102402"
"2019-03-06 03:32","ClientCnxn.java","57663","237611","295274"
"2010-11-11 18:11","ClientCnxn.java","12443","174073","186516"
"2010-11-10 23:36","ClientCnxn.java","12405","174039","186444"
"2011-09-14 07:43","ClientCnxn.java","13135","135977","149112"
"2011-08-19 00:05","ClientCnxn.java","13081","133703","146784"
"2015-02-06 06:17","ClientCnxn.java","18469","177742","196211"
"2019-02-07 11:26","ClientCnxn.java","57663","236158","293821"
"2018-11-05 19:40","ClientCnxn.java","54030","252930","306960"
"2008-09-05 22:30","ClientCnxn.java","500","1805","2305"
"2011-04-12 09:14","ClientCnxn.java","12711","134347","147058"
"2010-10-06 18:14","ClientCnxn.java","12153","171069","183222"
"2010-11-30 21:16","ClientCnxn.java","12514","174515","187029"
"2020-05-17 15:13","ClientCnxn.java","58001","272109","330110"
"2018-06-25 12:30","ClientCnxn.java","19024","195993","215017"
"2012-12-19 19:16","ClientCnxn.java","16632","147847","164479"
"2020-03-03 03:12","ClientCnxn.java","58000","269898","327898"
"2018-09-10 11:44","ClientCnxn.java","44479","224633","269112"
"2008-10-22 01:49","ClientCnxn.java","2782","29721","32503"
"2011-09-28 22:17","ClientCnxn.java","15637","136532","152169"
"2015-06-13 02:42","ClientCnxn.java","18507","181586","200093"
"2010-10-21 02:44","ClientCnxn.java","12179","172746","184925"
"2010-08-05 09:09","ClientCnxn.java","11859","137314","149173"
"2011-05-20 01:17","ClientCnxn.java","12741","135196","147937"
"2014-03-23 04:12","ClientCnxn.java","17023","162164","179187"
"2015-11-09 00:05","ClientCnxn.java","18519","183090","201609"
"2015-12-06 19:58","ClientCnxn.java","18519","183395","201914"
"2020-01-21 17:53","ClientCnxn.java","58000","266159","324159"
"2015-12-05 22:43","ClientCnxn.java","18519","183392","201911"
"2015-12-05 22:32","ClientCnxn.java","18519","183387","201906"
"2010-03-04 02:28","ClientCnxn.java","11325","115451","126776"
"2010-01-25 04:28","ClientCnxn.java","11259","112317","123576"
"2019-10-10 14:37","ClientCnxn.java","57679","261595","319274"
"2014-04-01 04:03","ClientCnxn.java","17092","163076","180168"
"2013-09-18 15:14","ClientCnxn.java","16916","154706","171622"
"2013-09-18 04:08","ClientCnxn.java","16916","154602","171518"
"2019-11-21 05:58","ClientCnxn.java","58000","261330","319330"
"2020-04-16 12:50","ClientCnxn.java","58000","271737","329737"
"2018-07-27 05:16","ClientCnxn.java","19715","197836","217551"
"2010-01-26 03:22","ClientCnxn.java","11303","112909","124212"
"2009-10-31 00:09","ClientCnxn.java","10562","99704","110266"
"2009-11-07 01:48","ClientCnxn.java","10705","100252","110957"
"2010-01-05 18:32","ClientCnxn.java","11050","109242","120292"
"2018-11-17 18:33","ServerCnxn.java","185337","174537","359874"
"2019-01-14 19:38","ServerCnxn.java","191599","188016","379615"
"2019-04-12 19:01","ServerCnxn.java","191754","194686","386440"
"2018-09-18 01:00","ServerCnxn.java","41103","44209","85312"
"2019-07-08 23:26","ServerCnxn.java","191802","201703","393505"
"2019-08-17 17:13","ServerCnxn.java","191803","212928","404731"
"2019-07-03 00:44","ServerCnxn.java","191802","200940","392742"
"2019-11-18 09:05","ServerCnxn.java","193749","218018","411767"
"2020-02-26 22:41","ServerCnxn.java","193802","225581","419383"
"2018-09-28 23:38","ServerCnxn.java","41806","47486","89292"
"2019-11-11 13:59","ServerCnxn.java","191852","220387","412239"
"2013-09-18 12:58","ClientCnxn.java","17100","153567","170667"
"2015-01-31 08:05","ClientCnxn.java","18640","176413","195053"
"2016-05-02 18:15","ClientCnxn.java","18752","182561","201313"
"2014-01-24 07:18","ClientCnxn.java","17120","160319","177439"
"2009-07-17 00:09","ClientCnxn.java","9307","92749","102056"
"2009-05-20 20:48","ClientCnxn.java","8654","79751","88405"
"2019-08-17 17:13","ClientCnxn.java","58984","257842","316826"
"2009-06-25 22:41","ClientCnxn.java","9241","91555","100796"
"2015-05-10 00:27","ClientCnxn.java","18669","178981","197650"
"2009-01-16 00:48","ClientCnxn.java","7226","38499","45725"
"2008-12-22 23:23","ClientCnxn.java","3824","35980","39804"
"2009-01-28 01:15","ClientCnxn.java","7254","38677","45931"
"2017-12-19 19:27","ClientCnxn.java","19235","191373","210608"
"2019-01-31 15:50","ClientCnxn.java","58968","235493","294461"
"2012-08-02 00:24","ClientCnxn.java","16201","140243","156444"
"2019-04-09 15:35","ClientCnxn.java","58968","238683","297651"
"2013-02-03 15:52","ClientCnxn.java","16815","147218","164033"
"2014-12-20 15:29","ClientCnxn.java","18642","176404","195046"
"2008-10-03 15:06","ClientCnxn.java","2295","16190","18485"
"2008-09-24 23:05","ClientCnxn.java","253","945","1198"
"2008-10-01 04:47","ClientCnxn.java","813","13555","14368"
"2012-03-15 18:01","ClientCnxn.java","16053","137705","153758"
"2019-11-08 17:30","ClientCnxn.java","58984","263456","322440"
"2017-06-08 17:59","ClientCnxn.java","19205","187053","206258"
"2012-09-09 20:24","ClientCnxn.java","16206","140987","157193"
"2019-01-16 14:21","ClientCnxn.java","58968","233806","292774"
"2019-01-07 14:24","ClientCnxn.java","58968","232656","291624"
"2008-11-19 11:20","ClientCnxn.java","3237","33983","37220"
"2009-06-25 00:59","ClientCnxn.java","9237","91460","100697"
"2019-03-06 03:32","ClientCnxn.java","58968","237611","296579"
"2010-11-11 18:11","ClientCnxn.java","12579","172904","185483"
"2010-11-10 23:36","ClientCnxn.java","12541","172870","185411"
"2011-09-14 07:43","ClientCnxn.java","13294","134831","148125"
"2011-08-19 00:05","ClientCnxn.java","13238","132555","145793"
"2015-02-06 06:17","ClientCnxn.java","18651","176619","195270"
"2019-02-07 11:26","ClientCnxn.java","58968","236158","295126"
"2018-11-05 19:40","ClientCnxn.java","55335","252930","308265"
"2011-04-12 09:14","ClientCnxn.java","12860","133191","146051"
"2010-10-06 18:14","ClientCnxn.java","12264","169875","182139"
"2010-11-30 21:16","ClientCnxn.java","12652","173348","186000"
"2020-05-17 15:13","ClientCnxn.java","59306","272109","331415"
"2018-06-25 12:30","ClientCnxn.java","19282","194946","214228"
"2012-12-19 19:16","ClientCnxn.java","16808","146718","163526"
"2020-03-03 03:12","ClientCnxn.java","59305","269898","329203"
"2018-09-10 11:44","ClientCnxn.java","44747","223596","268343"
"2008-10-22 01:49","ClientCnxn.java","2458","28092","30550"
"2011-09-28 22:17","ClientCnxn.java","15801","135391","151192"
"2015-06-13 02:42","ClientCnxn.java","18693","180467","199160"
"2010-10-21 02:44","ClientCnxn.java","12290","171552","183842"
"2010-08-05 09:09","ClientCnxn.java","11961","136111","148072"
"2011-05-20 01:17","ClientCnxn.java","12894","134044","146938"
"2014-03-23 04:12","ClientCnxn.java","17199","161035","178234"
"2015-11-09 00:05","ClientCnxn.java","18703","181969","200672"
"2015-12-06 19:58","ClientCnxn.java","18703","182274","200977"
"2020-01-21 17:53","ClientCnxn.java","59305","266159","325464"
"2015-12-05 22:43","ClientCnxn.java","18703","182271","200974"
"2015-12-05 22:32","ClientCnxn.java","18703","182266","200969"
"2010-03-04 02:28","ClientCnxn.java","11343","114164","125507"
"2010-01-25 04:28","ClientCnxn.java","11277","111030","122307"
"2019-10-10 14:37","ClientCnxn.java","58984","261595","320579"
"2014-04-01 04:03","ClientCnxn.java","17268","161947","179215"
"2013-09-18 15:14","ClientCnxn.java","17100","153585","170685"
"2013-09-18 04:08","ClientCnxn.java","17100","153481","170581"
"2019-11-21 05:58","ClientCnxn.java","59305","261330","320635"
"2020-04-16 12:50","ClientCnxn.java","59305","271737","331042"
"2018-07-27 05:16","ClientCnxn.java","19973","196789","216762"
"2010-01-26 03:22","ClientCnxn.java","11321","111622","122943"
"2009-10-31 00:09","ClientCnxn.java","10533","98370","108903"
"2009-11-07 01:48","ClientCnxn.java","10696","98938","109634"
"2010-01-05 18:32","ClientCnxn.java","11067","107954","119021"
"2019-08-17 17:13","QuorumX509Util.java","109882","111485","221367"
"2019-08-17 17:13","X509TestHelpers.java","25828","29979","55807"
"2016-08-13 15:01","ReadOnlyZooKeeperServer.java","24382","80619","105001"
"2015-03-08 23:07","ReadOnlyZooKeeperServer.java","20949","69854","90803"
"2011-08-30 08:37","ReadOnlyZooKeeperServer.java","1665","13112","14777"
"2013-10-09 22:21","ReadOnlyZooKeeperServer.java","13496","43920","57416"
"2014-07-18 02:19","ReadOnlyZooKeeperServer.java","20560","64540","85100"
"2019-11-29 14:49","ReadOnlyZooKeeperServer.java","180820","264561","445381"
"2015-03-17 18:06","ReadOnlyZooKeeperServer.java","21044","70997","92041"
"2019-08-17 17:13","ReadOnlyZooKeeperServer.java","179726","256910","436636"
"2019-08-17 17:13","SaslAuthMissingClientConfigTest.java","177824","256650","434474"
"2016-05-02 18:15","SaslAuthMissingClientConfigTest.java","20097","63623","83720"
"2019-10-10 14:37","SaslAuthMissingClientConfigTest.java","177824","260403","438227"
"2016-07-27 01:33","ZooKeeperTest.java","37619","104798","142417"
"2015-11-08 22:54","ZooKeeperTest.java","35923","101284","137207"
"2011-05-16 19:39","ZooKeeperTest.java","17512","28027","45539"
"2011-08-18 22:05","ZooKeeperTest.java","17729","37000","54729"
"2011-08-14 18:40","ZooKeeperTest.java","17711","36749","54460"
"2011-10-27 18:11","ZooKeeperTest.java","22634","42741","65375"
"2016-09-08 22:52","ZooKeeperTest.java","38001","105568","143569"
"2018-10-04 15:46","ZooKeeperTest.java","103383","189200","292583"
"2016-10-16 14:21","ZooKeeperTest.java","38035","106762","144797"
"2019-03-12 19:08","ZooKeeperTest.java","168319","237093","405412"
"2017-04-29 20:17","ZooKeeperTest.java","39764","110389","150153"
"2014-03-29 04:33","ZooKeeperTest.java","28985","75440","104425"
"2017-05-30 19:43","ZooKeeperTest.java","40510","110365","150875"
"2011-12-28 00:53","ZooKeeperTest.java","23511","45121","68632"
"2012-03-17 01:39","ZooKeeperTest.java","23932","47888","71820"
"2013-09-02 23:04","ZooKeeperTest.java","28214","66439","94653"
"2019-05-23 18:42","ZooKeeperTest.java","168362","242242","410604"
"2019-08-17 17:13","ZooKeeperTest.java","168361","257012","425373"
"2016-08-10 19:32","ZooKeeperTest.java","37837","104971","142808"
"2019-06-06 00:01","ZooKeeperTest.java","168361","243149","411510"
"2020-01-20 08:39","ZKClientConfigTest.java","11472","19372","30844"
"2017-09-11 18:55","QuorumBase.java","36188","119949","156137"
"2012-04-23 01:20","QuorumBase.java","27414","65566","92980"
"2019-07-12 17:01","QuorumBase.java","154189","252500","406689"
"2012-12-11 08:42","QuorumBase.java","28200","71531","99731"
"2019-08-17 17:13","QuorumBase.java","154189","257187","411376"
"2019-08-01 07:31","QuorumBase.java","154189","257858","412047"
"2018-08-08 06:21","QuorumBase.java","75236","168744","243980"
"2009-12-15 23:23","QuorumBase.java","974","1552","2526"
"2009-11-20 23:28","QuorumBase.java","557","836","1393"
"2019-10-10 14:37","QuorumBase.java","154189","260940","415129"
"2010-03-13 01:06","QuorumBase.java","10863","24575","35438"
"2020-03-25 03:38","QuorumBase.java","155128","270911","426039"
"2014-07-18 19:46","QuorumBase.java","31684","100652","132336"
"2010-07-23 06:22","QuorumBase.java","15340","42866","58206"
"2011-05-20 01:17","QuorumBase.java","21733","47023","68756"
"2010-05-05 22:32","QuorumBase.java","14970","28701","43671"
"2010-08-18 08:24","QuorumBase.java","16458","49884","66342"
"2013-10-09 22:21","QuorumBase.java","29558","84743","114301"
"2010-03-31 06:26","QuorumBase.java","12524","26483","39007"
"2014-06-25 19:25","QuorumBase.java","31238","95210","126448"
"2011-04-12 09:14","QuorumBase.java","21670","46141","67811"
"2019-05-23 18:42","ZooKeeperTest.java","1225","6331","7556"
"2019-08-17 17:13","ZooKeeperTest.java","30048","49925","79973"
"2019-06-06 00:01","ZooKeeperTest.java","1645","7659","9304"
"2020-03-19 17:09","Learner.java","198630","269704","468334"
"2020-02-03 04:30","Learner.java","198630","268199","466829"
"2020-01-23 13:43","Learner.java","198630","267642","466272"
"2017-07-04 07:39","Learner.java","21881","50141","72022"
"2020-03-25 03:38","Learner.java","198630","270500","469130"
"2015-03-15 08:54","Learner.java","10813","29043","39856"
"2019-11-28 12:24","Learner.java","198630","262621","461251"
"2019-12-27 22:33","Learner.java","198630","266393","465023"
"2020-01-25 18:48","Learner.java","198630","267832","466462"
"2020-05-03 19:43","Learner.java","198630","271436","470066"
"2016-08-13 15:01","Learner.java","16767","42217","58984"
"2019-10-10 14:37","Learner.java","197281","260119","457400"
"2015-01-25 01:22","Learner.java","10608","28347","38955"
"2019-06-03 19:40","Learner.java","197281","241697","438978"
"2015-03-17 18:06","Learner.java","10942","30108","41050"
"2019-07-15 14:15","Learner.java","197281","251785","449066"
"2019-08-23 19:43","Learner.java","197281","257032","454313"
"2016-09-08 22:59","Learner.java","17069","42767","59836"
"2019-08-17 17:13","Learner.java","197281","256366","453647"
"2017-11-28 00:10","Learner.java","23545","55615","79160"
"2014-03-12 23:57","Learner.java","654","4178","4832"
"2018-05-09 00:54","Learner.java","24161","58359","82520"
"2019-04-09 15:35","Learner.java","197202","237144","434346"
"2019-07-12 17:01","Learner.java","197281","251679","448960"
"2017-07-06 18:48","Learner.java","21889","50421","72310"
"2017-08-18 06:32","Learner.java","22990","51025","74015"
"2019-07-02 07:34","Learner.java","197281","244309","441590"
"2018-10-16 16:22","Learner.java","177786","235268","413054"
"2014-07-18 02:19","Learner.java","9585","22778","32363"
"2017-02-12 00:12","Learner.java","20629","48225","68854"
"2018-12-09 03:16","Learner.java","197181","228924","426105"
"2019-11-29 14:49","Learner.java","198630","264272","462902"
"2018-11-27 10:02","Learner.java","197181","226600","423781"
"2018-08-06 14:11","Learner.java","42840","80436","123276"
"2019-08-17 17:13","DirsCommand.java","219061","255966","475027"
"2016-12-22 23:23","DirsCommand.java","6346","14218","20564"
"2015-07-07 07:11","BaseSysTest.java","5232","20792","26024"
"2015-08-23 19:12","BaseSysTest.java","5248","21350","26598"
"2018-12-20 07:24","BaseSysTest.java","203434","229546","432980"
"2020-03-26 22:20","BaseSysTest.java","204982","270634","475616"
"2017-09-11 18:55","BaseSysTest.java","16491","38231","54722"
"2019-07-12 17:01","BaseSysTest.java","203543","251468","455011"
"2014-08-14 09:32","BaseSysTest.java","2316","10374","12690"
"2014-03-25 22:13","QuorumPeerMainTest.java","29220","90873","120093"
"2011-09-03 01:07","QuorumPeerMainTest.java","20295","59184","79479"
"2018-05-10 00:14","QuorumPeerMainTest.java","35824","128255","164079"
"2018-10-05 14:25","QuorumPeerMainTest.java","123839","225944","349783"
"2018-07-17 10:41","QuorumPeerMainTest.java","52140","146218","198358"
"2018-07-27 12:32","QuorumPeerMainTest.java","52175","146764","198939"
"2013-10-09 22:21","QuorumPeerMainTest.java","28968","86210","115178"
"2010-03-31 06:26","QuorumPeerMainTest.java","12114","28419","40533"
"2011-09-17 02:13","QuorumPeerMainTest.java","23011","59953","82964"
"2010-05-21 18:22","QuorumPeerMainTest.java","14737","31982","46719"
"2015-11-03 08:11","QuorumPeerMainTest.java","31651","112221","143872"
"2020-01-23 13:43","QuorumPeerMainTest.java","152782","268053","420835"
"2011-06-14 14:11","QuorumPeerMainTest.java","21329","50123","71452"
"2010-03-04 23:55","QuorumPeerMainTest.java","10352","19724","30076"
"2019-10-10 14:37","QuorumPeerMainTest.java","151843","260940","412783"
"2019-12-28 16:17","QuorumPeerMainTest.java","152782","266711","419493"
"2017-12-16 01:25","QuorumPeerMainTest.java","35654","125373","161027"
"2018-01-19 00:52","QuorumPeerMainTest.java","35686","125518","161204"
"2018-04-30 06:34","QuorumPeerMainTest.java","35823","127623","163446"
"2019-07-25 21:41","QuorumPeerMainTest.java","151843","253670","405513"
"2019-08-17 17:13","QuorumPeerMainTest.java","151843","257187","409030"
"2018-02-23 23:49","QuorumPeerMainTest.java","35727","126601","162328"
"2011-06-14 07:14","QuorumPeerMainTest.java","21331","50098","71429"
"2012-04-23 01:20","QuorumPeerMainTest.java","26882","67091","93973"
"2014-01-09 20:21","QuorumPeerMainTest.java","29030","88118","117148"
"2019-07-02 07:34","QuorumPeerMainTest.java","151843","245130","396973"
"2019-05-20 17:18","QuorumPeerMainTest.java","151843","241978","393821"
"2018-10-16 16:22","QuorumPeerMainTest.java","123841","238928","362769"
"2015-02-06 06:17","QuorumPeerMainTest.java","31293","106842","138135"
"2018-08-29 06:26","QuorumPeerMainTest.java","89317","185418","274735"
"2018-08-03 18:52","QuorumPeerMainTest.java","52178","147273","199451"
"2018-09-11 15:23","QuorumPeerMainTest.java","93734","191150","284884"
"2019-02-06 09:46","ZooKeeper.java","224308","232836","457144"
"2019-01-16 14:21","ZooKeeper.java","224307","231112","455419"
"2019-11-08 17:30","ZooKeeper.java","224473","260912","485385"
"2019-02-07 11:26","ZooKeeper.java","224308","233465","457773"
"2019-08-17 17:13","ZooKeeper.java","224425","255250","479675"
"2019-06-26 10:57","ZooKeeper.java","224424","243099","467523"
"2019-06-03 19:40","ZooKeeper.java","224424","240580","465004"
"2018-05-09 23:57","ZooKeeper.java","3337","9851","13188"
"2019-08-03 08:42","ZooKeeper.java","224425","255958","480383"
"2017-07-28 00:36","ZooKeeper.java","1557","947","2504"
"2017-08-18 23:35","ZooKeeper.java","1666","1541","3207"
"2020-04-16 12:50","ZooKeeper.java","226113","270512","496625"
"2018-07-27 05:16","ZooKeeper.java","24419","32951","57370"
"2019-10-10 14:37","ZooKeeper.java","224425","259003","483428"
"2019-02-11 12:34","ZooKeeper.java","224308","233828","458136"
"2020-05-17 15:13","ZooKeeper.java","226145","270915","497060"
"2019-03-12 19:08","ZooKeeper.java","224329","235277","459606"
"2011-04-12 09:14","AsyncHammerTest.java","21283","53298","74581"
"2010-03-31 06:26","AsyncHammerTest.java","12494","33997","46491"
"2010-05-05 22:32","AsyncHammerTest.java","14928","36203","51131"
"2019-10-10 14:37","AsyncHammerTest.java","146645","260940","407585"
"2009-11-18 20:06","AsyncHammerTest.java","1030","8574","9604"
"2019-08-17 17:13","AsyncHammerTest.java","146645","257187","403832"
"2017-05-01 17:19","AsyncHammerTest.java","34901","126203","161104"
"2019-08-17 17:13","BitMapTest.java","158773","174218","332991"
"2019-07-03 00:44","NIOServerCnxnFactory.java","47072","36787","83859"
"2019-08-17 17:13","NIOServerCnxnFactory.java","69335","71037","140372"
"2019-08-03 08:42","NIOServerCnxnFactory.java","49953","52363","102316"
"2019-04-22 19:15","NIOServerCnxnFactory.java","43231","27715","70946"
"2018-11-23 11:51","NIOServerCnxnFactory.java","34042","4517","38559"
"2019-02-13 13:12","NIOServerCnxnFactory.java","42620","23268","65888"
"2019-04-12 19:01","NIOServerCnxnFactory.java","43209","26718","69927"
"2019-10-10 14:37","NIOServerCnxnFactory.java","71311","76766","148077"
"2019-11-14 03:54","NIOServerCnxnFactory.java","71499","81210","152709"
"2019-08-17 17:13","CreateContainerTest.java","230611","254922","485533"
"2019-12-28 16:17","CreateContainerTest.java","232474","265370","497844"
"2019-11-25 15:37","CreateContainerTest.java","232473","261592","494065"
"2018-11-17 18:33","ServerCnxn.java","227921","223011","450932"
"2019-01-14 19:38","ServerCnxn.java","227924","230231","458155"
"2019-04-12 19:01","ServerCnxn.java","228027","236849","464876"
"2018-09-18 01:00","ServerCnxn.java","101260","110256","211516"
"2019-07-08 23:26","ServerCnxn.java","228063","243854","471917"
"2019-08-17 17:13","ServerCnxn.java","228064","255079","483143"
"2019-07-03 00:44","ServerCnxn.java","228063","243091","471154"
"2018-07-12 01:33","ServerCnxn.java","11899","15821","27720"
"2018-08-08 06:21","ServerCnxn.java","70231","76121","146352"
"2019-11-18 09:05","ServerCnxn.java","229834","259993","489827"
"2020-02-26 22:41","ServerCnxn.java","229836","267505","497341"
"2018-09-28 23:38","ServerCnxn.java","101961","113531","215492"
"2019-11-11 13:59","ServerCnxn.java","228113","262538","490651"
"2015-10-18 19:00","QuorumPeer.java","2566","5264","7830"
"2018-12-20 15:13","QuorumPeer.java","217113","229539","446652"
"2019-05-16 16:25","QuorumPeer.java","217207","240862","458069"
"2018-10-16 16:22","QuorumPeer.java","196284","233537","429821"
"2019-06-14 09:06","QuorumPeer.java","217224","244078","461302"
"2018-12-07 12:41","QuorumPeer.java","217112","226552","443664"
"2019-03-11 19:47","QuorumPeer.java","217133","235987","453120"
"2019-02-13 13:12","QuorumPeer.java","217134","234936","452070"
"2019-04-12 19:01","QuorumPeer.java","217207","237870","455077"
"2018-12-09 03:16","QuorumPeer.java","217112","228626","445738"
"2018-09-11 15:23","QuorumPeer.java","112425","132007","244432"
"2019-11-29 14:49","QuorumPeer.java","218679","264092","482771"
"2018-12-15 07:34","QuorumPeer.java","217112","228541","445653"
"2018-11-27 10:02","QuorumPeer.java","217112","226302","443414"
"2018-09-18 01:00","QuorumPeer.java","112548","133385","245933"
"2019-06-03 19:40","QuorumPeer.java","217224","241411","458635"
"2019-07-15 14:15","QuorumPeer.java","217225","251500","468725"
"2019-07-03 00:44","QuorumPeer.java","217224","244093","461317"
"2019-08-17 17:13","QuorumPeer.java","217225","256081","473306"
"2015-06-27 02:03","QuorumPeer.java","1306","2932","4238"
"2017-11-28 00:10","QuorumPeer.java","15437","27278","42715"
"2018-01-30 08:02","QuorumPeer.java","15847","27841","43688"
"2019-05-15 11:56","QuorumPeer.java","217207","240817","458024"
"2019-06-05 00:33","QuorumPeer.java","217224","241801","459025"
"2019-05-20 23:13","QuorumPeer.java","217207","240935","458142"
"2019-06-04 10:55","QuorumPeer.java","217224","241564","458788"
"2019-07-12 17:01","QuorumPeer.java","217225","251394","468619"
"2020-01-09 11:27","QuorumPeer.java","218681","265640","484321"
"2017-02-09 11:40","QuorumPeer.java","8967","19584","28551"
"2017-07-06 18:48","QuorumPeer.java","13192","21495","34687"
"2018-10-01 06:11","QuorumPeer.java","113224","136640","249864"
"2018-07-04 17:11","QuorumPeer.java","25474","41029","66503"
"2019-12-17 13:48","QuorumPeer.java","218679","264664","483343"
"2015-12-07 05:59","QuorumPeer.java","2864","6320","9184"
"2020-01-23 13:43","QuorumPeer.java","218681","267464","486145"
"2016-06-23 23:45","QuorumPeer.java","6494","11020","17514"
"2016-06-23 23:25","QuorumPeer.java","6459","10877","17336"
"2018-12-06 10:56","QuorumPeer.java","217112","226496","443608"
"2019-10-10 14:37","QuorumPeer.java","217225","259834","477059"
"2017-07-27 23:09","QuorumPeer.java","14706","22023","36729"
"2018-06-26 11:18","QuorumPeer.java","16385","31922","48307"
"2018-07-27 12:32","QuorumPeer.java","35997","52752","88749"
"2019-04-18 19:17","QuorumPeer.java","217207","238580","455787"
"2016-12-20 14:47","QuorumPeer.java","8661","18143","26804"
"2017-05-11 16:59","QuorumPeer.java","12855","20291","33146"
"2016-06-02 00:59","QuorumPeer.java","6400","10449","16849"
"2020-02-16 10:25","QuorumPeer.java","218681","268177","486858"
"2018-12-09 03:16","FollowerRequestProcessor.java","90094","230337","320431"
"2013-03-07 07:01","FollowerRequestProcessor.java","15099","126288","141387"
"2016-10-07 21:51","FollowerRequestProcessor.java","18960","162258","181218"
"2019-08-17 17:13","FollowerRequestProcessor.java","90121","257706","347827"
"2009-05-20 20:51","FollowerRequestProcessor.java","4022","43852","47874"
"2015-06-04 19:51","FollowerRequestProcessor.java","17158","155405","172563"
"2009-06-15 22:52","FollowerRequestProcessor.java","4422","47429","51851"
"2019-08-01 07:31","FollowerRequestProcessor.java","90121","258377","348498"
"2014-03-23 04:12","FollowerRequestProcessor.java","15439","135998","151437"
"2020-03-25 03:38","FollowerRequestProcessor.java","90577","270947","361524"
"2014-07-18 19:46","FollowerRequestProcessor.java","16931","147098","164029"
"2019-10-10 14:37","FollowerRequestProcessor.java","90121","261459","351580"
"2011-10-28 18:37","FollowerRequestProcessor.java","13637","108354","121991"
"2011-04-12 09:14","FollowerRequestProcessor.java","10870","99928","110798"
"2011-07-15 06:50","FollowerRequestProcessor.java","9360","100362","109722"
"2020-05-05 21:20","FollowerRequestProcessor.java","90577","271978","362555"
"2013-10-09 22:21","FollowerRequestProcessor.java","15279","131663","146942"
"2010-08-18 08:24","FollowerRequestProcessor.java","9957","107970","117927"
"2015-03-08 23:07","FollowerRequestProcessor.java","17087","151952","169039"
"2019-06-07 14:13","SessionTest.java","154376","158430","312806"
"2019-08-17 17:13","SessionTest.java","156280","174230","330510"
"2019-10-10 14:37","SessionTest.java","157282","178985","336267"
"2019-12-28 16:17","SessionTest.java","159474","186009","345483"
"2019-08-17 17:13","ZkDatabaseCorruptionTest.java","187774","256407","444181"
"2019-10-10 14:37","ZkDatabaseCorruptionTest.java","187774","260160","447934"
"2014-05-15 03:35","ZkDatabaseCorruptionTest.java","9498","25528","35026"
"2014-01-27 14:37","ZkDatabaseCorruptionTest.java","2699","15539","18238"
"2018-04-06 06:04","ZkDatabaseCorruptionTest.java","23769","66594","90363"
"2016-08-24 01:36","ZkDatabaseCorruptionTest.java","17679","52445","70124"
"2013-03-07 07:01","KeeperException.java","22013","120716","142729"
"2011-07-01 00:53","KeeperException.java","18331","98710","117041"
"2012-02-06 09:56","KeeperException.java","20762","105305","126067"
"2014-01-24 07:18","KeeperException.java","22239","129675","151914"
"2019-08-17 17:13","KeeperException.java","103426","257687","361113"
"2009-06-26 22:29","KeeperException.java","5880","44197","50077"
"2014-04-30 04:30","KeeperException.java","23611","134326","157937"
"2019-07-24 18:00","KeeperException.java","103426","254142","357568"
"2009-03-27 06:25","KeeperException.java","387","1238","1625"
"2016-11-13 20:59","KeeperException.java","26042","159107","185149"
"2017-07-28 00:36","KeeperException.java","27040","158951","185991"
"2020-03-25 03:38","KeeperException.java","103884","270930","374814"
"2009-12-11 21:24","KeeperException.java","8661","60323","68984"
"2018-07-27 05:16","KeeperException.java","33980","175033","209013"
"2011-05-20 01:17","KeeperException.java","17827","94380","112207"
"2013-10-09 22:21","KeeperException.java","22193","126091","148284"
"2019-07-29 17:15","JFloat.java","167551","254590","422141"
"2019-10-10 14:37","ACLTest.java","222020","259640","481660"
"2017-09-11 18:55","ACLTest.java","8249","11244","19493"
"2016-11-13 20:59","ACLTest.java","610","4196","4806"
"2019-05-06 18:32","ACLTest.java","222001","240222","462223"
"2017-08-18 23:35","ACLTest.java","8085","11002","19087"
"2019-08-17 17:13","ACLTest.java","222020","255887","477907"
"2019-10-10 14:37","SaslServerPrincipal.java","2901","3289","6190"
"2019-10-10 14:37","DistributedQueue.java","27642","30687","58329"
"2019-08-27 09:23","DistributedQueue.java","26020","25905","51925"
"2017-06-08 17:51","ClientBase.java","4698","1900","6598"
"2017-04-18 01:37","ClientBase.java","3732","1566","5298"
"2018-09-07 02:49","ClientBase.java","107433","115705","223138"
"2019-07-31 19:06","ClientBase.java","226742","254581","481323"
"2017-09-11 18:55","ClientBase.java","6820","4480","11300"
"2019-08-17 17:13","ClientBase.java","226742","255274","482016"
"2019-06-07 14:13","ClientBase.java","226741","241377","468118"
"2018-04-24 00:20","ClientBase.java","8022","11458","19480"
"2018-08-08 06:21","ClientBase.java","77103","84510","161613"
"2018-05-09 23:57","ClientBase.java","8264","12485","20749"
"2019-06-24 11:05","ClientBase.java","226741","242606","469347"
"2019-11-14 16:44","ClientBase.java","226790","263349","490139"
"2019-10-10 14:37","ClientBase.java","226742","259027","485769"
"2020-03-19 17:09","Learner.java","10092","18328","28420"
"2020-02-03 04:30","Learner.java","8324","15055","23379"
"2020-01-23 13:43","Learner.java","8207","14381","22588"
"2020-03-25 03:38","Learner.java","10199","19231","29430"
"2019-11-28 12:24","Learner.java","5614","6767","12381"
"2019-12-27 22:33","Learner.java","6378","11303","17681"
"2020-01-25 18:48","Learner.java","8213","14577","22790"
"2020-05-03 19:43","Learner.java","10937","20905","31842"
"2019-11-29 14:49","Learner.java","6123","8927","15050"
"2020-05-17 15:13","ClientReconnectTest.java","16388","30333","46721"
"2019-04-10 13:19","FileSnap.java","229058","236306","465364"
"2019-07-31 19:06","FileSnap.java","229095","254382","483477"
"2020-01-30 09:43","FileSnap.java","230868","267322","498190"
"2019-05-27 10:54","FileSnap.java","229077","240377","469454"
"2019-08-17 17:13","FileSnap.java","229095","255075","484170"
"2019-12-03 19:12","FileSnap.java","230866","263461","494327"
"2019-12-27 22:33","FileSnap.java","230867","265525","496392"
"2019-10-10 14:37","FileSnap.java","229096","258829","487925"
"2020-01-28 17:26","FileSnap.java","230868","267246","498114"
"2011-08-11 08:00","FourLetterWordsTest.java","19842","47946","67788"
"2010-07-05 20:20","FourLetterWordsTest.java","13704","34208","47912"
"2014-01-25 01:17","FourLetterWordsTest.java","29161","83687","112848"
"2010-03-12 19:26","FourLetterWordsTest.java","9144","18543","27687"
"2019-10-10 14:37","FourLetterWordsTest.java","158337","260786","419123"
"2015-11-08 22:36","FourLetterWordsTest.java","31903","106306","138209"
"2015-07-05 06:05","FourLetterWordsTest.java","31800","104965","136765"
"2015-06-28 21:09","FourLetterWordsTest.java","31800","104895","136695"
"2015-03-28 20:08","FourLetterWordsTest.java","31595","102990","134585"
"2019-08-17 17:13","FourLetterWordsTest.java","158337","257033","415370"
"2019-05-08 21:54","FourLetterWordsTest.java","158338","241536","399874"
"2015-07-10 08:19","FourLetterWordsTest.java","31851","105271","137122"
"2012-02-11 00:34","FourLetterWordsTest.java","25296","57000","82296"
"2018-10-16 16:22","QuorumPeerConfig.java","202678","231628","434306"
"2018-12-09 03:16","QuorumPeerConfig.java","224577","227788","452365"
"2019-04-12 19:01","QuorumPeerConfig.java","224678","237038","461716"
"2018-09-11 15:23","QuorumPeerConfig.java","102641","113920","216561"
"2018-12-15 07:34","QuorumPeerConfig.java","224577","227703","452280"
"2019-02-13 13:12","QuorumPeerConfig.java","224600","234099","458699"
"2019-08-17 17:13","QuorumPeerConfig.java","224697","255250","479947"
"2017-11-28 00:10","QuorumPeerConfig.java","2393","5931","8324"
"2019-06-05 00:29","QuorumPeerConfig.java","224696","240916","465612"
"2020-01-09 11:27","QuorumPeerConfig.java","226324","264980","491304"
"2019-07-12 17:01","QuorumPeerConfig.java","224697","250563","475260"
"2019-05-15 11:56","QuorumPeerConfig.java","224678","239985","464663"
"2018-10-01 06:11","QuorumPeerConfig.java","103459","118572","222031"
"2017-07-28 00:36","QuorumPeerConfig.java","1542","660","2202"
"2020-01-23 13:43","QuorumPeerConfig.java","226324","266804","493128"
"2019-10-10 14:37","QuorumPeerConfig.java","224697","259003","483700"
"2018-07-27 12:32","QuorumPeerConfig.java","24471","32923","57394"
"2019-04-18 19:17","QuorumPeerConfig.java","224678","237748","462426"
"2020-02-16 10:25","QuorumPeerConfig.java","226324","267517","493841"
"2020-05-14 18:18","QuorumPeerConfig.java","226417","270835","497252"
"2009-06-25 00:59","ZooKeeper.java","8874","58941","67815"
"2019-02-06 09:46","ZooKeeper.java","90977","235382","326359"
"2019-01-16 14:21","ZooKeeper.java","90977","233659","324636"
"2017-04-18 02:02","ZooKeeper.java","22545","166764","189309"
"2019-11-08 17:30","ZooKeeper.java","91004","263320","354324"
"2019-02-07 11:26","ZooKeeper.java","90977","236011","326988"
"2013-03-07 07:01","ZooKeeper.java","18150","128422","146572"
"2011-07-01 00:53","ZooKeeper.java","14552","107372","121924"
"2013-12-17 17:55","ZooKeeper.java","18343","135419","153762"
"2012-02-06 09:56","ZooKeeper.java","16967","113079","130046"
"2012-03-17 01:31","ZooKeeper.java","17103","114720","131823"
"2012-11-17 15:03","ZooKeeper.java","17417","120153","137570"
"2017-05-01 17:19","ZooKeeper.java","22548","166894","189442"
"2010-11-10 23:36","ZooKeeper.java","13464","141637","155101"
"2014-01-24 07:18","ZooKeeper.java","18355","137360","155715"
"2019-08-17 17:13","ZooKeeper.java","91004","257706","348710"
"2009-05-20 20:48","ZooKeeper.java","7680","46621","54301"
"2015-06-04 19:51","ZooKeeper.java","20138","157468","177606"
"2016-10-07 21:51","ZooKeeper.java","21912","164293","186205"
"2015-03-16 09:09","ZooKeeper.java","20078","154364","174442"
"2015-03-17 18:06","ZooKeeper.java","20080","155076","175156"
"2016-05-02 18:15","ZooKeeper.java","21604","161219","182823"
"2019-06-26 10:57","ZooKeeper.java","91004","245556","336560"
"2019-06-03 19:40","ZooKeeper.java","91004","243037","334041"
"2018-05-09 23:57","ZooKeeper.java","23008","173612","196620"
"2009-04-09 23:02","ZooKeeper.java","6856","20855","27711"
"2009-03-27 06:25","ZooKeeper.java","6562","19854","26416"
"2019-08-03 08:42","ZooKeeper.java","91004","258414","349418"
"2016-11-13 20:59","ZooKeeper.java","21922","166556","188478"
"2013-02-03 15:52","ZooKeeper.java","17913","124122","142035"
"2012-09-28 18:32","ZooKeeper.java","17290","118058","135348"
"2017-07-28 00:36","ZooKeeper.java","22817","166297","189114"
"2017-08-18 23:35","ZooKeeper.java","22849","166814","189663"
"2017-07-04 07:56","ZooKeeper.java","22799","166889","189688"
"2009-01-28 01:21","ZooKeeper.java","4580","3890","8470"
"2009-12-11 20:38","ZooKeeper.java","10980","75047","86027"
"2009-11-12 21:02","ZooKeeper.java","10785","67474","78259"
"2010-01-26 03:22","ZooKeeper.java","11589","79734","91323"
"2010-01-05 18:32","ZooKeeper.java","11287","76018","87305"
"2009-11-07 01:48","ZooKeeper.java","10702","66788","77490"
"2009-10-31 00:09","ZooKeeper.java","10509","66190","76699"
"2020-04-16 12:50","ZooKeeper.java","91460","271736","363196"
"2018-07-27 05:16","ZooKeeper.java","29207","181829","211036"
"2019-10-10 14:37","ZooKeeper.java","91004","261459","352463"
"2014-04-01 04:03","ZooKeeper.java","18535","139020","157555"
"2010-02-08 23:36","ZooKeeper.java","11600","79406","91006"
"2009-08-07 20:00","ZooKeeper.java","9149","61311","70460"
"2012-12-19 19:16","ZooKeeper.java","17874","123590","141464"
"2019-02-11 12:34","ZooKeeper.java","90977","236374","327351"
"2014-07-08 20:18","ZooKeeper.java","19874","145246","165120"
"2010-11-30 21:16","ZooKeeper.java","13604","142144","155748"
"2020-05-17 15:13","ZooKeeper.java","91461","272108","363569"
"2017-01-09 22:49","ZooKeeper.java","22097","168299","190396"
"2011-05-20 01:17","ZooKeeper.java","14049","103043","117092"
"2019-03-12 19:08","ZooKeeper.java","90983","237808","328791"
"2011-09-06 00:58","ZooKeeper.java","12595","109703","122298"
"2009-01-31 00:01","ZooKeeper.java","5169","13289","18458"
"2014-07-22 06:51","ZooKeeper.java","19936","149506","169442"
"2014-04-29 02:23","ZooKeeper.java","19717","141987","161704"
"2019-08-17 17:13","FourLetterWordMain.java","35700","63127","98827"
"2019-01-31 15:50","FourLetterWordMain.java","6673","11767","18440"
"2018-09-15 00:08","ZooKeeperServer.java","40982","43435","84417"
"2019-04-12 19:01","ZooKeeperServer.java","191754","194686","386440"
"2019-07-31 19:06","ZooKeeperServer.java","191803","212235","404038"
"2019-09-11 10:27","ZooKeeperServer.java","191804","214285","406089"
"2019-01-14 19:38","ZooKeeperServer.java","191599","188016","379615"
"2019-01-07 15:34","ZooKeeperServer.java","191599","187617","379216"
"2018-11-21 17:56","ZooKeeperServer.java","185337","174552","359889"
"2019-02-13 13:12","ZooKeeperServer.java","191671","191742","383413"
"2018-09-18 01:00","ZooKeeperServer.java","41103","44209","85312"
"2019-03-04 08:07","ZooKeeperServer.java","191673","192321","383994"
"2019-07-08 23:26","ZooKeeperServer.java","191802","201703","393505"
"2019-01-23 14:00","ZooKeeperServer.java","191601","189453","381054"
"2019-02-13 13:19","ZooKeeperServer.java","191671","192028","383699"
"2019-05-14 17:11","ZooKeeperServer.java","191777","197569","389346"
"2019-06-04 10:55","ZooKeeperServer.java","191797","198406","390203"
"2019-04-09 15:35","ZooKeeperServer.java","191675","193657","385332"
"2019-08-03 08:42","ZooKeeperServer.java","191803","213636","405439"
"2019-05-15 11:56","ZooKeeperServer.java","191777","197656","389433"
"2019-05-22 11:39","ZooKeeperServer.java","191780","198105","389885"
"2019-04-22 19:15","ZooKeeperServer.java","191754","195661","387415"
"2019-09-10 04:26","ZooKeeperServer.java","191804","213974","405778"
"2019-08-17 17:13","ZooKeeperServer.java","191803","212928","404731"
"2019-09-05 23:12","ZooKeeperServer.java","191804","213848","405652"
"2019-09-10 15:21","ZooKeeperServer.java","191804","213972","405776"
"2019-08-01 07:31","ZooKeeperServer.java","191803","213599","405402"
"2019-08-01 07:28","ZooKeeperServer.java","191803","213109","404912"
"2019-06-03 19:40","ZooKeeperServer.java","191797","198253","390050"
"2019-11-23 17:08","ZooKeeperServer.java","193749","219575","413324"
"2019-10-09 16:49","ZooKeeperServer.java","191804","216515","408319"
"2019-07-03 00:44","ZooKeeperServer.java","191802","200940","392742"
"2019-07-24 18:00","ZooKeeperServer.java","191803","209383","401186"
"2019-12-27 22:33","ZooKeeperServer.java","193761","223564","417325"
"2018-09-11 00:17","ZooKeeperServer.java","40947","41851","82798"
"2019-11-18 09:05","ZooKeeperServer.java","193749","218018","411767"
"2019-10-10 14:37","ZooKeeperServer.java","191804","216682","408486"
"2019-09-16 23:26","ZooKeeperServer.java","191804","215948","407752"
"2019-12-03 10:01","ZooKeeperServer.java","193749","221477","415226"
"2020-03-25 03:38","ZooKeeperServer.java","193802","227712","421514"
"2019-11-28 12:24","ZooKeeperServer.java","193749","219780","413529"
"2019-11-06 15:21","ZooKeeperServer.java","191852","216946","408798"
"2020-04-12 11:14","ZooKeeperServer.java","193959","228622","422581"
"2019-04-18 19:17","ZooKeeperServer.java","191754","195396","387150"
"2018-07-10 13:29","QuorumPeerInstance.java","23601","35831","59432"
"2018-12-20 07:24","QuorumPeerInstance.java","220303","229304","449607"
"2019-07-12 17:01","QuorumPeerInstance.java","220415","251229","471644"
"2017-09-11 18:55","QuorumPeerInstance.java","12777","17406","30183"
"2015-10-18 19:00","QuorumPeer.java","12895","38564","51459"
"2018-12-20 15:13","QuorumPeer.java","194441","229838","424279"
"2019-05-16 16:25","QuorumPeer.java","194524","241150","435674"
"2018-10-16 16:22","QuorumPeer.java","175051","235275","410326"
"2019-06-14 09:06","QuorumPeer.java","194540","244365","438905"
"2018-12-07 12:41","QuorumPeer.java","194440","226851","421291"
"2019-03-11 19:47","QuorumPeer.java","194460","236285","430745"
"2014-07-18 02:19","QuorumPeer.java","9830","25765","35595"
"2019-02-13 13:12","QuorumPeer.java","194461","235234","429695"
"2019-04-12 19:01","QuorumPeer.java","194524","238158","432682"
"2018-12-09 03:16","QuorumPeer.java","194440","228925","423365"
"2018-09-11 15:23","QuorumPeer.java","111683","154236","265919"
"2019-11-29 14:49","QuorumPeer.java","195888","264272","460160"
"2018-12-15 07:34","QuorumPeer.java","194440","228840","423280"
"2018-11-27 10:02","QuorumPeer.java","194440","226601","421041"
"2018-09-18 01:00","QuorumPeer.java","111753","155561","267314"
"2019-06-03 19:40","QuorumPeer.java","194540","241698","436238"
"2019-07-15 14:15","QuorumPeer.java","194540","251786","446326"
"2015-03-17 18:06","QuorumPeer.java","11143","33051","44194"
"2019-07-03 00:44","QuorumPeer.java","194540","244380","438920"
"2019-08-17 17:13","QuorumPeer.java","194540","256367","450907"
"2015-06-27 02:03","QuorumPeer.java","11688","36285","47973"
"2017-11-28 00:10","QuorumPeer.java","23667","58479","82146"
"2014-01-21 04:50","QuorumPeer.java","648","4982","5630"
"2014-06-04 22:07","QuorumPeer.java","8518","18653","27171"
"2018-01-30 08:02","QuorumPeer.java","24049","59014","83063"
"2019-05-15 11:56","QuorumPeer.java","194524","241105","435629"
"2019-06-05 00:33","QuorumPeer.java","194540","242088","436628"
"2019-05-20 23:13","QuorumPeer.java","194524","241223","435747"
"2019-06-04 10:55","QuorumPeer.java","194540","241851","436391"
"2019-07-12 17:01","QuorumPeer.java","194540","251680","446220"
"2020-01-09 11:27","QuorumPeer.java","195888","265818","461706"
"2017-02-09 11:40","QuorumPeer.java","18432","52020","70452"
"2017-07-06 18:48","QuorumPeer.java","22013","53287","75300"
"2018-10-01 06:11","QuorumPeer.java","111917","158304","270221"
"2015-04-09 20:16","QuorumPeer.java","11184","34155","45339"
"2018-07-04 17:11","QuorumPeer.java","32376","70902","103278"
"2019-12-17 13:48","QuorumPeer.java","195888","264844","460732"
"2015-12-07 05:59","QuorumPeer.java","13180","39607","52787"
"2020-01-23 13:43","QuorumPeer.java","195888","267642","463530"
"2016-06-23 23:45","QuorumPeer.java","16486","43983","60469"
"2016-06-23 23:25","QuorumPeer.java","16455","43844","60299"
"2014-03-23 04:12","QuorumPeer.java","1023","7577","8600"
"2014-07-18 20:48","QuorumPeer.java","10049","26443","36492"
"2014-07-04 04:19","QuorumPeer.java","8677","20455","29132"
"2018-12-06 10:56","QuorumPeer.java","194440","226795","421235"
"2014-06-25 15:04","QuorumPeer.java","8541","19173","27714"
"2014-03-28 01:58","QuorumPeer.java","1039","8011","9050"
"2013-10-21 23:36","QuorumPeer.java","283","3025","3308"
"2019-10-10 14:37","QuorumPeer.java","194540","260120","454660"
"2013-11-07 06:41","QuorumPeer.java","415","3588","4003"
"2017-07-27 23:09","QuorumPeer.java","23011","53299","76310"
"2014-05-18 05:49","QuorumPeer.java","8430","18076","26506"
"2014-03-25 22:13","QuorumPeer.java","1035","7825","8860"
"2018-06-26 11:18","QuorumPeer.java","24418","62926","87344"
"2018-07-27 12:32","QuorumPeer.java","42779","82505","125284"
"2019-04-18 19:17","QuorumPeer.java","194524","238868","433392"
"2013-10-09 22:21","QuorumPeer.java","266","2645","2911"
"2016-12-20 14:47","QuorumPeer.java","18261","50714","68975"
"2017-05-11 16:59","QuorumPeer.java","21740","52147","73887"
"2014-07-03 06:01","QuorumPeer.java","8587","19943","28530"
"2014-08-14 08:08","QuorumPeer.java","10483","27738","38221"
"2014-08-01 07:38","QuorumPeer.java","10401","27235","37636"
"2014-07-20 04:50","QuorumPeer.java","10088","26544","36632"
"2016-06-02 00:59","QuorumPeer.java","16422","43442","59864"
"2020-02-16 10:25","QuorumPeer.java","195888","268355","464243"
"2019-11-28 12:24","DataTree.java","161965","182316","344281"
"2019-10-10 14:37","DataTree.java","159775","178973","338748"
"2019-12-27 22:33","DataTree.java","161978","186101","348079"
"2019-11-11 13:59","DataTree.java","159829","182684","342513"
"2019-11-08 17:30","DataTree.java","159829","180888","340717"
"2019-01-30 16:28","DataTree.java","156534","149090","305624"
"2019-01-30 17:02","DataTree.java","156536","149636","306172"
"2019-02-07 11:26","DataTree.java","156541","150318","306859"
"2018-12-20 15:17","DataTree.java","150200","139245","289445"
"2019-09-10 09:53","DataTree.java","159755","176249","336004"
"2019-04-12 19:01","DataTree.java","156822","154074","310896"
"2019-07-31 19:06","DataTree.java","158739","173491","332230"
"2019-09-11 10:27","DataTree.java","159759","176560","336319"
"2019-08-01 07:31","DataTree.java","158739","174855","333594"
"2019-08-17 17:13","DataTree.java","158773","174218","332991"
"2019-09-10 15:21","DataTree.java","159755","176243","335998"
"2019-04-12 12:29","DataTree.java","156822","153643","310465"
"2019-08-03 08:42","DataTree.java","158752","174905","333657"
"2019-08-09 16:15","DataTree.java","158752","175653","334405"
"2019-04-29 16:49","DataTree.java","156839","156121","312960"
"2015-10-18 19:00","QuorumPeer.java","13049","39149","52198"
"2018-12-20 15:13","QuorumPeer.java","194012","229840","423852"
"2019-05-16 16:25","QuorumPeer.java","194095","241152","435247"
"2018-10-16 16:22","QuorumPeer.java","174651","235306","409957"
"2019-06-14 09:06","QuorumPeer.java","194111","244367","438478"
"2018-12-07 12:41","QuorumPeer.java","194011","226853","420864"
"2019-03-11 19:47","QuorumPeer.java","194031","236287","430318"
"2014-07-18 02:19","QuorumPeer.java","9984","26350","36334"
"2019-02-13 13:12","QuorumPeer.java","194032","235236","429268"
"2019-04-12 19:01","QuorumPeer.java","194095","238160","432255"
"2018-12-09 03:16","QuorumPeer.java","194011","228927","422938"
"2018-09-11 15:23","QuorumPeer.java","111743","154727","266470"
"2019-11-29 14:49","QuorumPeer.java","195457","264272","459729"
"2018-12-15 07:34","QuorumPeer.java","194011","228842","422853"
"2018-11-27 10:02","QuorumPeer.java","194011","226603","420614"
"2018-09-18 01:00","QuorumPeer.java","111813","156052","267865"
"2019-06-03 19:40","QuorumPeer.java","194111","241700","435811"
"2019-07-15 14:15","QuorumPeer.java","194111","251788","445899"
"2015-03-17 18:06","QuorumPeer.java","11297","33636","44933"
"2019-07-03 00:44","QuorumPeer.java","194111","244382","438493"
"2019-08-17 17:13","QuorumPeer.java","194111","256369","450480"
"2015-06-27 02:03","QuorumPeer.java","11842","36870","48712"
"2017-11-28 00:10","QuorumPeer.java","23752","58995","82747"
"2014-01-21 04:50","QuorumPeer.java","849","5614","6463"
"2014-06-04 22:07","QuorumPeer.java","8672","19238","27910"
"2018-01-30 08:02","QuorumPeer.java","24134","59530","83664"
"2019-05-15 11:56","QuorumPeer.java","194095","241107","435202"
"2019-06-05 00:33","QuorumPeer.java","194111","242090","436201"
"2019-05-20 23:13","QuorumPeer.java","194095","241225","435320"
"2019-06-04 10:55","QuorumPeer.java","194111","241853","435964"
"2019-07-12 17:01","QuorumPeer.java","194111","251682","445793"
"2020-01-09 11:27","QuorumPeer.java","195457","265818","461275"
"2017-02-09 11:40","QuorumPeer.java","18574","52593","71167"
"2017-07-06 18:48","QuorumPeer.java","22105","53810","75915"
"2018-10-01 06:11","QuorumPeer.java","111977","158795","270772"
"2015-04-09 20:16","QuorumPeer.java","11338","34740","46078"
"2013-10-07 21:08","QuorumPeer.java","203","634","837"
"2018-07-04 17:11","QuorumPeer.java","32444","71401","103845"
"2019-12-17 13:48","QuorumPeer.java","195457","264844","460301"
"2015-12-07 05:59","QuorumPeer.java","13330","40188","53518"
"2020-01-23 13:43","QuorumPeer.java","195457","267642","463099"
"2016-06-23 23:45","QuorumPeer.java","16630","44558","61188"
"2016-06-23 23:25","QuorumPeer.java","16599","44419","61018"
"2014-03-23 04:12","QuorumPeer.java","1224","8209","9433"
"2014-07-18 20:48","QuorumPeer.java","10203","27028","37231"
"2014-07-04 04:19","QuorumPeer.java","8831","21040","29871"
"2018-12-06 10:56","QuorumPeer.java","194011","226797","420808"
"2014-06-25 15:04","QuorumPeer.java","8695","19758","28453"
"2014-03-28 01:58","QuorumPeer.java","1240","8643","9883"
"2013-10-21 23:36","QuorumPeer.java","486","3659","4145"
"2019-10-10 14:37","QuorumPeer.java","194111","260122","454233"
"2013-11-07 06:41","QuorumPeer.java","618","4222","4840"
"2017-07-27 23:09","QuorumPeer.java","23103","53822","76925"
"2014-05-18 05:49","QuorumPeer.java","8584","18661","27245"
"2014-03-25 22:13","QuorumPeer.java","1236","8457","9693"
"2018-06-26 11:18","QuorumPeer.java","24501","63440","87941"
"2018-07-27 12:32","QuorumPeer.java","42847","83004","125851"
"2019-04-18 19:17","QuorumPeer.java","194095","238870","432965"
"2013-10-09 22:21","QuorumPeer.java","469","3279","3748"
"2016-12-20 14:47","QuorumPeer.java","18403","51287","69690"
"2017-05-11 16:59","QuorumPeer.java","21832","52670","74502"
"2014-07-03 06:01","QuorumPeer.java","8741","20528","29269"
"2014-08-14 08:08","QuorumPeer.java","10637","28323","38960"
"2014-08-01 07:38","QuorumPeer.java","10555","27820","38375"
"2014-07-20 04:50","QuorumPeer.java","10242","27129","37371"
"2016-06-02 00:59","QuorumPeer.java","16566","44017","60583"
"2020-02-16 10:25","QuorumPeer.java","195457","268355","463812"
"2020-01-30 09:43","PurgeTxnLog.java","11889","22363","34252"
"2019-10-10 14:37","PurgeTxnLog.java","3717","7470","11187"
"2019-11-28 12:24","PurgeTxnLog.java","9316","14222","23538"
"2019-11-28 12:24","DataTree.java","178195","262877","441072"
"2019-10-10 14:37","DataTree.java","176966","260495","437461"
"2019-12-27 22:33","DataTree.java","178195","266649","444844"
"2015-06-06 03:48","DataTree.java","19209","61505","80714"
"2019-11-11 13:59","DataTree.java","176994","264180","441174"
"2018-07-10 13:29","DataTree.java","36931","93436","130367"
"2012-12-19 19:16","DataTree.java","9193","19770","28963"
"2014-04-17 08:47","DataTree.java","17382","43807","61189"
"2014-04-29 02:23","DataTree.java","17388","44519","61907"
"2011-09-28 22:17","DataTree.java","90","347","437"
"2018-09-28 23:38","DataTree.java","111634","175965","287599"
"2011-10-20 18:48","DataTree.java","2240","657","2897"
"2019-11-08 17:30","DataTree.java","176994","262384","439378"
"2013-09-05 23:50","DataTree.java","10631","27480","38111"
"2019-01-30 16:28","DataTree.java","176906","233793","410699"
"2019-01-30 17:02","DataTree.java","176906","234337","411243"
"2016-11-24 17:18","DataTree.java","24513","74576","99089"
"2017-09-11 18:55","DataTree.java","28414","77318","105732"
"2012-02-06 10:39","DataTree.java","4690","5666","10356"
"2011-12-21 21:39","DataTree.java","3988","4096","8084"
"2017-02-05 07:22","DataTree.java","24692","76194","100886"
"2014-07-18 02:19","DataTree.java","18296","52180","70476"
"2019-02-07 11:26","DataTree.java","176907","235015","411922"
"2013-03-07 07:01","DataTree.java","10233","25366","35599"
"2018-09-04 11:54","DataTree.java","111393","170640","282033"
"2018-09-05 22:35","DataTree.java","111412","170915","282327"
"2018-12-20 15:17","DataTree.java","176905","230281","407186"
"2019-09-10 09:53","DataTree.java","176966","257791","434757"
"2019-04-12 19:01","DataTree.java","176967","238550","415517"
"2019-07-31 19:06","DataTree.java","176966","256049","433015"
"2019-09-11 10:27","DataTree.java","176966","258098","435064"
"2013-10-22 12:54","DataTree.java","11068","31986","43054"
"2016-03-23 00:30","DataTree.java","23197","66932","90129"
"2019-08-01 07:31","DataTree.java","176966","257413","434379"
"2014-01-24 07:18","DataTree.java","11253","35119","46372"
"2019-08-17 17:13","DataTree.java","176966","256742","433708"
"2019-09-10 15:21","DataTree.java","176966","257785","434751"
"2015-06-04 19:51","DataTree.java","19202","61393","80595"
"2016-10-07 21:51","DataTree.java","23917","71159","95076"
"2017-06-18 19:23","DataTree.java","27496","76086","103582"
"2019-04-12 12:29","DataTree.java","176967","238119","415086"
"2019-08-03 08:42","DataTree.java","176966","257450","434416"
"2019-08-09 16:15","DataTree.java","176966","258198","435164"
"2016-11-13 20:59","DataTree.java","23936","73431","97367"
"2019-04-29 16:49","DataTree.java","176967","240580","417547"
"2019-10-10 14:37","JMXEnv.java","178405","260685","439090"
"2019-12-27 22:33","JMXEnv.java","179499","266704","446203"
"2014-01-25 01:17","JMXEnv.java","13770","49186","62956"
"2015-11-03 08:11","JMXEnv.java","22368","77463","99831"
"2013-11-19 02:03","JMXEnv.java","13641","46250","59891"
"2014-01-16 23:59","JMXEnv.java","13741","47421","61162"
"2011-07-19 23:38","JMXEnv.java","1570","10180","11750"
"2011-09-01 19:15","JMXEnv.java","1833","14660","16493"
"2019-01-14 19:38","JMXEnv.java","178339","232158","410497"
"2014-06-04 22:07","JMXEnv.java","20001","59524","79525"
"2019-08-17 17:13","JMXEnv.java","178405","256932","435337"
"2019-06-03 19:40","JMXEnv.java","178405","242263","420668"
"2011-12-28 07:07","ServerCnxnFactory.java","21452","24098","45550"
"2013-10-05 00:57","ServerCnxnFactory.java","26675","46758","73433"
"2019-11-14 03:54","ServerCnxnFactory.java","187413","264994","452407"
"2019-11-11 13:59","ServerCnxnFactory.java","187413","264395","451808"
"2011-04-12 09:14","ServerCnxnFactory.java","14662","5707","20369"
"2012-08-28 21:51","ServerCnxnFactory.java","24333","31889","56222"
"2017-04-19 01:19","ServerCnxnFactory.java","39588","91084","130672"
"2012-02-11 00:34","ServerCnxnFactory.java","21811","25381","47192"
"2018-10-24 04:03","ServerCnxnFactory.java","156287","236776","393063"
"2013-03-07 07:01","ServerCnxnFactory.java","26292","43840","70132"
"2011-08-19 00:05","ServerCnxnFactory.java","15526","17925","33451"
"2014-07-18 02:19","ServerCnxnFactory.java","33820","70119","103939"
"2019-02-13 13:12","ServerCnxnFactory.java","187360","235878","423238"
"2017-10-07 21:22","ServerCnxnFactory.java","40631","92007","132638"
"2019-08-17 17:13","ServerCnxnFactory.java","187413","256985","444398"
"2019-06-07 14:13","ServerCnxnFactory.java","187413","243089","430502"
"2019-07-03 00:44","ServerCnxnFactory.java","187413","244998","432411"
"2015-03-17 18:06","ServerCnxnFactory.java","34222","76494","110716"
"2015-03-28 20:08","ServerCnxnFactory.java","34235","77496","111731"
"2016-05-02 18:15","ServerCnxnFactory.java","37099","83990","121089"
"2012-12-08 00:38","ServerCnxnFactory.java","24997","35912","60909"
"2012-12-19 19:07","ServerCnxnFactory.java","25771","37882","63653"
"2018-06-08 16:52","ZooKeeperServerMain.java","10070","20143","30213"
"2019-04-18 19:17","ZooKeeperServerMain.java","222233","238385","460618"
"2019-11-11 13:59","ZooKeeperServerMain.java","222300","263345","485645"
"2019-11-28 12:24","ZooKeeperServerMain.java","223830","262371","486201"
"2019-11-25 15:37","ZooKeeperServerMain.java","223830","262273","486103"
"2019-08-17 17:13","ZooKeeperServerMain.java","222252","255887","478139"
"2017-07-28 00:36","ZooKeeperServerMain.java","8313","10513","18826"
"2019-04-12 19:01","ZooKeeperServerMain.java","222233","237675","459908"
"2018-09-11 15:23","ZooKeeperServerMain.java","107750","122111","229861"
"2017-02-12 00:12","ZooKeeperServerMain.java","5367","7513","12880"
"2019-11-28 12:24","DataTree.java","176605","262870","439475"
"2019-10-10 14:37","DataTree.java","175300","260412","435712"
"2019-12-27 22:33","DataTree.java","176605","266642","443247"
"2015-06-06 03:48","DataTree.java","17244","61123","78367"
"2019-11-11 13:59","DataTree.java","175328","264097","439425"
"2018-07-10 13:29","DataTree.java","34831","92919","127750"
"2012-12-19 19:16","DataTree.java","7012","19172","26184"
"2014-04-17 08:47","DataTree.java","15399","43407","58806"
"2014-04-29 02:23","DataTree.java","15405","44119","59524"
"2018-09-28 23:38","DataTree.java","109558","175472","285030"
"2019-11-08 17:30","DataTree.java","175328","262301","437629"
"2013-09-05 23:50","DataTree.java","8641","27073","35714"
"2019-01-30 16:28","DataTree.java","175224","233694","408918"
"2019-01-30 17:02","DataTree.java","175224","234238","409462"
"2016-11-24 17:18","DataTree.java","22562","74208","96770"
"2017-09-11 18:55","DataTree.java","26314","76801","103115"
"2012-02-06 10:39","DataTree.java","2491","5050","7541"
"2011-12-21 21:39","DataTree.java","1784","3475","5259"
"2017-02-05 07:22","DataTree.java","22741","75826","98567"
"2014-07-18 02:19","DataTree.java","16315","51782","68097"
"2019-02-07 11:26","DataTree.java","175225","234916","410141"
"2013-03-07 07:01","DataTree.java","8243","24959","33202"
"2018-09-04 11:54","DataTree.java","109310","170140","279450"
"2018-09-05 22:35","DataTree.java","109329","170415","279744"
"2018-12-20 15:17","DataTree.java","175223","230182","405405"
"2019-09-10 09:53","DataTree.java","175300","257708","433008"
"2019-04-12 19:01","DataTree.java","175300","238466","413766"
"2019-07-31 19:06","DataTree.java","175300","255966","431266"
"2019-09-11 10:27","DataTree.java","175300","258015","433315"
"2013-10-22 12:54","DataTree.java","9078","31579","40657"
"2016-03-23 00:30","DataTree.java","21238","66556","87794"
"2019-08-01 07:31","DataTree.java","175300","257330","432630"
"2014-01-24 07:18","DataTree.java","9267","34716","43983"
"2019-08-17 17:13","DataTree.java","175300","256659","431959"
"2019-09-10 15:21","DataTree.java","175300","257702","433002"
"2015-06-04 19:51","DataTree.java","17237","61011","78248"
"2016-10-07 21:51","DataTree.java","21960","70785","92745"
"2017-06-18 19:23","DataTree.java","25581","75754","101335"
"2019-04-12 12:29","DataTree.java","175300","238035","413335"
"2019-08-03 08:42","DataTree.java","175300","257367","432667"
"2019-08-09 16:15","DataTree.java","175300","258115","433415"
"2016-11-13 20:59","DataTree.java","21980","73058","95038"
"2019-04-29 16:49","DataTree.java","175300","240496","415796"
"2019-04-10 13:19","ZooKeeperServerTest.java","177193","238011","415204"
"2019-08-17 17:13","ZooKeeperServerTest.java","177192","256742","433934"
"2019-08-17 17:13","WatchedEventTest.java","177002","256750","433752"
"2019-08-17 17:13","TxnLogToolkitTest.java","229914","255010","484924"
"2018-05-10 22:14","TxnLogToolkitTest.java","452","1510","1962"
"2019-10-10 14:37","JUnit4ZKTestRunner.java","178405","260685","439090"
"2015-07-07 07:11","JUnit4ZKTestRunner.java","22280","76443","98723"
"2013-12-21 22:05","JUnit4ZKTestRunner.java","13693","47163","60856"
"2011-09-17 02:13","JUnit4ZKTestRunner.java","4783","16250","21033"
"2019-05-08 21:54","JUnit4ZKTestRunner.java","178406","241435","419841"
"2019-08-17 17:13","JUnit4ZKTestRunner.java","178405","256932","435337"
"2015-05-03 19:55","JUnit4ZKTestRunner.java","21130","73591","94721"
"2019-08-17 17:13","ClientSkipACLTest.java","210991","256147","467138"
"2019-07-03 00:44","NIOServerCnxnFactory.java","4396","10602","14998"
"2019-08-17 17:13","NIOServerCnxnFactory.java","29620","47813","77433"
"2019-08-03 08:42","NIOServerCnxnFactory.java","7576","26477","34053"
"2019-04-22 19:15","NIOServerCnxnFactory.java","23","998","1021"
"2019-10-10 14:37","NIOServerCnxnFactory.java","31720","53666","85386"
"2019-11-14 03:54","NIOServerCnxnFactory.java","31991","58193","90184"
"2019-06-03 19:40","FollowerZooKeeperServer.java","48065","243219","291284"
"2009-05-20 20:48","FollowerZooKeeperServer.java","9184","91246","100430"
"2019-08-17 17:13","FollowerZooKeeperServer.java","48065","257888","305953"
"2009-05-20 22:16","FollowerZooKeeperServer.java","9227","91357","100584"
"2009-02-02 23:26","FollowerZooKeeperServer.java","8528","62154","70682"
"2019-05-03 00:44","FollowerZooKeeperServer.java","48065","241885","289950"
"2019-06-04 10:55","FollowerZooKeeperServer.java","48065","243372","291437"
"2008-10-03 15:06","FollowerZooKeeperServer.java","3484","28344","31828"
"2008-09-04 19:02","FollowerZooKeeperServer.java","1557","11672","13229"
"2009-01-15 23:57","FollowerZooKeeperServer.java","7840","50059","57899"
"2018-08-06 14:11","FollowerZooKeeperServer.java","19537","208122","227659"
"2018-12-09 03:16","FollowerZooKeeperServer.java","48050","230531","278581"
"2018-11-21 17:56","FollowerZooKeeperServer.java","48050","225963","274013"
"2011-10-20 20:02","FollowerZooKeeperServer.java","15768","144477","160245"
"2011-04-12 09:14","FollowerZooKeeperServer.java","12713","144009","156722"
"2008-10-01 08:26","FollowerZooKeeperServer.java","3045","27640","30685"
"2010-08-18 08:24","FollowerZooKeeperServer.java","12165","152416","164581"
"2019-11-28 12:24","FollowerZooKeeperServer.java","48340","263069","311409"
"2019-12-27 22:33","FollowerZooKeeperServer.java","48340","266841","315181"
"2009-10-30 17:19","FollowerZooKeeperServer.java","10659","108611","119270"
"2009-12-18 03:19","FollowerZooKeeperServer.java","11166","118843","130009"
"2019-08-17 17:13","ZabUtils.java","26740","38727","65467"
"2011-08-11 08:00","FourLetterWordsTest.java","20418","59555","79973"
"2010-07-05 20:20","FourLetterWordsTest.java","15028","46865","61893"
"2014-01-25 01:17","FourLetterWordsTest.java","29260","94819","124079"
"2010-03-12 19:26","FourLetterWordsTest.java","10787","31519","42306"
"2019-10-10 14:37","FourLetterWordsTest.java","147158","260940","408098"
"2015-11-08 22:36","FourLetterWordsTest.java","31853","117289","149142"
"2015-07-05 06:05","FourLetterWordsTest.java","31754","115952","147706"
"2010-01-26 01:17","FourLetterWordsTest.java","3088","14421","17509"
"2015-06-28 21:09","FourLetterWordsTest.java","31754","115882","147636"
"2015-03-28 20:08","FourLetterWordsTest.java","31533","113961","145494"
"2019-08-17 17:13","FourLetterWordsTest.java","147158","257187","404345"
"2019-05-08 21:54","FourLetterWordsTest.java","147158","241689","388847"
"2015-07-10 08:19","FourLetterWordsTest.java","31806","116259","148065"
"2012-02-11 00:34","FourLetterWordsTest.java","25598","68335","93933"
"2019-07-12 17:01","QuorumBase.java","191803","208241","400044"
"2019-08-17 17:13","QuorumBase.java","191803","212928","404731"
"2019-08-01 07:31","QuorumBase.java","191803","213599","405402"
"2019-10-10 14:37","QuorumBase.java","191804","216682","408486"
"2020-03-25 03:38","QuorumBase.java","193802","227712","421514"
"2020-03-26 18:41","ZooKeeperMain.java","223433","270255","493688"
"2016-10-16 14:21","ZooKeeperMain.java","969","2517","3486"
"2020-04-01 17:02","ZooKeeperMain.java","223433","270579","494012"
"2019-10-10 14:37","ZooKeeperMain.java","221853","259640","481493"
"2020-03-26 22:19","ZooKeeperMain.java","223433","270324","493757"
"2019-11-28 12:24","ZooKeeperMain.java","223431","262371","485802"
"2016-11-13 20:59","ZooKeeperMain.java","1224","4977","6201"
"2019-08-03 08:42","ZooKeeperMain.java","221853","256595","478448"
"2017-07-28 00:36","ZooKeeperMain.java","8564","11163","19727"
"2019-08-17 17:13","ZooKeeperMain.java","221853","255887","477740"
"2018-08-06 14:11","ZooKeeperMain.java","31014","43559","74573"
"2020-03-26 18:41","ZooKeeperMain.java","203300","270497","473797"
"2016-10-16 14:21","ZooKeeperMain.java","17384","39307","56691"
"2020-04-01 17:02","ZooKeeperMain.java","203300","270821","474121"
"2019-10-10 14:37","ZooKeeperMain.java","201862","260024","461886"
"2015-11-22 00:33","ZooKeeperMain.java","12986","31836","44822"
"2020-03-26 22:19","ZooKeeperMain.java","203300","270566","473866"
"2015-11-08 22:54","ZooKeeperMain.java","12858","31415","44273"
"2016-07-27 01:33","ZooKeeperMain.java","16628","37003","53631"
"2019-11-28 12:24","ZooKeeperMain.java","203300","262615","465915"
"2016-11-13 20:59","ZooKeeperMain.java","17536","41664","59200"
"2019-08-03 08:42","ZooKeeperMain.java","201862","256979","458841"
"2017-07-28 00:36","ZooKeeperMain.java","23386","46360","69746"
"2016-05-02 18:15","ZooKeeperMain.java","16197","35306","51503"
"2015-03-28 20:08","ZooKeeperMain.java","10645","26124","36769"
"2019-08-17 17:13","ZooKeeperMain.java","201862","256271","458133"
"2018-08-06 14:11","ZooKeeperMain.java","43551","76471","120022"
"2019-08-17 17:13","DataTreeMXBean.java","90102","257706","347808"
"2019-11-08 17:30","Request.java","32239","53346","85585"
"2019-07-08 23:26","Request.java","4143","8412","12555"
"2019-08-06 17:11","Request.java","7334","23928","31262"
"2019-08-01 07:28","Request.java","6932","22606","29538"
"2019-06-26 10:57","Request.java","3867","7210","11077"
"2019-08-17 17:13","Request.java","29684","45177","74861"
"2019-06-05 00:46","Request.java","659","2012","2671"
"2020-03-25 03:38","Request.java","39606","67884","107490"
"2019-09-20 10:06","Request.java","31548","49904","81452"
"2019-09-16 23:26","Request.java","31244","49756","81000"
"2019-12-27 22:33","Request.java","37975","62146","100121"
"2019-11-11 13:59","Request.java","32270","55173","87443"
"2020-05-05 21:20","Request.java","43063","72372","115435"
"2020-03-19 17:09","Learner.java","216206","269541","485747"
"2020-02-03 04:30","Learner.java","216206","268036","484242"
"2020-01-23 13:43","Learner.java","216206","267479","483685"
"2017-07-04 07:39","Learner.java","13415","23936","37351"
"2020-03-25 03:38","Learner.java","216206","270337","486543"
"2015-03-15 08:54","Learner.java","278","769","1047"
"2019-11-28 12:24","Learner.java","216204","262456","478660"
"2019-12-27 22:33","Learner.java","216205","266229","482434"
"2020-01-25 18:48","Learner.java","216206","267669","483875"
"2020-05-03 19:43","Learner.java","216206","271273","487479"
"2016-08-13 15:01","Learner.java","7348","15059","22407"
"2019-10-10 14:37","Learner.java","214758","259857","474615"
"2019-06-03 19:40","Learner.java","214758","241435","456193"
"2015-03-17 18:06","Learner.java","420","1847","2267"
"2019-07-15 14:15","Learner.java","214758","251523","466281"
"2019-08-23 19:43","Learner.java","214758","256770","471528"
"2016-09-08 22:59","Learner.java","7745","15704","23449"
"2019-08-17 17:13","Learner.java","214758","256104","470862"
"2017-11-28 00:10","Learner.java","15653","29984","45637"
"2018-05-09 00:54","Learner.java","16355","32814","49169"
"2019-04-09 15:35","Learner.java","214670","236873","451543"
"2019-07-12 17:01","Learner.java","214758","251417","466175"
"2017-07-06 18:48","Learner.java","13426","24219","37645"
"2017-08-18 06:32","Learner.java","15046","25342","40388"
"2019-07-02 07:34","Learner.java","214758","244047","458805"
"2018-10-16 16:22","Learner.java","193819","233562","427381"
"2017-02-12 00:12","Learner.java","12084","21941","34025"
"2018-12-09 03:16","Learner.java","214647","228651","443298"
"2019-11-29 14:49","Learner.java","216204","264107","480311"
"2018-11-27 10:02","Learner.java","214647","226327","440974"
"2018-08-06 14:11","Learner.java","36329","56186","92515"
"2013-03-07 07:01","KeeperException.java","18150","128422","146572"
"2011-07-01 00:53","KeeperException.java","14552","107372","121924"
"2012-02-06 09:56","KeeperException.java","16967","113079","130046"
"2014-01-24 07:18","KeeperException.java","18355","137360","155715"
"2019-08-17 17:13","KeeperException.java","91004","257706","348710"
"2009-06-26 22:29","KeeperException.java","8888","59646","68534"
"2014-04-30 04:30","KeeperException.java","19717","142001","161718"
"2019-07-24 18:00","KeeperException.java","91004","254161","345165"
"2009-03-27 06:25","KeeperException.java","6562","19854","26416"
"2016-11-13 20:59","KeeperException.java","21922","166556","188478"
"2017-07-28 00:36","KeeperException.java","22817","166297","189114"
"2009-02-04 20:57","KeeperException.java","6284","18725","25009"
"2020-03-25 03:38","KeeperException.java","91460","270947","362407"
"2009-12-11 21:24","KeeperException.java","11016","75119","86135"
"2018-07-27 05:16","KeeperException.java","29207","181829","211036"
"2011-05-20 01:17","KeeperException.java","14049","103043","117092"
"2013-10-09 22:21","KeeperException.java","18310","133777","152087"
"2009-06-18 18:37","ProposalRequestProcessor.java","2002","6256","8258"
"2019-08-17 17:13","ProposalRequestProcessor.java","129742","257503","387245"
"2010-08-18 08:24","ProposalRequestProcessor.java","17063","75252","92315"
"2012-03-15 17:47","ProposalRequestProcessor.java","24563","83884","108447"
"2011-10-20 20:02","ProposalRequestProcessor.java","23981","79524","103505"
"2009-06-25 00:59","ZooKeeper.java","5210","55967","61177"
"2019-02-06 09:46","ZooKeeper.java","90283","235378","325661"
"2019-01-16 14:21","ZooKeeper.java","90283","233655","323938"
"2017-04-18 02:02","ZooKeeper.java","19624","164561","184185"
"2019-11-08 17:30","ZooKeeper.java","90310","263316","353626"
"2019-02-07 11:26","ZooKeeper.java","90283","236007","326290"
"2013-03-07 07:01","ZooKeeper.java","15093","126083","141176"
"2011-07-01 00:53","ZooKeeper.java","11465","104975","116440"
"2013-12-17 17:55","ZooKeeper.java","15305","133099","148404"
"2012-02-06 09:56","ZooKeeper.java","13897","110727","124624"
"2012-03-17 01:31","ZooKeeper.java","14038","112373","126411"
"2012-11-17 15:03","ZooKeeper.java","14355","117809","132164"
"2017-05-01 17:19","ZooKeeper.java","19627","164691","184318"
"2010-11-10 23:36","ZooKeeper.java","10375","139238","149613"
"2014-01-24 07:18","ZooKeeper.java","15318","135041","150359"
"2019-08-17 17:13","ZooKeeper.java","90310","257702","348012"
"2009-05-20 20:48","ZooKeeper.java","3993","43624","47617"
"2015-06-04 19:51","ZooKeeper.java","17147","155195","172342"
"2016-10-07 21:51","ZooKeeper.java","18957","162056","181013"
"2015-03-16 09:09","ZooKeeper.java","17082","152086","169168"
"2015-03-17 18:06","ZooKeeper.java","17085","152799","169884"
"2016-05-02 18:15","ZooKeeper.java","18654","158987","177641"
"2019-06-26 10:57","ZooKeeper.java","90310","245552","335862"
"2019-06-03 19:40","ZooKeeper.java","90310","243033","333343"
"2018-05-09 23:57","ZooKeeper.java","20099","171421","191520"
"2009-04-09 23:02","ZooKeeper.java","3136","17825","20961"
"2009-03-27 06:25","ZooKeeper.java","2833","16815","19648"
"2019-08-03 08:42","ZooKeeper.java","90310","258410","348720"
"2016-11-13 20:59","ZooKeeper.java","18967","164319","183286"
"2013-02-03 15:52","ZooKeeper.java","14847","121774","136621"
"2012-09-28 18:32","ZooKeeper.java","14227","115713","129940"
"2017-07-28 00:36","ZooKeeper.java","19899","164097","183996"
"2017-08-18 23:35","ZooKeeper.java","19931","164614","184545"
"2017-07-04 07:56","ZooKeeper.java","19881","164689","184570"
"2009-12-11 20:38","ZooKeeper.java","7780","72537","80317"
"2009-11-12 21:02","ZooKeeper.java","7560","64939","72499"
"2010-01-26 03:22","ZooKeeper.java","8418","77253","85671"
"2010-01-05 18:32","ZooKeeper.java","8099","73520","81619"
"2009-11-07 01:48","ZooKeeper.java","7454","64230","71684"
"2009-10-31 00:09","ZooKeeper.java","7207","63578","70785"
"2020-04-16 12:50","ZooKeeper.java","90766","271732","362498"
"2018-07-27 05:16","ZooKeeper.java","26349","179689","206038"
"2019-10-10 14:37","ZooKeeper.java","90310","261455","351765"
"2014-04-01 04:03","ZooKeeper.java","15519","136722","152241"
"2010-02-08 23:36","ZooKeeper.java","8429","76925","85354"
"2009-08-07 20:00","ZooKeeper.java","5588","58440","64028"
"2012-12-19 19:16","ZooKeeper.java","14807","121241","136048"
"2019-02-11 12:34","ZooKeeper.java","90283","236370","326653"
"2014-07-08 20:18","ZooKeeper.java","16867","142957","159824"
"2010-11-30 21:16","ZooKeeper.java","10517","139747","150264"
"2020-05-17 15:13","ZooKeeper.java","90767","272104","362871"
"2017-01-09 22:49","ZooKeeper.java","19143","166063","185206"
"2011-05-20 01:17","ZooKeeper.java","10977","100661","111638"
"2019-03-12 19:08","ZooKeeper.java","90289","237804","328093"
"2011-09-06 00:58","ZooKeeper.java","9494","107320","116814"
"2009-01-31 00:01","ZooKeeper.java","1368","10178","11546"
"2014-07-22 06:51","ZooKeeper.java","16942","147230","164172"
"2014-04-29 02:23","ZooKeeper.java","16690","139678","156368"
"2019-07-29 17:15","ToStringOutputArchive.java","4094","14375","18469"
"2019-06-03 19:40","FollowerZooKeeperServer.java","10351","27592","37943"
"2019-08-17 17:13","FollowerZooKeeperServer.java","36692","68602","105294"
"2019-05-03 00:44","FollowerZooKeeperServer.java","9866","25773","35639"
"2019-06-04 10:55","FollowerZooKeeperServer.java","10467","27861","38328"
"2018-12-09 03:16","FollowerZooKeeperServer.java","1327","5895","7222"
"2019-11-28 12:24","FollowerZooKeeperServer.java","43822","80638","124460"
"2019-12-27 22:33","FollowerZooKeeperServer.java","44163","84751","128914"
"2019-10-10 14:37","SessionTrackerImpl.java","210902","259900","470802"
"2019-09-20 10:02","SessionTrackerImpl.java","210902","259067","469969"
"2020-03-26 22:16","SessionTrackerImpl.java","212347","270384","482731"
"2015-03-08 23:07","SessionTrackerImpl.java","1231","5509","6740"
"2015-02-06 06:17","SessionTrackerImpl.java","1126","5230","6356"
"2018-09-18 01:00","SessionTrackerImpl.java","112227","139453","251680"
"2019-09-05 23:12","SessionTrackerImpl.java","210902","257066","467968"
"2019-08-17 17:13","SessionTrackerImpl.java","210902","256147","467049"
"2018-08-08 06:21","SessionTrackerImpl.java","83227","107347","190574"
"2018-05-09 23:57","SessionTrackerImpl.java","16845","37779","54624"
"2019-04-22 19:15","SessionTrackerImpl.java","210886","238913","449799"
"2019-07-25 21:41","LeaderBean.java","182646","199926","382572"
"2019-08-17 17:13","LeaderBean.java","182680","203477","386157"
"2019-01-07 14:55","LeaderBean.java","182366","178054","360420"
"2018-09-15 00:08","ZooKeeperServer.java","100649","106288","206937"
"2019-04-12 19:01","ZooKeeperServer.java","230574","236692","467266"
"2019-07-31 19:06","ZooKeeperServer.java","230611","254229","484840"
"2019-09-11 10:27","ZooKeeperServer.java","230612","256279","486891"
"2019-01-14 19:38","ZooKeeperServer.java","230472","230075","460547"
"2019-01-07 15:34","ZooKeeperServer.java","230472","229676","460148"
"2018-11-21 17:56","ZooKeeperServer.java","230468","222869","453337"
"2019-02-13 13:12","ZooKeeperServer.java","230499","233756","464255"
"2018-07-19 05:59","ZooKeeperServer.java","21649","23355","45004"
"2018-09-18 01:00","ZooKeeperServer.java","100763","107055","207818"
"2019-03-04 08:07","ZooKeeperServer.java","230500","234334","464834"
"2019-07-08 23:26","ZooKeeperServer.java","230610","243697","474307"
"2019-01-23 14:00","ZooKeeperServer.java","230474","231512","461986"
"2019-02-13 13:19","ZooKeeperServer.java","230499","234042","464541"
"2019-05-14 17:11","ZooKeeperServer.java","230591","239569","470160"
"2019-06-04 10:55","ZooKeeperServer.java","230610","240405","471015"
"2019-04-09 15:35","ZooKeeperServer.java","230502","235670","466172"
"2019-08-03 08:42","ZooKeeperServer.java","230611","255630","486241"
"2019-05-15 11:56","ZooKeeperServer.java","230591","239656","470247"
"2019-05-22 11:39","ZooKeeperServer.java","230593","240104","470697"
"2019-04-22 19:15","ZooKeeperServer.java","230574","237667","468241"
"2019-09-10 04:26","ZooKeeperServer.java","230612","255968","486580"
"2019-08-17 17:13","ZooKeeperServer.java","230611","254922","485533"
"2019-09-05 23:12","ZooKeeperServer.java","230612","255842","486454"
"2019-09-10 15:21","ZooKeeperServer.java","230612","255966","486578"
"2019-08-01 07:31","ZooKeeperServer.java","230611","255593","486204"
"2019-08-01 07:28","ZooKeeperServer.java","230611","255103","485714"
"2019-06-03 19:40","ZooKeeperServer.java","230610","240252","470862"
"2019-11-23 17:08","ZooKeeperServer.java","232473","261485","493958"
"2019-10-09 16:49","ZooKeeperServer.java","230612","258509","489121"
"2019-07-03 00:44","ZooKeeperServer.java","230610","242934","473544"
"2019-07-24 18:00","ZooKeeperServer.java","230611","251377","481988"
"2018-08-08 06:21","ZooKeeperServer.java","69634","72820","142454"
"2019-12-27 22:33","ZooKeeperServer.java","232474","265463","497937"
"2018-09-11 00:17","ZooKeeperServer.java","100618","104708","205326"
"2019-11-18 09:05","ZooKeeperServer.java","232473","259928","492401"
"2019-10-10 14:37","ZooKeeperServer.java","230612","258676","489288"
"2019-09-16 23:26","ZooKeeperServer.java","230612","257942","488554"
"2019-12-03 10:01","ZooKeeperServer.java","232473","263387","495860"
"2020-03-25 03:38","ZooKeeperServer.java","232475","269571","502046"
"2019-11-28 12:24","ZooKeeperServer.java","232473","261690","494163"
"2019-11-06 15:21","ZooKeeperServer.java","230660","258940","489600"
"2020-04-12 11:14","ZooKeeperServer.java","232536","270385","502921"
"2018-06-08 16:52","ZooKeeperServer.java","345","1094","1439"
"2018-06-15 07:41","ZooKeeperServer.java","354","1106","1460"
"2018-07-28 04:37","ZooKeeperServer.java","21785","24067","45852"
"2019-04-18 19:17","ZooKeeperServer.java","230574","237402","467976"
"2019-10-10 14:37","SessionTrackerImpl.java","210896","259900","470796"
"2019-09-20 10:02","SessionTrackerImpl.java","210896","259067","469963"
"2020-03-26 22:16","SessionTrackerImpl.java","212341","270384","482725"
"2015-03-08 23:07","SessionTrackerImpl.java","1239","5523","6762"
"2014-07-25 00:58","SessionTrackerImpl.java","8","14","22"
"2015-02-06 06:17","SessionTrackerImpl.java","1134","5244","6378"
"2018-09-18 01:00","SessionTrackerImpl.java","112232","139464","251696"
"2019-09-05 23:12","SessionTrackerImpl.java","210896","257066","467962"
"2019-08-17 17:13","SessionTrackerImpl.java","210896","256147","467043"
"2018-08-08 06:21","SessionTrackerImpl.java","83232","107358","190590"
"2018-05-09 23:57","SessionTrackerImpl.java","16850","37790","54640"
"2019-04-22 19:15","SessionTrackerImpl.java","210880","238913","449793"
"2018-07-10 12:46","QuorumTest.java","34021","174514","208535"
"2009-06-26 22:29","QuorumTest.java","6016","44994","51010"
"2019-08-17 17:13","QuorumTest.java","102765","257687","360452"
"2009-07-17 00:09","QuorumTest.java","6267","45773","52040"
"2010-11-04 17:01","QuorumTest.java","14461","129893","144354"
"2012-12-13 08:14","QuorumTest.java","21623","114227","135850"
"2011-06-22 00:19","QuorumTest.java","18090","96554","114644"
"2010-03-19 07:46","QuorumTest.java","13020","78984","92004"
"2011-07-15 06:50","QuorumTest.java","16266","95178","111444"
"2010-08-18 08:24","QuorumTest.java","14323","99673","113996"
"2013-10-09 22:21","QuorumTest.java","22302","126596","148898"
"2010-03-31 06:26","QuorumTest.java","13734","79617","93351"
"2011-09-17 02:13","QuorumTest.java","18955","102949","121904"
"2010-07-29 23:10","QuorumTest.java","13943","94103","108046"
"2011-04-12 09:14","QuorumTest.java","17906","94301","112207"
"2009-08-11 07:44","QuorumTest.java","6359","46929","53288"
"2009-08-07 01:23","QuorumTest.java","6337","46674","53011"
"2019-10-10 14:37","QuorumTest.java","102765","261440","364205"
"2019-09-18 11:20","QuorumTest.java","102765","260599","363364"
"2009-09-16 02:09","QuorumTest.java","6810","48731","55541"
"2019-12-28 16:17","QuorumTest.java","103223","266730","369953"
"2009-08-25 07:45","QuorumTest.java","6378","47793","54171"
"2009-10-30 17:19","QuorumTest.java","7902","50953","58855"
"2015-11-03 08:11","QuorumTest.java","24336","151958","176294"
"2011-07-29 10:14","QuorumTest.java","16331","97775","114106"
"2010-03-13 01:06","QuorumTest.java","12862","78498","91360"
"2020-03-26 18:41","ZooKeeperMain.java","4782","12664","17446"
"2020-04-01 17:02","ZooKeeperMain.java","5024","13230","18254"
"2020-03-26 22:19","ZooKeeperMain.java","4824","12775","17599"
"2017-07-28 00:36","ZooKeeperAdmin.java","2825","2086","4911"
"2019-08-17 17:13","ZooKeeperAdmin.java","224554","255250","479804"
"2020-03-26 22:19","ZooKeeperAdmin.java","226181","269734","495915"
"2018-06-26 11:18","QuorumPeerTest.java","12768","25059","37827"
"2019-07-12 17:01","QuorumPeerTest.java","220278","251201","471479"
"2019-08-17 17:13","QuorumPeerTest.java","220278","255888","476166"
"2019-08-17 17:13","ProposalRequestProcessor.java","133993","257500","391493"
"2010-08-18 08:24","ProposalRequestProcessor.java","17805","71740","89545"
"2012-03-15 17:47","ProposalRequestProcessor.java","25764","80894","106658"
"2011-10-20 20:02","ProposalRequestProcessor.java","25146","76498","101644"
"2019-06-07 14:13","TruncateTest.java","224313","241289","465602"
"2019-08-17 17:13","TruncateTest.java","224314","255186","479500"
"2018-05-09 23:57","TruncateTest.java","1540","8101","9641"
"2019-07-12 17:01","TruncateTest.java","224314","250499","474813"
"2020-01-28 17:26","TruncateTest.java","225979","267249","493228"
"2015-07-07 07:11","MultiOperationTest.java","20463","63159","83622"
"2019-09-18 11:20","MultiOperationTest.java","177002","259662","436664"
"2011-10-26 19:00","MultiOperationTest.java","3238","1717","4955"
"2012-12-19 19:16","MultiOperationTest.java","9463","20012","29475"
"2013-12-17 17:55","MultiOperationTest.java","11387","33296","44683"
"2015-11-21 22:18","MultiOperationTest.java","20676","64860","85536"
"2012-01-16 03:32","MultiOperationTest.java","4529","4928","9457"
"2012-03-17 01:31","MultiOperationTest.java","5073","7523","12596"
"2012-02-06 10:58","MultiOperationTest.java","4967","6009","10976"
"2012-02-06 11:13","MultiOperationTest.java","4975","6061","11036"
"2019-06-26 10:57","MultiOperationTest.java","177002","244600","421602"
"2019-08-17 17:13","MultiOperationTest.java","177002","256750","433752"
"2013-02-03 15:52","MultiOperationTest.java","10085","21127","31212"
"2014-10-28 05:35","MultiOperationTest.java","18801","55469","74270"
"2013-12-16 05:18","NettyServerCnxnFactory.java","26929","51071","78000"
"2016-06-23 23:45","NettyServerCnxnFactory.java","37099","84960","122059"
"2020-02-26 22:41","NettyServerCnxnFactory.java","188486","268712","457198"
"2019-10-10 14:37","NettyServerCnxnFactory.java","187413","260738","448151"
"2013-10-05 00:57","NettyServerCnxnFactory.java","26675","46758","73433"
"2019-09-10 18:50","NettyServerCnxnFactory.java","187413","258102","445515"
"2019-11-14 03:54","NettyServerCnxnFactory.java","187413","264994","452407"
"2019-02-12 15:25","NettyServerCnxnFactory.java","187349","235746","423095"
"2018-10-16 16:22","NettyServerCnxnFactory.java","156287","236875","393162"
"2019-02-15 15:36","NettyServerCnxnFactory.java","187360","236172","423532"
"2012-08-28 21:51","NettyServerCnxnFactory.java","24333","31889","56222"
"2010-11-10 23:36","NettyServerCnxnFactory.java","1206","32249","33455"
"2019-04-12 19:01","NettyServerCnxnFactory.java","187414","238793","426207"
"2018-11-22 17:56","NettyServerCnxnFactory.java","187347","225616","412963"
"2018-09-22 06:48","NettyServerCnxnFactory.java","119536","183777","303313"
"2013-03-07 07:01","NettyServerCnxnFactory.java","26292","43840","70132"
"2018-12-15 07:34","NettyServerCnxnFactory.java","187347","229492","416839"
"2011-08-19 00:05","NettyServerCnxnFactory.java","15526","17925","33451"
"2014-07-18 02:19","NettyServerCnxnFactory.java","33820","70119","103939"
"2019-02-13 13:12","NettyServerCnxnFactory.java","187360","235878","423238"
"2019-08-17 17:13","NettyServerCnxnFactory.java","187413","256985","444398"
"2015-03-17 18:06","NettyServerCnxnFactory.java","34222","76494","110716"
"2015-03-28 20:08","NettyServerCnxnFactory.java","34235","77496","111731"
"2019-11-23 17:08","NettyServerCnxnFactory.java","188486","262759","451245"
"2019-07-03 00:44","NettyServerCnxnFactory.java","187413","244998","432411"
"2019-06-05 00:29","NettyServerCnxnFactory.java","187413","242652","430065"
"2019-07-23 15:55","NettyServerCnxnFactory.java","187413","252993","440406"
"2014-09-28 19:15","NettyServerCnxnFactory.java","33986","72883","106869"
"2019-06-24 11:05","NettyServerCnxnFactory.java","187413","244318","431731"
"2015-01-30 03:23","NettyServerCnxnFactory.java","34054","74898","108952"
"2019-08-03 08:42","NettyServerCnxnFactory.java","187413","257693","445106"
"2020-05-17 15:13","RemoveWatchesTest.java","14474","24666","39140"
"2019-10-10 14:37","FLEZeroWeightTest.java","167976","260768","428744"
"2011-04-12 09:14","FLEZeroWeightTest.java","17408","27920","45328"
"2012-04-23 01:20","FLEZeroWeightTest.java","26113","51233","77346"
"2017-09-11 18:55","FLEZeroWeightTest.java","40664","111393","152057"
"2019-08-17 17:13","FLEZeroWeightTest.java","167976","257015","424991"
"2019-07-12 17:01","FLEZeroWeightTest.java","167976","252328","420304"
"2019-06-07 14:13","SessionTest.java","57679","243946","301625"
"2019-08-17 17:13","SessionTest.java","57679","257842","315521"
"2009-06-26 22:29","SessionTest.java","9451","93670","103121"
"2009-06-30 03:32","SessionTest.java","9452","93763","103215"
"2009-07-17 00:09","SessionTest.java","9494","94241","103735"
"2009-01-28 01:15","SessionTest.java","7478","40206","47684"
"2009-01-15 23:57","SessionTest.java","7291","39850","47141"
"2017-09-11 18:55","SessionTest.java","18992","188534","207526"
"2010-11-04 17:01","SessionTest.java","12185","172858","185043"
"2018-09-22 06:48","SessionTest.java","44517","226981","271498"
"2008-09-05 22:30","SessionTest.java","500","1805","2305"
"2011-10-25 08:09","SessionTest.java","15768","134871","150639"
"2010-08-17 09:24","SessionTest.java","11859","139090","150949"
"2011-04-12 09:14","SessionTest.java","12711","134347","147058"
"2010-03-31 06:26","SessionTest.java","11761","122885","134646"
"2010-08-18 08:24","SessionTest.java","12151","142742","154893"
"2010-10-21 02:44","SessionTest.java","12179","172746","184925"
"2010-08-05 09:09","SessionTest.java","11859","137314","149173"
"2013-12-21 22:05","SessionTest.java","16946","159615","176561"
"2010-03-12 19:26","SessionTest.java","11392","122258","133650"
"2009-08-07 01:23","SessionTest.java","9523","95101","104624"
"2019-10-10 14:37","SessionTest.java","57679","261595","319274"
"2015-07-07 07:11","SessionTest.java","18509","181871","200380"
"2019-12-28 16:17","SessionTest.java","58000","266748","324748"
"2009-09-16 02:09","SessionTest.java","9740","96902","106642"
"2010-01-26 03:22","SessionTest.java","11303","112909","124212"
"2019-06-07 14:13","SessionTest.java","58984","243946","302930"
"2019-08-17 17:13","SessionTest.java","58984","257842","316826"
"2009-06-26 22:29","SessionTest.java","9254","92168","101422"
"2009-06-30 03:32","SessionTest.java","9255","92261","101516"
"2009-07-17 00:09","SessionTest.java","9307","92749","102056"
"2009-01-28 01:15","SessionTest.java","7254","38677","45931"
"2009-01-15 23:57","SessionTest.java","7058","38312","45370"
"2017-09-11 18:55","SessionTest.java","19251","187488","206739"
"2010-11-04 17:01","SessionTest.java","12296","171664","183960"
"2018-09-22 06:48","SessionTest.java","44785","225944","270729"
"2011-10-25 08:09","SessionTest.java","15937","133735","149672"
"2010-08-17 09:24","SessionTest.java","11961","137887","149848"
"2011-04-12 09:14","SessionTest.java","12860","133191","146051"
"2010-03-31 06:26","SessionTest.java","11835","121654","133489"
"2010-08-18 08:24","SessionTest.java","12260","141546","153806"
"2010-10-21 02:44","SessionTest.java","12290","171552","183842"
"2010-08-05 09:09","SessionTest.java","11961","136111","148072"
"2013-12-21 22:05","SessionTest.java","17125","158489","175614"
"2010-03-12 19:26","SessionTest.java","11410","120971","132381"
"2009-08-07 01:23","SessionTest.java","9339","93612","102951"
"2019-10-10 14:37","SessionTest.java","58984","261595","320579"
"2015-07-07 07:11","SessionTest.java","18695","180752","199447"
"2019-12-28 16:17","SessionTest.java","59305","266748","326053"
"2009-09-16 02:09","SessionTest.java","9708","95565","105273"
"2010-01-26 03:22","SessionTest.java","11321","111622","122943"
"2019-08-17 17:13","SerializationPerfTest.java","57679","257842","315521"
"2009-07-17 00:09","SerializationPerfTest.java","9494","94241","103735"
"2011-04-12 09:14","SerializationPerfTest.java","12711","134347","147058"
"2010-03-31 06:26","SerializationPerfTest.java","11761","122885","134646"
"2011-06-23 18:01","SerializationPerfTest.java","12786","136517","149303"
"2019-10-10 14:37","SerializationPerfTest.java","57679","261595","319274"
"2009-09-16 02:09","SerializationPerfTest.java","9740","96902","106642"
"2019-08-17 17:13","FollowerResyncConcurrencyTest.java","220352","255916","476268"
"2019-06-03 19:40","FollowerResyncConcurrencyTest.java","220351","241246","461597"
"2019-10-10 14:37","FollowerResyncConcurrencyTest.java","220352","259669","480021"
"2019-12-28 16:17","FollowerResyncConcurrencyTest.java","221904","266053","487957"
"2019-04-18 19:17","ServerConfigTest.java","226218","237774","463992"
"2017-01-06 13:11","ServerConfigTest.java","25","176","201"
"2019-08-17 17:13","ServerConfigTest.java","226237","255276","481513"
"2019-08-17 17:13","AckRequestProcessor.java","29708","44381","74089"
"2018-12-20 15:13","QuorumPeer.java","231397","228268","459665"
"2019-05-16 16:25","QuorumPeer.java","231526","239626","471152"
"2018-10-16 16:22","QuorumPeer.java","198628","220326","418954"
"2019-06-14 09:06","QuorumPeer.java","231545","242844","474389"
"2018-12-07 12:41","QuorumPeer.java","231396","225281","456677"
"2019-03-11 19:47","QuorumPeer.java","231428","234727","466155"
"2019-02-13 13:12","QuorumPeer.java","231427","233674","465101"
"2019-04-12 19:01","QuorumPeer.java","231509","236617","468126"
"2018-12-09 03:16","QuorumPeer.java","231396","227355","458751"
"2018-09-11 15:23","QuorumPeer.java","89915","93942","183857"
"2019-11-29 14:49","QuorumPeer.java","233483","263341","496824"
"2018-12-15 07:34","QuorumPeer.java","231396","227270","458666"
"2018-11-27 10:02","QuorumPeer.java","231396","225031","456427"
"2018-09-18 01:00","QuorumPeer.java","90063","95345","185408"
"2019-06-03 19:40","QuorumPeer.java","231545","240177","471722"
"2019-07-15 14:15","QuorumPeer.java","231546","250266","481812"
"2019-07-03 00:44","QuorumPeer.java","231545","242859","474404"
"2019-08-17 17:13","QuorumPeer.java","231546","254847","486393"
"2019-05-15 11:56","QuorumPeer.java","231526","239581","471107"
"2019-06-05 00:33","QuorumPeer.java","231545","240567","472112"
"2019-05-20 23:13","QuorumPeer.java","231528","239701","471229"
"2019-06-04 10:55","QuorumPeer.java","231545","240330","471875"
"2019-07-12 17:01","QuorumPeer.java","231546","250160","481706"
"2020-01-09 11:27","QuorumPeer.java","233485","264889","498374"
"2018-10-01 06:11","QuorumPeer.java","90767","98628","189395"
"2019-12-17 13:48","QuorumPeer.java","233483","263913","497396"
"2020-01-23 13:43","QuorumPeer.java","233485","266713","500198"
"2018-12-06 10:56","QuorumPeer.java","231396","225225","456621"
"2019-10-10 14:37","QuorumPeer.java","231547","258601","490148"
"2018-07-27 12:32","QuorumPeer.java","10786","11986","22772"
"2019-04-18 19:17","QuorumPeer.java","231509","237327","468836"
"2020-02-16 10:25","QuorumPeer.java","233485","267426","500911"
"2019-08-17 17:13","ZooKeeperSaslServer.java","228064","255079","483143"
"2017-09-11 18:55","QuorumBase.java","35476","126549","162025"
"2012-04-23 01:20","QuorumBase.java","26908","72372","99280"
"2019-07-12 17:01","QuorumBase.java","146571","252500","399071"
"2012-12-11 08:42","QuorumBase.java","27670","78313","105983"
"2019-08-17 17:13","QuorumBase.java","146571","257187","403758"
"2019-08-01 07:31","QuorumBase.java","146571","257858","404429"
"2009-11-18 20:06","QuorumBase.java","1083","8701","9784"
"2018-08-08 06:21","QuorumBase.java","69923","170743","240666"
"2009-12-15 23:23","QuorumBase.java","1973","10169","12142"
"2009-11-20 23:28","QuorumBase.java","1633","9530","11163"
"2019-10-10 14:37","QuorumBase.java","146571","260940","407511"
"2010-03-13 01:06","QuorumBase.java","10921","32251","43172"
"2020-03-25 03:38","QuorumBase.java","147510","270911","418421"
"2014-07-18 19:46","QuorumBase.java","31084","107364","138448"
"2010-07-23 06:22","QuorumBase.java","15258","50402","65660"
"2011-05-20 01:17","QuorumBase.java","21386","54294","75680"
"2010-05-05 22:32","QuorumBase.java","14974","36323","51297"
"2010-08-18 08:24","QuorumBase.java","16189","57233","73422"
"2013-10-09 22:21","QuorumBase.java","28993","91490","120483"
"2010-03-31 06:26","QuorumBase.java","12541","34118","46659"
"2014-06-25 19:25","QuorumBase.java","30668","101952","132620"
"2011-04-12 09:14","QuorumBase.java","21324","53413","74737"
"2013-05-11 14:51","FLETest.java","12882","39157","52039"
"2019-10-10 14:37","FLETest.java","178740","260685","439425"
"2013-10-21 23:36","FLETest.java","13506","45301","58807"
"2013-10-02 20:19","FLETest.java","13296","41980","55276"
"2014-06-25 15:04","FLETest.java","19924","59609","79533"
"2011-09-17 02:13","FLETest.java","4669","15801","20470"
"2016-06-02 00:59","FLETest.java","24013","80086","104099"
"2011-12-23 20:46","FLETest.java","7789","19046","26835"
"2017-09-11 18:55","FLETest.java","27791","87799","115590"
"2012-04-23 01:20","FLETest.java","10694","25093","35787"
"2019-08-17 17:13","FLETest.java","178740","256932","435672"
"2020-03-20 11:00","FileChangeWatcher.java","12032","24040","36072"
"2019-10-10 14:37","FileChangeWatcher.java","3717","7470","11187"
"2019-11-08 17:30","WatchManagerTest.java","32317","58223","90540"
"2019-04-12 19:01","WatchManagerTest.java","752","2851","3603"
"2019-08-17 17:13","WatchManagerTest.java","30069","50361","80430"
"2018-11-17 18:33","ServerCnxn.java","147108","225212","372320"
"2019-01-14 19:38","ServerCnxn.java","147108","232429","379537"
"2019-04-12 19:01","ServerCnxn.java","147158","238994","386152"
"2011-08-19 00:05","ServerCnxn.java","20438","62004","82442"
"2014-07-18 02:19","ServerCnxn.java","31267","106733","138000"
"2018-09-18 01:00","ServerCnxn.java","89466","192805","282271"
"2019-07-08 23:26","ServerCnxn.java","147158","245963","393121"
"2016-11-16 06:21","ServerCnxn.java","33908","125532","159440"
"2019-08-17 17:13","ServerCnxn.java","147158","257187","404345"
"2019-07-03 00:44","ServerCnxn.java","147158","245200","392358"
"2015-03-28 20:08","ServerCnxn.java","31533","113961","145494"
"2015-06-28 21:09","ServerCnxn.java","31754","115882","147636"
"2018-07-12 01:33","ServerCnxn.java","43163","141428","184591"
"2018-08-08 06:21","ServerCnxn.java","70135","170368","240503"
"2017-11-28 00:10","ServerCnxn.java","35769","130112","165881"
"2019-11-18 09:05","ServerCnxn.java","148097","261270","409367"
"2020-02-26 22:41","ServerCnxn.java","148097","268780","416877"
"2018-09-28 23:38","ServerCnxn.java","89561","195474","285035"
"2011-05-20 01:17","ServerCnxn.java","21517","53838","75355"
"2011-08-11 08:00","ServerCnxn.java","20418","59555","79973"
"2010-08-18 08:24","ServerCnxn.java","16311","56768","73079"
"2019-11-11 13:59","ServerCnxn.java","147158","264597","411755"
"2019-08-17 17:13","CRCTest.java","167976","257015","424991"
"2010-08-18 08:24","CRCTest.java","4983","24450","29433"
"2011-04-12 09:14","CRCTest.java","17408","27920","45328"
"2016-08-24 01:36","CRCTest.java","37909","105643","143552"
"2019-10-10 14:37","CRCTest.java","167976","260768","428744"
"2013-12-21 22:05","CRCTest.java","28511","72367","100878"
"2020-01-25 18:48","LearnerMetricsTest.java","11028","17909","28937"
"2019-10-10 14:37","LearnerMetricsTest.java","2913","3430","6343"
"2019-10-10 14:37","Observer.java","228065","258833","486898"
"2019-12-27 22:33","Observer.java","229835","265528","495363"
"2019-07-15 14:15","Observer.java","228064","250498","478562"
"2019-08-23 19:43","Observer.java","228064","255745","483809"
"2019-08-17 17:13","Observer.java","228064","255079","483143"
"2019-05-03 00:44","Observer.java","228044","239056","467100"
"2019-06-05 00:33","Observer.java","228063","240799","468862"
"2019-07-02 07:34","Observer.java","228063","243021","471084"
"2018-12-09 03:16","Observer.java","227923","227596","455519"
"2019-12-27 22:33","FileTxnSnapLog.java","178296","266642","444938"
"2019-10-10 14:37","FileTxnSnapLog.java","176988","260409","437397"
"2019-12-13 08:51","FileTxnSnapLog.java","178296","264679","442975"
"2017-01-07 01:09","FileTxnSnapLog.java","21616","72549","94165"
"2014-02-12 17:00","FileTxnSnapLog.java","7846","31854","39700"
"2012-03-06 09:20","FileTxnSnapLog.java","860","2143","3003"
"2020-01-23 16:46","FileTxnSnapLog.java","178296","267891","446187"
"2020-01-28 17:26","FileTxnSnapLog.java","178296","268362","446658"
"2016-09-18 23:21","FileTxnSnapLog.java","20894","67355","88249"
"2017-01-23 02:13","FileTxnSnapLog.java","21648","72985","94633"
"2018-06-08 16:52","FileTxnSnapLog.java","26320","82426","108746"
"2019-09-02 08:23","FileTxnSnapLog.java","176988","257313","434301"
"2017-04-28 07:14","FileTxnSnapLog.java","23623","72701","96324"
"2019-07-31 19:06","FileTxnSnapLog.java","176988","255963","432951"
"2018-07-30 06:22","FileTxnSnapLog.java","44415","102176","146591"
"2012-02-06 09:40","FileTxnSnapLog.java","439","1300","1739"
"2012-07-17 23:25","FileTxnSnapLog.java","3517","8101","11618"
"2020-01-30 09:43","FileTxnSnapLog.java","178296","268438","446734"
"2019-05-14 17:11","FileTxnSnapLog.java","176988","241323","418311"
"2013-06-28 23:22","FileTxnSnapLog.java","7030","23917","30947"
"2014-02-10 21:50","FileTxnSnapLog.java","7810","31706","39516"
"2019-05-21 23:34","FileTxnSnapLog.java","176988","241644","418632"
"2019-05-27 10:54","FileTxnSnapLog.java","176988","241976","418964"
"2017-01-13 19:29","FileTxnSnapLog.java","21627","72763","94390"
"2017-06-26 00:07","FileTxnSnapLog.java","24714","73330","98044"
"2018-02-23 23:49","FileTxnSnapLog.java","26115","79967","106082"
"2017-08-18 06:32","FileTxnSnapLog.java","25268","73886","99154"
"2019-08-17 17:13","FileTxnSnapLog.java","176988","256656","433644"
"2018-02-14 21:23","FileTxnSnapLog.java","26100","79788","105888"
"2020-01-20 08:39","ZKConfig.java","114782","124285","239067"
"2020-01-20 09:06","ZKConfig.java","114782","124381","239163"
"2019-10-10 14:37","ZKConfig.java","111293","116649","227942"
"2018-12-15 07:34","ZKConfig.java","87714","61890","149604"
"2019-08-17 17:13","ZKConfig.java","109882","111485","221367"
"2019-12-27 22:33","FileTxnSnapLog.java","226286","265554","491840"
"2019-10-10 14:37","FileTxnSnapLog.java","224660","259003","483663"
"2019-12-13 08:51","FileTxnSnapLog.java","226285","263590","489875"
"2020-01-23 16:46","FileTxnSnapLog.java","226287","266804","493091"
"2020-01-28 17:26","FileTxnSnapLog.java","226287","267275","493562"
"2018-06-08 16:52","FileTxnSnapLog.java","4784","11812","16596"
"2019-09-02 08:23","FileTxnSnapLog.java","224660","255907","480567"
"2019-07-31 19:06","FileTxnSnapLog.java","224660","254557","479217"
"2018-07-30 06:22","FileTxnSnapLog.java","25676","34359","60035"
"2020-01-30 09:43","FileTxnSnapLog.java","226287","267351","493638"
"2019-05-14 17:11","FileTxnSnapLog.java","224641","239898","464539"
"2019-05-21 23:34","FileTxnSnapLog.java","224642","240220","464862"
"2019-05-27 10:54","FileTxnSnapLog.java","224642","240552","465194"
"2017-06-26 00:07","FileTxnSnapLog.java","1210","748","1958"
"2018-02-23 23:49","FileTxnSnapLog.java","4264","9038","13302"
"2017-08-18 06:32","FileTxnSnapLog.java","2909","2449","5358"
"2019-08-17 17:13","FileTxnSnapLog.java","224660","255250","479910"
"2018-02-14 21:23","FileTxnSnapLog.java","4238","8848","13086"
"2019-10-10 14:37","MiniKdc.java","228065","258833","486898"
"2019-08-17 17:13","MiniKdc.java","228064","255079","483143"
"2019-05-08 21:54","MiniKdc.java","228044","239561","467605"
"2018-08-06 14:11","MiniKdc.java","22602","28128","50730"
"2011-04-29 18:12","QuorumCnxManager.java","22315","56240","78555"
"2011-12-28 01:26","QuorumCnxManager.java","25947","69796","95743"
"2019-11-29 14:49","QuorumCnxManager.java","146009","264683","410692"
"2013-03-07 07:01","QuorumCnxManager.java","29227","88030","117257"
"2018-07-11 06:04","QuorumCnxManager.java","43468","143652","187120"
"2018-08-06 14:11","QuorumCnxManager.java","48199","150156","198355"
"2010-11-17 15:59","QuorumCnxManager.java","17904","91472","109376"
"2012-06-29 22:08","QuorumCnxManager.java","27760","74768","102528"
"2018-10-16 16:22","QuorumCnxManager.java","117168","239011","356179"
"2019-06-14 09:06","QuorumCnxManager.java","145130","245245","390375"
"2019-08-03 08:42","QuorumCnxManager.java","145130","257955","403085"
"2019-11-13 20:41","QuorumCnxManager.java","145130","264966","410096"
"2019-04-09 16:08","QuorumCnxManager.java","145097","238070","383167"
"2019-08-06 12:52","QuorumCnxManager.java","145130","258220","403350"
"2017-02-09 11:40","QuorumCnxManager.java","34573","129780","164353"
"2019-05-20 23:13","QuorumCnxManager.java","145130","242119","387249"
"2015-04-09 20:16","QuorumCnxManager.java","31950","116540","148490"
"2017-08-23 02:16","QuorumCnxManager.java","35953","128464","164417"
"2019-07-27 20:04","QuorumCnxManager.java","145130","253778","398908"
"2015-05-29 23:46","QuorumCnxManager.java","32060","117166","149226"
"2015-05-14 07:10","QuorumCnxManager.java","32028","116838","148866"
"2020-03-12 14:47","QuorumCnxManager.java","146009","270069","416078"
"2019-08-17 17:13","QuorumCnxManager.java","145130","257247","402377"
"2017-11-28 00:10","QuorumCnxManager.java","36085","132516","168601"
"2009-11-18 20:06","QuorumCnxManager.java","2517","11636","14153"
"2009-12-15 23:23","QuorumCnxManager.java","3376","13073","16449"
"2019-10-10 14:37","QuorumCnxManager.java","145130","261000","406130"
"2014-07-23 19:36","QuorumCnxManager.java","31740","109897","141637"
"2017-06-09 18:37","QuorumCnxManager.java","35842","128057","163899"
"2020-01-23 13:43","QuorumCnxManager.java","146009","268053","414062"
"2014-03-23 04:12","QuorumCnxManager.java","29869","98042","127911"
"2010-01-19 21:06","QuorumCnxManager.java","4006","16719","20725"
"2010-01-21 04:08","QuorumCnxManager.java","4029","16748","20777"
"2014-07-08 05:25","QuorumCnxManager.java","31644","105531","137175"
"2019-11-28 12:24","QuorumCnxManager.java","146009","263032","409041"
"2014-06-25 15:04","QuorumCnxManager.java","31292","103543","134835"
"2011-08-15 02:44","QuorumCnxManager.java","21170","62626","83796"
"2016-06-08 17:43","QuorumCnxManager.java","33838","122476","156314"
"2020-03-23 16:20","QuorumCnxManager.java","146009","270240","416249"
"2020-02-16 10:25","QuorumCnxManager.java","146009","268766","414775"
"2014-07-22 06:45","QuorumCnxManager.java","31739","109821","141560"
"2011-04-12 09:14","QuorumCnxManager.java","22271","55861","78132"
"2010-10-06 19:01","QuorumCnxManager.java","17285","88246","105531"
"2018-07-27 12:32","QuorumCnxManager.java","48168","149513","197681"
"2010-10-20 00:32","QuorumCnxManager.java","17319","89773","107092"
"2011-03-16 19:49","QuorumCnxManager.java","18126","93189","111315"
"2020-01-28 17:26","SnapshotDigestTest.java","10252","19607","29859"
"2018-10-16 16:22","QuorumPeerConfig.java","174407","235306","409713"
"2018-12-09 03:16","QuorumPeerConfig.java","193767","228927","422694"
"2019-04-12 19:01","QuorumPeerConfig.java","193851","238160","432011"
"2018-09-11 15:23","QuorumPeerConfig.java","111765","154993","266758"
"2018-12-15 07:34","QuorumPeerConfig.java","193767","228842","422609"
"2019-02-13 13:12","QuorumPeerConfig.java","193788","235236","429024"
"2019-08-17 17:13","QuorumPeerConfig.java","193867","256369","450236"
"2015-03-17 18:06","QuorumPeerConfig.java","11331","33914","45245"
"2014-01-21 04:50","QuorumPeerConfig.java","885","5894","6779"
"2017-11-28 00:10","QuorumPeerConfig.java","23777","59264","83041"
"2019-06-05 00:29","QuorumPeerConfig.java","193867","242036","435903"
"2014-09-17 07:34","QuorumPeerConfig.java","10758","29888","40646"
"2020-01-09 11:27","QuorumPeerConfig.java","195213","265818","461031"
"2019-07-12 17:01","QuorumPeerConfig.java","193867","251682","445549"
"2016-11-13 20:59","QuorumPeerConfig.java","17714","49935","67649"
"2019-05-15 11:56","QuorumPeerConfig.java","193851","241107","434958"
"2014-08-19 22:50","QuorumPeerConfig.java","10758","28802","39560"
"2018-10-01 06:11","QuorumPeerConfig.java","111999","159061","271060"
"2017-07-28 00:36","QuorumPeerConfig.java","23144","54211","77355"
"2013-09-30 22:20","QuorumPeerConfig.java","38","282","320"
"2017-07-06 18:48","QuorumPeerConfig.java","22130","54079","76209"
"2020-01-23 13:43","QuorumPeerConfig.java","195213","267642","462855"
"2014-05-17 13:23","QuorumPeerConfig.java","8475","18379","26854"
"2014-07-04 04:19","QuorumPeerConfig.java","8865","21318","30183"
"2016-06-23 19:42","QuorumPeerConfig.java","16624","44413","61037"
"2015-09-06 20:02","QuorumPeerConfig.java","13028","39123","52151"
"2015-09-29 03:56","QuorumPeerConfig.java","13074","39350","52424"
"2019-10-10 14:37","QuorumPeerConfig.java","193867","260122","453989"
"2018-07-27 12:32","QuorumPeerConfig.java","42869","83270","126139"
"2019-04-18 19:17","QuorumPeerConfig.java","193851","238870","432721"
"2016-11-03 16:07","QuorumPeerConfig.java","17579","48131","65710"
"2014-03-25 22:13","QuorumPeerConfig.java","1270","8735","10005"
"2013-10-09 22:21","QuorumPeerConfig.java","505","3559","4064"
"2014-08-01 07:38","QuorumPeerConfig.java","10589","28098","38687"
"2014-08-14 08:08","QuorumPeerConfig.java","10671","28601","39272"
"2020-02-16 10:25","QuorumPeerConfig.java","195213","268355","463568"
"2020-05-14 18:18","QuorumPeerConfig.java","195221","271588","466809"
"2017-05-11 16:59","QuorumPeerConfig.java","21857","52939","74796"
"2019-08-17 17:13","CRCTest.java","187413","256985","444398"
"2011-04-12 09:14","CRCTest.java","14662","5707","20369"
"2016-08-24 01:36","CRCTest.java","37524","85848","123372"
"2019-10-10 14:37","CRCTest.java","187413","260738","448151"
"2013-12-21 22:05","CRCTest.java","26938","51384","78322"
"2020-01-28 17:26","SnapshotDigestTest.java","11862","22260","34122"
"2019-09-10 15:21","SnapshotDigestTest.java","1694","2737","4431"
"2019-08-17 17:13","LearnerHandlerMetricsTest.java","29709","44385","74094"
"2014-03-25 22:13","QuorumPeerMainTest.java","29814","89410","119224"
"2011-09-03 01:07","QuorumPeerMainTest.java","20695","57527","78222"
"2018-05-10 00:14","QuorumPeerMainTest.java","36458","126832","163290"
"2018-10-05 14:25","QuorumPeerMainTest.java","125506","225554","351060"
"2018-07-17 10:41","QuorumPeerMainTest.java","52919","144940","197859"
"2018-07-27 12:32","QuorumPeerMainTest.java","52956","145488","198444"
"2013-10-09 22:21","QuorumPeerMainTest.java","29558","84743","114301"
"2010-03-31 06:26","QuorumPeerMainTest.java","12524","26483","39007"
"2011-09-17 02:13","QuorumPeerMainTest.java","23420","58305","81725"
"2010-05-21 18:22","QuorumPeerMainTest.java","15160","30059","45219"
"2015-11-03 08:11","QuorumPeerMainTest.java","32257","110770","143027"
"2020-01-23 13:43","QuorumPeerMainTest.java","155128","268053","423181"
"2011-06-14 14:11","QuorumPeerMainTest.java","21828","48276","70104"
"2010-03-04 23:55","QuorumPeerMainTest.java","10700","17726","28426"
"2019-10-10 14:37","QuorumPeerMainTest.java","154189","260940","415129"
"2019-12-28 16:17","QuorumPeerMainTest.java","155128","266711","421839"
"2017-12-16 01:25","QuorumPeerMainTest.java","36285","123947","160232"
"2018-01-19 00:52","QuorumPeerMainTest.java","36317","124092","160409"
"2018-04-30 06:34","QuorumPeerMainTest.java","36457","126200","162657"
"2019-07-25 21:41","QuorumPeerMainTest.java","154189","253670","407859"
"2019-08-17 17:13","QuorumPeerMainTest.java","154189","257187","411376"
"2018-02-23 23:49","QuorumPeerMainTest.java","36361","125178","161539"
"2011-06-14 07:14","QuorumPeerMainTest.java","21827","48248","70075"
"2012-04-23 01:20","QuorumPeerMainTest.java","27414","65566","92980"
"2014-01-09 20:21","QuorumPeerMainTest.java","29620","86651","116271"
"2019-07-02 07:34","QuorumPeerMainTest.java","154189","245130","399319"
"2019-05-20 17:18","QuorumPeerMainTest.java","154189","241978","396167"
"2018-10-16 16:22","QuorumPeerMainTest.java","125508","238538","364046"
"2015-02-06 06:17","QuorumPeerMainTest.java","31891","105383","137274"
"2018-08-29 06:26","QuorumPeerMainTest.java","90105","184149","274254"
"2018-08-03 18:52","QuorumPeerMainTest.java","52958","145996","198954"
"2018-09-11 15:23","QuorumPeerMainTest.java","94522","189881","284403"
"2018-09-15 00:08","ZooKeeperServer.java","89198","192471","281669"
"2019-04-12 19:01","ZooKeeperServer.java","146571","238994","385565"
"2019-07-31 19:06","ZooKeeperServer.java","146571","256494","403065"
"2019-09-11 10:27","ZooKeeperServer.java","146571","258543","405114"
"2019-01-14 19:38","ZooKeeperServer.java","146521","232429","378950"
"2019-01-07 15:34","ZooKeeperServer.java","146521","232030","378551"
"2018-11-21 17:56","ZooKeeperServer.java","146521","225227","371748"
"2012-01-31 07:45","ZooKeeperServer.java","25154","67893","93047"
"2017-04-28 07:14","ZooKeeperServer.java","34926","126281","161207"
"2011-08-19 00:05","ZooKeeperServer.java","20307","62460","82767"
"2017-02-12 00:12","ZooKeeperServer.java","34897","125353","160250"
"2014-07-18 02:19","ZooKeeperServer.java","31084","107137","138221"
"2013-12-11 19:22","ZooKeeperServer.java","29037","92928","121965"
"2019-02-13 13:12","ZooKeeperServer.java","146531","236093","382624"
"2012-02-11 00:34","ZooKeeperServer.java","25443","68767","94210"
"2016-11-24 17:18","ZooKeeperServer.java","33899","126131","160030"
"2018-07-19 05:59","ZooKeeperServer.java","47617","146957","194574"
"2018-09-18 01:00","ZooKeeperServer.java","89241","193167","282408"
"2019-03-04 08:07","ZooKeeperServer.java","146534","236673","383207"
"2019-07-08 23:26","ZooKeeperServer.java","146571","245963","392534"
"2019-01-23 14:00","ZooKeeperServer.java","146521","233864","380385"
"2019-02-13 13:19","ZooKeeperServer.java","146531","236379","382910"
"2019-05-14 17:11","ZooKeeperServer.java","146571","241854","388425"
"2013-01-25 02:17","ZooKeeperServer.java","28128","81031","109159"
"2015-07-10 08:19","ZooKeeperServer.java","31605","116645","148250"
"2019-06-04 10:55","ZooKeeperServer.java","146571","242671","389242"
"2011-06-14 07:14","ZooKeeperServer.java","21469","55508","76977"
"2019-04-09 15:35","ZooKeeperServer.java","146534","238007","384541"
"2019-08-03 08:42","ZooKeeperServer.java","146571","257895","404466"
"2019-05-15 11:56","ZooKeeperServer.java","146571","241941","388512"
"2019-05-22 11:39","ZooKeeperServer.java","146571","242387","388958"
"2019-04-22 19:15","ZooKeeperServer.java","146571","239969","386540"
"2018-02-23 23:49","ZooKeeperServer.java","35632","131761","167393"
"2016-11-16 06:21","ZooKeeperServer.java","33706","125917","159623"
"2012-12-19 19:07","ZooKeeperServer.java","28069","79934","108003"
"2017-08-18 06:32","ZooKeeperServer.java","35390","126285","161675"
"2017-06-26 00:16","ZooKeeperServer.java","35322","126209","161531"
"2019-09-10 04:26","ZooKeeperServer.java","146571","258232","404803"
"2019-08-17 17:13","ZooKeeperServer.java","146571","257187","403758"
"2019-09-05 23:12","ZooKeeperServer.java","146571","258106","404677"
"2019-09-10 15:21","ZooKeeperServer.java","146571","258230","404801"
"2019-08-01 07:31","ZooKeeperServer.java","146571","257858","404429"
"2019-08-01 07:28","ZooKeeperServer.java","146571","257368","403939"
"2019-06-03 19:40","ZooKeeperServer.java","146571","242518","389089"
"2015-03-17 18:06","ZooKeeperServer.java","31336","113362","144698"
"2019-11-23 17:08","ZooKeeperServer.java","147510","262827","410337"
"2019-10-09 16:49","ZooKeeperServer.java","146571","260773","407344"
"2019-07-03 00:44","ZooKeeperServer.java","146571","245200","391771"
"2018-01-19 01:12","ZooKeeperServer.java","35592","130679","166271"
"2019-07-24 18:00","ZooKeeperServer.java","146571","253642","400213"
"2013-05-16 18:49","ZooKeeperServer.java","28510","85963","114473"
"2018-08-08 06:21","ZooKeeperServer.java","69923","170743","240666"
"2018-05-09 23:57","ZooKeeperServer.java","35730","133364","169094"
"2009-12-18 03:19","ZooKeeperServer.java","2615","11085","13700"
"2010-01-26 01:17","ZooKeeperServer.java","3183","15103","18286"
"2019-12-27 22:33","ZooKeeperServer.java","147510","266804","414314"
"2016-08-13 15:01","ZooKeeperServer.java","33516","121826","155342"
"2018-09-11 00:17","ZooKeeperServer.java","89194","190918","280112"
"2019-11-18 09:05","ZooKeeperServer.java","147510","261270","408780"
"2019-10-10 14:37","ZooKeeperServer.java","146571","260940","407511"
"2019-09-16 23:26","ZooKeeperServer.java","146571","260206","406777"
"2013-10-08 01:35","ZooKeeperServer.java","28842","89099","117941"
"2017-06-23 18:39","ZooKeeperServer.java","35280","126187","161467"
"2011-12-28 07:07","ZooKeeperServer.java","25136","67536","92672"
"2019-12-03 10:01","ZooKeeperServer.java","147510","264729","412239"
"2020-03-25 03:38","ZooKeeperServer.java","147510","270911","418421"
"2010-03-12 19:26","ZooKeeperServer.java","10851","32170","43021"
"2019-11-28 12:24","ZooKeeperServer.java","147510","263032","410542"
"2019-11-06 15:21","ZooKeeperServer.java","146571","261156","407727"
"2011-05-20 01:17","ZooKeeperServer.java","21386","54294","75680"
"2010-07-29 23:10","ZooKeeperServer.java","15261","51115","66376"
"2011-09-17 02:36","ZooKeeperServer.java","23147","65316","88463"
"2020-04-12 11:14","ZooKeeperServer.java","147510","271664","419174"
"2011-09-14 08:56","ZooKeeperServer.java","20495","65224","85719"
"2011-08-21 02:53","ZooKeeperServer.java","20308","62489","82797"
"2010-08-18 08:24","ZooKeeperServer.java","16189","57233","73422"
"2013-10-09 22:21","ZooKeeperServer.java","28993","91490","120483"
"2015-03-08 23:07","ZooKeeperServer.java","31309","112287","143596"
"2018-06-08 16:52","ZooKeeperServer.java","35733","134116","169849"
"2018-06-15 07:41","ZooKeeperServer.java","35749","134135","169884"
"2018-07-28 04:37","ZooKeeperServer.java","47651","147567","195218"
"2019-04-18 19:17","ZooKeeperServer.java","146571","239704","386275"
"2012-03-15 17:47","ZooKeeperServer.java","25471","69829","95300"
"2014-03-25 22:13","ZooKeeperServer.java","29244","96152","125396"
"2011-04-12 09:14","ZooKeeperServer.java","21324","53413","74737"
"2020-05-17 15:13","RemoveWatchesTest.java","43411","72025","115436"
"2019-09-18 11:20","RemoveWatchesTest.java","31296","48877","80173"
"2019-10-10 14:37","RemoveWatchesTest.java","31925","50347","82272"
"2019-08-17 17:13","RemoveWatchesTest.java","29523","44192","73715"
"2018-07-27 05:13","WorkerService.java","35955","54505","90460"
"2019-06-03 19:40","WorkerService.java","214963","241435","456398"
"2019-08-17 17:13","WorkerService.java","214963","256104","471067"
"2019-08-17 17:13","CreateTest.java","184054","256986","441040"
"2011-04-12 09:14","CreateTest.java","15865","10270","26135"
"2012-12-19 19:16","CreateTest.java","26538","42890","69428"
"2015-07-07 07:11","CreateTest.java","35426","83925","119351"
"2019-10-10 14:37","BufferSizeTest.java","185301","260212","445513"
"2019-08-17 17:13","BufferSizeTest.java","185301","256459","441760"
"2018-07-27 05:28","BufferSizeTest.java","42917","91785","134702"
"2019-08-17 17:13","MaxCnxnsTest.java","154632","257179","411811"
"2013-12-21 22:05","MaxCnxnsTest.java","29617","86048","115665"
"2010-03-31 06:26","MaxCnxnsTest.java","12347","25855","38202"
"2011-09-17 02:13","MaxCnxnsTest.java","23372","57800","81172"
"2019-09-18 11:20","ReconfigTest.java","211666","259040","470706"
"2016-06-23 23:45","ReconfigTest.java","6901","17033","23934"
"2014-08-24 07:42","ReconfigTest.java","46","293","339"
"2016-11-13 20:59","ReconfigTest.java","8171","22352","30523"
"2019-05-03 17:37","ReconfigTest.java","211650","240234","451884"
"2019-05-08 21:54","ReconfigTest.java","211650","240614","452264"
"2018-07-04 17:11","ReconfigTest.java","24815","45976","70791"
"2016-06-15 19:11","ReconfigTest.java","6850","16526","23376"
"2019-08-17 17:13","ReconfigTest.java","211666","256128","467794"
"2019-11-29 14:49","ReconfigTest.java","213111","264130","477241"
"2018-12-09 03:16","ReconfigTest.java","211555","228675","440230"
"2018-11-22 17:56","ReconfigTest.java","211555","224714","436269"
"2017-09-11 18:55","ReconfigTest.java","15183","28773","43956"
"2017-02-12 00:34","ReconfigTest.java","12076","25049","37125"
"2019-08-17 17:13","AvgMinMaxCounterSetTest.java","30178","52485","82663"
"2020-01-30 09:43","FileSnap.java","2351","6210","8561"
"2019-12-27 22:33","FileSnap.java","357","2420","2777"
"2020-01-28 17:26","FileSnap.java","2324","6107","8431"
"2019-05-08 21:54","SyncCallTest.java","167977","241518","409495"
"2019-08-17 17:13","SyncCallTest.java","167976","257015","424991"
"2012-12-19 19:16","SyncCallTest.java","27491","59893","87384"
"2019-09-18 11:20","SyncCallTest.java","167976","259927","427903"
"2019-10-10 14:37","SyncCallTest.java","167976","260768","428744"
"2016-11-03 16:07","QuorumPeerTestBase.java","8019","20527","28546"
"2019-12-27 22:33","QuorumPeerTestBase.java","213115","266251","479366"
"2019-10-10 14:37","QuorumPeerTestBase.java","211670","259881","471551"
"2016-06-23 23:25","QuorumPeerTestBase.java","6911","16931","23842"
"2019-07-12 17:01","QuorumPeerTestBase.java","211670","251441","463111"
"2017-01-13 19:29","QuorumPeerTestBase.java","9131","25057","34188"
"2015-03-17 18:06","QuorumPeerTestBase.java","797","5336","6133"
"2019-08-17 17:13","QuorumPeerTestBase.java","211670","256128","467798"
"2017-11-28 00:10","QuorumPeerTestBase.java","15665","33108","48773"
"2017-12-16 01:25","QuorumPeerTestBase.java","16018","33505","49523"
"2018-10-12 10:25","QuorumPeerTestBase.java","191899","231792","423691"
"2019-07-02 07:34","Follower.java","157928","244976","402904"
"2018-12-09 03:16","Follower.java","157870","229633","387503"
"2019-04-12 19:01","Follower.java","157929","238841","396770"
"2013-03-07 07:01","Follower.java","28351","74442","102793"
"2015-02-06 06:17","Follower.java","31327","100920","132247"
"2011-04-29 18:12","Follower.java","20702","41615","62317"
"2011-01-22 20:38","Follower.java","16145","77858","94003"
"2011-02-07 20:26","Follower.java","16259","77989","94248"
"2018-09-18 01:00","Follower.java","97223","189938","287161"
"2019-08-17 17:13","Follower.java","157928","257033","414961"
"2019-06-29 00:33","Follower.java","157928","245020","402948"
"2019-08-06 17:11","Follower.java","157928","258134","416062"
"2019-07-15 14:15","Follower.java","157928","252452","410380"
"2019-08-23 19:43","Follower.java","157928","257699","415627"
"2017-11-28 00:10","Follower.java","36004","119723","155727"
"2019-06-05 00:33","Follower.java","157928","242754","400682"
"2011-06-14 07:14","Follower.java","20850","43378","64228"
"2019-05-03 00:44","Follower.java","157929","241031","398960"
"2015-06-05 21:15","Follower.java","31565","104748","136313"
"2019-12-27 22:33","Follower.java","158957","266740","425697"
"2016-08-13 15:01","Follower.java","33625","110724","144349"
"2019-10-10 14:37","Follower.java","157928","260786","418714"
"2010-08-18 08:24","Follower.java","15185","44718","59903"
"2016-12-20 14:47","Follower.java","34163","115523","149686"
"2014-07-22 06:51","Follower.java","31146","96535","127681"
"2018-10-04 15:46","ZooKeeperTest.java","104635","119827","224462"
"2019-03-12 19:08","ZooKeeperTest.java","224566","235277","459843"
"2017-05-30 19:43","ZooKeeperTest.java","924","154","1078"
"2019-05-23 18:42","ZooKeeperTest.java","224644","240461","465105"
"2019-08-17 17:13","ZooKeeperTest.java","224662","255250","479912"
"2019-06-06 00:01","ZooKeeperTest.java","224661","241386","466047"
"2019-08-17 17:13","CliWrapperException.java","221853","255887","477740"
"2016-08-05 23:05","CliWrapperException.java","237","182","419"
"2014-06-25 15:04","FastLeaderElection.java","11964","38125","50089"
"2018-12-06 10:56","FastLeaderElection.java","179048","226932","405980"
"2014-07-08 05:25","FastLeaderElection.java","12461","40258","52719"
"2014-07-18 20:48","FastLeaderElection.java","12739","44662","57401"
"2014-03-23 04:12","FastLeaderElection.java","5273","27356","32629"
"2019-10-10 14:37","FastLeaderElection.java","179143","260252","439395"
"2013-10-21 23:36","FastLeaderElection.java","4753","23024","27777"
"2019-09-30 23:22","FastLeaderElection.java","179143","259879","439022"
"2014-07-20 04:50","FastLeaderElection.java","12771","44756","57527"
"2020-04-07 09:07","FastLeaderElection.java","180455","271185","451640"
"2019-01-18 03:42","FastLeaderElection.java","179050","232431","411481"
"2017-09-11 18:55","FastLeaderElection.java","23377","69861","93238"
"2013-03-07 07:01","FastLeaderElection.java","3785","16498","20283"
"2018-08-29 06:26","FastLeaderElection.java","102368","159135","261503"
"2015-02-06 06:17","FastLeaderElection.java","13168","49383","62551"
"2018-04-30 06:34","FastLeaderElection.java","24267","76733","101000"
"2019-08-17 17:13","FastLeaderElection.java","179143","256499","435642"
"2019-08-02 20:08","FastLeaderElection.java","179143","257280","436423"
"2012-08-03 00:17","FastLeaderElection.java","672","3160","3832"
"2017-01-13 19:29","FastLeaderElection.java","19472","68296","87768"
"2019-08-03 08:42","FastLeaderElection.java","179143","257207","436350"
"2016-05-02 18:15","WatcherTest.java","24080","79995","104075"
"2019-08-17 17:13","WatcherTest.java","178405","256932","435337"
"2013-02-19 08:55","WatcherTest.java","12543","35107","47650"
"2017-02-16 01:16","WatcherTest.java","26771","86512","113283"
"2011-09-17 02:13","WatcherTest.java","4783","16250","21033"
"2019-09-18 11:20","WatcherTest.java","178405","259844","438249"
"2019-08-17 17:13","ObserverLETest.java","177304","256650","433954"
"2020-03-19 17:09","Learner.java","39405","66063","105468"
"2020-02-03 04:30","Learner.java","39288","64441","103729"
"2020-01-23 13:43","Learner.java","39181","63777","102958"
"2020-03-25 03:38","Learner.java","39475","66929","106404"
"2019-11-28 12:24","Learner.java","37411","56986","94397"
"2019-12-27 22:33","Learner.java","37840","61187","99027"
"2020-01-25 18:48","Learner.java","39187","63973","103160"
"2020-05-03 19:43","Learner.java","40139","68529","108668"
"2019-10-10 14:37","Learner.java","31925","50347","82272"
"2019-07-15 14:15","Learner.java","4733","14821","19554"
"2019-08-23 19:43","Learner.java","29525","44860","74385"
"2019-08-17 17:13","Learner.java","29523","44192","73715"
"2019-07-12 17:01","Learner.java","4733","14715","19448"
"2019-07-02 07:34","Learner.java","3649","6261","9910"
"2019-11-29 14:49","Learner.java","37692","58918","96610"
"2018-10-16 16:22","RaceConditionTest.java","200012","232847","432859"
"2017-02-13 22:09","RaceConditionTest.java","6012","8961","14973"
"2019-08-17 17:13","RaceConditionTest.java","221449","255887","477336"
"2017-11-28 00:10","RaceConditionTest.java","9711","17134","26845"
"2011-04-12 09:14","InvalidSnapshotTest.java","22852","59741","82593"
"2016-08-24 01:36","InvalidSnapshotTest.java","34275","127020","161295"
"2010-08-18 08:24","InvalidSnapshotTest.java","17950","63794","81744"
"2010-03-31 06:26","InvalidSnapshotTest.java","14591","40968","55559"
"2010-03-04 00:07","InvalidSnapshotTest.java","13186","32550","45736"
"2013-12-21 22:05","InvalidSnapshotTest.java","29919","98786","128705"
"2013-10-02 01:45","InvalidSnapshotTest.java","29768","94174","123942"
"2019-10-10 14:37","InvalidSnapshotTest.java","142084","261253","403337"
"2019-08-17 17:13","InvalidSnapshotTest.java","142084","257500","399584"
"2012-03-18 21:06","InvalidSnapshotTest.java","27978","77116","105094"
"2012-02-06 09:47","InvalidSnapshotTest.java","26553","74335","100888"
"2011-10-25 08:09","EventTypeTest.java","26178","71479","97657"
"2010-03-31 06:26","EventTypeTest.java","14591","40968","55559"
"2019-08-17 17:13","EventTypeTest.java","142084","257500","399584"
"2010-01-25 04:28","AsyncOps.java","13141","98999","112140"
"2014-06-25 19:06","AsyncOps.java","19461","157198","176659"
"2009-10-31 00:09","AsyncOps.java","12275","86217","98492"
"2012-12-19 19:16","AsyncOps.java","17711","136917","154628"
"2014-03-23 22:03","AsyncOps.java","18186","151324","169510"
"2010-03-31 06:26","AsyncOps.java","13722","109646","123368"
"2019-06-03 19:40","AsyncOps.java","72747","243041","315788"
"2019-08-17 17:13","AsyncOps.java","72747","257710","330457"
"2008-12-22 23:23","AsyncOps.java","4828","23089","27917"
"2014-02-12 17:00","ZKDatabase.java","1437","8558","9995"
"2019-10-10 14:37","ZKDatabase.java","193596","260130","453726"
"2019-12-27 22:33","ZKDatabase.java","194942","266401","461343"
"2018-04-06 06:04","ZKDatabase.java","24471","61444","85915"
"2014-04-29 02:23","ZKDatabase.java","8819","18955","27774"
"2014-04-17 08:47","ZKDatabase.java","8813","18243","27056"
"2018-09-28 23:38","ZKDatabase.java","112169","159505","271674"
"2019-11-08 17:30","ZKDatabase.java","193624","262019","455643"
"2019-05-14 17:11","ZKDatabase.java","193580","241028","434608"
"2018-09-18 01:00","ZKDatabase.java","112006","156768","268774"
"2019-02-07 11:26","ZKDatabase.java","193499","234612","428111"
"2019-04-12 19:01","ZKDatabase.java","193580","238168","431748"
"2018-09-05 22:35","ZKDatabase.java","111929","154437","266366"
"2015-02-06 06:17","ZKDatabase.java","11505","33145","44650"
"2014-07-18 02:19","ZKDatabase.java","10409","27298","37707"
"2018-02-07 01:05","ZKDatabase.java","24434","61055","85489"
"2014-01-24 07:18","ZKDatabase.java","1333","8204","9537"
"2019-08-17 17:13","ZKDatabase.java","193596","256377","449973"
"2019-09-10 00:27","ZKDatabase.java","193596","257317","450913"
"2016-03-23 00:30","ZKDatabase.java","16678","43418","60096"
"2018-02-23 23:49","ZKDatabase.java","24465","61430","85895"
"2017-08-03 20:28","ZKDatabase.java","23447","54818","78265"
"2017-06-18 19:23","ZKDatabase.java","22350","53945","76295"
"2019-04-09 15:35","ZKDatabase.java","193517","237155","430672"
"2020-01-09 11:27","QuorumPeer.java","1403","2377","3780"
"2020-01-23 13:43","QuorumPeer.java","2070","4868","6938"
"2020-02-16 10:25","QuorumPeer.java","3856","7367","11223"
"2019-09-18 11:20","DataTreeTest.java","193442","259281","452723"
"2019-12-27 22:33","DataTreeTest.java","194788","266393","461181"
"2015-06-06 03:48","DataTreeTest.java","11896","37343","49239"
"2019-10-09 16:38","DataTreeTest.java","193442","259866","453308"
"2019-01-30 16:28","DataTreeTest.java","193344","233382","426726"
"2019-02-07 11:26","DataTreeTest.java","193345","234604","427949"
"2018-12-20 15:17","DataTreeTest.java","193343","229870","423213"
"2018-09-04 11:54","DataTreeTest.java","111658","154056","265714"
"2019-07-31 19:06","DataTreeTest.java","193442","255676","449118"
"2019-04-12 19:01","DataTreeTest.java","193426","238160","431586"
"2019-09-10 15:21","DataTreeTest.java","193442","257412","450854"
"2019-08-17 17:13","DataTreeTest.java","193442","256369","449811"
"2017-06-18 19:23","DataTreeTest.java","22059","53800","75859"
"2019-04-12 12:29","DataTreeTest.java","193426","237729","431155"
"2016-11-13 20:59","DataTreeTest.java","17745","50391","68136"
"2019-08-17 17:13","WatchesPathReportTest.java","218914","255966","474880"
"2018-09-28 23:38","WatchesPathReportTest.java","111425","133032","244457"
"2019-12-27 22:33","ZKDatabase.java","6233","9297","15530"
"2018-12-20 15:13","QuorumPeer.java","220404","229374","449778"
"2019-05-16 16:25","QuorumPeer.java","220498","240697","461195"
"2018-10-16 16:22","QuorumPeer.java","199570","233367","432937"
"2019-06-14 09:06","QuorumPeer.java","220515","243913","464428"
"2018-12-07 12:41","QuorumPeer.java","220403","226387","446790"
"2019-03-11 19:47","QuorumPeer.java","220424","235822","456246"
"2019-02-13 13:12","QuorumPeer.java","220425","234771","455196"
"2019-04-12 19:01","QuorumPeer.java","220498","237705","458203"
"2018-12-09 03:16","QuorumPeer.java","220403","228461","448864"
"2018-09-11 15:23","QuorumPeer.java","110850","126976","237826"
"2019-11-29 14:49","QuorumPeer.java","222067","264024","486091"
"2018-12-15 07:34","QuorumPeer.java","220403","228376","448779"
"2018-11-27 10:02","QuorumPeer.java","220403","226137","446540"
"2018-09-18 01:00","QuorumPeer.java","110975","128356","239331"
"2019-06-03 19:40","QuorumPeer.java","220515","241246","461761"
"2019-07-15 14:15","QuorumPeer.java","220516","251335","471851"
"2019-07-03 00:44","QuorumPeer.java","220515","243928","464443"
"2019-08-17 17:13","QuorumPeer.java","220516","255916","476432"
"2017-11-28 00:10","QuorumPeer.java","13247","21632","34879"
"2018-01-30 08:02","QuorumPeer.java","13684","22222","35906"
"2019-05-15 11:56","QuorumPeer.java","220498","240652","461150"
"2019-06-05 00:33","QuorumPeer.java","220515","241636","462151"
"2019-05-20 23:13","QuorumPeer.java","220498","240770","461268"
"2019-06-04 10:55","QuorumPeer.java","220515","241399","461914"
"2019-07-12 17:01","QuorumPeer.java","220516","251229","471745"
"2020-01-09 11:27","QuorumPeer.java","222069","265572","487641"
"2017-02-09 11:40","QuorumPeer.java","6498","13659","20157"
"2017-07-06 18:48","QuorumPeer.java","10984","15831","26815"
"2018-10-01 06:11","QuorumPeer.java","111659","131619","243278"
"2018-07-04 17:11","QuorumPeer.java","23559","35658","59217"
"2019-12-17 13:48","QuorumPeer.java","222067","264596","486663"
"2020-01-23 13:43","QuorumPeer.java","222069","267396","489465"
"2016-06-23 23:45","QuorumPeer.java","3800","4870","8670"
"2016-06-23 23:25","QuorumPeer.java","3765","4727","8492"
"2018-12-06 10:56","QuorumPeer.java","220403","226331","446734"
"2019-10-10 14:37","QuorumPeer.java","220516","259669","480185"
"2017-07-27 23:09","QuorumPeer.java","12503","16364","28867"
"2018-06-26 11:18","QuorumPeer.java","14234","26315","40549"
"2018-07-27 12:32","QuorumPeer.java","34124","47423","81547"
"2019-04-18 19:17","QuorumPeer.java","220498","238415","458913"
"2016-12-20 14:47","QuorumPeer.java","6171","12197","18368"
"2017-05-11 16:59","QuorumPeer.java","10645","14625","25270"
"2016-06-02 00:59","QuorumPeer.java","3706","4299","8005"
"2020-02-16 10:25","QuorumPeer.java","222069","268109","490178"
"2019-08-17 17:13","ZkDatabaseCorruptionTest.java","154969","257115","412084"
"2013-02-19 09:18","ZkDatabaseCorruptionTest.java","28209","73351","101560"
"2019-10-10 14:37","ZkDatabaseCorruptionTest.java","154969","260868","415837"
"2014-05-15 03:35","ZkDatabaseCorruptionTest.java","30608","91780","122388"
"2011-07-29 10:14","ZkDatabaseCorruptionTest.java","19903","51380","71283"
"2014-01-27 14:37","ZkDatabaseCorruptionTest.java","29189","87171","116360"
"2010-03-31 06:26","ZkDatabaseCorruptionTest.java","11323","24430","35753"
"2018-04-06 06:04","ZkDatabaseCorruptionTest.java","36052","124019","160071"
"2011-04-12 09:14","ZkDatabaseCorruptionTest.java","20837","44456","65293"
"2016-08-24 01:36","ZkDatabaseCorruptionTest.java","33866","113774","147640"
"2019-09-18 11:20","ReconfigTest.java","211913","259040","470953"
"2016-06-23 23:45","ReconfigTest.java","7129","17014","24143"
"2016-11-13 20:59","ReconfigTest.java","8401","22335","30736"
"2019-05-03 17:37","ReconfigTest.java","211897","240234","452131"
"2019-05-08 21:54","ReconfigTest.java","211897","240614","452511"
"2018-07-04 17:11","ReconfigTest.java","25048","45962","71010"
"2016-06-15 19:11","ReconfigTest.java","7078","16507","23585"
"2019-08-17 17:13","ReconfigTest.java","211913","256128","468041"
"2019-11-29 14:49","ReconfigTest.java","213358","264130","477488"
"2018-12-09 03:16","ReconfigTest.java","211802","228675","440477"
"2018-11-22 17:56","ReconfigTest.java","211802","224714","436516"
"2017-09-11 18:55","ReconfigTest.java","15416","28759","44175"
"2017-02-12 00:34","ReconfigTest.java","12309","25035","37344"
"2019-09-18 11:20","ReconfigTest.java","225011","258204","483215"
"2019-05-03 17:37","ReconfigTest.java","224992","239395","464387"
"2019-05-08 21:54","ReconfigTest.java","224992","239775","464767"
"2018-07-04 17:11","ReconfigTest.java","19477","26457","45934"
"2019-08-17 17:13","ReconfigTest.java","225011","255292","480303"
"2019-11-29 14:49","ReconfigTest.java","226615","263453","490068"
"2018-12-09 03:16","ReconfigTest.java","224891","227830","452721"
"2018-11-22 17:56","ReconfigTest.java","224891","223869","448760"
"2017-09-11 18:55","ReconfigTest.java","7760","7169","14929"
"2017-02-12 00:34","ReconfigTest.java","4527","3319","7846"
"2015-02-06 06:17","ConnectionBean.java","36776","97859","134635"
"2019-08-17 17:13","ConnectionBean.java","167328","257015","424343"
"2019-10-10 14:37","ConnectionBean.java","167328","260768","428096"
"2011-04-12 09:14","ConnectionBean.java","19710","30870","50580"
"2010-08-18 08:24","ConnectionBean.java","7795","27910","35705"
"2019-08-17 17:13","ZooKeeperTestable.java","30086","52383","82469"
"2010-03-04 00:07","FileTxnLog.java","13027","90590","103617"
"2011-06-21 07:34","FileTxnLog.java","15164","112302","127466"
"2014-02-12 17:00","FileTxnLog.java","19050","143314","162364"
"2013-12-11 01:10","FileTxnLog.java","19021","140400","159421"
"2018-01-19 00:43","FileTxnLog.java","22213","175278","197491"
"2009-08-25 07:45","FileTxnLog.java","10781","70889","81670"
"2019-12-27 22:33","FileTxnLog.java","84547","266840","351387"
"2019-10-10 14:37","FileTxnLog.java","84091","261459","345550"
"2018-11-12 22:36","FileTxnLog.java","84064","225771","309835"
"2018-08-01 21:19","FileTxnLog.java","28097","186117","214214"
"2018-04-27 20:28","FileTxnLog.java","22292","177207","199499"
"2018-06-08 16:52","FileTxnLog.java","22285","178647","200932"
"2010-12-23 13:42","FileTxnLog.java","14676","150377","165053"
"2011-09-03 01:07","FileTxnLog.java","13450","115573","129023"
"2011-04-12 09:14","FileTxnLog.java","15067","110155","125222"
"2011-11-15 19:30","FileTxnLog.java","17578","117187","134765"
"2014-06-30 19:11","FileTxnLog.java","20406","149729","170135"
"2020-01-28 17:26","FileTxnLog.java","84547","268560","353107"
"2019-05-14 17:11","FileTxnLog.java","84092","242374","326466"
"2019-01-07 14:24","FileTxnLog.java","84064","232509","316573"
"2013-06-28 23:22","FileTxnLog.java","18984","136127","155111"
"2010-03-16 22:23","FileTxnLog.java","13144","97498","110642"
"2019-04-12 19:01","FileTxnLog.java","84092","239514","323606"
"2017-04-28 07:14","FileTxnLog.java","21829","171163","192992"
"2012-02-06 09:40","FileTxnLog.java","17761","118878","136639"
"2018-09-06 01:11","FileTxnLog.java","53294","212945","266239"
"2018-09-18 01:00","FileTxnLog.java","53334","215239","268573"
"2016-03-20 19:31","FileTxnLog.java","20869","165261","186130"
"2019-08-17 17:13","FileTxnLog.java","84091","257706","341797"
"2009-06-18 18:37","FileTxnLog.java","10121","60229","70350"
"2019-06-03 19:40","FileTxnLog.java","84091","243037","327128"
"2018-04-24 00:20","FileTxnLog.java","22256","177084","199340"
"2018-02-14 21:23","FileTxnLog.java","22247","176191","198438"
"2009-02-20 01:23","FileTxnLog.java","8482","28119","36601"
"2019-08-03 08:42","FileTxnLog.java","84091","258414","342505"
"2019-04-09 15:35","FileTxnLog.java","84070","238542","322612"
"2017-08-03 20:41","FileTxnLog.java","22122","170640","192762"
"2018-02-02 00:26","FileTxnLog.java","22215","175287","197502"
"2017-06-26 00:07","FileTxnLog.java","22078","170950","193028"
"2008-12-10 22:55","FileTxnLog.java","3058","9446","12504"
"2019-04-12 19:01","WatchManager.java","158338","238841","397179"
"2014-07-18 02:19","WatchManager.java","31299","95732","127031"
"2017-09-11 18:55","WatchManager.java","36101","115554","151655"
"2019-03-05 00:04","WatchManager.java","158295","236699","394994"
"2019-11-08 17:30","WatchManager.java","158337","262647","420984"
"2014-01-24 07:18","WatchManager.java","29159","83574","112733"
"2019-08-17 17:13","WatchManager.java","158337","257033","415370"
"2018-09-28 23:38","WatchManager.java","97584","192464","290048"
"2010-07-05 20:20","WatchManager.java","13704","34208","47912"
"2011-07-25 23:31","WatchManager.java","19828","47574","67402"
"2014-04-29 02:23","WatchManager.java","30668","88348","119016"
"2014-04-17 08:47","WatchManager.java","30665","87639","118304"
"2011-04-12 09:14","WatchManager.java","20763","40932","61695"
"2014-02-12 17:00","LearnerHandler.java","17026","161325","178351"
"2014-03-23 04:12","LearnerHandler.java","17106","161792","178898"
"2010-01-25 04:28","LearnerHandler.java","11248","111851","123099"
"2019-10-10 14:37","LearnerHandler.java","58134","261595","319729"
"2015-06-05 20:38","LearnerHandler.java","18596","180973","199569"
"2015-06-05 20:51","LearnerHandler.java","18596","181000","199596"
"2015-06-12 23:02","LearnerHandler.java","18598","181100","199698"
"2009-08-25 07:45","LearnerHandler.java","9356","95557","104913"
"2010-03-11 15:05","LearnerHandler.java","11375","121407","132782"
"2009-10-30 17:19","LearnerHandler.java","10431","98268","108699"
"2009-11-30 13:03","LearnerHandler.java","10794","107834","118628"
"2011-04-12 09:14","LearnerHandler.java","12766","133947","146713"
"2013-09-26 14:05","LearnerHandler.java","17007","154615","171622"
"2009-04-24 20:26","LearnerHandler.java","8543","64538","73081"
"2019-07-03 20:54","LearnerHandler.java","58134","245836","303970"
"2011-09-14 08:56","LearnerHandler.java","13212","135955","149167"
"2011-08-30 08:37","LearnerHandler.java","13153","134687","147840"
"2010-07-29 23:10","LearnerHandler.java","11880","136826","148706"
"2011-09-17 02:36","LearnerHandler.java","15707","135890","151597"
"2008-10-03 15:06","LearnerHandler.java","2341","17086","19427"
"2012-04-23 01:20","LearnerHandler.java","16095","139573","155668"
"2013-06-28 23:22","LearnerHandler.java","17011","154189","171200"
"2009-01-15 23:57","LearnerHandler.java","7050","39154","46204"
"2018-09-18 01:00","LearnerHandler.java","44689","226629","271318"
"2010-11-04 17:01","LearnerHandler.java","12215","172433","184648"
"2012-02-06 09:40","LearnerHandler.java","15909","137061","152970"
"2013-05-14 14:27","LearnerHandler.java","16946","152387","169333"
"2018-08-03 18:52","LearnerHandler.java","19876","198240","218116"
"2011-01-22 20:38","LearnerHandler.java","12581","174897","187478"
"2018-12-09 03:16","LearnerHandler.java","58118","230484","288602"
"2019-04-12 19:01","LearnerHandler.java","58134","239649","297783"
"2013-03-07 07:01","LearnerHandler.java","16944","152260","169204"
"2009-11-18 20:06","LearnerHandler.java","10791","107501","118292"
"2017-11-28 00:10","LearnerHandler.java","19137","192081","211218"
"2019-06-29 00:33","LearnerHandler.java","58134","245829","303963"
"2013-05-11 15:35","LearnerHandler.java","16944","152308","169252"
"2019-07-25 21:41","LearnerHandler.java","58134","254325","312459"
"2019-08-23 19:43","LearnerHandler.java","58134","258508","316642"
"2019-08-17 17:13","LearnerHandler.java","58134","257842","315976"
"2009-06-18 18:37","LearnerHandler.java","8997","85198","94195"
"2009-06-26 22:29","LearnerHandler.java","9234","92998","102232"
"2009-06-15 22:52","LearnerHandler.java","8957","84087","93044"
"2009-01-16 00:48","LearnerHandler.java","7218","39341","46559"
"2017-06-26 00:16","LearnerHandler.java","19111","188012","207123"
"2017-08-03 20:28","LearnerHandler.java","19120","187669","206789"
"2012-07-29 07:02","LearnerHandler.java","16108","140989","157097"
"2019-05-06 17:48","LearnerHandler.java","58134","242155","300289"
"2019-08-03 08:42","LearnerHandler.java","58134","258550","316684"
"2019-04-22 19:15","LearnerHandler.java","58134","240624","298758"
"2009-02-20 01:23","LearnerHandler.java","7982","53712","61694"
"2011-06-14 07:14","LearnerHandler.java","12808","135939","148747"
"2017-05-27 00:52","ListQuotaCommand.java","6695","9371","16066"
"2019-08-17 17:13","ListQuotaCommand.java","221853","255887","477740"
"2019-01-31 15:55","ListQuotaCommand.java","221735","233428","455163"
"2019-10-10 14:37","SessionTrackerImpl.java","182289","260217","442506"
"2019-09-20 10:02","SessionTrackerImpl.java","182289","259384","441673"
"2013-10-09 22:21","SessionTrackerImpl.java","4418","19145","23563"
"2020-03-26 22:16","SessionTrackerImpl.java","183601","270568","454169"
"2015-03-08 23:07","SessionTrackerImpl.java","13641","46849","60490"
"2014-07-25 00:58","SessionTrackerImpl.java","12902","41832","54734"
"2014-07-23 20:17","SessionTrackerImpl.java","12904","41828","54732"
"2015-02-06 06:17","SessionTrackerImpl.java","13579","46613","60192"
"2014-07-18 02:19","SessionTrackerImpl.java","12806","41089","53895"
"2018-09-18 01:00","SessionTrackerImpl.java","108373","164529","272902"
"2019-09-05 23:12","SessionTrackerImpl.java","182289","257383","439672"
"2019-08-17 17:13","SessionTrackerImpl.java","182289","256464","438753"
"2018-08-08 06:21","SessionTrackerImpl.java","85494","138544","224038"
"2018-05-09 23:57","SessionTrackerImpl.java","24956","74820","99776"
"2019-04-22 19:15","SessionTrackerImpl.java","182273","239230","421503"
"2012-12-19 19:07","SessionTrackerImpl.java","1662","5757","7419"
"2014-02-12 17:00","LearnerHandler.java","18104","150849","168953"
"2014-03-23 04:12","LearnerHandler.java","18186","151318","169504"
"2010-01-25 04:28","LearnerHandler.java","13141","98999","112140"
"2019-10-10 14:37","LearnerHandler.java","72747","261463","334210"
"2015-06-05 20:38","LearnerHandler.java","19731","170554","190285"
"2015-06-05 20:51","LearnerHandler.java","19731","170581","190312"
"2015-06-12 23:02","LearnerHandler.java","19733","170681","190414"
"2009-08-25 07:45","LearnerHandler.java","11060","82516","93576"
"2010-03-11 15:05","LearnerHandler.java","13203","108490","121693"
"2009-10-30 17:19","LearnerHandler.java","12195","85287","97482"
"2009-11-30 13:03","LearnerHandler.java","12602","94897","107499"
"2011-04-12 09:14","LearnerHandler.java","14907","121343","136250"
"2013-09-26 14:05","LearnerHandler.java","18039","144093","162132"
"2009-04-24 20:26","LearnerHandler.java","9992","51242","61234"
"2019-07-03 20:54","LearnerHandler.java","72747","245704","318451"
"2011-09-14 08:56","LearnerHandler.java","14000","125189","139189"
"2011-08-30 08:37","LearnerHandler.java","13937","123917","137854"
"2010-07-29 23:10","LearnerHandler.java","13876","124077","137953"
"2011-09-17 02:36","LearnerHandler.java","16502","125131","141633"
"2012-04-23 01:20","LearnerHandler.java","17069","128993","146062"
"2013-06-28 23:22","LearnerHandler.java","18044","143668","161712"
"2009-01-15 23:57","LearnerHandler.java","8201","25560","33761"
"2018-09-18 01:00","LearnerHandler.java","49118","219504","268622"
"2010-11-04 17:01","LearnerHandler.java","14222","159695","173917"
"2012-02-06 09:40","LearnerHandler.java","16855","126453","143308"
"2013-05-14 14:27","LearnerHandler.java","17971","141858","159829"
"2018-08-03 18:52","LearnerHandler.java","23968","190778","214746"
"2011-01-22 20:38","LearnerHandler.java","14630","162201","176831"
"2018-12-09 03:16","LearnerHandler.java","72719","230340","303059"
"2019-04-12 19:01","LearnerHandler.java","72747","239517","312264"
"2013-03-07 07:01","LearnerHandler.java","17970","141732","159702"
"2009-11-18 20:06","LearnerHandler.java","12596","94561","107157"
"2017-11-28 00:10","LearnerHandler.java","20652","182042","202694"
"2019-06-29 00:33","LearnerHandler.java","72747","245697","318444"
"2013-05-11 15:35","LearnerHandler.java","17970","141780","159750"
"2019-07-25 21:41","LearnerHandler.java","72747","254193","326940"
"2019-08-23 19:43","LearnerHandler.java","72747","258376","331123"
"2019-08-17 17:13","LearnerHandler.java","72747","257710","330457"
"2009-06-18 18:37","LearnerHandler.java","10597","72053","82650"
"2009-06-26 22:29","LearnerHandler.java","10876","79895","90771"
"2009-06-15 22:52","LearnerHandler.java","10441","70826","81267"
"2009-01-16 00:48","LearnerHandler.java","8383","25761","34144"
"2017-06-26 00:16","LearnerHandler.java","20596","177943","198539"
"2017-08-03 20:28","LearnerHandler.java","20616","177611","198227"
"2012-07-29 07:02","LearnerHandler.java","17088","130415","147503"
"2019-05-06 17:48","LearnerHandler.java","72747","242023","314770"
"2019-08-03 08:42","LearnerHandler.java","72747","258418","331165"
"2019-04-22 19:15","LearnerHandler.java","72747","240492","313239"
"2009-02-20 01:23","LearnerHandler.java","9351","40336","49687"
"2011-06-14 07:14","LearnerHandler.java","14949","123335","138284"
"2010-01-25 04:28","AsyncOps.java","11292","111102","122394"
"2014-06-25 19:06","AsyncOps.java","18458","166956","185414"
"2009-10-31 00:09","AsyncOps.java","10552","98446","108998"
"2012-12-19 19:16","AsyncOps.java","16805","146772","163577"
"2014-03-23 22:03","AsyncOps.java","17197","161096","178293"
"2010-03-31 06:26","AsyncOps.java","11845","121721","133566"
"2008-10-03 15:06","AsyncOps.java","2342","16294","18636"
"2019-06-03 19:40","AsyncOps.java","58927","243173","302100"
"2019-08-17 17:13","AsyncOps.java","58927","257842","316769"
"2008-12-22 23:23","AsyncOps.java","3841","36054","39895"
"2019-09-18 11:20","ReconfigTest.java","31354","50144","81498"
"2019-05-08 21:54","ReconfigTest.java","42","422","464"
"2019-08-17 17:13","ReconfigTest.java","29662","45540","75202"
"2019-11-29 14:49","ReconfigTest.java","37739","60174","97913"
"2019-11-21 05:58","NIOServerCnxn.java","37171","63611","100782"
"2019-11-18 09:05","NIOServerCnxn.java","37161","63578","100739"
"2019-09-16 23:26","NIOServerCnxn.java","31350","57642","88992"
"2019-10-10 14:37","NIOServerCnxn.java","32120","59146","91266"
"2020-02-11 06:50","NIOServerCnxn.java","39073","72865","111938"
"2019-07-08 23:26","NIOServerCnxn.java","5600","17649","23249"
"2019-04-12 19:01","NIOServerCnxn.java","1256","6336","7592"
"2019-08-17 17:13","NIOServerCnxn.java","30071","53344","83415"
"2019-07-03 00:44","NIOServerCnxn.java","5532","16818","22350"
"2019-08-03 08:42","NIOServerCnxn.java","8677","32658","41335"
"2019-11-29 14:49","ReconfigMisconfigTest.java","225389","263435","488824"
"2017-07-06 18:48","ReconfigMisconfigTest.java","1469","2405","3874"
"2019-08-17 17:13","ReconfigMisconfigTest.java","223776","255265","479041"
"2019-11-21 05:58","NIOServerCnxn.java","34432","48823","83255"
"2019-11-18 09:05","NIOServerCnxn.java","34422","48790","83212"
"2019-09-16 23:26","NIOServerCnxn.java","28333","42576","70909"
"2019-10-10 14:37","NIOServerCnxn.java","29182","44159","73341"
"2020-02-11 06:50","NIOServerCnxn.java","36599","58342","94941"
"2019-08-17 17:13","NIOServerCnxn.java","26739","37963","64702"
"2019-08-03 08:42","NIOServerCnxn.java","3213","15145","18358"
"2019-10-10 14:37","SaslClientCallbackHandler.java","228065","258833","486898"
"2019-08-17 17:13","SaslClientCallbackHandler.java","228064","255079","483143"
"2019-02-07 11:26","PrepRequestProcessor.java","218409","234200","452609"
"2019-09-11 10:27","PrepRequestProcessor.java","218519","257334","475853"
"2018-07-19 05:59","PrepRequestProcessor.java","34986","49840","84826"
"2017-09-11 18:55","PrepRequestProcessor.java","13952","20539","34491"
"2019-01-16 14:21","PrepRequestProcessor.java","218408","231847","450255"
"2017-06-01 05:45","PrepRequestProcessor.java","11841","17964","29805"
"2019-11-08 17:30","PrepRequestProcessor.java","218549","261622","480171"
"2016-11-13 20:59","PrepRequestProcessor.java","6701","13879","20580"
"2019-04-09 15:35","PrepRequestProcessor.java","218429","236745","455174"
"2019-04-17 14:16","PrepRequestProcessor.java","218501","238032","456533"
"2019-05-10 12:22","PrepRequestProcessor.java","218501","240467","458968"
"2017-06-26 00:16","PrepRequestProcessor.java","12145","18546","30691"
"2019-02-07 11:22","PrepRequestProcessor.java","218409","233862","452271"
"2016-11-16 06:21","PrepRequestProcessor.java","6738","14463","21201"
"2019-08-01 07:31","PrepRequestProcessor.java","218519","256649","475168"
"2019-06-26 10:57","PrepRequestProcessor.java","218518","243827","462345"
"2016-10-07 21:51","PrepRequestProcessor.java","6451","11376","17827"
"2019-08-17 17:13","PrepRequestProcessor.java","218519","255978","474497"
"2018-08-08 06:21","PrepRequestProcessor.java","82485","98819","181304"
"2018-05-09 23:57","PrepRequestProcessor.java","15140","28288","43428"
"2019-12-27 22:33","PrepRequestProcessor.java","220064","266201","486265"
"2019-10-10 14:37","PrepRequestProcessor.java","218519","259731","478250"
"2020-03-25 03:38","PrepRequestProcessor.java","220065","270309","490374"
"2018-06-15 07:41","PrepRequestProcessor.java","15358","29258","44616"
"2017-09-11 18:55","QuorumBase.java","36298","119475","155773"
"2012-04-23 01:20","QuorumBase.java","27395","64963","92358"
"2019-07-12 17:01","QuorumBase.java","154759","252492","407251"
"2012-12-11 08:42","QuorumBase.java","28182","70929","99111"
"2019-08-17 17:13","QuorumBase.java","154759","257179","411938"
"2019-08-01 07:31","QuorumBase.java","154759","257850","412609"
"2018-08-08 06:21","QuorumBase.java","75392","168316","243708"
"2019-10-10 14:37","QuorumBase.java","154759","260932","415691"
"2010-03-13 01:06","QuorumBase.java","10659","23793","34452"
"2020-03-25 03:38","QuorumBase.java","155706","270911","426617"
"2014-07-18 19:46","QuorumBase.java","31725","100109","131834"
"2010-07-23 06:22","QuorumBase.java","15100","42048","57148"
"2011-05-20 01:17","QuorumBase.java","21598","46310","67908"
"2010-05-05 22:32","QuorumBase.java","14603","27756","42359"
"2010-08-18 08:24","QuorumBase.java","16254","49102","65356"
"2013-10-09 22:21","QuorumBase.java","29588","84189","113777"
"2010-03-31 06:26","QuorumBase.java","12154","25535","37689"
"2014-06-25 19:25","QuorumBase.java","31266","94654","125920"
"2011-04-12 09:14","QuorumBase.java","21480","45373","66853"
"2015-03-08 23:07","ObserverZooKeeperServer.java","11165","32456","43621"
"2013-11-14 05:34","ObserverZooKeeperServer.java","620","4237","4857"
"2019-10-10 14:37","ObserverZooKeeperServer.java","194111","260122","454233"
"2016-08-13 15:01","ObserverZooKeeperServer.java","17101","45724","62825"
"2019-06-04 10:55","ObserverZooKeeperServer.java","194111","241853","435964"
"2019-08-17 17:13","ObserverZooKeeperServer.java","194111","256369","450480"
"2019-06-03 19:40","ObserverZooKeeperServer.java","194111","241700","435811"
"2019-02-13 13:12","ObserverZooKeeperServer.java","194032","235236","429268"
"2010-03-31 06:26","KeeperStateTest.java","13608","78830","92438"
"2011-10-25 08:09","KeeperStateTest.java","20467","102502","122969"
"2019-08-17 17:13","KeeperStateTest.java","103426","257687","361113"
"2010-03-31 06:26","WatcherFuncTest.java","13223","76499","89722"
"2019-08-17 17:13","WatcherFuncTest.java","105274","257589","362863"
"2009-07-17 00:09","WatcherFuncTest.java","4976","41875","46851"
"2019-08-17 17:13","Stats.java","178405","256932","435337"
"2019-08-17 17:13","UnimplementedRequestProcessor.java","187365","256407","443772"
"2019-08-17 17:13","FollowerMXBean.java","25290","28807","54097"
"2010-03-11 04:17","NIOServerCnxn.java","8773","86690","95463"
"2011-05-03 23:29","NIOServerCnxn.java","10995","100416","111411"
"2009-11-07 01:48","NIOServerCnxn.java","7557","64545","72102"
"2009-12-03 23:30","NIOServerCnxn.java","7928","72872","80800"
"2010-01-26 01:17","NIOServerCnxn.java","8525","77433","85958"
"2009-11-12 20:53","NIOServerCnxn.java","7663","65238","72901"
"2019-11-21 05:58","NIOServerCnxn.java","90558","261329","351887"
"2015-11-08 22:36","NIOServerCnxn.java","17245","157174","174419"
"2019-11-18 09:05","NIOServerCnxn.java","90558","261306","351864"
"2013-09-10 00:37","NIOServerCnxn.java","15277","128266","143543"
"2019-09-16 23:26","NIOServerCnxn.java","90102","260725","350827"
"2019-10-10 14:37","NIOServerCnxn.java","90102","261459","351561"
"2013-10-05 00:57","NIOServerCnxn.java","15285","129028","144313"
"2018-09-28 23:38","NIOServerCnxn.java","53006","213412","266418"
"2010-08-18 08:24","NIOServerCnxn.java","10069","108101","118170"
"2010-05-04 23:45","NIOServerCnxn.java","9587","87905","97492"
"2010-03-09 03:00","NIOServerCnxn.java","8717","86014","94731"
"2020-02-11 06:50","NIOServerCnxn.java","90558","268681","359239"
"2019-01-23 14:00","NIOServerCnxn.java","90075","234406","324481"
"2019-07-08 23:26","NIOServerCnxn.java","90102","246482","336584"
"2019-04-12 19:01","NIOServerCnxn.java","90103","239514","329617"
"2019-01-14 19:38","NIOServerCnxn.java","90075","232971","323046"
"2018-11-17 18:33","NIOServerCnxn.java","90075","225754","315829"
"2017-03-04 19:22","NIOServerCnxn.java","19645","164473","184118"
"2011-08-19 00:05","NIOServerCnxn.java","9516","105575","115091"
"2013-12-11 19:22","NIOServerCnxn.java","15365","133162","148527"
"2012-02-11 00:34","NIOServerCnxn.java","14094","111324","125418"
"2016-12-22 23:23","NIOServerCnxn.java","19193","166011","185204"
"2018-09-18 01:00","NIOServerCnxn.java","52917","210749","263666"
"2019-08-17 17:13","NIOServerCnxn.java","90102","257706","347808"
"2009-06-15 22:52","NIOServerCnxn.java","4623","47649","52272"
"2015-06-28 21:09","NIOServerCnxn.java","17217","155838","173055"
"2015-03-28 20:08","NIOServerCnxn.java","17146","154067","171213"
"2019-07-03 00:44","NIOServerCnxn.java","90102","245719","335821"
"2019-08-03 08:42","NIOServerCnxn.java","90102","258414","348516"
"2016-11-16 06:21","NIOServerCnxn.java","19029","165146","184175"
"2012-12-19 19:07","NIOServerCnxn.java","14839","120610","135449"
"2009-01-16 00:48","NIOServerCnxn.java","213","232","445"
"2009-02-03 23:19","NIOServerCnxn.java","2607","15880","18487"
"2020-02-16 10:25","QuorumPeer.java","1796","2509","4305"
"2018-12-20 15:13","QuorumPeer.java","221438","229338","450776"
"2019-05-16 16:25","QuorumPeer.java","221538","240667","462205"
"2018-10-16 16:22","QuorumPeer.java","200120","232847","432967"
"2019-06-14 09:06","QuorumPeer.java","221556","243884","465440"
"2018-12-07 12:41","QuorumPeer.java","221437","226351","447788"
"2019-03-11 19:47","QuorumPeer.java","221461","235789","457250"
"2019-02-13 13:12","QuorumPeer.java","221460","234736","456196"
"2019-04-12 19:01","QuorumPeer.java","221538","237675","459213"
"2018-12-09 03:16","QuorumPeer.java","221437","228425","449862"
"2018-09-11 15:23","QuorumPeer.java","108292","123348","231640"
"2019-11-29 14:49","QuorumPeer.java","223135","264022","487157"
"2018-12-15 07:34","QuorumPeer.java","221437","228340","449777"
"2018-11-27 10:02","QuorumPeer.java","221437","226101","447538"
"2018-09-18 01:00","QuorumPeer.java","108420","124731","233151"
"2019-06-03 19:40","QuorumPeer.java","221556","241217","462773"
"2019-07-15 14:15","QuorumPeer.java","221557","251306","472863"
"2019-07-03 00:44","QuorumPeer.java","221556","243899","465455"
"2019-08-17 17:13","QuorumPeer.java","221557","255887","477444"
"2017-11-28 00:10","QuorumPeer.java","9685","17000","26685"
"2018-01-30 08:02","QuorumPeer.java","10123","17591","27714"
"2019-05-15 11:56","QuorumPeer.java","221538","240622","462160"
"2019-06-05 00:33","QuorumPeer.java","221556","241607","463163"
"2019-05-20 23:13","QuorumPeer.java","221539","240741","462280"
"2019-06-04 10:55","QuorumPeer.java","221556","241370","462926"
"2019-07-12 17:01","QuorumPeer.java","221557","251200","472757"
"2020-01-09 11:27","QuorumPeer.java","223137","265570","488707"
"2017-02-09 11:40","QuorumPeer.java","2744","8835","11579"
"2017-07-06 18:48","QuorumPeer.java","7365","11142","18507"
"2018-10-01 06:11","QuorumPeer.java","109104","127994","237098"
"2018-07-04 17:11","QuorumPeer.java","20567","31596","52163"
"2019-12-17 13:48","QuorumPeer.java","223135","264594","487729"
"2020-01-23 13:43","QuorumPeer.java","223137","267394","490531"
"2018-12-06 10:56","QuorumPeer.java","221437","226295","447732"
"2019-10-10 14:37","QuorumPeer.java","221557","259640","481197"
"2017-07-27 23:09","QuorumPeer.java","8884","11675","20559"
"2018-06-26 11:18","QuorumPeer.java","10680","21691","32371"
"2018-07-27 12:32","QuorumPeer.java","31140","43369","74509"
"2019-04-18 19:17","QuorumPeer.java","221538","238385","459923"
"2016-12-20 14:47","QuorumPeer.java","2409","7365","9774"
"2017-05-11 16:59","QuorumPeer.java","7026","9936","16962"
"2020-02-16 10:25","QuorumPeer.java","223137","268107","491244"
"2019-08-17 17:13","ConnectStringParser.java","218823","256985","475808"
"2013-01-25 07:54","ConnectStringParser.java","54536","36245","90781"
"2018-10-08 14:33","ConnectStringParser.java","187566","233856","421422"
"2018-12-09 03:16","LeaderZooKeeperServer.java","154917","229721","384638"
"2018-11-21 17:56","LeaderZooKeeperServer.java","154917","225153","380070"
"2012-01-31 07:45","LeaderZooKeeperServer.java","25044","59613","84657"
"2019-06-04 10:55","LeaderZooKeeperServer.java","154969","242599","397568"
"2015-06-04 19:51","LeaderZooKeeperServer.java","31674","107864","139538"
"2019-08-17 17:13","LeaderZooKeeperServer.java","154969","257115","412084"
"2019-06-03 19:40","LeaderZooKeeperServer.java","154969","242446","397415"
"2019-11-25 15:37","LeaderZooKeeperServer.java","155916","262870","418786"
"2019-12-27 22:33","LeaderZooKeeperServer.java","155916","266740","422656"
"2010-03-12 19:26","LeaderZooKeeperServer.java","9698","22547","32245"
"2013-10-09 22:21","LeaderZooKeeperServer.java","29079","83406","112485"
"2011-10-20 20:02","LeaderZooKeeperServer.java","24565","56975","81540"
"2015-10-18 19:00","QuorumPeer.java","22254","76972","99226"
"2018-12-20 15:13","QuorumPeer.java","178678","230436","409114"
"2019-05-16 16:25","QuorumPeer.java","178745","241732","420477"
"2018-10-16 16:22","QuorumPeer.java","147488","236761","384249"
"2019-06-14 09:06","QuorumPeer.java","178744","244930","423674"
"2018-12-07 12:41","QuorumPeer.java","178678","227450","406128"
"2012-04-23 01:20","QuorumPeer.java","10692","25087","35779"
"2012-07-17 23:19","QuorumPeer.java","10723","25890","36613"
"2019-03-11 19:47","QuorumPeer.java","178692","236878","415570"
"2012-02-27 03:41","QuorumPeer.java","8253","20563","28816"
"2014-07-18 02:19","QuorumPeer.java","20561","65545","86106"
"2019-02-13 13:12","QuorumPeer.java","178691","235825","414516"
"2019-04-12 19:01","QuorumPeer.java","178745","238740","417485"
"2018-12-09 03:16","QuorumPeer.java","178678","229524","408202"
"2018-09-11 15:23","QuorumPeer.java","107127","178729","285856"
"2019-11-29 14:49","QuorumPeer.java","179838","264583","444421"
"2013-03-07 07:01","QuorumPeer.java","12878","39111","51989"
"2018-12-15 07:34","QuorumPeer.java","178678","229439","408117"
"2018-11-27 10:02","QuorumPeer.java","178678","227200","405878"
"2018-09-18 01:00","QuorumPeer.java","107187","180044","287231"
"2012-02-06 09:40","QuorumPeer.java","7911","19980","27891"
"2019-06-03 19:40","QuorumPeer.java","178744","242263","421007"
"2019-07-15 14:15","QuorumPeer.java","178744","252351","431095"
"2015-03-17 18:06","QuorumPeer.java","21024","71981","93005"
"2019-07-03 00:44","QuorumPeer.java","178744","244945","423689"
"2019-08-17 17:13","QuorumPeer.java","178744","256932","435676"
"2015-06-27 02:03","QuorumPeer.java","21281","74927","96208"
"2017-11-28 00:10","QuorumPeer.java","27915","91776","119691"
"2014-01-21 04:50","QuorumPeer.java","13658","47041","60699"
"2014-06-04 22:07","QuorumPeer.java","19917","59101","79018"
"2018-01-30 08:02","QuorumPeer.java","28053","92067","120120"
"2019-05-15 11:56","QuorumPeer.java","178745","241687","420432"
"2019-06-05 00:33","QuorumPeer.java","178744","242653","421397"
"2019-05-20 23:13","QuorumPeer.java","178745","241805","420550"
"2019-06-04 10:55","QuorumPeer.java","178744","242416","421160"
"2019-07-12 17:01","QuorumPeer.java","178744","252245","430989"
"2020-01-09 11:27","QuorumPeer.java","179838","266129","445967"
"2017-02-09 11:40","QuorumPeer.java","25193","87830","113023"
"2011-06-14 07:14","QuorumPeer.java","417","2028","2445"
"2017-07-06 18:48","QuorumPeer.java","27584","87907","115491"
"2018-10-01 06:11","QuorumPeer.java","107342","182778","290120"
"2015-04-09 20:16","QuorumPeer.java","21037","73057","94094"
"2013-10-07 21:08","QuorumPeer.java","13313","42362","55675"
"2013-09-30 22:20","QuorumPeer.java","13171","41789","54960"
"2018-07-04 17:11","QuorumPeer.java","35857","103432","139289"
"2019-12-17 13:48","QuorumPeer.java","179838","265155","444993"
"2015-12-07 05:59","QuorumPeer.java","22401","77877","100278"
"2020-01-23 13:43","QuorumPeer.java","179838","267953","447791"
"2016-06-23 23:45","QuorumPeer.java","24024","80570","104594"
"2016-06-23 23:25","QuorumPeer.java","24025","80463","104488"
"2014-03-23 04:12","QuorumPeer.java","13861","49464","63325"
"2013-09-26 00:13","QuorumPeer.java","13152","41526","54678"
"2011-06-17 01:34","QuorumPeer.java","504","2186","2690"
"2011-06-14 14:11","QuorumPeer.java","418","2056","2474"
"2014-07-18 20:48","QuorumPeer.java","20598","66041","86639"
"2014-07-04 04:19","QuorumPeer.java","19946","60773","80719"
"2018-12-06 10:56","QuorumPeer.java","178678","227394","406072"
"2014-06-25 15:04","QuorumPeer.java","19922","59603","79525"
"2014-03-28 01:58","QuorumPeer.java","13874","49895","63769"
"2013-10-21 23:36","QuorumPeer.java","13504","45295","58799"
"2019-10-10 14:37","QuorumPeer.java","178744","260685","439429"
"2013-11-07 06:41","QuorumPeer.java","13529","45751","59280"
"2017-07-27 23:09","QuorumPeer.java","27592","86929","114521"
"2014-05-18 05:49","QuorumPeer.java","19902","58597","78499"
"2011-10-25 08:09","QuorumPeer.java","6813","16378","23191"
"2014-03-25 22:13","QuorumPeer.java","13871","49710","63581"
"2011-11-01 08:15","QuorumPeer.java","7018","16772","23790"
"2018-06-26 11:18","QuorumPeer.java","28289","95846","124135"
"2018-07-27 12:32","QuorumPeer.java","45185","113960","159145"
"2019-04-18 19:17","QuorumPeer.java","178745","239450","418195"
"2011-10-27 23:25","QuorumPeer.java","6891","16616","23507"
"2011-08-30 08:37","QuorumPeer.java","1699","14150","15849"
"2011-08-30 08:29","QuorumPeer.java","1693","14132","15825"
"2013-10-09 22:21","QuorumPeer.java","13498","44926","58424"
"2016-12-20 14:47","QuorumPeer.java","25089","86591","111680"
"2011-05-20 01:17","QuorumPeer.java","68","548","616"
"2017-05-11 16:59","QuorumPeer.java","27510","86966","114476"
"2014-07-03 06:01","QuorumPeer.java","19945","60350","80295"
"2014-08-14 08:08","QuorumPeer.java","20685","66989","87674"
"2014-08-01 07:38","QuorumPeer.java","20686","66569","87255"
"2014-07-20 04:50","QuorumPeer.java","20620","66125","86745"
"2016-06-02 00:59","QuorumPeer.java","24011","80080","104091"
"2020-02-16 10:25","QuorumPeer.java","179838","268666","448504"
"2020-03-19 17:09","Learner.java","217618","269526","487144"
"2020-02-03 04:30","Learner.java","217618","268021","485639"
"2020-01-23 13:43","Learner.java","217618","267464","485082"
"2017-07-04 07:39","Learner.java","13172","22266","35438"
"2020-03-25 03:38","Learner.java","217618","270322","487940"
"2019-11-28 12:24","Learner.java","217616","262441","480057"
"2019-12-27 22:33","Learner.java","217617","266214","483831"
"2020-01-25 18:48","Learner.java","217618","267654","485272"
"2020-05-03 19:43","Learner.java","217618","271258","488876"
"2016-08-13 15:01","Learner.java","7020","13304","20324"
"2019-10-10 14:37","Learner.java","216164","259836","476000"
"2019-06-03 19:40","Learner.java","216163","241413","457576"
"2019-07-15 14:15","Learner.java","216164","251502","467666"
"2019-08-23 19:43","Learner.java","216164","256749","472913"
"2016-09-08 22:59","Learner.java","7448","13980","21428"
"2019-08-17 17:13","Learner.java","216164","256083","472247"
"2017-11-28 00:10","Learner.java","15413","28317","43730"
"2018-05-09 00:54","Learner.java","16123","31155","47278"
"2019-04-09 15:35","Learner.java","216075","236851","452926"
"2019-07-12 17:01","Learner.java","216164","251396","467560"
"2017-07-06 18:48","Learner.java","13183","22549","35732"
"2017-08-18 06:32","Learner.java","14803","23672","38475"
"2019-07-02 07:34","Learner.java","216163","244025","460188"
"2018-10-16 16:22","Learner.java","195224","233540","428764"
"2017-02-12 00:12","Learner.java","11838","20268","32106"
"2018-12-09 03:16","Learner.java","216052","228629","444681"
"2019-11-29 14:49","Learner.java","217616","264092","481708"
"2018-11-27 10:02","Learner.java","216052","226305","442357"
"2018-08-06 14:11","Learner.java","36182","54612","90794"
"2019-05-20 17:18","LocalPeerBeanTest.java","220260","240661","460921"
"2019-02-13 13:12","LocalPeerBeanTest.java","220181","234737","454918"
"2019-08-17 17:13","LocalPeerBeanTest.java","220278","255888","476166"
"2018-07-27 12:32","LocalPeerBeanTest.java","32739","46248","78987"
"2018-06-26 11:18","LocalPeerBeanTest.java","12768","25059","37827"
"2019-10-10 14:37","InvalidSnapshotTest.java","3717","7470","11187"
"2018-12-20 15:13","QuorumPeer.java","221330","229338","450668"
"2019-05-16 16:25","QuorumPeer.java","221430","240667","462097"
"2018-10-16 16:22","QuorumPeer.java","200012","232847","432859"
"2019-06-14 09:06","QuorumPeer.java","221448","243884","465332"
"2018-12-07 12:41","QuorumPeer.java","221329","226351","447680"
"2019-03-11 19:47","QuorumPeer.java","221353","235789","457142"
"2019-02-13 13:12","QuorumPeer.java","221352","234736","456088"
"2019-04-12 19:01","QuorumPeer.java","221430","237675","459105"
"2018-12-09 03:16","QuorumPeer.java","221329","228425","449754"
"2018-09-11 15:23","QuorumPeer.java","108317","123481","231798"
"2019-11-29 14:49","QuorumPeer.java","223027","264022","487049"
"2018-12-15 07:34","QuorumPeer.java","221329","228340","449669"
"2018-11-27 10:02","QuorumPeer.java","221329","226101","447430"
"2018-09-18 01:00","QuorumPeer.java","108445","124864","233309"
"2019-06-03 19:40","QuorumPeer.java","221448","241217","462665"
"2019-07-15 14:15","QuorumPeer.java","221449","251306","472755"
"2019-07-03 00:44","QuorumPeer.java","221448","243899","465347"
"2019-08-17 17:13","QuorumPeer.java","221449","255887","477336"
"2017-11-28 00:10","QuorumPeer.java","9711","17134","26845"
"2018-01-30 08:02","QuorumPeer.java","10149","17725","27874"
"2019-05-15 11:56","QuorumPeer.java","221430","240622","462052"
"2019-06-05 00:33","QuorumPeer.java","221448","241607","463055"
"2019-05-20 23:13","QuorumPeer.java","221431","240741","462172"
"2019-06-04 10:55","QuorumPeer.java","221448","241370","462818"
"2019-07-12 17:01","QuorumPeer.java","221449","251200","472649"
"2020-01-09 11:27","QuorumPeer.java","223029","265570","488599"
"2017-02-09 11:40","QuorumPeer.java","2773","8972","11745"
"2017-07-06 18:48","QuorumPeer.java","7391","11276","18667"
"2018-10-01 06:11","QuorumPeer.java","109129","128127","237256"
"2018-07-04 17:11","QuorumPeer.java","20593","31730","52323"
"2019-12-17 13:48","QuorumPeer.java","223027","264594","487621"
"2020-01-23 13:43","QuorumPeer.java","223029","267394","490423"
"2018-12-06 10:56","QuorumPeer.java","221329","226295","447624"
"2019-10-10 14:37","QuorumPeer.java","221449","259640","481089"
"2017-07-27 23:09","QuorumPeer.java","8910","11809","20719"
"2018-06-26 11:18","QuorumPeer.java","10706","21825","32531"
"2018-07-27 12:32","QuorumPeer.java","31165","43502","74667"
"2019-04-18 19:17","QuorumPeer.java","221430","238385","459815"
"2016-12-20 14:47","QuorumPeer.java","2438","7502","9940"
"2017-05-11 16:59","QuorumPeer.java","7052","10070","17122"
"2020-02-16 10:25","QuorumPeer.java","223029","268107","491136"
"2019-08-17 17:13","CreateTest.java","178405","256932","435337"
"2012-12-19 19:16","CreateTest.java","12465","34481","46946"
"2015-07-07 07:11","CreateTest.java","22280","76443","98723"
"2020-03-19 17:09","Learner.java","35821","52391","88212"
"2020-02-03 04:30","Learner.java","35699","50764","86463"
"2020-01-23 13:43","Learner.java","35589","50097","85686"
"2020-03-25 03:38","Learner.java","35896","53262","89158"
"2019-11-28 12:24","Learner.java","33767","43254","77021"
"2019-12-27 22:33","Learner.java","34226","47485","81711"
"2020-01-25 18:48","Learner.java","35595","50293","85888"
"2020-05-03 19:43","Learner.java","36573","54875","91448"
"2019-10-10 14:37","Learner.java","28279","36613","64892"
"2019-08-23 19:43","Learner.java","25830","31077","56907"
"2019-08-17 17:13","Learner.java","25828","30409","56237"
"2019-11-29 14:49","Learner.java","34076","45214","79290"
"2019-10-10 14:37","QuorumPeerMain.java","31720","53666","85386"
"2020-01-23 13:43","QuorumPeerMain.java","38937","67057","105994"
"2019-11-28 12:24","QuorumPeerMain.java","37198","60297","97495"
"2020-02-16 10:25","QuorumPeerMain.java","39069","67902","106971"
"2019-04-18 19:17","QuorumPeerMain.java","23","733","756"
"2019-11-11 13:59","QuorumPeerMain.java","31921","57524","89445"
"2019-08-17 17:13","QuorumPeerMain.java","29620","47813","77433"
"2016-07-27 01:33","ZooKeeperTest.java","16636","37360","53996"
"2015-11-08 22:54","ZooKeeperTest.java","12866","31772","44638"
"2016-09-08 22:52","ZooKeeperTest.java","17210","38322","55532"
"2018-10-04 15:46","ZooKeeperTest.java","112558","151920","264478"
"2016-10-16 14:21","ZooKeeperTest.java","17392","39664","57056"
"2019-03-12 19:08","ZooKeeperTest.java","201424","236305","437729"
"2017-04-29 20:17","ZooKeeperTest.java","21116","45286","66402"
"2017-05-30 19:43","ZooKeeperTest.java","22028","45428","67456"
"2019-05-23 18:42","ZooKeeperTest.java","201497","241484","442981"
"2019-08-17 17:13","ZooKeeperTest.java","201513","256271","457784"
"2016-08-10 19:32","ZooKeeperTest.java","16857","37536","54393"
"2019-06-06 00:01","ZooKeeperTest.java","201513","242408","443921"
"2019-11-28 12:24","DataTree.java","58455","263069","321524"
"2011-07-13 15:48","DataTree.java","13076","128152","141228"
"2011-06-25 08:13","DataTree.java","12850","136163","149013"
"2011-07-28 07:49","DataTree.java","13139","130661","143800"
"2019-10-10 14:37","DataTree.java","58134","261595","319729"
"2019-12-27 22:33","DataTree.java","58455","266841","325296"
"2015-06-06 03:48","DataTree.java","18598","181077","199675"
"2010-01-26 01:17","DataTree.java","11274","112286","123560"
"2009-10-31 00:09","DataTree.java","10509","99196","109705"
"2019-11-11 13:59","DataTree.java","58134","265252","323386"
"2011-04-12 09:14","DataTree.java","12766","133947","146713"
"2018-07-10 13:29","DataTree.java","19876","196564","216440"
"2012-12-19 19:16","DataTree.java","16714","147474","164188"
"2014-04-17 08:47","DataTree.java","18357","164965","183322"
"2014-04-29 02:23","DataTree.java","18361","165675","184036"
"2008-10-01 08:26","DataTree.java","1870","16350","18220"
"2008-10-14 19:47","DataTree.java","2425","25238","27663"
"2008-10-22 01:49","DataTree.java","2474","28958","31432"
"2010-07-05 20:20","DataTree.java","11817","133333","145150"
"2011-09-15 00:55","DataTree.java","15698","135953","151651"
"2011-09-28 22:17","DataTree.java","15707","136147","151854"
"2018-09-28 23:38","DataTree.java","44774","229288","274062"
"2011-09-17 02:36","DataTree.java","15707","135890","151597"
"2011-10-20 18:48","DataTree.java","15740","134340","150080"
"2019-11-08 17:30","DataTree.java","58134","263456","321590"
"2013-09-05 23:50","DataTree.java","17012","154044","171056"
"2009-01-15 23:57","DataTree.java","7050","39154","46204"
"2009-02-03 06:23","DataTree.java","7904","52690","60594"
"2019-01-30 16:28","DataTree.java","58118","234937","293055"
"2019-01-30 17:02","DataTree.java","58118","235481","293599"
"2008-10-07 20:51","DataTree.java","2383","18048","20431"
"2016-11-24 17:18","DataTree.java","18884","189130","208014"
"2017-09-11 18:55","DataTree.java","19155","188242","207397"
"2011-07-01 00:53","DataTree.java","13144","138970","152114"
"2012-02-06 10:39","DataTree.java","15950","137109","153059"
"2011-12-21 21:39","DataTree.java","15896","136187","152083"
"2017-02-05 07:22","DataTree.java","18942","190627","209569"
"2014-07-18 02:19","DataTree.java","18464","172531","190995"
"2019-02-07 11:26","DataTree.java","58118","236158","294276"
"2013-03-07 07:01","DataTree.java","16944","152260","169204"
"2018-09-04 11:54","DataTree.java","44652","224082","268734"
"2018-09-05 22:35","DataTree.java","44651","224337","268988"
"2018-12-20 15:17","DataTree.java","58118","231426","289544"
"2019-09-10 09:53","DataTree.java","58134","258891","317025"
"2019-04-12 19:01","DataTree.java","58134","239649","297783"
"2019-07-31 19:06","DataTree.java","58134","257149","315283"
"2019-09-11 10:27","DataTree.java","58134","259198","317332"
"2013-10-22 12:54","DataTree.java","17027","158128","175155"
"2016-03-23 00:30","DataTree.java","18656","182574","201230"
"2019-08-01 07:31","DataTree.java","58134","258513","316647"
"2009-06-15 22:52","DataTree.java","8957","84087","93044"
"2014-01-24 07:18","DataTree.java","17027","161076","178103"
"2009-11-12 23:48","DataTree.java","10769","105066","115835"
"2009-06-18 18:37","DataTree.java","8997","85198","94195"
"2019-08-17 17:13","DataTree.java","58134","257842","315976"
"2019-09-10 15:21","DataTree.java","58134","258885","317019"
"2015-06-04 19:51","DataTree.java","18596","180970","199566"
"2016-10-07 21:51","DataTree.java","18740","186165","204905"
"2017-06-18 19:23","DataTree.java","19109","187882","206991"
"2009-01-16 00:48","DataTree.java","7218","39341","46559"
"2019-04-12 12:29","DataTree.java","58134","239218","297352"
"2019-08-03 08:42","DataTree.java","58134","258550","316684"
"2019-08-09 16:15","DataTree.java","58134","259298","317432"
"2016-11-13 20:59","DataTree.java","18742","188420","207162"
"2019-04-29 16:49","DataTree.java","58134","241679","299813"
"2019-08-17 17:13","DigestCommand.java","24762","25455","50217"
"2015-10-18 19:00","QuorumPeer.java","37103","103509","140612"
"2018-12-20 15:13","QuorumPeer.java","166930","230527","397457"
"2019-05-16 16:25","QuorumPeer.java","166989","241815","408804"
"2018-10-16 16:22","QuorumPeer.java","136149","237110","373259"
"2019-06-14 09:06","QuorumPeer.java","166988","245013","412001"
"2010-03-16 23:25","QuorumPeer.java","289","1064","1353"
"2018-12-07 12:41","QuorumPeer.java","166930","227541","394471"
"2012-04-23 01:20","QuorumPeer.java","27607","53690","81297"
"2012-07-17 23:19","QuorumPeer.java","27684","54539","82223"
"2019-03-11 19:47","QuorumPeer.java","166946","236971","403917"
"2012-02-27 03:41","QuorumPeer.java","25343","49341","74684"
"2014-07-18 02:19","QuorumPeer.java","36511","93183","129694"
"2019-02-13 13:12","QuorumPeer.java","166943","235916","402859"
"2011-04-29 18:12","QuorumPeer.java","19838","31673","51511"
"2019-04-12 19:01","QuorumPeer.java","166989","238823","405812"
"2018-12-09 03:16","QuorumPeer.java","166930","229615","396545"
"2018-09-11 15:23","QuorumPeer.java","103556","186846","290402"
"2019-11-29 14:49","QuorumPeer.java","168035","264619","432654"
"2013-03-07 07:01","QuorumPeer.java","29341","67262","96603"
"2018-12-15 07:34","QuorumPeer.java","166930","229530","396460"
"2018-11-27 10:02","QuorumPeer.java","166930","227291","394221"
"2018-09-18 01:00","QuorumPeer.java","103610","188155","291765"
"2012-02-06 09:40","QuorumPeer.java","25036","48793","73829"
"2019-06-03 19:40","QuorumPeer.java","166988","242346","409334"
"2019-07-15 14:15","QuorumPeer.java","166988","252434","419422"
"2015-03-17 18:06","QuorumPeer.java","36797","99442","136239"
"2019-07-03 00:44","QuorumPeer.java","166988","245028","412016"
"2019-08-17 17:13","QuorumPeer.java","166988","257015","424003"
"2015-06-27 02:03","QuorumPeer.java","36998","102332","139330"
"2017-11-28 00:10","QuorumPeer.java","41737","117286","159023"
"2014-01-21 04:50","QuorumPeer.java","29968","75039","105007"
"2014-06-04 22:07","QuorumPeer.java","36041","86913","122954"
"2018-01-30 08:02","QuorumPeer.java","41770","117472","159242"
"2019-05-15 11:56","QuorumPeer.java","166989","241770","408759"
"2019-06-05 00:33","QuorumPeer.java","166988","242736","409724"
"2019-05-20 23:13","QuorumPeer.java","166989","241888","408877"
"2019-06-04 10:55","QuorumPeer.java","166988","242499","409487"
"2019-07-12 17:01","QuorumPeer.java","166988","252328","419316"
"2020-01-09 11:27","QuorumPeer.java","168035","266165","434200"
"2017-02-09 11:40","QuorumPeer.java","39680","114005","153685"
"2011-06-14 07:14","QuorumPeer.java","19988","33438","53426"
"2017-07-06 18:48","QuorumPeer.java","41451","113462","154913"
"2018-10-01 06:11","QuorumPeer.java","103757","190881","294638"
"2015-04-09 20:16","QuorumPeer.java","36805","100513","137318"
"2013-10-07 21:08","QuorumPeer.java","29715","70452","100167"
"2013-09-30 22:20","QuorumPeer.java","29583","69889","99472"
"2018-07-04 17:11","QuorumPeer.java","49399","128662","178061"
"2019-12-17 13:48","QuorumPeer.java","168035","265191","433226"
"2015-12-07 05:59","QuorumPeer.java","37189","104353","141542"
"2020-01-23 13:43","QuorumPeer.java","168035","267989","436024"
"2016-06-23 23:45","QuorumPeer.java","38772","107006","145778"
"2011-05-03 19:57","QuorumPeer.java","19840","31679","51519"
"2016-06-23 23:25","QuorumPeer.java","38772","106898","145670"
"2010-03-12 19:26","QuorumPeer.java","174","904","1078"
"2014-03-23 04:12","QuorumPeer.java","30140","77431","107571"
"2013-09-26 00:13","QuorumPeer.java","29567","69629","99196"
"2011-06-17 01:34","QuorumPeer.java","20054","33575","53629"
"2011-06-14 14:11","QuorumPeer.java","19989","33466","53455"
"2010-03-10 02:27","QuorumPeer.java","14","228","242"
"2010-03-10 19:52","QuorumPeer.java","24","324","348"
"2014-07-18 20:48","QuorumPeer.java","36540","93671","130211"
"2014-07-04 04:19","QuorumPeer.java","36055","88570","124625"
"2018-12-06 10:56","QuorumPeer.java","166930","227485","394415"
"2014-06-25 15:04","QuorumPeer.java","36047","87416","123463"
"2014-03-28 01:58","QuorumPeer.java","30143","77852","107995"
"2013-10-21 23:36","QuorumPeer.java","29871","73350","103221"
"2019-10-10 14:37","QuorumPeer.java","166988","260768","427756"
"2013-11-07 06:41","QuorumPeer.java","29895","73805","103700"
"2017-07-27 23:09","QuorumPeer.java","41459","112484","153943"
"2014-05-18 05:49","QuorumPeer.java","36026","86409","122435"
"2011-10-25 08:09","QuorumPeer.java","24085","45338","69423"
"2014-03-25 22:13","QuorumPeer.java","30140","77667","107807"
"2011-04-12 09:14","QuorumPeer.java","19746","31246","50992"
"2011-11-01 08:15","QuorumPeer.java","24204","45646","69850"
"2011-03-16 19:49","QuorumPeer.java","9005","61978","70983"
"2018-06-26 11:18","QuorumPeer.java","41957","121202","163159"
"2018-07-27 12:32","QuorumPeer.java","58627","139090","197717"
"2019-04-18 19:17","QuorumPeer.java","166989","239533","406522"
"2011-10-27 23:25","QuorumPeer.java","24141","45554","69695"
"2011-08-30 08:37","QuorumPeer.java","19315","43454","62769"
"2011-08-30 08:29","QuorumPeer.java","19309","43436","62745"
"2010-08-18 08:24","QuorumPeer.java","7834","28289","36123"
"2013-10-09 22:21","QuorumPeer.java","29872","72988","102860"
"2016-12-20 14:47","QuorumPeer.java","39594","112784","152378"
"2011-05-20 01:17","QuorumPeer.java","19867","32186","52053"
"2010-05-05 22:32","QuorumPeer.java","5719","6479","12198"
"2017-05-11 16:59","QuorumPeer.java","41392","112536","153928"
"2014-07-03 06:01","QuorumPeer.java","36055","88148","124203"
"2014-08-14 08:08","QuorumPeer.java","36610","94602","131212"
"2014-08-01 07:38","QuorumPeer.java","36610","94181","130791"
"2014-07-20 04:50","QuorumPeer.java","36559","93752","130311"
"2016-06-02 00:59","QuorumPeer.java","38771","106528","145299"
"2020-02-16 10:25","QuorumPeer.java","168035","268702","436737"
"2018-09-15 00:08","ZooKeeperServer.java","94387","189490","283877"
"2019-04-12 19:01","ZooKeeperServer.java","154970","238923","393893"
"2019-07-31 19:06","ZooKeeperServer.java","154969","256422","411391"
"2019-09-11 10:27","ZooKeeperServer.java","154969","258471","413440"
"2019-01-14 19:38","ZooKeeperServer.java","154917","232355","387272"
"2019-01-07 15:34","ZooKeeperServer.java","154917","231956","386873"
"2018-11-21 17:56","ZooKeeperServer.java","154917","225153","380070"
"2012-01-31 07:45","ZooKeeperServer.java","25044","59613","84657"
"2017-04-28 07:14","ZooKeeperServer.java","35269","118454","153723"
"2011-08-19 00:05","ZooKeeperServer.java","19923","53906","73829"
"2017-02-12 00:12","ZooKeeperServer.java","35240","117526","152766"
"2014-07-18 02:19","ZooKeeperServer.java","31208","99091","130299"
"2013-12-11 19:22","ZooKeeperServer.java","29120","84841","113961"
"2019-02-13 13:12","ZooKeeperServer.java","154927","236019","390946"
"2012-02-11 00:34","ZooKeeperServer.java","25344","60498","85842"
"2016-11-24 17:18","ZooKeeperServer.java","34124","118186","152310"
"2018-07-19 05:59","ZooKeeperServer.java","52644","143814","196458"
"2018-09-18 01:00","ZooKeeperServer.java","94436","190192","284628"
"2019-03-04 08:07","ZooKeeperServer.java","154930","236599","391529"
"2019-07-08 23:26","ZooKeeperServer.java","154969","245891","400860"
"2019-01-23 14:00","ZooKeeperServer.java","154917","233790","388707"
"2019-02-13 13:19","ZooKeeperServer.java","154927","236305","391232"
"2019-05-14 17:11","ZooKeeperServer.java","154970","241783","396753"
"2013-01-25 02:17","ZooKeeperServer.java","28156","72889","101045"
"2015-07-10 08:19","ZooKeeperServer.java","31774","108644","140418"
"2019-06-04 10:55","ZooKeeperServer.java","154969","242599","397568"
"2011-06-14 07:14","ZooKeeperServer.java","21076","46645","67721"
"2019-04-09 15:35","ZooKeeperServer.java","154931","237934","392865"
"2019-08-03 08:42","ZooKeeperServer.java","154969","257823","412792"
"2019-05-15 11:56","ZooKeeperServer.java","154970","241870","396840"
"2019-05-22 11:39","ZooKeeperServer.java","154970","242316","397286"
"2019-04-22 19:15","ZooKeeperServer.java","154970","239898","394868"
"2018-02-23 23:49","ZooKeeperServer.java","36048","124007","160055"
"2016-11-16 06:21","ZooKeeperServer.java","33931","117972","151903"
"2012-12-19 19:07","ZooKeeperServer.java","28092","71787","99879"
"2017-08-18 06:32","ZooKeeperServer.java","35764","118489","154253"
"2017-06-26 00:16","ZooKeeperServer.java","35689","118406","154095"
"2019-09-10 04:26","ZooKeeperServer.java","154969","258160","413129"
"2019-08-17 17:13","ZooKeeperServer.java","154969","257115","412084"
"2019-09-05 23:12","ZooKeeperServer.java","154969","258034","413003"
"2019-09-10 15:21","ZooKeeperServer.java","154969","258158","413127"
"2019-08-01 07:31","ZooKeeperServer.java","154969","257786","412755"
"2019-08-01 07:28","ZooKeeperServer.java","154969","257296","412265"
"2019-06-03 19:40","ZooKeeperServer.java","154969","242446","397415"
"2015-03-17 18:06","ZooKeeperServer.java","31497","105353","136850"
"2019-11-23 17:08","ZooKeeperServer.java","155916","262763","418679"
"2019-10-09 16:49","ZooKeeperServer.java","154969","260701","415670"
"2019-07-03 00:44","ZooKeeperServer.java","154969","245128","400097"
"2018-01-19 01:12","ZooKeeperServer.java","35986","122903","158889"
"2019-07-24 18:00","ZooKeeperServer.java","154969","253570","408539"
"2013-05-16 18:49","ZooKeeperServer.java","28580","77863","106443"
"2018-08-08 06:21","ZooKeeperServer.java","75092","167742","242834"
"2018-05-09 23:57","ZooKeeperServer.java","36145","125609","161754"
"2010-01-26 01:17","ZooKeeperServer.java","780","4230","5010"
"2019-12-27 22:33","ZooKeeperServer.java","155916","266740","422656"
"2016-08-13 15:01","ZooKeeperServer.java","33737","113877","147614"
"2018-09-11 00:17","ZooKeeperServer.java","94383","187937","282320"
"2019-11-18 09:05","ZooKeeperServer.java","155916","261206","417122"
"2019-10-10 14:37","ZooKeeperServer.java","154969","260868","415837"
"2019-09-16 23:26","ZooKeeperServer.java","154969","260134","415103"
"2013-10-08 01:35","ZooKeeperServer.java","28926","81013","109939"
"2017-06-23 18:39","ZooKeeperServer.java","35644","118381","154025"
"2011-12-28 07:07","ZooKeeperServer.java","25024","59254","84278"
"2019-12-03 10:01","ZooKeeperServer.java","155916","264665","420581"
"2020-03-25 03:38","ZooKeeperServer.java","155916","270847","426763"
"2010-03-12 19:26","ZooKeeperServer.java","9698","22547","32245"
"2019-11-28 12:24","ZooKeeperServer.java","155916","262968","418884"
"2019-11-06 15:21","ZooKeeperServer.java","154969","261084","416053"
"2011-05-20 01:17","ZooKeeperServer.java","20955","45393","66348"
"2010-07-29 23:10","ZooKeeperServer.java","14325","41709","56034"
"2011-09-17 02:36","ZooKeeperServer.java","22900","56899","79799"
"2020-04-12 11:14","ZooKeeperServer.java","155916","271600","427516"
"2011-09-14 08:56","ZooKeeperServer.java","20129","56688","76817"
"2011-08-21 02:53","ZooKeeperServer.java","19924","53935","73859"
"2010-08-18 08:24","ZooKeeperServer.java","15483","48057","63540"
"2013-10-09 22:21","ZooKeeperServer.java","29079","83406","112485"
"2015-03-08 23:07","ZooKeeperServer.java","31470","104278","135748"
"2018-06-08 16:52","ZooKeeperServer.java","36149","126362","162511"
"2018-06-15 07:41","ZooKeeperServer.java","36166","126382","162548"
"2018-07-28 04:37","ZooKeeperServer.java","52680","144426","197106"
"2019-04-18 19:17","ZooKeeperServer.java","154970","239633","394603"
"2012-03-15 17:47","ZooKeeperServer.java","25386","61574","86960"
"2014-03-25 22:13","ZooKeeperServer.java","29340","88078","117418"
"2011-04-12 09:14","ZooKeeperServer.java","20837","44456","65293"
"2017-01-07 01:09","Zab1_0Test.java","7820","17437","25257"
"2015-12-06 21:30","Zab1_0Test.java","1953","4804","6757"
"2019-12-17 13:48","Zab1_0Test.java","219176","264657","483833"
"2015-07-07 07:11","Zab1_0Test.java","1563","2863","4426"
"2019-12-27 22:33","Zab1_0Test.java","219177","266207","485384"
"2019-10-10 14:37","Zab1_0Test.java","217720","259825","477545"
"2019-08-17 17:13","Zab1_0Test.java","217720","256072","473792"
"2019-06-03 19:40","Zab1_0Test.java","217719","241402","459121"
"2018-05-10 06:00","Zab1_0Test.java","15482","29808","45290"
"2017-11-28 00:10","Zab1_0Test.java","14626","25963","40589"
"2017-08-18 06:32","Zab1_0Test.java","13996","21298","35294"
"2017-02-12 00:12","Zab1_0Test.java","11030","17893","28923"
"2013-11-19 02:03","FLEBackwardElectionRoundTest.java","4642","20904","25546"
"2014-07-08 05:25","FLEBackwardElectionRoundTest.java","12638","37947","50585"
"2017-06-13 20:57","FLEBackwardElectionRoundTest.java","24150","68641","92791"
"2019-07-12 17:01","FLEBackwardElectionRoundTest.java","181596","251777","433373"
"2017-11-28 00:10","FLEBackwardElectionRoundTest.java","24365","72218","96583"
"2019-08-17 17:13","FLEBackwardElectionRoundTest.java","181596","256464","438060"
"2019-06-03 19:40","FLEBackwardElectionRoundTest.java","181596","241795","423391"
"2017-09-11 18:55","FLEBackwardElectionRoundTest.java","24047","68043","92090"
"2015-07-07 07:11","BaseSysTest.java","24503","153026","177529"
"2015-08-23 19:12","BaseSysTest.java","24505","153570","178075"
"2018-12-20 07:24","BaseSysTest.java","100708","231162","331870"
"2020-03-26 22:20","BaseSysTest.java","101191","271185","372376"
"2011-09-02 19:02","BaseSysTest.java","16718","103911","120629"
"2014-05-09 23:37","BaseSysTest.java","24008","136971","160979"
"2017-09-11 18:55","BaseSysTest.java","27354","162057","189411"
"2019-07-12 17:01","BaseSysTest.java","100735","253002","353737"
"2014-08-14 09:32","BaseSysTest.java","24310","145331","169641"
"2009-02-02 23:26","BaseSysTest.java","1380","2137","3517"
"2019-08-01 07:31","ObserverRequestProcessor.java","215122","256760","471882"
"2019-08-17 17:13","ObserverRequestProcessor.java","215122","256089","471211"
"2015-06-04 19:51","ObserverRequestProcessor.java","1433","4815","6248"
"2016-10-07 21:51","ObserverRequestProcessor.java","7713","16146","23859"
"2020-03-25 03:38","ObserverRequestProcessor.java","216570","270322","486892"
"2015-07-10 08:19","ServerStats.java","17010","59650","76660"
"2019-04-12 19:01","ServerStats.java","177111","238463","415574"
"2015-02-06 06:17","ServerStats.java","15480","53884","69364"
"2014-07-18 02:19","ServerStats.java","15021","48674","63695"
"2019-01-07 14:39","ServerStats.java","177033","231417","408450"
"2012-02-11 00:34","ServerStats.java","614","1538","2152"
"2018-09-18 01:00","ServerStats.java","109284","170810","280094"
"2019-08-17 17:13","ServerStats.java","177111","256656","433767"
"2018-07-12 01:33","ServerStats.java","34059","90511","124570"
"2018-06-08 16:52","ServerStats.java","26196","82179","108375"
"2011-04-12 09:14","InvalidSnapshotTest.java","22214","67194","89408"
"2016-08-24 01:36","InvalidSnapshotTest.java","31778","130628","162406"
"2010-08-18 08:24","InvalidSnapshotTest.java","17805","71740","89545"
"2010-03-31 06:26","InvalidSnapshotTest.java","14548","49016","63564"
"2010-03-04 00:07","InvalidSnapshotTest.java","13253","40708","53961"
"2013-12-21 22:05","InvalidSnapshotTest.java","27490","102462","129952"
"2013-10-02 01:45","InvalidSnapshotTest.java","27354","97865","125219"
"2019-10-10 14:37","InvalidSnapshotTest.java","133993","261253","395246"
"2009-07-17 00:09","InvalidSnapshotTest.java","2831","10922","13753"
"2019-08-17 17:13","InvalidSnapshotTest.java","133993","257500","391493"
"2012-03-18 21:06","InvalidSnapshotTest.java","25977","81220","107197"
"2012-02-06 09:47","InvalidSnapshotTest.java","25586","79473","105059"
"2017-09-11 18:55","QuorumBase.java","36279","119755","156034"
"2012-04-23 01:20","QuorumBase.java","27484","65351","92835"
"2019-07-12 17:01","QuorumBase.java","154468","252500","406968"
"2012-12-11 08:42","QuorumBase.java","28270","71316","99586"
"2019-08-17 17:13","QuorumBase.java","154468","257187","411655"
"2019-08-01 07:31","QuorumBase.java","154468","257858","412326"
"2018-08-08 06:21","QuorumBase.java","75335","168558","243893"
"2009-12-15 23:23","QuorumBase.java","427","726","1153"
"2019-10-10 14:37","QuorumBase.java","154468","260940","415408"
"2010-03-13 01:06","QuorumBase.java","11050","24483","35533"
"2020-03-25 03:38","QuorumBase.java","155407","270911","426318"
"2014-07-18 19:46","QuorumBase.java","31754","100437","132191"
"2010-07-23 06:22","QuorumBase.java","15342","42589","57931"
"2011-05-20 01:17","QuorumBase.java","21722","46733","68455"
"2010-05-05 22:32","QuorumBase.java","14964","28416","43380"
"2010-08-18 08:24","QuorumBase.java","16460","49607","66067"
"2013-10-09 22:21","QuorumBase.java","29628","84528","114156"
"2010-03-31 06:26","QuorumBase.java","12518","26198","38716"
"2014-06-25 19:25","QuorumBase.java","31308","94995","126303"
"2011-04-12 09:14","QuorumBase.java","21659","45851","67510"
"2020-01-30 09:43","FileSnap.java","2008","3804","5812"
"2020-01-28 17:26","FileSnap.java","1981","3701","5682"
"2015-05-14 07:10","CnxManagerTest.java","63789","77504","141293"
"2020-03-12 14:47","CnxManagerTest.java","218395","270001","488396"
"2019-08-17 17:13","CnxManagerTest.java","217322","256985","474307"
"2019-06-03 19:40","CnxManagerTest.java","217322","242316","459638"
"2017-11-28 00:10","CnxManagerTest.java","70260","95596","165856"
"2019-07-12 17:01","CnxManagerTest.java","217322","252298","469620"
"2019-05-08 21:54","CnxManagerTest.java","217323","241488","458811"
"2019-08-06 12:52","CnxManagerTest.java","217322","257958","475280"
"2019-06-14 09:06","CnxManagerTest.java","217322","244983","462305"
"2013-03-07 07:01","CnxManagerTest.java","55698","43406","99104"
"2019-11-29 14:49","CnxManagerTest.java","218395","264615","483010"
"2011-04-29 18:12","CnxManagerTest.java","43662","5133","48795"
"2015-02-06 06:17","CnxManagerTest.java","63543","74753","138296"
"2010-11-17 15:59","CnxManagerTest.java","1165","2279","3444"
"2017-09-11 18:55","CnxManagerTest.java","70147","91626","161773"
"2011-03-16 19:49","CnxManagerTest.java","1553","4162","5715"
"2011-04-12 09:14","CnxManagerTest.java","43551","4687","48238"
"2011-09-17 02:13","CnxManagerTest.java","47844","20447","68291"
"2011-09-14 06:32","CnxManagerTest.java","45058","19632","64690"
"2020-02-16 10:25","CnxManagerTest.java","218395","268698","487093"
"2014-06-25 15:04","CnxManagerTest.java","62645","63801","126446"
"2015-11-03 08:11","CnxManagerTest.java","64876","81107","145983"
"2019-10-10 14:37","CnxManagerTest.java","217322","260738","478060"
"2014-07-23 19:36","CnxManagerTest.java","63313","70375","133688"
"2019-12-27 22:33","FileTxnLog.java","37966","61977","99943"
"2019-10-10 14:37","FileTxnLog.java","32058","51144","83202"
"2020-01-28 17:26","FileTxnLog.java","39383","65114","104497"
"2019-08-17 17:13","FileTxnLog.java","29675","45008","74683"
"2019-06-03 19:40","FileTxnLog.java","405","1069","1474"
"2019-08-03 08:42","FileTxnLog.java","7257","23298","30555"
"2019-10-10 14:37","ClientCnxnSocketNIO.java","182319","260217","442536"
"2014-12-20 15:29","ClientCnxnSocketNIO.java","13473","46271","59744"
"2019-04-09 15:35","ClientCnxnSocketNIO.java","182245","237247","419492"
"2019-08-03 08:42","ClientCnxnSocketNIO.java","182319","257172","439491"
"2014-07-17 22:56","ClientCnxnSocketNIO.java","12491","37977","50468"
"2019-08-17 17:13","ClientCnxnSocketNIO.java","182319","256464","438783"
"2016-05-02 18:15","ClientCnxnSocketNIO.java","18398","57243","75641"
"2018-11-22 17:56","ClientCnxnSocketNIO.java","182224","225066","407290"
"2020-03-19 17:09","Learner.java","12040","23363","35403"
"2020-02-03 04:30","Learner.java","11905","21723","33628"
"2020-01-23 13:43","Learner.java","11788","21049","32837"
"2020-03-25 03:38","Learner.java","12144","24263","36407"
"2019-11-28 12:24","Learner.java","9325","13565","22890"
"2019-12-27 22:33","Learner.java","10015","18027","28042"
"2020-01-25 18:48","Learner.java","11794","21245","33039"
"2020-05-03 19:43","Learner.java","12875","25930","38805"
"2019-10-10 14:37","Learner.java","3726","6813","10539"
"2019-11-29 14:49","Learner.java","9784","15675","25459"
"2019-10-10 14:37","PrometheusMetricsProvider.java","27652","30661","58313"
"2019-12-17 13:48","Zab1_0Test.java","9844","16973","26817"
"2019-12-27 22:33","Zab1_0Test.java","10004","18682","28686"
"2019-10-10 14:37","Zab1_0Test.java","3717","7470","11187"
"2019-08-27 09:23","DistributedQueueTest.java","1209","1802","3011"
"2019-04-12 19:01","AvgMinMaxCounter.java","1177","5291","6468"
"2019-08-17 17:13","AvgMinMaxCounter.java","30178","52485","82663"
"2019-05-08 21:54","AvgMinMaxCounter.java","1528","8337","9865"
"2015-10-18 19:00","QuorumPeer.java","37203","102879","140082"
"2018-12-20 15:13","QuorumPeer.java","167660","230527","398187"
"2019-05-16 16:25","QuorumPeer.java","167719","241815","409534"
"2018-10-16 16:22","QuorumPeer.java","136879","237110","373989"
"2019-06-14 09:06","QuorumPeer.java","167718","245013","412731"
"2010-03-16 23:25","QuorumPeer.java","118","163","281"
"2018-12-07 12:41","QuorumPeer.java","167660","227541","395201"
"2012-04-23 01:20","QuorumPeer.java","27613","52966","80579"
"2012-07-17 23:19","QuorumPeer.java","27690","53815","81505"
"2019-03-11 19:47","QuorumPeer.java","167676","236971","404647"
"2012-02-27 03:41","QuorumPeer.java","25345","48613","73958"
"2014-07-18 02:19","QuorumPeer.java","36601","92543","129144"
"2019-02-13 13:12","QuorumPeer.java","167673","235916","403589"
"2011-04-29 18:12","QuorumPeer.java","19779","30884","50663"
"2019-04-12 19:01","QuorumPeer.java","167719","238823","406542"
"2018-12-09 03:16","QuorumPeer.java","167660","229615","397275"
"2018-09-11 15:23","QuorumPeer.java","103937","186497","290434"
"2019-11-29 14:49","QuorumPeer.java","168765","264619","433384"
"2013-03-07 07:01","QuorumPeer.java","29381","66572","95953"
"2018-12-15 07:34","QuorumPeer.java","167660","229530","397190"
"2018-11-27 10:02","QuorumPeer.java","167660","227291","394951"
"2018-09-18 01:00","QuorumPeer.java","103991","187806","291797"
"2012-02-06 09:40","QuorumPeer.java","25038","48065","73103"
"2019-06-03 19:40","QuorumPeer.java","167718","242346","410064"
"2019-07-15 14:15","QuorumPeer.java","167718","252434","420152"
"2015-03-17 18:06","QuorumPeer.java","36895","98810","135705"
"2019-07-03 00:44","QuorumPeer.java","167718","245028","412746"
"2019-08-17 17:13","QuorumPeer.java","167718","257015","424733"
"2015-06-27 02:03","QuorumPeer.java","37096","101700","138796"
"2017-11-28 00:10","QuorumPeer.java","42038","116857","158895"
"2014-01-21 04:50","QuorumPeer.java","30018","74359","104377"
"2014-06-04 22:07","QuorumPeer.java","36101","86243","122344"
"2018-01-30 08:02","QuorumPeer.java","42071","117043","159114"
"2019-05-15 11:56","QuorumPeer.java","167719","241770","409489"
"2019-06-05 00:33","QuorumPeer.java","167718","242736","410454"
"2019-05-20 23:13","QuorumPeer.java","167719","241888","409607"
"2019-06-04 10:55","QuorumPeer.java","167718","242499","410217"
"2019-07-12 17:01","QuorumPeer.java","167718","252328","420046"
"2020-01-09 11:27","QuorumPeer.java","168765","266165","434930"
"2017-02-09 11:40","QuorumPeer.java","39781","113376","153157"
"2011-06-14 07:14","QuorumPeer.java","19931","32651","52582"
"2017-07-06 18:48","QuorumPeer.java","41752","113033","154785"
"2018-10-01 06:11","QuorumPeer.java","104138","190532","294670"
"2015-04-09 20:16","QuorumPeer.java","36903","99881","136784"
"2013-10-07 21:08","QuorumPeer.java","29760","69767","99527"
"2013-09-30 22:20","QuorumPeer.java","29628","69204","98832"
"2018-07-04 17:11","QuorumPeer.java","49732","128265","177997"
"2019-12-17 13:48","QuorumPeer.java","168765","265191","433956"
"2015-12-07 05:59","QuorumPeer.java","37289","103723","141012"
"2020-01-23 13:43","QuorumPeer.java","168765","267989","436754"
"2016-06-23 23:45","QuorumPeer.java","38871","106375","145246"
"2011-05-03 19:57","QuorumPeer.java","19781","30890","50671"
"2016-06-23 23:25","QuorumPeer.java","38871","106267","145138"
"2014-03-23 04:12","QuorumPeer.java","30190","76751","106941"
"2013-09-26 00:13","QuorumPeer.java","29612","68944","98556"
"2011-06-17 01:34","QuorumPeer.java","20004","32795","52799"
"2011-06-14 14:11","QuorumPeer.java","19932","32679","52611"
"2014-07-18 20:48","QuorumPeer.java","36630","93031","129661"
"2014-07-04 04:19","QuorumPeer.java","36115","87900","124015"
"2018-12-06 10:56","QuorumPeer.java","167660","227485","395145"
"2014-06-25 15:04","QuorumPeer.java","36107","86746","122853"
"2014-03-28 01:58","QuorumPeer.java","30203","77182","107385"
"2013-10-21 23:36","QuorumPeer.java","29921","72670","102591"
"2019-10-10 14:37","QuorumPeer.java","167718","260768","428486"
"2013-11-07 06:41","QuorumPeer.java","29945","73125","103070"
"2017-07-27 23:09","QuorumPeer.java","41760","112055","153815"
"2014-05-18 05:49","QuorumPeer.java","36086","85739","121825"
"2011-10-25 08:09","QuorumPeer.java","24064","44587","68651"
"2014-03-25 22:13","QuorumPeer.java","30200","76997","107197"
"2011-04-12 09:14","QuorumPeer.java","19687","30457","50144"
"2011-11-01 08:15","QuorumPeer.java","24205","44917","69122"
"2011-03-16 19:49","QuorumPeer.java","8942","61185","70127"
"2018-06-26 11:18","QuorumPeer.java","42258","120773","163031"
"2018-07-27 12:32","QuorumPeer.java","58957","138690","197647"
"2019-04-18 19:17","QuorumPeer.java","167719","239533","407252"
"2011-10-27 23:25","QuorumPeer.java","24142","44825","68967"
"2011-08-30 08:37","QuorumPeer.java","19265","42674","61939"
"2011-08-30 08:29","QuorumPeer.java","19259","42656","61915"
"2010-08-18 08:24","QuorumPeer.java","7769","27494","35263"
"2013-10-09 22:21","QuorumPeer.java","29922","72308","102230"
"2016-12-20 14:47","QuorumPeer.java","39695","112155","151850"
"2011-05-20 01:17","QuorumPeer.java","19810","31399","51209"
"2010-05-05 22:32","QuorumPeer.java","5565","5595","11160"
"2017-05-11 16:59","QuorumPeer.java","41693","112107","153800"
"2014-07-03 06:01","QuorumPeer.java","36115","87478","123593"
"2014-08-14 08:08","QuorumPeer.java","36700","93962","130662"
"2014-08-01 07:38","QuorumPeer.java","36700","93541","130241"
"2014-07-20 04:50","QuorumPeer.java","36649","93112","129761"
"2016-06-02 00:59","QuorumPeer.java","38871","105898","144769"
"2020-02-16 10:25","QuorumPeer.java","168765","268702","437467"
"2019-02-06 09:46","Testable.java","201735","233868","435603"
"2019-08-17 17:13","Testable.java","201841","256271","458112"
"2015-10-18 19:00","QuorumPeer.java","12499","31614","44113"
"2018-12-20 15:13","QuorumPeer.java","200911","229754","430665"
"2019-05-16 16:25","QuorumPeer.java","201002","241074","442076"
"2018-10-16 16:22","QuorumPeer.java","181515","235185","416700"
"2019-06-14 09:06","QuorumPeer.java","201018","244289","445307"
"2018-12-07 12:41","QuorumPeer.java","200910","226767","427677"
"2019-03-11 19:47","QuorumPeer.java","200930","236201","437131"
"2014-07-18 02:19","QuorumPeer.java","9078","18459","27537"
"2019-02-13 13:12","QuorumPeer.java","200931","235150","436081"
"2019-04-12 19:01","QuorumPeer.java","201002","238082","439084"
"2018-12-09 03:16","QuorumPeer.java","200910","228841","429751"
"2018-09-11 15:23","QuorumPeer.java","112095","148094","260189"
"2019-11-29 14:49","QuorumPeer.java","202436","264266","466702"
"2018-12-15 07:34","QuorumPeer.java","200910","228756","429666"
"2018-11-27 10:02","QuorumPeer.java","200910","226517","427427"
"2018-09-18 01:00","QuorumPeer.java","112171","149425","261596"
"2019-06-03 19:40","QuorumPeer.java","201018","241622","442640"
"2019-07-15 14:15","QuorumPeer.java","201018","251710","452728"
"2015-03-17 18:06","QuorumPeer.java","10499","25853","36352"
"2019-07-03 00:44","QuorumPeer.java","201018","244304","445322"
"2019-08-17 17:13","QuorumPeer.java","201018","256291","457309"
"2015-06-27 02:03","QuorumPeer.java","11283","29326","40609"
"2017-11-28 00:10","QuorumPeer.java","23642","51900","75542"
"2014-06-04 22:07","QuorumPeer.java","7729","11310","19039"
"2018-01-30 08:02","QuorumPeer.java","24045","52456","76501"
"2019-05-15 11:56","QuorumPeer.java","201002","241029","442031"
"2019-06-05 00:33","QuorumPeer.java","201018","242012","443030"
"2019-05-20 23:13","QuorumPeer.java","201002","241147","442149"
"2019-06-04 10:55","QuorumPeer.java","201018","241775","442793"
"2019-07-12 17:01","QuorumPeer.java","201018","251604","452622"
"2020-01-09 11:27","QuorumPeer.java","202436","265812","468248"
"2017-02-09 11:40","QuorumPeer.java","18149","45183","63332"
"2017-07-06 18:48","QuorumPeer.java","21977","46697","68674"
"2018-10-01 06:11","QuorumPeer.java","112342","152175","264517"
"2015-04-09 20:16","QuorumPeer.java","10541","26958","37499"
"2018-07-04 17:11","QuorumPeer.java","32442","64414","96856"
"2019-12-17 13:48","QuorumPeer.java","202436","264838","467274"
"2015-12-07 05:59","QuorumPeer.java","12788","32661","45449"
"2020-01-23 13:43","QuorumPeer.java","202436","267636","470072"
"2016-06-23 23:45","QuorumPeer.java","16110","37053","53163"
"2016-06-23 23:25","QuorumPeer.java","16079","36914","52993"
"2014-07-18 20:48","QuorumPeer.java","9298","19138","28436"
"2014-07-04 04:19","QuorumPeer.java","7891","13115","21006"
"2018-12-06 10:56","QuorumPeer.java","200910","226711","427621"
"2014-06-25 15:04","QuorumPeer.java","7756","11834","19590"
"2014-03-28 01:58","QuorumPeer.java","28","446","474"
"2019-10-10 14:37","QuorumPeer.java","201018","260044","461062"
"2017-07-27 23:09","QuorumPeer.java","22975","46709","69684"
"2014-05-18 05:49","QuorumPeer.java","7641","10733","18374"
"2014-03-25 22:13","QuorumPeer.java","18","254","272"
"2018-06-26 11:18","QuorumPeer.java","24429","56383","80812"
"2018-07-27 12:32","QuorumPeer.java","42870","76042","118912"
"2019-04-18 19:17","QuorumPeer.java","201002","238792","439794"
"2016-12-20 14:47","QuorumPeer.java","17949","43848","61797"
"2017-05-11 16:59","QuorumPeer.java","21649","45502","67151"
"2014-07-03 06:01","QuorumPeer.java","7801","12603","20404"
"2014-08-14 08:08","QuorumPeer.java","9758","20459","30217"
"2014-08-01 07:38","QuorumPeer.java","9662","19942","29604"
"2014-07-20 04:50","QuorumPeer.java","9337","19239","28576"
"2016-06-02 00:59","QuorumPeer.java","16045","36511","52556"
"2020-02-16 10:25","QuorumPeer.java","202436","268349","470785"
"2011-04-12 09:14","AsyncHammerTest.java","21670","46141","67811"
"2010-03-31 06:26","AsyncHammerTest.java","12524","26483","39007"
"2010-05-05 22:32","AsyncHammerTest.java","14970","28701","43671"
"2019-10-10 14:37","AsyncHammerTest.java","154189","260940","415129"
"2019-08-17 17:13","AsyncHammerTest.java","154189","257187","411376"
"2017-05-01 17:19","AsyncHammerTest.java","35615","119679","155294"
"2020-02-16 10:25","QuorumDigestAuthTest.java","4029","8112","12141"
"2019-10-10 14:37","QuorumPeerMain.java","155961","178988","334949"
"2020-01-23 13:43","QuorumPeerMain.java","158218","187419","345637"
"2019-11-28 12:24","QuorumPeerMain.java","158137","182317","340454"
"2020-02-16 10:25","QuorumPeerMain.java","158290","188204","346494"
"2019-04-18 19:17","QuorumPeerMain.java","153008","154799","307807"
"2019-11-11 13:59","QuorumPeerMain.java","156015","182699","338714"
"2019-04-12 19:01","QuorumPeerMain.java","153008","154089","307097"
"2019-08-17 17:13","QuorumPeerMain.java","154959","174233","329192"
"2020-01-22 11:08","KerberosTestUtils.java","229836","265294","495130"
"2019-08-17 17:13","KerberosTestUtils.java","228064","255079","483143"
"2019-08-17 17:13","FLETestUtils.java","206595","256154","462749"
"2015-07-07 07:11","FLETestUtils.java","4122","16629","20751"
"2019-08-17 17:13","ServerAdminClient.java","178405","256932","435337"
"2017-07-28 00:36","ServerAdminClient.java","27653","87433","115086"
"2020-03-26 18:41","ZooKeeperMain.java","226617","269686","496303"
"2020-04-01 17:02","ZooKeeperMain.java","226674","270067","496741"
"2019-10-10 14:37","ZooKeeperMain.java","225011","259045","484056"
"2020-03-26 22:19","ZooKeeperMain.java","226617","269755","496372"
"2019-11-28 12:24","ZooKeeperMain.java","226615","261802","488417"
"2019-08-03 08:42","ZooKeeperMain.java","225011","256000","481011"
"2017-07-28 00:36","ZooKeeperMain.java","7498","6344","13842"
"2019-08-17 17:13","ZooKeeperMain.java","225011","255292","480303"
"2018-08-06 14:11","ZooKeeperMain.java","30264","39056","69320"
"2020-05-17 15:13","RemoveWatchesTest.java","222199","271444","493643"
"2019-09-18 11:20","RemoveWatchesTest.java","220587","258799","479386"
"2019-10-10 14:37","RemoveWatchesTest.java","220587","259640","480227"
"2019-06-03 19:40","RemoveWatchesTest.java","220586","241217","461803"
"2019-08-17 17:13","RemoveWatchesTest.java","220587","255887","476474"
"2018-06-26 11:18","RemotePeerMXBean.java","20151","172683","192834"
"2019-08-17 17:13","RemotePeerMXBean.java","90102","257706","347808"
"2014-06-04 22:07","RemotePeerMXBean.java","16789","140948","157737"
"2019-08-17 17:13","PurgeTxnTest.java","222020","255887","477907"
"2020-01-30 09:43","PurgeTxnTest.java","223600","267941","491541"
"2017-01-23 02:13","PurgeTxnTest.java","1612","7148","8760"
"2020-03-03 10:53","PurgeTxnTest.java","223600","269208","492808"
"2020-01-31 12:01","PurgeTxnTest.java","223600","267941","491541"
"2019-10-10 14:37","PurgeTxnTest.java","222020","259640","481660"
"2017-07-06 18:48","ReconfigRecoveryTest.java","13642","27304","40946"
"2019-08-17 17:13","ReconfigRecoveryTest.java","211913","256128","468041"
"2017-09-11 18:55","ReconfigRecoveryTest.java","15416","28759","44175"
"2020-03-25 03:38","PrepRequestProcessor.java","3913","8020","11933"
"2019-12-27 22:33","FileTxnSnapLogTest.java","226286","265554","491840"
"2019-04-29 16:49","FileTxnSnapLogTest.java","224641","239068","463709"
"2019-06-03 19:40","FileTxnSnapLogTest.java","224659","240580","465239"
"2019-08-17 17:13","FileTxnSnapLogTest.java","224660","255250","479910"
"2018-02-14 21:23","FileTxnSnapLogTest.java","4238","8848","13086"
"2014-06-30 19:11","Observer.java","31238","95270","126508"
"2011-10-20 20:02","Observer.java","25145","58413","83558"
"2010-01-25 04:28","Observer.java","2376","6269","8645"
"2019-10-10 14:37","Observer.java","154189","260940","415129"
"2015-06-05 21:25","Observer.java","32129","109214","141343"
"2019-12-27 22:33","Observer.java","155128","266804","421932"
"2017-11-28 00:10","Observer.java","36285","123903","160188"
"2019-07-15 14:15","Observer.java","154189","252606","406795"
"2019-08-23 19:43","Observer.java","154189","257853","412042"
"2019-08-17 17:13","Observer.java","154189","257187","411376"
"2019-05-03 00:44","Observer.java","154189","241184","395373"
"2019-06-05 00:33","Observer.java","154189","242908","397097"
"2019-07-02 07:34","Observer.java","154189","245130","399319"
"2011-02-07 20:26","Observer.java","17431","83054","100485"
"2011-01-22 20:38","Observer.java","17322","82928","100250"
"2013-03-07 07:01","Observer.java","29043","79033","108076"
"2018-12-09 03:16","Observer.java","154139","229795","383934"
"2018-11-17 18:33","ServerCnxn.java","146521","225212","371733"
"2019-01-14 19:38","ServerCnxn.java","146521","232429","378950"
"2019-04-12 19:01","ServerCnxn.java","146571","238994","385565"
"2011-08-19 00:05","ServerCnxn.java","20307","62460","82767"
"2014-07-18 02:19","ServerCnxn.java","31084","107137","138221"
"2018-09-18 01:00","ServerCnxn.java","89241","193167","282408"
"2019-07-08 23:26","ServerCnxn.java","146571","245963","392534"
"2016-11-16 06:21","ServerCnxn.java","33706","125917","159623"
"2019-08-17 17:13","ServerCnxn.java","146571","257187","403758"
"2019-07-03 00:44","ServerCnxn.java","146571","245200","391771"
"2015-03-28 20:08","ServerCnxn.java","31341","114356","145697"
"2015-06-28 21:09","ServerCnxn.java","31559","116274","147833"
"2018-07-12 01:33","ServerCnxn.java","42951","141803","184754"
"2018-08-08 06:21","ServerCnxn.java","69923","170743","240666"
"2017-11-28 00:10","ServerCnxn.java","35560","130490","166050"
"2009-11-12 20:53","ServerCnxn.java","173","760","933"
"2019-11-18 09:05","ServerCnxn.java","147510","261270","408780"
"2020-02-26 22:41","ServerCnxn.java","147510","268780","416290"
"2018-09-28 23:38","ServerCnxn.java","89338","195838","285176"
"2011-05-20 01:17","ServerCnxn.java","21386","54294","75680"
"2011-08-11 08:00","ServerCnxn.java","20287","60011","80298"
"2010-08-18 08:24","ServerCnxn.java","16189","57233","73422"
"2019-11-11 13:59","ServerCnxn.java","146571","264597","411168"
"2018-09-15 00:08","ZooKeeperServer.java","97387","189040","286427"
"2019-04-12 19:01","ZooKeeperServer.java","158338","238841","397179"
"2019-07-31 19:06","ZooKeeperServer.java","158337","256340","414677"
"2019-09-11 10:27","ZooKeeperServer.java","158337","258389","416726"
"2019-01-14 19:38","ZooKeeperServer.java","158279","232267","390546"
"2019-01-07 15:34","ZooKeeperServer.java","158279","231868","390147"
"2018-11-21 17:56","ZooKeeperServer.java","158279","225065","383344"
"2012-01-31 07:45","ZooKeeperServer.java","24996","56115","81111"
"2017-04-28 07:14","ZooKeeperServer.java","35505","115240","150745"
"2011-08-19 00:05","ZooKeeperServer.java","19862","50395","70257"
"2017-02-12 00:12","ZooKeeperServer.java","35474","114310","149784"
"2014-07-18 02:19","ZooKeeperServer.java","31299","95732","127031"
"2013-12-11 19:22","ZooKeeperServer.java","29097","81368","110465"
"2019-02-13 13:12","ZooKeeperServer.java","158292","235934","394226"
"2012-02-11 00:34","ZooKeeperServer.java","25296","57000","82296"
"2016-11-24 17:18","ZooKeeperServer.java","34405","115017","149422"
"2018-07-19 05:59","ZooKeeperServer.java","52907","140627","193534"
"2018-09-18 01:00","ZooKeeperServer.java","97437","189743","287180"
"2019-03-04 08:07","ZooKeeperServer.java","158295","236514","394809"
"2019-07-08 23:26","ZooKeeperServer.java","158337","245809","404146"
"2019-01-23 14:00","ZooKeeperServer.java","158280","233703","391983"
"2019-02-13 13:19","ZooKeeperServer.java","158292","236220","394512"
"2019-05-14 17:11","ZooKeeperServer.java","158338","241701","400039"
"2013-01-25 02:17","ZooKeeperServer.java","28127","69410","97537"
"2015-07-10 08:19","ZooKeeperServer.java","31851","105271","137122"
"2019-06-04 10:55","ZooKeeperServer.java","158337","242517","400854"
"2011-06-14 07:14","ZooKeeperServer.java","21004","43123","64127"
"2019-04-09 15:35","ZooKeeperServer.java","158296","237849","396145"
"2019-08-03 08:42","ZooKeeperServer.java","158337","257741","416078"
"2019-05-15 11:56","ZooKeeperServer.java","158338","241788","400126"
"2019-05-22 11:39","ZooKeeperServer.java","158338","242234","400572"
"2019-04-22 19:15","ZooKeeperServer.java","158338","239816","398154"
"2018-02-23 23:49","ZooKeeperServer.java","36303","120812","157115"
"2016-11-16 06:21","ZooKeeperServer.java","34011","114602","148613"
"2012-12-19 19:07","ZooKeeperServer.java","28061","68306","96367"
"2017-08-18 06:32","ZooKeeperServer.java","36003","115278","151281"
"2017-06-26 00:16","ZooKeeperServer.java","35928","115195","151123"
"2019-09-10 04:26","ZooKeeperServer.java","158337","258078","416415"
"2019-08-17 17:13","ZooKeeperServer.java","158337","257033","415370"
"2019-09-05 23:12","ZooKeeperServer.java","158337","257952","416289"
"2019-09-10 15:21","ZooKeeperServer.java","158337","258076","416413"
"2019-08-01 07:31","ZooKeeperServer.java","158337","257704","416041"
"2019-08-01 07:28","ZooKeeperServer.java","158337","257214","415551"
"2019-06-03 19:40","ZooKeeperServer.java","158337","242364","400701"
"2015-03-17 18:06","ZooKeeperServer.java","31588","101994","133582"
"2019-11-23 17:08","ZooKeeperServer.java","159366","262763","422129"
"2019-10-09 16:49","ZooKeeperServer.java","158337","260619","418956"
"2019-07-03 00:44","ZooKeeperServer.java","158337","245046","403383"
"2018-01-19 01:12","ZooKeeperServer.java","36241","119708","155949"
"2019-07-24 18:00","ZooKeeperServer.java","158337","253488","411825"
"2013-05-16 18:49","ZooKeeperServer.java","28551","74384","102935"
"2018-08-08 06:21","ZooKeeperServer.java","77867","167067","244934"
"2018-05-09 23:57","ZooKeeperServer.java","36400","122414","158814"
"2019-12-27 22:33","ZooKeeperServer.java","159366","266740","426106"
"2016-08-13 15:01","ZooKeeperServer.java","33815","110505","144320"
"2018-09-11 00:17","ZooKeeperServer.java","97383","187487","284870"
"2019-11-18 09:05","ZooKeeperServer.java","159366","261206","420572"
"2019-10-10 14:37","ZooKeeperServer.java","158337","260786","419123"
"2019-09-16 23:26","ZooKeeperServer.java","158337","260052","418389"
"2013-10-08 01:35","ZooKeeperServer.java","28901","77538","106439"
"2017-06-23 18:39","ZooKeeperServer.java","35883","115170","151053"
"2011-12-28 07:07","ZooKeeperServer.java","24975","55755","80730"
"2019-12-03 10:01","ZooKeeperServer.java","159366","264665","424031"
"2020-03-25 03:38","ZooKeeperServer.java","159366","270847","430213"
"2010-03-12 19:26","ZooKeeperServer.java","9144","18543","27687"
"2019-11-28 12:24","ZooKeeperServer.java","159366","262968","422334"
"2019-11-06 15:21","ZooKeeperServer.java","158337","261002","419339"
"2011-05-20 01:17","ZooKeeperServer.java","20883","41871","62754"
"2010-07-29 23:10","ZooKeeperServer.java","14006","37940","51946"
"2011-09-17 02:36","ZooKeeperServer.java","22847","53396","76243"
"2020-04-12 11:14","ZooKeeperServer.java","159366","271600","430966"
"2011-09-14 08:56","ZooKeeperServer.java","20068","53177","73245"
"2011-08-21 02:53","ZooKeeperServer.java","19863","50424","70287"
"2010-08-18 08:24","ZooKeeperServer.java","15339","44463","59802"
"2013-10-09 22:21","ZooKeeperServer.java","29056","79933","108989"
"2015-03-08 23:07","ZooKeeperServer.java","31561","100919","132480"
"2018-06-08 16:52","ZooKeeperServer.java","36404","123167","159571"
"2018-06-15 07:41","ZooKeeperServer.java","36421","123187","159608"
"2018-07-28 04:37","ZooKeeperServer.java","52943","141239","194182"
"2019-04-18 19:17","ZooKeeperServer.java","158338","239551","397889"
"2012-03-15 17:47","ZooKeeperServer.java","25337","58075","83412"
"2014-03-25 22:13","ZooKeeperServer.java","29321","84609","113930"
"2011-04-12 09:14","ZooKeeperServer.java","20763","40932","61695"
"2012-08-28 21:51","ClientBase.java","26812","62911","89723"
"2017-06-08 17:51","ClientBase.java","35681","115085","150766"
"2012-07-17 23:19","ClientBase.java","26734","61759","88493"
"2017-04-18 01:37","ClientBase.java","35299","115335","150634"
"2010-03-16 22:23","ClientBase.java","9513","19357","28870"
"2018-09-07 02:49","ClientBase.java","97169","187643","284812"
"2019-07-31 19:06","ClientBase.java","157928","256340","414268"
"2012-02-06 09:47","ClientBase.java","24926","56830","81756"
"2015-02-06 06:17","ClientBase.java","31327","100920","132247"
"2017-09-11 18:55","ClientBase.java","35896","115758","151654"
"2019-08-17 17:13","ClientBase.java","157928","257033","414961"
"2015-03-28 20:08","ClientBase.java","31392","103196","134588"
"2019-06-07 14:13","ClientBase.java","157928","243137","401065"
"2018-04-24 00:20","ClientBase.java","36125","121763","157888"
"2018-08-08 06:21","ClientBase.java","77654","167263","244917"
"2018-05-09 23:57","ClientBase.java","36195","122618","158813"
"2019-06-24 11:05","ClientBase.java","157928","244366","402294"
"2012-12-11 08:42","ClientBase.java","27458","66890","94348"
"2017-01-13 19:29","ClientBase.java","34176","116378","150554"
"2010-03-09 05:44","ClientBase.java","9249","18327","27576"
"2016-06-23 23:25","ClientBase.java","33366","109662","143028"
"2014-01-03 01:40","ClientBase.java","28935","82064","110999"
"2014-01-25 01:17","ClientBase.java","28983","83918","112901"
"2019-11-14 16:44","ClientBase.java","157928","265060","422988"
"2019-10-10 14:37","ClientBase.java","157928","260786","418714"
"2012-03-15 17:47","ClientBase.java","25178","58325","83503"
"2010-09-15 07:51","ClientBase.java","15204","72907","88111"
"2012-01-14 00:28","ClientBase.java","24822","56210","81032"
"2011-04-12 09:14","ClientBase.java","20610","41188","61798"
"2011-11-05 07:29","ClientBase.java","24617","54585","79202"
"2016-08-24 01:36","ClientBase.java","33754","110621","144375"
"2011-09-17 02:13","ClientBase.java","22552","53538","76090"
"2010-07-05 20:20","ClientBase.java","13725","34638","48363"
"2010-03-31 06:26","ClientBase.java","11024","21090","32114"
"2010-08-18 08:24","ClientBase.java","15185","44718","59903"
"2015-03-08 23:07","ClientBase.java","31358","101125","132483"
"2019-10-10 14:37","FLEZeroWeightTest.java","179987","260221","440208"
"2017-09-11 18:55","FLEZeroWeightTest.java","23506","69115","92621"
"2019-08-17 17:13","FLEZeroWeightTest.java","179987","256468","436455"
"2019-07-12 17:01","FLEZeroWeightTest.java","179987","251781","431768"
"2020-03-26 18:41","ZooKeeperMain.java","35541","47621","83162"
"2020-04-01 17:02","ZooKeeperMain.java","35758","48162","83920"
"2019-10-10 14:37","ZooKeeperMain.java","27642","30687","58329"
"2020-03-26 22:19","ZooKeeperMain.java","35566","47715","83281"
"2019-11-28 12:24","ZooKeeperMain.java","33149","37347","70496"
"2019-08-17 17:13","ZooKeeperMain.java","24898","24190","49088"
"2019-09-02 08:23","EmptiedSnapshotRecoveryTest.java","1252","1909","3161"
"2019-12-13 08:51","EmptiedSnapshotRecoveryTest.java","9816","16531","26347"
"2019-10-10 14:37","EmptiedSnapshotRecoveryTest.java","3717","7470","11187"
"2019-10-10 14:37","SaslServerCallbackHandler.java","27642","30687","58329"
"2019-08-17 17:13","SaslServerCallbackHandler.java","24898","24190","49088"
"2015-05-14 07:10","CnxManagerTest.java","63332","74438","137770"
"2020-03-12 14:47","CnxManagerTest.java","220972","269969","490941"
"2019-08-17 17:13","CnxManagerTest.java","219899","256953","476852"
"2019-06-03 19:40","CnxManagerTest.java","219899","242284","462183"
"2017-11-28 00:10","CnxManagerTest.java","70018","92745","162763"
"2019-07-12 17:01","CnxManagerTest.java","219899","252266","472165"
"2019-05-08 21:54","CnxManagerTest.java","219900","241456","461356"
"2019-08-06 12:52","CnxManagerTest.java","219899","257926","477825"
"2019-06-14 09:06","CnxManagerTest.java","219899","244951","464850"
"2013-03-07 07:01","CnxManagerTest.java","55139","40238","95377"
"2019-11-29 14:49","CnxManagerTest.java","220972","264583","485555"
"2011-04-29 18:12","CnxManagerTest.java","42649","1511","44160"
"2015-02-06 06:17","CnxManagerTest.java","63074","71675","134749"
"2017-09-11 18:55","CnxManagerTest.java","69896","88766","158662"
"2011-04-12 09:14","CnxManagerTest.java","42531","1058","43589"
"2011-09-17 02:13","CnxManagerTest.java","47026","17020","64046"
"2011-09-14 06:32","CnxManagerTest.java","44185","16150","60335"
"2020-02-16 10:25","CnxManagerTest.java","220972","268666","489638"
"2014-06-25 15:04","CnxManagerTest.java","62126","60673","122799"
"2015-11-03 08:11","CnxManagerTest.java","64464","78086","142550"
"2019-10-10 14:37","CnxManagerTest.java","219899","260706","480605"
"2014-07-23 19:36","CnxManagerTest.java","62813","67266","130079"
"2020-02-26 22:41","ServerCnxn.java","4712","12222","16934"
"2019-05-27 22:33","LearnerHandlerMetricsTest.java","264","1275","1539"
"2019-08-17 17:13","LearnerHandlerMetricsTest.java","29708","45395","75103"
"2019-07-29 17:15","JInt.java","167551","254590","422141"
"2019-12-27 22:33","FileTxnLog.java","37494","71342","108836"
"2019-10-10 14:37","FileTxnLog.java","31881","60804","92685"
"2020-01-28 17:26","FileTxnLog.java","38722","74290","113012"
"2019-05-14 17:11","FileTxnLog.java","1750","11587","13337"
"2019-04-12 19:01","FileTxnLog.java","1392","8369","9761"
"2019-08-17 17:13","FileTxnLog.java","29884","55054","84938"
"2019-06-03 19:40","FileTxnLog.java","2089","12590","14679"
"2019-08-03 08:42","FileTxnLog.java","8775","34653","43428"
"2019-04-09 15:35","FileTxnLog.java","1084","7111","8195"
"2020-05-17 15:13","RemoveWatchesTest.java","16388","30333","46721"
"2019-09-18 11:20","RemoveWatchesTest.java","2292","5204","7496"
"2019-10-10 14:37","RemoveWatchesTest.java","3717","7470","11187"
"2017-06-26 00:07","Util.java","20815","178449","199264"
"2018-02-14 21:23","Util.java","20932","183638","204570"
"2009-06-18 18:37","Util.java","11093","72814","83907"
"2019-08-17 17:13","Util.java","72482","257710","330192"
"2019-04-10 13:19","Util.java","72482","238978","311460"
"2011-04-12 09:14","Util.java","15332","122033","137365"
"2019-12-27 22:33","Util.java","72935","266841","339776"
"2019-12-27 22:33","LeaderZooKeeperServer.java","916","4786","5702"
"2019-08-17 17:13","CreateTest.java","187214","256413","443627"
"2015-07-07 07:11","CreateTest.java","14072","46219","60291"
"2011-04-12 09:14","FLERestartTest.java","23118","60224","83342"
"2010-03-31 06:26","FLERestartTest.java","14895","41489","56384"
"2011-09-17 02:13","FLERestartTest.java","24701","71782","96483"
"2010-03-13 01:06","FLERestartTest.java","13581","39928","53509"
"2019-10-10 14:37","FLERestartTest.java","141867","261253","403120"
"2009-07-17 00:09","FLERestartTest.java","380","597","977"
"2019-08-17 17:13","FLERestartTest.java","141867","257500","399367"
"2019-07-12 17:01","FLERestartTest.java","141867","252813","394680"
"2017-09-11 18:55","FLERestartTest.java","36034","131991","168025"
"2014-05-09 23:37","QuorumPeerInstance.java","23498","135903","159401"
"2014-08-14 14:33","QuorumPeerInstance.java","23875","144338","168213"
"2018-07-10 13:29","QuorumPeerInstance.java","33729","175475","209204"
"2018-12-20 07:24","QuorumPeerInstance.java","101463","231160","332623"
"2011-04-12 09:14","QuorumPeerInstance.java","17734","95404","113138"
"2013-10-05 00:17","QuorumPeerInstance.java","22022","124929","146951"
"2015-12-06 21:30","QuorumPeerInstance.java","24187","153703","177890"
"2019-07-12 17:01","QuorumPeerInstance.java","101490","253000","354490"
"2009-02-20 01:23","QuorumPeerInstance.java","818","3037","3855"
"2014-11-29 16:53","QuorumPeerInstance.java","23917","147001","170918"
"2014-08-14 09:32","QuorumPeerInstance.java","23875","144338","168213"
"2015-05-10 00:27","QuorumPeerInstance.java","24012","150232","174244"
"2017-09-11 18:55","QuorumPeerInstance.java","26974","161119","188093"
"2011-07-01 00:53","PrepRequestProcessor.java","21861","50125","71986"
"2015-02-06 06:17","PrepRequestProcessor.java","31439","104073","135512"
"2012-02-06 10:39","PrepRequestProcessor.java","25342","60317","85659"
"2013-03-07 07:01","PrepRequestProcessor.java","28553","77685","106238"
"2019-02-07 11:26","PrepRequestProcessor.java","154918","235396","390314"
"2019-09-11 10:27","PrepRequestProcessor.java","154969","258471","413440"
"2018-07-19 05:59","PrepRequestProcessor.java","52644","143814","196458"
"2017-09-11 18:55","PrepRequestProcessor.java","35857","118760","154617"
"2019-01-16 14:21","PrepRequestProcessor.java","154917","233043","387960"
"2017-06-01 05:45","PrepRequestProcessor.java","35644","118083","153727"
"2012-04-14 02:32","PrepRequestProcessor.java","26627","63166","89793"
"2019-11-08 17:30","PrepRequestProcessor.java","154969","262729","417698"
"2016-11-13 20:59","PrepRequestProcessor.java","33917","117411","151328"
"2019-04-09 15:35","PrepRequestProcessor.java","154931","237934","392865"
"2019-04-17 14:16","PrepRequestProcessor.java","154970","239188","394158"
"2014-10-28 05:35","PrepRequestProcessor.java","31364","102059","133423"
"2019-05-10 12:22","PrepRequestProcessor.java","154970","241623","396593"
"2017-06-26 00:16","PrepRequestProcessor.java","35689","118406","154095"
"2019-02-07 11:22","PrepRequestProcessor.java","154918","235058","389976"
"2016-11-16 06:21","PrepRequestProcessor.java","33931","117972","151903"
"2019-08-01 07:31","PrepRequestProcessor.java","154969","257786","412755"
"2019-06-26 10:57","PrepRequestProcessor.java","154969","244965","399934"
"2014-01-24 07:18","PrepRequestProcessor.java","29182","87047","116229"
"2015-05-29 19:45","PrepRequestProcessor.java","31614","107039","138653"
"2016-10-07 21:51","PrepRequestProcessor.java","33903","115144","149047"
"2015-06-04 19:51","PrepRequestProcessor.java","31674","107864","139538"
"2019-08-17 17:13","PrepRequestProcessor.java","154969","257115","412084"
"2018-08-08 06:21","PrepRequestProcessor.java","75092","167742","242834"
"2018-05-09 23:57","PrepRequestProcessor.java","36145","125609","161754"
"2015-06-11 20:09","PrepRequestProcessor.java","31685","108001","139686"
"2019-12-27 22:33","PrepRequestProcessor.java","155916","266740","422656"
"2014-04-01 01:47","PrepRequestProcessor.java","29468","88596","118064"
"2019-10-10 14:37","PrepRequestProcessor.java","154969","260868","415837"
"2020-03-25 03:38","PrepRequestProcessor.java","155916","270847","426763"
"2010-01-25 04:28","PrepRequestProcessor.java","521","3562","4083"
"2011-08-15 02:35","PrepRequestProcessor.java","19909","51681","71590"
"2014-07-25 01:31","PrepRequestProcessor.java","31306","99925","131231"
"2013-10-09 22:21","PrepRequestProcessor.java","29079","83406","112485"
"2010-08-18 08:24","PrepRequestProcessor.java","15483","48057","63540"
"2011-09-17 02:36","PrepRequestProcessor.java","22900","56899","79799"
"2014-04-29 02:23","PrepRequestProcessor.java","30601","91731","122332"
"2015-03-08 23:07","PrepRequestProcessor.java","31470","104278","135748"
"2014-07-22 06:51","PrepRequestProcessor.java","31258","99688","130946"
"2012-03-15 17:47","PrepRequestProcessor.java","25386","61574","86960"
"2011-04-12 09:14","PrepRequestProcessor.java","20837","44456","65293"
"2011-11-01 15:41","PrepRequestProcessor.java","24824","57615","82439"
"2011-10-28 00:58","PrepRequestProcessor.java","24761","57390","82151"
"2011-10-20 20:02","PrepRequestProcessor.java","24565","56975","81540"
"2011-10-17 16:59","PrepRequestProcessor.java","22969","56787","79756"
"2018-06-15 07:41","PrepRequestProcessor.java","36166","126382","162548"
"2012-12-19 19:16","PrepRequestProcessor.java","28149","72725","100874"
"2011-11-14 20:18","PrepRequestProcessor.java","24811","58237","83048"
"2019-11-28 12:24","DataTree.java","5459","4751","10210"
"2019-12-27 22:33","DataTree.java","6233","9297","15530"
"2019-11-11 13:59","DataTree.java","32","1828","1860"
"2011-04-29 18:12","QuorumCnxManager.java","21571","45799","67370"
"2011-12-28 01:26","QuorumCnxManager.java","25540","59992","85532"
"2019-11-29 14:49","QuorumCnxManager.java","155706","264683","420389"
"2013-03-07 07:01","QuorumCnxManager.java","29065","78471","107536"
"2018-07-11 06:04","QuorumCnxManager.java","43952","134739","178691"
"2018-08-06 14:11","QuorumCnxManager.java","53135","145695","198830"
"2010-11-17 15:59","QuorumCnxManager.java","16999","80870","97869"
"2012-06-29 22:08","QuorumCnxManager.java","27453","65064","92517"
"2018-10-16 16:22","QuorumCnxManager.java","126074","238520","364594"
"2019-06-14 09:06","QuorumCnxManager.java","154759","245177","399936"
"2019-08-03 08:42","QuorumCnxManager.java","154759","257887","412646"
"2019-11-13 20:41","QuorumCnxManager.java","154759","264898","419657"
"2019-04-09 16:08","QuorumCnxManager.java","154720","237996","392716"
"2019-08-06 12:52","QuorumCnxManager.java","154759","258152","412911"
"2017-02-09 11:40","QuorumCnxManager.java","34714","120524","155238"
"2019-05-20 23:13","QuorumCnxManager.java","154759","242051","396810"
"2015-04-09 20:16","QuorumCnxManager.java","32002","107195","139197"
"2017-08-23 02:16","QuorumCnxManager.java","36214","119328","155542"
"2019-07-27 20:04","QuorumCnxManager.java","154759","253710","408469"
"2015-05-29 23:46","QuorumCnxManager.java","32113","107822","139935"
"2015-05-14 07:10","QuorumCnxManager.java","32081","107494","139575"
"2020-03-12 14:47","QuorumCnxManager.java","155706","270069","425775"
"2019-08-17 17:13","QuorumCnxManager.java","154759","257179","411938"
"2017-11-28 00:10","QuorumCnxManager.java","36395","123429","159824"
"2019-10-10 14:37","QuorumCnxManager.java","154759","260932","415691"
"2014-07-23 19:36","QuorumCnxManager.java","31754","100514","132268"
"2017-06-09 18:37","QuorumCnxManager.java","36089","118907","154996"
"2020-01-23 13:43","QuorumCnxManager.java","155706","268053","423759"
"2014-03-23 04:12","QuorumCnxManager.java","29842","88618","118460"
"2010-01-19 21:06","QuorumCnxManager.java","941","3957","4898"
"2010-01-21 04:08","QuorumCnxManager.java","965","3987","4952"
"2014-07-08 05:25","QuorumCnxManager.java","31610","96100","127710"
"2019-11-28 12:24","QuorumCnxManager.java","155706","263032","418738"
"2014-06-25 15:04","QuorumCnxManager.java","31263","94117","125380"
"2011-08-15 02:44","QuorumCnxManager.java","20538","52597","73135"
"2016-06-08 17:43","QuorumCnxManager.java","33957","113198","147155"
"2020-03-23 16:20","QuorumCnxManager.java","155706","270240","425946"
"2020-02-16 10:25","QuorumCnxManager.java","155706","268766","424472"
"2014-07-22 06:45","QuorumCnxManager.java","31753","100438","132191"
"2011-04-12 09:14","QuorumCnxManager.java","21480","45373","66853"
"2010-10-06 19:01","QuorumCnxManager.java","16297","77561","93858"
"2018-07-27 12:32","QuorumCnxManager.java","53103","145051","198154"
"2010-10-20 00:32","QuorumCnxManager.java","16336","79093","95429"
"2011-03-16 19:49","QuorumCnxManager.java","17283","82649","99932"
"2019-12-27 22:33","TxnLog.java","194942","266401","461343"
"2018-06-08 16:52","TxnLog.java","24731","63950","88681"
"2019-05-14 17:11","TxnLog.java","193580","241028","434608"
"2017-04-28 07:14","TxnLog.java","21260","53451","74711"
"2019-08-17 17:13","TxnLog.java","193596","256377","449973"
"2017-06-26 00:07","TxnLog.java","22407","54136","76543"
"2019-04-12 19:06","TxnLog.java","193580","238158","431738"
"2018-05-10 00:14","QuorumPeerMainTest.java","571","3283","3854"
"2018-10-05 14:25","QuorumPeerMainTest.java","205819","218205","424024"
"2018-07-17 10:41","QuorumPeerMainTest.java","21831","26190","48021"
"2018-07-27 12:32","QuorumPeerMainTest.java","21967","26837","48804"
"2020-01-23 13:43","QuorumPeerMainTest.java","229877","266775","496652"
"2019-10-10 14:37","QuorumPeerMainTest.java","228106","258830","486936"
"2019-12-28 16:17","QuorumPeerMainTest.java","229876","265432","495308"
"2018-01-19 00:52","QuorumPeerMainTest.java","49","162","211"
"2018-04-30 06:34","QuorumPeerMainTest.java","514","2595","3109"
"2019-07-25 21:41","QuorumPeerMainTest.java","228105","251559","479664"
"2019-08-17 17:13","QuorumPeerMainTest.java","228105","255076","483181"
"2018-02-23 23:49","QuorumPeerMainTest.java","235","1390","1625"
"2019-07-02 07:34","QuorumPeerMainTest.java","228104","243018","471122"
"2019-05-20 17:18","QuorumPeerMainTest.java","228087","239849","467936"
"2018-10-16 16:22","QuorumPeerMainTest.java","205823","231191","437014"
"2018-08-29 06:26","QuorumPeerMainTest.java","95082","101464","196546"
"2018-08-03 18:52","QuorumPeerMainTest.java","22139","27515","49654"
"2018-09-11 15:23","QuorumPeerMainTest.java","100806","108503","209309"
"2015-02-06 06:17","ExpiryQueue.java","1396","6147","7543"
"2019-08-17 17:13","ExpiryQueue.java","210259","256151","466410"
"2019-06-03 19:40","ExpiryQueue.java","210259","241482","451741"
"2015-10-18 19:00","QuorumPeer.java","13083","39427","52510"
"2018-12-20 15:13","QuorumPeer.java","193768","229840","423608"
"2019-05-16 16:25","QuorumPeer.java","193851","241152","435003"
"2018-10-16 16:22","QuorumPeer.java","174407","235306","409713"
"2019-06-14 09:06","QuorumPeer.java","193867","244367","438234"
"2018-12-07 12:41","QuorumPeer.java","193767","226853","420620"
"2019-03-11 19:47","QuorumPeer.java","193787","236287","430074"
"2014-07-18 02:19","QuorumPeer.java","10018","26628","36646"
"2019-02-13 13:12","QuorumPeer.java","193788","235236","429024"
"2019-04-12 19:01","QuorumPeer.java","193851","238160","432011"
"2018-12-09 03:16","QuorumPeer.java","193767","228927","422694"
"2018-09-11 15:23","QuorumPeer.java","111765","154993","266758"
"2019-11-29 14:49","QuorumPeer.java","195213","264272","459485"
"2018-12-15 07:34","QuorumPeer.java","193767","228842","422609"
"2018-11-27 10:02","QuorumPeer.java","193767","226603","420370"
"2018-09-18 01:00","QuorumPeer.java","111835","156318","268153"
"2019-06-03 19:40","QuorumPeer.java","193867","241700","435567"
"2019-07-15 14:15","QuorumPeer.java","193867","251788","445655"
"2015-03-17 18:06","QuorumPeer.java","11331","33914","45245"
"2019-07-03 00:44","QuorumPeer.java","193867","244382","438249"
"2019-08-17 17:13","QuorumPeer.java","193867","256369","450236"
"2015-06-27 02:03","QuorumPeer.java","11876","37148","49024"
"2017-11-28 00:10","QuorumPeer.java","23777","59264","83041"
"2014-01-21 04:50","QuorumPeer.java","885","5894","6779"
"2014-06-04 22:07","QuorumPeer.java","8706","19516","28222"
"2018-01-30 08:02","QuorumPeer.java","24159","59799","83958"
"2019-05-15 11:56","QuorumPeer.java","193851","241107","434958"
"2019-06-05 00:33","QuorumPeer.java","193867","242090","435957"
"2019-05-20 23:13","QuorumPeer.java","193851","241225","435076"
"2019-06-04 10:55","QuorumPeer.java","193867","241853","435720"
"2019-07-12 17:01","QuorumPeer.java","193867","251682","445549"
"2020-01-09 11:27","QuorumPeer.java","195213","265818","461031"
"2017-02-09 11:40","QuorumPeer.java","18604","52867","71471"
"2017-07-06 18:48","QuorumPeer.java","22130","54079","76209"
"2018-10-01 06:11","QuorumPeer.java","111999","159061","271060"
"2015-04-09 20:16","QuorumPeer.java","11372","35018","46390"
"2013-10-07 21:08","QuorumPeer.java","239","914","1153"
"2013-09-30 22:20","QuorumPeer.java","38","282","320"
"2018-07-04 17:11","QuorumPeer.java","32466","71667","104133"
"2019-12-17 13:48","QuorumPeer.java","195213","264844","460057"
"2015-12-07 05:59","QuorumPeer.java","13363","40465","53828"
"2020-01-23 13:43","QuorumPeer.java","195213","267642","462855"
"2016-06-23 23:45","QuorumPeer.java","16660","44832","61492"
"2016-06-23 23:25","QuorumPeer.java","16629","44693","61322"
"2014-03-23 04:12","QuorumPeer.java","1258","8487","9745"
"2014-07-18 20:48","QuorumPeer.java","10237","27306","37543"
"2014-07-04 04:19","QuorumPeer.java","8865","21318","30183"
"2018-12-06 10:56","QuorumPeer.java","193767","226797","420564"
"2014-06-25 15:04","QuorumPeer.java","8729","20036","28765"
"2014-03-28 01:58","QuorumPeer.java","1274","8921","10195"
"2013-10-21 23:36","QuorumPeer.java","522","3939","4461"
"2019-10-10 14:37","QuorumPeer.java","193867","260122","453989"
"2013-11-07 06:41","QuorumPeer.java","654","4502","5156"
"2017-07-27 23:09","QuorumPeer.java","23128","54091","77219"
"2014-05-18 05:49","QuorumPeer.java","8618","18939","27557"
"2014-03-25 22:13","QuorumPeer.java","1270","8735","10005"
"2018-06-26 11:18","QuorumPeer.java","24523","63706","88229"
"2018-07-27 12:32","QuorumPeer.java","42869","83270","126139"
"2019-04-18 19:17","QuorumPeer.java","193851","238870","432721"
"2013-10-09 22:21","QuorumPeer.java","505","3559","4064"
"2016-12-20 14:47","QuorumPeer.java","18433","51561","69994"
"2017-05-11 16:59","QuorumPeer.java","21857","52939","74796"
"2014-07-03 06:01","QuorumPeer.java","8775","20806","29581"
"2014-08-14 08:08","QuorumPeer.java","10671","28601","39272"
"2014-08-01 07:38","QuorumPeer.java","10589","28098","38687"
"2014-07-20 04:50","QuorumPeer.java","10276","27407","37683"
"2016-06-02 00:59","QuorumPeer.java","16596","44291","60887"
"2020-02-16 10:25","QuorumPeer.java","195213","268355","463568"
"2015-10-18 19:00","QuorumPeer.java","22380","75416","97796"
"2018-12-20 15:13","QuorumPeer.java","180334","230410","410744"
"2019-05-16 16:25","QuorumPeer.java","180401","241706","422107"
"2018-10-16 16:22","QuorumPeer.java","149144","236735","385879"
"2019-06-14 09:06","QuorumPeer.java","180400","244904","425304"
"2018-12-07 12:41","QuorumPeer.java","180334","227424","407758"
"2012-04-23 01:20","QuorumPeer.java","10599","23312","33911"
"2012-07-17 23:19","QuorumPeer.java","10631","24116","34747"
"2019-03-11 19:47","QuorumPeer.java","180348","236852","417200"
"2012-02-27 03:41","QuorumPeer.java","8157","18785","26942"
"2014-07-18 02:19","QuorumPeer.java","20587","63889","84476"
"2019-02-13 13:12","QuorumPeer.java","180347","235799","416146"
"2019-04-12 19:01","QuorumPeer.java","180401","238714","419115"
"2018-12-09 03:16","QuorumPeer.java","180334","229498","409832"
"2018-09-11 15:23","QuorumPeer.java","107447","177367","284814"
"2019-11-29 14:49","QuorumPeer.java","181498","264561","446059"
"2013-03-07 07:01","QuorumPeer.java","12849","37400","50249"
"2018-12-15 07:34","QuorumPeer.java","180334","229413","409747"
"2018-11-27 10:02","QuorumPeer.java","180334","227174","407508"
"2018-09-18 01:00","QuorumPeer.java","107508","178683","286191"
"2012-02-06 09:40","QuorumPeer.java","7812","18199","26011"
"2019-06-03 19:40","QuorumPeer.java","180400","242237","422637"
"2019-07-15 14:15","QuorumPeer.java","180400","252325","432725"
"2015-03-17 18:06","QuorumPeer.java","21084","70359","91443"
"2019-07-03 00:44","QuorumPeer.java","180400","244919","425319"
"2019-08-17 17:13","QuorumPeer.java","180400","256906","437306"
"2015-06-27 02:03","QuorumPeer.java","21345","73309","94654"
"2017-11-28 00:10","QuorumPeer.java","28157","90336","118493"
"2014-01-21 04:50","QuorumPeer.java","13652","45353","59005"
"2014-06-04 22:07","QuorumPeer.java","19934","57436","77370"
"2018-01-30 08:02","QuorumPeer.java","28365","90697","119062"
"2019-05-15 11:56","QuorumPeer.java","180401","241661","422062"
"2019-06-05 00:33","QuorumPeer.java","180400","242627","423027"
"2019-05-20 23:13","QuorumPeer.java","180401","241779","422180"
"2019-06-04 10:55","QuorumPeer.java","180400","242390","422790"
"2019-07-12 17:01","QuorumPeer.java","180400","252219","432619"
"2020-01-09 11:27","QuorumPeer.java","181498","266107","447605"
"2017-02-09 11:40","QuorumPeer.java","25326","86281","111607"
"2017-07-06 18:48","QuorumPeer.java","27820","86461","114281"
"2018-10-01 06:11","QuorumPeer.java","107663","181417","289080"
"2015-04-09 20:16","QuorumPeer.java","21099","71437","92536"
"2013-10-07 21:08","QuorumPeer.java","13296","40663","53959"
"2013-09-30 22:20","QuorumPeer.java","13154","40090","53244"
"2018-07-04 17:11","QuorumPeer.java","36171","102064","138235"
"2019-12-17 13:48","QuorumPeer.java","181498","265133","446631"
"2015-12-07 05:59","QuorumPeer.java","22527","76321","98848"
"2020-01-23 13:43","QuorumPeer.java","181498","267931","449429"
"2016-06-23 23:45","QuorumPeer.java","24150","79014","103164"
"2016-06-23 23:25","QuorumPeer.java","24151","78907","103058"
"2014-03-23 04:12","QuorumPeer.java","13877","47798","61675"
"2013-09-26 00:13","QuorumPeer.java","13135","39827","52962"
"2014-07-18 20:48","QuorumPeer.java","20623","64384","85007"
"2014-07-04 04:19","QuorumPeer.java","19964","59109","79073"
"2018-12-06 10:56","QuorumPeer.java","180334","227368","407702"
"2014-06-25 15:04","QuorumPeer.java","19939","57938","77877"
"2014-03-28 01:58","QuorumPeer.java","13891","48230","62121"
"2013-10-21 23:36","QuorumPeer.java","13494","43603","57097"
"2019-10-10 14:37","QuorumPeer.java","180400","260659","441059"
"2013-11-07 06:41","QuorumPeer.java","13523","44063","57586"
"2017-07-27 23:09","QuorumPeer.java","27828","85483","113311"
"2014-05-18 05:49","QuorumPeer.java","19919","56932","76851"
"2011-10-25 08:09","QuorumPeer.java","6625","14508","21133"
"2014-03-25 22:13","QuorumPeer.java","13888","48045","61933"
"2011-11-01 08:15","QuorumPeer.java","6830","14902","21732"
"2018-06-26 11:18","QuorumPeer.java","28603","94478","123081"
"2018-07-27 12:32","QuorumPeer.java","45499","112592","158091"
"2019-04-18 19:17","QuorumPeer.java","180401","239424","419825"
"2011-10-27 23:25","QuorumPeer.java","6712","14755","21467"
"2011-08-30 08:37","QuorumPeer.java","1274","12043","13317"
"2011-08-30 08:29","QuorumPeer.java","1244","12001","13245"
"2013-10-09 22:21","QuorumPeer.java","13485","43231","56716"
"2016-12-20 14:47","QuorumPeer.java","25222","85042","110264"
"2017-05-11 16:59","QuorumPeer.java","27739","85513","113252"
"2014-07-03 06:01","QuorumPeer.java","19962","58685","78647"
"2014-08-14 08:08","QuorumPeer.java","20718","65340","86058"
"2014-08-01 07:38","QuorumPeer.java","20718","64919","85637"
"2014-07-20 04:50","QuorumPeer.java","20652","64475","85127"
"2016-06-02 00:59","QuorumPeer.java","24138","78525","102663"
"2020-02-16 10:25","QuorumPeer.java","181498","268644","450142"
"2019-08-17 17:13","WatchesPathReport.java","158773","174218","332991"
"2016-09-18 23:21","ZooKeeperServerMainTest.java","8115","18202","26317"
"2016-08-24 01:36","ZooKeeperServerMainTest.java","7902","17329","25231"
"2016-08-13 15:01","ZooKeeperServerMainTest.java","7604","17263","24867"
"2017-01-13 19:29","ZooKeeperServerMainTest.java","9306","24068","33374"
"2019-06-03 19:40","ZooKeeperServerMainTest.java","212834","241459","454293"
"2019-08-17 17:13","ZooKeeperServerMainTest.java","212834","256128","468962"
"2018-09-11 15:23","ZooKeeperServerMainTest.java","112651","136671","249322"
"2017-01-05 22:32","ZooKeeperServerMainTest.java","9226","23618","32844"
"2019-08-17 17:13","DisconnectedWatcherTest.java","30037","50021","80058"
"2011-07-01 00:53","PrepRequestProcessor.java","22527","51244","73771"
"2015-02-06 06:17","PrepRequestProcessor.java","31934","105021","136955"
"2012-02-06 10:39","PrepRequestProcessor.java","25898","61326","87224"
"2013-03-07 07:01","PrepRequestProcessor.java","29077","78662","107739"
"2019-02-07 11:26","PrepRequestProcessor.java","154529","235460","389989"
"2019-09-11 10:27","PrepRequestProcessor.java","154580","258535","413115"
"2018-07-19 05:59","PrepRequestProcessor.java","53045","144668","197713"
"2017-09-11 18:55","PrepRequestProcessor.java","36281","119637","155918"
"2019-01-16 14:21","PrepRequestProcessor.java","154528","233107","387635"
"2017-06-01 05:45","PrepRequestProcessor.java","36075","118967","155042"
"2012-04-14 02:32","PrepRequestProcessor.java","27180","64172","91352"
"2019-11-08 17:30","PrepRequestProcessor.java","154580","262793","417373"
"2016-11-13 20:59","PrepRequestProcessor.java","34387","118334","152721"
"2019-04-09 15:35","PrepRequestProcessor.java","154541","237997","392538"
"2019-04-17 14:16","PrepRequestProcessor.java","154580","239251","393831"
"2014-10-28 05:35","PrepRequestProcessor.java","31860","103008","134868"
"2019-05-10 12:22","PrepRequestProcessor.java","154580","241686","396266"
"2017-06-26 00:16","PrepRequestProcessor.java","36118","119288","155406"
"2019-02-07 11:22","PrepRequestProcessor.java","154529","235122","389651"
"2016-11-16 06:21","PrepRequestProcessor.java","34401","118895","153296"
"2019-08-01 07:31","PrepRequestProcessor.java","154580","257850","412430"
"2019-06-26 10:57","PrepRequestProcessor.java","154580","245029","399609"
"2014-01-24 07:18","PrepRequestProcessor.java","29703","88021","117724"
"2015-05-29 19:45","PrepRequestProcessor.java","32110","107988","140098"
"2016-10-07 21:51","PrepRequestProcessor.java","34373","116067","150440"
"2015-06-04 19:51","PrepRequestProcessor.java","32169","108812","140981"
"2019-08-17 17:13","PrepRequestProcessor.java","154580","257179","411759"
"2018-08-08 06:21","PrepRequestProcessor.java","75360","168463","243823"
"2018-05-09 23:57","PrepRequestProcessor.java","36552","126469","163021"
"2015-06-11 20:09","PrepRequestProcessor.java","32180","108949","141129"
"2019-12-27 22:33","PrepRequestProcessor.java","155527","266804","422331"
"2009-12-18 03:19","PrepRequestProcessor.java","1226","1679","2905"
"2014-04-01 01:47","PrepRequestProcessor.java","29982","89563","119545"
"2019-10-10 14:37","PrepRequestProcessor.java","154580","260932","415512"
"2020-03-25 03:38","PrepRequestProcessor.java","155527","270911","426438"
"2010-01-25 04:28","PrepRequestProcessor.java","1740","5234","6974"
"2011-08-15 02:35","PrepRequestProcessor.java","20571","52796","73367"
"2014-07-25 01:31","PrepRequestProcessor.java","31802","100874","132676"
"2013-10-09 22:21","PrepRequestProcessor.java","29598","84378","113976"
"2010-08-18 08:24","PrepRequestProcessor.java","16382","49409","65791"
"2011-09-17 02:36","PrepRequestProcessor.java","23488","57940","81428"
"2014-04-29 02:23","PrepRequestProcessor.java","31115","92698","123813"
"2015-03-08 23:07","PrepRequestProcessor.java","31967","105228","137195"
"2014-07-22 06:51","PrepRequestProcessor.java","31754","100637","132391"
"2012-03-15 17:47","PrepRequestProcessor.java","25938","62579","88517"
"2011-04-12 09:14","PrepRequestProcessor.java","21581","45653","67234"
"2011-11-01 15:41","PrepRequestProcessor.java","25387","58631","84018"
"2011-10-28 00:58","PrepRequestProcessor.java","25324","58406","83730"
"2011-10-20 20:02","PrepRequestProcessor.java","25138","58001","83139"
"2011-10-17 16:59","PrepRequestProcessor.java","23557","57828","81385"
"2018-06-15 07:41","PrepRequestProcessor.java","36572","127241","163813"
"2012-12-19 19:16","PrepRequestProcessor.java","28684","73713","102397"
"2011-11-14 20:18","PrepRequestProcessor.java","25374","59253","84627"
"2019-07-12 17:01","FLEBackwardElectionRoundTest.java","224740","250430","475170"
"2017-11-28 00:10","FLEBackwardElectionRoundTest.java","402","3764","4166"
"2019-08-17 17:13","FLEBackwardElectionRoundTest.java","224740","255117","479857"
"2019-06-03 19:40","FLEBackwardElectionRoundTest.java","224739","240447","465186"
"2017-09-11 18:55","FLEBackwardElectionRoundTest.java","684","189","873"
"2012-08-28 21:51","ClientBase.java","27762","55691","83453"
"2017-06-08 17:51","ClientBase.java","41396","112630","154026"
"2012-07-17 23:19","ClientBase.java","27684","54539","82223"
"2017-04-18 01:37","ClientBase.java","40836","112702","153538"
"2010-03-16 22:23","ClientBase.java","288","1054","1342"
"2018-09-07 02:49","ClientBase.java","103555","185859","289414"
"2019-07-31 19:06","ClientBase.java","166988","256322","423310"
"2012-02-06 09:47","ClientBase.java","25096","48830","73926"
"2015-02-06 06:17","ClientBase.java","36741","98164","134905"
"2017-09-11 18:55","ClientBase.java","41627","113319","154946"
"2019-08-17 17:13","ClientBase.java","166988","257015","424003"
"2015-03-28 20:08","ClientBase.java","36805","100439","137244"
"2019-06-07 14:13","ClientBase.java","166988","243119","410107"
"2018-04-24 00:20","ClientBase.java","41858","119326","161184"
"2018-08-08 06:21","ClientBase.java","83904","165343","249247"
"2018-05-09 23:57","ClientBase.java","41928","120181","162109"
"2019-06-24 11:05","ClientBase.java","166988","244348","411336"
"2012-12-11 08:42","ClientBase.java","28417","59679","88096"
"2017-01-13 19:29","ClientBase.java","39607","113639","153246"
"2016-06-23 23:25","ClientBase.java","38772","106898","145670"
"2014-01-03 01:40","ClientBase.java","29932","74891","104823"
"2014-01-25 01:17","ClientBase.java","29981","76746","106727"
"2019-11-14 16:44","ClientBase.java","166988","265042","432030"
"2019-10-10 14:37","ClientBase.java","166988","260768","427756"
"2012-03-15 17:47","ClientBase.java","25358","50335","75693"
"2010-09-15 07:51","ClientBase.java","7858","56483","64341"
"2012-01-14 00:28","ClientBase.java","24991","48209","73200"
"2011-04-12 09:14","ClientBase.java","19746","31246","50992"
"2011-11-05 07:29","ClientBase.java","24205","46003","70208"
"2016-08-24 01:36","ClientBase.java","39183","107880","147063"
"2011-09-17 02:13","ClientBase.java","22129","44945","67074"
"2010-07-05 20:20","ClientBase.java","6125","17960","24085"
"2010-03-31 06:26","ClientBase.java","2980","3968","6948"
"2010-08-18 08:24","ClientBase.java","7834","28289","36123"
"2015-03-08 23:07","ClientBase.java","36772","98369","135141"
"2017-05-27 00:52","StatCommand.java","4762","2437","7199"
"2018-02-07 01:05","StatCommand.java","7982","10855","18837"
"2018-07-12 01:33","StatCommand.java","18844","24784","43628"
"2019-08-17 17:13","StatCommand.java","226243","255276","481519"
"2017-06-08 17:51","ClientBase.java","7090","10198","17288"
"2017-04-18 01:37","ClientBase.java","6131","9871","16002"
"2018-09-07 02:49","ClientBase.java","108311","122489","230800"
"2019-07-31 19:06","ClientBase.java","221449","255194","476643"
"2017-09-11 18:55","ClientBase.java","9192","12758","21950"
"2019-08-17 17:13","ClientBase.java","221449","255887","477336"
"2019-06-07 14:13","ClientBase.java","221448","241990","463438"
"2018-04-24 00:20","ClientBase.java","10266","19608","29874"
"2018-08-08 06:21","ClientBase.java","78951","92264","171215"
"2018-05-09 23:57","ClientBase.java","10470","20597","31067"
"2019-06-24 11:05","ClientBase.java","221448","243219","464667"
"2017-01-13 19:29","ClientBase.java","2547","8453","11000"
"2019-11-14 16:44","ClientBase.java","221497","263962","485459"
"2019-10-10 14:37","ClientBase.java","221449","259640","481089"
"2016-08-24 01:36","ClientBase.java","1009","1580","2589"
"2020-03-19 17:09","Learner.java","224079","269455","493534"
"2020-02-03 04:30","Learner.java","224079","267950","492029"
"2020-01-23 13:43","Learner.java","224079","267393","491472"
"2017-07-04 07:39","Learner.java","6358","8920","15278"
"2020-03-25 03:38","Learner.java","224079","270251","494330"
"2019-11-28 12:24","Learner.java","224077","262370","486447"
"2019-12-27 22:33","Learner.java","224078","266143","490221"
"2020-01-25 18:48","Learner.java","224079","267583","491662"
"2020-05-03 19:43","Learner.java","224079","271187","495266"
"2019-10-10 14:37","Learner.java","222498","259638","482136"
"2019-06-03 19:40","Learner.java","222497","241215","463712"
"2019-07-15 14:15","Learner.java","222498","251304","473802"
"2019-08-23 19:43","Learner.java","222498","256551","479049"
"2019-08-17 17:13","Learner.java","222498","255885","478383"
"2017-11-28 00:10","Learner.java","8693","15065","23758"
"2018-05-09 00:54","Learner.java","9437","17937","27374"
"2019-04-09 15:35","Learner.java","222404","236648","459052"
"2019-07-12 17:01","Learner.java","222498","251198","473696"
"2017-07-06 18:48","Learner.java","6369","9203","15572"
"2017-08-18 06:32","Learner.java","7996","10333","18329"
"2019-07-02 07:34","Learner.java","222497","243827","466324"
"2018-10-16 16:22","Learner.java","200909","232693","433602"
"2017-02-12 00:12","Learner.java","4958","6856","11814"
"2018-12-09 03:16","Learner.java","222378","228423","450801"
"2019-11-29 14:49","Learner.java","224077","264021","488098"
"2018-11-27 10:02","Learner.java","222378","226099","448477"
"2018-08-06 14:11","Learner.java","30394","42292","72686"
"2019-06-26 10:57","MultiResponse.java","187214","244263","431477"
"2019-08-17 17:13","MultiResponse.java","187214","256413","443627"
"2019-02-06 09:46","ZooKeeper.java","154493","234831","389324"
"2019-01-16 14:21","ZooKeeper.java","154492","233107","387599"
"2017-04-18 02:02","ZooKeeper.java","35731","119299","155030"
"2019-11-08 17:30","ZooKeeper.java","154544","262793","417337"
"2019-02-07 11:26","ZooKeeper.java","154493","235460","389953"
"2013-03-07 07:01","ZooKeeper.java","29110","78731","107841"
"2011-07-01 00:53","ZooKeeper.java","22566","51319","73885"
"2013-12-17 17:55","ZooKeeper.java","29679","86104","115783"
"2012-02-06 09:56","ZooKeeper.java","25727","61188","86915"
"2012-03-17 01:31","ZooKeeper.java","25976","62942","88918"
"2012-11-17 15:03","ZooKeeper.java","27742","69827","97569"
"2017-05-01 17:19","ZooKeeper.java","35738","119433","155171"
"2010-11-10 23:36","ZooKeeper.java","16957","81063","98020"
"2014-01-24 07:18","ZooKeeper.java","29737","88091","117828"
"2019-08-17 17:13","ZooKeeper.java","154544","257179","411723"
"2015-06-04 19:51","ZooKeeper.java","32201","108880","141081"
"2016-10-07 21:51","ZooKeeper.java","34404","116134","150538"
"2015-03-16 09:09","ZooKeeper.java","32002","105637","137639"
"2015-03-17 18:06","ZooKeeper.java","32024","106369","138393"
"2016-05-02 18:15","ZooKeeper.java","33984","112948","146932"
"2019-06-26 10:57","ZooKeeper.java","154544","245029","399573"
"2019-06-03 19:40","ZooKeeper.java","154544","242510","397054"
"2018-05-09 23:57","ZooKeeper.java","36582","126535","163117"
"2019-08-03 08:42","ZooKeeper.java","154544","257887","412431"
"2016-11-13 20:59","ZooKeeper.java","34418","118401","152819"
"2013-02-03 15:52","ZooKeeper.java","28767","74325","103092"
"2012-09-28 18:32","ZooKeeper.java","27599","67716","95315"
"2017-07-28 00:36","ZooKeeper.java","36173","119002","155175"
"2017-08-18 23:35","ZooKeeper.java","36225","119539","155764"
"2017-07-04 07:56","ZooKeeper.java","36156","119595","155751"
"2010-01-26 03:22","ZooKeeper.java","2208","6286","8494"
"2010-01-05 18:32","ZooKeeper.java","1285","1949","3234"
"2020-04-16 12:50","ZooKeeper.java","155491","271700","427191"
"2018-07-27 05:16","ZooKeeper.java","53083","145054","198137"
"2019-10-10 14:37","ZooKeeper.java","154544","260932","415476"
"2014-04-01 04:03","ZooKeeper.java","30016","89850","119866"
"2010-02-08 23:36","ZooKeeper.java","8930","12669","21599"
"2012-12-19 19:16","ZooKeeper.java","28718","73783","102501"
"2019-02-11 12:34","ZooKeeper.java","154493","235823","390316"
"2014-07-08 20:18","ZooKeeper.java","31666","96387","128053"
"2010-11-30 21:16","ZooKeeper.java","17207","81680","98887"
"2020-05-17 15:13","ZooKeeper.java","155492","272072","427564"
"2017-01-09 22:49","ZooKeeper.java","34666","120217","154883"
"2011-05-20 01:17","ZooKeeper.java","21683","46610","68293"
"2019-03-12 19:08","ZooKeeper.java","154505","237263","391768"
"2011-09-06 00:58","ZooKeeper.java","20768","57225","77993"
"2014-07-22 06:51","ZooKeeper.java","31788","100707","132495"
"2014-04-29 02:23","ZooKeeper.java","31149","92768","123917"
"2015-05-14 07:10","CnxManagerTest.java","21225","73804","95029"
"2020-03-12 14:47","CnxManagerTest.java","179499","269969","449468"
"2019-08-17 17:13","CnxManagerTest.java","178405","256932","435337"
"2019-06-03 19:40","CnxManagerTest.java","178405","242263","420668"
"2017-11-28 00:10","CnxManagerTest.java","27966","92166","120132"
"2019-07-12 17:01","CnxManagerTest.java","178405","252245","430650"
"2019-05-08 21:54","CnxManagerTest.java","178406","241435","419841"
"2019-08-06 12:52","CnxManagerTest.java","178405","257905","436310"
"2019-06-14 09:06","CnxManagerTest.java","178405","244930","423335"
"2013-03-07 07:01","CnxManagerTest.java","12977","39549","52526"
"2019-11-29 14:49","CnxManagerTest.java","179499","264583","444082"
"2011-04-29 18:12","CnxManagerTest.java","118","453","571"
"2015-02-06 06:17","CnxManagerTest.java","20967","71041","92008"
"2017-09-11 18:55","CnxManagerTest.java","27844","88187","116031"
"2011-09-17 02:13","CnxManagerTest.java","4783","16250","21033"
"2011-09-14 06:32","CnxManagerTest.java","1934","15372","17306"
"2020-02-16 10:25","CnxManagerTest.java","179499","268666","448165"
"2014-06-25 15:04","CnxManagerTest.java","20006","60026","80032"
"2015-11-03 08:11","CnxManagerTest.java","22368","77463","99831"
"2019-10-10 14:37","CnxManagerTest.java","178405","260685","439090"
"2014-07-23 19:36","CnxManagerTest.java","20703","66629","87332"
"2015-10-18 19:00","QuorumPeer.java","22451","75531","97982"
"2018-12-20 15:13","QuorumPeer.java","180290","230410","410700"
"2019-05-16 16:25","QuorumPeer.java","180357","241706","422063"
"2018-10-16 16:22","QuorumPeer.java","149100","236735","385835"
"2019-06-14 09:06","QuorumPeer.java","180356","244904","425260"
"2018-12-07 12:41","QuorumPeer.java","180290","227424","407714"
"2012-04-23 01:20","QuorumPeer.java","10674","23431","34105"
"2012-07-17 23:19","QuorumPeer.java","10706","24235","34941"
"2019-03-11 19:47","QuorumPeer.java","180304","236852","417156"
"2012-02-27 03:41","QuorumPeer.java","8232","18904","27136"
"2014-07-18 02:19","QuorumPeer.java","20658","64004","84662"
"2019-02-13 13:12","QuorumPeer.java","180303","235799","416102"
"2019-04-12 19:01","QuorumPeer.java","180357","238714","419071"
"2018-12-09 03:16","QuorumPeer.java","180290","229498","409788"
"2018-09-11 15:23","QuorumPeer.java","107456","177420","284876"
"2019-11-29 14:49","QuorumPeer.java","181454","264561","446015"
"2013-03-07 07:01","QuorumPeer.java","12920","37515","50435"
"2018-12-15 07:34","QuorumPeer.java","180290","229413","409703"
"2018-11-27 10:02","QuorumPeer.java","180290","227174","407464"
"2018-09-18 01:00","QuorumPeer.java","107517","178736","286253"
"2012-02-06 09:40","QuorumPeer.java","7888","18319","26207"
"2019-06-03 19:40","QuorumPeer.java","180356","242237","422593"
"2019-07-15 14:15","QuorumPeer.java","180356","252325","432681"
"2015-03-17 18:06","QuorumPeer.java","21155","70474","91629"
"2019-07-03 00:44","QuorumPeer.java","180356","244919","425275"
"2019-08-17 17:13","QuorumPeer.java","180356","256906","437262"
"2015-06-27 02:03","QuorumPeer.java","21416","73424","94840"
"2017-11-28 00:10","QuorumPeer.java","28166","90389","118555"
"2014-01-21 04:50","QuorumPeer.java","13723","45468","59191"
"2014-06-04 22:07","QuorumPeer.java","20005","57551","77556"
"2018-01-30 08:02","QuorumPeer.java","28374","90750","119124"
"2019-05-15 11:56","QuorumPeer.java","180357","241661","422018"
"2019-06-05 00:33","QuorumPeer.java","180356","242627","422983"
"2019-05-20 23:13","QuorumPeer.java","180357","241779","422136"
"2019-06-04 10:55","QuorumPeer.java","180356","242390","422746"
"2019-07-12 17:01","QuorumPeer.java","180356","252219","432575"
"2020-01-09 11:27","QuorumPeer.java","181454","266107","447561"
"2017-02-09 11:40","QuorumPeer.java","25397","86396","111793"
"2017-07-06 18:48","QuorumPeer.java","27829","86514","114343"
"2018-10-01 06:11","QuorumPeer.java","107672","181470","289142"
"2015-04-09 20:16","QuorumPeer.java","21170","71552","92722"
"2013-10-07 21:08","QuorumPeer.java","13367","40778","54145"
"2013-09-30 22:20","QuorumPeer.java","13225","40205","53430"
"2018-07-04 17:11","QuorumPeer.java","36180","102117","138297"
"2019-12-17 13:48","QuorumPeer.java","181454","265133","446587"
"2015-12-07 05:59","QuorumPeer.java","22598","76436","99034"
"2020-01-23 13:43","QuorumPeer.java","181454","267931","449385"
"2016-06-23 23:45","QuorumPeer.java","24221","79129","103350"
"2016-06-23 23:25","QuorumPeer.java","24222","79022","103244"
"2014-03-23 04:12","QuorumPeer.java","13948","47913","61861"
"2013-09-26 00:13","QuorumPeer.java","13206","39942","53148"
"2011-06-17 01:34","QuorumPeer.java","91","135","226"
"2014-07-18 20:48","QuorumPeer.java","20694","64499","85193"
"2014-07-04 04:19","QuorumPeer.java","20035","59224","79259"
"2018-12-06 10:56","QuorumPeer.java","180290","227368","407658"
"2014-06-25 15:04","QuorumPeer.java","20010","58053","78063"
"2014-03-28 01:58","QuorumPeer.java","13962","48345","62307"
"2013-10-21 23:36","QuorumPeer.java","13565","43718","57283"
"2019-10-10 14:37","QuorumPeer.java","180356","260659","441015"
"2013-11-07 06:41","QuorumPeer.java","13594","44178","57772"
"2017-07-27 23:09","QuorumPeer.java","27837","85536","113373"
"2014-05-18 05:49","QuorumPeer.java","19990","57047","77037"
"2011-10-25 08:09","QuorumPeer.java","6716","14643","21359"
"2014-03-25 22:13","QuorumPeer.java","13959","48160","62119"
"2011-11-01 08:15","QuorumPeer.java","6921","15037","21958"
"2018-06-26 11:18","QuorumPeer.java","28612","94531","123143"
"2018-07-27 12:32","QuorumPeer.java","45508","112645","158153"
"2019-04-18 19:17","QuorumPeer.java","180357","239424","419781"
"2011-10-27 23:25","QuorumPeer.java","6803","14890","21693"
"2011-08-30 08:37","QuorumPeer.java","1365","12178","13543"
"2011-08-30 08:29","QuorumPeer.java","1335","12136","13471"
"2013-10-09 22:21","QuorumPeer.java","13556","43346","56902"
"2016-12-20 14:47","QuorumPeer.java","25293","85157","110450"
"2017-05-11 16:59","QuorumPeer.java","27748","85566","113314"
"2014-07-03 06:01","QuorumPeer.java","20033","58800","78833"
"2014-08-14 08:08","QuorumPeer.java","20789","65455","86244"
"2014-08-01 07:38","QuorumPeer.java","20789","65034","85823"
"2014-07-20 04:50","QuorumPeer.java","20723","64590","85313"
"2016-06-02 00:59","QuorumPeer.java","24209","78640","102849"
"2020-02-16 10:25","QuorumPeer.java","181454","268644","450098"
"2019-08-17 17:13","CommandNotFoundException.java","221798","255887","477685"
"2013-12-17 17:55","Op.java","6994","26453","33447"
"2016-10-07 21:51","Op.java","20437","65201","85638"
"2015-06-04 19:51","Op.java","15512","55225","70737"
"2019-08-17 17:13","Op.java","179204","256502","435706"
"2019-06-26 10:57","Op.java","179204","244352","423556"
"2014-08-14 08:08","QuorumPeerTestBase.java","20787","65480","86267"
"2014-07-26 04:11","QuorumPeerTestBase.java","20787","64916","85703"
"2014-03-25 22:13","QuorumPeerTestBase.java","13957","48185","62142"
"2016-11-03 16:07","QuorumPeerTestBase.java","24732","82047","106779"
"2019-12-27 22:33","QuorumPeerTestBase.java","181427","266682","448109"
"2019-10-10 14:37","QuorumPeerTestBase.java","180329","260659","440988"
"2016-06-23 23:25","QuorumPeerTestBase.java","24218","79045","103263"
"2014-07-18 20:48","QuorumPeerTestBase.java","20692","64524","85216"
"2014-08-19 22:50","QuorumPeerTestBase.java","20837","65644","86481"
"2019-07-12 17:01","QuorumPeerTestBase.java","180329","252219","432548"
"2017-01-13 19:29","QuorumPeerTestBase.java","25315","86048","111363"
"2015-03-17 18:06","QuorumPeerTestBase.java","21151","70497","91648"
"2019-08-17 17:13","QuorumPeerTestBase.java","180329","256906","437235"
"2017-11-28 00:10","QuorumPeerTestBase.java","28160","90410","118570"
"2014-01-21 04:50","QuorumPeerTestBase.java","13721","45493","59214"
"2017-12-16 01:25","QuorumPeerTestBase.java","28321","90615","118936"
"2014-07-18 02:19","QuorumPeerTestBase.java","20656","64029","84685"
"2013-03-07 07:01","QuorumPeerTestBase.java","12918","37540","50458"
"2018-10-12 10:25","QuorumPeerTestBase.java","149071","233771","382842"
"2012-07-17 23:25","QuorumPeerTestBase.java","10750","24931","35681"
"2019-09-18 11:20","QuorumZxidSyncTest.java","226742","258186","484928"
"2019-08-17 17:13","QuorumZxidSyncTest.java","226742","255274","482016"
"2011-04-12 09:14","FLERestartTest.java","22852","59741","82593"
"2010-03-31 06:26","FLERestartTest.java","14591","40968","55559"
"2011-09-17 02:13","FLERestartTest.java","24451","71315","95766"
"2010-03-13 01:06","FLERestartTest.java","13252","39382","52634"
"2019-10-10 14:37","FLERestartTest.java","142084","261253","403337"
"2019-08-17 17:13","FLERestartTest.java","142084","257500","399584"
"2019-07-12 17:01","FLERestartTest.java","142084","252813","394897"
"2017-09-11 18:55","FLERestartTest.java","35943","131683","167626"
"2019-08-17 17:13","ExpiryQueue.java","214963","256104","471067"
"2019-06-03 19:40","ExpiryQueue.java","214963","241435","456398"
"2016-11-24 17:18","PurgeTxnLog.java","10744","33336","44080"
"2020-01-30 09:43","PurgeTxnLog.java","205289","268068","473357"
"2017-07-28 00:36","PurgeTxnLog.java","16186","37056","53242"
"2019-08-17 17:13","PurgeTxnLog.java","203849","256154","460003"
"2019-10-10 14:37","PurgeTxnLog.java","203849","259907","463756"
"2015-11-08 22:21","PurgeTxnLog.java","5265","21598","26863"
"2019-11-28 12:24","PurgeTxnLog.java","205288","262499","467787"
"2015-11-22 00:33","PurgeTxnLog.java","5408","22154","27562"
"2017-01-23 02:13","PurgeTxnLog.java","11086","35060","46146"
"2019-08-17 17:13","Leader.java","175294","256659","431953"
"2019-06-29 00:33","Leader.java","175294","244646","419940"
"2019-06-03 19:40","Leader.java","175294","241990","417284"
"2014-05-20 23:42","Leader.java","15341","44550","59891"
"2019-07-15 14:15","Leader.java","175294","252078","427372"
"2015-03-17 18:06","Leader.java","16684","58130","74814"
"2019-07-25 21:41","Leader.java","175294","253142","428436"
"2018-05-10 06:00","Leader.java","26948","84287","111235"
"2018-07-12 01:33","Leader.java","34706","92978","127684"
"2018-02-07 01:05","Leader.java","26731","81936","108667"
"2017-11-28 00:10","Leader.java","26399","80749","107148"
"2019-06-05 00:33","Leader.java","175294","242380","417674"
"2015-04-10 22:22","Leader.java","16701","59215","75916"
"2019-08-03 08:42","Leader.java","175294","257367","432661"
"2019-06-05 23:57","Leader.java","175294","242649","417943"
"2012-12-08 00:38","Leader.java","5929","16018","21947"
"2013-10-07 21:08","Leader.java","8604","28142","36746"
"2012-12-31 02:38","Leader.java","6773","18983","25756"
"2017-01-13 19:29","Leader.java","22430","75263","97693"
"2012-07-05 18:01","Leader.java","4872","10035","14907"
"2019-01-07 14:55","Leader.java","175217","231473","406690"
"2019-04-12 19:01","Leader.java","175294","238466","413760"
"2018-12-09 03:16","Leader.java","175217","229240","404457"
"2018-08-17 14:40","Leader.java","86410","146978","233388"
"2019-11-29 14:49","Leader.java","176599","264521","441120"
"2013-03-07 07:01","Leader.java","8002","24724","32726"
"2018-11-27 10:02","Leader.java","175217","226916","402133"
"2015-02-06 06:17","Leader.java","16528","56752","73280"
"2012-02-27 03:41","Leader.java","2281","5080","7361"
"2017-02-15 23:04","Leader.java","24284","74161","98445"
"2014-07-18 02:19","Leader.java","16077","51550","67627"
"2012-01-04 01:15","Leader.java","1726","3647","5373"
"2011-12-28 01:26","Leader.java","1642","3410","5052"
"2018-08-29 06:26","Leader.java","103983","164759","268742"
"2018-08-03 18:52","Leader.java","44927","104697","149624"
"2013-05-14 14:27","Leader.java","8032","24879","32911"
"2012-02-06 09:40","Leader.java","1899","4457","6356"
"2017-09-11 18:55","Leader.java","26088","76581","102669"
"2018-09-18 01:00","Leader.java","109177","172523","281700"
"2012-01-14 00:28","Leader.java","1733","3752","5485"
"2012-01-06 02:32","Leader.java","1730","3652","5382"
"2012-03-15 17:47","Leader.java","2324","6102","8426"
"2016-12-20 14:47","Leader.java","22404","74395","96799"
"2014-07-20 04:50","Leader.java","16143","52137","68280"
"2014-06-10 00:19","Leader.java","15352","45495","60847"
"2016-06-23 23:25","Leader.java","21095","68022","89117"
"2016-06-23 23:45","Leader.java","21094","68129","89223"
"2020-03-25 03:38","Leader.java","176599","270749","447348"
"2014-03-23 04:12","Leader.java","9278","35370","44648"
"2019-12-27 22:33","Leader.java","176599","266642","443241"
"2016-08-13 15:01","Leader.java","21367","69097","90464"
"2013-10-21 23:36","Leader.java","8797","31077","39874"
"2019-10-10 14:37","Leader.java","175294","260412","435706"
"2013-11-07 06:41","Leader.java","8868","31579","40447"
"2020-03-25 03:38","ZooKeeperServer.java","3913","8020","11933"
"2020-04-12 11:14","ZooKeeperServer.java","4606","9466","14072"
"2020-03-25 03:38","ZooKeeperServerBean.java","39212","75270","114482"
"2019-11-14 03:54","ZooKeeperServerBean.java","32375","63657","96032"
"2019-09-16 23:26","ZooKeeperServerBean.java","31350","57642","88992"
"2020-04-30 18:53","ZooKeeperServerBean.java","39819","76777","116596"
"2019-07-08 23:26","ZooKeeperServerBean.java","5600","17649","23249"
"2019-08-17 17:13","ZooKeeperServerBean.java","30071","53344","83415"
"2019-05-22 11:39","ZooKeeperServerBean.java","1766","10239","12005"
"2019-07-30 02:31","ZooKeeperServerBean.java","8264","29458","37722"
"2020-03-19 17:09","Learner.java","12029","24018","36047"
"2020-02-03 04:30","Learner.java","11894","22378","34272"
"2020-01-23 13:43","Learner.java","11777","21704","33481"
"2020-03-25 03:38","Learner.java","12133","24918","37051"
"2019-11-28 12:24","Learner.java","9316","14222","23538"
"2019-12-27 22:33","Learner.java","10004","18682","28686"
"2020-01-25 18:48","Learner.java","11783","21900","33683"
"2020-05-03 19:43","Learner.java","12864","26585","39449"
"2019-10-10 14:37","Learner.java","3717","7470","11187"
"2019-08-23 19:43","Learner.java","3","669","672"
"2019-11-29 14:49","Learner.java","9773","16330","26103"
"2020-03-25 03:38","ZooKeeperServerBean.java","36792","60801","97593"
"2019-11-14 03:54","ZooKeeperServerBean.java","29460","48693","78153"
"2019-09-16 23:26","ZooKeeperServerBean.java","28333","42576","70909"
"2020-04-30 18:53","ZooKeeperServerBean.java","37464","62373","99837"
"2019-08-17 17:13","ZooKeeperServerBean.java","26739","37963","64702"
"2019-07-30 02:31","ZooKeeperServerBean.java","2779","11924","14703"
"2019-08-17 17:13","Vote.java","206595","256154","462749"
"2018-12-06 10:56","Vote.java","206485","226572","433057"
"2019-12-27 22:33","FileTxnSnapLog.java","33459","42830","76289"
"2019-10-10 14:37","FileTxnSnapLog.java","27447","31893","59340"
"2019-12-13 08:51","FileTxnSnapLog.java","33304","40712","74016"
"2020-01-23 16:46","FileTxnSnapLog.java","34952","45572","80524"
"2020-01-28 17:26","FileTxnSnapLog.java","35031","46122","81153"
"2019-09-02 08:23","FileTxnSnapLog.java","25922","27272","53194"
"2020-01-30 09:43","FileTxnSnapLog.java","35055","46222","81277"
"2019-08-17 17:13","FileTxnSnapLog.java","24762","25455","50217"
"2019-08-17 17:13","Vote.java","36462","65934","102396"
"2020-01-30 09:43","PurgeTxnLog.java","8319","15040","23359"
"2019-11-28 12:24","PurgeTxnLog.java","5614","6767","12381"
"2019-08-17 17:13","QuorumPeerConfigTest.java","29721","47204","76925"
"2020-05-14 18:18","QuorumPeerConfigTest.java","42862","74210","117072"
"2019-11-28 12:24","DataTree.java","194788","262621","457409"
"2019-10-10 14:37","DataTree.java","193442","260122","453564"
"2019-12-27 22:33","DataTree.java","194788","266393","461181"
"2015-06-06 03:48","DataTree.java","11896","37343","49239"
"2019-11-11 13:59","DataTree.java","193470","263807","457277"
"2018-07-10 13:29","DataTree.java","32422","72078","104500"
"2014-04-17 08:47","DataTree.java","8479","18055","26534"
"2014-04-29 02:23","DataTree.java","8485","18767","27252"
"2018-09-28 23:38","DataTree.java","111917","159399","271316"
"2019-11-08 17:30","DataTree.java","193470","262011","455481"
"2019-01-30 16:28","DataTree.java","193344","233382","426726"
"2019-01-30 17:02","DataTree.java","193344","233926","427270"
"2016-11-24 17:18","DataTree.java","18347","51561","69908"
"2017-09-11 18:55","DataTree.java","23373","55428","78801"
"2017-02-05 07:22","DataTree.java","18570","53223","71793"
"2014-07-18 02:19","DataTree.java","10076","27111","37187"
"2019-02-07 11:26","DataTree.java","193345","234604","427949"
"2018-09-04 11:54","DataTree.java","111658","154056","265714"
"2018-09-05 22:35","DataTree.java","111677","154331","266008"
"2018-12-20 15:17","DataTree.java","193343","229870","423213"
"2019-09-10 09:53","DataTree.java","193442","257418","450860"
"2019-04-12 19:01","DataTree.java","193426","238160","431586"
"2019-07-31 19:06","DataTree.java","193442","255676","449118"
"2019-09-11 10:27","DataTree.java","193442","257725","451167"
"2013-10-22 12:54","DataTree.java","622","4691","5313"
"2016-03-23 00:30","DataTree.java","16368","43254","59622"
"2019-08-01 07:31","DataTree.java","193442","257040","450482"
"2014-01-24 07:18","DataTree.java","960","7977","8937"
"2019-08-17 17:13","DataTree.java","193442","256369","449811"
"2019-09-10 15:21","DataTree.java","193442","257412","450854"
"2015-06-04 19:51","DataTree.java","11889","37231","49120"
"2016-10-07 21:51","DataTree.java","17609","48002","65611"
"2017-06-18 19:23","DataTree.java","22059","53800","75859"
"2019-04-12 12:29","DataTree.java","193426","237729","431155"
"2019-08-03 08:42","DataTree.java","193442","257077","450519"
"2019-08-09 16:15","DataTree.java","193442","257825","451267"
"2016-11-13 20:59","DataTree.java","17745","50391","68136"
"2019-04-29 16:49","DataTree.java","193426","240190","433616"
"2011-04-12 09:14","RootTest.java","15498","27319","42817"
"2010-08-17 09:24","RootTest.java","1868","19284","21152"
"2015-07-07 07:11","RootTest.java","33962","99820","133782"
"2019-12-27 22:33","QuorumPeerTestBase.java","34252","47617","81869"
"2019-10-10 14:37","QuorumPeerTestBase.java","28300","36740","65040"
"2019-08-17 17:13","QuorumPeerTestBase.java","25849","30536","56385"
"2018-05-10 00:14","QuorumPeerMainTest.java","570","3169","3739"
"2018-10-05 14:25","QuorumPeerMainTest.java","205932","218205","424137"
"2018-07-17 10:41","QuorumPeerMainTest.java","21830","26076","47906"
"2018-07-27 12:32","QuorumPeerMainTest.java","21966","26723","48689"
"2020-01-23 13:43","QuorumPeerMainTest.java","229990","266775","496765"
"2019-10-10 14:37","QuorumPeerMainTest.java","228219","258830","487049"
"2019-12-28 16:17","QuorumPeerMainTest.java","229989","265432","495421"
"2018-04-30 06:34","QuorumPeerMainTest.java","513","2481","2994"
"2019-07-25 21:41","QuorumPeerMainTest.java","228218","251559","479777"
"2019-08-17 17:13","QuorumPeerMainTest.java","228218","255076","483294"
"2018-02-23 23:49","QuorumPeerMainTest.java","186","1228","1414"
"2019-07-02 07:34","QuorumPeerMainTest.java","228217","243018","471235"
"2019-05-20 17:18","QuorumPeerMainTest.java","228200","239849","468049"
"2018-10-16 16:22","QuorumPeerMainTest.java","205936","231191","437127"
"2018-08-29 06:26","QuorumPeerMainTest.java","95081","101350","196431"
"2018-08-03 18:52","QuorumPeerMainTest.java","22138","27401","49539"
"2018-09-11 15:23","QuorumPeerMainTest.java","100805","108389","209194"
"2019-10-10 14:37","StandaloneDisabledTest.java","224255","259018","483273"
"2018-05-21 20:11","StandaloneDisabledTest.java","4787","11764","16551"
"2019-06-03 19:40","StandaloneDisabledTest.java","224254","240595","464849"
"2019-08-17 17:13","StandaloneDisabledTest.java","224255","255265","479520"
"2019-08-17 17:13","Leader.java","177304","256650","433954"
"2019-06-29 00:33","Leader.java","177304","244637","421941"
"2019-06-03 19:40","Leader.java","177304","241981","419285"
"2014-05-20 23:42","Leader.java","14225","41415","55640"
"2019-07-15 14:15","Leader.java","177304","252069","429373"
"2015-03-17 18:06","Leader.java","15590","55017","70607"
"2019-07-25 21:41","Leader.java","177304","253133","430437"
"2018-05-10 06:00","Leader.java","26199","81519","107718"
"2018-07-12 01:33","Leader.java","34067","90320","124387"
"2018-02-07 01:05","Leader.java","25936","79122","105058"
"2017-11-28 00:10","Leader.java","25556","77887","103443"
"2019-06-05 00:33","Leader.java","177304","242371","419675"
"2015-04-10 22:22","Leader.java","15619","56114","71733"
"2019-08-03 08:42","Leader.java","177304","257358","434662"
"2019-06-05 23:57","Leader.java","177304","242640","419944"
"2012-12-08 00:38","Leader.java","4318","12388","16706"
"2013-10-07 21:08","Leader.java","7073","24592","31665"
"2012-12-31 02:38","Leader.java","5161","15352","20513"
"2017-01-13 19:29","Leader.java","21448","72262","93710"
"2012-07-05 18:01","Leader.java","3244","6388","9632"
"2019-01-07 14:55","Leader.java","177226","231463","408689"
"2019-04-12 19:01","Leader.java","177304","238457","415761"
"2018-12-09 03:16","Leader.java","177225","229229","406454"
"2018-08-17 14:40","Leader.java","86509","145058","231567"
"2019-11-29 14:49","Leader.java","178612","264515","443127"
"2013-03-07 07:01","Leader.java","6411","21114","27525"
"2018-11-27 10:02","Leader.java","177225","226905","404130"
"2015-02-06 06:17","Leader.java","15432","53637","69069"
"2012-02-27 03:41","Leader.java","592","1372","1964"
"2017-02-15 23:04","Leader.java","23434","71292","94726"
"2014-07-18 02:19","Leader.java","14970","48424","63394"
"2018-08-29 06:26","Leader.java","104101","162858","266959"
"2018-08-03 18:52","Leader.java","44289","102040","146329"
"2013-05-14 14:27","Leader.java","6457","21285","27742"
"2012-02-06 09:40","Leader.java","203","742","945"
"2017-09-11 18:55","Leader.java","25241","73715","98956"
"2018-09-18 01:00","Leader.java","109295","170622","279917"
"2012-03-15 17:47","Leader.java","645","2404","3049"
"2016-12-20 14:47","Leader.java","21420","71392","92812"
"2014-07-20 04:50","Leader.java","15036","49011","64047"
"2014-06-10 00:19","Leader.java","14237","42361","56598"
"2016-06-23 23:25","Leader.java","20074","64982","85056"
"2016-06-23 23:45","Leader.java","20073","65089","85162"
"2020-03-25 03:38","Leader.java","178612","270743","449355"
"2014-03-23 04:12","Leader.java","7817","31890","39707"
"2019-12-27 22:33","Leader.java","178612","266636","445248"
"2016-08-13 15:01","Leader.java","20371","66082","86453"
"2013-10-21 23:36","Leader.java","7302","27563","34865"
"2019-10-10 14:37","Leader.java","177304","260403","437707"
"2013-11-07 06:41","Leader.java","7374","28066","35440"
"2020-02-16 10:25","QuorumPeerMainMultiAddressTest.java","4029","8112","12141"
"2019-08-17 17:13","Leader.java","177207","256650","433857"
"2019-06-29 00:33","Leader.java","177207","244637","421844"
"2019-06-03 19:40","Leader.java","177207","241981","419188"
"2014-05-20 23:42","Leader.java","14225","41512","55737"
"2019-07-15 14:15","Leader.java","177207","252069","429276"
"2015-03-17 18:06","Leader.java","15588","55112","70700"
"2019-07-25 21:41","Leader.java","177207","253133","430340"
"2018-05-10 06:00","Leader.java","26192","81609","107801"
"2018-07-12 01:33","Leader.java","34060","90410","124470"
"2018-02-07 01:05","Leader.java","25929","79212","105141"
"2017-11-28 00:10","Leader.java","25549","77977","103526"
"2019-06-05 00:33","Leader.java","177207","242371","419578"
"2015-04-10 22:22","Leader.java","15617","56209","71826"
"2019-08-03 08:42","Leader.java","177207","257358","434565"
"2019-06-05 23:57","Leader.java","177207","242640","419847"
"2012-12-08 00:38","Leader.java","4320","12487","16807"
"2013-10-07 21:08","Leader.java","7074","24690","31764"
"2012-12-31 02:38","Leader.java","5163","15451","20614"
"2017-01-13 19:29","Leader.java","21443","72354","93797"
"2012-07-05 18:01","Leader.java","3247","6488","9735"
"2019-01-07 14:55","Leader.java","177129","231463","408592"
"2019-04-12 19:01","Leader.java","177207","238457","415664"
"2018-12-09 03:16","Leader.java","177128","229229","406357"
"2018-08-17 14:40","Leader.java","86502","145148","231650"
"2019-11-29 14:49","Leader.java","178515","264515","443030"
"2013-03-07 07:01","Leader.java","6412","21212","27624"
"2018-11-27 10:02","Leader.java","177128","226905","404033"
"2015-02-06 06:17","Leader.java","15430","53732","69162"
"2012-02-27 03:41","Leader.java","595","1472","2067"
"2017-02-15 23:04","Leader.java","23427","71382","94809"
"2014-07-18 02:19","Leader.java","14970","48521","63491"
"2018-08-29 06:26","Leader.java","104094","162948","267042"
"2018-08-03 18:52","Leader.java","44282","102130","146412"
"2013-05-14 14:27","Leader.java","6458","21383","27841"
"2012-02-06 09:40","Leader.java","209","845","1054"
"2017-09-11 18:55","Leader.java","25234","73805","99039"
"2018-09-18 01:00","Leader.java","109288","170712","280000"
"2012-01-14 00:28","Leader.java","6","103","109"
"2012-03-15 17:47","Leader.java","648","2504","3152"
"2016-12-20 14:47","Leader.java","21415","71484","92899"
"2014-07-20 04:50","Leader.java","15036","49108","64144"
"2014-06-10 00:19","Leader.java","14237","42458","56695"
"2016-06-23 23:25","Leader.java","20069","65074","85143"
"2016-06-23 23:45","Leader.java","20068","65181","85249"
"2020-03-25 03:38","Leader.java","178515","270743","449258"
"2014-03-23 04:12","Leader.java","7818","31988","39806"
"2019-12-27 22:33","Leader.java","178515","266636","445151"
"2016-08-13 15:01","Leader.java","20366","66174","86540"
"2013-10-21 23:36","Leader.java","7303","27661","34964"
"2019-10-10 14:37","Leader.java","177207","260403","437610"
"2013-11-07 06:41","Leader.java","7375","28164","35539"
"2019-08-17 17:13","ReconfigLegacyTest.java","223360","255310","478670"
"2019-06-03 19:40","ReconfigLegacyTest.java","223359","240640","463999"
"2016-11-13 20:59","ReconfigLegacyTest.java","247","1916","2163"
"2019-06-03 19:40","DigestAuthenticationProvider.java","157928","242364","400292"
"2019-08-17 17:13","DigestAuthenticationProvider.java","157928","257033","414961"
"2019-11-11 13:59","DigestAuthenticationProvider.java","157928","264443","422371"
"2010-08-18 08:24","DigestAuthenticationProvider.java","15185","44718","59903"
"2017-09-11 18:55","QuorumBase.java","36110","129568","165678"
"2012-04-23 01:20","QuorumBase.java","27913","75762","103675"
"2019-07-12 17:01","QuorumBase.java","144483","252797","397280"
"2012-12-11 08:42","QuorumBase.java","28618","81646","110264"
"2019-08-17 17:13","QuorumBase.java","144483","257484","401967"
"2019-08-01 07:31","QuorumBase.java","144483","258155","402638"
"2009-11-18 20:06","QuorumBase.java","2924","12927","15851"
"2018-08-08 06:21","QuorumBase.java","69865","173070","242935"
"2009-11-07 01:48","QuorumBase.java","1902","4287","6189"
"2009-12-15 23:23","QuorumBase.java","3783","14364","18147"
"2009-11-20 23:28","QuorumBase.java","3474","13756","17230"
"2019-10-10 14:37","QuorumBase.java","144483","261237","405720"
"2010-03-13 01:06","QuorumBase.java","12532","36247","48779"
"2020-03-25 03:38","QuorumBase.java","145129","270915","416044"
"2014-07-18 19:46","QuorumBase.java","31849","110514","142363"
"2010-07-23 06:22","QuorumBase.java","16669","54198","70867"
"2011-05-20 01:17","QuorumBase.java","22553","57846","80399"
"2010-05-05 22:32","QuorumBase.java","16387","40121","56508"
"2010-08-18 08:24","QuorumBase.java","17497","60926","78423"
"2013-10-09 22:21","QuorumBase.java","29768","94650","124418"
"2010-03-31 06:26","QuorumBase.java","14071","38033","52104"
"2014-06-25 19:25","QuorumBase.java","31437","105106","136543"
"2011-04-12 09:14","QuorumBase.java","22489","56963","79452"
"2015-12-06 21:37","ZooKeeperServerBean.java","17291","157637","174928"
"2015-12-07 06:26","ZooKeeperServerBean.java","17291","157963","175254"
"2020-03-25 03:38","ZooKeeperServerBean.java","90558","270947","361505"
"2010-03-12 19:26","ZooKeeperServerBean.java","8786","87093","95879"
"2019-11-14 03:54","ZooKeeperServerBean.java","90102","265715","355817"
"2019-09-16 23:26","ZooKeeperServerBean.java","90102","260725","350827"
"2018-06-08 16:52","ZooKeeperServerBean.java","20133","172422","192555"
"2020-04-30 18:53","ZooKeeperServerBean.java","90558","271847","362405"
"2019-01-23 14:00","ZooKeeperServerBean.java","90075","234406","324481"
"2019-07-08 23:26","ZooKeeperServerBean.java","90102","246482","336584"
"2015-07-10 08:19","ZooKeeperServerBean.java","17214","156160","173374"
"2017-04-28 07:14","ZooKeeperServerBean.java","19665","164926","184591"
"2019-01-14 19:38","ZooKeeperServerBean.java","90075","232971","323046"
"2012-02-11 00:34","ZooKeeperServerBean.java","14094","111324","125418"
"2019-01-07 14:39","ZooKeeperServerBean.java","90075","232518","322593"
"2015-03-17 18:06","ZooKeeperServerBean.java","17144","153076","170220"
"2019-08-17 17:13","ZooKeeperServerBean.java","90102","257706","347808"
"2018-02-07 01:05","ZooKeeperServerBean.java","20075","169766","189841"
"2018-07-12 01:33","ZooKeeperServerBean.java","26353","179111","205464"
"2019-05-22 11:39","ZooKeeperServerBean.java","90103","242907","333010"
"2019-07-30 02:31","ZooKeeperServerBean.java","90102","255627","345729"
"2020-03-26 18:41","ZooKeeperMain.java","132387","270927","403314"
"2016-10-16 14:21","ZooKeeperMain.java","31778","134191","165969"
"2011-05-20 01:17","ZooKeeperMain.java","22764","70808","93572"
"2011-04-12 09:14","ZooKeeperMain.java","22718","69943","92661"
"2020-04-01 17:02","ZooKeeperMain.java","132387","271251","403638"
"2013-10-01 23:18","ZooKeeperMain.java","27602","100273","127875"
"2019-10-10 14:37","ZooKeeperMain.java","131748","261253","393001"
"2015-11-22 00:33","ZooKeeperMain.java","29927","129267","159194"
"2020-03-26 22:19","ZooKeeperMain.java","132387","270996","403383"
"2011-08-18 22:05","ZooKeeperMain.java","21230","74187","95417"
"2011-05-16 19:39","ZooKeeperMain.java","22762","70378","93140"
"2015-11-08 22:54","ZooKeeperMain.java","29892","128939","158831"
"2016-07-27 01:33","ZooKeeperMain.java","31451","132316","163767"
"2014-04-04 00:39","ZooKeeperMain.java","28022","108512","136534"
"2019-11-28 12:24","ZooKeeperMain.java","132387","263045","395432"
"2016-11-13 20:59","ZooKeeperMain.java","31789","136407","168196"
"2019-08-03 08:42","ZooKeeperMain.java","131748","258208","389956"
"2012-03-18 07:03","ZooKeeperMain.java","26237","83506","109743"
"2017-07-28 00:36","ZooKeeperMain.java","33171","136635","169806"
"2016-05-02 18:15","ZooKeeperMain.java","31416","131015","162431"
"2015-03-28 20:08","ZooKeeperMain.java","29726","125695","155421"
"2019-08-17 17:13","ZooKeeperMain.java","131748","257500","389248"
"2009-06-10 01:03","ZooKeeperMain.java","715","1836","2551"
"2009-07-31 22:32","ZooKeeperMain.java","3927","14307","18234"
"2013-09-02 23:04","ZooKeeperMain.java","27485","99396","126881"
"2018-08-06 14:11","ZooKeeperMain.java","44897","158307","203204"
"2010-11-10 23:36","ZooKeeperMain.java","18734","105957","124691"
"2018-10-16 16:22","QuorumPeerConfig.java","136149","237110","373259"
"2012-04-23 01:20","QuorumPeerConfig.java","27607","53690","81297"
"2018-12-09 03:16","QuorumPeerConfig.java","166930","229615","396545"
"2019-04-12 19:01","QuorumPeerConfig.java","166989","238823","405812"
"2018-09-11 15:23","QuorumPeerConfig.java","103556","186846","290402"
"2013-03-07 07:01","QuorumPeerConfig.java","29341","67262","96603"
"2018-12-15 07:34","QuorumPeerConfig.java","166930","229530","396460"
"2019-02-13 13:12","QuorumPeerConfig.java","166943","235916","402859"
"2019-08-17 17:13","QuorumPeerConfig.java","166988","257015","424003"
"2015-03-17 18:06","QuorumPeerConfig.java","36797","99442","136239"
"2014-01-21 04:50","QuorumPeerConfig.java","29968","75039","105007"
"2012-12-16 07:43","QuorumPeerConfig.java","28628","60155","88783"
"2017-11-28 00:10","QuorumPeerConfig.java","41737","117286","159023"
"2019-06-05 00:29","QuorumPeerConfig.java","166988","242682","409670"
"2014-09-17 07:34","QuorumPeerConfig.java","36637","95829","132466"
"2020-01-09 11:27","QuorumPeerConfig.java","168035","266165","434200"
"2019-07-12 17:01","QuorumPeerConfig.java","166988","252328","419316"
"2016-11-13 20:59","QuorumPeerConfig.java","39236","111519","150755"
"2019-05-15 11:56","QuorumPeerConfig.java","166989","241770","408759"
"2014-08-19 22:50","QuorumPeerConfig.java","36637","94743","131380"
"2018-10-01 06:11","QuorumPeerConfig.java","103757","190881","294638"
"2017-07-28 00:36","QuorumPeerConfig.java","41468","112597","154065"
"2013-09-30 22:20","QuorumPeerConfig.java","29583","69889","99472"
"2017-07-06 18:48","QuorumPeerConfig.java","41451","113462","154913"
"2013-09-26 00:13","QuorumPeerConfig.java","29567","69629","99196"
"2020-01-23 13:43","QuorumPeerConfig.java","168035","267989","436024"
"2011-04-06 18:17","QuorumPeerConfig.java","19031","30367","49398"
"2010-03-12 19:26","QuorumPeerConfig.java","174","904","1078"
"2014-05-17 13:23","QuorumPeerConfig.java","35898","85864","121762"
"2014-07-04 04:19","QuorumPeerConfig.java","36055","88570","124625"
"2011-09-17 02:42","QuorumPeerConfig.java","22296","45237","67533"
"2016-06-23 19:42","QuorumPeerConfig.java","38771","106622","145393"
"2015-09-06 20:02","QuorumPeerConfig.java","37069","103226","140295"
"2015-09-29 03:56","QuorumPeerConfig.java","37101","103439","140540"
"2019-10-10 14:37","QuorumPeerConfig.java","166988","260768","427756"
"2018-07-27 12:32","QuorumPeerConfig.java","58627","139090","197717"
"2019-04-18 19:17","QuorumPeerConfig.java","166989","239533","406522"
"2016-11-03 16:07","QuorumPeerConfig.java","39222","109836","149058"
"2011-04-12 09:14","QuorumPeerConfig.java","19746","31246","50992"
"2014-03-25 22:13","QuorumPeerConfig.java","30140","77667","107807"
"2011-09-02 22:50","QuorumPeerConfig.java","19333","43884","63217"
"2013-10-09 22:21","QuorumPeerConfig.java","29872","72988","102860"
"2014-08-01 07:38","QuorumPeerConfig.java","36610","94181","130791"
"2014-08-14 08:08","QuorumPeerConfig.java","36610","94602","131212"
"2020-02-16 10:25","QuorumPeerConfig.java","168035","268702","436737"
"2020-05-14 18:18","QuorumPeerConfig.java","168037","271929","439966"
"2017-05-11 16:59","QuorumPeerConfig.java","41392","112536","153928"
"2020-05-17 15:13","RemoveWatchesTest.java","201810","271665","473475"
"2014-04-17 08:47","RemoveWatchesTest.java","7671","10230","17901"
"2014-04-29 02:23","RemoveWatchesTest.java","7729","10994","18723"
"2019-09-18 11:20","RemoveWatchesTest.java","200382","259204","459586"
"2015-07-07 07:11","RemoveWatchesTest.java","12679","31537","44216"
"2019-10-10 14:37","RemoveWatchesTest.java","200382","260045","460427"
"2019-06-03 19:40","RemoveWatchesTest.java","200382","241623","442005"
"2016-05-02 18:15","RemoveWatchesTest.java","16189","36799","52988"
"2019-08-17 17:13","RemoveWatchesTest.java","200382","256292","456674"
"2015-05-05 04:38","RemoveWatchesTest.java","10848","28081","38929"
"2011-07-01 00:53","PrepRequestProcessor.java","22212","58946","81158"
"2015-02-06 06:17","PrepRequestProcessor.java","31283","112087","143370"
"2012-02-06 10:39","PrepRequestProcessor.java","25440","68585","94025"
"2013-03-07 07:01","PrepRequestProcessor.java","28486","85788","114274"
"2019-02-07 11:26","PrepRequestProcessor.java","146522","235470","381992"
"2019-09-11 10:27","PrepRequestProcessor.java","146571","258543","405114"
"2018-07-19 05:59","PrepRequestProcessor.java","47617","146957","194574"
"2017-09-11 18:55","PrepRequestProcessor.java","35476","126549","162025"
"2019-01-16 14:21","PrepRequestProcessor.java","146521","233117","379638"
"2017-06-01 05:45","PrepRequestProcessor.java","35281","125890","161171"
"2012-04-14 02:32","PrepRequestProcessor.java","26710","71419","98129"
"2019-11-08 17:30","PrepRequestProcessor.java","146571","262801","409372"
"2016-11-13 20:59","PrepRequestProcessor.java","33693","125357","159050"
"2019-04-09 15:35","PrepRequestProcessor.java","146534","238007","384541"
"2019-04-17 14:16","PrepRequestProcessor.java","146571","239259","385830"
"2014-10-28 05:35","PrepRequestProcessor.java","31216","110081","141297"
"2019-05-10 12:22","PrepRequestProcessor.java","146571","241694","388265"
"2017-06-26 00:16","PrepRequestProcessor.java","35322","126209","161531"
"2019-02-07 11:22","PrepRequestProcessor.java","146522","235132","381654"
"2016-11-16 06:21","PrepRequestProcessor.java","33706","125917","159623"
"2019-08-01 07:31","PrepRequestProcessor.java","146571","257858","404429"
"2019-06-26 10:57","PrepRequestProcessor.java","146571","245037","391608"
"2009-11-12 23:48","PrepRequestProcessor.java","874","6079","6953"
"2014-01-24 07:18","PrepRequestProcessor.java","29100","95135","124235"
"2015-05-29 19:45","PrepRequestProcessor.java","31451","115046","146497"
"2016-10-07 21:51","PrepRequestProcessor.java","33678","123089","156767"
"2015-06-04 19:51","PrepRequestProcessor.java","31521","115881","147402"
"2019-08-17 17:13","PrepRequestProcessor.java","146571","257187","403758"
"2018-08-08 06:21","PrepRequestProcessor.java","69923","170743","240666"
"2018-05-09 23:57","PrepRequestProcessor.java","35730","133364","169094"
"2015-06-11 20:09","PrepRequestProcessor.java","31531","116017","147548"
"2019-12-27 22:33","PrepRequestProcessor.java","147510","266804","414314"
"2009-12-18 03:19","PrepRequestProcessor.java","2615","11085","13700"
"2009-12-11 21:24","PrepRequestProcessor.java","1744","9761","11505"
"2014-04-01 01:47","PrepRequestProcessor.java","29372","96670","126042"
"2019-10-10 14:37","PrepRequestProcessor.java","146571","260940","407511"
"2020-03-25 03:38","PrepRequestProcessor.java","147510","270911","418421"
"2010-01-25 04:28","PrepRequestProcessor.java","3016","14527","17543"
"2011-08-15 02:35","PrepRequestProcessor.java","20293","60235","80528"
"2014-07-25 01:31","PrepRequestProcessor.java","31160","107949","139109"
"2013-10-09 22:21","PrepRequestProcessor.java","28993","91490","120483"
"2010-08-18 08:24","PrepRequestProcessor.java","16189","57233","73422"
"2011-09-17 02:36","PrepRequestProcessor.java","23147","65316","88463"
"2014-04-29 02:23","PrepRequestProcessor.java","30505","99805","130310"
"2015-03-08 23:07","PrepRequestProcessor.java","31309","112287","143596"
"2014-07-22 06:51","PrepRequestProcessor.java","31114","107714","138828"
"2012-03-15 17:47","PrepRequestProcessor.java","25471","69829","95300"
"2011-04-12 09:14","PrepRequestProcessor.java","21324","53413","74737"
"2011-11-01 15:41","PrepRequestProcessor.java","24953","65914","90867"
"2011-10-28 00:58","PrepRequestProcessor.java","24898","65697","90595"
"2011-10-20 20:02","PrepRequestProcessor.java","24751","65331","90082"
"2011-10-17 16:59","PrepRequestProcessor.java","23208","65196","88404"
"2018-06-15 07:41","PrepRequestProcessor.java","35749","134135","169884"
"2012-12-19 19:16","PrepRequestProcessor.java","28121","80867","108988"
"2011-11-14 20:18","PrepRequestProcessor.java","24942","66538","91480"
"2019-08-17 17:13","MiniKdcTest.java","228064","255079","483143"
"2019-08-17 17:13","LearnerHandlerTest.java","26689","38695","65384"
"2019-09-18 11:20","ReconfigTest.java","31442","49852","81294"
"2019-08-17 17:13","ReconfigTest.java","29686","45184","74870"
"2019-11-29 14:49","ReconfigTest.java","37829","59884","97713"
"2016-09-09 00:10","LoadFromLogTest.java","17192","39652","56844"
"2019-10-10 14:37","LoadFromLogTest.java","200520","260045","460565"
"2019-08-17 17:13","LoadFromLogTest.java","200520","256292","456812"
"2019-06-07 14:13","LoadFromLogTest.java","200520","242396","442916"
"2017-12-06 23:14","LoadFromLogTest.java","23956","52644","76600"
"2019-04-10 13:19","SnapshotFormatter.java","1184","6930","8114"
"2019-08-06 12:57","SnapshotFormatter.java","8741","34297","43038"
"2019-08-17 17:13","SnapshotFormatter.java","29928","54406","84334"
"2019-12-27 22:33","SnapshotFormatter.java","37584","70740","108324"
"2019-11-28 12:24","SnapshotFormatter.java","37199","66583","103782"
"2019-12-28 16:17","CreateContainerTest.java","1149","4926","6075"
"2018-09-15 00:08","ZooKeeperServer.java","107771","122734","230505"
"2019-04-12 19:01","ZooKeeperServer.java","222233","237675","459908"
"2019-07-31 19:06","ZooKeeperServer.java","222252","255194","477446"
"2019-09-11 10:27","ZooKeeperServer.java","222252","257243","479495"
"2019-01-14 19:38","ZooKeeperServer.java","222133","231060","453193"
"2019-01-07 15:34","ZooKeeperServer.java","222133","230661","452794"
"2018-11-21 17:56","ZooKeeperServer.java","222131","223856","445987"
"2017-04-28 07:14","ZooKeeperServer.java","5525","8570","14095"
"2017-02-12 00:12","ZooKeeperServer.java","5367","7513","12880"
"2019-02-13 13:12","ZooKeeperServer.java","222155","234736","456891"
"2016-11-24 17:18","ZooKeeperServer.java","1567","5489","7056"
"2018-07-19 05:59","ZooKeeperServer.java","30454","41484","71938"
"2018-09-18 01:00","ZooKeeperServer.java","107878","123494","231372"
"2019-03-04 08:07","ZooKeeperServer.java","222156","235314","457470"
"2019-07-08 23:26","ZooKeeperServer.java","222251","244662","466913"
"2019-01-23 14:00","ZooKeeperServer.java","222134","232496","454630"
"2019-02-13 13:19","ZooKeeperServer.java","222155","235022","457177"
"2019-05-14 17:11","ZooKeeperServer.java","222233","240535","462768"
"2019-06-04 10:55","ZooKeeperServer.java","222251","241370","463621"
"2019-04-09 15:35","ZooKeeperServer.java","222158","236650","458808"
"2019-08-03 08:42","ZooKeeperServer.java","222252","256595","478847"
"2019-05-15 11:56","ZooKeeperServer.java","222233","240622","462855"
"2019-05-22 11:39","ZooKeeperServer.java","222234","241069","463303"
"2019-04-22 19:15","ZooKeeperServer.java","222233","238650","460883"
"2018-02-23 23:49","ZooKeeperServer.java","9613","17432","27045"
"2016-11-16 06:21","ZooKeeperServer.java","987","4888","5875"
"2017-08-18 06:32","ZooKeeperServer.java","8401","10986","19387"
"2017-06-26 00:16","ZooKeeperServer.java","6759","9336","16095"
"2019-09-10 04:26","ZooKeeperServer.java","222252","256932","479184"
"2019-08-17 17:13","ZooKeeperServer.java","222252","255887","478139"
"2019-09-05 23:12","ZooKeeperServer.java","222252","256806","479058"
"2019-09-10 15:21","ZooKeeperServer.java","222252","256930","479182"
"2019-08-01 07:31","ZooKeeperServer.java","222252","256558","478810"
"2019-08-01 07:28","ZooKeeperServer.java","222252","256068","478320"
"2019-06-03 19:40","ZooKeeperServer.java","222251","241217","463468"
"2019-11-23 17:08","ZooKeeperServer.java","223830","262166","485996"
"2019-10-09 16:49","ZooKeeperServer.java","222252","259473","481725"
"2019-07-03 00:44","ZooKeeperServer.java","222251","243899","466150"
"2018-01-19 01:12","ZooKeeperServer.java","9529","16306","25835"
"2019-07-24 18:00","ZooKeeperServer.java","222252","252342","474594"
"2018-08-08 06:21","ZooKeeperServer.java","78356","90866","169222"
"2018-05-09 23:57","ZooKeeperServer.java","9859","19183","29042"
"2019-12-27 22:33","ZooKeeperServer.java","223831","266144","489975"
"2018-09-11 00:17","ZooKeeperServer.java","107748","121162","228910"
"2019-11-18 09:05","ZooKeeperServer.java","223830","260609","484439"
"2019-10-10 14:37","ZooKeeperServer.java","222252","259640","481892"
"2019-09-16 23:26","ZooKeeperServer.java","222252","258906","481158"
"2017-06-23 18:39","ZooKeeperServer.java","6665","9262","15927"
"2019-12-03 10:01","ZooKeeperServer.java","223830","264068","487898"
"2020-03-25 03:38","ZooKeeperServer.java","223832","270252","494084"
"2019-11-28 12:24","ZooKeeperServer.java","223830","262371","486201"
"2019-11-06 15:21","ZooKeeperServer.java","222300","259904","482204"
"2020-04-12 11:14","ZooKeeperServer.java","223832","271005","494837"
"2018-06-08 16:52","ZooKeeperServer.java","10070","20143","30213"
"2018-06-15 07:41","ZooKeeperServer.java","10078","20154","30232"
"2018-07-28 04:37","ZooKeeperServer.java","30586","42192","72778"
"2019-04-18 19:17","ZooKeeperServer.java","222233","238385","460618"
"2019-08-17 17:13","QuorumBeanTest.java","109882","111485","221367"
"2020-02-16 10:25","QuorumPeerConfig.java","1796","2509","4305"
"2020-05-14 18:18","QuorumPeerConfig.java","6084","10022","16106"
"2019-10-10 14:37","FLERestartTest.java","3717","7470","11187"
"2018-09-15 00:08","ZooKeeperServer.java","36","1585","1621"
"2019-04-12 19:01","ZooKeeperServer.java","152061","154089","306150"
"2019-07-31 19:06","ZooKeeperServer.java","153978","173506","327484"
"2019-09-11 10:27","ZooKeeperServer.java","154998","176575","331573"
"2019-01-14 19:38","ZooKeeperServer.java","151716","147229","298945"
"2019-01-07 15:34","ZooKeeperServer.java","151716","146830","298546"
"2018-11-21 17:56","ZooKeeperServer.java","145434","133745","279179"
"2019-02-13 13:12","ZooKeeperServer.java","151869","151036","302905"
"2018-09-18 01:00","ZooKeeperServer.java","157","2359","2516"
"2019-03-04 08:07","ZooKeeperServer.java","151874","151618","303492"
"2019-07-08 23:26","ZooKeeperServer.java","153341","162338","315679"
"2019-01-23 14:00","ZooKeeperServer.java","151774","148722","300496"
"2019-02-13 13:19","ZooKeeperServer.java","151869","151322","303191"
"2019-05-14 17:11","ZooKeeperServer.java","152085","156973","309058"
"2019-06-04 10:55","ZooKeeperServer.java","152108","157813","309921"
"2019-04-09 15:35","ZooKeeperServer.java","151982","153060","305042"
"2019-08-03 08:42","ZooKeeperServer.java","153991","174920","328911"
"2019-05-15 11:56","ZooKeeperServer.java","152085","157060","309145"
"2019-05-22 11:39","ZooKeeperServer.java","152088","157509","309597"
"2019-04-22 19:15","ZooKeeperServer.java","152061","155064","307125"
"2019-09-10 04:26","ZooKeeperServer.java","154994","176260","331254"
"2019-08-17 17:13","ZooKeeperServer.java","154012","174233","328245"
"2019-09-05 23:12","ZooKeeperServer.java","154994","176134","331128"
"2019-09-10 15:21","ZooKeeperServer.java","154994","176258","331252"
"2019-08-01 07:31","ZooKeeperServer.java","153978","174870","328848"
"2019-08-01 07:28","ZooKeeperServer.java","153978","174380","328358"
"2019-06-03 19:40","ZooKeeperServer.java","152108","157660","309768"
"2019-11-23 17:08","ZooKeeperServer.java","157190","182112","339302"
"2019-10-09 16:49","ZooKeeperServer.java","155001","178808","333809"
"2019-07-03 00:44","ZooKeeperServer.java","153341","161575","314916"
"2019-07-24 18:00","ZooKeeperServer.java","153344","170020","323364"
"2019-12-27 22:33","ZooKeeperServer.java","157203","186102","343305"
"2019-11-18 09:05","ZooKeeperServer.java","156994","180359","337353"
"2019-10-10 14:37","ZooKeeperServer.java","155014","178988","334002"
"2019-09-16 23:26","ZooKeeperServer.java","154998","178238","333236"
"2019-12-03 10:01","ZooKeeperServer.java","157190","184014","341204"
"2020-03-25 03:38","ZooKeeperServer.java","157344","190350","347694"
"2019-11-28 12:24","ZooKeeperServer.java","157190","182317","339507"
"2019-11-06 15:21","ZooKeeperServer.java","155068","179258","334326"
"2020-04-12 11:14","ZooKeeperServer.java","157589","191348","348937"
"2019-04-18 19:17","ZooKeeperServer.java","152061","154799","306860"
"2015-05-14 07:10","CnxManagerTest.java","62494","77633","140127"
"2020-03-12 14:47","CnxManagerTest.java","216902","270001","486903"
"2019-08-17 17:13","CnxManagerTest.java","215829","256985","472814"
"2019-06-03 19:40","CnxManagerTest.java","215829","242316","458145"
"2017-11-28 00:10","CnxManagerTest.java","68935","95695","164630"
"2019-07-12 17:01","CnxManagerTest.java","215829","252298","468127"
"2019-05-08 21:54","CnxManagerTest.java","215830","241488","457318"
"2019-08-06 12:52","CnxManagerTest.java","215829","257958","473787"
"2019-06-14 09:06","CnxManagerTest.java","215829","244983","460812"
"2013-03-07 07:01","CnxManagerTest.java","54424","43556","97980"
"2019-11-29 14:49","CnxManagerTest.java","216902","264615","481517"
"2011-04-29 18:12","CnxManagerTest.java","42856","5820","48676"
"2015-02-06 06:17","CnxManagerTest.java","62248","74882","137130"
"2010-11-17 15:59","CnxManagerTest.java","2425","5032","7457"
"2017-09-11 18:55","CnxManagerTest.java","68823","91726","160549"
"2010-10-20 00:32","CnxManagerTest.java","1455","2948","4403"
"2011-03-16 19:49","CnxManagerTest.java","2812","6914","9726"
"2011-04-12 09:14","CnxManagerTest.java","42745","5374","48119"
"2011-09-17 02:13","CnxManagerTest.java","46581","20608","67189"
"2011-09-14 06:32","CnxManagerTest.java","43809","19807","63616"
"2020-02-16 10:25","CnxManagerTest.java","216902","268698","485600"
"2014-06-25 15:04","CnxManagerTest.java","61371","63951","125322"
"2015-11-03 08:11","CnxManagerTest.java","63581","81236","144817"
"2019-10-10 14:37","CnxManagerTest.java","215829","260738","476567"
"2014-07-23 19:36","CnxManagerTest.java","62018","70504","132522"
"2019-08-17 17:13","ClientPortBindTest.java","222020","255887","477907"
"2017-01-14 06:32","ClientPortBindTest.java","1562","6902","8464"
"2018-10-08 14:33","ClientPortBindTest.java","200438","229745","430183"
"2019-10-10 14:37","ClientPortBindTest.java","222020","259640","481660"
"2019-08-17 17:13","WatchCommand.java","226243","255276","481519"
"2019-08-17 17:13","CommandOutputter.java","210259","256151","466410"
"2018-05-10 00:14","QuorumPeerMainTest.java","57","688","745"
"2018-10-05 14:25","QuorumPeerMainTest.java","207681","217986","425667"
"2018-07-17 10:41","QuorumPeerMainTest.java","21568","23846","45414"
"2018-07-27 12:32","QuorumPeerMainTest.java","21704","24493","46197"
"2020-01-23 13:43","QuorumPeerMainTest.java","231896","266713","498609"
"2019-10-10 14:37","QuorumPeerMainTest.java","230033","258676","488709"
"2019-12-28 16:17","QuorumPeerMainTest.java","231895","265370","497265"
"2019-07-25 21:41","QuorumPeerMainTest.java","230032","251405","481437"
"2019-08-17 17:13","QuorumPeerMainTest.java","230032","254922","484954"
"2019-07-02 07:34","QuorumPeerMainTest.java","230031","242864","472895"
"2019-05-20 17:18","QuorumPeerMainTest.java","230014","239695","469709"
"2018-10-16 16:22","QuorumPeerMainTest.java","207686","230973","438659"
"2018-08-29 06:26","QuorumPeerMainTest.java","94835","99136","193971"
"2018-08-03 18:52","QuorumPeerMainTest.java","21876","25171","47047"
"2018-09-11 15:23","QuorumPeerMainTest.java","100559","106175","206734"
"2019-05-14 17:11","SyncRequestProcessor.java","146595","241854","388449"
"2010-03-14 05:01","SyncRequestProcessor.java","10890","32204","43094"
"2019-06-05 00:46","SyncRequestProcessor.java","146595","243047","389642"
"2019-05-22 11:39","SyncRequestProcessor.java","146595","242387","388982"
"2013-09-30 22:20","SyncRequestProcessor.java","28683","88346","117029"
"2019-06-03 19:40","SyncRequestProcessor.java","146595","242518","389113"
"2019-08-17 17:13","SyncRequestProcessor.java","146595","257187","403782"
"2019-10-10 14:37","SyncRequestProcessor.java","146595","260940","407535"
"2013-10-24 20:41","SyncRequestProcessor.java","28994","92171","121165"
"2020-01-07 20:39","SyncRequestProcessor.java","147534","267179","414713"
"2020-03-25 03:38","SyncRequestProcessor.java","147534","270911","418445"
"2010-08-18 08:24","SyncRequestProcessor.java","16158","57178","73336"
"2015-03-08 23:07","SyncRequestProcessor.java","31286","112240","143526"
"2011-04-12 09:14","SyncRequestProcessor.java","21293","53358","74651"
"2019-04-30 18:08","SyncRequestProcessor.java","146595","241023","387618"
"2019-08-17 17:13","ZooKeeperCriticalThread.java","215122","256089","471211"
"2018-08-06 14:11","ZooKeeperCriticalThread.java","36179","55657","91836"
"2019-04-12 19:01","ZooKeeperCriticalThread.java","215105","237879","452984"
"2020-02-16 10:25","QuorumSSLTest.java","115061","127304","242365"
"2019-11-29 14:49","QuorumSSLTest.java","113902","122062","235964"
"2018-12-15 07:34","QuorumSSLTest.java","87714","61890","149604"
"2019-08-17 17:13","QuorumSSLTest.java","109882","111485","221367"
"2017-05-27 00:52","GetCommand.java","6695","9371","16066"
"2019-08-17 17:13","GetCommand.java","221853","255887","477740"
"2019-01-31 15:55","GetCommand.java","221735","233428","455163"
"2019-10-10 14:37","QuorumPeerMain.java","223776","259018","482794"
"2020-01-23 13:43","QuorumPeerMain.java","225391","266807","492198"
"2019-11-28 12:24","QuorumPeerMain.java","225389","261784","487173"
"2020-02-16 10:25","QuorumPeerMain.java","225391","267520","492911"
"2019-04-18 19:17","QuorumPeerMain.java","223757","237763","461520"
"2019-11-11 13:59","QuorumPeerMain.java","223824","262723","486547"
"2019-04-12 19:01","QuorumPeerMain.java","223757","237053","460810"
"2018-09-11 15:23","QuorumPeerMain.java","103865","116080","219945"
"2018-08-06 14:11","QuorumPeerMain.java","25930","35930","61860"
"2017-07-28 00:36","QuorumPeerMain.java","2983","3037","6020"
"2019-08-17 17:13","QuorumPeerMain.java","223776","255265","479041"
"2017-11-28 00:10","QuorumPeerMain.java","3767","8241","12008"
"2014-06-25 15:04","FastLeaderElection.java","19250","155632","174882"
"2018-12-06 10:56","FastLeaderElection.java","73685","228210","301895"
"2014-07-08 05:25","FastLeaderElection.java","19382","157400","176782"
"2014-07-18 20:48","FastLeaderElection.java","19358","161502","180860"
"2010-03-13 01:06","FastLeaderElection.java","12843","107554","120397"
"2014-03-23 04:12","FastLeaderElection.java","17976","150280","168256"
"2019-10-10 14:37","FastLeaderElection.java","73713","261463","335176"
"2013-10-21 23:36","FastLeaderElection.java","17864","146356","164220"
"2009-08-04 19:59","FastLeaderElection.java","10565","79667","90232"
"2009-08-11 23:09","FastLeaderElection.java","10596","80804","91400"
"2009-12-15 23:23","FastLeaderElection.java","12326","93903","106229"
"2019-09-30 23:22","FastLeaderElection.java","73713","261090","334803"
"2011-04-12 09:14","FastLeaderElection.java","14609","120079","134688"
"2014-07-20 04:50","FastLeaderElection.java","19365","161571","180936"
"2009-04-24 20:26","FastLeaderElection.java","9491","49775","59266"
"2010-07-05 21:50","FastLeaderElection.java","13589","119401","132990"
"2020-04-07 09:07","FastLeaderElection.java","74166","271537","345703"
"2012-03-20 01:33","FastLeaderElection.java","16825","127046","143871"
"2008-12-12 21:21","FastLeaderElection.java","3915","20844","24759"
"2019-01-18 03:42","FastLeaderElection.java","73685","233707","307392"
"2012-02-06 09:40","FastLeaderElection.java","16640","125410","142050"
"2017-09-11 18:55","FastLeaderElection.java","20475","177180","197655"
"2013-03-07 07:01","FastLeaderElection.java","17760","140694","158454"
"2018-08-29 06:26","FastLeaderElection.java","44999","211987","256986"
"2011-04-29 18:12","FastLeaderElection.java","14627","120432","135059"
"2015-02-06 06:17","FastLeaderElection.java","19457","165893","185350"
"2018-04-30 06:34","FastLeaderElection.java","20561","183248","203809"
"2009-06-30 22:47","FastLeaderElection.java","10447","78811","89258"
"2019-08-17 17:13","FastLeaderElection.java","73713","257710","331423"
"2019-08-02 20:08","FastLeaderElection.java","73713","258491","332204"
"2012-08-03 00:17","FastLeaderElection.java","16876","129585","146461"
"2017-01-13 19:29","FastLeaderElection.java","20000","179045","199045"
"2009-04-17 00:59","FastLeaderElection.java","9401","41083","50484"
"2011-06-14 07:14","FastLeaderElection.java","14659","122079","136738"
"2019-08-03 08:42","FastLeaderElection.java","73713","258418","332131"
"2019-08-17 17:13","ReferenceCountedACLCache.java","229887","254922","484809"
"2019-10-09 16:38","ReferenceCountedACLCache.java","229888","258420","488308"
"2019-10-10 14:37","ReferenceCountedACLCache.java","229888","258676","488564"
"2019-07-29 17:15","BinaryInputArchive.java","185301","254059","439360"
"2019-09-26 08:55","BinaryInputArchive.java","185301","259783","445084"
"2015-03-25 08:38","BinaryInputArchive.java","13198","44487","57685"
"2019-08-17 17:13","Leader.java","178915","256502","435417"
"2019-06-29 00:33","Leader.java","178915","244489","423404"
"2019-06-03 19:40","Leader.java","178915","241833","420748"
"2014-05-20 23:42","Leader.java","13796","39227","53023"
"2019-07-15 14:15","Leader.java","178915","251921","430836"
"2015-03-17 18:06","Leader.java","15177","52845","68022"
"2019-07-25 21:41","Leader.java","178915","252985","431900"
"2018-05-10 06:00","Leader.java","25981","79542","105523"
"2018-07-12 01:33","Leader.java","33931","88425","122356"
"2018-02-07 01:05","Leader.java","25714","77141","102855"
"2017-11-28 00:10","Leader.java","25320","75892","101212"
"2019-06-05 00:33","Leader.java","178915","242223","421138"
"2015-04-10 22:22","Leader.java","15206","53942","69148"
"2019-08-03 08:42","Leader.java","178915","257210","436125"
"2019-06-05 23:57","Leader.java","178915","242492","421407"
"2012-12-08 00:38","Leader.java","3759","10070","13829"
"2013-10-07 21:08","Leader.java","6616","22376","28992"
"2012-12-31 02:38","Leader.java","4623","13055","17678"
"2017-01-13 19:29","Leader.java","21142","70197","91339"
"2012-07-05 18:01","Leader.java","2622","4007","6629"
"2019-01-07 14:55","Leader.java","178821","231299","410120"
"2019-04-12 19:01","Leader.java","178899","238293","417192"
"2018-12-09 03:16","Leader.java","178820","229065","407885"
"2018-08-17 14:40","Leader.java","86388","143178","229566"
"2019-11-29 14:49","Leader.java","180225","264369","444594"
"2013-03-07 07:01","Leader.java","5905","18849","24754"
"2018-11-27 10:02","Leader.java","178820","226741","405561"
"2015-02-06 06:17","Leader.java","15013","51459","66472"
"2017-02-15 23:04","Leader.java","23188","69287","92475"
"2014-07-18 02:19","Leader.java","14548","46243","60791"
"2018-08-29 06:26","Leader.java","103991","160989","264980"
"2018-08-03 18:52","Leader.java","44154","100146","144300"
"2013-05-14 14:27","Leader.java","5956","19025","24981"
"2017-09-11 18:55","Leader.java","25002","71717","96719"
"2018-09-18 01:00","Leader.java","109187","168755","277942"
"2016-12-20 14:47","Leader.java","21114","69327","90441"
"2014-07-20 04:50","Leader.java","14616","46832","61448"
"2014-06-10 00:19","Leader.java","13808","40173","53981"
"2016-06-23 23:25","Leader.java","19758","62907","82665"
"2016-06-23 23:45","Leader.java","19757","63014","82771"
"2020-03-25 03:38","Leader.java","180225","270597","450822"
"2014-03-23 04:12","Leader.java","7378","29692","37070"
"2019-12-27 22:33","Leader.java","180225","266490","446715"
"2016-08-13 15:01","Leader.java","20055","64007","84062"
"2013-10-21 23:36","Leader.java","6862","25364","32226"
"2019-10-10 14:37","Leader.java","178915","260255","439170"
"2013-11-07 06:41","Leader.java","6935","25868","32803"
"2019-08-17 17:13","LearnerZooKeeperServer.java","200804","256291","457095"
"2016-08-13 15:01","LearnerZooKeeperServer.java","16614","38466","55080"
"2015-03-08 23:07","LearnerZooKeeperServer.java","10403","24923","35326"
"2014-02-12 17:00","LearnerHandler.java","4758","25579","30337"
"2014-03-23 04:12","LearnerHandler.java","4936","26144","31080"
"2019-10-10 14:37","LearnerHandler.java","179987","260221","440208"
"2015-06-05 20:38","LearnerHandler.java","13707","52606","66313"
"2015-06-05 20:51","LearnerHandler.java","13707","52633","66340"
"2015-06-12 23:02","LearnerHandler.java","13722","52746","66468"
"2013-09-26 14:05","LearnerHandler.java","3931","18061","21992"
"2019-07-03 20:54","LearnerHandler.java","179987","244462","424449"
"2013-06-28 23:22","LearnerHandler.java","3839","17539","21378"
"2018-09-18 01:00","LearnerHandler.java","107709","166171","273880"
"2013-05-14 14:27","LearnerHandler.java","3456","15419","18875"
"2018-08-03 18:52","LearnerHandler.java","42669","97555","140224"
"2018-12-09 03:16","LearnerHandler.java","179892","229031","408923"
"2019-04-12 19:01","LearnerHandler.java","179971","238259","418230"
"2013-03-07 07:01","LearnerHandler.java","3398","15236","18634"
"2017-11-28 00:10","LearnerHandler.java","23821","73287","97108"
"2019-06-29 00:33","LearnerHandler.java","179987","244455","424442"
"2013-05-11 15:35","LearnerHandler.java","3413","15299","18712"
"2019-07-25 21:41","LearnerHandler.java","179987","252951","432938"
"2019-08-23 19:43","LearnerHandler.java","179987","257134","437121"
"2019-08-17 17:13","LearnerHandler.java","179987","256468","436455"
"2017-06-26 00:16","LearnerHandler.java","22828","68251","91079"
"2017-08-03 20:28","LearnerHandler.java","23300","68371","91671"
"2012-07-29 07:02","LearnerHandler.java","123","1526","1649"
"2019-05-06 17:48","LearnerHandler.java","179971","240765","420736"
"2019-08-03 08:42","LearnerHandler.java","179987","257176","437163"
"2019-04-22 19:15","LearnerHandler.java","179971","239234","419205"
"2019-11-23 17:08","ZooKeeperServer.java","253","1810","2063"
"2019-12-27 22:33","ZooKeeperServer.java","1099","6633","7732"
"2019-12-03 10:01","ZooKeeperServer.java","828","4287","5115"
"2020-03-25 03:38","ZooKeeperServer.java","4923","14564","19487"
"2019-11-28 12:24","ZooKeeperServer.java","316","2078","2394"
"2020-04-12 11:14","ZooKeeperServer.java","5613","16007","21620"
"2014-02-12 17:00","LearnerHandler.java","1437","8558","9995"
"2014-03-23 04:12","LearnerHandler.java","1650","9158","10808"
"2019-10-10 14:37","LearnerHandler.java","193596","260130","453726"
"2015-06-05 20:38","LearnerHandler.java","12201","37400","49601"
"2015-06-05 20:51","LearnerHandler.java","12201","37427","49628"
"2015-06-12 23:02","LearnerHandler.java","12216","37540","49756"
"2013-09-26 14:05","LearnerHandler.java","466","896","1362"
"2019-07-03 20:54","LearnerHandler.java","193596","244371","437967"
"2018-09-18 01:00","LearnerHandler.java","112006","156768","268774"
"2018-08-03 18:52","LearnerHandler.java","43208","84394","127602"
"2018-12-09 03:16","LearnerHandler.java","193496","228935","422431"
"2019-04-12 19:01","LearnerHandler.java","193580","238168","431748"
"2017-11-28 00:10","LearnerHandler.java","24002","59768","83770"
"2019-06-29 00:33","LearnerHandler.java","193596","244364","437960"
"2019-07-25 21:41","LearnerHandler.java","193596","252860","446456"
"2019-08-23 19:43","LearnerHandler.java","193596","257043","450639"
"2019-08-17 17:13","LearnerHandler.java","193596","256377","449973"
"2017-06-26 00:16","LearnerHandler.java","22417","54140","76557"
"2017-08-03 20:28","LearnerHandler.java","23447","54818","78265"
"2019-05-06 17:48","LearnerHandler.java","193580","240674","434254"
"2019-08-03 08:42","LearnerHandler.java","193596","257085","450681"
"2019-04-22 19:15","LearnerHandler.java","193580","239143","432723"
"2019-08-17 17:13","Leader.java","178405","256932","435337"
"2019-06-29 00:33","Leader.java","178405","244919","423324"
"2019-06-03 19:40","Leader.java","178405","242263","420668"
"2014-05-20 23:42","Leader.java","19997","59056","79053"
"2019-07-15 14:15","Leader.java","178405","252351","430756"
"2015-03-17 18:06","Leader.java","21101","72397","93498"
"2019-07-25 21:41","Leader.java","178405","253415","431820"
"2018-05-10 06:00","Leader.java","28308","95497","123805"
"2018-07-12 01:33","Leader.java","36016","104138","140154"
"2018-02-07 01:05","Leader.java","28142","93197","121339"
"2017-11-28 00:10","Leader.java","27966","92166","120132"
"2019-06-05 00:33","Leader.java","178405","242653","421058"
"2015-04-10 22:22","Leader.java","21115","73479","94594"
"2011-06-14 07:14","Leader.java","539","2489","3028"
"2019-08-03 08:42","Leader.java","178405","257640","436045"
"2019-06-05 23:57","Leader.java","178405","242922","421327"
"2012-12-08 00:38","Leader.java","11621","31560","43181"
"2013-10-07 21:08","Leader.java","13411","42799","56210"
"2012-12-31 02:38","Leader.java","12475","34535","47010"
"2017-01-13 19:29","Leader.java","25173","87856","113029"
"2012-07-05 18:01","Leader.java","10823","25836","36659"
"2019-01-07 14:55","Leader.java","178339","231757","410096"
"2019-04-12 19:01","Leader.java","178406","238740","417146"
"2018-12-09 03:16","Leader.java","178339","229524","407863"
"2018-08-17 14:40","Leader.java","86562","156980","243542"
"2019-11-29 14:49","Leader.java","179499","264583","444082"
"2013-03-07 07:01","Leader.java","12977","39549","52526"
"2018-11-27 10:02","Leader.java","178339","227200","405539"
"2015-02-06 06:17","Leader.java","20967","71041","92008"
"2012-02-27 03:41","Leader.java","8355","21004","29359"
"2017-02-15 23:04","Leader.java","26769","86496","113265"
"2014-07-18 02:19","Leader.java","20643","65966","86609"
"2012-01-04 01:15","Leader.java","7941","19712","27653"
"2011-12-28 01:26","Leader.java","7901","19519","27420"
"2018-08-29 06:26","Leader.java","102155","172781","274936"
"2018-08-03 18:52","Leader.java","45240","114860","160100"
"2011-04-29 18:12","Leader.java","118","453","571"
"2013-05-14 14:27","Leader.java","13007","39704","52711"
"2012-02-06 09:40","Leader.java","8013","20421","28434"
"2017-09-11 18:55","Leader.java","27844","88187","116031"
"2018-09-18 01:00","Leader.java","107222","180418","287640"
"2011-10-20 20:02","Leader.java","6751","16601","23352"
"2012-01-14 00:28","Leader.java","7946","19815","27761"
"2012-01-06 02:32","Leader.java","7942","19714","27656"
"2012-03-15 17:47","Leader.java","8385","22013","30398"
"2011-09-22 07:42","Leader.java","5058","16700","21758"
"2016-12-20 14:47","Leader.java","25147","86988","112135"
"2014-07-20 04:50","Leader.java","20700","66544","87244"
"2014-06-10 00:19","Leader.java","20007","60000","80007"
"2016-06-23 23:25","Leader.java","24094","80871","104965"
"2016-06-23 23:45","Leader.java","24093","80978","105071"
"2020-03-25 03:38","Leader.java","179499","270811","450310"
"2014-03-23 04:12","Leader.java","13945","49887","63832"
"2019-12-27 22:33","Leader.java","179499","266704","446203"
"2016-08-13 15:01","Leader.java","24359","81939","106298"
"2013-10-21 23:36","Leader.java","13600","45730","59330"
"2019-10-10 14:37","Leader.java","178405","260685","439090"
"2013-11-07 06:41","Leader.java","13625","46186","59811"
"2015-10-18 19:00","QuorumPeer.java","37135","103327","140462"
"2018-12-20 15:13","QuorumPeer.java","167144","230527","397671"
"2019-05-16 16:25","QuorumPeer.java","167203","241815","409018"
"2018-10-16 16:22","QuorumPeer.java","136363","237110","373473"
"2019-06-14 09:06","QuorumPeer.java","167202","245013","412215"
"2010-03-16 23:25","QuorumPeer.java","278","839","1117"
"2018-12-07 12:41","QuorumPeer.java","167144","227541","394685"
"2012-04-23 01:20","QuorumPeer.java","27637","53506","81143"
"2012-07-17 23:19","QuorumPeer.java","27714","54355","82069"
"2019-03-11 19:47","QuorumPeer.java","167160","236971","404131"
"2012-02-27 03:41","QuorumPeer.java","25372","49156","74528"
"2014-07-18 02:19","QuorumPeer.java","36543","93001","129544"
"2019-02-13 13:12","QuorumPeer.java","167157","235916","403073"
"2011-04-29 18:12","QuorumPeer.java","19838","31459","51297"
"2019-04-12 19:01","QuorumPeer.java","167203","238823","406026"
"2018-12-09 03:16","QuorumPeer.java","167144","229615","396759"
"2018-09-11 15:23","QuorumPeer.java","103763","186839","290602"
"2019-11-29 14:49","QuorumPeer.java","168249","264619","432868"
"2013-03-07 07:01","QuorumPeer.java","29372","67079","96451"
"2018-12-15 07:34","QuorumPeer.java","167144","229530","396674"
"2018-11-27 10:02","QuorumPeer.java","167144","227291","394435"
"2018-09-18 01:00","QuorumPeer.java","103817","188148","291965"
"2012-02-06 09:40","QuorumPeer.java","25065","48608","73673"
"2019-06-03 19:40","QuorumPeer.java","167202","242346","409548"
"2019-07-15 14:15","QuorumPeer.java","167202","252434","419636"
"2015-03-17 18:06","QuorumPeer.java","36829","99260","136089"
"2019-07-03 00:44","QuorumPeer.java","167202","245028","412230"
"2019-08-17 17:13","QuorumPeer.java","167202","257015","424217"
"2015-06-27 02:03","QuorumPeer.java","37030","102150","139180"
"2017-11-28 00:10","QuorumPeer.java","41942","117277","159219"
"2014-01-21 04:50","QuorumPeer.java","30000","74857","104857"
"2014-06-04 22:07","QuorumPeer.java","36073","86731","122804"
"2018-01-30 08:02","QuorumPeer.java","41977","117465","159442"
"2019-05-15 11:56","QuorumPeer.java","167203","241770","408973"
"2019-06-05 00:33","QuorumPeer.java","167202","242736","409938"
"2019-05-20 23:13","QuorumPeer.java","167203","241888","409091"
"2019-06-04 10:55","QuorumPeer.java","167202","242499","409701"
"2019-07-12 17:01","QuorumPeer.java","167202","252328","419530"
"2020-01-09 11:27","QuorumPeer.java","168249","266165","434414"
"2017-02-09 11:40","QuorumPeer.java","39713","113824","153537"
"2011-06-14 07:14","QuorumPeer.java","19988","33224","53212"
"2017-07-06 18:48","QuorumPeer.java","41656","113453","155109"
"2018-10-01 06:11","QuorumPeer.java","103964","190874","294838"
"2015-04-09 20:16","QuorumPeer.java","36837","100331","137168"
"2013-10-07 21:08","QuorumPeer.java","29747","70270","100017"
"2013-09-30 22:20","QuorumPeer.java","29615","69707","99322"
"2018-07-04 17:11","QuorumPeer.java","49606","128655","178261"
"2019-12-17 13:48","QuorumPeer.java","168249","265191","433440"
"2015-12-07 05:59","QuorumPeer.java","37221","104171","141392"
"2020-01-23 13:43","QuorumPeer.java","168249","267989","436238"
"2016-06-23 23:45","QuorumPeer.java","38803","106823","145626"
"2011-05-03 19:57","QuorumPeer.java","19840","31465","51305"
"2016-06-23 23:25","QuorumPeer.java","38803","106715","145518"
"2010-03-12 19:26","QuorumPeer.java","160","676","836"
"2014-03-23 04:12","QuorumPeer.java","30172","77249","107421"
"2013-09-26 00:13","QuorumPeer.java","29599","69447","99046"
"2011-06-17 01:34","QuorumPeer.java","20061","33368","53429"
"2011-06-14 14:11","QuorumPeer.java","19989","33252","53241"
"2014-07-18 20:48","QuorumPeer.java","36572","93489","130061"
"2014-07-04 04:19","QuorumPeer.java","36087","88388","124475"
"2018-12-06 10:56","QuorumPeer.java","167144","227485","394629"
"2014-06-25 15:04","QuorumPeer.java","36079","87234","123313"
"2014-03-28 01:58","QuorumPeer.java","30175","77670","107845"
"2013-10-21 23:36","QuorumPeer.java","29903","73168","103071"
"2019-10-10 14:37","QuorumPeer.java","167202","260768","427970"
"2013-11-07 06:41","QuorumPeer.java","29927","73623","103550"
"2017-07-27 23:09","QuorumPeer.java","41664","112475","154139"
"2014-05-18 05:49","QuorumPeer.java","36058","86227","122285"
"2011-10-25 08:09","QuorumPeer.java","24114","45153","69267"
"2014-03-25 22:13","QuorumPeer.java","30172","77485","107657"
"2011-04-12 09:14","QuorumPeer.java","19746","31032","50778"
"2011-11-01 08:15","QuorumPeer.java","24233","45461","69694"
"2011-03-16 19:49","QuorumPeer.java","9004","61763","70767"
"2018-06-26 11:18","QuorumPeer.java","42164","121195","163359"
"2018-07-27 12:32","QuorumPeer.java","58834","139083","197917"
"2019-04-18 19:17","QuorumPeer.java","167203","239533","406736"
"2011-10-27 23:25","QuorumPeer.java","24170","45369","69539"
"2011-08-30 08:37","QuorumPeer.java","19322","43247","62569"
"2011-08-30 08:29","QuorumPeer.java","19316","43229","62545"
"2010-08-18 08:24","QuorumPeer.java","7831","28072","35903"
"2013-10-09 22:21","QuorumPeer.java","29904","72806","102710"
"2016-12-20 14:47","QuorumPeer.java","39627","112603","152230"
"2011-05-20 01:17","QuorumPeer.java","19867","31972","51839"
"2010-05-05 22:32","QuorumPeer.java","5713","6259","11972"
"2017-05-11 16:59","QuorumPeer.java","41597","112527","154124"
"2014-07-03 06:01","QuorumPeer.java","36087","87966","124053"
"2014-08-14 08:08","QuorumPeer.java","36642","94420","131062"
"2014-08-01 07:38","QuorumPeer.java","36642","93999","130641"
"2014-07-20 04:50","QuorumPeer.java","36591","93570","130161"
"2016-06-02 00:59","QuorumPeer.java","38803","106346","145149"
"2020-02-16 10:25","QuorumPeer.java","168249","268702","436951"
"2020-02-16 10:25","QuorumAuthTestBase.java","11925","22565","34490"
"2020-01-22 11:08","QuorumAuthTestBase.java","11649","20092","31741"
"2019-11-29 14:49","QuorumAuthTestBase.java","9773","16330","26103"
"2016-10-07 21:51","Op.java","17326","42631","59957"
"2015-06-04 19:51","Op.java","11542","31796","43338"
"2019-08-17 17:13","Op.java","198521","256360","454881"
"2019-06-26 10:57","Op.java","198521","244210","442731"
"2019-08-17 17:13","AsyncTest.java","167976","257015","424991"
"2017-09-11 18:55","AsyncTest.java","40664","111393","152057"
"2011-04-12 09:14","AsyncTest.java","17408","27920","45328"
"2016-08-24 01:36","AsyncTest.java","37909","105643","143552"
"2019-10-10 14:37","QuorumPeerMain.java","210259","259904","470163"
"2020-01-23 13:43","QuorumPeerMain.java","211700","267519","479219"
"2019-11-28 12:24","QuorumPeerMain.java","211699","262497","474196"
"2020-02-16 10:25","QuorumPeerMain.java","211700","268232","479932"
"2019-04-18 19:17","QuorumPeerMain.java","210243","238652","448895"
"2019-11-11 13:59","QuorumPeerMain.java","210287","263589","473876"
"2019-04-12 19:01","QuorumPeerMain.java","210243","237942","448185"
"2018-09-11 15:23","QuorumPeerMain.java","112238","138856","251094"
"2017-02-13 22:09","QuorumPeerMain.java","12803","27206","40009"
"2018-08-06 14:11","QuorumPeerMain.java","36242","60645","96887"
"2017-07-28 00:36","QuorumPeerMain.java","15664","30121","45785"
"2019-08-17 17:13","QuorumPeerMain.java","210259","256151","466410"
"2015-03-17 18:06","QuorumPeerMain.java","1635","7608","9243"
"2017-11-28 00:10","QuorumPeerMain.java","16335","35212","51547"
"2019-08-27 09:23","LeaderElectionAware.java","172009","257497","429506"
"2018-12-09 03:16","FollowerRequestProcessor.java","200910","228841","429751"
"2016-10-07 21:51","FollowerRequestProcessor.java","17078","39817","56895"
"2019-08-17 17:13","FollowerRequestProcessor.java","201018","256291","457309"
"2015-06-04 19:51","FollowerRequestProcessor.java","11240","28928","40168"
"2019-08-01 07:31","FollowerRequestProcessor.java","201018","256962","457980"
"2020-03-25 03:38","FollowerRequestProcessor.java","202436","270494","472930"
"2014-07-18 19:46","FollowerRequestProcessor.java","9108","18716","27824"
"2019-10-10 14:37","FollowerRequestProcessor.java","201018","260044","461062"
"2020-05-05 21:20","FollowerRequestProcessor.java","202436","271525","473961"
"2015-03-08 23:07","FollowerRequestProcessor.java","10369","24675","35044"
"2020-02-16 10:25","QuorumAuthTestBase.java","1957","4154","6111"
"2019-10-10 14:37","OSMXBeanTest.java","3717","7470","11187"
"2019-08-17 17:13","RemoveWatchesCmdTest.java","202296","256271","458567"
"2019-09-18 11:20","RemoveWatchesCmdTest.java","202296","259183","461479"
"2020-05-05 21:20","FollowerRequestProcessor.java","5410","6441","11851"
"2017-11-16 00:21","ZNodeName.java","27645","150927","178572"
"2011-04-12 09:14","ZNodeName.java","17765","83817","101582"
"2019-08-27 09:23","ZNodeName.java","112979","258151","371130"
"2020-01-21 18:14","ZNodeName.java","113560","266263","379823"
"2014-02-12 17:00","ZKDatabase.java","30049","76163","106212"
"2019-10-10 14:37","ZKDatabase.java","167778","260768","428546"
"2019-12-27 22:33","ZKDatabase.java","168825","266740","435565"
"2018-04-06 06:04","ZKDatabase.java","42144","118110","160254"
"2011-04-12 09:14","ZKDatabase.java","19674","30384","50058"
"2014-04-29 02:23","ZKDatabase.java","35926","85055","120981"
"2014-04-17 08:47","ZKDatabase.java","35923","84346","120269"
"2010-07-27 00:44","ZKDatabase.java","6278","20236","26514"
"2011-09-17 02:36","ZKDatabase.java","22230","44228","66458"
"2018-09-28 23:38","ZKDatabase.java","104149","190478","294627"
"2013-06-28 23:22","ZKDatabase.java","29575","68568","98143"
"2019-11-08 17:30","ZKDatabase.java","167778","262629","430407"
"2019-05-14 17:11","ZKDatabase.java","167779","241683","409462"
"2012-07-17 23:25","ZKDatabase.java","27696","54386","82082"
"2018-09-18 01:00","ZKDatabase.java","104002","187757","291759"
"2013-03-07 07:01","ZKDatabase.java","29368","66499","95867"
"2019-02-07 11:26","ZKDatabase.java","167722","235291","403013"
"2019-04-12 19:01","ZKDatabase.java","167779","238823","406602"
"2018-09-05 22:35","ZKDatabase.java","103946","185447","289393"
"2011-01-22 20:38","ZKDatabase.java","8757","60602","69359"
"2015-02-06 06:17","ZKDatabase.java","36818","97451","134269"
"2014-07-18 02:19","ZKDatabase.java","36588","92470","129058"
"2018-02-07 01:05","ZKDatabase.java","42119","117733","159852"
"2014-01-24 07:18","ZKDatabase.java","30016","75880","105896"
"2019-08-17 17:13","ZKDatabase.java","167778","257015","424793"
"2019-09-10 00:27","ZKDatabase.java","167778","257955","425733"
"2016-03-23 00:30","ZKDatabase.java","38816","104549","143365"
"2018-02-23 23:49","ZKDatabase.java","42140","118098","160238"
"2017-08-03 20:28","ZKDatabase.java","41774","112138","153912"
"2017-06-18 19:23","ZKDatabase.java","41692","112280","153972"
"2019-04-09 15:35","ZKDatabase.java","167737","237831","405568"
"2014-06-25 15:04","FastLeaderElection.java","19654","157044","176698"
"2018-12-06 10:56","FastLeaderElection.java","72555","228210","300765"
"2014-07-08 05:25","FastLeaderElection.java","19787","158813","178600"
"2014-07-18 20:48","FastLeaderElection.java","19765","162917","182682"
"2010-03-13 01:06","FastLeaderElection.java","13556","109397","122953"
"2014-03-23 04:12","FastLeaderElection.java","18380","151692","170072"
"2019-10-10 14:37","FastLeaderElection.java","72583","261463","334046"
"2013-10-21 23:36","FastLeaderElection.java","18267","147767","166034"
"2009-08-04 19:59","FastLeaderElection.java","11301","81533","92834"
"2009-08-11 23:09","FastLeaderElection.java","11330","82668","93998"
"2009-12-15 23:23","FastLeaderElection.java","12993","95700","108693"
"2019-09-30 23:22","FastLeaderElection.java","72583","261090","333673"
"2011-04-12 09:14","FastLeaderElection.java","15231","121831","137062"
"2014-07-20 04:50","FastLeaderElection.java","19772","162986","182758"
"2009-04-24 20:26","FastLeaderElection.java","10299","51713","62012"
"2010-07-05 21:50","FastLeaderElection.java","14204","121146","135350"
"2020-04-07 09:07","FastLeaderElection.java","73036","271537","344573"
"2012-03-20 01:33","FastLeaderElection.java","17242","128471","145713"
"2008-10-08 20:00","FastLeaderElection.java","2104","3234","5338"
"2008-12-12 21:21","FastLeaderElection.java","4755","22814","27569"
"2019-01-18 03:42","FastLeaderElection.java","72555","233707","306262"
"2012-02-06 09:40","FastLeaderElection.java","17060","126838","143898"
"2017-09-11 18:55","FastLeaderElection.java","20838","178551","199389"
"2013-03-07 07:01","FastLeaderElection.java","18165","142107","160272"
"2018-08-29 06:26","FastLeaderElection.java","44766","212762","257528"
"2011-04-29 18:12","FastLeaderElection.java","15248","122183","137431"
"2015-02-06 06:17","FastLeaderElection.java","19863","167307","187170"
"2018-04-30 06:34","FastLeaderElection.java","20925","184620","205545"
"2009-06-30 22:47","FastLeaderElection.java","11185","80679","91864"
"2019-08-17 17:13","FastLeaderElection.java","72583","257710","330293"
"2019-08-02 20:08","FastLeaderElection.java","72583","258491","331074"
"2012-08-03 00:17","FastLeaderElection.java","17292","131009","148301"
"2017-01-13 19:29","FastLeaderElection.java","20387","180440","200827"
"2009-04-17 00:59","FastLeaderElection.java","10212","43024","53236"
"2011-06-14 07:14","FastLeaderElection.java","15272","123822","139094"
"2019-08-03 08:42","FastLeaderElection.java","72583","258418","331001"
"2018-10-16 16:22","QuorumPeerConfig.java","146986","236762","383748"
"2012-04-23 01:20","QuorumPeerConfig.java","11242","26140","37382"
"2018-12-09 03:16","QuorumPeerConfig.java","178176","229525","407701"
"2019-04-12 19:01","QuorumPeerConfig.java","178243","238741","416984"
"2018-09-11 15:23","QuorumPeerConfig.java","107256","179361","286617"
"2013-03-07 07:01","QuorumPeerConfig.java","13417","40153","53570"
"2018-12-15 07:34","QuorumPeerConfig.java","178176","229440","407616"
"2019-02-13 13:12","QuorumPeerConfig.java","178189","235826","414015"
"2019-08-17 17:13","QuorumPeerConfig.java","178242","256933","435175"
"2015-03-17 18:06","QuorumPeerConfig.java","21499","72959","94458"
"2014-01-21 04:50","QuorumPeerConfig.java","14176","48062","62238"
"2012-12-16 07:43","QuorumPeerConfig.java","12338","32680","45018"
"2017-11-28 00:10","QuorumPeerConfig.java","28324","92688","121012"
"2019-06-05 00:29","QuorumPeerConfig.java","178242","242600","420842"
"2014-09-17 07:34","QuorumPeerConfig.java","21214","69221","90435"
"2020-01-09 11:27","QuorumPeerConfig.java","179335","266129","445464"
"2019-07-12 17:01","QuorumPeerConfig.java","178242","252246","430488"
"2016-11-13 20:59","QuorumPeerConfig.java","24991","86089","111080"
"2019-05-15 11:56","QuorumPeerConfig.java","178243","241688","419931"
"2014-08-19 22:50","QuorumPeerConfig.java","21214","68135","89349"
"2018-10-01 06:11","QuorumPeerConfig.java","107470","183409","290879"
"2017-07-28 00:36","QuorumPeerConfig.java","28011","87955","115966"
"2013-09-30 22:20","QuorumPeerConfig.java","13707","42828","56535"
"2017-07-06 18:48","QuorumPeerConfig.java","27994","88820","116814"
"2013-09-26 00:13","QuorumPeerConfig.java","13688","42565","56253"
"2020-01-23 13:43","QuorumPeerConfig.java","179335","267953","447288"
"2014-05-17 13:23","QuorumPeerConfig.java","20259","59040","79299"
"2014-07-04 04:19","QuorumPeerConfig.java","20439","61769","82208"
"2011-09-17 02:42","QuorumPeerConfig.java","5577","17333","22910"
"2016-06-23 19:42","QuorumPeerConfig.java","24477","81143","105620"
"2015-09-06 20:02","QuorumPeerConfig.java","22681","77653","100334"
"2015-09-29 03:56","QuorumPeerConfig.java","22715","77868","100583"
"2019-10-10 14:37","QuorumPeerConfig.java","178242","260686","438928"
"2018-07-27 12:32","QuorumPeerConfig.java","45555","114833","160388"
"2019-04-18 19:17","QuorumPeerConfig.java","178243","239451","417694"
"2016-11-03 16:07","QuorumPeerConfig.java","24972","84401","109373"
"2011-04-12 09:14","QuorumPeerConfig.java","802","966","1768"
"2014-03-25 22:13","QuorumPeerConfig.java","14372","50714","65086"
"2011-09-02 22:50","QuorumPeerConfig.java","2358","15724","18082"
"2013-10-09 22:21","QuorumPeerConfig.java","14019","45950","59969"
"2014-08-01 07:38","QuorumPeerConfig.java","21167","67553","88720"
"2014-08-14 08:08","QuorumPeerConfig.java","21166","67973","89139"
"2020-02-16 10:25","QuorumPeerConfig.java","179335","268666","448001"
"2020-05-14 18:18","QuorumPeerConfig.java","179337","271893","451230"
"2017-05-11 16:59","QuorumPeerConfig.java","27921","87880","115801"
"2011-04-12 09:14","Base.java","20746","72010","92756"
"2010-08-17 09:24","Base.java","16154","73013","89167"
"2015-07-07 07:11","Base.java","27714","129600","157314"
"2019-12-17 13:48","Zab1_0Test.java","37739","59537","97276"
"2019-12-27 22:33","Zab1_0Test.java","37840","61187","99027"
"2019-10-10 14:37","Zab1_0Test.java","31925","50347","82272"
"2019-08-17 17:13","Zab1_0Test.java","29523","44192","73715"
"2019-01-23 14:00","NettyServerCnxn.java","226062","231885","457947"
"2019-02-18 17:05","NettyServerCnxn.java","226083","234438","460521"
"2019-02-12 15:25","NettyServerCnxn.java","226063","233984","460047"
"2017-08-09 20:31","NettyServerCnxn.java","6737","4551","11288"
"2017-04-10 19:19","NettyServerCnxn.java","3837","2196","6033"
"2018-09-07 02:34","NettyServerCnxn.java","107432","116264","223696"
"2019-04-12 19:01","NettyServerCnxn.java","226161","237064","463225"
"2018-11-22 17:56","NettyServerCnxn.java","226060","223853","449913"
"2018-10-24 04:03","NettyServerCnxn.java","204293","231687","435980"
"2018-11-17 18:33","NettyServerCnxn.java","226059","223230","449289"
"2019-01-14 19:38","NettyServerCnxn.java","226061","230449","456510"
"2017-03-04 19:22","NettyServerCnxn.java","3760","1833","5593"
"2018-09-18 01:00","NettyServerCnxn.java","107566","118643","226209"
"2019-08-17 17:13","NettyServerCnxn.java","226180","255276","481456"
"2019-07-03 00:44","NettyServerCnxn.java","226179","243288","469467"
"2019-11-23 17:08","NettyServerCnxn.java","227784","261581","489365"
"2019-07-23 15:55","NettyServerCnxn.java","226180","251284","477464"
"2019-05-06 18:32","NettyServerCnxn.java","226161","239611","465772"
"2019-04-22 19:15","NettyServerCnxn.java","226161","238039","464200"
"2019-08-03 08:42","NettyServerCnxn.java","226180","255984","482164"
"2019-11-18 09:05","NettyServerCnxn.java","227784","260024","487808"
"2019-11-21 05:58","NettyServerCnxn.java","227784","260047","487831"
"2019-09-16 23:26","NettyServerCnxn.java","226180","258295","484475"
"2019-10-10 14:37","NettyServerCnxn.java","226180","259029","485209"
"2018-09-28 23:38","NettyServerCnxn.java","108248","121899","230147"
"2020-01-25 18:48","LearnerMetricsTest.java","11783","21900","33683"
"2019-10-10 14:37","LearnerMetricsTest.java","3717","7470","11187"
"2019-09-24 10:33","LearnerMetricsTest.java","2472","5708","8180"
"2019-09-11 10:27","SerializeUtils.java","180473","258261","438734"
"2013-03-07 07:01","SerializeUtils.java","12760","37244","50004"
"2011-07-01 00:53","SerializeUtils.java","522","3072","3594"
"2019-08-17 17:13","SerializeUtils.java","180473","256905","437378"
"2015-06-04 19:51","SerializeUtils.java","21236","72778","94014"
"2016-10-07 21:51","SerializeUtils.java","24587","81180","105767"
"2018-02-07 01:05","SerializeUtils.java","28331","91298","119629"
"2019-12-27 22:33","SerializeUtils.java","181571","266681","448252"
"2012-12-19 19:16","SerializeUtils.java","12213","32141","44354"
"2016-11-24 17:18","QuorumHierarchical.java","34814","130219","165033"
"2013-03-07 07:01","QuorumHierarchical.java","29665","90140","119805"
"2018-11-17 18:37","QuorumHierarchical.java","143657","225521","369178"
"2012-04-23 01:20","QuorumHierarchical.java","28241","76878","105119"
"2019-08-03 08:42","QuorumHierarchical.java","143701","258198","401899"
"2019-08-17 17:13","QuorumHierarchical.java","143701","257490","401191"
"2019-10-10 14:37","QuorumHierarchical.java","143701","261243","404944"
"2011-04-12 09:14","QuorumHierarchical.java","22839","58101","80940"
"2018-10-16 16:22","QuorumPeerConfig.java","136879","237110","373989"
"2012-04-23 01:20","QuorumPeerConfig.java","27613","52966","80579"
"2018-12-09 03:16","QuorumPeerConfig.java","167660","229615","397275"
"2019-04-12 19:01","QuorumPeerConfig.java","167719","238823","406542"
"2018-09-11 15:23","QuorumPeerConfig.java","103937","186497","290434"
"2013-03-07 07:01","QuorumPeerConfig.java","29381","66572","95953"
"2018-12-15 07:34","QuorumPeerConfig.java","167660","229530","397190"
"2019-02-13 13:12","QuorumPeerConfig.java","167673","235916","403589"
"2019-08-17 17:13","QuorumPeerConfig.java","167718","257015","424733"
"2015-03-17 18:06","QuorumPeerConfig.java","36895","98810","135705"
"2014-01-21 04:50","QuorumPeerConfig.java","30018","74359","104377"
"2012-12-16 07:43","QuorumPeerConfig.java","28634","59431","88065"
"2017-11-28 00:10","QuorumPeerConfig.java","42038","116857","158895"
"2019-06-05 00:29","QuorumPeerConfig.java","167718","242682","410400"
"2014-09-17 07:34","QuorumPeerConfig.java","36727","95189","131916"
"2020-01-09 11:27","QuorumPeerConfig.java","168765","266165","434930"
"2019-07-12 17:01","QuorumPeerConfig.java","167718","252328","420046"
"2016-11-13 20:59","QuorumPeerConfig.java","39337","110890","150227"
"2019-05-15 11:56","QuorumPeerConfig.java","167719","241770","409489"
"2014-08-19 22:50","QuorumPeerConfig.java","36727","94103","130830"
"2018-10-01 06:11","QuorumPeerConfig.java","104138","190532","294670"
"2017-07-28 00:36","QuorumPeerConfig.java","41769","112168","153937"
"2013-09-30 22:20","QuorumPeerConfig.java","29628","69204","98832"
"2017-07-06 18:48","QuorumPeerConfig.java","41752","113033","154785"
"2013-09-26 00:13","QuorumPeerConfig.java","29612","68944","98556"
"2020-01-23 13:43","QuorumPeerConfig.java","168765","267989","436754"
"2011-04-06 18:17","QuorumPeerConfig.java","18970","29576","48546"
"2014-05-17 13:23","QuorumPeerConfig.java","35958","85194","121152"
"2014-07-04 04:19","QuorumPeerConfig.java","36115","87900","124015"
"2011-09-17 02:42","QuorumPeerConfig.java","22270","44481","66751"
"2016-06-23 19:42","QuorumPeerConfig.java","38871","105992","144863"
"2015-09-06 20:02","QuorumPeerConfig.java","37169","102596","139765"
"2015-09-29 03:56","QuorumPeerConfig.java","37201","102809","140010"
"2019-10-10 14:37","QuorumPeerConfig.java","167718","260768","428486"
"2018-07-27 12:32","QuorumPeerConfig.java","58957","138690","197647"
"2019-04-18 19:17","QuorumPeerConfig.java","167719","239533","407252"
"2016-11-03 16:07","QuorumPeerConfig.java","39323","109207","148530"
"2011-04-12 09:14","QuorumPeerConfig.java","19687","30457","50144"
"2014-03-25 22:13","QuorumPeerConfig.java","30200","76997","107197"
"2011-09-02 22:50","QuorumPeerConfig.java","19284","43105","62389"
"2013-10-09 22:21","QuorumPeerConfig.java","29922","72308","102230"
"2014-08-01 07:38","QuorumPeerConfig.java","36700","93541","130241"
"2014-08-14 08:08","QuorumPeerConfig.java","36700","93962","130662"
"2020-02-16 10:25","QuorumPeerConfig.java","168765","268702","437467"
"2020-05-14 18:18","QuorumPeerConfig.java","168767","271929","440696"
"2017-05-11 16:59","QuorumPeerConfig.java","41693","112107","153800"
"2019-08-17 17:13","SaslTestUtil.java","25768","29313","55081"
"2015-10-18 19:00","QuorumPeer.java","37136","103242","140378"
"2018-12-20 15:13","QuorumPeer.java","167230","230527","397757"
"2019-05-16 16:25","QuorumPeer.java","167289","241815","409104"
"2018-10-16 16:22","QuorumPeer.java","136449","237110","373559"
"2019-06-14 09:06","QuorumPeer.java","167288","245013","412301"
"2010-03-16 23:25","QuorumPeer.java","268","743","1011"
"2018-12-07 12:41","QuorumPeer.java","167230","227541","394771"
"2012-04-23 01:20","QuorumPeer.java","27633","53416","81049"
"2012-07-17 23:19","QuorumPeer.java","27710","54265","81975"
"2019-03-11 19:47","QuorumPeer.java","167246","236971","404217"
"2012-02-27 03:41","QuorumPeer.java","25368","49066","74434"
"2014-07-18 02:19","QuorumPeer.java","36544","92916","129460"
"2019-02-13 13:12","QuorumPeer.java","167243","235916","403159"
"2011-04-29 18:12","QuorumPeer.java","19830","31365","51195"
"2019-04-12 19:01","QuorumPeer.java","167289","238823","406112"
"2018-12-09 03:16","QuorumPeer.java","167230","229615","396845"
"2018-09-11 15:23","QuorumPeer.java","103834","186824","290658"
"2019-11-29 14:49","QuorumPeer.java","168335","264619","432954"
"2013-03-07 07:01","QuorumPeer.java","29372","66993","96365"
"2018-12-15 07:34","QuorumPeer.java","167230","229530","396760"
"2018-11-27 10:02","QuorumPeer.java","167230","227291","394521"
"2018-09-18 01:00","QuorumPeer.java","103888","188133","292021"
"2012-02-06 09:40","QuorumPeer.java","25061","48518","73579"
"2019-06-03 19:40","QuorumPeer.java","167288","242346","409634"
"2019-07-15 14:15","QuorumPeer.java","167288","252434","419722"
"2015-03-17 18:06","QuorumPeer.java","36830","99175","136005"
"2019-07-03 00:44","QuorumPeer.java","167288","245028","412316"
"2019-08-17 17:13","QuorumPeer.java","167288","257015","424303"
"2015-06-27 02:03","QuorumPeer.java","37031","102065","139096"
"2017-11-28 00:10","QuorumPeer.java","41962","117211","159173"
"2014-01-21 04:50","QuorumPeer.java","30001","74772","104773"
"2014-06-04 22:07","QuorumPeer.java","36074","86646","122720"
"2018-01-30 08:02","QuorumPeer.java","41997","117399","159396"
"2019-05-15 11:56","QuorumPeer.java","167289","241770","409059"
"2019-06-05 00:33","QuorumPeer.java","167288","242736","410024"
"2019-05-20 23:13","QuorumPeer.java","167289","241888","409177"
"2019-06-04 10:55","QuorumPeer.java","167288","242499","409787"
"2019-07-12 17:01","QuorumPeer.java","167288","252328","419616"
"2020-01-09 11:27","QuorumPeer.java","168335","266165","434500"
"2017-02-09 11:40","QuorumPeer.java","39714","113739","153453"
"2011-06-14 07:14","QuorumPeer.java","19980","33130","53110"
"2017-07-06 18:48","QuorumPeer.java","41676","113387","155063"
"2018-10-01 06:11","QuorumPeer.java","104035","190859","294894"
"2015-04-09 20:16","QuorumPeer.java","36838","100246","137084"
"2013-10-07 21:08","QuorumPeer.java","29748","70185","99933"
"2013-09-30 22:20","QuorumPeer.java","29616","69622","99238"
"2018-07-04 17:11","QuorumPeer.java","49626","128589","178215"
"2019-12-17 13:48","QuorumPeer.java","168335","265191","433526"
"2015-12-07 05:59","QuorumPeer.java","37222","104086","141308"
"2020-01-23 13:43","QuorumPeer.java","168335","267989","436324"
"2016-06-23 23:45","QuorumPeer.java","38804","106738","145542"
"2011-05-03 19:57","QuorumPeer.java","19832","31371","51203"
"2016-06-23 23:25","QuorumPeer.java","38804","106630","145434"
"2010-03-12 19:26","QuorumPeer.java","150","580","730"
"2014-03-23 04:12","QuorumPeer.java","30173","77164","107337"
"2013-09-26 00:13","QuorumPeer.java","29600","69362","98962"
"2011-06-17 01:34","QuorumPeer.java","20053","33274","53327"
"2011-06-14 14:11","QuorumPeer.java","19981","33158","53139"
"2014-07-18 20:48","QuorumPeer.java","36573","93404","129977"
"2014-07-04 04:19","QuorumPeer.java","36088","88303","124391"
"2018-12-06 10:56","QuorumPeer.java","167230","227485","394715"
"2014-06-25 15:04","QuorumPeer.java","36080","87149","123229"
"2014-03-28 01:58","QuorumPeer.java","30176","77585","107761"
"2013-10-21 23:36","QuorumPeer.java","29904","73083","102987"
"2019-10-10 14:37","QuorumPeer.java","167288","260768","428056"
"2013-11-07 06:41","QuorumPeer.java","29928","73538","103466"
"2017-07-27 23:09","QuorumPeer.java","41684","112409","154093"
"2014-05-18 05:49","QuorumPeer.java","36059","86142","122201"
"2011-10-25 08:09","QuorumPeer.java","24109","45062","69171"
"2014-03-25 22:13","QuorumPeer.java","30173","77400","107573"
"2011-04-12 09:14","QuorumPeer.java","19738","30938","50676"
"2011-11-01 08:15","QuorumPeer.java","24228","45370","69598"
"2011-03-16 19:49","QuorumPeer.java","8996","61669","70665"
"2018-06-26 11:18","QuorumPeer.java","42184","121129","163313"
"2018-07-27 12:32","QuorumPeer.java","58854","139017","197871"
"2019-04-18 19:17","QuorumPeer.java","167289","239533","406822"
"2011-10-27 23:25","QuorumPeer.java","24165","45278","69443"
"2011-08-30 08:37","QuorumPeer.java","19314","43153","62467"
"2011-08-30 08:29","QuorumPeer.java","19308","43135","62443"
"2010-08-18 08:24","QuorumPeer.java","7823","27978","35801"
"2013-10-09 22:21","QuorumPeer.java","29905","72721","102626"
"2016-12-20 14:47","QuorumPeer.java","39628","112518","152146"
"2011-05-20 01:17","QuorumPeer.java","19859","31878","51737"
"2010-05-05 22:32","QuorumPeer.java","5704","6164","11868"
"2017-05-11 16:59","QuorumPeer.java","41617","112461","154078"
"2014-07-03 06:01","QuorumPeer.java","36088","87881","123969"
"2014-08-14 08:08","QuorumPeer.java","36643","94335","130978"
"2014-08-01 07:38","QuorumPeer.java","36643","93914","130557"
"2014-07-20 04:50","QuorumPeer.java","36592","93485","130077"
"2016-06-02 00:59","QuorumPeer.java","38804","106261","145065"
"2020-02-16 10:25","QuorumPeer.java","168335","268702","437037"
"2010-03-31 06:26","ZooKeeperServerMainTest.java","13464","77194","90658"
"2014-07-26 04:11","ZooKeeperServerMainTest.java","24161","140879","165040"
"2016-09-18 23:21","ZooKeeperServerMainTest.java","26230","154877","181107"
"2014-03-25 22:13","ZooKeeperServerMainTest.java","22517","129334","151851"
"2016-08-24 01:36","ZooKeeperServerMainTest.java","26222","154209","180431"
"2016-08-13 15:01","ZooKeeperServerMainTest.java","26142","154361","180503"
"2014-09-28 19:15","ZooKeeperServerMainTest.java","24197","142757","166954"
"2017-01-13 19:29","ZooKeeperServerMainTest.java","26454","159776","186230"
"2019-06-03 19:40","ZooKeeperServerMainTest.java","104827","242927","347754"
"2019-08-17 17:13","ZooKeeperServerMainTest.java","104827","257596","362423"
"2018-09-11 15:23","ZooKeeperServerMainTest.java","61141","203721","264862"
"2017-01-05 22:32","ZooKeeperServerMainTest.java","26449","159401","185850"
"2013-12-07 11:16","ZooKeeperServerMainTest.java","22374","125672","148046"
"2012-03-17 01:31","Op.java","8187","17466","25653"
"2013-12-17 17:55","Op.java","13726","42464","56190"
"2016-10-07 21:51","Op.java","24929","78972","103901"
"2015-06-04 19:51","Op.java","21570","70562","92132"
"2019-08-17 17:13","Op.java","183022","256904","439926"
"2019-06-26 10:57","Op.java","183022","244754","427776"
"2020-03-26 22:20","InstanceContainer.java","101948","271185","373133"
"2011-10-25 08:09","InstanceContainer.java","20383","104089","124472"
"2011-04-12 09:14","InstanceContainer.java","17734","95404","113138"
"2019-08-17 17:13","InstanceContainer.java","101490","257687","359177"
"2017-09-11 18:55","InstanceContainer.java","26974","161119","188093"
"2018-08-06 14:11","InstanceContainer.java","33777","177305","211082"
"2019-08-17 17:13","Environment.java","224314","255186","479500"
"2019-11-08 17:30","FinalRequestProcessor.java","157928","262647","420575"
"2019-07-08 23:26","FinalRequestProcessor.java","157928","245809","403737"
"2019-01-16 23:23","FinalRequestProcessor.java","157871","232956","390827"
"2018-09-18 01:00","FinalRequestProcessor.java","97223","189938","287161"
"2019-04-12 19:01","FinalRequestProcessor.java","157929","238841","396770"
"2019-02-07 11:26","FinalRequestProcessor.java","157872","235309","393181"
"2019-01-14 19:38","FinalRequestProcessor.java","157870","232267","390137"
"2013-03-07 07:01","FinalRequestProcessor.java","28351","74442","102793"
"2019-01-09 17:22","FinalRequestProcessor.java","157872","234949","392821"
"2011-07-01 00:53","FinalRequestProcessor.java","21637","46860","68497"
"2015-06-04 19:51","FinalRequestProcessor.java","31562","104711","136273"
"2019-09-10 04:26","FinalRequestProcessor.java","157928","258078","416006"
"2019-08-17 17:13","FinalRequestProcessor.java","157928","257033","414961"
"2016-10-07 21:51","FinalRequestProcessor.java","33793","111993","145786"
"2014-01-24 07:18","FinalRequestProcessor.java","28981","83805","112786"
"2019-06-26 10:57","FinalRequestProcessor.java","157928","244883","402811"
"2019-08-01 07:28","FinalRequestProcessor.java","157928","257214","415142"
"2019-07-03 00:44","FinalRequestProcessor.java","157928","245046","402974"
"2016-03-23 00:30","FinalRequestProcessor.java","33323","108016","141339"
"2019-08-06 17:11","FinalRequestProcessor.java","157928","258134","416062"
"2015-03-17 18:06","FinalRequestProcessor.java","31385","102200","133585"
"2018-07-10 12:46","FinalRequestProcessor.java","43524","131009","174533"
"2020-03-25 03:38","FinalRequestProcessor.java","158957","270847","429804"
"2019-09-16 23:26","FinalRequestProcessor.java","157928","260052","417980"
"2019-10-10 14:37","FinalRequestProcessor.java","157928","260786","418714"
"2010-01-26 01:17","FinalRequestProcessor.java","459","868","1327"
"2019-11-21 05:58","FinalRequestProcessor.java","158957","261229","420186"
"2019-11-18 09:05","FinalRequestProcessor.java","158957","261206","420163"
"2012-12-19 19:16","FinalRequestProcessor.java","27948","69483","97431"
"2011-10-20 20:02","FinalRequestProcessor.java","24357","53726","78083"
"2011-04-12 09:14","FinalRequestProcessor.java","20610","41188","61798"
"2011-10-28 18:59","FinalRequestProcessor.java","24562","54182","78744"
"2019-11-11 13:59","FinalRequestProcessor.java","157928","264443","422371"
"2020-03-26 22:12","FinalRequestProcessor.java","158957","270849","429806"
"2014-04-17 08:47","FinalRequestProcessor.java","30486","87869","118355"
"2014-04-29 02:23","FinalRequestProcessor.java","30489","88578","119067"
"2010-03-19 07:46","FinalRequestProcessor.java","9783","19930","29713"
"2010-08-18 08:24","FinalRequestProcessor.java","15185","44718","59903"
"2013-10-09 22:21","FinalRequestProcessor.java","28878","80164","109042"
"2011-09-14 08:56","FinalRequestProcessor.java","19913","53431","73344"
"2015-02-06 06:17","PrepRequestProcessor.java","10386","23892","34278"
"2019-02-07 11:26","PrepRequestProcessor.java","201518","234497","436015"
"2019-09-11 10:27","PrepRequestProcessor.java","201624","257627","459251"
"2018-07-19 05:59","PrepRequestProcessor.java","43226","75268","118494"
"2017-09-11 18:55","PrepRequestProcessor.java","23592","47367","70959"
"2019-01-16 14:21","PrepRequestProcessor.java","201517","232144","433661"
"2017-06-01 05:45","PrepRequestProcessor.java","22040","45351","67391"
"2019-11-08 17:30","PrepRequestProcessor.java","201652","261913","463565"
"2016-11-13 20:59","PrepRequestProcessor.java","17540","41906","59446"
"2019-04-09 15:35","PrepRequestProcessor.java","201536","237040","438576"
"2019-04-17 14:16","PrepRequestProcessor.java","201608","238327","439935"
"2014-10-28 05:35","PrepRequestProcessor.java","10051","21618","31669"
"2019-05-10 12:22","PrepRequestProcessor.java","201608","240762","442370"
"2017-06-26 00:16","PrepRequestProcessor.java","22340","45929","68269"
"2019-02-07 11:22","PrepRequestProcessor.java","201518","234159","435677"
"2016-11-16 06:21","PrepRequestProcessor.java","17575","42488","60063"
"2019-08-01 07:31","PrepRequestProcessor.java","201624","256942","458566"
"2019-06-26 10:57","PrepRequestProcessor.java","201624","244121","445745"
"2015-05-29 19:45","PrepRequestProcessor.java","11376","27673","39049"
"2016-10-07 21:51","PrepRequestProcessor.java","17388","39501","56889"
"2015-06-04 19:51","PrepRequestProcessor.java","11514","28576","40090"
"2019-08-17 17:13","PrepRequestProcessor.java","201624","256271","457895"
"2018-08-08 06:21","PrepRequestProcessor.java","85991","119513","205504"
"2018-05-09 23:57","PrepRequestProcessor.java","24659","54995","79654"
"2015-06-11 20:09","PrepRequestProcessor.java","11531","28719","40250"
"2019-12-27 22:33","PrepRequestProcessor.java","203062","266387","469449"
"2019-10-10 14:37","PrepRequestProcessor.java","201624","260024","461648"
"2020-03-25 03:38","PrepRequestProcessor.java","203062","270494","473556"
"2014-07-25 01:31","PrepRequestProcessor.java","9532","19023","28555"
"2014-04-29 02:23","PrepRequestProcessor.java","7541","9543","17084"
"2015-03-08 23:07","PrepRequestProcessor.java","10485","24165","34650"
"2014-07-22 06:51","PrepRequestProcessor.java","9454","18756","28210"
"2018-06-15 07:41","PrepRequestProcessor.java","24791","55879","80670"
"2019-05-20 17:18","ClientReconnectTest.java","218896","240739","459635"
"2016-05-02 18:15","ClientReconnectTest.java","3721","5473","9194"
"2019-08-17 17:13","ClientReconnectTest.java","218914","255966","474880"
"2020-05-17 15:13","ClientReconnectTest.java","220489","271486","491975"
"2019-12-27 22:33","FileTxnSnapLog.java","234195","264780","498975"
"2019-10-10 14:37","FileTxnSnapLog.java","232257","257917","490174"
"2019-12-13 08:51","FileTxnSnapLog.java","234194","262816","497010"
"2020-01-23 16:46","FileTxnSnapLog.java","234196","266030","500226"
"2020-01-28 17:26","FileTxnSnapLog.java","234196","266501","500697"
"2019-09-02 08:23","FileTxnSnapLog.java","232257","254821","487078"
"2019-07-31 19:06","FileTxnSnapLog.java","232256","253470","485726"
"2020-01-30 09:43","FileTxnSnapLog.java","234196","266577","500773"
"2019-05-14 17:11","FileTxnSnapLog.java","232235","238809","471044"
"2019-05-21 23:34","FileTxnSnapLog.java","232238","239133","471371"
"2019-05-27 10:54","FileTxnSnapLog.java","232238","239465","471703"
"2019-08-17 17:13","FileTxnSnapLog.java","232256","254163","486419"
"2019-10-10 14:37","WriteLock.java","2537","5697","8234"
"2013-09-18 12:58","ClientCnxn.java","13245","41818","55063"
"2015-01-31 08:05","ClientCnxn.java","20916","70795","91711"
"2016-05-02 18:15","ClientCnxn.java","24080","79995","104075"
"2014-01-24 07:18","ClientCnxn.java","13766","49071","62837"
"2019-08-17 17:13","ClientCnxn.java","178405","256932","435337"
"2015-05-10 00:27","ClientCnxn.java","21139","73557","94696"
"2017-12-19 19:27","ClientCnxn.java","28073","92317","120390"
"2019-01-31 15:50","ClientCnxn.java","178340","234534","412874"
"2012-08-02 00:24","ClientCnxn.java","10852","27000","37852"
"2019-04-09 15:35","ClientCnxn.java","178354","237738","416092"
"2013-02-03 15:52","ClientCnxn.java","12529","35038","47567"
"2014-12-20 15:29","ClientCnxn.java","20909","70777","91686"
"2012-03-15 18:01","ClientCnxn.java","8385","22143","30528"
"2019-11-08 17:30","ClientCnxn.java","178405","262546","440951"
"2017-06-08 17:59","ClientCnxn.java","27566","87520","115086"
"2012-09-09 20:24","ClientCnxn.java","10934","27821","38755"
"2019-01-16 14:21","ClientCnxn.java","178340","232847","411187"
"2019-01-07 14:24","ClientCnxn.java","178339","231696","410035"
"2019-03-06 03:32","ClientCnxn.java","178353","236665","415018"
"2011-09-14 07:43","ClientCnxn.java","1956","15599","17555"
"2011-08-19 00:05","ClientCnxn.java","1731","13154","14885"
"2015-02-06 06:17","ClientCnxn.java","20967","71041","92008"
"2019-02-07 11:26","ClientCnxn.java","178341","235200","413541"
"2018-11-05 19:40","ClientCnxn.java","147149","236850","383999"
"2020-05-17 15:13","ClientCnxn.java","179501","271973","451474"
"2018-06-25 12:30","ClientCnxn.java","28330","96100","124430"
"2012-12-19 19:16","ClientCnxn.java","12465","34481","46946"
"2020-03-03 03:12","ClientCnxn.java","179499","269761","449260"
"2018-09-10 11:44","ClientCnxn.java","107162","178117","285279"
"2011-09-28 22:17","ClientCnxn.java","5068","16764","21832"
"2015-06-13 02:42","ClientCnxn.java","21352","75232","96584"
"2011-05-20 01:17","ClientCnxn.java","188","1007","1195"
"2014-03-23 04:12","ClientCnxn.java","13945","49887","63832"
"2015-11-09 00:05","ClientCnxn.java","22397","77769","100166"
"2015-12-06 19:58","ClientCnxn.java","22441","78118","100559"
"2020-01-21 17:53","ClientCnxn.java","179499","266022","445521"
"2015-12-05 22:43","ClientCnxn.java","22441","78115","100556"
"2015-12-05 22:32","ClientCnxn.java","22440","78109","100549"
"2019-10-10 14:37","ClientCnxn.java","178405","260685","439090"
"2014-04-01 04:03","ClientCnxn.java","14140","50925","65065"
"2013-09-18 15:14","ClientCnxn.java","13245","41836","55081"
"2013-09-18 04:08","ClientCnxn.java","13245","41732","54977"
"2019-11-21 05:58","ClientCnxn.java","179499","261193","440692"
"2020-04-16 12:50","ClientCnxn.java","179499","271600","451099"
"2018-07-27 05:16","ClientCnxn.java","45213","114135","159348"
"2018-12-20 15:13","LocalPeerBean.java","167660","230527","398187"
"2019-11-29 14:49","LocalPeerBean.java","168765","264619","433384"
"2014-06-04 22:07","LocalPeerBean.java","36101","86243","122344"
"2019-08-17 17:13","LocalPeerBean.java","167718","257015","424733"
"2019-11-14 03:54","LocalPeerBean.java","167718","265024","432742"
"2015-08-05 22:16","LocalPeerBean.java","37166","102476","139642"
"2015-12-07 06:06","LocalPeerBean.java","37289","103812","141101"
"2018-07-27 12:32","LocalPeerBean.java","58957","138690","197647"
"2018-06-26 11:18","LocalPeerBean.java","42258","120773","163031"
"2010-08-18 08:24","LocalPeerBean.java","7769","27494","35263"
"2019-08-17 17:13","ChrootTest.java","177002","256750","433752"
"2018-06-08 16:52","ZooKeeperServerMain.java","33384","144805","178189"
"2019-04-18 19:17","ZooKeeperServerMain.java","131664","240017","371681"
"2011-04-12 09:14","ZooKeeperServerMain.java","22700","70009","92709"
"2019-11-11 13:59","ZooKeeperServerMain.java","131664","264910","396574"
"2012-03-06 09:20","ZooKeeperServerMain.java","26011","82609","108620"
"2010-08-18 08:24","ZooKeeperServerMain.java","18292","74556","92848"
"2019-11-28 12:24","ZooKeeperServerMain.java","132303","263045","395348"
"2019-11-25 15:37","ZooKeeperServerMain.java","132303","262947","395250"
"2016-08-13 15:01","ZooKeeperServerMain.java","31600","132948","164548"
"2015-06-04 19:51","ZooKeeperServerMain.java","29735","127133","156868"
"2019-08-17 17:13","ZooKeeperServerMain.java","131664","257500","389164"
"2015-03-17 18:06","ZooKeeperServerMain.java","29677","124741","154418"
"2017-07-28 00:36","ZooKeeperServerMain.java","33111","136659","169770"
"2013-12-07 11:16","ZooKeeperServerMain.java","27676","104103","131779"
"2019-04-12 19:01","ZooKeeperServerMain.java","131664","239307","370971"
"2018-09-11 15:23","ZooKeeperServerMain.java","83637","199346","282983"
"2014-07-18 02:19","ZooKeeperServerMain.java","29458","118549","148007"
"2017-02-12 00:12","ZooKeeperServerMain.java","32699","136193","168892"
"2018-07-10 12:46","QuorumTest.java","36145","102049","138194"
"2019-08-17 17:13","QuorumTest.java","180447","256905","437352"
"2012-12-13 08:14","QuorumTest.java","11697","29712","41409"
"2011-07-15 06:50","QuorumTest.java","880","5203","6083"
"2013-10-09 22:21","QuorumTest.java","13456","43161","56617"
"2011-09-17 02:13","QuorumTest.java","4334","13739","18073"
"2019-10-10 14:37","QuorumTest.java","180447","260658","441105"
"2019-09-18 11:20","QuorumTest.java","180447","259817","440264"
"2019-12-28 16:17","QuorumTest.java","181545","266588","448133"
"2015-11-03 08:11","QuorumTest.java","22389","75422","97811"
"2011-07-29 10:14","QuorumTest.java","1007","7862","8869"
"2019-06-07 14:13","SessionTest.java","175348","242763","418111"
"2019-08-17 17:13","SessionTest.java","175348","256659","432007"
"2017-09-11 18:55","SessionTest.java","25763","76202","101965"
"2018-09-22 06:48","SessionTest.java","108851","172212","281063"
"2013-12-21 22:05","SessionTest.java","8571","32137","40708"
"2019-10-10 14:37","SessionTest.java","175348","260412","435760"
"2015-07-07 07:11","SessionTest.java","17668","61927","79595"
"2019-12-28 16:17","SessionTest.java","176653","266549","443202"
"2014-06-25 15:04","FastLeaderElection.java","19880","143966","163846"
"2018-12-06 10:56","FastLeaderElection.java","90611","228207","318818"
"2014-07-08 05:25","FastLeaderElection.java","20014","145736","165750"
"2014-07-18 20:48","FastLeaderElection.java","20069","149917","169986"
"2010-03-13 01:06","FastLeaderElection.java","12082","89864","101946"
"2014-03-23 04:12","FastLeaderElection.java","18605","138613","157218"
"2019-10-10 14:37","FastLeaderElection.java","90638","261459","352097"
"2013-10-21 23:36","FastLeaderElection.java","18453","134649","153102"
"2009-08-04 19:59","FastLeaderElection.java","9342","61515","70857"
"2009-08-11 23:09","FastLeaderElection.java","9380","62659","72039"
"2009-12-15 23:23","FastLeaderElection.java","11290","75938","87228"
"2019-09-30 23:22","FastLeaderElection.java","90638","261086","351724"
"2011-04-12 09:14","FastLeaderElection.java","14186","102727","116913"
"2014-07-20 04:50","FastLeaderElection.java","20076","149986","170062"
"2009-04-24 20:26","FastLeaderElection.java","7787","31142","38929"
"2010-07-05 21:50","FastLeaderElection.java","12939","101822","114761"
"2020-04-07 09:07","FastLeaderElection.java","91094","271536","362630"
"2012-03-20 01:33","FastLeaderElection.java","17362","115287","132649"
"2019-01-18 03:42","FastLeaderElection.java","90611","233704","324315"
"2012-02-06 09:40","FastLeaderElection.java","17086","113560","130646"
"2017-09-11 18:55","FastLeaderElection.java","23013","167422","190435"
"2013-03-07 07:01","FastLeaderElection.java","18301","128939","147240"
"2018-08-29 06:26","FastLeaderElection.java","51084","205776","256860"
"2011-04-29 18:12","FastLeaderElection.java","14208","103084","117292"
"2015-02-06 06:17","FastLeaderElection.java","20200","154340","174540"
"2018-04-30 06:34","FastLeaderElection.java","23142","173533","196675"
"2009-06-30 22:47","FastLeaderElection.java","9120","60555","69675"
"2019-08-17 17:13","FastLeaderElection.java","90638","257706","348344"
"2019-08-02 20:08","FastLeaderElection.java","90638","258487","349125"
"2012-08-03 00:17","FastLeaderElection.java","17429","117842","135271"
"2017-01-13 19:29","FastLeaderElection.java","22240","168989","191229"
"2009-04-17 00:59","FastLeaderElection.java","7390","22143","29533"
"2011-06-14 07:14","FastLeaderElection.java","14240","104731","118971"
"2019-08-03 08:42","FastLeaderElection.java","90638","258414","349052"
"2020-02-26 22:41","NettyServerCnxnFactory.java","39324","71153","110477"
"2019-10-10 14:37","NettyServerCnxnFactory.java","32314","57242","89556"
"2019-09-10 18:50","NettyServerCnxnFactory.java","31488","53780","85268"
"2019-11-14 03:54","NettyServerCnxnFactory.java","32569","61753","94322"
"2019-02-15 15:36","NettyServerCnxnFactory.java","188","603","791"
"2019-04-12 19:01","NettyServerCnxnFactory.java","1055","4037","5092"
"2019-02-13 13:12","NettyServerCnxnFactory.java","176","297","473"
"2019-08-17 17:13","NettyServerCnxnFactory.java","30226","51401","81627"
"2019-11-23 17:08","NettyServerCnxnFactory.java","37549","63425","100974"
"2019-07-03 00:44","NettyServerCnxnFactory.java","5367","14555","19922"
"2019-06-05 00:29","NettyServerCnxnFactory.java","1987","8829","10816"
"2019-07-23 15:55","NettyServerCnxnFactory.java","6733","23916","30649"
"2019-06-24 11:05","NettyServerCnxnFactory.java","4096","12604","16700"
"2019-08-03 08:42","NettyServerCnxnFactory.java","8523","30406","38929"
"2020-02-16 10:25","QuorumAuthTestBase.java","229836","267491","497327"
"2019-08-17 17:13","QuorumAuthTestBase.java","228064","255079","483143"
"2020-01-22 11:08","QuorumAuthTestBase.java","229836","265294","495130"
"2019-11-29 14:49","QuorumAuthTestBase.java","229834","263406","493240"
"2012-04-23 01:20","HierarchicalQuorumTest.java","27512","52854","80366"
"2014-06-04 22:07","HierarchicalQuorumTest.java","36007","86138","122145"
"2019-08-17 17:13","HierarchicalQuorumTest.java","167729","257015","424744"
"2019-07-12 17:01","HierarchicalQuorumTest.java","167729","252328","420057"
"2019-10-10 14:37","HierarchicalQuorumTest.java","167729","260768","428497"
"2018-06-26 11:18","HierarchicalQuorumTest.java","42195","120699","162894"
"2011-04-12 09:14","HierarchicalQuorumTest.java","19586","30345","49931"
"2017-05-11 16:59","HierarchicalQuorumTest.java","41613","112016","153629"
"2010-05-05 22:32","HierarchicalQuorumTest.java","5463","5482","10945"
"2010-03-31 06:26","HierarchicalQuorumTest.java","2714","2961","5675"
"2019-07-29 17:15","JBoolean.java","167551","254590","422141"
"2019-08-01 07:31","ObserverRequestProcessor.java","196919","257038","453957"
"2019-08-17 17:13","ObserverRequestProcessor.java","196919","256367","453286"
"2015-06-04 19:51","ObserverRequestProcessor.java","11445","33308","44753"
"2016-10-07 21:51","ObserverRequestProcessor.java","17223","44137","61360"
"2015-03-08 23:07","ObserverRequestProcessor.java","10804","29285","40089"
"2014-07-18 19:46","ObserverRequestProcessor.java","9629","23412","33041"
"2014-03-23 04:12","ObserverRequestProcessor.java","758","4933","5691"
"2020-03-25 03:38","ObserverRequestProcessor.java","198267","270500","468767"
"2019-11-14 03:54","LocalPeerMXBean.java","38092","72531","110623"
"2019-08-17 17:13","LocalPeerMXBean.java","35918","62348","98266"
"2019-08-17 17:13","QuorumUtilTest.java","203973","256154","460127"
"2019-08-17 17:13","ReconfigLegacyTest.java","222020","255887","477907"
"2019-06-03 19:40","ReconfigLegacyTest.java","222019","241217","463236"
"2016-11-13 20:59","ReconfigLegacyTest.java","610","4196","4806"
"2016-11-03 16:07","ReconfigLegacyTest.java","367","2284","2651"
"2015-10-18 19:00","QuorumPeer.java","3722","12997","16719"
"2018-12-20 15:13","QuorumPeer.java","210608","229611","440219"
"2019-05-16 16:25","QuorumPeer.java","210701","240933","451634"
"2018-10-16 16:22","QuorumPeer.java","190950","234780","425730"
"2019-06-14 09:06","QuorumPeer.java","210717","244148","454865"
"2018-12-07 12:41","QuorumPeer.java","210607","226624","437231"
"2019-03-11 19:47","QuorumPeer.java","210627","236058","446685"
"2019-02-13 13:12","QuorumPeer.java","210628","235007","445635"
"2019-04-12 19:01","QuorumPeer.java","210701","237941","448642"
"2018-12-09 03:16","QuorumPeer.java","210607","228698","439305"
"2018-09-11 15:23","QuorumPeer.java","112100","138259","250359"
"2019-11-29 14:49","QuorumPeer.java","212158","264148","476306"
"2018-12-15 07:34","QuorumPeer.java","210607","228613","439220"
"2018-11-27 10:02","QuorumPeer.java","210607","226374","436981"
"2018-09-18 01:00","QuorumPeer.java","112218","139632","251850"
"2019-06-03 19:40","QuorumPeer.java","210717","241481","452198"
"2019-07-15 14:15","QuorumPeer.java","210717","251569","462286"
"2015-03-17 18:06","QuorumPeer.java","1448","6962","8410"
"2019-07-03 00:44","QuorumPeer.java","210717","244163","454880"
"2019-08-17 17:13","QuorumPeer.java","210717","256150","466867"
"2015-06-27 02:03","QuorumPeer.java","2482","10685","13167"
"2017-11-28 00:10","QuorumPeer.java","16188","34606","50794"
"2018-01-30 08:02","QuorumPeer.java","16591","35162","51753"
"2019-05-15 11:56","QuorumPeer.java","210701","240888","451589"
"2019-06-05 00:33","QuorumPeer.java","210717","241871","452588"
"2019-05-20 23:13","QuorumPeer.java","210701","241006","451707"
"2019-06-04 10:55","QuorumPeer.java","210717","241634","452351"
"2019-07-12 17:01","QuorumPeer.java","210717","251463","462180"
"2020-01-09 11:27","QuorumPeer.java","212159","265695","477854"
"2017-02-09 11:40","QuorumPeer.java","9934","27128","37062"
"2017-07-06 18:48","QuorumPeer.java","13978","28858","42836"
"2018-10-01 06:11","QuorumPeer.java","112893","142886","255779"
"2015-04-09 20:16","QuorumPeer.java","1490","8067","9557"
"2018-07-04 17:11","QuorumPeer.java","25377","47509","72886"
"2019-12-17 13:48","QuorumPeer.java","212158","264720","476878"
"2015-12-07 05:59","QuorumPeer.java","4014","14047","18061"
"2020-01-23 13:43","QuorumPeer.java","212159","267519","479678"
"2016-06-23 23:45","QuorumPeer.java","7587","18690","26277"
"2016-06-23 23:25","QuorumPeer.java","7553","18548","26101"
"2018-12-06 10:56","QuorumPeer.java","210607","226568","437175"
"2019-10-10 14:37","QuorumPeer.java","210717","259903","470620"
"2017-07-27 23:09","QuorumPeer.java","15492","29386","44878"
"2018-06-26 11:18","QuorumPeer.java","17120","39234","56354"
"2018-07-27 12:32","QuorumPeer.java","35892","59224","95116"
"2019-04-18 19:17","QuorumPeer.java","210701","238651","449352"
"2016-12-20 14:47","QuorumPeer.java","9658","25717","35375"
"2017-05-11 16:59","QuorumPeer.java","13646","27659","41305"
"2014-08-14 08:08","QuorumPeer.java","564","1425","1989"
"2014-08-01 07:38","QuorumPeer.java","419","859","1278"
"2014-07-20 04:50","QuorumPeer.java","40","102","142"
"2016-06-02 00:59","QuorumPeer.java","7495","18121","25616"
"2020-02-16 10:25","QuorumPeer.java","212159","268232","480391"
"2019-08-01 07:31","ObserverRequestProcessor.java","187413","257656","445069"
"2019-08-17 17:13","ObserverRequestProcessor.java","187413","256985","444398"
"2015-06-04 19:51","ObserverRequestProcessor.java","34427","79033","113460"
"2016-10-07 21:51","ObserverRequestProcessor.java","37573","87230","124803"
"2013-03-07 07:01","ObserverRequestProcessor.java","26292","43840","70132"
"2015-03-08 23:07","ObserverRequestProcessor.java","34138","75362","109500"
"2013-10-09 22:21","ObserverRequestProcessor.java","26856","49599","76455"
"2011-07-15 06:50","ObserverRequestProcessor.java","15312","12673","27985"
"2011-10-28 18:37","ObserverRequestProcessor.java","20597","21673","42270"
"2011-04-12 09:14","ObserverRequestProcessor.java","14662","5707","20369"
"2014-07-18 19:46","ObserverRequestProcessor.java","33840","70366","104206"
"2014-03-23 04:12","ObserverRequestProcessor.java","27175","54093","81268"
"2020-03-25 03:38","ObserverRequestProcessor.java","188486","270843","459329"
"2013-09-18 12:58","ClientCnxn.java","54645","45869","100514"
"2015-01-31 08:05","ClientCnxn.java","62193","74723","136916"
"2016-05-02 18:15","ClientCnxn.java","65241","83807","149048"
"2014-01-24 07:18","ClientCnxn.java","55130","53086","108216"
"2019-08-17 17:13","ClientCnxn.java","215738","256985","472723"
"2015-05-10 00:27","ClientCnxn.java","62398","77467","139865"
"2017-12-19 19:27","ClientCnxn.java","68987","95882","164869"
"2019-01-31 15:50","ClientCnxn.java","215673","234587","450260"
"2012-08-02 00:24","ClientCnxn.java","52388","31187","83575"
"2019-04-09 15:35","ClientCnxn.java","215687","237791","453478"
"2013-02-03 15:52","ClientCnxn.java","53997","39157","93154"
"2014-12-20 15:29","ClientCnxn.java","62186","74705","136891"
"2012-03-15 18:01","ClientCnxn.java","49959","26368","76327"
"2019-11-08 17:30","ClientCnxn.java","215738","262599","478337"
"2017-06-08 17:59","ClientCnxn.java","68527","91132","159659"
"2012-09-09 20:24","ClientCnxn.java","52456","31994","84450"
"2019-01-16 14:21","ClientCnxn.java","215673","232900","448573"
"2019-01-07 14:24","ClientCnxn.java","215672","231749","447421"
"2019-03-06 03:32","ClientCnxn.java","215686","236718","452404"
"2010-11-11 18:11","ClientCnxn.java","2157","4871","7028"
"2010-11-10 23:36","ClientCnxn.java","2110","4828","6938"
"2011-09-14 07:43","ClientCnxn.java","43819","20113","63932"
"2011-08-19 00:05","ClientCnxn.java","43614","17688","61302"
"2015-02-06 06:17","ClientCnxn.java","62234","74959","137193"
"2019-02-07 11:26","ClientCnxn.java","215674","235253","450927"
"2018-11-05 19:40","ClientCnxn.java","184612","236964","421576"
"2011-04-12 09:14","ClientCnxn.java","42742","5462","48204"
"2010-11-30 21:16","ClientCnxn.java","2497","5582","8079"
"2020-05-17 15:13","ClientCnxn.java","216813","272005","488818"
"2018-06-25 12:30","ClientCnxn.java","69242","99663","168905"
"2012-12-19 19:16","ClientCnxn.java","53947","38614","92561"
"2020-03-03 03:12","ClientCnxn.java","216811","269793","486604"
"2018-09-10 11:44","ClientCnxn.java","147667","181273","328940"
"2011-09-28 22:17","ClientCnxn.java","46783","21130","67913"
"2015-06-13 02:42","ClientCnxn.java","62588","79119","141707"
"2010-10-21 02:44","ClientCnxn.java","1594","3245","4839"
"2011-05-20 01:17","ClientCnxn.java","42898","6437","49335"
"2014-03-23 04:12","ClientCnxn.java","55305","53898","109203"
"2015-11-09 00:05","ClientCnxn.java","63587","81610","145197"
"2015-12-06 19:58","ClientCnxn.java","63625","81953","145578"
"2020-01-21 17:53","ClientCnxn.java","216811","266054","482865"
"2015-12-05 22:43","ClientCnxn.java","63625","81950","145575"
"2015-12-05 22:32","ClientCnxn.java","63624","81944","145568"
"2019-10-10 14:37","ClientCnxn.java","215738","260738","476476"
"2014-04-01 04:03","ClientCnxn.java","55500","54936","110436"
"2013-09-18 15:14","ClientCnxn.java","54645","45887","100532"
"2013-09-18 04:08","ClientCnxn.java","54645","45783","100428"
"2019-11-21 05:58","ClientCnxn.java","216811","261225","478036"
"2020-04-16 12:50","ClientCnxn.java","216811","271632","488443"
"2018-07-27 05:16","ClientCnxn.java","86037","117610","203647"
"2009-12-15 23:23","ObserverTest.java","974","1552","2526"
"2019-08-17 17:13","ObserverTest.java","154189","257187","411376"
"2018-12-09 03:16","ObserverTest.java","154139","229795","383934"
"2019-06-07 14:13","SessionTest.java","184054","243090","427144"
"2019-08-17 17:13","SessionTest.java","184054","256986","441040"
"2017-09-11 18:55","SessionTest.java","40629","95308","135937"
"2010-11-04 17:01","SessionTest.java","1951","35393","37344"
"2018-09-22 06:48","SessionTest.java","118026","185627","303653"
"2011-10-25 08:09","SessionTest.java","21430","25670","47100"
"2011-04-12 09:14","SessionTest.java","15865","10270","26135"
"2010-08-18 08:24","SessionTest.java","1242","4602","5844"
"2010-10-21 02:44","SessionTest.java","1938","35274","37212"
"2013-12-21 22:05","SessionTest.java","27619","55425","83044"
"2019-10-10 14:37","SessionTest.java","184054","260739","444793"
"2015-07-07 07:11","SessionTest.java","35426","83925","119351"
"2019-12-28 16:17","SessionTest.java","185126","266643","451769"
"2019-10-10 14:37","Observer.java","28279","36613","64892"
"2019-12-27 22:33","Observer.java","34226","47485","81711"
"2019-08-23 19:43","Observer.java","25830","31077","56907"
"2019-08-17 17:13","Observer.java","25828","30409","56237"
"2018-12-09 03:16","FollowerRequestProcessor.java","210375","228698","439073"
"2016-10-07 21:51","FollowerRequestProcessor.java","8785","21916","30701"
"2019-08-17 17:13","FollowerRequestProcessor.java","210485","256150","466635"
"2015-06-04 19:51","FollowerRequestProcessor.java","2585","10665","13250"
"2019-08-01 07:31","FollowerRequestProcessor.java","210485","256821","467306"
"2020-03-25 03:38","FollowerRequestProcessor.java","211927","270377","482304"
"2019-10-10 14:37","FollowerRequestProcessor.java","210485","259903","470388"
"2020-05-05 21:20","FollowerRequestProcessor.java","211927","271408","483335"
"2015-03-08 23:07","FollowerRequestProcessor.java","1467","6165","7632"
"2018-10-16 16:22","QuorumPeerConfig.java","184051","235046","419097"
"2018-12-09 03:16","QuorumPeerConfig.java","203446","228702","432148"
"2019-04-12 19:01","QuorumPeerConfig.java","203540","237945","441485"
"2018-09-11 15:23","QuorumPeerConfig.java","111763","145087","256850"
"2018-12-15 07:34","QuorumPeerConfig.java","203446","228617","432063"
"2019-02-13 13:12","QuorumPeerConfig.java","203467","235011","438478"
"2019-08-17 17:13","QuorumPeerConfig.java","203556","256154","459710"
"2015-03-17 18:06","QuorumPeerConfig.java","3109","15788","18897"
"2017-11-28 00:10","QuorumPeerConfig.java","16908","42491","59399"
"2019-06-05 00:29","QuorumPeerConfig.java","203556","241821","445377"
"2014-09-17 07:34","QuorumPeerConfig.java","2421","11647","14068"
"2020-01-09 11:27","QuorumPeerConfig.java","204996","265697","470693"
"2019-07-12 17:01","QuorumPeerConfig.java","203556","251467","455023"
"2016-11-13 20:59","QuorumPeerConfig.java","10233","32550","42783"
"2019-05-15 11:56","QuorumPeerConfig.java","203540","240892","444432"
"2014-08-19 22:50","QuorumPeerConfig.java","2373","10513","12886"
"2018-10-01 06:11","QuorumPeerConfig.java","112072","149230","261302"
"2017-07-28 00:36","QuorumPeerConfig.java","16251","37414","53665"
"2017-07-06 18:48","QuorumPeerConfig.java","15236","37281","52517"
"2020-01-23 13:43","QuorumPeerConfig.java","204996","267521","472517"
"2014-07-04 04:19","QuorumPeerConfig.java","402","2951","3353"
"2016-06-23 19:42","QuorumPeerConfig.java","8983","26868","35851"
"2015-09-06 20:02","QuorumPeerConfig.java","5240","21431","26671"
"2015-09-29 03:56","QuorumPeerConfig.java","5286","21658","26944"
"2019-10-10 14:37","QuorumPeerConfig.java","203556","259907","463463"
"2018-07-27 12:32","QuorumPeerConfig.java","36336","66833","103169"
"2019-04-18 19:17","QuorumPeerConfig.java","203540","238655","442195"
"2016-11-03 16:07","QuorumPeerConfig.java","10053","30701","40754"
"2014-08-01 07:38","QuorumPeerConfig.java","2177","9782","11959"
"2014-08-14 08:08","QuorumPeerConfig.java","2279","10305","12584"
"2020-02-16 10:25","QuorumPeerConfig.java","204996","268234","473230"
"2020-05-14 18:18","QuorumPeerConfig.java","205007","271470","476477"
"2017-05-11 16:59","QuorumPeerConfig.java","14904","36082","50986"
"2014-05-20 17:10","Environment.java","11719","34136","45855"
"2017-09-11 18:55","Environment.java","24033","67746","91779"
"2019-08-17 17:13","Environment.java","181879","256464","438343"
"2019-06-03 19:40","FollowerZooKeeperServer.java","175294","241990","417284"
"2019-08-17 17:13","FollowerZooKeeperServer.java","175294","256659","431953"
"2019-05-03 00:44","FollowerZooKeeperServer.java","175294","240656","415950"
"2019-06-04 10:55","FollowerZooKeeperServer.java","175294","242143","417437"
"2018-08-06 14:11","FollowerZooKeeperServer.java","44960","104836","149796"
"2018-12-09 03:16","FollowerZooKeeperServer.java","175217","229240","404457"
"2018-11-21 17:56","FollowerZooKeeperServer.java","175216","224671","399887"
"2019-11-28 12:24","FollowerZooKeeperServer.java","176599","262870","439469"
"2019-12-27 22:33","FollowerZooKeeperServer.java","176599","266642","443241"
"2018-07-10 12:46","QuorumTest.java","49562","127808","177370"
"2019-08-17 17:13","QuorumTest.java","168057","257015","425072"
"2010-11-04 17:01","QuorumTest.java","7630","57098","64728"
"2012-12-13 08:14","QuorumTest.java","28377","58734","87111"
"2011-06-22 00:19","QuorumTest.java","19917","32417","52334"
"2011-07-15 06:50","QuorumTest.java","18784","35449","54233"
"2010-08-18 08:24","QuorumTest.java","7389","26775","34164"
"2013-10-09 22:21","QuorumTest.java","29677","71724","101401"
"2010-03-31 06:26","QuorumTest.java","2427","2346","4773"
"2011-09-17 02:13","QuorumTest.java","21821","43568","65389"
"2010-07-29 23:10","QuorumTest.java","5908","20104","26012"
"2011-04-12 09:14","QuorumTest.java","19391","29822","49213"
"2019-10-10 14:37","QuorumTest.java","168057","260768","428825"
"2019-09-18 11:20","QuorumTest.java","168057","259927","427984"
"2019-12-28 16:17","QuorumTest.java","169104","266647","435751"
"2015-11-03 08:11","QuorumTest.java","36970","102345","139315"
"2011-07-29 10:14","QuorumTest.java","18883","38080","56963"
"2020-03-26 18:41","ZooKeeperMain.java","180182","270600","450782"
"2016-10-16 14:21","ZooKeeperMain.java","18525","63669","82194"
"2020-04-01 17:02","ZooKeeperMain.java","180182","270924","451106"
"2013-10-01 23:18","ZooKeeperMain.java","4456","19858","24314"
"2019-10-10 14:37","ZooKeeperMain.java","178872","260255","439127"
"2015-11-22 00:33","ZooKeeperMain.java","14779","56850","71629"
"2020-03-26 22:19","ZooKeeperMain.java","180182","270669","450851"
"2015-11-08 22:54","ZooKeeperMain.java","14669","56447","71116"
"2016-07-27 01:33","ZooKeeperMain.java","17918","61514","79432"
"2014-04-04 00:39","ZooKeeperMain.java","5517","28738","34255"
"2019-11-28 12:24","ZooKeeperMain.java","180182","262718","442900"
"2016-11-13 20:59","ZooKeeperMain.java","18551","65900","84451"
"2019-08-03 08:42","ZooKeeperMain.java","178872","257210","436082"
"2017-07-28 00:36","ZooKeeperMain.java","22926","69121","92047"
"2016-05-02 18:15","ZooKeeperMain.java","17676","60006","77682"
"2015-03-28 20:08","ZooKeeperMain.java","13143","51843","64986"
"2019-08-17 17:13","ZooKeeperMain.java","178872","256502","435374"
"2013-09-02 23:04","ZooKeeperMain.java","4254","18896","23150"
"2018-08-06 14:11","ZooKeeperMain.java","42319","98460","140779"
"2012-03-17 01:31","Transaction.java","370","1875","2245"
"2017-07-28 00:36","Transaction.java","24980","72348","97328"
"2013-02-03 15:52","Transaction.java","5559","15656","21215"
"2019-08-17 17:13","Transaction.java","177847","256650","434497"
"2013-01-25 07:46","NIOServerCnxnFactory.java","12481","34462","46943"
"2015-03-17 18:06","NIOServerCnxnFactory.java","21101","72397","93498"
"2019-07-03 00:44","NIOServerCnxnFactory.java","178405","244945","423350"
"2019-08-17 17:13","NIOServerCnxnFactory.java","178405","256932","435337"
"2012-12-19 19:07","NIOServerCnxnFactory.java","12404","33539","45943"
"2019-08-03 08:42","NIOServerCnxnFactory.java","178405","257640","436045"
"2019-04-22 19:15","NIOServerCnxnFactory.java","178406","239715","418121"
"2014-09-28 19:15","NIOServerCnxnFactory.java","20827","68748","89575"
"2018-11-23 11:51","NIOServerCnxnFactory.java","178339","225639","403978"
"2012-08-28 21:51","NIOServerCnxnFactory.java","10913","27493","38406"
"2019-02-13 13:12","NIOServerCnxnFactory.java","178352","235825","414177"
"2014-07-18 02:19","NIOServerCnxnFactory.java","20643","65966","86609"
"2011-08-19 00:05","NIOServerCnxnFactory.java","1731","13154","14885"
"2013-03-07 07:01","NIOServerCnxnFactory.java","12977","39549","52526"
"2018-10-24 04:03","NIOServerCnxnFactory.java","147149","236662","383811"
"2019-04-12 19:01","NIOServerCnxnFactory.java","178406","238740","417146"
"2018-06-15 08:02","NIOServerCnxnFactory.java","28331","95990","124321"
"2016-06-23 23:45","NIOServerCnxnFactory.java","24093","80978","105071"
"2014-03-23 04:12","NIOServerCnxnFactory.java","13945","49887","63832"
"2011-12-28 07:07","NIOServerCnxnFactory.java","7941","19611","27552"
"2019-10-10 14:37","NIOServerCnxnFactory.java","178405","260685","439090"
"2019-11-14 03:54","NIOServerCnxnFactory.java","178405","264941","443346"
"2019-10-10 14:37","Observer.java","3726","6813","10539"
"2019-12-27 22:33","Observer.java","10015","18027","28042"
"2018-06-08 16:52","ZooKeeperServerMain.java","15343","29366","44709"
"2019-04-18 19:17","ZooKeeperServerMain.java","218375","238477","456852"
"2019-11-11 13:59","ZooKeeperServerMain.java","218423","263418","481841"
"2019-11-28 12:24","ZooKeeperServerMain.java","219937","262428","482365"
"2019-11-25 15:37","ZooKeeperServerMain.java","219937","262330","482267"
"2016-08-13 15:01","ZooKeeperServerMain.java","5834","9784","15618"
"2019-08-17 17:13","ZooKeeperServerMain.java","218393","255978","474371"
"2017-07-28 00:36","ZooKeeperServerMain.java","13692","19842","33534"
"2019-04-12 19:01","ZooKeeperServerMain.java","218375","237767","456142"
"2018-09-11 15:23","ZooKeeperServerMain.java","111641","129952","241593"
"2017-02-12 00:12","ZooKeeperServerMain.java","10805","16901","27706"
"2018-07-10 12:46","QuorumTest.java","36348","97929","134277"
"2019-08-17 17:13","QuorumTest.java","172074","256904","428978"
"2012-12-13 08:14","QuorumTest.java","11516","25208","36724"
"2013-10-09 22:21","QuorumTest.java","13382","38764","52146"
"2011-09-17 02:13","QuorumTest.java","3910","8992","12902"
"2019-10-10 14:37","QuorumTest.java","172074","260657","432731"
"2019-09-18 11:20","QuorumTest.java","172074","259816","431890"
"2019-12-28 16:17","QuorumTest.java","173172","266587","439759"
"2015-11-03 08:11","QuorumTest.java","22451","71161","93612"
"2011-07-29 10:14","QuorumTest.java","156","2688","2844"
"2019-11-11 13:59","ZooKeeperServerMain.java","3935","11345","15280"
"2019-11-28 12:24","ZooKeeperServerMain.java","9316","14222","23538"
"2019-11-25 15:37","ZooKeeperServerMain.java","9275","14083","23358"
"2014-02-12 17:00","FileTxnLog.java","1437","8558","9995"
"2013-12-11 01:10","FileTxnLog.java","1140","5376","6516"
"2018-01-19 00:43","FileTxnLog.java","24381","60303","84684"
"2019-12-27 22:33","FileTxnLog.java","194942","266401","461343"
"2019-10-10 14:37","FileTxnLog.java","193596","260130","453726"
"2018-11-12 22:36","FileTxnLog.java","193495","224368","417863"
"2018-08-01 21:19","FileTxnLog.java","43103","83980","127083"
"2018-04-27 20:28","FileTxnLog.java","24599","62371","86970"
"2018-06-08 16:52","FileTxnLog.java","24731","63950","88681"
"2014-06-30 19:11","FileTxnLog.java","9158","21338","30496"
"2020-01-28 17:26","FileTxnLog.java","194942","268121","463063"
"2019-05-14 17:11","FileTxnLog.java","193580","241028","434608"
"2019-01-07 14:24","FileTxnLog.java","193497","231108","424605"
"2019-04-12 19:01","FileTxnLog.java","193580","238168","431748"
"2017-04-28 07:14","FileTxnLog.java","21260","53451","74711"
"2018-09-06 01:11","FileTxnLog.java","111930","154438","266368"
"2018-09-18 01:00","FileTxnLog.java","112006","156768","268774"
"2016-03-20 19:31","FileTxnLog.java","15293","42542","57835"
"2019-08-17 17:13","FileTxnLog.java","193596","256377","449973"
"2019-06-03 19:40","FileTxnLog.java","193596","241708","435304"
"2018-04-24 00:20","FileTxnLog.java","24494","62179","86673"
"2018-02-14 21:23","FileTxnLog.java","24448","61249","85697"
"2019-08-03 08:42","FileTxnLog.java","193596","257085","450681"
"2019-04-09 15:35","FileTxnLog.java","193517","237155","430672"
"2017-08-03 20:41","FileTxnLog.java","23511","54886","78397"
"2018-02-02 00:26","FileTxnLog.java","24385","60314","84699"
"2017-06-26 00:07","FileTxnLog.java","22407","54136","76543"
"2019-08-17 17:13","MaxCnxnsTest.java","198547","256292","454839"
"2019-06-03 19:40","ZooKeeperServerMainTest.java","226741","240604","467345"
"2019-08-17 17:13","ZooKeeperServerMainTest.java","226742","255274","482016"
"2018-09-11 15:23","ZooKeeperServerMainTest.java","107439","116697","224136"
"2019-08-17 17:13","CommitProcessorMetricsTest.java","29861","46141","76002"
"2019-08-06 01:49","CommitProcessorMetricsTest.java","7579","24743","32322"
"2019-07-30 02:31","CommitProcessorMetricsTest.java","7151","21352","28503"
"2019-10-10 14:37","ObserverZooKeeperServer.java","31771","50040","81811"
"2019-08-17 17:13","ObserverZooKeeperServer.java","29368","43884","73252"
"2019-12-27 22:33","LogChopper.java","158663","186102","344765"
"2019-11-28 12:24","LogChopper.java","158650","182317","340967"
"2019-08-17 17:13","LogChopper.java","155472","174233","329705"
"2019-06-03 19:40","WorkerService.java","231571","239493","471064"
"2019-08-17 17:13","WorkerService.java","231572","254163","485735"
"2020-05-05 21:20","ServerMetrics.java","40399","66228","106627"
"2020-02-26 22:41","ServerMetrics.java","36739","59406","96145"
"2020-03-25 03:38","ServerMetrics.java","36900","61698","98598"
"2019-09-16 23:26","ServerMetrics.java","28445","43477","71922"
"2019-11-18 09:05","ServerMetrics.java","34532","49689","84221"
"2020-05-03 19:43","ServerMetrics.java","37566","63300","100866"
"2019-11-23 17:08","ServerMetrics.java","34726","51440","86166"
"2019-08-17 17:13","ServerMetrics.java","26858","38871","65729"
"2019-07-23 15:55","ServerMetrics.java","1538","9559","11097"
"2019-07-08 23:26","ServerMetrics.java","220","1009","1229"
"2019-07-31 19:06","ServerMetrics.java","3074","14394","17468"
"2017-07-28 00:36","Transaction.java","24806","70669","95475"
"2013-02-03 15:52","Transaction.java","5263","13855","19118"
"2019-08-17 17:13","Transaction.java","179204","256502","435706"
"2019-08-17 17:13","RestoreCommittedLogTest.java","29711","44907","74618"
"2019-08-17 17:13","FLEPredicateTest.java","206595","256154","462749"
"2017-11-28 00:10","FLEPredicateTest.java","15984","38528","54512"
"2019-08-17 17:13","FLEBackwardElectionRoundTest.java","25849","30536","56385"
"2020-05-05 21:20","Request.java","5410","6441","11851"
"2019-08-17 17:13","AsyncOpsTest.java","167976","257015","424991"
"2011-04-12 09:14","AsyncOpsTest.java","17408","27920","45328"
"2012-12-19 19:16","AsyncOpsTest.java","27491","59893","87384"
"2014-06-25 19:06","AsyncOpsTest.java","34669","85602","120271"
"2019-10-10 14:37","AsyncOpsTest.java","167976","260768","428744"
"2019-10-10 14:37","ZooKeeperSaslClient.java","177112","260657","437769"
"2016-03-02 07:46","ZooKeeperSaslClient.java","23742","68486","92228"
"2016-03-05 01:03","ZooKeeperSaslClient.java","23751","67388","91139"
"2015-12-05 22:32","ZooKeeperSaslClient.java","23614","67860","91474"
"2020-02-04 10:39","ZooKeeperSaslClient.java","178210","268486","446696"
"2011-09-27 04:06","ZooKeeperSaslClient.java","3680","3937","7617"
"2012-02-06 09:34","ZooKeeperSaslClient.java","7769","8735","16504"
"2012-09-09 20:24","ZooKeeperSaslClient.java","10972","16436","27408"
"2012-09-28 18:32","ZooKeeperSaslClient.java","10979","16624","27603"
"2019-01-31 15:50","ZooKeeperSaslClient.java","177045","234504","411549"
"2012-08-02 00:24","ZooKeeperSaslClient.java","10802","15527","26329"
"2019-08-03 08:42","ZooKeeperSaslClient.java","177112","257612","434724"
"2014-12-20 15:29","ZooKeeperSaslClient.java","21862","60307","82169"
"2017-11-28 00:10","ZooKeeperSaslClient.java","30580","83357","113937"
"2013-09-18 12:58","ZooKeeperSaslClient.java","13942","31092","45034"
"2013-10-11 21:18","ZooKeeperSaslClient.java","14298","34856","49154"
"2016-05-02 18:15","ZooKeeperSaslClient.java","25274","69766","95040"
"2013-09-28 01:24","ZooKeeperSaslClient.java","13961","31406","45367"
"2019-08-17 17:13","ZooKeeperSaslClient.java","177112","256904","434016"
"2018-09-28 23:38","WatchesReport.java","113030","143477","256507"
"2019-08-17 17:13","WatchesReport.java","210259","256151","466410"
"2020-03-19 17:09","Learner.java","229836","268840","498676"
"2020-02-03 04:30","Learner.java","229836","267335","497171"
"2020-01-23 13:43","Learner.java","229836","266778","496614"
"2020-03-25 03:38","Learner.java","229836","269636","499472"
"2019-11-28 12:24","Learner.java","229834","261755","491589"
"2019-12-27 22:33","Learner.java","229835","265528","495363"
"2020-01-25 18:48","Learner.java","229836","266968","496804"
"2020-05-03 19:43","Learner.java","229897","270633","500530"
"2019-10-10 14:37","Learner.java","228065","258833","486898"
"2019-06-03 19:40","Learner.java","228063","240409","468472"
"2019-07-15 14:15","Learner.java","228064","250498","478562"
"2019-08-23 19:43","Learner.java","228064","255745","483809"
"2019-08-17 17:13","Learner.java","228064","255079","483143"
"2018-05-09 00:54","Learner.java","929","3057","3986"
"2019-04-09 15:35","Learner.java","227954","235826","463780"
"2019-07-12 17:01","Learner.java","228064","250392","478456"
"2019-07-02 07:34","Learner.java","228063","243021","471084"
"2018-10-16 16:22","Learner.java","205782","231194","436976"
"2018-12-09 03:16","Learner.java","227923","227596","455519"
"2019-11-29 14:49","Learner.java","229834","263406","493240"
"2018-11-27 10:02","Learner.java","227923","225272","453195"
"2018-08-06 14:11","Learner.java","22602","28128","50730"
"2018-07-10 12:46","QuorumTest.java","48590","107532","156122"
"2019-08-17 17:13","QuorumTest.java","187413","256985","444398"
"2010-11-04 17:01","QuorumTest.java","711","30793","31504"
"2012-12-13 08:14","QuorumTest.java","25266","36319","61585"
"2011-06-22 00:19","QuorumTest.java","15513","8627","24140"
"2011-07-15 06:50","QuorumTest.java","15312","12673","27985"
"2013-10-09 22:21","QuorumTest.java","26856","49599","76455"
"2011-09-17 02:13","QuorumTest.java","18482","20925","39407"
"2011-04-12 09:14","QuorumTest.java","14662","5707","20369"
"2019-10-10 14:37","QuorumTest.java","187413","260738","448151"
"2019-09-18 11:20","QuorumTest.java","187413","259897","447310"
"2019-12-28 16:17","QuorumTest.java","188486","266643","455129"
"2015-11-03 08:11","QuorumTest.java","35422","81493","116915"
"2011-07-29 10:14","QuorumTest.java","15416","15309","30725"
"2019-10-10 14:37","X509Util.java","27820","34559","62379"
"2019-08-17 17:13","X509Util.java","25352","28338","53690"
"2019-08-17 17:13","CommandExecutor.java","24762","25455","50217"
"2018-11-27 10:02","UnifiedServerSocketTest.java","86631","58568","145199"
"2018-12-15 07:34","UnifiedServerSocketTest.java","87714","61890","149604"
"2019-08-17 17:13","UnifiedServerSocketTest.java","109882","111485","221367"
"2019-08-02 13:55","UnifiedServerSocketTest.java","99472","101762","201234"
"2019-10-10 14:37","ClientTest.java","224681","259003","483684"
"2019-12-28 16:17","ClientTest.java","226307","265461","491768"
"2018-11-22 17:56","ClientTest.java","224561","223827","448388"
"2017-06-30 22:43","ClientTest.java","1239","760","1999"
"2019-03-06 03:32","ClientTest.java","224585","234939","459524"
"2019-08-17 17:13","ClientTest.java","224681","255250","479931"
"2015-10-18 19:00","QuorumPeer.java","5028","18919","23947"
"2018-12-20 15:13","QuorumPeer.java","205996","229615","435611"
"2019-05-16 16:25","QuorumPeer.java","206089","240937","447026"
"2018-10-16 16:22","QuorumPeer.java","186486","234932","421418"
"2019-06-14 09:06","QuorumPeer.java","206105","244152","450257"
"2018-12-07 12:41","QuorumPeer.java","205995","226628","432623"
"2019-03-11 19:47","QuorumPeer.java","206015","236062","442077"
"2014-07-18 02:19","QuorumPeer.java","1203","5360","6563"
"2019-02-13 13:12","QuorumPeer.java","206016","235011","441027"
"2019-04-12 19:01","QuorumPeer.java","206089","237945","444034"
"2018-12-09 03:16","QuorumPeer.java","205995","228702","434697"
"2018-09-11 15:23","QuorumPeer.java","111682","142457","254139"
"2019-11-29 14:49","QuorumPeer.java","207544","264150","471694"
"2018-12-15 07:34","QuorumPeer.java","205995","228617","434612"
"2018-11-27 10:02","QuorumPeer.java","205995","226378","432373"
"2018-09-18 01:00","QuorumPeer.java","111786","143816","255602"
"2019-06-03 19:40","QuorumPeer.java","206105","241485","447590"
"2019-07-15 14:15","QuorumPeer.java","206105","251573","457678"
"2015-03-17 18:06","QuorumPeer.java","2817","12947","15764"
"2019-07-03 00:44","QuorumPeer.java","206105","244167","450272"
"2019-08-17 17:13","QuorumPeer.java","206105","256154","462259"
"2015-06-27 02:03","QuorumPeer.java","3808","16627","20435"
"2017-11-28 00:10","QuorumPeer.java","16770","39804","56574"
"2018-01-30 08:02","QuorumPeer.java","17173","40360","57533"
"2019-05-15 11:56","QuorumPeer.java","206089","240892","446981"
"2019-06-05 00:33","QuorumPeer.java","206105","241875","447980"
"2019-05-20 23:13","QuorumPeer.java","206089","241010","447099"
"2019-06-04 10:55","QuorumPeer.java","206105","241638","447743"
"2019-07-12 17:01","QuorumPeer.java","206105","251467","457572"
"2020-01-09 11:27","QuorumPeer.java","207545","265697","473242"
"2017-02-09 11:40","QuorumPeer.java","11096","32906","44002"
"2017-07-06 18:48","QuorumPeer.java","15094","34590","49684"
"2018-10-01 06:11","QuorumPeer.java","111991","146600","258591"
"2015-04-09 20:16","QuorumPeer.java","2859","14052","16911"
"2018-07-04 17:11","QuorumPeer.java","25722","52470","78192"
"2019-12-17 13:48","QuorumPeer.java","207544","264722","472266"
"2015-12-07 05:59","QuorumPeer.java","5320","19969","25289"
"2020-01-23 13:43","QuorumPeer.java","207545","267521","475066"
"2016-06-23 23:45","QuorumPeer.java","8775","24494","33269"
"2016-06-23 23:25","QuorumPeer.java","8741","24352","33093"
"2014-07-18 20:48","QuorumPeer.java","1423","6039","7462"
"2018-12-06 10:56","QuorumPeer.java","205995","226572","432567"
"2019-10-10 14:37","QuorumPeer.java","206105","259907","466012"
"2017-07-27 23:09","QuorumPeer.java","16095","34605","50700"
"2018-06-26 11:18","QuorumPeer.java","17679","44409","62088"
"2018-07-27 12:32","QuorumPeer.java","36223","64171","100394"
"2019-04-18 19:17","QuorumPeer.java","206089","238655","444744"
"2016-12-20 14:47","QuorumPeer.java","10821","31496","42317"
"2017-05-11 16:59","QuorumPeer.java","14762","33391","48153"
"2014-08-14 08:08","QuorumPeer.java","1940","7417","9357"
"2014-08-01 07:38","QuorumPeer.java","1829","6885","8714"
"2014-07-20 04:50","QuorumPeer.java","1463","6141","7604"
"2016-06-02 00:59","QuorumPeer.java","8683","23925","32608"
"2020-02-16 10:25","QuorumPeer.java","207545","268234","475779"
"2018-12-20 07:24","ClientSSLTest.java","87729","62832","150561"
"2019-01-14 15:36","ClientSSLTest.java","94041","70543","164584"
"2018-12-15 07:34","ClientSSLTest.java","87714","61890","149604"
"2019-08-17 17:13","ClientSSLTest.java","109882","111485","221367"
"2019-06-03 19:40","ClientSSLTest.java","95513","82447","177960"
"2019-06-05 00:29","ClientSSLTest.java","95650","82920","178570"
"2020-03-25 03:38","QuorumBase.java","10199","19231","29430"
"2019-10-10 14:37","ClientCnxnSocketNIO.java","214757","259857","474614"
"2019-04-09 15:35","ClientCnxnSocketNIO.java","214669","236873","451542"
"2019-08-03 08:42","ClientCnxnSocketNIO.java","214757","256812","471569"
"2019-08-17 17:13","ClientCnxnSocketNIO.java","214757","256104","470861"
"2016-05-02 18:15","ClientCnxnSocketNIO.java","6535","12582","19117"
"2018-11-22 17:56","ClientCnxnSocketNIO.java","214646","224690","439336"
"2018-07-10 12:46","QuorumTest.java","32242","68441","100683"
"2019-08-17 17:13","QuorumTest.java","196919","256367","453286"
"2019-10-10 14:37","QuorumTest.java","196919","260120","457039"
"2019-09-18 11:20","QuorumTest.java","196919","259279","456198"
"2019-12-28 16:17","QuorumTest.java","198267","266300","464567"
"2015-11-03 08:11","QuorumTest.java","12752","36080","48832"
"2019-08-17 17:13","Vote.java","180400","256906","437306"
"2014-07-08 05:25","Vote.java","20347","59982","80329"
"2018-12-06 10:56","Vote.java","180334","227368","407702"
"2019-09-18 11:20","DataTreeTest.java","31525","57326","88851"
"2019-12-27 22:33","DataTreeTest.java","37777","69344","107121"
"2019-10-09 16:38","DataTreeTest.java","31654","58040","89694"
"2019-02-07 11:26","DataTreeTest.java","146","1367","1513"
"2019-07-31 19:06","DataTreeTest.java","8249","30445","38694"
"2019-04-12 19:01","DataTreeTest.java","1161","5857","7018"
"2019-09-10 15:21","DataTreeTest.java","31302","55234","86536"
"2019-08-17 17:13","DataTreeTest.java","30054","52943","82997"
"2019-04-12 12:29","DataTreeTest.java","1026","5291","6317"
"2019-08-17 17:13","RemotePeerBean.java","231529","254848","486377"
"2019-11-29 14:49","RemotePeerBean.java","233465","263341","496806"
"2019-08-17 17:13","ZooKeeperSaslServer.java","194259","256367","450626"
"2017-11-28 00:10","ZooKeeperSaslServer.java","23691","58784","82475"
"2019-08-17 17:13","SetCommand.java","30087","52428","82515"
"2019-02-12 15:25","NettyServerCnxnTest.java","8490","18618","27108"
"2019-06-24 11:05","NettyServerCnxnTest.java","11898","30534","42432"
"2019-07-23 15:55","NettyServerCnxnTest.java","14516","41827","56343"
"2019-08-17 17:13","NettyServerCnxnTest.java","36458","67761","104219"
"2019-06-07 14:13","NettyServerCnxnTest.java","10095","27502","37597"
"2019-08-17 17:13","ZooKeeperQuotaTest.java","180510","256905","437415"
"2019-06-07 14:13","ZooKeeperQuotaTest.java","180510","243009","423519"
"2019-07-17 13:42","ZooKeeperQuotaTest.java","180510","252669","433179"
"2018-07-10 12:46","QuorumTest.java","48479","126831","175310"
"2019-08-17 17:13","QuorumTest.java","167976","257015","424991"
"2010-11-04 17:01","QuorumTest.java","5648","55197","60845"
"2012-12-13 08:14","QuorumTest.java","27158","57621","84779"
"2011-06-22 00:19","QuorumTest.java","17991","30572","48563"
"2011-07-15 06:50","QuorumTest.java","17526","34297","51823"
"2010-08-18 08:24","QuorumTest.java","4983","24450","29433"
"2013-10-09 22:21","QuorumTest.java","28459","70612","99071"
"2011-09-17 02:13","QuorumTest.java","20558","42411","62969"
"2010-07-29 23:10","QuorumTest.java","3487","17764","21251"
"2011-04-12 09:14","QuorumTest.java","17408","27920","45328"
"2019-10-10 14:37","QuorumTest.java","167976","260768","428744"
"2019-09-18 11:20","QuorumTest.java","167976","259927","427903"
"2019-12-28 16:17","QuorumTest.java","169023","266647","435670"
"2015-11-03 08:11","QuorumTest.java","35822","101303","137125"
"2011-07-29 10:14","QuorumTest.java","17628","36931","54559"
"2019-09-05 22:59","AsyncCallback.java","31183","55835","87018"
"2019-02-07 11:26","AsyncCallback.java","336","2688","3024"
"2019-08-17 17:13","AsyncCallback.java","30023","54043","84066"
"2019-08-17 17:13","ClientPortBindTest.java","221786","255887","477673"
"2017-01-14 06:32","ClientPortBindTest.java","1939","7513","9452"
"2018-10-08 14:33","ClientPortBindTest.java","200204","229745","429949"
"2016-08-24 01:36","ClientPortBindTest.java","386","620","1006"
"2019-10-10 14:37","ClientPortBindTest.java","221786","259640","481426"
"2020-02-26 22:41","NettyServerCnxnFactory.java","115068","127325","242393"
"2019-10-10 14:37","NettyServerCnxnFactory.java","111293","116649","227942"
"2019-09-10 18:50","NettyServerCnxnFactory.java","110941","113661","224602"
"2019-11-14 03:54","NettyServerCnxnFactory.java","111458","121070","232528"
"2019-02-12 15:25","NettyServerCnxnFactory.java","94327","74755","169082"
"2019-02-15 15:36","NettyServerCnxnFactory.java","94487","75330","169817"
"2019-04-12 19:01","NettyServerCnxnFactory.java","95007","78417","173424"
"2018-11-22 17:56","NettyServerCnxnFactory.java","86461","56761","143222"
"2018-12-15 07:34","NettyServerCnxnFactory.java","87714","61890","149604"
"2019-02-13 13:12","NettyServerCnxnFactory.java","94481","75030","169511"
"2019-08-17 17:13","NettyServerCnxnFactory.java","109882","111485","221367"
"2019-11-23 17:08","NettyServerCnxnFactory.java","113619","119923","233542"
"2019-07-03 00:44","NettyServerCnxnFactory.java","97124","86740","183864"
"2019-06-05 00:29","NettyServerCnxnFactory.java","95650","82920","178570"
"2019-07-23 15:55","NettyServerCnxnFactory.java","98105","95716","193821"
"2019-06-24 11:05","NettyServerCnxnFactory.java","96936","85872","182808"
"2019-08-03 08:42","NettyServerCnxnFactory.java","99637","101948","201585"
"2019-05-03 17:37","QuorumMajorityTest.java","225883","239379","465262"
"2019-08-17 17:13","QuorumMajorityTest.java","225902","255276","481178"
"2019-06-07 14:13","SessionTest.java","178405","243036","421441"
"2019-08-17 17:13","SessionTest.java","178405","256932","435337"
"2017-09-11 18:55","SessionTest.java","27844","88187","116031"
"2018-09-22 06:48","SessionTest.java","107223","180488","287711"
"2011-10-25 08:09","SessionTest.java","6924","16828","23752"
"2013-12-21 22:05","SessionTest.java","13693","47163","60856"
"2019-10-10 14:37","SessionTest.java","178405","260685","439090"
"2015-07-07 07:11","SessionTest.java","22280","76443","98723"
"2019-12-28 16:17","SessionTest.java","179499","266611","446110"
"2019-08-17 17:13","SerializationPerfTest.java","178405","256932","435337"
"2011-06-23 18:01","SerializationPerfTest.java","1186","3281","4467"
"2019-10-10 14:37","SerializationPerfTest.java","178405","260685","439090"
"2019-12-27 22:33","QuorumPeerTestBase.java","228347","265557","493904"
"2019-10-10 14:37","QuorumPeerTestBase.java","226742","259027","485769"
"2019-07-12 17:01","QuorumPeerTestBase.java","226742","250587","477329"
"2019-08-17 17:13","QuorumPeerTestBase.java","226742","255274","482016"
"2017-11-28 00:10","QuorumPeerTestBase.java","7351","8868","16219"
"2017-12-16 01:25","QuorumPeerTestBase.java","7788","9349","17137"
"2018-10-12 10:25","QuorumPeerTestBase.java","204857","228824","433681"
"2018-07-19 05:59","MBeanRegistry.java","34090","47880","81970"
"2019-05-03 17:37","MBeanRegistry.java","219512","240029","459541"
"2019-08-17 17:13","MBeanRegistry.java","219530","255925","475455"
"2019-10-10 14:37","MBeanRegistry.java","219530","259678","479208"
"2019-08-17 17:13","EnsembleAuthenticationProvider.java","26740","38727","65467"
"2019-11-23 17:08","ZooKeeperServer.java","5551","6499","12050"
"2019-12-27 22:33","ZooKeeperServer.java","6378","11303","17681"
"2019-11-18 09:05","ZooKeeperServer.java","5307","4698","10005"
"2019-12-03 10:01","ZooKeeperServer.java","6126","8976","15102"
"2020-03-25 03:38","ZooKeeperServer.java","10199","19231","29430"
"2019-11-28 12:24","ZooKeeperServer.java","5614","6767","12381"
"2019-11-06 15:21","ZooKeeperServer.java","140","356","496"
"2020-04-12 11:14","ZooKeeperServer.java","10887","20672","31559"
"2019-08-17 17:13","CnxnStatResetCommand.java","226243","255276","481519"
"2019-09-20 10:06","TxnLogToolkit.java","31208","52243","83451"
"2019-12-27 22:33","TxnLogToolkit.java","37631","64481","102112"
"2019-11-28 12:24","TxnLogToolkit.java","37204","60282","97486"
"2019-07-09 13:34","TxnLogToolkit.java","4477","11551","16028"
"2019-08-17 17:13","TxnLogToolkit.java","29612","47784","77396"
"2019-11-23 17:08","ZooKeeperServer.java","8987","10669","19656"
"2019-10-09 16:49","ZooKeeperServer.java","2184","2751","4935"
"2019-12-27 22:33","ZooKeeperServer.java","9754","15413","25167"
"2019-11-18 09:05","ZooKeeperServer.java","8744","8869","17613"
"2019-10-10 14:37","ZooKeeperServer.java","3447","4181","7628"
"2019-12-03 10:01","ZooKeeperServer.java","9511","13095","22606"
"2020-03-25 03:38","ZooKeeperServer.java","11920","21686","33606"
"2019-11-28 12:24","ZooKeeperServer.java","9049","10936","19985"
"2019-11-06 15:21","ZooKeeperServer.java","3587","4537","8124"
"2020-04-12 11:14","ZooKeeperServer.java","12604","23123","35727"
"2020-01-23 13:43","QuorumPeerMainTest.java","35201","48645","83846"
"2019-10-10 14:37","QuorumPeerMainTest.java","27747","35017","62764"
"2019-12-28 16:17","QuorumPeerMainTest.java","33882","45984","79866"
"2019-08-17 17:13","QuorumPeerMainTest.java","25290","28807","54097"
"2019-10-10 14:37","JMXEnv.java","31909","60370","92279"
"2019-12-27 22:33","JMXEnv.java","37565","70951","108516"
"2019-08-17 17:13","JMXEnv.java","29911","54619","84530"
"2019-06-03 19:40","JMXEnv.java","2017","12056","14073"
"2014-05-09 23:37","QuorumPeerInstance.java","23619","134070","157689"
"2014-08-14 14:33","QuorumPeerInstance.java","24008","142517","166525"
"2018-07-10 13:29","QuorumPeerInstance.java","33991","173783","207774"
"2018-12-20 07:24","QuorumPeerInstance.java","103678","231156","334834"
"2011-04-12 09:14","QuorumPeerInstance.java","17738","93189","110927"
"2013-10-05 00:17","QuorumPeerInstance.java","22137","123090","145227"
"2015-12-06 21:30","QuorumPeerInstance.java","24311","151873","176184"
"2019-07-12 17:01","QuorumPeerInstance.java","103705","252996","356701"
"2014-11-29 16:53","QuorumPeerInstance.java","24052","145182","169234"
"2014-08-14 09:32","QuorumPeerInstance.java","24008","142517","166525"
"2015-05-10 00:27","QuorumPeerInstance.java","24147","148413","172560"
"2017-09-11 18:55","QuorumPeerInstance.java","27151","159342","186493"
"2019-08-17 17:13","LearnerZooKeeperServer.java","222252","255887","478139"
"2010-01-26 01:17","SessionTrackerImpl.java","11274","112286","123560"
"2009-11-07 01:48","SessionTrackerImpl.java","10669","99761","110430"
"2019-10-10 14:37","SessionTrackerImpl.java","58134","261595","319729"
"2019-09-20 10:02","SessionTrackerImpl.java","58134","260762","318896"
"2011-04-12 09:14","SessionTrackerImpl.java","12766","133947","146713"
"2011-11-14 20:18","SessionTrackerImpl.java","15857","135467","151324"
"2010-08-18 08:24","SessionTrackerImpl.java","12178","142314","154492"
"2013-10-09 22:21","SessionTrackerImpl.java","17028","157539","174567"
"2020-03-26 22:16","SessionTrackerImpl.java","58455","270955","329410"
"2015-03-08 23:07","SessionTrackerImpl.java","18565","177557","196122"
"2014-07-25 00:58","SessionTrackerImpl.java","18478","173192","191670"
"2014-07-23 20:17","SessionTrackerImpl.java","18478","173186","191664"
"2012-09-17 09:53","SessionTrackerImpl.java","16117","141901","158018"
"2015-02-06 06:17","SessionTrackerImpl.java","18556","177374","195930"
"2014-07-18 02:19","SessionTrackerImpl.java","18464","172531","190995"
"2018-09-18 01:00","SessionTrackerImpl.java","44689","226629","271318"
"2009-06-15 22:52","SessionTrackerImpl.java","8957","84087","93044"
"2009-05-20 20:48","SessionTrackerImpl.java","8645","80592","89237"
"2009-06-26 22:29","SessionTrackerImpl.java","9234","92998","102232"
"2019-09-05 23:12","SessionTrackerImpl.java","58134","258761","316895"
"2019-08-17 17:13","SessionTrackerImpl.java","58134","257842","315976"
"2018-08-08 06:21","SessionTrackerImpl.java","28516","207350","235866"
"2018-05-09 23:57","SessionTrackerImpl.java","19173","194821","213994"
"2019-04-22 19:15","SessionTrackerImpl.java","58134","240624","298758"
"2009-01-16 00:48","SessionTrackerImpl.java","7218","39341","46559"
"2012-12-19 19:07","SessionTrackerImpl.java","16679","146558","163237"
"2019-10-10 14:37","ZooKeeperSaslClient.java","177824","260403","438227"
"2016-03-02 07:46","ZooKeeperSaslClient.java","17358","61136","78494"
"2016-03-05 01:03","ZooKeeperSaslClient.java","18499","61170","79669"
"2015-12-05 22:32","ZooKeeperSaslClient.java","17201","60481","77682"
"2020-02-04 10:39","ZooKeeperSaslClient.java","179132","268442","447574"
"2012-09-09 20:24","ZooKeeperSaslClient.java","3466","7964","11430"
"2012-09-28 18:32","ZooKeeperSaslClient.java","3497","8176","11673"
"2019-01-31 15:50","ZooKeeperSaslClient.java","177747","234240","411987"
"2012-08-02 00:24","ZooKeeperSaslClient.java","3246","7005","10251"
"2019-08-03 08:42","ZooKeeperSaslClient.java","177824","257358","435182"
"2014-12-20 15:29","ZooKeeperSaslClient.java","15325","52804","68129"
"2017-11-28 00:10","ZooKeeperSaslClient.java","25625","77436","103061"
"2013-09-18 12:58","ZooKeeperSaslClient.java","6816","23000","29816"
"2013-10-11 21:18","ZooKeeperSaslClient.java","7274","26866","34140"
"2016-05-02 18:15","ZooKeeperSaslClient.java","20097","63623","83720"
"2013-09-28 01:24","ZooKeeperSaslClient.java","6845","23324","30169"
"2019-08-17 17:13","ZooKeeperSaslClient.java","177824","256650","434474"
"2017-06-08 17:51","ClientBase.java","21794","48069","69863"
"2017-04-18 01:37","ClientBase.java","20847","47754","68601"
"2018-09-07 02:49","ClientBase.java","112119","149464","261583"
"2019-07-31 19:06","ClientBase.java","198687","255599","454286"
"2015-02-06 06:17","ClientBase.java","10576","27040","37616"
"2017-09-11 18:55","ClientBase.java","23297","50030","73327"
"2019-08-17 17:13","ClientBase.java","198687","256292","454979"
"2015-03-28 20:08","ClientBase.java","10828","29503","40331"
"2019-06-07 14:13","ClientBase.java","198687","242396","441083"
"2018-04-24 00:20","ClientBase.java","24220","56729","80949"
"2018-08-08 06:21","ClientBase.java","85593","122073","207666"
"2018-05-09 23:57","ClientBase.java","24349","57643","81992"
"2019-06-24 11:05","ClientBase.java","198687","243625","442312"
"2017-01-13 19:29","ClientBase.java","18187","47260","65447"
"2016-06-23 23:25","ClientBase.java","16336","39503","55839"
"2014-01-25 01:17","ClientBase.java","107","1913","2020"
"2019-11-14 16:44","ClientBase.java","198715","264347","463062"
"2019-10-10 14:37","ClientBase.java","198687","260045","458732"
"2016-08-24 01:36","ClientBase.java","17099","40837","57936"
"2015-03-08 23:07","ClientBase.java","10665","27303","37968"
"2012-02-06 09:56","Transaction.java","7866","15640","23506"
"2012-03-17 01:31","Transaction.java","8187","17466","25653"
"2017-07-28 00:36","Transaction.java","28223","83365","111588"
"2013-02-03 15:52","Transaction.java","12400","30271","42671"
"2019-08-17 17:13","Transaction.java","183022","256904","439926"
"2019-08-17 17:13","KeyStoreLoader.java","36682","68806","105488"
"2017-06-08 17:51","ClientBase.java","21836","46305","68141"
"2017-04-18 01:37","ClientBase.java","20886","45987","66873"
"2018-09-07 02:49","ClientBase.java","112202","147741","259943"
"2019-07-31 19:06","ClientBase.java","200493","255599","456092"
"2015-02-06 06:17","ClientBase.java","10558","25216","35774"
"2017-09-11 18:55","ClientBase.java","23342","48269","71611"
"2019-08-17 17:13","ClientBase.java","200493","256292","456785"
"2015-03-28 20:08","ClientBase.java","10811","27680","38491"
"2019-06-07 14:13","ClientBase.java","200493","242396","442889"
"2018-04-24 00:20","ClientBase.java","24265","54968","79233"
"2018-08-08 06:21","ClientBase.java","85660","120334","205994"
"2018-05-09 23:57","ClientBase.java","24394","55882","80276"
"2019-06-24 11:05","ClientBase.java","200493","243625","444118"
"2017-01-13 19:29","ClientBase.java","18203","45470","63673"
"2016-06-23 23:25","ClientBase.java","16338","37699","54037"
"2019-11-14 16:44","ClientBase.java","200521","264347","464868"
"2019-10-10 14:37","ClientBase.java","200493","260045","460538"
"2016-08-24 01:36","ClientBase.java","17104","39036","56140"
"2015-03-08 23:07","ClientBase.java","10647","25479","36126"
"2019-10-10 14:37","X509Util.java","31740","49826","81566"
"2019-07-29 17:09","X509Util.java","5449","16796","22245"
"2019-08-17 17:13","X509Util.java","29333","43666","72999"
"2020-03-26 22:20","WatchBench.java","162277","190762","353039"
"2018-12-20 15:13","QuorumPeer.java","1413","4455","5868"
"2019-05-16 16:25","QuorumPeer.java","9335","23606","32941"
"2019-06-14 09:06","QuorumPeer.java","10343","27813","38156"
"2018-12-07 12:41","QuorumPeer.java","76","132","208"
"2019-03-11 19:47","QuorumPeer.java","8429","17899","26328"
"2019-02-13 13:12","QuorumPeer.java","8360","16778","25138"
"2019-04-12 19:01","QuorumPeer.java","8949","20228","29177"
"2018-12-09 03:16","QuorumPeer.java","461","2591","3052"
"2019-11-29 14:49","QuorumPeer.java","43858","79887","123745"
"2018-12-15 07:34","QuorumPeer.java","1389","3434","4823"
"2019-06-03 19:40","QuorumPeer.java","9577","24380","33957"
"2019-07-15 14:15","QuorumPeer.java","13887","38778","52665"
"2019-07-03 00:44","QuorumPeer.java","12882","30367","43249"
"2019-08-17 17:13","QuorumPeer.java","36462","65934","102396"
"2019-05-15 11:56","QuorumPeer.java","9312","23538","32850"
"2019-06-05 00:33","QuorumPeer.java","9755","24948","34703"
"2019-05-20 23:13","QuorumPeer.java","9377","23721","33098"
"2019-06-04 10:55","QuorumPeer.java","9694","24650","34344"
"2019-07-12 17:01","QuorumPeer.java","13887","38672","52559"
"2020-01-09 11:27","QuorumPeer.java","44845","82420","127265"
"2019-12-17 13:48","QuorumPeer.java","43867","80468","124335"
"2020-01-23 13:43","QuorumPeer.java","45092","84491","129583"
"2019-10-10 14:37","QuorumPeer.java","38440","71665","110105"
"2019-04-18 19:17","QuorumPeer.java","8971","20960","29931"
"2020-02-16 10:25","QuorumPeer.java","45220","85332","130552"
"2020-04-12 11:14","RequestThrottlerTest.java","12604","23123","35727"
"2019-08-17 17:13","WatchedEvent.java","223799","255234","479033"
"2017-07-28 00:36","JRecord.java","38309","108875","147184"
"2019-06-20 20:25","JRecord.java","167551","244309","411860"
"2019-07-29 17:15","JRecord.java","167551","254590","422141"
"2016-11-24 17:18","JRecord.java","36140","108428","144568"
"2017-09-11 18:55","JRecord.java","38480","109609","148089"
"2016-11-25 07:08","JRecord.java","36052","108333","144385"
"2011-07-19 02:59","JRecord.java","15135","34528","49663"
"2020-04-07 17:00","JRecord.java","168623","271450","440073"
"2011-09-02 22:53","JRecord.java","15387","39378","54765"
"2019-06-03 19:40","FollowerZooKeeperServer.java","178405","242263","420668"
"2019-08-17 17:13","FollowerZooKeeperServer.java","178405","256932","435337"
"2019-05-03 00:44","FollowerZooKeeperServer.java","178406","240930","419336"
"2019-06-04 10:55","FollowerZooKeeperServer.java","178405","242416","420821"
"2018-08-06 14:11","FollowerZooKeeperServer.java","45271","114997","160268"
"2018-12-09 03:16","FollowerZooKeeperServer.java","178339","229524","407863"
"2018-11-21 17:56","FollowerZooKeeperServer.java","178338","224955","403293"
"2011-10-20 20:02","FollowerZooKeeperServer.java","6751","16601","23352"
"2019-11-28 12:24","FollowerZooKeeperServer.java","179499","262932","442431"
"2019-12-27 22:33","FollowerZooKeeperServer.java","179499","266704","446203"
"2020-02-26 22:41","NettyServerCnxnFactory.java","39289","70703","109992"
"2019-10-10 14:37","NettyServerCnxnFactory.java","32216","56729","88945"
"2019-09-10 18:50","NettyServerCnxnFactory.java","31387","53264","84651"
"2019-11-14 03:54","NettyServerCnxnFactory.java","32471","61240","93711"
"2019-04-12 19:01","NettyServerCnxnFactory.java","876","3443","4319"
"2019-08-17 17:13","NettyServerCnxnFactory.java","30125","50885","81010"
"2019-11-23 17:08","NettyServerCnxnFactory.java","37512","62973","100485"
"2019-07-03 00:44","NettyServerCnxnFactory.java","5199","13972","19171"
"2019-06-05 00:29","NettyServerCnxnFactory.java","1815","8242","10057"
"2019-07-23 15:55","NettyServerCnxnFactory.java","6566","23334","29900"
"2019-06-24 11:05","NettyServerCnxnFactory.java","3924","12017","15941"
"2019-08-03 08:42","NettyServerCnxnFactory.java","8357","29825","38182"
"2019-10-10 14:37","FourLetterWordsTest.java","218737","259720","478457"
"2015-11-08 22:36","FourLetterWordsTest.java","371","1679","2050"
"2015-07-05 06:05","FourLetterWordsTest.java","20","90","110"
"2019-08-17 17:13","FourLetterWordsTest.java","218737","255967","474704"
"2019-05-08 21:54","FourLetterWordsTest.java","218719","240451","459170"
"2015-07-10 08:19","FourLetterWordsTest.java","194","519","713"
"2013-09-18 12:58","ClientCnxn.java","55257","43465","98722"
"2015-01-31 08:05","ClientCnxn.java","62863","72377","135240"
"2016-05-02 18:15","ClientCnxn.java","65966","81516","147482"
"2014-01-24 07:18","ClientCnxn.java","55746","50686","106432"
"2019-08-17 17:13","ClientCnxn.java","218823","256985","475808"
"2015-05-10 00:27","ClientCnxn.java","63083","75136","138219"
"2017-12-19 19:27","ClientCnxn.java","69826","93705","163531"
"2019-01-31 15:50","ClientCnxn.java","218758","234587","453345"
"2012-08-02 00:24","ClientCnxn.java","52925","28708","81633"
"2019-04-09 15:35","ClientCnxn.java","218772","237791","456563"
"2013-02-03 15:52","ClientCnxn.java","54581","36725","91306"
"2014-12-20 15:29","ClientCnxn.java","62856","72359","135215"
"2012-03-15 18:01","ClientCnxn.java","50474","23867","74341"
"2019-11-08 17:30","ClientCnxn.java","218823","262599","481422"
"2017-06-08 17:59","ClientCnxn.java","69346","88935","158281"
"2012-09-09 20:24","ClientCnxn.java","53006","29528","82534"
"2019-01-16 14:21","ClientCnxn.java","218758","232900","451658"
"2019-01-07 14:24","ClientCnxn.java","218757","231749","450506"
"2019-03-06 03:32","ClientCnxn.java","218771","236718","455489"
"2011-09-14 07:43","ClientCnxn.java","44281","17559","61840"
"2011-08-19 00:05","ClientCnxn.java","44068","15126","59194"
"2015-02-06 06:17","ClientCnxn.java","62913","72622","135535"
"2019-02-07 11:26","ClientCnxn.java","218759","235253","454012"
"2018-11-05 19:40","ClientCnxn.java","187568","236904","424472"
"2011-04-12 09:14","ClientCnxn.java","42638","2273","44911"
"2020-05-17 15:13","ClientCnxn.java","219898","272005","491903"
"2018-06-25 12:30","ClientCnxn.java","70085","97490","167575"
"2012-12-19 19:16","ClientCnxn.java","54519","36170","90689"
"2020-03-03 03:12","ClientCnxn.java","219896","269793","489689"
"2018-09-10 11:44","ClientCnxn.java","148606","179196","327802"
"2011-09-28 22:17","ClientCnxn.java","47293","18624","65917"
"2015-06-13 02:42","ClientCnxn.java","63286","76801","140087"
"2011-05-20 01:17","ClientCnxn.java","42825","3279","46104"
"2014-03-23 04:12","ClientCnxn.java","55919","51496","107415"
"2015-11-09 00:05","ClientCnxn.java","64291","79298","143589"
"2015-12-06 19:58","ClientCnxn.java","64329","79641","143970"
"2020-01-21 17:53","ClientCnxn.java","219896","266054","485950"
"2015-12-05 22:43","ClientCnxn.java","64329","79638","143967"
"2015-12-05 22:32","ClientCnxn.java","64328","79632","143960"
"2019-10-10 14:37","ClientCnxn.java","218823","260738","479561"
"2014-04-01 04:03","ClientCnxn.java","56114","52534","108648"
"2013-09-18 15:14","ClientCnxn.java","55257","43483","98740"
"2013-09-18 04:08","ClientCnxn.java","55257","43379","98636"
"2019-11-21 05:58","ClientCnxn.java","219896","261225","481121"
"2020-04-16 12:50","ClientCnxn.java","219896","271632","491528"
"2018-07-27 05:16","ClientCnxn.java","86927","115484","202411"
"2019-12-27 22:33","FileTxnSnapLog.java","84322","266840","351162"
"2009-11-07 08:16","FileTxnSnapLog.java","12154","75402","87556"
"2019-10-10 14:37","FileTxnSnapLog.java","83866","261459","345325"
"2019-12-13 08:51","FileTxnSnapLog.java","84322","264877","349199"
"2017-01-07 01:09","FileTxnSnapLog.java","21406","172820","194226"
"2011-07-13 15:48","FileTxnSnapLog.java","13269","108535","121804"
"2014-02-12 17:00","FileTxnSnapLog.java","18973","143462","162435"
"2012-03-06 09:20","FileTxnSnapLog.java","17808","119572","137380"
"2020-01-23 16:46","FileTxnSnapLog.java","84322","268089","352411"
"2020-01-28 17:26","FileTxnSnapLog.java","84322","268560","352882"
"2011-10-20 20:02","FileTxnSnapLog.java","17409","116193","133602"
"2016-09-18 23:21","FileTxnSnapLog.java","21210","168152","189362"
"2017-01-23 02:13","FileTxnSnapLog.java","21422","173240","194662"
"2011-04-12 09:14","FileTxnSnapLog.java","14992","110305","125297"
"2018-06-08 16:52","FileTxnSnapLog.java","22178","178765","200943"
"2019-09-02 08:23","FileTxnSnapLog.java","83866","258363","342229"
"2011-12-21 21:39","FileTxnSnapLog.java","17576","118057","135633"
"2017-04-28 07:14","FileTxnSnapLog.java","21728","171287","193015"
"2019-07-31 19:06","FileTxnSnapLog.java","83866","257013","340879"
"2018-07-30 06:22","FileTxnSnapLog.java","27990","186232","214222"
"2012-02-06 09:40","FileTxnSnapLog.java","17686","119028","136714"
"2012-07-17 23:25","FileTxnSnapLog.java","17973","123038","141011"
"2020-01-30 09:43","FileTxnSnapLog.java","84322","268636","352958"
"2019-05-14 17:11","FileTxnSnapLog.java","83867","242374","326241"
"2010-03-12 23:36","FileTxnSnapLog.java","13083","97686","110769"
"2008-10-21 06:36","FileTxnSnapLog.java","11","219","230"
"2013-06-28 23:22","FileTxnSnapLog.java","18909","136277","155186"
"2014-02-10 21:50","FileTxnSnapLog.java","18956","143333","162289"
"2019-05-21 23:34","FileTxnSnapLog.java","83867","242695","326562"
"2009-02-20 01:23","FileTxnSnapLog.java","8493","28355","36848"
"2019-05-27 10:54","FileTxnSnapLog.java","83867","243027","326894"
"2009-01-31 02:18","FileTxnSnapLog.java","7580","24630","32210"
"2008-12-10 22:55","FileTxnSnapLog.java","3071","9684","12755"
"2017-01-13 19:29","FileTxnSnapLog.java","21416","173033","194449"
"2017-06-26 00:07","FileTxnSnapLog.java","21974","171071","193045"
"2018-02-23 23:49","FileTxnSnapLog.java","22142","176475","198617"
"2017-08-18 06:32","FileTxnSnapLog.java","22024","171123","193147"
"2009-06-18 18:37","FileTxnSnapLog.java","10110","60443","70553"
"2019-08-17 17:13","FileTxnSnapLog.java","83866","257706","341572"
"2009-06-15 22:52","FileTxnSnapLog.java","9887","59149","69036"
"2018-02-14 21:23","FileTxnSnapLog.java","22142","176311","198453"
"2018-11-22 17:56","NettyServerCnxnTest.java","145394","134355","279749"
"2019-02-12 15:25","NettyServerCnxnTest.java","151741","150830","302571"
"2019-06-24 11:05","NettyServerCnxnTest.java","153293","160890","314183"
"2019-07-23 15:55","NettyServerCnxnTest.java","153299","169571","322870"
"2019-08-17 17:13","NettyServerCnxnTest.java","153969","174233","328202"
"2019-06-07 14:13","NettyServerCnxnTest.java","152065","158433","310498"
"2011-04-29 18:12","QuorumCnxManager.java","22927","59159","82086"
"2011-12-28 01:26","QuorumCnxManager.java","26557","72580","99137"
"2019-11-29 14:49","QuorumCnxManager.java","143706","264687","408393"
"2013-03-07 07:01","QuorumCnxManager.java","29686","90663","120349"
"2018-07-11 06:04","QuorumCnxManager.java","43625","145983","189608"
"2018-08-06 14:11","QuorumCnxManager.java","48315","152446","200761"
"2010-11-17 15:59","QuorumCnxManager.java","18536","94411","112947"
"2012-06-29 22:08","QuorumCnxManager.java","28289","77471","105760"
"2018-10-16 16:22","QuorumCnxManager.java","115492","239509","355001"
"2019-06-14 09:06","QuorumCnxManager.java","143066","245488","388554"
"2019-08-03 08:42","QuorumCnxManager.java","143066","258198","401264"
"2019-11-13 20:41","QuorumCnxManager.java","143066","265209","408275"
"2019-04-09 16:08","QuorumCnxManager.java","143030","238310","381340"
"2019-08-06 12:52","QuorumCnxManager.java","143066","258463","401529"
"2017-02-09 11:40","QuorumCnxManager.java","34916","132297","167213"
"2019-05-20 23:13","QuorumCnxManager.java","143066","242362","385428"
"2015-04-09 20:16","QuorumCnxManager.java","32368","119132","151500"
"2017-08-23 02:16","QuorumCnxManager.java","36235","130920","167155"
"2019-07-27 20:04","QuorumCnxManager.java","143066","254021","397087"
"2015-05-29 23:46","QuorumCnxManager.java","32439","119719","152158"
"2015-05-14 07:10","QuorumCnxManager.java","32446","119430","151876"
"2020-03-12 14:47","QuorumCnxManager.java","143706","270073","413779"
"2019-08-17 17:13","QuorumCnxManager.java","143066","257490","400556"
"2017-11-28 00:10","QuorumCnxManager.java","36353","134958","171311"
"2009-11-18 20:06","QuorumCnxManager.java","3674","15100","18774"
"2009-10-27 22:14","QuorumCnxManager.java","1575","3882","5457"
"2009-12-15 23:23","QuorumCnxManager.java","4523","16527","21050"
"2019-10-10 14:37","QuorumCnxManager.java","143066","261243","404309"
"2014-07-23 19:36","QuorumCnxManager.java","32161","112492","144653"
"2017-06-09 18:37","QuorumCnxManager.java","36133","130522","166655"
"2020-01-23 13:43","QuorumCnxManager.java","143706","268057","411763"
"2014-03-23 04:12","QuorumCnxManager.java","30307","100654","130961"
"2010-01-19 21:06","QuorumCnxManager.java","5126","20146","25272"
"2010-01-21 04:08","QuorumCnxManager.java","5144","20170","25314"
"2014-07-08 05:25","QuorumCnxManager.java","32065","108126","140191"
"2019-11-28 12:24","QuorumCnxManager.java","143706","263036","406742"
"2014-06-25 15:04","QuorumCnxManager.java","31724","106149","137873"
"2011-08-15 02:44","QuorumCnxManager.java","21793","65423","87216"
"2016-06-08 17:43","QuorumCnxManager.java","34210","125022","159232"
"2020-03-23 16:20","QuorumCnxManager.java","143706","270244","413950"
"2020-02-16 10:25","QuorumCnxManager.java","143706","268770","412476"
"2014-07-22 06:45","QuorumCnxManager.java","32160","112416","144576"
"2011-04-12 09:14","QuorumCnxManager.java","22879","58776","81655"
"2010-10-06 19:01","QuorumCnxManager.java","17952","91220","109172"
"2018-07-27 12:32","QuorumCnxManager.java","48285","151804","200089"
"2010-10-20 00:32","QuorumCnxManager.java","17972","92733","110705"
"2011-03-16 19:49","QuorumCnxManager.java","18753","96123","114876"
"2017-07-28 00:36","JRecord.java","31227","77802","109029"
"2019-06-20 20:25","JRecord.java","178755","244084","422839"
"2019-07-29 17:15","JRecord.java","178755","254365","433120"
"2016-11-24 17:18","JRecord.java","27635","75932","103567"
"2017-09-11 18:55","JRecord.java","31420","78558","109978"
"2016-11-25 07:08","JRecord.java","27544","75834","103378"
"2020-04-07 17:00","JRecord.java","179961","271359","451320"
"2014-11-29 16:53","Log4JSource.java","33668","82713","116381"
"2011-04-12 09:14","Log4JSource.java","15093","14925","30018"
"2011-04-29 18:12","QuorumCnxManager.java","22867","59845","82712"
"2011-12-28 01:26","QuorumCnxManager.java","26442","73211","99653"
"2019-11-29 14:49","QuorumCnxManager.java","142969","264696","407665"
"2013-03-07 07:01","QuorumCnxManager.java","29488","91211","120699"
"2018-07-11 06:04","QuorumCnxManager.java","43303","146407","189710"
"2018-08-06 14:11","QuorumCnxManager.java","47986","152863","200849"
"2010-11-17 15:59","QuorumCnxManager.java","18497","95118","113615"
"2012-06-29 22:08","QuorumCnxManager.java","28150","78078","106228"
"2018-10-16 16:22","QuorumCnxManager.java","114755","239518","354273"
"2019-06-14 09:06","QuorumCnxManager.java","142329","245497","387826"
"2019-08-03 08:42","QuorumCnxManager.java","142329","258207","400536"
"2019-11-13 20:41","QuorumCnxManager.java","142329","265218","407547"
"2019-04-09 16:08","QuorumCnxManager.java","142293","238319","380612"
"2019-08-06 12:52","QuorumCnxManager.java","142329","258472","400801"
"2017-02-09 11:40","QuorumCnxManager.java","34626","132753","167379"
"2019-05-20 23:13","QuorumCnxManager.java","142329","242371","384700"
"2015-04-09 20:16","QuorumCnxManager.java","32083","119593","151676"
"2017-08-23 02:16","QuorumCnxManager.java","35915","131346","167261"
"2019-07-27 20:04","QuorumCnxManager.java","142329","254030","396359"
"2015-05-29 23:46","QuorumCnxManager.java","32154","120180","152334"
"2015-05-14 07:10","QuorumCnxManager.java","32161","119891","152052"
"2020-03-12 14:47","QuorumCnxManager.java","142969","270082","413051"
"2019-08-17 17:13","QuorumCnxManager.java","142329","257499","399828"
"2017-11-28 00:10","QuorumCnxManager.java","36032","135383","171415"
"2009-11-18 20:06","QuorumCnxManager.java","3727","15899","19626"
"2009-10-27 22:14","QuorumCnxManager.java","1648","4701","6349"
"2009-12-15 23:23","QuorumCnxManager.java","4580","17330","21910"
"2009-08-11 00:24","QuorumCnxManager.java","121","867","988"
"2019-10-10 14:37","QuorumCnxManager.java","142329","261252","403581"
"2014-07-23 19:36","QuorumCnxManager.java","31876","112953","144829"
"2017-06-09 18:37","QuorumCnxManager.java","35813","130948","166761"
"2020-01-23 13:43","QuorumCnxManager.java","142969","268066","411035"
"2014-03-23 04:12","QuorumCnxManager.java","30105","101198","131303"
"2010-01-19 21:06","QuorumCnxManager.java","5179","20945","26124"
"2010-01-21 04:08","QuorumCnxManager.java","5197","20969","26166"
"2014-07-08 05:25","QuorumCnxManager.java","31780","108587","140367"
"2019-11-28 12:24","QuorumCnxManager.java","142969","263045","406014"
"2014-06-25 15:04","QuorumCnxManager.java","31522","106693","138215"
"2011-08-15 02:44","QuorumCnxManager.java","21723","66099","87822"
"2016-06-08 17:43","QuorumCnxManager.java","33924","125482","159406"
"2020-03-23 16:20","QuorumCnxManager.java","142969","270253","413222"
"2020-02-16 10:25","QuorumCnxManager.java","142969","268779","411748"
"2014-07-22 06:45","QuorumCnxManager.java","31875","112877","144752"
"2011-04-12 09:14","QuorumCnxManager.java","22831","59474","82305"
"2010-10-06 19:01","QuorumCnxManager.java","17914","91928","109842"
"2018-07-27 12:32","QuorumCnxManager.java","47956","152221","200177"
"2010-10-20 00:32","QuorumCnxManager.java","17934","93441","111375"
"2011-03-16 19:49","QuorumCnxManager.java","18713","96829","115542"
"2018-07-10 13:29","QuorumPeerInstance.java","25782","44444","70226"
"2018-12-20 07:24","QuorumPeerInstance.java","214061","229494","443555"
"2015-12-06 21:30","QuorumPeerInstance.java","3429","9861","13290"
"2019-07-12 17:01","QuorumPeerInstance.java","214171","251417","465588"
"2015-05-10 00:27","QuorumPeerInstance.java","885","4021","4906"
"2017-09-11 18:55","QuorumPeerInstance.java","15347","26408","41755"
"2018-09-11 15:23","ServerConfig.java","111388","171737","283125"
"2019-04-12 19:01","ServerConfig.java","177120","238550","415670"
"2019-02-13 13:12","ServerConfig.java","177071","235640","412711"
"2017-07-28 00:36","ServerConfig.java","28187","76375","104562"
"2019-05-15 11:56","ServerConfig.java","177120","241497","418617"
"2019-08-17 17:13","ServerConfig.java","177119","256742","433861"
"2015-03-17 18:06","ServerConfig.java","18852","58556","77408"
"2016-12-22 04:10","ServerConfig.java","24566","75150","99716"
"2019-04-18 19:17","ServerConfig.java","177120","239260","416380"
"2011-04-12 09:14","ZooKeeperService.java","15865","10270","26135"
"2019-12-17 13:48","Zab1_0Test.java","232758","263913","496671"
"2019-12-27 22:33","Zab1_0Test.java","232759","265463","498222"
"2019-10-10 14:37","Zab1_0Test.java","230897","258676","489573"
"2019-08-17 17:13","Zab1_0Test.java","230896","254922","485818"
"2019-06-03 19:40","Zab1_0Test.java","230895","240252","471147"
"2019-08-01 07:31","ObserverRequestProcessor.java","172074","257575","429649"
"2019-08-17 17:13","ObserverRequestProcessor.java","172074","256904","428978"
"2015-06-04 19:51","ObserverRequestProcessor.java","21330","68575","89905"
"2016-10-07 21:51","ObserverRequestProcessor.java","24694","76990","101684"
"2013-03-07 07:01","ObserverRequestProcessor.java","12707","32894","45601"
"2015-03-08 23:07","ObserverRequestProcessor.java","20924","64787","85711"
"2013-10-09 22:21","ObserverRequestProcessor.java","13382","38764","52146"
"2011-10-28 18:37","ObserverRequestProcessor.java","6407","10122","16529"
"2014-07-18 19:46","ObserverRequestProcessor.java","20515","59680","80195"
"2014-03-23 04:12","ObserverRequestProcessor.java","13782","43339","57121"
"2020-03-25 03:38","ObserverRequestProcessor.java","173172","270787","443959"
"2014-11-29 16:53","Log4JSource.java","33673","82724","116397"
"2010-06-25 22:08","Log4JSource.java","8","14","22"
"2011-04-12 09:14","Log4JSource.java","15099","14937","30036"
"2019-10-10 14:37","PortForwarder.java","3717","7470","11187"
"2019-10-10 14:37","FourLetterWordsTest.java","217153","259836","476989"
"2015-11-08 22:36","FourLetterWordsTest.java","2652","5660","8312"
"2015-07-05 06:05","FourLetterWordsTest.java","2309","4079","6388"
"2015-06-28 21:09","FourLetterWordsTest.java","2289","3989","6278"
"2019-08-17 17:13","FourLetterWordsTest.java","217153","256083","473236"
"2019-05-08 21:54","FourLetterWordsTest.java","217136","240568","457704"
"2015-07-10 08:19","FourLetterWordsTest.java","2480","4505","6985"
"2019-08-17 17:13","ReconfigRecoveryTest.java","224697","255250","479947"
"2017-09-11 18:55","ReconfigRecoveryTest.java","1817","1498","3315"
"2020-05-05 21:20","ServerMetrics.java","8491","17606","26097"
"2020-02-26 22:41","ServerMetrics.java","4575","10528","15103"
"2020-03-25 03:38","ServerMetrics.java","4786","12870","17656"
"2020-05-03 19:43","ServerMetrics.java","5532","14552","20084"
"2011-10-25 08:09","InstanceManager.java","20906","105170","126076"
"2011-04-12 09:14","InstanceManager.java","18214","96641","114855"
"2010-03-19 18:29","InstanceManager.java","13502","81607","95109"
"2017-09-11 18:55","InstanceManager.java","27354","162057","189411"
"2015-02-06 06:17","InstanceManager.java","24394","148828","173222"
"2019-08-17 17:13","InstanceManager.java","100735","257689","358424"
"2019-10-10 14:37","ZKDatabase.java","32058","51144","83202"
"2019-12-27 22:33","ZKDatabase.java","37966","61977","99943"
"2019-11-08 17:30","ZKDatabase.java","32230","53177","85407"
"2019-08-17 17:13","ZKDatabase.java","29675","45008","74683"
"2019-09-10 00:27","ZKDatabase.java","30956","47229","78185"
"2019-05-08 21:54","ZKTestCase.java","168110","241518","409628"
"2019-08-06 17:11","ZKTestCase.java","168109","258116","426225"
"2019-08-17 17:13","ZKTestCase.java","168109","257015","425124"
"2017-03-04 19:22","ZKTestCase.java","39659","110104","149763"
"2014-07-18 02:19","ZKTestCase.java","35202","90778","125980"
"2018-12-09 03:16","ZKTestCase.java","168051","229615","397666"
"2011-04-12 09:14","ZKTestCase.java","17412","27791","45203"
"2019-10-10 14:37","ZKTestCase.java","168109","260768","428877"
"2019-11-14 16:44","ZKTestCase.java","168109","265042","433151"
"2019-11-28 12:24","ZKTestCase.java","169156","262968","432124"
"2019-08-17 17:13","QuorumHammerTest.java","174606","256904","431510"
"2019-09-16 23:26","ZooKeeperServerMXBean.java","31280","49099","80379"
"2019-11-14 03:54","ZooKeeperServerMXBean.java","32379","55188","87567"
"2020-03-25 03:38","ZooKeeperServerMXBean.java","39646","67231","106877"
"2019-07-30 02:31","ZooKeeperServerMXBean.java","6739","19460","26199"
"2019-08-17 17:13","ZooKeeperServerMXBean.java","29720","44520","74240"
"2019-07-08 23:26","ZooKeeperServerMXBean.java","4010","7586","11596"
"2018-09-15 00:08","ZooKeeperServer.java","111703","154719","266422"
"2019-04-12 19:01","ZooKeeperServer.java","194663","238158","432821"
"2019-07-31 19:06","ZooKeeperServer.java","194679","255674","450353"
"2019-09-11 10:27","ZooKeeperServer.java","194679","257723","452402"
"2019-01-14 19:38","ZooKeeperServer.java","194580","231560","426140"
"2019-01-07 15:34","ZooKeeperServer.java","194580","231161","425741"
"2018-11-21 17:56","ZooKeeperServer.java","194578","224356","418934"
"2017-04-28 07:14","ZooKeeperServer.java","20853","51951","72804"
"2017-02-12 00:12","ZooKeeperServer.java","20782","50981","71763"
"2014-07-18 02:19","ZooKeeperServer.java","9836","25632","35468"
"2013-12-11 19:22","ZooKeeperServer.java","477","4111","4588"
"2019-02-13 13:12","ZooKeeperServer.java","194600","235234","429834"
"2016-11-24 17:18","ZooKeeperServer.java","18155","50130","68285"
"2018-07-19 05:59","ZooKeeperServer.java","42734","81817","124551"
"2018-09-18 01:00","ZooKeeperServer.java","111763","155432","267195"
"2019-03-04 08:07","ZooKeeperServer.java","194599","235810","430409"
"2019-07-08 23:26","ZooKeeperServer.java","194679","245143","439822"
"2019-01-23 14:00","ZooKeeperServer.java","194581","232996","427577"
"2019-02-13 13:19","ZooKeeperServer.java","194600","235520","430120"
"2019-05-14 17:11","ZooKeeperServer.java","194663","241018","435681"
"2015-07-10 08:19","ZooKeeperServer.java","12825","37608","50433"
"2019-06-04 10:55","ZooKeeperServer.java","194679","241851","436530"
"2019-04-09 15:35","ZooKeeperServer.java","194600","237145","431745"
"2019-08-03 08:42","ZooKeeperServer.java","194679","257075","451754"
"2019-05-15 11:56","ZooKeeperServer.java","194663","241105","435768"
"2019-05-22 11:39","ZooKeeperServer.java","194663","241551","436214"
"2019-04-22 19:15","ZooKeeperServer.java","194663","239133","433796"
"2018-02-23 23:49","ZooKeeperServer.java","24140","60012","84152"
"2016-11-16 06:21","ZooKeeperServer.java","17588","49542","67130"
"2017-08-18 06:32","ZooKeeperServer.java","23128","53766","76894"
"2017-06-26 00:16","ZooKeeperServer.java","22015","52645","74660"
"2019-09-10 04:26","ZooKeeperServer.java","194679","257412","452091"
"2019-08-17 17:13","ZooKeeperServer.java","194679","256367","451046"
"2019-09-05 23:12","ZooKeeperServer.java","194679","257286","451965"
"2019-09-10 15:21","ZooKeeperServer.java","194679","257410","452089"
"2019-08-01 07:31","ZooKeeperServer.java","194679","257038","451717"
"2019-08-01 07:28","ZooKeeperServer.java","194679","256548","451227"
"2019-06-03 19:40","ZooKeeperServer.java","194679","241698","436377"
"2015-03-17 18:06","ZooKeeperServer.java","11154","32923","44077"
"2019-11-23 17:08","ZooKeeperServer.java","196027","262416","458443"
"2019-10-09 16:49","ZooKeeperServer.java","194679","259953","454632"
"2019-07-03 00:44","ZooKeeperServer.java","194679","244380","439059"
"2018-01-19 01:12","ZooKeeperServer.java","24054","58884","82938"
"2019-07-24 18:00","ZooKeeperServer.java","194679","252822","447501"
"2018-08-08 06:21","ZooKeeperServer.java","85273","125836","211109"
"2018-05-09 23:57","ZooKeeperServer.java","24291","61668","85959"
"2019-12-27 22:33","ZooKeeperServer.java","196027","266393","462420"
"2016-08-13 15:01","ZooKeeperServer.java","16970","45023","61993"
"2018-09-11 00:17","ZooKeeperServer.java","111692","153159","264851"
"2019-11-18 09:05","ZooKeeperServer.java","196027","260859","456886"
"2019-10-10 14:37","ZooKeeperServer.java","194679","260120","454799"
"2019-09-16 23:26","ZooKeeperServer.java","194679","259386","454065"
"2017-06-23 18:39","ZooKeeperServer.java","21949","52599","74548"
"2019-12-03 10:01","ZooKeeperServer.java","196027","264318","460345"
"2020-03-25 03:38","ZooKeeperServer.java","196027","270500","466527"
"2019-11-28 12:24","ZooKeeperServer.java","196027","262621","458648"
"2019-11-06 15:21","ZooKeeperServer.java","194707","260364","455071"
"2020-04-12 11:14","ZooKeeperServer.java","196027","271253","467280"
"2013-10-09 22:21","ZooKeeperServer.java","272","2512","2784"
"2015-03-08 23:07","ZooKeeperServer.java","11022","31743","42765"
"2018-06-08 16:52","ZooKeeperServer.java","24411","62537","86948"
"2018-06-15 07:41","ZooKeeperServer.java","24417","62546","86963"
"2018-07-28 04:37","ZooKeeperServer.java","42804","82463","125267"
"2019-04-18 19:17","ZooKeeperServer.java","194663","238868","433531"
"2014-03-25 22:13","ZooKeeperServer.java","1041","7692","8733"
"2019-08-17 17:13","TestableZooKeeper.java","229927","255010","484937"
"2019-03-06 03:32","TestableZooKeeper.java","229815","234683","464498"
"2020-05-17 15:13","TestableZooKeeper.java","231796","270824","502620"
"2018-09-15 00:08","ZooKeeperServer.java","102780","115146","217926"
"2019-04-12 19:01","ZooKeeperServer.java","224193","237038","461231"
"2019-07-31 19:06","ZooKeeperServer.java","224212","254557","478769"
"2019-09-11 10:27","ZooKeeperServer.java","224212","256606","480818"
"2019-01-14 19:38","ZooKeeperServer.java","224093","230423","454516"
"2019-01-07 15:34","ZooKeeperServer.java","224093","230024","454117"
"2018-11-21 17:56","ZooKeeperServer.java","224091","223219","447310"
"2019-02-13 13:12","ZooKeeperServer.java","224115","234099","458214"
"2018-07-19 05:59","ZooKeeperServer.java","24477","32910","57387"
"2018-09-18 01:00","ZooKeeperServer.java","102892","115911","218803"
"2019-03-04 08:07","ZooKeeperServer.java","224116","234677","458793"
"2019-07-08 23:26","ZooKeeperServer.java","224211","244025","468236"
"2019-01-23 14:00","ZooKeeperServer.java","224094","231859","455953"
"2019-02-13 13:19","ZooKeeperServer.java","224115","234385","458500"
"2019-05-14 17:11","ZooKeeperServer.java","224193","239898","464091"
"2019-06-04 10:55","ZooKeeperServer.java","224211","240733","464944"
"2019-04-09 15:35","ZooKeeperServer.java","224118","236013","460131"
"2019-08-03 08:42","ZooKeeperServer.java","224212","255958","480170"
"2019-05-15 11:56","ZooKeeperServer.java","224193","239985","464178"
"2019-05-22 11:39","ZooKeeperServer.java","224194","240432","464626"
"2019-04-22 19:15","ZooKeeperServer.java","224193","238013","462206"
"2018-02-23 23:49","ZooKeeperServer.java","3161","8383","11544"
"2017-08-18 06:32","ZooKeeperServer.java","1767","1755","3522"
"2017-06-26 00:16","ZooKeeperServer.java","100","80","180"
"2019-09-10 04:26","ZooKeeperServer.java","224212","256295","480507"
"2019-08-17 17:13","ZooKeeperServer.java","224212","255250","479462"
"2019-09-05 23:12","ZooKeeperServer.java","224212","256169","480381"
"2019-09-10 15:21","ZooKeeperServer.java","224212","256293","480505"
"2019-08-01 07:31","ZooKeeperServer.java","224212","255921","480133"
"2019-08-01 07:28","ZooKeeperServer.java","224212","255431","479643"
"2019-06-03 19:40","ZooKeeperServer.java","224211","240580","464791"
"2019-11-23 17:08","ZooKeeperServer.java","225837","261576","487413"
"2019-10-09 16:49","ZooKeeperServer.java","224212","258836","483048"
"2019-07-03 00:44","ZooKeeperServer.java","224211","243262","467473"
"2018-01-19 01:12","ZooKeeperServer.java","3002","7182","10184"
"2019-07-24 18:00","ZooKeeperServer.java","224212","251705","475917"
"2018-08-08 06:21","ZooKeeperServer.java","72415","82328","154743"
"2018-05-09 23:57","ZooKeeperServer.java","3443","10170","13613"
"2019-12-27 22:33","ZooKeeperServer.java","225838","265554","491392"
"2018-09-11 00:17","ZooKeeperServer.java","102756","113573","216329"
"2019-11-18 09:05","ZooKeeperServer.java","225837","260019","485856"
"2019-10-10 14:37","ZooKeeperServer.java","224212","259003","483215"
"2019-09-16 23:26","ZooKeeperServer.java","224212","258269","482481"
"2019-12-03 10:01","ZooKeeperServer.java","225837","263478","489315"
"2020-03-25 03:38","ZooKeeperServer.java","225839","269662","495501"
"2019-11-28 12:24","ZooKeeperServer.java","225837","261781","487618"
"2019-11-06 15:21","ZooKeeperServer.java","224260","259267","483527"
"2020-04-12 11:14","ZooKeeperServer.java","225900","270476","496376"
"2018-06-08 16:52","ZooKeeperServer.java","3682","11158","14840"
"2018-06-15 07:41","ZooKeeperServer.java","3690","11169","14859"
"2018-07-28 04:37","ZooKeeperServer.java","24610","33619","58229"
"2019-04-18 19:17","ZooKeeperServer.java","224193","237748","461941"
"2019-08-17 17:13","ReadOnlyModeTest.java","196919","256367","453286"
"2015-02-06 06:17","ReadOnlyModeTest.java","10716","29023","39739"
"2017-04-18 01:37","ReadOnlyModeTest.java","20666","49416","70082"
"2017-06-08 17:51","ReadOnlyModeTest.java","21613","49731","71344"
"2016-11-24 17:18","PurgeTxnLog.java","6077","12336","18413"
"2020-01-30 09:43","PurgeTxnLog.java","221500","267946","489446"
"2017-07-28 00:36","PurgeTxnLog.java","12602","17139","29741"
"2019-08-17 17:13","PurgeTxnLog.java","219949","255921","475870"
"2019-10-10 14:37","PurgeTxnLog.java","219949","259674","479623"
"2019-11-28 12:24","PurgeTxnLog.java","221498","262376","483874"
"2015-11-22 00:33","PurgeTxnLog.java","145","558","703"
"2017-01-23 02:13","PurgeTxnLog.java","6448","14089","20537"
"2015-06-04 19:51","CreateMode.java","21330","74960","96290"
"2019-08-17 17:13","CreateMode.java","178405","256932","435337"
"2016-10-07 21:51","CreateMode.java","24594","83275","107869"
"2017-07-28 00:36","CreateMode.java","27653","87433","115086"
"2013-12-17 17:55","CreateMode.java","13675","47051","60726"
"2019-11-29 14:49","QuorumCnxManager.java","6123","8927","15050"
"2019-11-13 20:41","QuorumCnxManager.java","313","4279","4592"
"2020-03-12 14:47","QuorumCnxManager.java","10086","18276","28362"
"2020-01-23 13:43","QuorumCnxManager.java","8207","14381","22588"
"2019-11-28 12:24","QuorumCnxManager.java","5614","6767","12381"
"2020-03-23 16:20","QuorumCnxManager.java","10176","18537","28713"
"2020-02-16 10:25","QuorumCnxManager.java","9981","16868","26849"
"2019-10-10 14:37","ClientTest.java","57679","261595","319274"
"2009-09-16 02:09","ClientTest.java","9740","96902","106642"
"2019-12-28 16:17","ClientTest.java","58000","266748","324748"
"2009-10-31 00:09","ClientTest.java","10562","99704","110266"
"2009-11-07 01:48","ClientTest.java","10705","100252","110957"
"2010-01-05 18:32","ClientTest.java","11050","109242","120292"
"2010-03-09 03:09","ClientTest.java","11321","121221","132542"
"2014-07-25 01:31","ClientTest.java","18428","173686","192114"
"2009-05-14 22:15","ClientTest.java","8821","81062","89883"
"2009-01-31 00:01","ClientTest.java","7496","49077","56573"
"2017-01-09 22:49","ClientTest.java","18803","190504","209307"
"2010-09-15 07:51","ClientTest.java","12150","170911","183061"
"2011-04-12 09:14","ClientTest.java","12711","134347","147058"
"2014-07-08 20:18","ClientTest.java","18384","169255","187639"
"2017-05-01 17:19","ClientTest.java","18834","188679","207513"
"2018-11-22 17:56","ClientTest.java","57663","226523","284186"
"2008-09-05 16:39","ClientTest.java","410","993","1403"
"2013-01-25 02:17","ClientTest.java","16630","148002","164632"
"2017-06-30 22:43","ClientTest.java","18948","188314","207262"
"2009-06-25 00:59","ClientTest.java","9437","92965","102402"
"2019-03-06 03:32","ClientTest.java","57663","237611","295274"
"2008-12-22 23:23","ClientTest.java","4083","37544","41627"
"2012-12-11 08:42","ClientTest.java","16223","145335","161558"
"2012-10-31 19:38","ClientTest.java","16041","142326","158367"
"2009-04-09 23:02","ClientTest.java","8493","55953","64446"
"2009-06-18 18:37","ClientTest.java","9216","85872","95088"
"2019-08-17 17:13","ClientTest.java","57679","257842","315521"
"2019-08-17 17:13","DataTreeBean.java","178795","256987","435782"
"2018-09-04 11:54","DataTreeBean.java","113217","183499","296716"
"2011-06-14 07:14","ReadOnlyModeTest.java","349","956","1305"
"2019-08-17 17:13","ReadOnlyModeTest.java","179726","256910","436636"
"2015-02-06 06:17","ReadOnlyModeTest.java","20897","69628","90525"
"2017-04-18 01:37","ReadOnlyModeTest.java","26845","86019","112864"
"2017-06-08 17:51","ReadOnlyModeTest.java","27634","86176","113810"
"2013-10-09 22:21","ReadOnlyModeTest.java","13496","43920","57416"
"2011-11-01 08:15","ReadOnlyModeTest.java","6993","15743","22736"
"2013-09-18 01:14","ReadOnlyModeTest.java","13135","40272","53407"
"2011-06-23 18:01","ReadOnlyModeTest.java","1006","1758","2764"
"2011-07-29 10:14","ReadOnlyModeTest.java","1441","9015","10456"
"2019-10-10 14:37","FastLeaderElection.java","32033","59761","91794"
"2019-09-30 23:22","FastLeaderElection.java","31575","58930","90505"
"2020-04-07 09:07","FastLeaderElection.java","39440","76789","116229"
"2019-08-17 17:13","FastLeaderElection.java","30028","54003","84031"
"2019-08-02 20:08","FastLeaderElection.java","8459","33215","41674"
"2019-08-03 08:42","FastLeaderElection.java","8711","33394","42105"
"2019-11-08 17:30","PrepRequestProcessor.java","191","2052","2243"
"2019-12-27 22:33","PrepRequestProcessor.java","6378","11303","17681"
"2020-03-25 03:38","PrepRequestProcessor.java","10199","19231","29430"
"2019-08-17 17:13","PurgeTxnTest.java","226943","255274","482217"
"2020-01-30 09:43","PurgeTxnTest.java","228549","267354","495903"
"2020-03-03 10:53","PurgeTxnTest.java","228549","268621","497170"
"2020-01-31 12:01","PurgeTxnTest.java","228549","267354","495903"
"2019-10-10 14:37","PurgeTxnTest.java","226943","259027","485970"
"2010-03-04 00:07","FileTxnLog.java","13037","90617","103654"
"2011-06-21 07:34","FileTxnLog.java","15172","112327","127499"
"2014-02-12 17:00","FileTxnLog.java","19058","143339","162397"
"2013-12-11 01:10","FileTxnLog.java","19029","140425","159454"
"2018-01-19 00:43","FileTxnLog.java","22212","175294","197506"
"2009-08-25 07:45","FileTxnLog.java","10791","70916","81707"
"2019-12-27 22:33","FileTxnLog.java","84530","266840","351370"
"2019-10-10 14:37","FileTxnLog.java","84074","261459","345533"
"2018-11-12 22:36","FileTxnLog.java","84047","225771","309818"
"2018-08-01 21:19","FileTxnLog.java","28094","186131","214225"
"2018-04-27 20:28","FileTxnLog.java","22289","177221","199510"
"2018-06-08 16:52","FileTxnLog.java","22282","178661","200943"
"2010-12-23 13:42","FileTxnLog.java","14684","150402","165086"
"2011-09-03 01:07","FileTxnLog.java","13458","115598","129056"
"2011-04-12 09:14","FileTxnLog.java","15075","110180","125255"
"2011-11-15 19:30","FileTxnLog.java","17586","117212","134798"
"2014-06-30 19:11","FileTxnLog.java","20414","149754","170168"
"2020-01-28 17:26","FileTxnLog.java","84530","268560","353090"
"2019-05-14 17:11","FileTxnLog.java","84075","242374","326449"
"2019-01-07 14:24","FileTxnLog.java","84047","232509","316556"
"2013-06-28 23:22","FileTxnLog.java","18992","136152","155144"
"2010-03-16 22:23","FileTxnLog.java","13152","97523","110675"
"2019-04-12 19:01","FileTxnLog.java","84075","239514","323589"
"2017-04-28 07:14","FileTxnLog.java","21831","171182","193013"
"2012-02-06 09:40","FileTxnLog.java","17769","118903","136672"
"2018-09-06 01:11","FileTxnLog.java","53291","212959","266250"
"2018-09-18 01:00","FileTxnLog.java","53331","215253","268584"
"2016-03-20 19:31","FileTxnLog.java","20877","165286","186163"
"2019-08-17 17:13","FileTxnLog.java","84074","257706","341780"
"2009-06-18 18:37","FileTxnLog.java","10131","60256","70387"
"2019-06-03 19:40","FileTxnLog.java","84074","243037","327111"
"2018-04-24 00:20","FileTxnLog.java","22253","177098","199351"
"2018-02-14 21:23","FileTxnLog.java","22246","176207","198453"
"2009-02-20 01:23","FileTxnLog.java","8494","28148","36642"
"2019-08-03 08:42","FileTxnLog.java","84074","258414","342488"
"2019-04-09 15:35","FileTxnLog.java","84053","238542","322595"
"2017-08-03 20:41","FileTxnLog.java","22121","170656","192777"
"2018-02-02 00:26","FileTxnLog.java","22214","175303","197517"
"2017-06-26 00:07","FileTxnLog.java","22078","170967","193045"
"2008-12-10 22:55","FileTxnLog.java","3070","9475","12545"
"2020-05-05 21:20","ServerMetrics.java","15800","29616","45416"
"2020-02-26 22:41","ServerMetrics.java","11933","22587","34520"
"2020-03-25 03:38","ServerMetrics.java","12133","24918","37051"
"2019-09-16 23:26","ServerMetrics.java","1939","4958","6897"
"2019-11-18 09:05","ServerMetrics.java","9013","12157","21170"
"2020-05-03 19:43","ServerMetrics.java","12864","26585","39449"
"2019-11-23 17:08","ServerMetrics.java","9254","13955","23209"
"2010-03-12 19:26","LocalPeerMXBean.java","8786","87093","95879"
"2019-11-14 03:54","LocalPeerMXBean.java","90102","265715","355817"
"2018-06-26 11:18","LocalPeerMXBean.java","20151","172683","192834"
"2018-12-20 15:13","LocalPeerMXBean.java","90075","231249","321324"
"2014-06-04 22:07","LocalPeerMXBean.java","16789","140948","157737"
"2019-08-17 17:13","LocalPeerMXBean.java","90102","257706","347808"
"2019-10-10 14:37","FLETest.java","224315","258940","483255"
"2019-08-17 17:13","FLETest.java","224314","255186","479500"
"2019-07-29 17:15","BinaryOutputArchive.java","179411","254361","433772"
"2019-08-17 17:13","CloseCommand.java","221853","255887","477740"
"2015-10-18 19:00","QuorumPeer.java","5113","20150","25263"
"2018-12-20 15:13","QuorumPeer.java","204850","229615","434465"
"2019-05-16 16:25","QuorumPeer.java","204943","240937","445880"
"2018-10-16 16:22","QuorumPeer.java","185454","235046","420500"
"2019-06-14 09:06","QuorumPeer.java","204959","244152","449111"
"2018-12-07 12:41","QuorumPeer.java","204849","226628","431477"
"2019-03-11 19:47","QuorumPeer.java","204869","236062","440931"
"2014-07-18 02:19","QuorumPeer.java","1341","6644","7985"
"2019-02-13 13:12","QuorumPeer.java","204870","235011","439881"
"2019-04-12 19:01","QuorumPeer.java","204943","237945","442888"
"2018-12-09 03:16","QuorumPeer.java","204849","228702","433551"
"2018-09-11 15:23","QuorumPeer.java","111704","143625","255329"
"2019-11-29 14:49","QuorumPeer.java","206398","264150","470548"
"2018-12-15 07:34","QuorumPeer.java","204849","228617","433466"
"2018-11-27 10:02","QuorumPeer.java","204849","226378","431227"
"2018-09-18 01:00","QuorumPeer.java","111808","144984","256792"
"2019-06-03 19:40","QuorumPeer.java","204959","241485","446444"
"2019-07-15 14:15","QuorumPeer.java","204959","251573","456532"
"2015-03-17 18:06","QuorumPeer.java","2908","14184","17092"
"2019-07-03 00:44","QuorumPeer.java","204959","244167","449126"
"2019-08-17 17:13","QuorumPeer.java","204959","256154","461113"
"2015-06-27 02:03","QuorumPeer.java","3893","17858","21751"
"2017-11-28 00:10","QuorumPeer.java","16809","40989","57798"
"2018-01-30 08:02","QuorumPeer.java","17212","41545","58757"
"2019-05-15 11:56","QuorumPeer.java","204943","240892","445835"
"2019-06-05 00:33","QuorumPeer.java","204959","241875","446834"
"2019-05-20 23:13","QuorumPeer.java","204943","241010","445953"
"2019-06-04 10:55","QuorumPeer.java","204959","241638","446597"
"2019-07-12 17:01","QuorumPeer.java","204959","251467","456426"
"2020-01-09 11:27","QuorumPeer.java","206399","265697","472096"
"2017-02-09 11:40","QuorumPeer.java","11165","34121","45286"
"2017-07-06 18:48","QuorumPeer.java","15136","35778","50914"
"2018-10-01 06:11","QuorumPeer.java","112013","147768","259781"
"2015-04-09 20:16","QuorumPeer.java","2950","15289","18239"
"2018-07-04 17:11","QuorumPeer.java","25761","53655","79416"
"2019-12-17 13:48","QuorumPeer.java","206398","264722","471120"
"2015-12-07 05:59","QuorumPeer.java","5405","21200","26605"
"2020-01-23 13:43","QuorumPeer.java","206399","267521","473920"
"2016-06-23 23:45","QuorumPeer.java","8844","25709","34553"
"2016-06-23 23:25","QuorumPeer.java","8810","25567","34377"
"2014-07-18 20:48","QuorumPeer.java","1561","7323","8884"
"2014-07-04 04:19","QuorumPeer.java","140","1286","1426"
"2018-12-06 10:56","QuorumPeer.java","204849","226572","431421"
"2019-10-10 14:37","QuorumPeer.java","204959","259907","464866"
"2017-07-27 23:09","QuorumPeer.java","16134","35790","51924"
"2018-06-26 11:18","QuorumPeer.java","17718","45594","63312"
"2018-07-27 12:32","QuorumPeer.java","36245","65339","101584"
"2019-04-18 19:17","QuorumPeer.java","204943","238655","443598"
"2016-12-20 14:47","QuorumPeer.java","10890","32711","43601"
"2017-05-11 16:59","QuorumPeer.java","14804","34579","49383"
"2014-07-03 06:01","QuorumPeer.java","50","774","824"
"2014-08-14 08:08","QuorumPeer.java","2036","8659","10695"
"2014-08-01 07:38","QuorumPeer.java","1934","8136","10070"
"2014-07-20 04:50","QuorumPeer.java","1601","7425","9026"
"2016-06-02 00:59","QuorumPeer.java","8753","25141","33894"
"2020-02-16 10:25","QuorumPeer.java","206399","268234","474633"
"2019-08-17 17:13","RecoveryTest.java","198547","256292","454839"
"2019-10-10 14:37","RecoveryTest.java","198547","260045","458592"
"2019-12-17 13:48","Zab1_0Test.java","229834","263978","493812"
"2019-12-27 22:33","Zab1_0Test.java","229835","265528","495363"
"2019-10-10 14:37","Zab1_0Test.java","228065","258833","486898"
"2019-08-17 17:13","Zab1_0Test.java","228064","255079","483143"
"2019-06-03 19:40","Zab1_0Test.java","228063","240409","468472"
"2018-05-10 06:00","Zab1_0Test.java","1132","4121","5253"
"2019-09-18 11:20","ReconfigTest.java","231547","257760","489307"
"2019-05-03 17:37","ReconfigTest.java","231526","238949","470475"
"2019-05-08 21:54","ReconfigTest.java","231526","239329","470855"
"2019-08-17 17:13","ReconfigTest.java","231546","254847","486393"
"2019-11-29 14:49","ReconfigTest.java","233483","263341","496824"
"2018-12-09 03:16","ReconfigTest.java","231396","227355","458751"
"2018-11-22 17:56","ReconfigTest.java","231396","223394","454790"
"2018-07-10 12:46","QuorumTest.java","37112","93611","130723"
"2019-08-17 17:13","QuorumTest.java","177002","256750","433752"
"2012-12-13 08:14","QuorumTest.java","8918","17528","26446"
"2013-10-09 22:21","QuorumTest.java","11263","31563","42826"
"2019-10-10 14:37","QuorumTest.java","177002","260503","437505"
"2019-09-18 11:20","QuorumTest.java","177002","259662","436664"
"2019-12-28 16:17","QuorumTest.java","178223","266556","444779"
"2015-11-03 08:11","QuorumTest.java","20585","64213","84798"
"2019-10-10 14:37","FourLetterWordsTest.java","3717","7470","11187"
"2020-01-30 09:43","FileSnap.java","8319","15040","23359"
"2019-12-03 19:12","FileSnap.java","6132","8994","15126"
"2019-12-27 22:33","FileSnap.java","6378","11303","17681"
"2020-01-28 17:26","FileSnap.java","8292","14937","23229"
"2020-03-19 17:09","Learner.java","202148","269698","471846"
"2020-02-03 04:30","Learner.java","202148","268193","470341"
"2020-01-23 13:43","Learner.java","202148","267636","469784"
"2017-07-04 07:39","Learner.java","21962","46698","68660"
"2020-03-25 03:38","Learner.java","202148","270494","472642"
"2015-03-15 08:54","Learner.java","10439","25145","35584"
"2019-11-28 12:24","Learner.java","202148","262615","464763"
"2019-12-27 22:33","Learner.java","202148","266387","468535"
"2020-01-25 18:48","Learner.java","202148","267826","469974"
"2020-05-03 19:43","Learner.java","202148","271430","473578"
"2016-08-13 15:01","Learner.java","16644","38570","55214"
"2019-10-10 14:37","Learner.java","200730","260044","460774"
"2015-01-25 01:22","Learner.java","10206","24421","34627"
"2019-06-03 19:40","Learner.java","200730","241622","442352"
"2015-03-17 18:06","Learner.java","10564","26206","36770"
"2019-07-15 14:15","Learner.java","200730","251710","452440"
"2019-08-23 19:43","Learner.java","200730","256957","457687"
"2016-09-08 22:59","Learner.java","16963","39137","56100"
"2019-08-17 17:13","Learner.java","200730","256291","457021"
"2017-11-28 00:10","Learner.java","23635","52181","75816"
"2018-05-09 00:54","Learner.java","24272","54946","79218"
"2019-04-09 15:35","Learner.java","200643","237061","437704"
"2019-07-12 17:01","Learner.java","200730","251604","452334"
"2017-07-06 18:48","Learner.java","21970","46978","68948"
"2017-08-18 06:32","Learner.java","23072","47583","70655"
"2019-07-02 07:34","Learner.java","200730","244234","444964"
"2018-10-16 16:22","Learner.java","181227","235185","416412"
"2014-07-18 02:19","Learner.java","9155","18824","27979"
"2017-02-12 00:12","Learner.java","20681","44753","65434"
"2018-12-09 03:16","Learner.java","200622","228841","429463"
"2019-11-29 14:49","Learner.java","202148","264266","466414"
"2018-11-27 10:02","Learner.java","200622","226517","427139"
"2018-08-06 14:11","Learner.java","43029","77101","120130"
"2019-08-17 17:13","FollowerResyncConcurrencyTest.java","176160","256659","432819"
"2019-06-03 19:40","FollowerResyncConcurrencyTest.java","176160","241990","418150"
"2013-06-28 23:22","FollowerResyncConcurrencyTest.java","7750","25468","33218"
"2012-03-15 18:01","FollowerResyncConcurrencyTest.java","1628","4670","6298"
"2011-12-09 20:03","FollowerResyncConcurrencyTest.java","66","533","599"
"2015-11-21 22:18","FollowerResyncConcurrencyTest.java","17836","62771","80607"
"2019-10-10 14:37","FollowerResyncConcurrencyTest.java","176160","260412","436572"
"2019-12-28 16:17","FollowerResyncConcurrencyTest.java","177465","266549","444014"
"2020-03-26 18:41","ZooKeeperMain.java","225442","269665","495107"
"2020-04-01 17:02","ZooKeeperMain.java","225500","270047","495547"
"2019-10-10 14:37","ZooKeeperMain.java","223799","258987","482786"
"2020-03-26 22:19","ZooKeeperMain.java","225442","269734","495176"
"2019-11-28 12:24","ZooKeeperMain.java","225440","261781","487221"
"2019-08-03 08:42","ZooKeeperMain.java","223799","255942","479741"
"2019-08-17 17:13","ZooKeeperMain.java","223799","255234","479033"
"2018-08-06 14:11","ZooKeeperMain.java","23178","33124","56302"
"2016-11-13 20:59","TestableZooKeeper.java","17211","41952","59163"
"2019-08-17 17:13","TestableZooKeeper.java","201269","256291","457560"
"2019-03-06 03:32","TestableZooKeeper.java","201181","235988","437169"
"2018-04-25 01:41","TestableZooKeeper.java","24243","54182","78425"
"2020-05-17 15:13","TestableZooKeeper.java","202698","271665","474363"
"2009-07-31 21:07","QuorumQuotaTest.java","6268","45819","52087"
"2019-07-17 13:42","QuorumQuotaTest.java","102765","253451","356216"
"2010-03-31 06:26","QuorumQuotaTest.java","13734","79617","93351"
"2019-08-17 17:13","QuorumQuotaTest.java","102765","257687","360452"
"2019-10-10 14:37","WatcherCleaner.java","3717","7470","11187"
"2018-07-10 13:29","DelQuotaCommand.java","14240","22327","36567"
"2019-08-17 17:13","DelQuotaCommand.java","223892","255250","479142"
"2019-01-31 15:55","DelQuotaCommand.java","223774","232791","456565"
"2020-01-23 13:43","QuorumPeerMainTest.java","11777","21704","33481"
"2019-10-10 14:37","QuorumPeerMainTest.java","3717","7470","11187"
"2019-12-28 16:17","QuorumPeerMainTest.java","10230","18815","29045"
"2019-10-10 14:37","ClientCnxnSocket.java","182136","260217","442353"
"2018-07-10 13:29","ClientCnxnSocket.java","32926","83983","116909"
"2016-12-30 23:01","ClientCnxnSocket.java","19990","65404","85394"
"2015-02-06 06:17","ClientCnxnSocket.java","13597","46784","60381"
"2018-11-22 17:56","ClientCnxnSocket.java","182041","225066","407107"
"2016-05-02 18:15","ClientCnxnSocket.java","18422","57450","75872"
"2019-08-17 17:13","ClientCnxnSocket.java","182136","256464","438600"
"2018-07-12 01:33","ClientCnxnSocket.java","33016","84251","117267"
"2019-04-09 15:35","ClientCnxnSocket.java","182062","237247","419309"
"2014-12-20 15:29","ClientCnxnSocket.java","13504","46485","59989"
"2020-01-22 11:08","KerberosTestUtils.java","11649","20092","31741"
"2019-08-17 17:13","HostProvider.java","223799","255234","479033"
"2018-07-16 05:45","HostProvider.java","22827","31624","54451"
"2019-11-29 14:49","QuorumCnxManager.java","212302","264148","476450"
"2018-07-11 06:04","QuorumCnxManager.java","25426","47453","72879"
"2018-08-06 14:11","QuorumCnxManager.java","36058","59858","95916"
"2018-10-16 16:22","QuorumCnxManager.java","191090","234776","425866"
"2019-06-14 09:06","QuorumCnxManager.java","210858","244145","455003"
"2019-08-03 08:42","QuorumCnxManager.java","210858","256855","467713"
"2019-11-13 20:41","QuorumCnxManager.java","210887","263895","474782"
"2019-04-09 16:08","QuorumCnxManager.java","210770","236915","447685"
"2019-08-06 12:52","QuorumCnxManager.java","210858","257120","467978"
"2017-02-09 11:40","QuorumCnxManager.java","9868","26918","36786"
"2019-05-20 23:13","QuorumCnxManager.java","210842","241003","451845"
"2015-04-09 20:16","QuorumCnxManager.java","1422","7855","9277"
"2017-08-23 02:16","QuorumCnxManager.java","15573","29927","45500"
"2019-07-27 20:04","QuorumCnxManager.java","210858","252678","463536"
"2015-05-29 23:46","QuorumCnxManager.java","2224","9173","11397"
"2015-05-14 07:10","QuorumCnxManager.java","1998","8651","10649"
"2020-03-12 14:47","QuorumCnxManager.java","212303","269535","481838"
"2019-08-17 17:13","QuorumCnxManager.java","210858","256147","467005"
"2017-11-28 00:10","QuorumCnxManager.java","16148","34422","50570"
"2019-10-10 14:37","QuorumCnxManager.java","210858","259900","470758"
"2017-06-09 18:37","QuorumCnxManager.java","13785","27843","41628"
"2020-01-23 13:43","QuorumCnxManager.java","212303","267519","479822"
"2019-11-28 12:24","QuorumCnxManager.java","212302","262497","474799"
"2016-06-08 17:43","QuorumCnxManager.java","7452","17933","25385"
"2020-03-23 16:20","QuorumCnxManager.java","212303","269706","482009"
"2020-02-16 10:25","QuorumCnxManager.java","212303","268232","480535"
"2018-07-27 12:32","QuorumCnxManager.java","35853","59041","94894"
"2019-07-30 02:31","CommitProcessorConcurrencyTest.java","215122","254010","469132"
"2016-05-15 23:31","CommitProcessorConcurrencyTest.java","6536","12587","19123"
"2019-08-17 17:13","CommitProcessorConcurrencyTest.java","215122","256089","471211"
"2017-09-11 18:55","CommitProcessorConcurrencyTest.java","15030","25125","40155"
"2015-07-07 07:11","CommitProcessorConcurrencyTest.java","2666","6581","9247"
"2019-10-10 14:37","CommitProcessorConcurrencyTest.java","215122","259842","474964"
"2018-09-15 00:08","ZooKeeperServer.java","88555","195664","284219"
"2019-04-12 19:01","ZooKeeperServer.java","142905","239297","382202"
"2019-07-31 19:06","ZooKeeperServer.java","142905","256797","399702"
"2019-09-11 10:27","ZooKeeperServer.java","142905","258846","401751"
"2019-01-14 19:38","ZooKeeperServer.java","142861","232738","375599"
"2019-01-07 15:34","ZooKeeperServer.java","142861","232339","375200"
"2018-11-21 17:56","ZooKeeperServer.java","142861","225536","368397"
"2012-01-31 07:45","ZooKeeperServer.java","26567","73142","99709"
"2017-04-28 07:14","ZooKeeperServer.java","35763","130954","166717"
"2011-08-19 00:05","ZooKeeperServer.java","21808","67797","89605"
"2017-02-12 00:12","ZooKeeperServer.java","35733","130025","165758"
"2014-07-18 02:19","ZooKeeperServer.java","32116","112005","144121"
"2013-12-11 19:22","ZooKeeperServer.java","30089","97816","127905"
"2019-02-13 13:12","ZooKeeperServer.java","142870","236401","379271"
"2012-02-11 00:34","ZooKeeperServer.java","26843","74003","100846"
"2016-11-24 17:18","ZooKeeperServer.java","34803","130871","165674"
"2018-07-19 05:59","ZooKeeperServer.java","48228","151404","199632"
"2018-09-18 01:00","ZooKeeperServer.java","88597","196359","284956"
"2019-03-04 08:07","ZooKeeperServer.java","142869","236977","379846"
"2019-07-08 23:26","ZooKeeperServer.java","142905","246266","389171"
"2019-01-23 14:00","ZooKeeperServer.java","142861","234173","377034"
"2019-02-13 13:19","ZooKeeperServer.java","142870","236687","379557"
"2019-05-14 17:11","ZooKeeperServer.java","142905","242157","385062"
"2013-01-25 02:17","ZooKeeperServer.java","29352","86091","115443"
"2015-07-10 08:19","ZooKeeperServer.java","32555","121431","153986"
"2019-06-04 10:55","ZooKeeperServer.java","142905","242974","385879"
"2011-06-14 07:14","ZooKeeperServer.java","23013","61021","84034"
"2019-04-09 15:35","ZooKeeperServer.java","142869","238311","381180"
"2019-08-03 08:42","ZooKeeperServer.java","142905","258198","401103"
"2019-05-15 11:56","ZooKeeperServer.java","142905","242244","385149"
"2019-05-22 11:39","ZooKeeperServer.java","142905","242690","385595"
"2019-04-22 19:15","ZooKeeperServer.java","142905","240272","383177"
"2018-02-23 23:49","ZooKeeperServer.java","36399","136364","172763"
"2016-11-16 06:21","ZooKeeperServer.java","34614","130661","165275"
"2012-12-19 19:07","ZooKeeperServer.java","29296","84997","114293"
"2017-08-18 06:32","ZooKeeperServer.java","36205","130936","167141"
"2017-06-26 00:16","ZooKeeperServer.java","36145","130868","167013"
"2019-09-10 04:26","ZooKeeperServer.java","142905","258535","401440"
"2019-08-17 17:13","ZooKeeperServer.java","142905","257490","400395"
"2019-09-05 23:12","ZooKeeperServer.java","142905","258409","401314"
"2019-09-10 15:21","ZooKeeperServer.java","142905","258533","401438"
"2019-08-01 07:31","ZooKeeperServer.java","142905","258161","401066"
"2019-08-01 07:28","ZooKeeperServer.java","142905","257671","400576"
"2019-06-03 19:40","ZooKeeperServer.java","142905","242821","385726"
"2015-03-17 18:06","ZooKeeperServer.java","32349","118211","150560"
"2019-11-23 17:08","ZooKeeperServer.java","143545","262831","406376"
"2019-10-09 16:49","ZooKeeperServer.java","142905","261076","403981"
"2019-07-03 00:44","ZooKeeperServer.java","142905","245503","388408"
"2018-01-19 01:12","ZooKeeperServer.java","36361","135284","171645"
"2019-07-24 18:00","ZooKeeperServer.java","142905","253945","396850"
"2013-05-16 18:49","ZooKeeperServer.java","29690","90979","120669"
"2018-08-08 06:21","ZooKeeperServer.java","69909","174565","244474"
"2018-05-09 23:57","ZooKeeperServer.java","36474","137944","174418"
"2009-11-07 01:48","ZooKeeperServer.java","3046","7015","10061"
"2009-12-18 03:19","ZooKeeperServer.java","5138","17577","22715"
"2010-01-26 01:17","ZooKeeperServer.java","5485","21374","26859"
"2019-12-27 22:33","ZooKeeperServer.java","143545","266808","410353"
"2016-08-13 15:01","ZooKeeperServer.java","34449","126595","161044"
"2018-09-11 00:17","ZooKeeperServer.java","88551","194111","282662"
"2019-11-18 09:05","ZooKeeperServer.java","143545","261274","404819"
"2019-10-10 14:37","ZooKeeperServer.java","142905","261243","404148"
"2019-09-16 23:26","ZooKeeperServer.java","142905","260509","403414"
"2013-10-08 01:35","ZooKeeperServer.java","29955","94048","124003"
"2017-06-23 18:39","ZooKeeperServer.java","36104","130847","166951"
"2011-12-28 07:07","ZooKeeperServer.java","26551","72787","99338"
"2019-12-03 10:01","ZooKeeperServer.java","143545","264733","408278"
"2020-03-25 03:38","ZooKeeperServer.java","143545","270915","414460"
"2010-03-12 19:26","ZooKeeperServer.java","13062","38350","51412"
"2019-11-28 12:24","ZooKeeperServer.java","143545","263036","406581"
"2019-11-06 15:21","ZooKeeperServer.java","142905","261459","404364"
"2011-05-20 01:17","ZooKeeperServer.java","22948","59825","82773"
"2010-07-29 23:10","ZooKeeperServer.java","17133","56956","74089"
"2011-09-17 02:36","ZooKeeperServer.java","24582","70587","95169"
"2020-04-12 11:14","ZooKeeperServer.java","143545","271668","415213"
"2011-09-14 08:56","ZooKeeperServer.java","21962","70527","92489"
"2011-08-21 02:53","ZooKeeperServer.java","21809","67826","89635"
"2010-08-18 08:24","ZooKeeperServer.java","17927","62940","80867"
"2013-10-09 22:21","ZooKeeperServer.java","30045","96378","126423"
"2015-03-08 23:07","ZooKeeperServer.java","32337","117151","149488"
"2018-06-08 16:52","ZooKeeperServer.java","36476","138695","175171"
"2018-06-15 07:41","ZooKeeperServer.java","36492","138714","175206"
"2018-07-28 04:37","ZooKeeperServer.java","48253","152005","200258"
"2019-04-18 19:17","ZooKeeperServer.java","142905","240007","382912"
"2012-03-15 17:47","ZooKeeperServer.java","26863","75057","101920"
"2014-03-25 22:13","ZooKeeperServer.java","30292","101036","131328"
"2011-04-12 09:14","ZooKeeperServer.java","22883","58941","81824"
"2019-10-10 14:37","ACLTest.java","224315","258940","483255"
"2019-05-06 18:32","ACLTest.java","224295","239521","463816"
"2019-08-17 17:13","ACLTest.java","224314","255186","479500"
"2019-11-29 14:49","QuorumUtil.java","200174","264266","464440"
"2019-08-17 17:13","QuorumUtil.java","198757","256292","455049"
"2020-03-12 14:47","QuorumUtil.java","200174","269652","469826"
"2019-07-12 17:01","QuorumUtil.java","198757","251605","450362"
"2019-10-10 14:37","QuorumUtil.java","198757","260045","458802"
"2014-05-18 05:49","QuorumUtil.java","7933","13287","21220"
"2019-06-14 09:10","ClientCnxnLimitException.java","2763","14037","16800"
"2019-08-17 17:13","ClientCnxnLimitException.java","30071","53344","83415"
"2018-07-10 12:46","QuorumTest.java","48819","112951","161770"
"2019-08-17 17:13","QuorumTest.java","182224","256986","439210"
"2010-11-04 17:01","QuorumTest.java","2271","37543","39814"
"2012-12-13 08:14","QuorumTest.java","26457","42700","69157"
"2011-06-22 00:19","QuorumTest.java","16804","15108","31912"
"2011-07-15 06:50","QuorumTest.java","16603","19154","35757"
"2010-08-18 08:24","QuorumTest.java","1562","6752","8314"
"2013-10-09 22:21","QuorumTest.java","27877","55810","83687"
"2011-09-17 02:13","QuorumTest.java","19748","27381","47129"
"2011-04-12 09:14","QuorumTest.java","16175","12410","28585"
"2019-10-10 14:37","QuorumTest.java","182224","260739","442963"
"2019-09-18 11:20","QuorumTest.java","182224","259898","442122"
"2019-12-28 16:17","QuorumTest.java","183296","266643","449939"
"2015-11-03 08:11","QuorumTest.java","35764","87025","122789"
"2011-07-29 10:14","QuorumTest.java","16706","21789","38495"
"2018-07-10 13:29","QuorumPeerInstance.java","24983","46266","71249"
"2018-12-20 07:24","QuorumPeerInstance.java","211482","229536","441018"
"2015-12-06 21:30","QuorumPeerInstance.java","3454","12507","15961"
"2019-07-12 17:01","QuorumPeerInstance.java","211592","251459","463051"
"2014-11-29 16:53","QuorumPeerInstance.java","317","2938","3255"
"2015-05-10 00:27","QuorumPeerInstance.java","1197","6954","8151"
"2017-09-11 18:55","QuorumPeerInstance.java","15313","28995","44308"
"2019-10-10 14:37","ObserverMaster.java","31881","60804","92685"
"2019-11-29 14:49","ObserverMaster.java","37388","69115","106503"
"2019-08-17 17:13","ObserverMaster.java","29884","55054","84938"
"2019-07-25 21:41","ObserverMaster.java","7566","29219","36785"
"2019-06-29 00:33","ObserverMaster.java","5527","18684","24211"
"2012-01-31 07:45","LearnerZooKeeperServer.java","25092","69086","94178"
"2019-08-17 17:13","LearnerZooKeeperServer.java","145376","257247","402623"
"2014-03-21 06:36","LearnerZooKeeperServer.java","29083","96796","125879"
"2016-08-13 15:01","LearnerZooKeeperServer.java","33350","122915","156265"
"2009-12-18 03:19","LearnerZooKeeperServer.java","2930","12655","15585"
"2010-03-12 19:26","LearnerZooKeeperServer.java","11045","33619","44664"
"2015-03-08 23:07","LearnerZooKeeperServer.java","31176","113409","144585"
"2013-10-09 22:21","LearnerZooKeeperServer.java","28863","92615","121478"
"2019-05-27 10:54","SnapShot.java","72482","243030","315512"
"2017-08-18 06:32","SnapShot.java","20851","178487","199338"
"2019-08-17 17:13","SnapShot.java","72482","257710","330192"
"2010-03-12 23:36","SnapShot.java","13702","109693","123395"
"2019-08-17 17:13","QuorumPeerTest.java","25849","30536","56385"
"2018-12-09 03:16","LeaderZooKeeperServer.java","142861","230104","372965"
"2018-11-21 17:56","LeaderZooKeeperServer.java","142861","225536","368397"
"2012-01-31 07:45","LeaderZooKeeperServer.java","26567","73142","99709"
"2019-06-04 10:55","LeaderZooKeeperServer.java","142905","242974","385879"
"2015-06-04 19:51","LeaderZooKeeperServer.java","32491","120687","153178"
"2019-08-17 17:13","LeaderZooKeeperServer.java","142905","257490","400395"
"2019-06-03 19:40","LeaderZooKeeperServer.java","142905","242821","385726"
"2009-12-18 03:19","LeaderZooKeeperServer.java","5138","17577","22715"
"2019-11-25 15:37","LeaderZooKeeperServer.java","143545","262938","406483"
"2019-12-27 22:33","LeaderZooKeeperServer.java","143545","266808","410353"
"2010-03-12 19:26","LeaderZooKeeperServer.java","13062","38350","51412"
"2013-10-09 22:21","LeaderZooKeeperServer.java","30045","96378","126423"
"2011-10-20 20:02","LeaderZooKeeperServer.java","26172","70588","96760"
"2019-11-18 09:05","ResponseCache.java","36944","64796","101740"
"2019-08-17 17:13","ResponseCache.java","29911","54619","84530"
"2019-08-17 17:13","ClientCnxn.java","231403","254848","486251"
"2019-01-31 15:50","ClientCnxn.java","231260","232372","463632"
"2019-04-09 15:35","ClientCnxn.java","231287","235589","466876"
"2019-11-08 17:30","ClientCnxn.java","231452","260511","491963"
"2019-01-16 14:21","ClientCnxn.java","231256","230681","461937"
"2019-01-07 14:24","ClientCnxn.java","231254","229529","460783"
"2019-03-06 03:32","ClientCnxn.java","231285","234515","465800"
"2019-02-07 11:26","ClientCnxn.java","231263","233040","464303"
"2018-11-05 19:40","ClientCnxn.java","209041","230972","440013"
"2020-05-17 15:13","ClientCnxn.java","233434","270824","504258"
"2020-03-03 03:12","ClientCnxn.java","233341","268521","501862"
"2018-09-10 11:44","ClientCnxn.java","100496","103681","204177"
"2020-01-21 17:53","ClientCnxn.java","233341","264782","498123"
"2019-10-10 14:37","ClientCnxn.java","231404","258602","490006"
"2019-11-21 05:58","ClientCnxn.java","233339","259951","493290"
"2020-04-16 12:50","ClientCnxn.java","233402","270421","503823"
"2018-07-27 05:16","ClientCnxn.java","21342","22494","43836"
"2019-10-10 14:37","SaslClientCallbackHandler.java","3717","7470","11187"
"2019-11-28 12:24","DataTree.java","90558","263068","353626"
"2011-07-13 15:48","DataTree.java","9421","100389","109810"
"2011-06-25 08:13","DataTree.java","11204","102413","113617"
"2011-07-28 07:49","DataTree.java","9508","102922","112430"
"2019-10-10 14:37","DataTree.java","90102","261459","351561"
"2019-12-27 22:33","DataTree.java","90558","266840","357398"
"2015-06-06 03:48","DataTree.java","17206","155577","172783"
"2010-01-26 01:17","DataTree.java","8525","77433","85958"
"2009-10-31 00:09","DataTree.java","7334","63917","71251"
"2019-11-11 13:59","DataTree.java","90102","265116","355218"
"2011-04-12 09:14","DataTree.java","10971","100048","111019"
"2018-07-10 13:29","DataTree.java","26341","178921","205262"
"2012-12-19 19:16","DataTree.java","14881","121533","136414"
"2014-04-17 08:47","DataTree.java","16748","139248","155996"
"2014-04-29 02:23","DataTree.java","16750","139956","156706"
"2010-07-05 20:20","DataTree.java","9622","99034","108656"
"2011-09-15 00:55","DataTree.java","12116","108263","120379"
"2011-09-28 22:17","DataTree.java","12162","108494","120656"
"2018-09-28 23:38","DataTree.java","53006","213412","266418"
"2011-09-17 02:36","DataTree.java","12155","108230","120385"
"2011-10-20 18:48","DataTree.java","13506","107998","121504"
"2019-11-08 17:30","DataTree.java","90102","263320","353422"
"2013-09-05 23:50","DataTree.java","15285","128209","143494"
"2009-02-03 06:23","DataTree.java","2611","15293","17904"
"2019-01-30 16:28","DataTree.java","90075","234790","324865"
"2019-01-30 17:02","DataTree.java","90075","235334","325409"
"2016-11-24 17:18","DataTree.java","19163","165301","184464"
"2017-09-11 18:55","DataTree.java","20001","164980","184981"
"2011-07-01 00:53","DataTree.java","11508","105230","116738"
"2012-02-06 10:39","DataTree.java","14091","111142","125233"
"2011-12-21 21:39","DataTree.java","13821","110004","123825"
"2017-02-05 07:22","DataTree.java","19236","166813","186049"
"2014-07-18 02:19","DataTree.java","16981","146940","163921"
"2019-02-07 11:26","DataTree.java","90075","236011","326086"
"2013-03-07 07:01","DataTree.java","15166","126374","141540"
"2018-09-04 11:54","DataTree.java","52869","208191","261060"
"2018-09-05 22:35","DataTree.java","52868","208446","261314"
"2018-12-20 15:17","DataTree.java","90075","231279","321354"
"2019-09-10 09:53","DataTree.java","90102","258755","348857"
"2019-04-12 19:01","DataTree.java","90103","239514","329617"
"2019-07-31 19:06","DataTree.java","90102","257013","347115"
"2019-09-11 10:27","DataTree.java","90102","259062","349164"
"2013-10-22 12:54","DataTree.java","15364","132357","147721"
"2016-03-23 00:30","DataTree.java","18698","158508","177206"
"2019-08-01 07:31","DataTree.java","90102","258377","348479"
"2009-06-15 22:52","DataTree.java","4623","47649","52272"
"2014-01-24 07:18","DataTree.java","15381","135322","150703"
"2009-11-12 23:48","DataTree.java","7824","70017","77841"
"2009-06-18 18:37","DataTree.java","4871","48968","53839"
"2019-08-17 17:13","DataTree.java","90102","257706","347808"
"2019-09-10 15:21","DataTree.java","90102","258749","348851"
"2015-06-04 19:51","DataTree.java","17204","155470","172674"
"2016-10-07 21:51","DataTree.java","19009","162326","181335"
"2017-06-18 19:23","DataTree.java","19892","164557","184449"
"2009-01-16 00:48","DataTree.java","213","232","445"
"2019-04-12 12:29","DataTree.java","90103","239083","329186"
"2019-08-03 08:42","DataTree.java","90102","258414","348516"
"2019-08-09 16:15","DataTree.java","90102","259162","349264"
"2016-11-13 20:59","DataTree.java","19019","164589","183608"
"2019-04-29 16:49","DataTree.java","90103","241544","331647"
"2019-09-16 23:26","ZooKeeperServerMXBean.java","26302","31400","57702"
"2019-11-14 03:54","ZooKeeperServerMXBean.java","27444","37532","64976"
"2020-03-25 03:38","ZooKeeperServerMXBean.java","34953","49817","84770"
"2019-08-17 17:13","ZooKeeperServerMXBean.java","24669","26748","51417"
"2019-11-28 12:24","DataTree.java","103223","263051","366274"
"2011-07-13 15:48","DataTree.java","16240","95099","111339"
"2011-06-25 08:13","DataTree.java","18127","96654","114781"
"2011-07-28 07:49","DataTree.java","16327","97632","113959"
"2019-10-10 14:37","DataTree.java","102765","261440","364205"
"2019-12-27 22:33","DataTree.java","103223","266823","370046"
"2015-06-06 03:48","DataTree.java","24277","150539","174816"
"2010-01-26 01:17","DataTree.java","9686","65912","75598"
"2009-10-31 00:09","DataTree.java","7980","51881","59861"
"2019-11-11 13:59","DataTree.java","102765","265097","367862"
"2011-04-12 09:14","DataTree.java","17906","94301","112207"
"2018-07-10 13:29","DataTree.java","34043","174514","208557"
"2012-12-19 19:16","DataTree.java","21833","116376","138209"
"2014-04-17 08:47","DataTree.java","23718","134109","157827"
"2014-04-29 02:23","DataTree.java","23720","134817","158537"
"2010-07-05 20:20","DataTree.java","13835","90565","104400"
"2011-09-15 00:55","DataTree.java","18947","102985","121932"
"2011-09-28 22:17","DataTree.java","19001","103224","122225"
"2018-09-28 23:38","DataTree.java","60863","209160","270023"
"2011-09-17 02:36","DataTree.java","18994","102960","121954"
"2011-10-20 18:48","DataTree.java","20362","102745","123107"
"2019-11-08 17:30","DataTree.java","102765","263301","366066"
"2013-09-05 23:50","DataTree.java","22248","123063","145311"
"2019-01-30 16:28","DataTree.java","102738","234771","337509"
"2019-01-30 17:02","DataTree.java","102738","235315","338053"
"2016-11-24 17:18","DataTree.java","26297","160326","186623"
"2017-09-11 18:55","DataTree.java","27201","160071","187272"
"2011-07-01 00:53","DataTree.java","18440","99480","117920"
"2012-02-06 10:39","DataTree.java","21015","105957","126972"
"2011-12-21 21:39","DataTree.java","20725","104799","125524"
"2017-02-05 07:22","DataTree.java","26382","161850","188232"
"2014-07-18 02:19","DataTree.java","24031","141881","165912"
"2019-02-07 11:26","DataTree.java","102738","235992","338730"
"2013-03-07 07:01","DataTree.java","22122","121221","143343"
"2018-09-04 11:54","DataTree.java","60726","203939","264665"
"2018-09-05 22:35","DataTree.java","60725","204194","264919"
"2018-12-20 15:17","DataTree.java","102738","231260","333998"
"2019-09-10 09:53","DataTree.java","102765","258736","361501"
"2019-04-12 19:01","DataTree.java","102766","239495","342261"
"2019-07-31 19:06","DataTree.java","102765","256994","359759"
"2019-09-11 10:27","DataTree.java","102765","259043","361808"
"2013-10-22 12:54","DataTree.java","22329","127213","149542"
"2016-03-23 00:30","DataTree.java","25820","153521","179341"
"2019-08-01 07:31","DataTree.java","102765","258358","361123"
"2009-06-15 22:52","DataTree.java","4172","34516","38688"
"2014-01-24 07:18","DataTree.java","22348","130180","152528"
"2009-11-12 23:48","DataTree.java","8623","58134","66757"
"2009-06-18 18:37","DataTree.java","4485","35900","40385"
"2019-08-17 17:13","DataTree.java","102765","257687","360452"
"2019-09-10 15:21","DataTree.java","102765","258730","361495"
"2015-06-04 19:51","DataTree.java","24275","150432","174707"
"2016-10-07 21:51","DataTree.java","26142","157350","183492"
"2017-06-18 19:23","DataTree.java","27081","159637","186718"
"2019-04-12 12:29","DataTree.java","102766","239064","341830"
"2019-08-03 08:42","DataTree.java","102765","258395","361160"
"2019-08-09 16:15","DataTree.java","102765","259143","361908"
"2016-11-13 20:59","DataTree.java","26153","159614","185767"
"2019-04-29 16:49","DataTree.java","102766","241525","344291"
"2019-08-17 17:13","FileTxnLogTest.java","228217","255076","483293"
"2019-10-10 14:37","FileTxnLogTest.java","228218","258830","487048"
"2019-09-18 11:20","FileTxnLogTest.java","228218","257989","486207"
"2018-11-12 22:36","FileTxnLogTest.java","228074","223025","451099"
"2018-04-27 20:28","FileTxnLogTest.java","494","2344","2838"
"2018-06-08 16:52","FileTxnLogTest.java","812","4109","4921"
"2019-08-17 17:13","QuorumVerifier.java","191763","256406","448169"
"2019-12-27 22:33","TxnLogProposalIterator.java","10004","18682","28686"
"2019-08-17 17:13","SimpleClient.java","219452","255962","475414"
"2019-08-17 17:13","FollowerResyncConcurrencyTest.java","175348","256659","432007"
"2019-06-03 19:40","FollowerResyncConcurrencyTest.java","175348","241990","417338"
"2013-06-28 23:22","FollowerResyncConcurrencyTest.java","8004","26534","34538"
"2012-03-15 18:01","FollowerResyncConcurrencyTest.java","1922","5776","7698"
"2011-12-09 20:03","FollowerResyncConcurrencyTest.java","389","1668","2057"
"2015-11-21 22:18","FollowerResyncConcurrencyTest.java","17909","63656","81565"
"2011-11-05 21:57","FollowerResyncConcurrencyTest.java","349","1161","1510"
"2019-10-10 14:37","FollowerResyncConcurrencyTest.java","175348","260412","435760"
"2019-12-28 16:17","FollowerResyncConcurrencyTest.java","176653","266549","443202"
"2019-07-15 14:46","X509TestContext.java","14790","42763","57553"
"2019-08-17 17:13","X509TestContext.java","36682","68806","105488"
"2019-10-10 14:37","ClientTest.java","38431","73487","111918"
"2019-12-28 16:17","ClientTest.java","44046","83934","127980"
"2019-03-06 03:32","ClientTest.java","8666","19754","28420"
"2019-08-17 17:13","ClientTest.java","36458","67761","104219"
"2019-08-17 17:13","NullQuorumAuthLearner.java","228064","255079","483143"
"2013-10-05 00:57","ServerCnxnFactory.java","4195","16722","20917"
"2019-11-14 03:54","ServerCnxnFactory.java","181857","264501","446358"
"2019-11-11 13:59","ServerCnxnFactory.java","181857","263902","445759"
"2017-04-19 01:19","ServerCnxnFactory.java","22215","66155","88370"
"2018-10-24 04:03","ServerCnxnFactory.java","162630","235563","398193"
"2013-03-07 07:01","ServerCnxnFactory.java","3149","13141","16290"
"2014-07-18 02:19","ServerCnxnFactory.java","12841","41584","54425"
"2019-02-13 13:12","ServerCnxnFactory.java","181755","235336","417091"
"2017-10-07 21:22","ServerCnxnFactory.java","24034","67854","91888"
"2019-08-17 17:13","ServerCnxnFactory.java","181829","256464","438293"
"2019-06-07 14:13","ServerCnxnFactory.java","181829","242568","424397"
"2019-07-03 00:44","ServerCnxnFactory.java","181829","244477","426306"
"2015-03-17 18:06","ServerCnxnFactory.java","13759","48475","62234"
"2015-03-28 20:08","ServerCnxnFactory.java","13787","49492","63279"
"2016-05-02 18:15","ServerCnxnFactory.java","18404","57739","76143"
"2012-12-08 00:38","ServerCnxnFactory.java","917","4276","5193"
"2012-12-19 19:07","ServerCnxnFactory.java","1732","6287","8019"
"2019-08-17 17:13","ChrootTest.java","167976","257015","424991"
"2011-09-17 02:13","ChrootTest.java","20558","42411","62969"
"2011-04-12 09:14","ChrootTest.java","17408","27920","45328"
"2019-10-10 14:37","FileTxnLogTest.java","3093","3934","7027"
"2018-11-17 18:33","ServerCnxn.java","142861","225521","368382"
"2019-01-14 19:38","ServerCnxn.java","142861","232738","375599"
"2019-04-12 19:01","ServerCnxn.java","142905","239297","382202"
"2011-08-19 00:05","ServerCnxn.java","21808","67797","89605"
"2014-07-18 02:19","ServerCnxn.java","32116","112005","144121"
"2018-09-18 01:00","ServerCnxn.java","88597","196359","284956"
"2019-07-08 23:26","ServerCnxn.java","142905","246266","389171"
"2016-11-16 06:21","ServerCnxn.java","34614","130661","165275"
"2019-08-17 17:13","ServerCnxn.java","142905","257490","400395"
"2019-07-03 00:44","ServerCnxn.java","142905","245503","388408"
"2015-03-28 20:08","ServerCnxn.java","32352","119203","151555"
"2015-06-28 21:09","ServerCnxn.java","32509","121060","153569"
"2018-07-12 01:33","ServerCnxn.java","43607","146295","189902"
"2018-08-08 06:21","ServerCnxn.java","69909","174565","244474"
"2017-11-28 00:10","ServerCnxn.java","36329","135095","171424"
"2009-11-12 20:53","ServerCnxn.java","3157","7713","10870"
"2009-11-07 01:48","ServerCnxn.java","3046","7015","10061"
"2019-11-18 09:05","ServerCnxn.java","143545","261274","404819"
"2020-02-26 22:41","ServerCnxn.java","143545","268784","412329"
"2018-09-28 23:38","ServerCnxn.java","88693","199029","287722"
"2011-05-20 01:17","ServerCnxn.java","22948","59825","82773"
"2011-08-11 08:00","ServerCnxn.java","21790","65350","87140"
"2010-08-18 08:24","ServerCnxn.java","17927","62940","80867"
"2019-11-11 13:59","ServerCnxn.java","142905","264900","407805"
"2013-09-29 22:24","SASLAuthenticationProvider.java","13961","31411","45372"
"2019-08-17 17:13","SASLAuthenticationProvider.java","177112","256904","434016"
"2019-08-17 17:13","KeyAuthenticationProvider.java","36701","68626","105327"
"2015-07-07 07:11","WatchesReportTest.java","3799","12639","16438"
"2018-09-28 23:38","WatchesReportTest.java","113030","143477","256507"
"2019-08-17 17:13","WatchesReportTest.java","210259","256151","466410"
"2019-08-17 17:13","DeserializationPerfTest.java","202829","256155","458984"
"2019-10-10 14:37","DeserializationPerfTest.java","202829","259908","462737"
"2013-09-18 01:14","ReadOnlyRequestProcessor.java","1003","2911","3914"
"2014-03-23 04:12","ReadOnlyRequestProcessor.java","2219","11589","13808"
"2015-03-08 23:07","ReadOnlyRequestProcessor.java","12104","35780","47884"
"2016-10-07 21:51","ReadOnlyRequestProcessor.java","18401","50510","68911"
"2019-08-17 17:13","ReadOnlyRequestProcessor.java","191763","256406","448169"
"2015-06-04 19:51","ReadOnlyRequestProcessor.java","12726","39784","52510"
"2019-06-07 14:13","TruncateTest.java","205553","242258","447811"
"2015-05-14 18:40","TruncateTest.java","3514","15763","19277"
"2019-08-17 17:13","TruncateTest.java","205553","256154","461707"
"2018-05-09 23:57","TruncateTest.java","17508","43798","61306"
"2014-09-27 08:20","TruncateTest.java","2188","9422","11610"
"2019-07-12 17:01","TruncateTest.java","205553","251467","457020"
"2017-08-18 06:32","TruncateTest.java","16234","35785","52019"
"2017-09-11 18:55","TruncateTest.java","16375","36104","52479"
"2016-08-24 01:36","TruncateTest.java","9590","26324","35914"
"2017-05-11 16:59","TruncateTest.java","14796","33977","48773"
"2020-01-28 17:26","TruncateTest.java","206993","267992","474985"
"2017-01-07 01:09","TruncateTest.java","10873","32739","43612"
"2018-06-08 16:52","ZooKeeperServerMain.java","16338","32695","49033"
"2019-04-18 19:17","ZooKeeperServerMain.java","216147","238583","454730"
"2019-11-11 13:59","ZooKeeperServerMain.java","216193","263522","479715"
"2019-11-28 12:24","ZooKeeperServerMain.java","217616","262441","480057"
"2019-11-25 15:37","ZooKeeperServerMain.java","217616","262343","479959"
"2016-08-13 15:01","ZooKeeperServerMain.java","7020","13304","20324"
"2015-06-04 19:51","ZooKeeperServerMain.java","1279","3613","4892"
"2019-08-17 17:13","ZooKeeperServerMain.java","216164","256083","472247"
"2017-07-28 00:36","ZooKeeperServerMain.java","14715","23199","37914"
"2019-04-12 19:01","ZooKeeperServerMain.java","216147","237873","454020"
"2018-09-11 15:23","ZooKeeperServerMain.java","112345","132990","245335"
"2017-02-12 00:12","ZooKeeperServerMain.java","11838","20268","32106"
"2013-09-18 12:58","ClientCnxn.java","2395","8952","11347"
"2015-01-31 08:05","ClientCnxn.java","12180","40043","52223"
"2016-05-02 18:15","ClientCnxn.java","17504","51403","68907"
"2014-01-24 07:18","ClientCnxn.java","3201","16490","19691"
"2019-08-17 17:13","ClientCnxn.java","187214","256413","443627"
"2015-05-10 00:27","ClientCnxn.java","12521","42923","55444"
"2017-12-19 19:27","ClientCnxn.java","24040","66268","90308"
"2019-01-31 15:50","ClientCnxn.java","187116","233982","421098"
"2019-04-09 15:35","ClientCnxn.java","187135","237191","424326"
"2013-02-03 15:52","ClientCnxn.java","725","1218","1943"
"2014-12-20 15:29","ClientCnxn.java","12173","40025","52198"
"2019-11-08 17:30","ClientCnxn.java","187242","262055","449297"
"2017-06-08 17:59","ClientCnxn.java","22625","60563","83188"
"2019-01-16 14:21","ClientCnxn.java","187116","232295","419411"
"2019-01-07 14:24","ClientCnxn.java","187115","231144","418259"
"2019-03-06 03:32","ClientCnxn.java","187134","236118","423252"
"2015-02-06 06:17","ClientCnxn.java","12274","40332","52606"
"2019-02-07 11:26","ClientCnxn.java","187117","234648","421765"
"2018-11-05 19:40","ClientCnxn.java","167832","235517","403349"
"2020-05-17 15:13","ClientCnxn.java","188563","271707","460270"
"2018-06-25 12:30","ClientCnxn.java","24415","70169","94584"
"2020-03-03 03:12","ClientCnxn.java","188559","269493","458052"
"2018-09-10 11:44","ClientCnxn.java","109486","158425","267911"
"2015-06-13 02:42","ClientCnxn.java","12930","44794","57724"
"2014-03-23 04:12","ClientCnxn.java","3503","17429","20932"
"2015-11-09 00:05","ClientCnxn.java","14244","47600","61844"
"2015-12-06 19:58","ClientCnxn.java","14351","48012","62363"
"2020-01-21 17:53","ClientCnxn.java","188559","265754","454313"
"2015-12-05 22:43","ClientCnxn.java","14351","48009","62360"
"2015-12-05 22:32","ClientCnxn.java","14350","48003","62353"
"2019-10-10 14:37","ClientCnxn.java","187214","260166","447380"
"2014-04-01 04:03","ClientCnxn.java","3739","18508","22247"
"2013-09-18 15:14","ClientCnxn.java","2399","8974","11373"
"2013-09-18 04:08","ClientCnxn.java","2379","8850","11229"
"2019-11-21 05:58","ClientCnxn.java","188559","260925","449484"
"2020-04-16 12:50","ClientCnxn.java","188559","271332","459891"
"2018-07-27 05:16","ClientCnxn.java","42639","89545","132184"
"2019-08-17 17:13","ZxidUtils.java","180329","256906","437235"
"2020-02-16 10:25","LearnerTest.java","11925","22565","34490"
"2020-01-28 17:26","LearnerTest.java","11862","22260","34122"
"2019-11-29 14:49","LearnerTest.java","9773","16330","26103"
"2020-03-26 22:12","FinalRequestProcessor.java","59","61","120"
"2019-08-17 17:13","StandaloneTest.java","223776","255265","479041"
"2018-10-16 16:22","QuorumPeerConfig.java","186486","234932","421418"
"2018-12-09 03:16","QuorumPeerConfig.java","205995","228702","434697"
"2019-04-12 19:01","QuorumPeerConfig.java","206089","237945","444034"
"2018-09-11 15:23","QuorumPeerConfig.java","111682","142457","254139"
"2018-12-15 07:34","QuorumPeerConfig.java","205995","228617","434612"
"2019-02-13 13:12","QuorumPeerConfig.java","206016","235011","441027"
"2019-08-17 17:13","QuorumPeerConfig.java","206105","256154","462259"
"2015-03-17 18:06","QuorumPeerConfig.java","2817","12947","15764"
"2017-11-28 00:10","QuorumPeerConfig.java","16770","39804","56574"
"2019-06-05 00:29","QuorumPeerConfig.java","206105","241821","447926"
"2014-09-17 07:34","QuorumPeerConfig.java","2120","8797","10917"
"2020-01-09 11:27","QuorumPeerConfig.java","207545","265697","473242"
"2019-07-12 17:01","QuorumPeerConfig.java","206105","251467","457572"
"2016-11-13 20:59","QuorumPeerConfig.java","10002","29770","39772"
"2019-05-15 11:56","QuorumPeerConfig.java","206089","240892","446981"
"2014-08-19 22:50","QuorumPeerConfig.java","2034","7625","9659"
"2018-10-01 06:11","QuorumPeerConfig.java","111991","146600","258591"
"2017-07-28 00:36","QuorumPeerConfig.java","16112","34726","50838"
"2017-07-06 18:48","QuorumPeerConfig.java","15094","34590","49684"
"2020-01-23 13:43","QuorumPeerConfig.java","207545","267521","475066"
"2016-06-23 19:42","QuorumPeerConfig.java","8730","24066","32796"
"2015-09-06 20:02","QuorumPeerConfig.java","4972","18614","23586"
"2015-09-29 03:56","QuorumPeerConfig.java","5017","18840","23857"
"2019-10-10 14:37","QuorumPeerConfig.java","206105","259907","466012"
"2018-07-27 12:32","QuorumPeerConfig.java","36223","64171","100394"
"2019-04-18 19:17","QuorumPeerConfig.java","206089","238655","444744"
"2016-11-03 16:07","QuorumPeerConfig.java","9817","27916","37733"
"2014-08-01 07:38","QuorumPeerConfig.java","1829","6885","8714"
"2014-08-14 08:08","QuorumPeerConfig.java","1940","7417","9357"
"2020-02-16 10:25","QuorumPeerConfig.java","207545","268234","475779"
"2020-05-14 18:18","QuorumPeerConfig.java","207556","271470","479026"
"2017-05-11 16:59","QuorumPeerConfig.java","14762","33391","48153"
"2011-04-12 09:14","InvalidSnapshotTest.java","17654","91292","108946"
"2016-08-24 01:36","InvalidSnapshotTest.java","26095","153478","179573"
"2010-08-18 08:24","InvalidSnapshotTest.java","13851","96444","110295"
"2010-03-31 06:26","InvalidSnapshotTest.java","13200","76326","89526"
"2010-03-04 00:07","InvalidSnapshotTest.java","12110","68223","80333"
"2013-12-21 22:05","InvalidSnapshotTest.java","22227","125732","147959"
"2013-10-02 01:45","InvalidSnapshotTest.java","22130","121174","143304"
"2019-10-10 14:37","InvalidSnapshotTest.java","105419","261337","366756"
"2009-07-17 00:09","InvalidSnapshotTest.java","4942","41691","46633"
"2019-08-17 17:13","InvalidSnapshotTest.java","105419","257584","363003"
"2009-06-18 18:37","InvalidSnapshotTest.java","3011","31669","34680"
"2012-03-18 21:06","InvalidSnapshotTest.java","21007","104783","125790"
"2012-02-06 09:47","InvalidSnapshotTest.java","20704","103124","123828"
"2014-02-12 17:00","LearnerHandler.java","15401","135592","150993"
"2014-03-23 04:12","LearnerHandler.java","15494","136072","151566"
"2010-01-25 04:28","LearnerHandler.java","8481","76980","85461"
"2019-10-10 14:37","LearnerHandler.java","90102","261459","351561"
"2015-06-05 20:38","LearnerHandler.java","17204","155473","172677"
"2015-06-05 20:51","LearnerHandler.java","17204","155500","172704"
"2015-06-12 23:02","LearnerHandler.java","17206","155600","172806"
"2009-08-25 07:45","LearnerHandler.java","5781","59878","65659"
"2010-03-11 15:05","LearnerHandler.java","8773","86701","95474"
"2009-10-30 17:19","LearnerHandler.java","7253","62986","70239"
"2009-11-30 13:03","LearnerHandler.java","7896","72832","80728"
"2011-04-12 09:14","LearnerHandler.java","10971","100048","111019"
"2013-09-26 14:05","LearnerHandler.java","15279","128779","144058"
"2009-04-24 20:26","LearnerHandler.java","4101","27992","32093"
"2019-07-03 20:54","LearnerHandler.java","90102","245700","335802"
"2011-09-14 08:56","LearnerHandler.java","9614","108249","117863"
"2011-08-30 08:37","LearnerHandler.java","9530","106956","116486"
"2010-07-29 23:10","LearnerHandler.java","9710","102552","112262"
"2011-09-17 02:36","LearnerHandler.java","12155","108230","120385"
"2012-04-23 01:20","LearnerHandler.java","14262","113632","127894"
"2013-06-28 23:22","LearnerHandler.java","15284","128354","143638"
"2018-09-18 01:00","LearnerHandler.java","52917","210749","263666"
"2010-11-04 17:01","LearnerHandler.java","10147","138261","148408"
"2012-02-06 09:40","LearnerHandler.java","13935","110979","124914"
"2013-05-14 14:27","LearnerHandler.java","15180","126513","141693"
"2018-08-03 18:52","LearnerHandler.java","26365","180621","206986"
"2011-01-22 20:38","LearnerHandler.java","10577","140789","151366"
"2018-12-09 03:16","LearnerHandler.java","90075","230337","320412"
"2019-04-12 19:01","LearnerHandler.java","90103","239514","329617"
"2013-03-07 07:01","LearnerHandler.java","15166","126374","141540"
"2009-11-18 20:06","LearnerHandler.java","7857","72463","80320"
"2017-11-28 00:10","LearnerHandler.java","20020","168856","188876"
"2019-06-29 00:33","LearnerHandler.java","90102","245693","335795"
"2013-05-11 15:35","LearnerHandler.java","15166","126422","141588"
"2019-07-25 21:41","LearnerHandler.java","90102","254189","344291"
"2019-08-23 19:43","LearnerHandler.java","90102","258372","348474"
"2019-08-17 17:13","LearnerHandler.java","90102","257706","347808"
"2009-06-18 18:37","LearnerHandler.java","4871","48968","53839"
"2009-06-26 22:29","LearnerHandler.java","5476","57136","62612"
"2009-06-15 22:52","LearnerHandler.java","4623","47649","52272"
"2009-01-16 00:48","LearnerHandler.java","213","232","445"
"2017-06-26 00:16","LearnerHandler.java","19913","164706","184619"
"2017-08-03 20:28","LearnerHandler.java","19937","164378","184315"
"2012-07-29 07:02","LearnerHandler.java","14284","115057","129341"
"2019-05-06 17:48","LearnerHandler.java","90103","242020","332123"
"2019-08-03 08:42","LearnerHandler.java","90102","258414","348516"
"2019-04-22 19:15","LearnerHandler.java","90103","240489","330592"
"2009-02-20 01:23","LearnerHandler.java","2910","16536","19446"
"2011-06-14 07:14","LearnerHandler.java","11034","102061","113095"
"2014-02-12 17:00","ZKDatabase.java","5021","24445","29466"
"2019-10-10 14:37","ZKDatabase.java","181380","260217","441597"
"2019-12-27 22:33","ZKDatabase.java","182692","266454","449146"
"2018-04-06 06:04","ZKDatabase.java","24629","73905","98534"
"2014-04-29 02:23","ZKDatabase.java","11701","34140","45841"
"2014-04-17 08:47","ZKDatabase.java","11695","33428","45123"
"2018-09-28 23:38","ZKDatabase.java","108290","167929","276219"
"2013-06-28 23:22","ZKDatabase.java","3775","16078","19853"
"2019-11-08 17:30","ZKDatabase.java","181408","262106","443514"
"2019-05-14 17:11","ZKDatabase.java","181364","241115","422479"
"2018-09-18 01:00","ZKDatabase.java","108127","165192","273319"
"2013-03-07 07:01","ZKDatabase.java","3315","13756","17071"
"2019-02-07 11:26","ZKDatabase.java","181288","234704","415992"
"2019-04-12 19:01","ZKDatabase.java","181364","238255","419619"
"2018-09-05 22:35","ZKDatabase.java","108056","162867","270923"
"2015-02-06 06:17","ZKDatabase.java","13485","47428","60913"
"2014-07-18 02:19","ZKDatabase.java","12745","41937","54682"
"2018-02-07 01:05","ZKDatabase.java","24593","73517","98110"
"2014-01-24 07:18","ZKDatabase.java","4919","24093","29012"
"2019-08-17 17:13","ZKDatabase.java","181380","256464","437844"
"2019-09-10 00:27","ZKDatabase.java","181380","257404","438784"
"2016-03-23 00:30","ZKDatabase.java","18162","57205","75367"
"2018-02-23 23:49","ZKDatabase.java","24624","73892","98516"
"2017-08-03 20:28","ZKDatabase.java","23670","67344","91014"
"2017-06-18 19:23","ZKDatabase.java","23131","67029","90160"
"2019-04-09 15:35","ZKDatabase.java","181306","237247","418553"
"2019-11-28 12:24","DataTree.java","37392","65187","102579"
"2019-10-10 14:37","DataTree.java","32112","58754","90866"
"2019-12-27 22:33","DataTree.java","37777","69344","107121"
"2019-11-11 13:59","DataTree.java","32297","62596","94893"
"2019-11-08 17:30","DataTree.java","32266","60769","93035"
"2019-02-07 11:26","DataTree.java","146","1367","1513"
"2019-09-10 09:53","DataTree.java","31292","55230","86522"
"2019-04-12 19:01","DataTree.java","1161","5857","7018"
"2019-07-31 19:06","DataTree.java","8249","30445","38694"
"2019-09-11 10:27","DataTree.java","31334","55579","86913"
"2019-08-01 07:31","DataTree.java","8325","31885","40210"
"2019-08-17 17:13","DataTree.java","30054","52943","82997"
"2019-09-10 15:21","DataTree.java","31302","55234","86536"
"2019-04-12 12:29","DataTree.java","1026","5291","6317"
"2019-08-03 08:42","DataTree.java","8589","32186","40775"
"2019-08-09 16:15","DataTree.java","8798","33143","41941"
"2019-04-29 16:49","DataTree.java","1268","7994","9262"
"2019-12-27 22:33","TxnLog.java","37966","61977","99943"
"2019-08-17 17:13","TxnLog.java","29675","45008","74683"
"2019-11-29 14:49","QuorumCnxManager.java","225644","263432","489076"
"2018-07-11 06:04","QuorumCnxManager.java","14140","22109","36249"
"2018-08-06 14:11","QuorumCnxManager.java","24838","34580","59418"
"2018-10-16 16:22","QuorumCnxManager.java","202000","231628","433628"
"2019-06-14 09:06","QuorumCnxManager.java","224018","243247","467265"
"2019-08-03 08:42","QuorumCnxManager.java","224019","255958","479977"
"2019-11-13 20:41","QuorumCnxManager.java","224067","263017","487084"
"2019-04-09 16:08","QuorumCnxManager.java","223925","236012","459937"
"2019-08-06 12:52","QuorumCnxManager.java","224019","256223","480242"
"2019-05-20 23:13","QuorumCnxManager.java","224001","240104","464105"
"2017-08-23 02:16","QuorumCnxManager.java","1831","2127","3958"
"2019-07-27 20:04","QuorumCnxManager.java","224019","251781","475800"
"2020-03-12 14:47","QuorumCnxManager.java","225646","268820","494466"
"2019-08-17 17:13","QuorumCnxManager.java","224019","255250","479269"
"2017-11-28 00:10","QuorumCnxManager.java","2562","6778","9340"
"2019-10-10 14:37","QuorumCnxManager.java","224019","259003","483022"
"2020-01-23 13:43","QuorumCnxManager.java","225646","266804","492450"
"2019-11-28 12:24","QuorumCnxManager.java","225644","261781","487425"
"2020-03-23 16:20","QuorumCnxManager.java","225646","268991","494637"
"2020-02-16 10:25","QuorumCnxManager.java","225646","267517","493163"
"2018-07-27 12:32","QuorumCnxManager.java","24623","33753","58376"
"2019-10-10 14:37","ChrootAsyncTest.java","3717","7470","11187"
"2019-05-20 12:24","RestoreCommittedLogTest.java","905","4852","5757"
"2019-08-17 17:13","RestoreCommittedLogTest.java","29822","48965","78787"
"2019-05-14 17:11","RestoreCommittedLogTest.java","809","4619","5428"
"2019-08-17 17:13","ClientSSLTest.java","29878","54979","84857"
"2019-06-03 19:40","ClientSSLTest.java","2063","12495","14558"
"2019-06-05 00:29","ClientSSLTest.java","2259","13027","15286"
"2019-10-10 14:37","AsyncHammerTest.java","3717","7470","11187"
"2019-07-03 00:44","NIOServerCnxnFactory.java","231291","242860","474151"
"2019-08-17 17:13","NIOServerCnxnFactory.java","231292","254848","486140"
"2019-08-03 08:42","NIOServerCnxnFactory.java","231292","255556","486848"
"2019-04-22 19:15","NIOServerCnxnFactory.java","231255","237593","468848"
"2018-11-23 11:51","NIOServerCnxnFactory.java","231142","223471","454613"
"2019-02-13 13:12","NIOServerCnxnFactory.java","231173","233675","464848"
"2018-10-24 04:03","NIOServerCnxnFactory.java","208930","230784","439714"
"2019-04-12 19:01","NIOServerCnxnFactory.java","231255","236618","467873"
"2019-10-10 14:37","NIOServerCnxnFactory.java","231293","258602","489895"
"2019-11-14 03:54","NIOServerCnxnFactory.java","231341","262906","494247"
"2019-06-07 14:13","TruncateTest.java","222019","241990","464009"
"2019-08-17 17:13","TruncateTest.java","222020","255887","477907"
"2018-05-09 23:57","TruncateTest.java","9535","19091","28626"
"2019-07-12 17:01","TruncateTest.java","222020","251200","473220"
"2017-08-18 06:32","TruncateTest.java","8075","10892","18967"
"2017-09-11 18:55","TruncateTest.java","8249","11244","19493"
"2017-05-11 16:59","TruncateTest.java","6107","8554","14661"
"2020-01-28 17:26","TruncateTest.java","223600","267865","491465"
"2017-01-07 01:09","TruncateTest.java","1473","6605","8078"
"2019-10-10 14:37","PortForwarder.java","31925","50347","82272"
"2019-08-17 17:13","PortForwarder.java","29523","44192","73715"
"2020-01-07 20:39","SyncRequestProcessor.java","6617","11917","18534"
"2020-03-25 03:38","SyncRequestProcessor.java","10199","19231","29430"
"2019-11-08 17:30","Request.java","157928","262647","420575"
"2019-01-16 14:21","Request.java","157871","232956","390827"
"2019-04-25 02:11","Request.java","157929","240754","398683"
"2019-07-08 23:26","Request.java","157928","245809","403737"
"2011-07-01 00:53","Request.java","21637","46860","68497"
"2015-02-06 06:17","Request.java","31327","100920","132247"
"2013-03-07 07:01","Request.java","28351","74442","102793"
"2019-02-07 11:26","Request.java","157872","235309","393181"
"2019-08-06 17:11","Request.java","157928","258134","416062"
"2019-08-01 07:28","Request.java","157928","257214","415142"
"2019-06-26 10:57","Request.java","157928","244883","402811"
"2014-01-24 07:18","Request.java","28981","83805","112786"
"2016-10-07 21:51","Request.java","33793","111993","145786"
"2015-06-04 19:51","Request.java","31562","104711","136273"
"2019-08-17 17:13","Request.java","157928","257033","414961"
"2019-04-17 14:16","Request.java","157929","239106","397035"
"2019-05-03 00:44","Request.java","157929","241031","398960"
"2019-06-05 00:46","Request.java","157928","242893","400821"
"2019-05-10 12:22","Request.java","157929","241541","399470"
"2020-03-25 03:38","Request.java","158957","270847","429804"
"2019-09-20 10:06","Request.java","157928","259896","417824"
"2019-09-16 23:26","Request.java","157928","260052","417980"
"2019-12-27 22:33","Request.java","158957","266740","425697"
"2019-11-11 13:59","Request.java","157928","264443","422371"
"2011-10-20 20:02","Request.java","24357","53726","78083"
"2012-12-19 19:16","Request.java","27948","69483","97431"
"2014-04-29 02:23","Request.java","30489","88578","119067"
"2013-10-09 22:21","Request.java","28878","80164","109042"
"2020-05-05 21:20","Request.java","158957","271878","430835"
"2014-03-25 22:13","QuorumPeerMainTest.java","30106","101681","131787"
"2011-09-03 01:07","QuorumPeerMainTest.java","21836","70647","92483"
"2018-05-10 00:14","QuorumPeerMainTest.java","36142","138495","174637"
"2018-10-05 14:25","QuorumPeerMainTest.java","114508","226535","341043"
"2018-07-17 10:41","QuorumPeerMainTest.java","47882","151882","199764"
"2018-07-27 12:32","QuorumPeerMainTest.java","47906","152417","200323"
"2013-10-09 22:21","QuorumPeerMainTest.java","29871","97035","126906"
"2010-03-31 06:26","QuorumPeerMainTest.java","14591","40968","55559"
"2011-09-17 02:13","QuorumPeerMainTest.java","24451","71315","95766"
"2010-05-21 18:22","QuorumPeerMainTest.java","17008","44325","61333"
"2015-11-03 08:11","QuorumPeerMainTest.java","32314","122806","155120"
"2020-01-23 13:43","QuorumPeerMainTest.java","142723","268066","410789"
"2011-06-14 14:11","QuorumPeerMainTest.java","22968","61834","84802"
"2010-03-04 23:55","QuorumPeerMainTest.java","13205","32649","45854"
"2009-08-11 00:24","QuorumPeerMainTest.java","264","1256","1520"
"2019-10-10 14:37","QuorumPeerMainTest.java","142084","261253","403337"
"2019-12-28 16:17","QuorumPeerMainTest.java","142723","266724","409447"
"2009-11-18 00:38","QuorumPeerMainTest.java","3724","13796","17520"
"2009-11-18 20:06","QuorumPeerMainTest.java","3847","16265","20112"
"2017-12-16 01:25","QuorumPeerMainTest.java","35998","135639","171637"
"2018-01-19 00:52","QuorumPeerMainTest.java","36030","135784","171814"
"2018-04-30 06:34","QuorumPeerMainTest.java","36141","137863","174004"
"2019-07-25 21:41","QuorumPeerMainTest.java","142084","253983","396067"
"2019-08-17 17:13","QuorumPeerMainTest.java","142084","257500","399584"
"2018-02-23 23:49","QuorumPeerMainTest.java","36068","136864","172932"
"2011-06-14 07:14","QuorumPeerMainTest.java","22968","61807","84775"
"2012-04-23 01:20","QuorumPeerMainTest.java","28151","78282","106433"
"2014-01-09 20:21","QuorumPeerMainTest.java","29929","98939","128868"
"2019-07-02 07:34","QuorumPeerMainTest.java","142084","245443","387527"
"2019-05-20 17:18","QuorumPeerMainTest.java","142084","242291","384375"
"2018-10-16 16:22","QuorumPeerMainTest.java","114510","239519","354029"
"2015-02-06 06:17","QuorumPeerMainTest.java","32042","117513","149555"
"2018-08-29 06:26","QuorumPeerMainTest.java","83698","189721","273419"
"2018-08-03 18:52","QuorumPeerMainTest.java","47908","152925","200833"
"2018-09-11 15:23","QuorumPeerMainTest.java","88105","195443","283548"
"2019-10-10 14:37","ClientCnxnSocketNIO.java","31910","54806","86716"
"2019-08-03 08:42","ClientCnxnSocketNIO.java","7938","27789","35727"
"2019-08-17 17:13","ClientCnxnSocketNIO.java","29822","48965","78787"
"2019-01-23 14:00","NettyServerCnxn.java","198213","232989","431202"
"2019-02-18 17:05","NettyServerCnxn.java","198230","235538","433768"
"2019-02-12 15:25","NettyServerCnxn.java","198214","235088","433302"
"2017-08-09 20:31","NettyServerCnxn.java","23152","49919","73071"
"2017-04-10 19:19","NettyServerCnxn.java","20847","48159","69006"
"2018-09-07 02:34","NettyServerCnxn.java","112105","149890","261995"
"2019-04-12 19:01","NettyServerCnxn.java","198295","238151","436446"
"2018-11-22 17:56","NettyServerCnxn.java","198211","224957","423168"
"2018-10-24 04:03","NettyServerCnxn.java","178816","235163","413979"
"2018-11-17 18:33","NettyServerCnxn.java","198210","224334","422544"
"2019-01-14 19:38","NettyServerCnxn.java","198212","231553","429765"
"2017-03-04 19:22","NettyServerCnxn.java","20810","47836","68646"
"2018-09-18 01:00","NettyServerCnxn.java","112184","152214","264398"
"2019-08-17 17:13","NettyServerCnxn.java","198311","256360","454671"
"2019-07-03 00:44","NettyServerCnxn.java","198311","244373","442684"
"2015-03-28 20:08","NettyServerCnxn.java","10863","29982","40845"
"2019-11-23 17:08","NettyServerCnxn.java","199660","262410","462070"
"2015-06-28 21:09","NettyServerCnxn.java","12566","33385","45951"
"2019-07-23 15:55","NettyServerCnxn.java","198311","252368","450679"
"2019-05-06 18:32","NettyServerCnxn.java","198295","240698","438993"
"2019-04-22 19:15","NettyServerCnxn.java","198295","239126","437421"
"2019-08-03 08:42","NettyServerCnxn.java","198311","257068","455379"
"2016-12-21 23:32","NettyServerCnxn.java","18195","47148","65343"
"2019-11-18 09:05","NettyServerCnxn.java","199660","260853","460513"
"2015-11-08 22:36","NettyServerCnxn.java","12879","35006","47885"
"2019-11-21 05:58","NettyServerCnxn.java","199660","260876","460536"
"2019-09-16 23:26","NettyServerCnxn.java","198311","259379","457690"
"2019-10-10 14:37","NettyServerCnxn.java","198311","260113","458424"
"2018-09-28 23:38","NettyServerCnxn.java","112347","154951","267298"
"2013-12-16 05:18","NettyServerCnxnFactory.java","4633","21219","25852"
"2016-06-23 23:45","NettyServerCnxnFactory.java","18429","58734","77163"
"2020-02-26 22:41","NettyServerCnxnFactory.java","183141","268430","451571"
"2019-10-10 14:37","NettyServerCnxnFactory.java","181829","260217","442046"
"2013-10-05 00:57","NettyServerCnxnFactory.java","4195","16722","20917"
"2019-09-10 18:50","NettyServerCnxnFactory.java","181829","257581","439410"
"2019-11-14 03:54","NettyServerCnxnFactory.java","181857","264501","446358"
"2019-02-12 15:25","NettyServerCnxnFactory.java","181737","235197","416934"
"2018-10-16 16:22","NettyServerCnxnFactory.java","162630","235662","398292"
"2019-02-15 15:36","NettyServerCnxnFactory.java","181753","235628","417381"
"2019-04-12 19:01","NettyServerCnxnFactory.java","181813","238255","420068"
"2018-11-22 17:56","NettyServerCnxnFactory.java","181734","225066","406800"
"2018-09-22 06:48","NettyServerCnxnFactory.java","108283","164968","273251"
"2013-03-07 07:01","NettyServerCnxnFactory.java","3149","13141","16290"
"2018-12-15 07:34","NettyServerCnxnFactory.java","181734","228942","410676"
"2014-07-18 02:19","NettyServerCnxnFactory.java","12841","41584","54425"
"2019-02-13 13:12","NettyServerCnxnFactory.java","181755","235336","417091"
"2019-08-17 17:13","NettyServerCnxnFactory.java","181829","256464","438293"
"2015-03-17 18:06","NettyServerCnxnFactory.java","13759","48475","62234"
"2015-03-28 20:08","NettyServerCnxnFactory.java","13787","49492","63279"
"2019-11-23 17:08","NettyServerCnxnFactory.java","183141","262477","445618"
"2019-07-03 00:44","NettyServerCnxnFactory.java","181829","244477","426306"
"2019-06-05 00:29","NettyServerCnxnFactory.java","181829","242131","423960"
"2019-07-23 15:55","NettyServerCnxnFactory.java","181829","252472","434301"
"2014-09-28 19:15","NettyServerCnxnFactory.java","13350","44691","58041"
"2019-06-24 11:05","NettyServerCnxnFactory.java","181829","243797","425626"
"2015-01-30 03:23","NettyServerCnxnFactory.java","13505","46793","60298"
"2019-08-03 08:42","NettyServerCnxnFactory.java","181829","257172","439001"
"2015-12-06 21:37","ZooKeeperServerBean.java","392","1792","2184"
"2015-12-07 06:26","ZooKeeperServerBean.java","401","2127","2528"
"2020-03-25 03:38","ZooKeeperServerBean.java","220608","270298","490906"
"2019-11-14 03:54","ZooKeeperServerBean.java","219091","264005","483096"
"2019-09-16 23:26","ZooKeeperServerBean.java","219061","258985","478046"
"2018-06-08 16:52","ZooKeeperServerBean.java","14203","27546","41749"
"2020-04-30 18:53","ZooKeeperServerBean.java","220608","271198","491806"
"2019-01-23 14:00","ZooKeeperServerBean.java","218950","232582","451532"
"2019-07-08 23:26","ZooKeeperServerBean.java","219060","244741","463801"
"2017-04-28 07:14","ZooKeeperServerBean.java","9756","16071","25827"
"2019-01-14 19:38","ZooKeeperServerBean.java","218949","231146","450095"
"2019-01-07 14:39","ZooKeeperServerBean.java","218949","230693","449642"
"2019-08-17 17:13","ZooKeeperServerBean.java","219061","255966","475027"
"2018-02-07 01:05","ZooKeeperServerBean.java","13724","24469","38193"
"2018-07-12 01:33","ZooKeeperServerBean.java","23563","37375","60938"
"2019-05-22 11:39","ZooKeeperServerBean.java","219043","241148","460191"
"2019-07-30 02:31","ZooKeeperServerBean.java","219061","253887","472948"
"2019-11-28 12:24","DataTree.java","37475","64726","102201"
"2019-10-10 14:37","DataTree.java","32188","58286","90474"
"2019-12-27 22:33","DataTree.java","37860","68883","106743"
"2019-11-11 13:59","DataTree.java","32373","62128","94501"
"2019-11-08 17:30","DataTree.java","32342","60301","92643"
"2019-02-07 11:26","DataTree.java","81","758","839"
"2019-09-10 09:53","DataTree.java","31368","54762","86130"
"2019-04-12 19:01","DataTree.java","1124","5276","6400"
"2019-07-31 19:06","DataTree.java","8212","29864","38076"
"2019-09-11 10:27","DataTree.java","31410","55111","86521"
"2019-08-01 07:31","DataTree.java","8288","31304","39592"
"2019-08-17 17:13","DataTree.java","30130","52475","82605"
"2019-09-10 15:21","DataTree.java","31378","54766","86144"
"2019-04-12 12:29","DataTree.java","962","4683","5645"
"2019-08-03 08:42","DataTree.java","8552","31605","40157"
"2019-08-09 16:15","DataTree.java","8761","32562","41323"
"2019-04-29 16:49","DataTree.java","1231","7413","8644"
"2019-10-10 14:37","ClientCnxnSocketNIO.java","27642","30687","58329"
"2019-08-17 17:13","ClientCnxnSocketNIO.java","24898","24190","49088"
"2015-10-18 19:00","QuorumPeer.java","12632","31329","43961"
"2018-12-20 15:13","QuorumPeer.java","201329","229754","431083"
"2019-05-16 16:25","QuorumPeer.java","201420","241074","442494"
"2018-10-16 16:22","QuorumPeer.java","181933","235185","417118"
"2019-06-14 09:06","QuorumPeer.java","201436","244289","445725"
"2018-12-07 12:41","QuorumPeer.java","201328","226767","428095"
"2019-03-11 19:47","QuorumPeer.java","201348","236201","437549"
"2014-07-18 02:19","QuorumPeer.java","9052","18015","27067"
"2019-02-13 13:12","QuorumPeer.java","201349","235150","436499"
"2019-04-12 19:01","QuorumPeer.java","201420","238082","439502"
"2018-12-09 03:16","QuorumPeer.java","201328","228841","430169"
"2018-09-11 15:23","QuorumPeer.java","112297","147878","260175"
"2019-11-29 14:49","QuorumPeer.java","202854","264266","467120"
"2018-12-15 07:34","QuorumPeer.java","201328","228756","430084"
"2018-11-27 10:02","QuorumPeer.java","201328","226517","427845"
"2018-09-18 01:00","QuorumPeer.java","112373","149209","261582"
"2019-06-03 19:40","QuorumPeer.java","201436","241622","443058"
"2019-07-15 14:15","QuorumPeer.java","201436","251710","453146"
"2015-03-17 18:06","QuorumPeer.java","10474","25410","35884"
"2019-07-03 00:44","QuorumPeer.java","201436","244304","445740"
"2019-08-17 17:13","QuorumPeer.java","201436","256291","457727"
"2015-06-27 02:03","QuorumPeer.java","11416","29041","40457"
"2017-11-28 00:10","QuorumPeer.java","23825","51665","75490"
"2014-06-04 22:07","QuorumPeer.java","7701","10864","18565"
"2018-01-30 08:02","QuorumPeer.java","24228","52221","76449"
"2019-05-15 11:56","QuorumPeer.java","201420","241029","442449"
"2019-06-05 00:33","QuorumPeer.java","201436","242012","443448"
"2019-05-20 23:13","QuorumPeer.java","201420","241147","442567"
"2019-06-04 10:55","QuorumPeer.java","201436","241775","443211"
"2019-07-12 17:01","QuorumPeer.java","201436","251604","453040"
"2020-01-09 11:27","QuorumPeer.java","202854","265812","468666"
"2017-02-09 11:40","QuorumPeer.java","18320","44936","63256"
"2017-07-06 18:48","QuorumPeer.java","22159","46461","68620"
"2018-10-01 06:11","QuorumPeer.java","112544","151959","264503"
"2015-04-09 20:16","QuorumPeer.java","10516","26515","37031"
"2018-07-04 17:11","QuorumPeer.java","32625","64179","96804"
"2019-12-17 13:48","QuorumPeer.java","202854","264838","467692"
"2015-12-07 05:59","QuorumPeer.java","12921","32376","45297"
"2020-01-23 13:43","QuorumPeer.java","202854","267636","470490"
"2016-06-23 23:45","QuorumPeer.java","16243","36768","53011"
"2016-06-23 23:25","QuorumPeer.java","16212","36629","52841"
"2014-07-18 20:48","QuorumPeer.java","9272","18694","27966"
"2014-07-04 04:19","QuorumPeer.java","7863","12669","20532"
"2018-12-06 10:56","QuorumPeer.java","201328","226711","428039"
"2014-06-25 15:04","QuorumPeer.java","7728","11388","19116"
"2019-10-10 14:37","QuorumPeer.java","201436","260044","461480"
"2017-07-27 23:09","QuorumPeer.java","23157","46473","69630"
"2014-05-18 05:49","QuorumPeer.java","7613","10287","17900"
"2018-06-26 11:18","QuorumPeer.java","24612","56148","80760"
"2018-07-27 12:32","QuorumPeer.java","43057","75811","118868"
"2019-04-18 19:17","QuorumPeer.java","201420","238792","440212"
"2016-12-20 14:47","QuorumPeer.java","18082","43563","61645"
"2017-05-11 16:59","QuorumPeer.java","21831","45266","67097"
"2014-07-03 06:01","QuorumPeer.java","7773","12157","19930"
"2014-08-14 08:08","QuorumPeer.java","9733","20016","29749"
"2014-08-01 07:38","QuorumPeer.java","9637","19499","29136"
"2014-07-20 04:50","QuorumPeer.java","9311","18795","28106"
"2016-06-02 00:59","QuorumPeer.java","16178","36226","52404"
"2020-02-16 10:25","QuorumPeer.java","202854","268349","471203"
"2017-11-15 22:33","CommitProcessor.java","27910","88729","116639"
"2019-08-17 17:13","CommitProcessor.java","178405","256932","435337"
"2012-12-08 00:38","CommitProcessor.java","11621","31560","43181"
"2019-07-30 02:31","CommitProcessor.java","178405","254853","433258"
"2016-05-15 23:31","CommitProcessor.java","24081","80380","104461"
"2019-08-03 08:42","CommitProcessor.java","178405","257640","436045"
"2019-04-09 15:35","CommitProcessor.java","178354","237738","416092"
"2019-04-25 02:11","CommitProcessor.java","178406","240653","419059"
"2019-01-07 14:24","CommitProcessor.java","178339","231696","410035"
"2011-10-28 18:37","CommitProcessor.java","7062","17162","24224"
"2015-03-08 23:07","CommitProcessor.java","21015","71263","92278"
"2014-07-15 23:54","CommitProcessor.java","20406","62777","83183"
"2014-03-23 04:12","CommitProcessor.java","13945","49887","63832"
"2020-03-25 03:38","CommitProcessor.java","179499","270811","450310"
"2019-10-10 14:37","CommitProcessor.java","178405","260685","439090"
"2019-11-11 13:55","CommitProcessor.java","178405","262640","441045"
"2019-12-27 22:33","CommitProcessor.java","179499","266704","446203"
"2020-03-19 17:09","Learner.java","231899","268775","500674"
"2020-02-03 04:30","Learner.java","231899","267270","499169"
"2020-01-23 13:43","Learner.java","231899","266713","498612"
"2020-03-25 03:38","Learner.java","231899","269571","501470"
"2019-11-28 12:24","Learner.java","231897","261690","493587"
"2019-12-27 22:33","Learner.java","231898","265463","497361"
"2020-01-25 18:48","Learner.java","231899","266903","498802"
"2020-05-03 19:43","Learner.java","231960","270568","502528"
"2019-10-10 14:37","Learner.java","230036","258676","488712"
"2019-06-03 19:40","Learner.java","230034","240252","470286"
"2019-07-15 14:15","Learner.java","230035","250341","480376"
"2019-08-23 19:43","Learner.java","230035","255588","485623"
"2019-08-17 17:13","Learner.java","230035","254922","484957"
"2019-04-09 15:35","Learner.java","229926","235670","465596"
"2019-07-12 17:01","Learner.java","230035","250235","480270"
"2019-07-02 07:34","Learner.java","230034","242864","472898"
"2018-10-16 16:22","Learner.java","207689","230973","438662"
"2018-12-09 03:16","Learner.java","229895","227440","457335"
"2019-11-29 14:49","Learner.java","231897","263341","495238"
"2018-11-27 10:02","Learner.java","229895","225116","455011"
"2018-08-06 14:11","Learner.java","21929","25327","47256"
"2019-05-14 17:11","SyncRequestProcessor.java","197600","241011","438611"
"2019-06-05 00:46","SyncRequestProcessor.java","197616","242220","439836"
"2019-05-22 11:39","SyncRequestProcessor.java","197600","241544","439144"
"2019-06-03 19:40","SyncRequestProcessor.java","197616","241691","439307"
"2019-08-17 17:13","SyncRequestProcessor.java","197616","256360","453976"
"2019-10-10 14:37","SyncRequestProcessor.java","197616","260113","457729"
"2020-01-07 20:39","SyncRequestProcessor.java","198965","266762","465727"
"2020-03-25 03:38","SyncRequestProcessor.java","198965","270494","469459"
"2015-03-08 23:07","SyncRequestProcessor.java","10742","28519","39261"
"2019-04-30 18:08","SyncRequestProcessor.java","197600","240180","437780"
"2018-10-04 15:46","ZooKeeperTest.java","103755","119717","223472"
"2019-03-12 19:08","ZooKeeperTest.java","223796","235277","459073"
"2019-05-23 18:42","ZooKeeperTest.java","223874","240461","464335"
"2019-08-17 17:13","ZooKeeperTest.java","223892","255250","479142"
"2019-06-06 00:01","ZooKeeperTest.java","223891","241386","465277"
"2019-10-10 14:37","ProtocolSupport.java","2537","5697","8234"
"2019-10-10 14:37","QuorumPeerMain.java","232675","257917","490592"
"2020-01-23 13:43","QuorumPeerMain.java","234614","266030","500644"
"2019-11-28 12:24","QuorumPeerMain.java","234612","261007","495619"
"2020-02-16 10:25","QuorumPeerMain.java","234614","266743","501357"
"2019-04-18 19:17","QuorumPeerMain.java","232636","236642","469278"
"2019-11-11 13:59","QuorumPeerMain.java","232723","261622","494345"
"2019-04-12 19:01","QuorumPeerMain.java","232636","235932","468568"
"2018-09-11 15:23","QuorumPeerMain.java","88638","90853","179491"
"2019-08-17 17:13","QuorumPeerMain.java","232674","254163","486837"
"2011-06-21 07:34","FileTxnLog.java","19911","32695","52606"
"2014-02-12 17:00","FileTxnLog.java","29973","76111","106084"
"2013-12-11 01:10","FileTxnLog.java","29875","73128","103003"
"2018-01-19 00:43","FileTxnLog.java","42016","116955","158971"
"2019-12-27 22:33","FileTxnLog.java","168801","266740","435541"
"2019-10-10 14:37","FileTxnLog.java","167754","260768","428522"
"2018-11-12 22:36","FileTxnLog.java","167696","225049","392745"
"2018-08-01 21:19","FileTxnLog.java","58898","138792","197690"
"2018-04-27 20:28","FileTxnLog.java","42166","118955","161121"
"2018-06-08 16:52","FileTxnLog.java","42181","120417","162598"
"2010-12-23 13:42","FileTxnLog.java","8614","59961","68575"
"2011-09-03 01:07","FileTxnLog.java","19212","43209","62421"
"2011-04-12 09:14","FileTxnLog.java","19589","30323","49912"
"2011-11-15 19:30","FileTxnLog.java","24096","45579","69675"
"2014-06-30 19:11","FileTxnLog.java","36021","87218","123239"
"2020-01-28 17:26","FileTxnLog.java","168801","268460","437261"
"2019-05-14 17:11","FileTxnLog.java","167755","241683","409438"
"2019-01-07 14:24","FileTxnLog.java","167696","231787","399483"
"2013-06-28 23:22","FileTxnLog.java","29498","68515","98013"
"2019-04-12 19:01","FileTxnLog.java","167755","238823","406578"
"2017-04-28 07:14","FileTxnLog.java","40897","112105","153002"
"2012-02-06 09:40","FileTxnLog.java","24941","47932","72873"
"2018-09-06 01:11","FileTxnLog.java","103877","185402","289279"
"2018-09-18 01:00","FileTxnLog.java","103932","187711","291643"
"2016-03-20 19:31","FileTxnLog.java","37371","103637","141008"
"2019-08-17 17:13","FileTxnLog.java","167754","257015","424769"
"2019-06-03 19:40","FileTxnLog.java","167754","242346","410100"
"2018-04-24 00:20","FileTxnLog.java","42106","118808","160914"
"2018-02-14 21:23","FileTxnLog.java","42071","117889","159960"
"2019-08-03 08:42","FileTxnLog.java","167754","257723","425477"
"2019-04-09 15:35","FileTxnLog.java","167713","237831","405544"
"2017-08-03 20:41","FileTxnLog.java","41762","112154","153916"
"2018-02-02 00:26","FileTxnLog.java","42018","116964","158982"
"2017-06-26 00:07","FileTxnLog.java","41682","112428","154110"
"2019-10-10 14:37","MiniKdc.java","3717","7470","11187"
"2012-01-31 07:45","LearnerZooKeeperServer.java","25044","59613","84657"
"2019-08-17 17:13","LearnerZooKeeperServer.java","154969","257115","412084"
"2014-03-21 06:36","LearnerZooKeeperServer.java","29311","87599","116910"
"2016-08-13 15:01","LearnerZooKeeperServer.java","33737","113877","147614"
"2010-03-12 19:26","LearnerZooKeeperServer.java","9698","22547","32245"
"2015-03-08 23:07","LearnerZooKeeperServer.java","31470","104278","135748"
"2013-10-09 22:21","LearnerZooKeeperServer.java","29079","83406","112485"
"2019-12-27 22:33","FileTxnSnapLog.java","179151","266636","445787"
"2019-10-10 14:37","FileTxnSnapLog.java","177843","260403","438246"
"2019-12-13 08:51","FileTxnSnapLog.java","179151","264673","443824"
"2017-01-07 01:09","FileTxnSnapLog.java","21438","71510","92948"
"2014-02-12 17:00","FileTxnSnapLog.java","7566","30713","38279"
"2012-03-06 09:20","FileTxnSnapLog.java","433","855","1288"
"2020-01-23 16:46","FileTxnSnapLog.java","179151","267885","447036"
"2020-01-28 17:26","FileTxnSnapLog.java","179151","268356","447507"
"2016-09-18 23:21","FileTxnSnapLog.java","20713","66313","87026"
"2017-01-23 02:13","FileTxnSnapLog.java","21471","71947","93418"
"2018-06-08 16:52","FileTxnSnapLog.java","26228","81473","107701"
"2019-09-02 08:23","FileTxnSnapLog.java","177843","257307","435150"
"2017-04-28 07:14","FileTxnSnapLog.java","23494","71711","95205"
"2019-07-31 19:06","FileTxnSnapLog.java","177843","255957","433800"
"2018-07-30 06:22","FileTxnSnapLog.java","44324","101224","145548"
"2012-07-17 23:25","FileTxnSnapLog.java","3108","6831","9939"
"2020-01-30 09:43","FileTxnSnapLog.java","179151","268432","447583"
"2019-05-14 17:11","FileTxnSnapLog.java","177843","241317","419160"
"2013-06-28 23:22","FileTxnSnapLog.java","6709","22735","29444"
"2014-02-10 21:50","FileTxnSnapLog.java","7530","30565","38095"
"2019-05-21 23:34","FileTxnSnapLog.java","177843","241638","419481"
"2019-05-27 10:54","FileTxnSnapLog.java","177843","241970","419813"
"2017-01-13 19:29","FileTxnSnapLog.java","21450","71725","93175"
"2017-06-26 00:07","FileTxnSnapLog.java","24585","72340","96925"
"2018-02-23 23:49","FileTxnSnapLog.java","25989","78980","104969"
"2017-08-18 06:32","FileTxnSnapLog.java","25140","72897","98037"
"2019-08-17 17:13","FileTxnSnapLog.java","177843","256650","434493"
"2018-02-14 21:23","FileTxnSnapLog.java","25974","78801","104775"
"2017-11-15 22:33","CommitProcessor.java","25772","76491","102263"
"2019-08-17 17:13","CommitProcessor.java","175544","256659","432203"
"2012-12-08 00:38","CommitProcessor.java","5415","15254","20669"
"2019-07-30 02:31","CommitProcessor.java","175544","254580","430124"
"2016-05-15 23:31","CommitProcessor.java","20629","66828","87457"
"2019-08-03 08:42","CommitProcessor.java","175544","257367","432911"
"2019-04-09 15:35","CommitProcessor.java","175487","237459","412946"
"2019-04-25 02:11","CommitProcessor.java","175544","240379","415923"
"2019-01-07 14:24","CommitProcessor.java","175467","231412","406879"
"2015-03-08 23:07","CommitProcessor.java","16142","56290","72432"
"2014-07-15 23:54","CommitProcessor.java","15395","47666","63061"
"2014-03-23 04:12","CommitProcessor.java","8829","34671","43500"
"2020-03-25 03:38","CommitProcessor.java","176849","270749","447598"
"2019-10-10 14:37","CommitProcessor.java","175544","260412","435956"
"2019-11-11 13:55","CommitProcessor.java","175572","262395","437967"
"2019-12-27 22:33","CommitProcessor.java","176849","266642","443491"
"2011-04-12 09:14","MergedLogSource.java","15099","14937","30036"
"2019-10-10 14:37","Observer.java","3717","7470","11187"
"2019-12-27 22:33","Observer.java","10004","18682","28686"
"2019-08-23 19:43","Observer.java","3","669","672"
"2016-07-27 01:33","SetCommand.java","17918","61514","79432"
"2019-01-31 15:55","SetCommand.java","178779","234068","412847"
"2019-08-17 17:13","SetCommand.java","178872","256502","435374"
"2017-05-27 00:52","SetCommand.java","22228","68500","90728"
"2019-08-17 17:13","SyncedLearnerTracker.java","204080","256154","460234"
"2018-08-29 06:26","SyncedLearnerTracker.java","106484","137969","244453"
"2019-05-20 17:18","ClientReconnectTest.java","197738","241135","438873"
"2016-05-02 18:15","ClientReconnectTest.java","16242","39548","55790"
"2019-08-17 17:13","ClientReconnectTest.java","197754","256360","454114"
"2015-07-07 07:11","ClientReconnectTest.java","12738","34292","47030"
"2020-05-17 15:13","ClientReconnectTest.java","199114","271665","470779"
"2019-10-10 14:37","QuorumPeerMain.java","90102","261459","351561"
"2010-03-13 01:06","QuorumPeerMain.java","8808","87126","95934"
"2020-01-23 13:43","QuorumPeerMain.java","90558","268089","358647"
"2019-11-28 12:24","QuorumPeerMain.java","90558","263068","353626"
"2012-03-06 09:20","QuorumPeerMain.java","14099","111565","125664"
"2010-08-18 08:24","QuorumPeerMain.java","10069","108101","118170"
"2013-10-09 22:21","QuorumPeerMain.java","15337","131740","147077"
"2011-09-02 22:50","QuorumPeerMain.java","9543","107381","116924"
"2020-02-16 10:25","QuorumPeerMain.java","90558","268802","359360"
"2019-04-18 19:17","QuorumPeerMain.java","90103","240224","330327"
"2011-04-12 09:14","QuorumPeerMain.java","10971","100048","111019"
"2019-11-11 13:59","QuorumPeerMain.java","90102","265116","355218"
"2019-04-12 19:01","QuorumPeerMain.java","90103","239514","329617"
"2018-09-11 15:23","QuorumPeerMain.java","52871","209448","262319"
"2017-02-13 22:09","QuorumPeerMain.java","19637","163999","183636"
"2014-07-18 02:19","QuorumPeerMain.java","16981","146940","163921"
"2018-08-06 14:11","QuorumPeerMain.java","26382","180744","207126"
"2012-04-23 01:20","QuorumPeerMain.java","14262","113632","127894"
"2009-04-07 00:19","QuorumPeerMain.java","3306","18141","21447"
"2017-07-28 00:36","QuorumPeerMain.java","19937","164353","184290"
"2009-06-05 06:44","QuorumPeerMain.java","4470","46238","50708"
"2019-08-17 17:13","QuorumPeerMain.java","90102","257706","347808"
"2015-03-17 18:06","QuorumPeerMain.java","17144","153076","170220"
"2017-11-28 00:10","QuorumPeerMain.java","20020","168856","188876"
"2018-11-17 18:37","AbstractFourLetterCommand.java","226122","223230","449352"
"2018-02-07 01:05","AbstractFourLetterCommand.java","7982","10855","18837"
"2019-08-17 17:13","AbstractFourLetterCommand.java","226243","255276","481519"
"2013-03-07 07:01","KeeperException.java","29077","78662","107739"
"2011-07-01 00:53","KeeperException.java","22527","51244","73771"
"2012-02-06 09:56","KeeperException.java","25690","61115","86805"
"2014-01-24 07:18","KeeperException.java","29703","88021","117724"
"2019-08-17 17:13","KeeperException.java","154580","257179","411759"
"2014-04-30 04:30","KeeperException.java","31115","92712","123827"
"2019-07-24 18:00","KeeperException.java","154580","253634","408214"
"2016-11-13 20:59","KeeperException.java","34387","118334","152721"
"2017-07-28 00:36","KeeperException.java","36143","118936","155079"
"2020-03-25 03:38","KeeperException.java","155527","270911","426438"
"2018-07-27 05:16","KeeperException.java","53056","144991","198047"
"2011-05-20 01:17","KeeperException.java","21644","46535","68179"
"2013-10-09 22:21","KeeperException.java","29598","84378","113976"
"2019-08-17 17:13","ZooKeeperServerMainTest.java","29523","44192","73715"
"2012-08-28 21:51","ClientBase.java","27625","67338","94963"
"2017-06-08 17:51","ClientBase.java","36072","119090","155162"
"2012-07-17 23:19","ClientBase.java","27551","66190","93741"
"2017-04-18 01:37","ClientBase.java","35696","119346","155042"
"2010-03-16 22:23","ClientBase.java","11054","24512","35566"
"2018-09-07 02:49","ClientBase.java","94620","188708","283328"
"2019-07-31 19:06","ClientBase.java","154468","256494","410962"
"2012-02-06 09:47","ClientBase.java","25765","61283","87048"
"2015-02-06 06:17","ClientBase.java","31961","105168","137129"
"2017-09-11 18:55","ClientBase.java","36279","119755","156034"
"2019-08-17 17:13","ClientBase.java","154468","257187","411655"
"2015-03-28 20:08","ClientBase.java","32026","107444","139470"
"2019-06-07 14:13","ClientBase.java","154468","243291","397759"
"2018-04-24 00:20","ClientBase.java","36480","125732","162212"
"2018-08-08 06:21","ClientBase.java","75335","168558","243893"
"2018-05-09 23:57","ClientBase.java","36550","126587","163137"
"2019-06-24 11:05","ClientBase.java","154468","244520","398988"
"2012-12-11 08:42","ClientBase.java","28270","71316","99586"
"2017-01-13 19:29","ClientBase.java","34668","120484","155152"
"2010-01-25 04:28","ClientBase.java","1848","5462","7310"
"2010-03-09 05:44","ClientBase.java","10823","23515","34338"
"2016-06-23 23:25","ClientBase.java","33979","113889","147868"
"2014-01-03 01:40","ClientBase.java","29687","86430","116117"
"2014-01-25 01:17","ClientBase.java","29735","88284","118019"
"2009-11-25 20:06","ClientBase.java","4","37","41"
"2019-11-14 16:44","ClientBase.java","154468","265214","419682"
"2019-10-10 14:37","ClientBase.java","154468","260940","415408"
"2012-03-15 17:47","ClientBase.java","26013","62774","88787"
"2010-09-15 07:51","ClientBase.java","16468","77785","94253"
"2012-01-14 00:28","ClientBase.java","25667","60669","86336"
"2011-04-12 09:14","ClientBase.java","21659","45851","67510"
"2011-11-05 07:29","ClientBase.java","25460","59042","84502"
"2016-08-24 01:36","ClientBase.java","34361","114842","149203"
"2011-09-17 02:13","ClientBase.java","23489","58089","81578"
"2010-07-05 20:20","ClientBase.java","15167","39694","54861"
"2010-03-31 06:26","ClientBase.java","12518","26198","38716"
"2010-08-18 08:24","ClientBase.java","16460","49607","66067"
"2015-03-08 23:07","ClientBase.java","31993","105374","137367"
"2019-10-10 14:37","SaslAuthFailDesignatedClientTest.java","177824","260403","438227"
"2013-10-23 01:15","SaslAuthFailDesignatedClientTest.java","7324","27304","34628"
"2013-10-23 01:23","SaslAuthFailDesignatedClientTest.java","7324","27304","34628"
"2016-05-02 18:15","SaslAuthFailDesignatedClientTest.java","20097","63623","83720"
"2019-08-17 17:13","SaslAuthFailDesignatedClientTest.java","177824","256650","434474"
"2019-08-17 17:13","OOMTest.java","167976","257015","424991"
"2017-09-11 18:55","OOMTest.java","40664","111393","152057"
"2010-08-18 08:24","OOMTest.java","4983","24450","29433"
"2013-12-21 22:05","OOMTest.java","28511","72367","100878"
"2019-09-18 11:20","OOMTest.java","167976","259927","427903"
"2018-10-16 16:22","QuorumPeerConfig.java","158291","236311","394602"
"2012-04-23 01:20","QuorumPeerConfig.java","7241","10383","17624"
"2018-12-09 03:16","QuorumPeerConfig.java","177058","229339","406397"
"2019-04-12 19:01","QuorumPeerConfig.java","177120","238550","415670"
"2018-09-11 15:23","QuorumPeerConfig.java","111388","171737","283125"
"2013-03-07 07:01","QuorumPeerConfig.java","10194","25174","35368"
"2018-12-15 07:34","QuorumPeerConfig.java","177058","229254","406312"
"2019-02-13 13:12","QuorumPeerConfig.java","177071","235640","412711"
"2019-08-17 17:13","QuorumPeerConfig.java","177119","256742","433861"
"2015-03-17 18:06","QuorumPeerConfig.java","18852","58556","77408"
"2014-01-21 04:50","QuorumPeerConfig.java","11201","33331","44532"
"2012-12-16 07:43","QuorumPeerConfig.java","8607","17193","25800"
"2017-11-28 00:10","QuorumPeerConfig.java","28694","81302","109996"
"2019-06-05 00:29","QuorumPeerConfig.java","177119","242409","419528"
"2014-09-17 07:34","QuorumPeerConfig.java","18478","54729","73207"
"2020-01-09 11:27","QuorumPeerConfig.java","178348","266074","444422"
"2019-07-12 17:01","QuorumPeerConfig.java","177119","252055","429174"
"2016-11-13 20:59","QuorumPeerConfig.java","23903","73245","97148"
"2019-05-15 11:56","QuorumPeerConfig.java","177120","241497","418617"
"2014-08-19 22:50","QuorumPeerConfig.java","18478","53643","72121"
"2018-10-01 06:11","QuorumPeerConfig.java","111604","175787","287391"
"2017-07-28 00:36","QuorumPeerConfig.java","28187","76375","104562"
"2013-09-30 22:20","QuorumPeerConfig.java","10651","28016","38667"
"2017-07-06 18:48","QuorumPeerConfig.java","27541","76611","104152"
"2013-09-26 00:13","QuorumPeerConfig.java","10631","27752","38383"
"2020-01-23 13:43","QuorumPeerConfig.java","178348","267898","446246"
"2014-05-17 13:23","QuorumPeerConfig.java","17373","44398","61771"
"2014-07-04 04:19","QuorumPeerConfig.java","17568","47142","64710"
"2016-06-23 19:42","QuorumPeerConfig.java","23253","68163","91416"
"2015-09-06 20:02","QuorumPeerConfig.java","20220","63436","83656"
"2015-09-29 03:56","QuorumPeerConfig.java","20262","63659","83921"
"2019-10-10 14:37","QuorumPeerConfig.java","177119","260495","437614"
"2018-07-27 12:32","QuorumPeerConfig.java","47196","104718","151914"
"2019-04-18 19:17","QuorumPeerConfig.java","177120","239260","416380"
"2016-11-03 16:07","QuorumPeerConfig.java","23883","71556","95439"
"2014-03-25 22:13","QuorumPeerConfig.java","11476","36062","47538"
"2013-10-09 22:21","QuorumPeerConfig.java","10980","31155","42135"
"2014-08-01 07:38","QuorumPeerConfig.java","18425","53055","71480"
"2014-08-14 08:08","QuorumPeerConfig.java","18427","53478","71905"
"2020-02-16 10:25","QuorumPeerConfig.java","178348","268611","446959"
"2020-05-14 18:18","QuorumPeerConfig.java","178352","271840","450192"
"2017-05-11 16:59","QuorumPeerConfig.java","27307","75510","102817"
"2020-02-16 10:25","QuorumAuthUpgradeTest.java","39313","64622","103935"
"2019-10-10 14:37","QuorumAuthUpgradeTest.java","31925","50347","82272"
"2019-08-17 17:13","QuorumAuthUpgradeTest.java","29523","44192","73715"
"2019-02-06 09:46","ZooKeeper.java","147125","234841","381966"
"2019-01-16 14:21","ZooKeeper.java","147124","233117","380241"
"2017-04-18 02:02","ZooKeeper.java","35126","125772","160898"
"2019-11-08 17:30","ZooKeeper.java","147174","262801","409975"
"2019-02-07 11:26","ZooKeeper.java","147125","235470","382595"
"2013-03-07 07:01","ZooKeeper.java","28640","85339","113979"
"2011-07-01 00:53","ZooKeeper.java","22341","58472","80813"
"2013-12-17 17:55","ZooKeeper.java","29199","92702","121901"
"2012-02-06 09:56","ZooKeeper.java","25393","67932","93325"
"2012-03-17 01:31","ZooKeeper.java","25625","69669","95294"
"2012-11-17 15:03","ZooKeeper.java","27354","76517","103871"
"2017-05-01 17:19","ZooKeeper.java","35133","125906","161039"
"2010-11-10 23:36","ZooKeeper.java","16837","88321","105158"
"2014-01-24 07:18","ZooKeeper.java","29256","94688","123944"
"2019-08-17 17:13","ZooKeeper.java","147174","257187","404361"
"2015-06-04 19:51","ZooKeeper.java","31711","115468","147179"
"2016-10-07 21:51","ZooKeeper.java","33877","122685","156562"
"2015-03-16 09:09","ZooKeeper.java","31501","112214","143715"
"2015-03-17 18:06","ZooKeeper.java","31524","112947","144471"
"2016-05-02 18:15","ZooKeeper.java","33458","119500","152958"
"2019-06-26 10:57","ZooKeeper.java","147174","245037","392211"
"2019-06-03 19:40","ZooKeeper.java","147174","242518","389692"
"2018-05-09 23:57","ZooKeeper.java","35936","132967","168903"
"2019-08-03 08:42","ZooKeeper.java","147174","257895","405069"
"2016-11-13 20:59","ZooKeeper.java","33892","124953","158845"
"2013-02-03 15:52","ZooKeeper.java","28321","80957","109278"
"2012-09-28 18:32","ZooKeeper.java","27211","74406","101617"
"2017-07-28 00:36","ZooKeeper.java","35551","125458","161009"
"2017-08-18 23:35","ZooKeeper.java","35603","125995","161598"
"2017-07-04 07:56","ZooKeeper.java","35534","126051","161585"
"2009-12-11 20:38","ZooKeeper.java","1526","8904","10430"
"2010-01-26 03:22","ZooKeeper.java","3133","14589","17722"
"2010-01-05 18:32","ZooKeeper.java","2459","10501","12960"
"2020-04-16 12:50","ZooKeeper.java","148113","271700","419813"
"2018-07-27 05:16","ZooKeeper.java","47838","146887","194725"
"2019-10-10 14:37","ZooKeeper.java","147174","260940","408114"
"2014-04-01 04:03","ZooKeeper.java","29530","96442","125972"
"2010-02-08 23:36","ZooKeeper.java","9855","20972","30827"
"2012-12-19 19:16","ZooKeeper.java","28275","80418","108693"
"2019-02-11 12:34","ZooKeeper.java","147125","235833","382958"
"2014-07-08 20:18","ZooKeeper.java","31178","102977","134155"
"2010-11-30 21:16","ZooKeeper.java","17086","88937","106023"
"2020-05-17 15:13","ZooKeeper.java","148114","272072","420186"
"2017-01-09 22:49","ZooKeeper.java","34140","126769","160909"
"2011-05-20 01:17","ZooKeeper.java","21515","53820","75335"
"2019-03-12 19:08","ZooKeeper.java","147137","237273","384410"
"2011-09-06 00:58","ZooKeeper.java","20576","64111","84687"
"2014-07-22 06:51","ZooKeeper.java","31295","107292","138587"
"2014-04-29 02:23","ZooKeeper.java","30663","99360","130023"
"2018-07-12 01:33","StatCommandTest.java","11576","14643","26219"
"2019-08-17 17:13","StatCommandTest.java","228915","255075","483990"
"2019-08-17 17:13","Leader.java","181514","256986","438500"
"2019-06-29 00:33","Leader.java","181514","244973","426487"
"2019-06-03 19:40","Leader.java","181514","242317","423831"
"2014-05-20 23:42","Leader.java","34172","70107","104279"
"2019-07-15 14:15","Leader.java","181514","252405","433919"
"2015-03-17 18:06","Leader.java","35086","83258","118344"
"2019-07-25 21:41","Leader.java","181514","253469","434983"
"2018-05-10 06:00","Leader.java","41227","105292","146519"
"2018-07-12 01:33","Leader.java","48839","113837","162676"
"2018-02-07 01:05","Leader.java","41101","103032","144133"
"2017-11-28 00:10","Leader.java","40973","102049","143022"
"2019-06-05 00:33","Leader.java","181514","242707","424221"
"2015-04-10 22:22","Leader.java","35095","84335","119430"
"2011-06-14 07:14","Leader.java","16470","15365","31835"
"2019-08-03 08:42","Leader.java","181514","257694","439208"
"2019-06-05 23:57","Leader.java","181514","242976","424490"
"2012-12-08 00:38","Leader.java","26190","43005","69195"
"2013-10-07 21:08","Leader.java","27674","53938","81612"
"2012-12-31 02:38","Leader.java","26832","45768","72600"
"2017-01-13 19:29","Leader.java","38424","97983","136407"
"2012-07-05 18:01","Leader.java","25457","37346","62803"
"2019-01-07 14:55","Leader.java","181448","231811","413259"
"2019-04-12 19:01","Leader.java","181515","238794","420309"
"2018-12-09 03:16","Leader.java","181448","229578","411026"
"2018-08-17 14:40","Leader.java","95193","162487","257680"
"2019-11-29 14:49","Leader.java","182586","264615","447201"
"2013-03-07 07:01","Leader.java","27287","50735","78022"
"2018-11-27 10:02","Leader.java","181448","227254","408702"
"2015-02-06 06:17","Leader.java","35022","81972","116994"
"2012-02-27 03:41","Leader.java","23057","32582","55639"
"2017-02-15 23:04","Leader.java","39818","96421","136239"
"2014-07-18 02:19","Leader.java","34756","76955","111711"
"2012-01-04 01:15","Leader.java","22683","31330","54013"
"2011-12-28 01:26","Leader.java","22643","31137","53780"
"2018-08-29 06:26","Leader.java","110703","178205","288908"
"2018-08-03 18:52","Leader.java","58027","124523","182550"
"2011-04-29 18:12","Leader.java","16301","13581","29882"
"2013-05-14 14:27","Leader.java","27316","50889","78205"
"2012-02-06 09:40","Leader.java","22736","32020","54756"
"2017-09-11 18:55","Leader.java","40862","98081","138943"
"2018-09-18 01:00","Leader.java","115760","185832","301592"
"2011-10-20 20:02","Leader.java","21589","28315","49904"
"2012-01-14 00:28","Leader.java","22688","31433","54121"
"2012-01-06 02:32","Leader.java","22684","31332","54016"
"2012-03-15 17:47","Leader.java","23069","33573","56642"
"2011-04-12 09:14","Leader.java","16196","13141","29337"
"2011-09-22 07:42","Leader.java","19919","28437","48356"
"2010-08-18 08:24","Leader.java","1593","7493","9086"
"2016-12-20 14:47","Leader.java","38411","97128","135539"
"2014-07-20 04:50","Leader.java","34811","77531","112342"
"2014-06-10 00:19","Leader.java","34181","71050","105231"
"2016-06-23 23:25","Leader.java","37403","91056","128459"
"2016-06-23 23:45","Leader.java","37403","91164","128567"
"2020-03-25 03:38","Leader.java","182586","270843","453429"
"2014-03-23 04:12","Leader.java","28128","60946","89074"
"2019-12-27 22:33","Leader.java","182586","266736","449322"
"2016-08-13 15:01","Leader.java","37668","92124","129792"
"2013-10-21 23:36","Leader.java","27846","56852","84698"
"2019-10-10 14:37","Leader.java","181514","260739","442253"
"2013-11-07 06:41","Leader.java","27870","57307","85177"
"2019-08-17 17:13","LeaderMetricsTest.java","29390","43400","72790"
"2019-08-17 17:13","OOMTest.java","187413","256985","444398"
"2017-09-11 18:55","OOMTest.java","40622","91941","132563"
"2013-12-21 22:05","OOMTest.java","26938","51384","78322"
"2019-09-18 11:20","OOMTest.java","187413","259897","447310"
"2017-09-11 18:55","ZooInspectorPanel.java","11390","16474","27864"
"2016-07-27 01:33","ZooKeeperTest.java","20216","65785","86001"
"2015-11-08 22:54","ZooKeeperTest.java","17186","60937","78123"
"2016-09-08 22:52","ZooKeeperTest.java","20691","66648","87339"
"2018-10-04 15:46","ZooKeeperTest.java","109462","173669","283131"
"2016-10-16 14:21","ZooKeeperTest.java","20812","67929","88741"
"2019-03-12 19:08","ZooKeeperTest.java","176994","236720","413714"
"2017-04-29 20:17","ZooKeeperTest.java","23514","72529","96043"
"2014-03-29 04:33","ZooKeeperTest.java","8107","32952","41059"
"2017-05-30 19:43","ZooKeeperTest.java","24390","72635","97025"
"2012-03-17 01:39","ZooKeeperTest.java","758","3104","3862"
"2013-09-02 23:04","ZooKeeperTest.java","6928","23543","30471"
"2019-05-23 18:42","ZooKeeperTest.java","177053","241885","418938"
"2019-08-17 17:13","ZooKeeperTest.java","177053","256656","433709"
"2016-08-10 19:32","ZooKeeperTest.java","20435","65959","86394"
"2019-06-06 00:01","ZooKeeperTest.java","177053","242793","419846"
"2019-08-17 17:13","CRCTest.java","178405","256932","435337"
"2016-08-24 01:36","CRCTest.java","24528","81876","106404"
"2019-10-10 14:37","CRCTest.java","178405","260685","439090"
"2013-12-21 22:05","CRCTest.java","13693","47163","60856"
"2014-06-25 15:04","FastLeaderElection.java","14167","41779","55946"
"2018-12-06 10:56","FastLeaderElection.java","177764","227099","404863"
"2014-07-08 05:25","FastLeaderElection.java","14662","43910","58572"
"2014-07-18 20:48","FastLeaderElection.java","14941","48315","63256"
"2014-03-23 04:12","FastLeaderElection.java","7744","31278","39022"
"2019-10-10 14:37","FastLeaderElection.java","177843","260403","438246"
"2013-10-21 23:36","FastLeaderElection.java","7230","26952","34182"
"2019-09-30 23:22","FastLeaderElection.java","177843","260030","437873"
"2014-07-20 04:50","FastLeaderElection.java","14973","48409","63382"
"2020-04-07 09:07","FastLeaderElection.java","179151","271332","450483"
"2012-03-20 01:33","FastLeaderElection.java","2575","4026","6601"
"2019-01-18 03:42","FastLeaderElection.java","177766","232598","410364"
"2017-09-11 18:55","FastLeaderElection.java","25264","73199","98463"
"2013-03-07 07:01","FastLeaderElection.java","6291","20455","26746"
"2018-08-29 06:26","FastLeaderElection.java","104127","162345","266472"
"2015-02-06 06:17","FastLeaderElection.java","15370","53036","68406"
"2018-04-30 06:34","FastLeaderElection.java","26137","80054","106191"
"2019-08-17 17:13","FastLeaderElection.java","177843","256650","434493"
"2019-08-02 20:08","FastLeaderElection.java","177843","257431","435274"
"2012-08-03 00:17","FastLeaderElection.java","3234","7173","10407"
"2017-01-13 19:29","FastLeaderElection.java","21450","71725","93175"
"2019-08-03 08:42","FastLeaderElection.java","177843","257358","435201"
"2020-03-12 14:47","QuorumCnxManager.java","2110","4126","6236"
"2020-03-23 16:20","QuorumCnxManager.java","2216","4403","6619"
"2020-02-16 10:25","QuorumCnxManager.java","1796","2509","4305"
"2016-05-02 18:15","WatcherTest.java","36171","91682","127853"
"2019-08-17 17:13","WatcherTest.java","178795","256987","435782"
"2013-02-19 08:55","WatcherTest.java","25705","47865","73570"
"2017-02-16 01:16","WatcherTest.java","38568","97905","136473"
"2011-04-12 09:14","WatcherTest.java","15097","14762","29859"
"2011-09-17 02:13","WatcherTest.java","18610","29673","48283"
"2019-09-18 11:20","WatcherTest.java","178795","259899","438694"
"2019-07-02 07:34","Follower.java","145376","245190","390566"
"2018-12-09 03:16","Follower.java","145328","229857","375185"
"2019-04-12 19:01","Follower.java","145376","239054","384430"
"2013-03-07 07:01","Follower.java","28370","86927","115297"
"2015-02-06 06:17","Follower.java","31150","113209","144359"
"2011-04-29 18:12","Follower.java","21361","55040","76401"
"2011-01-22 20:38","Follower.java","17036","91515","108551"
"2011-02-07 20:26","Follower.java","17140","91636","108776"
"2018-09-18 01:00","Follower.java","88731","193912","282643"
"2019-08-17 17:13","Follower.java","145376","257247","402623"
"2019-06-29 00:33","Follower.java","145376","245234","390610"
"2019-08-06 17:11","Follower.java","145376","258348","403724"
"2019-07-15 14:15","Follower.java","145376","252666","398042"
"2019-08-23 19:43","Follower.java","145376","257913","403289"
"2017-11-28 00:10","Follower.java","35366","131551","166917"
"2019-06-05 00:33","Follower.java","145376","242968","388344"
"2011-06-14 07:14","Follower.java","21464","56758","78222"
"2019-05-03 00:44","Follower.java","145376","241244","386620"
"2010-01-25 04:28","Follower.java","3325","16091","19416"
"2009-11-20 23:28","Follower.java","1980","11132","13112"
"2015-06-05 21:15","Follower.java","31382","117031","148413"
"2019-12-27 22:33","Follower.java","146255","266804","413059"
"2016-08-13 15:01","Follower.java","33350","122915","156265"
"2019-10-10 14:37","Follower.java","145376","261000","406376"
"2010-08-18 08:24","Follower.java","16245","58544","74789"
"2016-12-20 14:47","Follower.java","33769","127595","161364"
"2014-07-22 06:51","Follower.java","30982","108837","139819"
"2019-11-08 17:30","WatchManagerTest.java","31890","55697","87587"
"2019-08-17 17:13","WatchManagerTest.java","29620","47813","77433"
"2012-08-28 21:51","ClientBase.java","27627","67307","94934"
"2017-06-08 17:51","ClientBase.java","36079","119064","155143"
"2012-07-17 23:19","ClientBase.java","27553","66159","93712"
"2017-04-18 01:37","ClientBase.java","35703","119320","155023"
"2010-03-16 22:23","ClientBase.java","11051","24476","35527"
"2018-09-07 02:49","ClientBase.java","94627","188682","283309"
"2019-07-31 19:06","ClientBase.java","154501","256494","410995"
"2012-02-06 09:47","ClientBase.java","25767","61252","87019"
"2015-02-06 06:17","ClientBase.java","31963","105137","137100"
"2017-09-11 18:55","ClientBase.java","36286","119729","156015"
"2019-08-17 17:13","ClientBase.java","154501","257187","411688"
"2015-03-28 20:08","ClientBase.java","32028","107413","139441"
"2019-06-07 14:13","ClientBase.java","154501","243291","397792"
"2018-04-24 00:20","ClientBase.java","36487","125706","162193"
"2018-08-08 06:21","ClientBase.java","75342","168532","243874"
"2018-05-09 23:57","ClientBase.java","36557","126561","163118"
"2019-06-24 11:05","ClientBase.java","154501","244520","399021"
"2012-12-11 08:42","ClientBase.java","28272","71285","99557"
"2017-01-13 19:29","ClientBase.java","34672","120455","155127"
"2010-01-25 04:28","ClientBase.java","1845","5426","7271"
"2010-03-09 05:44","ClientBase.java","10820","23479","34299"
"2016-06-23 23:25","ClientBase.java","33983","113860","147843"
"2014-01-03 01:40","ClientBase.java","29689","86399","116088"
"2014-01-25 01:17","ClientBase.java","29737","88253","117990"
"2019-11-14 16:44","ClientBase.java","154501","265214","419715"
"2019-10-10 14:37","ClientBase.java","154501","260940","415441"
"2012-03-15 17:47","ClientBase.java","26015","62743","88758"
"2010-09-15 07:51","ClientBase.java","16469","77753","94222"
"2012-01-14 00:28","ClientBase.java","25669","60638","86307"
"2011-04-12 09:14","ClientBase.java","21660","45819","67479"
"2011-11-05 07:29","ClientBase.java","25462","59011","84473"
"2016-08-24 01:36","ClientBase.java","34365","114813","149178"
"2011-09-17 02:13","ClientBase.java","23490","58057","81547"
"2010-07-05 20:20","ClientBase.java","15168","39662","54830"
"2010-03-31 06:26","ClientBase.java","12519","26166","38685"
"2010-08-18 08:24","ClientBase.java","16461","49575","66036"
"2015-03-08 23:07","ClientBase.java","31995","105343","137338"
"2018-04-27 00:21","ReferenceCountedACLCacheTest.java","10872","21907","32779"
"2019-08-17 17:13","ReferenceCountedACLCacheTest.java","219817","255887","475704"
"2016-11-03 16:07","QuorumPeerTestBase.java","7641","15610","23251"
"2019-12-27 22:33","QuorumPeerTestBase.java","217617","266214","483831"
"2019-10-10 14:37","QuorumPeerTestBase.java","216164","259836","476000"
"2016-06-23 23:25","QuorumPeerTestBase.java","6472","11953","18425"
"2019-07-12 17:01","QuorumPeerTestBase.java","216164","251396","467560"
"2017-01-13 19:29","QuorumPeerTestBase.java","8762","20149","28911"
"2019-08-17 17:13","QuorumPeerTestBase.java","216164","256083","472247"
"2017-11-28 00:10","QuorumPeerTestBase.java","15413","28317","43730"
"2017-12-16 01:25","QuorumPeerTestBase.java","15773","28721","44494"
"2018-10-12 10:25","QuorumPeerTestBase.java","195221","230575","425796"
"2018-09-15 00:08","ZooKeeperServer.java","109228","170101","279329"
"2019-04-12 19:01","ZooKeeperServer.java","177111","238463","415574"
"2019-07-31 19:06","ZooKeeperServer.java","177111","255963","433074"
"2019-09-11 10:27","ZooKeeperServer.java","177111","258012","435123"
"2019-01-14 19:38","ZooKeeperServer.java","177033","231870","408903"
"2019-01-07 15:34","ZooKeeperServer.java","177033","231471","408504"
"2018-11-21 17:56","ZooKeeperServer.java","177032","224667","401699"
"2012-01-31 07:45","ZooKeeperServer.java","140","479","619"
"2017-04-28 07:14","ZooKeeperServer.java","23498","72453","95951"
"2017-02-12 00:12","ZooKeeperServer.java","23443","71499","94942"
"2014-07-18 02:19","ZooKeeperServer.java","15021","48674","63695"
"2013-12-11 19:22","ZooKeeperServer.java","7458","28949","36407"
"2019-02-13 13:12","ZooKeeperServer.java","177053","235544","412597"
"2012-02-11 00:34","ZooKeeperServer.java","614","1538","2152"
"2016-11-24 17:18","ZooKeeperServer.java","21391","71223","92614"
"2018-07-19 05:59","ZooKeeperServer.java","44242","101182","145424"
"2018-09-18 01:00","ZooKeeperServer.java","109284","170810","280094"
"2019-03-04 08:07","ZooKeeperServer.java","177052","236120","413172"
"2019-07-08 23:26","ZooKeeperServer.java","177111","245432","422543"
"2019-01-23 14:00","ZooKeeperServer.java","177034","233306","410340"
"2019-02-13 13:19","ZooKeeperServer.java","177053","235830","412883"
"2019-05-14 17:11","ZooKeeperServer.java","177111","241323","418434"
"2013-01-25 02:17","ZooKeeperServer.java","5224","15727","20951"
"2015-07-10 08:19","ZooKeeperServer.java","17010","59650","76660"
"2019-06-04 10:55","ZooKeeperServer.java","177111","242140","419251"
"2019-04-09 15:35","ZooKeeperServer.java","177053","237455","414508"
"2019-08-03 08:42","ZooKeeperServer.java","177111","257364","434475"
"2019-05-15 11:56","ZooKeeperServer.java","177111","241410","418521"
"2019-05-22 11:39","ZooKeeperServer.java","177111","241856","418967"
"2019-04-22 19:15","ZooKeeperServer.java","177111","239438","416549"
"2018-02-23 23:49","ZooKeeperServer.java","25991","79720","105711"
"2016-11-16 06:21","ZooKeeperServer.java","20838","70649","91487"
"2012-12-19 19:07","ZooKeeperServer.java","5171","14636","19807"
"2017-08-18 06:32","ZooKeeperServer.java","25143","73638","98781"
"2017-06-26 00:16","ZooKeeperServer.java","24600","73087","97687"
"2019-09-10 04:26","ZooKeeperServer.java","177111","257701","434812"
"2019-08-17 17:13","ZooKeeperServer.java","177111","256656","433767"
"2019-09-05 23:12","ZooKeeperServer.java","177111","257575","434686"
"2019-09-10 15:21","ZooKeeperServer.java","177111","257699","434810"
"2019-08-01 07:31","ZooKeeperServer.java","177111","257327","434438"
"2019-08-01 07:28","ZooKeeperServer.java","177111","256837","433948"
"2019-06-03 19:40","ZooKeeperServer.java","177111","241987","419098"
"2015-03-17 18:06","ZooKeeperServer.java","15638","55264","70902"
"2019-11-23 17:08","ZooKeeperServer.java","178419","262665","441084"
"2019-10-09 16:49","ZooKeeperServer.java","177111","260242","437353"
"2019-07-03 00:44","ZooKeeperServer.java","177111","244669","421780"
"2018-01-19 01:12","ZooKeeperServer.java","25913","78600","104513"
"2019-07-24 18:00","ZooKeeperServer.java","177111","253111","430222"
"2013-05-16 18:49","ZooKeeperServer.java","6512","21565","28077"
"2018-08-08 06:21","ZooKeeperServer.java","86492","144912","231404"
"2018-05-09 23:57","ZooKeeperServer.java","26140","81374","107514"
"2019-12-27 22:33","ZooKeeperServer.java","178419","266642","445061"
"2016-08-13 15:01","ZooKeeperServer.java","20416","66326","86742"
"2018-09-11 00:17","ZooKeeperServer.java","109224","168548","277772"
"2019-11-18 09:05","ZooKeeperServer.java","178419","261108","439527"
"2019-10-10 14:37","ZooKeeperServer.java","177111","260409","437520"
"2019-09-16 23:26","ZooKeeperServer.java","177111","259675","436786"
"2013-10-08 01:35","ZooKeeperServer.java","7132","24989","32121"
"2017-06-23 18:39","ZooKeeperServer.java","24534","73041","97575"
"2019-12-03 10:01","ZooKeeperServer.java","178419","264567","442986"
"2020-03-25 03:38","ZooKeeperServer.java","178419","270749","449168"
"2019-11-28 12:24","ZooKeeperServer.java","178419","262870","441289"
"2019-11-06 15:21","ZooKeeperServer.java","177139","260653","437792"
"2020-04-12 11:14","ZooKeeperServer.java","178419","271502","449921"
"2013-10-09 22:21","ZooKeeperServer.java","7346","27443","34789"
"2015-03-08 23:07","ZooKeeperServer.java","15538","54116","69654"
"2018-06-08 16:52","ZooKeeperServer.java","26196","82179","108375"
"2018-06-15 07:41","ZooKeeperServer.java","26200","82186","108386"
"2018-07-28 04:37","ZooKeeperServer.java","44290","101806","146096"
"2019-04-18 19:17","ZooKeeperServer.java","177111","239173","416284"
"2012-03-15 17:47","ZooKeeperServer.java","704","2662","3366"
"2014-03-25 22:13","ZooKeeperServer.java","7883","32391","40274"
"2019-11-21 05:58","NIOServerCnxn.java","36957","58317","95274"
"2019-11-18 09:05","NIOServerCnxn.java","36947","58284","95231"
"2019-09-16 23:26","NIOServerCnxn.java","30912","52124","83036"
"2019-10-10 14:37","NIOServerCnxn.java","31720","53666","85386"
"2020-02-11 06:50","NIOServerCnxn.java","39048","67760","106808"
"2019-07-08 23:26","NIOServerCnxn.java","4479","11448","15927"
"2019-08-17 17:13","NIOServerCnxn.java","29620","47813","77433"
"2019-07-03 00:44","NIOServerCnxn.java","4396","10602","14998"
"2019-08-03 08:42","NIOServerCnxn.java","7576","26477","34053"
"2018-10-16 16:22","QuorumPeerConfig.java","199737","232847","432584"
"2018-12-09 03:16","QuorumPeerConfig.java","221054","228425","449479"
"2019-04-12 19:01","QuorumPeerConfig.java","221155","237675","458830"
"2018-09-11 15:23","QuorumPeerConfig.java","108300","123739","232039"
"2018-12-15 07:34","QuorumPeerConfig.java","221054","228340","449394"
"2019-02-13 13:12","QuorumPeerConfig.java","221077","234736","455813"
"2019-08-17 17:13","QuorumPeerConfig.java","221174","255887","477061"
"2017-11-28 00:10","QuorumPeerConfig.java","9694","17392","27086"
"2019-06-05 00:29","QuorumPeerConfig.java","221173","241553","462726"
"2020-01-09 11:27","QuorumPeerConfig.java","222754","265570","488324"
"2019-07-12 17:01","QuorumPeerConfig.java","221174","251200","472374"
"2016-11-13 20:59","QuorumPeerConfig.java","1612","6044","7656"
"2019-05-15 11:56","QuorumPeerConfig.java","221155","240622","461777"
"2018-10-01 06:11","QuorumPeerConfig.java","109112","128385","237497"
"2017-07-28 00:36","QuorumPeerConfig.java","8913","12191","21104"
"2017-07-06 18:48","QuorumPeerConfig.java","7374","11534","18908"
"2020-01-23 13:43","QuorumPeerConfig.java","222754","267394","490148"
"2019-10-10 14:37","QuorumPeerConfig.java","221174","259640","480814"
"2018-07-27 12:32","QuorumPeerConfig.java","31148","43760","74908"
"2019-04-18 19:17","QuorumPeerConfig.java","221155","238385","459540"
"2016-11-03 16:07","QuorumPeerConfig.java","1379","4142","5521"
"2020-02-16 10:25","QuorumPeerConfig.java","222754","268107","490861"
"2020-05-14 18:18","QuorumPeerConfig.java","222786","271364","494150"
"2017-05-11 16:59","QuorumPeerConfig.java","7035","10328","17363"
"2019-09-18 11:20","CustomHostProviderTest.java","2292","5204","7496"
"2019-09-05 23:12","BlueThrottleTest.java","1438","2357","3795"
"2015-02-06 06:17","ConnectionBean.java","31470","111687","143157"
"2019-08-17 17:13","ConnectionBean.java","147158","257187","404345"
"2010-03-11 04:17","ConnectionBean.java","10750","31092","41842"
"2019-10-10 14:37","ConnectionBean.java","147158","260940","408098"
"2011-04-12 09:14","ConnectionBean.java","21455","52957","74412"
"2010-08-18 08:24","ConnectionBean.java","16311","56768","73079"
"2019-10-10 14:37","QuorumPeerMain.java","89382","261459","350841"
"2010-03-13 01:06","QuorumPeerMain.java","12370","91408","103778"
"2020-01-23 13:43","QuorumPeerMain.java","89838","268089","357927"
"2019-11-28 12:24","QuorumPeerMain.java","89838","263068","352906"
"2012-03-06 09:20","QuorumPeerMain.java","17399","115349","132748"
"2010-08-18 08:24","QuorumPeerMain.java","13460","112212","125672"
"2013-10-09 22:21","QuorumPeerMain.java","18567","135454","154021"
"2011-09-02 22:50","QuorumPeerMain.java","12931","111253","124184"
"2020-02-16 10:25","QuorumPeerMain.java","89838","268802","358640"
"2019-04-18 19:17","QuorumPeerMain.java","89383","240224","329607"
"2011-04-12 09:14","QuorumPeerMain.java","14299","104096","118395"
"2019-11-11 13:59","QuorumPeerMain.java","89382","265116","354498"
"2019-04-12 19:01","QuorumPeerMain.java","89383","239514","328897"
"2018-09-11 15:23","QuorumPeerMain.java","54985","212046","267031"
"2017-02-13 22:09","QuorumPeerMain.java","22619","167465","190084"
"2014-07-18 02:19","QuorumPeerMain.java","20175","150618","170793"
"2018-08-06 14:11","QuorumPeerMain.java","29084","183930","213014"
"2009-01-15 23:57","QuorumPeerMain.java","5870","6590","12460"
"2012-04-23 01:20","QuorumPeerMain.java","17561","117415","134976"
"2009-04-07 00:19","QuorumPeerMain.java","7723","23278","31001"
"2017-07-28 00:36","QuorumPeerMain.java","22915","167815","190730"
"2009-06-05 06:44","QuorumPeerMain.java","8743","51231","59974"
"2019-08-17 17:13","QuorumPeerMain.java","89382","257706","347088"
"2015-03-17 18:06","QuorumPeerMain.java","20324","156740","177064"
"2017-11-28 00:10","QuorumPeerMain.java","22995","172315","195310"
"2019-10-10 14:37","BlueThrottle.java","32120","59146","91266"
"2019-08-17 17:13","BlueThrottle.java","30071","53344","83415"
"2019-09-05 23:12","BlueThrottle.java","31274","55466","86740"
"2019-08-17 17:13","Leader.java","177169","256742","433911"
"2019-06-29 00:33","Leader.java","177169","244729","421898"
"2019-06-03 19:40","Leader.java","177169","242073","419242"
"2014-05-20 23:42","Leader.java","17518","44935","62453"
"2019-07-15 14:15","Leader.java","177169","252161","429330"
"2015-03-17 18:06","Leader.java","18847","58501","77348"
"2019-07-25 21:41","Leader.java","177169","253225","430394"
"2018-05-10 06:00","Leader.java","29233","84780","114013"
"2018-07-12 01:33","Leader.java","36991","93471","130462"
"2018-02-07 01:05","Leader.java","29019","82432","111451"
"2017-11-28 00:10","Leader.java","28695","81253","109948"
"2019-06-05 00:33","Leader.java","177169","242463","419632"
"2015-04-10 22:22","Leader.java","18864","59586","78450"
"2019-08-03 08:42","Leader.java","177169","257450","434619"
"2019-06-05 23:57","Leader.java","177169","242732","419901"
"2012-12-08 00:38","Leader.java","8311","16608","24919"
"2013-10-07 21:08","Leader.java","10791","28537","39328"
"2012-12-31 02:38","Leader.java","9155","19573","28728"
"2017-01-13 19:29","Leader.java","24574","75615","100189"
"2012-07-05 18:01","Leader.java","7280","10651","17931"
"2019-01-07 14:55","Leader.java","177108","231572","408680"
"2019-04-12 19:01","Leader.java","177170","238550","415720"
"2018-12-09 03:16","Leader.java","177108","229339","406447"
"2018-08-17 14:40","Leader.java","88681","147457","236138"
"2019-11-29 14:49","Leader.java","178398","264528","442926"
"2013-03-07 07:01","Leader.java","10186","25116","35302"
"2018-11-27 10:02","Leader.java","177108","227015","404123"
"2015-02-06 06:17","Leader.java","18694","57126","75820"
"2012-02-27 03:41","Leader.java","4690","5697","10387"
"2017-02-15 23:04","Leader.java","26396","74481","100877"
"2014-07-18 02:19","Leader.java","18252","51933","70185"
"2012-01-04 01:15","Leader.java","4145","4274","8419"
"2011-12-28 01:26","Leader.java","4062","4038","8100"
"2018-08-29 06:26","Leader.java","106254","165238","271492"
"2018-08-03 18:52","Leader.java","47203","105181","152384"
"2013-05-14 14:27","Leader.java","10219","25274","35493"
"2012-02-06 09:40","Leader.java","4309","5075","9384"
"2017-09-11 18:55","Leader.java","28385","77086","105471"
"2018-09-18 01:00","Leader.java","111448","173002","284450"
"2011-10-20 20:02","Leader.java","2447","655","3102"
"2012-01-14 00:28","Leader.java","4152","4379","8531"
"2012-01-06 02:32","Leader.java","4149","4279","8428"
"2012-03-15 17:47","Leader.java","4733","6719","11452"
"2016-12-20 14:47","Leader.java","24549","74748","99297"
"2014-07-20 04:50","Leader.java","18318","52520","70838"
"2014-06-10 00:19","Leader.java","17529","45880","63409"
"2016-06-23 23:25","Leader.java","23249","68384","91633"
"2016-06-23 23:45","Leader.java","23248","68491","91739"
"2020-03-25 03:38","Leader.java","178398","270756","449154"
"2014-03-23 04:12","Leader.java","11456","35756","47212"
"2019-12-27 22:33","Leader.java","178398","266649","445047"
"2016-08-13 15:01","Leader.java","23521","69459","92980"
"2013-10-21 23:36","Leader.java","10982","31470","42452"
"2019-10-10 14:37","Leader.java","177169","260495","437664"
"2013-11-07 06:41","Leader.java","11052","31971","43023"
"2019-07-31 19:06","CommandExecutor.java","219061","255273","474334"
"2019-08-17 17:13","CommandExecutor.java","219061","255966","475027"
"2018-09-18 01:00","SessionTracker.java","112356","140229","252585"
"2019-09-05 23:12","SessionTracker.java","210259","257070","467329"
"2019-08-17 17:13","SessionTracker.java","210259","256151","466410"
"2018-08-08 06:21","SessionTracker.java","83371","108138","191509"
"2019-11-28 12:24","DataTree.java","74120","263069","337189"
"2011-07-13 15:48","DataTree.java","13612","116352","129964"
"2011-06-25 08:13","DataTree.java","14811","122459","137270"
"2011-07-28 07:49","DataTree.java","13675","118861","132536"
"2019-10-10 14:37","DataTree.java","73667","261463","335130"
"2019-12-27 22:33","DataTree.java","74120","266841","340961"
"2015-06-06 03:48","DataTree.java","19504","169647","189151"
"2010-01-26 01:17","DataTree.java","12746","98093","110839"
"2009-10-31 00:09","DataTree.java","11836","84858","96694"
"2019-11-11 13:59","DataTree.java","73667","265120","338787"
"2011-04-12 09:14","DataTree.java","14602","120118","134720"
"2018-07-10 13:29","DataTree.java","24108","188460","212568"
"2012-12-19 19:16","DataTree.java","17484","135908","153392"
"2014-04-17 08:47","DataTree.java","19211","153483","172694"
"2014-04-29 02:23","DataTree.java","19214","154192","173406"
"2008-10-14 19:47","DataTree.java","2021","9169","11190"
"2008-10-22 01:49","DataTree.java","2410","13229","15639"
"2010-07-05 20:20","DataTree.java","13498","119349","132847"
"2011-09-15 00:55","DataTree.java","16240","124159","140399"
"2011-09-28 22:17","DataTree.java","16260","124364","140624"
"2018-09-28 23:38","DataTree.java","49399","221577","270976"
"2011-09-17 02:36","DataTree.java","16260","124107","140367"
"2011-10-20 18:48","DataTree.java","16288","122552","138840"
"2019-11-08 17:30","DataTree.java","73667","263324","336991"
"2013-09-05 23:50","DataTree.java","17818","142514","160332"
"2009-01-15 23:57","DataTree.java","7777","24216","31993"
"2009-02-03 06:23","DataTree.java","8734","37855","46589"
"2019-01-30 16:28","DataTree.java","73639","234793","308432"
"2019-01-30 17:02","DataTree.java","73639","235337","308976"
"2016-11-24 17:18","DataTree.java","19945","177855","197800"
"2017-09-11 18:55","DataTree.java","20456","177207","197663"
"2011-07-01 00:53","DataTree.java","15106","125267","140373"
"2012-02-06 10:39","DataTree.java","16694","125517","142211"
"2011-12-21 21:39","DataTree.java","16589","124544","141133"
"2017-02-05 07:22","DataTree.java","20015","179364","199379"
"2014-07-18 02:19","DataTree.java","19339","161070","180409"
"2019-02-07 11:26","DataTree.java","73639","236014","309653"
"2013-03-07 07:01","DataTree.java","17743","140723","158466"
"2018-09-04 11:54","DataTree.java","49268","216362","265630"
"2018-09-05 22:35","DataTree.java","49267","216617","265884"
"2018-12-20 15:17","DataTree.java","73639","231282","304921"
"2019-09-10 09:53","DataTree.java","73667","258759","332426"
"2019-04-12 19:01","DataTree.java","73667","239517","313184"
"2019-07-31 19:06","DataTree.java","73667","257017","330684"
"2019-09-11 10:27","DataTree.java","73667","259066","332733"
"2013-10-22 12:54","DataTree.java","17847","146612","164459"
"2016-03-23 00:30","DataTree.java","19579","171161","190740"
"2019-08-01 07:31","DataTree.java","73667","258381","332048"
"2009-06-15 22:52","DataTree.java","9960","69425","79385"
"2014-01-24 07:18","DataTree.java","17861","149574","167435"
"2009-11-12 23:48","DataTree.java","12127","90759","102886"
"2009-06-18 18:37","DataTree.java","10117","70653","80770"
"2019-08-17 17:13","DataTree.java","73667","257710","331377"
"2019-09-10 15:21","DataTree.java","73667","258753","332420"
"2015-06-04 19:51","DataTree.java","19502","169540","189042"
"2016-10-07 21:51","DataTree.java","19798","174887","194685"
"2017-06-18 19:23","DataTree.java","20368","176805","197173"
"2009-01-16 00:48","DataTree.java","7959","24417","32376"
"2019-04-12 12:29","DataTree.java","73667","239086","312753"
"2019-08-03 08:42","DataTree.java","73667","258418","332085"
"2019-08-09 16:15","DataTree.java","73667","259166","332833"
"2016-11-13 20:59","DataTree.java","19801","177143","196944"
"2019-04-29 16:49","DataTree.java","73667","241547","315214"
"2012-08-28 21:51","ClientBase.java","27201","73924","101125"
"2017-06-08 17:51","ClientBase.java","35486","125514","161000"
"2012-07-17 23:19","ClientBase.java","27130","72779","99909"
"2017-04-18 01:37","ClientBase.java","35125","125785","160910"
"2010-03-16 22:23","ClientBase.java","10861","31629","42490"
"2018-09-07 02:49","ClientBase.java","89412","190510","279922"
"2019-07-31 19:06","ClientBase.java","147158","256494","403652"
"2012-02-06 09:47","ClientBase.java","25395","67923","93318"
"2015-02-06 06:17","ClientBase.java","31470","111687","143157"
"2017-09-11 18:55","ClientBase.java","35686","126172","161858"
"2019-08-17 17:13","ClientBase.java","147158","257187","404345"
"2015-03-28 20:08","ClientBase.java","31533","113961","145494"
"2019-06-07 14:13","ClientBase.java","147158","243291","390449"
"2018-04-24 00:20","ClientBase.java","35869","132131","168000"
"2018-08-08 06:21","ClientBase.java","70135","170368","240503"
"2018-05-09 23:57","ClientBase.java","35938","132985","168923"
"2019-06-24 11:05","ClientBase.java","147158","244520","391678"
"2012-12-11 08:42","ClientBase.java","27825","77881","105706"
"2017-01-13 19:29","ClientBase.java","34146","126972","161118"
"2010-01-25 04:28","ClientBase.java","2844","13768","16612"
"2010-03-09 05:44","ClientBase.java","10662","30664","41326"
"2016-06-23 23:25","ClientBase.java","33461","120381","153842"
"2014-01-03 01:40","ClientBase.java","29213","92966","122179"
"2014-01-25 01:17","ClientBase.java","29260","94819","124079"
"2009-11-20 23:28","ClientBase.java","1457","8767","10224"
"2009-11-25 20:06","ClientBase.java","1461","8804","10265"
"2019-11-14 16:44","ClientBase.java","147158","265214","412372"
"2019-10-10 14:37","ClientBase.java","147158","260940","408098"
"2012-03-15 17:47","ClientBase.java","25626","69397","95023"
"2010-09-15 07:51","ClientBase.java","16319","84946","101265"
"2012-01-14 00:28","ClientBase.java","25296","67308","92604"
"2011-04-12 09:14","ClientBase.java","21455","52957","74412"
"2011-11-05 07:29","ClientBase.java","25087","65679","90766"
"2016-08-24 01:36","ClientBase.java","33841","121332","155173"
"2011-09-17 02:13","ClientBase.java","23222","64832","88054"
"2010-07-05 20:20","ClientBase.java","15028","46865","61893"
"2010-03-31 06:26","ClientBase.java","12477","33467","45944"
"2010-08-18 08:24","ClientBase.java","16311","56768","73079"
"2015-03-08 23:07","ClientBase.java","31499","111890","143389"
"2019-08-17 17:13","StringUtils.java","187266","256407","443673"
"2019-06-03 19:40","StringUtils.java","187266","241738","429004"
"2013-03-07 07:01","StringUtils.java","1093","5591","6684"
"2019-07-15 14:15","QuorumZooKeeperServer.java","196919","251786","448705"
"2019-06-26 10:57","QuorumZooKeeperServer.java","196919","244217","441136"
"2019-08-17 17:13","QuorumZooKeeperServer.java","196919","256367","453286"
"2019-05-15 11:56","QuorumZooKeeperServer.java","196903","241105","438008"
"2019-06-04 10:55","QuorumZooKeeperServer.java","196919","241851","438770"
"2017-03-21 17:49","QuorumZooKeeperServer.java","20644","49226","69870"
"2019-11-29 14:49","QuorumZooKeeperServer.java","198267","264272","462539"
"2020-03-25 03:38","QuorumZooKeeperServer.java","198267","270500","468767"
"2016-08-13 15:01","QuorumZooKeeperServer.java","16761","42574","59335"
"2019-10-10 14:37","QuorumZooKeeperServer.java","196919","260120","457039"
"2020-01-20 08:39","ZKConfig.java","44195","79522","123717"
"2020-01-20 09:06","ZKConfig.java","44196","79619","123815"
"2019-10-10 14:37","ZKConfig.java","37692","68872","106564"
"2019-08-17 17:13","ZKConfig.java","35700","63127","98827"
"2020-01-25 18:48","LearnerMetricsTest.java","39326","65446","104772"
"2019-10-10 14:37","LearnerMetricsTest.java","32078","51834","83912"
"2019-09-24 10:33","LearnerMetricsTest.java","31582","50821","82403"
"2019-08-17 17:13","LearnerMetricsTest.java","29761","45764","75525"
"2019-09-18 11:20","ReconfigTest.java","221101","258799","479900"
"2016-06-23 23:45","ReconfigTest.java","54","510","564"
"2016-11-13 20:59","ReconfigTest.java","1620","6125","7745"
"2019-05-03 17:37","ReconfigTest.java","221082","239990","461072"
"2019-05-08 21:54","ReconfigTest.java","221082","240370","461452"
"2018-07-04 17:11","ReconfigTest.java","20565","32050","52615"
"2019-08-17 17:13","ReconfigTest.java","221101","255887","476988"
"2019-11-29 14:49","ReconfigTest.java","222679","264022","486701"
"2018-12-09 03:16","ReconfigTest.java","220981","228425","449406"
"2018-11-22 17:56","ReconfigTest.java","220981","224464","445445"
"2017-09-11 18:55","ReconfigTest.java","9177","13091","22268"
"2017-02-12 00:34","ReconfigTest.java","5996","9293","15289"
"2020-03-25 03:38","SyncRequestProcessor.java","3878","7610","11488"
"2018-12-06 10:56","FastLeaderElection.java","224173","225573","449746"
"2019-10-10 14:37","FastLeaderElection.java","224315","258940","483255"
"2019-09-30 23:22","FastLeaderElection.java","224315","258567","482882"
"2020-04-07 09:07","FastLeaderElection.java","226037","270283","496320"
"2019-01-18 03:42","FastLeaderElection.java","224175","231072","455247"
"2018-08-29 06:26","FastLeaderElection.java","95819","106102","201921"
"2018-04-30 06:34","FastLeaderElection.java","1483","7465","8948"
"2019-08-17 17:13","FastLeaderElection.java","224314","255186","479500"
"2019-08-02 20:08","FastLeaderElection.java","224314","255967","480281"
"2019-08-03 08:42","FastLeaderElection.java","224314","255894","480208"
"2019-02-06 09:46","ZooKeeper.java","158420","234680","393100"
"2019-01-16 14:21","ZooKeeper.java","158419","232956","391375"
"2017-04-18 02:02","ZooKeeper.java","35490","114980","150470"
"2019-11-08 17:30","ZooKeeper.java","158476","262647","421123"
"2019-02-07 11:26","ZooKeeper.java","158420","235309","393729"
"2013-03-07 07:01","ZooKeeper.java","28497","74040","102537"
"2011-07-01 00:53","ZooKeeper.java","21760","46435","68195"
"2013-12-17 17:55","ZooKeeper.java","29078","81425","110503"
"2012-02-06 09:56","ZooKeeper.java","25055","56438","81493"
"2012-03-17 01:31","ZooKeeper.java","25308","58196","83504"
"2012-11-17 15:03","ZooKeeper.java","27102","65109","92211"
"2017-05-01 17:19","ZooKeeper.java","35499","115116","150615"
"2010-11-10 23:36","ZooKeeper.java","15914","75942","91856"
"2014-01-24 07:18","ZooKeeper.java","29135","83411","112546"
"2019-08-17 17:13","ZooKeeper.java","158476","257033","415509"
"2015-06-04 19:51","ZooKeeper.java","31741","104342","136083"
"2016-10-07 21:51","ZooKeeper.java","33962","111614","145576"
"2015-03-16 09:09","ZooKeeper.java","31541","101098","132639"
"2015-03-17 18:06","ZooKeeper.java","31564","101831","133395"
"2016-05-02 18:15","ZooKeeper.java","33533","108419","141952"
"2019-06-26 10:57","ZooKeeper.java","158476","244883","403359"
"2019-06-03 19:40","ZooKeeper.java","158476","242364","400840"
"2018-05-09 23:57","ZooKeeper.java","36388","122263","158651"
"2019-08-03 08:42","ZooKeeper.java","158476","257741","416217"
"2016-11-13 20:59","ZooKeeper.java","33976","113881","147857"
"2013-02-03 15:52","ZooKeeper.java","28143","69623","97766"
"2012-09-28 18:32","ZooKeeper.java","26954","62993","89947"
"2017-07-28 00:36","ZooKeeper.java","35941","114692","150633"
"2017-08-18 23:35","ZooKeeper.java","35996","115232","151228"
"2017-07-04 07:56","ZooKeeper.java","35924","115285","151209"
"2020-04-16 12:50","ZooKeeper.java","159505","271636","431141"
"2018-07-27 05:16","ZooKeeper.java","52908","140801","193709"
"2019-10-10 14:37","ZooKeeper.java","158476","260786","419262"
"2014-04-01 04:03","ZooKeeper.java","29425","85181","114606"
"2010-02-08 23:36","ZooKeeper.java","6742","6403","13145"
"2012-12-19 19:16","ZooKeeper.java","28094","69081","97175"
"2019-02-11 12:34","ZooKeeper.java","158420","235672","394092"
"2014-07-08 20:18","ZooKeeper.java","31160","91803","122963"
"2010-11-30 21:16","ZooKeeper.java","16174","76569","92743"
"2020-05-17 15:13","ZooKeeper.java","159507","272009","431516"
"2017-01-09 22:49","ZooKeeper.java","34338","115811","150149"
"2011-05-20 01:17","ZooKeeper.java","20851","41700","62551"
"2019-03-12 19:08","ZooKeeper.java","158434","237114","395548"
"2011-09-06 00:58","ZooKeeper.java","19982","52361","72343"
"2014-07-22 06:51","ZooKeeper.java","31325","96166","127491"
"2014-04-29 02:23","ZooKeeper.java","30644","88185","118829"
"2018-06-08 16:52","ZooKeeperServerMain.java","2051","9924","11975"
"2019-04-18 19:17","ZooKeeperServerMain.java","223780","237732","461512"
"2019-11-11 13:59","ZooKeeperServerMain.java","223847","262692","486539"
"2019-11-28 12:24","ZooKeeperServerMain.java","225440","261781","487221"
"2019-11-25 15:37","ZooKeeperServerMain.java","225440","261683","487123"
"2019-08-17 17:13","ZooKeeperServerMain.java","223799","255234","479033"
"2019-04-12 19:01","ZooKeeperServerMain.java","223780","237022","460802"
"2018-09-11 15:23","ZooKeeperServerMain.java","101631","113792","215423"
"2016-07-27 01:33","ZooKeeperTest.java","19850","63073","82923"
"2015-11-08 22:54","ZooKeeperTest.java","16725","58130","74855"
"2016-09-08 22:52","ZooKeeperTest.java","20328","63939","84267"
"2018-10-04 15:46","ZooKeeperTest.java","109382","171243","280625"
"2016-10-16 14:21","ZooKeeperTest.java","20456","65227","85683"
"2019-03-12 19:08","ZooKeeperTest.java","179170","236550","415720"
"2017-04-29 20:17","ZooKeeperTest.java","23255","69924","93179"
"2014-03-29 04:33","ZooKeeperTest.java","7574","30073","37647"
"2017-05-30 19:43","ZooKeeperTest.java","24131","70030","94161"
"2013-09-02 23:04","ZooKeeperTest.java","6354","20623","26977"
"2019-05-23 18:42","ZooKeeperTest.java","179229","241715","420944"
"2019-08-17 17:13","ZooKeeperTest.java","179245","256502","435747"
"2016-08-10 19:32","ZooKeeperTest.java","20069","63247","83316"
"2019-06-06 00:01","ZooKeeperTest.java","179245","242639","421884"
"2019-12-27 22:33","FileTxnSnapLog.java","182692","266454","449146"
"2019-10-10 14:37","FileTxnSnapLog.java","181380","260217","441597"
"2019-12-13 08:51","FileTxnSnapLog.java","182692","264491","447183"
"2017-01-07 01:09","FileTxnSnapLog.java","19859","66208","86067"
"2014-02-12 17:00","FileTxnSnapLog.java","5021","24445","29466"
"2020-01-23 16:46","FileTxnSnapLog.java","182692","267703","450395"
"2020-01-28 17:26","FileTxnSnapLog.java","182692","268174","450866"
"2016-09-18 23:21","FileTxnSnapLog.java","19111","60988","80099"
"2017-01-23 02:13","FileTxnSnapLog.java","19896","66649","86545"
"2018-06-08 16:52","FileTxnSnapLog.java","24872","76394","101266"
"2019-09-02 08:23","FileTxnSnapLog.java","181380","257121","438501"
"2017-04-28 07:14","FileTxnSnapLog.java","22078","66572","88650"
"2019-07-31 19:06","FileTxnSnapLog.java","181380","255771","437151"
"2018-07-30 06:22","FileTxnSnapLog.java","43064","96241","139305"
"2020-01-30 09:43","FileTxnSnapLog.java","182692","268250","450942"
"2019-05-14 17:11","FileTxnSnapLog.java","181364","241115","422479"
"2013-06-28 23:22","FileTxnSnapLog.java","3775","16078","19853"
"2014-02-10 21:50","FileTxnSnapLog.java","4985","24297","29282"
"2019-05-21 23:34","FileTxnSnapLog.java","181364","241436","422800"
"2019-05-27 10:54","FileTxnSnapLog.java","181364","241768","423132"
"2017-01-13 19:29","FileTxnSnapLog.java","19875","66427","86302"
"2017-06-26 00:07","FileTxnSnapLog.java","23187","67219","90406"
"2018-02-23 23:49","FileTxnSnapLog.java","24624","73892","98516"
"2017-08-18 06:32","FileTxnSnapLog.java","23749","67783","91532"
"2019-08-17 17:13","FileTxnSnapLog.java","181380","256464","437844"
"2018-02-14 21:23","FileTxnSnapLog.java","24607","73711","98318"
"2019-08-17 17:13","DatadirCleanupManager.java","178752","256765","435517"
"2017-02-14 09:23","DatadirCleanupManager.java","29498","76022","105520"
"2011-09-17 02:42","DatadirCleanupManager.java","3553","1943","5496"
"2019-10-10 14:37","DatadirCleanupManager.java","178752","260518","439270"
"2019-11-29 14:49","QuorumCnxManager.java","202436","264266","466702"
"2018-07-11 06:04","QuorumCnxManager.java","32531","64542","97073"
"2018-08-06 14:11","QuorumCnxManager.java","43047","76831","119878"
"2018-10-16 16:22","QuorumCnxManager.java","181515","235185","416700"
"2019-06-14 09:06","QuorumCnxManager.java","201018","244289","445307"
"2019-08-03 08:42","QuorumCnxManager.java","201018","256999","458017"
"2019-11-13 20:41","QuorumCnxManager.java","201046","264038","465084"
"2019-04-09 16:08","QuorumCnxManager.java","200931","237060","437991"
"2019-08-06 12:52","QuorumCnxManager.java","201018","257264","458282"
"2017-02-09 11:40","QuorumCnxManager.java","18149","45183","63332"
"2019-05-20 23:13","QuorumCnxManager.java","201002","241147","442149"
"2015-04-09 20:16","QuorumCnxManager.java","10541","26958","37499"
"2017-08-23 02:16","QuorumCnxManager.java","23096","47434","70530"
"2019-07-27 20:04","QuorumCnxManager.java","201018","252822","453840"
"2015-05-29 23:46","QuorumCnxManager.java","11105","28038","39143"
"2015-05-14 07:10","QuorumCnxManager.java","10901","27538","38439"
"2020-03-12 14:47","QuorumCnxManager.java","202436","269652","472088"
"2019-08-17 17:13","QuorumCnxManager.java","201018","256291","457309"
"2017-11-28 00:10","QuorumCnxManager.java","23642","51900","75542"
"2019-10-10 14:37","QuorumCnxManager.java","201018","260044","461062"
"2014-07-23 19:36","QuorumCnxManager.java","9347","19331","28678"
"2017-06-09 18:37","QuorumCnxManager.java","21830","45872","67702"
"2020-01-23 13:43","QuorumCnxManager.java","202436","267636","470072"
"2014-07-08 05:25","QuorumCnxManager.java","8720","14434","23154"
"2019-11-28 12:24","QuorumCnxManager.java","202436","262615","465051"
"2014-06-25 15:04","QuorumCnxManager.java","7756","11834","19590"
"2016-06-08 17:43","QuorumCnxManager.java","16068","36533","52601"
"2020-03-23 16:20","QuorumCnxManager.java","202436","269823","472259"
"2020-02-16 10:25","QuorumCnxManager.java","202436","268349","470785"
"2014-07-22 06:45","QuorumCnxManager.java","9338","19247","28585"
"2018-07-27 12:32","QuorumCnxManager.java","42870","76042","118912"
"2019-10-10 14:37","LearnerHandler.java","157213","178985","336198"
"2019-07-03 20:54","LearnerHandler.java","155540","161553","317093"
"2018-12-09 03:16","LearnerHandler.java","147635","138312","285947"
"2019-04-12 19:01","LearnerHandler.java","154260","154086","308346"
"2019-06-29 00:33","LearnerHandler.java","155540","161546","317086"
"2019-07-25 21:41","LearnerHandler.java","155543","170045","325588"
"2019-08-23 19:43","LearnerHandler.java","156211","174896","331107"
"2019-08-17 17:13","LearnerHandler.java","156211","174230","330441"
"2019-05-06 17:48","LearnerHandler.java","154278","156610","310888"
"2019-08-03 08:42","LearnerHandler.java","156190","174917","331107"
"2019-04-22 19:15","LearnerHandler.java","154260","155061","309321"
"2020-03-25 03:38","ZooKeeperServerBean.java","226287","269662","495949"
"2019-11-14 03:54","ZooKeeperServerBean.java","224708","263307","488015"
"2019-09-16 23:26","ZooKeeperServerBean.java","224660","258269","482929"
"2018-06-08 16:52","ZooKeeperServerBean.java","4784","11812","16596"
"2020-04-30 18:53","ZooKeeperServerBean.java","226348","270623","496971"
"2019-01-23 14:00","ZooKeeperServerBean.java","224542","231859","456401"
"2019-07-08 23:26","ZooKeeperServerBean.java","224659","244025","468684"
"2019-01-14 19:38","ZooKeeperServerBean.java","224541","230423","454964"
"2019-01-07 14:39","ZooKeeperServerBean.java","224541","229970","454511"
"2019-08-17 17:13","ZooKeeperServerBean.java","224660","255250","479910"
"2018-02-07 01:05","ZooKeeperServerBean.java","4157","8587","12744"
"2018-07-12 01:33","ZooKeeperServerBean.java","15218","22715","37933"
"2019-05-22 11:39","ZooKeeperServerBean.java","224642","240432","465074"
"2019-07-30 02:31","ZooKeeperServerBean.java","224660","253171","477831"
"2014-07-14 19:45","ReconfigTest.java","1013","4167","5180"
"2019-09-18 11:20","ReconfigTest.java","203998","259066","463064"
"2016-06-23 23:45","ReconfigTest.java","8852","26678","35530"
"2014-08-20 06:07","ReconfigTest.java","2203","9897","12100"
"2014-08-24 07:42","ReconfigTest.java","2245","10186","12431"
"2016-11-13 20:59","ReconfigTest.java","10074","31949","42023"
"2019-05-03 17:37","ReconfigTest.java","203982","240260","444242"
"2019-05-08 21:54","ReconfigTest.java","203982","240640","444622"
"2018-07-04 17:11","ReconfigTest.java","25744","54599","80343"
"2016-06-15 19:11","ReconfigTest.java","8801","26171","34972"
"2019-08-17 17:13","ReconfigTest.java","203998","256154","460152"
"2014-06-04 22:07","ReconfigTest.java","11","475","486"
"2019-11-29 14:49","ReconfigTest.java","205437","264150","469587"
"2018-12-09 03:16","ReconfigTest.java","203888","228702","432590"
"2018-11-22 17:56","ReconfigTest.java","203888","224741","428629"
"2017-09-11 18:55","ReconfigTest.java","16368","37652","54020"
"2017-02-12 00:34","ReconfigTest.java","13804","34471","48275"
"2019-10-10 14:37","LearnerSessionTracker.java","3717","7470","11187"
"2019-09-20 10:02","LearnerSessionTracker.java","2297","5217","7514"
"2019-04-18 19:17","ServerConfigTest.java","226369","237774","464143"
"2019-08-17 17:13","ServerConfigTest.java","226388","255276","481664"
"2019-01-07 14:39","SimpleCounter.java","153914","146772","300686"
"2019-04-12 19:01","SimpleCounter.java","154260","154086","308346"
"2019-08-17 17:13","SimpleCounter.java","156211","174230","330441"
"2019-08-17 17:13","Stats.java","187413","256985","444398"
"2011-04-12 09:14","Stats.java","14662","5707","20369"
"2019-10-10 14:37","ClientCnxnSocket.java","214963","259857","474820"
"2018-07-10 13:29","ClientCnxnSocket.java","25521","43391","68912"
"2016-12-30 23:01","ClientCnxnSocket.java","8812","21039","29851"
"2018-11-22 17:56","ClientCnxnSocket.java","214852","224690","439542"
"2016-05-02 18:15","ClientCnxnSocket.java","6373","12214","18587"
"2019-08-17 17:13","ClientCnxnSocket.java","214963","256104","471067"
"2018-07-12 01:33","ClientCnxnSocket.java","25621","43669","69290"
"2019-04-09 15:35","ClientCnxnSocket.java","214875","236873","451748"
"2019-08-17 17:13","ZooKeeperTestClient.java","167976","257015","424991"
"2015-02-06 06:17","ZooKeeperTestClient.java","35429","95889","131318"
"2019-10-10 14:37","SessionTrackerImpl.java","214963","259857","474820"
"2019-09-20 10:02","SessionTrackerImpl.java","214963","259024","473987"
"2020-03-26 22:16","SessionTrackerImpl.java","216411","270344","486755"
"2015-03-08 23:07","SessionTrackerImpl.java","106","280","386"
"2018-09-18 01:00","SessionTrackerImpl.java","112483","135605","248088"
"2019-09-05 23:12","SessionTrackerImpl.java","214963","257023","471986"
"2019-08-17 17:13","SessionTrackerImpl.java","214963","256104","471067"
"2018-08-08 06:21","SessionTrackerImpl.java","83400","103416","186816"
"2018-05-09 23:57","SessionTrackerImpl.java","16223","33053","49276"
"2019-04-22 19:15","SessionTrackerImpl.java","214947","238870","453817"
"2018-06-08 16:52","ZooKeeperServerMXBean.java","758","3356","4114"
"2019-09-16 23:26","ZooKeeperServerMXBean.java","228916","258095","487011"
"2019-11-14 03:54","ZooKeeperServerMXBean.java","228964","263133","492097"
"2020-03-25 03:38","ZooKeeperServerMXBean.java","230688","269633","500321"
"2019-05-22 11:39","ZooKeeperServerMXBean.java","228897","240257","469154"
"2019-07-30 02:31","ZooKeeperServerMXBean.java","228915","252996","481911"
"2018-07-12 01:33","ZooKeeperServerMXBean.java","11576","14643","26219"
"2019-08-17 17:13","ZooKeeperServerMXBean.java","228915","255075","483990"
"2019-01-14 19:38","ZooKeeperServerMXBean.java","228775","230227","459002"
"2019-07-08 23:26","ZooKeeperServerMXBean.java","228914","243850","472764"
"2019-01-23 14:00","ZooKeeperServerMXBean.java","228777","231664","460441"
"2017-09-11 18:55","CGenerator.java","7341","6182","13523"
"2019-07-29 17:15","CGenerator.java","225563","252876","478439"
"2019-10-10 14:37","LoadFromLogTest.java","3717","7470","11187"
"2019-08-17 17:13","JvmPauseMonitorTest.java","29721","47204","76925"
"2015-02-06 06:17","ConnectionBean.java","31283","112087","143370"
"2019-08-17 17:13","ConnectionBean.java","146571","257187","403758"
"2010-03-11 04:17","ConnectionBean.java","10824","31753","42577"
"2009-11-12 20:53","ConnectionBean.java","173","760","933"
"2019-10-10 14:37","ConnectionBean.java","146571","260940","407511"
"2011-04-12 09:14","ConnectionBean.java","21324","53413","74737"
"2010-08-18 08:24","ConnectionBean.java","16189","57233","73422"
"2020-03-19 17:09","Learner.java","39249","70381","109630"
"2020-02-03 04:30","Learner.java","39136","68763","107899"
"2020-01-23 13:43","Learner.java","39029","68099","107128"
"2020-03-25 03:38","Learner.java","39314","71242","110556"
"2019-11-28 12:24","Learner.java","37295","61344","98639"
"2019-12-27 22:33","Learner.java","37710","65531","103241"
"2020-01-25 18:48","Learner.java","39035","68295","107330"
"2020-05-03 19:43","Learner.java","39936","72800","112736"
"2019-10-10 14:37","Learner.java","31910","54806","86716"
"2019-06-03 19:40","Learner.java","1170","5644","6814"
"2019-07-15 14:15","Learner.java","5785","20347","26132"
"2019-08-23 19:43","Learner.java","29824","49633","79457"
"2019-08-17 17:13","Learner.java","29822","48965","78787"
"2019-07-12 17:01","Learner.java","5785","20241","26026"
"2019-07-02 07:34","Learner.java","4709","11795","16504"
"2019-11-29 14:49","Learner.java","37576","63276","100852"
"2019-08-17 17:13","ZkDatabaseCorruptionTest.java","203552","256155","459707"
"2019-10-10 14:37","ZkDatabaseCorruptionTest.java","203552","259908","463460"
"2018-04-06 06:04","ZkDatabaseCorruptionTest.java","17408","44203","61611"
"2016-08-24 01:36","ZkDatabaseCorruptionTest.java","9801","28537","38338"
"2019-08-17 17:13","FollowerBean.java","25290","28807","54097"
"2019-08-17 17:13","SetTraceMaskCommand.java","218737","255967","474704"
"2019-08-17 17:13","ZkDatabaseCorruptionTest.java","174606","256904","431510"
"2013-02-19 09:18","ZkDatabaseCorruptionTest.java","13171","26836","40007"
"2019-10-10 14:37","ZkDatabaseCorruptionTest.java","174606","260657","435263"
"2014-05-15 03:35","ZkDatabaseCorruptionTest.java","20566","50261","70827"
"2014-01-27 14:37","ZkDatabaseCorruptionTest.java","14437","40942","55379"
"2018-04-06 06:04","ZkDatabaseCorruptionTest.java","30325","86815","117140"
"2016-08-24 01:36","ZkDatabaseCorruptionTest.java","25618","74049","99667"
"2019-07-29 17:15","JVector.java","157928","254633","412561"
"2010-05-03 23:49","JVector.java","13512","23178","36690"
"2019-08-17 17:13","AvgMinMaxCounter.java","29620","47813","77433"
"2019-05-08 21:54","AvgMinMaxCounter.java","400","3095","3495"
"2019-08-17 17:13","JaasConfiguration.java","181829","256464","438293"
"2019-07-29 17:15","CGenerator.java","224314","252786","477100"
"2019-11-21 05:58","NIOServerCnxn.java","36954","64829","101783"
"2019-11-18 09:05","NIOServerCnxn.java","36944","64796","101740"
"2019-09-16 23:26","NIOServerCnxn.java","31146","58873","90019"
"2019-10-10 14:37","NIOServerCnxn.java","31909","60370","92279"
"2020-02-11 06:50","NIOServerCnxn.java","38825","74052","112877"
"2019-01-23 14:00","NIOServerCnxn.java","88","1523","1611"
"2019-07-08 23:26","NIOServerCnxn.java","5646","19130","24776"
"2019-04-12 19:01","NIOServerCnxn.java","1317","7832","9149"
"2019-08-17 17:13","NIOServerCnxn.java","29911","54619","84530"
"2019-07-03 00:44","NIOServerCnxn.java","5578","18299","23877"
"2019-08-03 08:42","NIOServerCnxn.java","8716","34132","42848"
"2013-10-09 22:21","LearnerSessionTracker.java","29994","97686","127680"
"2015-03-08 23:07","LearnerSessionTracker.java","32163","118336","150499"
"2011-11-14 20:18","LearnerSessionTracker.java","26425","73216","99641"
"2010-01-26 01:17","LearnerSessionTracker.java","5954","23202","29156"
"2019-10-10 14:37","LearnerSessionTracker.java","141556","261253","402809"
"2019-09-20 10:02","LearnerSessionTracker.java","141556","260420","401976"
"2019-08-17 17:13","LearnerSessionTracker.java","141556","257500","399056"
"2018-08-08 06:21","LearnerSessionTracker.java","69488","175503","244991"
"2014-07-18 02:19","LearnerSessionTracker.java","31943","113191","145134"
"2019-11-14 03:54","ServerCnxnFactory.java","224603","263307","487910"
"2019-11-11 13:59","ServerCnxnFactory.java","224603","262708","487311"
"2018-10-24 04:03","ServerCnxnFactory.java","202530","231523","434053"
"2019-02-13 13:12","ServerCnxnFactory.java","224458","234099","458557"
"2017-10-07 21:22","ServerCnxnFactory.java","3142","3022","6164"
"2019-08-17 17:13","ServerCnxnFactory.java","224555","255250","479805"
"2019-06-07 14:13","ServerCnxnFactory.java","224554","241353","465907"
"2019-07-03 00:44","ServerCnxnFactory.java","224554","243262","467816"
"2019-12-27 22:33","FileTxnLog.java","37618","64489","102107"
"2019-10-10 14:37","FileTxnLog.java","31720","53666","85386"
"2020-01-28 17:26","FileTxnLog.java","39015","67606","106621"
"2019-05-14 17:11","FileTxnLog.java","416","3276","3692"
"2019-08-17 17:13","FileTxnLog.java","29620","47813","77433"
"2019-06-03 19:40","FileTxnLog.java","780","4304","5084"
"2019-08-03 08:42","FileTxnLog.java","7576","26477","34053"
"2019-07-02 07:34","Follower.java","154468","245130","399598"
"2018-12-09 03:16","Follower.java","154418","229795","384213"
"2019-04-12 19:01","Follower.java","154468","238994","393462"
"2013-03-07 07:01","Follower.java","29115","78820","107935"
"2015-02-06 06:17","Follower.java","31961","105168","137129"
"2011-04-29 18:12","Follower.java","21700","46227","67927"
"2011-01-22 20:38","Follower.java","17324","82651","99975"
"2011-02-07 20:26","Follower.java","17433","82777","100210"
"2018-09-18 01:00","Follower.java","94673","191002","285675"
"2019-08-17 17:13","Follower.java","154468","257187","411655"
"2019-06-29 00:33","Follower.java","154468","245174","399642"
"2019-08-06 17:11","Follower.java","154468","258288","412756"
"2019-07-15 14:15","Follower.java","154468","252606","407074"
"2019-08-23 19:43","Follower.java","154468","257853","412321"
"2017-11-28 00:10","Follower.java","36376","123709","160085"
"2019-06-05 00:33","Follower.java","154468","242908","397376"
"2011-06-14 07:14","Follower.java","21821","47963","69784"
"2019-05-03 00:44","Follower.java","154468","241184","395652"
"2010-01-25 04:28","Follower.java","1848","5462","7310"
"2015-06-05 21:15","Follower.java","32199","108996","141195"
"2019-12-27 22:33","Follower.java","155407","266804","422211"
"2016-08-13 15:01","Follower.java","34237","114950","149187"
"2019-10-10 14:37","Follower.java","154468","260940","415408"
"2010-08-18 08:24","Follower.java","16460","49607","66067"
"2016-12-20 14:47","Follower.java","34655","119629","154284"
"2014-07-22 06:51","Follower.java","31784","100787","132571"
"2013-12-16 05:18","NettyServerCnxnFactory.java","55960","49128","105088"
"2016-06-23 23:45","NettyServerCnxnFactory.java","66234","83121","149355"
"2020-02-26 22:41","NettyServerCnxnFactory.java","219529","268712","488241"
"2019-10-10 14:37","NettyServerCnxnFactory.java","218456","260738","479194"
"2013-10-05 00:57","NettyServerCnxnFactory.java","55705","44814","100519"
"2019-09-10 18:50","NettyServerCnxnFactory.java","218456","258102","476558"
"2019-11-14 03:54","NettyServerCnxnFactory.java","218456","264994","483450"
"2019-02-12 15:25","NettyServerCnxnFactory.java","218392","235746","454138"
"2018-10-16 16:22","NettyServerCnxnFactory.java","187201","236815","424016"
"2019-02-15 15:36","NettyServerCnxnFactory.java","218403","236172","454575"
"2012-08-28 21:51","NettyServerCnxnFactory.java","53329","29911","83240"
"2019-04-12 19:01","NettyServerCnxnFactory.java","218457","238793","457250"
"2018-11-22 17:56","NettyServerCnxnFactory.java","218390","225616","444006"
"2018-09-22 06:48","NettyServerCnxnFactory.java","148891","182158","331049"
"2013-03-07 07:01","NettyServerCnxnFactory.java","55320","41894","97214"
"2018-12-15 07:34","NettyServerCnxnFactory.java","218390","229492","447882"
"2011-08-19 00:05","NettyServerCnxnFactory.java","44432","15857","60289"
"2014-07-18 02:19","NettyServerCnxnFactory.java","62886","68211","131097"
"2019-02-13 13:12","NettyServerCnxnFactory.java","218403","235878","454281"
"2019-08-17 17:13","NettyServerCnxnFactory.java","218456","256985","475441"
"2015-03-17 18:06","NettyServerCnxnFactory.java","63324","74622","137946"
"2015-03-28 20:08","NettyServerCnxnFactory.java","63337","75624","138961"
"2019-11-23 17:08","NettyServerCnxnFactory.java","219529","262759","482288"
"2019-07-03 00:44","NettyServerCnxnFactory.java","218456","244998","463454"
"2019-06-05 00:29","NettyServerCnxnFactory.java","218456","242652","461108"
"2019-07-23 15:55","NettyServerCnxnFactory.java","218456","252993","471449"
"2014-09-28 19:15","NettyServerCnxnFactory.java","63065","70988","134053"
"2019-06-24 11:05","NettyServerCnxnFactory.java","218456","244318","462774"
"2015-01-30 03:23","NettyServerCnxnFactory.java","63157","73027","136184"
"2019-08-03 08:42","NettyServerCnxnFactory.java","218456","257693","476149"
"2011-07-29 00:02","MultiOperationRecordTest.java","415","4654","5069"
"2019-06-26 10:57","MultiOperationRecordTest.java","183022","244754","427776"
"2019-08-17 17:13","MultiOperationRecordTest.java","183022","256904","439926"
"2020-01-23 13:43","MultipleAddressesTest.java","2244","5614","7858"
"2020-03-19 17:09","MultipleAddressesTest.java","4144","9576","13720"
"2019-08-17 17:13","IWatchManager.java","158773","174218","332991"
"2019-11-08 17:30","IWatchManager.java","159829","180888","340717"
"2017-09-11 18:55","QuorumBase.java","41863","112814","154677"
"2012-04-23 01:20","QuorumBase.java","27512","52854","80366"
"2019-07-12 17:01","QuorumBase.java","167729","252328","420057"
"2012-12-11 08:42","QuorumBase.java","28323","58844","87167"
"2019-08-17 17:13","QuorumBase.java","167729","257015","424744"
"2019-08-01 07:31","QuorumBase.java","167729","257686","425415"
"2018-08-08 06:21","QuorumBase.java","84162","164860","249022"
"2019-10-10 14:37","QuorumBase.java","167729","260768","428497"
"2020-03-25 03:38","QuorumBase.java","168776","270847","439623"
"2014-07-18 19:46","QuorumBase.java","36527","92685","129212"
"2010-07-23 06:22","QuorumBase.java","6186","20000","26186"
"2011-05-20 01:17","QuorumBase.java","19709","31287","50996"
"2010-05-05 22:32","QuorumBase.java","5463","5482","10945"
"2010-08-18 08:24","QuorumBase.java","7667","27381","35048"
"2013-10-09 22:21","QuorumBase.java","29828","72203","102031"
"2010-03-31 06:26","QuorumBase.java","2714","2961","5675"
"2014-06-25 19:25","QuorumBase.java","36016","87178","123194"
"2011-04-12 09:14","QuorumBase.java","19586","30345","49931"
"2019-10-10 14:37","ClientTest.java","58262","261595","319857"
"2009-09-16 02:09","ClientTest.java","9696","96275","105971"
"2019-12-28 16:17","ClientTest.java","58583","266748","325331"
"2009-10-31 00:09","ClientTest.java","10518","99077","109595"
"2009-11-07 01:48","ClientTest.java","10678","99642","110320"
"2010-01-05 18:32","ClientTest.java","11048","108657","119705"
"2010-03-09 03:09","ClientTest.java","11319","120636","131955"
"2014-07-25 01:31","ClientTest.java","18540","173215","191755"
"2009-05-14 22:15","ClientTest.java","8607","80265","88872"
"2009-01-31 00:01","ClientTest.java","7265","48263","55528"
"2017-01-09 22:49","ClientTest.java","18936","190054","208990"
"2010-09-15 07:51","ClientTest.java","12202","170380","182582"
"2011-04-12 09:14","ClientTest.java","12789","133842","146631"
"2014-07-08 20:18","ClientTest.java","18490","168778","187268"
"2017-05-01 17:19","ClientTest.java","19018","188280","207298"
"2018-11-22 17:56","ClientTest.java","58246","226523","284769"
"2013-01-25 02:17","ClientTest.java","16741","147530","164271"
"2017-06-30 22:43","ClientTest.java","19134","187917","207051"
"2009-06-25 00:59","ClientTest.java","9225","92170","101395"
"2019-03-06 03:32","ClientTest.java","58246","237611","295857"
"2008-12-22 23:23","ClientTest.java","3819","36697","40516"
"2012-12-11 08:42","ClientTest.java","16324","144853","161177"
"2012-10-31 19:38","ClientTest.java","16140","141842","157982"
"2009-04-09 23:02","ClientTest.java","8271","55148","63419"
"2009-06-18 18:37","ClientTest.java","9002","85075","94077"
"2019-08-17 17:13","ClientTest.java","58262","257842","316104"
"2019-05-20 17:18","LocalPeerBeanTest.java","220587","240689","461276"
"2019-02-13 13:12","LocalPeerBeanTest.java","220514","234771","455285"
"2019-08-17 17:13","LocalPeerBeanTest.java","220605","255916","476521"
"2016-03-17 07:13","LocalPeerBeanTest.java","1570","1271","2841"
"2018-07-27 12:32","LocalPeerBeanTest.java","34134","47344","81478"
"2018-06-26 11:18","LocalPeerBeanTest.java","14240","26232","40472"
"2020-02-16 10:25","QuorumKerberosAuthTest.java","4029","8112","12141"
"2020-01-22 11:08","QuorumKerberosAuthTest.java","2080","3966","6046"
"2019-08-17 17:13","CreateTest.java","166664","257012","423676"
"2010-08-17 09:24","CreateTest.java","1868","19284","21152"
"2011-04-12 09:14","CreateTest.java","15498","27319","42817"
"2012-12-19 19:16","CreateTest.java","25664","59375","85039"
"2015-07-07 07:11","CreateTest.java","33962","99820","133782"
"2010-05-03 23:49","JFile.java","15900","54039","69939"
"2019-07-29 17:15","JFile.java","129922","255100","385022"
"2017-09-11 18:55","JFile.java","31524","137377","168901"
"2019-11-08 17:30","FinalRequestProcessor.java","3638","6233","9871"
"2020-03-25 03:38","FinalRequestProcessor.java","11920","21686","33606"
"2019-10-10 14:37","FinalRequestProcessor.java","3447","4181","7628"
"2019-11-21 05:58","FinalRequestProcessor.java","8760","8908","17668"
"2019-11-18 09:05","FinalRequestProcessor.java","8744","8869","17613"
"2019-11-11 13:59","FinalRequestProcessor.java","3666","8057","11723"
"2020-03-26 22:12","FinalRequestProcessor.java","11974","21742","33716"
"2019-10-10 14:37","FLEZeroWeightTest.java","224315","258940","483255"
"2019-08-17 17:13","FLEZeroWeightTest.java","224314","255186","479500"
"2019-07-12 17:01","FLEZeroWeightTest.java","224314","250499","474813"
"2019-02-06 09:46","ZooKeeper.java","155051","234725","389776"
"2019-01-16 14:21","ZooKeeper.java","155050","233001","388051"
"2017-04-18 02:02","ZooKeeper.java","35313","118217","153530"
"2019-11-08 17:30","ZooKeeper.java","155102","262687","417789"
"2019-02-07 11:26","ZooKeeper.java","155051","235354","390405"
"2013-03-07 07:01","ZooKeeper.java","28595","77552","106147"
"2011-07-01 00:53","ZooKeeper.java","21901","49990","71891"
"2013-12-17 17:55","ZooKeeper.java","29168","84929","114097"
"2012-02-06 09:56","ZooKeeper.java","25176","59973","85149"
"2012-03-17 01:31","ZooKeeper.java","25430","61732","87162"
"2012-11-17 15:03","ZooKeeper.java","27212","68633","95845"
"2017-05-01 17:19","ZooKeeper.java","35322","118353","153675"
"2010-11-10 23:36","ZooKeeper.java","16070","79512","95582"
"2014-01-24 07:18","ZooKeeper.java","29224","86914","116138"
"2019-08-17 17:13","ZooKeeper.java","155102","257073","412175"
"2015-06-04 19:51","ZooKeeper.java","31716","107731","139447"
"2016-10-07 21:51","ZooKeeper.java","33947","115013","148960"
"2015-03-16 09:09","ZooKeeper.java","31516","104487","136003"
"2015-03-17 18:06","ZooKeeper.java","31539","105220","136759"
"2016-05-02 18:15","ZooKeeper.java","33518","111818","145336"
"2019-06-26 10:57","ZooKeeper.java","155102","244923","400025"
"2019-06-03 19:40","ZooKeeper.java","155102","242404","397506"
"2018-05-09 23:57","ZooKeeper.java","36195","125484","161679"
"2019-08-03 08:42","ZooKeeper.java","155102","257781","412883"
"2016-11-13 20:59","ZooKeeper.java","33961","117280","151241"
"2013-02-03 15:52","ZooKeeper.java","28241","73135","101376"
"2012-09-28 18:32","ZooKeeper.java","27068","66521","93589"
"2017-07-28 00:36","ZooKeeper.java","35764","117929","153693"
"2017-08-18 23:35","ZooKeeper.java","35819","118469","154288"
"2017-07-04 07:56","ZooKeeper.java","35747","118522","154269"
"2010-01-26 03:22","ZooKeeper.java","937","4351","5288"
"2020-04-16 12:50","ZooKeeper.java","156091","271636","427727"
"2018-07-27 05:16","ZooKeeper.java","52705","144012","196717"
"2019-10-10 14:37","ZooKeeper.java","155102","260826","415928"
"2014-04-01 04:03","ZooKeeper.java","29510","88680","118190"
"2010-02-08 23:36","ZooKeeper.java","7679","10754","18433"
"2012-12-19 19:16","ZooKeeper.java","28192","72593","100785"
"2019-02-11 12:34","ZooKeeper.java","155051","235717","390768"
"2014-07-08 20:18","ZooKeeper.java","31159","95216","126375"
"2010-11-30 21:16","ZooKeeper.java","16325","80134","96459"
"2020-05-17 15:13","ZooKeeper.java","156093","272009","428102"
"2017-01-09 22:49","ZooKeeper.java","34209","119096","153305"
"2011-05-20 01:17","ZooKeeper.java","20994","45257","66251"
"2019-03-12 19:08","ZooKeeper.java","155063","237157","392220"
"2011-09-06 00:58","ZooKeeper.java","20113","55906","76019"
"2014-07-22 06:51","ZooKeeper.java","31300","99555","130855"
"2014-04-29 02:23","ZooKeeper.java","30643","91598","122241"
"2019-10-10 14:37","SessionTrackerImpl.java","210259","259904","470163"
"2019-09-20 10:02","SessionTrackerImpl.java","210259","259071","469330"
"2020-03-26 22:16","SessionTrackerImpl.java","211700","270384","482084"
"2015-03-08 23:07","SessionTrackerImpl.java","1501","6426","7927"
"2014-07-25 00:58","SessionTrackerImpl.java","307","954","1261"
"2014-07-23 20:17","SessionTrackerImpl.java","308","949","1257"
"2015-02-06 06:17","SessionTrackerImpl.java","1396","6147","7543"
"2018-09-18 01:00","SessionTrackerImpl.java","112356","140229","252585"
"2019-09-05 23:12","SessionTrackerImpl.java","210259","257070","467329"
"2019-08-17 17:13","SessionTrackerImpl.java","210259","256151","466410"
"2018-08-08 06:21","SessionTrackerImpl.java","83371","108138","191509"
"2018-05-09 23:57","SessionTrackerImpl.java","17039","38620","55659"
"2019-04-22 19:15","SessionTrackerImpl.java","210243","238917","449160"
"2010-03-31 06:26","WatcherFuncTest.java","14591","40968","55559"
"2019-08-17 17:13","WatcherFuncTest.java","142084","257500","399584"
"2019-08-17 17:13","DisconnectedWatcherTest.java","218643","255978","474621"
"2019-03-11 21:56","DisconnectedWatcherTest.java","218551","235902","454453"
"2019-12-03 10:01","CommandsTest.java","37374","69138","106512"
"2019-04-12 19:01","CommandsTest.java","1369","8337","9706"
"2019-11-29 14:49","CommandsTest.java","37380","69098","106478"
"2019-08-17 17:13","CommandsTest.java","29877","55038","84915"
"2019-06-03 19:40","CommandsTest.java","2067","12559","14626"
"2019-06-29 00:33","CommandsTest.java","5509","18657","24166"
"2019-11-23 17:08","CommandsTest.java","37048","66910","103958"
"2019-06-04 10:55","CommandsTest.java","2206","12851","15057"
"2019-05-27 10:54","CommandsTest.java","1874","12355","14229"
"2020-03-26 18:41","ZooKeeperMain.java","222167","270255","492422"
"2016-10-16 14:21","ZooKeeperMain.java","1676","4490","6166"
"2020-04-01 17:02","ZooKeeperMain.java","222167","270579","492746"
"2019-10-10 14:37","ZooKeeperMain.java","220587","259640","480227"
"2020-03-26 22:19","ZooKeeperMain.java","222167","270324","492491"
"2016-07-27 01:33","ZooKeeperMain.java","714","1980","2694"
"2019-11-28 12:24","ZooKeeperMain.java","222165","262371","484536"
"2016-11-13 20:59","ZooKeeperMain.java","1923","6942","8865"
"2019-08-03 08:42","ZooKeeperMain.java","220587","256595","477182"
"2017-07-28 00:36","ZooKeeperMain.java","9197","13062","22259"
"2019-08-17 17:13","ZooKeeperMain.java","220587","255887","476474"
"2018-08-06 14:11","ZooKeeperMain.java","31488","45299","76787"
"2019-06-07 14:13","TruncateTest.java","167976","243119","411095"
"2015-05-14 18:40","TruncateTest.java","35612","98861","134473"
"2019-08-17 17:13","TruncateTest.java","167976","257015","424991"
"2018-05-09 23:57","TruncateTest.java","40971","118261","159232"
"2014-09-27 08:20","TruncateTest.java","35335","93569","128904"
"2019-07-12 17:01","TruncateTest.java","167976","252328","420304"
"2017-08-18 06:32","TruncateTest.java","40566","111117","151683"
"2012-07-17 23:25","TruncateTest.java","26209","52726","78935"
"2017-09-11 18:55","TruncateTest.java","40664","111393","152057"
"2014-06-30 19:11","TruncateTest.java","34672","85672","120344"
"2016-08-24 01:36","TruncateTest.java","37909","105643","143552"
"2010-08-18 08:24","TruncateTest.java","4983","24450","29433"
"2017-05-11 16:59","TruncateTest.java","40414","110595","151009"
"2020-01-28 17:26","TruncateTest.java","169023","268460","437483"
"2017-01-07 01:09","TruncateTest.java","38338","111204","149542"
"2014-02-12 17:00","TruncateTest.java","28604","74545","103149"
"2014-01-03 01:24","TruncateTest.java","28521","72500","101021"
"2019-11-08 17:30","FinalRequestProcessor.java","191","2052","2243"
"2020-03-25 03:38","FinalRequestProcessor.java","10199","19231","29430"
"2019-11-21 05:58","FinalRequestProcessor.java","5323","4737","10060"
"2019-11-18 09:05","FinalRequestProcessor.java","5307","4698","10005"
"2019-11-11 13:59","FinalRequestProcessor.java","223","3880","4103"
"2020-03-26 22:12","FinalRequestProcessor.java","10253","19287","29540"
"2019-10-10 14:37","FourLetterWordsWhiteListTest.java","3717","7470","11187"
"2019-11-21 05:58","NIOServerCnxn.java","43615","78707","122322"
"2019-11-18 09:05","NIOServerCnxn.java","43605","78674","122279"
"2019-09-16 23:26","NIOServerCnxn.java","37942","72886","110828"
"2019-10-10 14:37","NIOServerCnxn.java","38681","74359","113040"
"2020-02-11 06:50","NIOServerCnxn.java","45420","87864","133284"
"2019-01-23 14:00","NIOServerCnxn.java","8728","17380","26108"
"2019-07-08 23:26","NIOServerCnxn.java","13677","34378","48055"
"2019-04-12 19:01","NIOServerCnxn.java","9745","23477","33222"
"2019-01-14 19:38","NIOServerCnxn.java","8653","15870","24523"
"2019-08-17 17:13","NIOServerCnxn.java","36708","68633","105341"
"2019-07-03 00:44","NIOServerCnxn.java","13614","33552","47166"
"2019-08-03 08:42","NIOServerCnxn.java","16603","49236","65839"
"2019-08-17 17:13","DumpCommand.java","226243","255276","481519"
"2020-03-03 10:53","PurgeTxnTest.java","1980","3247","5227"
"2019-08-17 17:13","KeyStoreFileTypeTest.java","36682","68806","105488"
"2015-05-14 07:10","CnxManagerTest.java","19247","60359","79606"
"2020-03-12 14:47","CnxManagerTest.java","178223","269914","448137"
"2019-08-17 17:13","CnxManagerTest.java","177002","256750","433752"
"2019-06-03 19:40","CnxManagerTest.java","177002","242081","419083"
"2017-11-28 00:10","CnxManagerTest.java","28937","81670","110607"
"2019-07-12 17:01","CnxManagerTest.java","177002","252063","429065"
"2019-05-08 21:54","CnxManagerTest.java","177003","241253","418256"
"2019-08-06 12:52","CnxManagerTest.java","177002","257723","434725"
"2019-06-14 09:06","CnxManagerTest.java","177002","244748","421750"
"2013-03-07 07:01","CnxManagerTest.java","10503","25608","36111"
"2019-11-29 14:49","CnxManagerTest.java","178223","264528","442751"
"2015-02-06 06:17","CnxManagerTest.java","18966","57573","76539"
"2017-09-11 18:55","CnxManagerTest.java","28627","77503","106130"
"2020-02-16 10:25","CnxManagerTest.java","178223","268611","446834"
"2014-06-25 15:04","CnxManagerTest.java","17806","46359","64165"
"2015-11-03 08:11","CnxManagerTest.java","20585","64213","84798"
"2019-10-10 14:37","CnxManagerTest.java","177002","260503","437505"
"2014-07-23 19:36","CnxManagerTest.java","18597","53056","71653"
"2013-10-05 00:57","ServerCnxnFactory.java","6650","23163","29813"
"2019-11-14 03:54","ServerCnxnFactory.java","178056","264686","442742"
"2019-11-11 13:59","ServerCnxnFactory.java","178056","264087","442143"
"2012-08-28 21:51","ServerCnxnFactory.java","2931","6917","9848"
"2017-04-19 01:19","ServerCnxnFactory.java","23213","71139","94352"
"2018-10-24 04:03","ServerCnxnFactory.java","158845","235764","394609"
"2013-03-07 07:01","ServerCnxnFactory.java","5986","19964","25950"
"2014-07-18 02:19","ServerCnxnFactory.java","14604","47333","61937"
"2019-02-13 13:12","ServerCnxnFactory.java","177970","235537","413507"
"2017-10-07 21:22","ServerCnxnFactory.java","25003","72809","97812"
"2019-08-17 17:13","ServerCnxnFactory.java","178028","256649","434677"
"2019-06-07 14:13","ServerCnxnFactory.java","178028","242753","420781"
"2019-07-03 00:44","ServerCnxnFactory.java","178028","244662","422690"
"2015-03-17 18:06","ServerCnxnFactory.java","15229","53931","69160"
"2015-03-28 20:08","ServerCnxnFactory.java","15257","54948","70205"
"2016-05-02 18:15","ServerCnxnFactory.java","19753","63074","82827"
"2012-12-08 00:38","ServerCnxnFactory.java","3840","11185","15025"
"2012-12-19 19:07","ServerCnxnFactory.java","4645","13186","17831"
"2019-02-06 09:46","ZooKeeper.java","146522","234841","381363"
"2019-01-16 14:21","ZooKeeper.java","146521","233117","379638"
"2017-04-18 02:02","ZooKeeper.java","34923","126172","161095"
"2019-11-08 17:30","ZooKeeper.java","146571","262801","409372"
"2019-02-07 11:26","ZooKeeper.java","146522","235470","381992"
"2013-03-07 07:01","ZooKeeper.java","28486","85788","114274"
"2011-07-01 00:53","ZooKeeper.java","22212","58946","81158"
"2013-12-17 17:55","ZooKeeper.java","29043","93149","122192"
"2012-02-06 09:56","ZooKeeper.java","25240","68382","93622"
"2012-03-17 01:31","ZooKeeper.java","25472","70119","95591"
"2012-11-17 15:03","ZooKeeper.java","27201","76967","104168"
"2017-05-01 17:19","ZooKeeper.java","34929","126305","161234"
"2010-11-10 23:36","ZooKeeper.java","16712","88799","105511"
"2014-01-24 07:18","ZooKeeper.java","29100","95135","124235"
"2019-08-17 17:13","ZooKeeper.java","146571","257187","403758"
"2015-06-04 19:51","ZooKeeper.java","31521","115881","147402"
"2016-10-07 21:51","ZooKeeper.java","33678","123089","156767"
"2015-03-16 09:09","ZooKeeper.java","31313","112629","143942"
"2015-03-17 18:06","ZooKeeper.java","31336","113362","144698"
"2016-05-02 18:15","ZooKeeper.java","33259","119904","153163"
"2019-06-26 10:57","ZooKeeper.java","146571","245037","391608"
"2019-06-03 19:40","ZooKeeper.java","146571","242518","389089"
"2018-05-09 23:57","ZooKeeper.java","35730","133364","169094"
"2019-08-03 08:42","ZooKeeper.java","146571","257895","404466"
"2016-11-13 20:59","ZooKeeper.java","33693","125357","159050"
"2013-02-03 15:52","ZooKeeper.java","28167","81406","109573"
"2012-09-28 18:32","ZooKeeper.java","27058","74856","101914"
"2017-07-28 00:36","ZooKeeper.java","35347","125857","161204"
"2017-08-18 23:35","ZooKeeper.java","35395","126390","161785"
"2017-07-04 07:56","ZooKeeper.java","35330","126450","161780"
"2009-12-11 20:38","ZooKeeper.java","1704","9685","11389"
"2009-11-12 21:02","ZooKeeper.java","175","778","953"
"2010-01-26 03:22","ZooKeeper.java","3230","15289","18519"
"2010-01-05 18:32","ZooKeeper.java","2635","11280","13915"
"2020-04-16 12:50","ZooKeeper.java","147510","271700","419210"
"2018-07-27 05:16","ZooKeeper.java","47628","147280","194908"
"2019-10-10 14:37","ZooKeeper.java","146571","260940","407511"
"2014-04-01 04:03","ZooKeeper.java","29372","96887","126259"
"2010-02-08 23:36","ZooKeeper.java","9952","21672","31624"
"2012-12-19 19:16","ZooKeeper.java","28121","80867","108988"
"2019-02-11 12:34","ZooKeeper.java","146522","235833","382355"
"2014-07-08 20:18","ZooKeeper.java","31020","103422","134442"
"2010-11-30 21:16","ZooKeeper.java","16961","89415","106376"
"2020-05-17 15:13","ZooKeeper.java","147511","272072","419583"
"2017-01-09 22:49","ZooKeeper.java","33940","127172","161112"
"2011-05-20 01:17","ZooKeeper.java","21386","54294","75680"
"2019-03-12 19:08","ZooKeeper.java","146534","237273","383807"
"2011-09-06 00:58","ZooKeeper.java","20447","64585","85032"
"2014-07-22 06:51","ZooKeeper.java","31114","107714","138828"
"2014-04-29 02:23","ZooKeeper.java","30505","99805","130310"
"2019-02-06 09:46","ZooKeeper.java","146179","234903","381082"
"2019-01-16 14:21","ZooKeeper.java","146178","233179","379357"
"2017-04-18 02:02","ZooKeeper.java","34841","126495","161336"
"2019-11-08 17:30","ZooKeeper.java","146226","262861","409087"
"2019-02-07 11:26","ZooKeeper.java","146179","235532","381711"
"2013-03-07 07:01","ZooKeeper.java","28446","86153","114599"
"2011-07-01 00:53","ZooKeeper.java","22197","59336","81533"
"2013-12-17 17:55","ZooKeeper.java","28992","93503","122495"
"2012-02-06 09:56","ZooKeeper.java","25222","68769","93991"
"2012-03-17 01:31","ZooKeeper.java","25454","70506","95960"
"2012-11-17 15:03","ZooKeeper.java","27182","77353","104535"
"2017-05-01 17:19","ZooKeeper.java","34846","126627","161473"
"2010-11-10 23:36","ZooKeeper.java","16701","89193","105894"
"2014-01-24 07:18","ZooKeeper.java","29047","95487","124534"
"2019-08-17 17:13","ZooKeeper.java","146226","257247","403473"
"2015-06-04 19:51","ZooKeeper.java","31461","116226","147687"
"2016-10-07 21:51","ZooKeeper.java","33598","123414","157012"
"2015-03-16 09:09","ZooKeeper.java","31260","112981","144241"
"2015-03-17 18:06","ZooKeeper.java","31278","113709","144987"
"2016-05-02 18:15","ZooKeeper.java","33179","120229","153408"
"2019-06-26 10:57","ZooKeeper.java","146226","245097","391323"
"2019-06-03 19:40","ZooKeeper.java","146226","242578","388804"
"2018-05-09 23:57","ZooKeeper.java","35626","133665","169291"
"2019-08-03 08:42","ZooKeeper.java","146226","257955","404181"
"2016-11-13 20:59","ZooKeeper.java","33613","125682","159295"
"2013-02-03 15:52","ZooKeeper.java","28127","81771","109898"
"2012-09-28 18:32","ZooKeeper.java","27039","75242","102281"
"2017-07-28 00:36","ZooKeeper.java","35259","126174","161433"
"2017-08-18 23:35","ZooKeeper.java","35307","126707","162014"
"2017-07-04 07:56","ZooKeeper.java","35242","126767","162009"
"2009-12-11 20:38","ZooKeeper.java","1938","10324","12262"
"2009-11-12 21:02","ZooKeeper.java","431","1439","1870"
"2010-01-26 03:22","ZooKeeper.java","3346","15810","19156"
"2010-01-05 18:32","ZooKeeper.java","2862","11912","14774"
"2009-11-07 01:48","ZooKeeper.java","298","703","1001"
"2020-04-16 12:50","ZooKeeper.java","147105","271700","418805"
"2018-07-27 05:16","ZooKeeper.java","47522","147579","195101"
"2019-10-10 14:37","ZooKeeper.java","146226","261000","407226"
"2014-04-01 04:03","ZooKeeper.java","29319","97239","126558"
"2010-02-08 23:36","ZooKeeper.java","10068","22193","32261"
"2012-12-19 19:16","ZooKeeper.java","28082","81233","109315"
"2019-02-11 12:34","ZooKeeper.java","146179","235895","382074"
"2014-07-08 20:18","ZooKeeper.java","30968","103775","134743"
"2010-11-30 21:16","ZooKeeper.java","16950","89809","106759"
"2020-05-17 15:13","ZooKeeper.java","147106","272072","419178"
"2017-01-09 22:49","ZooKeeper.java","33860","127497","161357"
"2011-05-20 01:17","ZooKeeper.java","21371","54684","76055"
"2019-03-12 19:08","ZooKeeper.java","146193","237337","383530"
"2011-09-06 00:58","ZooKeeper.java","20433","64976","85409"
"2014-07-22 06:51","ZooKeeper.java","31062","108067","139129"
"2014-04-29 02:23","ZooKeeper.java","30453","100158","130611"
"2019-10-10 14:37","IntegrityCheck.java","224315","258940","483255"
"2018-08-06 14:11","IntegrityCheck.java","23033","32416","55449"
"2019-08-17 17:13","IntegrityCheck.java","224314","255186","479500"
"2019-06-07 14:13","TruncateTest.java","187413","243089","430502"
"2015-05-14 18:40","TruncateTest.java","34349","78188","112537"
"2019-08-17 17:13","TruncateTest.java","187413","256985","444398"
"2018-05-09 23:57","TruncateTest.java","41042","98922","139964"
"2014-09-27 08:20","TruncateTest.java","33984","72808","106792"
"2019-07-12 17:01","TruncateTest.java","187413","252298","439711"
"2017-08-18 06:32","TruncateTest.java","40505","91646","132151"
"2012-07-17 23:25","TruncateTest.java","24272","31379","55651"
"2017-09-11 18:55","TruncateTest.java","40622","91941","132563"
"2014-06-30 19:11","TruncateTest.java","33235","64825","98060"
"2016-08-24 01:36","TruncateTest.java","37524","85848","123372"
"2017-05-11 16:59","TruncateTest.java","40345","91116","131461"
"2020-01-28 17:26","TruncateTest.java","188486","268456","456942"
"2017-01-07 01:09","TruncateTest.java","38138","91594","129732"
"2014-02-12 17:00","TruncateTest.java","27036","53567","80603"
"2014-01-03 01:24","TruncateTest.java","26953","51522","78475"
"2019-10-10 14:37","ClientCnxnSocketNIO.java","207493","259905","467398"
"2014-12-20 15:29","ClientCnxnSocketNIO.java","1491","8803","10294"
"2019-04-09 15:35","ClientCnxnSocketNIO.java","207405","236921","444326"
"2019-08-03 08:42","ClientCnxnSocketNIO.java","207493","256860","464353"
"2019-08-17 17:13","ClientCnxnSocketNIO.java","207493","256152","463645"
"2016-05-02 18:15","ClientCnxnSocketNIO.java","7647","21006","28653"
"2018-11-22 17:56","ClientCnxnSocketNIO.java","207383","224739","432122"
"2019-08-17 17:13","InstanceManager.java","224314","255186","479500"
"2019-12-28 16:17","SetAclCommand.java","225518","265461","490979"
"2018-10-04 15:46","SetAclCommand.java","103760","119722","223482"
"2019-01-31 15:55","SetAclCommand.java","223774","232791","456565"
"2019-08-17 17:13","SetAclCommand.java","223892","255250","479142"
"2020-03-26 18:41","ZooKeeperMain.java","218607","270325","488932"
"2016-10-16 14:21","ZooKeeperMain.java","7623","14067","21690"
"2020-04-01 17:02","ZooKeeperMain.java","218607","270649","489256"
"2019-10-10 14:37","ZooKeeperMain.java","217153","259836","476989"
"2015-11-22 00:33","ZooKeeperMain.java","2793","6164","8957"
"2020-03-26 22:19","ZooKeeperMain.java","218607","270394","489001"
"2015-11-08 22:54","ZooKeeperMain.java","2661","5739","8400"
"2016-07-27 01:33","ZooKeeperMain.java","6755","11651","18406"
"2019-11-28 12:24","ZooKeeperMain.java","218605","262441","481046"
"2016-11-13 20:59","ZooKeeperMain.java","7837","16486","24323"
"2019-08-03 08:42","ZooKeeperMain.java","217153","256791","473944"
"2017-07-28 00:36","ZooKeeperMain.java","14720","22215","36935"
"2016-05-02 18:15","ZooKeeperMain.java","6164","9794","15958"
"2019-08-17 17:13","ZooKeeperMain.java","217153","256083","473236"
"2018-08-06 14:11","ZooKeeperMain.java","36202","53643","89845"
"2015-10-18 19:00","QuorumPeer.java","31485","118527","150012"
"2018-12-20 15:13","QuorumPeer.java","145328","230769","376097"
"2019-05-16 16:25","QuorumPeer.java","145376","242046","387422"
"2018-10-16 16:22","QuorumPeer.java","117414","239011","356425"
"2019-06-14 09:06","QuorumPeer.java","145376","245245","390621"
"2010-03-16 23:25","QuorumPeer.java","11119","33738","44857"
"2018-12-07 12:41","QuorumPeer.java","145328","227783","373111"
"2012-04-23 01:20","QuorumPeer.java","26840","73559","100399"
"2012-07-17 23:19","QuorumPeer.java","26907","74398","101305"
"2019-03-11 19:47","QuorumPeer.java","145343","237212","382555"
"2012-02-27 03:41","QuorumPeer.java","25394","70028","95422"
"2014-07-18 02:19","QuorumPeer.java","30952","108260","139212"
"2019-02-13 13:12","QuorumPeer.java","145338","236155","381493"
"2011-04-29 18:12","QuorumPeer.java","21361","55040","76401"
"2019-04-12 19:01","QuorumPeer.java","145376","239054","384430"
"2018-12-09 03:16","QuorumPeer.java","145328","229857","375185"
"2018-09-11 15:23","QuorumPeer.java","88685","192611","281296"
"2019-11-29 14:49","QuorumPeer.java","146255","264683","410938"
"2013-03-07 07:01","QuorumPeer.java","28370","86927","115297"
"2018-12-15 07:34","QuorumPeer.java","145328","229772","375100"
"2018-11-27 10:02","QuorumPeer.java","145328","227533","372861"
"2018-09-18 01:00","QuorumPeer.java","88731","193912","282643"
"2009-11-18 18:47","QuorumPeer.java","1238","7777","9015"
"2012-02-06 09:40","QuorumPeer.java","25118","69511","94629"
"2019-06-03 19:40","QuorumPeer.java","145376","242578","387954"
"2019-07-15 14:15","QuorumPeer.java","145376","252666","398042"
"2015-03-17 18:06","QuorumPeer.java","31198","114479","145677"
"2019-07-03 00:44","QuorumPeer.java","145376","245260","390636"
"2019-08-17 17:13","QuorumPeer.java","145376","257247","402623"
"2015-06-27 02:03","QuorumPeer.java","31399","117369","148768"
"2009-11-18 20:06","QuorumPeer.java","1430","10303","11733"
"2017-11-28 00:10","QuorumPeer.java","35366","131551","166917"
"2014-01-21 04:50","QuorumPeer.java","28957","94664","123621"
"2014-06-04 22:07","QuorumPeer.java","30533","102041","132574"
"2018-01-30 08:02","QuorumPeer.java","35399","131737","167136"
"2019-05-15 11:56","QuorumPeer.java","145376","242001","387377"
"2019-06-05 00:33","QuorumPeer.java","145376","242968","388344"
"2019-05-20 23:13","QuorumPeer.java","145376","242119","387495"
"2019-06-04 10:55","QuorumPeer.java","145376","242731","388107"
"2019-07-12 17:01","QuorumPeer.java","145376","252560","397936"
"2020-01-09 11:27","QuorumPeer.java","146255","266229","412484"
"2017-02-09 11:40","QuorumPeer.java","33829","128790","162619"
"2011-06-14 07:14","QuorumPeer.java","21464","56758","78222"
"2017-07-06 18:48","QuorumPeer.java","35152","127799","162951"
"2018-10-01 06:11","QuorumPeer.java","88828","196588","285416"
"2015-04-09 20:16","QuorumPeer.java","31201","115545","146746"
"2013-10-07 21:08","QuorumPeer.java","28712","90085","118797"
"2013-09-30 22:20","QuorumPeer.java","28580","89522","118102"
"2018-07-04 17:11","QuorumPeer.java","42705","142604","185309"
"2019-12-17 13:48","QuorumPeer.java","146255","265255","411510"
"2015-12-07 05:59","QuorumPeer.java","31563","119363","150926"
"2020-01-23 13:43","QuorumPeer.java","146255","268053","414308"
"2016-06-23 23:45","QuorumPeer.java","33094","121964","155058"
"2011-05-03 19:57","QuorumPeer.java","21362","55045","76407"
"2016-06-23 23:25","QuorumPeer.java","33094","121856","154950"
"2010-03-09 05:44","QuorumPeer.java","10934","32778","43712"
"2010-03-12 19:26","QuorumPeer.java","11045","33619","44664"
"2014-03-23 04:12","QuorumPeer.java","29111","97038","126149"
"2013-09-26 00:13","QuorumPeer.java","28571","89269","117840"
"2011-06-17 01:34","QuorumPeer.java","21518","56883","78401"
"2011-06-14 14:11","QuorumPeer.java","21462","56783","78245"
"2010-03-10 02:27","QuorumPeer.java","10941","32999","43940"
"2010-03-10 19:52","QuorumPeer.java","10950","33094","44044"
"2014-07-18 20:48","QuorumPeer.java","30961","108728","139689"
"2014-07-04 04:19","QuorumPeer.java","30540","103691","134231"
"2018-12-06 10:56","QuorumPeer.java","145328","227727","373055"
"2014-06-25 15:04","QuorumPeer.java","30534","102539","133073"
"2014-03-28 01:58","QuorumPeer.java","29115","97460","126575"
"2009-11-20 23:28","QuorumPeer.java","1980","11132","13112"
"2009-12-18 03:19","QuorumPeer.java","2930","12655","15585"
"2009-12-15 23:23","QuorumPeer.java","2294","11745","14039"
"2013-10-21 23:36","QuorumPeer.java","28862","92977","121839"
"2019-10-10 14:37","QuorumPeer.java","145376","261000","406376"
"2013-11-07 06:41","QuorumPeer.java","28889","93435","122324"
"2017-07-27 23:09","QuorumPeer.java","35160","126821","161981"
"2014-05-18 05:49","QuorumPeer.java","30518","101537","132055"
"2011-10-25 08:09","QuorumPeer.java","24796","66685","91481"
"2014-03-25 22:13","QuorumPeer.java","29112","97275","126387"
"2011-04-12 09:14","QuorumPeer.java","21320","54664","75984"
"2011-11-01 08:15","QuorumPeer.java","24890","66968","91858"
"2011-03-16 19:49","QuorumPeer.java","17169","91986","109155"
"2018-06-26 11:18","QuorumPeer.java","35562","135443","171005"
"2018-07-27 12:32","QuorumPeer.java","47454","148553","196007"
"2019-04-18 19:17","QuorumPeer.java","145376","239764","385140"
"2011-10-27 23:25","QuorumPeer.java","24838","66887","91725"
"2011-08-30 08:37","QuorumPeer.java","20309","65084","85393"
"2011-08-30 08:29","QuorumPeer.java","20303","65066","85369"
"2010-08-18 08:24","QuorumPeer.java","16245","58544","74789"
"2013-10-09 22:21","QuorumPeer.java","28863","92615","121478"
"2016-12-20 14:47","QuorumPeer.java","33769","127595","161364"
"2011-05-20 01:17","QuorumPeer.java","21381","55544","76925"
"2010-05-05 22:32","QuorumPeer.java","15109","37713","52822"
"2017-05-11 16:59","QuorumPeer.java","35107","126887","161994"
"2014-07-03 06:01","QuorumPeer.java","30540","103269","133809"
"2014-08-14 08:08","QuorumPeer.java","31028","109656","140684"
"2014-08-01 07:38","QuorumPeer.java","31028","109235","140263"
"2014-07-20 04:50","QuorumPeer.java","30980","108809","139789"
"2016-06-02 00:59","QuorumPeer.java","33094","121487","154581"
"2020-02-16 10:25","QuorumPeer.java","146255","268766","415021"
"2014-06-25 15:04","FastLeaderElection.java","18337","167424","185761"
"2018-12-06 10:56","FastLeaderElection.java","57795","228354","286149"
"2014-07-08 05:25","FastLeaderElection.java","18435","169158","187593"
"2014-07-18 20:48","FastLeaderElection.java","18437","173286","191723"
"2010-03-13 01:06","FastLeaderElection.java","11412","122157","133569"
"2014-03-23 04:12","FastLeaderElection.java","17077","162086","179163"
"2019-10-10 14:37","FastLeaderElection.java","57811","261595","319406"
"2013-10-21 23:36","FastLeaderElection.java","16996","158193","175189"
"2009-08-04 19:59","FastLeaderElection.java","9502","94638","104140"
"2009-08-11 23:09","FastLeaderElection.java","9527","95769","105296"
"2009-12-15 23:23","FastLeaderElection.java","10949","108560","119509"
"2019-09-30 23:22","FastLeaderElection.java","57811","261222","319033"
"2011-04-12 09:14","FastLeaderElection.java","12751","134255","147006"
"2014-07-20 04:50","FastLeaderElection.java","18444","173355","191799"
"2009-04-24 20:26","FastLeaderElection.java","8749","65067","73816"
"2010-07-05 21:50","FastLeaderElection.java","11894","133740","145634"
"2020-04-07 09:07","FastLeaderElection.java","58132","271537","329669"
"2012-03-20 01:33","FastLeaderElection.java","16037","138963","155000"
"2008-10-08 20:00","FastLeaderElection.java","2672","18706","21378"
"2008-10-01 10:40","FastLeaderElection.java","2496","17400","19896"
"2008-12-12 21:21","FastLeaderElection.java","3743","36706","40449"
"2019-01-18 03:42","FastLeaderElection.java","57795","233851","291646"
"2012-02-06 09:40","FastLeaderElection.java","15886","137361","153247"
"2017-09-11 18:55","FastLeaderElection.java","19047","188457","207504"
"2013-03-07 07:01","FastLeaderElection.java","16908","152547","169455"
"2018-08-29 06:26","FastLeaderElection.java","40307","220000","260307"
"2011-04-29 18:12","FastLeaderElection.java","12778","134617","147395"
"2015-02-06 06:17","FastLeaderElection.java","18524","177665","196189"
"2018-04-30 06:34","FastLeaderElection.java","19065","194457","213522"
"2009-06-30 22:47","FastLeaderElection.java","9449","93847","103296"
"2019-08-17 17:13","FastLeaderElection.java","57811","257842","315653"
"2019-08-02 20:08","FastLeaderElection.java","57811","258623","316434"
"2012-08-03 00:17","FastLeaderElection.java","16080","141494","157574"
"2017-01-13 19:29","FastLeaderElection.java","18860","190610","209470"
"2009-04-17 00:59","FastLeaderElection.java","8673","56389","65062"
"2011-06-14 07:14","FastLeaderElection.java","12790","136244","149034"
"2019-08-03 08:42","FastLeaderElection.java","57811","258550","316361"
"2019-11-08 17:30","Request.java","3137","5888","9025"
"2020-03-25 03:38","Request.java","11420","21342","32762"
"2019-12-27 22:33","Request.java","9253","15068","24321"
"2019-11-11 13:59","Request.java","3165","7712","10877"
"2020-05-05 21:20","Request.java","15090","26043","41133"
"2019-11-08 17:30","Request.java","3638","6233","9871"
"2020-03-25 03:38","Request.java","11920","21686","33606"
"2019-09-20 10:06","Request.java","501","345","846"
"2019-12-27 22:33","Request.java","9754","15413","25167"
"2019-11-11 13:59","Request.java","3666","8057","11723"
"2020-05-05 21:20","Request.java","15587","26384","41971"
"2019-10-10 14:37","ACLTest.java","90102","261459","351561"
"2013-12-21 22:05","ACLTest.java","15370","133476","148846"
"2010-08-18 08:24","ACLTest.java","10069","108101","118170"
"2010-03-31 06:26","ACLTest.java","9525","88090","97615"
"2011-04-12 09:14","ACLTest.java","10971","100048","111019"
"2016-08-24 01:36","ACLTest.java","18985","160969","179954"
"2017-09-11 18:55","ACLTest.java","20001","164980","184981"
"2016-11-13 20:59","ACLTest.java","19019","164589","183608"
"2019-05-06 18:32","ACLTest.java","90103","242061","332164"
"2017-08-18 23:35","ACLTest.java","19969","164870","184839"
"2009-07-17 00:09","ACLTest.java","5669","57857","63526"
"2009-06-25 22:41","ACLTest.java","5475","56535","62010"
"2009-06-18 18:37","ACLTest.java","4871","48968","53839"
"2019-08-17 17:13","ACLTest.java","90102","257706","347808"
"2014-04-25 23:40","ACLTest.java","16747","139301","156048"
"2019-08-17 17:13","KeeperException.java","231870","254163","486033"
"2019-07-24 18:00","KeeperException.java","231870","250618","482488"
"2020-03-25 03:38","KeeperException.java","233810","268888","502698"
"2017-11-16 00:21","ZNodeNameTest.java","12928","19598","32526"
"2020-01-21 18:14","ZNodeNameTest.java","220461","265637","486098"
"2019-08-27 09:23","ZNodeNameTest.java","218914","256559","475473"
"2016-05-02 18:15","SaslAuthDesignatedClientTest.java","16457","43499","59956"
"2019-08-17 17:13","SaslAuthDesignatedClientTest.java","194027","256369","450396"
"2019-11-28 12:24","DataTree.java","227167","261786","488953"
"2019-10-10 14:37","DataTree.java","225563","259029","484592"
"2019-12-27 22:33","DataTree.java","227168","265559","492727"
"2019-11-11 13:59","DataTree.java","225611","262734","488345"
"2018-07-10 13:29","DataTree.java","19155","25597","44752"
"2018-09-28 23:38","DataTree.java","108259","122527","230786"
"2019-11-08 17:30","DataTree.java","225611","260938","486549"
"2019-01-30 16:28","DataTree.java","225445","232269","457714"
"2019-01-30 17:02","DataTree.java","225445","232813","458258"
"2017-09-11 18:55","DataTree.java","7341","6182","13523"
"2017-02-05 07:22","DataTree.java","648","2087","2735"
"2019-02-07 11:26","DataTree.java","225446","233491","458937"
"2018-09-04 11:54","DataTree.java","107415","116599","224014"
"2018-09-05 22:35","DataTree.java","107434","116874","224308"
"2018-12-20 15:17","DataTree.java","225444","228757","454201"
"2019-09-10 09:53","DataTree.java","225563","256325","481888"
"2019-04-12 19:01","DataTree.java","225544","237064","462608"
"2019-07-31 19:06","DataTree.java","225563","254583","480146"
"2019-09-11 10:27","DataTree.java","225563","256632","482195"
"2019-08-01 07:31","DataTree.java","225563","255947","481510"
"2019-08-17 17:13","DataTree.java","225563","255276","480839"
"2019-09-10 15:21","DataTree.java","225563","256319","481882"
"2017-06-18 19:23","DataTree.java","5411","3938","9349"
"2019-04-12 12:29","DataTree.java","225544","236633","462177"
"2019-08-03 08:42","DataTree.java","225563","255984","481547"
"2019-08-09 16:15","DataTree.java","225563","256732","482295"
"2019-04-29 16:49","DataTree.java","225544","239094","464638"
"2019-07-12 17:01","FLEBackwardElectionRoundTest.java","228064","250392","478456"
"2019-08-17 17:13","FLEBackwardElectionRoundTest.java","228064","255079","483143"
"2019-06-03 19:40","FLEBackwardElectionRoundTest.java","228063","240409","468472"
"2019-12-28 16:17","GetAllChildrenNumberTest.java","38094","68347","106441"
"2019-08-17 17:13","GetAllChildrenNumberTest.java","30201","51869","82070"
"2012-08-28 21:51","ClientBase.java","28378","78579","106957"
"2017-06-08 17:51","ClientBase.java","36227","129733","165960"
"2012-07-17 23:19","ClientBase.java","28308","77435","105743"
"2017-04-18 01:37","ClientBase.java","35869","130007","165876"
"2010-03-16 22:23","ClientBase.java","13019","37265","50284"
"2018-09-07 02:49","ClientBase.java","88776","193352","282128"
"2019-07-31 19:06","ClientBase.java","143983","256797","400780"
"2012-02-06 09:47","ClientBase.java","26639","72645","99284"
"2015-02-06 06:17","ClientBase.java","32375","116070","148445"
"2017-09-11 18:55","ClientBase.java","36398","130362","166760"
"2019-08-17 17:13","ClientBase.java","143983","257490","401473"
"2015-03-28 20:08","ClientBase.java","32416","118322","150738"
"2019-06-07 14:13","ClientBase.java","143983","243594","387577"
"2018-04-24 00:20","ClientBase.java","36554","136294","172848"
"2018-08-08 06:21","ClientBase.java","70134","173845","243979"
"2018-05-09 23:57","ClientBase.java","36603","137128","173731"
"2019-06-24 11:05","ClientBase.java","143983","244823","388806"
"2012-12-11 08:42","ClientBase.java","28963","82497","111460"
"2017-01-13 19:29","ClientBase.java","34946","131250","166196"
"2010-01-25 04:28","ClientBase.java","5250","19652","24902"
"2010-03-09 05:44","ClientBase.java","12845","36325","49170"
"2016-06-23 23:25","ClientBase.java","34266","124664","158930"
"2014-01-03 01:40","ClientBase.java","30161","97392","127553"
"2014-01-25 01:17","ClientBase.java","30206","99243","129449"
"2009-11-20 23:28","ClientBase.java","3966","14754","18720"
"2009-11-25 20:06","ClientBase.java","3970","14791","18761"
"2009-11-12 20:53","ClientBase.java","2529","6007","8536"
"2009-09-16 02:09","ClientBase.java","517","1023","1540"
"2019-11-14 16:44","ClientBase.java","143983","265517","409500"
"2019-10-10 14:37","ClientBase.java","143983","261243","405226"
"2012-03-15 17:47","ClientBase.java","26861","74110","100971"
"2010-09-15 07:51","ClientBase.java","17912","90017","107929"
"2012-01-14 00:28","ClientBase.java","26545","72035","98580"
"2011-04-12 09:14","ClientBase.java","22887","57867","80754"
"2011-11-05 07:29","ClientBase.java","26358","70428","96786"
"2016-08-24 01:36","ClientBase.java","34645","125614","160259"
"2011-09-17 02:13","ClientBase.java","24530","69618","94148"
"2010-07-05 20:20","ClientBase.java","16943","52258","69201"
"2010-03-31 06:26","ClientBase.java","14512","38980","53492"
"2010-08-18 08:24","ClientBase.java","17905","61840","79745"
"2015-03-08 23:07","ClientBase.java","32401","116270","148671"
"2015-07-07 07:11","RootTest.java","22280","76443","98723"
"2019-12-27 22:33","FuzzySnapshotRelatedTest.java","10004","18682","28686"
"2019-10-10 14:37","FuzzySnapshotRelatedTest.java","3717","7470","11187"
"2019-09-11 10:27","FuzzySnapshotRelatedTest.java","1737","3093","4830"
"2019-08-17 17:13","SimpleSysTest.java","218914","255966","474880"
"2014-05-20 17:10","Environment.java","11724","34191","45915"
"2017-09-11 18:55","Environment.java","24021","67784","91805"
"2012-09-03 07:56","Environment.java","5","55","60"
"2019-08-17 17:13","Environment.java","181829","256464","438293"
"2019-10-10 14:37","FLERestartTest.java","28300","36740","65040"
"2019-08-17 17:13","FLERestartTest.java","25849","30536","56385"
"2019-08-17 17:13","FourLetterWordsQuorumTest.java","178795","256987","435782"
"2015-03-28 20:08","FourLetterWordsQuorumTest.java","33865","85746","119611"
"2015-07-10 08:19","FourLetterWordsQuorumTest.java","34454","88360","122814"
"2014-01-25 01:17","FourLetterWordsQuorumTest.java","26740","61752","88492"
"2019-10-10 14:37","FourLetterWordsQuorumTest.java","178795","260740","439535"
"2019-12-03 10:01","CommandsTest.java","159392","184014","343406"
"2019-01-07 14:39","CommandsTest.java","153914","146772","300686"
"2019-04-12 19:01","CommandsTest.java","154260","154086","308346"
"2019-11-29 14:49","CommandsTest.java","159392","183968","343360"
"2019-08-17 17:13","CommandsTest.java","156211","174230","330441"
"2019-06-03 19:40","CommandsTest.java","154307","157657","311964"
"2019-06-29 00:33","CommandsTest.java","155540","161546","317086"
"2019-11-23 17:08","CommandsTest.java","159392","182112","341504"
"2019-06-04 10:55","CommandsTest.java","154307","157810","312117"
"2019-05-27 10:54","CommandsTest.java","154287","157626","311913"
"2013-03-07 07:01","QuorumVerifier.java","3398","15236","18634"
"2019-08-17 17:13","QuorumVerifier.java","179987","256468","436455"
"2019-08-17 17:13","LearnerSyncThrottlerTest.java","25290","28807","54097"
"2019-12-03 19:35","ContainerManager.java","232473","263399","495872"
"2019-08-17 17:13","ContainerManager.java","230611","254922","485533"
"2019-06-03 19:40","ContainerManager.java","230610","240252","470862"
"2019-12-27 22:33","FileTxnSnapLog.java","37966","61977","99943"
"2019-10-10 14:37","FileTxnSnapLog.java","32058","51144","83202"
"2019-12-13 08:51","FileTxnSnapLog.java","37841","59889","97730"
"2020-01-23 16:46","FileTxnSnapLog.java","39307","64567","103874"
"2020-01-28 17:26","FileTxnSnapLog.java","39383","65114","104497"
"2019-09-02 08:23","FileTxnSnapLog.java","30798","46788","77586"
"2019-07-31 19:06","FileTxnSnapLog.java","6907","21547","28454"
"2020-01-30 09:43","FileTxnSnapLog.java","39407","65214","104621"
"2019-05-21 23:34","FileTxnSnapLog.java","169","490","659"
"2019-05-27 10:54","FileTxnSnapLog.java","185","838","1023"
"2019-08-17 17:13","FileTxnSnapLog.java","29675","45008","74683"
"2019-10-10 14:37","SaslServerCallbackHandler.java","3717","7470","11187"
"2019-07-02 07:34","Follower.java","218426","243920","462346"
"2018-12-09 03:16","Follower.java","218314","228523","446837"
"2019-04-12 19:01","Follower.java","218409","237767","456176"
"2018-09-18 01:00","Follower.java","111767","131299","243066"
"2019-08-17 17:13","Follower.java","218427","255978","474405"
"2019-06-29 00:33","Follower.java","218426","243964","462390"
"2019-08-06 17:11","Follower.java","218427","257079","475506"
"2019-07-15 14:15","Follower.java","218427","251397","469824"
"2019-08-23 19:43","Follower.java","218427","256644","475071"
"2017-11-28 00:10","Follower.java","14415","24951","39366"
"2019-06-05 00:33","Follower.java","218426","241698","460124"
"2019-05-03 00:44","Follower.java","218409","239957","458366"
"2019-12-27 22:33","Follower.java","219972","266201","486173"
"2016-08-13 15:01","Follower.java","5828","9744","15572"
"2019-10-10 14:37","Follower.java","218427","259731","478158"
"2016-12-20 14:47","Follower.java","7536","15713","23249"
"2020-02-16 10:25","QuorumAuthUpgradeTest.java","11925","22565","34490"
"2019-10-10 14:37","QuorumAuthUpgradeTest.java","3717","7470","11187"
"2018-08-06 14:11","SledgeHammer.java","52762","142005","194767"
"2019-08-17 17:13","SledgeHammer.java","157930","257033","414963"
"2011-09-17 02:13","SledgeHammer.java","22551","53535","76086"
"2016-08-24 01:36","SledgeHammer.java","33753","110618","144371"
"2019-11-21 05:58","NIOServerCnxn.java","225855","260045","485900"
"2019-11-18 09:05","NIOServerCnxn.java","225855","260022","485877"
"2019-09-16 23:26","NIOServerCnxn.java","224242","258284","482526"
"2019-10-10 14:37","NIOServerCnxn.java","224242","259018","483260"
"2018-09-28 23:38","NIOServerCnxn.java","104713","120291","225004"
"2020-02-11 06:50","NIOServerCnxn.java","225857","267399","493256"
"2019-01-23 14:00","NIOServerCnxn.java","224124","231874","455998"
"2019-07-08 23:26","NIOServerCnxn.java","224241","244040","468281"
"2019-04-12 19:01","NIOServerCnxn.java","224223","237053","461276"
"2019-01-14 19:38","NIOServerCnxn.java","224123","230438","454561"
"2018-11-17 18:33","NIOServerCnxn.java","224121","223219","447340"
"2018-09-18 01:00","NIOServerCnxn.java","104031","117035","221066"
"2019-08-17 17:13","NIOServerCnxn.java","224242","255265","479507"
"2019-07-03 00:44","NIOServerCnxn.java","224241","243277","467518"
"2019-08-03 08:42","NIOServerCnxn.java","224242","255973","480215"
"2019-11-28 12:24","DataTree.java","225977","261755","487732"
"2019-10-10 14:37","DataTree.java","224315","258940","483255"
"2019-12-27 22:33","DataTree.java","225978","265528","491506"
"2019-11-11 13:59","DataTree.java","224363","262645","487008"
"2018-07-10 13:29","DataTree.java","12276","19877","32153"
"2018-09-28 23:38","DataTree.java","102374","117801","220175"
"2019-11-08 17:30","DataTree.java","224363","260849","485212"
"2019-01-30 16:28","DataTree.java","224176","232159","456335"
"2019-01-30 17:02","DataTree.java","224176","232703","456879"
"2019-02-07 11:26","DataTree.java","224177","233381","457558"
"2018-09-04 11:54","DataTree.java","101502","111845","213347"
"2018-09-05 22:35","DataTree.java","101522","112121","213643"
"2018-12-20 15:17","DataTree.java","224174","228646","452820"
"2019-09-10 09:53","DataTree.java","224315","256236","480551"
"2019-04-12 19:01","DataTree.java","224278","236957","461235"
"2019-07-31 19:06","DataTree.java","224314","254493","478807"
"2019-09-11 10:27","DataTree.java","224315","256543","480858"
"2019-08-01 07:31","DataTree.java","224314","255857","480171"
"2019-08-17 17:13","DataTree.java","224314","255186","479500"
"2019-09-10 15:21","DataTree.java","224315","256230","480545"
"2019-04-12 12:29","DataTree.java","224278","236526","460804"
"2019-08-03 08:42","DataTree.java","224314","255894","480208"
"2019-08-09 16:15","DataTree.java","224314","256642","480956"
"2019-04-29 16:49","DataTree.java","224295","239004","463299"
"2020-03-26 18:41","ZooKeeperMain.java","12187","24975","37162"
"2020-04-01 17:02","ZooKeeperMain.java","12424","25536","37960"
"2019-10-10 14:37","ZooKeeperMain.java","3717","7470","11187"
"2020-03-26 22:19","ZooKeeperMain.java","12226","25083","37309"
"2019-11-28 12:24","ZooKeeperMain.java","9316","14222","23538"
"2012-08-28 21:51","ClientBase.java","28000","77695","105695"
"2017-06-08 17:51","ClientBase.java","35938","128938","164876"
"2012-07-17 23:19","ClientBase.java","27930","76551","104481"
"2017-04-18 01:37","ClientBase.java","35579","129211","164790"
"2010-03-16 22:23","ClientBase.java","12536","36276","48812"
"2018-09-07 02:49","ClientBase.java","88763","192833","281596"
"2019-07-31 19:06","ClientBase.java","144483","256791","401274"
"2012-02-06 09:47","ClientBase.java","26261","71761","98022"
"2015-02-06 06:17","ClientBase.java","32047","115236","147283"
"2017-09-11 18:55","ClientBase.java","36110","129568","165678"
"2019-08-17 17:13","ClientBase.java","144483","257484","401967"
"2015-03-28 20:08","ClientBase.java","32088","117488","149576"
"2019-06-07 14:13","ClientBase.java","144483","243588","388071"
"2018-04-24 00:20","ClientBase.java","36266","135500","171766"
"2018-08-08 06:21","ClientBase.java","69865","173070","242935"
"2018-05-09 23:57","ClientBase.java","36333","136352","172685"
"2019-06-24 11:05","ClientBase.java","144483","244817","389300"
"2012-12-11 08:42","ClientBase.java","28618","81646","110264"
"2017-01-13 19:29","ClientBase.java","34651","130449","165100"
"2010-01-25 04:28","ClientBase.java","4759","18655","23414"
"2010-03-09 05:44","ClientBase.java","12361","35335","47696"
"2016-06-23 23:25","ClientBase.java","33969","123861","157830"
"2014-01-03 01:40","ClientBase.java","29828","96553","126381"
"2014-01-25 01:17","ClientBase.java","29873","98404","128277"
"2009-11-20 23:28","ClientBase.java","3474","13756","17230"
"2009-11-25 20:06","ClientBase.java","3478","13793","17271"
"2009-11-12 20:53","ClientBase.java","2030","5002","7032"
"2019-11-14 16:44","ClientBase.java","144483","265511","409994"
"2019-10-10 14:37","ClientBase.java","144483","261237","405720"
"2012-03-15 17:47","ClientBase.java","26483","73226","99709"
"2010-09-15 07:51","ClientBase.java","17505","89104","106609"
"2012-01-14 00:28","ClientBase.java","26165","71149","97314"
"2011-04-12 09:14","ClientBase.java","22489","56963","79452"
"2011-11-05 07:29","ClientBase.java","25978","69542","95520"
"2016-08-24 01:36","ClientBase.java","34349","124812","159161"
"2011-09-17 02:13","ClientBase.java","24150","68732","92882"
"2010-07-05 20:20","ClientBase.java","16504","51313","67817"
"2010-03-31 06:26","ClientBase.java","14071","38033","52104"
"2010-08-18 08:24","ClientBase.java","17497","60926","78423"
"2015-03-08 23:07","ClientBase.java","32073","115436","147509"
"2019-07-29 17:15","RecordWriter.java","179411","254361","433772"
"2013-12-21 22:05","RepeatStartupTest.java","22335","128332","150667"
"2010-08-18 08:24","RepeatStartupTest.java","14323","99673","113996"
"2010-03-31 06:26","RepeatStartupTest.java","13734","79617","93351"
"2011-04-12 09:14","RepeatStartupTest.java","17906","94301","112207"
"2011-10-25 08:09","RepeatStartupTest.java","20580","103011","123591"
"2009-07-17 00:09","RepeatStartupTest.java","6267","45773","52040"
"2019-08-17 17:13","RepeatStartupTest.java","102765","257687","360452"
"2020-05-17 15:13","ZooKeeper.java","4016","4387","8403"
"2019-09-30 22:26","ZKClientConfig.java","231871","257529","489400"
"2018-11-05 19:40","ZKClientConfig.java","198869","219648","418517"
"2019-08-17 17:13","ZKClientConfig.java","231870","254163","486033"
"2019-11-22 23:42","ZKClientConfig.java","233808","260598","494406"
"2019-11-04 02:01","ZKClientConfig.java","231919","258122","490041"
"2019-08-17 17:13","HostProvider.java","231525","254163","485688"
"2020-03-26 18:41","ZooKeeperMain.java","133508","270927","404435"
"2016-10-16 14:21","ZooKeeperMain.java","32033","133388","165421"
"2011-05-20 01:17","ZooKeeperMain.java","22619","69542","92161"
"2011-04-12 09:14","ZooKeeperMain.java","22572","68676","91248"
"2020-04-01 17:02","ZooKeeperMain.java","133508","271251","404759"
"2013-10-01 23:18","ZooKeeperMain.java","27643","99256","126899"
"2019-10-10 14:37","ZooKeeperMain.java","132869","261253","394122"
"2015-11-22 00:33","ZooKeeperMain.java","30142","128424","158566"
"2020-03-26 22:19","ZooKeeperMain.java","133508","270996","404504"
"2011-08-18 22:05","ZooKeeperMain.java","21219","73118","94337"
"2011-05-16 19:39","ZooKeeperMain.java","22616","69111","91727"
"2015-11-08 22:54","ZooKeeperMain.java","30107","128096","158203"
"2016-07-27 01:33","ZooKeeperMain.java","31696","131503","163199"
"2014-04-04 00:39","ZooKeeperMain.java","28066","107498","135564"
"2019-11-28 12:24","ZooKeeperMain.java","133508","263045","396553"
"2016-11-13 20:59","ZooKeeperMain.java","32048","135608","167656"
"2019-08-03 08:42","ZooKeeperMain.java","132869","258208","391077"
"2012-03-18 07:03","ZooKeeperMain.java","26269","82480","108749"
"2017-07-28 00:36","ZooKeeperMain.java","33436","135842","169278"
"2016-05-02 18:15","ZooKeeperMain.java","31655","130196","161851"
"2015-03-28 20:08","ZooKeeperMain.java","29900","124811","154711"
"2019-08-17 17:13","ZooKeeperMain.java","132869","257500","390369"
"2009-07-31 22:32","ZooKeeperMain.java","3529","12788","16317"
"2013-09-02 23:04","ZooKeeperMain.java","27526","98379","125905"
"2018-08-06 14:11","ZooKeeperMain.java","45322","157674","202996"
"2010-11-10 23:36","ZooKeeperMain.java","18597","104699","123296"
"2019-10-10 14:37","IntegrityCheck.java","232675","257917","490592"
"2019-08-17 17:13","IntegrityCheck.java","232674","254163","486837"
"2020-03-26 18:41","ZooKeeperMain.java","132426","270927","403353"
"2016-10-16 14:21","ZooKeeperMain.java","31785","134159","165944"
"2011-05-20 01:17","ZooKeeperMain.java","22734","70739","93473"
"2011-04-12 09:14","ZooKeeperMain.java","22687","69873","92560"
"2020-04-01 17:02","ZooKeeperMain.java","132426","271251","403677"
"2013-10-01 23:18","ZooKeeperMain.java","27602","100234","127836"
"2019-10-10 14:37","ZooKeeperMain.java","131787","261253","393040"
"2015-11-22 00:33","ZooKeeperMain.java","29927","129228","159155"
"2020-03-26 22:19","ZooKeeperMain.java","132426","270996","403422"
"2011-08-18 22:05","ZooKeeperMain.java","21200","74118","95318"
"2011-05-16 19:39","ZooKeeperMain.java","22731","70308","93039"
"2015-11-08 22:54","ZooKeeperMain.java","29892","128900","158792"
"2016-07-27 01:33","ZooKeeperMain.java","31457","132283","163740"
"2014-04-04 00:39","ZooKeeperMain.java","28022","108473","136495"
"2019-11-28 12:24","ZooKeeperMain.java","132426","263045","395471"
"2016-11-13 20:59","ZooKeeperMain.java","31800","136379","168179"
"2019-08-03 08:42","ZooKeeperMain.java","131787","258208","389995"
"2012-03-18 07:03","ZooKeeperMain.java","26233","83463","109696"
"2017-07-28 00:36","ZooKeeperMain.java","33183","136608","169791"
"2016-05-02 18:15","ZooKeeperMain.java","31416","130976","162392"
"2015-03-28 20:08","ZooKeeperMain.java","29726","125656","155382"
"2019-08-17 17:13","ZooKeeperMain.java","131787","257500","389287"
"2009-06-10 01:03","ZooKeeperMain.java","681","1763","2444"
"2009-07-31 22:32","ZooKeeperMain.java","3895","14236","18131"
"2013-09-02 23:04","ZooKeeperMain.java","27485","99357","126842"
"2018-08-06 14:11","ZooKeeperMain.java","44909","158280","203189"
"2010-11-10 23:36","ZooKeeperMain.java","18703","105887","124590"
"2019-10-10 14:37","LeaderSessionTracker.java","191804","216682","408486"
"2019-08-17 17:13","LeaderSessionTracker.java","191803","212928","404731"
"2019-08-17 17:13","ZKParameterized.java","218914","255966","474880"
"2019-06-03 19:40","ZKParameterized.java","218913","241296","460209"
"2019-08-17 17:13","ACLCountTest.java","198547","256292","454839"
"2016-08-24 01:36","ACLCountTest.java","17092","40970","58062"
"2019-06-03 19:40","FollowerZooKeeperServer.java","72482","243041","315523"
"2009-05-20 20:48","FollowerZooKeeperServer.java","10618","68085","78703"
"2019-08-17 17:13","FollowerZooKeeperServer.java","72482","257710","330192"
"2009-05-20 22:16","FollowerZooKeeperServer.java","10663","68198","78861"
"2009-02-02 23:26","FollowerZooKeeperServer.java","9666","38697","48363"
"2019-05-03 00:44","FollowerZooKeeperServer.java","72482","241707","314189"
"2019-06-04 10:55","FollowerZooKeeperServer.java","72482","243194","315676"
"2008-10-03 15:06","FollowerZooKeeperServer.java","1546","1811","3357"
"2009-01-15 23:57","FollowerZooKeeperServer.java","8777","26401","35178"
"2018-08-06 14:11","FollowerZooKeeperServer.java","23957","191154","215111"
"2018-12-09 03:16","FollowerZooKeeperServer.java","72454","230340","302794"
"2018-11-21 17:56","FollowerZooKeeperServer.java","72454","225772","298226"
"2011-10-20 20:02","FollowerZooKeeperServer.java","16981","124302","141283"
"2011-04-12 09:14","FollowerZooKeeperServer.java","15332","122033","137365"
"2010-08-18 08:24","FollowerZooKeeperServer.java","14631","130287","144918"
"2019-11-28 12:24","FollowerZooKeeperServer.java","72935","263069","336004"
"2019-12-27 22:33","FollowerZooKeeperServer.java","72935","266841","339776"
"2009-10-30 17:19","FollowerZooKeeperServer.java","12624","85981","98605"
"2009-12-18 03:19","FollowerZooKeeperServer.java","13301","96383","109684"
"2019-11-21 05:58","NIOServerCnxn.java","178210","261169","439379"
"2015-11-08 22:36","NIOServerCnxn.java","23544","67414","90958"
"2019-11-18 09:05","NIOServerCnxn.java","178210","261146","439356"
"2013-09-10 00:37","NIOServerCnxn.java","13919","30849","44768"
"2019-09-16 23:26","NIOServerCnxn.java","177112","259923","437035"
"2019-10-10 14:37","NIOServerCnxn.java","177112","260657","437769"
"2013-10-05 00:57","NIOServerCnxn.java","14113","31797","45910"
"2018-09-28 23:38","NIOServerCnxn.java","113203","177550","290753"
"2020-02-11 06:50","NIOServerCnxn.java","178210","268521","446731"
"2019-01-23 14:00","NIOServerCnxn.java","177045","233564","410609"
"2019-07-08 23:26","NIOServerCnxn.java","177112","245680","422792"
"2019-04-12 19:01","NIOServerCnxn.java","177113","238712","415825"
"2019-01-14 19:38","NIOServerCnxn.java","177044","232128","409172"
"2018-11-17 18:33","NIOServerCnxn.java","177043","224910","401953"
"2017-03-04 19:22","NIOServerCnxn.java","28349","77118","105467"
"2013-12-11 19:22","NIOServerCnxn.java","14387","36125","50512"
"2012-02-11 00:34","NIOServerCnxn.java","8170","9341","17511"
"2016-12-22 23:23","NIOServerCnxn.java","26609","77368","103977"
"2018-09-18 01:00","NIOServerCnxn.java","113047","174820","287867"
"2019-08-17 17:13","NIOServerCnxn.java","177112","256904","434016"
"2015-06-28 21:09","NIOServerCnxn.java","23324","65886","89210"
"2015-03-28 20:08","NIOServerCnxn.java","22100","62962","85062"
"2019-07-03 00:44","NIOServerCnxn.java","177112","244917","422029"
"2019-08-03 08:42","NIOServerCnxn.java","177112","257612","434724"
"2016-11-16 06:21","NIOServerCnxn.java","25970","76028","101998"
"2012-12-19 19:07","NIOServerCnxn.java","12521","22233","34754"
"2015-03-08 23:07","ObserverZooKeeperServer.java","31923","105589","137512"
"2011-10-27 23:25","ObserverZooKeeperServer.java","25325","58807","84132"
"2013-11-14 05:34","ObserverZooKeeperServer.java","29581","85573","115154"
"2019-10-10 14:37","ObserverZooKeeperServer.java","154189","260940","415129"
"2009-12-18 03:19","ObserverZooKeeperServer.java","1863","2715","4578"
"2016-08-13 15:01","ObserverZooKeeperServer.java","34167","115165","149332"
"2013-09-30 22:20","ObserverZooKeeperServer.java","29273","81648","110921"
"2019-06-04 10:55","ObserverZooKeeperServer.java","154189","242671","396860"
"2019-08-17 17:13","ObserverZooKeeperServer.java","154189","257187","411376"
"2019-06-03 19:40","ObserverZooKeeperServer.java","154189","242518","396707"
"2019-02-13 13:12","ObserverZooKeeperServer.java","154149","236093","390242"
"2019-12-27 22:33","ZooKeeperServer.java","363","2438","2801"
"2020-03-25 03:38","ZooKeeperServer.java","4261","10443","14704"
"2020-04-12 11:14","ZooKeeperServer.java","4954","11889","16843"
"2019-02-06 09:46","ZooKeeper.java","231724","231720","463444"
"2019-01-16 14:21","ZooKeeper.java","231717","229990","461707"
"2019-11-08 17:30","ZooKeeper.java","231919","259826","491745"
"2019-02-07 11:26","ZooKeeper.java","231724","232349","464073"
"2019-08-17 17:13","ZooKeeper.java","231870","254163","486033"
"2019-06-26 10:57","ZooKeeper.java","231869","242012","473881"
"2019-06-03 19:40","ZooKeeper.java","231869","239493","471362"
"2019-08-03 08:42","ZooKeeper.java","231870","254871","486741"
"2020-04-16 12:50","ZooKeeper.java","233871","269738","503609"
"2019-10-10 14:37","ZooKeeper.java","231871","257917","489788"
"2019-02-11 12:34","ZooKeeper.java","231725","232713","464438"
"2020-05-17 15:13","ZooKeeper.java","233903","270141","504044"
"2019-03-12 19:08","ZooKeeper.java","231751","234167","465918"
"2019-08-17 17:13","IsroCommand.java","226243","255276","481519"
"2019-11-22 23:42","ZKClientConfig.java","5444","6031","11475"
"2017-11-15 22:33","CommitProcessor.java","15117","25688","40805"
"2019-08-17 17:13","CommitProcessor.java","215122","256089","471211"
"2019-07-30 02:31","CommitProcessor.java","215122","254010","469132"
"2016-05-15 23:31","CommitProcessor.java","6536","12587","19123"
"2019-08-03 08:42","CommitProcessor.java","215122","256797","471919"
"2019-04-09 15:35","CommitProcessor.java","215033","236857","451890"
"2019-04-25 02:11","CommitProcessor.java","215105","239792","454897"
"2019-01-07 14:24","CommitProcessor.java","215011","230808","445819"
"2020-03-25 03:38","CommitProcessor.java","216570","270322","486892"
"2019-10-10 14:37","CommitProcessor.java","215122","259842","474964"
"2019-11-11 13:55","CommitProcessor.java","215151","261826","476977"
"2019-12-27 22:33","CommitProcessor.java","216569","266214","482783"
"2015-05-14 07:10","CnxManagerTest.java","35598","98563","134161"
"2020-03-12 14:47","CnxManagerTest.java","169023","270005","439028"
"2019-08-17 17:13","CnxManagerTest.java","167976","257015","424991"
"2019-06-03 19:40","CnxManagerTest.java","167976","242346","410322"
"2017-11-28 00:10","CnxManagerTest.java","40775","115361","156136"
"2019-07-12 17:01","CnxManagerTest.java","167976","252328","420304"
"2019-05-08 21:54","CnxManagerTest.java","167977","241518","409495"
"2019-08-06 12:52","CnxManagerTest.java","167976","257988","425964"
"2019-06-14 09:06","CnxManagerTest.java","167976","245013","412989"
"2013-03-07 07:01","CnxManagerTest.java","27912","64870","92782"
"2019-11-29 14:49","CnxManagerTest.java","169023","264619","433642"
"2011-04-29 18:12","CnxManagerTest.java","17500","28347","45847"
"2015-02-06 06:17","CnxManagerTest.java","35429","95889","131318"
"2010-11-17 15:59","CnxManagerTest.java","6257","56747","63004"
"2017-09-11 18:55","CnxManagerTest.java","40664","111393","152057"
"2010-10-20 00:32","CnxManagerTest.java","5516","54892","60408"
"2011-03-16 19:49","CnxManagerTest.java","6597","58582","65179"
"2011-04-12 09:14","CnxManagerTest.java","17408","27920","45328"
"2010-10-06 19:01","CnxManagerTest.java","5060","52943","58003"
"2011-09-17 02:13","CnxManagerTest.java","20558","42411","62969"
"2011-09-14 06:32","CnxManagerTest.java","17831","41655","59486"
"2020-02-16 10:25","CnxManagerTest.java","169023","268702","437725"
"2014-06-25 15:04","CnxManagerTest.java","34667","85073","119740"
"2015-11-03 08:11","CnxManagerTest.java","35822","101303","137125"
"2019-10-10 14:37","CnxManagerTest.java","167976","260768","428744"
"2014-07-23 19:36","CnxManagerTest.java","35246","91558","126804"
"2020-01-16 21:46","AvgMinMaxCounterSet.java","11336","19301","30637"
"2019-12-27 22:33","AdHash.java","10004","18682","28686"
"2019-08-17 17:13","ConsCommand.java","218737","255967","474704"
"2016-12-22 23:23","ConsCommand.java","6524","14721","21245"
"2019-10-10 14:37","StandaloneDisabledTest.java","223776","259018","482794"
"2018-05-21 20:11","StandaloneDisabledTest.java","4862","12318","17180"
"2017-03-14 17:06","StandaloneDisabledTest.java","79","558","637"
"2019-06-03 19:40","StandaloneDisabledTest.java","223775","240595","464370"
"2019-08-17 17:13","StandaloneDisabledTest.java","223776","255265","479041"
"2018-05-10 00:14","QuorumPeerMainTest.java","384","1941","2325"
"2018-10-05 14:25","QuorumPeerMainTest.java","206973","218204","425177"
"2018-07-17 10:41","QuorumPeerMainTest.java","21796","25000","46796"
"2018-07-27 12:32","QuorumPeerMainTest.java","21932","25647","47579"
"2020-01-23 13:43","QuorumPeerMainTest.java","231032","266775","497807"
"2019-10-10 14:37","QuorumPeerMainTest.java","229260","258829","488089"
"2019-12-28 16:17","QuorumPeerMainTest.java","231031","265432","496463"
"2018-04-30 06:34","QuorumPeerMainTest.java","327","1253","1580"
"2019-07-25 21:41","QuorumPeerMainTest.java","229259","251558","480817"
"2019-08-17 17:13","QuorumPeerMainTest.java","229259","255075","484334"
"2019-07-02 07:34","QuorumPeerMainTest.java","229258","243017","472275"
"2019-05-20 17:18","QuorumPeerMainTest.java","229241","239848","469089"
"2018-10-16 16:22","QuorumPeerMainTest.java","206977","231190","438167"
"2018-08-29 06:26","QuorumPeerMainTest.java","95047","100274","195321"
"2018-08-03 18:52","QuorumPeerMainTest.java","22104","26325","48429"
"2018-09-11 15:23","QuorumPeerMainTest.java","100771","107313","208084"
"2019-09-16 23:26","ZooKeeperServerMXBean.java","231755","257867","489622"
"2019-11-14 03:54","ZooKeeperServerMXBean.java","231803","262905","494708"
"2020-03-25 03:38","ZooKeeperServerMXBean.java","233693","269571","503264"
"2019-05-22 11:39","ZooKeeperServerMXBean.java","231736","240029","471765"
"2019-07-30 02:31","ZooKeeperServerMXBean.java","231754","252768","484522"
"2019-08-17 17:13","ZooKeeperServerMXBean.java","231754","254847","486601"
"2019-01-14 19:38","ZooKeeperServerMXBean.java","231605","229990","461595"
"2019-07-08 23:26","ZooKeeperServerMXBean.java","231753","243622","475375"
"2019-01-23 14:00","ZooKeeperServerMXBean.java","231607","231427","463034"
"2019-10-10 14:37","ZooKeeperSaslClient.java","182136","260217","442353"
"2016-03-02 07:46","ZooKeeperSaslClient.java","15658","54938","70596"
"2016-03-05 01:03","ZooKeeperSaslClient.java","16815","54988","71803"
"2015-12-05 22:32","ZooKeeperSaslClient.java","15490","54272","69762"
"2020-02-04 10:39","ZooKeeperSaslClient.java","183448","268260","451708"
"2012-09-28 18:32","ZooKeeperSaslClient.java","54","235","289"
"2019-01-31 15:50","ZooKeeperSaslClient.java","182043","234038","416081"
"2019-08-03 08:42","ZooKeeperSaslClient.java","182136","257172","439308"
"2014-12-20 15:29","ZooKeeperSaslClient.java","13504","46485","59989"
"2017-11-28 00:10","ZooKeeperSaslClient.java","24386","71699","96085"
"2013-09-18 12:58","ZooKeeperSaslClient.java","3968","15654","19622"
"2013-10-11 21:18","ZooKeeperSaslClient.java","4444","19538","23982"
"2016-05-02 18:15","ZooKeeperSaslClient.java","18422","57450","75872"
"2013-09-28 01:24","ZooKeeperSaslClient.java","3993","15974","19967"
"2019-08-17 17:13","ZooKeeperSaslClient.java","182136","256464","438600"
"2019-04-12 19:01","SimpleCounter.java","1369","8337","9706"
"2019-08-17 17:13","SimpleCounter.java","29877","55038","84915"
"2010-01-21 22:44","CppGenerator.java","8213","36687","44900"
"2019-07-29 17:15","CppGenerator.java","129922","255100","385022"
"2017-09-11 18:55","CppGenerator.java","31524","137377","168901"
"2016-11-24 17:18","CppGenerator.java","30264","137276","167540"
"2020-01-30 09:43","PurgeTxnLog.java","2847","8415","11262"
"2020-05-17 15:13","RemoveWatchesTest.java","218881","271503","490384"
"2019-09-18 11:20","RemoveWatchesTest.java","217397","258986","476383"
"2015-07-07 07:11","RemoveWatchesTest.java","2419","4044","6463"
"2019-10-10 14:37","RemoveWatchesTest.java","217397","259827","477224"
"2019-06-03 19:40","RemoveWatchesTest.java","217396","241404","458800"
"2016-05-02 18:15","RemoveWatchesTest.java","6123","9500","15623"
"2019-08-17 17:13","RemoveWatchesTest.java","217397","256074","473471"
"2018-02-07 01:05","StatCommand.java","3275","8473","11748"
"2018-07-12 01:33","StatCommand.java","14340","22605","36945"
"2019-08-17 17:13","StatCommand.java","223892","255250","479142"
"2015-07-07 07:11","WatchesSummaryTest.java","3799","12639","16438"
"2018-09-28 23:38","WatchesSummaryTest.java","113030","143477","256507"
"2019-08-17 17:13","WatchesSummaryTest.java","210259","256151","466410"
"2020-01-21 18:14","ZNodeNameTest.java","10363","17894","28257"
"2019-09-18 11:20","ReconfigTest.java","2292","5204","7496"
"2019-11-29 14:49","ReconfigTest.java","9773","16330","26103"
"2011-04-12 09:14","RootTest.java","15865","10270","26135"
"2015-07-07 07:11","RootTest.java","35426","83925","119351"
"2019-11-23 17:08","NettyServerCnxn.java","253","1810","2063"
"2019-11-21 05:58","NettyServerCnxn.java","17","40","57"
"2019-10-10 14:37","ClientCnxnSocket.java","38431","73487","111918"
"2019-08-17 17:13","ClientCnxnSocket.java","36458","67761","104219"
"2019-04-09 15:35","ClientCnxnSocket.java","8931","21091","30022"
"2020-03-26 18:41","ZooKeeperMain.java","142767","270927","413694"
"2016-10-16 14:21","ZooKeeperMain.java","34263","128345","162608"
"2011-05-20 01:17","ZooKeeperMain.java","22852","60516","83368"
"2011-04-12 09:14","ZooKeeperMain.java","22799","59644","82443"
"2020-04-01 17:02","ZooKeeperMain.java","142767","271251","414018"
"2013-10-01 23:18","ZooKeeperMain.java","29718","94058","123776"
"2019-10-10 14:37","ZooKeeperMain.java","142127","261252","403379"
"2015-11-22 00:33","ZooKeeperMain.java","32317","123326","155643"
"2020-03-26 22:19","ZooKeeperMain.java","142767","270996","413763"
"2011-08-18 22:05","ZooKeeperMain.java","21701","66327","88028"
"2011-05-16 19:39","ZooKeeperMain.java","22843","60079","82922"
"2015-11-08 22:54","ZooKeeperMain.java","32282","122998","155280"
"2016-07-27 01:33","ZooKeeperMain.java","33911","126445","160356"
"2014-04-04 00:39","ZooKeeperMain.java","30182","102341","132523"
"2019-11-28 12:24","ZooKeeperMain.java","142767","263045","405812"
"2016-11-13 20:59","ZooKeeperMain.java","34278","130565","164843"
"2019-08-03 08:42","ZooKeeperMain.java","142127","258207","400334"
"2012-03-18 07:03","ZooKeeperMain.java","27926","76864","104790"
"2017-07-28 00:36","ZooKeeperMain.java","35819","130952","166771"
"2016-05-02 18:15","ZooKeeperMain.java","33868","125136","159004"
"2015-03-28 20:08","ZooKeeperMain.java","32033","119671","151704"
"2019-08-17 17:13","ZooKeeperMain.java","142127","257499","399626"
"2013-09-02 23:04","ZooKeeperMain.java","29604","93184","122788"
"2018-08-06 14:11","ZooKeeperMain.java","47911","152990","200901"
"2010-11-10 23:36","ZooKeeperMain.java","18340","95183","113523"
"2015-05-14 07:10","CnxManagerTest.java","22216","61357","83573"
"2020-03-12 14:47","CnxManagerTest.java","180194","269914","450108"
"2019-08-17 17:13","CnxManagerTest.java","178984","256761","435745"
"2019-06-03 19:40","CnxManagerTest.java","178984","242092","421076"
"2017-11-28 00:10","CnxManagerTest.java","31794","82556","114350"
"2019-07-12 17:01","CnxManagerTest.java","178984","252074","431058"
"2019-05-08 21:54","CnxManagerTest.java","178985","241264","420249"
"2019-08-06 12:52","CnxManagerTest.java","178984","257734","436718"
"2019-06-14 09:06","CnxManagerTest.java","178984","244759","423743"
"2013-03-07 07:01","CnxManagerTest.java","13529","26663","40192"
"2019-11-29 14:49","CnxManagerTest.java","180194","264528","444722"
"2015-02-06 06:17","CnxManagerTest.java","21939","58575","80514"
"2017-09-11 18:55","CnxManagerTest.java","31487","78392","109879"
"2011-09-17 02:13","CnxManagerTest.java","3178","1207","4385"
"2020-02-16 10:25","CnxManagerTest.java","180194","268611","448805"
"2014-06-25 15:04","CnxManagerTest.java","20813","47395","68208"
"2015-11-03 08:11","CnxManagerTest.java","23551","65208","88759"
"2019-10-10 14:37","CnxManagerTest.java","178984","260514","439498"
"2014-07-23 19:36","CnxManagerTest.java","21594","54082","75676"
"2019-01-23 14:00","NettyServerCnxn.java","219888","232537","452425"
"2019-02-18 17:05","NettyServerCnxn.java","219906","235087","454993"
"2019-02-12 15:25","NettyServerCnxn.java","219889","234636","454525"
"2017-08-09 20:31","NettyServerCnxn.java","12673","17313","29986"
"2017-04-10 19:19","NettyServerCnxn.java","9796","14981","24777"
"2018-09-07 02:34","NettyServerCnxn.java","110777","126435","237212"
"2019-04-12 19:01","NettyServerCnxn.java","219981","237710","457691"
"2018-11-22 17:56","NettyServerCnxn.java","219886","224505","444391"
"2018-10-24 04:03","NettyServerCnxn.java","199057","233277","432334"
"2018-11-17 18:33","NettyServerCnxn.java","219885","223882","443767"
"2019-01-14 19:38","NettyServerCnxn.java","219887","231101","450988"
"2017-03-04 19:22","NettyServerCnxn.java","9720","14619","24339"
"2018-09-18 01:00","NettyServerCnxn.java","110908","128811","239719"
"2019-08-17 17:13","NettyServerCnxn.java","219999","255921","475920"
"2019-07-03 00:44","NettyServerCnxn.java","219998","243933","463931"
"2019-11-23 17:08","NettyServerCnxn.java","221548","262171","483719"
"2019-07-23 15:55","NettyServerCnxn.java","219999","251929","471928"
"2019-05-06 18:32","NettyServerCnxn.java","219981","240257","460238"
"2019-04-22 19:15","NettyServerCnxn.java","219981","238685","458666"
"2019-08-03 08:42","NettyServerCnxn.java","219999","256629","476628"
"2016-12-21 23:32","NettyServerCnxn.java","6306","13132","19438"
"2019-11-18 09:05","NettyServerCnxn.java","221548","260614","482162"
"2019-11-21 05:58","NettyServerCnxn.java","221548","260637","482185"
"2019-09-16 23:26","NettyServerCnxn.java","219999","258940","478939"
"2019-10-10 14:37","NettyServerCnxn.java","219999","259674","479673"
"2018-09-28 23:38","NettyServerCnxn.java","111590","132067","243657"
"2017-05-27 00:52","SetQuotaCommand.java","6695","9371","16066"
"2019-01-31 15:55","SetQuotaCommand.java","221735","233428","455163"
"2019-08-17 17:13","SetQuotaCommand.java","221853","255887","477740"
"2019-12-28 16:17","SetQuotaCommand.java","223432","266051","489483"
"2019-07-17 13:42","SetQuotaCommand.java","221853","251651","473504"
"2019-08-17 17:13","EphemeralTypeTest.java","230611","254922","485533"
"2019-06-03 19:40","EphemeralTypeTest.java","230610","240252","470862"
"2018-10-18 11:18","EphemeralTypeTest.java","208265","231000","439265"
"2015-10-18 19:00","QuorumPeer.java","32328","110518","142846"
"2018-12-20 15:13","QuorumPeer.java","154418","230707","385125"
"2019-05-16 16:25","QuorumPeer.java","154468","241986","396454"
"2018-10-16 16:22","QuorumPeer.java","125785","238530","364315"
"2019-06-14 09:06","QuorumPeer.java","154468","245185","399653"
"2010-03-16 23:25","QuorumPeer.java","11055","24522","35577"
"2018-12-07 12:41","QuorumPeer.java","154418","227721","382139"
"2012-04-23 01:20","QuorumPeer.java","27484","65351","92835"
"2012-07-17 23:19","QuorumPeer.java","27551","66190","93741"
"2019-03-11 19:47","QuorumPeer.java","154431","237148","391579"
"2012-02-27 03:41","QuorumPeer.java","25998","61780","87778"
"2014-07-18 02:19","QuorumPeer.java","31754","100210","131964"
"2019-02-13 13:12","QuorumPeer.java","154428","236093","390521"
"2011-04-29 18:12","QuorumPeer.java","21700","46227","67927"
"2019-04-12 19:01","QuorumPeer.java","154468","238994","393462"
"2018-12-09 03:16","QuorumPeer.java","154418","229795","384213"
"2018-09-11 15:23","QuorumPeer.java","94621","189695","284316"
"2019-11-29 14:49","QuorumPeer.java","155407","264683","420090"
"2013-03-07 07:01","QuorumPeer.java","29115","78820","107935"
"2018-12-15 07:34","QuorumPeer.java","154418","229710","384128"
"2018-11-27 10:02","QuorumPeer.java","154418","227471","381889"
"2018-09-18 01:00","QuorumPeer.java","94673","191002","285675"
"2012-02-06 09:40","QuorumPeer.java","25705","61246","86951"
"2019-06-03 19:40","QuorumPeer.java","154468","242518","396986"
"2019-07-15 14:15","QuorumPeer.java","154468","252606","407074"
"2015-03-17 18:06","QuorumPeer.java","32019","106448","138467"
"2019-07-03 00:44","QuorumPeer.java","154468","245200","399668"
"2019-08-17 17:13","QuorumPeer.java","154468","257187","411655"
"2015-06-27 02:03","QuorumPeer.java","32217","109335","141552"
"2017-11-28 00:10","QuorumPeer.java","36376","123709","160085"
"2014-01-21 04:50","QuorumPeer.java","29722","86577","116299"
"2014-06-04 22:07","QuorumPeer.java","31304","93960","125264"
"2018-01-30 08:02","QuorumPeer.java","36409","123895","160304"
"2019-05-15 11:56","QuorumPeer.java","154468","241941","396409"
"2019-06-05 00:33","QuorumPeer.java","154468","242908","397376"
"2019-05-20 23:13","QuorumPeer.java","154468","242059","396527"
"2019-06-04 10:55","QuorumPeer.java","154468","242671","397139"
"2019-07-12 17:01","QuorumPeer.java","154468","252500","406968"
"2020-01-09 11:27","QuorumPeer.java","155407","266229","421636"
"2017-02-09 11:40","QuorumPeer.java","34735","120844","155579"
"2011-06-14 07:14","QuorumPeer.java","21821","47963","69784"
"2017-07-06 18:48","QuorumPeer.java","36124","119919","156043"
"2018-10-01 06:11","QuorumPeer.java","94771","193679","288450"
"2015-04-09 20:16","QuorumPeer.java","32026","107518","139544"
"2013-10-07 21:08","QuorumPeer.java","29477","81998","111475"
"2013-09-30 22:20","QuorumPeer.java","29345","81435","110780"
"2018-07-04 17:11","QuorumPeer.java","43878","134925","178803"
"2019-12-17 13:48","QuorumPeer.java","155407","265255","420662"
"2015-12-07 05:59","QuorumPeer.java","32410","111358","143768"
"2020-01-23 13:43","QuorumPeer.java","155407","268053","423460"
"2016-06-23 23:45","QuorumPeer.java","33979","113997","147976"
"2011-05-03 19:57","QuorumPeer.java","21702","46233","67935"
"2016-06-23 23:25","QuorumPeer.java","33979","113889","147868"
"2010-03-09 05:44","QuorumPeer.java","10823","23515","34338"
"2010-03-12 19:26","QuorumPeer.java","10953","24375","35328"
"2014-03-23 04:12","QuorumPeer.java","29884","88959","118843"
"2013-09-26 00:13","QuorumPeer.java","29329","81175","110504"
"2011-06-17 01:34","QuorumPeer.java","21879","48092","69971"
"2011-06-14 14:11","QuorumPeer.java","21822","47991","69813"
"2010-03-10 02:27","QuorumPeer.java","10831","23737","34568"
"2010-03-10 19:52","QuorumPeer.java","10841","23833","34674"
"2014-07-18 20:48","QuorumPeer.java","31763","100678","132441"
"2014-07-04 04:19","QuorumPeer.java","31313","95612","126925"
"2018-12-06 10:56","QuorumPeer.java","154418","227665","382083"
"2014-06-25 15:04","QuorumPeer.java","31305","94458","125763"
"2014-03-28 01:58","QuorumPeer.java","29887","89380","119267"
"2009-12-18 03:19","QuorumPeer.java","1335","1908","3243"
"2009-12-15 23:23","QuorumPeer.java","427","726","1153"
"2013-10-21 23:36","QuorumPeer.java","29627","84890","114517"
"2019-10-10 14:37","QuorumPeer.java","154468","260940","415408"
"2013-11-07 06:41","QuorumPeer.java","29651","85345","114996"
"2017-07-27 23:09","QuorumPeer.java","36132","118941","155073"
"2014-05-18 05:49","QuorumPeer.java","31289","93456","124745"
"2011-10-25 08:09","QuorumPeer.java","25352","58389","83741"
"2014-03-25 22:13","QuorumPeer.java","29884","89195","119079"
"2011-04-12 09:14","QuorumPeer.java","21659","45851","67510"
"2011-11-01 08:15","QuorumPeer.java","25460","58686","84146"
"2011-03-16 19:49","QuorumPeer.java","17462","83127","100589"
"2018-06-26 11:18","QuorumPeer.java","36577","127606","164183"
"2018-07-27 12:32","QuorumPeer.java","53055","145302","198357"
"2019-04-18 19:17","QuorumPeer.java","154468","239704","394172"
"2011-10-27 23:25","QuorumPeer.java","25397","58594","83991"
"2011-08-30 08:37","QuorumPeer.java","20722","56645","77367"
"2011-08-30 08:29","QuorumPeer.java","20716","56627","77343"
"2010-08-18 08:24","QuorumPeer.java","16460","49607","66067"
"2013-10-09 22:21","QuorumPeer.java","29628","84528","114156"
"2016-12-20 14:47","QuorumPeer.java","34655","119629","154284"
"2011-05-20 01:17","QuorumPeer.java","21722","46733","68455"
"2010-05-05 22:32","QuorumPeer.java","14964","28416","43380"
"2017-05-11 16:59","QuorumPeer.java","36071","118999","155070"
"2014-07-03 06:01","QuorumPeer.java","31313","95190","126503"
"2014-08-14 08:08","QuorumPeer.java","31831","101607","133438"
"2014-08-01 07:38","QuorumPeer.java","31831","101186","133017"
"2014-07-20 04:50","QuorumPeer.java","31782","100759","132541"
"2016-06-02 00:59","QuorumPeer.java","33978","113519","147497"
"2020-02-16 10:25","QuorumPeer.java","155407","268766","424173"
"2020-02-16 10:25","QuorumSSLTest.java","4029","8112","12141"
"2014-02-12 17:00","LearnerHandler.java","56349","52867","109216"
"2014-03-23 04:12","LearnerHandler.java","56488","53393","109881"
"2019-10-10 14:37","LearnerHandler.java","217495","260738","478233"
"2015-06-05 20:38","LearnerHandler.java","63780","78376","142156"
"2015-06-05 20:51","LearnerHandler.java","63780","78403","142183"
"2015-06-12 23:02","LearnerHandler.java","63793","78514","142307"
"2011-04-12 09:14","LearnerHandler.java","43436","4399","47835"
"2013-09-26 14:05","LearnerHandler.java","55838","45665","101503"
"2019-07-03 20:54","LearnerHandler.java","217495","244979","462474"
"2011-09-14 08:56","LearnerHandler.java","44986","19948","64934"
"2011-08-30 08:37","LearnerHandler.java","44835","18588","63423"
"2011-09-17 02:36","LearnerHandler.java","47907","20309","68216"
"2012-04-23 01:20","LearnerHandler.java","53508","29205","82713"
"2013-06-28 23:22","LearnerHandler.java","55810","45207","101017"
"2018-09-18 01:00","LearnerHandler.java","149077","183236","332313"
"2012-02-06 09:40","LearnerHandler.java","50765","24136","74901"
"2013-05-14 14:27","LearnerHandler.java","55622","43282","98904"
"2018-08-03 18:52","LearnerHandler.java","87366","117949","205315"
"2011-01-22 20:38","LearnerHandler.java","1220","3318","4538"
"2018-12-09 03:16","LearnerHandler.java","217429","229577","447006"
"2019-04-12 19:01","LearnerHandler.java","217496","238793","456289"
"2013-03-07 07:01","LearnerHandler.java","55593","43128","98721"
"2017-11-28 00:10","LearnerHandler.java","70179","95342","165521"
"2019-06-29 00:33","LearnerHandler.java","217495","244972","462467"
"2013-05-11 15:35","LearnerHandler.java","55599","43182","98781"
"2019-07-25 21:41","LearnerHandler.java","217495","253468","470963"
"2019-08-23 19:43","LearnerHandler.java","217495","257651","475146"
"2019-08-17 17:13","LearnerHandler.java","217495","256985","474480"
"2017-06-26 00:16","LearnerHandler.java","69853","90973","160826"
"2017-08-03 20:28","LearnerHandler.java","69878","90646","160524"
"2012-07-29 07:02","LearnerHandler.java","53550","30650","84200"
"2019-05-06 17:48","LearnerHandler.java","217496","241299","458795"
"2019-08-03 08:42","LearnerHandler.java","217495","257693","475188"
"2019-04-22 19:15","LearnerHandler.java","217496","239768","457264"
"2011-06-14 07:14","LearnerHandler.java","43938","6851","50789"
"2018-10-16 16:22","QuorumPeerConfig.java","198583","233387","431970"
"2018-12-09 03:16","QuorumPeerConfig.java","219405","228470","447875"
"2019-04-12 19:01","QuorumPeerConfig.java","219500","237714","457214"
"2018-09-11 15:23","QuorumPeerConfig.java","110842","127975","238817"
"2018-12-15 07:34","QuorumPeerConfig.java","219405","228385","447790"
"2019-02-13 13:12","QuorumPeerConfig.java","219427","234780","454207"
"2019-08-17 17:13","QuorumPeerConfig.java","219518","255925","475443"
"2017-11-28 00:10","QuorumPeerConfig.java","13454","22846","36300"
"2019-06-05 00:29","QuorumPeerConfig.java","219517","241591","461108"
"2020-01-09 11:27","QuorumPeerConfig.java","221069","265579","486648"
"2019-07-12 17:01","QuorumPeerConfig.java","219518","251238","470756"
"2016-11-13 20:59","QuorumPeerConfig.java","5636","11762","17398"
"2019-05-15 11:56","QuorumPeerConfig.java","219500","240661","460161"
"2018-10-01 06:11","QuorumPeerConfig.java","111651","132618","244269"
"2017-07-28 00:36","QuorumPeerConfig.java","12730","17702","30432"
"2017-07-06 18:48","QuorumPeerConfig.java","11191","17045","28236"
"2020-01-23 13:43","QuorumPeerConfig.java","221069","267403","488472"
"2016-06-23 19:42","QuorumPeerConfig.java","4066","5760","9826"
"2015-09-29 03:56","QuorumPeerConfig.java","50","231","281"
"2019-10-10 14:37","QuorumPeerConfig.java","219518","259678","479196"
"2018-07-27 12:32","QuorumPeerConfig.java","34174","48480","82654"
"2019-04-18 19:17","QuorumPeerConfig.java","219500","238424","457924"
"2016-11-03 16:07","QuorumPeerConfig.java","5403","9860","15263"
"2020-02-16 10:25","QuorumPeerConfig.java","221069","268116","489185"
"2020-05-14 18:18","QuorumPeerConfig.java","221101","271373","492474"
"2017-05-11 16:59","QuorumPeerConfig.java","10852","15839","26691"
"2018-10-16 16:22","QuorumPeerConfig.java","198764","233387","432151"
"2018-12-09 03:16","QuorumPeerConfig.java","219586","228470","448056"
"2019-04-12 19:01","QuorumPeerConfig.java","219681","237714","457395"
"2018-09-11 15:23","QuorumPeerConfig.java","110936","127888","238824"
"2018-12-15 07:34","QuorumPeerConfig.java","219586","228385","447971"
"2019-02-13 13:12","QuorumPeerConfig.java","219608","234780","454388"
"2019-08-17 17:13","QuorumPeerConfig.java","219699","255925","475624"
"2017-11-28 00:10","QuorumPeerConfig.java","13508","22719","36227"
"2019-06-05 00:29","QuorumPeerConfig.java","219698","241591","461289"
"2020-01-09 11:27","QuorumPeerConfig.java","221250","265579","486829"
"2019-07-12 17:01","QuorumPeerConfig.java","219699","251238","470937"
"2016-11-13 20:59","QuorumPeerConfig.java","5670","11615","17285"
"2019-05-15 11:56","QuorumPeerConfig.java","219681","240661","460342"
"2018-10-01 06:11","QuorumPeerConfig.java","111745","132531","244276"
"2017-07-28 00:36","QuorumPeerConfig.java","12784","17575","30359"
"2017-07-06 18:48","QuorumPeerConfig.java","11245","16918","28163"
"2020-01-23 13:43","QuorumPeerConfig.java","221250","267403","488653"
"2016-06-23 19:42","QuorumPeerConfig.java","4091","5604","9695"
"2019-10-10 14:37","QuorumPeerConfig.java","219699","259678","479377"
"2018-07-27 12:32","QuorumPeerConfig.java","34234","48359","82593"
"2019-04-18 19:17","QuorumPeerConfig.java","219681","238424","458105"
"2016-11-03 16:07","QuorumPeerConfig.java","5437","9713","15150"
"2020-02-16 10:25","QuorumPeerConfig.java","221250","268116","489366"
"2020-05-14 18:18","QuorumPeerConfig.java","221282","271373","492655"
"2017-05-11 16:59","QuorumPeerConfig.java","10906","15712","26618"
"2019-12-27 22:33","LeaderBeanTest.java","10004","18682","28686"
"2019-05-08 21:54","SyncCallTest.java","187198","240899","428097"
"2019-08-17 17:13","SyncCallTest.java","187214","256413","443627"
"2019-09-18 11:20","SyncCallTest.java","187214","259325","446539"
"2019-10-10 14:37","SyncCallTest.java","187214","260166","447380"
"2014-02-12 17:00","LearnerHandler.java","7566","30713","38279"
"2014-03-23 04:12","LearnerHandler.java","7744","31278","39022"
"2019-10-10 14:37","LearnerHandler.java","177843","260403","438246"
"2015-06-05 20:38","LearnerHandler.java","15865","57090","72955"
"2015-06-05 20:51","LearnerHandler.java","15865","57117","72982"
"2015-06-12 23:02","LearnerHandler.java","15880","57230","73110"
"2013-09-26 14:05","LearnerHandler.java","6793","23249","30042"
"2019-07-03 20:54","LearnerHandler.java","177843","244644","422487"
"2012-04-23 01:20","LearnerHandler.java","2995","5321","8316"
"2013-06-28 23:22","LearnerHandler.java","6709","22735","29444"
"2018-09-18 01:00","LearnerHandler.java","109323","170111","279434"
"2013-05-14 14:27","LearnerHandler.java","6337","20626","26963"
"2018-08-03 18:52","LearnerHandler.java","44313","101525","145838"
"2018-12-09 03:16","LearnerHandler.java","177764","229229","406993"
"2019-04-12 19:01","LearnerHandler.java","177843","238457","416300"
"2013-03-07 07:01","LearnerHandler.java","6291","20455","26746"
"2017-11-28 00:10","LearnerHandler.java","25581","77373","102954"
"2019-06-29 00:33","LearnerHandler.java","177843","244637","422480"
"2013-05-11 15:35","LearnerHandler.java","6302","20514","26816"
"2019-07-25 21:41","LearnerHandler.java","177843","253133","430976"
"2019-08-23 19:43","LearnerHandler.java","177843","257316","435159"
"2019-08-17 17:13","LearnerHandler.java","177843","256650","434493"
"2017-06-26 00:16","LearnerHandler.java","24596","72345","96941"
"2017-08-03 20:28","LearnerHandler.java","25064","72461","97525"
"2012-07-29 07:02","LearnerHandler.java","3111","6840","9951"
"2019-05-06 17:48","LearnerHandler.java","177843","240963","418806"
"2019-08-03 08:42","LearnerHandler.java","177843","257358","435201"
"2019-04-22 19:15","LearnerHandler.java","177843","239432","417275"
"2014-02-12 17:00","LearnerHandler.java","1883","10741","12624"
"2014-03-23 04:12","LearnerHandler.java","2091","11336","13427"
"2019-10-10 14:37","LearnerHandler.java","191888","260159","452047"
"2015-06-05 20:38","LearnerHandler.java","12623","39559","52182"
"2015-06-05 20:51","LearnerHandler.java","12623","39586","52209"
"2015-06-12 23:02","LearnerHandler.java","12638","39699","52337"
"2013-09-26 14:05","LearnerHandler.java","915","3082","3997"
"2019-07-03 20:54","LearnerHandler.java","191888","244400","436288"
"2013-06-28 23:22","LearnerHandler.java","465","2202","2667"
"2018-09-18 01:00","LearnerHandler.java","111800","158299","270099"
"2018-08-03 18:52","LearnerHandler.java","43499","86422","129921"
"2018-12-09 03:16","LearnerHandler.java","191788","228964","420752"
"2019-04-12 19:01","LearnerHandler.java","191872","238197","430069"
"2017-11-28 00:10","LearnerHandler.java","24342","61845","86187"
"2019-06-29 00:33","LearnerHandler.java","191888","244393","436281"
"2019-07-25 21:41","LearnerHandler.java","191888","252889","444777"
"2019-08-23 19:43","LearnerHandler.java","191888","257072","448960"
"2019-08-17 17:13","LearnerHandler.java","191888","256406","448294"
"2017-06-26 00:16","LearnerHandler.java","22767","56227","78994"
"2017-08-03 20:28","LearnerHandler.java","23793","56901","80694"
"2019-05-06 17:48","LearnerHandler.java","191872","240703","432575"
"2019-08-03 08:42","LearnerHandler.java","191888","257114","449002"
"2019-04-22 19:15","LearnerHandler.java","191872","239172","431044"
"2012-04-23 01:20","HierarchicalQuorumTest.java","28241","76878","105119"
"2014-06-04 22:07","HierarchicalQuorumTest.java","31702","105128","136830"
"2009-11-18 20:06","HierarchicalQuorumTest.java","3398","14189","17587"
"2019-08-17 17:13","HierarchicalQuorumTest.java","143701","257490","401191"
"2019-07-12 17:01","HierarchicalQuorumTest.java","143701","252803","396504"
"2010-03-13 01:06","HierarchicalQuorumTest.java","12991","37494","50485"
"2019-10-10 14:37","HierarchicalQuorumTest.java","143701","261243","404944"
"2009-11-07 01:48","HierarchicalQuorumTest.java","2400","5573","7973"
"2009-09-16 02:09","HierarchicalQuorumTest.java","546","1334","1880"
"2018-06-26 11:18","HierarchicalQuorumTest.java","36525","138324","174849"
"2011-04-12 09:14","HierarchicalQuorumTest.java","22839","58101","80940"
"2017-05-11 16:59","HierarchicalQuorumTest.java","36132","129830","165962"
"2010-05-05 22:32","HierarchicalQuorumTest.java","16782","41304","58086"
"2010-03-31 06:26","HierarchicalQuorumTest.java","14468","39218","53686"
"2020-03-25 03:38","ZooKeeperServerBean.java","38964","76457","115421"
"2019-11-14 03:54","ZooKeeperServerBean.java","32162","64879","97041"
"2019-09-16 23:26","ZooKeeperServerBean.java","31146","58873","90019"
"2020-04-30 18:53","ZooKeeperServerBean.java","39570","77963","117533"
"2019-01-23 14:00","ZooKeeperServerBean.java","88","1523","1611"
"2019-07-08 23:26","ZooKeeperServerBean.java","5646","19130","24776"
"2019-08-17 17:13","ZooKeeperServerBean.java","29911","54619","84530"
"2019-05-22 11:39","ZooKeeperServerBean.java","1818","11726","13544"
"2019-07-30 02:31","ZooKeeperServerBean.java","8310","30939","39249"
"2015-10-18 19:00","QuorumPeer.java","31812","109429","141241"
"2018-12-20 15:13","QuorumPeer.java","154917","230633","385550"
"2019-05-16 16:25","QuorumPeer.java","154970","241915","396885"
"2018-10-16 16:22","QuorumPeer.java","126284","238456","364740"
"2019-06-14 09:06","QuorumPeer.java","154969","245113","400082"
"2010-03-16 23:25","QuorumPeer.java","9813","22707","32520"
"2018-12-07 12:41","QuorumPeer.java","154917","227647","382564"
"2012-04-23 01:20","QuorumPeer.java","26861","64155","91016"
"2012-07-17 23:19","QuorumPeer.java","26935","65001","91936"
"2019-03-11 19:47","QuorumPeer.java","154930","237074","392004"
"2012-02-27 03:41","QuorumPeer.java","25370","60579","85949"
"2014-07-18 02:19","QuorumPeer.java","31208","99091","130299"
"2019-02-13 13:12","QuorumPeer.java","154927","236019","390946"
"2011-04-29 18:12","QuorumPeer.java","20928","44882","65810"
"2019-04-12 19:01","QuorumPeer.java","154970","238923","393893"
"2018-12-09 03:16","QuorumPeer.java","154917","229721","384638"
"2018-09-11 15:23","QuorumPeer.java","94383","188884","283267"
"2019-11-29 14:49","QuorumPeer.java","155916","264619","420535"
"2013-03-07 07:01","QuorumPeer.java","28553","77685","106238"
"2018-12-15 07:34","QuorumPeer.java","154917","229636","384553"
"2018-11-27 10:02","QuorumPeer.java","154917","227397","382314"
"2018-09-18 01:00","QuorumPeer.java","94436","190192","284628"
"2012-02-06 09:40","QuorumPeer.java","25073","60041","85114"
"2019-06-03 19:40","QuorumPeer.java","154969","242446","397415"
"2019-07-15 14:15","QuorumPeer.java","154969","252534","407503"
"2015-03-17 18:06","QuorumPeer.java","31497","105353","136850"
"2019-07-03 00:44","QuorumPeer.java","154969","245128","400097"
"2019-08-17 17:13","QuorumPeer.java","154969","257115","412084"
"2015-06-27 02:03","QuorumPeer.java","31696","108241","139937"
"2017-11-28 00:10","QuorumPeer.java","35954","122714","158668"
"2014-01-21 04:50","QuorumPeer.java","29171","85453","114624"
"2014-06-04 22:07","QuorumPeer.java","30762","92845","123607"
"2018-01-30 08:02","QuorumPeer.java","35987","122900","158887"
"2019-05-15 11:56","QuorumPeer.java","154970","241870","396840"
"2019-06-05 00:33","QuorumPeer.java","154969","242836","397805"
"2019-05-20 23:13","QuorumPeer.java","154970","241988","396958"
"2019-06-04 10:55","QuorumPeer.java","154969","242599","397568"
"2019-07-12 17:01","QuorumPeer.java","154969","252428","407397"
"2020-01-09 11:27","QuorumPeer.java","155916","266165","422081"
"2017-02-09 11:40","QuorumPeer.java","34241","119777","154018"
"2011-06-14 07:14","QuorumPeer.java","21076","46645","67721"
"2017-07-06 18:48","QuorumPeer.java","35697","118919","154616"
"2018-10-01 06:11","QuorumPeer.java","94534","192869","287403"
"2015-04-09 20:16","QuorumPeer.java","31504","106423","137927"
"2013-10-07 21:08","QuorumPeer.java","28925","80873","109798"
"2013-09-30 22:20","QuorumPeer.java","28793","80310","109103"
"2018-07-04 17:11","QuorumPeer.java","43475","133949","177424"
"2019-12-17 13:48","QuorumPeer.java","155916","265191","421107"
"2015-12-07 05:59","QuorumPeer.java","31897","110272","142169"
"2020-01-23 13:43","QuorumPeer.java","155916","267989","423905"
"2016-06-23 23:45","QuorumPeer.java","33478","112923","146401"
"2011-05-03 19:57","QuorumPeer.java","20930","44888","65818"
"2016-06-23 23:25","QuorumPeer.java","33478","112815","146293"
"2010-03-09 05:44","QuorumPeer.java","9548","21667","31215"
"2010-03-12 19:26","QuorumPeer.java","9698","22547","32245"
"2014-03-23 04:12","QuorumPeer.java","29340","87842","117182"
"2013-09-26 00:13","QuorumPeer.java","28777","80050","108827"
"2011-06-17 01:34","QuorumPeer.java","21135","46775","67910"
"2011-06-14 14:11","QuorumPeer.java","21077","46673","67750"
"2010-03-10 02:27","QuorumPeer.java","9556","21889","31445"
"2010-03-10 19:52","QuorumPeer.java","9566","21985","31551"
"2014-07-18 20:48","QuorumPeer.java","31237","99579","130816"
"2014-07-04 04:19","QuorumPeer.java","30776","94502","125278"
"2018-12-06 10:56","QuorumPeer.java","154917","227591","382508"
"2014-06-25 15:04","QuorumPeer.java","30768","93348","124116"
"2014-03-28 01:58","QuorumPeer.java","29343","88263","117606"
"2013-10-21 23:36","QuorumPeer.java","29078","83768","112846"
"2019-10-10 14:37","QuorumPeer.java","154969","260868","415837"
"2013-11-07 06:41","QuorumPeer.java","29102","84223","113325"
"2017-07-27 23:09","QuorumPeer.java","35705","117941","153646"
"2014-05-18 05:49","QuorumPeer.java","30747","92341","123088"
"2011-10-25 08:09","QuorumPeer.java","24707","57171","81878"
"2014-03-25 22:13","QuorumPeer.java","29340","88078","117418"
"2011-04-12 09:14","QuorumPeer.java","20837","44456","65293"
"2011-11-01 08:15","QuorumPeer.java","24824","57477","82301"
"2011-03-16 19:49","QuorumPeer.java","16531","81623","98154"
"2018-06-26 11:18","QuorumPeer.java","36174","126630","162804"
"2018-07-27 12:32","QuorumPeer.java","52679","144353","197032"
"2019-04-18 19:17","QuorumPeer.java","154970","239633","394603"
"2011-10-27 23:25","QuorumPeer.java","24761","57385","82146"
"2011-08-30 08:37","QuorumPeer.java","19987","55337","75324"
"2011-08-30 08:29","QuorumPeer.java","19981","55319","75300"
"2010-08-18 08:24","QuorumPeer.java","15483","48057","63540"
"2013-10-09 22:21","QuorumPeer.java","29079","83406","112485"
"2016-12-20 14:47","QuorumPeer.java","34161","118562","152723"
"2011-05-20 01:17","QuorumPeer.java","20955","45393","66348"
"2010-05-05 22:32","QuorumPeer.java","13820","26699","40519"
"2017-05-11 16:59","QuorumPeer.java","35639","117994","153633"
"2014-07-03 06:01","QuorumPeer.java","30776","94080","124856"
"2014-08-14 08:08","QuorumPeer.java","31307","100510","131817"
"2014-08-01 07:38","QuorumPeer.java","31307","100089","131396"
"2014-07-20 04:50","QuorumPeer.java","31256","99660","130916"
"2016-06-02 00:59","QuorumPeer.java","33477","112445","145922"
"2020-02-16 10:25","QuorumPeer.java","155916","268702","424618"
"2019-11-23 17:08","NettyServerCnxn.java","236","1770","2006"
"2015-10-18 19:00","QuorumPeer.java","32305","110196","142501"
"2018-12-20 15:13","QuorumPeer.java","154707","230697","385404"
"2019-05-16 16:25","QuorumPeer.java","154759","241978","396737"
"2018-10-16 16:22","QuorumPeer.java","126074","238520","364594"
"2019-06-14 09:06","QuorumPeer.java","154759","245177","399936"
"2010-03-16 23:25","QuorumPeer.java","10664","23832","34496"
"2018-12-07 12:41","QuorumPeer.java","154707","227711","382418"
"2012-04-23 01:20","QuorumPeer.java","27395","64963","92358"
"2012-07-17 23:19","QuorumPeer.java","27462","65802","93264"
"2019-03-11 19:47","QuorumPeer.java","154720","237138","391858"
"2012-02-27 03:41","QuorumPeer.java","25905","61388","87293"
"2014-07-18 02:19","QuorumPeer.java","31705","99862","131567"
"2019-02-13 13:12","QuorumPeer.java","154717","236083","390800"
"2011-04-29 18:12","QuorumPeer.java","21571","45799","67370"
"2019-04-12 19:01","QuorumPeer.java","154759","238986","393745"
"2018-12-09 03:16","QuorumPeer.java","154707","229785","384492"
"2018-09-11 15:23","QuorumPeer.java","94681","189456","284137"
"2019-11-29 14:49","QuorumPeer.java","155706","264683","420389"
"2013-03-07 07:01","QuorumPeer.java","29065","78471","107536"
"2018-12-15 07:34","QuorumPeer.java","154707","229700","384407"
"2018-11-27 10:02","QuorumPeer.java","154707","227461","382168"
"2018-09-18 01:00","QuorumPeer.java","94733","190763","285496"
"2012-02-06 09:40","QuorumPeer.java","25608","60850","86458"
"2019-06-03 19:40","QuorumPeer.java","154759","242510","397269"
"2019-07-15 14:15","QuorumPeer.java","154759","252598","407357"
"2015-03-17 18:06","QuorumPeer.java","31995","106125","138120"
"2019-07-03 00:44","QuorumPeer.java","154759","245192","399951"
"2019-08-17 17:13","QuorumPeer.java","154759","257179","411938"
"2015-06-27 02:03","QuorumPeer.java","32194","109013","141207"
"2017-11-28 00:10","QuorumPeer.java","36395","123429","159824"
"2014-01-21 04:50","QuorumPeer.java","29680","86236","115916"
"2014-06-04 22:07","QuorumPeer.java","31262","93619","124881"
"2018-01-30 08:02","QuorumPeer.java","36428","123615","160043"
"2019-05-15 11:56","QuorumPeer.java","154759","241933","396692"
"2019-06-05 00:33","QuorumPeer.java","154759","242900","397659"
"2019-05-20 23:13","QuorumPeer.java","154759","242051","396810"
"2019-06-04 10:55","QuorumPeer.java","154759","242663","397422"
"2019-07-12 17:01","QuorumPeer.java","154759","252492","407251"
"2020-01-09 11:27","QuorumPeer.java","155706","266229","421935"
"2017-02-09 11:40","QuorumPeer.java","34714","120524","155238"
"2011-06-14 07:14","QuorumPeer.java","21707","47550","69257"
"2017-07-06 18:48","QuorumPeer.java","36141","119637","155778"
"2018-10-01 06:11","QuorumPeer.java","94831","193440","288271"
"2015-04-09 20:16","QuorumPeer.java","32002","107195","139197"
"2013-10-07 21:08","QuorumPeer.java","29438","81660","111098"
"2013-09-30 22:20","QuorumPeer.java","29306","81097","110403"
"2018-07-04 17:11","QuorumPeer.java","43899","134647","178546"
"2019-12-17 13:48","QuorumPeer.java","155706","265255","420961"
"2015-12-07 05:59","QuorumPeer.java","32389","111038","143427"
"2020-01-23 13:43","QuorumPeer.java","155706","268053","423759"
"2016-06-23 23:45","QuorumPeer.java","33958","113677","147635"
"2011-05-03 19:57","QuorumPeer.java","21573","45805","67378"
"2016-06-23 23:25","QuorumPeer.java","33958","113569","147527"
"2010-03-09 05:44","QuorumPeer.java","10429","22822","33251"
"2010-03-12 19:26","QuorumPeer.java","10560","23683","34243"
"2014-03-23 04:12","QuorumPeer.java","29842","88618","118460"
"2013-09-26 00:13","QuorumPeer.java","29290","80837","110127"
"2011-06-17 01:34","QuorumPeer.java","21766","47680","69446"
"2011-06-14 14:11","QuorumPeer.java","21708","47578","69286"
"2010-03-10 02:27","QuorumPeer.java","10437","23044","33481"
"2010-03-10 19:52","QuorumPeer.java","10447","23140","33587"
"2014-07-18 20:48","QuorumPeer.java","31734","100350","132084"
"2014-07-04 04:19","QuorumPeer.java","31271","95271","126542"
"2018-12-06 10:56","QuorumPeer.java","154707","227655","382362"
"2014-06-25 15:04","QuorumPeer.java","31263","94117","125380"
"2014-03-28 01:58","QuorumPeer.java","29845","89039","118884"
"2009-12-18 03:19","QuorumPeer.java","914","1188","2102"
"2013-10-21 23:36","QuorumPeer.java","29587","84551","114138"
"2019-10-10 14:37","QuorumPeer.java","154759","260932","415691"
"2013-11-07 06:41","QuorumPeer.java","29611","85006","114617"
"2017-07-27 23:09","QuorumPeer.java","36149","118659","154808"
"2014-05-18 05:49","QuorumPeer.java","31247","93115","124362"
"2011-10-25 08:09","QuorumPeer.java","25250","57988","83238"
"2014-03-25 22:13","QuorumPeer.java","29842","88854","118696"
"2011-04-12 09:14","QuorumPeer.java","21480","45373","66853"
"2011-11-01 08:15","QuorumPeer.java","25361","58288","83649"
"2011-03-16 19:49","QuorumPeer.java","17283","82649","99932"
"2018-06-26 11:18","QuorumPeer.java","36598","127328","163926"
"2018-07-27 12:32","QuorumPeer.java","53103","145051","198154"
"2019-04-18 19:17","QuorumPeer.java","154759","239696","394455"
"2011-10-27 23:25","QuorumPeer.java","25298","58196","83494"
"2011-08-30 08:37","QuorumPeer.java","20609","56233","76842"
"2011-08-30 08:29","QuorumPeer.java","20603","56215","76818"
"2010-08-18 08:24","QuorumPeer.java","16254","49102","65356"
"2013-10-09 22:21","QuorumPeer.java","29588","84189","113777"
"2016-12-20 14:47","QuorumPeer.java","34634","119309","153943"
"2011-05-20 01:17","QuorumPeer.java","21598","46310","67908"
"2010-05-05 22:32","QuorumPeer.java","14603","27756","42359"
"2017-05-11 16:59","QuorumPeer.java","36085","118714","154799"
"2014-07-03 06:01","QuorumPeer.java","31271","94849","126120"
"2014-08-14 08:08","QuorumPeer.java","31804","101281","133085"
"2014-08-01 07:38","QuorumPeer.java","31804","100860","132664"
"2014-07-20 04:50","QuorumPeer.java","31753","100431","132184"
"2016-06-02 00:59","QuorumPeer.java","33957","113199","147156"
"2020-02-16 10:25","QuorumPeer.java","155706","268766","424472"
"2019-07-29 17:15","Utils.java","90187","255302","345489"
"2014-09-18 17:47","Utils.java","17012","149404","166416"
"2019-07-02 07:34","Follower.java","222251","243829","466080"
"2018-12-09 03:16","Follower.java","222132","228425","450557"
"2019-04-12 19:01","Follower.java","222233","237675","459908"
"2018-09-18 01:00","Follower.java","107878","123494","231372"
"2019-08-17 17:13","Follower.java","222252","255887","478139"
"2019-06-29 00:33","Follower.java","222251","243873","466124"
"2019-08-06 17:11","Follower.java","222252","256988","479240"
"2019-07-15 14:15","Follower.java","222252","251306","473558"
"2019-08-23 19:43","Follower.java","222252","256553","478805"
"2017-11-28 00:10","Follower.java","9096","15716","24812"
"2019-06-05 00:33","Follower.java","222251","241607","463858"
"2019-05-03 00:44","Follower.java","222233","239865","462098"
"2019-12-27 22:33","Follower.java","223831","266144","489975"
"2019-10-10 14:37","Follower.java","222252","259640","481892"
"2016-12-20 14:47","Follower.java","1782","6043","7825"
"2016-08-10 19:32","CliException.java","3","13","16"
"2019-08-17 17:13","CliException.java","221798","255887","477685"
"2019-07-31 19:06","Commands.java","153978","173506","327484"
"2019-11-29 14:49","Commands.java","157190","183968","341158"
"2018-11-17 18:37","Commands.java","145434","133730","279164"
"2018-09-18 01:00","Commands.java","157","2359","2516"
"2019-08-17 17:13","Commands.java","154012","174233","328245"
"2019-06-29 00:33","Commands.java","153341","161549","314890"
"2019-06-03 19:40","Commands.java","152108","157660","309768"
"2019-07-15 14:15","Commands.java","153342","168982","322324"
"2019-07-25 23:43","Commands.java","153344","170101","323445"
"2019-06-05 12:14","Commands.java","152108","158187","310295"
"2019-08-06 01:43","Commands.java","153991","175094","329085"
"2019-05-27 10:54","Commands.java","152088","157629","309717"
"2019-06-04 10:55","Commands.java","152108","157813","309921"
"2019-05-15 11:56","Commands.java","152085","157060","309145"
"2019-12-03 10:01","Commands.java","157190","184014","341204"
"2019-11-20 07:00","Commands.java","156994","180371","337365"
"2011-04-12 09:14","GenerateLoad.java","17734","95404","113138"
"2019-08-17 17:13","GenerateLoad.java","101490","257687","359177"
"2014-11-29 16:53","GenerateLoad.java","23917","147001","170918"
"2009-02-20 01:23","GenerateLoad.java","818","3037","3855"
"2014-08-14 09:32","GenerateLoad.java","23875","144338","168213"
"2018-08-06 14:11","GenerateLoad.java","33777","177305","211082"
"2015-02-06 06:17","GenerateLoad.java","23973","147849","171822"
"2020-04-12 11:14","ZooKeeperServer.java","701","1454","2155"
"2019-10-10 14:37","LoadFromLogNoServerTest.java","27447","31893","59340"
"2019-09-10 15:21","LoadFromLogNoServerTest.java","26338","28074","54412"
"2019-08-17 17:13","LoadFromLogNoServerTest.java","24762","25455","50217"
"2019-09-18 11:20","CustomHostProviderTest.java","215460","259001","474461"
"2019-08-17 17:13","CustomHostProviderTest.java","215460","256089","471549"
"2019-08-17 17:13","DummyAdminServer.java","210259","256151","466410"
"2018-09-15 00:08","ZooKeeperServer.java","103941","187103","291044"
"2019-04-12 19:01","ZooKeeperServer.java","167719","238823","406542"
"2019-07-31 19:06","ZooKeeperServer.java","167718","256322","424040"
"2019-09-11 10:27","ZooKeeperServer.java","167718","258371","426089"
"2019-01-14 19:38","ZooKeeperServer.java","167660","232249","399909"
"2019-01-07 15:34","ZooKeeperServer.java","167660","231850","399510"
"2018-11-21 17:56","ZooKeeperServer.java","167660","225047","392707"
"2012-01-31 07:45","ZooKeeperServer.java","25008","47636","72644"
"2017-04-28 07:14","ZooKeeperServer.java","40966","112210","153176"
"2011-08-19 00:05","ZooKeeperServer.java","19187","41229","60416"
"2017-02-12 00:12","ZooKeeperServer.java","40935","111280","152215"
"2014-07-18 02:19","ZooKeeperServer.java","36601","92543","129144"
"2013-12-11 19:22","ZooKeeperServer.java","29965","73745","103710"
"2019-02-13 13:12","ZooKeeperServer.java","167673","235916","403589"
"2012-02-11 00:34","ZooKeeperServer.java","25319","48532","73851"
"2016-11-24 17:18","ZooKeeperServer.java","39745","111866","151611"
"2018-07-19 05:59","ZooKeeperServer.java","58917","138146","197063"
"2018-09-18 01:00","ZooKeeperServer.java","103991","187806","291797"
"2019-03-04 08:07","ZooKeeperServer.java","167676","236496","404172"
"2019-07-08 23:26","ZooKeeperServer.java","167718","245791","413509"
"2019-01-23 14:00","ZooKeeperServer.java","167661","233685","401346"
"2019-02-13 13:19","ZooKeeperServer.java","167673","236202","403875"
"2019-05-14 17:11","ZooKeeperServer.java","167719","241683","409402"
"2013-01-25 02:17","ZooKeeperServer.java","28977","61769","90746"
"2015-07-10 08:19","ZooKeeperServer.java","37162","102091","139253"
"2019-06-04 10:55","ZooKeeperServer.java","167718","242499","410217"
"2011-06-14 07:14","ZooKeeperServer.java","19931","32651","52582"
"2019-04-09 15:35","ZooKeeperServer.java","167677","237831","405508"
"2019-08-03 08:42","ZooKeeperServer.java","167718","257723","425441"
"2019-05-15 11:56","ZooKeeperServer.java","167719","241770","409489"
"2019-05-22 11:39","ZooKeeperServer.java","167719","242216","409935"
"2019-04-22 19:15","ZooKeeperServer.java","167719","239798","407517"
"2018-02-23 23:49","ZooKeeperServer.java","42132","118150","160282"
"2016-11-16 06:21","ZooKeeperServer.java","39351","111451","150802"
"2012-12-19 19:07","ZooKeeperServer.java","28911","60665","89576"
"2017-08-18 06:32","ZooKeeperServer.java","41830","112614","154444"
"2017-06-26 00:16","ZooKeeperServer.java","41744","112520","154264"
"2019-09-10 04:26","ZooKeeperServer.java","167718","258060","425778"
"2019-08-17 17:13","ZooKeeperServer.java","167718","257015","424733"
"2019-09-05 23:12","ZooKeeperServer.java","167718","257934","425652"
"2019-09-10 15:21","ZooKeeperServer.java","167718","258058","425776"
"2019-08-01 07:31","ZooKeeperServer.java","167718","257686","425404"
"2019-08-01 07:28","ZooKeeperServer.java","167718","257196","424914"
"2019-06-03 19:40","ZooKeeperServer.java","167718","242346","410064"
"2015-03-17 18:06","ZooKeeperServer.java","36895","98810","135705"
"2019-11-23 17:08","ZooKeeperServer.java","168765","262763","431528"
"2019-10-09 16:49","ZooKeeperServer.java","167718","260601","428319"
"2019-07-03 00:44","ZooKeeperServer.java","167718","245028","412746"
"2018-01-19 01:12","ZooKeeperServer.java","42068","117044","159112"
"2019-07-24 18:00","ZooKeeperServer.java","167718","253470","421188"
"2013-05-16 18:49","ZooKeeperServer.java","29410","66752","96162"
"2018-08-08 06:21","ZooKeeperServer.java","84235","164944","249179"
"2018-05-09 23:57","ZooKeeperServer.java","42229","119752","161981"
"2019-12-27 22:33","ZooKeeperServer.java","168765","266740","435505"
"2016-08-13 15:01","ZooKeeperServer.java","39134","107333","146467"
"2018-09-11 00:17","ZooKeeperServer.java","103937","185550","289487"
"2019-11-18 09:05","ZooKeeperServer.java","168765","261206","429971"
"2019-10-10 14:37","ZooKeeperServer.java","167718","260768","428486"
"2019-09-16 23:26","ZooKeeperServer.java","167718","260034","427752"
"2013-10-08 01:35","ZooKeeperServer.java","29765","69911","99676"
"2017-06-23 18:39","ZooKeeperServer.java","41699","112495","154194"
"2011-12-28 07:07","ZooKeeperServer.java","24987","47276","72263"
"2019-12-03 10:01","ZooKeeperServer.java","168765","264665","433430"
"2020-03-25 03:38","ZooKeeperServer.java","168765","270847","439612"
"2019-11-28 12:24","ZooKeeperServer.java","168765","262968","431733"
"2019-11-06 15:21","ZooKeeperServer.java","167718","260984","428702"
"2011-05-20 01:17","ZooKeeperServer.java","19810","31399","51209"
"2010-07-29 23:10","ZooKeeperServer.java","6294","20829","27123"
"2011-09-17 02:36","ZooKeeperServer.java","22243","44301","66544"
"2020-04-12 11:14","ZooKeeperServer.java","168765","271600","440365"
"2011-09-14 08:56","ZooKeeperServer.java","19408","44026","63434"
"2011-08-21 02:53","ZooKeeperServer.java","19188","41258","60446"
"2010-08-18 08:24","ZooKeeperServer.java","7769","27494","35263"
"2013-10-09 22:21","ZooKeeperServer.java","29922","72308","102230"
"2015-03-08 23:07","ZooKeeperServer.java","36862","97729","134591"
"2018-06-08 16:52","ZooKeeperServer.java","42233","120505","162738"
"2018-06-15 07:41","ZooKeeperServer.java","42250","120525","162775"
"2018-07-28 04:37","ZooKeeperServer.java","58958","138763","197721"
"2019-04-18 19:17","ZooKeeperServer.java","167719","239533","407252"
"2012-03-15 17:47","ZooKeeperServer.java","25360","49607","74967"
"2014-03-25 22:13","ZooKeeperServer.java","30200","76997","107197"
"2011-04-12 09:14","ZooKeeperServer.java","19687","30457","50144"
"2019-08-17 17:13","ZooKeeperQuotaTest.java","142128","257499","399627"
"2019-06-07 14:13","ZooKeeperQuotaTest.java","142128","243603","385731"
"2011-06-25 08:13","ZooKeeperQuotaTest.java","23213","62189","85402"
"2019-07-17 13:42","ZooKeeperQuotaTest.java","142128","253263","395391"
"2010-03-31 06:26","ZooKeeperQuotaTest.java","14564","40896","55460"
"2020-03-20 11:00","FileChangeWatcher.java","35396","46696","82092"
"2019-10-10 14:37","FileChangeWatcher.java","27642","30687","58329"
"2019-08-17 17:13","FileChangeWatcher.java","24898","24190","49088"
"2019-04-09 15:35","ClientCnxnSocketNetty.java","226268","236039","462307"
"2018-01-30 21:56","ClientCnxnSocketNetty.java","7929","9989","17918"
"2019-06-03 19:40","ClientCnxnSocketNetty.java","226361","240606","466967"
"2019-08-17 17:13","ClientCnxnSocketNetty.java","226362","255276","481638"
"2018-11-22 17:56","ClientCnxnSocketNetty.java","226242","223853","450095"
"2018-12-15 07:34","ClientCnxnSocketNetty.java","226242","227729","453971"
"2019-02-12 15:25","ClientCnxnSocketNetty.java","226245","233984","460229"
"2019-10-10 14:37","ClientCnxnSocketNetty.java","226362","259029","485391"
"2019-08-17 17:13","Leader.java","187413","256985","444398"
"2019-06-29 00:33","Leader.java","187413","244972","432385"
"2019-06-03 19:40","Leader.java","187413","242316","429729"
"2014-05-20 23:42","Leader.java","33221","63256","96477"
"2019-07-15 14:15","Leader.java","187413","252404","439817"
"2015-03-17 18:06","Leader.java","34222","76494","110716"
"2019-07-25 21:41","Leader.java","187413","253468","440881"
"2018-05-10 06:00","Leader.java","41042","99207","140249"
"2018-07-12 01:33","Leader.java","48692","107790","156482"
"2018-02-07 01:05","Leader.java","40879","96910","137789"
"2017-11-28 00:10","Leader.java","40729","95905","136634"
"2019-06-05 00:33","Leader.java","187413","242706","430119"
"2015-04-10 22:22","Leader.java","34236","77576","111812"
"2011-06-14 07:14","Leader.java","15156","8151","23307"
"2019-08-03 08:42","Leader.java","187413","257693","445106"
"2019-06-05 23:57","Leader.java","187413","242975","430388"
"2012-12-08 00:38","Leader.java","24997","35912","60909"
"2013-10-07 21:08","Leader.java","26681","47045","73726"
"2012-12-31 02:38","Leader.java","25833","38869","64702"
"2017-01-13 19:29","Leader.java","38148","91807","129955"
"2012-07-05 18:01","Leader.java","24251","30240","54491"
"2019-01-07 14:55","Leader.java","187347","231810","419157"
"2019-04-12 19:01","Leader.java","187414","238793","426207"
"2018-12-09 03:16","Leader.java","187347","229577","416924"
"2018-08-17 14:40","Leader.java","98960","160354","259314"
"2019-11-29 14:49","Leader.java","188486","264615","453101"
"2013-03-07 07:01","Leader.java","26292","43840","70132"
"2018-11-27 10:02","Leader.java","187347","227253","414600"
"2015-02-06 06:17","Leader.java","34092","75142","109234"
"2012-02-27 03:41","Leader.java","21845","25470","47315"
"2017-02-15 23:04","Leader.java","39565","90268","129833"
"2014-07-18 02:19","Leader.java","33820","70119","103939"
"2012-01-04 01:15","Leader.java","21452","24199","45651"
"2011-12-28 01:26","Leader.java","21412","24006","45418"
"2018-08-29 06:26","Leader.java","114470","176072","290542"
"2018-08-03 18:52","Leader.java","57886","118482","176368"
"2011-04-29 18:12","Leader.java","14773","6153","20926"
"2013-05-14 14:27","Leader.java","26321","43994","70315"
"2012-02-06 09:40","Leader.java","21509","24893","46402"
"2017-09-11 18:55","Leader.java","40622","91941","132563"
"2018-09-18 01:00","Leader.java","119535","183707","303242"
"2011-10-20 20:02","Leader.java","20353","21179","41532"
"2012-01-14 00:28","Leader.java","21457","24302","45759"
"2012-01-06 02:32","Leader.java","21453","24201","45654"
"2012-03-15 17:47","Leader.java","21858","26462","48320"
"2011-04-12 09:14","Leader.java","14662","5707","20369"
"2011-09-22 07:42","Leader.java","18681","21299","39980"
"2016-12-20 14:47","Leader.java","38123","90940","129063"
"2014-07-20 04:50","Leader.java","33875","70695","104570"
"2014-06-10 00:19","Leader.java","33229","64198","97427"
"2016-06-23 23:25","Leader.java","37100","84853","121953"
"2016-06-23 23:45","Leader.java","37099","84960","122059"
"2020-03-25 03:38","Leader.java","188486","270843","459329"
"2014-03-23 04:12","Leader.java","27175","54093","81268"
"2019-12-27 22:33","Leader.java","188486","266736","455222"
"2016-08-13 15:01","Leader.java","37364","85920","123284"
"2013-10-21 23:36","Leader.java","26860","49966","76826"
"2019-10-10 14:37","Leader.java","187413","260738","448151"
"2013-11-07 06:41","Leader.java","26884","50421","77305"
"2020-05-17 15:13","ClientCnxn.java","6273","8483","14756"
"2020-04-16 12:50","ClientCnxn.java","2499","4338","6837"
"2019-08-09 16:15","PathTrie.java","193442","257825","451267"
"2019-08-17 17:13","PathTrie.java","193442","256369","449811"
"2011-11-05 21:57","Learner.java","6940","15706","22646"
"2020-03-19 17:09","Learner.java","181427","269993","451420"
"2013-10-09 22:21","Learner.java","13554","43371","56925"
"2011-09-14 08:56","Learner.java","1575","13624","15199"
"2020-02-03 04:30","Learner.java","181427","268488","449915"
"2020-01-23 13:43","Learner.java","181427","267931","449358"
"2017-07-04 07:39","Learner.java","27816","86256","114072"
"2020-03-25 03:38","Learner.java","181427","270789","452216"
"2011-06-17 01:34","Learner.java","92","163","255"
"2015-03-15 08:54","Learner.java","21060","69470","90530"
"2019-11-28 12:24","Learner.java","181427","262910","444337"
"2019-12-27 22:33","Learner.java","181427","266682","448109"
"2020-01-25 18:48","Learner.java","181427","268121","449548"
"2020-05-03 19:43","Learner.java","181427","271725","453152"
"2016-08-13 15:01","Learner.java","24488","80118","104606"
"2013-10-21 23:36","Learner.java","13563","43743","57306"
"2019-10-10 14:37","Learner.java","180329","260659","440988"
"2015-01-25 01:22","Learner.java","20934","68853","89787"
"2019-06-03 19:40","Learner.java","180329","242237","422566"
"2015-03-17 18:06","Learner.java","21151","70497","91648"
"2019-07-15 14:15","Learner.java","180329","252325","432654"
"2019-08-23 19:43","Learner.java","180329","257572","437901"
"2016-09-08 22:59","Learner.java","24675","80553","105228"
"2019-08-17 17:13","Learner.java","180329","256906","437235"
"2017-11-28 00:10","Learner.java","28160","90410","118570"
"2014-03-12 23:57","Learner.java","13876","47580","61456"
"2018-05-09 00:54","Learner.java","28571","92949","121520"
"2019-04-09 15:35","Learner.java","180278","237712","417990"
"2019-07-12 17:01","Learner.java","180329","252219","432548"
"2017-07-06 18:48","Learner.java","27823","86535","114358"
"2013-10-07 21:08","Learner.java","13365","40803","54168"
"2017-08-18 06:32","Learner.java","27914","86129","114043"
"2019-07-02 07:34","Learner.java","180329","244849","425178"
"2018-10-16 16:22","Learner.java","149073","236735","385808"
"2012-01-31 07:45","Learner.java","7831","17890","25721"
"2014-07-18 02:19","Learner.java","20656","64029","84685"
"2017-02-12 00:12","Learner.java","26929","84705","111634"
"2018-12-09 03:16","Learner.java","180263","229498","409761"
"2013-03-07 07:01","Learner.java","12918","37540","50458"
"2019-11-29 14:49","Learner.java","181427","264561","445988"
"2018-11-27 10:02","Learner.java","180263","227174","407437"
"2018-08-06 14:11","Learner.java","45542","113318","158860"
"2011-07-01 00:53","PrepRequestProcessor.java","21637","46860","68497"
"2015-02-06 06:17","PrepRequestProcessor.java","31327","100920","132247"
"2012-02-06 10:39","PrepRequestProcessor.java","25135","57069","82204"
"2013-03-07 07:01","PrepRequestProcessor.java","28351","74442","102793"
"2019-02-07 11:26","PrepRequestProcessor.java","157872","235309","393181"
"2019-09-11 10:27","PrepRequestProcessor.java","157928","258389","416317"
"2018-07-19 05:59","PrepRequestProcessor.java","52694","140823","193517"
"2017-09-11 18:55","PrepRequestProcessor.java","35896","115758","151654"
"2019-01-16 14:21","PrepRequestProcessor.java","157871","232956","390827"
"2017-06-01 05:45","PrepRequestProcessor.java","35682","115080","150762"
"2012-04-14 02:32","PrepRequestProcessor.java","26426","59924","86350"
"2019-11-08 17:30","PrepRequestProcessor.java","157928","262647","420575"
"2016-11-13 20:59","PrepRequestProcessor.java","33807","114260","148067"
"2019-04-09 15:35","PrepRequestProcessor.java","157887","237849","395736"
"2019-04-17 14:16","PrepRequestProcessor.java","157929","239106","397035"
"2014-10-28 05:35","PrepRequestProcessor.java","31252","98906","130158"
"2019-05-10 12:22","PrepRequestProcessor.java","157929","241541","399470"
"2017-06-26 00:16","PrepRequestProcessor.java","35728","115404","151132"
"2019-02-07 11:22","PrepRequestProcessor.java","157872","234971","392843"
"2016-11-16 06:21","PrepRequestProcessor.java","33821","114821","148642"
"2019-08-01 07:31","PrepRequestProcessor.java","157928","257704","415632"
"2019-06-26 10:57","PrepRequestProcessor.java","157928","244883","402811"
"2014-01-24 07:18","PrepRequestProcessor.java","28981","83805","112786"
"2015-05-29 19:45","PrepRequestProcessor.java","31502","103886","135388"
"2016-10-07 21:51","PrepRequestProcessor.java","33793","111993","145786"
"2015-06-04 19:51","PrepRequestProcessor.java","31562","104711","136273"
"2019-08-17 17:13","PrepRequestProcessor.java","157928","257033","414961"
"2018-08-08 06:21","PrepRequestProcessor.java","77654","167263","244917"
"2018-05-09 23:57","PrepRequestProcessor.java","36195","122618","158813"
"2015-06-11 20:09","PrepRequestProcessor.java","31573","104848","136421"
"2019-12-27 22:33","PrepRequestProcessor.java","158957","266740","425697"
"2014-04-01 01:47","PrepRequestProcessor.java","29270","85357","114627"
"2019-10-10 14:37","PrepRequestProcessor.java","157928","260786","418714"
"2020-03-25 03:38","PrepRequestProcessor.java","158957","270847","429804"
"2011-08-15 02:35","PrepRequestProcessor.java","19693","48424","68117"
"2014-07-25 01:31","PrepRequestProcessor.java","31194","96772","127966"
"2013-10-09 22:21","PrepRequestProcessor.java","28878","80164","109042"
"2010-08-18 08:24","PrepRequestProcessor.java","15185","44718","59903"
"2011-09-17 02:36","PrepRequestProcessor.java","22691","53649","76340"
"2014-04-29 02:23","PrepRequestProcessor.java","30489","88578","119067"
"2015-03-08 23:07","PrepRequestProcessor.java","31358","101125","132483"
"2014-07-22 06:51","PrepRequestProcessor.java","31146","96535","127681"
"2012-03-15 17:47","PrepRequestProcessor.java","25178","58325","83503"
"2011-04-12 09:14","PrepRequestProcessor.java","20610","41188","61798"
"2011-11-01 15:41","PrepRequestProcessor.java","24616","54366","78982"
"2011-10-28 00:58","PrepRequestProcessor.java","24553","54141","78694"
"2011-10-20 20:02","PrepRequestProcessor.java","24357","53726","78083"
"2011-10-17 16:59","PrepRequestProcessor.java","22760","53537","76297"
"2018-06-15 07:41","PrepRequestProcessor.java","36216","123391","159607"
"2012-12-19 19:16","PrepRequestProcessor.java","27948","69483","97431"
"2011-11-14 20:18","PrepRequestProcessor.java","24603","54988","79591"
"2019-08-17 17:13","JLineZNodeCompleter.java","201513","256271","457784"
"2019-08-17 17:13","Leader.java","225902","255276","481178"
"2019-06-29 00:33","Leader.java","225901","243262","469163"
"2019-06-03 19:40","Leader.java","225901","240606","466507"
"2019-07-15 14:15","Leader.java","225902","250695","476597"
"2019-07-25 21:41","Leader.java","225902","251759","477661"
"2018-05-10 06:00","Leader.java","8453","13801","22254"
"2018-07-12 01:33","Leader.java","18859","25140","43999"
"2018-02-07 01:05","Leader.java","7997","11211","19208"
"2017-11-28 00:10","Leader.java","7460","9819","17279"
"2019-06-05 00:33","Leader.java","225901","240996","466897"
"2019-08-03 08:42","Leader.java","225902","255984","481886"
"2019-06-05 23:57","Leader.java","225901","241265","467166"
"2017-01-13 19:29","Leader.java","112","954","1066"
"2019-01-07 14:55","Leader.java","225783","230048","455831"
"2019-04-12 19:01","Leader.java","225883","237064","462947"
"2018-12-09 03:16","Leader.java","225782","227814","453596"
"2018-08-17 14:40","Leader.java","77111","85688","162799"
"2019-11-29 14:49","Leader.java","227506","263437","490943"
"2018-11-27 10:02","Leader.java","225782","225490","451272"
"2017-02-15 23:04","Leader.java","3743","1629","5372"
"2018-08-29 06:26","Leader.java","101748","110533","212281"
"2018-08-03 18:52","Leader.java","29459","37238","66697"
"2017-09-11 18:55","Leader.java","6929","5431","12360"
"2018-09-18 01:00","Leader.java","107565","118920","226485"
"2020-03-25 03:38","Leader.java","227508","269667","497175"
"2019-12-27 22:33","Leader.java","227507","265559","493066"
"2019-10-10 14:37","Leader.java","225902","259029","484931"
"2011-04-29 18:12","QuorumCnxManager.java","20965","42177","63142"
"2011-12-28 01:26","QuorumCnxManager.java","25044","56480","81524"
"2019-11-29 14:49","QuorumCnxManager.java","158658","264619","423277"
"2013-03-07 07:01","QuorumCnxManager.java","28593","74983","103576"
"2018-07-11 06:04","QuorumCnxManager.java","43682","131453","175135"
"2018-08-06 14:11","QuorumCnxManager.java","52865","142409","195274"
"2010-11-17 15:59","QuorumCnxManager.java","16258","77113","93371"
"2012-06-29 22:08","QuorumCnxManager.java","26967","61562","88529"
"2018-10-16 16:22","QuorumCnxManager.java","128979","238409","367388"
"2019-06-14 09:06","QuorumCnxManager.java","157666","245068","402734"
"2019-08-03 08:42","QuorumCnxManager.java","157666","257778","415444"
"2019-11-13 20:41","QuorumCnxManager.java","157666","264789","422455"
"2019-04-09 16:08","QuorumCnxManager.java","157626","237886","395512"
"2019-08-06 12:52","QuorumCnxManager.java","157666","258043","415709"
"2017-02-09 11:40","QuorumCnxManager.java","34372","117166","151538"
"2019-05-20 23:13","QuorumCnxManager.java","157667","241943","399610"
"2015-04-09 20:16","QuorumCnxManager.java","31633","103810","135443"
"2017-08-23 02:16","QuorumCnxManager.java","35927","116025","151952"
"2019-07-27 20:04","QuorumCnxManager.java","157666","253601","411267"
"2015-05-29 23:46","QuorumCnxManager.java","31743","104436","136179"
"2015-05-14 07:10","QuorumCnxManager.java","31712","104109","135821"
"2020-03-12 14:47","QuorumCnxManager.java","158658","270005","428663"
"2019-08-17 17:13","QuorumCnxManager.java","157666","257070","414736"
"2017-11-28 00:10","QuorumCnxManager.java","36108","120126","156234"
"2019-10-10 14:37","QuorumCnxManager.java","157666","260823","418489"
"2014-07-23 19:36","QuorumCnxManager.java","31386","97130","128516"
"2017-06-09 18:37","QuorumCnxManager.java","35796","115598","151394"
"2020-01-23 13:43","QuorumCnxManager.java","158658","267989","426647"
"2014-03-23 04:12","QuorumCnxManager.java","29383","85143","114526"
"2010-01-21 04:08","QuorumCnxManager.java","24","30","54"
"2014-07-08 05:25","QuorumCnxManager.java","31244","92718","123962"
"2019-11-28 12:24","QuorumCnxManager.java","158658","262968","421626"
"2014-06-25 15:04","QuorumCnxManager.java","30897","90735","121632"
"2011-08-15 02:44","QuorumCnxManager.java","19949","48992","68941"
"2016-06-08 17:43","QuorumCnxManager.java","33606","109831","143437"
"2020-03-23 16:20","QuorumCnxManager.java","158658","270176","428834"
"2020-02-16 10:25","QuorumCnxManager.java","158658","268702","427360"
"2014-07-22 06:45","QuorumCnxManager.java","31385","97054","128439"
"2011-04-12 09:14","QuorumCnxManager.java","20874","41751","62625"
"2010-10-06 19:01","QuorumCnxManager.java","15502","73750","89252"
"2018-07-27 12:32","QuorumCnxManager.java","52833","141765","194598"
"2010-10-20 00:32","QuorumCnxManager.java","15542","75283","90825"
"2011-03-16 19:49","QuorumCnxManager.java","16559","78909","95468"
"2019-10-10 14:37","LoadFromLogTest.java","31796","49445","81241"
"2019-08-17 17:13","LoadFromLogTest.java","29388","43284","72672"
"2018-05-10 22:14","TxnLogToolkit.java","452","1510","1962"
"2019-09-20 10:06","TxnLogToolkit.java","229915","257874","487789"
"2019-12-27 22:33","TxnLogToolkit.java","231689","265463","497152"
"2018-09-12 13:32","TxnLogToolkit.java","100790","106786","207576"
"2019-11-28 12:24","TxnLogToolkit.java","231688","261690","493378"
"2019-04-12 19:08","TxnLogToolkit.java","229877","236801","466678"
"2019-07-09 13:34","TxnLogToolkit.java","229913","243911","473824"
"2019-08-17 17:13","TxnLogToolkit.java","229914","255010","484924"
"2018-08-06 14:11","TxnLogToolkit.java","22151","25758","47909"
"2018-09-15 00:03","TxnLogToolkit.java","100796","107131","207927"
"2019-08-17 17:13","RemoveWatchesCommand.java","30087","52428","82515"
"2015-02-06 06:17","PrepRequestProcessor.java","21760","62622","84382"
"2012-02-06 10:39","PrepRequestProcessor.java","8150","11353","19503"
"2013-03-07 07:01","PrepRequestProcessor.java","13456","30816","44272"
"2019-02-07 11:26","PrepRequestProcessor.java","174835","235170","410005"
"2019-09-11 10:27","PrepRequestProcessor.java","174901","258260","433161"
"2018-07-19 05:59","PrepRequestProcessor.java","48350","107748","156098"
"2017-09-11 18:55","PrepRequestProcessor.java","29898","81029","110927"
"2019-01-16 14:21","PrepRequestProcessor.java","174834","232817","407651"
"2017-06-01 05:45","PrepRequestProcessor.java","28978","79645","108623"
"2012-04-14 02:32","PrepRequestProcessor.java","10350","15117","25467"
"2019-11-08 17:30","PrepRequestProcessor.java","174901","262518","437419"
"2016-11-13 20:59","PrepRequestProcessor.java","25735","77457","103192"
"2019-04-09 15:35","PrepRequestProcessor.java","174850","237710","412560"
"2019-04-17 14:16","PrepRequestProcessor.java","174902","238977","413879"
"2014-10-28 05:35","PrepRequestProcessor.java","21622","60545","82167"
"2019-05-10 12:22","PrepRequestProcessor.java","174902","241412","416314"
"2017-06-26 00:16","PrepRequestProcessor.java","29051","79996","109047"
"2019-02-07 11:22","PrepRequestProcessor.java","174835","234832","409667"
"2016-11-16 06:21","PrepRequestProcessor.java","25758","78027","103785"
"2019-08-01 07:31","PrepRequestProcessor.java","174901","257575","432476"
"2019-06-26 10:57","PrepRequestProcessor.java","174901","244754","419655"
"2014-01-24 07:18","PrepRequestProcessor.java","14340","40433","54773"
"2015-05-29 19:45","PrepRequestProcessor.java","22109","65762","87871"
"2016-10-07 21:51","PrepRequestProcessor.java","25716","75185","100901"
"2015-06-04 19:51","PrepRequestProcessor.java","22218","66636","88854"
"2019-08-17 17:13","PrepRequestProcessor.java","174901","256904","431805"
"2018-08-08 06:21","PrepRequestProcessor.java","89757","150635","240392"
"2018-05-09 23:57","PrepRequestProcessor.java","30470","88162","118632"
"2015-06-11 20:09","PrepRequestProcessor.java","22232","66776","89008"
"2019-12-27 22:33","PrepRequestProcessor.java","175999","266680","442679"
"2014-04-01 01:47","PrepRequestProcessor.java","14783","42139","56922"
"2019-10-10 14:37","PrepRequestProcessor.java","174901","260657","435558"
"2020-03-25 03:38","PrepRequestProcessor.java","175999","270787","446786"
"2014-07-25 01:31","PrepRequestProcessor.java","21478","58325","79803"
"2013-10-09 22:21","PrepRequestProcessor.java","14152","36707","50859"
"2011-09-17 02:36","PrepRequestProcessor.java","3945","6172","10117"
"2014-04-29 02:23","PrepRequestProcessor.java","20472","49830","70302"
"2015-03-08 23:07","PrepRequestProcessor.java","21812","62848","84660"
"2014-07-22 06:51","PrepRequestProcessor.java","21421","58079","79500"
"2012-03-15 17:47","PrepRequestProcessor.java","8241","12657","20898"
"2011-11-01 15:41","PrepRequestProcessor.java","6758","7777","14535"
"2011-10-28 00:58","PrepRequestProcessor.java","6626","7483","14109"
"2011-10-20 20:02","PrepRequestProcessor.java","6271","6909","13180"
"2011-10-17 16:59","PrepRequestProcessor.java","4591","6637","11228"
"2018-06-15 07:41","PrepRequestProcessor.java","30479","88923","119402"
"2012-12-19 19:16","PrepRequestProcessor.java","12429","25233","37662"
"2011-11-14 20:18","PrepRequestProcessor.java","6765","8419","15184"
"2020-03-19 17:09","Learner.java","35847","52523","88370"
"2020-02-03 04:30","Learner.java","35725","50896","86621"
"2020-01-23 13:43","Learner.java","35615","50229","85844"
"2020-03-25 03:38","Learner.java","35922","53394","89316"
"2019-11-28 12:24","Learner.java","33793","43386","77179"
"2019-12-27 22:33","Learner.java","34252","47617","81869"
"2020-01-25 18:48","Learner.java","35621","50425","86046"
"2020-05-03 19:43","Learner.java","36599","55007","91606"
"2019-10-10 14:37","Learner.java","28300","36740","65040"
"2019-07-15 14:15","Learner.java","0","106","106"
"2019-08-23 19:43","Learner.java","25851","31204","57055"
"2019-08-17 17:13","Learner.java","25849","30536","56385"
"2019-11-29 14:49","Learner.java","34102","45346","79448"
"2019-07-15 14:15","QuorumZooKeeperServer.java","167723","252409","420132"
"2019-06-26 10:57","QuorumZooKeeperServer.java","167723","244840","412563"
"2019-08-17 17:13","QuorumZooKeeperServer.java","167723","256990","424713"
"2019-05-15 11:56","QuorumZooKeeperServer.java","167724","241745","409469"
"2019-06-04 10:55","QuorumZooKeeperServer.java","167723","242474","410197"
"2017-03-21 17:49","QuorumZooKeeperServer.java","37562","108525","146087"
"2013-03-07 07:01","QuorumZooKeeperServer.java","25323","62509","87832"
"2019-11-29 14:49","QuorumZooKeeperServer.java","168795","264619","433414"
"2013-10-09 22:21","QuorumZooKeeperServer.java","25874","68255","94129"
"2020-03-25 03:38","QuorumZooKeeperServer.java","168795","270847","439642"
"2016-08-13 15:01","QuorumZooKeeperServer.java","35453","103647","139100"
"2019-10-10 14:37","QuorumZooKeeperServer.java","167723","260743","428466"
"2019-08-17 17:13","ClientCnxn.java","153973","174233","328206"
"2019-01-31 15:50","ClientCnxn.java","151740","149667","301407"
"2019-04-09 15:35","ClientCnxn.java","151943","153060","305003"
"2019-11-08 17:30","ClientCnxn.java","155029","180903","335932"
"2019-01-16 14:21","ClientCnxn.java","151679","147919","299598"
"2019-01-07 14:24","ClientCnxn.java","151677","146767","298444"
"2019-03-06 03:32","ClientCnxn.java","151835","151880","303715"
"2019-02-07 11:26","ClientCnxn.java","151744","150336","302080"
"2018-11-05 19:40","ClientCnxn.java","112422","131168","243590"
"2020-05-17 15:13","ClientCnxn.java","157590","191795","349385"
"2020-03-03 03:12","ClientCnxn.java","157305","189300","346605"
"2020-01-21 17:53","ClientCnxn.java","157167","185423","342590"
"2019-10-10 14:37","ClientCnxn.java","154975","178988","333963"
"2019-11-21 05:58","ClientCnxn.java","156955","180382","337337"
"2020-04-16 12:50","ClientCnxn.java","157550","191384","348934"
"2018-01-19 00:43","FileTxnLog.java","4103","7834","11937"
"2019-12-27 22:33","FileTxnLog.java","226286","265554","491840"
"2019-10-10 14:37","FileTxnLog.java","224660","259003","483663"
"2018-11-12 22:36","FileTxnLog.java","224539","223221","447760"
"2018-08-01 21:19","FileTxnLog.java","25678","34364","60042"
"2018-04-27 20:28","FileTxnLog.java","4471","10052","14523"
"2018-06-08 16:52","FileTxnLog.java","4784","11812","16596"
"2020-01-28 17:26","FileTxnLog.java","226287","267275","493562"
"2019-05-14 17:11","FileTxnLog.java","224641","239898","464539"
"2019-01-07 14:24","FileTxnLog.java","224541","229961","454502"
"2019-04-12 19:01","FileTxnLog.java","224641","237038","461679"
"2018-09-06 01:11","FileTxnLog.java","103801","114118","217919"
"2018-09-18 01:00","FileTxnLog.java","103948","116519","220467"
"2019-08-17 17:13","FileTxnLog.java","224660","255250","479910"
"2019-06-03 19:40","FileTxnLog.java","224659","240580","465239"
"2018-04-24 00:20","FileTxnLog.java","4302","9796","14098"
"2018-02-14 21:23","FileTxnLog.java","4238","8848","13086"
"2019-08-03 08:42","FileTxnLog.java","224660","255958","480618"
"2019-04-09 15:35","FileTxnLog.java","224566","236013","460579"
"2017-08-03 20:41","FileTxnLog.java","2883","2067","4950"
"2018-02-02 00:26","FileTxnLog.java","4113","7851","11964"
"2017-06-26 00:07","FileTxnLog.java","1210","748","1958"
"2019-08-17 17:13","AsyncTest.java","178405","256932","435337"
"2017-09-11 18:55","AsyncTest.java","27844","88187","116031"
"2016-08-24 01:36","AsyncTest.java","24528","81876","106404"
"2016-05-02 18:15","WatcherTest.java","23486","67934","91420"
"2019-08-17 17:13","WatcherTest.java","177002","256750","433752"
"2013-02-19 08:55","WatcherTest.java","10099","21196","31295"
"2017-02-16 01:16","WatcherTest.java","26640","74914","101554"
"2019-09-18 11:20","WatcherTest.java","177002","259662","436664"
"2019-08-17 17:13","MultiOpSessionUpgradeTest.java","224387","255253","479640"
"2019-08-17 17:13","MonitorCommand.java","29620","47813","77433"
"2019-06-04 10:55","MonitorCommand.java","949","4626","5575"
"2019-10-10 14:37","ZKDatabase.java","157213","178985","336198"
"2019-12-27 22:33","ZKDatabase.java","159405","186102","345507"
"2018-09-28 23:38","ZKDatabase.java","703","3277","3980"
"2019-11-08 17:30","ZKDatabase.java","157267","180900","338167"
"2019-05-14 17:11","ZKDatabase.java","154284","156970","311254"
"2019-02-07 11:26","ZKDatabase.java","153981","150332","304313"
"2019-04-12 19:01","ZKDatabase.java","154260","154086","308346"
"2019-08-17 17:13","ZKDatabase.java","156211","174230","330441"
"2019-09-10 00:27","ZKDatabase.java","157193","176152","333345"
"2019-04-09 15:35","ZKDatabase.java","154180","153056","307236"
"2011-04-12 09:14","ZooKeeperService.java","20746","72010","92756"
"2010-08-17 09:24","ZooKeeperService.java","16154","73013","89167"
"2019-08-17 17:13","CommitProcessorTest.java","218914","255966","474880"
"2016-05-15 23:31","CommitProcessorTest.java","3961","6097","10058"
"2019-11-11 13:55","CommitProcessorTest.java","218944","261704","480648"
"2019-10-10 14:37","CommitProcessorTest.java","218914","259719","478633"
"2019-08-17 17:13","DeserializationPerfTest.java","144483","257484","401967"
"2014-04-25 21:35","DeserializationPerfTest.java","31272","102276","133548"
"2019-10-10 14:37","DeserializationPerfTest.java","144483","261237","405720"
"2011-04-12 09:14","DeserializationPerfTest.java","22489","56963","79452"
"2010-03-31 06:26","DeserializationPerfTest.java","14071","38033","52104"
"2013-09-18 12:58","ClientCnxn.java","19095","135986","155081"
"2015-01-31 08:05","ClientCnxn.java","20832","159029","179861"
"2016-05-02 18:15","ClientCnxn.java","21238","165471","186709"
"2014-01-24 07:18","ClientCnxn.java","19179","142802","161981"
"2009-07-17 00:09","ClientCnxn.java","10668","68476","79144"
"2009-05-20 20:48","ClientCnxn.java","9482","54945","64427"
"2019-08-17 17:13","ClientCnxn.java","84482","257706","342188"
"2009-06-25 22:41","ClientCnxn.java","10477","67157","77634"
"2015-05-10 00:27","ClientCnxn.java","20873","161609","182482"
"2009-01-16 00:48","ClientCnxn.java","7245","12884","20129"
"2008-12-22 23:23","ClientCnxn.java","3480","10002","13482"
"2009-01-28 01:15","ClientCnxn.java","7269","13058","20327"
"2017-12-19 19:27","ClientCnxn.java","22356","174918","197274"
"2019-01-31 15:50","ClientCnxn.java","84455","235346","319801"
"2012-08-02 00:24","ClientCnxn.java","18161","122627","140788"
"2019-04-09 15:35","ClientCnxn.java","84461","238542","323003"
"2013-02-03 15:52","ClientCnxn.java","18792","129619","148411"
"2014-12-20 15:29","ClientCnxn.java","20824","159010","179834"
"2012-03-15 18:01","ClientCnxn.java","18002","120078","138080"
"2019-11-08 17:30","ClientCnxn.java","84482","263320","347802"
"2017-06-08 17:59","ClientCnxn.java","22234","170506","192740"
"2012-09-09 20:24","ClientCnxn.java","18170","123375","141545"
"2019-01-16 14:21","ClientCnxn.java","84455","233659","318114"
"2019-01-07 14:24","ClientCnxn.java","84455","232509","316964"
"2008-11-19 11:20","ClientCnxn.java","1937","7049","8986"
"2009-06-25 00:59","ClientCnxn.java","10453","67042","77495"
"2019-03-06 03:32","ClientCnxn.java","84461","237470","321931"
"2010-11-11 18:11","ClientCnxn.java","14636","149327","163963"
"2010-11-10 23:36","ClientCnxn.java","14595","149290","163885"
"2011-09-14 07:43","ClientCnxn.java","13574","115535","129109"
"2011-08-19 00:05","ClientCnxn.java","13507","113248","126755"
"2015-02-06 06:17","ClientCnxn.java","20847","159239","180086"
"2019-02-07 11:26","ClientCnxn.java","84455","236011","320466"
"2018-11-05 19:40","ClientCnxn.java","66942","244961","311903"
"2011-04-12 09:14","ClientCnxn.java","15137","109834","124971"
"2010-10-06 18:14","ClientCnxn.java","14305","146282","160587"
"2010-11-30 21:16","ClientCnxn.java","14726","149788","164514"
"2020-05-17 15:13","ClientCnxn.java","84939","272108","357047"
"2018-06-25 12:30","ClientCnxn.java","22473","178561","201034"
"2012-12-19 19:16","ClientCnxn.java","18754","129088","147842"
"2020-03-03 03:12","ClientCnxn.java","84938","269897","354835"
"2018-09-10 11:44","ClientCnxn.java","53475","212748","266223"
"2011-09-28 22:17","ClientCnxn.java","16122","116136","132258"
"2015-06-13 02:42","ClientCnxn.java","20921","163119","184040"
"2010-10-21 02:44","ClientCnxn.java","14330","147958","162288"
"2010-08-05 09:09","ClientCnxn.java","13953","112469","126422"
"2011-05-20 01:17","ClientCnxn.java","15160","110676","125836"
"2014-03-23 04:12","ClientCnxn.java","19279","143539","162818"
"2015-11-09 00:05","ClientCnxn.java","20935","164625","185560"
"2015-12-06 19:58","ClientCnxn.java","20944","164939","185883"
"2020-01-21 17:53","ClientCnxn.java","84938","266158","351096"
"2015-12-05 22:43","ClientCnxn.java","20944","164936","185880"
"2015-12-05 22:32","ClientCnxn.java","20944","164931","185875"
"2010-03-04 02:28","ClientCnxn.java","13063","90250","103313"
"2010-01-25 04:28","ClientCnxn.java","13000","87119","100119"
"2019-10-10 14:37","ClientCnxn.java","84482","261459","345941"
"2014-04-01 04:03","ClientCnxn.java","19348","144451","163799"
"2013-09-18 15:14","ClientCnxn.java","19095","136004","155099"
"2013-09-18 04:08","ClientCnxn.java","19095","135900","154995"
"2019-11-21 05:58","ClientCnxn.java","84938","261329","346267"
"2020-04-16 12:50","ClientCnxn.java","84938","271736","356674"
"2018-07-27 05:16","ClientCnxn.java","28272","185512","213784"
"2010-01-26 03:22","ClientCnxn.java","13054","87721","100775"
"2009-10-31 00:09","ClientCnxn.java","12030","74233","86263"
"2009-11-07 01:48","ClientCnxn.java","12205","74813","87018"
"2010-01-05 18:32","ClientCnxn.java","12765","84018","96783"
"2011-04-29 18:12","QuorumCnxManager.java","20948","42154","63102"
"2011-12-28 01:26","QuorumCnxManager.java","25027","56457","81484"
"2019-11-29 14:49","QuorumCnxManager.java","158664","264619","423283"
"2013-03-07 07:01","QuorumCnxManager.java","28576","74960","103536"
"2018-07-11 06:04","QuorumCnxManager.java","43670","131435","175105"
"2018-08-06 14:11","QuorumCnxManager.java","52853","142391","195244"
"2010-11-17 15:59","QuorumCnxManager.java","16240","77089","93329"
"2012-06-29 22:08","QuorumCnxManager.java","26950","61539","88489"
"2018-10-16 16:22","QuorumCnxManager.java","128985","238409","367394"
"2019-06-14 09:06","QuorumCnxManager.java","157672","245068","402740"
"2019-08-03 08:42","QuorumCnxManager.java","157672","257778","415450"
"2019-11-13 20:41","QuorumCnxManager.java","157672","264789","422461"
"2019-04-09 16:08","QuorumCnxManager.java","157632","237886","395518"
"2019-08-06 12:52","QuorumCnxManager.java","157672","258043","415715"
"2017-02-09 11:40","QuorumCnxManager.java","34355","117143","151498"
"2019-05-20 23:13","QuorumCnxManager.java","157673","241943","399616"
"2015-04-09 20:16","QuorumCnxManager.java","31616","103787","135403"
"2017-08-23 02:16","QuorumCnxManager.java","35915","116007","151922"
"2019-07-27 20:04","QuorumCnxManager.java","157672","253601","411273"
"2015-05-29 23:46","QuorumCnxManager.java","31726","104413","136139"
"2015-05-14 07:10","QuorumCnxManager.java","31695","104086","135781"
"2020-03-12 14:47","QuorumCnxManager.java","158664","270005","428669"
"2019-08-17 17:13","QuorumCnxManager.java","157672","257070","414742"
"2017-11-28 00:10","QuorumCnxManager.java","36096","120108","156204"
"2019-10-10 14:37","QuorumCnxManager.java","157672","260823","418495"
"2014-07-23 19:36","QuorumCnxManager.java","31369","97107","128476"
"2017-06-09 18:37","QuorumCnxManager.java","35784","115580","151364"
"2020-01-23 13:43","QuorumCnxManager.java","158664","267989","426653"
"2014-03-23 04:12","QuorumCnxManager.java","29366","85120","114486"
"2014-07-08 05:25","QuorumCnxManager.java","31227","92695","123922"
"2019-11-28 12:24","QuorumCnxManager.java","158664","262968","421632"
"2014-06-25 15:04","QuorumCnxManager.java","30880","90712","121592"
"2011-08-15 02:44","QuorumCnxManager.java","19932","48969","68901"
"2016-06-08 17:43","QuorumCnxManager.java","33589","109808","143397"
"2020-03-23 16:20","QuorumCnxManager.java","158664","270176","428840"
"2020-02-16 10:25","QuorumCnxManager.java","158664","268702","427366"
"2014-07-22 06:45","QuorumCnxManager.java","31368","97031","128399"
"2011-04-12 09:14","QuorumCnxManager.java","20856","41727","62583"
"2010-10-06 19:01","QuorumCnxManager.java","15479","73721","89200"
"2018-07-27 12:32","QuorumCnxManager.java","52821","141747","194568"
"2010-10-20 00:32","QuorumCnxManager.java","15519","75254","90773"
"2011-03-16 19:49","QuorumCnxManager.java","16541","78885","95426"
"2020-02-16 10:25","QuorumKerberosHostBasedAuthTest.java","229836","267491","497327"
"2020-01-22 11:08","QuorumKerberosHostBasedAuthTest.java","229836","265294","495130"
"2019-08-17 17:13","QuorumKerberosHostBasedAuthTest.java","228064","255079","483143"
"2019-11-29 14:49","QuorumKerberosHostBasedAuthTest.java","229834","263406","493240"
"2020-02-16 10:25","QuorumSSLTest.java","44492","82559","127051"
"2019-11-29 14:49","QuorumSSLTest.java","43128","77112","120240"
"2019-08-17 17:13","QuorumSSLTest.java","35700","63127","98827"
"2018-12-09 03:16","LeaderZooKeeperServer.java","167660","229615","397275"
"2018-11-21 17:56","LeaderZooKeeperServer.java","167660","225047","392707"
"2012-01-31 07:45","LeaderZooKeeperServer.java","25008","47636","72644"
"2019-06-04 10:55","LeaderZooKeeperServer.java","167718","242499","410217"
"2015-06-04 19:51","LeaderZooKeeperServer.java","37073","101322","138395"
"2019-08-17 17:13","LeaderZooKeeperServer.java","167718","257015","424733"
"2019-06-03 19:40","LeaderZooKeeperServer.java","167718","242346","410064"
"2019-11-25 15:37","LeaderZooKeeperServer.java","168765","262870","431635"
"2019-12-27 22:33","LeaderZooKeeperServer.java","168765","266740","435505"
"2013-10-09 22:21","LeaderZooKeeperServer.java","29922","72308","102230"
"2011-10-20 20:02","LeaderZooKeeperServer.java","23918","44387","68305"
"2019-12-27 22:33","QuorumPeerTestBase.java","10004","18682","28686"
"2019-10-10 14:37","QuorumPeerTestBase.java","3717","7470","11187"
"2019-08-17 17:13","StatCommandTest.java","231754","254847","486601"
"2019-08-17 17:13","SerializeUtilsTest.java","29685","44894","74579"
"2019-11-21 05:58","NIOServerCnxn.java","199655","260876","460531"
"2015-11-08 22:36","NIOServerCnxn.java","12897","35029","47926"
"2019-11-18 09:05","NIOServerCnxn.java","199655","260853","460508"
"2019-09-16 23:26","NIOServerCnxn.java","198306","259379","457685"
"2019-10-10 14:37","NIOServerCnxn.java","198306","260113","458419"
"2018-09-28 23:38","NIOServerCnxn.java","112361","154970","267331"
"2020-02-11 06:50","NIOServerCnxn.java","199655","268228","467883"
"2019-01-23 14:00","NIOServerCnxn.java","198208","232989","431197"
"2019-07-08 23:26","NIOServerCnxn.java","198306","245136","443442"
"2019-04-12 19:01","NIOServerCnxn.java","198290","238151","436441"
"2019-01-14 19:38","NIOServerCnxn.java","198207","231553","429760"
"2018-11-17 18:33","NIOServerCnxn.java","198205","224334","422539"
"2017-03-04 19:22","NIOServerCnxn.java","20826","47857","68683"
"2016-12-22 23:23","NIOServerCnxn.java","18217","47238","65455"
"2018-09-18 01:00","NIOServerCnxn.java","112198","152233","264431"
"2019-08-17 17:13","NIOServerCnxn.java","198306","256360","454666"
"2015-06-28 21:09","NIOServerCnxn.java","12584","33408","45992"
"2015-03-28 20:08","NIOServerCnxn.java","10881","30005","40886"
"2019-07-03 00:44","NIOServerCnxn.java","198306","244373","442679"
"2019-08-03 08:42","NIOServerCnxn.java","198306","257068","455374"
"2016-11-16 06:21","NIOServerCnxn.java","17523","45843","63366"
"2020-02-16 10:25","QuorumKerberosHostBasedAuthTest.java","1957","4154","6111"
"2014-02-12 17:00","ZKDatabase.java","2011","10994","13005"
"2019-10-10 14:37","ZKDatabase.java","191763","260159","451922"
"2019-12-27 22:33","ZKDatabase.java","193109","266430","459539"
"2018-04-06 06:04","ZKDatabase.java","24872","63707","88579"
"2014-04-29 02:23","ZKDatabase.java","9389","21387","30776"
"2014-04-17 08:47","ZKDatabase.java","9383","20675","30058"
"2018-09-28 23:38","ZKDatabase.java","111985","161183","273168"
"2013-06-28 23:22","ZKDatabase.java","609","2471","3080"
"2019-11-08 17:30","ZKDatabase.java","191791","262048","453839"
"2019-05-14 17:11","ZKDatabase.java","191747","241057","432804"
"2018-09-18 01:00","ZKDatabase.java","111822","158446","270268"
"2019-02-07 11:26","ZKDatabase.java","191666","234641","426307"
"2019-04-12 19:01","ZKDatabase.java","191747","238197","429944"
"2018-09-05 22:35","ZKDatabase.java","111751","156121","267872"
"2015-02-06 06:17","ZKDatabase.java","12040","35542","47582"
"2014-07-18 02:19","ZKDatabase.java","10951","29702","40653"
"2018-02-07 01:05","ZKDatabase.java","24836","63319","88155"
"2014-01-24 07:18","ZKDatabase.java","1907","10640","12547"
"2019-08-17 17:13","ZKDatabase.java","191763","256406","448169"
"2019-09-10 00:27","ZKDatabase.java","191763","257346","449109"
"2016-03-23 00:30","ZKDatabase.java","17183","45785","62968"
"2018-02-23 23:49","ZKDatabase.java","24867","63694","88561"
"2017-08-03 20:28","ZKDatabase.java","23881","57114","80995"
"2017-06-18 19:23","ZKDatabase.java","22800","56257","79057"
"2019-04-09 15:35","ZKDatabase.java","191684","237184","428868"
"2019-09-18 11:20","QuorumZxidSyncTest.java","2292","5204","7496"
"2020-02-26 22:41","NettyServerCnxnFactory.java","39076","67923","106999"
"2019-10-10 14:37","NettyServerCnxnFactory.java","31720","53666","85386"
"2019-09-10 18:50","NettyServerCnxnFactory.java","30880","50190","81070"
"2019-11-14 03:54","NettyServerCnxnFactory.java","31991","58193","90184"
"2019-08-17 17:13","NettyServerCnxnFactory.java","29620","47813","77433"
"2019-11-23 17:08","NettyServerCnxnFactory.java","37142","60036","97178"
"2019-07-03 00:44","NettyServerCnxnFactory.java","4396","10602","14998"
"2019-06-05 00:29","NettyServerCnxnFactory.java","1010","4870","5880"
"2019-07-23 15:55","NettyServerCnxnFactory.java","5780","19981","25761"
"2019-06-24 11:05","NettyServerCnxnFactory.java","3120","8646","11766"
"2019-08-03 08:42","NettyServerCnxnFactory.java","7576","26477","34053"
"2014-02-12 17:00","FileTxnLog.java","7566","30713","38279"
"2013-12-11 01:10","FileTxnLog.java","7332","27594","34926"
"2018-01-19 00:43","FileTxnLog.java","25913","77861","103774"
"2019-12-27 22:33","FileTxnLog.java","179151","266636","445787"
"2019-10-10 14:37","FileTxnLog.java","177843","260403","438246"
"2018-11-12 22:36","FileTxnLog.java","177763","224662","402425"
"2018-08-01 21:19","FileTxnLog.java","44324","101227","145551"
"2018-04-27 20:28","FileTxnLog.java","26121","79919","106040"
"2018-06-08 16:52","FileTxnLog.java","26228","81473","107701"
"2014-06-30 19:11","FileTxnLog.java","14187","42393","56580"
"2020-01-28 17:26","FileTxnLog.java","179151","268356","447507"
"2019-05-14 17:11","FileTxnLog.java","177843","241317","419160"
"2019-01-07 14:24","FileTxnLog.java","177765","231402","409167"
"2013-06-28 23:22","FileTxnLog.java","6709","22735","29444"
"2019-04-12 19:01","FileTxnLog.java","177843","238457","416300"
"2017-04-28 07:14","FileTxnLog.java","23494","71711","95205"
"2018-09-06 01:11","FileTxnLog.java","109256","167790","277046"
"2018-09-18 01:00","FileTxnLog.java","109323","170111","279434"
"2016-03-20 19:31","FileTxnLog.java","18541","61816","80357"
"2019-08-17 17:13","FileTxnLog.java","177843","256650","434493"
"2019-06-03 19:40","FileTxnLog.java","177843","241981","419824"
"2018-04-24 00:20","FileTxnLog.java","26017","79728","105745"
"2018-02-14 21:23","FileTxnLog.java","25974","78801","104775"
"2019-08-03 08:42","FileTxnLog.java","177843","257358","435201"
"2019-04-09 15:35","FileTxnLog.java","177785","237449","415234"
"2017-08-03 20:41","FileTxnLog.java","25123","72524","97647"
"2018-02-02 00:26","FileTxnLog.java","25915","77870","103785"
"2017-06-26 00:07","FileTxnLog.java","24585","72340","96925"
"2019-09-18 11:20","TimeTest.java","214963","259016","473979"
"2019-06-03 19:40","TimeTest.java","214963","241435","456398"
"2019-08-17 17:13","TimeTest.java","214963","256104","471067"
"2014-05-09 23:37","Zab1_0Test.java","8262","17477","25739"
"2017-01-07 01:09","Zab1_0Test.java","18270","51362","69632"
"2015-12-06 21:30","Zab1_0Test.java","13168","39494","52662"
"2019-12-17 13:48","Zab1_0Test.java","195888","264844","460732"
"2013-11-19 02:03","Zab1_0Test.java","461","3682","4143"
"2015-07-07 07:11","Zab1_0Test.java","12808","37583","50391"
"2019-12-27 22:33","Zab1_0Test.java","195888","266393","462281"
"2013-10-24 20:41","Zab1_0Test.java","366","3449","3815"
"2019-10-10 14:37","Zab1_0Test.java","194540","260120","454660"
"2013-11-07 06:41","Zab1_0Test.java","415","3588","4003"
"2015-05-14 18:40","Zab1_0Test.java","11355","34830","46185"
"2019-08-17 17:13","Zab1_0Test.java","194540","256367","450907"
"2019-06-03 19:40","Zab1_0Test.java","194540","241698","436238"
"2018-05-10 06:00","Zab1_0Test.java","24396","62197","86593"
"2017-11-28 00:10","Zab1_0Test.java","23667","58479","82146"
"2017-08-18 06:32","Zab1_0Test.java","23114","53891","77005"
"2017-02-12 00:12","Zab1_0Test.java","20770","51108","71878"
"2019-10-10 14:37","SecurityUtils.java","2901","3289","6190"
"2019-10-10 14:37","Login.java","177112","260657","437769"
"2015-12-09 05:05","Login.java","23648","68266","91914"
"2011-10-25 08:09","Login.java","6498","4979","11477"
"2019-11-11 13:59","Login.java","177112","264314","441426"
"2011-10-24 08:44","Login.java","6237","4749","10986"
"2015-11-21 22:18","Login.java","23613","67841","91454"
"2015-02-06 06:17","Login.java","21938","60589","82527"
"2017-11-28 00:10","Login.java","30580","83357","113937"
"2016-05-02 18:15","Login.java","25274","69766","95040"
"2019-08-17 17:13","Login.java","177112","256904","434016"
"2012-09-28 18:32","Login.java","10979","16624","27603"
"2019-08-03 08:42","Login.java","177112","257612","434724"
"2019-11-28 12:24","DataTree.java","184120","262908","447028"
"2011-07-13 15:48","DataTree.java","237","1931","2168"
"2011-07-28 07:49","DataTree.java","409","4549","4958"
"2019-10-10 14:37","DataTree.java","183022","260657","443679"
"2019-12-27 22:33","DataTree.java","184120","266680","450800"
"2015-06-06 03:48","DataTree.java","21577","70674","92251"
"2019-11-11 13:59","DataTree.java","183022","264314","447336"
"2018-07-10 13:29","DataTree.java","36580","99886","136466"
"2012-12-19 19:16","DataTree.java","12314","29692","42006"
"2014-04-17 08:47","DataTree.java","19911","53137","73048"
"2014-04-29 02:23","DataTree.java","19917","53849","73766"
"2011-09-15 00:55","DataTree.java","3768","10641","14409"
"2011-09-28 22:17","DataTree.java","4519","11577","16096"
"2018-09-28 23:38","DataTree.java","108680","179812","288492"
"2011-09-17 02:36","DataTree.java","4478","11279","15757"
"2011-10-20 18:48","DataTree.java","5999","11217","17216"
"2019-11-08 17:30","DataTree.java","183022","262518","445540"
"2013-09-05 23:50","DataTree.java","13259","36909","50168"
"2019-01-30 16:28","DataTree.java","182957","233950","416907"
"2019-01-30 17:02","DataTree.java","182957","234494","417451"
"2016-11-24 17:18","DataTree.java","25519","82383","107902"
"2017-09-11 18:55","DataTree.java","28415","84120","112535"
"2012-02-06 10:39","DataTree.java","8097","15874","23971"
"2011-12-21 21:39","DataTree.java","7446","14355","21801"
"2017-02-05 07:22","DataTree.java","25691","83994","109685"
"2014-07-18 02:19","DataTree.java","20743","61428","82171"
"2019-02-07 11:26","DataTree.java","182958","235172","418130"
"2013-03-07 07:01","DataTree.java","12962","34896","47858"
"2018-09-04 11:54","DataTree.java","108453","174501","282954"
"2018-09-05 22:35","DataTree.java","108458","174762","283220"
"2018-12-20 15:17","DataTree.java","182956","230438","413394"
"2019-09-10 09:53","DataTree.java","183022","257953","440975"
"2019-04-12 19:01","DataTree.java","183023","238712","421735"
"2019-07-31 19:06","DataTree.java","183022","256211","439233"
"2019-09-11 10:27","DataTree.java","183022","258260","441282"
"2013-10-22 12:54","DataTree.java","13672","41391","55063"
"2016-03-23 00:30","DataTree.java","24358","74894","99252"
"2019-08-01 07:31","DataTree.java","183022","257575","440597"
"2014-01-24 07:18","DataTree.java","13818","44485","58303"
"2019-08-17 17:13","DataTree.java","183022","256904","439926"
"2019-09-10 15:21","DataTree.java","183022","257947","440969"
"2015-06-04 19:51","DataTree.java","21570","70562","92132"
"2016-10-07 21:51","DataTree.java","24929","78972","103901"
"2017-06-18 19:23","DataTree.java","28136","83527","111663"
"2019-04-12 12:29","DataTree.java","183023","238281","421304"
"2019-08-03 08:42","DataTree.java","183022","257612","440634"
"2019-08-09 16:15","DataTree.java","183022","258360","441382"
"2016-11-13 20:59","DataTree.java","24950","81246","106196"
"2019-04-29 16:49","DataTree.java","183023","240742","423765"
"2019-12-27 22:33","QuorumPeerTestBase.java","229835","265528","495363"
"2019-10-10 14:37","QuorumPeerTestBase.java","228065","258833","486898"
"2019-07-12 17:01","QuorumPeerTestBase.java","228064","250392","478456"
"2019-08-17 17:13","QuorumPeerTestBase.java","228064","255079","483143"
"2017-12-16 01:25","QuorumPeerTestBase.java","441","485","926"
"2018-10-12 10:25","QuorumPeerTestBase.java","205778","228228","434006"
"2019-08-17 17:13","AbstractFourLetterCommand.java","36701","68626","105327"
"2014-06-25 15:04","FastLeaderElection.java","9668","23116","32784"
"2018-12-06 10:56","FastLeaderElection.java","191663","226834","418497"
"2014-07-08 05:25","FastLeaderElection.java","10608","25692","36300"
"2014-07-18 20:48","FastLeaderElection.java","11170","30380","41550"
"2014-03-23 04:12","FastLeaderElection.java","2219","11589","13808"
"2019-10-10 14:37","FastLeaderElection.java","191763","260159","451922"
"2013-10-21 23:36","FastLeaderElection.java","1540","7098","8638"
"2019-09-30 23:22","FastLeaderElection.java","191763","259786","451549"
"2014-07-20 04:50","FastLeaderElection.java","11205","30477","41682"
"2020-04-07 09:07","FastLeaderElection.java","193109","271126","464235"
"2019-01-18 03:42","FastLeaderElection.java","191665","232333","423998"
"2017-09-11 18:55","FastLeaderElection.java","24095","57866","81961"
"2018-08-29 06:26","FastLeaderElection.java","106594","150648","257242"
"2015-02-06 06:17","FastLeaderElection.java","12040","35542","47582"
"2018-04-30 06:34","FastLeaderElection.java","25016","64769","89785"
"2019-08-17 17:13","FastLeaderElection.java","191763","256406","448169"
"2019-08-02 20:08","FastLeaderElection.java","191763","257187","448950"
"2017-01-13 19:29","FastLeaderElection.java","19272","55383","74655"
"2019-08-03 08:42","FastLeaderElection.java","191763","257114","448877"
"2019-10-10 14:37","ClientCnxnSocketNIO.java","3717","7470","11187"
"2020-02-16 10:25","QuorumKerberosHostBasedAuthTest.java","11925","22565","34490"
"2020-01-22 11:08","QuorumKerberosHostBasedAuthTest.java","11649","20092","31741"
"2019-11-29 14:49","QuorumKerberosHostBasedAuthTest.java","9773","16330","26103"
"2019-12-27 22:33","FileTxnSnapLog.java","168825","266740","435565"
"2019-10-10 14:37","FileTxnSnapLog.java","167778","260768","428546"
"2019-12-13 08:51","FileTxnSnapLog.java","168825","264777","433602"
"2017-01-07 01:09","FileTxnSnapLog.java","39685","112724","152409"
"2011-07-13 15:48","FileTxnSnapLog.java","19027","35918","54945"
"2014-02-12 17:00","FileTxnSnapLog.java","30049","76163","106212"
"2012-03-06 09:20","FileTxnSnapLog.java","25336","48725","74061"
"2020-01-23 16:46","FileTxnSnapLog.java","168825","267989","436814"
"2020-01-28 17:26","FileTxnSnapLog.java","168825","268460","437285"
"2011-10-20 20:02","FileTxnSnapLog.java","23905","44314","68219"
"2016-09-18 23:21","FileTxnSnapLog.java","39280","107847","147127"
"2017-01-23 02:13","FileTxnSnapLog.java","39715","113158","152873"
"2011-04-12 09:14","FileTxnSnapLog.java","19674","30384","50058"
"2018-06-08 16:52","FileTxnSnapLog.java","42241","120453","162694"
"2019-09-02 08:23","FileTxnSnapLog.java","167778","257672","425450"
"2011-12-21 21:39","FileTxnSnapLog.java","24820","46926","71746"
"2017-04-28 07:14","FileTxnSnapLog.java","40959","112143","153102"
"2019-07-31 19:06","FileTxnSnapLog.java","167778","256322","424100"
"2018-07-30 06:22","FileTxnSnapLog.java","58968","138835","197803"
"2012-02-06 09:40","FileTxnSnapLog.java","25025","47992","73017"
"2012-07-17 23:25","FileTxnSnapLog.java","27696","54386","82082"
"2020-01-30 09:43","FileTxnSnapLog.java","168825","268536","437361"
"2019-05-14 17:11","FileTxnSnapLog.java","167779","241683","409462"
"2013-06-28 23:22","FileTxnSnapLog.java","29575","68568","98143"
"2014-02-10 21:50","FileTxnSnapLog.java","30023","76025","106048"
"2019-05-21 23:34","FileTxnSnapLog.java","167779","242004","409783"
"2019-05-27 10:54","FileTxnSnapLog.java","167779","242336","410115"
"2017-01-13 19:29","FileTxnSnapLog.java","39695","112937","152632"
"2017-06-26 00:07","FileTxnSnapLog.java","41744","112466","154210"
"2018-02-23 23:49","FileTxnSnapLog.java","42140","118098","160238"
"2017-08-18 06:32","FileTxnSnapLog.java","41838","112562","154400"
"2019-08-17 17:13","FileTxnSnapLog.java","167778","257015","424793"
"2018-02-14 21:23","FileTxnSnapLog.java","42133","117927","160060"
"2019-08-17 17:13","ServerBean.java","90102","257706","347808"
"2019-09-26 08:55","BinaryInputArchive.java","26621","32345","58966"
"2019-09-18 11:20","DataTreeTest.java","31679","56259","87938"
"2019-12-27 22:33","DataTreeTest.java","37945","68291","106236"
"2019-10-09 16:38","DataTreeTest.java","31812","56977","88789"
"2019-07-31 19:06","DataTreeTest.java","8166","29141","37307"
"2019-04-12 19:01","DataTreeTest.java","1062","4537","5599"
"2019-09-10 15:21","DataTreeTest.java","31451","54162","85613"
"2019-08-17 17:13","DataTreeTest.java","30201","51869","82070"
"2019-04-12 12:29","DataTreeTest.java","900","3944","4844"
"2016-08-13 15:01","ReadOnlyZooKeeperServer.java","8242","20499","28741"
"2015-03-08 23:07","ReadOnlyZooKeeperServer.java","1501","6426","7927"
"2019-11-29 14:49","ReadOnlyZooKeeperServer.java","211699","264148","475847"
"2015-03-17 18:06","ReadOnlyZooKeeperServer.java","1635","7608","9243"
"2019-08-17 17:13","ReadOnlyZooKeeperServer.java","210259","256151","466410"
"2019-11-29 14:49","LocalPeerBean.java","5946","4494","10440"
"2020-02-26 22:41","NettyServerCnxnFactory.java","45198","87155","132353"
"2019-10-10 14:37","NettyServerCnxnFactory.java","38431","73487","111918"
"2019-09-10 18:50","NettyServerCnxnFactory.java","37660","70080","107740"
"2019-11-14 03:54","NettyServerCnxnFactory.java","38619","77931","116550"
"2019-02-12 15:25","NettyServerCnxnFactory.java","8490","18618","27108"
"2019-02-15 15:36","NettyServerCnxnFactory.java","8653","19196","27849"
"2019-04-12 19:01","NettyServerCnxnFactory.java","9238","22348","31586"
"2018-12-15 07:34","NettyServerCnxnFactory.java","1705","5581","7286"
"2019-02-13 13:12","NettyServerCnxnFactory.java","8649","18898","27547"
"2019-08-17 17:13","NettyServerCnxnFactory.java","36458","67761","104219"
"2019-11-23 17:08","NettyServerCnxnFactory.java","43538","79542","123080"
"2019-07-03 00:44","NettyServerCnxnFactory.java","13158","32474","45632"
"2019-06-05 00:29","NettyServerCnxnFactory.java","10036","27006","37042"
"2019-07-23 15:55","NettyServerCnxnFactory.java","14516","41827","56343"
"2019-06-24 11:05","NettyServerCnxnFactory.java","11898","30534","42432"
"2019-08-03 08:42","NettyServerCnxnFactory.java","16178","48189","64367"
"2019-08-01 07:31","ObserverRequestProcessor.java","175544","257330","432874"
"2019-08-17 17:13","ObserverRequestProcessor.java","175544","256659","432203"
"2015-06-04 19:51","ObserverRequestProcessor.java","16522","60052","76574"
"2016-10-07 21:51","ObserverRequestProcessor.java","21311","69892","91203"
"2013-03-07 07:01","ObserverRequestProcessor.java","7550","24022","31572"
"2015-03-08 23:07","ObserverRequestProcessor.java","16142","56290","72432"
"2013-10-09 22:21","ObserverRequestProcessor.java","8336","30003","38339"
"2014-07-18 19:46","ObserverRequestProcessor.java","15654","51104","66758"
"2014-03-23 04:12","ObserverRequestProcessor.java","8829","34671","43500"
"2020-03-25 03:38","ObserverRequestProcessor.java","176849","270749","447598"
"2018-12-20 15:13","LocalPeerBean.java","219326","229420","448746"
"2019-11-29 14:49","LocalPeerBean.java","220987","264068","485055"
"2019-08-17 17:13","LocalPeerBean.java","219438","255962","475400"
"2019-11-14 03:54","LocalPeerBean.java","219470","264003","483473"
"2015-12-07 06:06","LocalPeerBean.java","394","1607","2001"
"2018-07-27 12:32","LocalPeerBean.java","34111","48534","82645"
"2018-06-26 11:18","LocalPeerBean.java","14373","27578","41951"
"2019-01-22 06:43","DistributedQueue.java","151637","233203","384840"
"2017-09-11 18:55","DistributedQueue.java","35722","121696","157418"
"2019-08-03 08:42","DistributedQueue.java","151687","257895","409582"
"2019-10-10 14:37","DistributedQueue.java","151687","260940","412627"
"2019-08-27 09:23","DistributedQueue.java","151687","257780","409467"
"2011-04-12 09:14","DistributedQueue.java","21477","48450","69927"
"2019-11-14 16:44","ClientBase.java","318","4592","4910"
"2019-08-01 07:31","ObserverRequestProcessor.java","178405","257603","436008"
"2019-08-17 17:13","ObserverRequestProcessor.java","178405","256932","435337"
"2015-06-04 19:51","ObserverRequestProcessor.java","21330","74960","96290"
"2016-10-07 21:51","ObserverRequestProcessor.java","24594","83275","107869"
"2013-03-07 07:01","ObserverRequestProcessor.java","12977","39549","52526"
"2015-03-08 23:07","ObserverRequestProcessor.java","21015","71263","92278"
"2013-10-09 22:21","ObserverRequestProcessor.java","13596","45363","58959"
"2011-07-15 06:50","ObserverRequestProcessor.java","1495","7880","9375"
"2011-10-28 18:37","ObserverRequestProcessor.java","7062","17162","24224"
"2014-07-18 19:46","ObserverRequestProcessor.java","20663","66213","86876"
"2014-03-23 04:12","ObserverRequestProcessor.java","13945","49887","63832"
"2020-03-25 03:38","ObserverRequestProcessor.java","179499","270811","450310"
"2019-01-30 16:43","AvgMinMaxCounter.java","266","3120","3386"
"2019-04-12 19:01","AvgMinMaxCounter.java","1369","8337","9706"
"2019-08-17 17:13","AvgMinMaxCounter.java","29877","55038","84915"
"2019-05-08 21:54","AvgMinMaxCounter.java","1712","11375","13087"
"2019-10-10 14:37","ClientHammerTest.java","214963","259857","474820"
"2019-08-17 17:13","ClientHammerTest.java","214963","256104","471067"
"2019-07-23 15:55","SSLAuthTest.java","13106","35614","48720"
"2019-08-17 17:13","SSLAuthTest.java","35904","62404","98308"
"2019-06-03 19:40","SSLAuthTest.java","8415","20246","28661"
"2019-02-13 13:12","SSLAuthTest.java","7176","12622","19798"
"2020-02-26 22:41","NettyServerCnxnFactory.java","159614","188218","347832"
"2019-10-10 14:37","NettyServerCnxnFactory.java","157282","178985","336267"
"2019-09-10 18:50","NettyServerCnxnFactory.java","157262","176329","333591"
"2019-11-14 03:54","NettyServerCnxnFactory.java","157336","183295","340631"
"2019-02-12 15:25","NettyServerCnxnFactory.java","154051","150826","304877"
"2018-10-16 16:22","NettyServerCnxnFactory.java","114731","131078","245809"
"2019-02-15 15:36","NettyServerCnxnFactory.java","154137","151327","305464"
"2019-04-12 19:01","NettyServerCnxnFactory.java","154329","154086","308415"
"2018-11-22 17:56","NettyServerCnxnFactory.java","147704","134351","282055"
"2018-12-15 07:34","NettyServerCnxnFactory.java","147705","138228","285933"
"2019-02-13 13:12","NettyServerCnxnFactory.java","154136","151032","305168"
"2019-08-17 17:13","NettyServerCnxnFactory.java","156280","174230","330510"
"2019-11-23 17:08","NettyServerCnxnFactory.java","159461","182112","341573"
"2019-07-03 00:44","NettyServerCnxnFactory.java","155609","161572","317181"
"2019-06-05 00:29","NettyServerCnxnFactory.java","154376","157993","312369"
"2019-07-23 15:55","NettyServerCnxnFactory.java","155610","169568","325178"
"2019-06-24 11:05","NettyServerCnxnFactory.java","155604","160887","316491"
"2019-08-03 08:42","NettyServerCnxnFactory.java","156259","174917","331176"
"2011-04-12 09:14","Fs.java","15099","14937","30036"
"2019-09-20 10:06","TxnLogToolkit.java","28638","42599","71237"
"2019-12-27 22:33","TxnLogToolkit.java","35111","54887","89998"
"2019-11-28 12:24","TxnLogToolkit.java","34666","50670","85336"
"2019-08-17 17:13","TxnLogToolkit.java","26728","37826","64554"
"2019-06-03 19:40","JettyAdminServer.java","222070","241216","463286"
"2019-08-17 17:13","JettyAdminServer.java","222071","255886","477957"
"2019-07-29 17:09","JettyAdminServer.java","222071","252900","474971"
"2020-05-05 09:18","JettyAdminServer.java","223652","271229","494881"
"2019-10-10 14:37","JettyAdminServer.java","222071","259639","481710"
"2019-08-17 17:13","TestUtils.java","220415","255916","476331"
"2019-11-08 17:30","FinalRequestProcessor.java","146571","262801","409372"
"2019-07-08 23:26","FinalRequestProcessor.java","146571","245963","392534"
"2019-01-16 23:23","FinalRequestProcessor.java","146521","233117","379638"
"2018-09-18 01:00","FinalRequestProcessor.java","89241","193167","282408"
"2019-04-12 19:01","FinalRequestProcessor.java","146571","238994","385565"
"2019-02-07 11:26","FinalRequestProcessor.java","146522","235470","381992"
"2019-01-14 19:38","FinalRequestProcessor.java","146521","232429","378950"
"2013-03-07 07:01","FinalRequestProcessor.java","28486","85788","114274"
"2019-01-09 17:22","FinalRequestProcessor.java","146522","235110","381632"
"2011-07-01 00:53","FinalRequestProcessor.java","22212","58946","81158"
"2015-06-04 19:51","FinalRequestProcessor.java","31521","115881","147402"
"2019-09-10 04:26","FinalRequestProcessor.java","146571","258232","404803"
"2019-08-17 17:13","FinalRequestProcessor.java","146571","257187","403758"
"2016-10-07 21:51","FinalRequestProcessor.java","33678","123089","156767"
"2014-01-24 07:18","FinalRequestProcessor.java","29100","95135","124235"
"2019-06-26 10:57","FinalRequestProcessor.java","146571","245037","391608"
"2019-08-01 07:28","FinalRequestProcessor.java","146571","257368","403939"
"2019-07-03 00:44","FinalRequestProcessor.java","146571","245200","391771"
"2016-03-23 00:30","FinalRequestProcessor.java","33218","119122","152340"
"2019-08-06 17:11","FinalRequestProcessor.java","146571","258288","404859"
"2015-03-17 18:06","FinalRequestProcessor.java","31336","113362","144698"
"2018-07-10 12:46","FinalRequestProcessor.java","42899","141595","184494"
"2010-01-25 04:28","FinalRequestProcessor.java","3016","14527","17543"
"2020-03-25 03:38","FinalRequestProcessor.java","147510","270911","418421"
"2019-09-16 23:26","FinalRequestProcessor.java","146571","260206","406777"
"2019-10-10 14:37","FinalRequestProcessor.java","146571","260940","407511"
"2010-01-26 01:17","FinalRequestProcessor.java","3183","15103","18286"
"2009-11-12 20:53","FinalRequestProcessor.java","173","760","933"
"2019-11-21 05:58","FinalRequestProcessor.java","147510","261293","408803"
"2019-11-18 09:05","FinalRequestProcessor.java","147510","261270","408780"
"2012-12-19 19:16","FinalRequestProcessor.java","28121","80867","108988"
"2011-10-20 20:02","FinalRequestProcessor.java","24751","65331","90082"
"2011-04-12 09:14","FinalRequestProcessor.java","21324","53413","74737"
"2011-10-28 18:59","FinalRequestProcessor.java","24902","65733","90635"
"2019-11-11 13:59","FinalRequestProcessor.java","146571","264597","411168"
"2020-03-26 22:12","FinalRequestProcessor.java","147510","270913","418423"
"2014-04-17 08:47","FinalRequestProcessor.java","30502","99096","129598"
"2014-04-29 02:23","FinalRequestProcessor.java","30505","99805","130310"
"2010-03-19 07:46","FinalRequestProcessor.java","11196","32854","44050"
"2010-08-18 08:24","FinalRequestProcessor.java","16189","57233","73422"
"2013-10-09 22:21","FinalRequestProcessor.java","28993","91490","120483"
"2011-09-14 08:56","FinalRequestProcessor.java","20495","65224","85719"
"2019-11-08 17:30","FinalRequestProcessor.java","146226","262861","409087"
"2019-07-08 23:26","FinalRequestProcessor.java","146226","246023","392249"
"2019-01-16 23:23","FinalRequestProcessor.java","146178","233179","379357"
"2018-09-18 01:00","FinalRequestProcessor.java","89133","193464","282597"
"2019-04-12 19:01","FinalRequestProcessor.java","146226","239054","385280"
"2019-02-07 11:26","FinalRequestProcessor.java","146179","235532","381711"
"2019-01-14 19:38","FinalRequestProcessor.java","146178","232491","378669"
"2013-03-07 07:01","FinalRequestProcessor.java","28446","86153","114599"
"2019-01-09 17:22","FinalRequestProcessor.java","146179","235172","381351"
"2011-07-01 00:53","FinalRequestProcessor.java","22197","59336","81533"
"2015-06-04 19:51","FinalRequestProcessor.java","31461","116226","147687"
"2019-09-10 04:26","FinalRequestProcessor.java","146226","258292","404518"
"2019-08-17 17:13","FinalRequestProcessor.java","146226","257247","403473"
"2016-10-07 21:51","FinalRequestProcessor.java","33598","123414","157012"
"2014-01-24 07:18","FinalRequestProcessor.java","29047","95487","124534"
"2019-06-26 10:57","FinalRequestProcessor.java","146226","245097","391323"
"2019-08-01 07:28","FinalRequestProcessor.java","146226","257428","403654"
"2019-07-03 00:44","FinalRequestProcessor.java","146226","245260","391486"
"2016-03-23 00:30","FinalRequestProcessor.java","33142","119451","152593"
"2019-08-06 17:11","FinalRequestProcessor.java","146226","258348","404574"
"2015-03-17 18:06","FinalRequestProcessor.java","31278","113709","144987"
"2018-07-10 12:46","FinalRequestProcessor.java","42794","141895","184689"
"2010-01-25 04:28","FinalRequestProcessor.java","3240","15156","18396"
"2020-03-25 03:38","FinalRequestProcessor.java","147105","270911","418016"
"2019-09-16 23:26","FinalRequestProcessor.java","146226","260266","406492"
"2019-10-10 14:37","FinalRequestProcessor.java","146226","261000","407226"
"2009-11-07 01:48","FinalRequestProcessor.java","298","703","1001"
"2010-01-26 01:17","FinalRequestProcessor.java","3299","15624","18923"
"2009-11-12 20:53","FinalRequestProcessor.java","429","1421","1850"
"2019-11-21 05:58","FinalRequestProcessor.java","147105","261293","408398"
"2019-11-18 09:05","FinalRequestProcessor.java","147105","261270","408375"
"2012-12-19 19:16","FinalRequestProcessor.java","28082","81233","109315"
"2011-10-20 20:02","FinalRequestProcessor.java","24735","65720","90455"
"2011-04-12 09:14","FinalRequestProcessor.java","21310","53804","75114"
"2011-10-28 18:59","FinalRequestProcessor.java","24884","66120","91004"
"2019-11-11 13:59","FinalRequestProcessor.java","146226","264657","410883"
"2020-03-26 22:12","FinalRequestProcessor.java","147105","270913","418018"
"2014-04-17 08:47","FinalRequestProcessor.java","30449","99448","129897"
"2014-04-29 02:23","FinalRequestProcessor.java","30453","100158","130611"
"2010-03-19 07:46","FinalRequestProcessor.java","11305","33368","44673"
"2010-08-18 08:24","FinalRequestProcessor.java","16226","57675","73901"
"2013-10-09 22:21","FinalRequestProcessor.java","28942","91844","120786"
"2011-09-14 08:56","FinalRequestProcessor.java","20481","65615","86096"
"2019-10-10 14:37","Login.java","220352","259669","480021"
"2015-12-09 05:05","Login.java","93","483","576"
"2019-11-11 13:59","Login.java","220384","263358","483742"
"2017-11-28 00:10","Login.java","13302","21851","35153"
"2016-05-02 18:15","Login.java","3523","3787","7310"
"2019-08-17 17:13","Login.java","220352","255916","476268"
"2019-08-03 08:42","Login.java","220352","256624","476976"
"2019-08-17 17:13","GenerateLoad.java","214171","256104","470275"
"2018-08-06 14:11","GenerateLoad.java","36462","56906","93368"
"2015-02-06 06:17","GenerateLoad.java","333","1125","1458"
"2019-09-05 23:12","SessionTracker.java","157193","176131","333324"
"2019-08-17 17:13","SessionTracker.java","156211","174230","330441"
"2019-12-03 10:01","CommandsTest.java","37472","62268","99740"
"2019-11-29 14:49","CommandsTest.java","37478","62228","99706"
"2019-08-17 17:13","CommandsTest.java","29620","47813","77433"
"2019-06-03 19:40","CommandsTest.java","780","4304","5084"
"2019-06-29 00:33","CommandsTest.java","4279","10459","14738"
"2019-11-23 17:08","CommandsTest.java","37142","60036","97178"
"2019-06-04 10:55","CommandsTest.java","949","4626","5575"
"2019-05-27 10:54","CommandsTest.java","579","4092","4671"
"2019-08-17 17:13","MalformedPathException.java","223892","255250","479142"
"2019-10-10 14:37","ObserverZooKeeperServer.java","3717","7470","11187"
"2019-12-27 22:33","LeaderBeanTest.java","230687","265525","496212"
"2019-08-17 17:13","LeaderBeanTest.java","228915","255075","483990"
"2018-08-17 14:40","LeaderBeanTest.java","69933","75296","145229"
"2019-01-07 14:55","LeaderBeanTest.java","228775","229826","458601"
"2018-12-07 12:41","LeaderBeanTest.java","228774","225518","454292"
"2013-09-26 14:05","Zab1_0Test.java","2350","9154","11504"
"2014-05-09 23:37","Zab1_0Test.java","9935","26478","36413"
"2017-01-07 01:09","Zab1_0Test.java","19167","59587","78754"
"2015-12-06 21:30","Zab1_0Test.java","14350","48004","62354"
"2019-12-17 13:48","Zab1_0Test.java","188603","264887","453490"
"2013-11-19 02:03","Zab1_0Test.java","2953","13502","16455"
"2015-07-07 07:11","Zab1_0Test.java","14016","46119","60135"
"2019-12-27 22:33","Zab1_0Test.java","188603","266436","455039"
"2013-10-24 20:41","Zab1_0Test.java","2906","13317","16223"
"2019-10-10 14:37","Zab1_0Test.java","187258","260166","447424"
"2013-11-07 06:41","Zab1_0Test.java","2918","13419","16337"
"2015-05-14 18:40","Zab1_0Test.java","12579","43382","55961"
"2019-08-17 17:13","Zab1_0Test.java","187258","256413","443671"
"2019-06-03 19:40","Zab1_0Test.java","187258","241744","429002"
"2018-05-10 06:00","Zab1_0Test.java","24355","69484","93839"
"2017-11-28 00:10","Zab1_0Test.java","23671","65811","89482"
"2013-10-07 21:08","Zab1_0Test.java","2547","9875","12422"
"2017-08-18 06:32","Zab1_0Test.java","23206","61311","84517"
"2013-03-07 07:01","Zab1_0Test.java","1405","5917","7322"
"2017-02-12 00:12","Zab1_0Test.java","21462","59128","80590"
"2015-07-07 07:11","MultiOperationTest.java","12702","33489","46191"
"2019-09-18 11:20","MultiOperationTest.java","198521","259272","457793"
"2015-11-21 22:18","MultiOperationTest.java","13003","35278","48281"
"2019-06-26 10:57","MultiOperationTest.java","198521","244210","442731"
"2019-08-17 17:13","MultiOperationTest.java","198521","256360","454881"
"2014-10-28 05:35","MultiOperationTest.java","10296","25055","35351"
"2019-08-17 17:13","LeaderElectionBean.java","90102","257706","347808"
"2020-03-12 14:47","CnxManagerTest.java","316","1619","1935"
"2019-10-10 14:37","Login.java","214963","259857","474820"
"2015-12-09 05:05","Login.java","3132","9099","12231"
"2019-11-11 13:59","Login.java","214992","263543","478535"
"2015-11-21 22:18","Login.java","3053","8630","11683"
"2017-11-28 00:10","Login.java","15506","29632","45138"
"2016-05-02 18:15","Login.java","6373","12214","18587"
"2019-08-17 17:13","Login.java","214963","256104","471067"
"2019-08-03 08:42","Login.java","214963","256812","471775"
"2013-09-18 12:58","ClientCnxn.java","10607","27484","38091"
"2015-01-31 08:05","ClientCnxn.java","18618","56801","75419"
"2016-05-02 18:15","ClientCnxn.java","23223","67442","90665"
"2014-01-24 07:18","ClientCnxn.java","11203","34812","46015"
"2019-08-17 17:13","ClientCnxn.java","177223","256742","433965"
"2015-05-10 00:27","ClientCnxn.java","18886","59608","78494"
"2017-12-19 19:27","ClientCnxn.java","28959","81507","110466"
"2019-01-31 15:50","ClientCnxn.java","177163","234349","411512"
"2012-08-02 00:24","ClientCnxn.java","7359","11811","19170"
"2019-04-09 15:35","ClientCnxn.java","177174","237550","414724"
"2013-02-03 15:52","ClientCnxn.java","9761","20574","30335"
"2014-12-20 15:29","ClientCnxn.java","18611","56783","75394"
"2012-03-15 18:01","ClientCnxn.java","4721","6783","11504"
"2019-11-08 17:30","ClientCnxn.java","177251","262384","439635"
"2017-06-08 17:59","ClientCnxn.java","27476","75734","103210"
"2012-09-09 20:24","ClientCnxn.java","7551","12742","20293"
"2019-01-16 14:21","ClientCnxn.java","177163","232662","409825"
"2019-01-07 14:24","ClientCnxn.java","177162","231511","408673"
"2019-03-06 03:32","ClientCnxn.java","177173","236477","413650"
"2015-02-06 06:17","ClientCnxn.java","18690","57068","75758"
"2019-02-07 11:26","ClientCnxn.java","177164","235015","412179"
"2018-11-05 19:40","ClientCnxn.java","158395","236400","394795"
"2020-05-17 15:13","ClientCnxn.java","178456","271920","450376"
"2018-06-25 12:30","ClientCnxn.java","29254","85328","114582"
"2012-12-19 19:16","ClientCnxn.java","9139","19459","28598"
"2020-03-03 03:12","ClientCnxn.java","178452","269706","448158"
"2018-09-10 11:44","ClientCnxn.java","111398","170657","282055"
"2015-06-13 02:42","ClientCnxn.java","19174","61358","80532"
"2014-03-23 04:12","ClientCnxn.java","11452","35698","47150"
"2015-11-09 00:05","ClientCnxn.java","20348","64024","84372"
"2015-12-06 19:58","ClientCnxn.java","20405","64386","84791"
"2020-01-21 17:53","ClientCnxn.java","178452","265967","444419"
"2015-12-05 22:43","ClientCnxn.java","20405","64383","84788"
"2015-12-05 22:32","ClientCnxn.java","20404","64377","84781"
"2019-10-10 14:37","ClientCnxn.java","177223","260495","437718"
"2014-04-01 04:03","ClientCnxn.java","11651","36740","48391"
"2013-09-18 15:14","ClientCnxn.java","10611","27506","38117"
"2013-09-18 04:08","ClientCnxn.java","10610","27401","38011"
"2019-11-21 05:58","ClientCnxn.java","178452","261138","439590"
"2020-04-16 12:50","ClientCnxn.java","178452","271545","449997"
"2018-07-27 05:16","ClientCnxn.java","47186","104412","151598"
"2018-05-09 23:57","EphemeralTypeTest.java","9334","17557","26891"
"2019-08-17 17:13","EphemeralTypeTest.java","223293","255827","479120"
"2019-06-03 19:40","EphemeralTypeTest.java","223292","241157","464449"
"2018-10-18 11:18","EphemeralTypeTest.java","201686","232644","434330"
"2013-01-25 07:46","NIOServerCnxnFactory.java","25837","38794","64631"
"2015-03-17 18:06","NIOServerCnxnFactory.java","34222","76494","110716"
"2019-07-03 00:44","NIOServerCnxnFactory.java","187413","244998","432411"
"2019-08-17 17:13","NIOServerCnxnFactory.java","187413","256985","444398"
"2012-12-19 19:07","NIOServerCnxnFactory.java","25771","37882","63653"
"2019-08-03 08:42","NIOServerCnxnFactory.java","187413","257693","445106"
"2019-04-22 19:15","NIOServerCnxnFactory.java","187414","239768","427182"
"2014-09-28 19:15","NIOServerCnxnFactory.java","33986","72883","106869"
"2018-11-23 11:51","NIOServerCnxnFactory.java","187347","225692","413039"
"2012-08-28 21:51","NIOServerCnxnFactory.java","24333","31889","56222"
"2019-02-13 13:12","NIOServerCnxnFactory.java","187360","235878","423238"
"2014-07-18 02:19","NIOServerCnxnFactory.java","33820","70119","103939"
"2011-08-19 00:05","NIOServerCnxnFactory.java","15526","17925","33451"
"2013-03-07 07:01","NIOServerCnxnFactory.java","26292","43840","70132"
"2018-10-24 04:03","NIOServerCnxnFactory.java","156287","236776","393063"
"2019-04-12 19:01","NIOServerCnxnFactory.java","187414","238793","426207"
"2011-04-12 09:14","NIOServerCnxnFactory.java","14662","5707","20369"
"2018-06-15 08:02","NIOServerCnxnFactory.java","41065","99700","140765"
"2016-06-23 23:45","NIOServerCnxnFactory.java","37099","84960","122059"
"2011-04-06 18:17","NIOServerCnxnFactory.java","13891","4772","18663"
"2014-03-23 04:12","NIOServerCnxnFactory.java","27175","54093","81268"
"2011-12-28 07:07","NIOServerCnxnFactory.java","21452","24098","45550"
"2019-10-10 14:37","NIOServerCnxnFactory.java","187413","260738","448151"
"2019-11-14 03:54","NIOServerCnxnFactory.java","187413","264994","452407"
"2015-07-07 07:11","Base.java","22280","76443","98723"
"2015-07-07 07:11","MultiOperationTest.java","22594","72119","94713"
"2019-09-18 11:20","MultiOperationTest.java","183022","259816","442838"
"2011-10-26 19:00","MultiOperationTest.java","6526","11834","18360"
"2012-12-19 19:16","MultiOperationTest.java","12314","29692","42006"
"2011-09-17 02:13","MultiOperationTest.java","4189","11018","15207"
"2013-12-17 17:55","MultiOperationTest.java","13726","42464","56190"
"2015-11-21 22:18","MultiOperationTest.java","22767","73780","96547"
"2012-01-16 03:32","MultiOperationTest.java","7699","14927","22626"
"2012-03-17 01:31","MultiOperationTest.java","8187","17466","25653"
"2012-02-06 10:58","MultiOperationTest.java","8097","15968","24065"
"2012-02-06 11:13","MultiOperationTest.java","8105","16020","24125"
"2019-06-26 10:57","MultiOperationTest.java","183022","244754","427776"
"2019-08-17 17:13","MultiOperationTest.java","183022","256904","439926"
"2013-02-03 15:52","MultiOperationTest.java","12400","30271","42671"
"2014-10-28 05:35","MultiOperationTest.java","20982","64479","85461"
"2016-07-27 01:33","CliCommand.java","16636","37360","53996"
"2016-11-13 20:59","CliCommand.java","17541","42018","59559"
"2019-01-31 15:55","CliCommand.java","201406","233823","435229"
"2019-08-17 17:13","CliCommand.java","201513","256271","457784"
"2009-05-20 22:16","Leader.java","797","16817","17614"
"2019-08-17 17:13","Leader.java","113845","257558","371403"
"2019-06-29 00:33","Leader.java","113845","245545","359390"
"2019-06-03 19:40","Leader.java","113845","242889","356734"
"2014-05-20 23:42","Leader.java","24208","124912","149120"
"2019-07-15 14:15","Leader.java","113845","252977","366822"
"2015-03-17 18:06","Leader.java","24621","137562","162183"
"2019-07-25 21:41","Leader.java","113845","254041","367886"
"2018-05-10 06:00","Leader.java","28098","156932","185030"
"2018-07-12 01:33","Leader.java","34872","164639","199511"
"2009-11-18 20:06","Leader.java","7631","48346","55977"
"2018-02-07 01:05","Leader.java","28038","154738","182776"
"2017-11-28 00:10","Leader.java","27982","153827","181809"
"2019-06-05 00:33","Leader.java","113845","243279","357124"
"2015-04-10 22:22","Leader.java","24625","138634","163259"
"2011-06-14 07:14","Leader.java","18058","85194","103252"
"2019-08-03 08:42","Leader.java","113845","258266","372111"
"2019-06-05 23:57","Leader.java","113845","243548","357393"
"2012-12-08 00:38","Leader.java","21699","103283","124982"
"2013-10-07 21:08","Leader.java","22597","113630","136227"
"2012-12-31 02:38","Leader.java","22120","105825","127945"
"2017-01-13 19:29","Leader.java","26809","151137","177946"
"2012-07-05 18:01","Leader.java","21526","98184","119710"
"2019-01-07 14:55","Leader.java","113802","232406","346208"
"2019-04-12 19:01","Leader.java","113845","239365","353210"
"2018-12-09 03:16","Leader.java","113802","230173","343975"
"2018-08-17 14:40","Leader.java","48641","180704","229345"
"2019-11-29 14:49","Leader.java","114426","264696","379122"
"2013-03-07 07:01","Leader.java","22438","110655","133093"
"2018-11-27 10:02","Leader.java","113802","227849","341651"
"2015-02-06 06:17","Leader.java","24597","136316","160913"
"2012-02-27 03:41","Leader.java","21212","95506","116718"
"2017-02-15 23:04","Leader.java","27452","148824","176276"
"2014-07-18 02:19","Leader.java","24414","131382","155796"
"2012-01-04 01:15","Leader.java","20984","94400","115384"
"2011-12-28 01:26","Leader.java","20982","94245","115227"
"2018-08-29 06:26","Leader.java","62159","194430","256589"
"2018-08-03 18:52","Leader.java","39508","170773","210281"
"2011-04-29 18:12","Leader.java","17992","83513","101505"
"2013-05-14 14:27","Leader.java","22457","110799","133256"
"2012-02-06 09:40","Leader.java","21019","95072","116091"
"2017-09-11 18:55","Leader.java","27924","149912","177836"
"2018-09-18 01:00","Leader.java","66519","201360","267879"
"2011-10-20 20:02","Leader.java","20653","92148","112801"
"2012-01-14 00:28","Leader.java","20988","94502","115490"
"2012-01-06 02:32","Leader.java","20984","94401","115385"
"2012-03-15 17:47","Leader.java","21224","96497","117721"
"2011-04-12 09:14","Leader.java","17973","83159","101132"
"2010-07-23 06:22","Leader.java","13725","81966","95691"
"2011-09-22 07:42","Leader.java","19129","92416","111545"
"2010-08-18 08:24","Leader.java","14121","88262","102383"
"2016-12-20 14:47","Leader.java","26802","150288","177090"
"2014-07-20 04:50","Leader.java","24440","131929","156369"
"2014-06-10 00:19","Leader.java","24212","125850","150062"
"2016-06-23 23:25","Leader.java","26275","144697","170972"
"2016-06-23 23:45","Leader.java","26275","144805","171080"
"2020-03-25 03:38","Leader.java","114426","270924","385350"
"2014-03-23 04:12","Leader.java","22820","120407","143227"
"2009-10-30 17:19","Leader.java","6793","38635","45428"
"2019-12-27 22:33","Leader.java","114426","266817","381243"
"2009-08-27 20:07","Leader.java","5098","35307","40405"
"2009-08-25 07:45","Leader.java","5094","35300","40394"
"2016-08-13 15:01","Leader.java","26482","145707","172189"
"2013-10-21 23:36","Leader.java","22646","116421","139067"
"2019-10-10 14:37","Leader.java","113845","261311","375156"
"2013-11-07 06:41","Leader.java","22673","116879","139552"
"2019-12-17 13:48","Zab1_0Test.java","225825","264004","489829"
"2019-12-27 22:33","Zab1_0Test.java","225826","265554","491380"
"2019-10-10 14:37","Zab1_0Test.java","224184","258987","483171"
"2019-08-17 17:13","Zab1_0Test.java","224184","255234","479418"
"2019-06-03 19:40","Zab1_0Test.java","224183","240564","464747"
"2018-05-10 06:00","Zab1_0Test.java","1859","8883","10742"
"2017-11-28 00:10","Zab1_0Test.java","765","4800","5565"
"2020-03-26 18:41","ZooKeeperMain.java","123615","270927","394542"
"2016-10-16 14:21","ZooKeeperMain.java","27355","138540","165895"
"2011-05-20 01:17","ZooKeeperMain.java","18522","75338","93860"
"2011-04-12 09:14","ZooKeeperMain.java","18492","74489","92981"
"2020-04-01 17:02","ZooKeeperMain.java","123615","271251","394866"
"2013-10-01 23:18","ZooKeeperMain.java","23291","104734","128025"
"2019-10-10 14:37","ZooKeeperMain.java","123034","261311","384345"
"2015-11-22 00:33","ZooKeeperMain.java","25513","133625","159138"
"2020-03-26 22:19","ZooKeeperMain.java","123615","270996","394611"
"2011-08-18 22:05","ZooKeeperMain.java","16948","78677","95625"
"2011-05-16 19:39","ZooKeeperMain.java","18520","74908","93428"
"2015-11-08 22:54","ZooKeeperMain.java","25478","133297","158775"
"2016-07-27 01:33","ZooKeeperMain.java","27030","136667","163697"
"2014-04-04 00:39","ZooKeeperMain.java","23652","112914","136566"
"2019-11-28 12:24","ZooKeeperMain.java","123615","263045","386660"
"2016-11-13 20:59","ZooKeeperMain.java","27366","140756","168122"
"2019-08-03 08:42","ZooKeeperMain.java","123034","258266","381300"
"2009-06-09 07:04","ZooKeeperMain.java","929","9701","10630"
"2012-03-18 07:03","ZooKeeperMain.java","21933","87974","109907"
"2017-07-28 00:36","ZooKeeperMain.java","28611","140847","169458"
"2016-05-02 18:15","ZooKeeperMain.java","26996","135367","162363"
"2015-03-28 20:08","ZooKeeperMain.java","25343","130084","155427"
"2019-08-17 17:13","ZooKeeperMain.java","123034","257558","380592"
"2009-06-10 01:03","ZooKeeperMain.java","1414","11307","12721"
"2009-06-09 07:12","ZooKeeperMain.java","964","9775","10739"
"2009-07-31 22:32","ZooKeeperMain.java","4345","23497","27842"
"2013-09-02 23:04","ZooKeeperMain.java","23170","103853","127023"
"2018-08-06 14:11","ZooKeeperMain.java","40305","162487","202792"
"2010-11-10 23:36","ZooKeeperMain.java","14734","110729","125463"
"2011-04-12 09:14","GenerateLoad.java","17738","93189","110927"
"2019-08-17 17:13","GenerateLoad.java","103705","257683","361388"
"2014-11-29 16:53","GenerateLoad.java","24052","145182","169234"
"2014-08-14 09:32","GenerateLoad.java","24008","142517","166525"
"2018-08-06 14:11","GenerateLoad.java","34039","175613","209652"
"2015-02-06 06:17","GenerateLoad.java","24108","146030","170138"
"2019-11-29 14:49","QuorumCnxManager.java","208034","264150","472184"
"2018-07-11 06:04","QuorumCnxManager.java","25025","51322","76347"
"2018-08-06 14:11","QuorumCnxManager.java","35642","63712","99354"
"2018-10-16 16:22","QuorumCnxManager.java","186976","234932","421908"
"2019-06-14 09:06","QuorumCnxManager.java","206595","244152","450747"
"2019-08-03 08:42","QuorumCnxManager.java","206595","256862","463457"
"2019-11-13 20:41","QuorumCnxManager.java","206623","263901","470524"
"2019-04-09 16:08","QuorumCnxManager.java","206507","236922","443429"
"2019-08-06 12:52","QuorumCnxManager.java","206595","257127","463722"
"2017-02-09 11:40","QuorumCnxManager.java","10289","31609","41898"
"2019-05-20 23:13","QuorumCnxManager.java","206579","241010","447589"
"2015-04-09 20:16","QuorumCnxManager.java","2030","12733","14763"
"2017-08-23 02:16","QuorumCnxManager.java","15421","34045","49466"
"2019-07-27 20:04","QuorumCnxManager.java","206595","252685","459280"
"2015-05-29 23:46","QuorumCnxManager.java","2801","14020","16821"
"2015-05-14 07:10","QuorumCnxManager.java","2595","13518","16113"
"2020-03-12 14:47","QuorumCnxManager.java","208035","269537","477572"
"2019-08-17 17:13","QuorumCnxManager.java","206595","256154","462749"
"2017-11-28 00:10","QuorumCnxManager.java","15984","38528","54512"
"2019-10-10 14:37","QuorumCnxManager.java","206595","259907","466502"
"2014-07-23 19:36","QuorumCnxManager.java","649","4919","5568"
"2017-06-09 18:37","QuorumCnxManager.java","14145","32473","46618"
"2020-01-23 13:43","QuorumCnxManager.java","208035","267521","475556"
"2019-11-28 12:24","QuorumCnxManager.java","208034","262499","470533"
"2016-06-08 17:43","QuorumCnxManager.java","7890","22641","30531"
"2020-03-23 16:20","QuorumCnxManager.java","208035","269708","477743"
"2020-02-16 10:25","QuorumCnxManager.java","208035","268234","476269"
"2014-07-22 06:45","QuorumCnxManager.java","633","4828","5461"
"2018-07-27 12:32","QuorumCnxManager.java","35439","62897","98336"
"2019-06-26 10:57","ZooDefs.java","203510","244005","447515"
"2015-06-04 19:51","ZooDefs.java","4090","19150","23240"
"2019-08-17 17:13","ZooDefs.java","203510","256155","459665"
"2016-10-07 21:51","ZooDefs.java","10105","30216","40321"
"2017-07-28 00:36","ZooDefs.java","16280","37490","53770"
"2019-01-16 14:21","ZooDefs.java","203402","232027","435429"
"2019-01-07 14:24","ZooDefs.java","203401","230876","434277"
"2019-11-08 17:30","ZooDefs.java","203538","261797","465335"
"2019-07-31 19:06","ZooDefs.java","203510","255462","458972"
"2019-02-07 11:26","ZooDefs.java","203403","234380","437783"
"2019-11-08 17:30","ZooKeeper.java","191","2052","2243"
"2020-04-16 12:50","ZooKeeper.java","10911","20732","31643"
"2020-05-17 15:13","ZooKeeper.java","14474","24666","39140"
"2017-09-11 18:55","QuorumBase.java","15897","30690","46587"
"2019-07-12 17:01","QuorumBase.java","210485","251463","461948"
"2019-08-17 17:13","QuorumBase.java","210485","256150","466635"
"2019-08-01 07:31","QuorumBase.java","210485","256821","467306"
"2018-08-08 06:21","QuorumBase.java","83370","107910","191280"
"2019-10-10 14:37","QuorumBase.java","210485","259903","470388"
"2020-03-25 03:38","QuorumBase.java","211927","270377","482304"
"2019-10-10 14:37","ClientTest.java","187365","260160","447525"
"2019-12-28 16:17","ClientTest.java","188710","266337","455047"
"2014-07-25 01:31","ClientTest.java","11515","35401","46916"
"2017-01-09 22:49","ClientTest.java","19173","59502","78675"
"2014-07-08 20:18","ClientTest.java","11020","30519","41539"
"2017-05-01 17:19","ClientTest.java","21537","60010","81547"
"2018-11-22 17:56","ClientTest.java","187265","225004","412269"
"2017-06-30 22:43","ClientTest.java","22659","60653","83312"
"2019-03-06 03:32","ClientTest.java","187285","236112","423397"
"2019-08-17 17:13","ClientTest.java","187365","256407","443772"
"2020-05-05 21:20","ServerMetrics.java","43010","72513","115523"
"2020-02-26 22:41","ServerMetrics.java","39407","65748","105155"
"2020-03-25 03:38","ServerMetrics.java","39559","68031","107590"
"2019-09-16 23:26","ServerMetrics.java","31204","49910","81114"
"2019-11-18 09:05","ServerMetrics.java","37254","56085","93339"
"2020-05-03 19:43","ServerMetrics.java","40181","69589","109770"
"2019-06-29 00:33","ServerMetrics.java","3971","7645","11616"
"2019-11-23 17:08","ServerMetrics.java","37449","57837","95286"
"2019-08-17 17:13","ServerMetrics.java","29708","45395","75103"
"2019-06-05 00:46","ServerMetrics.java","705","2252","2957"
"2019-06-05 23:57","ServerMetrics.java","707","2384","3091"
"2019-05-21 23:34","ServerMetrics.java","233","908","1141"
"2019-07-23 15:55","ServerMetrics.java","5489","17184","22673"
"2019-07-08 23:26","ServerMetrics.java","4186","8649","12835"
"2019-07-31 19:06","ServerMetrics.java","6967","21961","28928"
"2019-10-10 14:37","Observer.java","32078","51834","83912"
"2019-12-27 22:33","Observer.java","37985","62666","100651"
"2019-07-15 14:15","Observer.java","5223","16645","21868"
"2019-08-23 19:43","Observer.java","29763","46432","76195"
"2019-08-17 17:13","Observer.java","29761","45764","75525"
"2019-06-05 00:33","Observer.java","798","2522","3320"
"2019-07-02 07:34","Observer.java","4142","8088","12230"
"2019-10-10 14:37","BufferSizeTest.java","3717","7470","11187"
"2019-10-10 14:37","ZKDatabase.java","32270","57691","89961"
"2019-12-27 22:33","ZKDatabase.java","37945","68291","106236"
"2019-11-08 17:30","ZKDatabase.java","32424","59706","92130"
"2019-05-14 17:11","ZKDatabase.java","1428","7763","9191"
"2019-04-12 19:01","ZKDatabase.java","1062","4537","5599"
"2019-08-17 17:13","ZKDatabase.java","30201","51869","82070"
"2019-09-10 00:27","ZKDatabase.java","31407","54015","85422"
"2019-04-09 15:35","ZKDatabase.java","710","3235","3945"
"2018-02-07 01:05","LeaderBean.java","7997","11211","19208"
"2018-07-12 01:33","LeaderBean.java","18859","25140","43999"
"2019-07-25 21:41","LeaderBean.java","225902","251759","477661"
"2019-08-17 17:13","LeaderBean.java","225902","255276","481178"
"2019-01-07 14:55","LeaderBean.java","225783","230048","455831"
"2018-08-17 14:40","LeaderBean.java","77111","85688","162799"
"2019-08-17 17:13","NIOServerCnxnTest.java","193589","256369","449958"
"2019-07-03 00:44","NIOServerCnxnTest.java","193589","244382","437971"
"2018-07-12 01:33","NIOServerCnxnTest.java","32572","72259","104831"
"2019-10-10 14:37","QuorumPeerMain.java","179987","260221","440208"
"2020-01-23 13:43","QuorumPeerMain.java","181299","267707","449006"
"2019-11-28 12:24","QuorumPeerMain.java","181299","262686","443985"
"2013-10-09 22:21","QuorumPeerMain.java","4373","21406","25779"
"2020-02-16 10:25","QuorumPeerMain.java","181299","268420","449719"
"2019-04-18 19:17","QuorumPeerMain.java","179971","238969","418940"
"2019-11-11 13:59","QuorumPeerMain.java","180015","263906","443921"
"2019-04-12 19:01","QuorumPeerMain.java","179971","238259","418230"
"2018-09-11 15:23","QuorumPeerMain.java","107645","164852","272497"
"2017-02-13 22:09","QuorumPeerMain.java","21648","66640","88288"
"2014-07-18 02:19","QuorumPeerMain.java","12440","43029","55469"
"2018-08-06 14:11","QuorumPeerMain.java","42704","97696","140400"
"2017-07-28 00:36","QuorumPeerMain.java","23300","68346","91646"
"2019-08-17 17:13","QuorumPeerMain.java","179987","256468","436455"
"2015-03-17 18:06","QuorumPeerMain.java","13351","49913","63264"
"2017-11-28 00:10","QuorumPeerMain.java","23821","73287","97108"
"2019-11-29 14:49","QuorumUtil.java","6123","8927","15050"
"2020-03-12 14:47","QuorumUtil.java","10086","18276","28362"
"2020-03-26 22:20","InstanceContainer.java","12317","25357","37674"
"2019-08-17 17:13","Leader.java","210776","256147","466923"
"2019-06-29 00:33","Leader.java","210776","244134","454910"
"2019-06-03 19:40","Leader.java","210776","241478","452254"
"2019-07-15 14:15","Leader.java","210776","251566","462342"
"2015-03-17 18:06","Leader.java","1408","6860","8268"
"2019-07-25 21:41","Leader.java","210776","252630","463406"
"2018-05-10 06:00","Leader.java","16996","38341","55337"
"2018-07-12 01:33","Leader.java","25484","47762","73246"
"2018-02-07 01:05","Leader.java","16608","35819","52427"
"2017-11-28 00:10","Leader.java","16155","34511","50666"
"2019-06-05 00:33","Leader.java","210776","241868","452644"
"2015-04-10 22:22","Leader.java","1454","7974","9428"
"2019-08-03 08:42","Leader.java","210776","256855","467631"
"2019-06-05 23:57","Leader.java","210776","242137","452913"
"2017-01-13 19:29","Leader.java","9707","26546","36253"
"2019-01-07 14:55","Leader.java","210666","230928","441594"
"2019-04-12 19:01","Leader.java","210760","237938","448698"
"2018-12-09 03:16","Leader.java","210665","228694","439359"
"2018-08-17 14:40","Leader.java","83249","107823","191072"
"2019-11-29 14:49","Leader.java","212220","264148","476368"
"2018-11-27 10:02","Leader.java","210665","226370","437035"
"2015-02-06 06:17","Leader.java","1169","5399","6568"
"2017-02-15 23:04","Leader.java","12638","26521","39159"
"2018-08-29 06:26","Leader.java","106940","131722","238662"
"2018-08-03 18:52","Leader.java","36026","59802","95828"
"2017-09-11 18:55","Leader.java","15717","30216","45933"
"2018-09-18 01:00","Leader.java","112239","139591","251830"
"2016-12-20 14:47","Leader.java","9618","25615","35233"
"2016-06-23 23:25","Leader.java","7513","18446","25959"
"2016-06-23 23:45","Leader.java","7547","18588","26135"
"2020-03-25 03:38","Leader.java","212221","270377","482598"
"2019-12-27 22:33","Leader.java","212220","266269","478489"
"2016-08-13 15:01","Leader.java","8035","19771","27806"
"2019-10-10 14:37","Leader.java","210776","259900","470676"
"2020-05-05 21:20","ServerMetrics.java","42821","70777","113598"
"2020-02-26 22:41","ServerMetrics.java","39172","63966","103138"
"2020-03-25 03:38","ServerMetrics.java","39327","66252","105579"
"2019-09-16 23:26","ServerMetrics.java","30944","48103","79047"
"2019-11-18 09:05","ServerMetrics.java","37008","54292","91300"
"2020-05-03 19:43","ServerMetrics.java","39991","67852","107843"
"2019-06-29 00:33","ServerMetrics.java","3273","5400","8673"
"2019-11-23 17:08","ServerMetrics.java","37203","56044","93247"
"2019-08-17 17:13","ServerMetrics.java","29367","43507","72874"
"2019-07-23 15:55","ServerMetrics.java","4800","14948","19748"
"2019-07-08 23:26","ServerMetrics.java","3493","6409","9902"
"2019-07-31 19:06","ServerMetrics.java","6302","19749","26051"
"2019-11-28 12:24","DataTree.java","179158","262864","442022"
"2019-10-10 14:37","DataTree.java","177849","260402","438251"
"2019-12-27 22:33","DataTree.java","179158","266636","445794"
"2015-06-06 03:48","DataTree.java","15551","56871","72422"
"2019-11-11 13:59","DataTree.java","177877","264087","441964"
"2018-07-10 13:29","DataTree.java","33722","89251","122973"
"2012-12-19 19:16","DataTree.java","4693","14294","18987"
"2014-04-17 08:47","DataTree.java","13645","39094","52739"
"2014-04-29 02:23","DataTree.java","13651","39806","53457"
"2018-09-28 23:38","DataTree.java","109222","172577","281799"
"2019-11-08 17:30","DataTree.java","177877","262291","440168"
"2013-09-05 23:50","DataTree.java","6403","22276","28679"
"2019-01-30 16:28","DataTree.java","177772","233683","411455"
"2019-01-30 17:02","DataTree.java","177772","234227","411999"
"2016-11-24 17:18","DataTree.java","21032","70119","91151"
"2017-09-11 18:55","DataTree.java","24960","72888","97848"
"2017-02-05 07:22","DataTree.java","21215","71741","92956"
"2014-07-18 02:19","DataTree.java","14586","47494","62080"
"2019-02-07 11:26","DataTree.java","177773","234905","412678"
"2013-03-07 07:01","DataTree.java","5967","20124","26091"
"2018-09-04 11:54","DataTree.java","108972","167243","276215"
"2018-09-05 22:35","DataTree.java","108991","167518","276509"
"2018-12-20 15:17","DataTree.java","177771","230171","407942"
"2019-09-10 09:53","DataTree.java","177849","257698","435547"
"2019-04-12 19:01","DataTree.java","177849","238456","416305"
"2019-07-31 19:06","DataTree.java","177849","255956","433805"
"2019-09-11 10:27","DataTree.java","177849","258005","435854"
"2013-10-22 12:54","DataTree.java","6946","26888","33834"
"2016-03-23 00:30","DataTree.java","19604","62363","81967"
"2019-08-01 07:31","DataTree.java","177849","257320","435169"
"2014-01-24 07:18","DataTree.java","7143","30033","37176"
"2019-08-17 17:13","DataTree.java","177849","256649","434498"
"2019-09-10 15:21","DataTree.java","177849","257692","435541"
"2015-06-04 19:51","DataTree.java","15544","56759","72303"
"2016-10-07 21:51","DataTree.java","20426","66692","87118"
"2017-06-18 19:23","DataTree.java","24222","71836","96058"
"2019-04-12 12:29","DataTree.java","177849","238025","415874"
"2019-08-03 08:42","DataTree.java","177849","257357","435206"
"2019-08-09 16:15","DataTree.java","177849","258105","435954"
"2016-11-13 20:59","DataTree.java","20450","68969","89419"
"2019-04-29 16:49","DataTree.java","177849","240486","418335"
"2016-04-24 23:21","ContainerManager.java","4740","6259","10999"
"2019-12-03 19:35","ContainerManager.java","219937","264137","484074"
"2018-05-09 23:57","ContainerManager.java","15133","28407","43540"
"2019-08-17 17:13","ContainerManager.java","218393","255978","474371"
"2016-10-07 21:51","ContainerManager.java","6482","11533","18015"
"2019-06-03 19:40","ContainerManager.java","218392","241308","459700"
"2017-02-05 07:22","ContainerManager.java","7746","17057","24803"
"2019-11-21 05:58","NIOServerCnxn.java","179337","261125","440462"
"2015-11-08 22:36","NIOServerCnxn.java","16744","59443","76187"
"2019-11-18 09:05","NIOServerCnxn.java","179337","261102","440439"
"2013-09-10 00:37","NIOServerCnxn.java","6427","22186","28613"
"2019-09-16 23:26","NIOServerCnxn.java","178028","259668","437696"
"2019-10-10 14:37","NIOServerCnxn.java","178028","260402","438430"
"2013-10-05 00:57","NIOServerCnxn.java","6650","23163","29813"
"2018-09-28 23:38","NIOServerCnxn.java","109265","172441","281706"
"2020-02-11 06:50","NIOServerCnxn.java","179337","268477","447814"
"2019-01-23 14:00","NIOServerCnxn.java","177951","233299","411250"
"2019-07-08 23:26","NIOServerCnxn.java","178028","245425","423453"
"2019-04-12 19:01","NIOServerCnxn.java","178028","238456","416484"
"2019-01-14 19:38","NIOServerCnxn.java","177950","231863","409813"
"2018-11-17 18:33","NIOServerCnxn.java","177948","224644","402592"
"2017-03-04 19:22","NIOServerCnxn.java","23185","70783","93968"
"2013-12-11 19:22","NIOServerCnxn.java","7029","27596","34625"
"2016-12-22 23:23","NIOServerCnxn.java","21140","70728","91868"
"2018-09-18 01:00","NIOServerCnxn.java","109102","169704","278806"
"2019-08-17 17:13","NIOServerCnxn.java","178028","256649","434677"
"2015-06-28 21:09","NIOServerCnxn.java","16485","57876","74361"
"2015-03-28 20:08","NIOServerCnxn.java","15257","54948","70205"
"2019-07-03 00:44","NIOServerCnxn.java","178028","244662","422690"
"2019-08-03 08:42","NIOServerCnxn.java","178028","257357","435385"
"2016-11-16 06:21","NIOServerCnxn.java","20501","69388","89889"
"2012-12-19 19:07","NIOServerCnxn.java","4645","13186","17831"
"2019-06-07 14:13","SessionTest.java","167976","243119","411095"
"2019-08-17 17:13","SessionTest.java","167976","257015","424991"
"2017-09-11 18:55","SessionTest.java","40664","111393","152057"
"2010-11-04 17:01","SessionTest.java","5648","55197","60845"
"2018-09-22 06:48","SessionTest.java","103111","186762","289873"
"2011-10-25 08:09","SessionTest.java","22531","42821","65352"
"2010-08-17 09:24","SessionTest.java","3784","19891","23675"
"2011-04-12 09:14","SessionTest.java","17408","27920","45328"
"2010-08-18 08:24","SessionTest.java","4983","24450","29433"
"2010-10-21 02:44","SessionTest.java","5635","55078","60713"
"2010-08-05 09:09","SessionTest.java","3490","17821","21311"
"2013-12-21 22:05","SessionTest.java","28511","72367","100878"
"2019-10-10 14:37","SessionTest.java","167976","260768","428744"
"2015-07-07 07:11","SessionTest.java","35773","100322","136095"
"2019-12-28 16:17","SessionTest.java","169023","266647","435670"
"2019-08-17 17:13","SerializationPerfTest.java","167976","257015","424991"
"2011-04-12 09:14","SerializationPerfTest.java","17408","27920","45328"
"2011-06-23 18:01","SerializationPerfTest.java","18034","30641","48675"
"2019-10-10 14:37","SerializationPerfTest.java","167976","260768","428744"
"2019-11-21 05:58","NIOServerCnxn.java","227847","260047","487894"
"2019-11-18 09:05","NIOServerCnxn.java","227847","260024","487871"
"2019-09-16 23:26","NIOServerCnxn.java","226243","258295","484538"
"2019-10-10 14:37","NIOServerCnxn.java","226243","259029","485272"
"2018-09-28 23:38","NIOServerCnxn.java","108232","121820","230052"
"2020-02-11 06:50","NIOServerCnxn.java","227849","267401","495250"
"2019-01-23 14:00","NIOServerCnxn.java","226125","231885","458010"
"2019-07-08 23:26","NIOServerCnxn.java","226242","244051","470293"
"2019-04-12 19:01","NIOServerCnxn.java","226224","237064","463288"
"2019-01-14 19:38","NIOServerCnxn.java","226124","230449","456573"
"2018-11-17 18:33","NIOServerCnxn.java","226122","223230","449352"
"2017-03-04 19:22","NIOServerCnxn.java","3744","1754","5498"
"2018-09-18 01:00","NIOServerCnxn.java","107550","118564","226114"
"2019-08-17 17:13","NIOServerCnxn.java","226243","255276","481519"
"2019-07-03 00:44","NIOServerCnxn.java","226242","243288","469530"
"2019-08-03 08:42","NIOServerCnxn.java","226243","255984","482227"
"2019-02-06 09:46","ZooKeeper.java","201735","233868","435603"
"2019-01-16 14:21","ZooKeeper.java","201734","232144","433878"
"2017-04-18 02:02","ZooKeeper.java","21127","44861","65988"
"2019-11-08 17:30","ZooKeeper.java","201869","261913","463782"
"2019-02-07 11:26","ZooKeeper.java","201735","234497","436232"
"2017-05-01 17:19","ZooKeeper.java","21143","45004","66147"
"2019-08-17 17:13","ZooKeeper.java","201841","256271","458112"
"2015-06-04 19:51","ZooKeeper.java","11511","28356","39867"
"2016-10-07 21:51","ZooKeeper.java","17385","39281","56666"
"2015-03-16 09:09","ZooKeeper.java","10502","24303","34805"
"2015-03-17 18:06","ZooKeeper.java","10611","25122","35733"
"2016-05-02 18:15","ZooKeeper.java","16198","35328","51526"
"2019-06-26 10:57","ZooKeeper.java","201841","244121","445962"
"2019-06-03 19:40","ZooKeeper.java","201841","241602","443443"
"2018-05-09 23:57","ZooKeeper.java","24733","54852","79585"
"2019-08-03 08:42","ZooKeeper.java","201841","256979","458820"
"2016-11-13 20:59","ZooKeeper.java","17537","41686","59223"
"2017-07-28 00:36","ZooKeeper.java","23382","46377","69759"
"2017-08-18 23:35","ZooKeeper.java","23480","46960","70440"
"2017-07-04 07:56","ZooKeeper.java","22366","45971","68337"
"2020-04-16 12:50","ZooKeeper.java","203279","271283","474562"
"2018-07-27 05:16","ZooKeeper.java","43342","75479","118821"
"2019-10-10 14:37","ZooKeeper.java","201841","260024","461865"
"2019-02-11 12:34","ZooKeeper.java","201735","234860","436595"
"2014-07-08 20:18","ZooKeeper.java","8830","13717","22547"
"2020-05-17 15:13","ZooKeeper.java","203290","271665","474955"
"2017-01-09 22:49","ZooKeeper.java","18268","43985","62253"
"2019-03-12 19:08","ZooKeeper.java","201752","236305","438057"
"2014-07-22 06:51","ZooKeeper.java","9449","18534","27983"
"2014-04-29 02:23","ZooKeeper.java","7536","9321","16857"
"2013-12-16 05:18","NettyServerCnxnFactory.java","1743","8337","10080"
"2016-06-23 23:45","NettyServerCnxnFactory.java","17504","47817","65321"
"2020-02-26 22:41","NettyServerCnxnFactory.java","193109","268406","461515"
"2019-10-10 14:37","NettyServerCnxnFactory.java","191763","260159","451922"
"2013-10-05 00:57","NettyServerCnxnFactory.java","1217","3752","4969"
"2019-09-10 18:50","NettyServerCnxnFactory.java","191763","257523","449286"
"2019-11-14 03:54","NettyServerCnxnFactory.java","191791","264443","456234"
"2019-02-12 15:25","NettyServerCnxnFactory.java","191666","235134","426800"
"2018-10-16 16:22","NettyServerCnxnFactory.java","172303","235343","407646"
"2019-02-15 15:36","NettyServerCnxnFactory.java","191682","235565","427247"
"2019-04-12 19:01","NettyServerCnxnFactory.java","191747","238197","429944"
"2018-11-22 17:56","NettyServerCnxnFactory.java","191663","225003","416666"
"2018-09-22 06:48","NettyServerCnxnFactory.java","111823","158516","270339"
"2018-12-15 07:34","NettyServerCnxnFactory.java","191663","228879","420542"
"2014-07-18 02:19","NettyServerCnxnFactory.java","10951","29702","40653"
"2019-02-13 13:12","NettyServerCnxnFactory.java","191684","235273","426957"
"2019-08-17 17:13","NettyServerCnxnFactory.java","191763","256406","448169"
"2015-03-17 18:06","NettyServerCnxnFactory.java","12233","36957","49190"
"2015-03-28 20:08","NettyServerCnxnFactory.java","12267","37980","50247"
"2019-11-23 17:08","NettyServerCnxnFactory.java","193109","262453","455562"
"2019-07-03 00:44","NettyServerCnxnFactory.java","191763","244419","436182"
"2019-06-05 00:29","NettyServerCnxnFactory.java","191763","242073","433836"
"2019-07-23 15:55","NettyServerCnxnFactory.java","191763","252414","444177"
"2014-09-28 19:15","NettyServerCnxnFactory.java","11695","33044","44739"
"2019-06-24 11:05","NettyServerCnxnFactory.java","191763","243739","435502"
"2015-01-30 03:23","NettyServerCnxnFactory.java","11944","35240","47184"
"2019-08-03 08:42","NettyServerCnxnFactory.java","191763","257114","448877"
"2018-07-10 12:46","QuorumTest.java","35898","103864","139762"
"2019-08-17 17:13","QuorumTest.java","178405","256932","435337"
"2012-12-13 08:14","QuorumTest.java","11896","31973","43869"
"2011-06-22 00:19","QuorumTest.java","1133","3202","4335"
"2011-07-15 06:50","QuorumTest.java","1495","7880","9375"
"2013-10-09 22:21","QuorumTest.java","13596","45363","58959"
"2011-09-17 02:13","QuorumTest.java","4783","16250","21033"
"2019-10-10 14:37","QuorumTest.java","178405","260685","439090"
"2019-09-18 11:20","QuorumTest.java","178405","259844","438249"
"2019-12-28 16:17","QuorumTest.java","179499","266611","446110"
"2015-11-03 08:11","QuorumTest.java","22368","77463","99831"
"2011-07-29 10:14","QuorumTest.java","1617","10534","12151"
"2020-01-09 11:27","QuorumPeerConfig.java","7587","11937","19524"
"2020-01-23 13:43","QuorumPeerConfig.java","8207","14381","22588"
"2020-02-16 10:25","QuorumPeerConfig.java","9981","16868","26849"
"2020-05-14 18:18","QuorumPeerConfig.java","13954","24066","38020"
"2019-10-10 14:37","ZKDatabase.java","31720","53666","85386"
"2019-12-27 22:33","ZKDatabase.java","37618","64489","102107"
"2019-11-08 17:30","ZKDatabase.java","31890","55697","87587"
"2019-05-14 17:11","ZKDatabase.java","416","3276","3692"
"2019-08-17 17:13","ZKDatabase.java","29620","47813","77433"
"2019-09-10 00:27","ZKDatabase.java","30836","49969","80805"
"2019-11-14 03:54","ServerCnxnFactory.java","71499","81210","152709"
"2019-11-11 13:59","ServerCnxnFactory.java","71429","80541","151970"
"2019-02-13 13:12","ServerCnxnFactory.java","42620","23268","65888"
"2019-08-17 17:13","ServerCnxnFactory.java","69335","71037","140372"
"2019-06-07 14:13","ServerCnxnFactory.java","44031","31837","75868"
"2019-07-03 00:44","ServerCnxnFactory.java","47072","36787","83859"
"2019-09-18 11:20","MultiOperationTest.java","220352","258828","479180"
"2019-06-26 10:57","MultiOperationTest.java","220351","243765","464116"
"2019-08-17 17:13","MultiOperationTest.java","220352","255916","476268"
"2017-06-26 00:07","Util.java","27621","87784","115405"
"2018-02-14 21:23","Util.java","28156","93391","121547"
"2019-08-17 17:13","Util.java","178405","256932","435337"
"2019-04-10 13:19","Util.java","178406","238201","416607"
"2019-12-27 22:33","Util.java","179499","266704","446203"
"2020-03-19 17:09","Learner.java","226324","268866","495190"
"2020-02-03 04:30","Learner.java","226324","267361","493685"
"2020-01-23 13:43","Learner.java","226324","266804","493128"
"2020-03-25 03:38","Learner.java","226324","269662","495986"
"2019-11-28 12:24","Learner.java","226322","261781","488103"
"2019-12-27 22:33","Learner.java","226323","265554","491877"
"2020-01-25 18:48","Learner.java","226324","266994","493318"
"2020-05-03 19:43","Learner.java","226385","270659","497044"
"2019-10-10 14:37","Learner.java","224697","259003","483700"
"2019-06-03 19:40","Learner.java","224696","240580","465276"
"2019-07-15 14:15","Learner.java","224697","250669","475366"
"2019-08-23 19:43","Learner.java","224697","255916","480613"
"2019-08-17 17:13","Learner.java","224697","255250","479947"
"2017-11-28 00:10","Learner.java","2393","5931","8324"
"2018-05-09 00:54","Learner.java","3265","8931","12196"
"2019-04-09 15:35","Learner.java","224603","236013","460616"
"2019-07-12 17:01","Learner.java","224697","250563","475260"
"2017-08-18 06:32","Learner.java","1639","1142","2781"
"2019-07-02 07:34","Learner.java","224696","243192","467888"
"2018-10-16 16:22","Learner.java","202678","231628","434306"
"2018-12-09 03:16","Learner.java","224577","227788","452365"
"2019-11-29 14:49","Learner.java","226322","263432","489754"
"2018-11-27 10:02","Learner.java","224577","225464","450041"
"2018-08-06 14:11","Learner.java","24686","33750","58436"
"2019-08-17 17:13","FollowerResyncConcurrencyTest.java","176966","256742","433708"
"2019-06-03 19:40","FollowerResyncConcurrencyTest.java","176966","242073","419039"
"2013-06-28 23:22","FollowerResyncConcurrencyTest.java","10613","27608","38221"
"2012-03-15 18:01","FollowerResyncConcurrencyTest.java","4791","7110","11901"
"2011-12-09 20:03","FollowerResyncConcurrencyTest.java","3294","3038","6332"
"2015-11-21 22:18","FollowerResyncConcurrencyTest.java","20445","64657","85102"
"2011-11-05 21:57","FollowerResyncConcurrencyTest.java","3271","2548","5819"
"2011-10-25 08:09","FollowerResyncConcurrencyTest.java","2941","1406","4347"
"2019-10-10 14:37","FollowerResyncConcurrencyTest.java","176966","260495","437461"
"2019-12-28 16:17","FollowerResyncConcurrencyTest.java","178195","266556","444751"
"2020-05-05 21:20","ServerMetrics.java","42743","74487","117230"
"2020-02-26 22:41","ServerMetrics.java","39152","67734","106886"
"2020-03-25 03:38","ServerMetrics.java","39299","70012","109311"
"2019-09-16 23:26","ServerMetrics.java","30963","51910","82873"
"2019-11-18 09:05","ServerMetrics.java","37013","58085","95098"
"2020-05-03 19:43","ServerMetrics.java","39921","71570","111491"
"2019-06-29 00:33","ServerMetrics.java","4271","10186","14457"
"2019-11-23 17:08","ServerMetrics.java","37208","59837","97045"
"2019-08-17 17:13","ServerMetrics.java","29670","47598","77268"
"2019-05-06 17:48","ServerMetrics.java","341","2582","2923"
"2019-06-05 00:46","ServerMetrics.java","1008","4796","5804"
"2019-05-03 00:44","ServerMetrics.java","230","2155","2385"
"2019-04-22 19:15","ServerMetrics.java","6","716","722"
"2019-06-05 23:57","ServerMetrics.java","1010","4928","5938"
"2019-05-21 23:34","ServerMetrics.java","561","3477","4038"
"2019-07-23 15:55","ServerMetrics.java","5786","19722","25508"
"2019-07-08 23:26","ServerMetrics.java","4483","11187","15670"
"2019-04-25 02:11","ServerMetrics.java","44","1692","1736"
"2019-07-31 19:06","ServerMetrics.java","7233","24468","31701"
"2012-01-31 07:45","LearnerZooKeeperServer.java","25008","47636","72644"
"2019-08-17 17:13","LearnerZooKeeperServer.java","167718","257015","424733"
"2014-03-21 06:36","LearnerZooKeeperServer.java","30161","76508","106669"
"2016-08-13 15:01","LearnerZooKeeperServer.java","39134","107333","146467"
"2015-03-08 23:07","LearnerZooKeeperServer.java","36862","97729","134591"
"2013-10-09 22:21","LearnerZooKeeperServer.java","29922","72308","102230"
"2019-08-17 17:13","ClientPortBindTest.java","187413","256985","444398"
"2017-01-14 06:32","ClientPortBindTest.java","38150","91814","129964"
"2018-10-08 14:33","ClientPortBindTest.java","156285","233916","390201"
"2016-08-24 01:36","ClientPortBindTest.java","37524","85848","123372"
"2016-07-30 01:02","ClientPortBindTest.java","37357","85447","122804"
"2013-12-21 22:05","ClientPortBindTest.java","26938","51384","78322"
"2019-10-10 14:37","ClientPortBindTest.java","187413","260738","448151"
"2019-06-24 11:05","NettyServerCnxnTest.java","4096","12604","16700"
"2019-07-23 15:55","NettyServerCnxnTest.java","6733","23916","30649"
"2019-08-17 17:13","NettyServerCnxnTest.java","30226","51401","81627"
"2019-06-07 14:13","NettyServerCnxnTest.java","2050","9329","11379"
"2019-08-17 17:13","JKSFileLoaderTest.java","36682","68806","105488"
"2019-10-10 14:37","LeaderSessionTracker.java","3717","7470","11187"
"2019-12-27 22:33","Follower.java","6378","11303","17681"
"2019-11-11 13:55","CommitProcessorTest.java","194","2149","2343"
"2019-09-18 11:20","DataTreeTest.java","37344","66656","104000"
"2019-12-27 22:33","DataTreeTest.java","43446","78524","121970"
"2019-10-09 16:38","DataTreeTest.java","37467","67364","104831"
"2019-01-30 16:28","DataTreeTest.java","6681","10192","16873"
"2019-02-07 11:26","DataTreeTest.java","6824","11556","18380"
"2019-07-31 19:06","DataTreeTest.java","14488","40195","54683"
"2019-04-12 19:01","DataTreeTest.java","7750","15957","23707"
"2019-09-10 15:21","DataTreeTest.java","37121","64564","101685"
"2019-08-17 17:13","DataTreeTest.java","35919","62319","98238"
"2019-04-12 12:29","DataTreeTest.java","7631","15407","23038"
"2019-12-27 22:33","TxnLog.java","226286","265554","491840"
"2018-06-08 16:52","TxnLog.java","4784","11812","16596"
"2019-05-14 17:11","TxnLog.java","224641","239898","464539"
"2019-08-17 17:13","TxnLog.java","224660","255250","479910"
"2017-06-26 00:07","TxnLog.java","1210","748","1958"
"2019-04-12 19:06","TxnLog.java","224641","237028","461669"
"2019-11-28 12:24","DataTree.java","178296","262870","441166"
"2019-10-10 14:37","DataTree.java","176988","260409","437397"
"2019-12-27 22:33","DataTree.java","178296","266642","444938"
"2015-06-06 03:48","DataTree.java","16120","58308","74428"
"2019-11-11 13:59","DataTree.java","177016","264094","441110"
"2018-07-10 13:29","DataTree.java","34091","90488","124579"
"2012-12-19 19:16","DataTree.java","5368","15837","21205"
"2014-04-17 08:47","DataTree.java","14245","40562","54807"
"2014-04-29 02:23","DataTree.java","14251","41274","55525"
"2018-09-28 23:38","DataTree.java","109569","173792","283361"
"2019-11-08 17:30","DataTree.java","177016","262298","439314"
"2013-09-05 23:50","DataTree.java","7048","23789","30837"
"2019-01-30 16:28","DataTree.java","176911","233690","410601"
"2019-01-30 17:02","DataTree.java","176911","234234","411145"
"2016-11-24 17:18","DataTree.java","21528","71483","93011"
"2017-09-11 18:55","DataTree.java","25391","74187","99578"
"2012-02-06 10:39","DataTree.java","766","1634","2400"
"2017-02-05 07:22","DataTree.java","21710","73104","94814"
"2014-07-18 02:19","DataTree.java","15173","48949","64122"
"2019-02-07 11:26","DataTree.java","176912","234912","411824"
"2013-03-07 07:01","DataTree.java","6628","21653","28281"
"2018-09-04 11:54","DataTree.java","109321","168460","277781"
"2018-09-05 22:35","DataTree.java","109340","168735","278075"
"2018-12-20 15:17","DataTree.java","176910","230178","407088"
"2019-09-10 09:53","DataTree.java","176988","257705","434693"
"2019-04-12 19:01","DataTree.java","176988","238463","415451"
"2019-07-31 19:06","DataTree.java","176988","255963","432951"
"2019-09-11 10:27","DataTree.java","176988","258012","435000"
"2013-10-22 12:54","DataTree.java","7551","28361","35912"
"2016-03-23 00:30","DataTree.java","20164","63791","83955"
"2019-08-01 07:31","DataTree.java","176988","257327","434315"
"2014-01-24 07:18","DataTree.java","7745","31503","39248"
"2019-08-17 17:13","DataTree.java","176988","256656","433644"
"2019-09-10 15:21","DataTree.java","176988","257699","434687"
"2015-06-04 19:51","DataTree.java","16113","58196","74309"
"2016-10-07 21:51","DataTree.java","20925","68059","88984"
"2017-06-18 19:23","DataTree.java","24658","73140","97798"
"2019-04-12 12:29","DataTree.java","176988","238032","415020"
"2019-08-03 08:42","DataTree.java","176988","257364","434352"
"2019-08-09 16:15","DataTree.java","176988","258112","435100"
"2016-11-13 20:59","DataTree.java","20946","70333","91279"
"2019-04-29 16:49","DataTree.java","176988","240493","417481"
"2020-05-05 21:20","ServerMetrics.java","43061","72880","115941"
"2020-02-26 22:41","ServerMetrics.java","39459","66116","105575"
"2020-03-25 03:38","ServerMetrics.java","39610","68398","108008"
"2019-09-16 23:26","ServerMetrics.java","31256","50278","81534"
"2019-11-18 09:05","ServerMetrics.java","37306","56453","93759"
"2020-05-03 19:43","ServerMetrics.java","40232","69956","110188"
"2019-06-29 00:33","ServerMetrics.java","4063","8053","12116"
"2019-11-23 17:08","ServerMetrics.java","37501","58205","95706"
"2019-08-17 17:13","ServerMetrics.java","29761","45764","75525"
"2019-05-06 17:48","ServerMetrics.java","111","427","538"
"2019-06-05 00:46","ServerMetrics.java","798","2661","3459"
"2019-06-05 23:57","ServerMetrics.java","800","2793","3593"
"2019-05-21 23:34","ServerMetrics.java","341","1332","1673"
"2019-07-23 15:55","ServerMetrics.java","5581","17592","23173"
"2019-07-08 23:26","ServerMetrics.java","4278","9057","13335"
"2019-07-31 19:06","ServerMetrics.java","7059","22369","29428"
"2019-11-08 17:30","FinalRequestProcessor.java","158337","262647","420984"
"2019-07-08 23:26","FinalRequestProcessor.java","158337","245809","404146"
"2019-01-16 23:23","FinalRequestProcessor.java","158280","232956","391236"
"2018-09-18 01:00","FinalRequestProcessor.java","97437","189743","287180"
"2019-04-12 19:01","FinalRequestProcessor.java","158338","238841","397179"
"2019-02-07 11:26","FinalRequestProcessor.java","158281","235309","393590"
"2019-01-14 19:38","FinalRequestProcessor.java","158279","232267","390546"
"2013-03-07 07:01","FinalRequestProcessor.java","28523","74205","102728"
"2019-01-09 17:22","FinalRequestProcessor.java","158281","234949","393230"
"2011-07-01 00:53","FinalRequestProcessor.java","21791","46605","68396"
"2015-06-04 19:51","FinalRequestProcessor.java","31765","104505","136270"
"2019-09-10 04:26","FinalRequestProcessor.java","158337","258078","416415"
"2019-08-17 17:13","FinalRequestProcessor.java","158337","257033","415370"
"2016-10-07 21:51","FinalRequestProcessor.java","33983","111774","145757"
"2014-01-24 07:18","FinalRequestProcessor.java","29159","83574","112733"
"2019-06-26 10:57","FinalRequestProcessor.java","158337","244883","403220"
"2019-08-01 07:28","FinalRequestProcessor.java","158337","257214","415551"
"2019-07-03 00:44","FinalRequestProcessor.java","158337","245046","403383"
"2016-03-23 00:30","FinalRequestProcessor.java","33513","107797","141310"
"2019-08-06 17:11","FinalRequestProcessor.java","158337","258134","416471"
"2015-03-17 18:06","FinalRequestProcessor.java","31588","101994","133582"
"2018-07-10 12:46","FinalRequestProcessor.java","43737","130813","174550"
"2020-03-25 03:38","FinalRequestProcessor.java","159366","270847","430213"
"2019-09-16 23:26","FinalRequestProcessor.java","158337","260052","418389"
"2019-10-10 14:37","FinalRequestProcessor.java","158337","260786","419123"
"2019-11-21 05:58","FinalRequestProcessor.java","159366","261229","420595"
"2019-11-18 09:05","FinalRequestProcessor.java","159366","261206","420572"
"2012-12-19 19:16","FinalRequestProcessor.java","28120","69246","97366"
"2011-10-20 20:02","FinalRequestProcessor.java","24514","53474","77988"
"2011-04-12 09:14","FinalRequestProcessor.java","20763","40932","61695"
"2011-10-28 18:59","FinalRequestProcessor.java","24719","53930","78649"
"2019-11-11 13:59","FinalRequestProcessor.java","158337","264443","422780"
"2020-03-26 22:12","FinalRequestProcessor.java","159366","270849","430215"
"2014-04-17 08:47","FinalRequestProcessor.java","30665","87639","118304"
"2014-04-29 02:23","FinalRequestProcessor.java","30668","88348","119016"
"2010-03-19 07:46","FinalRequestProcessor.java","9528","19266","28794"
"2010-08-18 08:24","FinalRequestProcessor.java","15339","44463","59802"
"2013-10-09 22:21","FinalRequestProcessor.java","29056","79933","108989"
"2011-09-14 08:56","FinalRequestProcessor.java","20068","53177","73245"
"2019-01-23 14:00","NettyServerCnxn.java","194161","232996","427157"
"2019-02-18 17:05","NettyServerCnxn.java","194178","235545","429723"
"2019-02-12 15:25","NettyServerCnxn.java","194162","235095","429257"
"2017-08-09 20:31","NettyServerCnxn.java","23127","53953","77080"
"2017-04-10 19:19","NettyServerCnxn.java","20849","52220","73069"
"2018-09-07 02:34","NettyServerCnxn.java","111702","153546","265248"
"2019-04-12 19:01","NettyServerCnxn.java","194243","238158","432401"
"2018-11-22 17:56","NettyServerCnxn.java","194159","224964","419123"
"2018-10-24 04:03","NettyServerCnxn.java","174770","235176","409946"
"2018-11-17 18:33","NettyServerCnxn.java","194158","224341","418499"
"2019-01-14 19:38","NettyServerCnxn.java","194160","231560","425720"
"2017-03-04 19:22","NettyServerCnxn.java","20822","51907","72729"
"2018-09-18 01:00","NettyServerCnxn.java","111775","155864","267639"
"2019-08-17 17:13","NettyServerCnxn.java","194259","256367","450626"
"2019-07-03 00:44","NettyServerCnxn.java","194259","244380","438639"
"2015-03-28 20:08","NettyServerCnxn.java","11214","34392","45606"
"2019-11-23 17:08","NettyServerCnxn.java","195607","262416","458023"
"2015-06-28 21:09","NettyServerCnxn.java","12701","37579","50280"
"2019-07-23 15:55","NettyServerCnxn.java","194259","252375","446634"
"2019-05-06 18:32","NettyServerCnxn.java","194243","240705","434948"
"2019-04-22 19:15","NettyServerCnxn.java","194243","239133","433376"
"2019-08-03 08:42","NettyServerCnxn.java","194259","257075","451334"
"2016-12-21 23:32","NettyServerCnxn.java","18299","51311","69610"
"2013-12-16 05:18","NettyServerCnxn.java","534","4593","5127"
"2019-11-18 09:05","NettyServerCnxn.java","195607","260859","456466"
"2015-11-08 22:36","NettyServerCnxn.java","13009","39195","52204"
"2019-11-21 05:58","NettyServerCnxn.java","195607","260882","456489"
"2019-09-16 23:26","NettyServerCnxn.java","194259","259386","453645"
"2019-10-10 14:37","NettyServerCnxn.java","194259","260120","454379"
"2013-10-12 00:04","NettyServerCnxn.java","318","3203","3521"
"2018-09-28 23:38","NettyServerCnxn.java","111938","158601","270539"
"2019-08-17 17:13","ZooKeeperCriticalThreadMetricsTest.java","29620","47813","77433"
"2019-11-29 14:49","Commands.java","822","4223","5045"
"2019-12-03 10:01","Commands.java","825","4272","5097"
"2019-10-10 14:37","LearnerHandler.java","232569","257917","490486"
"2019-07-03 20:54","LearnerHandler.java","232567","242156","474723"
"2018-09-18 01:00","LearnerHandler.java","88846","92422","181268"
"2018-12-09 03:16","LearnerHandler.java","232412","226665","459077"
"2019-04-12 19:01","LearnerHandler.java","232530","235932","468462"
"2019-06-29 00:33","LearnerHandler.java","232567","242149","474716"
"2019-07-25 21:41","LearnerHandler.java","232568","250646","483214"
"2019-08-23 19:43","LearnerHandler.java","232568","254829","487397"
"2019-08-17 17:13","LearnerHandler.java","232568","254163","486731"
"2019-05-06 17:48","LearnerHandler.java","232547","238455","471002"
"2019-08-03 08:42","LearnerHandler.java","232568","254871","487439"
"2019-04-22 19:15","LearnerHandler.java","232530","236907","469437"
"2019-11-28 12:24","DataTree.java","228604","261784","490388"
"2019-10-10 14:37","DataTree.java","226998","259025","486023"
"2019-12-27 22:33","DataTree.java","228605","265557","494162"
"2019-11-11 13:59","DataTree.java","227046","262730","489776"
"2018-07-10 13:29","DataTree.java","18652","23655","42307"
"2018-09-28 23:38","DataTree.java","108147","120976","229123"
"2019-11-08 17:30","DataTree.java","227046","260934","487980"
"2019-01-30 16:28","DataTree.java","226880","232265","459145"
"2019-01-30 17:02","DataTree.java","226880","232809","459689"
"2017-09-11 18:55","DataTree.java","6728","4130","10858"
"2019-02-07 11:26","DataTree.java","226881","233487","460368"
"2018-09-04 11:54","DataTree.java","107298","115043","222341"
"2018-09-05 22:35","DataTree.java","107317","115318","222635"
"2018-12-20 15:17","DataTree.java","226879","228753","455632"
"2019-09-10 09:53","DataTree.java","226998","256321","483319"
"2019-04-12 19:01","DataTree.java","226979","237060","464039"
"2019-07-31 19:06","DataTree.java","226998","254579","481577"
"2019-09-11 10:27","DataTree.java","226998","256628","483626"
"2019-08-01 07:31","DataTree.java","226998","255943","482941"
"2019-08-17 17:13","DataTree.java","226998","255272","482270"
"2019-09-10 15:21","DataTree.java","226998","256315","483313"
"2017-06-18 19:23","DataTree.java","4794","1882","6676"
"2019-04-12 12:29","DataTree.java","226979","236629","463608"
"2019-08-03 08:42","DataTree.java","226998","255980","482978"
"2019-08-09 16:15","DataTree.java","226998","256728","483726"
"2019-04-29 16:49","DataTree.java","226979","239090","466069"
"2019-08-17 17:13","ExitCode.java","232674","254163","486837"
"2018-12-20 07:24","BaseSysTest.java","224174","228546","452720"
"2020-03-26 22:20","BaseSysTest.java","225979","269891","495870"
"2019-07-12 17:01","BaseSysTest.java","224314","250499","474813"
"2019-11-08 17:30","FinalRequestProcessor.java","147158","262801","409959"
"2019-07-08 23:26","FinalRequestProcessor.java","147158","245963","393121"
"2019-01-16 23:23","FinalRequestProcessor.java","147108","233117","380225"
"2018-09-18 01:00","FinalRequestProcessor.java","89466","192805","282271"
"2019-04-12 19:01","FinalRequestProcessor.java","147158","238994","386152"
"2019-02-07 11:26","FinalRequestProcessor.java","147109","235470","382579"
"2019-01-14 19:38","FinalRequestProcessor.java","147108","232429","379537"
"2013-03-07 07:01","FinalRequestProcessor.java","28642","85357","113999"
"2019-01-09 17:22","FinalRequestProcessor.java","147109","235110","382219"
"2011-07-01 00:53","FinalRequestProcessor.java","22343","58490","80833"
"2015-06-04 19:51","FinalRequestProcessor.java","31713","115486","147199"
"2019-09-10 04:26","FinalRequestProcessor.java","147158","258232","405390"
"2019-08-17 17:13","FinalRequestProcessor.java","147158","257187","404345"
"2016-10-07 21:51","FinalRequestProcessor.java","33879","122703","156582"
"2014-01-24 07:18","FinalRequestProcessor.java","29258","94706","123964"
"2019-06-26 10:57","FinalRequestProcessor.java","147158","245037","392195"
"2019-08-01 07:28","FinalRequestProcessor.java","147158","257368","404526"
"2019-07-03 00:44","FinalRequestProcessor.java","147158","245200","392358"
"2016-03-23 00:30","FinalRequestProcessor.java","33419","118736","152155"
"2019-08-06 17:11","FinalRequestProcessor.java","147158","258288","405446"
"2015-03-17 18:06","FinalRequestProcessor.java","31526","112965","144491"
"2018-07-10 12:46","FinalRequestProcessor.java","43112","141221","184333"
"2010-01-25 04:28","FinalRequestProcessor.java","2844","13768","16612"
"2020-03-25 03:38","FinalRequestProcessor.java","148097","270911","419008"
"2019-09-16 23:26","FinalRequestProcessor.java","147158","260206","407364"
"2019-10-10 14:37","FinalRequestProcessor.java","147158","260940","408098"
"2010-01-26 01:17","FinalRequestProcessor.java","3088","14421","17509"
"2019-11-21 05:58","FinalRequestProcessor.java","148097","261293","409390"
"2019-11-18 09:05","FinalRequestProcessor.java","148097","261270","409367"
"2012-12-19 19:16","FinalRequestProcessor.java","28277","80436","108713"
"2011-10-20 20:02","FinalRequestProcessor.java","24885","64878","89763"
"2011-04-12 09:14","FinalRequestProcessor.java","21455","52957","74412"
"2011-10-28 18:59","FinalRequestProcessor.java","25036","65280","90316"
"2019-11-11 13:59","FinalRequestProcessor.java","147158","264597","411755"
"2020-03-26 22:12","FinalRequestProcessor.java","148097","270913","419010"
"2014-04-17 08:47","FinalRequestProcessor.java","30662","98669","129331"
"2014-04-29 02:23","FinalRequestProcessor.java","30665","99378","130043"
"2010-03-19 07:46","FinalRequestProcessor.java","11126","32197","43323"
"2010-08-18 08:24","FinalRequestProcessor.java","16311","56768","73079"
"2013-10-09 22:21","FinalRequestProcessor.java","29151","91061","120212"
"2011-09-14 08:56","FinalRequestProcessor.java","20627","64769","85396"
"2019-10-10 14:37","X509Util.java","3717","7470","11187"
"2019-06-07 14:13","SessionTest.java","187413","243089","430502"
"2019-08-17 17:13","SessionTest.java","187413","256985","444398"
"2017-09-11 18:55","SessionTest.java","40622","91941","132563"
"2010-11-04 17:01","SessionTest.java","711","30793","31504"
"2018-09-22 06:48","SessionTest.java","119536","183777","303313"
"2011-10-25 08:09","SessionTest.java","20509","21389","41898"
"2011-04-12 09:14","SessionTest.java","14662","5707","20369"
"2010-10-21 02:44","SessionTest.java","696","30672","31368"
"2013-12-21 22:05","SessionTest.java","26938","51384","78322"
"2019-10-10 14:37","SessionTest.java","187413","260738","448151"
"2015-07-07 07:11","SessionTest.java","35370","80509","115879"
"2019-12-28 16:17","SessionTest.java","188486","266643","455129"
"2020-03-25 03:38","FollowerRequestProcessor.java","10199","19231","29430"
"2020-05-05 21:20","FollowerRequestProcessor.java","13879","23942","37821"
"2019-08-17 17:13","AsyncOpsTest.java","178405","256932","435337"
"2012-12-19 19:16","AsyncOpsTest.java","12465","34481","46946"
"2014-06-25 19:06","AsyncOpsTest.java","20008","60555","80563"
"2019-10-10 14:37","AsyncOpsTest.java","178405","260685","439090"
"2013-05-11 14:51","FLETest.java","18165","142145","160310"
"2019-10-10 14:37","FLETest.java","72583","261463","334046"
"2013-10-21 23:36","FLETest.java","18267","147767","166034"
"2013-10-02 20:19","FLETest.java","18240","144629","162869"
"2010-03-13 01:06","FLETest.java","13556","109397","122953"
"2014-06-25 15:04","FLETest.java","19654","157044","176698"
"2010-03-31 06:26","FLETest.java","14061","110149","124210"
"2011-09-17 02:13","FLETest.java","16696","125533","142229"
"2016-06-02 00:59","FLETest.java","19998","173776","193774"
"2011-04-12 09:14","FLETest.java","15231","121831","137062"
"2011-12-23 20:46","FLETest.java","17039","126001","143040"
"2011-04-29 18:12","FLETest.java","15248","122183","137431"
"2017-09-11 18:55","FLETest.java","20838","178551","199389"
"2012-04-23 01:20","FLETest.java","17274","129378","146652"
"2008-10-14 18:44","FLETest.java","3176","11125","14301"
"2009-07-17 00:09","FLETest.java","11270","80981","92251"
"2009-06-18 18:37","FLETest.java","10902","72522","83424"
"2009-06-03 07:14","FLETest.java","10771","70151","80922"
"2019-08-17 17:13","FLETest.java","72583","257710","330293"
"2020-02-04 10:39","SaslQuorumAuthLearner.java","9944","16675","26619"
"2013-09-26 14:05","Zab1_0Test.java","4170","16879","21049"
"2014-05-09 23:37","Zab1_0Test.java","11695","34143","45838"
"2017-01-07 01:09","Zab1_0Test.java","19850","66175","86025"
"2015-12-06 21:30","Zab1_0Test.java","15411","54970","70381"
"2019-12-17 13:48","Zab1_0Test.java","182716","264905","447621"
"2013-11-19 02:03","Zab1_0Test.java","4739","21193","25932"
"2015-07-07 07:11","Zab1_0Test.java","15082","53090","68172"
"2019-12-27 22:33","Zab1_0Test.java","182716","266454","449170"
"2013-10-24 20:41","Zab1_0Test.java","4698","21014","25712"
"2019-10-10 14:37","Zab1_0Test.java","181404","260217","441621"
"2013-11-07 06:41","Zab1_0Test.java","4708","21114","25822"
"2015-05-14 18:40","Zab1_0Test.java","13811","50519","64330"
"2019-08-17 17:13","Zab1_0Test.java","181404","256464","437868"
"2019-06-03 19:40","Zab1_0Test.java","181404","241795","423199"
"2018-05-10 06:00","Zab1_0Test.java","24868","75902","100770"
"2017-11-28 00:10","Zab1_0Test.java","24198","72243","96441"
"2013-10-07 21:08","Zab1_0Test.java","4366","17599","21965"
"2012-12-31 02:38","Zab1_0Test.java","1936","7841","9777"
"2017-08-18 06:32","Zab1_0Test.java","23750","67760","91510"
"2013-03-07 07:01","Zab1_0Test.java","3294","13711","17005"
"2012-12-13 08:25","Zab1_0Test.java","1354","5319","6673"
"2017-02-12 00:12","Zab1_0Test.java","22022","65593","87615"
"2020-05-05 21:20","ServerMetrics.java","42830","73864","116694"
"2020-02-26 22:41","ServerMetrics.java","39239","67111","106350"
"2020-03-25 03:38","ServerMetrics.java","39386","69389","108775"
"2019-09-16 23:26","ServerMetrics.java","31050","51287","82337"
"2019-11-18 09:05","ServerMetrics.java","37100","57462","94562"
"2020-05-03 19:43","ServerMetrics.java","40008","70947","110955"
"2019-06-29 00:33","ServerMetrics.java","4270","9475","13745"
"2019-11-23 17:08","ServerMetrics.java","37295","59214","96509"
"2019-08-17 17:13","ServerMetrics.java","29757","46975","76732"
"2019-05-06 17:48","ServerMetrics.java","335","1866","2201"
"2019-06-05 00:46","ServerMetrics.java","1007","4085","5092"
"2019-05-03 00:44","ServerMetrics.java","224","1439","1663"
"2019-06-05 23:57","ServerMetrics.java","1009","4217","5226"
"2019-05-21 23:34","ServerMetrics.java","560","2766","3326"
"2019-07-23 15:55","ServerMetrics.java","5788","19014","24802"
"2019-07-08 23:26","ServerMetrics.java","4485","10479","14964"
"2019-04-25 02:11","ServerMetrics.java","38","976","1014"
"2019-07-31 19:06","ServerMetrics.java","7235","23760","30995"
"2020-05-05 21:20","ServerMetrics.java","42845","70671","113516"
"2020-02-26 22:41","ServerMetrics.java","39196","63860","103056"
"2020-03-25 03:38","ServerMetrics.java","39351","66146","105497"
"2019-09-16 23:26","ServerMetrics.java","30967","47996","78963"
"2019-11-18 09:05","ServerMetrics.java","37032","54186","91218"
"2020-05-03 19:43","ServerMetrics.java","40015","67746","107761"
"2019-06-29 00:33","ServerMetrics.java","3271","5268","8539"
"2019-11-23 17:08","ServerMetrics.java","37227","55938","93165"
"2019-08-17 17:13","ServerMetrics.java","29390","43400","72790"
"2019-07-23 15:55","ServerMetrics.java","4798","14816","19614"
"2019-07-08 23:26","ServerMetrics.java","3491","6277","9768"
"2019-07-31 19:06","ServerMetrics.java","6305","19622","25927"
"2019-08-17 17:13","ACLCountTest.java","174901","256904","431805"
"2013-12-21 22:05","ACLCountTest.java","14263","38521","52784"
"2016-08-24 01:36","ACLCountTest.java","25578","73714","99292"
"2018-06-08 16:52","ZooKeeperServerMain.java","27565","165857","193422"
"2019-04-18 19:17","ZooKeeperServerMain.java","104828","240114","344942"
"2011-04-12 09:14","ZooKeeperServerMain.java","17853","92095","109948"
"2019-11-11 13:59","ZooKeeperServerMain.java","104827","265006","369833"
"2012-03-06 09:20","ZooKeeperServerMain.java","21030","104499","125529"
"2010-08-18 08:24","ZooKeeperServerMain.java","14070","97267","111337"
"2019-11-28 12:24","ZooKeeperServerMain.java","105372","263047","368419"
"2019-11-25 15:37","ZooKeeperServerMain.java","105372","262949","368321"
"2016-08-13 15:01","ZooKeeperServerMain.java","26142","154361","180503"
"2009-06-05 06:44","ZooKeeperServerMain.java","2594","29527","32121"
"2015-06-04 19:51","ZooKeeperServerMain.java","24351","148620","172971"
"2019-08-17 17:13","ZooKeeperServerMain.java","104827","257596","362423"
"2015-03-17 18:06","ZooKeeperServerMain.java","24297","146232","170529"
"2017-07-28 00:36","ZooKeeperServerMain.java","27340","157759","185099"
"2013-12-07 11:16","ZooKeeperServerMain.java","22374","125672","148046"
"2019-04-12 19:01","ZooKeeperServerMain.java","104828","239404","344232"
"2018-09-11 15:23","ZooKeeperServerMain.java","61141","203721","264862"
"2014-07-18 02:19","ZooKeeperServerMain.java","24102","140064","164166"
"2017-02-12 00:12","ZooKeeperServerMain.java","27045","157410","184455"
"2020-05-05 21:20","ServerMetrics.java","43094","71922","115016"
"2020-02-26 22:41","ServerMetrics.java","39483","65149","104632"
"2020-03-25 03:38","ServerMetrics.java","39636","67433","107069"
"2019-09-16 23:26","ServerMetrics.java","31272","49303","80575"
"2019-11-18 09:05","ServerMetrics.java","37326","55482","92808"
"2020-05-03 19:43","ServerMetrics.java","40264","68997","109261"
"2019-06-29 00:33","ServerMetrics.java","3801","6800","10601"
"2019-11-23 17:08","ServerMetrics.java","37521","57234","94755"
"2019-08-17 17:13","ServerMetrics.java","29712","44724","74436"
"2019-06-05 00:46","ServerMetrics.java","533","1405","1938"
"2019-06-05 23:57","ServerMetrics.java","535","1537","2072"
"2019-07-23 15:55","ServerMetrics.java","5320","16340","21660"
"2019-07-08 23:26","ServerMetrics.java","4017","7805","11822"
"2019-07-31 19:06","ServerMetrics.java","6822","21141","27963"
"2019-08-17 17:13","PortAssignment.java","35904","62404","98308"
"2019-10-10 14:37","PortAssignment.java","37897","68150","106047"
"2019-08-17 17:13","ClientPortBindTest.java","167976","257015","424991"
"2017-01-14 06:32","ClientPortBindTest.java","38350","111424","149774"
"2018-10-08 14:33","ClientPortBindTest.java","137046","234087","371133"
"2016-08-24 01:36","ClientPortBindTest.java","37909","105643","143552"
"2016-07-30 01:02","ClientPortBindTest.java","37749","105249","142998"
"2010-08-18 08:24","ClientPortBindTest.java","4983","24450","29433"
"2013-12-21 22:05","ClientPortBindTest.java","28511","72367","100878"
"2019-10-10 14:37","ClientPortBindTest.java","167976","260768","428744"
"2019-12-27 22:33","ZooKeeperServer.java","875","4647","5522"
"2019-12-03 10:01","ZooKeeperServer.java","512","2209","2721"
"2020-03-25 03:38","ZooKeeperServer.java","4728","12607","17335"
"2020-04-12 11:14","ZooKeeperServer.java","5421","14053","19474"
"2019-09-18 11:20","DataTreeTest.java","154690","178131","332821"
"2019-12-27 22:33","DataTreeTest.java","156895","186102","342997"
"2019-10-09 16:38","DataTreeTest.java","154693","178719","333412"
"2019-01-30 16:28","DataTreeTest.java","151468","149108","300576"
"2019-02-07 11:26","DataTreeTest.java","151475","150336","301811"
"2018-12-20 15:17","DataTreeTest.java","145134","139263","284397"
"2019-07-31 19:06","DataTreeTest.java","153670","173506","327176"
"2019-04-12 19:01","DataTreeTest.java","151753","154089","305842"
"2019-09-10 15:21","DataTreeTest.java","154686","176258","330944"
"2019-08-17 17:13","DataTreeTest.java","153704","174233","327937"
"2019-04-12 12:29","DataTreeTest.java","151753","153658","305411"
"2019-11-28 12:24","DataTree.java","211699","262497","474196"
"2019-10-10 14:37","DataTree.java","210259","259904","470163"
"2019-12-27 22:33","DataTree.java","211699","266269","477968"
"2015-06-06 03:48","DataTree.java","2609","11021","13630"
"2019-11-11 13:59","DataTree.java","210287","263589","473876"
"2018-07-10 13:29","DataTree.java","25563","48184","73747"
"2018-09-28 23:38","DataTree.java","113030","143477","256507"
"2019-11-08 17:30","DataTree.java","210287","261793","472080"
"2019-01-30 16:28","DataTree.java","210151","233154","443305"
"2019-01-30 17:02","DataTree.java","210151","233698","443849"
"2016-11-24 17:18","DataTree.java","9607","25786","35393"
"2017-09-11 18:55","DataTree.java","15900","30920","46820"
"2017-02-05 07:22","DataTree.java","10024","27642","37666"
"2019-02-07 11:26","DataTree.java","210152","234376","444528"
"2018-09-04 11:54","DataTree.java","112204","137567","249771"
"2018-09-05 22:35","DataTree.java","112223","137842","250065"
"2018-12-20 15:17","DataTree.java","210150","229642","439792"
"2019-09-10 09:53","DataTree.java","210259","257200","467459"
"2019-04-12 19:01","DataTree.java","210243","237942","448185"
"2019-07-31 19:06","DataTree.java","210259","255458","465717"
"2019-09-11 10:27","DataTree.java","210259","257507","467766"
"2016-03-23 00:30","DataTree.java","7253","17104","24357"
"2019-08-01 07:31","DataTree.java","210259","256822","467081"
"2019-08-17 17:13","DataTree.java","210259","256151","466410"
"2019-09-10 15:21","DataTree.java","210259","257194","467453"
"2015-06-04 19:51","DataTree.java","2599","10906","13505"
"2016-10-07 21:51","DataTree.java","8798","22156","30954"
"2017-06-18 19:23","DataTree.java","14021","28727","42748"
"2019-04-12 12:29","DataTree.java","210243","237511","447754"
"2019-08-03 08:42","DataTree.java","210259","256859","467118"
"2019-08-09 16:15","DataTree.java","210259","257607","467866"
"2016-11-13 20:59","DataTree.java","8995","24606","33601"
"2019-04-29 16:49","DataTree.java","210243","239972","450215"
"2019-12-03 19:35","ContainerManager.java","9782","16397","26179"
"2019-08-17 17:13","ZkDatabaseCorruptionTest.java","200499","256292","456791"
"2019-10-10 14:37","ZkDatabaseCorruptionTest.java","200499","260045","460544"
"2014-05-15 03:35","ZkDatabaseCorruptionTest.java","7761","10951","18712"
"2018-04-06 06:04","ZkDatabaseCorruptionTest.java","24236","54221","78457"
"2016-08-24 01:36","ZkDatabaseCorruptionTest.java","17098","39024","56122"
"2019-07-29 17:15","Utils.java","212758","253728","466486"
"2013-10-05 00:57","ServerCnxnFactory.java","1217","3752","4969"
"2019-11-14 03:54","ServerCnxnFactory.java","191791","264443","456234"
"2019-11-11 13:59","ServerCnxnFactory.java","191791","263844","455635"
"2017-04-19 01:19","ServerCnxnFactory.java","21705","55653","77358"
"2018-10-24 04:03","ServerCnxnFactory.java","172303","235244","407547"
"2014-07-18 02:19","ServerCnxnFactory.java","10951","29702","40653"
"2019-02-13 13:12","ServerCnxnFactory.java","191684","235273","426957"
"2017-10-07 21:22","ServerCnxnFactory.java","24114","57942","82056"
"2019-08-17 17:13","ServerCnxnFactory.java","191763","256406","448169"
"2019-06-07 14:13","ServerCnxnFactory.java","191763","242510","434273"
"2019-07-03 00:44","ServerCnxnFactory.java","191763","244419","436182"
"2015-03-17 18:06","ServerCnxnFactory.java","12233","36957","49190"
"2015-03-28 20:08","ServerCnxnFactory.java","12267","37980","50247"
"2016-05-02 18:15","ServerCnxnFactory.java","17325","46668","63993"
"2019-09-18 11:20","DataTreeTest.java","26788","30393","57181"
"2019-12-27 22:33","DataTreeTest.java","33459","42830","76289"
"2019-10-09 16:38","DataTreeTest.java","26948","31138","58086"
"2019-09-10 15:21","DataTreeTest.java","26338","28074","54412"
"2019-08-17 17:13","DataTreeTest.java","24762","25455","50217"
"2018-07-10 13:29","QuorumPeerInstance.java","25353","40879","66232"
"2018-12-20 07:24","QuorumPeerInstance.java","217165","229462","446627"
"2015-12-06 21:30","QuorumPeerInstance.java","2592","5888","8480"
"2019-07-12 17:01","QuorumPeerInstance.java","217277","251387","468664"
"2017-09-11 18:55","QuorumPeerInstance.java","14775","22700","37475"
"2019-10-10 14:37","SessionTrackerImpl.java","157213","178985","336198"
"2019-09-20 10:02","SessionTrackerImpl.java","157197","178136","335333"
"2020-03-26 22:16","SessionTrackerImpl.java","159632","190443","350075"
"2019-09-05 23:12","SessionTrackerImpl.java","157193","176131","333324"
"2019-08-17 17:13","SessionTrackerImpl.java","156211","174230","330441"
"2019-04-22 19:15","SessionTrackerImpl.java","154260","155061","309321"
"2019-08-17 17:13","LsCommand.java","222239","255885","478124"
"2019-01-31 15:55","LsCommand.java","222121","233426","455547"
"2017-05-27 00:52","LsCommand.java","6039","8327","14366"
"2020-01-09 22:51","LsCommand.java","223820","265568","489388"
"2019-12-28 16:17","LsCommand.java","223819","266050","489869"
"2019-12-03 10:01","CommandsTest.java","3","49","52"
"2015-07-07 07:11","MultiOperationTest.java","16916","59213","76129"
"2019-09-18 11:20","MultiOperationTest.java","177301","259562","436863"
"2012-12-19 19:16","MultiOperationTest.java","5105","15255","20360"
"2013-12-17 17:55","MultiOperationTest.java","7392","28902","36294"
"2015-11-21 22:18","MultiOperationTest.java","17172","60957","78129"
"2012-03-17 01:31","MultiOperationTest.java","610","2661","3271"
"2012-02-06 10:58","MultiOperationTest.java","485","1128","1613"
"2012-02-06 11:13","MultiOperationTest.java","493","1180","1673"
"2019-06-26 10:57","MultiOperationTest.java","177301","244500","421801"
"2019-08-17 17:13","MultiOperationTest.java","177301","256650","433951"
"2013-02-03 15:52","MultiOperationTest.java","5739","16382","22121"
"2014-10-28 05:35","MultiOperationTest.java","15209","51478","66687"
"2019-06-07 14:13","TruncateTest.java","223829","241353","465182"
"2019-08-17 17:13","TruncateTest.java","223830","255250","479080"
"2018-05-09 23:57","TruncateTest.java","3673","10782","14455"
"2019-07-12 17:01","TruncateTest.java","223830","250563","474393"
"2017-08-18 06:32","TruncateTest.java","1998","2368","4366"
"2017-09-11 18:55","TruncateTest.java","2173","2721","4894"
"2020-01-28 17:26","TruncateTest.java","225457","267275","492732"
"2011-04-12 09:14","Base.java","15865","10270","26135"
"2015-07-07 07:11","Base.java","35426","83925","119351"
"2015-07-07 07:11","MultiOperationTest.java","16572","56818","73390"
"2019-09-18 11:20","MultiOperationTest.java","179204","259414","438618"
"2012-12-19 19:16","MultiOperationTest.java","4600","12699","17299"
"2013-12-17 17:55","MultiOperationTest.java","6994","26453","33447"
"2015-11-21 22:18","MultiOperationTest.java","16835","58569","75404"
"2019-06-26 10:57","MultiOperationTest.java","179204","244352","423556"
"2019-08-17 17:13","MultiOperationTest.java","179204","256502","435706"
"2013-02-03 15:52","MultiOperationTest.java","5263","13855","19118"
"2014-10-28 05:35","MultiOperationTest.java","14830","49048","63878"
"2014-02-12 17:00","LearnerHandler.java","55905","50325","106230"
"2014-03-23 04:12","LearnerHandler.java","56042","50849","106891"
"2019-10-10 14:37","LearnerHandler.java","219580","260725","480305"
"2015-06-05 20:38","LearnerHandler.java","63393","75891","139284"
"2015-06-05 20:51","LearnerHandler.java","63393","75918","139311"
"2015-06-12 23:02","LearnerHandler.java","63406","76029","139435"
"2011-04-12 09:14","LearnerHandler.java","42556","1421","43977"
"2013-09-26 14:05","LearnerHandler.java","55392","43121","98513"
"2019-07-03 20:54","LearnerHandler.java","219580","244966","464546"
"2011-09-14 08:56","LearnerHandler.java","44248","17112","61360"
"2011-08-30 08:37","LearnerHandler.java","44085","15740","59825"
"2011-09-17 02:36","LearnerHandler.java","47270","17574","64844"
"2012-04-23 01:20","LearnerHandler.java","52951","26550","79501"
"2013-06-28 23:22","LearnerHandler.java","55362","42661","98023"
"2018-09-18 01:00","LearnerHandler.java","148859","180920","329779"
"2012-02-06 09:40","LearnerHandler.java","50199","21472","71671"
"2013-05-14 14:27","LearnerHandler.java","55147","40709","95856"
"2018-08-03 18:52","LearnerHandler.java","87142","115627","202769"
"2018-12-09 03:16","LearnerHandler.java","219514","229564","449078"
"2019-04-12 19:01","LearnerHandler.java","219581","238780","458361"
"2013-03-07 07:01","LearnerHandler.java","55117","40554","95671"
"2017-11-28 00:10","LearnerHandler.java","69903","92968","162871"
"2019-06-29 00:33","LearnerHandler.java","219580","244959","464539"
"2013-05-11 15:35","LearnerHandler.java","55124","40609","95733"
"2019-07-25 21:41","LearnerHandler.java","219580","253455","473035"
"2019-08-23 19:43","LearnerHandler.java","219580","257638","477218"
"2019-08-17 17:13","LearnerHandler.java","219580","256972","476552"
"2017-06-26 00:16","LearnerHandler.java","69570","88592","158162"
"2017-08-03 20:28","LearnerHandler.java","69596","88266","157862"
"2012-07-29 07:02","LearnerHandler.java","53004","28006","81010"
"2019-05-06 17:48","LearnerHandler.java","219581","241286","460867"
"2019-08-03 08:42","LearnerHandler.java","219580","257680","477260"
"2019-04-22 19:15","LearnerHandler.java","219581","239755","459336"
"2011-06-14 07:14","LearnerHandler.java","43090","3905","46995"
"2020-02-16 10:25","QuorumAuthUpgradeTest.java","229836","267491","497327"
"2019-10-10 14:37","QuorumAuthUpgradeTest.java","228065","258833","486898"
"2019-06-03 19:40","QuorumAuthUpgradeTest.java","228063","240409","468472"
"2019-08-17 17:13","QuorumAuthUpgradeTest.java","228064","255079","483143"
"2019-08-17 17:13","FLETestUtils.java","218914","255966","474880"
"2019-10-10 14:37","SaslServerCallbackHandler.java","228065","258833","486898"
"2019-08-03 08:42","SaslServerCallbackHandler.java","228064","255787","483851"
"2019-08-17 17:13","SaslServerCallbackHandler.java","228064","255079","483143"
"2019-08-17 17:13","LearnerSyncRequest.java","145376","257247","402623"
"2019-12-27 22:33","DigestCalculator.java","8373","16008","24381"
"2016-11-24 17:18","PurgeTxnLog.java","6025","11871","17896"
"2020-01-30 09:43","PurgeTxnLog.java","221910","267943","489853"
"2017-07-28 00:36","PurgeTxnLog.java","12574","16698","29272"
"2019-08-17 17:13","PurgeTxnLog.java","220357","255916","476273"
"2019-10-10 14:37","PurgeTxnLog.java","220357","259669","480026"
"2019-11-28 12:24","PurgeTxnLog.java","221908","262373","484281"
"2017-01-23 02:13","PurgeTxnLog.java","6396","13624","20020"
"2018-12-15 07:34","UnifiedServerSocketTest.java","1435","3674","5109"
"2019-08-17 17:13","UnifiedServerSocketTest.java","36426","66092","102518"
"2019-08-02 13:55","UnifiedServerSocketTest.java","15701","46054","61755"
"2019-05-08 21:54","ZKTestCase.java","178406","241435","419841"
"2019-08-06 17:11","ZKTestCase.java","178405","258033","436438"
"2019-08-17 17:13","ZKTestCase.java","178405","256932","435337"
"2017-03-04 19:22","ZKTestCase.java","26774","86966","113740"
"2014-07-18 02:19","ZKTestCase.java","20643","65966","86609"
"2018-12-09 03:16","ZKTestCase.java","178339","229524","407863"
"2019-10-10 14:37","ZKTestCase.java","178405","260685","439090"
"2019-11-14 16:44","ZKTestCase.java","178405","264959","443364"
"2019-11-28 12:24","ZKTestCase.java","179499","262932","442431"
"2018-12-20 07:24","ClientSSLTest.java","21","948","969"
"2019-01-14 15:36","ClientSSLTest.java","6355","8681","15036"
"2019-08-17 17:13","ClientSSLTest.java","35700","63127","98827"
"2019-06-03 19:40","ClientSSLTest.java","8224","20982","29206"
"2019-06-05 00:29","ClientSSLTest.java","8414","21508","29922"
"2019-06-03 19:40","FollowerZooKeeperServer.java","187413","242316","429729"
"2019-08-17 17:13","FollowerZooKeeperServer.java","187413","256985","444398"
"2019-05-03 00:44","FollowerZooKeeperServer.java","187414","240983","428397"
"2019-06-04 10:55","FollowerZooKeeperServer.java","187413","242469","429882"
"2018-08-06 14:11","FollowerZooKeeperServer.java","57917","118619","176536"
"2018-12-09 03:16","FollowerZooKeeperServer.java","187347","229577","416924"
"2018-11-21 17:56","FollowerZooKeeperServer.java","187346","225008","412354"
"2011-10-20 20:02","FollowerZooKeeperServer.java","20353","21179","41532"
"2011-04-12 09:14","FollowerZooKeeperServer.java","14662","5707","20369"
"2019-11-28 12:24","FollowerZooKeeperServer.java","188486","262964","451450"
"2019-12-27 22:33","FollowerZooKeeperServer.java","188486","266736","455222"
"2019-08-17 17:13","UnifiedServerSocketTest.java","35700","63127","98827"
"2019-08-02 13:55","UnifiedServerSocketTest.java","14390","42504","56894"
"2019-08-17 17:13","AsyncTest.java","222020","255887","477907"
"2017-09-11 18:55","AsyncTest.java","8249","11244","19493"
"2019-09-18 11:20","DataTreeTest.java","31108","52213","83321"
"2019-12-27 22:33","DataTreeTest.java","37618","64489","102107"
"2019-10-09 16:38","DataTreeTest.java","31247","52937","84184"
"2019-07-31 19:06","DataTreeTest.java","7227","24727","31954"
"2019-09-10 15:21","DataTreeTest.java","30880","50116","80996"
"2019-08-17 17:13","DataTreeTest.java","29620","47813","77433"
"2019-10-10 14:37","ObserverMaster.java","38466","69561","108027"
"2019-01-07 14:24","ObserverMaster.java","7235","9407","16642"
"2019-11-29 14:49","ObserverMaster.java","43897","77796","121693"
"2019-08-17 17:13","ObserverMaster.java","36481","63823","100304"
"2019-07-25 21:41","ObserverMaster.java","14381","38206","52587"
"2019-06-29 00:33","ObserverMaster.java","12343","27672","40015"
"2019-08-17 17:13","ReconfigLegacyTest.java","211154","256147","467301"
"2019-06-03 19:40","ReconfigLegacyTest.java","211154","241478","452632"
"2016-11-13 20:59","ReconfigLegacyTest.java","8488","23200","31688"
"2016-11-03 16:07","ReconfigLegacyTest.java","8295","21338","29633"
"2016-08-24 01:36","ReconfigLegacyTest.java","8009","19135","27144"
"2014-08-14 08:08","ReconfigLegacyTest.java","198","619","817"
"2015-09-29 03:56","ReconfigLegacyTest.java","3355","12122","15477"
"2012-04-23 01:20","HierarchicalQuorumTest.java","26908","72372","99280"
"2014-06-04 22:07","HierarchicalQuorumTest.java","30664","100917","131581"
"2009-11-18 20:06","HierarchicalQuorumTest.java","1083","8701","9784"
"2019-08-17 17:13","HierarchicalQuorumTest.java","146571","257187","403758"
"2019-07-12 17:01","HierarchicalQuorumTest.java","146571","252500","399071"
"2010-03-13 01:06","HierarchicalQuorumTest.java","10921","32251","43172"
"2019-10-10 14:37","HierarchicalQuorumTest.java","146571","260940","407511"
"2018-06-26 11:18","HierarchicalQuorumTest.java","35757","134383","170140"
"2011-04-12 09:14","HierarchicalQuorumTest.java","21324","53413","74737"
"2017-05-11 16:59","HierarchicalQuorumTest.java","35280","125805","161085"
"2010-05-05 22:32","HierarchicalQuorumTest.java","14974","36323","51297"
"2010-03-31 06:26","HierarchicalQuorumTest.java","12541","34118","46659"
"2019-12-27 22:33","FileTxnSnapLog.java","84530","266840","351370"
"2009-11-07 08:16","FileTxnSnapLog.java","12212","75252","87464"
"2019-10-10 14:37","FileTxnSnapLog.java","84074","261459","345533"
"2019-12-13 08:51","FileTxnSnapLog.java","84530","264877","349407"
"2017-01-07 01:09","FileTxnSnapLog.java","21502","172708","194210"
"2011-07-13 15:48","FileTxnSnapLog.java","13352","108410","121762"
"2014-02-12 17:00","FileTxnSnapLog.java","19058","143339","162397"
"2012-03-06 09:20","FileTxnSnapLog.java","17891","119447","137338"
"2020-01-23 16:46","FileTxnSnapLog.java","84530","268089","352619"
"2020-01-28 17:26","FileTxnSnapLog.java","84530","268560","353090"
"2011-10-20 20:02","FileTxnSnapLog.java","17492","116068","133560"
"2016-09-18 23:21","FileTxnSnapLog.java","21306","168040","189346"
"2017-01-23 02:13","FileTxnSnapLog.java","21518","173128","194646"
"2011-04-12 09:14","FileTxnSnapLog.java","15075","110180","125255"
"2018-06-08 16:52","FileTxnSnapLog.java","22282","178661","200943"
"2019-09-02 08:23","FileTxnSnapLog.java","84074","258363","342437"
"2011-12-21 21:39","FileTxnSnapLog.java","17659","117932","135591"
"2017-04-28 07:14","FileTxnSnapLog.java","21831","171182","193013"
"2019-07-31 19:06","FileTxnSnapLog.java","84074","257013","341087"
"2018-07-30 06:22","FileTxnSnapLog.java","28094","186128","214222"
"2012-02-06 09:40","FileTxnSnapLog.java","17769","118903","136672"
"2012-07-17 23:25","FileTxnSnapLog.java","18056","122913","140969"
"2020-01-30 09:43","FileTxnSnapLog.java","84530","268636","353166"
"2019-05-14 17:11","FileTxnSnapLog.java","84075","242374","326449"
"2010-03-12 23:36","FileTxnSnapLog.java","13149","97544","110693"
"2013-06-28 23:22","FileTxnSnapLog.java","18992","136152","155144"
"2014-02-10 21:50","FileTxnSnapLog.java","19039","143208","162247"
"2019-05-21 23:34","FileTxnSnapLog.java","84075","242695","326770"
"2009-02-20 01:23","FileTxnSnapLog.java","8494","28148","36642"
"2019-05-27 10:54","FileTxnSnapLog.java","84075","243027","327102"
"2009-01-31 02:18","FileTxnSnapLog.java","7581","24423","32004"
"2008-12-10 22:55","FileTxnSnapLog.java","3070","9475","12545"
"2017-01-13 19:29","FileTxnSnapLog.java","21512","172921","194433"
"2017-06-26 00:07","FileTxnSnapLog.java","22078","170967","193045"
"2018-02-23 23:49","FileTxnSnapLog.java","22246","176371","198617"
"2017-08-18 06:32","FileTxnSnapLog.java","22128","171019","193147"
"2009-06-18 18:37","FileTxnSnapLog.java","10131","60256","70387"
"2019-08-17 17:13","FileTxnSnapLog.java","84074","257706","341780"
"2009-06-15 22:52","FileTxnSnapLog.java","9907","58961","68868"
"2018-02-14 21:23","FileTxnSnapLog.java","22246","176207","198453"
"2020-03-25 03:38","Request.java","3913","8020","11933"
"2020-05-05 21:20","Request.java","7655","12793","20448"
"2020-02-26 22:41","NettyServerCnxnFactory.java","44499","82580","127079"
"2019-10-10 14:37","NettyServerCnxnFactory.java","37692","68872","106564"
"2019-09-10 18:50","NettyServerCnxnFactory.java","36901","65445","102346"
"2019-11-14 03:54","NettyServerCnxnFactory.java","37880","73316","111196"
"2019-02-12 15:25","NettyServerCnxnFactory.java","6834","13086","19920"
"2019-02-15 15:36","NettyServerCnxnFactory.java","6997","13664","20661"
"2019-04-12 19:01","NettyServerCnxnFactory.java","7583","16817","24400"
"2019-02-13 13:12","NettyServerCnxnFactory.java","6993","13366","20359"
"2019-08-17 17:13","NettyServerCnxnFactory.java","35700","63127","98827"
"2019-11-23 17:08","NettyServerCnxnFactory.java","42799","74927","117726"
"2019-07-03 00:44","NettyServerCnxnFactory.java","11548","26988","38536"
"2019-06-05 00:29","NettyServerCnxnFactory.java","8414","21508","29922"
"2019-07-23 15:55","NettyServerCnxnFactory.java","12913","36348","49261"
"2019-06-24 11:05","NettyServerCnxnFactory.java","10290","25050","35340"
"2019-08-03 08:42","NettyServerCnxnFactory.java","14645","42780","57425"
"2019-08-17 17:13","ReconfigLegacyTest.java","211574","256146","467720"
"2019-06-03 19:40","ReconfigLegacyTest.java","211574","241477","453051"
"2016-11-13 20:59","ReconfigLegacyTest.java","8313","22604","30917"
"2016-11-03 16:07","ReconfigLegacyTest.java","8119","20741","28860"
"2016-08-24 01:36","ReconfigLegacyTest.java","7831","18536","26367"
"2015-09-29 03:56","ReconfigLegacyTest.java","3169","11515","14684"
"2010-04-26 21:58","QuorumPeerTestBase.java","14891","27870","42761"
"2010-03-31 06:26","QuorumPeerTestBase.java","12524","26483","39007"
"2014-08-14 08:08","QuorumPeerTestBase.java","31761","101822","133583"
"2014-07-26 04:11","QuorumPeerTestBase.java","31761","101258","133019"
"2014-03-25 22:13","QuorumPeerTestBase.java","29814","89410","119224"
"2016-11-03 16:07","QuorumPeerTestBase.java","34327","117010","151337"
"2019-12-27 22:33","QuorumPeerTestBase.java","155128","266804","421932"
"2019-10-10 14:37","QuorumPeerTestBase.java","154189","260940","415129"
"2016-06-23 23:25","QuorumPeerTestBase.java","33909","114104","148013"
"2010-03-13 01:06","QuorumPeerTestBase.java","10863","24575","35438"
"2014-07-18 20:48","QuorumPeerTestBase.java","31693","100893","132586"
"2014-08-19 22:50","QuorumPeerTestBase.java","31789","101964","133753"
"2011-06-14 07:14","QuorumPeerTestBase.java","21827","48248","70075"
"2019-07-12 17:01","QuorumPeerTestBase.java","154189","252500","406689"
"2017-01-13 19:29","QuorumPeerTestBase.java","34593","120694","155287"
"2015-03-17 18:06","QuorumPeerTestBase.java","31949","106663","138612"
"2019-08-17 17:13","QuorumPeerTestBase.java","154189","257187","411376"
"2017-11-28 00:10","QuorumPeerTestBase.java","36285","123903","160188"
"2014-01-21 04:50","QuorumPeerTestBase.java","29652","86792","116444"
"2017-12-16 01:25","QuorumPeerTestBase.java","36285","123947","160232"
"2014-07-18 02:19","QuorumPeerTestBase.java","31684","100425","132109"
"2013-03-07 07:01","QuorumPeerTestBase.java","29043","79033","108076"
"2018-10-12 10:25","QuorumPeerTestBase.java","125506","235574","361080"
"2012-07-17 23:25","QuorumPeerTestBase.java","27496","67045","94541"
"2019-12-27 22:33","DigestCalculator.java","10004","18682","28686"
"2019-09-10 15:21","DigestCalculator.java","1694","2737","4431"
"2019-08-17 17:13","StatResetCommand.java","226243","255276","481519"
"2018-02-07 01:05","StatResetCommand.java","7982","10855","18837"
"2019-11-23 17:08","NettyServerCnxn.java","8987","10669","19656"
"2019-11-18 09:05","NettyServerCnxn.java","8744","8869","17613"
"2019-11-21 05:58","NettyServerCnxn.java","8760","8908","17668"
"2019-10-10 14:37","NettyServerCnxn.java","3447","4181","7628"
"2019-11-23 17:08","ZooKeeperServer.java","5446","6178","11624"
"2019-12-27 22:33","ZooKeeperServer.java","6283","10992","17275"
"2019-11-18 09:05","ZooKeeperServer.java","5194","4369","9563"
"2019-12-03 10:01","ZooKeeperServer.java","6021","8655","14676"
"2020-03-25 03:38","ZooKeeperServer.java","10106","18922","29028"
"2019-11-28 12:24","ZooKeeperServer.java","5509","6446","11955"
"2020-04-12 11:14","ZooKeeperServer.java","10794","20363","31157"
"2019-10-10 14:37","ClientTest.java","224202","259003","483205"
"2019-12-28 16:17","ClientTest.java","225828","265461","491289"
"2018-11-22 17:56","ClientTest.java","224082","223827","447909"
"2019-03-06 03:32","ClientTest.java","224106","234939","459045"
"2019-08-17 17:13","ClientTest.java","224202","255250","479452"
"2015-07-07 07:11","MultiOperationTest.java","16593","58247","74840"
"2019-09-18 11:20","MultiOperationTest.java","177943","259561","437504"
"2012-12-19 19:16","MultiOperationTest.java","4688","14195","18883"
"2013-12-17 17:55","MultiOperationTest.java","7056","27923","34979"
"2015-11-21 22:18","MultiOperationTest.java","16849","59991","76840"
"2012-03-17 01:31","MultiOperationTest.java","130","1538","1668"
"2019-06-26 10:57","MultiOperationTest.java","177943","244499","422442"
"2019-08-17 17:13","MultiOperationTest.java","177943","256649","434592"
"2013-02-03 15:52","MultiOperationTest.java","5343","15343","20686"
"2014-10-28 05:35","MultiOperationTest.java","14885","50511","65396"
"2019-10-10 14:37","ZKDatabase.java","154962","178988","333950"
"2019-12-27 22:33","ZKDatabase.java","157151","186102","343253"
"2018-09-28 23:38","ZKDatabase.java","875","5703","6578"
"2019-11-08 17:30","ZKDatabase.java","155016","180903","335919"
"2019-05-14 17:11","ZKDatabase.java","152033","156973","309006"
"2018-09-18 01:00","ZKDatabase.java","172","2426","2598"
"2019-02-07 11:26","ZKDatabase.java","151731","150336","302067"
"2019-04-12 19:01","ZKDatabase.java","152009","154089","306098"
"2019-08-17 17:13","ZKDatabase.java","153960","174233","328193"
"2019-09-10 00:27","ZKDatabase.java","154942","176155","331097"
"2019-04-09 15:35","ZKDatabase.java","151930","153060","304990"
"2019-11-23 17:08","NettyServerCnxn.java","5551","6499","12050"
"2019-11-18 09:05","NettyServerCnxn.java","5307","4698","10005"
"2019-11-21 05:58","NettyServerCnxn.java","5323","4737","10060"
"2015-07-07 07:11","MultiOperationTest.java","16598","58208","74806"
"2019-09-18 11:20","MultiOperationTest.java","177987","259561","437548"
"2012-12-19 19:16","MultiOperationTest.java","4694","14157","18851"
"2013-12-17 17:55","MultiOperationTest.java","7061","27884","34945"
"2015-11-21 22:18","MultiOperationTest.java","16854","59952","76806"
"2012-03-17 01:31","MultiOperationTest.java","122","1486","1608"
"2019-06-26 10:57","MultiOperationTest.java","177987","244499","422486"
"2019-08-17 17:13","MultiOperationTest.java","177987","256649","434636"
"2013-02-03 15:52","MultiOperationTest.java","5348","15304","20652"
"2014-10-28 05:35","MultiOperationTest.java","14890","50472","65362"
"2019-08-17 17:13","ReadOnlyModeTest.java","175537","256659","432196"
"2015-02-06 06:17","ReadOnlyModeTest.java","15992","55973","71965"
"2017-04-18 01:37","ReadOnlyModeTest.java","23845","74269","98114"
"2017-06-08 17:51","ReadOnlyModeTest.java","24743","74535","99278"
"2013-10-09 22:21","ReadOnlyModeTest.java","8243","29917","38160"
"2013-09-18 01:14","ReadOnlyModeTest.java","7880","26267","34147"
"2016-05-02 18:15","ClientCnxn.java","4925","6960","11885"
"2019-08-17 17:13","ClientCnxn.java","218643","255978","474621"
"2017-12-19 19:27","ClientCnxn.java","14791","25155","39946"
"2019-01-31 15:50","ClientCnxn.java","218532","233534","452066"
"2019-04-09 15:35","ClientCnxn.java","218553","236745","455298"
"2019-11-08 17:30","ClientCnxn.java","218673","261622","480295"
"2017-06-08 17:59","ClientCnxn.java","12000","18074","30074"
"2019-01-16 14:21","ClientCnxn.java","218532","231847","450379"
"2019-01-07 14:24","ClientCnxn.java","218531","230696","449227"
"2019-03-06 03:32","ClientCnxn.java","218551","235671","454222"
"2019-02-07 11:26","ClientCnxn.java","218533","234200","452733"
"2018-11-05 19:40","ClientCnxn.java","197702","233523","431225"
"2020-05-17 15:13","ClientCnxn.java","220217","271497","491714"
"2018-06-25 12:30","ClientCnxn.java","15357","29247","44604"
"2020-03-03 03:12","ClientCnxn.java","220189","269259","489448"
"2018-09-10 11:44","ClientCnxn.java","111640","128715","240355"
"2015-11-09 00:05","ClientCnxn.java","1404","2896","4300"
"2015-12-06 19:58","ClientCnxn.java","1531","3328","4859"
"2020-01-21 17:53","ClientCnxn.java","220189","265520","485709"
"2015-12-05 22:43","ClientCnxn.java","1531","3325","4856"
"2015-12-05 22:32","ClientCnxn.java","1529","3318","4847"
"2019-10-10 14:37","ClientCnxn.java","218643","259731","478374"
"2019-11-21 05:58","ClientCnxn.java","220187","260689","480876"
"2020-04-16 12:50","ClientCnxn.java","220189","271098","491287"
"2018-07-27 05:16","ClientCnxn.java","35029","50071","85100"
"2019-11-28 12:24","Version.java","220009","262951","482960"
"2017-01-25 12:57","Version.java","67072","89476","156548"
"2020-04-07 15:40","Version.java","220009","271432","491441"
"2018-08-06 14:11","Version.java","86981","116216","203197"
"2019-08-17 17:13","Version.java","218936","256972","475908"
"2019-07-01 15:16","Version.java","218936","244952","463888"
"2019-04-12 21:47","Version.java","218937","238842","457779"
"2019-12-03 19:35","ContainerManager.java","224879","264028","488907"
"2018-05-09 23:57","ContainerManager.java","9334","17557","26891"
"2019-08-17 17:13","ContainerManager.java","223293","255827","479120"
"2019-06-03 19:40","ContainerManager.java","223292","241157","464449"
"2017-02-05 07:22","ContainerManager.java","1337","5597","6934"
"2018-09-11 15:23","ServerConfig.java","103937","186497","290434"
"2019-04-12 19:01","ServerConfig.java","167719","238823","406542"
"2019-02-13 13:12","ServerConfig.java","167673","235916","403589"
"2017-07-28 00:36","ServerConfig.java","41769","112168","153937"
"2019-05-15 11:56","ServerConfig.java","167719","241770","409489"
"2019-08-17 17:13","ServerConfig.java","167718","257015","424733"
"2015-03-17 18:06","ServerConfig.java","36895","98810","135705"
"2011-09-17 02:42","ServerConfig.java","22270","44481","66751"
"2016-12-22 04:10","ServerConfig.java","39699","112494","152193"
"2019-04-18 19:17","ServerConfig.java","167719","239533","407252"
"2019-10-10 14:37","ClientTest.java","140865","261253","402118"
"2009-09-16 02:09","ClientTest.java","2540","6174","8714"
"2019-12-28 16:17","ClientTest.java","141504","266724","408228"
"2009-10-31 00:09","ClientTest.java","4056","9670","13726"
"2009-11-07 01:48","ClientTest.java","4334","10353","14687"
"2010-01-05 18:32","ClientTest.java","5875","20539","26414"
"2010-03-09 03:09","ClientTest.java","13783","40155","53938"
"2014-07-25 01:31","ClientTest.java","31913","114183","146096"
"2017-01-09 22:49","ClientTest.java","34510","133223","167733"
"2010-09-15 07:51","ClientTest.java","18389","93622","112011"
"2011-04-12 09:14","ClientTest.java","23260","61368","84628"
"2014-07-08 20:18","ClientTest.java","31773","109656","141429"
"2017-05-01 17:19","ClientTest.java","35303","132160","167463"
"2018-11-22 17:56","ClientTest.java","140821","226153","366974"
"2013-01-25 02:17","ClientTest.java","29207","87591","116798"
"2017-06-30 22:43","ClientTest.java","35677","132055","167732"
"2019-03-06 03:32","ClientTest.java","140829","237249","378078"
"2012-12-11 08:42","ClientTest.java","28776","84900","113676"
"2012-10-31 19:38","ClientTest.java","28223","81520","109743"
"2019-08-17 17:13","ClientTest.java","140865","257500","398365"
"2014-08-14 08:08","QuorumPeerTestBase.java","9999","22920","32919"
"2014-07-26 04:11","QuorumPeerTestBase.java","9892","22249","32141"
"2014-03-25 22:13","QuorumPeerTestBase.java","395","2851","3246"
"2016-11-03 16:07","QuorumPeerTestBase.java","17238","42781","60019"
"2019-12-27 22:33","QuorumPeerTestBase.java","200216","266387","466603"
"2019-10-10 14:37","QuorumPeerTestBase.java","198799","260045","458844"
"2016-06-23 23:25","QuorumPeerTestBase.java","16267","39322","55589"
"2014-07-18 20:48","QuorumPeerTestBase.java","9540","21600","31140"
"2014-08-19 22:50","QuorumPeerTestBase.java","10092","23127","33219"
"2019-07-12 17:01","QuorumPeerTestBase.java","198799","251605","450404"
"2017-01-13 19:29","QuorumPeerTestBase.java","18125","47086","65211"
"2015-03-17 18:06","QuorumPeerTestBase.java","10723","28297","39020"
"2019-08-17 17:13","QuorumPeerTestBase.java","198799","256292","455091"
"2017-11-28 00:10","QuorumPeerTestBase.java","23679","54157","77836"
"2017-12-16 01:25","QuorumPeerTestBase.java","24013","54535","78548"
"2014-07-18 02:19","QuorumPeerTestBase.java","9320","20921","30241"
"2018-10-12 10:25","QuorumPeerTestBase.java","179293","232221","411514"
"2019-11-29 14:49","QuorumCnxManager.java","509","2160","2669"
"2020-03-12 14:47","QuorumCnxManager.java","4614","11651","16265"
"2020-01-23 13:43","QuorumCnxManager.java","2731","7752","10483"
"2020-03-23 16:20","QuorumCnxManager.java","4704","11912","16616"
"2020-02-16 10:25","QuorumCnxManager.java","4509","10243","14752"
"2014-07-14 19:45","ReconfigTest.java","1011","3701","4712"
"2019-09-18 11:20","ReconfigTest.java","204462","259066","463528"
"2016-06-23 23:45","ReconfigTest.java","8865","26227","35092"
"2014-08-20 06:07","ReconfigTest.java","2201","9431","11632"
"2014-08-24 07:42","ReconfigTest.java","2243","9720","11963"
"2016-11-13 20:59","ReconfigTest.java","10092","31503","41595"
"2019-05-03 17:37","ReconfigTest.java","204446","240260","444706"
"2019-05-08 21:54","ReconfigTest.java","204446","240640","445086"
"2018-07-04 17:11","ReconfigTest.java","25772","54163","79935"
"2016-06-15 19:11","ReconfigTest.java","8814","25720","34534"
"2019-08-17 17:13","ReconfigTest.java","204462","256154","460616"
"2019-11-29 14:49","ReconfigTest.java","205901","264150","470051"
"2018-12-09 03:16","ReconfigTest.java","204352","228702","433054"
"2018-11-22 17:56","ReconfigTest.java","204352","224741","429093"
"2017-09-11 18:55","ReconfigTest.java","16391","37211","53602"
"2017-02-12 00:34","ReconfigTest.java","13827","34030","47857"
"2019-08-17 17:13","MockNIOServerCnxn.java","198306","256360","454666"
"2019-08-17 17:13","Leader.java","204932","256154","461086"
"2019-06-29 00:33","Leader.java","204932","244141","449073"
"2019-06-03 19:40","Leader.java","204932","241485","446417"
"2019-07-15 14:15","Leader.java","204932","251573","456505"
"2015-03-17 18:06","Leader.java","2921","14224","17145"
"2019-07-25 21:41","Leader.java","204932","252637","457569"
"2018-05-10 06:00","Leader.java","17650","44846","62496"
"2018-07-12 01:33","Leader.java","25908","54037","79945"
"2018-02-07 01:05","Leader.java","17272","42334","59606"
"2017-11-28 00:10","Leader.java","16819","41026","57845"
"2019-06-05 00:33","Leader.java","204932","241875","446807"
"2015-04-10 22:22","Leader.java","2967","15338","18305"
"2019-08-03 08:42","Leader.java","204932","256862","461794"
"2019-06-05 23:57","Leader.java","204932","242144","447076"
"2017-01-13 19:29","Leader.java","10991","33681","44672"
"2019-01-07 14:55","Leader.java","204823","230936","435759"
"2019-04-12 19:01","Leader.java","204916","237945","442861"
"2018-12-09 03:16","Leader.java","204822","228702","433524"
"2018-08-17 14:40","Leader.java","83595","114020","197615"
"2019-11-29 14:49","Leader.java","206371","264150","470521"
"2018-11-27 10:02","Leader.java","204822","226378","431200"
"2015-02-06 06:17","Leader.java","2687","12768","15455"
"2017-02-15 23:04","Leader.java","13850","33584","47434"
"2014-07-18 02:19","Leader.java","1354","6684","8038"
"2018-08-29 06:26","Leader.java","106537","137170","243707"
"2018-08-03 18:52","Leader.java","36422","66049","102471"
"2017-09-11 18:55","Leader.java","16390","36740","53130"
"2018-09-18 01:00","Leader.java","111818","145021","256839"
"2016-12-20 14:47","Leader.java","10903","32751","43654"
"2014-07-20 04:50","Leader.java","1614","7465","9079"
"2016-06-23 23:25","Leader.java","8823","25607","34430"
"2016-06-23 23:45","Leader.java","8857","25749","34606"
"2020-03-25 03:38","Leader.java","206372","270379","476751"
"2019-12-27 22:33","Leader.java","206371","266271","472642"
"2016-08-13 15:01","Leader.java","9344","26931","36275"
"2019-10-10 14:37","Leader.java","204932","259907","464839"
"2019-10-10 14:37","ClientCnxnSocket.java","218456","260738","479194"
"2011-04-12 09:14","ClientCnxnSocket.java","43020","3022","46042"
"2018-07-10 13:29","ClientCnxnSocket.java","77897","105843","183740"
"2016-12-30 23:01","ClientCnxnSocket.java","67289","89592","156881"
"2011-07-25 23:31","ClientCnxnSocket.java","44301","12939","57240"
"2011-05-20 01:17","ClientCnxnSocket.java","43191","4012","47203"
"2012-09-09 20:24","ClientCnxnSocket.java","53348","30237","83585"
"2015-02-06 06:17","ClientCnxnSocket.java","63193","73269","136462"
"2018-11-22 17:56","ClientCnxnSocket.java","218390","225616","444006"
"2010-11-11 18:11","ClientCnxnSocket.java","52","48","100"
"2016-05-02 18:15","ClientCnxnSocket.java","66231","82148","148379"
"2019-08-17 17:13","ClientCnxnSocket.java","218456","256985","475441"
"2018-07-12 01:33","ClientCnxnSocket.java","77982","106106","184088"
"2019-04-09 15:35","ClientCnxnSocket.java","218405","237791","456196"
"2014-12-20 15:29","ClientCnxnSocket.java","63142","73012","136154"
"2019-10-10 14:37","ClientCnxnSocket.java","218452","260738","479190"
"2011-04-12 09:14","ClientCnxnSocket.java","42968","2974","45942"
"2018-07-10 13:29","ClientCnxnSocket.java","77858","105808","183666"
"2016-12-30 23:01","ClientCnxnSocket.java","67247","89554","156801"
"2011-07-25 23:31","ClientCnxnSocket.java","44252","12894","57146"
"2011-05-20 01:17","ClientCnxnSocket.java","43142","3967","47109"
"2012-09-09 20:24","ClientCnxnSocket.java","53301","30194","83495"
"2015-02-06 06:17","ClientCnxnSocket.java","63150","73230","136380"
"2018-11-22 17:56","ClientCnxnSocket.java","218386","225616","444002"
"2016-05-02 18:15","ClientCnxnSocket.java","66189","82110","148299"
"2019-08-17 17:13","ClientCnxnSocket.java","218452","256985","475437"
"2018-07-12 01:33","ClientCnxnSocket.java","77943","106071","184014"
"2019-04-09 15:35","ClientCnxnSocket.java","218401","237791","456192"
"2014-12-20 15:29","ClientCnxnSocket.java","63099","72973","136072"
"2020-05-05 21:20","ServerMetrics.java","39235","57043","96278"
"2020-02-26 22:41","ServerMetrics.java","35545","50191","85736"
"2020-03-25 03:38","ServerMetrics.java","35706","52483","88189"
"2019-09-16 23:26","ServerMetrics.java","27218","34229","61447"
"2019-11-18 09:05","ServerMetrics.java","33310","40446","73756"
"2020-05-03 19:43","ServerMetrics.java","36385","54098","90483"
"2019-11-23 17:08","ServerMetrics.java","33500","42193","75693"
"2019-08-17 17:13","ServerMetrics.java","25616","29608","55224"
"2019-07-31 19:06","ServerMetrics.java","1548","4847","6395"
"2019-11-28 12:24","Version.java","234612","261007","495619"
"2020-04-07 15:40","Version.java","234672","269548","504220"
"2019-08-17 17:13","Version.java","232674","254163","486837"
"2019-07-01 15:16","Version.java","232673","242142","474815"
"2019-04-12 21:47","Version.java","232636","235994","468630"
"2019-10-10 14:37","LearnerHandler.java","38466","69561","108027"
"2019-07-03 20:54","LearnerHandler.java","12512","27848","40360"
"2019-04-12 19:01","LearnerHandler.java","8489","17638","26127"
"2019-06-29 00:33","LearnerHandler.java","12343","27672","40015"
"2019-07-25 21:41","LearnerHandler.java","14381","38206","52587"
"2019-08-23 19:43","LearnerHandler.java","36478","64486","100964"
"2019-08-17 17:13","LearnerHandler.java","36481","63823","100304"
"2019-05-06 17:48","LearnerHandler.java","8741","20396","29137"
"2019-08-03 08:42","LearnerHandler.java","15541","43591","59132"
"2019-04-22 19:15","LearnerHandler.java","8511","18635","27146"
"2019-07-29 17:15","JMap.java","157928","254633","412561"
"2010-05-03 23:49","JMap.java","13512","23178","36690"
"2019-08-17 17:13","AsyncOpsTest.java","187214","256413","443627"
"2014-06-25 19:06","AsyncOpsTest.java","10224","28755","38979"
"2019-10-10 14:37","AsyncOpsTest.java","187214","260166","447380"
"2019-10-10 14:37","LearnerHandler.java","31720","53666","85386"
"2019-07-03 20:54","LearnerHandler.java","4454","10641","15095"
"2019-06-29 00:33","LearnerHandler.java","4279","10459","14738"
"2019-07-25 21:41","LearnerHandler.java","6343","21019","27362"
"2019-08-23 19:43","LearnerHandler.java","29622","48481","78103"
"2019-08-17 17:13","LearnerHandler.java","29620","47813","77433"
"2019-05-06 17:48","LearnerHandler.java","358","2864","3222"
"2019-08-03 08:42","LearnerHandler.java","7576","26477","34053"
"2019-04-22 19:15","LearnerHandler.java","23","998","1021"
"2019-08-17 17:13","CRCTest.java","222020","255887","477907"
"2019-10-10 14:37","CRCTest.java","222020","259640","481660"
"2018-12-06 10:56","FastLeaderElection.java","150765","141882","292647"
"2019-10-10 14:37","FastLeaderElection.java","158473","182815","341288"
"2019-09-30 23:22","FastLeaderElection.java","158460","182429","340889"
"2020-04-07 09:07","FastLeaderElection.java","160940","194903","355843"
"2019-01-18 03:42","FastLeaderElection.java","157042","153656","310698"
"2019-08-17 17:13","FastLeaderElection.java","157476","178065","335541"
"2019-08-02 20:08","FastLeaderElection.java","157442","178812","336254"
"2019-08-03 08:42","FastLeaderElection.java","157455","178752","336207"
"2019-08-17 17:13","CreateTest.java","127741","257532","385273"
"2010-08-17 09:24","CreateTest.java","16154","73013","89167"
"2011-04-12 09:14","CreateTest.java","20746","72010","92756"
"2012-12-19 19:16","CreateTest.java","24954","94693","119647"
"2010-04-22 07:42","CreateTest.java","15595","55038","70633"
"2015-07-07 07:11","CreateTest.java","27714","129600","157314"
"2020-02-16 10:25","LearnerTest.java","35754","51081","86835"
"2020-01-28 17:26","LearnerTest.java","35696","50781","86477"
"2019-08-17 17:13","LearnerTest.java","25849","30536","56385"
"2019-11-29 14:49","LearnerTest.java","34102","45346","79448"
"2019-08-17 17:13","StatPrinter.java","178872","256502","435374"
"2019-08-17 17:13","VerifyingFileFactory.java","220587","255887","476474"
"2011-12-28 07:07","ServerCnxnFactory.java","7635","7882","15517"
"2013-10-05 00:57","ServerCnxnFactory.java","14113","31797","45910"
"2019-11-14 03:54","ServerCnxnFactory.java","177112","264913","442025"
"2019-11-11 13:59","ServerCnxnFactory.java","177112","264314","441426"
"2012-08-28 21:51","ServerCnxnFactory.java","10895","16052","26947"
"2017-04-19 01:19","ServerCnxnFactory.java","28371","77468","105839"
"2012-02-11 00:34","ServerCnxnFactory.java","8170","9341","17511"
"2018-10-24 04:03","ServerCnxnFactory.java","158280","236370","394650"
"2013-03-07 07:01","ServerCnxnFactory.java","13582","28731","42313"
"2014-07-18 02:19","ServerCnxnFactory.java","21527","55427","76954"
"2019-02-13 13:12","ServerCnxnFactory.java","177059","235797","412856"
"2017-10-07 21:22","ServerCnxnFactory.java","30282","79259","109541"
"2019-08-17 17:13","ServerCnxnFactory.java","177112","256904","434016"
"2019-06-07 14:13","ServerCnxnFactory.java","177112","243008","420120"
"2019-07-03 00:44","ServerCnxnFactory.java","177112","244917","422029"
"2015-03-17 18:06","ServerCnxnFactory.java","22084","61957","84041"
"2015-03-28 20:08","ServerCnxnFactory.java","22100","62962","85062"
"2016-05-02 18:15","ServerCnxnFactory.java","25274","69766","95040"
"2012-12-08 00:38","ServerCnxnFactory.java","11725","20241","31966"
"2012-12-19 19:07","ServerCnxnFactory.java","12521","22233","34754"
"2019-12-03 10:01","CommandsTest.java","211699","264194","475893"
"2018-09-11 00:17","CommandsTest.java","112236","137907","250143"
"2019-01-07 14:39","CommandsTest.java","210150","230881","441031"
"2018-09-18 01:00","CommandsTest.java","112356","140229","252585"
"2019-04-12 19:01","CommandsTest.java","210243","237942","448185"
"2019-11-29 14:49","CommandsTest.java","211699","264148","475847"
"2018-07-12 01:33","CommandsTest.java","25662","48461","74123"
"2019-08-17 17:13","CommandsTest.java","210259","256151","466410"
"2019-06-03 19:40","CommandsTest.java","210259","241482","451741"
"2019-06-29 00:33","CommandsTest.java","210259","244138","454397"
"2019-11-23 17:08","CommandsTest.java","211699","262292","473991"
"2019-06-04 10:55","CommandsTest.java","210259","241635","451894"
"2019-05-27 10:54","CommandsTest.java","210243","241455","451698"
"2019-08-17 17:13","GetProposalFromTxnTest.java","222020","255887","477907"
"2019-12-27 22:33","GetProposalFromTxnTest.java","223599","266144","489743"
"2019-11-08 17:30","Request.java","154580","262793","417373"
"2019-01-16 14:21","Request.java","154528","233107","387635"
"2019-04-25 02:11","Request.java","154580","240899","395479"
"2019-07-08 23:26","Request.java","154580","245955","400535"
"2011-07-01 00:53","Request.java","22527","51244","73771"
"2015-02-06 06:17","Request.java","31934","105021","136955"
"2013-03-07 07:01","Request.java","29077","78662","107739"
"2019-02-07 11:26","Request.java","154529","235460","389989"
"2019-08-06 17:11","Request.java","154580","258280","412860"
"2019-08-01 07:28","Request.java","154580","257360","411940"
"2019-06-26 10:57","Request.java","154580","245029","399609"
"2014-01-24 07:18","Request.java","29703","88021","117724"
"2016-10-07 21:51","Request.java","34373","116067","150440"
"2015-06-04 19:51","Request.java","32169","108812","140981"
"2019-08-17 17:13","Request.java","154580","257179","411759"
"2019-04-17 14:16","Request.java","154580","239251","393831"
"2019-05-03 00:44","Request.java","154580","241176","395756"
"2019-06-05 00:46","Request.java","154580","243039","397619"
"2019-05-10 12:22","Request.java","154580","241686","396266"
"2020-03-25 03:38","Request.java","155527","270911","426438"
"2010-01-25 04:28","Request.java","1740","5234","6974"
"2019-09-20 10:06","Request.java","154580","260042","414622"
"2019-09-16 23:26","Request.java","154580","260198","414778"
"2019-12-27 22:33","Request.java","155527","266804","422331"
"2019-11-11 13:59","Request.java","154580","264589","419169"
"2011-10-20 20:02","Request.java","25138","58001","83139"
"2012-12-19 19:16","Request.java","28684","73713","102397"
"2014-04-29 02:23","Request.java","31115","92698","123813"
"2013-10-09 22:21","Request.java","29598","84378","113976"
"2020-05-05 21:20","Request.java","155527","271942","427469"
"2019-08-17 17:13","EphemeralTypeTest.java","29523","44192","73715"
"2019-11-14 03:54","ServerCnxnFactory.java","210287","264188","474475"
"2019-11-11 13:59","ServerCnxnFactory.java","210287","263589","473876"
"2017-04-19 01:19","ServerCnxnFactory.java","12885","28082","40967"
"2018-10-24 04:03","ServerCnxnFactory.java","190492","234682","425174"
"2019-02-13 13:12","ServerCnxnFactory.java","210170","235008","445178"
"2017-10-07 21:22","ServerCnxnFactory.java","15928","31005","46933"
"2019-08-17 17:13","ServerCnxnFactory.java","210259","256151","466410"
"2019-06-07 14:13","ServerCnxnFactory.java","210259","242255","452514"
"2019-07-03 00:44","ServerCnxnFactory.java","210259","244164","454423"
"2015-03-17 18:06","ServerCnxnFactory.java","1635","7608","9243"
"2015-03-28 20:08","ServerCnxnFactory.java","1670","8632","10302"
"2016-05-02 18:15","ServerCnxnFactory.java","7426","18018","25444"
"2009-11-18 20:06","QuorumHammerTest.java","2924","12927","15851"
"2019-08-17 17:13","QuorumHammerTest.java","144483","257484","401967"
"2011-07-29 10:14","QuorumHammerTest.java","21380","63412","84792"
"2011-04-12 09:14","QuorumHammerTest.java","22489","56963","79452"
"2010-03-31 06:26","QuorumHammerTest.java","14071","38033","52104"
"2019-10-10 14:37","FourLetterWordsTest.java","32069","51320","83389"
"2019-08-17 17:13","FourLetterWordsTest.java","29686","45184","74870"
"2019-08-17 17:13","ObserverMXBean.java","154189","257187","411376"
"2018-12-09 03:16","ObserverMXBean.java","154139","229795","383934"
"2019-08-17 17:13","JettyAdminServerTest.java","210264","256151","466415"
"2019-07-29 17:09","JettyAdminServerTest.java","210264","253165","463429"
"2020-05-05 09:18","JettyAdminServerTest.java","211705","271354","483059"
"2019-10-10 14:37","JettyAdminServerTest.java","210264","259904","470168"
"2017-09-11 18:55","InstanceManager.java","15063","25332","40395"
"2019-08-17 17:13","InstanceManager.java","214963","256104","471067"
"2019-11-28 12:24","DataTree.java","37560","64134","101694"
"2019-10-10 14:37","DataTree.java","32270","57691","89961"
"2019-12-27 22:33","DataTree.java","37945","68291","106236"
"2019-11-11 13:59","DataTree.java","32455","61533","93988"
"2019-11-08 17:30","DataTree.java","32424","59706","92130"
"2019-09-10 09:53","DataTree.java","31441","54158","85599"
"2019-04-12 19:01","DataTree.java","1062","4537","5599"
"2019-07-31 19:06","DataTree.java","8166","29141","37307"
"2019-09-11 10:27","DataTree.java","31483","54507","85990"
"2019-08-01 07:31","DataTree.java","8245","30584","38829"
"2019-08-17 17:13","DataTree.java","30201","51869","82070"
"2019-09-10 15:21","DataTree.java","31451","54162","85613"
"2019-04-12 12:29","DataTree.java","900","3944","4844"
"2019-08-03 08:42","DataTree.java","8510","30886","39396"
"2019-08-09 16:15","DataTree.java","8719","31843","40562"
"2019-04-29 16:49","DataTree.java","1169","6674","7843"
"2013-05-11 14:51","FLETest.java","3405","15281","18686"
"2019-10-10 14:37","FLETest.java","179987","260221","440208"
"2013-10-21 23:36","FLETest.java","4386","21782","26168"
"2013-10-02 20:19","FLETest.java","4076","18361","22437"
"2014-06-25 15:04","FLETest.java","11637","36923","48560"
"2016-06-02 00:59","FLETest.java","17979","59653","77632"
"2017-09-11 18:55","FLETest.java","23506","69115","92621"
"2019-08-17 17:13","FLETest.java","179987","256468","436455"
"2016-07-27 01:33","ZooKeeperTest.java","16893","45847","62740"
"2015-11-08 22:54","ZooKeeperTest.java","13179","40315","53494"
"2016-09-08 22:52","ZooKeeperTest.java","17402","46744","64146"
"2018-10-04 15:46","ZooKeeperTest.java","111880","159472","271352"
"2016-10-16 14:21","ZooKeeperTest.java","17569","48071","65640"
"2019-03-12 19:08","ZooKeeperTest.java","193309","236420","429729"
"2017-04-29 20:17","ZooKeeperTest.java","20926","53326","74252"
"2014-03-29 04:33","ZooKeeperTest.java","1509","9739","11248"
"2017-05-30 19:43","ZooKeeperTest.java","21836","53466","75302"
"2019-05-23 18:42","ZooKeeperTest.java","193373","241590","434963"
"2019-08-17 17:13","ZooKeeperTest.java","193389","256377","449766"
"2016-08-10 19:32","ZooKeeperTest.java","17112","46021","63133"
"2019-06-06 00:01","ZooKeeperTest.java","193389","242514","435903"
"2018-09-28 23:38","WatchesSummary.java","113030","143477","256507"
"2019-08-17 17:13","WatchesSummary.java","210259","256151","466410"
"2014-02-12 17:00","ZKDatabase.java","55905","50325","106230"
"2019-10-10 14:37","ZKDatabase.java","219580","260725","480305"
"2019-12-27 22:33","ZKDatabase.java","220653","266723","487376"
"2018-04-06 06:04","ZKDatabase.java","70108","94380","164488"
"2011-04-12 09:14","ZKDatabase.java","42556","1421","43977"
"2014-04-29 02:23","ZKDatabase.java","61920","59355","121275"
"2014-04-17 08:47","ZKDatabase.java","61915","58644","120559"
"2011-09-17 02:36","ZKDatabase.java","47270","17574","64844"
"2018-09-28 23:38","ZKDatabase.java","149013","183648","332661"
"2013-06-28 23:22","ZKDatabase.java","55362","42661","98023"
"2019-11-08 17:30","ZKDatabase.java","219580","262586","482166"
"2019-05-14 17:11","ZKDatabase.java","219581","241640","461221"
"2012-07-17 23:25","ZKDatabase.java","53004","28000","81004"
"2018-09-18 01:00","ZKDatabase.java","148859","180920","329779"
"2013-03-07 07:01","ZKDatabase.java","55117","40554","95671"
"2019-02-07 11:26","ZKDatabase.java","219516","235240","454756"
"2019-04-12 19:01","ZKDatabase.java","219581","238780","458361"
"2018-09-05 22:35","ZKDatabase.java","148793","178600","327393"
"2015-02-06 06:17","ZKDatabase.java","63039","71978","135017"
"2014-07-18 02:19","ZKDatabase.java","62720","66908","129628"
"2018-02-07 01:05","ZKDatabase.java","70081","94001","164082"
"2014-01-24 07:18","ZKDatabase.java","55869","50039","105908"
"2019-08-17 17:13","ZKDatabase.java","219580","256972","476552"
"2019-09-10 00:27","ZKDatabase.java","219580","257912","477492"
"2016-03-23 00:30","ZKDatabase.java","66044","80083","146127"
"2018-02-23 23:49","ZKDatabase.java","70103","94367","164470"
"2017-08-03 20:28","ZKDatabase.java","69596","88266","157862"
"2017-06-18 19:23","ZKDatabase.java","69512","88406","157918"
"2019-04-09 15:35","ZKDatabase.java","219529","237778","457307"
"2019-12-27 22:33","SnapshotFormatter.java","875","4647","5522"
"2019-10-10 14:37","DistributedQueue.java","2537","5697","8234"
"2019-08-17 17:13","ZooKeeperServerTest.java","29730","48462","78192"
"2019-10-10 14:37","LearnerSessionTracker.java","191804","216682","408486"
"2019-09-20 10:02","LearnerSessionTracker.java","191804","215849","407653"
"2019-08-17 17:13","LearnerSessionTracker.java","191803","212928","404731"
"2011-08-21 02:53","AuthTest.java","21204","76168","97372"
"2011-04-12 09:14","AuthTest.java","22690","69744","92434"
"2010-10-06 18:14","AuthTest.java","18277","102611","120888"
"2019-08-17 17:13","AuthTest.java","131919","257500","389419"
"2010-10-27 00:30","AuthTest.java","18426","104458","122884"
"2012-03-02 03:44","AuthTest.java","26025","82196","108221"
"2019-11-28 12:24","DataTree.java","193109","262658","455767"
"2019-10-10 14:37","DataTree.java","191763","260159","451922"
"2019-12-27 22:33","DataTree.java","193109","266430","459539"
"2015-06-06 03:48","DataTree.java","12733","39896","52629"
"2019-11-11 13:59","DataTree.java","191791","263844","455635"
"2018-07-10 13:29","DataTree.java","33108","74480","107588"
"2014-04-17 08:47","DataTree.java","9383","20675","30058"
"2014-04-29 02:23","DataTree.java","9389","21387","30776"
"2018-09-28 23:38","DataTree.java","111985","161183","273168"
"2019-11-08 17:30","DataTree.java","191791","262048","453839"
"2013-09-05 23:50","DataTree.java","968","2684","3652"
"2019-01-30 16:28","DataTree.java","191665","233419","425084"
"2019-01-30 17:02","DataTree.java","191665","233963","425628"
"2016-11-24 17:18","DataTree.java","19138","54068","73206"
"2017-09-11 18:55","DataTree.java","24095","57866","81961"
"2017-02-05 07:22","DataTree.java","19355","55724","75079"
"2014-07-18 02:19","DataTree.java","10951","29702","40653"
"2019-02-07 11:26","DataTree.java","191666","234641","426307"
"2018-09-04 11:54","DataTree.java","111732","155846","267578"
"2018-09-05 22:35","DataTree.java","111751","156121","267872"
"2018-12-20 15:17","DataTree.java","191664","229907","421571"
"2019-09-10 09:53","DataTree.java","191763","257455","449218"
"2019-04-12 19:01","DataTree.java","191747","238197","429944"
"2019-07-31 19:06","DataTree.java","191763","255713","447476"
"2019-09-11 10:27","DataTree.java","191763","257762","449525"
"2013-10-22 12:54","DataTree.java","1579","7364","8943"
"2016-03-23 00:30","DataTree.java","17183","45785","62968"
"2019-08-01 07:31","DataTree.java","191763","257077","448840"
"2014-01-24 07:18","DataTree.java","1907","10640","12547"
"2019-08-17 17:13","DataTree.java","191763","256406","448169"
"2019-09-10 15:21","DataTree.java","191763","257449","449212"
"2015-06-04 19:51","DataTree.java","12726","39784","52510"
"2016-10-07 21:51","DataTree.java","18401","50510","68911"
"2017-06-18 19:23","DataTree.java","22800","56257","79057"
"2019-04-12 12:29","DataTree.java","191747","237766","429513"
"2019-08-03 08:42","DataTree.java","191763","257114","448877"
"2019-08-09 16:15","DataTree.java","191763","257862","449625"
"2016-11-13 20:59","DataTree.java","18536","52898","71434"
"2019-04-29 16:49","DataTree.java","191747","240227","431974"
"2019-10-10 14:37","X509Util.java","220587","259640","480227"
"2019-07-29 17:09","X509Util.java","220587","252901","473488"
"2019-06-05 00:29","X509Util.java","220586","241553","462139"
"2019-08-17 17:13","X509Util.java","220587","255887","476474"
"2018-11-27 10:02","X509Util.java","220467","226101","446568"
"2018-11-07 02:29","X509Util.java","220466","223642","444108"
"2019-01-24 11:53","X509Util.java","220469","232760","453229"
"2018-12-15 07:34","X509Util.java","220467","228340","448807"
"2019-01-25 14:32","X509Util.java","220469","232819","453288"
"2019-01-14 19:40","X509Util.java","220468","231168","451636"
"2018-10-16 16:22","X509Util.java","199150","232847","431997"
"2019-01-25 14:37","X509Util.java","220469","232841","453310"
"2016-07-27 01:33","CreateCommand.java","16636","37360","53996"
"2017-05-27 00:52","CreateCommand.java","22027","45427","67454"
"2015-06-04 19:51","CreateCommand.java","11518","28691","40209"
"2019-08-17 17:13","CreateCommand.java","201513","256271","457784"
"2018-05-09 23:57","CreateCommand.java","24653","55100","79753"
"2019-10-10 14:37","LoadFromLogTest.java","227996","258833","486829"
"2019-08-17 17:13","LoadFromLogTest.java","227995","255079","483074"
"2019-06-07 14:13","LoadFromLogTest.java","227994","241182","469176"
"2018-10-16 16:22","QuorumPeerConfig.java","115492","239509","355001"
"2012-04-23 01:20","QuorumPeerConfig.java","28281","77420","105701"
"2018-12-09 03:16","QuorumPeerConfig.java","143022","230104","373126"
"2019-04-12 19:01","QuorumPeerConfig.java","143066","239297","382363"
"2018-09-11 15:23","QuorumPeerConfig.java","88584","194930","283514"
"2013-03-07 07:01","QuorumPeerConfig.java","29686","90663","120349"
"2018-12-15 07:34","QuorumPeerConfig.java","143022","230019","373041"
"2019-02-13 13:12","QuorumPeerConfig.java","143031","236401","379432"
"2019-08-17 17:13","QuorumPeerConfig.java","143066","257490","400556"
"2015-03-17 18:06","QuorumPeerConfig.java","32365","118066","150431"
"2014-01-21 04:50","QuorumPeerConfig.java","30155","98282","128437"
"2009-11-18 20:06","QuorumPeerConfig.java","3674","15100","18774"
"2012-12-16 07:43","QuorumPeerConfig.java","29135","83718","112853"
"2017-11-28 00:10","QuorumPeerConfig.java","36353","134958","171311"
"2019-06-05 00:29","QuorumPeerConfig.java","143066","243157","386223"
"2014-09-17 07:34","QuorumPeerConfig.java","32235","114483","146718"
"2020-01-09 11:27","QuorumPeerConfig.java","143706","266233","409939"
"2019-07-12 17:01","QuorumPeerConfig.java","143066","252803","395869"
"2016-11-13 20:59","QuorumPeerConfig.java","34618","129957","164575"
"2019-05-15 11:56","QuorumPeerConfig.java","143066","242244","385310"
"2014-08-19 22:50","QuorumPeerConfig.java","32235","113397","145632"
"2018-10-01 06:11","QuorumPeerConfig.java","88726","198906","287632"
"2017-07-28 00:36","QuorumPeerConfig.java","36194","130379","166573"
"2013-09-30 22:20","QuorumPeerConfig.java","29839","93201","123040"
"2017-07-06 18:48","QuorumPeerConfig.java","36176","131243","167419"
"2013-09-26 00:13","QuorumPeerConfig.java","29835","92953","122788"
"2010-03-09 05:44","QuorumPeerConfig.java","12944","37341","50285"
"2020-01-23 13:43","QuorumPeerConfig.java","143706","268057","411763"
"2011-04-06 18:17","QuorumPeerConfig.java","22407","58140","80547"
"2010-03-12 19:26","QuorumPeerConfig.java","13045","38172","51217"
"2014-05-17 13:23","QuorumPeerConfig.java","31580","104602","136182"
"2014-07-04 04:19","QuorumPeerConfig.java","31731","107302","139033"
"2011-09-17 02:42","QuorumPeerConfig.java","24612","70609","95221"
"2016-06-23 19:42","QuorumPeerConfig.java","34210","125117","159327"
"2015-09-06 20:02","QuorumPeerConfig.java","32578","121791","154369"
"2015-09-29 03:56","QuorumPeerConfig.java","32607","122001","154608"
"2019-10-10 14:37","QuorumPeerConfig.java","143066","261243","404309"
"2018-07-27 12:32","QuorumPeerConfig.java","48285","151804","200089"
"2019-04-18 19:17","QuorumPeerConfig.java","143066","240007","383073"
"2016-11-03 16:07","QuorumPeerConfig.java","34603","128273","162876"
"2011-04-12 09:14","QuorumPeerConfig.java","22879","58776","81655"
"2014-03-25 22:13","QuorumPeerConfig.java","30308","100891","131199"
"2011-09-02 22:50","QuorumPeerConfig.java","21869","69476","91345"
"2013-10-09 22:21","QuorumPeerConfig.java","30061","96233","126294"
"2014-08-01 07:38","QuorumPeerConfig.java","32208","112835","145043"
"2014-08-14 08:08","QuorumPeerConfig.java","32208","113256","145464"
"2020-02-16 10:25","QuorumPeerConfig.java","143706","268770","412476"
"2020-05-14 18:18","QuorumPeerConfig.java","143707","271996","415703"
"2017-05-11 16:59","QuorumPeerConfig.java","36133","130333","166466"
"2019-04-12 19:01","MonitorCommand.java","226224","237064","463288"
"2019-01-07 14:39","MonitorCommand.java","226124","229996","456120"
"2019-08-17 17:13","MonitorCommand.java","226243","255276","481519"
"2019-06-04 10:55","MonitorCommand.java","226242","240759","467001"
"2015-10-18 19:00","QuorumPeer.java","12696","35623","48319"
"2018-12-20 15:13","QuorumPeer.java","197182","229837","427019"
"2019-05-16 16:25","QuorumPeer.java","197265","241149","438414"
"2018-10-16 16:22","QuorumPeer.java","177786","235268","413054"
"2019-06-14 09:06","QuorumPeer.java","197281","244364","441645"
"2018-12-07 12:41","QuorumPeer.java","197181","226850","424031"
"2019-03-11 19:47","QuorumPeer.java","197201","236284","433485"
"2014-07-18 02:19","QuorumPeer.java","9585","22778","32363"
"2019-02-13 13:12","QuorumPeer.java","197202","235233","432435"
"2019-04-12 19:01","QuorumPeer.java","197265","238157","435422"
"2018-12-09 03:16","QuorumPeer.java","197181","228924","426105"
"2018-09-11 15:23","QuorumPeer.java","111842","151653","263495"
"2019-11-29 14:49","QuorumPeer.java","198630","264272","462902"
"2018-12-15 07:34","QuorumPeer.java","197181","228839","426020"
"2018-11-27 10:02","QuorumPeer.java","197181","226600","423781"
"2018-09-18 01:00","QuorumPeer.java","111918","152984","264902"
"2019-06-03 19:40","QuorumPeer.java","197281","241697","438978"
"2019-07-15 14:15","QuorumPeer.java","197281","251785","449066"
"2015-03-17 18:06","QuorumPeer.java","10942","30108","41050"
"2019-07-03 00:44","QuorumPeer.java","197281","244379","441660"
"2019-08-17 17:13","QuorumPeer.java","197281","256366","453647"
"2015-06-27 02:03","QuorumPeer.java","11489","33344","44833"
"2017-11-28 00:10","QuorumPeer.java","23545","55615","79160"
"2014-01-21 04:50","QuorumPeer.java","368","1960","2328"
"2014-06-04 22:07","QuorumPeer.java","8269","15662","23931"
"2018-01-30 08:02","QuorumPeer.java","23927","56150","80077"
"2019-05-15 11:56","QuorumPeer.java","197265","241104","438369"
"2019-06-05 00:33","QuorumPeer.java","197281","242087","439368"
"2019-05-20 23:13","QuorumPeer.java","197265","241222","438487"
"2019-06-04 10:55","QuorumPeer.java","197281","241850","439131"
"2019-07-12 17:01","QuorumPeer.java","197281","251679","448960"
"2020-01-09 11:27","QuorumPeer.java","198630","265818","464448"
"2017-02-09 11:40","QuorumPeer.java","18258","49104","67362"
"2017-07-06 18:48","QuorumPeer.java","21889","50421","72310"
"2018-10-01 06:11","QuorumPeer.java","112082","155727","267809"
"2015-04-09 20:16","QuorumPeer.java","10983","31212","42195"
"2018-07-04 17:11","QuorumPeer.java","32266","68050","100316"
"2019-12-17 13:48","QuorumPeer.java","198630","264844","463474"
"2015-12-07 05:59","QuorumPeer.java","12984","36669","49653"
"2020-01-23 13:43","QuorumPeer.java","198630","267642","466272"
"2016-06-23 23:45","QuorumPeer.java","16293","41048","57341"
"2016-06-23 23:25","QuorumPeer.java","16262","40909","57171"
"2014-03-23 04:12","QuorumPeer.java","744","4556","5300"
"2014-07-18 20:48","QuorumPeer.java","9804","23456","33260"
"2014-07-04 04:19","QuorumPeer.java","8428","17464","25892"
"2018-12-06 10:56","QuorumPeer.java","197181","226794","423975"
"2014-06-25 15:04","QuorumPeer.java","8292","16182","24474"
"2014-03-28 01:58","QuorumPeer.java","760","4990","5750"
"2019-10-10 14:37","QuorumPeer.java","197281","260119","457400"
"2013-11-07 06:41","QuorumPeer.java","132","563","695"
"2017-07-27 23:09","QuorumPeer.java","22887","50433","73320"
"2014-05-18 05:49","QuorumPeer.java","8181","15085","23266"
"2014-03-25 22:13","QuorumPeer.java","756","4804","5560"
"2018-06-26 11:18","QuorumPeer.java","24302","60068","84370"
"2018-07-27 12:32","QuorumPeer.java","42672","79656","122328"
"2019-04-18 19:17","QuorumPeer.java","197265","238867","436132"
"2016-12-20 14:47","QuorumPeer.java","18087","47798","65885"
"2017-05-11 16:59","QuorumPeer.java","21609","49274","70883"
"2014-07-03 06:01","QuorumPeer.java","8338","16952","25290"
"2014-08-14 08:08","QuorumPeer.java","10245","24758","35003"
"2014-08-01 07:38","QuorumPeer.java","10163","24255","34418"
"2014-07-20 04:50","QuorumPeer.java","9843","23557","33400"
"2016-06-02 00:59","QuorumPeer.java","16229","40507","56736"
"2020-02-16 10:25","QuorumPeer.java","198630","268355","466985"
"2019-11-21 05:58","NIOServerCnxn.java","159196","180382","339578"
"2019-11-18 09:05","NIOServerCnxn.java","159196","180359","339555"
"2019-09-16 23:26","NIOServerCnxn.java","157197","178235","335432"
"2019-10-10 14:37","NIOServerCnxn.java","157213","178985","336198"
"2018-09-28 23:38","NIOServerCnxn.java","703","3277","3980"
"2020-02-11 06:50","NIOServerCnxn.java","159526","188064","347590"
"2019-01-23 14:00","NIOServerCnxn.java","153972","148718","302690"
"2019-07-08 23:26","NIOServerCnxn.java","155540","162335","317875"
"2019-04-12 19:01","NIOServerCnxn.java","154260","154086","308346"
"2019-01-14 19:38","NIOServerCnxn.java","153914","147225","301139"
"2018-11-17 18:33","NIOServerCnxn.java","147632","133726","281358"
"2019-08-17 17:13","NIOServerCnxn.java","156211","174230","330441"
"2019-07-03 00:44","NIOServerCnxn.java","155540","161572","317112"
"2019-08-03 08:42","NIOServerCnxn.java","156190","174917","331107"
"2019-10-10 14:37","ObserverZooKeeperServer.java","31925","50347","82272"
"2019-06-04 10:55","ObserverZooKeeperServer.java","233","386","619"
"2019-08-17 17:13","ObserverZooKeeperServer.java","29523","44192","73715"
"2018-09-11 15:23","ServerConfig.java","103556","186846","290402"
"2019-04-12 19:01","ServerConfig.java","166989","238823","405812"
"2019-02-13 13:12","ServerConfig.java","166943","235916","402859"
"2017-07-28 00:36","ServerConfig.java","41468","112597","154065"
"2019-05-15 11:56","ServerConfig.java","166989","241770","408759"
"2019-08-17 17:13","ServerConfig.java","166988","257015","424003"
"2015-03-17 18:06","ServerConfig.java","36797","99442","136239"
"2011-09-17 02:42","ServerConfig.java","22296","45237","67533"
"2010-03-12 19:26","ServerConfig.java","174","904","1078"
"2016-12-22 04:10","ServerConfig.java","39598","113123","152721"
"2019-04-18 19:17","ServerConfig.java","166989","239533","406522"
"2013-12-16 05:18","NettyServerCnxnFactory.java","14411","36154","50565"
"2016-06-23 23:45","NettyServerCnxnFactory.java","25296","70758","96054"
"2020-02-26 22:41","NettyServerCnxnFactory.java","178210","268656","446866"
"2019-10-10 14:37","NettyServerCnxnFactory.java","177112","260657","437769"
"2013-10-05 00:57","NettyServerCnxnFactory.java","14113","31797","45910"
"2019-09-10 18:50","NettyServerCnxnFactory.java","177112","258021","435133"
"2019-11-14 03:54","NettyServerCnxnFactory.java","177112","264913","442025"
"2019-02-12 15:25","NettyServerCnxnFactory.java","177046","235663","412709"
"2018-10-16 16:22","NettyServerCnxnFactory.java","158280","236469","394749"
"2019-02-15 15:36","NettyServerCnxnFactory.java","177059","236091","413150"
"2012-08-28 21:51","NettyServerCnxnFactory.java","10895","16052","26947"
"2019-04-12 19:01","NettyServerCnxnFactory.java","177113","238712","415825"
"2018-11-22 17:56","NettyServerCnxnFactory.java","177044","225533","402577"
"2018-09-22 06:48","NettyServerCnxnFactory.java","113048","174890","287938"
"2013-03-07 07:01","NettyServerCnxnFactory.java","13582","28731","42313"
"2018-12-15 07:34","NettyServerCnxnFactory.java","177044","229409","406453"
"2014-07-18 02:19","NettyServerCnxnFactory.java","21527","55427","76954"
"2019-02-13 13:12","NettyServerCnxnFactory.java","177059","235797","412856"
"2019-08-17 17:13","NettyServerCnxnFactory.java","177112","256904","434016"
"2015-03-17 18:06","NettyServerCnxnFactory.java","22084","61957","84041"
"2015-03-28 20:08","NettyServerCnxnFactory.java","22100","62962","85062"
"2019-11-23 17:08","NettyServerCnxnFactory.java","178210","262703","440913"
"2019-07-03 00:44","NettyServerCnxnFactory.java","177112","244917","422029"
"2019-06-05 00:29","NettyServerCnxnFactory.java","177112","242571","419683"
"2019-07-23 15:55","NettyServerCnxnFactory.java","177112","252912","430024"
"2014-09-28 19:15","NettyServerCnxnFactory.java","21752","58250","80002"
"2019-06-24 11:05","NettyServerCnxnFactory.java","177112","244237","421349"
"2015-01-30 03:23","NettyServerCnxnFactory.java","21877","60322","82199"
"2019-08-03 08:42","NettyServerCnxnFactory.java","177112","257612","434724"
"2014-11-29 16:53","Log4JSource.java","20862","70144","91006"
"2015-05-14 18:40","PortAssignment.java","21239","74102","95341"
"2019-08-17 17:13","PortAssignment.java","178405","256932","435337"
"2018-12-20 07:24","PortAssignment.java","178339","230366","408705"
"2019-10-10 14:37","PortAssignment.java","178405","260685","439090"
"2019-10-10 14:37","X509Util.java","216164","259836","476000"
"2019-07-29 17:09","X509Util.java","216164","253097","469261"
"2019-06-05 00:29","X509Util.java","216163","241749","457912"
"2019-08-17 17:13","X509Util.java","216164","256083","472247"
"2016-05-02 18:15","X509Util.java","6173","10792","16965"
"2018-11-27 10:02","X509Util.java","216052","226305","442357"
"2018-11-07 02:29","X509Util.java","216051","223846","439897"
"2019-01-24 11:53","X509Util.java","216054","232964","449018"
"2018-12-15 07:34","X509Util.java","216052","228544","444596"
"2019-01-25 14:32","X509Util.java","216054","233023","449077"
"2019-01-14 19:40","X509Util.java","216053","231372","447425"
"2018-10-16 16:22","X509Util.java","195224","233540","428764"
"2019-01-25 14:37","X509Util.java","216054","233045","449099"
"2012-04-23 01:20","HierarchicalQuorumTest.java","27913","75762","103675"
"2014-06-04 22:07","HierarchicalQuorumTest.java","31433","104071","135504"
"2009-11-18 20:06","HierarchicalQuorumTest.java","2924","12927","15851"
"2019-08-17 17:13","HierarchicalQuorumTest.java","144483","257484","401967"
"2019-07-12 17:01","HierarchicalQuorumTest.java","144483","252797","397280"
"2010-03-13 01:06","HierarchicalQuorumTest.java","12532","36247","48779"
"2019-10-10 14:37","HierarchicalQuorumTest.java","144483","261237","405720"
"2009-11-07 01:48","HierarchicalQuorumTest.java","1902","4287","6189"
"2018-06-26 11:18","HierarchicalQuorumTest.java","36359","137370","173729"
"2011-04-12 09:14","HierarchicalQuorumTest.java","22489","56963","79452"
"2017-05-11 16:59","HierarchicalQuorumTest.java","35938","128848","164786"
"2010-05-05 22:32","HierarchicalQuorumTest.java","16387","40121","56508"
"2010-03-31 06:26","HierarchicalQuorumTest.java","14071","38033","52104"
"2019-06-07 14:13","SessionTest.java","217389","243089","460478"
"2019-08-17 17:13","SessionTest.java","217389","256985","474374"
"2017-09-11 18:55","SessionTest.java","70042","91454","161496"
"2010-11-04 17:01","SessionTest.java","19","125","144"
"2018-09-22 06:48","SessionTest.java","149032","183366","332398"
"2011-10-25 08:09","SessionTest.java","49760","20733","70493"
"2011-04-12 09:14","SessionTest.java","43433","4502","47935"
"2013-12-21 22:05","SessionTest.java","56229","50768","106997"
"2019-10-10 14:37","SessionTest.java","217389","260738","478127"
"2015-07-07 07:11","SessionTest.java","64710","79942","144652"
"2019-12-28 16:17","SessionTest.java","218462","266643","485105"
"2019-06-07 14:13","SessionTest.java","182278","243090","425368"
"2019-08-17 17:13","SessionTest.java","182278","256986","439264"
"2017-09-11 18:55","SessionTest.java","40911","97366","138277"
"2010-11-04 17:01","SessionTest.java","2268","37486","39754"
"2018-09-22 06:48","SessionTest.java","116250","185627","301877"
"2011-10-25 08:09","SessionTest.java","21738","27754","49492"
"2010-08-17 09:24","SessionTest.java","317","2093","2410"
"2011-04-12 09:14","SessionTest.java","16173","12354","28527"
"2010-08-18 08:24","SessionTest.java","1559","6695","8254"
"2010-10-21 02:44","SessionTest.java","2255","37367","39622"
"2013-12-21 22:05","SessionTest.java","27927","57509","85436"
"2019-10-10 14:37","SessionTest.java","182278","260739","443017"
"2015-07-07 07:11","SessionTest.java","35710","85985","121695"
"2019-12-28 16:17","SessionTest.java","183350","266643","449993"
"2019-04-12 19:01","MonitorCommand.java","1369","8337","9706"
"2019-08-17 17:13","MonitorCommand.java","29877","55038","84915"
"2019-06-04 10:55","MonitorCommand.java","2206","12851","15057"
"2019-08-17 17:13","StringUtils.java","29523","44192","73715"
"2019-09-16 23:26","ZooKeeperServerMXBean.java","1939","4958","6897"
"2019-11-14 03:54","ZooKeeperServerMXBean.java","4021","12030","16051"
"2020-03-25 03:38","ZooKeeperServerMXBean.java","12133","24918","37051"
"2014-06-25 15:04","FastLeaderElection.java","19924","59609","79533"
"2018-12-06 10:56","FastLeaderElection.java","178674","227394","406068"
"2014-07-08 05:25","FastLeaderElection.java","20323","61644","81967"
"2014-07-18 20:48","FastLeaderElection.java","20600","66047","86647"
"2014-03-23 04:12","FastLeaderElection.java","13863","49470","63333"
"2019-10-10 14:37","FastLeaderElection.java","178740","260685","439425"
"2013-10-21 23:36","FastLeaderElection.java","13506","45301","58807"
"2019-09-30 23:22","FastLeaderElection.java","178740","260312","439052"
"2014-07-20 04:50","FastLeaderElection.java","20622","66131","86753"
"2020-04-07 09:07","FastLeaderElection.java","179834","271400","451234"
"2012-03-20 01:33","FastLeaderElection.java","10343","23867","34210"
"2019-01-18 03:42","FastLeaderElection.java","178675","232892","411567"
"2012-02-06 09:40","FastLeaderElection.java","7913","19986","27899"
"2017-09-11 18:55","FastLeaderElection.java","27791","87799","115590"
"2013-03-07 07:01","FastLeaderElection.java","12880","39117","51997"
"2018-08-29 06:26","FastLeaderElection.java","102120","172411","274531"
"2015-02-06 06:17","FastLeaderElection.java","20892","70631","91523"
"2018-04-30 06:34","FastLeaderElection.java","28257","94247","122504"
"2019-08-17 17:13","FastLeaderElection.java","178740","256932","435672"
"2019-08-02 20:08","FastLeaderElection.java","178740","257713","436453"
"2012-08-03 00:17","FastLeaderElection.java","10809","26821","37630"
"2017-01-13 19:29","FastLeaderElection.java","25117","87465","112582"
"2011-06-14 07:14","FastLeaderElection.java","419","2034","2453"
"2019-08-03 08:42","FastLeaderElection.java","178740","257640","436380"
"2019-08-17 17:13","ChrootClientTest.java","144483","257484","401967"
"2019-10-10 14:37","ChrootClientTest.java","144483","261237","405720"
"2011-04-12 09:14","ChrootClientTest.java","22489","56963","79452"
"2010-03-31 06:26","ChrootClientTest.java","14071","38033","52104"
"2019-09-20 10:06","TxnLogToolkit.java","2439","5302","7741"
"2019-12-27 22:33","TxnLogToolkit.java","10004","18682","28686"
"2019-11-28 12:24","TxnLogToolkit.java","9316","14222","23538"
"2015-07-07 07:11","ZxidRolloverTest.java","1563","2863","4426"
"2019-08-17 17:13","ZxidRolloverTest.java","217720","256072","473792"
"2015-11-21 22:18","ZxidRolloverTest.java","1883","4671","6554"
"2016-06-23 23:45","NettyServerCnxnFactory.java","7754","19316","27070"
"2020-02-26 22:41","NettyServerCnxnFactory.java","211700","268246","479946"
"2019-10-10 14:37","NettyServerCnxnFactory.java","210259","259904","470163"
"2019-09-10 18:50","NettyServerCnxnFactory.java","210259","257268","467527"
"2019-11-14 03:54","NettyServerCnxnFactory.java","210287","264188","474475"
"2019-02-12 15:25","NettyServerCnxnFactory.java","210152","234869","445021"
"2018-10-16 16:22","NettyServerCnxnFactory.java","190492","234781","425273"
"2019-02-15 15:36","NettyServerCnxnFactory.java","210168","235300","445468"
"2019-04-12 19:01","NettyServerCnxnFactory.java","210243","237942","448185"
"2018-11-22 17:56","NettyServerCnxnFactory.java","210149","224738","434887"
"2018-09-22 06:48","NettyServerCnxnFactory.java","112357","140299","252656"
"2018-12-15 07:34","NettyServerCnxnFactory.java","210149","228614","438763"
"2019-02-13 13:12","NettyServerCnxnFactory.java","210170","235008","445178"
"2019-08-17 17:13","NettyServerCnxnFactory.java","210259","256151","466410"
"2015-03-17 18:06","NettyServerCnxnFactory.java","1635","7608","9243"
"2015-03-28 20:08","NettyServerCnxnFactory.java","1670","8632","10302"
"2019-11-23 17:08","NettyServerCnxnFactory.java","211699","262292","473991"
"2019-07-03 00:44","NettyServerCnxnFactory.java","210259","244164","454423"
"2019-06-05 00:29","NettyServerCnxnFactory.java","210259","241818","452077"
"2019-07-23 15:55","NettyServerCnxnFactory.java","210259","252159","462418"
"2014-09-28 19:15","NettyServerCnxnFactory.java","947","3545","4492"
"2019-06-24 11:05","NettyServerCnxnFactory.java","210259","243484","453743"
"2015-01-30 03:23","NettyServerCnxnFactory.java","1289","5834","7123"
"2019-08-03 08:42","NettyServerCnxnFactory.java","210259","256859","467118"
"2014-03-25 22:13","QuorumPeerMainTest.java","13957","48185","62142"
"2011-09-03 01:07","QuorumPeerMainTest.java","1412","12876","14288"
"2018-05-10 00:14","QuorumPeerMainTest.java","28573","93579","122152"
"2018-10-05 14:25","QuorumPeerMainTest.java","149071","223751","372822"
"2018-07-17 10:41","QuorumPeerMainTest.java","45460","112113","157573"
"2018-07-27 12:32","QuorumPeerMainTest.java","45502","112666","158168"
"2013-10-09 22:21","QuorumPeerMainTest.java","13554","43371","56925"
"2011-09-17 02:13","QuorumPeerMainTest.java","4464","13981","18445"
"2015-11-03 08:11","QuorumPeerMainTest.java","22485","75630","98115"
"2020-01-23 13:43","QuorumPeerMainTest.java","181427","267931","449358"
"2019-10-10 14:37","QuorumPeerMainTest.java","180329","260659","440988"
"2019-12-28 16:17","QuorumPeerMainTest.java","181427","266589","448016"
"2017-12-16 01:25","QuorumPeerMainTest.java","28321","90615","118936"
"2018-01-19 00:52","QuorumPeerMainTest.java","28367","90774","119141"
"2018-04-30 06:34","QuorumPeerMainTest.java","28571","92946","121517"
"2019-07-25 21:41","QuorumPeerMainTest.java","180329","253389","433718"
"2019-08-17 17:13","QuorumPeerMainTest.java","180329","256906","437235"
"2018-02-23 23:49","QuorumPeerMainTest.java","28427","91876","120303"
"2012-04-23 01:20","QuorumPeerMainTest.java","10672","23456","34128"
"2014-01-09 20:21","QuorumPeerMainTest.java","13679","45342","59021"
"2019-07-02 07:34","QuorumPeerMainTest.java","180329","244849","425178"
"2019-05-20 17:18","QuorumPeerMainTest.java","180330","241698","422028"
"2018-10-16 16:22","QuorumPeerMainTest.java","149073","236735","385808"
"2015-02-06 06:17","QuorumPeerMainTest.java","21004","69128","90132"
"2018-08-29 06:26","QuorumPeerMainTest.java","102438","171114","273552"
"2018-08-03 18:52","QuorumPeerMainTest.java","45511","113181","158692"
"2018-09-11 15:23","QuorumPeerMainTest.java","107450","177441","284891"
"2019-08-17 17:13","CreateCommand.java","223892","255250","479142"
"2018-05-09 23:57","CreateCommand.java","3663","10710","14373"
"2014-03-25 22:13","QuorumPeerMainTest.java","22381","128744","151125"
"2011-09-03 01:07","QuorumPeerMainTest.java","16184","99783","115967"
"2018-05-10 00:14","QuorumPeerMainTest.java","27549","164690","192239"
"2018-10-05 14:25","QuorumPeerMainTest.java","82072","228887","310959"
"2018-07-17 10:41","QuorumPeerMainTest.java","34260","173048","207308"
"2018-07-27 12:32","QuorumPeerMainTest.java","34283","173582","207865"
"2013-10-09 22:21","QuorumPeerMainTest.java","22206","124158","146364"
"2010-03-31 06:26","QuorumPeerMainTest.java","13223","76499","89722"
"2011-09-17 02:13","QuorumPeerMainTest.java","18757","100409","119166"
"2010-05-21 18:22","QuorumPeerMainTest.java","13315","77531","90846"
"2015-11-03 08:11","QuorumPeerMainTest.java","24281","149561","173842"
"2020-01-23 13:43","QuorumPeerMainTest.java","105826","268068","373894"
"2011-06-14 14:11","QuorumPeerMainTest.java","17750","93515","111265"
"2010-03-04 23:55","QuorumPeerMainTest.java","12162","68505","80667"
"2009-08-11 00:24","QuorumPeerMainTest.java","5107","42998","48105"
"2019-10-10 14:37","QuorumPeerMainTest.java","105274","261342","366616"
"2019-12-28 16:17","QuorumPeerMainTest.java","105826","266726","372552"
"2009-11-18 00:38","QuorumPeerMainTest.java","7457","54428","61885"
"2009-11-18 20:06","QuorumPeerMainTest.java","7560","56877","64437"
"2017-12-16 01:25","QuorumPeerMainTest.java","27435","161864","189299"
"2018-01-19 00:52","QuorumPeerMainTest.java","27467","162009","189476"
"2018-04-30 06:34","QuorumPeerMainTest.java","27549","164059","191608"
"2019-07-25 21:41","QuorumPeerMainTest.java","105274","254072","359346"
"2019-08-17 17:13","QuorumPeerMainTest.java","105274","257589","362863"
"2009-07-17 00:09","QuorumPeerMainTest.java","4976","41875","46851"
"2018-02-23 23:49","QuorumPeerMainTest.java","27503","163087","190590"
"2011-06-14 07:14","QuorumPeerMainTest.java","17752","93490","111242"
"2012-04-23 01:20","QuorumPeerMainTest.java","21092","106011","127103"
"2014-01-09 20:21","QuorumPeerMainTest.java","22251","126049","148300"
"2019-07-02 07:34","QuorumPeerMainTest.java","105274","245532","350806"
"2019-05-20 17:18","QuorumPeerMainTest.java","105275","242381","347656"
"2018-10-16 16:22","QuorumPeerMainTest.java","82074","241871","323945"
"2015-02-06 06:17","QuorumPeerMainTest.java","24146","144405","168551"
"2018-08-29 06:26","QuorumPeerMainTest.java","56891","197702","254593"
"2018-08-03 18:52","QuorumPeerMainTest.java","34284","174089","208373"
"2018-09-11 15:23","QuorumPeerMainTest.java","61205","203331","264536"
"2020-03-25 03:38","FinalRequestProcessor.java","4909","14527","19436"
"2020-03-26 22:12","FinalRequestProcessor.java","4963","14583","19546"
"2019-07-29 17:15","JString.java","167551","254590","422141"
"2011-04-12 09:14","InvalidSnapshotTest.java","14186","102761","116947"
"2016-08-24 01:36","InvalidSnapshotTest.java","22023","163471","185494"
"2010-08-18 08:24","InvalidSnapshotTest.java","13296","110826","124122"
"2010-03-31 06:26","InvalidSnapshotTest.java","12769","90832","103601"
"2010-03-04 00:07","InvalidSnapshotTest.java","11960","83010","94970"
"2013-12-21 22:05","InvalidSnapshotTest.java","18485","136055","154540"
"2013-10-02 01:45","InvalidSnapshotTest.java","18396","131505","149901"
"2019-10-10 14:37","InvalidSnapshotTest.java","90604","261459","352063"
"2009-07-17 00:09","InvalidSnapshotTest.java","9311","60997","70308"
"2019-08-17 17:13","InvalidSnapshotTest.java","90604","257706","348310"
"2009-06-18 18:37","InvalidSnapshotTest.java","8552","52147","60699"
"2009-04-17 20:11","InvalidSnapshotTest.java","7432","22369","29801"
"2012-03-18 21:06","InvalidSnapshotTest.java","17360","115201","132561"
"2012-02-06 09:47","InvalidSnapshotTest.java","17119","113604","130723"
"2019-12-27 22:33","FileTxnSnapLog.java","194942","266401","461343"
"2019-10-10 14:37","FileTxnSnapLog.java","193596","260130","453726"
"2019-12-13 08:51","FileTxnSnapLog.java","194942","264438","459380"
"2017-01-07 01:09","FileTxnSnapLog.java","18780","52826","71606"
"2014-02-12 17:00","FileTxnSnapLog.java","1437","8558","9995"
"2020-01-23 16:46","FileTxnSnapLog.java","194942","267650","462592"
"2020-01-28 17:26","FileTxnSnapLog.java","194942","268121","463063"
"2016-09-18 23:21","FileTxnSnapLog.java","17857","47431","65288"
"2017-01-23 02:13","FileTxnSnapLog.java","18815","53265","72080"
"2018-06-08 16:52","FileTxnSnapLog.java","24731","63950","88681"
"2019-09-02 08:23","FileTxnSnapLog.java","193596","257034","450630"
"2017-04-28 07:14","FileTxnSnapLog.java","21260","53451","74711"
"2019-07-31 19:06","FileTxnSnapLog.java","193596","255684","449280"
"2018-07-30 06:22","FileTxnSnapLog.java","43103","83977","127080"
"2020-01-30 09:43","FileTxnSnapLog.java","194942","268197","463139"
"2019-05-14 17:11","FileTxnSnapLog.java","193580","241028","434608"
"2014-02-10 21:50","FileTxnSnapLog.java","1399","8408","9807"
"2019-05-21 23:34","FileTxnSnapLog.java","193580","241349","434929"
"2019-05-27 10:54","FileTxnSnapLog.java","193580","241681","435261"
"2017-01-13 19:29","FileTxnSnapLog.java","18794","53043","71837"
"2017-06-26 00:07","FileTxnSnapLog.java","22407","54136","76543"
"2018-02-23 23:49","FileTxnSnapLog.java","24465","61430","85895"
"2017-08-18 06:32","FileTxnSnapLog.java","23530","55261","78791"
"2019-08-17 17:13","FileTxnSnapLog.java","193596","256377","449973"
"2018-02-14 21:23","FileTxnSnapLog.java","24448","61249","85697"
"2019-11-08 17:30","Request.java","146226","262861","409087"
"2019-01-16 14:21","Request.java","146178","233179","379357"
"2019-04-25 02:11","Request.java","146226","240967","387193"
"2019-07-08 23:26","Request.java","146226","246023","392249"
"2011-07-01 00:53","Request.java","22197","59336","81533"
"2015-02-06 06:17","Request.java","31230","112439","143669"
"2013-03-07 07:01","Request.java","28446","86153","114599"
"2019-02-07 11:26","Request.java","146179","235532","381711"
"2019-08-06 17:11","Request.java","146226","258348","404574"
"2019-08-01 07:28","Request.java","146226","257428","403654"
"2019-06-26 10:57","Request.java","146226","245097","391323"
"2014-01-24 07:18","Request.java","29047","95487","124534"
"2016-10-07 21:51","Request.java","33598","123414","157012"
"2015-06-04 19:51","Request.java","31461","116226","147687"
"2019-08-17 17:13","Request.java","146226","257247","403473"
"2019-04-17 14:16","Request.java","146226","239319","385545"
"2019-05-03 00:44","Request.java","146226","241244","387470"
"2019-06-05 00:46","Request.java","146226","243107","389333"
"2019-05-10 12:22","Request.java","146226","241754","387980"
"2020-03-25 03:38","Request.java","147105","270911","418016"
"2010-01-25 04:28","Request.java","3240","15156","18396"
"2019-09-20 10:06","Request.java","146226","260110","406336"
"2019-09-16 23:26","Request.java","146226","260266","406492"
"2019-12-27 22:33","Request.java","147105","266804","413909"
"2009-12-11 21:24","Request.java","1976","10398","12374"
"2019-11-11 13:59","Request.java","146226","264657","410883"
"2011-10-20 20:02","Request.java","24735","65720","90455"
"2012-12-19 19:16","Request.java","28082","81233","109315"
"2014-04-29 02:23","Request.java","30453","100158","130611"
"2013-10-09 22:21","Request.java","28942","91844","120786"
"2020-05-05 21:20","Request.java","147105","271942","419047"
"2019-02-06 09:46","ZooKeeper.java","158081","234680","392761"
"2019-01-16 14:21","ZooKeeper.java","158080","232956","391036"
"2017-04-18 02:02","ZooKeeper.java","35115","114944","150059"
"2019-11-08 17:30","ZooKeeper.java","158137","262647","420784"
"2019-02-07 11:26","ZooKeeper.java","158081","235309","393390"
"2013-03-07 07:01","ZooKeeper.java","28112","73994","102106"
"2011-07-01 00:53","ZooKeeper.java","21375","46389","67764"
"2013-12-17 17:55","ZooKeeper.java","28693","81379","110072"
"2012-02-06 09:56","ZooKeeper.java","24670","56392","81062"
"2012-03-17 01:31","ZooKeeper.java","24923","58150","83073"
"2012-11-17 15:03","ZooKeeper.java","26717","65063","91780"
"2017-05-01 17:19","ZooKeeper.java","35124","115080","150204"
"2010-11-10 23:36","ZooKeeper.java","9254","69621","78875"
"2014-01-24 07:18","ZooKeeper.java","28750","83365","112115"
"2019-08-17 17:13","ZooKeeper.java","158137","257033","415170"
"2015-06-04 19:51","ZooKeeper.java","31356","104296","135652"
"2016-10-07 21:51","ZooKeeper.java","33577","111568","145145"
"2015-03-16 09:09","ZooKeeper.java","31156","101052","132208"
"2015-03-17 18:06","ZooKeeper.java","31179","101785","132964"
"2016-05-02 18:15","ZooKeeper.java","33148","108373","141521"
"2019-06-26 10:57","ZooKeeper.java","158137","244883","403020"
"2019-06-03 19:40","ZooKeeper.java","158137","242364","400501"
"2018-05-09 23:57","ZooKeeper.java","36013","122227","158240"
"2019-08-03 08:42","ZooKeeper.java","158137","257741","415878"
"2016-11-13 20:59","ZooKeeper.java","33591","113835","147426"
"2013-02-03 15:52","ZooKeeper.java","27758","69577","97335"
"2012-09-28 18:32","ZooKeeper.java","26569","62947","89516"
"2017-07-28 00:36","ZooKeeper.java","35566","114656","150222"
"2017-08-18 23:35","ZooKeeper.java","35621","115196","150817"
"2017-07-04 07:56","ZooKeeper.java","35549","115249","150798"
"2020-04-16 12:50","ZooKeeper.java","159166","271636","430802"
"2018-07-27 05:16","ZooKeeper.java","52533","140765","193298"
"2019-10-10 14:37","ZooKeeper.java","158137","260786","418923"
"2014-04-01 04:03","ZooKeeper.java","29040","85135","114175"
"2012-12-19 19:16","ZooKeeper.java","27709","69035","96744"
"2019-02-11 12:34","ZooKeeper.java","158081","235672","393753"
"2014-07-08 20:18","ZooKeeper.java","30775","91757","122532"
"2010-11-30 21:16","ZooKeeper.java","9514","70248","79762"
"2020-05-17 15:13","ZooKeeper.java","159168","272009","431177"
"2017-01-09 22:49","ZooKeeper.java","33953","115765","149718"
"2011-05-20 01:17","ZooKeeper.java","20466","41654","62120"
"2019-03-12 19:08","ZooKeeper.java","158095","237114","395209"
"2011-09-06 00:58","ZooKeeper.java","19597","52315","71912"
"2014-07-22 06:51","ZooKeeper.java","30940","96120","127060"
"2014-04-29 02:23","ZooKeeper.java","30259","88139","118398"
"2014-02-12 17:00","LearnerHandler.java","2011","10994","13005"
"2014-03-23 04:12","LearnerHandler.java","2219","11589","13808"
"2019-10-10 14:37","LearnerHandler.java","191763","260159","451922"
"2015-06-05 20:38","LearnerHandler.java","12728","39789","52517"
"2015-06-05 20:51","LearnerHandler.java","12728","39816","52544"
"2015-06-12 23:02","LearnerHandler.java","12743","39929","52672"
"2013-09-26 14:05","LearnerHandler.java","1050","3342","4392"
"2019-07-03 20:54","LearnerHandler.java","191763","244400","436163"
"2013-06-28 23:22","LearnerHandler.java","609","2471","3080"
"2018-09-18 01:00","LearnerHandler.java","111822","158446","270268"
"2013-05-14 14:27","LearnerHandler.java","144","269","413"
"2018-08-03 18:52","LearnerHandler.java","43556","86604","130160"
"2018-12-09 03:16","LearnerHandler.java","191663","228964","420627"
"2019-04-12 19:01","LearnerHandler.java","191747","238197","429944"
"2017-11-28 00:10","LearnerHandler.java","24430","62058","86488"
"2019-06-29 00:33","LearnerHandler.java","191763","244393","436156"
"2013-05-11 15:35","LearnerHandler.java","22","70","92"
"2019-07-25 21:41","LearnerHandler.java","191763","252889","444652"
"2019-08-23 19:43","LearnerHandler.java","191763","257072","448835"
"2019-08-17 17:13","LearnerHandler.java","191763","256406","448169"
"2017-06-26 00:16","LearnerHandler.java","22855","56440","79295"
"2017-08-03 20:28","LearnerHandler.java","23881","57114","80995"
"2019-05-06 17:48","LearnerHandler.java","191747","240703","432450"
"2019-08-03 08:42","LearnerHandler.java","191763","257114","448877"
"2019-04-22 19:15","LearnerHandler.java","191747","239172","430919"
"2019-12-03 19:35","ContainerManager.java","37692","58976","96668"
"2019-08-17 17:13","ContainerManager.java","29523","44192","73715"
"2019-11-28 12:24","DataTree.java","156882","182317","339199"
"2019-10-10 14:37","DataTree.java","154706","178988","333694"
"2019-12-27 22:33","DataTree.java","156895","186102","342997"
"2019-11-11 13:59","DataTree.java","154760","182699","337459"
"2018-09-28 23:38","DataTree.java","895","5979","6874"
"2019-11-08 17:30","DataTree.java","154760","180903","335663"
"2019-01-30 16:28","DataTree.java","151468","149108","300576"
"2019-01-30 17:02","DataTree.java","151470","149654","301124"
"2019-02-07 11:26","DataTree.java","151475","150336","301811"
"2018-09-05 22:35","DataTree.java","21","277","298"
"2018-12-20 15:17","DataTree.java","145134","139263","284397"
"2019-09-10 09:53","DataTree.java","154686","176264","330950"
"2019-04-12 19:01","DataTree.java","151753","154089","305842"
"2019-07-31 19:06","DataTree.java","153670","173506","327176"
"2019-09-11 10:27","DataTree.java","154690","176575","331265"
"2019-08-01 07:31","DataTree.java","153670","174870","328540"
"2019-08-17 17:13","DataTree.java","153704","174233","327937"
"2019-09-10 15:21","DataTree.java","154686","176258","330944"
"2019-04-12 12:29","DataTree.java","151753","153658","305411"
"2019-08-03 08:42","DataTree.java","153683","174920","328603"
"2019-08-09 16:15","DataTree.java","153683","175668","329351"
"2019-04-29 16:49","DataTree.java","151770","156136","307906"
"2015-12-06 21:37","ZooKeeperServerBean.java","16908","60024","76932"
"2015-12-07 06:26","ZooKeeperServerBean.java","16911","60353","77264"
"2020-03-25 03:38","ZooKeeperServerBean.java","179337","270743","450080"
"2019-11-14 03:54","ZooKeeperServerBean.java","178056","264686","442742"
"2019-09-16 23:26","ZooKeeperServerBean.java","178028","259668","437696"
"2018-06-08 16:52","ZooKeeperServerBean.java","25960","81019","106979"
"2020-04-30 18:53","ZooKeeperServerBean.java","179337","271643","450980"
"2019-01-23 14:00","ZooKeeperServerBean.java","177951","233299","411250"
"2019-07-08 23:26","ZooKeeperServerBean.java","178028","245425","423453"
"2015-07-10 08:19","ZooKeeperServerBean.java","16603","58319","74922"
"2017-04-28 07:14","ZooKeeperServerBean.java","23218","71249","94467"
"2019-01-14 19:38","ZooKeeperServerBean.java","177950","231863","409813"
"2019-01-07 14:39","ZooKeeperServerBean.java","177950","231410","409360"
"2015-03-17 18:06","ZooKeeperServerBean.java","15229","53931","69160"
"2019-08-17 17:13","ZooKeeperServerBean.java","178028","256649","434677"
"2018-02-07 01:05","ZooKeeperServerBean.java","25688","78149","103837"
"2018-07-12 01:33","ZooKeeperServerBean.java","33847","89375","123222"
"2019-05-22 11:39","ZooKeeperServerBean.java","178028","241849","419877"
"2019-07-30 02:31","ZooKeeperServerBean.java","178028","254570","432598"
"2020-03-19 17:09","Learner.java","195888","269704","465592"
"2013-10-09 22:21","Learner.java","266","2645","2911"
"2020-02-03 04:30","Learner.java","195888","268199","464087"
"2020-01-23 13:43","Learner.java","195888","267642","463530"
"2017-07-04 07:39","Learner.java","22005","53007","75012"
"2020-03-25 03:38","Learner.java","195888","270500","466388"
"2015-03-15 08:54","Learner.java","11015","31987","43002"
"2019-11-28 12:24","Learner.java","195888","262621","458509"
"2019-12-27 22:33","Learner.java","195888","266393","462281"
"2020-01-25 18:48","Learner.java","195888","267832","463720"
"2020-05-03 19:43","Learner.java","195888","271436","467324"
"2016-08-13 15:01","Learner.java","16959","45151","62110"
"2013-10-21 23:36","Learner.java","283","3025","3308"
"2019-10-10 14:37","Learner.java","194540","260120","454660"
"2015-01-25 01:22","Learner.java","10827","31308","42135"
"2019-06-03 19:40","Learner.java","194540","241698","436238"
"2015-03-17 18:06","Learner.java","11143","33051","44194"
"2019-07-15 14:15","Learner.java","194540","251786","446326"
"2019-08-23 19:43","Learner.java","194540","257033","451573"
"2016-09-08 22:59","Learner.java","17248","45688","62936"
"2019-08-17 17:13","Learner.java","194540","256367","450907"
"2017-11-28 00:10","Learner.java","23667","58479","82146"
"2014-03-12 23:57","Learner.java","933","7199","8132"
"2018-05-09 00:54","Learner.java","24280","61220","85500"
"2019-04-09 15:35","Learner.java","194461","237145","431606"
"2019-07-12 17:01","Learner.java","194540","251680","446220"
"2017-07-06 18:48","Learner.java","22013","53287","75300"
"2017-08-18 06:32","Learner.java","23114","53891","77005"
"2019-07-02 07:34","Learner.java","194540","244310","438850"
"2018-10-16 16:22","Learner.java","175051","235275","410326"
"2014-07-18 02:19","Learner.java","9830","25765","35595"
"2017-02-12 00:12","Learner.java","20770","51108","71878"
"2018-12-09 03:16","Learner.java","194440","228925","423365"
"2019-11-29 14:49","Learner.java","195888","264272","460160"
"2018-11-27 10:02","Learner.java","194440","226601","421041"
"2018-08-06 14:11","Learner.java","42943","83281","126224"
"2019-11-14 03:54","ServerCnxnFactory.java","32443","61506","93949"
"2019-11-11 13:59","ServerCnxnFactory.java","32373","60837","93210"
"2019-08-17 17:13","ServerCnxnFactory.java","30099","51153","81252"
"2019-06-07 14:13","ServerCnxnFactory.java","1881","9039","10920"
"2019-07-03 00:44","ServerCnxnFactory.java","5198","14265","19463"
"2019-10-10 14:37","Observer.java","31734","49766","81500"
"2019-12-27 22:33","Observer.java","37651","60608","98259"
"2019-07-15 14:15","Observer.java","4440","14138","18578"
"2019-08-23 19:43","Observer.java","29329","44274","73603"
"2019-08-17 17:13","Observer.java","29327","43606","72933"
"2019-07-02 07:34","Observer.java","3353","5575","8928"
"2019-08-17 17:13","ZooKeeperTest.java","29719","44490","74209"
"2019-06-06 00:01","ZooKeeperTest.java","534","1442","1976"
"2019-08-17 17:13","MetricsUtils.java","29620","47813","77433"
"2015-06-04 18:26","DataNode.java","20092","164434","184526"
"2009-11-12 23:48","DataNode.java","12871","84355","97226"
"2009-06-18 18:37","DataNode.java","10773","64161","74934"
"2019-08-17 17:13","DataNode.java","80815","257710","338525"
"2015-06-04 19:51","DataNode.java","20149","165202","185351"
"2016-10-07 21:51","DataNode.java","20534","170638","191172"
"2019-01-07 14:24","DataNode.java","80787","232512","313299"
"2008-11-19 00:42","DataNode.java","3254","11886","15140"
"2009-02-03 06:23","DataNode.java","9124","31097","40221"
"2017-02-05 07:22","DataNode.java","20751","175115","195866"
"2019-07-31 19:06","DataNode.java","80815","257017","337832"
"2008-10-17 02:21","DataNode.java","1821","4876","6697"
"2008-10-22 01:49","DataNode.java","1952","5623","7575"
"2011-06-23 18:01","DataNode.java","15663","116126","131789"
"2019-12-27 22:33","DataNode.java","81268","266841","348109"
"2015-02-06 06:17","PrepRequestProcessor.java","1073","5088","6161"
"2019-02-07 11:26","PrepRequestProcessor.java","210883","234371","445254"
"2019-09-11 10:27","PrepRequestProcessor.java","210991","257503","468494"
"2018-07-19 05:59","PrepRequestProcessor.java","35726","58277","94003"
"2017-09-11 18:55","PrepRequestProcessor.java","15657","29941","45598"
"2019-01-16 14:21","PrepRequestProcessor.java","210882","232018","442900"
"2017-06-01 05:45","PrepRequestProcessor.java","13567","27387","40954"
"2019-11-08 17:30","PrepRequestProcessor.java","211020","261790","472810"
"2016-11-13 20:59","PrepRequestProcessor.java","8698","23573","32271"
"2019-04-09 15:35","PrepRequestProcessor.java","210903","236916","447819"
"2019-04-17 14:16","PrepRequestProcessor.java","210975","238203","449178"
"2014-10-28 05:35","PrepRequestProcessor.java","731","2807","3538"
"2019-05-10 12:22","PrepRequestProcessor.java","210975","240638","451613"
"2017-06-26 00:16","PrepRequestProcessor.java","13869","27967","41836"
"2019-02-07 11:22","PrepRequestProcessor.java","210883","234033","444916"
"2016-11-16 06:21","PrepRequestProcessor.java","8735","24157","32892"
"2019-08-01 07:31","PrepRequestProcessor.java","210991","256818","467809"
"2019-06-26 10:57","PrepRequestProcessor.java","210991","243997","454988"
"2015-05-29 19:45","PrepRequestProcessor.java","2154","8960","11114"
"2016-10-07 21:51","PrepRequestProcessor.java","8501","21123","29624"
"2015-06-04 19:51","PrepRequestProcessor.java","2298","9869","12167"
"2019-08-17 17:13","PrepRequestProcessor.java","210991","256147","467138"
"2018-08-08 06:21","PrepRequestProcessor.java","83184","107215","190399"
"2018-05-09 23:57","PrepRequestProcessor.java","16802","37647","54449"
"2015-06-11 20:09","PrepRequestProcessor.java","2316","10013","12329"
"2019-12-27 22:33","PrepRequestProcessor.java","212435","266269","478704"
"2019-10-10 14:37","PrepRequestProcessor.java","210991","259900","470891"
"2020-03-25 03:38","PrepRequestProcessor.java","212436","270377","482813"
"2015-03-08 23:07","PrepRequestProcessor.java","1178","5367","6545"
"2018-06-15 07:41","PrepRequestProcessor.java","17013","38610","55623"
"2019-11-29 14:49","QuorumCnxManager.java","206398","264150","470548"
"2018-07-11 06:04","QuorumCnxManager.java","25850","53783","79633"
"2018-08-06 14:11","QuorumCnxManager.java","36448","66154","102602"
"2018-10-16 16:22","QuorumCnxManager.java","185454","235046","420500"
"2019-06-14 09:06","QuorumCnxManager.java","204959","244152","449111"
"2019-08-03 08:42","QuorumCnxManager.java","204959","256862","461821"
"2019-11-13 20:41","QuorumCnxManager.java","204987","263901","468888"
"2019-04-09 16:08","QuorumCnxManager.java","204871","236922","441793"
"2019-08-06 12:52","QuorumCnxManager.java","204959","257127","462086"
"2017-02-09 11:40","QuorumCnxManager.java","11165","34121","45286"
"2019-05-20 23:13","QuorumCnxManager.java","204943","241010","445953"
"2015-04-09 20:16","QuorumCnxManager.java","2950","15289","18239"
"2017-08-23 02:16","QuorumCnxManager.java","16256","36516","52772"
"2019-07-27 20:04","QuorumCnxManager.java","204959","252685","457644"
"2015-05-29 23:46","QuorumCnxManager.java","3711","16566","20277"
"2015-05-14 07:10","QuorumCnxManager.java","3507","16066","19573"
"2020-03-12 14:47","QuorumCnxManager.java","206399","269537","475936"
"2019-08-17 17:13","QuorumCnxManager.java","204959","256154","461113"
"2017-11-28 00:10","QuorumCnxManager.java","16809","40989","57798"
"2019-10-10 14:37","QuorumCnxManager.java","204959","259907","464866"
"2014-07-23 19:36","QuorumCnxManager.java","1618","7524","9142"
"2017-06-09 18:37","QuorumCnxManager.java","14985","34949","49934"
"2020-01-23 13:43","QuorumCnxManager.java","206399","267521","473920"
"2014-07-08 05:25","QuorumCnxManager.java","971","2607","3578"
"2019-11-28 12:24","QuorumCnxManager.java","206398","262499","468897"
"2016-06-08 17:43","QuorumCnxManager.java","8776","25163","33939"
"2020-03-23 16:20","QuorumCnxManager.java","206399","269708","476107"
"2020-02-16 10:25","QuorumCnxManager.java","206399","268234","474633"
"2014-07-22 06:45","QuorumCnxManager.java","1602","7433","9035"
"2018-07-27 12:32","QuorumCnxManager.java","36245","65339","101584"
"2018-12-06 10:56","FastLeaderElection.java","214852","226521","441373"
"2019-10-10 14:37","FastLeaderElection.java","214963","259857","474820"
"2019-09-30 23:22","FastLeaderElection.java","214963","259484","474447"
"2020-04-07 09:07","FastLeaderElection.java","216411","270926","487337"
"2019-01-18 03:42","FastLeaderElection.java","214854","232020","446874"
"2017-09-11 18:55","FastLeaderElection.java","15063","25332","40395"
"2018-08-29 06:26","FastLeaderElection.java","107169","127721","234890"
"2018-04-30 06:34","FastLeaderElection.java","16215","32466","48681"
"2019-08-17 17:13","FastLeaderElection.java","214963","256104","471067"
"2019-08-02 20:08","FastLeaderElection.java","214963","256885","471848"
"2017-01-13 19:29","FastLeaderElection.java","8895","21504","30399"
"2019-08-03 08:42","FastLeaderElection.java","214963","256812","471775"
"2020-03-25 03:38","FinalRequestProcessor.java","4923","14564","19487"
"2019-11-21 05:58","FinalRequestProcessor.java","17","40","57"
"2020-03-26 22:12","FinalRequestProcessor.java","4977","14620","19597"
"2019-09-05 22:59","AsyncCallback.java","31396","53696","85092"
"2019-08-17 17:13","AsyncCallback.java","30201","51869","82070"
"2019-02-06 09:46","ZooKeeper.java","142906","235149","378055"
"2019-01-16 14:21","ZooKeeper.java","142906","233426","376332"
"2017-04-18 02:02","ZooKeeper.java","35761","130801","166562"
"2019-11-08 17:30","ZooKeeper.java","142950","263104","406054"
"2019-02-07 11:26","ZooKeeper.java","142906","235778","378684"
"2013-03-07 07:01","ZooKeeper.java","29666","90759","120425"
"2011-07-01 00:53","ZooKeeper.java","23678","64336","88014"
"2013-12-17 17:55","ZooKeeper.java","30089","97986","128075"
"2012-02-06 09:56","ZooKeeper.java","26645","73578","100223"
"2012-03-17 01:31","ZooKeeper.java","26860","75298","102158"
"2012-11-17 15:03","ZooKeeper.java","28500","82057","110557"
"2017-05-01 17:19","ZooKeeper.java","35765","130932","166697"
"2010-11-10 23:36","ZooKeeper.java","18370","94381","112751"
"2014-01-24 07:18","ZooKeeper.java","30146","99972","130118"
"2019-08-17 17:13","ZooKeeper.java","142950","257490","400440"
"2015-06-04 19:51","ZooKeeper.java","32487","120638","153125"
"2016-10-07 21:51","ZooKeeper.java","34583","127785","162368"
"2015-03-16 09:09","ZooKeeper.java","32331","117438","149769"
"2015-03-17 18:06","ZooKeeper.java","32345","118162","150507"
"2016-05-02 18:15","ZooKeeper.java","34188","124624","158812"
"2019-06-26 10:57","ZooKeeper.java","142950","245340","388290"
"2019-06-03 19:40","ZooKeeper.java","142950","242821","385771"
"2018-05-09 23:57","ZooKeeper.java","36475","137900","174375"
"2019-08-03 08:42","ZooKeeper.java","142950","258198","401148"
"2016-11-13 20:59","ZooKeeper.java","34598","130053","164651"
"2013-02-03 15:52","ZooKeeper.java","29386","86416","115802"
"2012-09-28 18:32","ZooKeeper.java","28363","79952","108315"
"2017-07-28 00:36","ZooKeeper.java","36171","130472","166643"
"2017-08-18 23:35","ZooKeeper.java","36211","130997","167208"
"2017-07-04 07:56","ZooKeeper.java","36153","131064","167217"
"2009-12-11 20:38","ZooKeeper.java","4295","16200","20495"
"2009-11-12 21:02","ZooKeeper.java","3153","7680","10833"
"2010-01-26 03:22","ZooKeeper.java","5528","21511","27039"
"2010-01-05 18:32","ZooKeeper.java","5147","17716","22863"
"2009-11-07 01:48","ZooKeeper.java","3042","6966","10008"
"2009-10-31 00:09","ZooKeeper.java","2752","6271","9023"
"2020-04-16 12:50","ZooKeeper.java","143590","271704","415294"
"2018-07-27 05:16","ZooKeeper.java","48239","151682","199921"
"2019-10-10 14:37","ZooKeeper.java","142950","261243","404193"
"2014-04-01 04:03","ZooKeeper.java","30414","101720","132134"
"2010-02-08 23:36","ZooKeeper.java","12249","27893","40142"
"2012-12-19 19:16","ZooKeeper.java","29342","85879","115221"
"2019-02-11 12:34","ZooKeeper.java","142906","236141","379047"
"2014-07-08 20:18","ZooKeeper.java","32047","108240","140287"
"2010-11-30 21:16","ZooKeeper.java","18597","94975","113572"
"2020-05-17 15:13","ZooKeeper.java","143591","272076","415667"
"2017-01-09 22:49","ZooKeeper.java","34840","131863","166703"
"2011-05-20 01:17","ZooKeeper.java","22944","59776","82720"
"2019-03-12 19:08","ZooKeeper.java","142914","237577","380491"
"2011-09-06 00:58","ZooKeeper.java","21927","69856","91783"
"2014-07-22 06:51","ZooKeeper.java","32142","112533","144675"
"2014-04-29 02:23","ZooKeeper.java","31543","104634","136177"
"2017-07-28 00:36","AdminServer.java","12574","16698","29272"
"2019-08-17 17:13","AdminServer.java","220357","255916","476273"
"2016-05-02 18:15","WatcherTest.java","21238","165471","186709"
"2009-07-17 00:09","WatcherTest.java","10668","68476","79144"
"2019-08-17 17:13","WatcherTest.java","84482","257706","342188"
"2013-02-19 08:55","WatcherTest.java","18792","129674","148466"
"2008-11-18 01:11","WatcherTest.java","1543","6428","7971"
"2008-11-19 11:20","WatcherTest.java","1937","7049","8986"
"2017-02-16 01:16","WatcherTest.java","21998","170057","192055"
"2011-04-12 09:14","WatcherTest.java","15137","109834","124971"
"2010-07-05 20:20","WatcherTest.java","13860","108892","122752"
"2011-09-17 02:13","WatcherTest.java","16095","115880","131975"
"2009-09-16 02:09","WatcherTest.java","11138","71361","82499"
"2019-09-18 11:20","WatcherTest.java","84482","260618","345100"
"2019-12-19 09:51","AuditHelper.java","6134","6022","12156"
"2019-11-29 14:49","QuorumPeer.java","6123","8927","15050"
"2020-01-09 11:27","QuorumPeer.java","7587","11937","19524"
"2019-12-17 13:48","QuorumPeer.java","6201","9577","15778"
"2020-01-23 13:43","QuorumPeer.java","8207","14381","22588"
"2020-02-16 10:25","QuorumPeer.java","9981","16868","26849"
"2019-11-11 13:59","GetAclCommand.java","223940","262708","486648"
"2019-01-31 15:55","GetAclCommand.java","223774","232791","456565"
"2019-08-17 17:13","GetAclCommand.java","223892","255250","479142"
"2019-10-10 14:37","ZKDatabase.java","214963","259857","474820"
"2019-12-27 22:33","ZKDatabase.java","216410","266229","482639"
"2018-04-06 06:04","ZKDatabase.java","16005","31338","47343"
"2018-09-28 23:38","ZKDatabase.java","113157","138853","252010"
"2019-11-08 17:30","ZKDatabase.java","214992","261747","476739"
"2019-05-14 17:11","ZKDatabase.java","214947","240755","455702"
"2018-09-18 01:00","ZKDatabase.java","112483","135605","248088"
"2019-02-07 11:26","ZKDatabase.java","214855","234328","449183"
"2019-04-12 19:01","ZKDatabase.java","214947","237895","452842"
"2018-09-05 22:35","ZKDatabase.java","112345","133213","245558"
"2018-02-07 01:05","ZKDatabase.java","15967","30948","46915"
"2019-08-17 17:13","ZKDatabase.java","214963","256104","471067"
"2019-09-10 00:27","ZKDatabase.java","214963","257044","472007"
"2016-03-23 00:30","ZKDatabase.java","6196","11296","17492"
"2018-02-23 23:49","ZKDatabase.java","15999","31324","47323"
"2017-08-03 20:28","ZKDatabase.java","14815","24546","39361"
"2017-06-18 19:23","ZKDatabase.java","13167","23122","36289"
"2019-04-09 15:35","ZKDatabase.java","214875","236873","451748"
"2019-08-17 17:13","PKCS12FileLoaderTest.java","25828","29979","55807"
"2019-08-17 17:13","ChrootTest.java","178405","256932","435337"
"2011-09-17 02:13","ChrootTest.java","4783","16250","21033"
"2019-11-28 12:24","DataTree.java","157138","182317","339455"
"2019-10-10 14:37","DataTree.java","154962","178988","333950"
"2019-12-27 22:33","DataTree.java","157151","186102","343253"
"2019-11-11 13:59","DataTree.java","155016","182699","337715"
"2018-09-28 23:38","DataTree.java","875","5703","6578"
"2019-11-08 17:30","DataTree.java","155016","180903","335919"
"2019-01-30 16:28","DataTree.java","151724","149108","300832"
"2019-01-30 17:02","DataTree.java","151726","149654","301380"
"2019-02-07 11:26","DataTree.java","151731","150336","302067"
"2018-12-20 15:17","DataTree.java","145390","139263","284653"
"2019-09-10 09:53","DataTree.java","154942","176264","331206"
"2019-04-12 19:01","DataTree.java","152009","154089","306098"
"2019-07-31 19:06","DataTree.java","153926","173506","327432"
"2019-09-11 10:27","DataTree.java","154946","176575","331521"
"2019-08-01 07:31","DataTree.java","153926","174870","328796"
"2019-08-17 17:13","DataTree.java","153960","174233","328193"
"2019-09-10 15:21","DataTree.java","154942","176258","331200"
"2019-04-12 12:29","DataTree.java","152009","153658","305667"
"2019-08-03 08:42","DataTree.java","153939","174920","328859"
"2019-08-09 16:15","DataTree.java","153939","175668","329607"
"2019-04-29 16:49","DataTree.java","152026","156136","308162"
"2019-11-28 12:24","DataTree.java","43063","74369","117432"
"2019-10-10 14:37","DataTree.java","37913","68066","105979"
"2019-12-27 22:33","DataTree.java","43446","78524","121970"
"2019-11-11 13:59","DataTree.java","38023","71833","109856"
"2019-11-08 17:30","DataTree.java","37992","70006","107998"
"2019-01-30 16:28","DataTree.java","6681","10192","16873"
"2019-01-30 17:02","DataTree.java","6745","10800","17545"
"2019-02-07 11:26","DataTree.java","6824","11556","18380"
"2019-09-10 09:53","DataTree.java","37111","64560","101671"
"2019-04-12 19:01","DataTree.java","7750","15957","23707"
"2019-07-31 19:06","DataTree.java","14488","40195","54683"
"2019-09-11 10:27","DataTree.java","37153","64909","102062"
"2019-08-01 07:31","DataTree.java","14563","41634","56197"
"2019-08-17 17:13","DataTree.java","35919","62319","98238"
"2019-09-10 15:21","DataTree.java","37121","64564","101685"
"2019-04-12 12:29","DataTree.java","7631","15407","23038"
"2019-08-03 08:42","DataTree.java","14820","41928","56748"
"2019-08-09 16:15","DataTree.java","15029","42885","57914"
"2019-04-29 16:49","DataTree.java","7800","18037","25837"
"2020-03-25 03:38","ZooKeeperServerBean.java","38885","76831","115716"
"2019-11-14 03:54","ZooKeeperServerBean.java","32127","65297","97424"
"2019-09-16 23:26","ZooKeeperServerBean.java","31112","59292","90404"
"2020-04-30 18:53","ZooKeeperServerBean.java","39491","78337","117828"
"2019-01-23 14:00","ZooKeeperServerBean.java","150","2038","2188"
"2019-07-08 23:26","ZooKeeperServerBean.java","5688","19625","25313"
"2019-01-14 19:38","ZooKeeperServerBean.java","63","516","579"
"2019-08-17 17:13","ZooKeeperServerBean.java","29877","55038","84915"
"2019-05-22 11:39","ZooKeeperServerBean.java","1868","12229","14097"
"2019-07-30 02:31","ZooKeeperServerBean.java","8352","31434","39786"
"2019-11-28 12:24","DataTree.java","7874","11731","19605"
"2019-10-10 14:37","DataTree.java","2274","4978","7252"
"2019-12-27 22:33","DataTree.java","8571","16200","24771"
"2019-11-11 13:59","DataTree.java","2492","8853","11345"
"2019-11-08 17:30","DataTree.java","2465","7030","9495"
"2019-09-11 10:27","DataTree.java","251","558","809"
"2019-11-28 12:24","DataTree.java","37198","60297","97495"
"2019-10-10 14:37","DataTree.java","31720","53666","85386"
"2019-12-27 22:33","DataTree.java","37618","64489","102107"
"2019-11-11 13:59","DataTree.java","31921","57524","89445"
"2019-11-08 17:30","DataTree.java","31890","55697","87587"
"2019-09-10 09:53","DataTree.java","30870","50112","80982"
"2019-07-31 19:06","DataTree.java","7227","24727","31954"
"2019-09-11 10:27","DataTree.java","30912","50461","81373"
"2019-08-01 07:31","DataTree.java","7307","26171","33478"
"2019-08-17 17:13","DataTree.java","29620","47813","77433"
"2019-09-10 15:21","DataTree.java","30880","50116","80996"
"2019-08-03 08:42","DataTree.java","7576","26477","34053"
"2019-08-09 16:15","DataTree.java","7786","27435","35221"
"2019-04-29 16:49","DataTree.java","153","2183","2336"
"2020-03-19 17:09","Learner.java","225827","268866","494693"
"2020-02-03 04:30","Learner.java","225827","267361","493188"
"2020-01-23 13:43","Learner.java","225827","266804","492631"
"2020-03-25 03:38","Learner.java","225827","269662","495489"
"2019-11-28 12:24","Learner.java","225825","261781","487606"
"2019-12-27 22:33","Learner.java","225826","265554","491380"
"2020-01-25 18:48","Learner.java","225827","266994","492821"
"2020-05-03 19:43","Learner.java","225888","270659","496547"
"2019-10-10 14:37","Learner.java","224184","258987","483171"
"2019-06-03 19:40","Learner.java","224183","240564","464747"
"2019-07-15 14:15","Learner.java","224184","250653","474837"
"2019-08-23 19:43","Learner.java","224184","255900","480084"
"2019-08-17 17:13","Learner.java","224184","255234","479418"
"2017-11-28 00:10","Learner.java","765","4800","5565"
"2018-05-09 00:54","Learner.java","1657","7820","9477"
"2019-04-09 15:35","Learner.java","224090","235997","460087"
"2019-07-12 17:01","Learner.java","224184","250547","474731"
"2019-07-02 07:34","Learner.java","224183","243176","467359"
"2018-10-16 16:22","Learner.java","202161","231608","433769"
"2018-12-09 03:16","Learner.java","224064","227772","451836"
"2019-11-29 14:49","Learner.java","225825","263432","489257"
"2018-11-27 10:02","Learner.java","224064","225448","449512"
"2018-08-06 14:11","Learner.java","23199","32760","55959"
"2015-06-04 18:26","DataNode.java","20862","162099","182961"
"2009-11-12 23:48","DataNode.java","12411","80224","92635"
"2009-06-18 18:37","DataNode.java","10092","59809","69901"
"2019-08-17 17:13","DataNode.java","84482","257706","342188"
"2015-06-04 19:51","DataNode.java","20920","162868","183788"
"2016-10-07 21:51","DataNode.java","21483","168482","189965"
"2019-01-07 14:24","DataNode.java","84455","232509","316964"
"2008-11-19 00:42","DataNode.java","1848","6809","8657"
"2009-02-03 06:23","DataNode.java","8313","26615","34928"
"2017-02-05 07:22","DataNode.java","21707","172966","194673"
"2019-07-31 19:06","DataNode.java","84482","257013","341495"
"2011-06-23 18:01","DataNode.java","15326","112118","127444"
"2019-12-27 22:33","DataNode.java","84938","266840","351778"
"2019-08-17 17:13","MetricsProviderBootstrap.java","29686","45184","74870"
"2019-01-30 16:43","AvgMinMaxCounter.java","153976","149688","303664"
"2019-04-12 19:01","AvgMinMaxCounter.java","154260","154086","308346"
"2019-01-07 14:39","AvgMinMaxCounter.java","153914","146772","300686"
"2019-08-17 17:13","AvgMinMaxCounter.java","156211","174230","330441"
"2019-05-08 21:54","AvgMinMaxCounter.java","154284","156805","311089"
"2013-09-05 23:50","PathTrie.java","22248","123063","145311"
"2019-08-09 16:15","PathTrie.java","102765","259143","361908"
"2019-08-17 17:13","PathTrie.java","102765","257687","360452"
"2019-10-10 14:37","ClientTest.java","32177","56145","88322"
"2019-12-28 16:17","ClientTest.java","38094","66894","104988"
"2019-08-17 17:13","ClientTest.java","30095","50310","80405"
"2019-11-28 12:24","TraceFormatter.java","8548","10591","19139"
"2019-12-27 22:33","FileTxnLog.java","157151","186102","343253"
"2019-10-10 14:37","FileTxnLog.java","154962","178988","333950"
"2018-11-12 22:36","FileTxnLog.java","145382","133747","279129"
"2020-01-28 17:26","FileTxnLog.java","157272","187943","345215"
"2019-05-14 17:11","FileTxnLog.java","152033","156973","309006"
"2019-01-07 14:24","FileTxnLog.java","151664","146767","298431"
"2019-04-12 19:01","FileTxnLog.java","152009","154089","306098"
"2018-09-18 01:00","FileTxnLog.java","171","2425","2596"
"2019-08-17 17:13","FileTxnLog.java","153960","174233","328193"
"2019-06-03 19:40","FileTxnLog.java","152056","157660","309716"
"2019-08-03 08:42","FileTxnLog.java","153939","174920","328859"
"2019-04-09 15:35","FileTxnLog.java","151930","153060","304990"
"2013-09-18 12:58","ClientCnxn.java","55815","45457","101272"
"2015-01-31 08:05","ClientCnxn.java","63387","74335","137722"
"2016-05-02 18:15","ClientCnxn.java","66451","83435","149886"
"2014-01-24 07:18","ClientCnxn.java","56302","52676","108978"
"2019-08-17 17:13","ClientCnxn.java","217389","256985","474374"
"2015-05-10 00:27","ClientCnxn.java","63594","77081","140675"
"2017-12-19 19:27","ClientCnxn.java","70235","95548","165783"
"2019-01-31 15:50","ClientCnxn.java","217324","234587","451911"
"2012-08-02 00:24","ClientCnxn.java","53547","30764","84311"
"2019-04-09 15:35","ClientCnxn.java","217338","237791","455129"
"2013-02-03 15:52","ClientCnxn.java","55157","38735","93892"
"2014-12-20 15:29","ClientCnxn.java","63380","74317","137697"
"2012-03-15 18:01","ClientCnxn.java","51117","25944","77061"
"2019-11-08 17:30","ClientCnxn.java","217389","262599","479988"
"2017-06-08 17:59","ClientCnxn.java","69769","90792","160561"
"2012-09-09 20:24","ClientCnxn.java","53615","31571","85186"
"2019-01-16 14:21","ClientCnxn.java","217324","232900","450224"
"2019-01-07 14:24","ClientCnxn.java","217323","231749","449072"
"2019-03-06 03:32","ClientCnxn.java","217337","236718","454055"
"2010-11-11 18:11","ClientCnxn.java","566","1629","2195"
"2010-11-10 23:36","ClientCnxn.java","519","1586","2105"
"2011-09-14 07:43","ClientCnxn.java","44953","19665","64618"
"2011-08-19 00:05","ClientCnxn.java","44748","17240","61988"
"2015-02-06 06:17","ClientCnxn.java","63430","74573","138003"
"2019-02-07 11:26","ClientCnxn.java","217325","235253","452578"
"2018-11-05 19:40","ClientCnxn.java","186136","236906","423042"
"2011-04-12 09:14","ClientCnxn.java","43433","4502","47935"
"2010-11-30 21:16","ClientCnxn.java","1117","2551","3668"
"2020-05-17 15:13","ClientCnxn.java","218464","272005","490469"
"2018-06-25 12:30","ClientCnxn.java","70493","99332","169825"
"2012-12-19 19:16","ClientCnxn.java","55106","38191","93297"
"2020-03-03 03:12","ClientCnxn.java","218462","269793","488255"
"2018-09-10 11:44","ClientCnxn.java","148972","180996","329968"
"2011-09-28 22:17","ClientCnxn.java","47939","20704","68643"
"2015-06-13 02:42","ClientCnxn.java","63786","78735","142521"
"2011-05-20 01:17","ClientCnxn.java","43589","5477","49066"
"2014-03-23 04:12","ClientCnxn.java","56477","53488","109965"
"2015-11-09 00:05","ClientCnxn.java","64785","81226","146011"
"2015-12-06 19:58","ClientCnxn.java","64823","81569","146392"
"2020-01-21 17:53","ClientCnxn.java","218462","266054","484516"
"2015-12-05 22:43","ClientCnxn.java","64823","81566","146389"
"2015-12-05 22:32","ClientCnxn.java","64822","81560","146382"
"2019-10-10 14:37","ClientCnxn.java","217389","260738","478127"
"2014-04-01 04:03","ClientCnxn.java","56672","54526","111198"
"2013-09-18 15:14","ClientCnxn.java","55815","45475","101290"
"2013-09-18 04:08","ClientCnxn.java","55815","45371","101186"
"2019-11-21 05:58","ClientCnxn.java","218462","261225","479687"
"2020-04-16 12:50","ClientCnxn.java","218462","271632","490094"
"2018-07-27 05:16","ClientCnxn.java","87316","117307","204623"
"2013-09-18 12:58","ClientCnxn.java","27543","52228","79771"
"2015-01-31 08:05","ClientCnxn.java","35010","81001","116011"
"2016-05-02 18:15","ClientCnxn.java","37434","89461","126895"
"2014-01-24 07:18","ClientCnxn.java","27984","59401","87385"
"2019-08-17 17:13","ClientCnxn.java","182278","256986","439264"
"2015-05-10 00:27","ClientCnxn.java","35145","83675","118820"
"2017-12-19 19:27","ClientCnxn.java","41101","101457","142558"
"2019-01-31 15:50","ClientCnxn.java","182213","234588","416801"
"2012-08-02 00:24","ClientCnxn.java","25483","37743","63226"
"2019-04-09 15:35","ClientCnxn.java","182227","237792","420019"
"2013-02-03 15:52","ClientCnxn.java","26896","45517","72413"
"2014-12-20 15:29","ClientCnxn.java","35000","80980","115980"
"2012-03-15 18:01","ClientCnxn.java","23073","32943","56016"
"2019-11-08 17:30","ClientCnxn.java","182278","262600","444878"
"2017-06-08 17:59","ClientCnxn.java","40642","96708","137350"
"2012-09-09 20:24","ClientCnxn.java","25551","38550","64101"
"2019-01-16 14:21","ClientCnxn.java","182213","232901","415114"
"2019-01-07 14:24","ClientCnxn.java","182212","231750","413962"
"2019-03-06 03:32","ClientCnxn.java","182226","236719","418945"
"2010-11-11 18:11","ClientCnxn.java","2792","38967","41759"
"2010-11-10 23:36","ClientCnxn.java","2745","38924","41669"
"2011-09-14 07:43","ClientCnxn.java","17002","26757","43759"
"2011-08-19 00:05","ClientCnxn.java","16805","24340","41145"
"2015-02-06 06:17","ClientCnxn.java","35051","81237","116288"
"2019-02-07 11:26","ClientCnxn.java","182214","235254","417468"
"2018-11-05 19:40","ClientCnxn.java","151153","236966","388119"
"2011-04-12 09:14","ClientCnxn.java","16173","12354","28527"
"2010-10-06 18:14","ClientCnxn.java","1660","35121","36781"
"2010-11-30 21:16","ClientCnxn.java","3011","39557","42568"
"2020-05-17 15:13","ClientCnxn.java","183352","272005","455357"
"2018-06-25 12:30","ClientCnxn.java","41357","105239","146596"
"2012-12-19 19:16","ClientCnxn.java","26846","44974","71820"
"2020-03-03 03:12","ClientCnxn.java","183350","269793","453143"
"2018-09-10 11:44","ClientCnxn.java","116196","183263","299459"
"2011-09-28 22:17","ClientCnxn.java","19927","27735","47662"
"2015-06-13 02:42","ClientCnxn.java","35335","85327","120662"
"2010-10-21 02:44","ClientCnxn.java","2255","37367","39622"
"2011-05-20 01:17","ClientCnxn.java","16312","13312","29624"
"2014-03-23 04:12","ClientCnxn.java","28158","60212","88370"
"2015-11-09 00:05","ClientCnxn.java","35782","87266","123048"
"2015-12-06 19:58","ClientCnxn.java","35820","87609","123429"
"2020-01-21 17:53","ClientCnxn.java","183350","266054","449404"
"2015-12-05 22:43","ClientCnxn.java","35820","87606","123426"
"2015-12-05 22:32","ClientCnxn.java","35819","87600","123419"
"2019-10-10 14:37","ClientCnxn.java","182278","260739","443017"
"2014-04-01 04:03","ClientCnxn.java","28353","61250","89603"
"2013-09-18 15:14","ClientCnxn.java","27543","52246","79789"
"2013-09-18 04:08","ClientCnxn.java","27543","52142","79685"
"2019-11-21 05:58","ClientCnxn.java","183350","261225","444575"
"2020-04-16 12:50","ClientCnxn.java","183350","271632","454982"
"2018-07-27 05:16","ClientCnxn.java","58103","123137","181240"
"2019-07-12 17:01","FLEBackwardElectionRoundTest.java","4733","14715","19448"
"2019-08-17 17:13","FLEBackwardElectionRoundTest.java","29523","44192","73715"
"2019-12-27 22:33","FileTxnLog.java","159405","186102","345507"
"2019-10-10 14:37","FileTxnLog.java","157213","178985","336198"
"2018-11-12 22:36","FileTxnLog.java","147632","133743","281375"
"2020-01-28 17:26","FileTxnLog.java","159526","187943","347469"
"2019-05-14 17:11","FileTxnLog.java","154284","156970","311254"
"2019-01-07 14:24","FileTxnLog.java","153914","146763","300677"
"2019-04-12 19:01","FileTxnLog.java","154260","154086","308346"
"2019-08-17 17:13","FileTxnLog.java","156211","174230","330441"
"2019-06-03 19:40","FileTxnLog.java","154307","157657","311964"
"2019-08-03 08:42","FileTxnLog.java","156190","174917","331107"
"2019-04-09 15:35","FileTxnLog.java","154180","153056","307236"
"2019-12-27 22:33","QuorumPeerTestBase.java","229876","265525","495401"
"2019-10-10 14:37","QuorumPeerTestBase.java","228106","258830","486936"
"2019-07-12 17:01","QuorumPeerTestBase.java","228105","250389","478494"
"2019-08-17 17:13","QuorumPeerTestBase.java","228105","255076","483181"
"2018-10-12 10:25","QuorumPeerTestBase.java","205819","228225","434044"
"2019-01-23 14:00","NettyServerCnxn.java","197045","232995","430040"
"2019-02-18 17:05","NettyServerCnxn.java","197062","235544","432606"
"2019-02-12 15:25","NettyServerCnxn.java","197046","235094","432140"
"2017-08-09 20:31","NettyServerCnxn.java","22968","50909","73877"
"2017-04-10 19:19","NettyServerCnxn.java","20683","49169","69852"
"2018-09-07 02:34","NettyServerCnxn.java","111812","150771","262583"
"2019-04-12 19:01","NettyServerCnxn.java","197127","238157","435284"
"2018-11-22 17:56","NettyServerCnxn.java","197043","224963","422006"
"2018-10-24 04:03","NettyServerCnxn.java","177648","235169","412817"
"2018-11-17 18:33","NettyServerCnxn.java","197042","224340","421382"
"2019-01-14 19:38","NettyServerCnxn.java","197044","231559","428603"
"2017-03-04 19:22","NettyServerCnxn.java","20647","48847","69494"
"2018-09-18 01:00","NettyServerCnxn.java","111891","153095","264986"
"2019-08-17 17:13","NettyServerCnxn.java","197143","256366","453509"
"2019-07-03 00:44","NettyServerCnxn.java","197143","244379","441522"
"2015-03-28 20:08","NettyServerCnxn.java","10979","31272","42251"
"2019-11-23 17:08","NettyServerCnxn.java","198492","262416","460908"
"2015-06-28 21:09","NettyServerCnxn.java","12468","34461","46929"
"2019-07-23 15:55","NettyServerCnxn.java","197143","252374","449517"
"2019-05-06 18:32","NettyServerCnxn.java","197127","240704","437831"
"2019-04-22 19:15","NettyServerCnxn.java","197127","239132","436259"
"2019-08-03 08:42","NettyServerCnxn.java","197143","257074","454217"
"2016-12-21 23:32","NettyServerCnxn.java","18093","48220","66313"
"2013-12-16 05:18","NettyServerCnxn.java","218","1392","1610"
"2019-11-18 09:05","NettyServerCnxn.java","198492","260859","459351"
"2015-11-08 22:36","NettyServerCnxn.java","12779","36080","48859"
"2019-11-21 05:58","NettyServerCnxn.java","198492","260882","459374"
"2019-09-16 23:26","NettyServerCnxn.java","197143","259385","456528"
"2019-10-10 14:37","NettyServerCnxn.java","197143","260119","457262"
"2018-09-28 23:38","NettyServerCnxn.java","112054","155832","267886"
"2017-11-16 00:21","ZNodeName.java","27939","88772","116711"
"2019-08-27 09:23","ZNodeName.java","178405","257525","435930"
"2020-01-21 18:14","ZNodeName.java","179499","266150","445649"
"2020-03-19 17:09","MultipleAddresses.java","2119","4181","6300"
"2019-08-17 17:13","IOUtils.java","180755","256464","437219"
"2018-12-20 15:13","LocalPeerBean.java","220493","229374","449867"
"2019-11-29 14:49","LocalPeerBean.java","222156","264024","486180"
"2019-08-17 17:13","LocalPeerBean.java","220605","255916","476521"
"2019-11-14 03:54","LocalPeerBean.java","220637","263957","484594"
"2018-07-27 12:32","LocalPeerBean.java","34134","47344","81478"
"2018-06-26 11:18","LocalPeerBean.java","14240","26232","40472"
"2012-12-12 07:46","BinaryInputArchive.java","24906","90473","115379"
"2019-07-29 17:15","BinaryInputArchive.java","129922","255100","385022"
"2019-09-26 08:55","BinaryInputArchive.java","129922","260824","390746"
"2015-03-25 08:38","BinaryInputArchive.java","28017","124873","152890"
"2019-11-28 12:24","DataTree.java","32953","38552","71505"
"2019-10-10 14:37","DataTree.java","27447","31893","59340"
"2019-12-27 22:33","DataTree.java","33459","42830","76289"
"2019-11-11 13:59","DataTree.java","27653","35756","63409"
"2019-11-08 17:30","DataTree.java","27621","33928","61549"
"2019-09-10 09:53","DataTree.java","26144","27886","54030"
"2019-09-11 10:27","DataTree.java","26378","28427","54805"
"2019-08-01 07:31","DataTree.java","83","1447","1530"
"2019-08-17 17:13","DataTree.java","24762","25455","50217"
"2019-09-10 15:21","DataTree.java","26338","28074","54412"
"2019-08-03 08:42","DataTree.java","369","1770","2139"
"2019-08-09 16:15","DataTree.java","635","2784","3419"
"2017-11-15 22:33","CommitProcessor.java","40688","92483","133171"
"2019-08-17 17:13","CommitProcessor.java","187413","256985","444398"
"2012-12-08 00:38","CommitProcessor.java","24997","35912","60909"
"2019-07-30 02:31","CommitProcessor.java","187413","254906","442319"
"2016-05-15 23:31","CommitProcessor.java","37100","84375","121475"
"2019-08-03 08:42","CommitProcessor.java","187413","257693","445106"
"2019-04-09 15:35","CommitProcessor.java","187362","237791","425153"
"2019-04-25 02:11","CommitProcessor.java","187414","240706","428120"
"2019-01-07 14:24","CommitProcessor.java","187347","231749","419096"
"2011-04-12 09:14","CommitProcessor.java","14662","5707","20369"
"2011-10-28 18:37","CommitProcessor.java","20597","21673","42270"
"2015-03-08 23:07","CommitProcessor.java","34138","75362","109500"
"2014-07-15 23:54","CommitProcessor.java","33611","66958","100569"
"2014-03-23 04:12","CommitProcessor.java","27175","54093","81268"
"2020-03-25 03:38","CommitProcessor.java","188486","270843","459329"
"2019-10-10 14:37","CommitProcessor.java","187413","260738","448151"
"2019-11-11 13:55","CommitProcessor.java","187413","262693","450106"
"2019-12-27 22:33","CommitProcessor.java","188486","266736","455222"
"2020-02-26 22:41","NettyServerCnxnFactory.java","39255","70963","110218"
"2019-10-10 14:37","NettyServerCnxnFactory.java","32188","56995","89183"
"2019-09-10 18:50","NettyServerCnxnFactory.java","31361","53532","84893"
"2019-11-14 03:54","NettyServerCnxnFactory.java","32443","61506","93949"
"2019-02-15 15:36","NettyServerCnxnFactory.java","12","306","318"
"2019-04-12 19:01","NettyServerCnxnFactory.java","879","3740","4619"
"2019-08-17 17:13","NettyServerCnxnFactory.java","30099","51153","81252"
"2019-11-23 17:08","NettyServerCnxnFactory.java","37478","63233","100711"
"2019-07-03 00:44","NettyServerCnxnFactory.java","5198","14265","19463"
"2019-06-05 00:29","NettyServerCnxnFactory.java","1818","8539","10357"
"2019-07-23 15:55","NettyServerCnxnFactory.java","6565","23627","30192"
"2019-06-24 11:05","NettyServerCnxnFactory.java","3927","12314","16241"
"2019-08-03 08:42","NettyServerCnxnFactory.java","8355","30117","38472"
"2019-10-10 14:37","MiniKdc.java","32069","51320","83389"
"2019-08-17 17:13","MiniKdc.java","29686","45184","74870"
"2014-03-25 22:13","QuorumPeerMainTest.java","22517","129334","151851"
"2011-09-03 01:07","QuorumPeerMainTest.java","16346","100399","116745"
"2018-05-10 00:14","QuorumPeerMainTest.java","27563","165158","192721"
"2018-10-05 14:25","QuorumPeerMainTest.java","81626","228895","310521"
"2018-07-17 10:41","QuorumPeerMainTest.java","34275","173517","207792"
"2018-07-27 12:32","QuorumPeerMainTest.java","34294","174047","208341"
"2013-10-09 22:21","QuorumPeerMainTest.java","22344","124750","147094"
"2010-03-31 06:26","QuorumPeerMainTest.java","13464","77194","90658"
"2011-09-17 02:13","QuorumPeerMainTest.java","18916","101022","119938"
"2010-05-21 18:22","QuorumPeerMainTest.java","13556","78226","91782"
"2015-11-03 08:11","QuorumPeerMainTest.java","24405","150139","174544"
"2020-01-23 13:43","QuorumPeerMainTest.java","105372","268068","373440"
"2011-06-14 14:11","QuorumPeerMainTest.java","17916","94135","112051"
"2010-03-04 23:55","QuorumPeerMainTest.java","12417","69214","81631"
"2009-08-11 00:24","QuorumPeerMainTest.java","5503","43848","49351"
"2019-10-10 14:37","QuorumPeerMainTest.java","104827","261349","366176"
"2019-12-28 16:17","QuorumPeerMainTest.java","105372","266726","372098"
"2009-11-18 00:38","QuorumPeerMainTest.java","7841","55266","63107"
"2009-11-18 20:06","QuorumPeerMainTest.java","7935","57706","65641"
"2017-12-16 01:25","QuorumPeerMainTest.java","27453","162336","189789"
"2018-01-19 00:52","QuorumPeerMainTest.java","27485","162481","189966"
"2018-04-30 06:34","QuorumPeerMainTest.java","27563","164527","192090"
"2019-07-25 21:41","QuorumPeerMainTest.java","104827","254079","358906"
"2019-08-17 17:13","QuorumPeerMainTest.java","104827","257596","362423"
"2009-07-17 00:09","QuorumPeerMainTest.java","5403","42756","48159"
"2018-02-23 23:49","QuorumPeerMainTest.java","27521","163559","191080"
"2011-06-14 07:14","QuorumPeerMainTest.java","17916","94108","112024"
"2009-04-17 00:59","QuorumPeerMainTest.java","513","967","1480"
"2012-04-23 01:20","QuorumPeerMainTest.java","21245","106618","127863"
"2014-01-09 20:21","QuorumPeerMainTest.java","22388","126640","149028"
"2019-07-02 07:34","QuorumPeerMainTest.java","104827","245539","350366"
"2019-05-20 17:18","QuorumPeerMainTest.java","104828","242388","347216"
"2018-10-16 16:22","QuorumPeerMainTest.java","81628","241879","323507"
"2015-02-06 06:17","QuorumPeerMainTest.java","24275","144988","169263"
"2018-08-29 06:26","QuorumPeerMainTest.java","56827","198092","254919"
"2018-08-03 18:52","QuorumPeerMainTest.java","34295","174554","208849"
"2018-09-11 15:23","QuorumPeerMainTest.java","61141","203721","264862"
"2019-08-17 17:13","SimpleCounter.java","29620","47813","77433"
"2016-05-02 18:15","WatcherTest.java","20655","174877","195532"
"2009-07-17 00:09","WatcherTest.java","12352","83000","95352"
"2019-08-17 17:13","WatcherTest.java","71646","257710","329356"
"2013-02-19 08:55","WatcherTest.java","18682","139553","158235"
"2008-11-18 01:11","WatcherTest.java","5627","23352","28979"
"2008-11-19 11:20","WatcherTest.java","5858","23810","29668"
"2017-02-16 01:16","WatcherTest.java","21168","179216","200384"
"2011-04-12 09:14","WatcherTest.java","16116","123653","139769"
"2010-07-05 20:20","WatcherTest.java","15056","122928","137984"
"2011-09-17 02:13","WatcherTest.java","17574","127348","144922"
"2008-10-22 01:49","WatcherTest.java","4971","17811","22782"
"2009-09-16 02:09","WatcherTest.java","12762","85825","98587"
"2019-09-18 11:20","WatcherTest.java","71646","260622","332268"
"2019-08-17 17:13","GenerateLoad.java","211592","256146","467738"
"2014-11-29 16:53","GenerateLoad.java","317","2938","3255"
"2018-08-06 14:11","GenerateLoad.java","35663","58728","94391"
"2015-02-06 06:17","GenerateLoad.java","649","4062","4711"
"2013-09-18 12:58","ClientCnxn.java","13112","40866","53978"
"2015-01-31 08:05","ClientCnxn.java","20810","69870","90680"
"2016-05-02 18:15","ClientCnxn.java","24055","79151","103206"
"2014-01-24 07:18","ClientCnxn.java","13642","48128","61770"
"2019-08-17 17:13","ClientCnxn.java","179202","256910","436112"
"2015-05-10 00:27","ClientCnxn.java","21048","72647","93695"
"2017-12-19 19:27","ClientCnxn.java","28097","91522","119619"
"2019-01-31 15:50","ClientCnxn.java","179137","234512","413649"
"2012-08-02 00:24","ClientCnxn.java","10711","26040","36751"
"2019-04-09 15:35","ClientCnxn.java","179151","237716","416867"
"2013-02-03 15:52","ClientCnxn.java","12392","34082","46474"
"2014-12-20 15:29","ClientCnxn.java","20803","69852","90655"
"2012-03-15 18:01","ClientCnxn.java","8237","21176","29413"
"2019-11-08 17:30","ClientCnxn.java","179202","262524","441726"
"2017-06-08 17:59","ClientCnxn.java","27583","86718","114301"
"2012-09-09 20:24","ClientCnxn.java","10794","26862","37656"
"2019-01-16 14:21","ClientCnxn.java","179137","232825","411962"
"2019-01-07 14:24","ClientCnxn.java","179136","231674","410810"
"2019-03-06 03:32","ClientCnxn.java","179150","236643","415793"
"2011-09-14 07:43","ClientCnxn.java","1798","14622","16420"
"2011-08-19 00:05","ClientCnxn.java","1545","12149","13694"
"2015-02-06 06:17","ClientCnxn.java","20866","70121","90987"
"2019-02-07 11:26","ClientCnxn.java","179138","235178","414316"
"2018-11-05 19:40","ClientCnxn.java","147946","236828","384774"
"2020-05-17 15:13","ClientCnxn.java","180300","271953","452253"
"2018-06-25 12:30","ClientCnxn.java","28359","95310","123669"
"2012-12-19 19:16","ClientCnxn.java","12328","33525","45853"
"2020-03-03 03:12","ClientCnxn.java","180296","269739","450035"
"2018-09-10 11:44","ClientCnxn.java","107206","177342","284548"
"2011-09-28 22:17","ClientCnxn.java","4916","15793","20709"
"2015-06-13 02:42","ClientCnxn.java","21262","74323","95585"
"2014-03-23 04:12","ClientCnxn.java","13832","48955","62787"
"2015-11-09 00:05","ClientCnxn.java","22368","76921","99289"
"2015-12-06 19:58","ClientCnxn.java","22415","77273","99688"
"2020-01-21 17:53","ClientCnxn.java","180296","266000","446296"
"2015-12-05 22:43","ClientCnxn.java","22415","77270","99685"
"2015-12-05 22:32","ClientCnxn.java","22414","77264","99678"
"2019-10-10 14:37","ClientCnxn.java","179202","260663","439865"
"2014-04-01 04:03","ClientCnxn.java","14027","49993","64020"
"2013-09-18 15:14","ClientCnxn.java","13116","40888","54004"
"2013-09-18 04:08","ClientCnxn.java","13112","40780","53892"
"2019-11-21 05:58","ClientCnxn.java","180296","261171","441467"
"2020-04-16 12:50","ClientCnxn.java","180296","271578","451874"
"2018-07-27 05:16","ClientCnxn.java","45245","113348","158593"
"2019-10-10 14:37","ZKDatabase.java","210259","259904","470163"
"2019-12-27 22:33","ZKDatabase.java","211699","266269","477968"
"2018-04-06 06:04","ZKDatabase.java","16826","36910","53736"
"2018-09-28 23:38","ZKDatabase.java","113030","143477","256507"
"2019-11-08 17:30","ZKDatabase.java","210287","261793","472080"
"2019-05-14 17:11","ZKDatabase.java","210243","240802","451045"
"2018-09-18 01:00","ZKDatabase.java","112356","140229","252585"
"2019-02-07 11:26","ZKDatabase.java","210152","234376","444528"
"2019-04-12 19:01","ZKDatabase.java","210243","237942","448185"
"2018-09-05 22:35","ZKDatabase.java","112223","137842","250065"
"2015-02-06 06:17","ZKDatabase.java","1396","6147","7543"
"2018-02-07 01:05","ZKDatabase.java","16788","36520","53308"
"2019-08-17 17:13","ZKDatabase.java","210259","256151","466410"
"2019-09-10 00:27","ZKDatabase.java","210259","257091","467350"
"2016-03-23 00:30","ZKDatabase.java","7253","17104","24357"
"2018-02-23 23:49","ZKDatabase.java","16820","36896","53716"
"2017-08-03 20:28","ZKDatabase.java","15668","30150","45818"
"2017-06-18 19:23","ZKDatabase.java","14021","28727","42748"
"2019-04-09 15:35","ZKDatabase.java","210171","236920","447091"
"2019-07-29 17:15","BinaryInputArchive.java","216214","253683","469897"
"2019-09-26 08:55","BinaryInputArchive.java","216214","259407","475621"
"2019-10-10 14:37","ClientCnxnSocketNIO.java","220587","259640","480227"
"2019-04-09 15:35","ClientCnxnSocketNIO.java","220493","236650","457143"
"2019-08-03 08:42","ClientCnxnSocketNIO.java","220587","256595","477182"
"2019-08-17 17:13","ClientCnxnSocketNIO.java","220587","255887","476474"
"2018-11-22 17:56","ClientCnxnSocketNIO.java","220467","224464","444931"
"2019-11-28 12:24","DataTree.java","7634","11184","18818"
"2019-10-10 14:37","DataTree.java","2032","4429","6461"
"2019-12-27 22:33","DataTree.java","8339","15661","24000"
"2019-11-11 13:59","DataTree.java","2251","8305","10556"
"2019-11-08 17:30","DataTree.java","2223","6481","8704"
"2015-10-18 19:00","QuorumPeer.java","12848","35344","48192"
"2018-12-20 15:13","QuorumPeer.java","197607","229831","427438"
"2019-05-16 16:25","QuorumPeer.java","197690","241143","438833"
"2018-10-16 16:22","QuorumPeer.java","178211","235262","413473"
"2019-06-14 09:06","QuorumPeer.java","197706","244358","442064"
"2018-12-07 12:41","QuorumPeer.java","197606","226844","424450"
"2019-03-11 19:47","QuorumPeer.java","197626","236278","433904"
"2014-07-18 02:19","QuorumPeer.java","9503","22265","31768"
"2019-02-13 13:12","QuorumPeer.java","197627","235227","432854"
"2019-04-12 19:01","QuorumPeer.java","197690","238151","435841"
"2018-12-09 03:16","QuorumPeer.java","197606","228918","426524"
"2018-09-11 15:23","QuorumPeer.java","112093","151473","263566"
"2019-11-29 14:49","QuorumPeer.java","199055","264266","463321"
"2018-12-15 07:34","QuorumPeer.java","197606","228833","426439"
"2018-11-27 10:02","QuorumPeer.java","197606","226594","424200"
"2018-09-18 01:00","QuorumPeer.java","112169","152804","264973"
"2019-06-03 19:40","QuorumPeer.java","197706","241691","439397"
"2019-07-15 14:15","QuorumPeer.java","197706","251779","449485"
"2015-03-17 18:06","QuorumPeer.java","10878","29613","40491"
"2019-07-03 00:44","QuorumPeer.java","197706","244373","442079"
"2019-08-17 17:13","QuorumPeer.java","197706","256360","454066"
"2015-06-27 02:03","QuorumPeer.java","11639","33063","44702"
"2017-11-28 00:10","QuorumPeer.java","23743","55382","79125"
"2014-01-21 04:50","QuorumPeer.java","236","1397","1633"
"2014-06-04 22:07","QuorumPeer.java","8180","15142","23322"
"2018-01-30 08:02","QuorumPeer.java","24125","55917","80042"
"2019-05-15 11:56","QuorumPeer.java","197690","241098","438788"
"2019-06-05 00:33","QuorumPeer.java","197706","242081","439787"
"2019-05-20 23:13","QuorumPeer.java","197690","241216","438906"
"2019-06-04 10:55","QuorumPeer.java","197706","241844","439550"
"2019-07-12 17:01","QuorumPeer.java","197706","251673","449379"
"2020-01-09 11:27","QuorumPeer.java","199055","265812","464867"
"2017-02-09 11:40","QuorumPeer.java","18412","48827","67239"
"2017-07-06 18:48","QuorumPeer.java","22086","50187","72273"
"2018-10-01 06:11","QuorumPeer.java","112333","155547","267880"
"2015-04-09 20:16","QuorumPeer.java","10919","30717","41636"
"2018-07-04 17:11","QuorumPeer.java","32494","67847","100341"
"2019-12-17 13:48","QuorumPeer.java","199055","264838","463893"
"2015-12-07 05:59","QuorumPeer.java","13136","36390","49526"
"2020-01-23 13:43","QuorumPeer.java","199055","267636","466691"
"2016-06-23 23:45","QuorumPeer.java","16445","40769","57214"
"2016-06-23 23:25","QuorumPeer.java","16414","40630","57044"
"2014-03-23 04:12","QuorumPeer.java","618","3999","4617"
"2014-07-18 20:48","QuorumPeer.java","9723","22944","32667"
"2014-07-04 04:19","QuorumPeer.java","8338","16943","25281"
"2018-12-06 10:56","QuorumPeer.java","197606","226788","424394"
"2014-06-25 15:04","QuorumPeer.java","8203","15662","23865"
"2014-03-28 01:58","QuorumPeer.java","634","4433","5067"
"2019-10-10 14:37","QuorumPeer.java","197706","260113","457819"
"2017-07-27 23:09","QuorumPeer.java","23084","50199","73283"
"2014-05-18 05:49","QuorumPeer.java","8092","14565","22657"
"2014-03-25 22:13","QuorumPeer.java","630","4247","4877"
"2018-06-26 11:18","QuorumPeer.java","24500","59835","84335"
"2018-07-27 12:32","QuorumPeer.java","42908","79461","122369"
"2019-04-18 19:17","QuorumPeer.java","197690","238861","436551"
"2016-12-20 14:47","QuorumPeer.java","18239","47519","65758"
"2017-05-11 16:59","QuorumPeer.java","21787","49021","70808"
"2014-07-03 06:01","QuorumPeer.java","8248","16431","24679"
"2014-08-14 08:08","QuorumPeer.java","10181","24263","34444"
"2014-08-01 07:38","QuorumPeer.java","10086","23747","33833"
"2014-07-20 04:50","QuorumPeer.java","9762","23045","32807"
"2016-06-02 00:59","QuorumPeer.java","16381","40228","56609"
"2020-02-16 10:25","QuorumPeer.java","199055","268349","467404"
"2019-06-07 14:13","TruncateTest.java","226540","241379","467919"
"2019-08-17 17:13","TruncateTest.java","226541","255276","481817"
"2018-05-09 23:57","TruncateTest.java","8290","12714","21004"
"2019-07-12 17:01","TruncateTest.java","226541","250589","477130"
"2017-08-18 06:32","TruncateTest.java","6733","4418","11151"
"2017-09-11 18:55","TruncateTest.java","6908","4771","11679"
"2017-05-11 16:59","TruncateTest.java","4745","2060","6805"
"2020-01-28 17:26","TruncateTest.java","228147","267280","495427"
"2011-09-29 09:40","SaslServerCallbackHandler.java","3790","4053","7843"
"2019-10-10 14:37","SaslServerCallbackHandler.java","177112","260657","437769"
"2019-08-03 08:42","SaslServerCallbackHandler.java","177112","257612","434724"
"2019-08-17 17:13","SaslServerCallbackHandler.java","177112","256904","434016"
"2017-11-28 00:10","SaslServerCallbackHandler.java","30580","83357","113937"
"2016-10-17 10:27","SaslServerCallbackHandler.java","25928","73237","99165"
"2012-08-28 21:51","SaslServerCallbackHandler.java","10895","16052","26947"
"2019-07-31 19:06","Commands.java","231286","254155","485441"
"2019-11-29 14:49","Commands.java","233222","263341","496563"
"2018-11-17 18:37","Commands.java","231133","222770","453903"
"2018-09-18 01:00","Commands.java","100662","106205","206867"
"2019-08-17 17:13","Commands.java","231286","254848","486134"
"2019-06-29 00:33","Commands.java","231285","242834","474119"
"2019-06-03 19:40","Commands.java","231285","240178","471463"
"2019-07-15 14:15","Commands.java","231286","250267","481553"
"2018-07-12 01:33","Commands.java","10932","11401","22333"
"2019-07-25 23:43","Commands.java","231286","251384","482670"
"2019-06-05 12:14","Commands.java","231285","240705","471990"
"2019-08-06 01:43","Commands.java","231286","255730","487016"
"2019-05-27 10:54","Commands.java","231268","240150","471418"
"2019-06-04 10:55","Commands.java","231285","240331","471616"
"2019-05-15 11:56","Commands.java","231266","239582","470848"
"2019-12-03 10:01","Commands.java","233222","263387","496609"
"2018-09-11 00:17","Commands.java","100513","103854","204367"
"2019-11-20 07:00","Commands.java","233222","259940","493162"
"2019-11-28 12:24","Version.java","9316","14222","23538"
"2020-04-07 15:40","Version.java","12474","25861","38335"
"2020-02-16 10:25","QuorumKerberosAuthTest.java","1957","4154","6111"
"2019-08-17 17:13","SyncThrottleException.java","25290","28807","54097"
"2019-08-17 17:13","MultiOperationRecordTest.java","26898","39048","65946"
"2018-09-15 00:08","ZooKeeperServer.java","107210","178934","286144"
"2019-04-12 19:01","ZooKeeperServer.java","179203","238718","417921"
"2019-07-31 19:06","ZooKeeperServer.java","179202","256217","435419"
"2019-09-11 10:27","ZooKeeperServer.java","179202","258266","437468"
"2019-01-14 19:38","ZooKeeperServer.java","179136","232136","411272"
"2019-01-07 15:34","ZooKeeperServer.java","179136","231737","410873"
"2018-11-21 17:56","ZooKeeperServer.java","179135","224933","404068"
"2012-01-31 07:45","ZooKeeperServer.java","7809","18999","26808"
"2017-04-28 07:14","ZooKeeperServer.java","26812","86618","113430"
"2011-08-19 00:05","ZooKeeperServer.java","1545","12149","13694"
"2017-02-12 00:12","ZooKeeperServer.java","26768","85675","112443"
"2014-07-18 02:19","ZooKeeperServer.java","20532","65036","85568"
"2013-12-11 19:22","ZooKeeperServer.java","13523","45865","59388"
"2019-02-13 13:12","ZooKeeperServer.java","179149","235803","414952"
"2012-02-11 00:34","ZooKeeperServer.java","8172","19947","28119"
"2016-11-24 17:18","ZooKeeperServer.java","25178","85861","111039"
"2018-07-19 05:59","ZooKeeperServer.java","45230","113021","158251"
"2018-09-18 01:00","ZooKeeperServer.java","107266","179643","286909"
"2019-03-04 08:07","ZooKeeperServer.java","179150","236381","415531"
"2019-07-08 23:26","ZooKeeperServer.java","179202","245686","424888"
"2019-01-23 14:00","ZooKeeperServer.java","179137","233572","412709"
"2019-02-13 13:19","ZooKeeperServer.java","179149","236089","415238"
"2019-05-14 17:11","ZooKeeperServer.java","179203","241578","420781"
"2013-01-25 02:17","ZooKeeperServer.java","12344","33698","46042"
"2015-07-10 08:19","ZooKeeperServer.java","22254","75745","97999"
"2019-06-04 10:55","ZooKeeperServer.java","179202","242394","421596"
"2011-06-14 07:14","ZooKeeperServer.java","349","1480","1829"
"2019-04-09 15:35","ZooKeeperServer.java","179151","237716","416867"
"2019-08-03 08:42","ZooKeeperServer.java","179202","257618","436820"
"2019-05-15 11:56","ZooKeeperServer.java","179203","241665","420868"
"2019-05-22 11:39","ZooKeeperServer.java","179203","242111","421314"
"2019-04-22 19:15","ZooKeeperServer.java","179203","239693","418896"
"2018-02-23 23:49","ZooKeeperServer.java","28188","92768","120956"
"2016-11-16 06:21","ZooKeeperServer.java","24628","85290","109918"
"2012-12-19 19:07","ZooKeeperServer.java","12266","32582","44848"
"2017-08-18 06:32","ZooKeeperServer.java","27741","87087","114828"
"2017-06-26 00:16","ZooKeeperServer.java","27644","86982","114626"
"2019-09-10 04:26","ZooKeeperServer.java","179202","257955","437157"
"2019-08-17 17:13","ZooKeeperServer.java","179202","256910","436112"
"2019-09-05 23:12","ZooKeeperServer.java","179202","257829","437031"
"2019-09-10 15:21","ZooKeeperServer.java","179202","257953","437155"
"2019-08-01 07:31","ZooKeeperServer.java","179202","257581","436783"
"2019-08-01 07:28","ZooKeeperServer.java","179202","257091","436293"
"2019-06-03 19:40","ZooKeeperServer.java","179202","242241","421443"
"2015-03-17 18:06","ZooKeeperServer.java","21006","71483","92489"
"2019-11-23 17:08","ZooKeeperServer.java","180296","262705","443001"
"2019-10-09 16:49","ZooKeeperServer.java","179202","260496","439698"
"2019-07-03 00:44","ZooKeeperServer.java","179202","244923","424125"
"2018-01-19 01:12","ZooKeeperServer.java","28125","91663","119788"
"2019-07-24 18:00","ZooKeeperServer.java","179202","253365","432567"
"2013-05-16 18:49","ZooKeeperServer.java","12872","38776","51648"
"2018-08-08 06:21","ZooKeeperServer.java","86587","155858","242445"
"2018-05-09 23:57","ZooKeeperServer.java","28334","94419","122753"
"2019-12-27 22:33","ZooKeeperServer.java","180296","266682","446978"
"2016-08-13 15:01","ZooKeeperServer.java","24343","81104","105447"
"2018-09-11 00:17","ZooKeeperServer.java","107206","177381","284587"
"2019-11-18 09:05","ZooKeeperServer.java","180296","261148","441444"
"2019-10-10 14:37","ZooKeeperServer.java","179202","260663","439865"
"2019-09-16 23:26","ZooKeeperServer.java","179202","259929","439131"
"2013-10-08 01:35","ZooKeeperServer.java","13287","41995","55282"
"2017-06-23 18:39","ZooKeeperServer.java","27585","86943","114528"
"2011-12-28 07:07","ZooKeeperServer.java","7784","18635","26419"
"2019-12-03 10:01","ZooKeeperServer.java","180296","264607","444903"
"2020-03-25 03:38","ZooKeeperServer.java","180296","270789","451085"
"2019-11-28 12:24","ZooKeeperServer.java","180296","262910","443206"
"2019-11-06 15:21","ZooKeeperServer.java","179202","260879","440081"
"2011-09-17 02:36","ZooKeeperServer.java","4883","15503","20386"
"2020-04-12 11:14","ZooKeeperServer.java","180296","271542","451838"
"2011-09-14 08:56","ZooKeeperServer.java","1830","15010","16840"
"2011-08-21 02:53","ZooKeeperServer.java","1549","12181","13730"
"2013-10-09 22:21","ZooKeeperServer.java","13469","44417","57886"
"2015-03-08 23:07","ZooKeeperServer.java","20914","70343","91257"
"2018-06-08 16:52","ZooKeeperServer.java","28339","95173","123512"
"2018-06-15 07:41","ZooKeeperServer.java","28356","95193","123549"
"2018-07-28 04:37","ZooKeeperServer.java","45267","113634","158901"
"2019-04-18 19:17","ZooKeeperServer.java","179203","239428","418631"
"2012-03-15 17:47","ZooKeeperServer.java","8237","21046","29283"
"2014-03-25 22:13","ZooKeeperServer.java","13842","49201","63043"
"2019-09-11 10:27","SerializeUtils.java","187214","257769","444983"
"2013-03-07 07:01","SerializeUtils.java","1478","6034","7512"
"2019-08-17 17:13","SerializeUtils.java","187214","256413","443627"
"2015-06-04 19:51","SerializeUtils.java","12915","44529","57444"
"2016-10-07 21:51","SerializeUtils.java","18485","55150","73635"
"2018-02-07 01:05","SerializeUtils.java","24118","67157","91275"
"2019-12-27 22:33","SerializeUtils.java","188559","266436","454995"
"2019-12-03 10:01","CommandsTest.java","233691","263387","497078"
"2018-09-11 00:17","CommandsTest.java","89645","92517","182162"
"2019-01-07 14:39","CommandsTest.java","231605","229537","461142"
"2018-09-18 01:00","CommandsTest.java","89799","94873","184672"
"2019-04-12 19:01","CommandsTest.java","231717","236617","468334"
"2019-11-29 14:49","CommandsTest.java","233691","263341","497032"
"2019-08-17 17:13","CommandsTest.java","231754","254847","486601"
"2019-06-03 19:40","CommandsTest.java","231753","240177","471930"
"2019-06-29 00:33","CommandsTest.java","231753","242833","474586"
"2019-11-23 17:08","CommandsTest.java","233691","261485","495176"
"2019-06-04 10:55","CommandsTest.java","231753","240330","472083"
"2019-05-27 10:54","CommandsTest.java","231736","240149","471885"
"2019-10-10 14:37","ACLTest.java","225011","259045","484056"
"2017-09-11 18:55","ACLTest.java","7760","7169","14929"
"2019-05-06 18:32","ACLTest.java","224992","239627","464619"
"2017-08-18 23:35","ACLTest.java","7596","6927","14523"
"2019-08-17 17:13","ACLTest.java","225011","255292","480303"
"2015-07-07 07:11","ExistsTest.java","27714","129600","157314"
"2010-04-22 07:42","ExistsTest.java","15595","55038","70633"
"2010-08-17 09:24","ExistsTest.java","16154","73013","89167"
"2011-04-12 09:14","ExistsTest.java","20746","72010","92756"
"2019-10-10 14:37","ZooKeeperServerStartupTest.java","228916","258829","487745"
"2019-06-03 19:40","ZooKeeperServerStartupTest.java","228914","240405","469319"
"2019-08-17 17:13","ZooKeeperServerStartupTest.java","228915","255075","483990"
"2019-10-10 14:37","ClientCnxnSocket.java","220587","259640","480227"
"2018-07-10 13:29","ClientCnxnSocket.java","20746","32775","53521"
"2016-12-30 23:01","ClientCnxnSocket.java","2782","9168","11950"
"2018-11-22 17:56","ClientCnxnSocket.java","220467","224464","444931"
"2019-08-17 17:13","ClientCnxnSocket.java","220587","255887","476474"
"2018-07-12 01:33","ClientCnxnSocket.java","20846","33053","53899"
"2019-04-09 15:35","ClientCnxnSocket.java","220493","236650","457143"
"2019-12-27 22:33","FileTxnSnapLog.java","201937","266387","468324"
"2019-10-10 14:37","FileTxnSnapLog.java","200520","260045","460565"
"2019-12-13 08:51","FileTxnSnapLog.java","201937","264424","466361"
"2017-01-07 01:09","FileTxnSnapLog.java","18150","45187","63337"
"2014-02-12 17:00","FileTxnSnapLog.java","45","157","202"
"2020-01-23 16:46","FileTxnSnapLog.java","201937","267636","469573"
"2020-01-28 17:26","FileTxnSnapLog.java","201937","268107","470044"
"2016-09-18 23:21","FileTxnSnapLog.java","17211","39776","56987"
"2017-01-23 02:13","FileTxnSnapLog.java","18185","45626","63811"
"2018-06-08 16:52","FileTxnSnapLog.java","24504","56714","81218"
"2019-09-02 08:23","FileTxnSnapLog.java","200520","256949","457469"
"2017-04-28 07:14","FileTxnSnapLog.java","20865","46047","66912"
"2019-07-31 19:06","FileTxnSnapLog.java","200520","255599","456119"
"2018-07-30 06:22","FileTxnSnapLog.java","42978","76843","119821"
"2020-01-30 09:43","FileTxnSnapLog.java","201937","268183","470120"
"2019-05-14 17:11","FileTxnSnapLog.java","200504","240943","441447"
"2019-05-21 23:34","FileTxnSnapLog.java","200504","241264","441768"
"2019-05-27 10:54","FileTxnSnapLog.java","200504","241596","442100"
"2017-01-13 19:29","FileTxnSnapLog.java","18164","45404","63568"
"2017-06-26 00:07","FileTxnSnapLog.java","22047","46767","68814"
"2018-02-23 23:49","FileTxnSnapLog.java","24219","54175","78394"
"2017-08-18 06:32","FileTxnSnapLog.java","23171","47893","71064"
"2019-08-17 17:13","FileTxnSnapLog.java","200520","256292","456812"
"2018-02-14 21:23","FileTxnSnapLog.java","24201","53993","78194"
"2020-02-16 10:25","QuorumKerberosAuthTest.java","11925","22565","34490"
"2019-11-29 14:49","QuorumKerberosAuthTest.java","9773","16330","26103"
"2020-01-22 11:08","QuorumKerberosAuthTest.java","11649","20092","31741"
"2017-09-11 18:55","QuorumBase.java","40862","98081","138943"
"2012-04-23 01:20","QuorumBase.java","25436","37046","62482"
"2019-07-12 17:01","QuorumBase.java","181514","252299","433813"
"2012-12-11 08:42","QuorumBase.java","26224","43013","69237"
"2019-08-17 17:13","QuorumBase.java","181514","256986","438500"
"2019-08-01 07:31","QuorumBase.java","181514","257657","439171"
"2018-08-08 06:21","QuorumBase.java","95186","162152","257338"
"2019-10-10 14:37","QuorumBase.java","181514","260739","442253"
"2020-03-25 03:38","QuorumBase.java","182586","270843","453429"
"2014-07-18 19:46","QuorumBase.java","34776","77202","111978"
"2011-05-20 01:17","QuorumBase.java","16335","14099","30434"
"2010-08-18 08:24","QuorumBase.java","1593","7493","9086"
"2013-10-09 22:21","QuorumBase.java","27845","56488","84333"
"2014-06-25 19:25","QuorumBase.java","34186","71616","105802"
"2011-04-12 09:14","QuorumBase.java","16196","13141","29337"
"2017-09-11 18:55","QuorumBase.java","27860","87384","115244"
"2012-04-23 01:20","QuorumBase.java","10649","24564","35213"
"2019-07-12 17:01","QuorumBase.java","179202","252223","431425"
"2012-12-11 08:42","QuorumBase.java","11533","30627","42160"
"2019-08-17 17:13","QuorumBase.java","179202","256910","436112"
"2019-08-01 07:31","QuorumBase.java","179202","257581","436783"
"2018-08-08 06:21","QuorumBase.java","86587","155858","242445"
"2019-10-10 14:37","QuorumBase.java","179202","260663","439865"
"2020-03-25 03:38","QuorumBase.java","180296","270789","451085"
"2014-07-18 19:46","QuorumBase.java","20552","65283","85835"
"2013-10-09 22:21","QuorumBase.java","13469","44417","57886"
"2014-06-25 19:25","QuorumBase.java","19897","59632","79529"
"2019-10-10 14:37","QuorumPeerMain.java","104827","261349","366176"
"2010-03-13 01:06","QuorumPeerMain.java","12566","76049","88615"
"2020-01-23 13:43","QuorumPeerMain.java","105372","268068","373440"
"2019-11-28 12:24","QuorumPeerMain.java","105372","263047","368419"
"2012-03-06 09:20","QuorumPeerMain.java","21030","104499","125529"
"2010-08-18 08:24","QuorumPeerMain.java","14070","97267","111337"
"2013-10-09 22:21","QuorumPeerMain.java","22344","124750","147094"
"2011-09-02 22:50","QuorumPeerMain.java","16329","100170","116499"
"2020-02-16 10:25","QuorumPeerMain.java","105372","268781","374153"
"2019-04-18 19:17","QuorumPeerMain.java","104828","240114","344942"
"2011-04-12 09:14","QuorumPeerMain.java","17853","92095","109948"
"2019-11-11 13:59","QuorumPeerMain.java","104827","265006","369833"
"2019-04-12 19:01","QuorumPeerMain.java","104828","239404","344232"
"2018-09-11 15:23","QuorumPeerMain.java","61141","203721","264862"
"2017-02-13 22:09","QuorumPeerMain.java","27045","157410","184455"
"2014-07-18 02:19","QuorumPeerMain.java","24102","140064","164166"
"2018-08-06 14:11","QuorumPeerMain.java","34323","174688","209011"
"2012-04-23 01:20","QuorumPeerMain.java","21245","106618","127863"
"2017-07-28 00:36","QuorumPeerMain.java","27340","157759","185099"
"2009-06-05 06:44","QuorumPeerMain.java","2594","29527","32121"
"2019-08-17 17:13","QuorumPeerMain.java","104827","257596","362423"
"2015-03-17 18:06","QuorumPeerMain.java","24297","146232","170529"
"2017-11-28 00:10","QuorumPeerMain.java","27453","162292","189745"
"2019-08-17 17:13","RequestProcessor.java","178915","256502","435417"
"2018-09-15 00:08","ZooKeeperServer.java","116162","184871","301033"
"2019-04-12 19:01","ZooKeeperServer.java","182225","238794","421019"
"2019-07-31 19:06","ZooKeeperServer.java","182224","256293","438517"
"2019-09-11 10:27","ZooKeeperServer.java","182224","258342","440566"
"2019-01-14 19:38","ZooKeeperServer.java","182158","232212","414370"
"2019-01-07 15:34","ZooKeeperServer.java","182158","231813","413971"
"2018-11-21 17:56","ZooKeeperServer.java","182158","225010","407168"
"2012-01-31 07:45","ZooKeeperServer.java","22705","30880","53585"
"2017-04-28 07:14","ZooKeeperServer.java","39887","96678","136565"
"2011-08-19 00:05","ZooKeeperServer.java","16807","24396","41203"
"2017-02-12 00:12","ZooKeeperServer.java","39850","95742","135592"
"2014-07-18 02:19","ZooKeeperServer.java","34787","76276","111063"
"2013-12-11 19:22","ZooKeeperServer.java","27922","57249","85171"
"2019-02-13 13:12","ZooKeeperServer.java","182171","235879","418050"
"2012-02-11 00:34","ZooKeeperServer.java","23032","31792","54824"
"2016-11-24 17:18","ZooKeeperServer.java","38481","96149","134630"
"2018-07-19 05:59","ZooKeeperServer.java","58054","122830","180884"
"2018-09-18 01:00","ZooKeeperServer.java","116212","185574","301786"
"2019-03-04 08:07","ZooKeeperServer.java","182172","236457","418629"
"2019-07-08 23:26","ZooKeeperServer.java","182224","245762","427986"
"2019-01-23 14:00","ZooKeeperServer.java","182159","233648","415807"
"2019-02-13 13:19","ZooKeeperServer.java","182171","236165","418336"
"2019-05-14 17:11","ZooKeeperServer.java","182225","241654","423879"
"2013-01-25 02:17","ZooKeeperServer.java","26855","45194","72049"
"2015-07-10 08:19","ZooKeeperServer.java","35716","86192","121908"
"2019-06-04 10:55","ZooKeeperServer.java","182224","242470","424694"
"2011-06-14 07:14","ZooKeeperServer.java","16449","14634","31083"
"2019-04-09 15:35","ZooKeeperServer.java","182173","237792","419965"
"2019-08-03 08:42","ZooKeeperServer.java","182224","257694","439918"
"2019-05-15 11:56","ZooKeeperServer.java","182225","241741","423966"
"2019-05-22 11:39","ZooKeeperServer.java","182225","242187","424412"
"2019-04-22 19:15","ZooKeeperServer.java","182225","239769","421994"
"2018-02-23 23:49","ZooKeeperServer.java","41193","102758","143951"
"2016-11-16 06:21","ZooKeeperServer.java","37931","95578","133509"
"2012-12-19 19:07","ZooKeeperServer.java","26789","44090","70879"
"2017-08-18 06:32","ZooKeeperServer.java","40795","97126","137921"
"2017-06-26 00:16","ZooKeeperServer.java","40700","97023","137723"
"2019-09-10 04:26","ZooKeeperServer.java","182224","258031","440255"
"2019-08-17 17:13","ZooKeeperServer.java","182224","256986","439210"
"2019-09-05 23:12","ZooKeeperServer.java","182224","257905","440129"
"2019-09-10 15:21","ZooKeeperServer.java","182224","258029","440253"
"2019-08-01 07:31","ZooKeeperServer.java","182224","257657","439881"
"2019-08-01 07:28","ZooKeeperServer.java","182224","257167","439391"
"2019-06-03 19:40","ZooKeeperServer.java","182224","242317","424541"
"2015-03-17 18:06","ZooKeeperServer.java","35118","82580","117698"
"2019-11-23 17:08","ZooKeeperServer.java","183296","262759","446055"
"2019-10-09 16:49","ZooKeeperServer.java","182224","260572","442796"
"2019-07-03 00:44","ZooKeeperServer.java","182224","244999","427223"
"2018-01-19 01:12","ZooKeeperServer.java","41128","101651","142779"
"2019-07-24 18:00","ZooKeeperServer.java","182224","253441","435665"
"2013-05-16 18:49","ZooKeeperServer.java","27338","50227","77565"
"2018-08-08 06:21","ZooKeeperServer.java","95638","161894","257532"
"2018-05-09 23:57","ZooKeeperServer.java","41297","104367","145664"
"2019-12-27 22:33","ZooKeeperServer.java","183296","266736","450032"
"2016-08-13 15:01","ZooKeeperServer.java","37702","91448","129150"
"2018-09-11 00:17","ZooKeeperServer.java","116158","183318","299476"
"2019-11-18 09:05","ZooKeeperServer.java","183296","261202","444498"
"2019-10-10 14:37","ZooKeeperServer.java","182224","260739","442963"
"2019-09-16 23:26","ZooKeeperServer.java","182224","260005","442229"
"2013-10-08 01:35","ZooKeeperServer.java","27706","53399","81105"
"2017-06-23 18:39","ZooKeeperServer.java","40643","96986","137629"
"2011-12-28 07:07","ZooKeeperServer.java","22684","30520","53204"
"2019-12-03 10:01","ZooKeeperServer.java","183296","264661","447957"
"2020-03-25 03:38","ZooKeeperServer.java","183296","270843","454139"
"2019-11-28 12:24","ZooKeeperServer.java","183296","262964","446260"
"2019-11-06 15:21","ZooKeeperServer.java","182224","260955","443179"
"2011-05-20 01:17","ZooKeeperServer.java","16314","13368","29682"
"2011-09-17 02:36","ZooKeeperServer.java","19896","27501","47397"
"2020-04-12 11:14","ZooKeeperServer.java","183296","271596","454892"
"2011-09-14 08:56","ZooKeeperServer.java","17033","27198","44231"
"2011-08-21 02:53","ZooKeeperServer.java","16808","24425","41233"
"2010-08-18 08:24","ZooKeeperServer.java","1562","6752","8314"
"2013-10-09 22:21","ZooKeeperServer.java","27877","55810","83687"
"2015-03-08 23:07","ZooKeeperServer.java","35085","81499","116584"
"2018-06-08 16:52","ZooKeeperServer.java","41302","105121","146423"
"2018-06-15 07:41","ZooKeeperServer.java","41319","105141","146460"
"2018-07-28 04:37","ZooKeeperServer.java","58085","123437","181522"
"2019-04-18 19:17","ZooKeeperServer.java","182225","239504","421729"
"2012-03-15 17:47","ZooKeeperServer.java","23074","32868","55942"
"2014-03-25 22:13","ZooKeeperServer.java","28170","60514","88684"
"2011-04-12 09:14","ZooKeeperServer.java","16175","12410","28585"
"2018-07-10 12:46","QuorumTest.java","43603","145902","189505"
"2019-08-17 17:13","QuorumTest.java","143138","257490","400628"
"2010-11-04 17:01","QuorumTest.java","18096","92958","111054"
"2012-12-13 08:14","QuorumTest.java","29158","83568","112726"
"2011-06-22 00:19","QuorumTest.java","23264","61158","84422"
"2010-03-19 07:46","QuorumTest.java","13362","38756","52118"
"2011-07-15 06:50","QuorumTest.java","21731","62449","84180"
"2010-08-18 08:24","QuorumTest.java","17937","62717","80654"
"2013-10-09 22:21","QuorumTest.java","30080","96180","126260"
"2010-03-31 06:26","QuorumTest.java","14559","39872","54431"
"2011-09-17 02:13","QuorumTest.java","24567","70367","94934"
"2010-07-29 23:10","QuorumTest.java","17144","56734","73878"
"2011-04-12 09:14","QuorumTest.java","22895","58720","81615"
"2019-10-10 14:37","QuorumTest.java","143138","261243","404381"
"2019-09-18 11:20","QuorumTest.java","143138","260402","403540"
"2009-09-16 02:09","QuorumTest.java","1167","2518","3685"
"2019-12-28 16:17","QuorumTest.java","143778","266715","410493"
"2009-08-25 07:45","QuorumTest.java","660","1505","2165"
"2009-10-30 17:19","QuorumTest.java","2636","5117","7753"
"2015-11-03 08:11","QuorumTest.java","32623","122051","154674"
"2011-07-29 10:14","QuorumTest.java","21803","65053","86856"
"2010-03-13 01:06","QuorumTest.java","13110","38176","51286"
"2018-07-10 12:46","QuorumTest.java","43553","146085","189638"
"2019-08-17 17:13","QuorumTest.java","142905","257490","400395"
"2010-11-04 17:01","QuorumTest.java","18087","93182","111269"
"2012-12-13 08:14","QuorumTest.java","29133","83776","112909"
"2011-06-22 00:19","QuorumTest.java","23251","61378","84629"
"2010-03-19 07:46","QuorumTest.java","13365","38992","52357"
"2011-07-15 06:50","QuorumTest.java","21718","62669","84387"
"2010-08-18 08:24","QuorumTest.java","17927","62940","80867"
"2013-10-09 22:21","QuorumTest.java","30045","96378","126423"
"2010-03-31 06:26","QuorumTest.java","14548","40094","54642"
"2011-09-17 02:13","QuorumTest.java","24541","70574","95115"
"2010-07-29 23:10","QuorumTest.java","17133","56956","74089"
"2011-04-12 09:14","QuorumTest.java","22883","58941","81824"
"2009-08-11 07:44","QuorumTest.java","53","286","339"
"2019-10-10 14:37","QuorumTest.java","142905","261243","404148"
"2019-09-18 11:20","QuorumTest.java","142905","260402","403307"
"2009-09-16 02:09","QuorumTest.java","1211","2795","4006"
"2019-12-28 16:17","QuorumTest.java","143545","266715","410260"
"2009-08-25 07:45","QuorumTest.java","706","1784","2490"
"2009-10-30 17:19","QuorumTest.java","2670","5384","8054"
"2015-11-03 08:11","QuorumTest.java","32588","122249","154837"
"2011-07-29 10:14","QuorumTest.java","21790","65273","87063"
"2010-03-13 01:06","QuorumTest.java","13113","38412","51525"
"2019-08-17 17:13","LearnerZooKeeperServer.java","215122","256089","471211"
"2016-08-13 15:01","LearnerZooKeeperServer.java","7141","14473","21614"
"2018-12-20 15:13","QuorumPeer.java","223592","228701","452293"
"2019-05-16 16:25","QuorumPeer.java","223692","240030","463722"
"2018-10-16 16:22","QuorumPeer.java","201692","231628","433320"
"2019-06-14 09:06","QuorumPeer.java","223710","243247","466957"
"2018-12-07 12:41","QuorumPeer.java","223591","225714","449305"
"2019-03-11 19:47","QuorumPeer.java","223615","235152","458767"
"2019-02-13 13:12","QuorumPeer.java","223614","234099","457713"
"2019-04-12 19:01","QuorumPeer.java","223692","237038","460730"
"2018-12-09 03:16","QuorumPeer.java","223591","227788","451379"
"2018-09-11 15:23","QuorumPeer.java","101643","113908","215551"
"2019-11-29 14:49","QuorumPeer.java","225336","263432","488768"
"2018-12-15 07:34","QuorumPeer.java","223591","227703","451294"
"2018-11-27 10:02","QuorumPeer.java","223591","225464","449055"
"2018-09-18 01:00","QuorumPeer.java","101777","115297","217074"
"2019-06-03 19:40","QuorumPeer.java","223710","240580","464290"
"2019-07-15 14:15","QuorumPeer.java","223711","250669","474380"
"2019-07-03 00:44","QuorumPeer.java","223710","243262","466972"
"2019-08-17 17:13","QuorumPeer.java","223711","255250","478961"
"2017-11-28 00:10","QuorumPeer.java","892","5416","6308"
"2018-01-30 08:02","QuorumPeer.java","1385","6062","7447"
"2019-05-15 11:56","QuorumPeer.java","223692","239985","463677"
"2019-06-05 00:33","QuorumPeer.java","223710","240970","464680"
"2019-05-20 23:13","QuorumPeer.java","223693","240104","463797"
"2019-06-04 10:55","QuorumPeer.java","223710","240733","464443"
"2019-07-12 17:01","QuorumPeer.java","223711","250563","474274"
"2020-01-09 11:27","QuorumPeer.java","225338","264980","490318"
"2018-10-01 06:11","QuorumPeer.java","102461","118560","221021"
"2018-07-04 17:11","QuorumPeer.java","12405","20643","33048"
"2019-12-17 13:48","QuorumPeer.java","225336","264004","489340"
"2020-01-23 13:43","QuorumPeer.java","225338","266804","492142"
"2018-12-06 10:56","QuorumPeer.java","223591","225658","449249"
"2019-10-10 14:37","QuorumPeer.java","223711","259003","482714"
"2018-06-26 11:18","QuorumPeer.java","2098","10318","12416"
"2018-07-27 12:32","QuorumPeer.java","22979","32417","55396"
"2019-04-18 19:17","QuorumPeer.java","223692","237748","461440"
"2020-02-16 10:25","QuorumPeer.java","225338","267517","492855"
"2019-08-17 17:13","AtomicFileOutputStream.java","206105","256154","462259"
"2017-08-10 22:14","AtomicFileOutputStream.java","16185","35167","51352"
"2019-10-10 14:37","AtomicFileOutputStream.java","206105","259907","466012"
"2019-08-17 17:13","ServerCnxnTest.java","200804","256291","457095"
"2019-10-10 14:37","ServerCnxnTest.java","200804","260044","460848"
"2018-07-10 13:29","QuorumPeerInstance.java","12276","19877","32153"
"2018-12-20 07:24","QuorumPeerInstance.java","224174","228546","452720"
"2019-07-12 17:01","QuorumPeerInstance.java","224314","250499","474813"
"2019-08-17 17:13","CliWrapperException.java","221798","255887","477685"
"2018-12-06 10:56","FastLeaderElection.java","229892","225310","455202"
"2019-10-10 14:37","FastLeaderElection.java","230033","258676","488709"
"2019-09-30 23:22","FastLeaderElection.java","230033","258303","488336"
"2020-04-07 09:07","FastLeaderElection.java","231954","270218","502172"
"2019-01-18 03:42","FastLeaderElection.java","229895","230810","460705"
"2018-08-29 06:26","FastLeaderElection.java","94835","99136","193971"
"2019-08-17 17:13","FastLeaderElection.java","230032","254922","484954"
"2019-08-02 20:08","FastLeaderElection.java","230032","255703","485735"
"2019-08-03 08:42","FastLeaderElection.java","230032","255630","485662"
"2015-02-06 06:17","PrepRequestProcessor.java","10716","29023","39739"
"2019-02-07 11:26","PrepRequestProcessor.java","196822","234602","431424"
"2019-09-11 10:27","PrepRequestProcessor.java","196919","257723","454642"
"2018-07-19 05:59","PrepRequestProcessor.java","42587","79430","122017"
"2017-09-11 18:55","PrepRequestProcessor.java","23096","51672","74768"
"2019-01-16 14:21","PrepRequestProcessor.java","196821","232249","429070"
"2017-06-01 05:45","PrepRequestProcessor.java","21596","49708","71304"
"2019-11-08 17:30","PrepRequestProcessor.java","196947","262009","458956"
"2016-11-13 20:59","PrepRequestProcessor.java","17359","46526","63885"
"2019-04-09 15:35","PrepRequestProcessor.java","196840","237145","433985"
"2019-04-17 14:16","PrepRequestProcessor.java","196903","238423","435326"
"2014-10-28 05:35","PrepRequestProcessor.java","10409","26777","37186"
"2019-05-10 12:22","PrepRequestProcessor.java","196903","240858","437761"
"2017-06-26 00:16","PrepRequestProcessor.java","21848","50238","72086"
"2019-02-07 11:22","PrepRequestProcessor.java","196822","234264","431086"
"2016-11-16 06:21","PrepRequestProcessor.java","17394","47108","64502"
"2019-08-01 07:31","PrepRequestProcessor.java","196919","257038","453957"
"2019-06-26 10:57","PrepRequestProcessor.java","196919","244217","441136"
"2014-01-24 07:18","PrepRequestProcessor.java","398","3936","4334"
"2015-05-29 19:45","PrepRequestProcessor.java","11308","32406","43714"
"2016-10-07 21:51","PrepRequestProcessor.java","17223","44137","61360"
"2015-06-04 19:51","PrepRequestProcessor.java","11445","33308","44753"
"2019-08-17 17:13","PrepRequestProcessor.java","196919","256367","453286"
"2018-08-08 06:21","PrepRequestProcessor.java","85317","123640","208957"
"2018-05-09 23:57","PrepRequestProcessor.java","24135","59272","83407"
"2015-06-11 20:09","PrepRequestProcessor.java","11459","33448","44907"
"2019-12-27 22:33","PrepRequestProcessor.java","198267","266393","464660"
"2014-04-01 01:47","PrepRequestProcessor.java","994","5795","6789"
"2019-10-10 14:37","PrepRequestProcessor.java","196919","260120","457039"
"2020-03-25 03:38","PrepRequestProcessor.java","198267","270500","468767"
"2014-07-25 01:31","PrepRequestProcessor.java","9938","24230","34168"
"2014-04-29 02:23","PrepRequestProcessor.java","7999","14802","22801"
"2015-03-08 23:07","PrepRequestProcessor.java","10804","29285","40089"
"2014-07-22 06:51","PrepRequestProcessor.java","9860","23963","33823"
"2018-06-15 07:41","PrepRequestProcessor.java","24261","60150","84411"
"2011-12-28 01:26","QuorumCnxManager.java","7625","10018","17643"
"2019-11-29 14:49","QuorumCnxManager.java","176012","264559","440571"
"2013-03-07 07:01","QuorumCnxManager.java","13454","30801","44255"
"2018-07-11 06:04","QuorumCnxManager.java","38142","96870","135012"
"2018-08-06 14:11","QuorumCnxManager.java","48428","108929","157357"
"2012-06-29 22:08","QuorumCnxManager.java","10691","16243","26934"
"2018-10-16 16:22","QuorumCnxManager.java","156082","236469","392551"
"2019-06-14 09:06","QuorumCnxManager.java","174914","244902","419816"
"2019-08-03 08:42","QuorumCnxManager.java","174914","257612","432526"
"2019-11-13 20:41","QuorumCnxManager.java","174914","264623","439537"
"2019-04-09 16:08","QuorumCnxManager.java","174863","237709","412572"
"2019-08-06 12:52","QuorumCnxManager.java","174914","257877","432791"
"2017-02-09 11:40","QuorumCnxManager.java","26486","80237","106723"
"2019-05-20 23:13","QuorumCnxManager.java","174915","241777","416692"
"2015-04-09 20:16","QuorumCnxManager.java","21921","65055","86976"
"2017-08-23 02:16","QuorumCnxManager.java","29794","80849","110643"
"2019-07-27 20:04","QuorumCnxManager.java","174914","253435","428349"
"2015-05-29 23:46","QuorumCnxManager.java","22110","65760","87870"
"2015-05-14 07:10","QuorumCnxManager.java","22035","65389","87424"
"2020-03-12 14:47","QuorumCnxManager.java","176012","269945","445957"
"2019-08-17 17:13","QuorumCnxManager.java","174914","256904","431818"
"2017-11-28 00:10","QuorumCnxManager.java","30028","85003","115031"
"2019-10-10 14:37","QuorumCnxManager.java","174914","260657","435571"
"2014-07-23 19:36","QuorumCnxManager.java","21419","58120","79539"
"2017-06-09 18:37","QuorumCnxManager.java","28990","79749","108739"
"2020-01-23 13:43","QuorumCnxManager.java","176012","267929","443941"
"2014-03-23 04:12","QuorumCnxManager.java","14584","41301","55885"
"2014-07-08 05:25","QuorumCnxManager.java","21111","53542","74653"
"2019-11-28 12:24","QuorumCnxManager.java","176012","262908","438920"
"2014-06-25 15:04","QuorumCnxManager.java","20648","51443","72091"
"2016-06-08 17:43","QuorumCnxManager.java","25084","72266","97350"
"2020-03-23 16:20","QuorumCnxManager.java","176012","270116","446128"
"2020-02-16 10:25","QuorumCnxManager.java","176012","268642","444654"
"2014-07-22 06:45","QuorumCnxManager.java","21417","58043","79460"
"2018-07-27 12:32","QuorumCnxManager.java","48388","108277","156665"
"2016-11-13 20:59","TestableZooKeeper.java","33961","117280","151241"
"2019-08-17 17:13","TestableZooKeeper.java","155102","257073","412175"
"2010-11-10 23:36","TestableZooKeeper.java","16070","79512","95582"
"2019-03-06 03:32","TestableZooKeeper.java","155063","236819","391882"
"2013-01-25 02:17","TestableZooKeeper.java","28199","72757","100956"
"2012-03-15 18:01","TestableZooKeeper.java","25430","61573","87003"
"2018-04-25 01:41","TestableZooKeeper.java","36148","124665","160813"
"2014-03-26 22:13","TestableZooKeeper.java","29385","87963","117348"
"2020-05-17 15:13","TestableZooKeeper.java","156093","272009","428102"
"2019-04-12 19:01","MonitorCommand.java","218719","237756","456475"
"2016-12-22 23:23","MonitorCommand.java","6524","14721","21245"
"2019-01-07 14:39","MonitorCommand.java","218625","230694","449319"
"2019-08-17 17:13","MonitorCommand.java","218737","255967","474704"
"2019-06-04 10:55","MonitorCommand.java","218736","241450","460186"
"2019-10-10 14:37","ACLTest.java","32033","51432","83465"
"2019-08-17 17:13","ACLTest.java","29715","45361","75076"
"2014-02-12 17:00","LearnerHandler.java","29691","88664","118355"
"2014-03-23 04:12","LearnerHandler.java","29814","89174","118988"
"2010-01-25 04:28","LearnerHandler.java","2376","6269","8645"
"2019-10-10 14:37","LearnerHandler.java","154189","260940","415129"
"2015-06-05 20:38","LearnerHandler.java","32128","109179","141307"
"2015-06-05 20:51","LearnerHandler.java","32128","109206","141334"
"2015-06-12 23:02","LearnerHandler.java","32138","109314","141452"
"2010-03-11 15:05","LearnerHandler.java","10727","24049","34776"
"2009-11-30 13:03","LearnerHandler.java","562","892","1454"
"2011-04-12 09:14","LearnerHandler.java","21670","46141","67811"
"2013-09-26 14:05","LearnerHandler.java","29262","81544","110806"
"2019-07-03 20:54","LearnerHandler.java","154189","245181","399370"
"2011-09-14 08:56","LearnerHandler.java","20794","58211","79005"
"2011-08-30 08:37","LearnerHandler.java","20653","56861","77514"
"2010-07-29 23:10","LearnerHandler.java","15343","43579","58922"
"2011-09-17 02:36","LearnerHandler.java","23497","58354","81851"
"2012-04-23 01:20","LearnerHandler.java","27414","65566","92980"
"2013-06-28 23:22","LearnerHandler.java","29245","81097","110342"
"2018-09-18 01:00","LearnerHandler.java","94574","191188","285762"
"2010-11-04 17:01","LearnerHandler.java","16655","80163","96818"
"2012-02-06 09:40","LearnerHandler.java","25635","61461","87096"
"2013-05-14 14:27","LearnerHandler.java","29069","79184","108253"
"2018-08-03 18:52","LearnerHandler.java","52958","145996","198954"
"2011-01-22 20:38","LearnerHandler.java","17322","82928","100250"
"2018-12-09 03:16","LearnerHandler.java","154139","229795","383934"
"2019-04-12 19:01","LearnerHandler.java","154189","238994","393183"
"2013-03-07 07:01","LearnerHandler.java","29043","79033","108076"
"2017-11-28 00:10","LearnerHandler.java","36285","123903","160188"
"2019-06-29 00:33","LearnerHandler.java","154189","245174","399363"
"2013-05-11 15:35","LearnerHandler.java","29048","79086","108134"
"2019-07-25 21:41","LearnerHandler.java","154189","253670","407859"
"2019-08-23 19:43","LearnerHandler.java","154189","257853","412042"
"2019-08-17 17:13","LearnerHandler.java","154189","257187","411376"
"2017-06-26 00:16","LearnerHandler.java","36025","119600","155625"
"2017-08-03 20:28","LearnerHandler.java","36050","119273","155323"
"2012-07-29 07:02","LearnerHandler.java","27497","67052","94549"
"2019-05-06 17:48","LearnerHandler.java","154189","241500","395689"
"2019-08-03 08:42","LearnerHandler.java","154189","257895","412084"
"2019-04-22 19:15","LearnerHandler.java","154189","239969","394158"
"2011-06-14 07:14","LearnerHandler.java","21827","48248","70075"
"2011-07-01 00:53","PrepRequestProcessor.java","16075","11765","27840"
"2015-02-06 06:17","PrepRequestProcessor.java","34092","75142","109234"
"2012-02-06 10:39","PrepRequestProcessor.java","21805","25196","47001"
"2013-03-07 07:01","PrepRequestProcessor.java","26292","43840","70132"
"2019-02-07 11:26","PrepRequestProcessor.java","187349","235253","422602"
"2019-09-11 10:27","PrepRequestProcessor.java","187413","258341","445754"
"2018-07-19 05:59","PrepRequestProcessor.java","57849","117435","175284"
"2017-09-11 18:55","PrepRequestProcessor.java","40622","91941","132563"
"2019-01-16 14:21","PrepRequestProcessor.java","187348","232900","420248"
"2017-06-01 05:45","PrepRequestProcessor.java","40350","91205","131555"
"2012-04-14 02:32","PrepRequestProcessor.java","23927","28882","52809"
"2019-11-08 17:30","PrepRequestProcessor.java","187413","262599","450012"
"2016-11-13 20:59","PrepRequestProcessor.java","37590","89500","127090"
"2019-04-09 15:35","PrepRequestProcessor.java","187362","237791","425153"
"2019-04-17 14:16","PrepRequestProcessor.java","187414","239058","426472"
"2014-10-28 05:35","PrepRequestProcessor.java","34010","73121","107131"
"2019-05-10 12:22","PrepRequestProcessor.java","187414","241493","428907"
"2017-06-26 00:16","PrepRequestProcessor.java","40409","91542","131951"
"2019-02-07 11:22","PrepRequestProcessor.java","187349","234915","422264"
"2016-11-16 06:21","PrepRequestProcessor.java","37609","90066","127675"
"2019-08-01 07:31","PrepRequestProcessor.java","187413","257656","445069"
"2019-06-26 10:57","PrepRequestProcessor.java","187413","244835","432248"
"2014-01-24 07:18","PrepRequestProcessor.java","27000","53281","80281"
"2015-05-29 19:45","PrepRequestProcessor.java","34366","78207","112573"
"2016-10-07 21:51","PrepRequestProcessor.java","37573","87230","124803"
"2015-06-04 19:51","PrepRequestProcessor.java","34427","79033","113460"
"2019-08-17 17:13","PrepRequestProcessor.java","187413","256985","444398"
"2018-08-08 06:21","PrepRequestProcessor.java","98953","160019","258972"
"2018-05-09 23:57","PrepRequestProcessor.java","41042","98922","139964"
"2015-06-11 20:09","PrepRequestProcessor.java","34440","79172","113612"
"2019-12-27 22:33","PrepRequestProcessor.java","188486","266736","455222"
"2014-04-01 01:47","PrepRequestProcessor.java","27370","54914","82284"
"2019-10-10 14:37","PrepRequestProcessor.java","187413","260738","448151"
"2020-03-25 03:38","PrepRequestProcessor.java","188486","270843","459329"
"2011-08-15 02:35","PrepRequestProcessor.java","15503","15691","31194"
"2014-07-25 01:31","PrepRequestProcessor.java","33927","70962","104889"
"2013-10-09 22:21","PrepRequestProcessor.java","26856","49599","76455"
"2011-09-17 02:36","PrepRequestProcessor.java","18658","21073","39731"
"2014-04-29 02:23","PrepRequestProcessor.java","33053","62599","95652"
"2015-03-08 23:07","PrepRequestProcessor.java","34138","75362","109500"
"2014-07-22 06:51","PrepRequestProcessor.java","33877","70723","104600"
"2012-03-15 17:47","PrepRequestProcessor.java","21858","26462","48320"
"2011-04-12 09:14","PrepRequestProcessor.java","14662","5707","20369"
"2011-11-01 15:41","PrepRequestProcessor.java","20664","21871","42535"
"2011-10-28 00:58","PrepRequestProcessor.java","20587","21632","42219"
"2011-10-20 20:02","PrepRequestProcessor.java","20353","21179","41532"
"2011-10-17 16:59","PrepRequestProcessor.java","18727","20961","39688"
"2018-06-15 07:41","PrepRequestProcessor.java","41064","99696","140760"
"2012-12-19 19:16","PrepRequestProcessor.java","25830","38822","64652"
"2011-11-14 20:18","PrepRequestProcessor.java","20652","22494","43146"
"2015-10-18 19:00","QuorumPeer.java","5154","21177","26331"
"2018-12-20 15:13","QuorumPeer.java","203864","229615","433479"
"2019-05-16 16:25","QuorumPeer.java","203957","240937","444894"
"2018-10-16 16:22","QuorumPeer.java","184468","235046","419514"
"2019-06-14 09:06","QuorumPeer.java","203973","244152","448125"
"2018-12-07 12:41","QuorumPeer.java","203863","226628","430491"
"2019-03-11 19:47","QuorumPeer.java","203883","236062","439945"
"2014-07-18 02:19","QuorumPeer.java","1449","7738","9187"
"2019-02-13 13:12","QuorumPeer.java","203884","235011","438895"
"2019-04-12 19:01","QuorumPeer.java","203957","237945","441902"
"2018-12-09 03:16","QuorumPeer.java","203863","228702","432565"
"2018-09-11 15:23","QuorumPeer.java","111676","144583","256259"
"2019-11-29 14:49","QuorumPeer.java","205412","264150","469562"
"2018-12-15 07:34","QuorumPeer.java","203863","228617","432480"
"2018-11-27 10:02","QuorumPeer.java","203863","226378","430241"
"2018-09-18 01:00","QuorumPeer.java","111780","145942","257722"
"2019-06-03 19:40","QuorumPeer.java","203973","241485","445458"
"2019-07-15 14:15","QuorumPeer.java","203973","251573","455546"
"2015-03-17 18:06","QuorumPeer.java","2966","15228","18194"
"2019-07-03 00:44","QuorumPeer.java","203973","244167","448140"
"2019-08-17 17:13","QuorumPeer.java","203973","256154","460127"
"2015-06-27 02:03","QuorumPeer.java","3934","18885","22819"
"2017-11-28 00:10","QuorumPeer.java","16817","41983","58800"
"2014-06-04 22:07","QuorumPeer.java","92","581","673"
"2018-01-30 08:02","QuorumPeer.java","17220","42539","59759"
"2019-05-15 11:56","QuorumPeer.java","203957","240892","444849"
"2019-06-05 00:33","QuorumPeer.java","203973","241875","445848"
"2019-05-20 23:13","QuorumPeer.java","203957","241010","444967"
"2019-06-04 10:55","QuorumPeer.java","203973","241638","445611"
"2019-07-12 17:01","QuorumPeer.java","203973","251467","455440"
"2020-01-09 11:27","QuorumPeer.java","205413","265697","471110"
"2017-02-09 11:40","QuorumPeer.java","11194","35136","46330"
"2017-07-06 18:48","QuorumPeer.java","15144","36772","51916"
"2018-10-01 06:11","QuorumPeer.java","111985","148726","260711"
"2015-04-09 20:16","QuorumPeer.java","3008","16333","19341"
"2018-07-04 17:11","QuorumPeer.java","25764","54644","80408"
"2019-12-17 13:48","QuorumPeer.java","205412","264722","470134"
"2015-12-07 05:59","QuorumPeer.java","5446","22227","27673"
"2020-01-23 13:43","QuorumPeer.java","205413","267521","472934"
"2016-06-23 23:45","QuorumPeer.java","8878","26729","35607"
"2016-06-23 23:25","QuorumPeer.java","8845","26588","35433"
"2014-07-18 20:48","QuorumPeer.java","1669","8417","10086"
"2014-07-04 04:19","QuorumPeer.java","259","2391","2650"
"2018-12-06 10:56","QuorumPeer.java","203863","226572","430435"
"2014-06-25 15:04","QuorumPeer.java","119","1105","1224"
"2019-10-10 14:37","QuorumPeer.java","203973","259907","463880"
"2017-07-27 23:09","QuorumPeer.java","16142","36784","52926"
"2018-06-26 11:18","QuorumPeer.java","17722","46584","64306"
"2018-07-27 12:32","QuorumPeer.java","36248","66328","102576"
"2019-04-18 19:17","QuorumPeer.java","203957","238655","442612"
"2016-12-20 14:47","QuorumPeer.java","10919","33726","44645"
"2017-05-11 16:59","QuorumPeer.java","14812","35573","50385"
"2014-07-03 06:01","QuorumPeer.java","169","1879","2048"
"2014-08-14 08:08","QuorumPeer.java","2136","9745","11881"
"2014-08-01 07:38","QuorumPeer.java","2034","9222","11256"
"2014-07-20 04:50","QuorumPeer.java","1708","8518","10226"
"2016-06-02 00:59","QuorumPeer.java","8794","26168","34962"
"2020-02-16 10:25","QuorumPeer.java","205413","268234","473647"
"2018-09-15 00:08","ZooKeeperServer.java","111422","172526","283948"
"2019-04-12 19:01","ZooKeeperServer.java","176967","238550","415517"
"2019-07-31 19:06","ZooKeeperServer.java","176966","256049","433015"
"2019-09-11 10:27","ZooKeeperServer.java","176966","258098","435064"
"2019-01-14 19:38","ZooKeeperServer.java","176905","231973","408878"
"2019-01-07 15:34","ZooKeeperServer.java","176905","231574","408479"
"2018-11-21 17:56","ZooKeeperServer.java","176904","224770","401674"
"2012-01-31 07:45","ZooKeeperServer.java","4268","4838","9106"
"2017-04-28 07:14","ZooKeeperServer.java","26461","75647","102108"
"2017-02-12 00:12","ZooKeeperServer.java","26408","74695","101103"
"2014-07-18 02:19","ZooKeeperServer.java","18296","52180","70476"
"2013-12-11 19:22","ZooKeeperServer.java","11124","32846","43970"
"2019-02-13 13:12","ZooKeeperServer.java","176918","235640","412558"
"2012-02-11 00:34","ZooKeeperServer.java","4710","5865","10575"
"2016-11-24 17:18","ZooKeeperServer.java","24513","74576","99089"
"2018-07-19 05:59","ZooKeeperServer.java","47191","104362","151553"
"2018-09-18 01:00","ZooKeeperServer.java","111478","173235","284713"
"2019-03-04 08:07","ZooKeeperServer.java","176916","236215","413131"
"2019-07-08 23:26","ZooKeeperServer.java","176966","245518","422484"
"2019-01-23 14:00","ZooKeeperServer.java","176906","233409","410315"
"2019-02-13 13:19","ZooKeeperServer.java","176918","235926","412844"
"2019-05-14 17:11","ZooKeeperServer.java","176967","241410","418377"
"2013-01-25 02:17","ZooKeeperServer.java","9211","19945","29156"
"2015-07-10 08:19","ZooKeeperServer.java","20236","63107","83343"
"2019-06-04 10:55","ZooKeeperServer.java","176966","242226","419192"
"2019-04-09 15:35","ZooKeeperServer.java","176917","237550","414467"
"2019-08-03 08:42","ZooKeeperServer.java","176966","257450","434416"
"2019-05-15 11:56","ZooKeeperServer.java","176967","241497","418464"
"2019-05-22 11:39","ZooKeeperServer.java","176967","241943","418910"
"2019-04-22 19:15","ZooKeeperServer.java","176967","239525","416492"
"2018-02-23 23:49","ZooKeeperServer.java","29076","83036","112112"
"2016-11-16 06:21","ZooKeeperServer.java","23960","74002","97962"
"2012-12-19 19:07","ZooKeeperServer.java","9160","18856","28016"
"2017-08-18 06:32","ZooKeeperServer.java","28292","77018","105310"
"2017-06-26 00:16","ZooKeeperServer.java","27562","76280","103842"
"2019-09-10 04:26","ZooKeeperServer.java","176966","257787","434753"
"2019-08-17 17:13","ZooKeeperServer.java","176966","256742","433708"
"2019-09-05 23:12","ZooKeeperServer.java","176966","257661","434627"
"2019-09-10 15:21","ZooKeeperServer.java","176966","257785","434751"
"2019-08-01 07:31","ZooKeeperServer.java","176966","257413","434379"
"2019-08-01 07:28","ZooKeeperServer.java","176966","256923","433889"
"2019-06-03 19:40","ZooKeeperServer.java","176966","242073","419039"
"2015-03-17 18:06","ZooKeeperServer.java","18886","58743","77629"
"2019-11-23 17:08","ZooKeeperServer.java","178195","262672","440867"
"2019-10-09 16:49","ZooKeeperServer.java","176966","260328","437294"
"2019-07-03 00:44","ZooKeeperServer.java","176966","244755","421721"
"2018-01-19 01:12","ZooKeeperServer.java","29007","81925","110932"
"2019-07-24 18:00","ZooKeeperServer.java","176966","253197","430163"
"2013-05-16 18:49","ZooKeeperServer.java","10267","25551","35818"
"2018-08-08 06:21","ZooKeeperServer.java","88704","147355","236059"
"2018-05-09 23:57","ZooKeeperServer.java","29224","84689","113913"
"2019-12-27 22:33","ZooKeeperServer.java","178195","266649","444844"
"2016-08-13 15:01","ZooKeeperServer.java","23557","69698","93255"
"2018-09-11 00:17","ZooKeeperServer.java","111418","170973","282391"
"2019-11-18 09:05","ZooKeeperServer.java","178195","261115","439310"
"2019-10-10 14:37","ZooKeeperServer.java","176966","260495","437461"
"2019-09-16 23:26","ZooKeeperServer.java","176966","259761","436727"
"2013-10-08 01:35","ZooKeeperServer.java","10843","28931","39774"
"2017-06-23 18:39","ZooKeeperServer.java","27497","76235","103732"
"2011-12-28 07:07","ZooKeeperServer.java","4162","4393","8555"
"2019-12-03 10:01","ZooKeeperServer.java","178195","264574","442769"
"2020-03-25 03:38","ZooKeeperServer.java","178195","270756","448951"
"2019-11-28 12:24","ZooKeeperServer.java","178195","262877","441072"
"2019-11-06 15:21","ZooKeeperServer.java","176994","260739","437733"
"2020-04-12 11:14","ZooKeeperServer.java","178195","271509","449704"
"2013-10-09 22:21","ZooKeeperServer.java","11019","31347","42366"
"2015-03-08 23:07","ZooKeeperServer.java","18789","57598","76387"
"2018-06-08 16:52","ZooKeeperServer.java","29268","85482","114750"
"2018-06-15 07:41","ZooKeeperServer.java","29272","85489","114761"
"2018-07-28 04:37","ZooKeeperServer.java","47239","104986","152225"
"2019-04-18 19:17","ZooKeeperServer.java","176967","239260","416227"
"2012-03-15 17:47","ZooKeeperServer.java","4789","6978","11767"
"2014-03-25 22:13","ZooKeeperServer.java","11512","36251","47763"
"2015-10-18 19:00","QuorumPeer.java","17736","62889","80625"
"2018-12-20 15:13","QuorumPeer.java","175271","230152","405423"
"2019-05-16 16:25","QuorumPeer.java","175348","241458","416806"
"2018-10-16 16:22","QuorumPeer.java","156465","236173","392638"
"2019-06-14 09:06","QuorumPeer.java","175348","244657","420005"
"2018-12-07 12:41","QuorumPeer.java","175271","227166","402437"
"2012-04-23 01:20","QuorumPeer.java","4430","9260","13690"
"2012-07-17 23:19","QuorumPeer.java","4483","10085","14568"
"2019-03-11 19:47","QuorumPeer.java","175290","236599","411889"
"2012-02-27 03:41","QuorumPeer.java","1877","4622","6499"
"2014-07-18 02:19","QuorumPeer.java","15708","51127","66835"
"2019-02-13 13:12","QuorumPeer.java","175291","235548","410839"
"2019-04-12 19:01","QuorumPeer.java","175348","238466","413814"
"2018-12-09 03:16","QuorumPeer.java","175271","229240","404511"
"2018-09-11 15:23","QuorumPeer.java","108790","170827","279617"
"2019-11-29 14:49","QuorumPeer.java","176653","264521","441174"
"2013-03-07 07:01","QuorumPeer.java","7628","24296","31924"
"2018-12-15 07:34","QuorumPeer.java","175271","229155","404426"
"2018-11-27 10:02","QuorumPeer.java","175271","226916","402187"
"2018-09-18 01:00","QuorumPeer.java","108850","172142","280992"
"2012-02-06 09:40","QuorumPeer.java","1495","3999","5494"
"2019-06-03 19:40","QuorumPeer.java","175348","241990","417338"
"2019-07-15 14:15","QuorumPeer.java","175348","252078","427426"
"2015-03-17 18:06","QuorumPeer.java","16320","57712","74032"
"2019-07-03 00:44","QuorumPeer.java","175348","244672","420020"
"2019-08-17 17:13","QuorumPeer.java","175348","256659","432007"
"2015-06-27 02:03","QuorumPeer.java","16657","60738","77395"
"2017-11-28 00:10","QuorumPeer.java","26070","80366","106436"
"2014-01-21 04:50","QuorumPeer.java","8635","32453","41088"
"2014-06-04 22:07","QuorumPeer.java","14970","44589","59559"
"2018-01-30 08:02","QuorumPeer.java","26356","80805","107161"
"2019-05-15 11:56","QuorumPeer.java","175348","241413","416761"
"2019-06-05 00:33","QuorumPeer.java","175348","242380","417728"
"2019-05-20 23:13","QuorumPeer.java","175348","241531","416879"
"2019-06-04 10:55","QuorumPeer.java","175348","242143","417491"
"2019-07-12 17:01","QuorumPeer.java","175348","251972","427320"
"2020-01-09 11:27","QuorumPeer.java","176653","266067","442720"
"2017-02-09 11:40","QuorumPeer.java","22182","75254","97436"
"2017-07-06 18:48","QuorumPeer.java","25106","75864","100970"
"2018-10-01 06:11","QuorumPeer.java","109013","174884","283897"
"2015-04-09 20:16","QuorumPeer.java","16336","58791","75127"
"2013-10-07 21:08","QuorumPeer.java","8228","27712","35940"
"2013-09-30 22:20","QuorumPeer.java","8080","27133","35213"
"2018-07-04 17:11","QuorumPeer.java","34257","92267","126524"
"2019-12-17 13:48","QuorumPeer.java","176653","265093","441746"
"2015-12-07 05:59","QuorumPeer.java","17962","63873","81835"
"2020-01-23 13:43","QuorumPeer.java","176653","267891","444544"
"2016-06-23 23:45","QuorumPeer.java","20759","67740","88499"
"2016-06-23 23:25","QuorumPeer.java","20760","67633","88393"
"2014-03-23 04:12","QuorumPeer.java","8903","34941","43844"
"2013-09-26 00:13","QuorumPeer.java","8060","26869","34929"
"2014-07-18 20:48","QuorumPeer.java","15744","51622","67366"
"2014-07-04 04:19","QuorumPeer.java","15014","46276","61290"
"2018-12-06 10:56","QuorumPeer.java","175271","227110","402381"
"2014-06-25 15:04","QuorumPeer.java","14978","45094","60072"
"2014-03-28 01:58","QuorumPeer.java","8918","35374","44292"
"2013-10-21 23:36","QuorumPeer.java","8421","30647","39068"
"2019-10-10 14:37","QuorumPeer.java","175348","260412","435760"
"2013-11-07 06:41","QuorumPeer.java","8492","31149","39641"
"2017-07-27 23:09","QuorumPeer.java","25554","75326","100880"
"2014-05-18 05:49","QuorumPeer.java","14954","44084","59038"
"2014-03-25 22:13","QuorumPeer.java","8915","35189","44104"
"2011-11-01 08:15","QuorumPeer.java","284","473","757"
"2018-06-26 11:18","QuorumPeer.java","26640","84632","111272"
"2018-07-27 12:32","QuorumPeer.java","44596","103806","148402"
"2019-04-18 19:17","QuorumPeer.java","175348","239176","414524"
"2011-10-27 23:25","QuorumPeer.java","105","265","370"
"2013-10-09 22:21","QuorumPeer.java","8411","30274","38685"
"2016-12-20 14:47","QuorumPeer.java","22069","74006","96075"
"2017-05-11 16:59","QuorumPeer.java","24871","74762","99633"
"2014-07-03 06:01","QuorumPeer.java","15006","45846","60852"
"2014-08-14 08:08","QuorumPeer.java","15875","52614","68489"
"2014-08-01 07:38","QuorumPeer.java","15874","52192","68066"
"2014-07-20 04:50","QuorumPeer.java","15774","51714","67488"
"2016-06-02 00:59","QuorumPeer.java","20741","67245","87986"
"2020-02-16 10:25","QuorumPeer.java","176653","268604","445257"
"2019-12-28 16:17","SetAclCommand.java","37960","68886","106846"
"2019-08-17 17:13","SetAclCommand.java","30087","52428","82515"
"2019-07-12 17:01","FLEBackwardElectionRoundTest.java","224314","250499","474813"
"2017-11-28 00:10","FLEBackwardElectionRoundTest.java","591","4448","5039"
"2019-08-17 17:13","FLEBackwardElectionRoundTest.java","224314","255186","479500"
"2019-06-03 19:40","FLEBackwardElectionRoundTest.java","224313","240516","464829"
"2019-07-15 14:15","QuorumZooKeeperServer.java","167718","252434","420152"
"2019-06-26 10:57","QuorumZooKeeperServer.java","167718","244865","412583"
"2019-08-17 17:13","QuorumZooKeeperServer.java","167718","257015","424733"
"2019-05-15 11:56","QuorumZooKeeperServer.java","167719","241770","409489"
"2019-06-04 10:55","QuorumZooKeeperServer.java","167718","242499","410217"
"2017-03-21 17:49","QuorumZooKeeperServer.java","40956","111924","152880"
"2013-03-07 07:01","QuorumZooKeeperServer.java","29381","66572","95953"
"2019-11-29 14:49","QuorumZooKeeperServer.java","168765","264619","433384"
"2013-10-09 22:21","QuorumZooKeeperServer.java","29922","72308","102230"
"2010-05-05 22:32","QuorumZooKeeperServer.java","5565","5595","11160"
"2020-03-25 03:38","QuorumZooKeeperServer.java","168765","270847","439612"
"2016-08-13 15:01","QuorumZooKeeperServer.java","39134","107333","146467"
"2019-10-10 14:37","QuorumZooKeeperServer.java","167718","260768","428486"
"2019-11-21 05:58","NIOServerCnxn.java","9029","12196","21225"
"2019-11-18 09:05","NIOServerCnxn.java","9013","12157","21170"
"2019-09-16 23:26","NIOServerCnxn.java","1939","4958","6897"
"2019-10-10 14:37","NIOServerCnxn.java","3717","7470","11187"
"2020-02-11 06:50","NIOServerCnxn.java","11890","22409","34299"
"2017-09-11 18:55","QuorumBase.java","38581","109538","148119"
"2012-04-23 01:20","QuorumBase.java","23519","48867","72386"
"2019-07-12 17:01","QuorumBase.java","167723","252303","420026"
"2012-12-11 08:42","QuorumBase.java","24295","54822","79117"
"2019-08-17 17:13","QuorumBase.java","167723","256990","424713"
"2019-08-01 07:31","QuorumBase.java","167723","257661","425384"
"2018-08-08 06:21","QuorumBase.java","81968","162672","244640"
"2019-10-10 14:37","QuorumBase.java","167723","260743","428466"
"2020-03-25 03:38","QuorumBase.java","168795","270847","439642"
"2014-07-18 19:46","QuorumBase.java","32641","88805","121446"
"2010-07-23 06:22","QuorumBase.java","739","14534","15273"
"2011-05-20 01:17","QuorumBase.java","14852","26411","41263"
"2010-08-18 08:24","QuorumBase.java","2288","21983","24271"
"2013-10-09 22:21","QuorumBase.java","25874","68255","94129"
"2014-06-25 19:25","QuorumBase.java","32087","83255","115342"
"2011-04-12 09:14","QuorumBase.java","14727","25467","40194"
"2019-05-20 17:18","LocalPeerBeanTest.java","232044","238936","470980"
"2019-02-13 13:12","LocalPeerBeanTest.java","231942","232989","464931"
"2019-08-17 17:13","LocalPeerBeanTest.java","232062","254163","486225"
"2019-09-20 10:06","TxnLogToolkit.java","232675","257027","489702"
"2019-12-27 22:33","TxnLogToolkit.java","234613","264780","499393"
"2018-09-12 13:32","TxnLogToolkit.java","88649","91038","179687"
"2019-11-28 12:24","TxnLogToolkit.java","234612","261007","495619"
"2019-04-12 19:08","TxnLogToolkit.java","232636","235953","468589"
"2019-07-09 13:34","TxnLogToolkit.java","232673","243064","475737"
"2019-08-17 17:13","TxnLogToolkit.java","232674","254163","486837"
"2018-09-15 00:03","TxnLogToolkit.java","88657","91385","180042"
"2018-11-17 18:37","ConfigUtils.java","231903","222079","453982"
"2018-10-08 14:33","ConfigUtils.java","199062","216603","415665"
"2019-08-17 17:13","ConfigUtils.java","232062","254163","486225"
"2019-11-08 17:30","WatchManagerTest.java","3908","9522","13430"
"2017-11-15 22:33","CommitProcessor.java","16235","34683","50918"
"2019-08-17 17:13","CommitProcessor.java","207310","256154","463464"
"2019-07-30 02:31","CommitProcessor.java","207310","254075","461385"
"2016-05-15 23:31","CommitProcessor.java","8449","22377","30826"
"2019-08-03 08:42","CommitProcessor.java","207310","256862","464172"
"2019-04-09 15:35","CommitProcessor.java","207222","236923","444145"
"2019-04-25 02:11","CommitProcessor.java","207294","239858","447152"
"2019-01-07 14:24","CommitProcessor.java","207201","230875","438076"
"2015-03-08 23:07","CommitProcessor.java","2312","10189","12501"
"2020-03-25 03:38","CommitProcessor.java","208750","270379","479129"
"2019-10-10 14:37","CommitProcessor.java","207310","259907","467217"
"2019-11-11 13:55","CommitProcessor.java","207338","261890","469228"
"2019-12-27 22:33","CommitProcessor.java","208749","266271","475020"
"2019-08-17 17:13","ObserverMXBean.java","36481","63823","100304"
"2017-07-28 00:36","HostProvider.java","23875","64619","88494"
"2019-08-17 17:13","HostProvider.java","184285","256464","440749"
"2018-07-16 05:45","HostProvider.java","43278","92819","136097"
"2015-06-04 18:26","DataNode.java","21175","72006","93181"
"2019-08-17 17:13","DataNode.java","180473","256905","437378"
"2015-06-04 19:51","DataNode.java","21236","72778","94014"
"2016-10-07 21:51","DataNode.java","24587","81180","105767"
"2019-01-07 14:24","DataNode.java","180407","231669","412076"
"2017-02-05 07:22","DataNode.java","25245","86098","111343"
"2019-07-31 19:06","DataNode.java","180473","256212","436685"
"2019-12-27 22:33","DataNode.java","181571","266681","448252"
"2019-05-20 17:18","LocalPeerBeanTest.java","231511","239621","471132"
"2019-02-13 13:12","LocalPeerBeanTest.java","231410","233675","465085"
"2019-08-17 17:13","LocalPeerBeanTest.java","231529","254848","486377"
"2018-07-27 12:32","LocalPeerBeanTest.java","21397","22615","44012"
"2018-01-19 00:43","FileTxnLog.java","11952","20625","32577"
"2019-12-27 22:33","FileTxnLog.java","221934","266144","488078"
"2019-10-10 14:37","FileTxnLog.java","220355","259640","479995"
"2018-11-12 22:36","FileTxnLog.java","220234","223858","444092"
"2018-08-01 21:19","FileTxnLog.java","32567","46195","78762"
"2018-04-27 20:28","FileTxnLog.java","12244","22767","35011"
"2018-06-08 16:52","FileTxnLog.java","12490","24460","36950"
"2020-01-28 17:26","FileTxnLog.java","221935","267865","489800"
"2019-05-14 17:11","FileTxnLog.java","220336","240535","460871"
"2019-01-07 14:24","FileTxnLog.java","220236","230598","450834"
"2019-04-12 19:01","FileTxnLog.java","220336","237675","458011"
"2017-04-28 07:14","FileTxnLog.java","8006","12948","20954"
"2018-09-06 01:11","FileTxnLog.java","109676","124935","234611"
"2018-09-18 01:00","FileTxnLog.java","109815","127328","237143"
"2019-08-17 17:13","FileTxnLog.java","220355","255887","476242"
"2019-06-03 19:40","FileTxnLog.java","220354","241217","461571"
"2018-04-24 00:20","FileTxnLog.java","12076","22512","34588"
"2018-02-14 21:23","FileTxnLog.java","12019","21571","33590"
"2019-08-03 08:42","FileTxnLog.java","220355","256595","476950"
"2019-04-09 15:35","FileTxnLog.java","220261","236650","456911"
"2017-08-03 20:41","FileTxnLog.java","10860","14986","25846"
"2018-02-02 00:26","FileTxnLog.java","11962","20642","32604"
"2017-06-26 00:07","FileTxnLog.java","9204","13684","22888"
"2019-08-17 17:13","EmptySnapshotTest.java","232256","254163","486419"
"2019-12-27 22:33","FileTxnSnapLogTest.java","38005","62846","100851"
"2019-06-03 19:40","FileTxnSnapLogTest.java","644","2138","2782"
"2019-08-17 17:13","FileTxnSnapLogTest.java","29782","45945","75727"
"2019-02-06 09:46","ZooKeeper.java","187117","234019","421136"
"2019-01-16 14:21","ZooKeeper.java","187116","232295","419411"
"2017-04-18 02:02","ZooKeeper.java","21564","60067","81631"
"2019-11-08 17:30","ZooKeeper.java","187242","262055","449297"
"2019-02-07 11:26","ZooKeeper.java","187117","234648","421765"
"2013-03-07 07:01","ZooKeeper.java","1478","6034","7512"
"2013-12-17 17:55","ZooKeeper.java","3067","14427","17494"
"2017-05-01 17:19","ZooKeeper.java","21577","60207","81784"
"2014-01-24 07:18","ZooKeeper.java","3201","16490","19691"
"2019-08-17 17:13","ZooKeeper.java","187214","256413","443627"
"2015-06-04 19:51","ZooKeeper.java","12915","44529","57444"
"2016-10-07 21:51","ZooKeeper.java","18485","55150","73635"
"2015-03-16 09:09","ZooKeeper.java","12356","40926","53282"
"2015-03-17 18:06","ZooKeeper.java","12459","41739","54198"
"2016-05-02 18:15","ZooKeeper.java","17504","51403","68907"
"2019-06-26 10:57","ZooKeeper.java","187214","244263","431477"
"2019-06-03 19:40","ZooKeeper.java","187214","241744","428958"
"2018-05-09 23:57","ZooKeeper.java","24299","69187","93486"
"2019-08-03 08:42","ZooKeeper.java","187214","257121","444335"
"2016-11-13 20:59","ZooKeeper.java","18513","57431","75944"
"2013-02-03 15:52","ZooKeeper.java","725","1218","1943"
"2017-07-28 00:36","ZooKeeper.java","23171","60935","84106"
"2017-08-18 23:35","ZooKeeper.java","23263","61512","84775"
"2017-07-04 07:56","ZooKeeper.java","22705","61079","83784"
"2020-04-16 12:50","ZooKeeper.java","188559","271332","459891"
"2018-07-27 05:16","ZooKeeper.java","42639","89545","132184"
"2019-10-10 14:37","ZooKeeper.java","187214","260166","447380"
"2014-04-01 04:03","ZooKeeper.java","3739","18508","22247"
"2019-02-11 12:34","ZooKeeper.java","187117","235011","422128"
"2014-07-08 20:18","ZooKeeper.java","11092","30748","41840"
"2020-05-17 15:13","ZooKeeper.java","188563","271707","460270"
"2017-01-09 22:49","ZooKeeper.java","19224","59710","78934"
"2019-03-12 19:08","ZooKeeper.java","187134","236456","423590"
"2014-07-22 06:51","ZooKeeper.java","11508","35362","46870"
"2014-04-29 02:23","ZooKeeper.java","9993","26547","36540"
"2019-10-10 14:37","SyncCallTest.java","3093","3934","7027"
"2019-12-03 19:12","SnapStream.java","6132","8994","15126"
"2017-02-12 00:34","StandaloneTest.java","4527","3319","7846"
"2019-08-17 17:13","StandaloneTest.java","225011","255292","480303"
"2019-05-14 17:11","SyncRequestProcessor.java","187414","241653","429067"
"2019-06-05 00:46","SyncRequestProcessor.java","187413","242845","430258"
"2019-05-22 11:39","SyncRequestProcessor.java","187414","242186","429600"
"2013-09-30 22:20","SyncRequestProcessor.java","26548","46481","73029"
"2019-06-03 19:40","SyncRequestProcessor.java","187413","242316","429729"
"2019-08-17 17:13","SyncRequestProcessor.java","187413","256985","444398"
"2019-10-10 14:37","SyncRequestProcessor.java","187413","260738","448151"
"2013-10-24 20:41","SyncRequestProcessor.java","26885","50332","77217"
"2020-01-07 20:39","SyncRequestProcessor.java","188486","267111","455597"
"2020-03-25 03:38","SyncRequestProcessor.java","188486","270843","459329"
"2015-03-08 23:07","SyncRequestProcessor.java","34138","75362","109500"
"2011-04-12 09:14","SyncRequestProcessor.java","14662","5707","20369"
"2019-04-30 18:08","SyncRequestProcessor.java","187414","240822","428236"
"2019-04-12 19:01","ServerStats.java","231249","236618","467867"
"2019-01-07 14:39","ServerStats.java","231137","229538","460675"
"2018-09-18 01:00","ServerStats.java","100662","106205","206867"
"2019-08-17 17:13","ServerStats.java","231286","254848","486134"
"2018-07-12 01:33","ServerStats.java","10932","11401","22333"
"2019-08-17 17:13","WatchEventWhenAutoResetTest.java","69284","71003","140287"
"2019-10-10 14:37","SaslAuthFailDesignatedClientTest.java","220587","259640","480227"
"2019-08-17 17:13","SaslAuthFailDesignatedClientTest.java","220587","255887","476474"
"2015-07-07 07:11","OSMXBeanTest.java","14809","49885","64694"
"2019-10-10 14:37","OSMXBeanTest.java","184336","260217","444553"
"2019-08-17 17:13","OSMXBeanTest.java","184336","256464","440800"
"2019-08-17 17:13","Summary.java","192100","212928","405028"
"2019-08-17 17:13","ClientWatchManager.java","174609","256904","431513"
"2018-11-17 18:33","ServerCnxn.java","150192","133712","283904"
"2019-01-14 19:38","ServerCnxn.java","156474","147211","303685"
"2019-04-12 19:01","ServerCnxn.java","156822","154074","310896"
"2019-07-08 23:26","ServerCnxn.java","158102","162323","320425"
"2019-08-17 17:13","ServerCnxn.java","158773","174218","332991"
"2019-07-03 00:44","ServerCnxn.java","158102","161560","319662"
"2019-11-18 09:05","ServerCnxn.java","161769","180358","342127"
"2020-02-26 22:41","ServerCnxn.java","162118","188217","350335"
"2019-11-11 13:59","ServerCnxn.java","159829","182684","342513"
"2018-10-16 16:22","QuorumPeerConfig.java","199067","219565","418632"
"2018-12-09 03:16","QuorumPeerConfig.java","231906","226665","458571"
"2019-04-12 19:01","QuorumPeerConfig.java","232024","235932","467956"
"2018-09-11 15:23","QuorumPeerConfig.java","88779","91606","180385"
"2018-12-15 07:34","QuorumPeerConfig.java","231906","226580","458486"
"2019-02-13 13:12","QuorumPeerConfig.java","231942","232989","464931"
"2019-08-17 17:13","QuorumPeerConfig.java","232062","254163","486225"
"2019-06-05 00:29","QuorumPeerConfig.java","232061","239829","471890"
"2020-01-09 11:27","QuorumPeerConfig.java","234002","264206","498208"
"2019-07-12 17:01","QuorumPeerConfig.java","232062","249476","481538"
"2019-05-15 11:56","QuorumPeerConfig.java","232041","238896","470937"
"2018-10-01 06:11","QuorumPeerConfig.java","89636","96297","185933"
"2020-01-23 13:43","QuorumPeerConfig.java","234002","266030","500032"
"2019-10-10 14:37","QuorumPeerConfig.java","232063","257917","489980"
"2019-04-18 19:17","QuorumPeerConfig.java","232024","236642","468666"
"2020-02-16 10:25","QuorumPeerConfig.java","234002","266743","500745"
"2020-05-14 18:18","QuorumPeerConfig.java","234095","270061","504156"
"2019-11-29 14:49","QuorumCnxManager.java","222657","264022","486679"
"2018-07-11 06:04","QuorumCnxManager.java","20669","32215","52884"
"2018-08-06 14:11","QuorumCnxManager.java","31363","44682","76045"
"2018-10-16 16:22","QuorumCnxManager.java","199642","232847","432489"
"2019-06-14 09:06","QuorumCnxManager.java","221078","243884","464962"
"2019-08-03 08:42","QuorumCnxManager.java","221079","256595","477674"
"2019-11-13 20:41","QuorumCnxManager.java","221127","263654","484781"
"2019-04-09 16:08","QuorumCnxManager.java","220985","236649","457634"
"2019-08-06 12:52","QuorumCnxManager.java","221079","256860","477939"
"2017-02-09 11:40","QuorumCnxManager.java","2807","9376","12183"
"2019-05-20 23:13","QuorumCnxManager.java","221061","240741","461802"
"2017-08-23 02:16","QuorumCnxManager.java","9035","12908","21943"
"2019-07-27 20:04","QuorumCnxManager.java","221079","252418","473497"
"2020-03-12 14:47","QuorumCnxManager.java","222659","269410","492069"
"2019-08-17 17:13","QuorumCnxManager.java","221079","255887","476966"
"2017-11-28 00:10","QuorumCnxManager.java","9697","17490","27187"
"2019-10-10 14:37","QuorumCnxManager.java","221079","259640","480719"
"2017-06-09 18:37","QuorumCnxManager.java","7235","10812","18047"
"2020-01-23 13:43","QuorumCnxManager.java","222659","267394","490053"
"2019-11-28 12:24","QuorumCnxManager.java","222657","262371","485028"
"2020-03-23 16:20","QuorumCnxManager.java","222659","269581","492240"
"2020-02-16 10:25","QuorumCnxManager.java","222659","268107","490766"
"2018-07-27 12:32","QuorumCnxManager.java","31151","43858","75009"
"2019-10-10 14:37","LearnerHandler.java","228065","258833","486898"
"2019-07-03 20:54","LearnerHandler.java","228063","243072","471135"
"2018-09-18 01:00","LearnerHandler.java","101260","110256","211516"
"2018-08-03 18:52","LearnerHandler.java","22554","27974","50528"
"2018-12-09 03:16","LearnerHandler.java","227923","227596","455519"
"2019-04-12 19:01","LearnerHandler.java","228027","236849","464876"
"2019-06-29 00:33","LearnerHandler.java","228063","243065","471128"
"2019-07-25 21:41","LearnerHandler.java","228064","251562","479626"
"2019-08-23 19:43","LearnerHandler.java","228064","255745","483809"
"2019-08-17 17:13","LearnerHandler.java","228064","255079","483143"
"2019-05-06 17:48","LearnerHandler.java","228044","239372","467416"
"2019-08-03 08:42","LearnerHandler.java","228064","255787","483851"
"2019-04-22 19:15","LearnerHandler.java","228027","237824","465851"
"2019-01-22 06:43","WriteLock.java","112936","233581","346517"
"2019-08-03 08:42","WriteLock.java","112979","258266","371245"
"2019-10-10 14:37","WriteLock.java","112979","261311","374290"
"2019-08-27 09:23","WriteLock.java","112979","258151","371130"
"2011-04-12 09:14","WriteLock.java","17765","83817","101582"
"2017-02-12 00:34","StandaloneTest.java","12116","25085","37201"
"2016-11-13 20:59","StandaloneTest.java","8213","22390","30603"
"2019-08-17 17:13","StandaloneTest.java","211670","256128","467798"
"2019-08-17 17:13","EagerACLFilterTest.java","25104","24433","49537"
"2019-12-27 22:33","FileTxnSnapLog.java","38005","61695","99700"
"2019-10-10 14:37","FileTxnSnapLog.java","32095","50860","82955"
"2019-12-13 08:51","FileTxnSnapLog.java","37880","59607","97487"
"2020-01-23 16:46","FileTxnSnapLog.java","39346","64285","103631"
"2020-01-28 17:26","FileTxnSnapLog.java","39422","64832","104254"
"2019-09-02 08:23","FileTxnSnapLog.java","30835","46504","77339"
"2019-07-31 19:06","FileTxnSnapLog.java","6822","21141","27963"
"2020-01-30 09:43","FileTxnSnapLog.java","39446","64932","104378"
"2019-05-27 10:54","FileTxnSnapLog.java","16","348","364"
"2019-08-17 17:13","FileTxnSnapLog.java","29712","44724","74436"
"2019-08-17 17:13","ReconfigDuringLeaderSyncTest.java","223711","255250","478961"
"2020-01-25 18:48","ReconfigDuringLeaderSyncTest.java","225338","266994","492332"
"2016-07-27 01:33","StatCommand.java","17918","61514","79432"
"2016-12-22 23:23","StatCommand.java","19226","67823","87049"
"2017-05-27 00:52","StatCommand.java","22228","68500","90728"
"2018-02-07 01:05","StatCommand.java","23843","75313","99156"
"2018-07-12 01:33","StatCommand.java","32061","86598","118659"
"2015-06-28 21:09","StatCommand.java","14384","54784","69168"
"2019-08-17 17:13","StatCommand.java","178872","256502","435374"
"2020-03-26 18:41","ZooKeeperMain.java","194735","270511","465246"
"2016-10-16 14:21","ZooKeeperMain.java","17569","48071","65640"
"2020-04-01 17:02","ZooKeeperMain.java","194735","270835","465570"
"2013-10-01 23:18","ZooKeeperMain.java","227","987","1214"
"2019-10-10 14:37","ZooKeeperMain.java","193389","260130","453519"
"2015-11-22 00:33","ZooKeeperMain.java","13304","40733","54037"
"2020-03-26 22:19","ZooKeeperMain.java","194735","270580","465315"
"2015-11-08 22:54","ZooKeeperMain.java","13179","40315","53494"
"2016-07-27 01:33","ZooKeeperMain.java","16893","45847","62740"
"2014-04-04 00:39","ZooKeeperMain.java","1518","10097","11615"
"2019-11-28 12:24","ZooKeeperMain.java","194735","262629","457364"
"2016-11-13 20:59","ZooKeeperMain.java","17705","50412","68117"
"2019-08-03 08:42","ZooKeeperMain.java","193389","257085","450474"
"2017-07-28 00:36","ZooKeeperMain.java","23109","54662","77771"
"2016-05-02 18:15","ZooKeeperMain.java","16470","44158","60628"
"2015-03-28 20:08","ZooKeeperMain.java","11378","35436","46814"
"2019-08-17 17:13","ZooKeeperMain.java","193389","256377","449766"
"2018-08-06 14:11","ZooKeeperMain.java","42909","84408","127317"
"2015-12-06 21:37","ZooKeeperServerBean.java","2906","7320","10226"
"2015-12-07 06:26","ZooKeeperServerBean.java","2910","7650","10560"
"2020-03-25 03:38","ZooKeeperServerBean.java","217618","270322","487940"
"2019-11-14 03:54","ZooKeeperServerBean.java","216193","264121","480314"
"2019-09-16 23:26","ZooKeeperServerBean.java","216164","259102","475266"
"2018-06-08 16:52","ZooKeeperServerBean.java","16338","32695","49033"
"2020-04-30 18:53","ZooKeeperServerBean.java","217618","271222","488840"
"2019-01-23 14:00","ZooKeeperServerBean.java","216054","232700","448754"
"2019-07-08 23:26","ZooKeeperServerBean.java","216163","244858","461021"
"2015-07-10 08:19","ZooKeeperServerBean.java","2521","5535","8056"
"2017-04-28 07:14","ZooKeeperServerBean.java","11938","21267","33205"
"2019-01-14 19:38","ZooKeeperServerBean.java","216053","231264","447317"
"2019-01-07 14:39","ZooKeeperServerBean.java","216053","230811","446864"
"2019-08-17 17:13","ZooKeeperServerBean.java","216164","256083","472247"
"2018-02-07 01:05","ZooKeeperServerBean.java","15875","29634","45509"
"2018-07-12 01:33","ZooKeeperServerBean.java","25591","42417","68008"
"2019-05-22 11:39","ZooKeeperServerBean.java","216147","241266","457413"
"2019-07-30 02:31","ZooKeeperServerBean.java","216164","254004","470168"
"2019-08-27 09:23","ZooKeeperOperation.java","112979","258151","371130"
"2015-10-18 19:00","QuorumPeer.java","12486","31365","43851"
"2018-12-20 15:13","QuorumPeer.java","201147","229754","430901"
"2019-05-16 16:25","QuorumPeer.java","201238","241074","442312"
"2018-10-16 16:22","QuorumPeer.java","181751","235185","416936"
"2019-06-14 09:06","QuorumPeer.java","201254","244289","445543"
"2018-12-07 12:41","QuorumPeer.java","201146","226767","427913"
"2019-03-11 19:47","QuorumPeer.java","201166","236201","437367"
"2014-07-18 02:19","QuorumPeer.java","9064","18209","27273"
"2019-02-13 13:12","QuorumPeer.java","201167","235150","436317"
"2019-04-12 19:01","QuorumPeer.java","201238","238082","439320"
"2018-12-09 03:16","QuorumPeer.java","201146","228841","429987"
"2018-09-11 15:23","QuorumPeer.java","112132","147895","260027"
"2019-11-29 14:49","QuorumPeer.java","202672","264266","466938"
"2018-12-15 07:34","QuorumPeer.java","201146","228756","429902"
"2018-11-27 10:02","QuorumPeer.java","201146","226517","427663"
"2018-09-18 01:00","QuorumPeer.java","112208","149226","261434"
"2019-06-03 19:40","QuorumPeer.java","201254","241622","442876"
"2019-07-15 14:15","QuorumPeer.java","201254","251710","452964"
"2015-03-17 18:06","QuorumPeer.java","10486","25604","36090"
"2019-07-03 00:44","QuorumPeer.java","201254","244304","445558"
"2019-08-17 17:13","QuorumPeer.java","201254","256291","457545"
"2015-06-27 02:03","QuorumPeer.java","11270","29077","40347"
"2017-11-28 00:10","QuorumPeer.java","23660","51682","75342"
"2014-06-04 22:07","QuorumPeer.java","7713","11058","18771"
"2018-01-30 08:02","QuorumPeer.java","24063","52238","76301"
"2019-05-15 11:56","QuorumPeer.java","201238","241029","442267"
"2019-06-05 00:33","QuorumPeer.java","201254","242012","443266"
"2019-05-20 23:13","QuorumPeer.java","201238","241147","442385"
"2019-06-04 10:55","QuorumPeer.java","201254","241775","443029"
"2019-07-12 17:01","QuorumPeer.java","201254","251604","452858"
"2020-01-09 11:27","QuorumPeer.java","202672","265812","468484"
"2017-02-09 11:40","QuorumPeer.java","18160","44958","63118"
"2017-07-06 18:48","QuorumPeer.java","21994","46478","68472"
"2018-10-01 06:11","QuorumPeer.java","112379","151976","264355"
"2015-04-09 20:16","QuorumPeer.java","10528","26709","37237"
"2018-07-04 17:11","QuorumPeer.java","32460","64196","96656"
"2019-12-17 13:48","QuorumPeer.java","202672","264838","467510"
"2015-12-07 05:59","QuorumPeer.java","12775","32412","45187"
"2020-01-23 13:43","QuorumPeer.java","202672","267636","470308"
"2016-06-23 23:45","QuorumPeer.java","16097","36804","52901"
"2016-06-23 23:25","QuorumPeer.java","16066","36665","52731"
"2014-07-18 20:48","QuorumPeer.java","9284","18888","28172"
"2014-07-04 04:19","QuorumPeer.java","7875","12863","20738"
"2018-12-06 10:56","QuorumPeer.java","201146","226711","427857"
"2014-06-25 15:04","QuorumPeer.java","7740","11582","19322"
"2014-03-28 01:58","QuorumPeer.java","12","194","206"
"2019-10-10 14:37","QuorumPeer.java","201254","260044","461298"
"2017-07-27 23:09","QuorumPeer.java","22992","46490","69482"
"2014-05-18 05:49","QuorumPeer.java","7625","10481","18106"
"2018-06-26 11:18","QuorumPeer.java","24447","56165","80612"
"2018-07-27 12:32","QuorumPeer.java","42892","75828","118720"
"2019-04-18 19:17","QuorumPeer.java","201238","238792","440030"
"2016-12-20 14:47","QuorumPeer.java","17936","43599","61535"
"2017-05-11 16:59","QuorumPeer.java","21666","45283","66949"
"2014-07-03 06:01","QuorumPeer.java","7785","12351","20136"
"2014-08-14 08:08","QuorumPeer.java","9745","20210","29955"
"2014-08-01 07:38","QuorumPeer.java","9649","19693","29342"
"2014-07-20 04:50","QuorumPeer.java","9323","18989","28312"
"2016-06-02 00:59","QuorumPeer.java","16032","36262","52294"
"2020-02-16 10:25","QuorumPeer.java","202672","268349","471021"
"2019-08-17 17:13","ClientPortBindTest.java","198547","256292","454839"
"2017-01-14 06:32","ClientPortBindTest.java","18182","47400","65582"
"2018-10-08 14:33","ClientPortBindTest.java","179041","232226","411267"
"2016-08-24 01:36","ClientPortBindTest.java","17092","40970","58062"
"2016-07-30 01:02","ClientPortBindTest.java","16821","40465","57286"
"2019-10-10 14:37","ClientPortBindTest.java","198547","260045","458592"
"2018-11-17 18:33","ServerCnxn.java","179135","224918","404053"
"2019-01-14 19:38","ServerCnxn.java","179136","232136","411272"
"2019-04-12 19:01","ServerCnxn.java","179203","238718","417921"
"2011-08-19 00:05","ServerCnxn.java","1545","12149","13694"
"2014-07-18 02:19","ServerCnxn.java","20532","65036","85568"
"2018-09-18 01:00","ServerCnxn.java","107266","179643","286909"
"2019-07-08 23:26","ServerCnxn.java","179202","245686","424888"
"2016-11-16 06:21","ServerCnxn.java","24628","85290","109918"
"2019-08-17 17:13","ServerCnxn.java","179202","256910","436112"
"2019-07-03 00:44","ServerCnxn.java","179202","244923","424125"
"2015-03-28 20:08","ServerCnxn.java","21021","72487","93508"
"2015-06-28 21:09","ServerCnxn.java","22161","75327","97488"
"2018-07-12 01:33","ServerCnxn.java","36048","103351","139399"
"2018-08-08 06:21","ServerCnxn.java","86587","155858","242445"
"2017-11-28 00:10","ServerCnxn.java","27984","91365","119349"
"2019-11-18 09:05","ServerCnxn.java","180296","261148","441444"
"2020-02-26 22:41","ServerCnxn.java","180296","268658","448954"
"2018-09-28 23:38","ServerCnxn.java","107421","182372","289793"
"2011-08-11 08:00","ServerCnxn.java","1436","9611","11047"
"2019-11-11 13:59","ServerCnxn.java","179202","264320","443522"
"2010-03-31 06:26","WatcherFuncTest.java","11761","122885","134646"
"2009-04-17 00:59","WatcherFuncTest.java","8687","56535","65222"
"2019-08-17 17:13","WatcherFuncTest.java","57679","257842","315521"
"2009-07-17 00:09","WatcherFuncTest.java","9494","94241","103735"
"2020-03-26 22:20","InstanceContainer.java","225979","269891","495870"
"2019-08-17 17:13","InstanceContainer.java","224314","255186","479500"
"2018-08-06 14:11","InstanceContainer.java","23033","32416","55449"
"2019-08-17 17:13","QuorumRequestPipelineTest.java","210485","256150","466635"
"2017-09-11 18:55","QuorumRequestPipelineTest.java","15897","30690","46587"
"2015-07-07 07:11","QuorumRequestPipelineTest.java","3785","12398","16183"
"2019-10-10 14:37","FilePadding.java","229915","258764","488679"
"2018-04-27 20:28","FilePadding.java","208","295","503"
"2019-08-17 17:13","FilePadding.java","229914","255010","484924"
"2019-06-03 19:40","FilePadding.java","229913","240340","470253"
"2016-11-24 17:18","QuorumHierarchical.java","26765","149912","176677"
"2013-03-07 07:01","QuorumHierarchical.java","22438","110655","133093"
"2018-11-17 18:37","QuorumHierarchical.java","113802","225590","339392"
"2012-04-23 01:20","QuorumHierarchical.java","21510","97889","119399"
"2019-08-03 08:42","QuorumHierarchical.java","113845","258266","372111"
"2009-08-04 00:28","QuorumHierarchical.java","4875","33461","38336"
"2019-08-17 17:13","QuorumHierarchical.java","113845","257558","371403"
"2019-10-10 14:37","QuorumHierarchical.java","113845","261311","375156"
"2009-08-11 23:09","QuorumHierarchical.java","5062","34986","40048"
"2011-04-12 09:14","QuorumHierarchical.java","17973","83159","101132"
"2019-04-12 19:01","WatchManager.java","156822","154074","310896"
"2019-03-05 00:04","WatchManager.java","156632","151785","308417"
"2019-11-08 17:30","WatchManager.java","159829","180888","340717"
"2019-08-17 17:13","WatchManager.java","158773","174218","332991"
"2019-10-10 14:37","Login.java","228065","258833","486898"
"2019-11-11 13:59","Login.java","228113","262538","490651"
"2019-08-17 17:13","Login.java","228064","255079","483143"
"2019-08-03 08:42","Login.java","228064","255787","483851"
"2014-08-14 08:08","QuorumPeerTestBase.java","753","2073","2826"
"2014-07-26 04:11","QuorumPeerTestBase.java","601","1357","1958"
"2016-11-03 16:07","QuorumPeerTestBase.java","8802","22744","31546"
"2019-12-27 22:33","QuorumPeerTestBase.java","211699","266269","477968"
"2019-10-10 14:37","QuorumPeerTestBase.java","210259","259904","470163"
"2016-06-23 23:25","QuorumPeerTestBase.java","7720","19174","26894"
"2014-08-19 22:50","QuorumPeerTestBase.java","847","2281","3128"
"2019-07-12 17:01","QuorumPeerTestBase.java","210259","251464","461723"
"2017-01-13 19:29","QuorumPeerTestBase.java","9913","27273","37186"
"2015-03-17 18:06","QuorumPeerTestBase.java","1635","7608","9243"
"2019-08-17 17:13","QuorumPeerTestBase.java","210259","256151","466410"
"2017-11-28 00:10","QuorumPeerTestBase.java","16335","35212","51547"
"2017-12-16 01:25","QuorumPeerTestBase.java","16688","35609","52297"
"2018-10-12 10:25","QuorumPeerTestBase.java","190489","231816","422305"
"2010-03-13 01:06","FLENewEpochTest.java","12663","76470","89133"
"2019-10-10 14:37","FLENewEpochTest.java","104503","261349","365852"
"2011-04-12 09:14","FLENewEpochTest.java","17924","92490","110414"
"2010-03-31 06:26","FLENewEpochTest.java","13547","77601","91148"
"2009-07-17 00:09","FLENewEpochTest.java","5599","43276","48875"
"2019-08-17 17:13","FLENewEpochTest.java","104503","257596","362099"
"2009-06-18 18:37","FLENewEpochTest.java","3728","33314","37042"
"2019-08-17 17:13","QuorumPeerConfig.java","29721","47204","76925"
"2019-06-05 00:29","QuorumPeerConfig.java","999","4149","5148"
"2020-01-09 11:27","QuorumPeerConfig.java","38667","64253","102920"
"2019-07-12 17:01","QuorumPeerConfig.java","5426","18222","23648"
"2019-05-15 11:56","QuorumPeerConfig.java","473","2710","3183"
"2020-01-23 13:43","QuorumPeerConfig.java","39064","66474","105538"
"2019-10-10 14:37","QuorumPeerConfig.java","31836","53072","84908"
"2020-02-16 10:25","QuorumPeerConfig.java","39196","67319","106515"
"2020-05-14 18:18","QuorumPeerConfig.java","42862","74210","117072"
"2020-03-22 14:47","ZKUtil.java","39251","70414","109665"
"2019-11-11 13:59","ZKUtil.java","32107","58660","90767"
"2019-08-03 08:42","ZKUtil.java","7938","27789","35727"
"2019-06-06 00:01","ZKUtil.java","1390","6670","8060"
"2019-08-17 17:13","ZKUtil.java","29822","48965","78787"
"2019-12-27 22:33","FileTxnLog.java","10004","18682","28686"
"2019-10-10 14:37","FileTxnLog.java","3717","7470","11187"
"2020-01-28 17:26","FileTxnLog.java","11862","22260","34122"
"2020-03-22 14:47","ZKUtil.java","35396","46708","82104"
"2019-11-11 13:59","ZKUtil.java","27848","34550","62398"
"2019-08-17 17:13","ZKUtil.java","24898","24190","49088"
"2020-01-20 08:39","ZKConfig.java","11472","19372","30844"
"2020-01-20 09:06","ZKConfig.java","11473","19469","30942"
"2019-10-10 14:37","ZKConfig.java","3717","7470","11187"
"2019-11-08 17:30","ZooKeeper.java","32466","59385","91851"
"2019-08-17 17:13","ZooKeeper.java","30231","51536","81767"
"2019-06-26 10:57","ZooKeeper.java","5228","14383","19611"
"2019-06-03 19:40","ZooKeeper.java","1822","8458","10280"
"2019-08-03 08:42","ZooKeeper.java","8550","30563","39113"
"2020-04-16 12:50","ZooKeeper.java","40073","74952","115025"
"2019-10-10 14:37","ZooKeeper.java","32312","57370","89682"
"2020-05-17 15:13","ZooKeeper.java","43318","78568","121886"
"2019-03-12 19:08","ZooKeeper.java","557","1985","2542"
"2019-10-10 14:37","ClientTest.java","91004","261459","352463"
"2009-09-16 02:09","ClientTest.java","9616","63317","72933"
"2019-12-28 16:17","ClientTest.java","91460","266747","358207"
"2009-10-31 00:09","ClientTest.java","10509","66190","76699"
"2009-11-07 01:48","ClientTest.java","10702","66788","77490"
"2010-01-05 18:32","ClientTest.java","11287","76018","87305"
"2010-03-09 03:09","ClientTest.java","11820","88259","100079"
"2014-07-25 01:31","ClientTest.java","19978","149737","169715"
"2009-05-14 22:15","ClientTest.java","7636","46416","54052"
"2009-01-31 00:01","ClientTest.java","5169","13289","18458"
"2017-01-09 22:49","ClientTest.java","22097","168299","190396"
"2010-09-15 07:51","ClientTest.java","13128","138428","151556"
"2011-04-12 09:14","ClientTest.java","14024","102199","116223"
"2014-07-08 20:18","ClientTest.java","19874","145246","165120"
"2017-05-01 17:19","ClientTest.java","22548","166894","189442"
"2018-11-22 17:56","ClientTest.java","90977","226376","317353"
"2013-01-25 02:17","ClientTest.java","17881","123754","141635"
"2017-06-30 22:43","ClientTest.java","22793","166660","189453"
"2009-06-25 00:59","ClientTest.java","8874","58941","67815"
"2019-03-06 03:32","ClientTest.java","90983","237470","328453"
"2012-12-11 08:42","ClientTest.java","17453","121066","138519"
"2012-10-31 19:38","ClientTest.java","17290","118076","135366"
"2009-04-09 23:02","ClientTest.java","6856","20855","27711"
"2009-06-18 18:37","ClientTest.java","8311","51506","59817"
"2019-08-17 17:13","ClientTest.java","91004","257706","348710"
"2015-10-18 19:00","QuorumPeer.java","22330","77387","99717"
"2018-12-20 15:13","QuorumPeer.java","178339","230436","408775"
"2019-05-16 16:25","QuorumPeer.java","178406","241732","420138"
"2018-10-16 16:22","QuorumPeer.java","147149","236761","383910"
"2019-06-14 09:06","QuorumPeer.java","178405","244930","423335"
"2018-12-07 12:41","QuorumPeer.java","178339","227450","405789"
"2012-04-23 01:20","QuorumPeer.java","10791","25525","36316"
"2012-07-17 23:19","QuorumPeer.java","10822","26328","37150"
"2019-03-11 19:47","QuorumPeer.java","178353","236878","415231"
"2012-02-27 03:41","QuorumPeer.java","8355","21004","29359"
"2014-07-18 02:19","QuorumPeer.java","20643","65966","86609"
"2019-02-13 13:12","QuorumPeer.java","178352","235825","414177"
"2011-04-29 18:12","QuorumPeer.java","118","453","571"
"2019-04-12 19:01","QuorumPeer.java","178406","238740","417146"
"2018-12-09 03:16","QuorumPeer.java","178339","229524","407863"
"2018-09-11 15:23","QuorumPeer.java","107162","179103","286265"
"2019-11-29 14:49","QuorumPeer.java","179499","264583","444082"
"2013-03-07 07:01","QuorumPeer.java","12977","39549","52526"
"2018-12-15 07:34","QuorumPeer.java","178339","229439","407778"
"2018-11-27 10:02","QuorumPeer.java","178339","227200","405539"
"2018-09-18 01:00","QuorumPeer.java","107222","180418","287640"
"2012-02-06 09:40","QuorumPeer.java","8013","20421","28434"
"2019-06-03 19:40","QuorumPeer.java","178405","242263","420668"
"2019-07-15 14:15","QuorumPeer.java","178405","252351","430756"
"2015-03-17 18:06","QuorumPeer.java","21101","72397","93498"
"2019-07-03 00:44","QuorumPeer.java","178405","244945","423350"
"2019-08-17 17:13","QuorumPeer.java","178405","256932","435337"
"2015-06-27 02:03","QuorumPeer.java","21357","75342","96699"
"2017-11-28 00:10","QuorumPeer.java","27966","92166","120132"
"2014-01-21 04:50","QuorumPeer.java","13753","47475","61228"
"2014-06-04 22:07","QuorumPeer.java","20001","59524","79525"
"2018-01-30 08:02","QuorumPeer.java","28104","92457","120561"
"2019-05-15 11:56","QuorumPeer.java","178406","241687","420093"
"2019-06-05 00:33","QuorumPeer.java","178405","242653","421058"
"2019-05-20 23:13","QuorumPeer.java","178406","241805","420211"
"2019-06-04 10:55","QuorumPeer.java","178405","242416","420821"
"2019-07-12 17:01","QuorumPeer.java","178405","252245","430650"
"2020-01-09 11:27","QuorumPeer.java","179499","266129","445628"
"2017-02-09 11:40","QuorumPeer.java","25251","88227","113478"
"2011-06-14 07:14","QuorumPeer.java","539","2489","3028"
"2017-07-06 18:48","QuorumPeer.java","27636","88298","115934"
"2018-10-01 06:11","QuorumPeer.java","107377","183152","290529"
"2015-04-09 20:16","QuorumPeer.java","21114","73473","94587"
"2013-10-07 21:08","QuorumPeer.java","13411","42799","56210"
"2013-09-30 22:20","QuorumPeer.java","13269","42226","55495"
"2018-07-04 17:11","QuorumPeer.java","35906","103820","139726"
"2019-12-17 13:48","QuorumPeer.java","179499","265155","444654"
"2015-12-07 05:59","QuorumPeer.java","22474","78289","100763"
"2020-01-23 13:43","QuorumPeer.java","179499","267953","447452"
"2016-06-23 23:45","QuorumPeer.java","24093","80978","105071"
"2011-05-03 19:57","QuorumPeer.java","120","459","579"
"2016-06-23 23:25","QuorumPeer.java","24094","80871","104965"
"2014-03-23 04:12","QuorumPeer.java","13945","49887","63832"
"2013-09-26 00:13","QuorumPeer.java","13250","41963","55213"
"2011-06-17 01:34","QuorumPeer.java","622","2643","3265"
"2011-06-14 14:11","QuorumPeer.java","540","2517","3057"
"2014-07-18 20:48","QuorumPeer.java","20678","66460","87138"
"2014-07-04 04:19","QuorumPeer.java","20028","61194","81222"
"2018-12-06 10:56","QuorumPeer.java","178339","227394","405733"
"2014-06-25 15:04","QuorumPeer.java","20006","60026","80032"
"2014-03-28 01:58","QuorumPeer.java","13958","50318","64276"
"2013-10-21 23:36","QuorumPeer.java","13600","45730","59330"
"2019-10-10 14:37","QuorumPeer.java","178405","260685","439090"
"2013-11-07 06:41","QuorumPeer.java","13625","46186","59811"
"2017-07-27 23:09","QuorumPeer.java","27644","87320","114964"
"2014-05-18 05:49","QuorumPeer.java","19986","59020","79006"
"2011-10-25 08:09","QuorumPeer.java","6924","16828","23752"
"2014-03-25 22:13","QuorumPeer.java","13955","50133","64088"
"2011-11-01 08:15","QuorumPeer.java","7129","17222","24351"
"2018-06-26 11:18","QuorumPeer.java","28338","96234","124572"
"2018-07-27 12:32","QuorumPeer.java","45232","114346","159578"
"2019-04-18 19:17","QuorumPeer.java","178406","239450","417856"
"2011-10-27 23:25","QuorumPeer.java","7002","17066","24068"
"2011-08-30 08:37","QuorumPeer.java","1817","14607","16424"
"2011-08-30 08:29","QuorumPeer.java","1811","14589","16400"
"2013-10-09 22:21","QuorumPeer.java","13596","45363","58959"
"2016-12-20 14:47","QuorumPeer.java","25147","86988","112135"
"2011-05-20 01:17","QuorumPeer.java","188","1007","1195"
"2017-05-11 16:59","QuorumPeer.java","27562","87357","114919"
"2014-07-03 06:01","QuorumPeer.java","20027","60771","80798"
"2014-08-14 08:08","QuorumPeer.java","20765","67408","88173"
"2014-08-01 07:38","QuorumPeer.java","20766","66988","87754"
"2014-07-20 04:50","QuorumPeer.java","20700","66544","87244"
"2016-06-02 00:59","QuorumPeer.java","24081","80489","104570"
"2020-02-16 10:25","QuorumPeer.java","179499","268666","448165"
"2019-08-17 17:13","QuorumPeerConfigTest.java","219766","255921","475687"
"2018-07-04 17:11","QuorumPeerConfigTest.java","23571","36425","59996"
"2018-09-22 06:43","QuorumPeerConfigTest.java","110963","129133","240096"
"2018-10-16 16:22","QuorumPeerConfigTest.java","198830","233382","432212"
"2018-12-15 07:34","QuorumPeerConfigTest.java","219653","228381","448034"
"2019-04-18 19:17","QuorumPeerConfigTest.java","219748","238420","458168"
"2020-05-14 18:18","QuorumPeerConfigTest.java","221349","271369","492718"
"2016-06-23 19:42","QuorumPeerConfigTest.java","3957","5399","9356"
"2019-06-07 14:13","SessionTest.java","198547","242396","440943"
"2019-08-17 17:13","SessionTest.java","198547","256292","454839"
"2017-09-11 18:55","SessionTest.java","23284","50157","73441"
"2018-09-22 06:48","SessionTest.java","112177","151972","264149"
"2019-10-10 14:37","SessionTest.java","198547","260045","458592"
"2015-07-07 07:11","SessionTest.java","12669","33362","46031"
"2019-12-28 16:17","SessionTest.java","199964","266294","466258"
"2010-03-11 04:17","NIOServerCnxn.java","13881","48772","62653"
"2011-05-03 23:29","NIOServerCnxn.java","22567","68962","91529"
"2009-11-07 01:48","NIOServerCnxn.java","6114","20076","26190"
"2009-12-03 23:30","NIOServerCnxn.java","6695","28613","35308"
"2010-01-26 01:17","NIOServerCnxn.java","7846","33728","41574"
"2009-11-12 20:53","NIOServerCnxn.java","6219","20768","26987"
"2019-11-21 05:58","NIOServerCnxn.java","133561","261306","394867"
"2015-11-08 22:36","NIOServerCnxn.java","30103","127969","158072"
"2019-11-18 09:05","NIOServerCnxn.java","133561","261283","394844"
"2013-09-10 00:37","NIOServerCnxn.java","27497","98423","125920"
"2019-09-16 23:26","NIOServerCnxn.java","132922","260519","393441"
"2019-10-10 14:37","NIOServerCnxn.java","132922","261253","394175"
"2013-10-05 00:57","NIOServerCnxn.java","27631","99311","126942"
"2018-09-28 23:38","NIOServerCnxn.java","84591","202934","287525"
"2010-08-18 08:24","NIOServerCnxn.java","18131","73137","91268"
"2010-05-04 23:45","NIOServerCnxn.java","17193","52485","69678"
"2010-03-09 03:00","NIOServerCnxn.java","13741","48012","61753"
"2020-02-11 06:50","NIOServerCnxn.java","133561","268658","402219"
"2019-01-23 14:00","NIOServerCnxn.java","132878","234183","367061"
"2019-07-08 23:26","NIOServerCnxn.java","132922","246276","379198"
"2019-04-12 19:01","NIOServerCnxn.java","132922","239307","372229"
"2019-01-14 19:38","NIOServerCnxn.java","132878","232748","365626"
"2018-11-17 18:33","NIOServerCnxn.java","132878","225531","358409"
"2017-03-04 19:22","NIOServerCnxn.java","33032","135797","168829"
"2011-08-19 00:05","NIOServerCnxn.java","21178","75174","96352"
"2013-12-11 19:22","NIOServerCnxn.java","27754","103488","131242"
"2012-02-11 00:34","NIOServerCnxn.java","26019","81186","107205"
"2016-12-22 23:23","NIOServerCnxn.java","32280","137035","169315"
"2018-09-18 01:00","NIOServerCnxn.java","84497","200266","284763"
"2019-08-17 17:13","NIOServerCnxn.java","132922","257500","390422"
"2015-06-28 21:09","NIOServerCnxn.java","30010","126568","156578"
"2015-03-28 20:08","NIOServerCnxn.java","29896","124754","154650"
"2019-07-03 00:44","NIOServerCnxn.java","132922","245513","378435"
"2019-08-03 08:42","NIOServerCnxn.java","132922","258208","391130"
"2016-11-16 06:21","NIOServerCnxn.java","32057","136111","168168"
"2012-12-19 19:07","NIOServerCnxn.java","26981","90689","117670"
"2015-10-18 19:00","QuorumPeer.java","17527","62491","80018"
"2018-12-20 15:13","QuorumPeer.java","175460","230152","405612"
"2019-05-16 16:25","QuorumPeer.java","175537","241458","416995"
"2018-10-16 16:22","QuorumPeer.java","156654","236173","392827"
"2019-06-14 09:06","QuorumPeer.java","175537","244657","420194"
"2018-12-07 12:41","QuorumPeer.java","175460","227166","402626"
"2012-04-23 01:20","QuorumPeer.java","4210","8851","13061"
"2012-07-17 23:19","QuorumPeer.java","4263","9676","13939"
"2019-03-11 19:47","QuorumPeer.java","175479","236599","412078"
"2012-02-27 03:41","QuorumPeer.java","1636","4192","5828"
"2014-07-18 02:19","QuorumPeer.java","15541","50771","66312"
"2019-02-13 13:12","QuorumPeer.java","175480","235548","411028"
"2019-04-12 19:01","QuorumPeer.java","175537","238466","414003"
"2018-12-09 03:16","QuorumPeer.java","175460","229240","404700"
"2018-09-11 15:23","QuorumPeer.java","108685","170533","279218"
"2019-11-29 14:49","QuorumPeer.java","176842","264521","441363"
"2013-03-07 07:01","QuorumPeer.java","7457","23936","31393"
"2018-12-15 07:34","QuorumPeer.java","175460","229155","404615"
"2018-11-27 10:02","QuorumPeer.java","175460","226916","402376"
"2018-09-18 01:00","QuorumPeer.java","108745","171848","280593"
"2012-02-06 09:40","QuorumPeer.java","1252","3567","4819"
"2019-06-03 19:40","QuorumPeer.java","175537","241990","417527"
"2019-07-15 14:15","QuorumPeer.java","175537","252078","427615"
"2015-03-17 18:06","QuorumPeer.java","16150","57353","73503"
"2019-07-03 00:44","QuorumPeer.java","175537","244672","420209"
"2019-08-17 17:13","QuorumPeer.java","175537","256659","432196"
"2015-06-27 02:03","QuorumPeer.java","16448","60340","76788"
"2017-11-28 00:10","QuorumPeer.java","25928","80035","105963"
"2014-01-21 04:50","QuorumPeer.java","8468","32097","40565"
"2014-06-04 22:07","QuorumPeer.java","14803","44233","59036"
"2018-01-30 08:02","QuorumPeer.java","26220","80480","106700"
"2019-05-15 11:56","QuorumPeer.java","175537","241413","416950"
"2019-06-05 00:33","QuorumPeer.java","175537","242380","417917"
"2019-05-20 23:13","QuorumPeer.java","175537","241531","417068"
"2019-06-04 10:55","QuorumPeer.java","175537","242143","417680"
"2019-07-12 17:01","QuorumPeer.java","175537","251972","427509"
"2020-01-09 11:27","QuorumPeer.java","176842","266067","442909"
"2017-02-09 11:40","QuorumPeer.java","22007","74890","96897"
"2017-07-06 18:48","QuorumPeer.java","24964","75533","100497"
"2018-10-01 06:11","QuorumPeer.java","108908","174590","283498"
"2015-04-09 20:16","QuorumPeer.java","16166","58432","74598"
"2013-10-07 21:08","QuorumPeer.java","8059","27354","35413"
"2013-09-30 22:20","QuorumPeer.java","7911","26775","34686"
"2018-07-04 17:11","QuorumPeer.java","34151","91972","126123"
"2019-12-17 13:48","QuorumPeer.java","176842","265093","441935"
"2015-12-07 05:59","QuorumPeer.java","17761","63483","81244"
"2020-01-23 13:43","QuorumPeer.java","176842","267891","444733"
"2016-06-23 23:45","QuorumPeer.java","20558","67350","87908"
"2016-06-23 23:25","QuorumPeer.java","20559","67243","87802"
"2014-03-23 04:12","QuorumPeer.java","8736","34585","43321"
"2013-09-26 00:13","QuorumPeer.java","7891","26511","34402"
"2014-07-18 20:48","QuorumPeer.java","15577","51266","66843"
"2014-07-04 04:19","QuorumPeer.java","14847","45920","60767"
"2018-12-06 10:56","QuorumPeer.java","175460","227110","402570"
"2014-06-25 15:04","QuorumPeer.java","14811","44738","59549"
"2014-03-28 01:58","QuorumPeer.java","8751","35018","43769"
"2013-10-21 23:36","QuorumPeer.java","8253","30290","38543"
"2019-10-10 14:37","QuorumPeer.java","175537","260412","435949"
"2013-11-07 06:41","QuorumPeer.java","8324","30792","39116"
"2017-07-27 23:09","QuorumPeer.java","25412","74995","100407"
"2014-05-18 05:49","QuorumPeer.java","14787","43728","58515"
"2014-03-25 22:13","QuorumPeer.java","8748","34833","43581"
"2018-06-26 11:18","QuorumPeer.java","26505","84308","110813"
"2018-07-27 12:32","QuorumPeer.java","44491","103512","148003"
"2019-04-18 19:17","QuorumPeer.java","175537","239176","414713"
"2013-10-09 22:21","QuorumPeer.java","8243","29917","38160"
"2016-12-20 14:47","QuorumPeer.java","21894","73642","95536"
"2017-05-11 16:59","QuorumPeer.java","24728","74430","99158"
"2014-07-03 06:01","QuorumPeer.java","14839","45490","60329"
"2014-08-14 08:08","QuorumPeer.java","15704","52254","67958"
"2014-08-01 07:38","QuorumPeer.java","15703","51832","67535"
"2014-07-20 04:50","QuorumPeer.java","15607","51358","66965"
"2016-06-02 00:59","QuorumPeer.java","20540","66855","87395"
"2020-02-16 10:25","QuorumPeer.java","176842","268604","445446"
"2010-03-04 00:07","FileTxnLog.java","13253","40708","53961"
"2011-06-21 07:34","FileTxnLog.java","22375","69405","91780"
"2014-02-12 17:00","FileTxnLog.java","27560","104617","132177"
"2013-12-11 01:10","FileTxnLog.java","27482","101654","129136"
"2018-01-19 00:43","FileTxnLog.java","33419","139277","172696"
"2009-08-25 07:45","FileTxnLog.java","3394","13394","16788"
"2019-12-27 22:33","FileTxnLog.java","134632","266817","401449"
"2019-10-10 14:37","FileTxnLog.java","133993","261253","395246"
"2018-11-12 22:36","FileTxnLog.java","133949","225548","359497"
"2018-08-01 21:19","FileTxnLog.java","45113","155926","201039"
"2018-04-27 20:28","FileTxnLog.java","33519","141227","174746"
"2018-06-08 16:52","FileTxnLog.java","33528","142683","176211"
"2010-12-23 13:42","FileTxnLog.java","18412","104005","122417"
"2011-09-03 01:07","FileTxnLog.java","20952","75868","96820"
"2011-04-12 09:14","FileTxnLog.java","22214","67194","89408"
"2011-11-15 19:30","FileTxnLog.java","25316","77718","103034"
"2014-06-30 19:11","FileTxnLog.java","29070","111186","140256"
"2020-01-28 17:26","FileTxnLog.java","134632","268537","403169"
"2019-05-14 17:11","FileTxnLog.java","133993","242167","376160"
"2019-01-07 14:24","FileTxnLog.java","133949","232286","366235"
"2013-06-28 23:22","FileTxnLog.java","27232","97168","124400"
"2010-03-16 22:23","FileTxnLog.java","13494","47740","61234"
"2019-04-12 19:01","FileTxnLog.java","133993","239307","373300"
"2017-04-28 07:14","FileTxnLog.java","32837","134964","167801"
"2012-02-06 09:40","FileTxnLog.java","25547","79457","105004"
"2018-09-06 01:11","FileTxnLog.java","85126","197570","282696"
"2018-09-18 01:00","FileTxnLog.java","85172","199870","285042"
"2016-03-20 19:31","FileTxnLog.java","30071","127256","157327"
"2019-08-17 17:13","FileTxnLog.java","133993","257500","391493"
"2019-06-03 19:40","FileTxnLog.java","133993","242831","376824"
"2018-04-24 00:20","FileTxnLog.java","33484","141105","174589"
"2018-02-14 21:23","FileTxnLog.java","33457","140194","173651"
"2019-08-03 08:42","FileTxnLog.java","133993","258208","392201"
"2019-04-09 15:35","FileTxnLog.java","133957","238321","372278"
"2017-08-03 20:41","FileTxnLog.java","33261","134572","167833"
"2018-02-02 00:26","FileTxnLog.java","33421","139286","172707"
"2017-06-26 00:07","FileTxnLog.java","33209","134874","168083"
"2019-07-29 17:15","JCompType.java","167551","254590","422141"
"2011-09-28 16:46","ClientCnxnSocketNIO.java","47645","19333","66978"
"2011-05-20 01:17","ClientCnxnSocketNIO.java","43191","4012","47203"
"2011-09-28 22:17","ClientCnxnSocketNIO.java","47653","19351","67004"
"2011-11-02 22:53","ClientCnxnSocketNIO.java","49630","19968","69598"
"2019-10-10 14:37","ClientCnxnSocketNIO.java","218456","260738","479194"
"2011-07-15 06:10","ClientCnxnSocketNIO.java","44217","10557","54774"
"2012-10-31 18:24","ClientCnxnSocketNIO.java","53356","30428","83784"
"2014-12-20 15:29","ClientCnxnSocketNIO.java","63142","73012","136154"
"2019-04-09 15:35","ClientCnxnSocketNIO.java","218405","237791","456196"
"2019-08-03 08:42","ClientCnxnSocketNIO.java","218456","257693","476149"
"2014-07-17 22:56","ClientCnxnSocketNIO.java","62656","65214","127870"
"2019-08-17 17:13","ClientCnxnSocketNIO.java","218456","256985","475441"
"2016-05-02 18:15","ClientCnxnSocketNIO.java","66231","82148","148379"
"2010-11-11 18:11","ClientCnxnSocketNIO.java","52","48","100"
"2018-11-22 17:56","ClientCnxnSocketNIO.java","218390","225616","444006"
"2012-09-09 20:24","ClientCnxnSocketNIO.java","53348","30237","83585"
"2011-09-28 16:46","ClientCnxnSocketNIO.java","47597","19289","66886"
"2011-05-20 01:17","ClientCnxnSocketNIO.java","43142","3967","47109"
"2011-09-28 22:17","ClientCnxnSocketNIO.java","47605","19307","66912"
"2011-11-02 22:53","ClientCnxnSocketNIO.java","49582","19924","69506"
"2019-10-10 14:37","ClientCnxnSocketNIO.java","218452","260738","479190"
"2011-07-15 06:10","ClientCnxnSocketNIO.java","44168","10512","54680"
"2012-10-31 18:24","ClientCnxnSocketNIO.java","53309","30385","83694"
"2014-12-20 15:29","ClientCnxnSocketNIO.java","63099","72973","136072"
"2019-04-09 15:35","ClientCnxnSocketNIO.java","218401","237791","456192"
"2019-08-03 08:42","ClientCnxnSocketNIO.java","218452","257693","476145"
"2014-07-17 22:56","ClientCnxnSocketNIO.java","62609","65171","127780"
"2019-08-17 17:13","ClientCnxnSocketNIO.java","218452","256985","475437"
"2016-05-02 18:15","ClientCnxnSocketNIO.java","66189","82110","148299"
"2018-11-22 17:56","ClientCnxnSocketNIO.java","218386","225616","444002"
"2012-09-09 20:24","ClientCnxnSocketNIO.java","53301","30194","83495"
"2020-01-20 08:39","ZKConfig.java","222167","265367","487534"
"2020-01-20 09:06","ZKConfig.java","222167","265463","487630"
"2019-10-10 14:37","ZKConfig.java","220587","259640","480227"
"2016-12-30 23:01","ZKConfig.java","2782","9168","11950"
"2018-10-16 16:22","ZKConfig.java","199150","232847","431997"
"2018-12-15 07:34","ZKConfig.java","220467","228340","448807"
"2019-08-17 17:13","ZKConfig.java","220587","255887","476474"
"2012-08-28 21:51","ClientBase.java","2847","5799","8646"
"2017-06-08 17:51","ClientBase.java","24118","70375","94493"
"2012-07-17 23:19","ClientBase.java","2628","4506","7134"
"2017-04-18 01:37","ClientBase.java","23216","70105","93321"
"2018-09-07 02:49","ClientBase.java","109123","166450","275573"
"2019-07-31 19:06","ClientBase.java","178915","255809","434724"
"2015-02-06 06:17","ClientBase.java","15013","51459","66472"
"2017-09-11 18:55","ClientBase.java","25002","71717","96719"
"2019-08-17 17:13","ClientBase.java","178915","256502","435417"
"2015-03-28 20:08","ClientBase.java","15205","53862","69067"
"2019-06-07 14:13","ClientBase.java","178915","242606","421521"
"2018-04-24 00:20","ClientBase.java","25771","78262","104033"
"2018-08-08 06:21","ClientBase.java","86380","142842","229222"
"2018-05-09 23:57","ClientBase.java","25892","79168","105060"
"2019-06-24 11:05","ClientBase.java","178915","243835","422750"
"2012-12-11 08:42","ClientBase.java","3810","10095","13905"
"2017-01-13 19:29","ClientBase.java","21142","70197","91339"
"2016-06-23 23:25","ClientBase.java","19758","62907","82665"
"2014-01-03 01:40","ClientBase.java","7036","27018","34054"
"2014-01-25 01:17","ClientBase.java","7102","28890","35992"
"2019-11-14 16:44","ClientBase.java","178943","264557","443500"
"2019-10-10 14:37","ClientBase.java","178915","260255","439170"
"2016-08-24 01:36","ClientBase.java","20280","64000","84280"
"2015-03-08 23:07","ClientBase.java","15075","51695","66770"
"2018-11-17 18:37","KeyAuthenticationProvider.java","225437","223246","448683"
"2019-08-17 17:13","KeyAuthenticationProvider.java","225558","255292","480850"
"2018-11-17 18:33","ServerCnxn.java","174614","224910","399524"
"2019-01-14 19:38","ServerCnxn.java","174615","232128","406743"
"2019-04-12 19:01","ServerCnxn.java","174684","238712","413396"
"2011-08-19 00:05","ServerCnxn.java","415","2844","3259"
"2014-07-18 02:19","ServerCnxn.java","21428","57757","79185"
"2018-09-18 01:00","ServerCnxn.java","112424","176626","289050"
"2019-07-08 23:26","ServerCnxn.java","174683","245680","420363"
"2016-11-16 06:21","ServerCnxn.java","25779","78266","104045"
"2019-08-17 17:13","ServerCnxn.java","174683","256904","431587"
"2019-07-03 00:44","ServerCnxn.java","174683","244917","419600"
"2015-03-28 20:08","ServerCnxn.java","21993","65284","87277"
"2015-06-28 21:09","ServerCnxn.java","23217","68208","91425"
"2018-07-12 01:33","ServerCnxn.java","38186","97314","135500"
"2018-08-08 06:21","ServerCnxn.java","89758","150854","240612"
"2017-11-28 00:10","ServerCnxn.java","30025","85231","115256"
"2019-11-18 09:05","ServerCnxn.java","175781","261146","436927"
"2020-02-26 22:41","ServerCnxn.java","175781","268656","444437"
"2018-09-28 23:38","ServerCnxn.java","112580","179356","291936"
"2019-11-11 13:59","ServerCnxn.java","174683","264314","438997"
"2019-12-27 22:33","FuzzySnapshotRelatedTest.java","158284","186102","344386"
"2019-10-10 14:37","FuzzySnapshotRelatedTest.java","156095","178988","335083"
"2019-08-17 17:13","FuzzySnapshotRelatedTest.java","155093","174233","329326"
"2019-09-11 10:27","FuzzySnapshotRelatedTest.java","156079","176575","332654"
"2018-09-15 00:08","FuzzySnapshotRelatedTest.java","25","493","518"
"2019-12-27 22:33","FuzzySnapshotRelatedTest.java","157151","186102","343253"
"2019-10-10 14:37","FuzzySnapshotRelatedTest.java","154962","178988","333950"
"2019-08-17 17:13","FuzzySnapshotRelatedTest.java","153960","174233","328193"
"2018-09-12 13:29","FuzzySnapshotRelatedTest.java","26","1159","1185"
"2019-09-11 10:27","FuzzySnapshotRelatedTest.java","154946","176575","331521"
"2018-09-15 00:08","FuzzySnapshotRelatedTest.java","51","1652","1703"
"2019-08-17 17:13","ZkDatabaseCorruptionTest.java","167976","257015","424991"
"2013-02-19 09:18","ZkDatabaseCorruptionTest.java","27557","60525","88082"
"2019-10-10 14:37","ZkDatabaseCorruptionTest.java","167976","260768","428744"
"2014-05-15 03:35","ZkDatabaseCorruptionTest.java","34498","83496","117994"
"2011-07-29 10:14","ZkDatabaseCorruptionTest.java","17628","36931","54559"
"2014-01-27 14:37","ZkDatabaseCorruptionTest.java","28578","74386","102964"
"2018-04-06 06:04","ZkDatabaseCorruptionTest.java","40875","116668","157543"
"2011-04-12 09:14","ZkDatabaseCorruptionTest.java","17408","27920","45328"
"2016-08-24 01:36","ZkDatabaseCorruptionTest.java","37909","105643","143552"
"2019-08-17 17:13","FourLetterWordsQuorumTest.java","166988","257015","424003"
"2015-03-28 20:08","FourLetterWordsQuorumTest.java","36805","100439","137244"
"2015-07-10 08:19","FourLetterWordsQuorumTest.java","37062","102721","139783"
"2010-07-05 20:20","FourLetterWordsQuorumTest.java","6125","17960","24085"
"2010-03-12 19:26","FourLetterWordsQuorumTest.java","174","904","1078"
"2014-01-25 01:17","FourLetterWordsQuorumTest.java","29981","76746","106727"
"2019-10-10 14:37","FourLetterWordsQuorumTest.java","166988","260768","427756"
"2019-08-17 17:13","StringUtilTest.java","218914","255966","474880"
"2019-06-03 19:40","ZooKeeperServerMainTest.java","153055","157660","310715"
"2019-08-17 17:13","ZooKeeperServerMainTest.java","154959","174233","329192"
"2019-04-12 19:01","WatchManager.java","178796","238795","417591"
"2014-07-18 02:19","WatchManager.java","33533","78452","111985"
"2017-09-11 18:55","WatchManager.java","39602","99541","139143"
"2019-03-05 00:04","WatchManager.java","178743","236643","415386"
"2019-11-08 17:30","WatchManager.java","178795","262601","441396"
"2014-01-24 07:18","WatchManager.java","26736","61637","88373"
"2019-08-17 17:13","WatchManager.java","178795","256987","435782"
"2018-09-28 23:38","WatchManager.java","113426","188792","302218"
"2011-07-25 23:31","WatchManager.java","15563","23795","39358"
"2014-04-29 02:23","WatchManager.java","32788","70954","103742"
"2014-04-17 08:47","WatchManager.java","32783","70243","103026"
"2011-04-12 09:14","WatchManager.java","15097","14762","29859"
"2018-11-17 18:37","AbstractFourLetterCommand.java","228772","223007","451779"
"2019-08-17 17:13","AbstractFourLetterCommand.java","228915","255075","483990"
"2015-02-06 06:17","SimpleSysTest.java","20967","71041","92008"
"2019-08-17 17:13","SimpleSysTest.java","178405","256932","435337"
"2015-07-07 07:11","SimpleSysTest.java","22280","76443","98723"
"2016-07-27 01:33","AddAuthCommand.java","17918","61514","79432"
"2019-08-17 17:13","AddAuthCommand.java","178872","256502","435374"
"2018-08-06 14:11","SledgeHammer.java","47480","105739","153219"
"2019-08-17 17:13","SledgeHammer.java","177002","256750","433752"
"2016-08-24 01:36","SledgeHammer.java","24002","69883","93885"
"2019-10-10 14:37","ClientTest.java","185162","260217","445379"
"2019-12-28 16:17","ClientTest.java","186474","266361","452835"
"2014-07-25 01:31","ClientTest.java","12329","38475","50804"
"2017-01-09 22:49","ClientTest.java","19576","62165","81741"
"2014-07-08 20:18","ClientTest.java","11856","33615","45471"
"2017-05-01 17:19","ClientTest.java","21882","62615","84497"
"2018-11-22 17:56","ClientTest.java","185067","225066","410133"
"2013-01-25 02:17","ClientTest.java","897","3157","4054"
"2017-06-30 22:43","ClientTest.java","22996","63250","86246"
"2019-03-06 03:32","ClientTest.java","185087","236174","421261"
"2019-08-17 17:13","ClientTest.java","185162","256464","441626"
"2019-08-17 17:13","X509AuthTest.java","29523","44192","73715"
"2019-12-27 22:33","AdHash.java","33459","42830","76289"
"2019-08-17 17:13","AdHash.java","24762","25455","50217"
"2019-08-17 17:13","ReadOnlyModeTest.java","193634","256369","450003"
"2015-02-06 06:17","ReadOnlyModeTest.java","11149","32743","43892"
"2017-04-18 01:37","ReadOnlyModeTest.java","20933","52970","73903"
"2017-06-08 17:51","ReadOnlyModeTest.java","21872","53277","75149"
"2013-10-09 22:21","ReadOnlyModeTest.java","532","3819","4351"
"2019-08-17 17:13","PathUtils.java","211011","256147","467158"
"2020-03-22 14:47","ZKUtil.java","39325","65208","104533"
"2019-11-11 13:59","ZKUtil.java","32044","53317","85361"
"2019-08-03 08:42","ZKUtil.java","6646","21217","27863"
"2019-08-17 17:13","ZKUtil.java","29432","43295","72727"
"2019-06-26 10:57","OpResult.java","187214","244263","431477"
"2019-08-17 17:13","OpResult.java","187214","256413","443627"
"2014-08-14 08:08","QuorumPeerTestBase.java","11596","31667","43263"
"2014-07-26 04:11","QuorumPeerTestBase.java","11505","31012","42517"
"2014-03-25 22:13","QuorumPeerTestBase.java","2231","11837","14068"
"2016-11-03 16:07","QuorumPeerTestBase.java","18402","51095","69497"
"2019-12-27 22:33","QuorumPeerTestBase.java","193109","266430","459539"
"2019-10-10 14:37","QuorumPeerTestBase.java","191763","260159","451922"
"2016-06-23 23:25","QuorumPeerTestBase.java","17475","47680","65155"
"2014-07-18 20:48","QuorumPeerTestBase.java","11170","30380","41550"
"2014-08-19 22:50","QuorumPeerTestBase.java","11683","31868","43551"
"2019-07-12 17:01","QuorumPeerTestBase.java","191763","251719","443482"
"2017-01-13 19:29","QuorumPeerTestBase.java","19272","55383","74655"
"2015-03-17 18:06","QuorumPeerTestBase.java","12233","36957","49190"
"2019-08-17 17:13","QuorumPeerTestBase.java","191763","256406","448169"
"2017-11-28 00:10","QuorumPeerTestBase.java","24430","62058","86488"
"2014-01-21 04:50","QuorumPeerTestBase.java","1892","9042","10934"
"2017-12-16 01:25","QuorumPeerTestBase.java","24736","62408","87144"
"2014-07-18 02:19","QuorumPeerTestBase.java","10951","29702","40653"
"2018-10-12 10:25","QuorumPeerTestBase.java","172300","232378","404678"
"2019-07-29 17:15","Record.java","223799","252834","476633"
"2019-08-17 17:13","ZooTrace.java","194259","256367","450626"
"2017-01-28 06:43","ZooTrace.java","18369","52155","70524"
"2014-07-18 02:19","ZooTrace.java","9867","26083","35950"
"2019-10-10 14:37","ZooTrace.java","194259","260120","454379"
"2019-10-10 14:37","ClientTest.java","182335","260217","442552"
"2019-12-28 16:17","ClientTest.java","183647","266361","450008"
"2014-07-25 01:31","ClientTest.java","12877","41850","54727"
"2017-01-09 22:49","ClientTest.java","19968","65384","85352"
"2014-07-08 20:18","ClientTest.java","12489","37075","49564"
"2017-05-01 17:19","ClientTest.java","22253","65813","88066"
"2018-11-22 17:56","ClientTest.java","182240","225066","407306"
"2013-01-25 02:17","ClientTest.java","1652","6739","8391"
"2017-06-30 22:43","ClientTest.java","23367","66448","89815"
"2019-03-06 03:32","ClientTest.java","182260","236174","418434"
"2012-12-11 08:42","ClientTest.java","816","3643","4459"
"2019-08-17 17:13","ClientTest.java","182335","256464","438799"
"2019-11-29 14:49","QuorumUtil.java","179499","264583","444082"
"2013-03-07 07:01","QuorumUtil.java","12977","39549","52526"
"2019-08-17 17:13","QuorumUtil.java","178405","256932","435337"
"2020-03-12 14:47","QuorumUtil.java","179499","269969","449468"
"2019-07-12 17:01","QuorumUtil.java","178405","252245","430650"
"2012-12-11 08:42","QuorumUtil.java","11673","31586","43259"
"2014-01-16 23:59","QuorumUtil.java","13741","47421","61162"
"2019-10-10 14:37","QuorumUtil.java","178405","260685","439090"
"2014-05-18 05:49","QuorumUtil.java","19986","59020","79006"
"2011-09-17 02:13","QuorumUtil.java","4783","16250","21033"
"2013-10-09 22:21","QuorumUtil.java","13596","45363","58959"
"2013-09-26 14:05","QuorumUtil.java","13258","42122","55380"
"2018-11-17 18:33","ServerCnxn.java","187346","224993","412339"
"2019-01-14 19:38","ServerCnxn.java","187347","232211","419558"
"2019-04-12 19:01","ServerCnxn.java","187414","238793","426207"
"2011-08-19 00:05","ServerCnxn.java","15526","17925","33451"
"2014-07-18 02:19","ServerCnxn.java","33820","70119","103939"
"2018-09-18 01:00","ServerCnxn.java","119535","183707","303242"
"2019-07-08 23:26","ServerCnxn.java","187413","245761","433174"
"2016-11-16 06:21","ServerCnxn.java","37609","90066","127675"
"2019-08-17 17:13","ServerCnxn.java","187413","256985","444398"
"2019-07-03 00:44","ServerCnxn.java","187413","244998","432411"
"2015-03-28 20:08","ServerCnxn.java","34235","77496","111731"
"2015-06-28 21:09","ServerCnxn.java","35281","80242","115523"
"2018-07-12 01:33","ServerCnxn.java","48692","107790","156482"
"2018-08-08 06:21","ServerCnxn.java","98953","160019","258972"
"2017-11-28 00:10","ServerCnxn.java","40729","95905","136634"
"2019-11-18 09:05","ServerCnxn.java","188486","261202","449688"
"2020-02-26 22:41","ServerCnxn.java","188486","268712","457198"
"2018-09-28 23:38","ServerCnxn.java","119689","186435","306124"
"2011-05-20 01:17","ServerCnxn.java","14810","6674","21484"
"2011-08-11 08:00","ServerCnxn.java","15418","15388","30806"
"2019-11-11 13:59","ServerCnxn.java","187413","264395","451808"
"2019-08-17 17:13","AsyncOpsTest.java","205486","256154","461640"
"2019-10-10 14:37","AsyncOpsTest.java","205486","259907","465393"
"2012-08-28 21:51","ClientBase.java","52357","31743","84100"
"2017-06-08 17:51","ClientBase.java","68424","91115","159539"
"2012-07-17 23:19","ClientBase.java","52274","30586","82860"
"2017-04-18 01:37","ClientBase.java","67658","90981","158639"
"2018-09-07 02:49","ClientBase.java","147562","181323","328885"
"2019-07-31 19:06","ClientBase.java","215583","256292","471875"
"2012-02-06 09:47","ClientBase.java","49594","24785","74379"
"2015-02-06 06:17","ClientBase.java","62142","75022","137164"
"2017-09-11 18:55","ClientBase.java","68697","91846","160543"
"2019-08-17 17:13","ClientBase.java","215583","256985","472568"
"2015-03-28 20:08","ClientBase.java","62285","77376","139661"
"2019-06-07 14:13","ClientBase.java","215583","243089","458672"
"2018-04-24 00:20","ClientBase.java","69005","97930","166935"
"2018-08-08 06:21","ClientBase.java","127040","159936","286976"
"2018-05-09 23:57","ClientBase.java","69118","98828","167946"
"2019-06-24 11:05","ClientBase.java","215583","244318","459901"
"2012-12-11 08:42","ClientBase.java","53073","35792","88865"
"2017-01-13 19:29","ClientBase.java","66199","91688","157887"
"2016-06-23 23:25","ClientBase.java","65150","84733","149883"
"2014-01-03 01:40","ClientBase.java","54982","51398","106380"
"2014-01-25 01:17","ClientBase.java","55042","53264","108306"
"2019-11-14 16:44","ClientBase.java","215583","265012","480595"
"2019-10-10 14:37","ClientBase.java","215583","260738","476321"
"2012-03-15 17:47","ClientBase.java","49870","26304","76174"
"2012-01-14 00:28","ClientBase.java","49469","24144","73613"
"2011-04-12 09:14","ClientBase.java","42669","5544","48213"
"2011-11-05 07:29","ClientBase.java","48677","21932","70609"
"2016-08-24 01:36","ClientBase.java","65574","85728","151302"
"2011-09-17 02:13","ClientBase.java","46489","20762","67251"
"2015-03-08 23:07","ClientBase.java","62188","75242","137430"
"2020-01-16 21:46","AvgMinMaxCounterSet.java","38643","64801","103444"
"2019-08-17 17:13","AvgMinMaxCounterSet.java","29620","47813","77433"
"2019-11-28 12:24","DataTree.java","198857","262621","461478"
"2019-10-10 14:37","DataTree.java","197508","260119","457627"
"2019-12-27 22:33","DataTree.java","198857","266393","465250"
"2015-06-06 03:48","DataTree.java","11631","33009","44640"
"2019-11-11 13:59","DataTree.java","197536","263804","461340"
"2018-07-10 13:29","DataTree.java","32531","68118","100649"
"2014-04-17 08:47","DataTree.java","7941","13448","21389"
"2014-04-29 02:23","DataTree.java","7947","14160","22107"
"2018-09-28 23:38","DataTree.java","112307","155720","268027"
"2019-11-08 17:30","DataTree.java","197536","262008","459544"
"2019-01-30 16:28","DataTree.java","197410","233379","430789"
"2019-01-30 17:02","DataTree.java","197410","233923","431333"
"2016-11-24 17:18","DataTree.java","18144","47289","65433"
"2017-09-11 18:55","DataTree.java","23321","51307","74628"
"2017-02-05 07:22","DataTree.java","18367","48951","67318"
"2014-07-18 02:19","DataTree.java","9547","22513","32060"
"2019-02-07 11:26","DataTree.java","197411","234601","432012"
"2018-09-04 11:54","DataTree.java","112039","150368","262407"
"2018-09-05 22:35","DataTree.java","112058","150643","262701"
"2018-12-20 15:17","DataTree.java","197409","229867","427276"
"2019-09-10 09:53","DataTree.java","197508","257415","454923"
"2019-04-12 19:01","DataTree.java","197492","238157","435649"
"2019-07-31 19:06","DataTree.java","197508","255673","453181"
"2019-09-11 10:27","DataTree.java","197508","257722","455230"
"2016-03-23 00:30","DataTree.java","16122","38939","55061"
"2019-08-01 07:31","DataTree.java","197508","257037","454545"
"2014-01-24 07:18","DataTree.java","345","3293","3638"
"2019-08-17 17:13","DataTree.java","197508","256366","453874"
"2019-09-10 15:21","DataTree.java","197508","257409","454917"
"2015-06-04 19:51","DataTree.java","11624","32897","44521"
"2016-10-07 21:51","DataTree.java","17403","43727","61130"
"2017-06-18 19:23","DataTree.java","22002","49674","71676"
"2019-04-12 12:29","DataTree.java","197492","237726","435218"
"2019-08-03 08:42","DataTree.java","197508","257074","454582"
"2019-08-09 16:15","DataTree.java","197508","257822","455330"
"2016-11-13 20:59","DataTree.java","17539","46116","63655"
"2019-04-29 16:49","DataTree.java","197492","240187","437679"
"2019-12-28 16:17","SetAclCommand.java","180182","266397","446579"
"2016-07-27 01:33","SetAclCommand.java","17918","61514","79432"
"2018-10-04 15:46","SetAclCommand.java","107487","169721","277208"
"2017-05-27 00:52","SetAclCommand.java","22228","68500","90728"
"2019-01-31 15:55","SetAclCommand.java","178779","234068","412847"
"2019-08-17 17:13","SetAclCommand.java","178872","256502","435374"
"2019-10-10 14:37","ZKDatabase.java","228916","258829","487745"
"2019-12-27 22:33","ZKDatabase.java","230687","265525","496212"
"2018-04-06 06:04","ZKDatabase.java","147","499","646"
"2018-09-28 23:38","ZKDatabase.java","101733","112448","214181"
"2019-11-08 17:30","ZKDatabase.java","228964","260738","489702"
"2019-05-14 17:11","ZKDatabase.java","228895","239722","468617"
"2018-09-18 01:00","ZKDatabase.java","101032","109173","210205"
"2019-02-07 11:26","ZKDatabase.java","228781","233273","462054"
"2019-04-12 19:01","ZKDatabase.java","228878","236845","465723"
"2018-09-05 22:35","ZKDatabase.java","100882","106769","207651"
"2019-08-17 17:13","ZKDatabase.java","228915","255075","483990"
"2019-09-10 00:27","ZKDatabase.java","228916","256016","484932"
"2018-02-23 23:49","ZKDatabase.java","132","476","608"
"2019-04-09 15:35","ZKDatabase.java","228805","235822","464627"
"2012-08-28 21:51","ClientBase.java","3452","8163","11615"
"2017-06-08 17:51","ClientBase.java","24362","72378","96740"
"2012-07-17 23:19","ClientBase.java","3249","6886","10135"
"2017-04-18 01:37","ClientBase.java","23462","72110","95572"
"2018-09-07 02:49","ClientBase.java","109233","168319","277552"
"2019-07-31 19:06","ClientBase.java","177304","255957","433261"
"2012-02-06 09:47","ClientBase.java","280","796","1076"
"2015-02-06 06:17","ClientBase.java","15432","53637","69069"
"2017-09-11 18:55","ClientBase.java","25241","73715","98956"
"2019-08-17 17:13","ClientBase.java","177304","256650","433954"
"2015-03-28 20:08","ClientBase.java","15618","56034","71652"
"2019-06-07 14:13","ClientBase.java","177304","242754","420058"
"2018-04-24 00:20","ClientBase.java","25993","80243","106236"
"2018-08-08 06:21","ClientBase.java","86501","144722","231223"
"2018-05-09 23:57","ClientBase.java","26114","81149","107263"
"2019-06-24 11:05","ClientBase.java","177304","243983","421287"
"2012-12-11 08:42","ClientBase.java","4370","12414","16784"
"2017-01-13 19:29","ClientBase.java","21448","72262","93710"
"2016-06-23 23:25","ClientBase.java","20074","64982","85056"
"2014-01-03 01:40","ClientBase.java","7474","29215","36689"
"2014-01-25 01:17","ClientBase.java","7540","31087","38627"
"2019-11-14 16:44","ClientBase.java","177332","264705","442037"
"2019-10-10 14:37","ClientBase.java","177304","260403","437707"
"2012-03-15 17:47","ClientBase.java","645","2404","3049"
"2016-08-24 01:36","ClientBase.java","20594","66073","86667"
"2015-03-08 23:07","ClientBase.java","15490","53869","69359"
"2019-07-29 17:15","JVector.java","167551","254590","422141"
"2019-12-27 22:33","FuzzySnapshotRelatedTest.java","8339","15661","24000"
"2019-10-10 14:37","FuzzySnapshotRelatedTest.java","2032","4429","6461"
"2020-02-16 10:25","QuorumSSLTest.java","11925","22565","34490"
"2019-11-29 14:49","QuorumSSLTest.java","9773","16330","26103"
"2018-10-16 16:22","QuorumPeerConfig.java","201753","232100","433853"
"2018-12-09 03:16","QuorumPeerConfig.java","223240","227848","451088"
"2019-04-12 19:01","QuorumPeerConfig.java","223341","237098","460439"
"2018-09-11 15:23","QuorumPeerConfig.java","107349","120025","227374"
"2018-12-15 07:34","QuorumPeerConfig.java","223240","227763","451003"
"2019-02-13 13:12","QuorumPeerConfig.java","223263","234159","457422"
"2019-08-17 17:13","QuorumPeerConfig.java","223360","255310","478670"
"2017-11-28 00:10","QuorumPeerConfig.java","8481","13416","21897"
"2019-06-05 00:29","QuorumPeerConfig.java","223359","240976","464335"
"2020-01-09 11:27","QuorumPeerConfig.java","224948","265001","489949"
"2019-07-12 17:01","QuorumPeerConfig.java","223360","250623","473983"
"2016-11-13 20:59","QuorumPeerConfig.java","247","1916","2163"
"2019-05-15 11:56","QuorumPeerConfig.java","223341","240045","463386"
"2018-10-01 06:11","QuorumPeerConfig.java","108161","124671","232832"
"2017-07-28 00:36","QuorumPeerConfig.java","7695","8210","15905"
"2017-07-06 18:48","QuorumPeerConfig.java","6156","7553","13709"
"2020-01-23 13:43","QuorumPeerConfig.java","224948","266825","491773"
"2019-10-10 14:37","QuorumPeerConfig.java","223360","259063","482423"
"2018-07-27 12:32","QuorumPeerConfig.java","30079","39928","70007"
"2019-04-18 19:17","QuorumPeerConfig.java","223341","237808","461149"
"2020-02-16 10:25","QuorumPeerConfig.java","224948","267538","492486"
"2020-05-14 18:18","QuorumPeerConfig.java","225040","270855","495895"
"2017-05-11 16:59","QuorumPeerConfig.java","5812","6342","12154"
"2009-11-07 01:48","SessionTracker.java","3537","8865","12402"
"2010-01-26 01:17","SessionTracker.java","5954","23202","29156"
"2011-11-14 20:18","SessionTracker.java","26425","73216","99641"
"2013-10-09 22:21","SessionTracker.java","29994","97686","127680"
"2014-07-18 02:19","SessionTracker.java","31943","113191","145134"
"2018-09-18 01:00","SessionTracker.java","88101","197222","285323"
"2019-09-05 23:12","SessionTracker.java","141556","258419","399975"
"2019-08-17 17:13","SessionTracker.java","141556","257500","399056"
"2018-08-08 06:21","SessionTracker.java","69488","175503","244991"
"2019-12-27 22:33","FileTxnSnapLog.java","104163","266819","370982"
"2009-11-07 08:16","FileTxnSnapLog.java","8062","51448","59510"
"2019-10-10 14:37","FileTxnSnapLog.java","103705","261436","365141"
"2019-12-13 08:51","FileTxnSnapLog.java","104163","264856","369019"
"2017-01-07 01:09","FileTxnSnapLog.java","26239","160567","186806"
"2011-07-13 15:48","FileTxnSnapLog.java","16068","94248","110316"
"2014-02-12 17:00","FileTxnSnapLog.java","22263","129666","151929"
"2012-03-06 09:20","FileTxnSnapLog.java","20892","105570","126462"
"2020-01-23 16:46","FileTxnSnapLog.java","104163","268068","372231"
"2020-01-28 17:26","FileTxnSnapLog.java","104163","268539","372702"
"2011-10-20 20:02","FileTxnSnapLog.java","20354","102052","122406"
"2016-09-18 23:21","FileTxnSnapLog.java","26031","155887","181918"
"2017-01-23 02:13","FileTxnSnapLog.java","26259","160991","187250"
"2011-04-12 09:14","FileTxnSnapLog.java","17738","93189","110927"
"2018-06-08 16:52","FileTxnSnapLog.java","27296","166797","194093"
"2019-09-02 08:23","FileTxnSnapLog.java","103705","258340","362045"
"2011-12-21 21:39","FileTxnSnapLog.java","20575","103970","124545"
"2017-04-28 07:14","FileTxnSnapLog.java","26802","159275","186077"
"2019-07-31 19:06","FileTxnSnapLog.java","103705","256990","360695"
"2018-07-30 06:22","FileTxnSnapLog.java","34017","175173","209190"
"2012-02-06 09:40","FileTxnSnapLog.java","20699","104955","125654"
"2012-07-17 23:25","FileTxnSnapLog.java","21108","109087","130195"
"2020-01-30 09:43","FileTxnSnapLog.java","104163","268615","372778"
"2019-05-14 17:11","FileTxnSnapLog.java","103706","242351","346057"
"2010-03-12 23:36","FileTxnSnapLog.java","12662","77403","90065"
"2013-06-28 23:22","FileTxnSnapLog.java","22130","122412","144542"
"2014-02-10 21:50","FileTxnSnapLog.java","22242","129533","151775"
"2019-05-21 23:34","FileTxnSnapLog.java","103706","242672","346378"
"2019-05-27 10:54","FileTxnSnapLog.java","103706","243004","346710"
"2017-01-13 19:29","FileTxnSnapLog.java","26243","160774","187017"
"2017-06-26 00:07","FileTxnSnapLog.java","27044","159055","186099"
"2018-02-23 23:49","FileTxnSnapLog.java","27252","164499","191751"
"2017-08-18 06:32","FileTxnSnapLog.java","27107","159120","186227"
"2009-06-18 18:37","FileTxnSnapLog.java","4172","34643","38815"
"2019-08-17 17:13","FileTxnSnapLog.java","103705","257683","361388"
"2009-06-15 22:52","FileTxnSnapLog.java","3856","33256","37112"
"2018-02-14 21:23","FileTxnSnapLog.java","27252","164335","191587"
"2019-10-10 14:37","BufferSizeTest.java","231874","257917","489791"
"2019-08-17 17:13","BufferSizeTest.java","231873","254163","486036"
"2019-08-17 17:13","CommandNotFoundException.java","221853","255887","477740"
"2016-08-05 23:05","CommandNotFoundException.java","237","182","419"
"2019-11-29 14:49","ReconfigMisconfigTest.java","226322","263432","489754"
"2019-08-17 17:13","ReconfigMisconfigTest.java","224697","255250","479947"
"2019-10-10 14:37","StandaloneDisabledTest.java","199042","260045","459087"
"2016-08-24 01:36","StandaloneDisabledTest.java","17040","40423","57463"
"2018-05-21 20:11","StandaloneDisabledTest.java","24438","57655","82093"
"2017-03-14 17:06","StandaloneDisabledTest.java","20779","47019","67798"
"2017-02-12 00:34","StandaloneDisabledTest.java","20748","46509","67257"
"2019-06-03 19:40","StandaloneDisabledTest.java","199042","241623","440665"
"2015-05-14 21:53","StandaloneDisabledTest.java","11156","30054","41210"
"2019-08-17 17:13","StandaloneDisabledTest.java","199042","256292","455334"
"2014-08-24 07:42","StandaloneDisabledTest.java","10096","23131","33227"
"2016-11-13 20:59","StandaloneDisabledTest.java","17393","44362","61755"
"2019-10-10 14:37","ProtocolSupport.java","112979","261311","374290"
"2019-08-27 09:23","ProtocolSupport.java","112979","258151","371130"
"2011-04-12 09:14","ProtocolSupport.java","17765","83817","101582"
"2011-08-19 00:05","Watcher.java","1545","12149","13694"
"2019-11-08 17:30","Watcher.java","179202","262524","441726"
"2017-07-28 00:36","Watcher.java","27670","86631","114301"
"2019-08-17 17:13","Watcher.java","179202","256910","436112"
"2015-05-29 21:48","Watcher.java","21169","73217","94386"
"2014-01-24 07:18","Watcher.java","13642","48128","61770"
"2015-10-18 19:00","QuorumPeer.java","64426","78010","142436"
"2018-12-20 15:13","QuorumPeer.java","219833","230457","450290"
"2019-05-16 16:25","QuorumPeer.java","219900","241753","461653"
"2018-10-16 16:22","QuorumPeer.java","188643","236782","425425"
"2019-06-14 09:06","QuorumPeer.java","219899","244951","464850"
"2018-12-07 12:41","QuorumPeer.java","219833","227471","447304"
"2012-04-23 01:20","QuorumPeer.java","52971","26232","79203"
"2012-07-17 23:19","QuorumPeer.java","53002","27035","80037"
"2019-03-11 19:47","QuorumPeer.java","219847","236899","456746"
"2012-02-27 03:41","QuorumPeer.java","50545","21721","72266"
"2014-07-18 02:19","QuorumPeer.java","62753","66603","129356"
"2019-02-13 13:12","QuorumPeer.java","219846","235846","455692"
"2011-04-29 18:12","QuorumPeer.java","42649","1511","44160"
"2019-04-12 19:01","QuorumPeer.java","219900","238761","458661"
"2018-12-09 03:16","QuorumPeer.java","219833","229545","449378"
"2018-09-11 15:23","QuorumPeer.java","148916","179384","328300"
"2019-11-29 14:49","QuorumPeer.java","220972","264583","485555"
"2013-03-07 07:01","QuorumPeer.java","55139","40238","95377"
"2018-12-15 07:34","QuorumPeer.java","219833","229460","449293"
"2018-11-27 10:02","QuorumPeer.java","219833","227221","447054"
"2018-09-18 01:00","QuorumPeer.java","148976","180699","329675"
"2012-02-06 09:40","QuorumPeer.java","50208","21143","71351"
"2019-06-03 19:40","QuorumPeer.java","219899","242284","462183"
"2019-07-15 14:15","QuorumPeer.java","219899","252372","472271"
"2015-03-17 18:06","QuorumPeer.java","63208","73031","136239"
"2019-07-03 00:44","QuorumPeer.java","219899","244966","464865"
"2019-08-17 17:13","QuorumPeer.java","219899","256953","476852"
"2015-06-27 02:03","QuorumPeer.java","63457","75969","139426"
"2017-11-28 00:10","QuorumPeer.java","70018","92745","162763"
"2014-01-21 04:50","QuorumPeer.java","55885","48134","104019"
"2014-06-04 22:07","QuorumPeer.java","62121","60171","122292"
"2018-01-30 08:02","QuorumPeer.java","70156","93036","163192"
"2019-05-15 11:56","QuorumPeer.java","219900","241708","461608"
"2019-06-05 00:33","QuorumPeer.java","219899","242674","462573"
"2019-05-20 23:13","QuorumPeer.java","219900","241826","461726"
"2019-06-04 10:55","QuorumPeer.java","219899","242437","462336"
"2019-07-12 17:01","QuorumPeer.java","219899","252266","472165"
"2020-01-09 11:27","QuorumPeer.java","220972","266129","487101"
"2017-02-09 11:40","QuorumPeer.java","67336","88839","156175"
"2011-06-14 07:14","QuorumPeer.java","43069","3546","46615"
"2017-07-06 18:48","QuorumPeer.java","69688","88877","158565"
"2018-10-01 06:11","QuorumPeer.java","149130","183432","332562"
"2015-04-09 20:16","QuorumPeer.java","63221","74107","137328"
"2013-10-07 21:08","QuorumPeer.java","55563","43478","99041"
"2013-09-30 22:20","QuorumPeer.java","55429","42913","98342"
"2018-07-04 17:11","QuorumPeer.java","77938","104379","182317"
"2019-12-17 13:48","QuorumPeer.java","220972","265155","486127"
"2015-12-07 05:59","QuorumPeer.java","64566","78908","143474"
"2020-01-23 13:43","QuorumPeer.java","220972","267953","488925"
"2016-06-23 23:45","QuorumPeer.java","66183","81595","147778"
"2011-05-03 19:57","QuorumPeer.java","42651","1517","44168"
"2016-06-23 23:25","QuorumPeer.java","66184","81488","147672"
"2014-03-23 04:12","QuorumPeer.java","56071","50540","106611"
"2013-09-26 00:13","QuorumPeer.java","55410","42650","98060"
"2011-06-17 01:34","QuorumPeer.java","43152","3700","46852"
"2011-06-14 14:11","QuorumPeer.java","43070","3574","46644"
"2014-07-18 20:48","QuorumPeer.java","62788","67097","129885"
"2014-07-04 04:19","QuorumPeer.java","62148","61841","123989"
"2018-12-06 10:56","QuorumPeer.java","219833","227415","447248"
"2014-06-25 15:04","QuorumPeer.java","62126","60673","122799"
"2014-03-28 01:58","QuorumPeer.java","56084","50971","107055"
"2013-10-21 23:36","QuorumPeer.java","55745","46402","102147"
"2019-10-10 14:37","QuorumPeer.java","219899","260706","480605"
"2013-11-07 06:41","QuorumPeer.java","55770","46858","102628"
"2017-07-27 23:09","QuorumPeer.java","69696","87899","157595"
"2014-05-18 05:49","QuorumPeer.java","62106","59667","121773"
"2011-10-25 08:09","QuorumPeer.java","49135","17566","66701"
"2014-03-25 22:13","QuorumPeer.java","56081","50786","106867"
"2011-04-12 09:14","QuorumPeer.java","42531","1058","43589"
"2011-11-01 08:15","QuorumPeer.java","49340","17960","67300"
"2018-06-26 11:18","QuorumPeer.java","70392","96815","167207"
"2018-07-27 12:32","QuorumPeer.java","87249","114890","202139"
"2019-04-18 19:17","QuorumPeer.java","219900","239471","459371"
"2011-10-27 23:25","QuorumPeer.java","49213","17804","67017"
"2011-08-30 08:37","QuorumPeer.java","44069","15386","59455"
"2011-08-30 08:29","QuorumPeer.java","44063","15368","59431"
"2013-10-09 22:21","QuorumPeer.java","55741","46035","101776"
"2016-12-20 14:47","QuorumPeer.java","67231","87599","154830"
"2011-05-20 01:17","QuorumPeer.java","42719","2065","44784"
"2017-05-11 16:59","QuorumPeer.java","69615","87937","157552"
"2014-07-03 06:01","QuorumPeer.java","62147","61418","123565"
"2014-08-14 08:08","QuorumPeer.java","62875","68045","130920"
"2014-08-01 07:38","QuorumPeer.java","62876","67625","130501"
"2014-07-20 04:50","QuorumPeer.java","62810","67181","129991"
"2016-06-02 00:59","QuorumPeer.java","66171","81106","147277"
"2020-02-16 10:25","QuorumPeer.java","220972","268666","489638"
"2019-08-17 17:13","Transaction.java","223799","255234","479033"
"2019-04-12 19:01","WatchManager.java","174326","238712","413038"
"2014-07-18 02:19","WatchManager.java","21416","58103","79519"
"2017-09-11 18:55","WatchManager.java","29786","81493","111279"
"2019-03-05 00:04","WatchManager.java","174273","236560","410833"
"2019-11-08 17:30","WatchManager.java","174325","262518","436843"
"2014-01-24 07:18","WatchManager.java","14440","41109","55549"
"2019-08-17 17:13","WatchManager.java","174325","256904","431229"
"2018-09-28 23:38","WatchManager.java","112351","179485","291836"
"2014-04-29 02:23","WatchManager.java","20543","50477","71020"
"2014-04-17 08:47","WatchManager.java","20537","49765","70302"
"2010-01-26 01:17","SessionTrackerImpl.java","7846","33728","41574"
"2009-11-07 01:48","SessionTrackerImpl.java","6114","20076","26190"
"2019-10-10 14:37","SessionTrackerImpl.java","132922","261253","394175"
"2019-09-20 10:02","SessionTrackerImpl.java","132922","260420","393342"
"2011-04-12 09:14","SessionTrackerImpl.java","22531","68582","91113"
"2011-11-14 20:18","SessionTrackerImpl.java","25620","79059","104679"
"2010-08-18 08:24","SessionTrackerImpl.java","18131","73137","91268"
"2013-10-09 22:21","SessionTrackerImpl.java","27721","102061","129782"
"2020-03-26 22:16","SessionTrackerImpl.java","133561","270931","404492"
"2015-03-08 23:07","SessionTrackerImpl.java","29882","122703","152585"
"2014-07-25 00:58","SessionTrackerImpl.java","29699","118242","147941"
"2014-07-23 20:17","SessionTrackerImpl.java","29699","118236","147935"
"2012-09-17 09:53","SessionTrackerImpl.java","26448","86061","112509"
"2015-02-06 06:17","SessionTrackerImpl.java","29856","122503","152359"
"2014-07-18 02:19","SessionTrackerImpl.java","29666","117562","147228"
"2018-09-18 01:00","SessionTrackerImpl.java","84497","200266","284763"
"2009-06-26 22:29","SessionTrackerImpl.java","3057","11691","14748"
"2019-09-05 23:12","SessionTrackerImpl.java","132922","258419","391341"
"2019-08-17 17:13","SessionTrackerImpl.java","132922","257500","390422"
"2018-08-08 06:21","SessionTrackerImpl.java","66085","178748","244833"
"2018-05-09 23:57","SessionTrackerImpl.java","33709","143186","176895"
"2019-04-22 19:15","SessionTrackerImpl.java","132922","240282","373204"
"2012-12-19 19:07","SessionTrackerImpl.java","26981","90689","117670"
"2019-12-27 22:33","QuorumPeerTestBase.java","112224","125467","237691"
"2019-10-10 14:37","QuorumPeerTestBase.java","109552","117870","227422"
"2019-07-12 17:01","QuorumPeerTestBase.java","96566","96444","193010"
"2019-08-17 17:13","QuorumPeerTestBase.java","108142","112707","220849"
"2015-02-06 06:17","ConnectionBean.java","20967","71041","92008"
"2019-08-17 17:13","ConnectionBean.java","178405","256932","435337"
"2019-10-10 14:37","ConnectionBean.java","178405","260685","439090"
"2019-08-17 17:13","CreateModeTest.java","218393","255978","474371"
"2014-11-29 16:53","NumEvents.java","33673","82724","116397"
"2011-04-12 09:14","NumEvents.java","15099","14937","30036"
"2019-08-17 17:13","FourLetterWordsQuorumTest.java","167718","257015","424733"
"2015-03-28 20:08","FourLetterWordsQuorumTest.java","36903","99807","136710"
"2015-07-10 08:19","FourLetterWordsQuorumTest.java","37162","102091","139253"
"2010-07-05 20:20","FourLetterWordsQuorumTest.java","5972","17077","23049"
"2014-01-25 01:17","FourLetterWordsQuorumTest.java","30031","76066","106097"
"2019-10-10 14:37","FourLetterWordsQuorumTest.java","167718","260768","428486"
"2019-11-14 03:54","LocalPeerMXBean.java","204490","264191","468681"
"2018-06-26 11:18","LocalPeerMXBean.java","17729","46102","63831"
"2018-12-20 15:13","LocalPeerMXBean.java","204353","229615","433968"
"2019-08-17 17:13","LocalPeerMXBean.java","204462","256154","460616"
"2019-12-27 22:33","FileTxnSnapLog.java","38017","61375","99392"
"2019-10-10 14:37","FileTxnSnapLog.java","32107","50540","82647"
"2019-12-13 08:51","FileTxnSnapLog.java","37892","59287","97179"
"2020-01-23 16:46","FileTxnSnapLog.java","39360","63967","103327"
"2020-01-28 17:26","FileTxnSnapLog.java","39436","64514","103950"
"2019-09-02 08:23","FileTxnSnapLog.java","30845","46182","77027"
"2019-07-31 19:06","FileTxnSnapLog.java","6809","20796","27605"
"2020-01-30 09:43","FileTxnSnapLog.java","39460","64614","104074"
"2019-08-17 17:13","FileTxnSnapLog.java","29722","44402","74124"
"2020-03-26 22:20","InstanceContainer.java","234614","269143","503757"
"2019-08-17 17:13","InstanceContainer.java","232674","254163","486837"
"2019-10-10 14:37","SaslAuthFailDesignatedClientTest.java","3717","7470","11187"
"2019-09-05 23:12","SessionTracker.java","1438","2357","3795"
"2012-08-28 21:51","ClientBase.java","10913","27493","38406"
"2017-06-08 17:51","ClientBase.java","27566","87451","115017"
"2012-07-17 23:19","ClientBase.java","10822","26328","37150"
"2017-04-18 01:37","ClientBase.java","26787","87304","114091"
"2018-09-07 02:49","ClientBase.java","107160","178115","285275"
"2019-07-31 19:06","ClientBase.java","178405","256239","434644"
"2012-02-06 09:47","ClientBase.java","8090","20475","28565"
"2015-02-06 06:17","ClientBase.java","20967","71041","92008"
"2017-09-11 18:55","ClientBase.java","27844","88187","116031"
"2019-08-17 17:13","ClientBase.java","178405","256932","435337"
"2015-03-28 20:08","ClientBase.java","21114","73399","94513"
"2019-06-07 14:13","ClientBase.java","178405","243036","421441"
"2018-04-24 00:20","ClientBase.java","28192","94311","122503"
"2018-08-08 06:21","ClientBase.java","86555","156645","243200"
"2018-05-09 23:57","ClientBase.java","28308","95212","123520"
"2019-06-24 11:05","ClientBase.java","178405","244265","422670"
"2012-12-11 08:42","ClientBase.java","11673","31586","43259"
"2017-01-13 19:29","ClientBase.java","25173","87856","113029"
"2016-06-23 23:25","ClientBase.java","24094","80871","104965"
"2014-01-03 01:40","ClientBase.java","13708","47318","61026"
"2014-01-25 01:17","ClientBase.java","13770","49186","62956"
"2019-11-14 16:44","ClientBase.java","178405","264959","443364"
"2019-10-10 14:37","ClientBase.java","178405","260685","439090"
"2012-03-15 17:47","ClientBase.java","8385","22013","30398"
"2012-01-14 00:28","ClientBase.java","7946","19815","27761"
"2011-11-05 07:29","ClientBase.java","7131","17580","24711"
"2016-08-24 01:36","ClientBase.java","24528","81876","106404"
"2011-09-17 02:13","ClientBase.java","4783","16250","21033"
"2015-03-08 23:07","ClientBase.java","21015","71263","92278"
"2019-07-25 21:41","FollowerBean.java","14381","38206","52587"
"2019-08-17 17:13","FollowerBean.java","36481","63823","100304"
"2012-08-28 21:51","ClientBase.java","4433","10564","14997"
"2017-06-08 17:51","ClientBase.java","24871","74307","99178"
"2012-07-17 23:19","ClientBase.java","4233","9290","13523"
"2017-04-18 01:37","ClientBase.java","23973","74041","98014"
"2018-09-07 02:49","ClientBase.java","108823","169329","278152"
"2019-07-31 19:06","ClientBase.java","175893","255966","431859"
"2012-02-06 09:47","ClientBase.java","1298","3234","4532"
"2015-02-06 06:17","ClientBase.java","16062","55687","71749"
"2017-09-11 18:55","ClientBase.java","25749","75643","101392"
"2019-08-17 17:13","ClientBase.java","175893","256659","432552"
"2015-03-28 20:08","ClientBase.java","16236","58072","74308"
"2019-06-07 14:13","ClientBase.java","175893","242763","418656"
"2018-04-24 00:20","ClientBase.java","26453","82123","108576"
"2018-08-08 06:21","ClientBase.java","86111","145752","231863"
"2018-05-09 23:57","ClientBase.java","26574","83029","109603"
"2019-06-24 11:05","ClientBase.java","175893","243992","419885"
"2012-12-11 08:42","ClientBase.java","5347","14811","20158"
"2017-01-13 19:29","ClientBase.java","22040","74274","96314"
"2016-06-23 23:25","ClientBase.java","20676","67004","87680"
"2014-01-03 01:40","ClientBase.java","8367","31528","39895"
"2014-01-25 01:17","ClientBase.java","8433","33400","41833"
"2019-11-14 16:44","ClientBase.java","175921","264714","440635"
"2019-10-10 14:37","ClientBase.java","175893","260412","436305"
"2012-03-15 17:47","ClientBase.java","1649","4828","6477"
"2012-01-14 00:28","ClientBase.java","1019","2439","3458"
"2016-08-24 01:36","ClientBase.java","21195","68094","89289"
"2015-03-08 23:07","ClientBase.java","16120","55919","72039"
"2019-10-10 14:37","ZooKeeperSaslClient.java","182317","260217","442534"
"2016-03-02 07:46","ZooKeeperSaslClient.java","15620","54719","70339"
"2016-03-05 01:03","ZooKeeperSaslClient.java","16777","54769","71546"
"2015-12-05 22:32","ZooKeeperSaslClient.java","15452","54053","69505"
"2020-02-04 10:39","ZooKeeperSaslClient.java","183629","268260","451889"
"2019-01-31 15:50","ZooKeeperSaslClient.java","182224","234038","416262"
"2019-08-03 08:42","ZooKeeperSaslClient.java","182317","257172","439489"
"2014-12-20 15:29","ZooKeeperSaslClient.java","13465","46265","59730"
"2017-11-28 00:10","ZooKeeperSaslClient.java","24369","71501","95870"
"2013-09-18 12:58","ZooKeeperSaslClient.java","3921","15426","19347"
"2013-10-11 21:18","ZooKeeperSaslClient.java","4398","19311","23709"
"2016-05-02 18:15","ZooKeeperSaslClient.java","18390","57237","75627"
"2013-09-28 01:24","ZooKeeperSaslClient.java","3947","15747","19694"
"2019-08-17 17:13","ZooKeeperSaslClient.java","182317","256464","438781"
"2019-08-17 17:13","RecoveryTest.java","178405","256932","435337"
"2013-12-21 22:05","RecoveryTest.java","13693","47163","60856"
"2019-10-10 14:37","RecoveryTest.java","178405","260685","439090"
"2019-08-17 17:13","RemoveWatchesCommand.java","223892","255250","479142"
"2019-01-31 15:55","RemoveWatchesCommand.java","223774","232791","456565"
"2020-03-19 17:09","Learner.java","36746","60792","97538"
"2020-02-03 04:30","Learner.java","36624","59165","95789"
"2020-01-23 13:43","Learner.java","36514","58498","95012"
"2020-03-25 03:38","Learner.java","36821","61663","98484"
"2019-11-28 12:24","Learner.java","34704","51667","86371"
"2019-12-27 22:33","Learner.java","35149","55884","91033"
"2020-01-25 18:48","Learner.java","36520","58694","95214"
"2020-05-03 19:43","Learner.java","37496","63274","100770"
"2019-10-10 14:37","Learner.java","29213","45023","74236"
"2019-07-15 14:15","Learner.java","1096","8572","9668"
"2019-08-23 19:43","Learner.java","26780","39503","66283"
"2019-08-17 17:13","Learner.java","26778","38835","65613"
"2019-07-12 17:01","Learner.java","1096","8466","9562"
"2019-11-29 14:49","Learner.java","34999","53613","88612"
"2020-03-25 03:38","ZooKeeperServerBean.java","12133","24918","37051"
"2019-11-14 03:54","ZooKeeperServerBean.java","4021","12030","16051"
"2019-09-16 23:26","ZooKeeperServerBean.java","1939","4958","6897"
"2020-04-30 18:53","ZooKeeperServerBean.java","12849","26534","39383"
"2019-12-27 22:33","FuzzySnapshotRelatedTest.java","158752","186102","344854"
"2019-10-10 14:37","FuzzySnapshotRelatedTest.java","156563","178988","335551"
"2019-08-17 17:13","FuzzySnapshotRelatedTest.java","155561","174233","329794"
"2019-09-11 10:27","FuzzySnapshotRelatedTest.java","156547","176575","333122"
"2019-10-10 14:37","LoadFromLogNoServerTest.java","2068","4778","6846"
"2019-11-14 16:44","ZKTestCase.java","318","4592","4910"
"2019-11-28 12:24","ZKTestCase.java","5614","6767","12381"
"2018-12-20 15:13","QuorumPeer.java","231380","228269","459649"
"2019-05-16 16:25","QuorumPeer.java","231509","239627","471136"
"2018-10-16 16:22","QuorumPeer.java","209173","230889","440062"
"2019-06-14 09:06","QuorumPeer.java","231528","242845","474373"
"2018-12-07 12:41","QuorumPeer.java","231379","225282","456661"
"2019-03-11 19:47","QuorumPeer.java","231411","234728","466139"
"2019-02-13 13:12","QuorumPeer.java","231410","233675","465085"
"2019-04-12 19:01","QuorumPeer.java","231492","236618","468110"
"2018-12-09 03:16","QuorumPeer.java","231379","227356","458735"
"2018-09-11 15:23","QuorumPeer.java","100486","104531","205017"
"2019-11-29 14:49","QuorumPeer.java","233465","263341","496806"
"2018-12-15 07:34","QuorumPeer.java","231379","227271","458650"
"2018-11-27 10:02","QuorumPeer.java","231379","225032","456411"
"2018-09-18 01:00","QuorumPeer.java","100633","105933","206566"
"2019-06-03 19:40","QuorumPeer.java","231528","240178","471706"
"2019-07-15 14:15","QuorumPeer.java","231529","250267","481796"
"2019-07-03 00:44","QuorumPeer.java","231528","242860","474388"
"2019-08-17 17:13","QuorumPeer.java","231529","254848","486377"
"2019-05-15 11:56","QuorumPeer.java","231509","239582","471091"
"2019-06-05 00:33","QuorumPeer.java","231528","240568","472096"
"2019-05-20 23:13","QuorumPeer.java","231511","239702","471213"
"2019-06-04 10:55","QuorumPeer.java","231528","240331","471859"
"2019-07-12 17:01","QuorumPeer.java","231529","250161","481690"
"2020-01-09 11:27","QuorumPeer.java","233467","264889","498356"
"2018-10-01 06:11","QuorumPeer.java","101337","109216","210553"
"2018-07-04 17:11","QuorumPeer.java","10613","10631","21244"
"2019-12-17 13:48","QuorumPeer.java","233465","263913","497378"
"2020-01-23 13:43","QuorumPeer.java","233467","266713","500180"
"2018-12-06 10:56","QuorumPeer.java","231379","225226","456605"
"2019-10-10 14:37","QuorumPeer.java","231530","258602","490132"
"2018-07-27 12:32","QuorumPeer.java","21397","22615","44012"
"2019-04-18 19:17","QuorumPeer.java","231492","237328","468820"
"2020-02-16 10:25","QuorumPeer.java","233467","267426","500893"
"2019-10-10 14:37","FourLetterWordsTest.java","219061","259719","478780"
"2015-11-08 22:36","FourLetterWordsTest.java","177","1160","1337"
"2019-08-17 17:13","FourLetterWordsTest.java","219061","255966","475027"
"2019-05-08 21:54","FourLetterWordsTest.java","219043","240450","459493"
"2019-10-10 14:37","FourLetterWordsWhiteListTest.java","224242","259018","483260"
"2019-08-17 17:13","FourLetterWordsWhiteListTest.java","224242","255265","479507"
"2019-08-17 17:13","Leader.java","221449","255887","477336"
"2019-06-29 00:33","Leader.java","221448","243873","465321"
"2019-06-03 19:40","Leader.java","221448","241217","462665"
"2019-07-15 14:15","Leader.java","221449","251306","472755"
"2019-07-25 21:41","Leader.java","221449","252370","473819"
"2018-05-10 06:00","Leader.java","10611","21023","31634"
"2018-07-12 01:33","Leader.java","20735","32080","52815"
"2018-02-07 01:05","Leader.java","10195","18473","28668"
"2017-11-28 00:10","Leader.java","9711","17134","26845"
"2019-06-05 00:33","Leader.java","221448","241607","463055"
"2019-08-03 08:42","Leader.java","221449","256595","478044"
"2019-06-05 23:57","Leader.java","221448","241876","463324"
"2017-01-13 19:29","Leader.java","2547","8453","11000"
"2019-01-07 14:55","Leader.java","221330","230659","451989"
"2019-04-12 19:01","Leader.java","221430","237675","459105"
"2018-12-09 03:16","Leader.java","221329","228425","449754"
"2018-08-17 14:40","Leader.java","78961","92602","171563"
"2019-11-29 14:49","Leader.java","223027","264022","487049"
"2018-11-27 10:02","Leader.java","221329","226101","447430"
"2017-02-15 23:04","Leader.java","6036","8986","15022"
"2018-08-29 06:26","Leader.java","103067","116916","219983"
"2018-08-03 18:52","Leader.java","31334","44177","75511"
"2017-09-11 18:55","Leader.java","9192","12758","21950"
"2018-09-18 01:00","Leader.java","108445","124864","233309"
"2016-12-20 14:47","Leader.java","2438","7502","9940"
"2020-03-25 03:38","Leader.java","223029","270252","493281"
"2019-12-27 22:33","Leader.java","223028","266144","489172"
"2016-08-13 15:01","Leader.java","666","1469","2135"
"2019-10-10 14:37","Leader.java","221449","259640","481089"
"2019-12-27 22:33","FollowerZooKeeperServer.java","875","4647","5522"
"2020-03-19 17:09","Learner.java","115094","128686","243780"
"2020-02-03 04:30","Learner.java","115040","127127","242167"
"2020-01-23 13:43","Learner.java","114937","126467","241404"
"2020-03-25 03:38","Learner.java","115165","129553","244718"
"2019-11-28 12:24","Learner.java","113664","120173","233837"
"2019-12-27 22:33","Learner.java","114000","124281","238281"
"2020-01-25 18:48","Learner.java","114943","126663","241606"
"2020-05-03 19:43","Learner.java","115474","130798","246272"
"2019-10-10 14:37","Learner.java","111293","116649","227942"
"2019-06-03 19:40","Learner.java","95513","82447","177960"
"2019-07-15 14:15","Learner.java","98094","95116","193210"
"2019-08-23 19:43","Learner.java","109880","112149","222029"
"2019-08-17 17:13","Learner.java","109882","111485","221367"
"2019-04-09 15:35","Learner.java","94700","77160","171860"
"2019-07-12 17:01","Learner.java","98094","95010","193104"
"2019-07-02 07:34","Learner.java","97079","86625","183704"
"2018-12-09 03:16","Learner.java","86969","61230","148199"
"2019-11-29 14:49","Learner.java","113902","122062","235964"
"2018-11-27 10:02","Learner.java","86631","58568","145199"
"2019-08-17 17:13","WatchManagerOptimized.java","30069","50361","80430"
"2019-04-12 19:01","WatchManagerOptimized.java","752","2851","3603"
"2018-06-08 16:52","ZooKeeperServerMXBean.java","25960","81019","106979"
"2019-09-16 23:26","ZooKeeperServerMXBean.java","178028","259668","437696"
"2019-11-14 03:54","ZooKeeperServerMXBean.java","178056","264686","442742"
"2015-12-07 06:26","ZooKeeperServerMXBean.java","16911","60353","77264"
"2020-03-25 03:38","ZooKeeperServerMXBean.java","179337","270743","450080"
"2019-05-22 11:39","ZooKeeperServerMXBean.java","178028","241849","419877"
"2019-07-30 02:31","ZooKeeperServerMXBean.java","178028","254570","432598"
"2018-02-07 01:05","ZooKeeperServerMXBean.java","25688","78149","103837"
"2018-07-12 01:33","ZooKeeperServerMXBean.java","33847","89375","123222"
"2019-08-17 17:13","ZooKeeperServerMXBean.java","178028","256649","434677"
"2017-04-28 07:14","ZooKeeperServerMXBean.java","23218","71249","94467"
"2019-01-14 19:38","ZooKeeperServerMXBean.java","177950","231863","409813"
"2015-07-10 08:19","ZooKeeperServerMXBean.java","16603","58319","74922"
"2019-07-08 23:26","ZooKeeperServerMXBean.java","178028","245425","423453"
"2019-01-23 14:00","ZooKeeperServerMXBean.java","177951","233299","411250"
"2019-06-03 19:40","ReconfigBackupTest.java","222019","241217","463236"
"2019-08-17 17:13","ReconfigBackupTest.java","222020","255887","477907"
"2016-11-13 20:59","ReconfigBackupTest.java","610","4196","4806"
"2016-09-09 00:10","LoadFromLogTest.java","20876","67232","88108"
"2012-03-06 09:20","LoadFromLogTest.java","860","2143","3003"
"2019-10-10 14:37","LoadFromLogTest.java","176988","260409","437397"
"2014-02-10 21:50","LoadFromLogTest.java","7810","31706","39516"
"2019-08-17 17:13","LoadFromLogTest.java","176988","256656","433644"
"2019-06-07 14:13","LoadFromLogTest.java","176988","242760","419748"
"2017-12-06 23:14","LoadFromLogTest.java","25867","78451","104318"
"2013-06-28 23:22","LoadFromLogTest.java","7030","23917","30947"
"2019-11-29 14:49","QuorumUtil.java","205412","264150","469562"
"2019-08-17 17:13","QuorumUtil.java","203973","256154","460127"
"2020-03-12 14:47","QuorumUtil.java","205413","269537","474950"
"2019-07-12 17:01","QuorumUtil.java","203973","251467","455440"
"2019-10-10 14:37","QuorumUtil.java","203973","259907","463880"
"2018-12-20 15:13","QuorumPeer.java","231907","227578","459485"
"2019-05-16 16:25","QuorumPeer.java","232041","238941","470982"
"2018-10-16 16:22","QuorumPeer.java","199067","219565","418632"
"2019-06-14 09:06","QuorumPeer.java","232061","242160","474221"
"2018-12-07 12:41","QuorumPeer.java","231906","224591","456497"
"2019-03-11 19:47","QuorumPeer.java","231943","234042","465985"
"2019-02-13 13:12","QuorumPeer.java","231942","232989","464931"
"2019-04-12 19:01","QuorumPeer.java","232024","235932","467956"
"2018-12-09 03:16","QuorumPeer.java","231906","226665","458571"
"2018-09-11 15:23","QuorumPeer.java","88779","91606","180385"
"2019-11-29 14:49","QuorumPeer.java","234000","262658","496658"
"2018-12-15 07:34","QuorumPeer.java","231906","226580","458486"
"2018-11-27 10:02","QuorumPeer.java","231906","224341","456247"
"2018-09-18 01:00","QuorumPeer.java","88931","93013","181944"
"2019-06-03 19:40","QuorumPeer.java","232061","239493","471554"
"2019-07-15 14:15","QuorumPeer.java","232062","249582","481644"
"2019-07-03 00:44","QuorumPeer.java","232061","242175","474236"
"2019-08-17 17:13","QuorumPeer.java","232062","254163","486225"
"2019-05-15 11:56","QuorumPeer.java","232041","238896","470937"
"2019-06-05 00:33","QuorumPeer.java","232061","239883","471944"
"2019-05-20 23:13","QuorumPeer.java","232044","239017","471061"
"2019-06-04 10:55","QuorumPeer.java","232061","239646","471707"
"2019-07-12 17:01","QuorumPeer.java","232062","249476","481538"
"2020-01-09 11:27","QuorumPeer.java","234002","264206","498208"
"2018-10-01 06:11","QuorumPeer.java","89636","96297","185933"
"2019-12-17 13:48","QuorumPeer.java","234000","263230","497230"
"2020-01-23 13:43","QuorumPeer.java","234002","266030","500032"
"2018-12-06 10:56","QuorumPeer.java","231906","224535","456441"
"2019-10-10 14:37","QuorumPeer.java","232063","257917","489980"
"2019-04-18 19:17","QuorumPeer.java","232024","236642","468666"
"2020-02-16 10:25","QuorumPeer.java","234002","266743","500745"
"2018-10-08 14:33","ConfigUtilsTest.java","199062","216603","415665"
"2019-08-17 17:13","ConfigUtilsTest.java","232062","254163","486225"
"2019-08-17 17:13","SaslQuorumServerCallbackHandler.java","228064","255079","483143"
"2019-11-21 05:58","NIOServerCnxn.java","220281","260678","480959"
"2015-11-08 22:36","NIOServerCnxn.java","371","1679","2050"
"2019-11-18 09:05","NIOServerCnxn.java","220281","260655","480936"
"2019-09-16 23:26","NIOServerCnxn.java","218737","258986","477723"
"2019-10-10 14:37","NIOServerCnxn.java","218737","259720","478457"
"2018-09-28 23:38","NIOServerCnxn.java","111498","133283","244781"
"2020-02-11 06:50","NIOServerCnxn.java","220283","268032","488315"
"2019-01-23 14:00","NIOServerCnxn.java","218626","232583","451209"
"2019-07-08 23:26","NIOServerCnxn.java","218736","244742","463478"
"2019-04-12 19:01","NIOServerCnxn.java","218719","237756","456475"
"2019-01-14 19:38","NIOServerCnxn.java","218625","231147","449772"
"2018-11-17 18:33","NIOServerCnxn.java","218623","223928","442551"
"2017-03-04 19:22","NIOServerCnxn.java","9853","16060","25913"
"2016-12-22 23:23","NIOServerCnxn.java","6524","14721","21245"
"2018-09-18 01:00","NIOServerCnxn.java","110822","130033","240855"
"2019-08-17 17:13","NIOServerCnxn.java","218737","255967","474704"
"2019-07-03 00:44","NIOServerCnxn.java","218736","243979","462715"
"2019-08-03 08:42","NIOServerCnxn.java","218737","256675","475412"
"2016-11-16 06:21","NIOServerCnxn.java","5711","13207","18918"
"2015-03-08 23:07","LearnerSessionTracker.java","1501","6426","7927"
"2019-10-10 14:37","LearnerSessionTracker.java","210259","259904","470163"
"2019-09-20 10:02","LearnerSessionTracker.java","210259","259071","469330"
"2019-08-17 17:13","LearnerSessionTracker.java","210259","256151","466410"
"2018-08-08 06:21","LearnerSessionTracker.java","83371","108138","191509"
"2019-02-06 09:46","ZooKeeper.java","206504","233750","440254"
"2019-01-16 14:21","ZooKeeper.java","206503","232026","438529"
"2017-04-18 02:02","ZooKeeper.java","13049","31896","44945"
"2019-11-08 17:30","ZooKeeper.java","206639","261796","468435"
"2019-02-07 11:26","ZooKeeper.java","206504","234379","440883"
"2017-05-01 17:19","ZooKeeper.java","13065","32039","45104"
"2019-08-17 17:13","ZooKeeper.java","206611","256154","462765"
"2015-06-04 19:51","ZooKeeper.java","2935","14893","17828"
"2016-10-07 21:51","ZooKeeper.java","8991","26000","34991"
"2015-03-16 09:09","ZooKeeper.java","1871","10785","12656"
"2015-03-17 18:06","ZooKeeper.java","1982","11606","13588"
"2016-05-02 18:15","ZooKeeper.java","7743","21986","29729"
"2019-06-26 10:57","ZooKeeper.java","206611","244004","450615"
"2019-06-03 19:40","ZooKeeper.java","206611","241485","448096"
"2018-05-09 23:57","ZooKeeper.java","16690","41922","58612"
"2019-08-03 08:42","ZooKeeper.java","206611","256862","463473"
"2016-11-13 20:59","ZooKeeper.java","9186","28448","37634"
"2017-07-28 00:36","ZooKeeper.java","15318","33426","48744"
"2017-08-18 23:35","ZooKeeper.java","15416","34009","49425"
"2017-07-04 07:56","ZooKeeper.java","14297","33015","47312"
"2020-04-16 12:50","ZooKeeper.java","208051","271168","479219"
"2018-07-27 05:16","ZooKeeper.java","35413","62663","98076"
"2019-10-10 14:37","ZooKeeper.java","206611","259907","466518"
"2019-02-11 12:34","ZooKeeper.java","206504","234742","441246"
"2020-05-17 15:13","ZooKeeper.java","208062","271550","479612"
"2017-01-09 22:49","ZooKeeper.java","10021","30851","40872"
"2019-03-12 19:08","ZooKeeper.java","206521","236187","442708"
"2014-07-22 06:51","ZooKeeper.java","631","4829","5460"
"2019-11-21 05:58","NIOServerCnxn.java","218605","260702","479307"
"2015-11-08 22:36","NIOServerCnxn.java","2652","5660","8312"
"2019-11-18 09:05","NIOServerCnxn.java","218605","260679","479284"
"2019-09-16 23:26","NIOServerCnxn.java","217153","259102","476255"
"2019-10-10 14:37","NIOServerCnxn.java","217153","259836","476989"
"2018-09-28 23:38","NIOServerCnxn.java","113218","136703","249921"
"2020-02-11 06:50","NIOServerCnxn.java","218607","268056","486663"
"2019-01-23 14:00","NIOServerCnxn.java","217043","232700","449743"
"2019-07-08 23:26","NIOServerCnxn.java","217152","244858","462010"
"2019-04-12 19:01","NIOServerCnxn.java","217136","237873","455009"
"2019-01-14 19:38","NIOServerCnxn.java","217042","231264","448306"
"2018-11-17 18:33","NIOServerCnxn.java","217040","224045","441085"
"2017-03-04 19:22","NIOServerCnxn.java","11875","19782","31657"
"2016-12-22 23:23","NIOServerCnxn.java","8675","18572","27247"
"2018-09-18 01:00","NIOServerCnxn.java","112544","133455","245999"
"2019-08-17 17:13","NIOServerCnxn.java","217153","256083","473236"
"2015-06-28 21:09","NIOServerCnxn.java","2289","3989","6278"
"2019-07-03 00:44","NIOServerCnxn.java","217152","244095","461247"
"2019-08-03 08:42","NIOServerCnxn.java","217153","256791","473944"
"2016-11-16 06:21","NIOServerCnxn.java","7874","17070","24944"
"2019-12-27 22:33","LeaderBeanTest.java","185632","215107","400739"
"2019-08-17 17:13","LeaderBeanTest.java","182680","203477","386157"
"2019-01-07 14:55","LeaderBeanTest.java","182366","178054","360420"
"2018-12-07 12:41","LeaderBeanTest.java","176106","167487","343593"
"2016-11-24 17:18","PurgeTxnLog.java","20408","179381","199789"
"2020-01-30 09:43","PurgeTxnLog.java","72935","268637","341572"
"2009-01-31 02:18","PurgeTxnLog.java","9076","37514","46590"
"2017-07-28 00:36","PurgeTxnLog.java","20837","178088","198925"
"2019-08-17 17:13","PurgeTxnLog.java","72482","257710","330192"
"2014-05-18 03:01","PurgeTxnLog.java","19720","156101","175821"
"2019-10-10 14:37","PurgeTxnLog.java","72482","261463","333945"
"2015-11-08 22:21","PurgeTxnLog.java","19997","172711","192708"
"2019-11-28 12:24","PurgeTxnLog.java","72935","263069","336004"
"2015-11-22 00:33","PurgeTxnLog.java","20000","173127","193127"
"2017-01-23 02:13","PurgeTxnLog.java","20447","180802","201249"
"2017-09-11 18:55","CSharpGenerator.java","38480","109609","148089"
"2019-07-29 17:15","CSharpGenerator.java","167551","254590","422141"
"2018-11-17 18:33","DumbWatcher.java","150192","133712","283904"
"2019-01-14 19:38","DumbWatcher.java","156474","147211","303685"
"2019-08-17 17:13","DumbWatcher.java","158773","174218","332991"
"2019-11-18 09:05","DumbWatcher.java","161769","180358","342127"
"2019-10-10 14:37","ZooKeeperSaslClient.java","32174","58260","90434"
"2020-02-04 10:39","ZooKeeperSaslClient.java","39142","71959","111101"
"2019-08-03 08:42","ZooKeeperSaslClient.java","8539","31580","40119"
"2019-08-17 17:13","ZooKeeperSaslClient.java","30116","52449","82565"
"2019-10-10 14:37","LeaderElectionSupport.java","2537","5697","8234"
"2019-12-28 16:17","GetAllChildrenNumberTest.java","10230","18815","29045"
"2019-11-14 03:54","ServerCnxnFactory.java","224380","263204","487584"
"2019-11-11 13:59","ServerCnxnFactory.java","224380","262605","486985"
"2018-10-24 04:03","ServerCnxnFactory.java","202280","231393","433673"
"2019-02-13 13:12","ServerCnxnFactory.java","224218","233979","458197"
"2019-08-17 17:13","ServerCnxnFactory.java","224331","255146","479477"
"2019-06-07 14:13","ServerCnxnFactory.java","224330","241249","465579"
"2019-07-03 00:44","ServerCnxnFactory.java","224330","243158","467488"
"2019-08-17 17:13","DeserializationPerfTest.java","178405","256932","435337"
"2014-04-25 21:35","DeserializationPerfTest.java","19824","57713","77537"
"2019-10-10 14:37","DeserializationPerfTest.java","178405","260685","439090"
"2019-09-11 10:27","SerializeUtils.java","178405","258288","436693"
"2013-03-07 07:01","SerializeUtils.java","12977","39549","52526"
"2011-07-01 00:53","SerializeUtils.java","1706","6351","8057"
"2019-08-17 17:13","SerializeUtils.java","178405","256932","435337"
"2015-06-04 19:51","SerializeUtils.java","21330","74960","96290"
"2016-10-07 21:51","SerializeUtils.java","24594","83275","107869"
"2018-02-07 01:05","SerializeUtils.java","28142","93197","121339"
"2011-06-23 18:01","SerializeUtils.java","1186","3281","4467"
"2019-12-27 22:33","SerializeUtils.java","179499","266704","446203"
"2012-12-19 19:16","SerializeUtils.java","12465","34481","46946"
"2020-04-30 18:53","RequestThrottler.java","2361","3261","5622"
"2014-03-25 22:13","QuorumPeerMainTest.java","4946","26390","31336"
"2018-05-10 00:14","QuorumPeerMainTest.java","24397","76619","101016"
"2018-10-05 14:25","QuorumPeerMainTest.java","160785","222681","383466"
"2018-07-17 10:41","QuorumPeerMainTest.java","42611","96480","139091"
"2018-07-27 12:32","QuorumPeerMainTest.java","42666","97046","139712"
"2013-10-09 22:21","QuorumPeerMainTest.java","4373","21406","25779"
"2015-11-03 08:11","QuorumPeerMainTest.java","14926","55287","70213"
"2020-01-23 13:43","QuorumPeerMainTest.java","181299","267707","449006"
"2019-10-10 14:37","QuorumPeerMainTest.java","179987","260221","440208"
"2019-12-28 16:17","QuorumPeerMainTest.java","181299","266365","447664"
"2017-12-16 01:25","QuorumPeerMainTest.java","24123","73633","97756"
"2018-01-19 00:52","QuorumPeerMainTest.java","24169","73792","97961"
"2018-04-30 06:34","QuorumPeerMainTest.java","24396","75987","100383"
"2019-07-25 21:41","QuorumPeerMainTest.java","179987","252951","432938"
"2019-08-17 17:13","QuorumPeerMainTest.java","179987","256468","436455"
"2018-02-23 23:49","QuorumPeerMainTest.java","24248","74913","99161"
"2014-01-09 20:21","QuorumPeerMainTest.java","4580","23459","28039"
"2019-07-02 07:34","QuorumPeerMainTest.java","179987","244411","424398"
"2019-05-20 17:18","QuorumPeerMainTest.java","179971","241243","421214"
"2018-10-16 16:22","QuorumPeerMainTest.java","160788","235666","396454"
"2015-02-06 06:17","QuorumPeerMainTest.java","13175","48515","61690"
"2018-08-29 06:26","QuorumPeerMainTest.java","102510","158402","260912"
"2018-08-03 18:52","QuorumPeerMainTest.java","42669","97555","140224"
"2018-09-11 15:23","QuorumPeerMainTest.java","107645","164852","272497"
"2019-08-17 17:13","Leader.java","221557","255887","477444"
"2019-06-29 00:33","Leader.java","221556","243873","465429"
"2019-06-03 19:40","Leader.java","221556","241217","462773"
"2019-07-15 14:15","Leader.java","221557","251306","472863"
"2019-07-25 21:41","Leader.java","221557","252370","473927"
"2018-05-10 06:00","Leader.java","10585","20889","31474"
"2018-07-12 01:33","Leader.java","20709","31946","52655"
"2018-02-07 01:05","Leader.java","10169","18339","28508"
"2017-11-28 00:10","Leader.java","9685","17000","26685"
"2019-06-05 00:33","Leader.java","221556","241607","463163"
"2019-08-03 08:42","Leader.java","221557","256595","478152"
"2019-06-05 23:57","Leader.java","221556","241876","463432"
"2017-01-13 19:29","Leader.java","2518","8316","10834"
"2019-01-07 14:55","Leader.java","221438","230659","452097"
"2019-04-12 19:01","Leader.java","221538","237675","459213"
"2018-12-09 03:16","Leader.java","221437","228425","449862"
"2018-08-17 14:40","Leader.java","78936","92469","171405"
"2019-11-29 14:49","Leader.java","223135","264022","487157"
"2018-11-27 10:02","Leader.java","221437","226101","447538"
"2017-02-15 23:04","Leader.java","6010","8852","14862"
"2018-08-29 06:26","Leader.java","103042","116783","219825"
"2018-08-03 18:52","Leader.java","31309","44044","75353"
"2017-09-11 18:55","Leader.java","9166","12624","21790"
"2018-09-18 01:00","Leader.java","108420","124731","233151"
"2016-12-20 14:47","Leader.java","2409","7365","9774"
"2020-03-25 03:38","Leader.java","223137","270252","493389"
"2019-12-27 22:33","Leader.java","223136","266144","489280"
"2016-08-13 15:01","Leader.java","631","1326","1957"
"2019-10-10 14:37","Leader.java","221557","259640","481197"
"2019-10-10 14:37","LoadFromLogNoServerTest.java","3717","7470","11187"
"2019-09-10 15:21","LoadFromLogNoServerTest.java","1694","2737","4431"
"2014-03-25 22:13","QuorumPeerMainTest.java","478","3043","3521"
"2018-05-10 00:14","QuorumPeerMainTest.java","24349","57692","82041"
"2018-10-05 14:25","QuorumPeerMainTest.java","179184","222201","401385"
"2018-07-17 10:41","QuorumPeerMainTest.java","42829","77819","120648"
"2018-07-27 12:32","QuorumPeerMainTest.java","42902","78403","121305"
"2015-11-03 08:11","QuorumPeerMainTest.java","12823","34305","47128"
"2020-01-23 13:43","QuorumPeerMainTest.java","200107","267636","467743"
"2019-10-10 14:37","QuorumPeerMainTest.java","198690","260045","458735"
"2019-12-28 16:17","QuorumPeerMainTest.java","200107","266294","466401"
"2017-12-16 01:25","QuorumPeerMainTest.java","24057","54688","78745"
"2018-01-19 00:52","QuorumPeerMainTest.java","24104","54848","78952"
"2018-04-30 06:34","QuorumPeerMainTest.java","24341","57053","81394"
"2019-07-25 21:41","QuorumPeerMainTest.java","198690","252775","451465"
"2019-08-17 17:13","QuorumPeerMainTest.java","198690","256292","454982"
"2018-02-23 23:49","QuorumPeerMainTest.java","24189","55975","80164"
"2019-07-02 07:34","QuorumPeerMainTest.java","198690","244235","442925"
"2019-05-20 17:18","QuorumPeerMainTest.java","198674","241067","439741"
"2018-10-16 16:22","QuorumPeerMainTest.java","179187","235186","414373"
"2015-02-06 06:17","QuorumPeerMainTest.java","10573","27034","37607"
"2018-08-29 06:26","QuorumPeerMainTest.java","106954","143967","250921"
"2018-08-03 18:52","QuorumPeerMainTest.java","43044","79051","122095"
"2018-09-11 15:23","QuorumPeerMainTest.java","112123","150451","262574"
"2010-01-26 01:17","SessionTrackerImpl.java","8605","37670","46275"
"2009-11-07 01:48","SessionTrackerImpl.java","6930","24075","31005"
"2019-10-10 14:37","SessionTrackerImpl.java","129742","261256","390998"
"2019-09-20 10:02","SessionTrackerImpl.java","129742","260423","390165"
"2011-04-12 09:14","SessionTrackerImpl.java","21279","70513","91792"
"2011-11-14 20:18","SessionTrackerImpl.java","24150","80709","104859"
"2010-08-18 08:24","SessionTrackerImpl.java","17063","75252","92315"
"2013-10-09 22:21","SessionTrackerImpl.java","26178","103638","129816"
"2020-03-26 22:16","SessionTrackerImpl.java","130378","270931","401309"
"2015-03-08 23:07","SessionTrackerImpl.java","28200","124141","152341"
"2014-07-25 00:58","SessionTrackerImpl.java","28019","119682","147701"
"2014-07-23 20:17","SessionTrackerImpl.java","28019","119676","147695"
"2012-09-17 09:53","SessionTrackerImpl.java","24931","87664","112595"
"2015-02-06 06:17","SessionTrackerImpl.java","28176","123943","152119"
"2014-07-18 02:19","SessionTrackerImpl.java","27991","119007","146998"
"2018-09-18 01:00","SessionTrackerImpl.java","81905","200794","282699"
"2009-06-15 22:52","SessionTrackerImpl.java","1420","4603","6023"
"2009-06-26 22:29","SessionTrackerImpl.java","4151","15968","20119"
"2019-09-05 23:12","SessionTrackerImpl.java","129742","258422","388164"
"2019-08-17 17:13","SessionTrackerImpl.java","129742","257503","387245"
"2018-08-08 06:21","SessionTrackerImpl.java","63953","179736","243689"
"2018-05-09 23:57","SessionTrackerImpl.java","31785","144382","176167"
"2019-04-22 19:15","SessionTrackerImpl.java","129742","240285","370027"
"2012-12-19 19:07","SessionTrackerImpl.java","25460","92288","117748"
"2017-09-11 18:55","QuorumBase.java","40622","91941","132563"
"2012-04-23 01:20","QuorumBase.java","24230","29940","54170"
"2019-07-12 17:01","QuorumBase.java","187413","252298","439711"
"2012-12-11 08:42","QuorumBase.java","25048","35937","60985"
"2019-08-17 17:13","QuorumBase.java","187413","256985","444398"
"2019-08-01 07:31","QuorumBase.java","187413","257656","445069"
"2018-08-08 06:21","QuorumBase.java","98953","160019","258972"
"2019-10-10 14:37","QuorumBase.java","187413","260738","448151"
"2020-03-25 03:38","QuorumBase.java","188486","270843","459329"
"2014-07-18 19:46","QuorumBase.java","33840","70366","104206"
"2011-05-20 01:17","QuorumBase.java","14810","6674","21484"
"2013-10-09 22:21","QuorumBase.java","26856","49599","76455"
"2014-06-25 19:25","QuorumBase.java","33234","64764","97998"
"2011-04-12 09:14","QuorumBase.java","14662","5707","20369"
"2012-06-30 08:30","KerberosName.java","2705","5128","7833"
"2019-08-17 17:13","KerberosName.java","177845","256649","434494"
"2010-01-26 01:17","SessionTrackerImpl.java","5954","23202","29156"
"2009-11-07 01:48","SessionTrackerImpl.java","3537","8865","12402"
"2019-10-10 14:37","SessionTrackerImpl.java","141556","261253","402809"
"2019-09-20 10:02","SessionTrackerImpl.java","141556","260420","401976"
"2011-04-12 09:14","SessionTrackerImpl.java","23081","60498","83579"
"2011-11-14 20:18","SessionTrackerImpl.java","26425","73216","99641"
"2010-08-18 08:24","SessionTrackerImpl.java","18210","64582","82792"
"2013-10-09 22:21","SessionTrackerImpl.java","29994","97686","127680"
"2020-03-26 22:16","SessionTrackerImpl.java","142195","270931","413126"
"2015-03-08 23:07","SessionTrackerImpl.java","32163","118336","150499"
"2014-07-25 00:58","SessionTrackerImpl.java","31978","113873","145851"
"2014-07-23 20:17","SessionTrackerImpl.java","31978","113867","145845"
"2012-09-17 09:53","SessionTrackerImpl.java","28319","81284","109603"
"2015-02-06 06:17","SessionTrackerImpl.java","32137","118136","150273"
"2014-07-18 02:19","SessionTrackerImpl.java","31943","113191","145134"
"2018-09-18 01:00","SessionTrackerImpl.java","88101","197222","285323"
"2019-09-05 23:12","SessionTrackerImpl.java","141556","258419","399975"
"2019-08-17 17:13","SessionTrackerImpl.java","141556","257500","399056"
"2018-08-08 06:21","SessionTrackerImpl.java","69488","175503","244991"
"2018-05-09 23:57","SessionTrackerImpl.java","36115","138944","175059"
"2019-04-22 19:15","SessionTrackerImpl.java","141556","240282","381838"
"2012-12-19 19:07","SessionTrackerImpl.java","29247","86307","115554"
"2019-10-10 14:37","SessionTrackerImpl.java","2326","5160","7486"
"2019-09-20 10:02","SessionTrackerImpl.java","870","2871","3741"
"2020-03-26 22:16","SessionTrackerImpl.java","10867","22740","33607"
"2019-12-27 22:33","FileTxnLog.java","37840","61187","99027"
"2019-10-10 14:37","FileTxnLog.java","31925","50347","82272"
"2020-01-28 17:26","FileTxnLog.java","39259","64326","103585"
"2019-08-17 17:13","FileTxnLog.java","29523","44192","73715"
"2019-08-03 08:42","FileTxnLog.java","6944","22321","29265"
"2018-12-09 03:16","LeaderZooKeeperServer.java","196819","228925","425744"
"2018-11-21 17:56","LeaderZooKeeperServer.java","196818","224356","421174"
"2019-06-04 10:55","LeaderZooKeeperServer.java","196919","241851","438770"
"2015-06-04 19:51","LeaderZooKeeperServer.java","11445","33308","44753"
"2019-08-17 17:13","LeaderZooKeeperServer.java","196919","256367","453286"
"2019-06-03 19:40","LeaderZooKeeperServer.java","196919","241698","438617"
"2019-11-25 15:37","LeaderZooKeeperServer.java","198267","262523","460790"
"2019-12-27 22:33","LeaderZooKeeperServer.java","198267","266393","464660"
"2017-09-11 18:55","QuorumBase.java","23096","51672","74768"
"2019-07-12 17:01","QuorumBase.java","196919","251680","448599"
"2019-08-17 17:13","QuorumBase.java","196919","256367","453286"
"2019-08-01 07:31","QuorumBase.java","196919","257038","453957"
"2018-08-08 06:21","QuorumBase.java","85317","123640","208957"
"2019-10-10 14:37","QuorumBase.java","196919","260120","457039"
"2020-03-25 03:38","QuorumBase.java","198267","270500","468767"
"2014-07-18 19:46","QuorumBase.java","9629","23412","33041"
"2014-06-25 19:25","QuorumBase.java","8314","17101","25415"
"2019-05-08 21:54","SyncCallTest.java","146226","241749","387975"
"2019-08-17 17:13","SyncCallTest.java","146226","257247","403473"
"2010-03-31 06:26","SyncCallTest.java","12649","34631","47280"
"2012-12-19 19:16","SyncCallTest.java","28082","81233","109315"
"2019-09-18 11:20","SyncCallTest.java","146226","260159","406385"
"2019-10-10 14:37","SyncCallTest.java","146226","261000","407226"
"2019-12-28 16:17","QuorumTest.java","6611","11443","18054"
"2014-08-14 08:08","ReconfigRecoveryTest.java","11596","31667","43263"
"2014-07-18 20:48","ReconfigRecoveryTest.java","11170","30380","41550"
"2014-08-24 07:42","ReconfigRecoveryTest.java","11685","32113","43798"
"2017-07-06 18:48","ReconfigRecoveryTest.java","22867","56957","79824"
"2019-08-17 17:13","ReconfigRecoveryTest.java","191763","256406","448169"
"2017-09-11 18:55","ReconfigRecoveryTest.java","24095","57866","81961"
"2018-10-16 16:22","QuorumPeerConfig.java","147149","236761","383910"
"2012-04-23 01:20","QuorumPeerConfig.java","10791","25525","36316"
"2018-12-09 03:16","QuorumPeerConfig.java","178339","229524","407863"
"2019-04-12 19:01","QuorumPeerConfig.java","178406","238740","417146"
"2018-09-11 15:23","QuorumPeerConfig.java","107162","179103","286265"
"2013-03-07 07:01","QuorumPeerConfig.java","12977","39549","52526"
"2018-12-15 07:34","QuorumPeerConfig.java","178339","229439","407778"
"2019-02-13 13:12","QuorumPeerConfig.java","178352","235825","414177"
"2019-08-17 17:13","QuorumPeerConfig.java","178405","256932","435337"
"2015-03-17 18:06","QuorumPeerConfig.java","21101","72397","93498"
"2014-01-21 04:50","QuorumPeerConfig.java","13753","47475","61228"
"2012-12-16 07:43","QuorumPeerConfig.java","11893","32071","43964"
"2017-11-28 00:10","QuorumPeerConfig.java","27966","92166","120132"
"2019-06-05 00:29","QuorumPeerConfig.java","178405","242599","421004"
"2014-09-17 07:34","QuorumPeerConfig.java","20815","68658","89473"
"2020-01-09 11:27","QuorumPeerConfig.java","179499","266129","445628"
"2019-07-12 17:01","QuorumPeerConfig.java","178405","252245","430650"
"2016-11-13 20:59","QuorumPeerConfig.java","24614","85548","110162"
"2019-05-15 11:56","QuorumPeerConfig.java","178406","241687","420093"
"2014-08-19 22:50","QuorumPeerConfig.java","20815","67572","88387"
"2018-10-01 06:11","QuorumPeerConfig.java","107377","183152","290529"
"2017-07-28 00:36","QuorumPeerConfig.java","27653","87433","115086"
"2013-09-30 22:20","QuorumPeerConfig.java","13269","42226","55495"
"2017-07-06 18:48","QuorumPeerConfig.java","27636","88298","115934"
"2013-09-26 00:13","QuorumPeerConfig.java","13250","41963","55213"
"2020-01-23 13:43","QuorumPeerConfig.java","179499","267953","447452"
"2014-05-17 13:23","QuorumPeerConfig.java","19847","58464","78311"
"2014-07-04 04:19","QuorumPeerConfig.java","20028","61194","81222"
"2011-09-17 02:42","QuorumPeerConfig.java","5064","16656","21720"
"2016-06-23 19:42","QuorumPeerConfig.java","24094","80596","104690"
"2015-09-06 20:02","QuorumPeerConfig.java","22294","77102","99396"
"2015-09-29 03:56","QuorumPeerConfig.java","22328","77317","99645"
"2019-10-10 14:37","QuorumPeerConfig.java","178405","260685","439090"
"2018-07-27 12:32","QuorumPeerConfig.java","45232","114346","159578"
"2019-04-18 19:17","QuorumPeerConfig.java","178406","239450","417856"
"2016-11-03 16:07","QuorumPeerConfig.java","24593","83858","108451"
"2014-03-25 22:13","QuorumPeerConfig.java","13955","50133","64088"
"2011-09-02 22:50","QuorumPeerConfig.java","1837","15039","16876"
"2013-10-09 22:21","QuorumPeerConfig.java","13596","45363","58959"
"2014-08-01 07:38","QuorumPeerConfig.java","20766","66988","87754"
"2014-08-14 08:08","QuorumPeerConfig.java","20765","67408","88173"
"2020-02-16 10:25","QuorumPeerConfig.java","179499","268666","448165"
"2020-05-14 18:18","QuorumPeerConfig.java","179501","271893","451394"
"2017-05-11 16:59","QuorumPeerConfig.java","27562","87357","114919"
"2016-05-02 18:15","SaslClientTest.java","16477","43819","60296"
"2019-08-17 17:13","SaslClientTest.java","193727","256369","450096"
"2015-07-07 07:11","CommandResponseTest.java","3799","12639","16438"
"2019-08-17 17:13","CommandResponseTest.java","210259","256151","466410"
"2019-08-17 17:13","WatchesPathReportTest.java","158773","174218","332991"
"2019-09-18 11:20","ReconfigTest.java","37905","68159","106064"
"2019-05-03 17:37","ReconfigTest.java","8741","20205","28946"
"2019-05-08 21:54","ReconfigTest.java","8780","20624","29404"
"2019-08-17 17:13","ReconfigTest.java","36481","63823","100304"
"2019-11-29 14:49","ReconfigTest.java","43897","77796","121693"
"2018-09-15 00:08","ZooKeeperServer.java","114415","172959","287374"
"2019-04-12 19:01","ZooKeeperServer.java","179546","238569","418115"
"2019-07-31 19:06","ZooKeeperServer.java","179545","256068","435613"
"2019-09-11 10:27","ZooKeeperServer.java","179545","258117","437662"
"2019-01-14 19:38","ZooKeeperServer.java","179486","231994","411480"
"2019-01-07 15:34","ZooKeeperServer.java","179486","231595","411081"
"2018-11-21 17:56","ZooKeeperServer.java","179485","224791","404276"
"2012-01-31 07:45","ZooKeeperServer.java","7605","5615","13220"
"2017-04-28 07:14","ZooKeeperServer.java","29597","76223","105820"
"2017-02-12 00:12","ZooKeeperServer.java","29548","75275","104823"
"2014-07-18 02:19","ZooKeeperServer.java","21507","52831","74338"
"2013-12-11 19:22","ZooKeeperServer.java","14351","33513","47864"
"2019-02-13 13:12","ZooKeeperServer.java","179499","235661","415160"
"2012-02-11 00:34","ZooKeeperServer.java","8042","6637","14679"
"2016-11-24 17:18","ZooKeeperServer.java","27691","75194","102885"
"2018-07-19 05:59","ZooKeeperServer.java","50215","104826","155041"
"2018-09-18 01:00","ZooKeeperServer.java","114472","173669","288141"
"2019-03-04 08:07","ZooKeeperServer.java","179497","236236","415733"
"2019-07-08 23:26","ZooKeeperServer.java","179545","245537","425082"
"2019-01-23 14:00","ZooKeeperServer.java","179487","233430","412917"
"2019-02-13 13:19","ZooKeeperServer.java","179499","235947","415446"
"2019-05-14 17:11","ZooKeeperServer.java","179546","241429","420975"
"2013-01-25 02:17","ZooKeeperServer.java","12481","20655","33136"
"2015-07-10 08:19","ZooKeeperServer.java","23441","63752","87193"
"2019-06-04 10:55","ZooKeeperServer.java","179545","242245","421790"
"2019-04-09 15:35","ZooKeeperServer.java","179498","237571","417069"
"2019-08-03 08:42","ZooKeeperServer.java","179545","257469","437014"
"2019-05-15 11:56","ZooKeeperServer.java","179546","241516","421062"
"2019-05-22 11:39","ZooKeeperServer.java","179546","241962","421508"
"2019-04-22 19:15","ZooKeeperServer.java","179546","239544","419090"
"2018-02-23 23:49","ZooKeeperServer.java","32107","83507","115614"
"2016-11-16 06:21","ZooKeeperServer.java","27138","74620","101758"
"2012-12-19 19:07","ZooKeeperServer.java","12430","19566","31996"
"2017-08-18 06:32","ZooKeeperServer.java","31385","77551","108936"
"2017-06-26 00:16","ZooKeeperServer.java","30656","76814","107470"
"2019-09-10 04:26","ZooKeeperServer.java","179545","257806","437351"
"2019-08-17 17:13","ZooKeeperServer.java","179545","256761","436306"
"2019-09-05 23:12","ZooKeeperServer.java","179545","257680","437225"
"2019-09-10 15:21","ZooKeeperServer.java","179545","257804","437349"
"2019-08-01 07:31","ZooKeeperServer.java","179545","257432","436977"
"2019-08-01 07:28","ZooKeeperServer.java","179545","256942","436487"
"2019-06-03 19:40","ZooKeeperServer.java","179545","242092","421637"
"2015-03-17 18:06","ZooKeeperServer.java","22093","59390","81483"
"2019-11-23 17:08","ZooKeeperServer.java","180755","262672","443427"
"2019-10-09 16:49","ZooKeeperServer.java","179545","260347","439892"
"2019-07-03 00:44","ZooKeeperServer.java","179545","244774","424319"
"2018-01-19 01:12","ZooKeeperServer.java","32028","82386","114414"
"2019-07-24 18:00","ZooKeeperServer.java","179545","253216","432761"
"2013-05-16 18:49","ZooKeeperServer.java","13534","26258","39792"
"2018-08-08 06:21","ZooKeeperServer.java","91735","147826","239561"
"2018-05-09 23:57","ZooKeeperServer.java","32252","85157","117409"
"2019-12-27 22:33","ZooKeeperServer.java","180755","266649","447404"
"2016-08-13 15:01","ZooKeeperServer.java","26735","70316","97051"
"2018-09-11 00:17","ZooKeeperServer.java","114411","171406","285817"
"2019-11-18 09:05","ZooKeeperServer.java","180755","261115","441870"
"2019-10-10 14:37","ZooKeeperServer.java","179545","260514","440059"
"2019-09-16 23:26","ZooKeeperServer.java","179545","259780","439325"
"2013-10-08 01:35","ZooKeeperServer.java","14085","29613","43698"
"2017-06-23 18:39","ZooKeeperServer.java","30591","76769","107360"
"2011-12-28 07:07","ZooKeeperServer.java","7502","5173","12675"
"2019-12-03 10:01","ZooKeeperServer.java","180755","264574","445329"
"2020-03-25 03:38","ZooKeeperServer.java","180755","270756","451511"
"2019-11-28 12:24","ZooKeeperServer.java","180755","262877","443632"
"2019-11-06 15:21","ZooKeeperServer.java","179573","260758","440331"
"2011-09-17 02:36","ZooKeeperServer.java","3371","811","4182"
"2020-04-12 11:14","ZooKeeperServer.java","180755","271509","452264"
"2013-10-09 22:21","ZooKeeperServer.java","14258","32026","46284"
"2015-03-08 23:07","ZooKeeperServer.java","21996","58245","80241"
"2018-06-08 16:52","ZooKeeperServer.java","32296","85950","118246"
"2018-06-15 07:41","ZooKeeperServer.java","32300","85957","118257"
"2018-07-28 04:37","ZooKeeperServer.java","50263","105450","155713"
"2019-04-18 19:17","ZooKeeperServer.java","179546","239279","418825"
"2012-03-15 17:47","ZooKeeperServer.java","8121","7750","15871"
"2014-03-25 22:13","ZooKeeperServer.java","14736","36915","51651"
"2019-05-16 16:25","QuorumPeer.java","496","2778","3274"
"2019-06-14 09:06","QuorumPeer.java","1598","7079","8677"
"2019-11-29 14:49","QuorumPeer.java","37595","61635","99230"
"2019-06-03 19:40","QuorumPeer.java","769","3583","4352"
"2019-07-15 14:15","QuorumPeer.java","5426","18328","23754"
"2019-07-03 00:44","QuorumPeer.java","4397","9893","14290"
"2019-08-17 17:13","QuorumPeer.java","29721","47204","76925"
"2019-05-15 11:56","QuorumPeer.java","473","2710","3183"
"2019-06-05 00:33","QuorumPeer.java","1005","4209","5214"
"2019-05-20 23:13","QuorumPeer.java","555","2910","3465"
"2019-06-04 10:55","QuorumPeer.java","938","3905","4843"
"2019-07-12 17:01","QuorumPeer.java","5426","18222","23648"
"2020-01-09 11:27","QuorumPeer.java","38667","64253","102920"
"2019-12-17 13:48","QuorumPeer.java","37642","62254","99896"
"2020-01-23 13:43","QuorumPeer.java","39064","66474","105538"
"2019-10-10 14:37","QuorumPeer.java","31836","53072","84908"
"2020-02-16 10:25","QuorumPeer.java","39196","67319","106515"
"2015-02-06 06:17","PrepRequestProcessor.java","18734","57369","76103"
"2012-02-06 10:39","PrepRequestProcessor.java","4690","5666","10356"
"2013-03-07 07:01","PrepRequestProcessor.java","10233","25366","35599"
"2019-02-07 11:26","PrepRequestProcessor.java","176907","235015","411922"
"2019-09-11 10:27","PrepRequestProcessor.java","176966","258098","435064"
"2018-07-19 05:59","PrepRequestProcessor.java","47191","104362","151553"
"2017-09-11 18:55","PrepRequestProcessor.java","28414","77318","105732"
"2019-01-16 14:21","PrepRequestProcessor.java","176906","232662","409568"
"2017-06-01 05:45","PrepRequestProcessor.java","27342","75782","103124"
"2012-04-14 02:32","PrepRequestProcessor.java","6905","9445","16350"
"2019-11-08 17:30","PrepRequestProcessor.java","176994","262384","439378"
"2016-11-13 20:59","PrepRequestProcessor.java","23936","73431","97367"
"2019-04-09 15:35","PrepRequestProcessor.java","176917","237550","414467"
"2019-04-17 14:16","PrepRequestProcessor.java","176967","238815","415782"
"2014-10-28 05:35","PrepRequestProcessor.java","18569","55265","73834"
"2019-05-10 12:22","PrepRequestProcessor.java","176967","241250","418217"
"2017-06-26 00:16","PrepRequestProcessor.java","27562","76280","103842"
"2019-02-07 11:22","PrepRequestProcessor.java","176907","234677","411584"
"2016-11-16 06:21","PrepRequestProcessor.java","23960","74002","97962"
"2019-08-01 07:31","PrepRequestProcessor.java","176966","257413","434379"
"2019-06-26 10:57","PrepRequestProcessor.java","176966","244592","421558"
"2014-01-24 07:18","PrepRequestProcessor.java","11253","35119","46372"
"2015-05-29 19:45","PrepRequestProcessor.java","19088","60514","79602"
"2016-10-07 21:51","PrepRequestProcessor.java","23917","71159","95076"
"2015-06-04 19:51","PrepRequestProcessor.java","19202","61393","80595"
"2019-08-17 17:13","PrepRequestProcessor.java","176966","256742","433708"
"2018-08-08 06:21","PrepRequestProcessor.java","88704","147355","236059"
"2018-05-09 23:57","PrepRequestProcessor.java","29224","84689","113913"
"2015-06-11 20:09","PrepRequestProcessor.java","19216","61533","80749"
"2019-12-27 22:33","PrepRequestProcessor.java","178195","266649","444844"
"2014-04-01 01:47","PrepRequestProcessor.java","11698","36827","48525"
"2019-10-10 14:37","PrepRequestProcessor.java","176966","260495","437461"
"2020-03-25 03:38","PrepRequestProcessor.java","178195","270756","448951"
"2014-07-25 01:31","PrepRequestProcessor.java","18423","53043","71466"
"2013-10-09 22:21","PrepRequestProcessor.java","11019","31347","42366"
"2014-04-29 02:23","PrepRequestProcessor.java","17388","44519","61907"
"2015-03-08 23:07","PrepRequestProcessor.java","18789","57598","76387"
"2014-07-22 06:51","PrepRequestProcessor.java","18365","52796","71161"
"2012-03-15 17:47","PrepRequestProcessor.java","4789","6978","11767"
"2011-11-01 15:41","PrepRequestProcessor.java","3236","2028","5264"
"2011-10-28 00:58","PrepRequestProcessor.java","3048","1678","4726"
"2011-10-20 20:02","PrepRequestProcessor.java","2510","921","3431"
"2011-10-17 16:59","PrepRequestProcessor.java","822","641","1463"
"2018-06-15 07:41","PrepRequestProcessor.java","29272","85489","114761"
"2012-12-19 19:16","PrepRequestProcessor.java","9193","19770","28963"
"2011-11-14 20:18","PrepRequestProcessor.java","3254","2681","5935"
"2016-12-20 14:47","FollowerMXBean.java","19195","165672","184867"
"2019-07-25 21:41","FollowerMXBean.java","90102","254189","344291"
"2019-08-17 17:13","FollowerMXBean.java","90102","257706","347808"
"2018-12-09 03:16","FollowerMXBean.java","90075","230337","320412"
"2011-08-21 02:53","AuthTest.java","44748","17221","61969"
"2011-04-12 09:14","AuthTest.java","43429","4451","47880"
"2019-08-17 17:13","AuthTest.java","217436","256985","474421"
"2012-03-02 03:44","AuthTest.java","51101","24781","75882"
"2018-09-15 00:08","ZooKeeperServer.java","112993","174085","287078"
"2019-04-12 19:01","ZooKeeperServer.java","177141","238712","415853"
"2019-07-31 19:06","ZooKeeperServer.java","177140","256211","433351"
"2019-09-11 10:27","ZooKeeperServer.java","177140","258260","435400"
"2019-01-14 19:38","ZooKeeperServer.java","177072","232128","409200"
"2019-01-07 15:34","ZooKeeperServer.java","177072","231729","408801"
"2018-11-21 17:56","ZooKeeperServer.java","177071","224925","401996"
"2012-01-31 07:45","ZooKeeperServer.java","7733","8291","16024"
"2017-04-28 07:14","ZooKeeperServer.java","28377","77551","105928"
"2017-02-12 00:12","ZooKeeperServer.java","28331","76606","104937"
"2014-07-18 02:19","ZooKeeperServer.java","21527","55399","76926"
"2013-12-11 19:22","ZooKeeperServer.java","14387","36097","50484"
"2019-02-13 13:12","ZooKeeperServer.java","177087","235797","412884"
"2012-02-11 00:34","ZooKeeperServer.java","8168","9311","17479"
"2016-11-24 17:18","ZooKeeperServer.java","26524","76575","103099"
"2018-07-19 05:59","ZooKeeperServer.java","48909","106068","154977"
"2018-09-18 01:00","ZooKeeperServer.java","113050","174795","287845"
"2019-03-04 08:07","ZooKeeperServer.java","177088","236375","413463"
"2019-07-08 23:26","ZooKeeperServer.java","177140","245680","422820"
"2019-01-23 14:00","ZooKeeperServer.java","177073","233564","410637"
"2019-02-13 13:19","ZooKeeperServer.java","177087","236083","413170"
"2019-05-14 17:11","ZooKeeperServer.java","177141","241572","418713"
"2013-01-25 02:17","ZooKeeperServer.java","12571","23293","35864"
"2015-07-10 08:19","ZooKeeperServer.java","23433","66292","89725"
"2019-06-04 10:55","ZooKeeperServer.java","177140","242388","419528"
"2019-04-09 15:35","ZooKeeperServer.java","177089","237710","414799"
"2019-08-03 08:42","ZooKeeperServer.java","177140","257612","434752"
"2019-05-15 11:56","ZooKeeperServer.java","177141","241659","418800"
"2019-05-22 11:39","ZooKeeperServer.java","177141","242105","419246"
"2019-04-22 19:15","ZooKeeperServer.java","177141","239687","416828"
"2018-02-23 23:49","ZooKeeperServer.java","30884","84832","115716"
"2016-11-16 06:21","ZooKeeperServer.java","25971","76001","101972"
"2012-12-19 19:07","ZooKeeperServer.java","12521","22205","34726"
"2017-08-18 06:32","ZooKeeperServer.java","30157","78871","109028"
"2017-06-26 00:16","ZooKeeperServer.java","29430","78136","107566"
"2019-09-10 04:26","ZooKeeperServer.java","177140","257949","435089"
"2019-08-17 17:13","ZooKeeperServer.java","177140","256904","434044"
"2019-09-05 23:12","ZooKeeperServer.java","177140","257823","434963"
"2019-09-10 15:21","ZooKeeperServer.java","177140","257947","435087"
"2019-08-01 07:31","ZooKeeperServer.java","177140","257575","434715"
"2019-08-01 07:28","ZooKeeperServer.java","177140","257085","434225"
"2019-06-03 19:40","ZooKeeperServer.java","177140","242235","419375"
"2015-03-17 18:06","ZooKeeperServer.java","22084","61929","84013"
"2019-11-23 17:08","ZooKeeperServer.java","178238","262703","440941"
"2019-10-09 16:49","ZooKeeperServer.java","177140","260490","437630"
"2019-07-03 00:44","ZooKeeperServer.java","177140","244917","422057"
"2018-01-19 01:12","ZooKeeperServer.java","30822","83728","114550"
"2019-07-24 18:00","ZooKeeperServer.java","177140","253359","430499"
"2013-05-16 18:49","ZooKeeperServer.java","13614","28886","42500"
"2018-08-08 06:21","ZooKeeperServer.java","90375","149014","239389"
"2018-05-09 23:57","ZooKeeperServer.java","31029","86482","117511"
"2019-12-27 22:33","ZooKeeperServer.java","178238","266680","444918"
"2016-08-13 15:01","ZooKeeperServer.java","25568","71697","97265"
"2018-09-11 00:17","ZooKeeperServer.java","112989","172532","285521"
"2019-11-18 09:05","ZooKeeperServer.java","178238","261146","439384"
"2019-10-10 14:37","ZooKeeperServer.java","177140","260657","437797"
"2019-09-16 23:26","ZooKeeperServer.java","177140","259923","437063"
"2013-10-08 01:35","ZooKeeperServer.java","14125","32201","46326"
"2017-06-23 18:39","ZooKeeperServer.java","29365","78091","107456"
"2011-12-28 07:07","ZooKeeperServer.java","7633","7852","15485"
"2019-12-03 10:01","ZooKeeperServer.java","178238","264605","442843"
"2020-03-25 03:38","ZooKeeperServer.java","178238","270787","449025"
"2019-11-28 12:24","ZooKeeperServer.java","178238","262908","441146"
"2019-11-06 15:21","ZooKeeperServer.java","177140","260873","438013"
"2011-09-17 02:36","ZooKeeperServer.java","3632","3620","7252"
"2020-04-12 11:14","ZooKeeperServer.java","178238","271540","449778"
"2011-09-14 08:56","ZooKeeperServer.java","328","2876","3204"
"2013-10-09 22:21","ZooKeeperServer.java","14298","34614","48912"
"2015-03-08 23:07","ZooKeeperServer.java","21990","60787","82777"
"2018-06-08 16:52","ZooKeeperServer.java","31034","87236","118270"
"2018-06-15 07:41","ZooKeeperServer.java","31038","87243","118281"
"2018-07-28 04:37","ZooKeeperServer.java","48957","106692","155649"
"2019-04-18 19:17","ZooKeeperServer.java","177141","239422","416563"
"2012-03-15 17:47","ZooKeeperServer.java","8247","10424","18671"
"2014-03-25 22:13","ZooKeeperServer.java","14771","39498","54269"
"2018-12-09 03:16","FollowerRequestProcessor.java","175467","229240","404707"
"2013-03-07 07:01","FollowerRequestProcessor.java","7550","24022","31572"
"2016-10-07 21:51","FollowerRequestProcessor.java","21311","69892","91203"
"2019-08-17 17:13","FollowerRequestProcessor.java","175544","256659","432203"
"2015-06-04 19:51","FollowerRequestProcessor.java","16522","60052","76574"
"2019-08-01 07:31","FollowerRequestProcessor.java","175544","257330","432874"
"2014-03-23 04:12","FollowerRequestProcessor.java","8829","34671","43500"
"2020-03-25 03:38","FollowerRequestProcessor.java","176849","270749","447598"
"2014-07-18 19:46","FollowerRequestProcessor.java","15654","51104","66758"
"2019-10-10 14:37","FollowerRequestProcessor.java","175544","260412","435956"
"2020-05-05 21:20","FollowerRequestProcessor.java","176849","271780","448629"
"2013-10-09 22:21","FollowerRequestProcessor.java","8336","30003","38339"
"2015-03-08 23:07","FollowerRequestProcessor.java","16142","56290","72432"
"2019-08-17 17:13","Election.java","178405","256932","435337"
"2019-08-17 17:13","WatchDeregistration.java","200382","256292","456674"
"2018-09-15 00:08","ZooKeeperServer.java","119480","182999","302479"
"2019-04-12 19:01","ZooKeeperServer.java","187414","238793","426207"
"2019-07-31 19:06","ZooKeeperServer.java","187413","256292","443705"
"2019-09-11 10:27","ZooKeeperServer.java","187413","258341","445754"
"2019-01-14 19:38","ZooKeeperServer.java","187347","232211","419558"
"2019-01-07 15:34","ZooKeeperServer.java","187347","231812","419159"
"2018-11-21 17:56","ZooKeeperServer.java","187346","225008","412354"
"2012-01-31 07:45","ZooKeeperServer.java","21474","24459","45933"
"2017-04-28 07:14","ZooKeeperServer.java","39591","91192","130783"
"2011-08-19 00:05","ZooKeeperServer.java","15526","17925","33451"
"2017-02-12 00:12","ZooKeeperServer.java","39549","90251","129800"
"2014-07-18 02:19","ZooKeeperServer.java","33820","70119","103939"
"2013-12-11 19:22","ZooKeeperServer.java","26905","51042","77947"
"2019-02-13 13:12","ZooKeeperServer.java","187360","235878","423238"
"2012-02-11 00:34","ZooKeeperServer.java","21811","25381","47192"
"2016-11-24 17:18","ZooKeeperServer.java","38159","90637","128796"
"2018-07-19 05:59","ZooKeeperServer.java","57849","117435","175284"
"2018-09-18 01:00","ZooKeeperServer.java","119535","183707","303242"
"2019-03-04 08:07","ZooKeeperServer.java","187361","236456","423817"
"2019-07-08 23:26","ZooKeeperServer.java","187413","245761","433174"
"2019-01-23 14:00","ZooKeeperServer.java","187348","233647","420995"
"2019-02-13 13:19","ZooKeeperServer.java","187360","236164","423524"
"2019-05-14 17:11","ZooKeeperServer.java","187414","241653","429067"
"2013-01-25 02:17","ZooKeeperServer.java","25837","38986","64823"
"2015-07-10 08:19","ZooKeeperServer.java","35374","80660","116034"
"2019-06-04 10:55","ZooKeeperServer.java","187413","242469","429882"
"2011-06-14 07:14","ZooKeeperServer.java","15156","8151","23307"
"2019-04-09 15:35","ZooKeeperServer.java","187362","237791","425153"
"2019-08-03 08:42","ZooKeeperServer.java","187413","257693","445106"
"2019-05-15 11:56","ZooKeeperServer.java","187414","241740","429154"
"2019-05-22 11:39","ZooKeeperServer.java","187414","242186","429600"
"2019-04-22 19:15","ZooKeeperServer.java","187414","239768","427182"
"2018-02-23 23:49","ZooKeeperServer.java","40901","97276","138177"
"2016-11-16 06:21","ZooKeeperServer.java","37609","90066","127675"
"2012-12-19 19:07","ZooKeeperServer.java","25771","37882","63653"
"2017-08-18 06:32","ZooKeeperServer.java","40505","91646","132151"
"2017-06-26 00:16","ZooKeeperServer.java","40409","91542","131951"
"2019-09-10 04:26","ZooKeeperServer.java","187413","258030","445443"
"2019-08-17 17:13","ZooKeeperServer.java","187413","256985","444398"
"2019-09-05 23:12","ZooKeeperServer.java","187413","257904","445317"
"2019-09-10 15:21","ZooKeeperServer.java","187413","258028","445441"
"2019-08-01 07:31","ZooKeeperServer.java","187413","257656","445069"
"2019-08-01 07:28","ZooKeeperServer.java","187413","257166","444579"
"2019-06-03 19:40","ZooKeeperServer.java","187413","242316","429729"
"2015-03-17 18:06","ZooKeeperServer.java","34222","76494","110716"
"2019-11-23 17:08","ZooKeeperServer.java","188486","262759","451245"
"2019-10-09 16:49","ZooKeeperServer.java","187413","260571","447984"
"2019-07-03 00:44","ZooKeeperServer.java","187413","244998","432411"
"2018-01-19 01:12","ZooKeeperServer.java","40836","96169","137005"
"2019-07-24 18:00","ZooKeeperServer.java","187413","253440","440853"
"2013-05-16 18:49","ZooKeeperServer.java","26322","44021","70343"
"2018-08-08 06:21","ZooKeeperServer.java","98953","160019","258972"
"2018-05-09 23:57","ZooKeeperServer.java","41042","98922","139964"
"2019-12-27 22:33","ZooKeeperServer.java","188486","266736","455222"
"2016-08-13 15:01","ZooKeeperServer.java","37364","85920","123284"
"2018-09-11 00:17","ZooKeeperServer.java","119476","181446","300922"
"2019-11-18 09:05","ZooKeeperServer.java","188486","261202","449688"
"2019-10-10 14:37","ZooKeeperServer.java","187413","260738","448151"
"2019-09-16 23:26","ZooKeeperServer.java","187413","260004","447417"
"2013-10-08 01:35","ZooKeeperServer.java","26686","47189","73875"
"2017-06-23 18:39","ZooKeeperServer.java","40351","91504","131855"
"2011-12-28 07:07","ZooKeeperServer.java","21452","24098","45550"
"2019-12-03 10:01","ZooKeeperServer.java","188486","264661","453147"
"2020-03-25 03:38","ZooKeeperServer.java","188486","270843","459329"
"2019-11-28 12:24","ZooKeeperServer.java","188486","262964","451450"
"2019-11-06 15:21","ZooKeeperServer.java","187413","260954","448367"
"2011-05-20 01:17","ZooKeeperServer.java","14810","6674","21484"
"2011-09-17 02:36","ZooKeeperServer.java","18658","21073","39731"
"2020-04-12 11:14","ZooKeeperServer.java","188486","271596","460082"
"2011-09-14 08:56","ZooKeeperServer.java","15761","20736","36497"
"2011-08-21 02:53","ZooKeeperServer.java","15530","17957","33487"
"2013-10-09 22:21","ZooKeeperServer.java","26856","49599","76455"
"2015-03-08 23:07","ZooKeeperServer.java","34138","75362","109500"
"2018-06-08 16:52","ZooKeeperServer.java","41047","99676","140723"
"2018-06-15 07:41","ZooKeeperServer.java","41064","99696","140760"
"2018-07-28 04:37","ZooKeeperServer.java","57882","118044","175926"
"2019-04-18 19:17","ZooKeeperServer.java","187414","239503","426917"
"2012-03-15 17:47","ZooKeeperServer.java","21858","26462","48320"
"2014-03-25 22:13","ZooKeeperServer.java","27185","54339","81524"
"2011-04-12 09:14","ZooKeeperServer.java","14662","5707","20369"
"2017-09-11 18:55","QuorumBase.java","40664","111393","152057"
"2012-04-23 01:20","QuorumBase.java","26113","51233","77346"
"2019-07-12 17:01","QuorumBase.java","167976","252328","420304"
"2012-12-11 08:42","QuorumBase.java","26944","57243","84187"
"2019-08-17 17:13","QuorumBase.java","167976","257015","424991"
"2019-08-01 07:31","QuorumBase.java","167976","257686","425662"
"2018-08-08 06:21","QuorumBase.java","82978","163454","246432"
"2019-10-10 14:37","QuorumBase.java","167976","260768","428744"
"2020-03-25 03:38","QuorumBase.java","169023","270847","439870"
"2014-07-18 19:46","QuorumBase.java","35217","91153","126370"
"2010-07-23 06:22","QuorumBase.java","3481","17048","20529"
"2011-05-20 01:17","QuorumBase.java","17532","28863","46395"
"2010-05-05 22:32","QuorumBase.java","2750","2522","5272"
"2010-08-18 08:24","QuorumBase.java","4983","24450","29433"
"2013-10-09 22:21","QuorumBase.java","28459","70612","99071"
"2014-06-25 19:25","QuorumBase.java","34671","85611","120282"
"2011-04-12 09:14","QuorumBase.java","17408","27920","45328"
"2019-11-21 05:58","NIOServerCnxn.java","34424","49578","84002"
"2019-11-18 09:05","NIOServerCnxn.java","34414","49545","83959"
"2019-09-16 23:26","NIOServerCnxn.java","28327","43333","71660"
"2019-10-10 14:37","NIOServerCnxn.java","29175","44915","74090"
"2020-02-11 06:50","NIOServerCnxn.java","36590","59096","95686"
"2019-07-08 23:26","NIOServerCnxn.java","91","854","945"
"2019-08-17 17:13","NIOServerCnxn.java","26740","38727","65467"
"2019-08-03 08:42","NIOServerCnxn.java","3302","15997","19299"
"2013-09-26 14:05","Zab1_0Test.java","3917","17768","21685"
"2014-05-09 23:37","Zab1_0Test.java","11439","35029","46468"
"2017-01-07 01:09","Zab1_0Test.java","19554","67021","86575"
"2015-12-06 21:30","Zab1_0Test.java","15120","55821","70941"
"2019-12-17 13:48","Zab1_0Test.java","181574","264905","446479"
"2013-11-19 02:03","Zab1_0Test.java","4486","22082","26568"
"2015-07-07 07:11","Zab1_0Test.java","14802","53952","68754"
"2019-12-27 22:33","Zab1_0Test.java","181574","266454","448028"
"2013-10-24 20:41","Zab1_0Test.java","4445","21903","26348"
"2019-10-10 14:37","Zab1_0Test.java","180262","260217","440479"
"2013-11-07 06:41","Zab1_0Test.java","4455","22003","26458"
"2015-05-14 18:40","Zab1_0Test.java","13531","51381","64912"
"2019-08-17 17:13","Zab1_0Test.java","180262","256464","436726"
"2019-06-03 19:40","Zab1_0Test.java","180262","241795","422057"
"2018-05-10 06:00","Zab1_0Test.java","24555","76731","101286"
"2017-11-28 00:10","Zab1_0Test.java","23885","73072","96957"
"2013-10-07 21:08","Zab1_0Test.java","4113","18488","22601"
"2012-12-31 02:38","Zab1_0Test.java","2015","9062","11077"
"2017-08-18 06:32","Zab1_0Test.java","23437","68589","92026"
"2012-08-01 17:53","Zab1_0Test.java","80","1222","1302"
"2013-03-07 07:01","Zab1_0Test.java","3374","14933","18307"
"2012-12-13 08:25","Zab1_0Test.java","1433","6540","7973"
"2017-02-12 00:12","Zab1_0Test.java","21708","66421","88129"
"2019-01-31 15:55","CliCommand.java","224893","232833","457726"
"2019-08-17 17:13","CliCommand.java","225011","255292","480303"
"2019-08-17 17:13","Leader.java","201018","256291","457309"
"2019-06-29 00:33","Leader.java","201018","244278","445296"
"2019-06-03 19:40","Leader.java","201018","241622","442640"
"2014-05-20 23:42","Leader.java","7722","10839","18561"
"2019-07-15 14:15","Leader.java","201018","251710","452728"
"2015-03-17 18:06","Leader.java","10499","25853","36352"
"2019-07-25 21:41","Leader.java","201018","252774","453792"
"2018-05-10 06:00","Leader.java","24405","55652","80057"
"2018-07-12 01:33","Leader.java","32579","64759","97338"
"2018-02-07 01:05","Leader.java","24095","53208","77303"
"2017-11-28 00:10","Leader.java","23642","51900","75542"
"2019-06-05 00:33","Leader.java","201018","242012","443030"
"2015-04-10 22:22","Leader.java","10545","26967","37512"
"2019-08-03 08:42","Leader.java","201018","256999","458017"
"2019-06-05 23:57","Leader.java","201018","242281","443299"
"2017-01-13 19:29","Leader.java","17999","44740","62739"
"2019-01-07 14:55","Leader.java","200911","231075","431986"
"2019-04-12 19:01","Leader.java","201002","238082","439084"
"2018-12-09 03:16","Leader.java","200910","228841","429751"
"2018-08-17 14:40","Leader.java","85572","120048","205620"
"2019-11-29 14:49","Leader.java","202436","264266","466702"
"2018-11-27 10:02","Leader.java","200910","226517","427427"
"2015-02-06 06:17","Leader.java","10270","24402","34672"
"2017-02-15 23:04","Leader.java","20685","44470","65155"
"2014-07-18 02:19","Leader.java","9078","18459","27537"
"2018-08-29 06:26","Leader.java","106937","141621","248558"
"2018-08-03 18:52","Leader.java","43012","76690","119702"
"2017-09-11 18:55","Leader.java","23216","47617","70833"
"2018-09-18 01:00","Leader.java","112171","149425","261596"
"2016-12-20 14:47","Leader.java","17949","43848","61797"
"2014-07-20 04:50","Leader.java","9337","19239","28576"
"2014-06-10 00:19","Leader.java","7742","11793","19535"
"2016-06-23 23:25","Leader.java","16079","36914","52993"
"2016-06-23 23:45","Leader.java","16110","37053","53163"
"2020-03-25 03:38","Leader.java","202436","270494","472930"
"2019-12-27 22:33","Leader.java","202436","266387","468823"
"2016-08-13 15:01","Leader.java","16585","38223","54808"
"2019-10-10 14:37","Leader.java","201018","260044","461062"
"2019-10-10 14:37","ClientCnxnSocket.java","3717","7470","11187"
"2018-12-09 03:16","FollowerRequestProcessor.java","178339","229524","407863"
"2013-03-07 07:01","FollowerRequestProcessor.java","12977","39549","52526"
"2016-10-07 21:51","FollowerRequestProcessor.java","24594","83275","107869"
"2019-08-17 17:13","FollowerRequestProcessor.java","178405","256932","435337"
"2015-06-04 19:51","FollowerRequestProcessor.java","21330","74960","96290"
"2019-08-01 07:31","FollowerRequestProcessor.java","178405","257603","436008"
"2014-03-23 04:12","FollowerRequestProcessor.java","13945","49887","63832"
"2020-03-25 03:38","FollowerRequestProcessor.java","179499","270811","450310"
"2014-07-18 19:46","FollowerRequestProcessor.java","20663","66213","86876"
"2019-10-10 14:37","FollowerRequestProcessor.java","178405","260685","439090"
"2011-10-28 18:37","FollowerRequestProcessor.java","7062","17162","24224"
"2011-07-15 06:50","FollowerRequestProcessor.java","1495","7880","9375"
"2020-05-05 21:20","FollowerRequestProcessor.java","179499","271842","451341"
"2013-10-09 22:21","FollowerRequestProcessor.java","13596","45363","58959"
"2015-03-08 23:07","FollowerRequestProcessor.java","21015","71263","92278"
"2016-12-22 23:23","StatResetCommand.java","6524","14721","21245"
"2019-08-17 17:13","StatResetCommand.java","218737","255967","474704"
"2018-02-07 01:05","StatResetCommand.java","13884","24954","38838"
"2019-06-07 14:13","TruncateTest.java","167729","243119","410848"
"2015-05-14 18:40","TruncateTest.java","36902","100373","137275"
"2019-08-17 17:13","TruncateTest.java","167729","257015","424744"
"2018-05-09 23:57","TruncateTest.java","42165","119677","161842"
"2014-09-27 08:20","TruncateTest.java","36643","95099","131742"
"2019-07-12 17:01","TruncateTest.java","167729","252328","420057"
"2017-08-18 06:32","TruncateTest.java","41765","112538","154303"
"2012-07-17 23:25","TruncateTest.java","27609","54348","81957"
"2010-03-16 22:23","TruncateTest.java","9","34","43"
"2017-09-11 18:55","TruncateTest.java","41863","112814","154677"
"2014-06-30 19:11","TruncateTest.java","36016","87238","123254"
"2016-08-24 01:36","TruncateTest.java","39193","107149","146342"
"2010-03-31 06:26","TruncateTest.java","2714","2961","5675"
"2010-08-18 08:24","TruncateTest.java","7667","27381","35048"
"2017-05-11 16:59","TruncateTest.java","41613","112016","153629"
"2020-01-28 17:26","TruncateTest.java","168776","268460","437236"
"2017-01-07 01:09","TruncateTest.java","39607","112695","152302"
"2014-02-12 17:00","TruncateTest.java","29968","76131","106099"
"2014-01-03 01:24","TruncateTest.java","29888","74089","103977"
"2019-07-30 02:31","CommitProcessorConcurrencyTest.java","218914","253887","472801"
"2016-05-15 23:31","CommitProcessorConcurrencyTest.java","3961","6097","10058"
"2019-08-17 17:13","CommitProcessorConcurrencyTest.java","218914","255966","474880"
"2017-09-11 18:55","CommitProcessorConcurrencyTest.java","12795","18975","31770"
"2019-10-10 14:37","CommitProcessorConcurrencyTest.java","218914","259719","478633"
"2019-10-10 14:37","SessionTrackerImpl.java","3717","7470","11187"
"2019-09-20 10:02","SessionTrackerImpl.java","2297","5217","7514"
"2020-03-26 22:16","SessionTrackerImpl.java","12224","25016","37240"
"2019-09-05 23:12","SessionTrackerImpl.java","1438","2357","3795"
"2014-02-12 17:00","TxnLogProposalIterator.java","1437","8558","9995"
"2019-12-27 22:33","TxnLogProposalIterator.java","194942","266401","461343"
"2019-08-17 17:13","TxnLogProposalIterator.java","193596","256377","449973"
"2019-09-18 11:20","ReconfigTest.java","37882","72097","109979"
"2019-05-03 17:37","ReconfigTest.java","9487","24912","34399"
"2019-05-08 21:54","ReconfigTest.java","9526","25331","34857"
"2019-08-17 17:13","ReconfigTest.java","36458","67761","104219"
"2019-11-29 14:49","ReconfigTest.java","43829","81689","125518"
"2018-12-09 03:16","ReconfigTest.java","796","4757","5553"
"2019-02-06 09:46","ZooKeeper.java","218759","234624","453383"
"2019-01-16 14:21","ZooKeeper.java","218758","232900","451658"
"2017-04-18 02:02","ZooKeeper.java","68582","88736","157318"
"2019-11-08 17:30","ZooKeeper.java","218823","262599","481422"
"2019-02-07 11:26","ZooKeeper.java","218759","235253","454012"
"2013-03-07 07:01","ZooKeeper.java","55023","41230","96253"
"2011-07-01 00:53","ZooKeeper.java","44306","8586","52892"
"2013-12-17 17:55","ZooKeeper.java","55668","48679","104347"
"2012-02-06 09:56","ZooKeeper.java","50189","22236","72425"
"2012-03-17 01:31","ZooKeeper.java","50471","24023","74494"
"2012-11-17 15:03","ZooKeeper.java","53201","31872","85073"
"2017-05-01 17:19","ZooKeeper.java","68593","88874","157467"
"2014-01-24 07:18","ZooKeeper.java","55746","50686","106432"
"2019-08-17 17:13","ZooKeeper.java","218823","256985","475808"
"2015-06-04 19:51","ZooKeeper.java","63265","76530","139795"
"2016-10-07 21:51","ZooKeeper.java","66468","84784","151252"
"2015-03-16 09:09","ZooKeeper.java","62964","73185","136149"
"2015-03-17 18:06","ZooKeeper.java","63045","73976","137021"
"2016-05-02 18:15","ZooKeeper.java","65966","81516","147482"
"2019-06-26 10:57","ZooKeeper.java","218823","244835","463658"
"2019-06-03 19:40","ZooKeeper.java","218823","242316","461139"
"2018-05-09 23:57","ZooKeeper.java","70063","96602","166665"
"2019-08-03 08:42","ZooKeeper.java","218823","257693","476516"
"2016-11-13 20:59","ZooKeeper.java","66486","87055","153541"
"2013-02-03 15:52","ZooKeeper.java","54581","36725","91306"
"2012-09-28 18:32","ZooKeeper.java","53013","29716","82729"
"2017-07-28 00:36","ZooKeeper.java","69431","88846","158277"
"2017-08-18 23:35","ZooKeeper.java","69507","89407","158914"
"2017-07-04 07:56","ZooKeeper.java","69414","89439","158853"
"2020-04-16 12:50","ZooKeeper.java","219896","271632","491528"
"2018-07-27 05:16","ZooKeeper.java","86927","115484","202411"
"2019-10-10 14:37","ZooKeeper.java","218823","260738","479561"
"2014-04-01 04:03","ZooKeeper.java","56114","52534","108648"
"2012-12-19 19:16","ZooKeeper.java","54519","36170","90689"
"2019-02-11 12:34","ZooKeeper.java","218759","235616","454375"
"2014-07-08 20:18","ZooKeeper.java","62363","63670","126033"
"2020-05-17 15:13","ZooKeeper.java","219898","272005","491903"
"2017-01-09 22:49","ZooKeeper.java","67036","89173","156209"
"2011-05-20 01:17","ZooKeeper.java","42825","3279","46104"
"2019-03-12 19:08","ZooKeeper.java","218771","237056","455827"
"2011-09-06 00:58","ZooKeeper.java","44239","17282","61521"
"2014-07-22 06:51","ZooKeeper.java","62653","68158","130811"
"2014-04-29 02:23","ZooKeeper.java","61797","60002","121799"
"2019-08-17 17:13","NetUtilsTest.java","232585","254163","486748"
"2019-08-17 17:13","PathUtilsTest.java","218914","255966","474880"
"2019-08-17 17:13","X509AuthTest.java","217153","256083","473236"
"2019-06-03 19:40","X509AuthTest.java","217152","241413","458565"
"2018-10-16 16:22","QuorumPeerConfig.java","181751","235185","416936"
"2018-12-09 03:16","QuorumPeerConfig.java","201146","228841","429987"
"2019-04-12 19:01","QuorumPeerConfig.java","201238","238082","439320"
"2018-09-11 15:23","QuorumPeerConfig.java","112132","147895","260027"
"2018-12-15 07:34","QuorumPeerConfig.java","201146","228756","429902"
"2019-02-13 13:12","QuorumPeerConfig.java","201167","235150","436317"
"2019-08-17 17:13","QuorumPeerConfig.java","201254","256291","457545"
"2015-03-17 18:06","QuorumPeerConfig.java","10486","25604","36090"
"2017-11-28 00:10","QuorumPeerConfig.java","23660","51682","75342"
"2019-06-05 00:29","QuorumPeerConfig.java","201254","241958","443212"
"2014-09-17 07:34","QuorumPeerConfig.java","9840","21505","31345"
"2020-01-09 11:27","QuorumPeerConfig.java","202672","265812","468484"
"2019-07-12 17:01","QuorumPeerConfig.java","201254","251604","452858"
"2016-11-13 20:59","QuorumPeerConfig.java","17214","41970","59184"
"2019-05-15 11:56","QuorumPeerConfig.java","201238","241029","442267"
"2014-08-19 22:50","QuorumPeerConfig.java","9838","20417","30255"
"2018-10-01 06:11","QuorumPeerConfig.java","112379","151976","264355"
"2017-07-28 00:36","QuorumPeerConfig.java","23008","46610","69618"
"2017-07-06 18:48","QuorumPeerConfig.java","21994","46478","68472"
"2020-01-23 13:43","QuorumPeerConfig.java","202672","267636","470308"
"2014-05-17 13:23","QuorumPeerConfig.java","7478","9917","17395"
"2014-07-04 04:19","QuorumPeerConfig.java","7875","12863","20738"
"2016-06-23 19:42","QuorumPeerConfig.java","16061","36385","52446"
"2015-09-06 20:02","QuorumPeerConfig.java","12431","31061","43492"
"2015-09-29 03:56","QuorumPeerConfig.java","12477","31288","43765"
"2019-10-10 14:37","QuorumPeerConfig.java","201254","260044","461298"
"2018-07-27 12:32","QuorumPeerConfig.java","42892","75828","118720"
"2019-04-18 19:17","QuorumPeerConfig.java","201238","238792","440030"
"2016-11-03 16:07","QuorumPeerConfig.java","17066","40153","57219"
"2014-08-01 07:38","QuorumPeerConfig.java","9649","19693","29342"
"2014-08-14 08:08","QuorumPeerConfig.java","9745","20210","29955"
"2020-02-16 10:25","QuorumPeerConfig.java","202672","268349","471021"
"2020-05-14 18:18","QuorumPeerConfig.java","202683","271585","474268"
"2017-05-11 16:59","QuorumPeerConfig.java","21666","45283","66949"
"2018-09-15 00:08","ZooKeeperServer.java","111753","152529","264282"
"2019-04-12 19:01","ZooKeeperServer.java","196903","238158","435061"
"2019-07-31 19:06","ZooKeeperServer.java","196919","255674","452593"
"2019-09-11 10:27","ZooKeeperServer.java","196919","257723","454642"
"2019-01-14 19:38","ZooKeeperServer.java","196820","231560","428380"
"2019-01-07 15:34","ZooKeeperServer.java","196820","231161","427981"
"2018-11-21 17:56","ZooKeeperServer.java","196818","224356","421174"
"2017-04-28 07:14","ZooKeeperServer.java","20679","49537","70216"
"2017-02-12 00:12","ZooKeeperServer.java","20600","48559","69159"
"2014-07-18 02:19","ZooKeeperServer.java","9599","23155","32754"
"2013-12-11 19:22","ZooKeeperServer.java","205","1599","1804"
"2019-02-13 13:12","ZooKeeperServer.java","196840","235234","432074"
"2016-11-24 17:18","ZooKeeperServer.java","17961","47696","65657"
"2018-07-19 05:59","ZooKeeperServer.java","42587","79430","122017"
"2018-09-18 01:00","ZooKeeperServer.java","111813","153242","265055"
"2019-03-04 08:07","ZooKeeperServer.java","196839","235810","432649"
"2019-07-08 23:26","ZooKeeperServer.java","196919","245143","442062"
"2019-01-23 14:00","ZooKeeperServer.java","196821","232996","429817"
"2019-02-13 13:19","ZooKeeperServer.java","196840","235520","432360"
"2019-05-14 17:11","ZooKeeperServer.java","196903","241018","437921"
"2015-07-10 08:19","ZooKeeperServer.java","12610","35153","47763"
"2019-06-04 10:55","ZooKeeperServer.java","196919","241851","438770"
"2019-04-09 15:35","ZooKeeperServer.java","196840","237145","433985"
"2019-08-03 08:42","ZooKeeperServer.java","196919","257075","453994"
"2019-05-15 11:56","ZooKeeperServer.java","196903","241105","438008"
"2019-05-22 11:39","ZooKeeperServer.java","196903","241551","438454"
"2019-04-22 19:15","ZooKeeperServer.java","196903","239133","436036"
"2018-02-23 23:49","ZooKeeperServer.java","23980","57612","81592"
"2016-11-16 06:21","ZooKeeperServer.java","17394","47108","64502"
"2017-08-18 06:32","ZooKeeperServer.java","22961","51359","74320"
"2017-06-26 00:16","ZooKeeperServer.java","21848","50238","72086"
"2019-09-10 04:26","ZooKeeperServer.java","196919","257412","454331"
"2019-08-17 17:13","ZooKeeperServer.java","196919","256367","453286"
"2019-09-05 23:12","ZooKeeperServer.java","196919","257286","454205"
"2019-09-10 15:21","ZooKeeperServer.java","196919","257410","454329"
"2019-08-01 07:31","ZooKeeperServer.java","196919","257038","453957"
"2019-08-01 07:28","ZooKeeperServer.java","196919","256548","453467"
"2019-06-03 19:40","ZooKeeperServer.java","196919","241698","438617"
"2015-03-17 18:06","ZooKeeperServer.java","10937","30466","41403"
"2019-11-23 17:08","ZooKeeperServer.java","198267","262416","460683"
"2019-10-09 16:49","ZooKeeperServer.java","196919","259953","456872"
"2019-07-03 00:44","ZooKeeperServer.java","196919","244380","441299"
"2018-01-19 01:12","ZooKeeperServer.java","23893","56483","80376"
"2019-07-24 18:00","ZooKeeperServer.java","196919","252822","449741"
"2018-08-08 06:21","ZooKeeperServer.java","85317","123640","208957"
"2018-05-09 23:57","ZooKeeperServer.java","24135","59272","83407"
"2019-12-27 22:33","ZooKeeperServer.java","198267","266393","464660"
"2016-08-13 15:01","ZooKeeperServer.java","16761","42574","59335"
"2018-09-11 00:17","ZooKeeperServer.java","111736","150963","262699"
"2019-11-18 09:05","ZooKeeperServer.java","198267","260859","459126"
"2019-10-10 14:37","ZooKeeperServer.java","196919","260120","457039"
"2019-09-16 23:26","ZooKeeperServer.java","196919","259386","456305"
"2017-06-23 18:39","ZooKeeperServer.java","21782","50192","71974"
"2019-12-03 10:01","ZooKeeperServer.java","198267","264318","462585"
"2020-03-25 03:38","ZooKeeperServer.java","198267","270500","468767"
"2019-11-28 12:24","ZooKeeperServer.java","198267","262621","460888"
"2019-11-06 15:21","ZooKeeperServer.java","196947","260364","457311"
"2020-04-12 11:14","ZooKeeperServer.java","198267","271253","469520"
"2015-03-08 23:07","ZooKeeperServer.java","10804","29285","40089"
"2018-06-08 16:52","ZooKeeperServer.java","24255","60141","84396"
"2018-06-15 07:41","ZooKeeperServer.java","24261","60150","84411"
"2018-07-28 04:37","ZooKeeperServer.java","42660","80079","122739"
"2019-04-18 19:17","ZooKeeperServer.java","196903","238868","435771"
"2014-03-25 22:13","ZooKeeperServer.java","770","5181","5951"
"2019-10-10 14:37","ZooKeeperSaslClient.java","181397","260217","441614"
"2016-03-02 07:46","ZooKeeperSaslClient.java","15487","55506","70993"
"2016-03-05 01:03","ZooKeeperSaslClient.java","16644","55556","72200"
"2015-12-05 22:32","ZooKeeperSaslClient.java","15319","54840","70159"
"2020-02-04 10:39","ZooKeeperSaslClient.java","182709","268260","450969"
"2012-09-09 20:24","ZooKeeperSaslClient.java","223","962","1185"
"2012-09-28 18:32","ZooKeeperSaslClient.java","255","1175","1430"
"2019-01-31 15:50","ZooKeeperSaslClient.java","181304","234038","415342"
"2019-08-03 08:42","ZooKeeperSaslClient.java","181397","257172","438569"
"2014-12-20 15:29","ZooKeeperSaslClient.java","13335","47055","60390"
"2017-11-28 00:10","ZooKeeperSaslClient.java","24167","72219","96386"
"2013-09-18 12:58","ZooKeeperSaslClient.java","4106","16531","20637"
"2013-10-11 21:18","ZooKeeperSaslClient.java","4580","20413","24993"
"2016-05-02 18:15","ZooKeeperSaslClient.java","18243","58010","76253"
"2013-09-28 01:24","ZooKeeperSaslClient.java","4131","16851","20982"
"2019-08-17 17:13","ZooKeeperSaslClient.java","181397","256464","437861"
"2019-07-23 15:55","SSLAuthTest.java","221174","251895","473069"
"2019-08-17 17:13","SSLAuthTest.java","221174","255887","477061"
"2019-06-03 19:40","SSLAuthTest.java","221173","241217","462390"
"2018-12-15 07:34","SSLAuthTest.java","221054","228340","449394"
"2019-02-13 13:12","SSLAuthTest.java","221077","234736","455813"
"2018-10-16 16:22","SSLAuthTest.java","199737","232847","432584"
"2018-12-20 07:24","SSLAuthTest.java","221055","229268","450323"
"2019-10-10 14:37","JUnit4ZKTestRunner.java","32069","51320","83389"
"2019-08-17 17:13","JUnit4ZKTestRunner.java","29686","45184","74870"
"2019-08-17 17:13","CliCommand.java","30087","52428","82515"
"2018-09-15 00:08","ZooKeeperServer.java","53480","214341","267821"
"2019-04-12 19:01","ZooKeeperServer.java","84483","239514","323997"
"2019-07-31 19:06","ZooKeeperServer.java","84482","257013","341495"
"2019-09-11 10:27","ZooKeeperServer.java","84482","259062","343544"
"2019-01-14 19:38","ZooKeeperServer.java","84455","232971","317426"
"2019-01-07 15:34","ZooKeeperServer.java","84455","232572","317027"
"2018-11-21 17:56","ZooKeeperServer.java","84455","225769","310224"
"2012-01-31 07:45","ZooKeeperServer.java","17862","118189","136051"
"2017-04-28 07:14","ZooKeeperServer.java","22004","170947","192951"
"2011-08-19 00:05","ZooKeeperServer.java","13507","113248","126755"
"2017-02-12 00:12","ZooKeeperServer.java","21993","170037","192030"
"2014-07-18 02:19","ZooKeeperServer.java","20737","154378","175115"
"2013-12-11 19:22","ZooKeeperServer.java","19164","140643","159807"
"2019-02-13 13:12","ZooKeeperServer.java","84462","236632","321094"
"2012-02-11 00:34","ZooKeeperServer.java","17989","118901","136890"
"2016-11-24 17:18","ZooKeeperServer.java","21636","171456","193092"
"2018-07-19 05:59","ZooKeeperServer.java","28261","185189","213450"
"2018-09-18 01:00","ZooKeeperServer.java","53516","215030","268546"
"2019-03-04 08:07","ZooKeeperServer.java","84461","237208","321669"
"2019-07-08 23:26","ZooKeeperServer.java","84482","246482","330964"
"2019-01-23 14:00","ZooKeeperServer.java","84455","234406","318861"
"2019-02-13 13:19","ZooKeeperServer.java","84462","236918","321380"
"2019-05-14 17:11","ZooKeeperServer.java","84483","242374","326857"
"2009-01-15 23:57","ZooKeeperServer.java","7047","12667","19714"
"2013-01-25 02:17","ZooKeeperServer.java","18764","129255","148019"
"2015-07-10 08:19","ZooKeeperServer.java","20923","163551","184474"
"2009-02-20 01:23","ZooKeeperServer.java","8432","27678","36110"
"2009-02-06 22:19","ZooKeeperServer.java","8327","27433","35760"
"2019-06-04 10:55","ZooKeeperServer.java","84482","243190","327672"
"2011-06-14 07:14","ZooKeeperServer.java","15189","111836","127025"
"2009-02-27 20:00","ZooKeeperServer.java","8438","27710","36148"
"2019-04-09 15:35","ZooKeeperServer.java","84461","238542","323003"
"2019-08-03 08:42","ZooKeeperServer.java","84482","258414","342896"
"2019-05-15 11:56","ZooKeeperServer.java","84483","242461","326944"
"2019-05-22 11:39","ZooKeeperServer.java","84483","242907","327390"
"2019-04-22 19:15","ZooKeeperServer.java","84483","240489","324972"
"2018-02-23 23:49","ZooKeeperServer.java","22420","176137","198557"
"2016-11-16 06:21","ZooKeeperServer.java","21502","171301","192803"
"2012-12-19 19:07","ZooKeeperServer.java","18714","128167","146881"
"2017-08-18 06:32","ZooKeeperServer.java","22302","170785","193087"
"2009-01-16 00:48","ZooKeeperServer.java","7245","12884","20129"
"2017-06-26 00:16","ZooKeeperServer.java","22253","170728","192981"
"2009-02-02 23:26","ZooKeeperServer.java","8135","25162","33297"
"2019-09-10 04:26","ZooKeeperServer.java","84482","258751","343233"
"2019-08-17 17:13","ZooKeeperServer.java","84482","257706","342188"
"2019-09-05 23:12","ZooKeeperServer.java","84482","258625","343107"
"2019-09-10 15:21","ZooKeeperServer.java","84482","258749","343231"
"2009-05-20 20:48","ZooKeeperServer.java","9482","54945","64427"
"2009-06-15 22:52","ZooKeeperServer.java","9851","58497","68348"
"2019-08-01 07:31","ZooKeeperServer.java","84482","258377","342859"
"2019-08-01 07:28","ZooKeeperServer.java","84482","257887","342369"
"2019-06-03 19:40","ZooKeeperServer.java","84482","243037","327519"
"2015-03-17 18:06","ZooKeeperServer.java","20862","160476","181338"
"2019-11-23 17:08","ZooKeeperServer.java","84938","262863","347801"
"2019-10-09 16:49","ZooKeeperServer.java","84482","261292","345774"
"2019-07-03 00:44","ZooKeeperServer.java","84482","245719","330201"
"2018-01-19 01:12","ZooKeeperServer.java","22386","175061","197447"
"2019-07-24 18:00","ZooKeeperServer.java","84482","254161","338643"
"2013-05-16 18:49","ZooKeeperServer.java","19027","134068","153095"
"2018-08-08 06:21","ZooKeeperServer.java","37084","195492","232576"
"2018-05-09 23:57","ZooKeeperServer.java","22457","177679","200136"
"2009-11-07 01:48","ZooKeeperServer.java","12205","74813","87018"
"2009-12-18 03:19","ZooKeeperServer.java","12752","83830","96582"
"2010-01-26 01:17","ZooKeeperServer.java","13034","87562","100596"
"2019-12-27 22:33","ZooKeeperServer.java","84938","266840","351778"
"2016-08-13 15:01","ZooKeeperServer.java","21384","167282","188666"
"2018-09-11 00:17","ZooKeeperServer.java","53475","212787","266262"
"2019-11-18 09:05","ZooKeeperServer.java","84938","261306","346244"
"2019-10-10 14:37","ZooKeeperServer.java","84482","261459","345941"
"2019-09-16 23:26","ZooKeeperServer.java","84482","260725","345207"
"2013-10-08 01:35","ZooKeeperServer.java","19104","136949","156053"
"2017-06-23 18:39","ZooKeeperServer.java","22232","170727","192959"
"2009-08-07 01:23","ZooKeeperServer.java","10712","69351","80063"
"2011-12-28 07:07","ZooKeeperServer.java","17850","117838","135688"
"2019-12-03 10:01","ZooKeeperServer.java","84938","264765","349703"
"2020-03-25 03:38","ZooKeeperServer.java","84938","270947","355885"
"2010-03-12 19:26","ZooKeeperServer.java","13156","97083","110239"
"2019-11-28 12:24","ZooKeeperServer.java","84938","263068","348006"
"2019-11-06 15:21","ZooKeeperServer.java","84482","261675","346157"
"2011-05-20 01:17","ZooKeeperServer.java","15160","110676","125836"
"2010-07-29 23:10","ZooKeeperServer.java","13952","112414","126366"
"2011-09-17 02:36","ZooKeeperServer.java","16122","115879","132001"
"2020-04-12 11:14","ZooKeeperServer.java","84938","271700","356638"
"2011-09-14 08:56","ZooKeeperServer.java","13587","115904","129491"
"2011-08-21 02:53","ZooKeeperServer.java","13507","113276","126783"
"2010-08-18 08:24","ZooKeeperServer.java","14299","117951","132250"
"2013-10-09 22:21","ZooKeeperServer.java","19135","139220","158355"
"2008-12-02 01:13","ZooKeeperServer.java","2163","7511","9674"
"2015-03-08 23:07","ZooKeeperServer.java","20858","159424","180282"
"2018-06-08 16:52","ZooKeeperServer.java","22458","178429","200887"
"2018-06-15 07:41","ZooKeeperServer.java","22473","178447","200920"
"2018-07-28 04:37","ZooKeeperServer.java","28272","185776","214048"
"2019-04-18 19:17","ZooKeeperServer.java","84483","240224","324707"
"2012-03-15 17:47","ZooKeeperServer.java","18002","119948","137950"
"2014-03-25 22:13","ZooKeeperServer.java","19279","143775","163054"
"2011-04-12 09:14","ZooKeeperServer.java","15137","109834","124971"
"2010-01-21 22:44","CGenerator.java","8213","36687","44900"
"2016-11-24 17:18","CGenerator.java","30264","137276","167540"
"2017-09-11 18:55","CGenerator.java","31524","137377","168901"
"2019-07-29 17:15","CGenerator.java","129922","255100","385022"
"2019-08-17 17:13","ClientCnxnLimitException.java","29003","41002","70005"
"2019-08-17 17:13","CommitProcessorMetricsTest.java","24868","23984","48852"
"2019-10-10 14:37","X509Util.java","38403","71822","110225"
"2019-07-29 17:09","X509Util.java","14842","41522","56364"
"2019-06-05 00:29","X509Util.java","9791","25124","34915"
"2019-08-17 17:13","X509Util.java","36426","66092","102518"
"2019-01-24 11:53","X509Util.java","7982","14639","22621"
"2018-12-15 07:34","X509Util.java","1435","3674","5109"
"2019-01-25 14:32","X509Util.java","7985","14701","22686"
"2019-01-14 19:40","X509Util.java","7831","12897","20728"
"2019-01-25 14:37","X509Util.java","7995","14733","22728"
"2019-10-10 14:37","X509Util.java","38655","74532","113187"
"2019-07-29 17:09","X509Util.java","15611","44749","60360"
"2019-06-05 00:29","X509Util.java","10602","28393","38995"
"2019-08-17 17:13","X509Util.java","36682","68806","105488"
"2018-11-27 10:02","X509Util.java","931","3389","4320"
"2019-01-24 11:53","X509Util.java","8873","17988","26861"
"2018-12-15 07:34","X509Util.java","2347","7044","9391"
"2019-01-25 14:32","X509Util.java","8876","18050","26926"
"2019-01-14 19:40","X509Util.java","8743","16267","25010"
"2019-01-25 14:37","X509Util.java","8886","18082","26968"
"2019-11-14 03:54","ServerCnxnFactory.java","4021","12030","16051"
"2019-11-11 13:59","ServerCnxnFactory.java","3935","11345","15280"
"2019-05-14 17:11","SyncRequestProcessor.java","215105","240739","455844"
"2019-06-05 00:46","SyncRequestProcessor.java","215121","241948","457069"
"2019-05-22 11:39","SyncRequestProcessor.java","215105","241272","456377"
"2019-06-03 19:40","SyncRequestProcessor.java","215121","241419","456540"
"2019-08-17 17:13","SyncRequestProcessor.java","215122","256089","471211"
"2019-10-10 14:37","SyncRequestProcessor.java","215122","259842","474964"
"2020-01-07 20:39","SyncRequestProcessor.java","216570","266590","483160"
"2020-03-25 03:38","SyncRequestProcessor.java","216570","270322","486892"
"2019-04-30 18:08","SyncRequestProcessor.java","215105","239908","455013"
"2014-07-18 02:19","ExpiryQueue.java","11457","35645","47102"
"2015-02-06 06:17","ExpiryQueue.java","12304","41243","53547"
"2019-08-17 17:13","ExpiryQueue.java","186333","256413","442746"
"2019-06-03 19:40","ExpiryQueue.java","186333","241744","428077"
"2019-12-03 10:01","CommandsTest.java","9776","16379","26155"
"2019-11-29 14:49","CommandsTest.java","9773","16330","26103"
"2019-11-23 17:08","CommandsTest.java","9254","13955","23209"
"2019-10-10 14:37","X509Util.java","32097","58859","90956"
"2019-07-29 17:09","X509Util.java","7439","27462","34901"
"2019-06-05 00:29","X509Util.java","2089","10765","12854"
"2019-08-17 17:13","X509Util.java","30043","53052","83095"
"2019-01-25 14:32","X509Util.java","4","63","67"
"2019-01-25 14:37","X509Util.java","14","95","109"
"2012-11-17 15:03","StaticHostProvider.java","11138","30174","41312"
"2012-12-20 06:50","StaticHostProvider.java","12472","34506","46978"
"2014-07-17 22:56","StaticHostProvider.java","20407","62963","83370"
"2019-08-17 17:13","StaticHostProvider.java","178405","256932","435337"
"2018-07-16 05:45","StaticHostProvider.java","45190","113767","158957"
"2017-08-03 20:32","StaticHostProvider.java","27653","87460","115113"
"2017-07-28 00:36","StaticHostProvider.java","27653","87433","115086"
"2014-06-27 23:47","StaticHostProvider.java","20022","60602","80624"
"2019-10-10 14:37","X509Util.java","37692","68872","106564"
"2019-07-29 17:09","X509Util.java","13531","37972","51503"
"2019-06-05 00:29","X509Util.java","8414","21508","29922"
"2019-08-17 17:13","X509Util.java","35700","63127","98827"
"2019-01-24 11:53","X509Util.java","6572","10990","17562"
"2019-01-25 14:32","X509Util.java","6575","11052","17627"
"2019-01-14 19:40","X509Util.java","6413","9240","15653"
"2019-01-25 14:37","X509Util.java","6585","11084","17669"
"2012-06-30 08:30","KerberosName.java","10705","14116","24821"
"2019-08-17 17:13","KerberosName.java","177112","256904","434016"
"2012-02-06 10:06","KerberosName.java","8143","9131","17274"
"2019-10-10 14:37","QuorumTest.java","3093","3934","7027"
"2019-12-28 16:17","QuorumTest.java","9633","15306","24939"
"2019-08-17 17:13","EphemeralTypeTest.java","109885","111461","221346"
"2019-06-03 19:40","EphemeralTypeTest.java","95507","82414","177921"
"2018-11-22 17:56","ClientCnxnSocketTest.java","226242","223853","450095"
"2019-08-17 17:13","ClientCnxnSocketTest.java","226362","255276","481638"
"2019-10-10 14:37","LearnerHandler.java","29293","45059","74352"
"2019-07-03 20:54","LearnerHandler.java","192","199","391"
"2019-07-25 21:41","LearnerHandler.java","2106","10602","12708"
"2019-08-23 19:43","LearnerHandler.java","26860","39539","66399"
"2019-08-17 17:13","LearnerHandler.java","26858","38871","65729"
"2019-08-03 08:42","LearnerHandler.java","3430","16151","19581"
"2019-07-29 17:15","BinaryInputArchiveTest.java","218914","253566","472480"
"2019-09-26 08:55","BinaryInputArchiveTest.java","218914","259290","478204"
"2019-01-02 15:10","BinaryInputArchiveTest.java","218802","229892","448694"
"2020-03-26 18:41","ZooKeeperMain.java","234614","268891","503505"
"2020-04-01 17:02","ZooKeeperMain.java","234672","269273","503945"
"2019-10-10 14:37","ZooKeeperMain.java","232675","257917","490592"
"2020-03-26 22:19","ZooKeeperMain.java","234614","268960","503574"
"2019-11-28 12:24","ZooKeeperMain.java","234612","261007","495619"
"2019-08-03 08:42","ZooKeeperMain.java","232674","254871","487545"
"2019-08-17 17:13","ZooKeeperMain.java","232674","254163","486837"
"2019-02-06 09:46","ZooKeeper.java","226446","232862","459308"
"2019-01-16 14:21","ZooKeeper.java","226445","231138","457583"
"2017-04-18 02:02","ZooKeeper.java","3823","1840","5663"
"2019-11-08 17:30","ZooKeeper.java","226611","260938","487549"
"2019-02-07 11:26","ZooKeeper.java","226446","233491","459937"
"2017-05-01 17:19","ZooKeeper.java","3841","1985","5826"
"2019-08-17 17:13","ZooKeeper.java","226563","255276","481839"
"2019-06-26 10:57","ZooKeeper.java","226562","243125","469687"
"2019-06-03 19:40","ZooKeeper.java","226562","240606","467168"
"2018-05-09 23:57","ZooKeeper.java","8289","12691","20980"
"2019-08-03 08:42","ZooKeeper.java","226563","255984","482547"
"2017-07-28 00:36","ZooKeeper.java","6642","3920","10562"
"2017-08-18 23:35","ZooKeeper.java","6742","4505","11247"
"2017-07-04 07:56","ZooKeeper.java","5087","2975","8062"
"2020-04-16 12:50","ZooKeeper.java","228230","270517","498747"
"2018-07-27 05:16","ZooKeeper.java","29203","35623","64826"
"2019-10-10 14:37","ZooKeeper.java","226563","259029","485592"
"2019-02-11 12:34","ZooKeeper.java","226446","233854","460300"
"2020-05-17 15:13","ZooKeeper.java","228262","270920","499182"
"2019-03-12 19:08","ZooKeeper.java","226467","235303","461770"
"2019-07-03 00:44","NIOServerCnxnFactory.java","221556","243899","465455"
"2019-08-17 17:13","NIOServerCnxnFactory.java","221557","255887","477444"
"2019-08-03 08:42","NIOServerCnxnFactory.java","221557","256595","478152"
"2019-04-22 19:15","NIOServerCnxnFactory.java","221538","238650","460188"
"2018-11-23 11:51","NIOServerCnxnFactory.java","221437","224540","445977"
"2019-02-13 13:12","NIOServerCnxnFactory.java","221460","234736","456196"
"2018-10-24 04:03","NIOServerCnxnFactory.java","200114","232742","432856"
"2019-04-12 19:01","NIOServerCnxnFactory.java","221538","237675","459213"
"2018-06-15 08:02","NIOServerCnxnFactory.java","10664","21438","32102"
"2019-10-10 14:37","NIOServerCnxnFactory.java","221557","259640","481197"
"2019-11-14 03:54","NIOServerCnxnFactory.java","221605","263944","485549"
"2019-10-10 14:37","X509Util.java","32103","58806","90909"
"2019-07-29 17:09","X509Util.java","7435","27399","34834"
"2019-06-05 00:29","X509Util.java","2085","10702","12787"
"2019-08-17 17:13","X509Util.java","30046","52996","83042"
"2018-09-15 00:08","ZooKeeperServer.java","55129","212344","267473"
"2019-04-12 19:01","ZooKeeperServer.java","89831","239514","329345"
"2019-07-31 19:06","ZooKeeperServer.java","89830","257013","346843"
"2019-09-11 10:27","ZooKeeperServer.java","89830","259062","348892"
"2019-01-14 19:38","ZooKeeperServer.java","89803","232971","322774"
"2019-01-07 15:34","ZooKeeperServer.java","89803","232572","322375"
"2018-11-21 17:56","ZooKeeperServer.java","89803","225769","315572"
"2012-01-31 07:45","ZooKeeperServer.java","17271","113952","131223"
"2017-04-28 07:14","ZooKeeperServer.java","22684","167981","190665"
"2011-08-19 00:05","ZooKeeperServer.java","12897","108992","121889"
"2017-02-12 00:12","ZooKeeperServer.java","22657","167055","189712"
"2014-07-18 02:19","ZooKeeperServer.java","20197","150192","170389"
"2013-12-11 19:22","ZooKeeperServer.java","18617","136450","155067"
"2019-02-13 13:12","ZooKeeperServer.java","89810","236632","326442"
"2012-02-11 00:34","ZooKeeperServer.java","17398","114664","132062"
"2016-11-24 17:18","ZooKeeperServer.java","22271","168445","190716"
"2018-07-19 05:59","ZooKeeperServer.java","29114","182396","211510"
"2018-09-18 01:00","ZooKeeperServer.java","55165","213033","268198"
"2019-03-04 08:07","ZooKeeperServer.java","89809","237208","327017"
"2019-07-08 23:26","ZooKeeperServer.java","89830","246482","336312"
"2019-01-23 14:00","ZooKeeperServer.java","89803","234406","324209"
"2019-02-13 13:19","ZooKeeperServer.java","89810","236918","326728"
"2019-05-14 17:11","ZooKeeperServer.java","89831","242374","332205"
"2009-01-15 23:57","ZooKeeperServer.java","5546","5818","11364"
"2013-01-25 02:17","ZooKeeperServer.java","18187","125032","143219"
"2015-07-10 08:19","ZooKeeperServer.java","20415","159397","179812"
"2009-02-20 01:23","ZooKeeperServer.java","7008","20906","27914"
"2009-02-06 22:19","ZooKeeperServer.java","6903","20661","27564"
"2019-06-04 10:55","ZooKeeperServer.java","89830","243190","333020"
"2011-06-14 07:14","ZooKeeperServer.java","14333","105632","119965"
"2009-02-27 20:00","ZooKeeperServer.java","7018","20942","27960"
"2019-04-09 15:35","ZooKeeperServer.java","89809","238542","328351"
"2019-08-03 08:42","ZooKeeperServer.java","89830","258414","348244"
"2019-05-15 11:56","ZooKeeperServer.java","89831","242461","332292"
"2019-05-22 11:39","ZooKeeperServer.java","89831","242907","332738"
"2019-04-22 19:15","ZooKeeperServer.java","89831","240489","330320"
"2018-02-23 23:49","ZooKeeperServer.java","23102","173173","196275"
"2016-11-16 06:21","ZooKeeperServer.java","22137","168290","190427"
"2012-12-19 19:07","ZooKeeperServer.java","18138","123945","142083"
"2017-08-18 06:32","ZooKeeperServer.java","22982","167819","190801"
"2009-01-16 00:48","ZooKeeperServer.java","5748","6039","11787"
"2017-06-26 00:16","ZooKeeperServer.java","22930","167759","190689"
"2009-02-02 23:26","ZooKeeperServer.java","6715","18394","25109"
"2019-09-10 04:26","ZooKeeperServer.java","89830","258751","348581"
"2019-08-17 17:13","ZooKeeperServer.java","89830","257706","347536"
"2019-09-05 23:12","ZooKeeperServer.java","89830","258625","348455"
"2019-09-10 15:21","ZooKeeperServer.java","89830","258749","348579"
"2009-05-20 20:48","ZooKeeperServer.java","8235","48350","56585"
"2009-06-15 22:52","ZooKeeperServer.java","8615","51913","60528"
"2019-08-01 07:31","ZooKeeperServer.java","89830","258377","348207"
"2019-08-01 07:28","ZooKeeperServer.java","89830","257887","347717"
"2019-06-03 19:40","ZooKeeperServer.java","89830","243037","332867"
"2015-03-17 18:06","ZooKeeperServer.java","20346","156314","176660"
"2019-11-23 17:08","ZooKeeperServer.java","90286","262863","353149"
"2019-10-09 16:49","ZooKeeperServer.java","89830","261292","351122"
"2019-07-03 00:44","ZooKeeperServer.java","89830","245719","335549"
"2018-01-19 01:12","ZooKeeperServer.java","23068","172097","195165"
"2019-07-24 18:00","ZooKeeperServer.java","89830","254161","343991"
"2013-05-16 18:49","ZooKeeperServer.java","18454","129849","148303"
"2018-08-08 06:21","ZooKeeperServer.java","37939","192701","230640"
"2018-05-09 23:57","ZooKeeperServer.java","23139","174715","197854"
"2009-11-07 01:48","ZooKeeperServer.java","11164","68424","79588"
"2009-12-18 03:19","ZooKeeperServer.java","11719","77449","89168"
"2010-01-26 01:17","ZooKeeperServer.java","12002","81182","93184"
"2019-12-27 22:33","ZooKeeperServer.java","90286","266840","357126"
"2016-08-13 15:01","ZooKeeperServer.java","22018","164270","186288"
"2018-09-11 00:17","ZooKeeperServer.java","55124","210790","265914"
"2019-11-18 09:05","ZooKeeperServer.java","90286","261306","351592"
"2019-10-10 14:37","ZooKeeperServer.java","89830","261459","351289"
"2019-09-16 23:26","ZooKeeperServer.java","89830","260725","350555"
"2013-10-08 01:35","ZooKeeperServer.java","18555","132754","151309"
"2017-06-23 18:39","ZooKeeperServer.java","22909","167758","190667"
"2009-08-07 01:23","ZooKeeperServer.java","9623","62914","72537"
"2011-12-28 07:07","ZooKeeperServer.java","17259","113601","130860"
"2019-12-03 10:01","ZooKeeperServer.java","90286","264765","355051"
"2020-03-25 03:38","ZooKeeperServer.java","90286","270947","361233"
"2010-03-12 19:26","ZooKeeperServer.java","12230","90809","103039"
"2019-11-28 12:24","ZooKeeperServer.java","90286","263068","353354"
"2019-11-06 15:21","ZooKeeperServer.java","89830","261675","351505"
"2011-05-20 01:17","ZooKeeperServer.java","14304","104472","118776"
"2010-07-29 23:10","ZooKeeperServer.java","13014","106128","119142"
"2011-09-17 02:36","ZooKeeperServer.java","15525","111636","127161"
"2020-04-12 11:14","ZooKeeperServer.java","90286","271700","361986"
"2011-09-14 08:56","ZooKeeperServer.java","12985","111656","124641"
"2011-08-21 02:53","ZooKeeperServer.java","12897","109020","121917"
"2010-08-18 08:24","ZooKeeperServer.java","13362","111666","125028"
"2013-10-09 22:21","ZooKeeperServer.java","18588","135027","153615"
"2015-03-08 23:07","ZooKeeperServer.java","20341","155261","175602"
"2018-06-08 16:52","ZooKeeperServer.java","23140","175465","198605"
"2018-06-15 07:41","ZooKeeperServer.java","23155","175483","198638"
"2018-07-28 04:37","ZooKeeperServer.java","29123","182981","212104"
"2019-04-18 19:17","ZooKeeperServer.java","89831","240224","330055"
"2012-03-15 17:47","ZooKeeperServer.java","17411","115711","133122"
"2014-03-25 22:13","ZooKeeperServer.java","18738","139588","158326"
"2011-04-12 09:14","ZooKeeperServer.java","14281","103630","117911"
"2019-11-08 17:30","FinalRequestProcessor.java","187242","262055","449297"
"2019-07-08 23:26","FinalRequestProcessor.java","187214","245189","432403"
"2019-01-16 23:23","FinalRequestProcessor.java","187116","232295","419411"
"2018-09-18 01:00","FinalRequestProcessor.java","109550","160730","270280"
"2019-04-12 19:01","FinalRequestProcessor.java","187198","238204","425402"
"2019-02-07 11:26","FinalRequestProcessor.java","187117","234648","421765"
"2019-01-14 19:38","FinalRequestProcessor.java","187115","231606","418721"
"2013-03-07 07:01","FinalRequestProcessor.java","1478","6034","7512"
"2019-01-09 17:22","FinalRequestProcessor.java","187117","234288","421405"
"2015-06-04 19:51","FinalRequestProcessor.java","12915","44529","57444"
"2019-09-10 04:26","FinalRequestProcessor.java","187214","257458","444672"
"2019-08-17 17:13","FinalRequestProcessor.java","187214","256413","443627"
"2016-10-07 21:51","FinalRequestProcessor.java","18485","55150","73635"
"2014-01-24 07:18","FinalRequestProcessor.java","3201","16490","19691"
"2019-06-26 10:57","FinalRequestProcessor.java","187214","244263","431477"
"2019-08-01 07:28","FinalRequestProcessor.java","187214","256594","443808"
"2019-07-03 00:44","FinalRequestProcessor.java","187214","244426","431640"
"2016-03-23 00:30","FinalRequestProcessor.java","17363","50521","67884"
"2019-08-06 17:11","FinalRequestProcessor.java","187214","257514","444728"
"2015-03-17 18:06","FinalRequestProcessor.java","12459","41739","54198"
"2018-07-10 12:46","FinalRequestProcessor.java","32280","78230","110510"
"2020-03-25 03:38","FinalRequestProcessor.java","188559","270543","459102"
"2019-09-16 23:26","FinalRequestProcessor.java","187214","259432","446646"
"2019-10-10 14:37","FinalRequestProcessor.java","187214","260166","447380"
"2019-11-21 05:58","FinalRequestProcessor.java","188559","260925","449484"
"2019-11-18 09:05","FinalRequestProcessor.java","188559","260902","449461"
"2019-11-11 13:59","FinalRequestProcessor.java","187242","263851","451093"
"2020-03-26 22:12","FinalRequestProcessor.java","188559","270545","459104"
"2014-04-17 08:47","FinalRequestProcessor.java","9987","25835","35822"
"2014-04-29 02:23","FinalRequestProcessor.java","9993","26547","36540"
"2013-10-09 22:21","FinalRequestProcessor.java","2884","12635","15519"
"2015-01-31 08:05","ClientCnxn.java","10161","24098","34259"
"2016-05-02 18:15","ClientCnxn.java","15927","35900","51827"
"2019-08-17 17:13","ClientCnxn.java","201018","256291","457309"
"2015-05-10 00:27","ClientCnxn.java","10585","27061","37646"
"2017-12-19 19:27","ClientCnxn.java","24012","52314","76326"
"2019-01-31 15:50","ClientCnxn.java","200912","233852","434764"
"2019-04-09 15:35","ClientCnxn.java","200931","237061","437992"
"2014-12-20 15:29","ClientCnxn.java","10129","24055","34184"
"2019-11-08 17:30","ClientCnxn.java","201046","261933","462979"
"2017-06-08 17:59","ClientCnxn.java","21830","45842","67672"
"2019-01-16 14:21","ClientCnxn.java","200912","232165","433077"
"2019-01-07 14:24","ClientCnxn.java","200911","231014","431925"
"2019-03-06 03:32","ClientCnxn.java","200930","235988","436918"
"2015-02-06 06:17","ClientCnxn.java","10270","24402","34672"
"2019-02-07 11:26","ClientCnxn.java","200913","234518","435431"
"2018-11-05 19:40","ClientCnxn.java","181515","235274","416789"
"2020-05-17 15:13","ClientCnxn.java","202447","271665","474112"
"2018-06-25 12:30","ClientCnxn.java","24421","56249","80670"
"2020-03-03 03:12","ClientCnxn.java","202436","269444","471880"
"2018-09-10 11:44","ClientCnxn.java","112109","147122","259231"
"2015-06-13 02:42","ClientCnxn.java","11258","29196","40454"
"2015-11-09 00:05","ClientCnxn.java","12596","32026","44622"
"2015-12-06 19:58","ClientCnxn.java","12718","32453","45171"
"2020-01-21 17:53","ClientCnxn.java","202436","265705","468141"
"2015-12-05 22:43","ClientCnxn.java","12718","32450","45168"
"2015-12-05 22:32","ClientCnxn.java","12717","32444","45161"
"2019-10-10 14:37","ClientCnxn.java","201018","260044","461062"
"2014-04-01 04:03","ClientCnxn.java","255","1098","1353"
"2019-11-21 05:58","ClientCnxn.java","202436","260876","463312"
"2020-04-16 12:50","ClientCnxn.java","202436","271283","473719"
"2018-07-27 05:16","ClientCnxn.java","42846","75826","118672"
"2019-10-10 14:37","SessionTrackerImpl.java","191804","216682","408486"
"2019-09-20 10:02","SessionTrackerImpl.java","191804","215849","407653"
"2020-03-26 22:16","SessionTrackerImpl.java","193802","227719","421521"
"2018-09-18 01:00","SessionTrackerImpl.java","41103","44209","85312"
"2019-09-05 23:12","SessionTrackerImpl.java","191804","213848","405652"
"2019-08-17 17:13","SessionTrackerImpl.java","191803","212928","404731"
"2019-04-22 19:15","SessionTrackerImpl.java","191754","195661","387415"
"2019-10-10 14:37","ACLTest.java","224284","258987","483271"
"2017-09-11 18:55","ACLTest.java","166","244","410"
"2019-05-06 18:32","ACLTest.java","224265","239569","463834"
"2019-08-17 17:13","ACLTest.java","224284","255234","479518"
"2019-12-27 22:33","FileTxnSnapLog.java","101355","266823","368178"
"2009-11-07 08:16","FileTxnSnapLog.java","9074","55272","64346"
"2019-10-10 14:37","FileTxnSnapLog.java","100899","261442","362341"
"2019-12-13 08:51","FileTxnSnapLog.java","101355","264860","366215"
"2017-01-07 01:09","FileTxnSnapLog.java","26604","163280","189884"
"2011-07-13 15:48","FileTxnSnapLog.java","16614","97142","113756"
"2014-02-12 17:00","FileTxnSnapLog.java","22673","132424","155097"
"2012-03-06 09:20","FileTxnSnapLog.java","21357","108383","129740"
"2020-01-23 16:46","FileTxnSnapLog.java","101355","268072","369427"
"2020-01-28 17:26","FileTxnSnapLog.java","101355","268543","369898"
"2011-10-20 20:02","FileTxnSnapLog.java","20865","104911","125776"
"2016-09-18 23:21","FileTxnSnapLog.java","26398","158602","185000"
"2017-01-23 02:13","FileTxnSnapLog.java","26619","163699","190318"
"2011-04-12 09:14","FileTxnSnapLog.java","18233","96496","114729"
"2018-06-08 16:52","FileTxnSnapLog.java","27605","169454","197059"
"2019-09-02 08:23","FileTxnSnapLog.java","100899","258346","359245"
"2011-12-21 21:39","FileTxnSnapLog.java","21070","106813","127883"
"2017-04-28 07:14","FileTxnSnapLog.java","27120","161941","189061"
"2019-07-31 19:06","FileTxnSnapLog.java","100899","256996","357895"
"2018-07-30 06:22","FileTxnSnapLog.java","34164","177668","211832"
"2012-02-06 09:40","FileTxnSnapLog.java","21184","107788","128972"
"2012-07-17 23:25","FileTxnSnapLog.java","21544","111871","133415"
"2020-01-30 09:43","FileTxnSnapLog.java","101355","268619","369974"
"2019-05-14 17:11","FileTxnSnapLog.java","100900","242357","343257"
"2010-03-12 23:36","FileTxnSnapLog.java","13281","80834","94115"
"2013-06-28 23:22","FileTxnSnapLog.java","22550","125180","147730"
"2014-02-10 21:50","FileTxnSnapLog.java","22652","132291","154943"
"2019-05-21 23:34","FileTxnSnapLog.java","100900","242678","343578"
"2009-02-20 01:23","FileTxnSnapLog.java","2173","4985","7158"
"2019-05-27 10:54","FileTxnSnapLog.java","100900","243010","343910"
"2017-01-13 19:29","FileTxnSnapLog.java","26608","163487","190095"
"2017-06-26 00:07","FileTxnSnapLog.java","27368","161727","189095"
"2018-02-23 23:49","FileTxnSnapLog.java","27558","167153","194711"
"2017-08-18 06:32","FileTxnSnapLog.java","27424","161785","189209"
"2009-06-18 18:37","FileTxnSnapLog.java","5409","38692","44101"
"2019-08-17 17:13","FileTxnSnapLog.java","100899","257689","358588"
"2009-06-15 22:52","FileTxnSnapLog.java","5111","37323","42434"
"2018-02-14 21:23","FileTxnSnapLog.java","27558","166989","194547"
"2019-12-27 22:33","FileTxnSnapLog.java","90935","266840","357775"
"2009-11-07 08:16","FileTxnSnapLog.java","10886","67521","78407"
"2019-10-10 14:37","FileTxnSnapLog.java","90479","261459","351938"
"2019-12-13 08:51","FileTxnSnapLog.java","90935","264877","355812"
"2017-01-07 01:09","FileTxnSnapLog.java","22149","168854","191003"
"2011-07-13 15:48","FileTxnSnapLog.java","12556","103113","115669"
"2014-02-12 17:00","FileTxnSnapLog.java","18432","138212","156644"
"2012-03-06 09:20","FileTxnSnapLog.java","17161","114216","131377"
"2020-01-23 16:46","FileTxnSnapLog.java","90935","268089","359024"
"2020-01-28 17:26","FileTxnSnapLog.java","90935","268560","359495"
"2011-10-20 20:02","FileTxnSnapLog.java","16752","110827","127579"
"2016-09-18 23:21","FileTxnSnapLog.java","21945","164178","186123"
"2017-01-23 02:13","FileTxnSnapLog.java","22165","169274","191439"
"2011-04-12 09:14","FileTxnSnapLog.java","14146","102846","116992"
"2018-06-08 16:52","FileTxnSnapLog.java","23046","174924","197970"
"2019-09-02 08:23","FileTxnSnapLog.java","90479","258363","348842"
"2011-12-21 21:39","FileTxnSnapLog.java","16923","112695","129618"
"2017-04-28 07:14","FileTxnSnapLog.java","22592","167442","190034"
"2019-07-31 19:06","FileTxnSnapLog.java","90479","257013","347492"
"2018-07-30 06:22","FileTxnSnapLog.java","29230","182763","211993"
"2012-02-06 09:40","FileTxnSnapLog.java","17033","113666","130699"
"2012-07-17 23:25","FileTxnSnapLog.java","17345","117701","135046"
"2020-01-30 09:43","FileTxnSnapLog.java","90935","268636","359571"
"2019-05-14 17:11","FileTxnSnapLog.java","90480","242374","332854"
"2010-03-12 23:36","FileTxnSnapLog.java","12049","90039","102088"
"2013-06-28 23:22","FileTxnSnapLog.java","18317","130976","149293"
"2014-02-10 21:50","FileTxnSnapLog.java","18413","138081","156494"
"2019-05-21 23:34","FileTxnSnapLog.java","90480","242695","333175"
"2009-02-20 01:23","FileTxnSnapLog.java","6744","19993","26737"
"2019-05-27 10:54","FileTxnSnapLog.java","90480","243027","333507"
"2009-01-31 02:18","FileTxnSnapLog.java","5664","16101","21765"
"2017-01-13 19:29","FileTxnSnapLog.java","22159","169067","191226"
"2017-06-26 00:07","FileTxnSnapLog.java","22836","167224","190060"
"2018-02-23 23:49","FileTxnSnapLog.java","23008","172632","195640"
"2017-08-18 06:32","FileTxnSnapLog.java","22891","167281","190172"
"2009-06-18 18:37","FileTxnSnapLog.java","8536","52256","60792"
"2019-08-17 17:13","FileTxnSnapLog.java","90479","257706","348185"
"2009-06-15 22:52","FileTxnSnapLog.java","8293","50942","59235"
"2018-02-14 21:23","FileTxnSnapLog.java","23008","172468","195476"
"2019-09-18 11:20","TimeTest.java","31296","48877","80173"
"2019-08-17 17:13","TimeTest.java","29523","44192","73715"
"2018-11-17 18:37","ConfigUtils.java","221975","223839","445814"
"2018-10-08 14:33","ConfigUtils.java","200503","229732","430235"
"2019-08-17 17:13","ConfigUtils.java","222096","255885","477981"
"2018-07-27 12:32","ConfigUtils.java","30231","41919","72150"
"2014-02-12 17:00","LearnerHandler.java","1997","10932","12929"
"2014-03-23 04:12","LearnerHandler.java","2205","11527","13732"
"2019-10-10 14:37","LearnerHandler.java","191811","260159","451970"
"2015-06-05 20:38","LearnerHandler.java","12718","39731","52449"
"2015-06-05 20:51","LearnerHandler.java","12718","39758","52476"
"2015-06-12 23:02","LearnerHandler.java","12733","39871","52604"
"2013-09-26 14:05","LearnerHandler.java","1029","3273","4302"
"2019-07-03 20:54","LearnerHandler.java","191811","244400","436211"
"2013-06-28 23:22","LearnerHandler.java","588","2402","2990"
"2018-09-18 01:00","LearnerHandler.java","111859","158435","270294"
"2013-05-14 14:27","LearnerHandler.java","123","200","323"
"2018-08-03 18:52","LearnerHandler.java","43558","86558","130116"
"2018-12-09 03:16","LearnerHandler.java","191711","228964","420675"
"2019-04-12 19:01","LearnerHandler.java","191795","238197","429992"
"2017-11-28 00:10","LearnerHandler.java","24430","62010","86440"
"2019-06-29 00:33","LearnerHandler.java","191811","244393","436204"
"2019-07-25 21:41","LearnerHandler.java","191811","252889","444700"
"2019-08-23 19:43","LearnerHandler.java","191811","257072","448883"
"2019-08-17 17:13","LearnerHandler.java","191811","256406","448217"
"2017-06-26 00:16","LearnerHandler.java","22855","56392","79247"
"2017-08-03 20:28","LearnerHandler.java","23881","57066","80947"
"2019-05-06 17:48","LearnerHandler.java","191795","240703","432498"
"2019-08-03 08:42","LearnerHandler.java","191811","257114","448925"
"2019-04-22 19:15","LearnerHandler.java","191795","239172","430967"
"2019-08-17 17:13","ZooKeeperServerConfTest.java","30099","51153","81252"
"2019-12-27 22:33","FileTxnLog.java","231689","265463","497152"
"2019-10-10 14:37","FileTxnLog.java","229915","258764","488679"
"2018-11-12 22:36","FileTxnLog.java","229771","222959","452730"
"2018-08-01 21:19","FileTxnLog.java","21958","25150","47108"
"2018-04-27 20:28","FileTxnLog.java","208","295","503"
"2018-06-08 16:52","FileTxnLog.java","548","2082","2630"
"2020-01-28 17:26","FileTxnLog.java","231690","267184","498874"
"2019-05-14 17:11","FileTxnLog.java","229894","239657","469551"
"2019-01-07 14:24","FileTxnLog.java","229774","229700","459474"
"2019-04-12 19:01","FileTxnLog.java","229877","236780","466657"
"2018-09-06 01:11","FileTxnLog.java","100765","105588","206353"
"2018-09-18 01:00","FileTxnLog.java","100922","107999","208921"
"2019-08-17 17:13","FileTxnLog.java","229914","255010","484924"
"2019-06-03 19:40","FileTxnLog.java","229913","240340","470253"
"2019-08-03 08:42","FileTxnLog.java","229914","255718","485632"
"2019-04-09 15:35","FileTxnLog.java","229804","235757","465561"
"2014-02-12 17:00","ZKDatabase.java","112","362","474"
"2019-10-10 14:37","ZKDatabase.java","200382","260045","460427"
"2019-12-27 22:33","ZKDatabase.java","201799","266387","468186"
"2018-04-06 06:04","ZKDatabase.java","24239","54341","78580"
"2014-04-29 02:23","ZKDatabase.java","7729","10994","18723"
"2014-04-17 08:47","ZKDatabase.java","7671","10230","17901"
"2018-09-28 23:38","ZKDatabase.java","112449","152914","265363"
"2019-11-08 17:30","ZKDatabase.java","200410","261934","462344"
"2019-05-14 17:11","ZKDatabase.java","200366","240943","441309"
"2018-09-18 01:00","ZKDatabase.java","112279","150170","262449"
"2019-02-07 11:26","ZKDatabase.java","200277","234519","434796"
"2019-04-12 19:01","ZKDatabase.java","200366","238083","438449"
"2018-09-05 22:35","ZKDatabase.java","112191","147828","260019"
"2015-02-06 06:17","ZKDatabase.java","10563","25332","35895"
"2014-07-18 02:19","ZKDatabase.java","9374","19392","28766"
"2018-02-07 01:05","ZKDatabase.java","24201","53951","78152"
"2019-08-17 17:13","ZKDatabase.java","200382","256292","456674"
"2019-09-10 00:27","ZKDatabase.java","200382","257232","457614"
"2016-03-23 00:30","ZKDatabase.java","16025","35894","51919"
"2018-02-23 23:49","ZKDatabase.java","24233","54327","78560"
"2017-08-03 20:28","ZKDatabase.java","23120","47620","70740"
"2017-06-18 19:23","ZKDatabase.java","22019","46743","68762"
"2019-04-09 15:35","ZKDatabase.java","200295","237062","437357"
"2019-08-17 17:13","ProposalRequestProcessor.java","187413","256985","444398"
"2012-03-15 17:47","ProposalRequestProcessor.java","21858","26462","48320"
"2011-10-20 20:02","ProposalRequestProcessor.java","20353","21179","41532"
"2016-07-27 01:33","CreateCommand.java","17918","61514","79432"
"2013-10-09 22:21","CreateCommand.java","4755","22937","27692"
"2014-03-29 04:33","CreateCommand.java","5514","28386","33900"
"2017-05-27 00:52","CreateCommand.java","22228","68500","90728"
"2015-06-04 19:51","CreateCommand.java","13455","53500","66955"
"2019-08-17 17:13","CreateCommand.java","178872","256502","435374"
"2018-05-09 23:57","CreateCommand.java","24021","77340","101361"
"2019-08-17 17:13","HierarchicalQuorumTest.java","231529","254848","486377"
"2019-07-12 17:01","HierarchicalQuorumTest.java","231529","250161","481690"
"2019-10-10 14:37","HierarchicalQuorumTest.java","231530","258602","490132"
"2017-06-08 17:51","ClientBase.java","6146","8683","14829"
"2017-04-18 01:37","ClientBase.java","5185","8354","13539"
"2018-09-07 02:49","ClientBase.java","107422","121029","228451"
"2019-07-31 19:06","ClientBase.java","222020","255194","477214"
"2017-09-11 18:55","ClientBase.java","8249","11244","19493"
"2019-08-17 17:13","ClientBase.java","222020","255887","477907"
"2019-06-07 14:13","ClientBase.java","222019","241990","464009"
"2018-04-24 00:20","ClientBase.java","9327","18098","27425"
"2018-08-08 06:21","ClientBase.java","78032","90774","168806"
"2018-05-09 23:57","ClientBase.java","9535","19091","28626"
"2019-06-24 11:05","ClientBase.java","222019","243219","465238"
"2017-01-13 19:29","ClientBase.java","1557","6892","8449"
"2019-11-14 16:44","ClientBase.java","222068","263962","486030"
"2019-10-10 14:37","ClientBase.java","222020","259640","481660"
"2019-08-17 17:13","AsyncOps.java","29523","44192","73715"
"2019-08-17 17:13","ReconfigRollingRestartCompatibilityTest.java","224697","255250","479947"
"2019-10-10 14:37","X509Util.java","31917","60270","92187"
"2019-07-29 17:09","X509Util.java","7561","29175","36736"
"2019-06-05 00:29","X509Util.java","2213","12480","14693"
"2019-08-17 17:13","X509Util.java","29919","54519","84438"
"2019-01-24 11:53","X509Util.java","169","1760","1929"
"2019-01-25 14:32","X509Util.java","172","1822","1994"
"2019-01-25 14:37","X509Util.java","182","1854","2036"
"2019-08-17 17:13","DataNodeTest.java","226998","255272","482270"
"2013-01-25 07:46","NIOServerCnxnFactory.java","12921","35066","47987"
"2015-03-17 18:06","NIOServerCnxnFactory.java","21499","72959","94458"
"2019-07-03 00:44","NIOServerCnxnFactory.java","178242","244946","423188"
"2019-08-17 17:13","NIOServerCnxnFactory.java","178242","256933","435175"
"2012-12-19 19:07","NIOServerCnxnFactory.java","12848","34147","46995"
"2019-08-03 08:42","NIOServerCnxnFactory.java","178242","257641","435883"
"2019-04-22 19:15","NIOServerCnxnFactory.java","178243","239716","417959"
"2014-09-28 19:15","NIOServerCnxnFactory.java","21226","69311","90537"
"2018-11-23 11:51","NIOServerCnxnFactory.java","178176","225640","403816"
"2012-08-28 21:51","NIOServerCnxnFactory.java","11361","28105","39466"
"2019-02-13 13:12","NIOServerCnxnFactory.java","178189","235826","414015"
"2014-07-18 02:19","NIOServerCnxnFactory.java","21044","66531","87575"
"2011-08-19 00:05","NIOServerCnxnFactory.java","2253","13840","16093"
"2013-03-07 07:01","NIOServerCnxnFactory.java","13417","40153","53570"
"2018-10-24 04:03","NIOServerCnxnFactory.java","146986","236663","383649"
"2019-04-12 19:01","NIOServerCnxnFactory.java","178243","238741","416984"
"2011-04-12 09:14","NIOServerCnxnFactory.java","802","966","1768"
"2018-06-15 08:02","NIOServerCnxnFactory.java","28691","96514","125205"
"2016-06-23 23:45","NIOServerCnxnFactory.java","24476","81525","106001"
"2014-03-23 04:12","NIOServerCnxnFactory.java","14362","50468","64830"
"2011-12-28 07:07","NIOServerCnxnFactory.java","8417","20251","28668"
"2019-10-10 14:37","NIOServerCnxnFactory.java","178242","260686","438928"
"2019-11-14 03:54","NIOServerCnxnFactory.java","178242","264942","443184"
"2017-07-28 00:36","Transaction.java","22800","60071","82871"
"2019-08-17 17:13","Transaction.java","187701","256407","444108"
"2019-10-10 14:37","IntegrityCheck.java","3717","7470","11187"
"2020-02-26 22:41","NettyServerCnxnFactory.java","11933","22587","34520"
"2019-10-10 14:37","NettyServerCnxnFactory.java","3717","7470","11187"
"2019-09-10 18:50","NettyServerCnxnFactory.java","1695","2812","4507"
"2019-11-14 03:54","NettyServerCnxnFactory.java","4021","12030","16051"
"2019-11-23 17:08","NettyServerCnxnFactory.java","9254","13955","23209"
"2018-12-09 03:16","LeaderZooKeeperServer.java","72454","230340","302794"
"2018-11-21 17:56","LeaderZooKeeperServer.java","72454","225772","298226"
"2012-01-31 07:45","LeaderZooKeeperServer.java","17145","126625","143770"
"2009-01-15 23:57","LeaderZooKeeperServer.java","8777","26401","35178"
"2009-02-06 22:19","LeaderZooKeeperServer.java","9832","40942","50774"
"2019-06-04 10:55","LeaderZooKeeperServer.java","72482","243194","315676"
"2009-02-02 23:26","LeaderZooKeeperServer.java","9666","38697","48363"
"2015-06-04 19:51","LeaderZooKeeperServer.java","19986","171087","191073"
"2009-06-26 22:29","LeaderZooKeeperServer.java","11362","80646","92008"
"2019-08-17 17:13","LeaderZooKeeperServer.java","72482","257710","330192"
"2009-06-18 18:37","LeaderZooKeeperServer.java","11093","72814","83907"
"2009-05-20 22:16","LeaderZooKeeperServer.java","10663","68198","78861"
"2019-06-03 19:40","LeaderZooKeeperServer.java","72482","243041","315523"
"2009-12-18 03:19","LeaderZooKeeperServer.java","13301","96383","109684"
"2019-11-25 15:37","LeaderZooKeeperServer.java","72935","262971","335906"
"2019-12-27 22:33","LeaderZooKeeperServer.java","72935","266841","339776"
"2009-08-07 01:23","LeaderZooKeeperServer.java","11480","82123","93603"
"2010-03-12 19:26","LeaderZooKeeperServer.java","13689","109620","123309"
"2013-10-09 22:21","LeaderZooKeeperServer.java","18347","147585","165932"
"2011-10-20 20:02","LeaderZooKeeperServer.java","16981","124302","141283"
"2019-12-27 22:33","FileTxnSnapLog.java","228347","265557","493904"
"2019-10-10 14:37","FileTxnSnapLog.java","226742","259027","485769"
"2019-12-13 08:51","FileTxnSnapLog.java","228346","263593","491939"
"2020-01-23 16:46","FileTxnSnapLog.java","228348","266807","495155"
"2020-01-28 17:26","FileTxnSnapLog.java","228348","267278","495626"
"2017-01-23 02:13","FileTxnSnapLog.java","55","256","311"
"2018-06-08 16:52","FileTxnSnapLog.java","8503","13473","21976"
"2019-09-02 08:23","FileTxnSnapLog.java","226742","255931","482673"
"2017-04-28 07:14","FileTxnSnapLog.java","3745","1687","5432"
"2019-07-31 19:06","FileTxnSnapLog.java","226742","254581","481323"
"2018-07-30 06:22","FileTxnSnapLog.java","29319","35944","65263"
"2020-01-30 09:43","FileTxnSnapLog.java","228348","267354","495702"
"2019-05-14 17:11","FileTxnSnapLog.java","226723","239922","466645"
"2019-05-21 23:34","FileTxnSnapLog.java","226724","240244","466968"
"2019-05-27 10:54","FileTxnSnapLog.java","226724","240576","467300"
"2017-06-26 00:07","FileTxnSnapLog.java","4951","2431","7382"
"2018-02-23 23:49","FileTxnSnapLog.java","7984","10700","18684"
"2017-08-18 06:32","FileTxnSnapLog.java","6645","4127","10772"
"2019-08-17 17:13","FileTxnSnapLog.java","226742","255274","482016"
"2018-02-14 21:23","FileTxnSnapLog.java","7965","10517","18482"
"2019-08-17 17:13","FileTxnSnapLogMetricsTest.java","29712","44724","74436"
"2019-11-28 12:24","DataTree.java","221424","262371","483795"
"2019-10-10 14:37","DataTree.java","219846","259640","479486"
"2019-12-27 22:33","DataTree.java","221425","266144","487569"
"2019-11-11 13:59","DataTree.java","219894","263345","483239"
"2018-07-10 13:29","DataTree.java","21005","33775","54780"
"2018-09-28 23:38","DataTree.java","109497","130093","239590"
"2019-11-08 17:30","DataTree.java","219894","261549","481443"
"2019-01-30 16:28","DataTree.java","219728","232880","452608"
"2019-01-30 17:02","DataTree.java","219728","233424","453152"
"2016-11-24 17:18","DataTree.java","2821","9149","11970"
"2017-09-11 18:55","DataTree.java","9714","14883","24597"
"2017-02-05 07:22","DataTree.java","3255","11022","14277"
"2019-02-07 11:26","DataTree.java","219729","234102","453831"
"2018-09-04 11:54","DataTree.java","108653","124165","232818"
"2018-09-05 22:35","DataTree.java","108672","124440","233112"
"2018-12-20 15:17","DataTree.java","219727","229368","449095"
"2019-09-10 09:53","DataTree.java","219846","256936","476782"
"2019-04-12 19:01","DataTree.java","219827","237675","457502"
"2019-07-31 19:06","DataTree.java","219846","255194","475040"
"2019-09-11 10:27","DataTree.java","219846","257243","477089"
"2019-08-01 07:31","DataTree.java","219846","256558","476404"
"2019-08-17 17:13","DataTree.java","219846","255887","475733"
"2019-09-10 15:21","DataTree.java","219846","256930","476776"
"2016-10-07 21:51","DataTree.java","1951","5458","7409"
"2017-06-18 19:23","DataTree.java","7809","12664","20473"
"2019-04-12 12:29","DataTree.java","219827","237244","457071"
"2019-08-03 08:42","DataTree.java","219846","256595","476441"
"2019-08-09 16:15","DataTree.java","219846","257343","477189"
"2016-11-13 20:59","DataTree.java","2201","7961","10162"
"2019-04-29 16:49","DataTree.java","219827","239705","459532"
"2019-10-10 14:37","ClientCnxnSocketNIO.java","38431","73487","111918"
"2019-04-09 15:35","ClientCnxnSocketNIO.java","8931","21091","30022"
"2019-08-03 08:42","ClientCnxnSocketNIO.java","16178","48189","64367"
"2019-08-17 17:13","ClientCnxnSocketNIO.java","36458","67761","104219"
"2019-07-29 17:15","JFile.java","224314","252786","477100"
"2019-11-23 17:08","NettyServerCnxnFactoryTest.java","7606","11190","18796"
"2019-12-16 22:09","NettyServerCnxnFactoryTest.java","8195","14035","22230"
"2015-07-07 07:11","MultiResponseTest.java","22594","72119","94713"
"2019-08-17 17:13","MultiResponseTest.java","183022","256904","439926"
"2018-09-15 00:08","ZooKeeperServer.java","49057","219071","268128"
"2019-04-12 19:01","ZooKeeperServer.java","72482","239517","311999"
"2019-07-31 19:06","ZooKeeperServer.java","72482","257017","329499"
"2019-09-11 10:27","ZooKeeperServer.java","72482","259066","331548"
"2019-01-14 19:38","ZooKeeperServer.java","72454","232974","305428"
"2019-01-07 15:34","ZooKeeperServer.java","72454","232575","305029"
"2018-11-21 17:56","ZooKeeperServer.java","72454","225772","298226"
"2012-01-31 07:45","ZooKeeperServer.java","17145","126625","143770"
"2017-04-28 07:14","ZooKeeperServer.java","20577","178673","199250"
"2011-08-19 00:05","ZooKeeperServer.java","14242","123136","137378"
"2017-02-12 00:12","ZooKeeperServer.java","20567","177764","198331"
"2014-07-18 02:19","ZooKeeperServer.java","19821","162615","182436"
"2013-12-11 19:22","ZooKeeperServer.java","18347","148979","167326"
"2019-02-13 13:12","ZooKeeperServer.java","72461","236635","309096"
"2012-02-11 00:34","ZooKeeperServer.java","17218","127283","144501"
"2016-11-24 17:18","ZooKeeperServer.java","20408","179381","199789"
"2018-07-19 05:59","ZooKeeperServer.java","23934","190015","213949"
"2018-09-18 01:00","ZooKeeperServer.java","49093","219760","268853"
"2008-10-07 20:51","ZooKeeperServer.java","2501","3686","6187"
"2019-03-04 08:07","ZooKeeperServer.java","72460","237211","309671"
"2019-07-08 23:26","ZooKeeperServer.java","72482","246486","318968"
"2019-01-23 14:00","ZooKeeperServer.java","72454","234409","306863"
"2019-02-13 13:19","ZooKeeperServer.java","72461","236921","309382"
"2019-05-14 17:11","ZooKeeperServer.java","72482","242377","314859"
"2009-01-15 23:57","ZooKeeperServer.java","8777","26401","35178"
"2013-01-25 02:17","ZooKeeperServer.java","18001","137645","155646"
"2015-07-10 08:19","ZooKeeperServer.java","19985","171766","191751"
"2008-10-03 15:06","ZooKeeperServer.java","1546","1811","3357"
"2009-02-20 01:23","ZooKeeperServer.java","9922","41172","51094"
"2009-02-06 22:19","ZooKeeperServer.java","9832","40942","50774"
"2019-06-04 10:55","ZooKeeperServer.java","72482","243194","315676"
"2011-06-14 07:14","ZooKeeperServer.java","15381","124032","139413"
"2009-02-27 20:00","ZooKeeperServer.java","9928","41204","51132"
"2019-04-09 15:35","ZooKeeperServer.java","72460","238545","311005"
"2019-08-03 08:42","ZooKeeperServer.java","72482","258418","330900"
"2019-05-15 11:56","ZooKeeperServer.java","72482","242464","314946"
"2019-05-22 11:39","ZooKeeperServer.java","72482","242910","315392"
"2019-04-22 19:15","ZooKeeperServer.java","72482","240492","312974"
"2018-02-23 23:49","ZooKeeperServer.java","20932","183802","204734"
"2016-11-16 06:21","ZooKeeperServer.java","20274","179226","199500"
"2012-12-19 19:07","ZooKeeperServer.java","17957","136563","154520"
"2017-08-18 06:32","ZooKeeperServer.java","20851","178487","199338"
"2009-01-16 00:48","ZooKeeperServer.java","8945","26588","35533"
"2017-06-26 00:16","ZooKeeperServer.java","20817","178445","199262"
"2009-02-02 23:26","ZooKeeperServer.java","9666","38697","48363"
"2019-09-10 04:26","ZooKeeperServer.java","72482","258755","331237"
"2019-08-17 17:13","ZooKeeperServer.java","72482","257710","330192"
"2019-09-05 23:12","ZooKeeperServer.java","72482","258629","331111"
"2019-09-10 15:21","ZooKeeperServer.java","72482","258753","331235"
"2009-05-20 20:48","ZooKeeperServer.java","10618","68085","78703"
"2009-06-15 22:52","ZooKeeperServer.java","10954","71604","82558"
"2019-08-01 07:31","ZooKeeperServer.java","72482","258381","330863"
"2019-08-01 07:28","ZooKeeperServer.java","72482","257891","330373"
"2019-06-03 19:40","ZooKeeperServer.java","72482","243041","315523"
"2015-03-17 18:06","ZooKeeperServer.java","19937","168704","188641"
"2019-11-23 17:08","ZooKeeperServer.java","72935","262864","335799"
"2019-10-09 16:49","ZooKeeperServer.java","72482","261296","333778"
"2019-07-03 00:44","ZooKeeperServer.java","72482","245723","318205"
"2018-01-19 01:12","ZooKeeperServer.java","20899","182727","203626"
"2019-07-24 18:00","ZooKeeperServer.java","72482","254165","326647"
"2013-05-16 18:49","ZooKeeperServer.java","18250","142444","160694"
"2018-08-08 06:21","ZooKeeperServer.java","32756","200317","233073"
"2018-05-09 23:57","ZooKeeperServer.java","20966","185341","206307"
"2009-11-07 01:48","ZooKeeperServer.java","12871","87483","100354"
"2009-12-18 03:19","ZooKeeperServer.java","13301","96383","109684"
"2010-01-26 01:17","ZooKeeperServer.java","13557","100089","113646"
"2019-12-27 22:33","ZooKeeperServer.java","72935","266841","339776"
"2016-08-13 15:01","ZooKeeperServer.java","20162","175213","195375"
"2018-09-11 00:17","ZooKeeperServer.java","49053","217518","266571"
"2019-11-18 09:05","ZooKeeperServer.java","72935","261307","334242"
"2019-10-10 14:37","ZooKeeperServer.java","72482","261463","333945"
"2019-09-16 23:26","ZooKeeperServer.java","72482","260729","333211"
"2013-10-08 01:35","ZooKeeperServer.java","18322","145320","163642"
"2017-06-23 18:39","ZooKeeperServer.java","20799","178447","199246"
"2009-08-07 01:23","ZooKeeperServer.java","11480","82123","93603"
"2011-12-28 07:07","ZooKeeperServer.java","17133","126274","143407"
"2019-12-03 10:01","ZooKeeperServer.java","72935","264766","337701"
"2020-03-25 03:38","ZooKeeperServer.java","72935","270948","343883"
"2010-03-12 19:26","ZooKeeperServer.java","13689","109620","123309"
"2019-11-28 12:24","ZooKeeperServer.java","72935","263069","336004"
"2019-11-06 15:21","ZooKeeperServer.java","72482","261679","334161"
"2011-05-20 01:17","ZooKeeperServer.java","15362","122882","138244"
"2010-07-29 23:10","ZooKeeperServer.java","14325","124791","139116"
"2011-09-17 02:36","ZooKeeperServer.java","16821","125731","142552"
"2020-04-12 11:14","ZooKeeperServer.java","72935","271701","344636"
"2011-09-14 08:56","ZooKeeperServer.java","14315","125785","140100"
"2011-08-21 02:53","ZooKeeperServer.java","14242","123164","137406"
"2010-08-18 08:24","ZooKeeperServer.java","14631","130287","144918"
"2013-10-09 22:21","ZooKeeperServer.java","18347","147585","165932"
"2008-10-22 01:49","ZooKeeperServer.java","3810","15814","19624"
"2008-12-02 01:13","ZooKeeperServer.java","4788","22140","26928"
"2015-03-08 23:07","ZooKeeperServer.java","19931","167650","187581"
"2018-06-08 16:52","ZooKeeperServer.java","20967","186091","207058"
"2018-06-15 07:41","ZooKeeperServer.java","20981","186108","207089"
"2018-07-28 04:37","ZooKeeperServer.java","23945","190602","214547"
"2019-04-18 19:17","ZooKeeperServer.java","72482","240227","312709"
"2012-03-15 17:47","ZooKeeperServer.java","17228","128327","145555"
"2014-03-25 22:13","ZooKeeperServer.java","18454","152103","170557"
"2011-04-12 09:14","ZooKeeperServer.java","15332","122033","137365"
"2019-10-10 14:37","FLEZeroWeightTest.java","3717","7470","11187"
"2019-08-17 17:13","IDeadWatcherListener.java","158773","174218","332991"
"2019-10-10 14:37","LoadFromLogNoServerTest.java","227996","258833","486829"
"2019-07-31 19:06","LoadFromLogNoServerTest.java","227995","254386","482381"
"2019-09-10 15:21","LoadFromLogNoServerTest.java","227996","256123","484119"
"2019-08-17 17:13","LoadFromLogNoServerTest.java","227995","255079","483074"
"2016-07-27 01:33","GetAclCommand.java","17918","61514","79432"
"2019-11-11 13:59","GetAclCommand.java","178900","263940","442840"
"2017-05-27 00:52","GetAclCommand.java","22228","68500","90728"
"2019-01-31 15:55","GetAclCommand.java","178779","234068","412847"
"2019-08-17 17:13","GetAclCommand.java","178872","256502","435374"
"2018-06-08 16:52","ZooKeeperServerMXBean.java","4784","11812","16596"
"2019-09-16 23:26","ZooKeeperServerMXBean.java","224660","258269","482929"
"2019-11-14 03:54","ZooKeeperServerMXBean.java","224708","263307","488015"
"2020-03-25 03:38","ZooKeeperServerMXBean.java","226287","269662","495949"
"2019-05-22 11:39","ZooKeeperServerMXBean.java","224642","240432","465074"
"2019-07-30 02:31","ZooKeeperServerMXBean.java","224660","253171","477831"
"2018-02-07 01:05","ZooKeeperServerMXBean.java","4157","8587","12744"
"2018-07-12 01:33","ZooKeeperServerMXBean.java","15218","22715","37933"
"2019-08-17 17:13","ZooKeeperServerMXBean.java","224660","255250","479910"
"2019-01-14 19:38","ZooKeeperServerMXBean.java","224541","230423","454964"
"2019-07-08 23:26","ZooKeeperServerMXBean.java","224659","244025","468684"
"2019-01-23 14:00","ZooKeeperServerMXBean.java","224542","231859","456401"
"2019-08-17 17:13","ConsCommand.java","226243","255276","481519"
"2019-10-10 14:37","FilePadding.java","3717","7470","11187"
"2016-12-22 23:23","IsroCommand.java","6524","14721","21245"
"2019-08-17 17:13","IsroCommand.java","218737","255967","474704"
"2018-11-22 17:56","NettyServerCnxnTest.java","214646","224690","439336"
"2018-09-07 02:34","NettyServerCnxnTest.java","112461","133544","246005"
"2019-02-12 15:25","NettyServerCnxnTest.java","214649","234821","449470"
"2019-06-24 11:05","NettyServerCnxnTest.java","214757","243437","458194"
"2019-07-23 15:55","NettyServerCnxnTest.java","214757","252112","466869"
"2018-07-12 01:33","NettyServerCnxnTest.java","25728","43982","69710"
"2019-08-17 17:13","NettyServerCnxnTest.java","214757","256104","470861"
"2019-06-07 14:13","NettyServerCnxnTest.java","214757","242208","456965"
"2019-08-17 17:13","AuthTest.java","178089","256646","434735"
"2019-08-17 17:13","PEMFileLoader.java","36682","68806","105488"
"2019-08-17 17:13","WatchManagerFactory.java","158773","174218","332991"
"2019-08-17 17:13","ZxidRolloverTest.java","220352","255916","476268"
"2019-10-10 14:37","ZooKeeperSaslClient.java","27642","30687","58329"
"2020-02-04 10:39","ZooKeeperSaslClient.java","35261","45037","80298"
"2019-08-17 17:13","ZooKeeperSaslClient.java","24898","24190","49088"
"2020-03-25 03:38","Request.java","10133","15508","25641"
"2019-12-27 22:33","Request.java","6310","7578","13888"
"2020-05-05 21:20","Request.java","13832","20238","34070"
"2015-03-17 18:06","NIOServerCnxnFactory.java","10499","25853","36352"
"2019-07-03 00:44","NIOServerCnxnFactory.java","201018","244304","445322"
"2019-08-17 17:13","NIOServerCnxnFactory.java","201018","256291","457309"
"2019-08-03 08:42","NIOServerCnxnFactory.java","201018","256999","458017"
"2019-04-22 19:15","NIOServerCnxnFactory.java","201002","239057","440059"
"2014-09-28 19:15","NIOServerCnxnFactory.java","9865","21844","31709"
"2018-11-23 11:51","NIOServerCnxnFactory.java","200910","224956","425866"
"2019-02-13 13:12","NIOServerCnxnFactory.java","200931","235150","436081"
"2014-07-18 02:19","NIOServerCnxnFactory.java","9078","18459","27537"
"2018-10-24 04:03","NIOServerCnxnFactory.java","181515","235086","416601"
"2019-04-12 19:01","NIOServerCnxnFactory.java","201002","238082","439084"
"2018-06-15 08:02","NIOServerCnxnFactory.java","24419","56136","80555"
"2016-06-23 23:45","NIOServerCnxnFactory.java","16110","37053","53163"
"2019-10-10 14:37","NIOServerCnxnFactory.java","201018","260044","461062"
"2019-11-14 03:54","NIOServerCnxnFactory.java","201046","264328","465374"
"2019-08-17 17:13","OOMTest.java","198547","256292","454839"
"2017-09-11 18:55","OOMTest.java","23284","50157","73441"
"2019-09-18 11:20","OOMTest.java","198547","259204","457751"
"2019-10-10 14:37","SessionTrackerImpl.java","230612","258676","489288"
"2019-09-20 10:02","SessionTrackerImpl.java","230612","257843","488455"
"2020-03-26 22:16","SessionTrackerImpl.java","232475","269578","502053"
"2018-09-18 01:00","SessionTrackerImpl.java","100763","107055","207818"
"2019-09-05 23:12","SessionTrackerImpl.java","230612","255842","486454"
"2019-08-17 17:13","SessionTrackerImpl.java","230611","254922","485533"
"2018-08-08 06:21","SessionTrackerImpl.java","69634","72820","142454"
"2019-04-22 19:15","SessionTrackerImpl.java","230574","237667","468241"
"2014-06-25 15:04","FastLeaderElection.java","31691","107325","139016"
"2018-12-06 10:56","FastLeaderElection.java","141823","227984","369807"
"2014-07-08 05:25","FastLeaderElection.java","31949","109219","141168"
"2014-07-18 20:48","FastLeaderElection.java","32025","113421","145446"
"2010-03-13 01:06","FastLeaderElection.java","13581","39928","53509"
"2014-03-23 04:12","FastLeaderElection.java","30287","101843","132130"
"2019-10-10 14:37","FastLeaderElection.java","141867","261253","403120"
"2013-10-21 23:36","FastLeaderElection.java","30067","97811","127878"
"2009-08-04 19:59","FastLeaderElection.java","557","1295","1852"
"2009-08-11 23:09","FastLeaderElection.java","1220","3064","4284"
"2009-12-15 23:23","FastLeaderElection.java","5031","18244","23275"
"2019-09-30 23:22","FastLeaderElection.java","141867","260880","402747"
"2011-04-12 09:14","FastLeaderElection.java","23118","60224","83342"
"2014-07-20 04:50","FastLeaderElection.java","32044","113502","145546"
"2010-07-05 21:50","FastLeaderElection.java","17469","54917","72386"
"2020-04-07 09:07","FastLeaderElection.java","142506","271513","414019"
"2012-03-20 01:33","FastLeaderElection.java","28186","77659","105845"
"2019-01-18 03:42","FastLeaderElection.java","141823","233481","375304"
"2012-02-06 09:40","FastLeaderElection.java","26724","74746","101470"
"2017-09-11 18:55","FastLeaderElection.java","36034","131991","168025"
"2013-03-07 07:01","FastLeaderElection.java","29693","91879","121572"
"2018-08-29 06:26","FastLeaderElection.java","83786","190026","273812"
"2011-04-29 18:12","FastLeaderElection.java","23153","60594","83747"
"2015-02-06 06:17","FastLeaderElection.java","32211","117899","150110"
"2018-04-30 06:34","FastLeaderElection.java","36233","138172","174405"
"2019-08-17 17:13","FastLeaderElection.java","141867","257500","399367"
"2019-08-02 20:08","FastLeaderElection.java","141867","258281","400148"
"2012-08-03 00:17","FastLeaderElection.java","28369","80330","108699"
"2017-01-13 19:29","FastLeaderElection.java","34699","132996","167695"
"2011-06-14 07:14","FastLeaderElection.java","23228","62284","85512"
"2019-08-03 08:42","FastLeaderElection.java","141867","258208","400075"
"2019-09-18 11:20","DataTreeTest.java","599","2468","3067"
"2019-12-27 22:33","DataTreeTest.java","8373","16008","24381"
"2019-10-09 16:38","DataTreeTest.java","807","3261","4068"
"2013-12-21 22:05","RepeatStartupTest.java","18403","136098","154501"
"2010-08-18 08:24","RepeatStartupTest.java","13258","110913","124171"
"2010-03-31 06:26","RepeatStartupTest.java","12731","90919","103650"
"2011-04-12 09:14","RepeatStartupTest.java","14146","102846","116992"
"2011-10-25 08:09","RepeatStartupTest.java","16784","110913","127697"
"2009-02-03 06:23","RepeatStartupTest.java","6630","18935","25565"
"2009-07-17 00:09","RepeatStartupTest.java","9278","61089","70367"
"2019-08-17 17:13","RepeatStartupTest.java","90479","257706","348185"
"2016-05-02 18:15","ClientCnxn.java","3554","4097","7651"
"2019-08-17 17:13","ClientCnxn.java","220075","255918","475993"
"2017-12-19 19:27","ClientCnxn.java","13720","22592","36312"
"2019-01-31 15:50","ClientCnxn.java","219964","233474","453438"
"2019-04-09 15:35","ClientCnxn.java","219985","236685","456670"
"2019-11-08 17:30","ClientCnxn.java","220107","261564","481671"
"2017-06-08 17:59","ClientCnxn.java","10902","15484","26386"
"2019-01-16 14:21","ClientCnxn.java","219964","231787","451751"
"2019-01-07 14:24","ClientCnxn.java","219963","230636","450599"
"2019-03-06 03:32","ClientCnxn.java","219983","235611","455594"
"2019-02-07 11:26","ClientCnxn.java","219965","234140","454105"
"2018-11-05 19:40","ClientCnxn.java","199133","233462","432595"
"2020-05-17 15:13","ClientCnxn.java","221658","271446","493104"
"2018-06-25 12:30","ClientCnxn.java","14294","26692","40986"
"2020-03-03 03:12","ClientCnxn.java","221626","269204","490830"
"2018-09-10 11:44","ClientCnxn.java","110773","126356","237129"
"2015-12-06 19:58","ClientCnxn.java","130","435","565"
"2020-01-21 17:53","ClientCnxn.java","221626","265465","487091"
"2015-12-05 22:43","ClientCnxn.java","130","432","562"
"2015-12-05 22:32","ClientCnxn.java","128","425","553"
"2019-10-10 14:37","ClientCnxn.java","220075","259671","479746"
"2019-11-21 05:58","ClientCnxn.java","221624","260634","482258"
"2020-04-16 12:50","ClientCnxn.java","221626","271043","492669"
"2018-07-27 05:16","ClientCnxn.java","34012","47562","81574"
"2019-10-10 14:37","StandaloneDisabledTest.java","31925","50347","82272"
"2019-08-17 17:13","StandaloneDisabledTest.java","29523","44192","73715"
"2019-08-17 17:13","StringUtils.java","191763","256406","448169"
"2019-06-03 19:40","StringUtils.java","191763","241737","433500"
"2019-06-07 14:13","SessionTest.java","167718","243119","410837"
"2019-08-17 17:13","SessionTest.java","167718","257015","424733"
"2017-09-11 18:55","SessionTest.java","41928","112890","154818"
"2010-11-04 17:01","SessionTest.java","8001","57808","65809"
"2018-09-22 06:48","SessionTest.java","103991","187875","291866"
"2011-10-25 08:09","SessionTest.java","24064","44587","68651"
"2010-08-17 09:24","SessionTest.java","6591","22956","29547"
"2011-04-12 09:14","SessionTest.java","19687","30457","50144"
"2010-03-31 06:26","SessionTest.java","2816","3074","5890"
"2010-08-18 08:24","SessionTest.java","7769","27494","35263"
"2010-10-21 02:44","SessionTest.java","7990","57691","65681"
"2010-08-05 09:09","SessionTest.java","6297","20886","27183"
"2013-12-21 22:05","SessionTest.java","29974","74063","104037"
"2019-10-10 14:37","SessionTest.java","167718","260768","428486"
"2015-07-07 07:11","SessionTest.java","37158","101940","139098"
"2019-12-28 16:17","SessionTest.java","168765","266647","435412"
"2019-07-29 17:15","TestReader.java","14599","38161","52760"
"2017-09-11 18:55","MeasureThroughput.java","27844","88187","116031"
"2013-03-07 07:01","QuorumMaj.java","22438","110655","133093"
"2017-09-11 18:55","QuorumMaj.java","27924","149912","177836"
"2012-04-23 01:20","QuorumMaj.java","21510","97889","119399"
"2009-08-04 00:28","QuorumMaj.java","4875","33461","38336"
"2019-08-17 17:13","QuorumMaj.java","113845","257558","371403"
"2011-04-12 09:14","QuorumMaj.java","17973","83159","101132"
"2019-12-27 22:33","DigestCalculator.java","33459","42830","76289"
"2019-09-10 15:21","DigestCalculator.java","26338","28074","54412"
"2019-08-17 17:13","DigestCalculator.java","24762","25455","50217"
"2020-03-25 03:38","ZooKeeperServerBean.java","230688","269633","500321"
"2019-11-14 03:54","ZooKeeperServerBean.java","228964","263133","492097"
"2019-09-16 23:26","ZooKeeperServerBean.java","228916","258095","487011"
"2018-06-08 16:52","ZooKeeperServerBean.java","758","3356","4114"
"2020-04-30 18:53","ZooKeeperServerBean.java","230749","270594","501343"
"2019-01-23 14:00","ZooKeeperServerBean.java","228777","231664","460441"
"2019-07-08 23:26","ZooKeeperServerBean.java","228914","243850","472764"
"2019-01-14 19:38","ZooKeeperServerBean.java","228775","230227","459002"
"2019-01-07 14:39","ZooKeeperServerBean.java","228775","229774","458549"
"2019-08-17 17:13","ZooKeeperServerBean.java","228915","255075","483990"
"2018-07-12 01:33","ZooKeeperServerBean.java","11576","14643","26219"
"2019-05-22 11:39","ZooKeeperServerBean.java","228897","240257","469154"
"2019-07-30 02:31","ZooKeeperServerBean.java","228915","252996","481911"
"2018-06-08 16:52","ZooKeeperServerMain.java","20133","172422","192555"
"2019-04-18 19:17","ZooKeeperServerMain.java","90103","240224","330327"
"2011-04-12 09:14","ZooKeeperServerMain.java","10971","100048","111019"
"2019-11-11 13:59","ZooKeeperServerMain.java","90102","265116","355218"
"2012-03-06 09:20","ZooKeeperServerMain.java","14099","111565","125664"
"2010-08-18 08:24","ZooKeeperServerMain.java","10069","108101","118170"
"2019-11-28 12:24","ZooKeeperServerMain.java","90558","263068","353626"
"2019-11-25 15:37","ZooKeeperServerMain.java","90558","262970","353528"
"2016-08-13 15:01","ZooKeeperServerMain.java","18909","161125","180034"
"2009-06-05 06:44","ZooKeeperServerMain.java","4470","46238","50708"
"2015-06-04 19:51","ZooKeeperServerMain.java","17204","155470","172674"
"2019-08-17 17:13","ZooKeeperServerMain.java","90102","257706","347808"
"2015-03-17 18:06","ZooKeeperServerMain.java","17144","153076","170220"
"2017-07-28 00:36","ZooKeeperServerMain.java","19937","164353","184290"
"2009-04-07 00:19","ZooKeeperServerMain.java","3306","18141","21447"
"2013-12-07 11:16","ZooKeeperServerMain.java","15365","132660","148025"
"2019-04-12 19:01","ZooKeeperServerMain.java","90103","239514","329617"
"2018-09-11 15:23","ZooKeeperServerMain.java","52871","209448","262319"
"2014-07-18 02:19","ZooKeeperServerMain.java","16981","146940","163921"
"2017-02-12 00:12","ZooKeeperServerMain.java","19638","164000","183638"
"2018-06-26 11:18","RemotePeerMXBean.java","17729","46102","63831"
"2019-08-17 17:13","RemotePeerMXBean.java","204462","256154","460616"
"2019-08-17 17:13","LearnerZooKeeperServer.java","196919","256367","453286"
"2014-03-21 06:36","LearnerZooKeeperServer.java","715","4676","5391"
"2016-08-13 15:01","LearnerZooKeeperServer.java","16761","42574","59335"
"2015-03-08 23:07","LearnerZooKeeperServer.java","10804","29285","40089"
"2019-07-29 17:15","JField.java","167551","254590","422141"
"2015-02-06 06:17","PrepRequestProcessor.java","2932","14436","17368"
"2019-02-07 11:26","PrepRequestProcessor.java","203403","234380","437783"
"2019-09-11 10:27","PrepRequestProcessor.java","203510","257511","461021"
"2018-07-19 05:59","PrepRequestProcessor.java","36292","66332","102624"
"2017-09-11 18:55","PrepRequestProcessor.java","16509","38282","54791"
"2019-01-16 14:21","PrepRequestProcessor.java","203402","232027","435429"
"2017-06-01 05:45","PrepRequestProcessor.java","14949","36258","51207"
"2019-11-08 17:30","PrepRequestProcessor.java","203538","261797","465335"
"2016-11-13 20:59","PrepRequestProcessor.java","10288","32652","42940"
"2019-04-09 15:35","PrepRequestProcessor.java","203422","236924","440346"
"2019-04-17 14:16","PrepRequestProcessor.java","203494","238211","441705"
"2014-10-28 05:35","PrepRequestProcessor.java","2596","12161","14757"
"2019-05-10 12:22","PrepRequestProcessor.java","203494","240646","444140"
"2017-06-26 00:16","PrepRequestProcessor.java","15251","36838","52089"
"2019-02-07 11:22","PrepRequestProcessor.java","203403","234042","437445"
"2016-11-16 06:21","PrepRequestProcessor.java","10323","33234","43557"
"2019-08-01 07:31","PrepRequestProcessor.java","203510","256826","460336"
"2019-06-26 10:57","PrepRequestProcessor.java","203510","244005","447515"
"2015-05-29 19:45","PrepRequestProcessor.java","3950","18245","22195"
"2016-10-07 21:51","PrepRequestProcessor.java","10105","30216","40321"
"2015-06-04 19:51","PrepRequestProcessor.java","4090","19150","23240"
"2019-08-17 17:13","PrepRequestProcessor.java","203510","256155","459665"
"2018-08-08 06:21","PrepRequestProcessor.java","83662","115182","198844"
"2018-05-09 23:57","PrepRequestProcessor.java","17641","45975","63616"
"2015-06-11 20:09","PrepRequestProcessor.java","4107","19293","23400"
"2019-12-27 22:33","PrepRequestProcessor.java","204949","266272","471221"
"2019-10-10 14:37","PrepRequestProcessor.java","203510","259908","463418"
"2020-03-25 03:38","PrepRequestProcessor.java","204949","270379","475328"
"2014-07-25 01:31","PrepRequestProcessor.java","1995","9484","11479"
"2015-03-08 23:07","PrepRequestProcessor.java","3035","14713","17748"
"2014-07-22 06:51","PrepRequestProcessor.java","1917","9217","11134"
"2018-06-15 07:41","PrepRequestProcessor.java","17831","46917","64748"
"2015-02-06 06:17","StaticHostProviderTest.java","18966","57573","76539"
"2012-11-17 15:03","StaticHostProviderTest.java","8111","15680","23791"
"2012-01-16 03:19","StaticHostProviderTest.java","4491","4896","9387"
"2014-06-27 23:47","StaticHostProviderTest.java","17826","46939","64765"
"2013-11-05 03:02","StaticHostProviderTest.java","11330","32376","43706"
"2014-07-17 22:56","StaticHostProviderTest.java","18292","49381","67673"
"2012-12-20 06:50","StaticHostProviderTest.java","9470","20037","29507"
"2019-08-17 17:13","StaticHostProviderTest.java","177002","256750","433752"
"2018-07-16 05:45","StaticHostProviderTest.java","47390","104500","151890"
"2015-05-10 00:27","StaticHostProviderTest.java","19160","60111","79271"
"2019-12-27 22:33","FileTxnLog.java","230867","265525","496392"
"2019-10-10 14:37","FileTxnLog.java","229096","258829","487925"
"2018-11-12 22:36","FileTxnLog.java","228952","223024","451976"
"2018-08-01 21:19","FileTxnLog.java","22006","26082","48088"
"2018-04-27 20:28","FileTxnLog.java","353","1324","1677"
"2018-06-08 16:52","FileTxnLog.java","673","3091","3764"
"2020-01-28 17:26","FileTxnLog.java","230868","267246","498114"
"2019-05-14 17:11","FileTxnLog.java","229075","239722","468797"
"2019-01-07 14:24","FileTxnLog.java","228955","229765","458720"
"2019-04-12 19:01","FileTxnLog.java","229058","236845","465903"
"2018-09-06 01:11","FileTxnLog.java","100798","106505","207303"
"2018-09-18 01:00","FileTxnLog.java","100947","108908","209855"
"2019-08-17 17:13","FileTxnLog.java","229095","255075","484170"
"2019-06-03 19:40","FileTxnLog.java","229094","240405","469499"
"2018-04-24 00:20","FileTxnLog.java","149","1033","1182"
"2019-08-03 08:42","FileTxnLog.java","229095","255783","484878"
"2019-04-09 15:35","FileTxnLog.java","228985","235822","464807"
"2019-06-07 14:13","TruncateTest.java","200632","242396","443028"
"2015-05-14 18:40","TruncateTest.java","11126","28434","39560"
"2019-08-17 17:13","TruncateTest.java","200632","256292","456924"
"2018-05-09 23:57","TruncateTest.java","24376","55725","80101"
"2014-09-27 08:20","TruncateTest.java","10066","22359","32425"
"2019-07-12 17:01","TruncateTest.java","200632","251605","452237"
"2017-08-18 06:32","TruncateTest.java","23168","47778","70946"
"2017-09-11 18:55","TruncateTest.java","23305","48093","71398"
"2014-06-30 19:11","TruncateTest.java","7996","13055","21051"
"2016-08-24 01:36","TruncateTest.java","17041","38834","55875"
"2017-05-11 16:59","TruncateTest.java","21761","46001","67762"
"2020-01-28 17:26","TruncateTest.java","202049","268107","470156"
"2017-01-07 01:09","TruncateTest.java","18133","45058","63191"
"2019-12-27 22:33","FileTxnSnapLogTest.java","228347","265557","493904"
"2017-04-28 07:14","FileTxnSnapLogTest.java","3745","1687","5432"
"2019-04-29 16:49","FileTxnSnapLogTest.java","226723","239092","465815"
"2019-06-03 19:40","FileTxnSnapLogTest.java","226741","240604","467345"
"2019-08-17 17:13","FileTxnSnapLogTest.java","226742","255274","482016"
"2018-02-14 21:23","FileTxnSnapLogTest.java","7965","10517","18482"
"2019-08-17 17:13","FollowerResyncConcurrencyTest.java","174606","256904","431510"
"2019-06-03 19:40","FollowerResyncConcurrencyTest.java","174606","242235","416841"
"2013-06-28 23:22","FollowerResyncConcurrencyTest.java","13860","33377","47237"
"2012-03-15 18:01","FollowerResyncConcurrencyTest.java","8339","13180","21519"
"2011-12-09 20:03","FollowerResyncConcurrencyTest.java","6900","9166","16066"
"2015-11-21 22:18","FollowerResyncConcurrencyTest.java","23493","70227","93720"
"2011-11-05 21:57","FollowerResyncConcurrencyTest.java","6880","8679","15559"
"2011-10-25 08:09","FollowerResyncConcurrencyTest.java","6631","7618","14249"
"2011-09-17 02:36","FollowerResyncConcurrencyTest.java","4047","6569","10616"
"2019-10-10 14:37","FollowerResyncConcurrencyTest.java","174606","260657","435263"
"2019-12-28 16:17","FollowerResyncConcurrencyTest.java","175704","266587","442291"
"2019-06-03 19:40","JettyAdminServer.java","220356","241246","461602"
"2019-08-17 17:13","JettyAdminServer.java","220357","255916","476273"
"2019-07-29 17:09","JettyAdminServer.java","220357","252930","473287"
"2016-08-25 02:23","JettyAdminServer.java","4852","6596","11448"
"2020-05-05 09:18","JettyAdminServer.java","221910","271231","493141"
"2019-10-10 14:37","JettyAdminServer.java","220357","259669","480026"
"2015-05-14 07:10","CnxManagerTest.java","3507","16066","19573"
"2020-03-12 14:47","CnxManagerTest.java","206399","269537","475936"
"2019-08-17 17:13","CnxManagerTest.java","204959","256154","461113"
"2019-06-03 19:40","CnxManagerTest.java","204959","241485","446444"
"2017-11-28 00:10","CnxManagerTest.java","16809","40989","57798"
"2019-07-12 17:01","CnxManagerTest.java","204959","251467","456426"
"2019-05-08 21:54","CnxManagerTest.java","204943","240640","445583"
"2019-08-06 12:52","CnxManagerTest.java","204959","257127","462086"
"2019-06-14 09:06","CnxManagerTest.java","204959","244152","449111"
"2019-11-29 14:49","CnxManagerTest.java","206398","264150","470548"
"2015-02-06 06:17","CnxManagerTest.java","2674","12728","15402"
"2017-09-11 18:55","CnxManagerTest.java","16380","36703","53083"
"2020-02-16 10:25","CnxManagerTest.java","206399","268234","474633"
"2015-11-03 08:11","CnxManagerTest.java","5174","20249","25423"
"2019-10-10 14:37","CnxManagerTest.java","204959","259907","464866"
"2014-07-23 19:36","CnxManagerTest.java","1618","7524","9142"
"2019-08-17 17:13","SaslClientTest.java","220587","255887","476474"
"2020-03-12 14:47","CnxManagerTest.java","221352","269415","490767"
"2019-08-17 17:13","CnxManagerTest.java","219801","255921","475722"
"2019-06-03 19:40","CnxManagerTest.java","219800","241251","461051"
"2017-11-28 00:10","CnxManagerTest.java","13331","22436","35767"
"2019-07-12 17:01","CnxManagerTest.java","219801","251234","471035"
"2019-05-08 21:54","CnxManagerTest.java","219783","240405","460188"
"2019-08-06 12:52","CnxManagerTest.java","219801","256894","476695"
"2019-06-14 09:06","CnxManagerTest.java","219800","243918","463718"
"2019-11-29 14:49","CnxManagerTest.java","221350","264027","485377"
"2017-09-11 18:55","CnxManagerTest.java","12860","18108","30968"
"2020-02-16 10:25","CnxManagerTest.java","221352","268112","489464"
"2019-10-10 14:37","CnxManagerTest.java","219801","259674","479475"
"2018-09-18 01:00","SessionTracker.java","41103","44209","85312"
"2019-09-05 23:12","SessionTracker.java","191804","213848","405652"
"2019-08-17 17:13","SessionTracker.java","191803","212928","404731"
"2019-10-10 14:37","ObserverMaster.java","3717","7470","11187"
"2019-11-29 14:49","ObserverMaster.java","9773","16330","26103"
"2019-10-10 14:37","IntegrityCheck.java","142084","261253","403337"
"2016-08-24 01:36","IntegrityCheck.java","34275","127020","161295"
"2011-04-12 09:14","IntegrityCheck.java","22852","59741","82593"
"2017-09-11 18:55","IntegrityCheck.java","35943","131683","167626"
"2018-08-06 14:11","IntegrityCheck.java","47936","153059","200995"
"2019-08-17 17:13","IntegrityCheck.java","142084","257500","399584"
"2019-09-18 11:20","DataTreeTest.java","2292","5204","7496"
"2019-12-27 22:33","DataTreeTest.java","10004","18682","28686"
"2019-10-09 16:38","DataTreeTest.java","2498","5995","8493"
"2019-09-10 15:21","DataTreeTest.java","1694","2737","4431"
"2016-05-02 18:15","ClientCnxn.java","3514","3752","7266"
"2019-08-17 17:13","ClientCnxn.java","220378","255916","476294"
"2017-12-19 19:27","ClientCnxn.java","13705","22272","35977"
"2019-01-31 15:50","ClientCnxn.java","220267","233472","453739"
"2019-04-09 15:35","ClientCnxn.java","220288","236683","456971"
"2019-11-08 17:30","ClientCnxn.java","220410","261562","481972"
"2017-06-08 17:59","ClientCnxn.java","10887","15164","26051"
"2019-01-16 14:21","ClientCnxn.java","220267","231785","452052"
"2019-01-07 14:24","ClientCnxn.java","220266","230634","450900"
"2019-03-06 03:32","ClientCnxn.java","220286","235609","455895"
"2019-02-07 11:26","ClientCnxn.java","220268","234138","454406"
"2018-11-05 19:40","ClientCnxn.java","199426","233450","432876"
"2020-05-17 15:13","ClientCnxn.java","221963","271446","493409"
"2018-06-25 12:30","ClientCnxn.java","14279","26372","40651"
"2020-03-03 03:12","ClientCnxn.java","221931","269204","491135"
"2018-09-10 11:44","ClientCnxn.java","110888","126166","237054"
"2020-01-21 17:53","ClientCnxn.java","221931","265465","487396"
"2019-10-10 14:37","ClientCnxn.java","220378","259669","480047"
"2019-11-21 05:58","ClientCnxn.java","221929","260634","482563"
"2020-04-16 12:50","ClientCnxn.java","221931","271043","492974"
"2018-07-27 05:16","ClientCnxn.java","34120","47365","81485"
"2019-11-08 17:30","Request.java","175322","262301","437623"
"2019-01-16 14:21","Request.java","175218","232563","407781"
"2019-04-25 02:11","Request.java","175294","240379","415673"
"2019-07-08 23:26","Request.java","175294","245435","420729"
"2015-02-06 06:17","Request.java","16528","56752","73280"
"2013-03-07 07:01","Request.java","8002","24724","32726"
"2019-02-07 11:26","Request.java","175219","234916","410135"
"2019-08-06 17:11","Request.java","175294","257760","433054"
"2019-08-01 07:28","Request.java","175294","256840","432134"
"2019-06-26 10:57","Request.java","175294","244509","419803"
"2014-01-24 07:18","Request.java","9024","34479","43503"
"2016-10-07 21:51","Request.java","21730","70561","92291"
"2015-06-04 19:51","Request.java","17003","60783","77786"
"2019-08-17 17:13","Request.java","175294","256659","431953"
"2019-04-17 14:16","Request.java","175294","238731","414025"
"2019-05-03 00:44","Request.java","175294","240656","415950"
"2019-06-05 00:46","Request.java","175294","242519","417813"
"2019-05-10 12:22","Request.java","175294","241166","416460"
"2020-03-25 03:38","Request.java","176599","270749","447348"
"2019-09-20 10:06","Request.java","175294","259522","434816"
"2019-09-16 23:26","Request.java","175294","259678","434972"
"2019-12-27 22:33","Request.java","176599","266642","443241"
"2019-11-11 13:59","Request.java","175322","264097","439419"
"2012-12-19 19:16","Request.java","6761","18927","25688"
"2014-04-29 02:23","Request.java","15166","43886","59052"
"2013-10-09 22:21","Request.java","8787","30704","39491"
"2020-05-05 21:20","Request.java","176599","271780","448379"
"2020-04-30 18:53","RequestThrottler.java","5453","14232","19685"
"2020-03-25 03:38","RequestThrottler.java","4728","12607","17335"
"2020-05-17 15:13","ClientCnxn.java","7055","13004","20059"
"2020-03-03 03:12","ClientCnxn.java","2452","6191","8643"
"2020-04-16 12:50","ClientCnxn.java","3326","8904","12230"
"2019-08-17 17:13","PathTrie.java","24887","23431","48318"
"2020-02-16 10:25","QuorumKerberosHostBasedAuthTest.java","4029","8112","12141"
"2020-01-22 11:08","QuorumKerberosHostBasedAuthTest.java","2080","3966","6046"
"2019-07-23 15:55","NettyServerCnxnTest.java","2704","11379","14083"
"2019-08-17 17:13","NettyServerCnxnTest.java","27549","40216","67765"
"2016-08-13 15:01","ReadOnlyZooKeeperServer.java","7020","13304","20324"
"2019-11-29 14:49","ReadOnlyZooKeeperServer.java","217616","264092","481708"
"2019-08-17 17:13","ReadOnlyZooKeeperServer.java","216164","256083","472247"
"2018-07-10 12:46","QuorumTest.java","43501","144582","188083"
"2019-08-17 17:13","QuorumTest.java","144483","257484","401967"
"2010-11-04 17:01","QuorumTest.java","17671","91182","108853"
"2012-12-13 08:14","QuorumTest.java","28831","82023","110854"
"2011-06-22 00:19","QuorumTest.java","22863","59406","82269"
"2010-03-19 07:46","QuorumTest.java","12793","36836","49629"
"2011-07-15 06:50","QuorumTest.java","21304","60804","82108"
"2010-08-18 08:24","QuorumTest.java","17497","60926","78423"
"2013-10-09 22:21","QuorumTest.java","29768","94650","124418"
"2010-03-31 06:26","QuorumTest.java","14071","38033","52104"
"2011-09-17 02:13","QuorumTest.java","24150","68732","92882"
"2010-07-29 23:10","QuorumTest.java","16671","54910","71581"
"2011-04-12 09:14","QuorumTest.java","22489","56963","79452"
"2019-10-10 14:37","QuorumTest.java","144483","261237","405720"
"2019-09-18 11:20","QuorumTest.java","144483","260396","404879"
"2019-12-28 16:17","QuorumTest.java","145129","266715","411844"
"2009-10-30 17:19","QuorumTest.java","1513","2643","4156"
"2015-11-03 08:11","QuorumTest.java","32361","120571","152932"
"2011-07-29 10:14","QuorumTest.java","21380","63412","84792"
"2010-03-13 01:06","QuorumTest.java","12532","36247","48779"
"2019-10-10 14:37","LearnerHandler.java","27747","35017","62764"
"2019-08-23 19:43","LearnerHandler.java","25293","29476","54769"
"2019-08-17 17:13","LearnerHandler.java","25290","28807","54097"
"2019-08-03 08:42","LearnerHandler.java","1344","5569","6913"
"2019-10-10 14:37","FastLeaderElection.java","3717","7470","11187"
"2019-09-30 23:22","FastLeaderElection.java","2484","5864","8348"
"2020-04-07 09:07","FastLeaderElection.java","12474","25848","38322"
"2019-10-10 14:37","FastLeaderElection.java","27789","30761","58550"
"2019-09-30 23:22","FastLeaderElection.java","27275","29874","57149"
"2020-04-07 09:07","FastLeaderElection.java","35939","48532","84471"
"2019-08-17 17:13","FastLeaderElection.java","25102","24321","49423"
"2019-08-03 08:42","FastLeaderElection.java","280","207","487"
"2019-02-07 11:26","PrepRequestProcessor.java","215013","234312","449325"
"2019-09-11 10:27","PrepRequestProcessor.java","215122","257445","472567"
"2018-07-19 05:59","PrepRequestProcessor.java","35895","54257","90152"
"2017-09-11 18:55","PrepRequestProcessor.java","15030","25125","40155"
"2019-01-16 14:21","PrepRequestProcessor.java","215012","231959","446971"
"2017-06-01 05:45","PrepRequestProcessor.java","12928","22559","35487"
"2019-11-08 17:30","PrepRequestProcessor.java","215151","261732","476883"
"2016-11-13 20:59","PrepRequestProcessor.java","7924","18610","26534"
"2019-04-09 15:35","PrepRequestProcessor.java","215033","236857","451890"
"2019-04-17 14:16","PrepRequestProcessor.java","215105","238144","453249"
"2019-05-10 12:22","PrepRequestProcessor.java","215105","240579","455684"
"2017-06-26 00:16","PrepRequestProcessor.java","13231","23140","36371"
"2019-02-07 11:22","PrepRequestProcessor.java","215013","233974","448987"
"2016-11-16 06:21","PrepRequestProcessor.java","7961","19194","27155"
"2019-08-01 07:31","PrepRequestProcessor.java","215122","256760","471882"
"2019-06-26 10:57","PrepRequestProcessor.java","215121","243938","459059"
"2015-05-29 19:45","PrepRequestProcessor.java","1287","3904","5191"
"2016-10-07 21:51","PrepRequestProcessor.java","7713","16146","23859"
"2015-06-04 19:51","PrepRequestProcessor.java","1433","4815","6248"
"2019-08-17 17:13","PrepRequestProcessor.java","215122","256089","471211"
"2018-08-08 06:21","PrepRequestProcessor.java","83378","103220","186598"
"2018-05-09 23:57","PrepRequestProcessor.java","16187","32843","49030"
"2015-06-11 20:09","PrepRequestProcessor.java","1465","4973","6438"
"2019-12-27 22:33","PrepRequestProcessor.java","216569","266214","482783"
"2019-10-10 14:37","PrepRequestProcessor.java","215122","259842","474964"
"2020-03-25 03:38","PrepRequestProcessor.java","216570","270322","486892"
"2018-06-15 07:41","PrepRequestProcessor.java","16399","33807","50206"
"2017-09-11 18:55","LogEntry.java","39489","99601","139090"
"2019-10-10 14:37","ZooKeeperServerStartupTest.java","31925","50347","82272"
"2019-08-17 17:13","ZooKeeperServerStartupTest.java","29523","44192","73715"
"2015-07-07 07:11","ZooKeeperServerConfTest.java","3799","12639","16438"
"2019-08-17 17:13","ZooKeeperServerConfTest.java","210259","256151","466410"
"2019-02-13 13:12","ZooKeeperServerConfTest.java","210170","235008","445178"
"2019-11-28 12:24","ZKTestCase.java","5432","2311","7743"
"2019-10-10 14:37","ZKDatabase.java","3717","7470","11187"
"2019-12-27 22:33","ZKDatabase.java","10004","18682","28686"
"2019-11-08 17:30","ZKDatabase.java","3908","9522","13430"
"2019-09-10 00:27","ZKDatabase.java","1440","2380","3820"
"2019-10-10 14:37","Login.java","220587","259640","480227"
"2019-11-11 13:59","Login.java","220635","263345","483980"
"2017-11-28 00:10","Login.java","9930","18215","28145"
"2019-08-17 17:13","Login.java","220587","255887","476474"
"2019-08-03 08:42","Login.java","220587","256595","477182"
"2018-06-08 16:52","ZooKeeperServerMain.java","23099","175872","198971"
"2019-04-18 19:17","ZooKeeperServerMain.java","89383","240224","329607"
"2011-04-12 09:14","ZooKeeperServerMain.java","14299","104096","118395"
"2019-11-11 13:59","ZooKeeperServerMain.java","89382","265116","354498"
"2012-03-06 09:20","ZooKeeperServerMain.java","17399","115349","132748"
"2010-08-18 08:24","ZooKeeperServerMain.java","13460","112212","125672"
"2019-11-28 12:24","ZooKeeperServerMain.java","89838","263068","352906"
"2019-11-25 15:37","ZooKeeperServerMain.java","89838","262970","352808"
"2016-08-13 15:01","ZooKeeperServerMain.java","21988","164688","186676"
"2009-06-05 06:44","ZooKeeperServerMain.java","8743","51231","59974"
"2015-06-04 19:51","ZooKeeperServerMain.java","20382","159132","179514"
"2019-08-17 17:13","ZooKeeperServerMain.java","89382","257706","347088"
"2015-03-17 18:06","ZooKeeperServerMain.java","20324","156740","177064"
"2017-07-28 00:36","ZooKeeperServerMain.java","22915","167815","190730"
"2009-04-07 00:19","ZooKeeperServerMain.java","7723","23278","31001"
"2009-01-15 23:57","ZooKeeperServerMain.java","5870","6590","12460"
"2013-12-07 11:16","ZooKeeperServerMain.java","18596","136375","154971"
"2019-04-12 19:01","ZooKeeperServerMain.java","89383","239514","328897"
"2018-09-11 15:23","ZooKeeperServerMain.java","54985","212046","267031"
"2014-07-18 02:19","ZooKeeperServerMain.java","20175","150618","170793"
"2017-02-12 00:12","ZooKeeperServerMain.java","22620","167466","190086"
"2019-09-18 11:20","MultiOperationTest.java","28686","43748","72434"
"2019-08-17 17:13","MultiOperationTest.java","26898","39048","65946"
"2019-11-28 12:24","DataTree.java","33297","37532","70829"
"2019-10-10 14:37","DataTree.java","27791","30873","58664"
"2019-12-27 22:33","DataTree.java","33803","41810","75613"
"2019-11-11 13:59","DataTree.java","27997","34736","62733"
"2019-11-08 17:30","DataTree.java","27965","32908","60873"
"2019-09-10 09:53","DataTree.java","26486","26864","53350"
"2019-09-11 10:27","DataTree.java","26720","27405","54125"
"2019-08-17 17:13","DataTree.java","25104","24433","49537"
"2019-09-10 15:21","DataTree.java","26680","27052","53732"
"2019-08-03 08:42","DataTree.java","286","323","609"
"2019-08-09 16:15","DataTree.java","552","1337","1889"
"2019-08-17 17:13","ClientPortBindTest.java","166988","257015","424003"
"2017-01-14 06:32","ClientPortBindTest.java","39609","113646","153255"
"2018-10-08 14:33","ClientPortBindTest.java","136147","234151","370298"
"2016-08-24 01:36","ClientPortBindTest.java","39183","107880","147063"
"2016-07-30 01:02","ClientPortBindTest.java","39028","107491","146519"
"2010-08-18 08:24","ClientPortBindTest.java","7834","28289","36123"
"2010-03-31 06:26","ClientPortBindTest.java","2980","3968","6948"
"2013-12-21 22:05","ClientPortBindTest.java","29924","74743","104667"
"2019-10-10 14:37","ClientPortBindTest.java","166988","260768","427756"
"2019-08-17 17:13","FLELostMessageTest.java","228064","255079","483143"
"2019-07-12 17:01","FLELostMessageTest.java","228064","250392","478456"
"2012-11-17 15:03","StaticHostProvider.java","53201","31872","85073"
"2012-12-20 06:50","StaticHostProvider.java","54526","36195","90721"
"2014-07-17 22:56","StaticHostProvider.java","62365","64556","126921"
"2019-08-17 17:13","StaticHostProvider.java","218823","256985","475808"
"2018-07-16 05:45","StaticHostProvider.java","86904","115116","202020"
"2017-08-03 20:32","StaticHostProvider.java","69431","88873","158304"
"2017-07-28 00:36","StaticHostProvider.java","69431","88846","158277"
"2014-06-27 23:47","StaticHostProvider.java","61988","62203","124191"
"2011-04-12 09:14","StaticHostProvider.java","42638","2273","44911"
"2009-11-12 20:53","ConnectionMXBean.java","7663","65238","72901"
"2019-08-17 17:13","ConnectionMXBean.java","90102","257706","347808"
"2019-08-17 17:13","NettyServerCnxnTest.java","25616","29608","55224"
"2016-05-02 18:15","ClientCnxn.java","3515","3756","7271"
"2019-08-17 17:13","ClientCnxn.java","220375","255916","476291"
"2017-12-19 19:27","ClientCnxn.java","13703","22273","35976"
"2019-01-31 15:50","ClientCnxn.java","220264","233472","453736"
"2019-04-09 15:35","ClientCnxn.java","220285","236683","456968"
"2019-11-08 17:30","ClientCnxn.java","220407","261562","481969"
"2017-06-08 17:59","ClientCnxn.java","10885","15165","26050"
"2019-01-16 14:21","ClientCnxn.java","220264","231785","452049"
"2019-01-07 14:24","ClientCnxn.java","220263","230634","450897"
"2019-03-06 03:32","ClientCnxn.java","220283","235609","455892"
"2019-02-07 11:26","ClientCnxn.java","220265","234138","454403"
"2018-11-05 19:40","ClientCnxn.java","199423","233450","432873"
"2020-05-17 15:13","ClientCnxn.java","221960","271446","493406"
"2018-06-25 12:30","ClientCnxn.java","14277","26373","40650"
"2020-03-03 03:12","ClientCnxn.java","221928","269204","491132"
"2018-09-10 11:44","ClientCnxn.java","110886","126167","237053"
"2015-12-06 19:58","ClientCnxn.java","1","4","5"
"2020-01-21 17:53","ClientCnxn.java","221928","265465","487393"
"2019-10-10 14:37","ClientCnxn.java","220375","259669","480044"
"2019-11-21 05:58","ClientCnxn.java","221926","260634","482560"
"2020-04-16 12:50","ClientCnxn.java","221928","271043","492971"
"2018-07-27 05:16","ClientCnxn.java","34118","47366","81484"
"2018-07-10 12:46","QuorumTest.java","43771","145358","189129"
"2019-08-17 17:13","QuorumTest.java","143983","257490","401473"
"2010-11-04 17:01","QuorumTest.java","18077","92094","110171"
"2012-12-13 08:14","QuorumTest.java","29176","82874","112050"
"2011-06-22 00:19","QuorumTest.java","23261","60310","83571"
"2010-03-19 07:46","QuorumTest.java","13269","37818","51087"
"2011-07-15 06:50","QuorumTest.java","21691","61697","83388"
"2010-08-18 08:24","QuorumTest.java","17905","61840","79745"
"2013-10-09 22:21","QuorumTest.java","30101","95489","125590"
"2010-03-31 06:26","QuorumTest.java","14512","38980","53492"
"2011-09-17 02:13","QuorumTest.java","24530","69618","94148"
"2010-07-29 23:10","QuorumTest.java","17110","55855","72965"
"2011-04-12 09:14","QuorumTest.java","22887","57867","80754"
"2019-10-10 14:37","QuorumTest.java","143983","261243","405226"
"2019-09-18 11:20","QuorumTest.java","143983","260402","404385"
"2009-09-16 02:09","QuorumTest.java","517","1023","1540"
"2019-12-28 16:17","QuorumTest.java","144623","266715","411338"
"2009-10-30 17:19","QuorumTest.java","2030","3666","5696"
"2015-11-03 08:11","QuorumTest.java","32660","121376","154036"
"2011-07-29 10:14","QuorumTest.java","21763","64301","86064"
"2010-03-13 01:06","QuorumTest.java","13015","37236","50251"
"2019-10-10 14:37","LearnerHandler.java","3726","6813","10539"
"2019-10-10 14:37","ZKDatabase.java","2318","5131","7449"
"2019-12-27 22:33","ZKDatabase.java","8609","16347","24956"
"2019-11-08 17:30","ZKDatabase.java","2509","7183","9692"
"2019-10-10 14:37","SecurityUtils.java","27642","30687","58329"
"2019-09-30 22:26","SecurityUtils.java","27072","29729","56801"
"2019-08-17 17:13","SecurityUtils.java","24898","24190","49088"
"2019-08-17 17:13","FourLetterWordsQuorumTest.java","200493","256292","456785"
"2015-03-28 20:08","FourLetterWordsQuorumTest.java","10811","27680","38491"
"2015-07-10 08:19","FourLetterWordsQuorumTest.java","12683","31577","44260"
"2019-10-10 14:37","FourLetterWordsQuorumTest.java","200493","260045","460538"
"2019-07-29 17:15","JMap.java","167551","254590","422141"
"2019-10-10 14:37","QuorumPeerMain.java","223799","258987","482786"
"2020-01-23 13:43","QuorumPeerMain.java","225442","266804","492246"
"2019-11-28 12:24","QuorumPeerMain.java","225440","261781","487221"
"2020-02-16 10:25","QuorumPeerMain.java","225442","267517","492959"
"2019-04-18 19:17","QuorumPeerMain.java","223780","237732","461512"
"2019-11-11 13:59","QuorumPeerMain.java","223847","262692","486539"
"2019-04-12 19:01","QuorumPeerMain.java","223780","237022","460802"
"2018-09-11 15:23","QuorumPeerMain.java","101631","113792","215423"
"2018-08-06 14:11","QuorumPeerMain.java","23178","33124","56302"
"2019-08-17 17:13","QuorumPeerMain.java","223799","255234","479033"
"2017-11-28 00:10","QuorumPeerMain.java","874","5294","6168"
"2019-08-17 17:13","WatcherCleanerTest.java","29620","47813","77433"
"2016-05-02 18:15","ClientCnxn.java","3516","3762","7278"
"2019-08-17 17:13","ClientCnxn.java","220370","255916","476286"
"2017-12-19 19:27","ClientCnxn.java","13701","22276","35977"
"2019-01-31 15:50","ClientCnxn.java","220259","233472","453731"
"2019-04-09 15:35","ClientCnxn.java","220280","236683","456963"
"2019-11-08 17:30","ClientCnxn.java","220402","261562","481964"
"2017-06-08 17:59","ClientCnxn.java","10883","15168","26051"
"2019-01-16 14:21","ClientCnxn.java","220259","231785","452044"
"2019-01-07 14:24","ClientCnxn.java","220258","230634","450892"
"2019-03-06 03:32","ClientCnxn.java","220278","235609","455887"
"2019-02-07 11:26","ClientCnxn.java","220260","234138","454398"
"2018-11-05 19:40","ClientCnxn.java","199418","233450","432868"
"2020-05-17 15:13","ClientCnxn.java","221955","271446","493401"
"2018-06-25 12:30","ClientCnxn.java","14275","26376","40651"
"2020-03-03 03:12","ClientCnxn.java","221923","269204","491127"
"2018-09-10 11:44","ClientCnxn.java","110884","126170","237054"
"2015-12-06 19:58","ClientCnxn.java","2","10","12"
"2020-01-21 17:53","ClientCnxn.java","221923","265465","487388"
"2019-10-10 14:37","ClientCnxn.java","220370","259669","480039"
"2019-11-21 05:58","ClientCnxn.java","221921","260634","482555"
"2020-04-16 12:50","ClientCnxn.java","221923","271043","492966"
"2018-07-27 05:16","ClientCnxn.java","34116","47369","81485"
"2019-08-17 17:13","SerializationPerfTest.java","180473","256905","437378"
"2019-10-10 14:37","SerializationPerfTest.java","180473","260658","441131"
"2019-12-27 22:33","FileTxnSnapLog.java","225824","265554","491378"
"2019-10-10 14:37","FileTxnSnapLog.java","224198","259003","483201"
"2019-12-13 08:51","FileTxnSnapLog.java","225823","263590","489413"
"2020-01-23 16:46","FileTxnSnapLog.java","225825","266804","492629"
"2020-01-28 17:26","FileTxnSnapLog.java","225825","267275","493100"
"2018-06-08 16:52","FileTxnSnapLog.java","3624","11114","14738"
"2019-09-02 08:23","FileTxnSnapLog.java","224198","255907","480105"
"2019-07-31 19:06","FileTxnSnapLog.java","224198","254557","478755"
"2018-07-30 06:22","FileTxnSnapLog.java","24561","33706","58267"
"2020-01-30 09:43","FileTxnSnapLog.java","225825","267351","493176"
"2019-05-14 17:11","FileTxnSnapLog.java","224179","239898","464077"
"2019-05-21 23:34","FileTxnSnapLog.java","224180","240220","464400"
"2019-05-27 10:54","FileTxnSnapLog.java","224180","240552","464732"
"2018-02-23 23:49","FileTxnSnapLog.java","3103","8339","11442"
"2017-08-18 06:32","FileTxnSnapLog.java","1707","1709","3416"
"2019-08-17 17:13","FileTxnSnapLog.java","224198","255250","479448"
"2018-02-14 21:23","FileTxnSnapLog.java","3077","8149","11226"
"2010-03-13 01:06","FLENewEpochTest.java","13252","39382","52634"
"2019-10-10 14:37","FLENewEpochTest.java","142084","261253","403337"
"2011-04-12 09:14","FLENewEpochTest.java","22852","59741","82593"
"2010-03-31 06:26","FLENewEpochTest.java","14591","40968","55559"
"2019-08-17 17:13","FLENewEpochTest.java","142084","257500","399584"
"2019-11-29 14:49","ReadOnlyZooKeeperServer.java","9773","16330","26103"
"2018-10-18 11:18","Emulate353TTLTest.java","208542","231000","439542"
"2019-08-17 17:13","Emulate353TTLTest.java","230888","254922","485810"
"2019-10-10 14:37","SnapStream.java","2906","3340","6246"
"2019-12-03 19:12","SnapStream.java","8976","12272","21248"
"2019-10-10 14:37","ClientTest.java","104893","261349","366242"
"2009-09-16 02:09","ClientTest.java","5863","45565","51428"
"2019-12-28 16:17","ClientTest.java","105438","266726","372164"
"2009-10-31 00:09","ClientTest.java","7086","48768","55854"
"2009-11-07 01:48","ClientTest.java","7360","49447","56807"
"2010-01-05 18:32","ClientTest.java","8616","59348","67964"
"2010-03-09 03:09","ClientTest.java","12387","74827","87214"
"2014-07-25 01:31","ClientTest.java","24167","140799","164966"
"2009-05-14 22:15","ClientTest.java","1934","26715","28649"
"2017-01-09 22:49","ClientTest.java","26457","159532","185989"
"2010-09-15 07:51","ClientTest.java","14060","125361","139421"
"2011-04-12 09:14","ClientTest.java","17843","92019","109862"
"2014-07-08 20:18","ClientTest.java","24047","136292","160339"
"2017-05-01 17:19","ClientTest.java","27081","158300","185381"
"2018-11-22 17:56","ClientTest.java","104858","226258","331116"
"2013-01-25 02:17","ClientTest.java","21852","114598","136450"
"2017-06-30 22:43","ClientTest.java","27323","158063","185386"
"2009-06-25 00:59","ClientTest.java","4951","41019","45970"
"2019-03-06 03:32","ClientTest.java","104864","237352","342216"
"2012-12-11 08:42","ClientTest.java","21427","111913","133340"
"2012-10-31 19:38","ClientTest.java","21276","108935","130211"
"2009-06-18 18:37","ClientTest.java","3367","32563","35930"
"2019-08-17 17:13","ClientTest.java","104893","257596","362489"
"2019-11-28 12:24","DataTree.java","133561","263045","396606"
"2011-07-13 15:48","DataTree.java","21065","69970","91035"
"2011-06-25 08:13","DataTree.java","22763","70946","93709"
"2011-07-28 07:49","DataTree.java","21159","72510","93669"
"2019-10-10 14:37","DataTree.java","132922","261253","394175"
"2019-12-27 22:33","DataTree.java","133561","266817","400378"
"2015-06-06 03:48","DataTree.java","29994","126302","156296"
"2010-01-26 01:17","DataTree.java","7846","33728","41574"
"2009-10-31 00:09","DataTree.java","5839","19396","25235"
"2019-11-11 13:59","DataTree.java","132922","264910","397832"
"2011-04-12 09:14","DataTree.java","22531","68582","91113"
"2018-07-10 13:29","DataTree.java","40637","151154","191791"
"2012-12-19 19:16","DataTree.java","27030","91619","118649"
"2014-04-17 08:47","DataTree.java","29189","109626","138815"
"2014-04-29 02:23","DataTree.java","29189","110332","139521"
"2010-07-05 20:20","DataTree.java","17242","63628","80870"
"2011-09-15 00:55","DataTree.java","23828","77912","101740"
"2011-09-28 22:17","DataTree.java","23909","78178","102087"
"2018-09-28 23:38","DataTree.java","84591","202934","287525"
"2011-09-17 02:36","DataTree.java","23882","77894","101776"
"2011-10-20 18:48","DataTree.java","25295","77724","103019"
"2019-11-08 17:30","DataTree.java","132922","263114","396036"
"2013-09-05 23:50","DataTree.java","27507","98368","125875"
"2019-01-30 16:28","DataTree.java","132878","234567","367445"
"2019-01-30 17:02","DataTree.java","132878","235111","367989"
"2016-11-24 17:18","DataTree.java","32241","136316","168557"
"2017-09-11 18:55","DataTree.java","33533","136449","169982"
"2011-07-01 00:53","DataTree.java","23085","73781","96866"
"2012-02-06 10:39","DataTree.java","26016","81004","107020"
"2011-12-21 21:39","DataTree.java","25696","79816","105512"
"2017-02-05 07:22","DataTree.java","32336","137850","170186"
"2014-07-18 02:19","DataTree.java","29666","117562","147228"
"2019-02-07 11:26","DataTree.java","132878","235788","368666"
"2013-03-07 07:01","DataTree.java","27352","96497","123849"
"2018-09-04 11:54","DataTree.java","84451","197710","282161"
"2018-09-05 22:35","DataTree.java","84450","197965","282415"
"2018-12-20 15:17","DataTree.java","132878","231056","363934"
"2019-09-10 09:53","DataTree.java","132922","258549","391471"
"2019-04-12 19:01","DataTree.java","132922","239307","372229"
"2019-07-31 19:06","DataTree.java","132922","256807","389729"
"2019-09-11 10:27","DataTree.java","132922","258856","391778"
"2013-10-22 12:54","DataTree.java","27748","102678","130426"
"2016-03-23 00:30","DataTree.java","31644","129391","161035"
"2019-08-01 07:31","DataTree.java","132922","258171","391093"
"2014-01-24 07:18","DataTree.java","27808","105686","133494"
"2009-11-12 23:48","DataTree.java","6499","25666","32165"
"2009-06-18 18:37","DataTree.java","586","1657","2243"
"2019-08-17 17:13","DataTree.java","132922","257500","390422"
"2019-09-10 15:21","DataTree.java","132922","258543","391465"
"2015-06-04 19:51","DataTree.java","29992","126195","156187"
"2016-10-07 21:51","DataTree.java","32032","133286","165318"
"2017-06-18 19:23","DataTree.java","33375","135977","169352"
"2019-04-12 12:29","DataTree.java","132922","238876","371798"
"2019-08-03 08:42","DataTree.java","132922","258208","391130"
"2019-08-09 16:15","DataTree.java","132922","258956","391878"
"2016-11-13 20:59","DataTree.java","32047","135554","167601"
"2019-04-29 16:49","DataTree.java","132922","241337","374259"
"2019-09-05 22:59","AsyncCallback.java","1414","2046","3460"
"2020-05-05 21:20","ServerMetrics.java","42632","79721","122353"
"2020-02-26 22:41","ServerMetrics.java","39101","73028","112129"
"2020-03-25 03:38","ServerMetrics.java","39212","75270","114482"
"2019-09-16 23:26","ServerMetrics.java","31350","57642","88992"
"2019-11-18 09:05","ServerMetrics.java","37161","63578","100739"
"2020-05-03 19:43","ServerMetrics.java","39818","76812","116630"
"2019-06-29 00:33","ServerMetrics.java","5419","16679","22098"
"2019-11-23 17:08","ServerMetrics.java","37343","65317","102660"
"2019-08-17 17:13","ServerMetrics.java","30071","53344","83415"
"2019-05-06 17:48","ServerMetrics.java","1567","9153","10720"
"2019-06-05 00:46","ServerMetrics.java","2171","11304","13475"
"2019-04-17 14:16","ServerMetrics.java","1272","6617","7889"
"2019-05-03 00:44","ServerMetrics.java","1457","8727","10184"
"2019-04-22 19:15","ServerMetrics.java","1278","7333","8611"
"2019-06-05 23:57","ServerMetrics.java","2173","11436","13609"
"2019-05-21 23:34","ServerMetrics.java","1762","10023","11785"
"2019-07-23 15:55","ServerMetrics.java","6897","26178","33075"
"2019-07-08 23:26","ServerMetrics.java","5600","17649","23249"
"2019-02-13 13:19","ServerMetrics.java","638","3143","3781"
"2019-03-05 00:04","ServerMetrics.java","649","3630","4279"
"2019-04-25 02:11","ServerMetrics.java","1303","8296","9599"
"2019-04-12 19:01","ServerMetrics.java","1256","6336","7592"
"2019-07-31 19:06","ServerMetrics.java","8337","30917","39254"
"2019-11-28 12:24","DataTree.java","201799","262615","464414"
"2019-10-10 14:37","DataTree.java","200382","260045","460427"
"2019-12-27 22:33","DataTree.java","201799","266387","468186"
"2015-06-06 03:48","DataTree.java","11524","29954","41478"
"2019-11-11 13:59","DataTree.java","200410","263730","464140"
"2018-07-10 13:29","DataTree.java","32589","65228","97817"
"2014-04-17 08:47","DataTree.java","7671","10230","17901"
"2014-04-29 02:23","DataTree.java","7729","10994","18723"
"2018-09-28 23:38","DataTree.java","112449","152914","265363"
"2019-11-08 17:30","DataTree.java","200410","261934","462344"
"2019-01-30 16:28","DataTree.java","200276","233297","433573"
"2019-01-30 17:02","DataTree.java","200276","233841","434117"
"2016-11-24 17:18","DataTree.java","18065","44262","62327"
"2017-09-11 18:55","DataTree.java","23341","48379","71720"
"2017-02-05 07:22","DataTree.java","18288","45924","64212"
"2014-07-18 02:19","DataTree.java","9374","19392","28766"
"2019-02-07 11:26","DataTree.java","200277","234519","434796"
"2018-09-04 11:54","DataTree.java","112172","147553","259725"
"2018-09-05 22:35","DataTree.java","112191","147828","260019"
"2018-12-20 15:17","DataTree.java","200275","229785","430060"
"2019-09-10 09:53","DataTree.java","200382","257341","457723"
"2019-04-12 19:01","DataTree.java","200366","238083","438449"
"2019-07-31 19:06","DataTree.java","200382","255599","455981"
"2019-09-11 10:27","DataTree.java","200382","257648","458030"
"2016-03-23 00:30","DataTree.java","16025","35894","51919"
"2019-08-01 07:31","DataTree.java","200382","256963","457345"
"2019-08-17 17:13","DataTree.java","200382","256292","456674"
"2019-09-10 15:21","DataTree.java","200382","257335","457717"
"2015-06-04 19:51","DataTree.java","11517","29842","41359"
"2016-10-07 21:51","DataTree.java","17313","40689","58002"
"2017-06-18 19:23","DataTree.java","22019","46743","68762"
"2019-04-12 12:29","DataTree.java","200366","237652","438018"
"2019-08-03 08:42","DataTree.java","200382","257000","457382"
"2019-08-09 16:15","DataTree.java","200382","257748","458130"
"2016-11-13 20:59","DataTree.java","17460","43089","60549"
"2019-04-29 16:49","DataTree.java","200366","240113","440479"
"2020-05-05 21:20","ServerMetrics.java","40315","65355","105670"
"2020-02-26 22:41","ServerMetrics.java","36631","58509","95140"
"2020-03-25 03:38","ServerMetrics.java","36792","60801","97593"
"2019-09-16 23:26","ServerMetrics.java","28333","42576","70909"
"2019-11-18 09:05","ServerMetrics.java","34422","48790","83212"
"2020-05-03 19:43","ServerMetrics.java","37469","62414","99883"
"2019-11-23 17:08","ServerMetrics.java","34617","50542","85159"
"2019-08-17 17:13","ServerMetrics.java","26739","37963","64702"
"2019-07-23 15:55","ServerMetrics.java","1318","8550","9868"
"2019-07-31 19:06","ServerMetrics.java","2855","13386","16241"
"2018-09-11 15:23","ServerConfig.java","107436","117201","224637"
"2019-04-12 19:01","ServerConfig.java","226218","237064","463282"
"2019-02-13 13:12","ServerConfig.java","226140","234125","460265"
"2017-07-28 00:36","ServerConfig.java","6664","4268","10932"
"2019-05-15 11:56","ServerConfig.java","226218","240011","466229"
"2019-08-17 17:13","ServerConfig.java","226237","255276","481513"
"2019-04-18 19:17","ServerConfig.java","226218","237774","463992"
"2020-05-05 21:20","ServerMetrics.java","42871","77455","120326"
"2020-02-26 22:41","ServerMetrics.java","39286","70708","109994"
"2020-03-25 03:38","ServerMetrics.java","39432","72985","112417"
"2019-09-16 23:26","ServerMetrics.java","31424","55211","86635"
"2019-11-18 09:05","ServerMetrics.java","37327","61239","98566"
"2020-05-03 19:43","ServerMetrics.java","40049","74538","114587"
"2019-06-29 00:33","ServerMetrics.java","5088","13843","18931"
"2019-11-23 17:08","ServerMetrics.java","37509","62978","100487"
"2019-08-17 17:13","ServerMetrics.java","30130","50898","81028"
"2019-05-06 17:48","ServerMetrics.java","1202","6283","7485"
"2019-06-05 00:46","ServerMetrics.java","1827","8455","10282"
"2019-04-17 14:16","ServerMetrics.java","898","3738","4636"
"2019-05-03 00:44","ServerMetrics.java","1091","5856","6947"
"2019-04-22 19:15","ServerMetrics.java","904","4454","5358"
"2019-06-05 23:57","ServerMetrics.java","1829","8587","10416"
"2019-05-21 23:34","ServerMetrics.java","1412","7168","8580"
"2019-07-23 15:55","ServerMetrics.java","6572","23348","29920"
"2019-07-08 23:26","ServerMetrics.java","5273","14817","20090"
"2019-03-05 00:04","ServerMetrics.java","248","724","972"
"2019-04-25 02:11","ServerMetrics.java","936","5424","6360"
"2019-04-12 19:01","ServerMetrics.java","882","3457","4339"
"2019-07-31 19:06","ServerMetrics.java","8014","28089","36103"
"2019-11-11 13:59","GetAclCommand.java","32330","62081","94411"
"2019-08-17 17:13","GetAclCommand.java","30087","52428","82515"
"2019-08-17 17:13","RequestPathMetricsCollectorTest.java","25044","24863","49907"
"2019-05-14 17:11","SyncRequestProcessor.java","72482","242377","314859"
"2010-03-14 05:01","SyncRequestProcessor.java","13703","109653","123356"
"2019-06-05 00:46","SyncRequestProcessor.java","72482","243570","316052"
"2019-05-22 11:39","SyncRequestProcessor.java","72482","242910","315392"
"2009-02-20 01:23","SyncRequestProcessor.java","9922","41172","51094"
"2009-01-16 00:48","SyncRequestProcessor.java","8945","26588","35533"
"2013-09-30 22:20","SyncRequestProcessor.java","18321","144749","163070"
"2019-06-03 19:40","SyncRequestProcessor.java","72482","243041","315523"
"2019-08-17 17:13","SyncRequestProcessor.java","72482","257710","330192"
"2009-06-18 18:37","SyncRequestProcessor.java","11093","72814","83907"
"2009-11-07 08:16","SyncRequestProcessor.java","12884","87520","100404"
"2019-10-10 14:37","SyncRequestProcessor.java","72482","261463","333945"
"2013-10-24 20:41","SyncRequestProcessor.java","18346","148288","166634"
"2020-01-07 20:39","SyncRequestProcessor.java","72935","267216","340151"
"2020-03-25 03:38","SyncRequestProcessor.java","72935","270948","343883"
"2010-08-18 08:24","SyncRequestProcessor.java","14631","130287","144918"
"2015-03-08 23:07","SyncRequestProcessor.java","19931","167650","187581"
"2011-04-12 09:14","SyncRequestProcessor.java","15332","122033","137365"
"2019-04-30 18:08","SyncRequestProcessor.java","72482","241546","314028"
"2011-07-01 00:53","PrepRequestProcessor.java","18678","103378","122056"
"2015-02-06 06:17","PrepRequestProcessor.java","24293","150355","174648"
"2012-02-06 10:39","PrepRequestProcessor.java","21239","109642","130881"
"2013-03-07 07:01","PrepRequestProcessor.java","22317","124877","147194"
"2019-02-07 11:26","PrepRequestProcessor.java","99080","235994","335074"
"2019-09-11 10:27","PrepRequestProcessor.java","99107","259045","358152"
"2018-07-19 05:59","PrepRequestProcessor.java","33898","178496","212394"
"2017-09-11 18:55","PrepRequestProcessor.java","27214","163545","190759"
"2019-01-16 14:21","PrepRequestProcessor.java","99080","233642","332722"
"2017-06-01 05:45","PrepRequestProcessor.java","27105","162972","190077"
"2012-04-14 02:32","PrepRequestProcessor.java","21384","111351","132735"
"2019-11-08 17:30","PrepRequestProcessor.java","99107","263303","362410"
"2016-11-13 20:59","PrepRequestProcessor.java","26194","163116","189310"
"2019-04-09 15:35","PrepRequestProcessor.java","99086","238525","337611"
"2019-04-17 14:16","PrepRequestProcessor.java","99108","239762","338870"
"2014-10-28 05:35","PrepRequestProcessor.java","24252","148375","172627"
"2019-05-10 12:22","PrepRequestProcessor.java","99108","242197","341305"
"2009-02-20 01:23","PrepRequestProcessor.java","2147","6751","8898"
"2017-06-26 00:16","PrepRequestProcessor.java","27125","163270","190395"
"2019-02-07 11:22","PrepRequestProcessor.java","99080","235656","334736"
"2016-11-16 06:21","PrepRequestProcessor.java","26204","163673","189877"
"2019-08-01 07:31","PrepRequestProcessor.java","99107","258360","357467"
"2019-06-26 10:57","PrepRequestProcessor.java","99107","245539","344646"
"2009-11-12 23:48","PrepRequestProcessor.java","9263","62434","71697"
"2014-01-24 07:18","PrepRequestProcessor.java","22543","133836","156379"
"2009-06-15 22:52","PrepRequestProcessor.java","5080","39084","44164"
"2015-05-29 19:45","PrepRequestProcessor.java","24312","153165","177477"
"2016-10-07 21:51","PrepRequestProcessor.java","26184","160853","187037"
"2015-06-04 19:51","PrepRequestProcessor.java","24373","153991","178364"
"2009-06-26 22:29","PrepRequestProcessor.java","6808","49446","56254"
"2019-08-17 17:13","PrepRequestProcessor.java","99107","257689","356796"
"2009-06-18 18:37","PrepRequestProcessor.java","5377","40452","45829"
"2018-08-08 06:21","PrepRequestProcessor.java","43017","189095","232112"
"2018-05-09 23:57","PrepRequestProcessor.java","27350","170242","197592"
"2015-06-11 20:09","PrepRequestProcessor.java","24375","154119","178494"
"2019-12-27 22:33","PrepRequestProcessor.java","99563","266823","366386"
"2009-12-18 03:19","PrepRequestProcessor.java","10041","66477","76518"
"2009-12-11 21:24","PrepRequestProcessor.java","9413","65396","74809"
"2009-11-07 01:48","PrepRequestProcessor.java","8998","56964","65962"
"2014-04-01 01:47","PrepRequestProcessor.java","22744","135300","158044"
"2019-10-10 14:37","PrepRequestProcessor.java","99107","261442","360549"
"2020-03-25 03:38","PrepRequestProcessor.java","99563","270930","370493"
"2010-01-25 04:28","PrepRequestProcessor.java","10296","69773","80069"
"2011-08-15 02:35","PrepRequestProcessor.java","16631","101831","118462"
"2014-07-25 01:31","PrepRequestProcessor.java","24210","146257","170467"
"2013-10-09 22:21","PrepRequestProcessor.java","22497","130252","152749"
"2010-08-18 08:24","PrepRequestProcessor.java","14624","103634","118258"
"2011-09-17 02:36","PrepRequestProcessor.java","19277","106704","125981"
"2014-04-29 02:23","PrepRequestProcessor.java","23915","138473","162388"
"2015-03-08 23:07","PrepRequestProcessor.java","24309","150545","174854"
"2014-07-22 06:51","PrepRequestProcessor.java","24168","146026","170194"
"2012-03-15 17:47","PrepRequestProcessor.java","21259","110875","132134"
"2011-04-12 09:14","PrepRequestProcessor.java","18155","98210","116365"
"2011-11-01 15:41","PrepRequestProcessor.java","20892","107111","128003"
"2011-10-28 00:58","PrepRequestProcessor.java","20843","106900","127743"
"2011-10-20 20:02","PrepRequestProcessor.java","20785","106623","127408"
"2011-10-17 16:59","PrepRequestProcessor.java","19317","106563","125880"
"2018-06-15 07:41","PrepRequestProcessor.java","27367","171011","198378"
"2012-12-19 19:16","PrepRequestProcessor.java","22028","120032","142060"
"2011-11-14 20:18","PrepRequestProcessor.java","20885","107739","128624"
"2019-11-08 17:30","FinalRequestProcessor.java","175322","262301","437623"
"2019-07-08 23:26","FinalRequestProcessor.java","175294","245435","420729"
"2019-01-16 23:23","FinalRequestProcessor.java","175218","232563","407781"
"2018-09-18 01:00","FinalRequestProcessor.java","109177","172523","281700"
"2019-04-12 19:01","FinalRequestProcessor.java","175294","238466","413760"
"2019-02-07 11:26","FinalRequestProcessor.java","175219","234916","410135"
"2019-01-14 19:38","FinalRequestProcessor.java","175217","231874","407091"
"2013-03-07 07:01","FinalRequestProcessor.java","8002","24724","32726"
"2019-01-09 17:22","FinalRequestProcessor.java","175219","234556","409775"
"2015-06-04 19:51","FinalRequestProcessor.java","17003","60783","77786"
"2019-09-10 04:26","FinalRequestProcessor.java","175294","257704","432998"
"2019-08-17 17:13","FinalRequestProcessor.java","175294","256659","431953"
"2016-10-07 21:51","FinalRequestProcessor.java","21730","70561","92291"
"2014-01-24 07:18","FinalRequestProcessor.java","9024","34479","43503"
"2019-06-26 10:57","FinalRequestProcessor.java","175294","244509","419803"
"2019-08-01 07:28","FinalRequestProcessor.java","175294","256840","432134"
"2019-07-03 00:44","FinalRequestProcessor.java","175294","244672","419966"
"2016-03-23 00:30","FinalRequestProcessor.java","21007","66331","87338"
"2019-08-06 17:11","FinalRequestProcessor.java","175294","257760","433054"
"2015-03-17 18:06","FinalRequestProcessor.java","16684","58130","74814"
"2018-07-10 12:46","FinalRequestProcessor.java","34585","92701","127286"
"2020-03-25 03:38","FinalRequestProcessor.java","176599","270749","447348"
"2019-09-16 23:26","FinalRequestProcessor.java","175294","259678","434972"
"2019-10-10 14:37","FinalRequestProcessor.java","175294","260412","435706"
"2019-11-21 05:58","FinalRequestProcessor.java","176599","261131","437730"
"2019-11-18 09:05","FinalRequestProcessor.java","176599","261108","437707"
"2012-12-19 19:16","FinalRequestProcessor.java","6761","18927","25688"
"2011-10-28 18:59","FinalRequestProcessor.java","626","877","1503"
"2019-11-11 13:59","FinalRequestProcessor.java","175322","264097","439419"
"2020-03-26 22:12","FinalRequestProcessor.java","176599","270751","447350"
"2014-04-17 08:47","FinalRequestProcessor.java","15160","43174","58334"
"2014-04-29 02:23","FinalRequestProcessor.java","15166","43886","59052"
"2013-10-09 22:21","FinalRequestProcessor.java","8787","30704","39491"
"2019-08-17 17:13","AtomicFileWritingIdiomTest.java","206105","256154","462259"
"2016-12-21 23:32","AbstractFourLetterCommand.java","6520","14654","21174"
"2016-12-22 23:23","AbstractFourLetterCommand.java","6524","14721","21245"
"2018-11-17 18:37","AbstractFourLetterCommand.java","218623","223928","442551"
"2018-02-07 01:05","AbstractFourLetterCommand.java","13884","24954","38838"
"2019-08-17 17:13","AbstractFourLetterCommand.java","218737","255967","474704"
"2020-01-23 13:43","QuorumPeerMainTest.java","36514","58498","95012"
"2019-10-10 14:37","QuorumPeerMainTest.java","29213","45023","74236"
"2019-12-28 16:17","QuorumPeerMainTest.java","35301","55943","91244"
"2019-07-25 21:41","QuorumPeerMainTest.java","2026","10566","12592"
"2019-08-17 17:13","QuorumPeerMainTest.java","26778","38835","65613"
"2019-09-18 11:20","ReconfigTest.java","224315","258099","482414"
"2019-05-03 17:37","ReconfigTest.java","224295","239289","463584"
"2019-05-08 21:54","ReconfigTest.java","224295","239669","463964"
"2018-07-04 17:11","ReconfigTest.java","12234","19805","32039"
"2019-08-17 17:13","ReconfigTest.java","224314","255186","479500"
"2019-11-29 14:49","ReconfigTest.java","225977","263406","489383"
"2018-12-09 03:16","ReconfigTest.java","224173","227703","451876"
"2018-11-22 17:56","ReconfigTest.java","224173","223742","447915"
"2012-04-23 01:20","HierarchicalQuorumTest.java","10791","25525","36316"
"2014-06-04 22:07","HierarchicalQuorumTest.java","20001","59524","79525"
"2019-08-17 17:13","HierarchicalQuorumTest.java","178405","256932","435337"
"2019-07-12 17:01","HierarchicalQuorumTest.java","178405","252245","430650"
"2019-10-10 14:37","HierarchicalQuorumTest.java","178405","260685","439090"
"2018-06-26 11:18","HierarchicalQuorumTest.java","28338","96234","124572"
"2017-05-11 16:59","HierarchicalQuorumTest.java","27562","87357","114919"
"2018-05-23 05:34","JsonOutputter.java","17188","39046","56234"
"2019-08-17 17:13","JsonOutputter.java","210259","256151","466410"
"2011-04-12 09:14","GraphData.java","15099","14937","30036"
"2019-10-10 14:37","ZKDatabase.java","219846","259640","479486"
"2019-12-27 22:33","ZKDatabase.java","221425","266144","487569"
"2018-04-06 06:04","ZKDatabase.java","10716","20949","31665"
"2018-09-28 23:38","ZKDatabase.java","109497","130093","239590"
"2019-11-08 17:30","ZKDatabase.java","219894","261549","481443"
"2019-05-14 17:11","ZKDatabase.java","219827","240535","460362"
"2018-09-18 01:00","ZKDatabase.java","108815","126837","235652"
"2019-02-07 11:26","ZKDatabase.java","219729","234102","453831"
"2019-04-12 19:01","ZKDatabase.java","219827","237675","457502"
"2018-09-05 22:35","ZKDatabase.java","108672","124440","233112"
"2018-02-07 01:05","ZKDatabase.java","10674","20555","31229"
"2019-08-17 17:13","ZKDatabase.java","219846","255887","475733"
"2019-09-10 00:27","ZKDatabase.java","219846","256827","476673"
"2018-02-23 23:49","ZKDatabase.java","10707","20932","31639"
"2017-08-03 20:28","ZKDatabase.java","9465","14096","23561"
"2017-06-18 19:23","ZKDatabase.java","7809","12664","20473"
"2019-04-09 15:35","ZKDatabase.java","219752","236650","456402"
"2013-09-18 12:58","ClientCnxn.java","28842","74740","103582"
"2015-01-31 08:05","ClientCnxn.java","31588","98792","130380"
"2016-05-02 18:15","ClientCnxn.java","33656","106896","140552"
"2014-01-24 07:18","ClientCnxn.java","29258","81888","111146"
"2019-08-17 17:13","ClientCnxn.java","160996","257033","418029"
"2015-05-10 00:27","ClientCnxn.java","31710","101453","133163"
"2017-12-19 19:27","ClientCnxn.java","36554","118123","154677"
"2019-01-31 15:50","ClientCnxn.java","160939","234643","395582"
"2012-08-02 00:24","ClientCnxn.java","27002","60475","87477"
"2019-04-09 15:35","ClientCnxn.java","160955","237849","398804"
"2013-02-03 15:52","ClientCnxn.java","28266","68100","96366"
"2014-12-20 15:29","ClientCnxn.java","31578","98771","130349"
"2012-03-15 18:01","ClientCnxn.java","24692","55775","80467"
"2019-11-08 17:30","ClientCnxn.java","160996","262647","423643"
"2017-06-08 17:59","ClientCnxn.java","36213","113492","149705"
"2012-09-09 20:24","ClientCnxn.java","27067","61279","88346"
"2019-01-16 14:21","ClientCnxn.java","160939","232956","393895"
"2019-01-07 14:24","ClientCnxn.java","160938","231805","392743"
"2019-03-06 03:32","ClientCnxn.java","160954","236776","397730"
"2010-11-11 18:11","ClientCnxn.java","8631","66135","74766"
"2010-11-10 23:36","ClientCnxn.java","8584","66092","74676"
"2011-09-14 07:43","ClientCnxn.java","19360","50328","69688"
"2011-08-19 00:05","ClientCnxn.java","19167","47915","67082"
"2015-02-06 06:17","ClientCnxn.java","31629","99028","130657"
"2019-02-07 11:26","ClientCnxn.java","160940","235309","396249"
"2018-11-05 19:40","ClientCnxn.java","130292","237318","367610"
"2011-04-12 09:14","ClientCnxn.java","19683","37193","56876"
"2010-10-06 18:14","ClientCnxn.java","7966","62756","70722"
"2010-11-30 21:16","ClientCnxn.java","8844","66719","75563"
"2020-05-17 15:13","ClientCnxn.java","162027","272009","434036"
"2018-06-25 12:30","ClientCnxn.java","36764","121859","158623"
"2012-12-19 19:16","ClientCnxn.java","28217","67558","95775"
"2020-03-03 03:12","ClientCnxn.java","162025","269797","431822"
"2018-09-10 11:44","ClientCnxn.java","97906","186186","284092"
"2011-09-28 22:17","ClientCnxn.java","22220","51241","73461"
"2015-06-13 02:42","ClientCnxn.java","31882","103087","134969"
"2010-10-21 02:44","ClientCnxn.java","8160","64601","72761"
"2010-08-05 09:09","ClientCnxn.java","6587","27916","34503"
"2011-05-20 01:17","ClientCnxn.java","19804","38133","57937"
"2014-03-23 04:12","ClientCnxn.java","29420","82687","112107"
"2015-11-09 00:05","ClientCnxn.java","32010","104707","136717"
"2015-12-06 19:58","ClientCnxn.java","32047","105049","137096"
"2020-01-21 17:53","ClientCnxn.java","162025","266058","428083"
"2015-12-05 22:43","ClientCnxn.java","32047","105046","137093"
"2015-12-05 22:32","ClientCnxn.java","32046","105040","137086"
"2019-10-10 14:37","ClientCnxn.java","160996","260786","421782"
"2014-04-01 04:03","ClientCnxn.java","29548","83658","113206"
"2013-09-18 15:14","ClientCnxn.java","28842","74758","103600"
"2013-09-18 04:08","ClientCnxn.java","28842","74654","103496"
"2019-11-21 05:58","ClientCnxn.java","162025","261229","423254"
"2020-04-16 12:50","ClientCnxn.java","162025","271636","433661"
"2018-07-27 05:16","ClientCnxn.java","53310","139557","192867"
"2019-08-17 17:13","ChrootClientTest.java","178405","256932","435337"
"2019-10-10 14:37","ChrootClientTest.java","178405","260685","439090"
"2019-10-10 14:37","Login.java","3717","7470","11187"
"2019-11-11 13:59","Login.java","3935","11345","15280"
"2011-04-12 09:14","ChrootAsyncTest.java","23260","61368","84628"
"2010-03-31 06:26","ChrootAsyncTest.java","15064","42660","57724"
"2019-10-10 14:37","ChrootAsyncTest.java","140865","261253","402118"
"2019-08-17 17:13","ChrootAsyncTest.java","140865","257500","398365"
"2019-07-03 00:44","EnsembleAuthenticationProvider.java","5205","13986","19191"
"2019-08-17 17:13","EnsembleAuthenticationProvider.java","30130","50898","81028"
"2019-04-12 19:01","EnsembleAuthenticationProvider.java","882","3457","4339"
"2019-10-10 14:37","ZooKeeperSaslClient.java","214757","259857","474614"
"2016-03-02 07:46","ZooKeeperSaslClient.java","3415","9714","13129"
"2016-03-05 01:03","ZooKeeperSaslClient.java","4581","9773","14354"
"2015-12-05 22:32","ZooKeeperSaslClient.java","3221","9022","12243"
"2020-02-04 10:39","ZooKeeperSaslClient.java","216205","268036","484241"
"2019-01-31 15:50","ZooKeeperSaslClient.java","214648","233662","448310"
"2019-08-03 08:42","ZooKeeperSaslClient.java","214757","256812","471569"
"2017-11-28 00:10","ZooKeeperSaslClient.java","15653","29985","45638"
"2016-05-02 18:15","ZooKeeperSaslClient.java","6535","12582","19117"
"2019-08-17 17:13","ZooKeeperSaslClient.java","214757","256104","470861"
"2019-10-10 14:37","StandaloneDisabledTest.java","217720","259825","477545"
"2016-08-24 01:36","StandaloneDisabledTest.java","6469","10954","17423"
"2018-05-21 20:11","StandaloneDisabledTest.java","15482","29801","45283"
"2017-03-14 17:06","StandaloneDisabledTest.java","11068","18410","29478"
"2017-02-12 00:34","StandaloneDisabledTest.java","11028","17891","28919"
"2019-06-03 19:40","StandaloneDisabledTest.java","217719","241402","459121"
"2019-08-17 17:13","StandaloneDisabledTest.java","217720","256072","473792"
"2016-11-13 20:59","StandaloneDisabledTest.java","6975","15046","22021"
"2019-10-10 14:37","ObserverMaster.java","27747","35017","62764"
"2019-11-29 14:49","ObserverMaster.java","33561","43635","77196"
"2019-08-17 17:13","ObserverMaster.java","25290","28807","54097"
"2019-12-03 10:01","CommandsTest.java","37686","58958","96644"
"2019-11-29 14:49","CommandsTest.java","37692","58918","96610"
"2019-08-17 17:13","CommandsTest.java","29523","44192","73715"
"2019-06-29 00:33","CommandsTest.java","3569","6225","9794"
"2019-11-23 17:08","CommandsTest.java","37354","56724","94078"
"2019-06-04 10:55","CommandsTest.java","233","386","619"
"2019-09-20 10:06","TxnLogToolkit.java","156458","178082","334540"
"2019-12-27 22:33","TxnLogToolkit.java","158663","186102","344765"
"2019-11-28 12:24","TxnLogToolkit.java","158650","182317","340967"
"2019-04-12 19:08","TxnLogToolkit.java","153521","154110","307631"
"2019-07-09 13:34","TxnLogToolkit.java","154801","162464","317265"
"2019-08-17 17:13","TxnLogToolkit.java","155472","174233","329705"
"2019-06-07 14:13","TruncateTest.java","198670","242396","441066"
"2015-05-14 18:40","TruncateTest.java","11219","30489","41708"
"2019-08-17 17:13","TruncateTest.java","198670","256292","454962"
"2018-05-09 23:57","TruncateTest.java","24348","57659","82007"
"2014-09-27 08:20","TruncateTest.java","10172","24427","34599"
"2019-07-12 17:01","TruncateTest.java","198670","251605","450275"
"2017-08-18 06:32","TruncateTest.java","23162","49734","72896"
"2017-09-11 18:55","TruncateTest.java","23297","50047","73344"
"2014-06-30 19:11","TruncateTest.java","8111","15132","23243"
"2016-08-24 01:36","TruncateTest.java","17099","40854","57953"
"2017-05-11 16:59","TruncateTest.java","21761","47963","69724"
"2020-01-28 17:26","TruncateTest.java","200087","268107","468194"
"2017-01-07 01:09","TruncateTest.java","18173","47060","65233"
"2014-02-12 17:00","TruncateTest.java","214","2176","2390"
"2019-10-10 14:37","LearnerHandler.java","3717","7470","11187"
"2019-08-23 19:43","LearnerHandler.java","3","669","672"
"2018-12-20 15:13","LocalPeerBean.java","231907","227578","459485"
"2019-11-29 14:49","LocalPeerBean.java","234000","262658","496658"
"2019-08-17 17:13","LocalPeerBean.java","232062","254163","486225"
"2019-11-14 03:54","LocalPeerBean.java","232111","262221","494332"
"2019-09-18 11:20","ReconfigTest.java","223776","258177","481953"
"2019-05-03 17:37","ReconfigTest.java","223757","239368","463125"
"2019-05-08 21:54","ReconfigTest.java","223757","239748","463505"
"2018-07-04 17:11","ReconfigTest.java","15169","23357","38526"
"2019-08-17 17:13","ReconfigTest.java","223776","255265","479041"
"2019-11-29 14:49","ReconfigTest.java","225389","263435","488824"
"2018-12-09 03:16","ReconfigTest.java","223656","227803","451459"
"2018-11-22 17:56","ReconfigTest.java","223656","223842","447498"
"2017-09-11 18:55","ReconfigTest.java","3280","3897","7177"
"2019-08-17 17:13","SaslAuthTest.java","231403","254848","486251"
"2015-03-28 20:08","FourLetterWordMain.java","15666","56281","71947"
"2019-08-17 17:13","FourLetterWordMain.java","177111","256656","433767"
"2019-01-31 15:50","FourLetterWordMain.java","177034","234246","411280"
"2017-07-28 00:36","FourLetterWordMain.java","25068","73178","98246"
"2015-11-21 22:18","FourLetterWordMain.java","17262","61243","78505"
"2018-12-15 07:34","FourLetterWordMain.java","177033","229151","406184"
"2015-07-05 06:05","FourLetterWordMain.java","16894","59279","76173"
"2020-03-12 14:47","QuorumCnxManager.java","316","1619","1935"
"2020-03-23 16:20","QuorumCnxManager.java","422","1896","2318"
"2018-07-19 05:59","MBeanRegistry.java","50050","105833","155883"
"2019-05-03 17:37","MBeanRegistry.java","178389","240899","419288"
"2019-08-17 17:13","MBeanRegistry.java","178388","256776","435164"
"2019-10-10 14:37","MBeanRegistry.java","178388","260529","438917"
"2015-09-10 06:07","MBeanRegistry.java","23425","65418","88843"
"2014-05-18 05:49","MBeanRegistry.java","20767","46974","67741"
"2019-08-17 17:13","ClientSSLTest.java","29523","44192","73715"
"2019-06-05 00:29","ClientSSLTest.java","294","630","924"
"2019-10-10 14:37","WatcherCleaner.java","32151","56196","88347"
"2019-08-17 17:13","WatcherCleaner.java","30069","50361","80430"
"2019-04-12 19:01","WatcherCleaner.java","752","2851","3603"
"2019-10-10 14:37","FilePadding.java","31925","50347","82272"
"2019-08-17 17:13","FilePadding.java","29523","44192","73715"
"2019-11-14 03:54","ServerCnxnFactory.java","32072","53977","86049"
"2019-11-11 13:59","ServerCnxnFactory.java","32000","53306","85306"
"2019-08-17 17:13","ServerCnxnFactory.java","29388","43284","72672"
"2019-07-03 00:44","ServerCnxnFactory.java","3349","5258","8607"
"2019-08-17 17:13","Vote.java","178405","256932","435337"
"2011-06-14 07:14","Vote.java","539","2489","3028"
"2014-07-08 05:25","Vote.java","20403","62059","82462"
"2018-12-06 10:56","Vote.java","178339","227394","405733"
"2011-06-17 01:34","Vote.java","622","2643","3265"
"2010-03-31 06:26","WatchedEventTest.java","14591","40968","55559"
"2011-09-17 02:13","WatchedEventTest.java","24451","71315","95766"
"2019-08-17 17:13","WatchedEventTest.java","142084","257500","399584"
"2019-10-10 14:37","ClientHammerTest.java","3717","7470","11187"
"2017-02-12 00:34","ReconfigMisconfigTest.java","4527","3319","7846"
"2019-11-29 14:49","ReconfigMisconfigTest.java","226615","263453","490068"
"2017-07-06 18:48","ReconfigMisconfigTest.java","5958","5686","11644"
"2019-08-17 17:13","ReconfigMisconfigTest.java","225011","255292","480303"
"2019-12-27 22:33","FileTxnSnapLog.java","231031","265525","496556"
"2019-10-10 14:37","FileTxnSnapLog.java","229260","258829","488089"
"2019-12-13 08:51","FileTxnSnapLog.java","231030","263561","494591"
"2020-01-23 16:46","FileTxnSnapLog.java","231032","266775","497807"
"2020-01-28 17:26","FileTxnSnapLog.java","231032","267246","498278"
"2018-06-08 16:52","FileTxnSnapLog.java","626","2880","3506"
"2019-09-02 08:23","FileTxnSnapLog.java","229260","255733","484993"
"2019-07-31 19:06","FileTxnSnapLog.java","229259","254382","483641"
"2018-07-30 06:22","FileTxnSnapLog.java","21962","25871","47833"
"2020-01-30 09:43","FileTxnSnapLog.java","231032","267322","498354"
"2019-05-14 17:11","FileTxnSnapLog.java","229239","239722","468961"
"2019-05-21 23:34","FileTxnSnapLog.java","229241","240045","469286"
"2019-05-27 10:54","FileTxnSnapLog.java","229241","240377","469618"
"2019-08-17 17:13","FileTxnSnapLog.java","229259","255075","484334"
"2018-12-20 15:13","LocalPeerBean.java","231380","228269","459649"
"2019-11-29 14:49","LocalPeerBean.java","233465","263341","496806"
"2019-08-17 17:13","LocalPeerBean.java","231529","254848","486377"
"2019-11-14 03:54","LocalPeerBean.java","231578","262906","494484"
"2018-07-27 12:32","LocalPeerBean.java","21397","22615","44012"
"2014-02-12 17:00","LearnerHandler.java","27560","104617","132177"
"2014-03-23 04:12","LearnerHandler.java","27663","105107","132770"
"2010-01-25 04:28","LearnerHandler.java","7337","31739","39076"
"2019-10-10 14:37","LearnerHandler.java","133993","261253","395246"
"2015-06-05 20:38","LearnerHandler.java","29736","124871","154607"
"2015-06-05 20:51","LearnerHandler.java","29736","124898","154634"
"2015-06-12 23:02","LearnerHandler.java","29743","125003","154746"
"2009-08-25 07:45","LearnerHandler.java","3394","13394","16788"
"2010-03-11 15:05","LearnerHandler.java","13427","47258","60685"
"2009-10-30 17:19","LearnerHandler.java","5260","16896","22156"
"2009-11-30 13:03","LearnerHandler.java","6193","27032","33225"
"2011-04-12 09:14","LearnerHandler.java","22214","67194","89408"
"2013-09-26 14:05","LearnerHandler.java","27231","97597","124828"
"2019-07-03 20:54","LearnerHandler.java","133993","245494","379487"
"2011-09-14 08:56","LearnerHandler.java","21013","76514","97527"
"2011-08-30 08:37","LearnerHandler.java","20913","75205","96118"
"2010-07-29 23:10","LearnerHandler.java","17070","65815","82885"
"2011-09-17 02:36","LearnerHandler.java","23573","76514","100087"
"2012-04-23 01:20","LearnerHandler.java","26138","82374","108512"
"2013-06-28 23:22","LearnerHandler.java","27232","97168","124400"
"2018-09-18 01:00","LearnerHandler.java","85172","199870","285042"
"2010-11-04 17:01","LearnerHandler.java","17955","101972","119927"
"2012-02-06 09:40","LearnerHandler.java","25547","79457","105004"
"2013-05-14 14:27","LearnerHandler.java","27100","95299","122399"
"2018-08-03 18:52","LearnerHandler.java","45114","156236","201350"
"2011-01-22 20:38","LearnerHandler.java","18404","104519","122923"
"2018-12-09 03:16","LearnerHandler.java","133949","230114","364063"
"2019-04-12 19:01","LearnerHandler.java","133993","239307","373300"
"2013-03-07 07:01","LearnerHandler.java","27081","95155","122236"
"2009-11-18 20:06","LearnerHandler.java","6139","26648","32787"
"2017-11-28 00:10","LearnerHandler.java","33387","139089","172476"
"2019-06-29 00:33","LearnerHandler.java","133993","245487","379480"
"2013-05-11 15:35","LearnerHandler.java","27081","95203","122284"
"2019-07-25 21:41","LearnerHandler.java","133993","253983","387976"
"2019-08-23 19:43","LearnerHandler.java","133993","258166","392159"
"2019-08-17 17:13","LearnerHandler.java","133993","257500","391493"
"2009-06-26 22:29","LearnerHandler.java","2471","10034","12505"
"2017-06-26 00:16","LearnerHandler.java","33212","134871","168083"
"2017-08-03 20:28","LearnerHandler.java","33236","134543","167779"
"2012-07-29 07:02","LearnerHandler.java","26161","83800","109961"
"2019-05-06 17:48","LearnerHandler.java","133993","241813","375806"
"2019-08-03 08:42","LearnerHandler.java","133993","258208","392201"
"2019-04-22 19:15","LearnerHandler.java","133993","240282","374275"
"2011-06-14 07:14","LearnerHandler.java","22323","69253","91576"
"2016-07-27 01:33","CliCommand.java","17918","61514","79432"
"2014-03-29 04:33","CliCommand.java","5514","28386","33900"
"2016-11-13 20:59","CliCommand.java","18551","65900","84451"
"2019-01-31 15:55","CliCommand.java","178779","234068","412847"
"2019-08-17 17:13","CliCommand.java","178872","256502","435374"
"2020-01-21 18:14","ZNodeName.java","10363","17894","28257"
"2019-08-17 17:13","VersionCommand.java","29687","44833","74520"
"2018-07-10 12:46","QuorumTest.java","42704","142655","185359"
"2019-08-17 17:13","QuorumTest.java","145376","257247","402623"
"2010-11-04 17:01","QuorumTest.java","16424","88805","105229"
"2012-12-13 08:14","QuorumTest.java","27814","79876","107690"
"2011-06-22 00:19","QuorumTest.java","21710","57123","78833"
"2010-03-19 07:46","QuorumTest.java","11381","34294","45675"
"2011-07-15 06:50","QuorumTest.java","20157","58527","78684"
"2010-08-18 08:24","QuorumTest.java","16245","58544","74789"
"2013-10-09 22:21","QuorumTest.java","28863","92615","121478"
"2010-03-31 06:26","QuorumTest.java","12672","35504","48176"
"2011-09-17 02:13","QuorumTest.java","23032","66484","89516"
"2010-07-29 23:10","QuorumTest.java","15397","52506","67903"
"2011-04-12 09:14","QuorumTest.java","21320","54664","75984"
"2019-10-10 14:37","QuorumTest.java","145376","261000","406376"
"2019-09-18 11:20","QuorumTest.java","145376","260159","405535"
"2019-12-28 16:17","QuorumTest.java","146255","266711","412966"
"2015-11-03 08:11","QuorumTest.java","31481","118561","150042"
"2011-07-29 10:14","QuorumTest.java","20234","61136","81370"
"2010-03-13 01:06","QuorumTest.java","11115","33700","44815"
"2010-08-18 08:24","IPAuthenticationProvider.java","13126","110256","123382"
"2019-08-17 17:13","IPAuthenticationProvider.java","91004","257706","348710"
"2014-04-25 23:40","IPAuthenticationProvider.java","19714","141332","161046"
"2020-01-23 13:43","QuorumPeerMainTest.java","39317","64453","103770"
"2019-10-10 14:37","QuorumPeerMainTest.java","32068","51030","83098"
"2019-12-28 16:17","QuorumPeerMainTest.java","38128","61922","100050"
"2019-07-25 21:41","QuorumPeerMainTest.java","5889","17581","23470"
"2019-08-17 17:13","QuorumPeerMainTest.java","29685","44894","74579"
"2019-07-02 07:34","QuorumPeerMainTest.java","3887","7039","10926"
"2018-06-08 16:52","ZooKeeperServerMain.java","24479","59473","83952"
"2019-04-18 19:17","ZooKeeperServerMain.java","197788","238861","436649"
"2019-11-11 13:59","ZooKeeperServerMain.java","197832","263798","461630"
"2019-11-28 12:24","ZooKeeperServerMain.java","199153","262615","461768"
"2019-11-25 15:37","ZooKeeperServerMain.java","199153","262517","461670"
"2016-08-13 15:01","ZooKeeperServerMain.java","16893","41814","58707"
"2015-06-04 19:51","ZooKeeperServerMain.java","11572","32543","44115"
"2019-08-17 17:13","ZooKeeperServerMain.java","197804","256360","454164"
"2015-03-17 18:06","ZooKeeperServerMain.java","10851","29488","40339"
"2017-07-28 00:36","ZooKeeperServerMain.java","23092","50213","73305"
"2019-04-12 19:01","ZooKeeperServerMain.java","197788","238151","435939"
"2018-09-11 15:23","ZooKeeperServerMain.java","112110","151392","263502"
"2014-07-18 02:19","ZooKeeperServerMain.java","9475","22139","31614"
"2017-02-12 00:12","ZooKeeperServerMain.java","20799","47866","68665"
"2019-09-18 11:20","TimeTest.java","2292","5204","7496"
"2018-09-15 00:08","ZooKeeperServer.java","112356","134651","247007"
"2019-04-12 19:01","ZooKeeperServer.java","215105","237879","452984"
"2019-07-31 19:06","ZooKeeperServer.java","215122","255396","470518"
"2019-09-11 10:27","ZooKeeperServer.java","215122","257445","472567"
"2019-01-14 19:38","ZooKeeperServer.java","215011","231270","446281"
"2019-01-07 15:34","ZooKeeperServer.java","215011","230871","445882"
"2018-11-21 17:56","ZooKeeperServer.java","215009","224066","439075"
"2017-04-28 07:14","ZooKeeperServer.java","12004","22381","34385"
"2017-02-12 00:12","ZooKeeperServer.java","11904","21382","33286"
"2019-02-13 13:12","ZooKeeperServer.java","215032","234945","449977"
"2016-11-24 17:18","ZooKeeperServer.java","8536","19790","28326"
"2018-07-19 05:59","ZooKeeperServer.java","35895","54257","90152"
"2018-09-18 01:00","ZooKeeperServer.java","112463","135411","247874"
"2019-03-04 08:07","ZooKeeperServer.java","215031","235521","450552"
"2019-07-08 23:26","ZooKeeperServer.java","215121","244864","459985"
"2019-01-23 14:00","ZooKeeperServer.java","215012","232706","447718"
"2019-02-13 13:19","ZooKeeperServer.java","215032","235231","450263"
"2019-05-14 17:11","ZooKeeperServer.java","215105","240739","455844"
"2015-07-10 08:19","ZooKeeperServer.java","2672","6734","9406"
"2019-06-04 10:55","ZooKeeperServer.java","215121","241572","456693"
"2019-04-09 15:35","ZooKeeperServer.java","215033","236857","451890"
"2019-08-03 08:42","ZooKeeperServer.java","215122","256797","471919"
"2019-05-15 11:56","ZooKeeperServer.java","215105","240826","455931"
"2019-05-22 11:39","ZooKeeperServer.java","215105","241272","456377"
"2019-04-22 19:15","ZooKeeperServer.java","215105","238854","453959"
"2018-02-23 23:49","ZooKeeperServer.java","15966","31117","47083"
"2016-11-16 06:21","ZooKeeperServer.java","7961","19194","27155"
"2017-08-18 06:32","ZooKeeperServer.java","14866","24783","39649"
"2017-06-26 00:16","ZooKeeperServer.java","13231","23140","36371"
"2019-09-10 04:26","ZooKeeperServer.java","215122","257134","472256"
"2019-08-17 17:13","ZooKeeperServer.java","215122","256089","471211"
"2019-09-05 23:12","ZooKeeperServer.java","215122","257008","472130"
"2019-09-10 15:21","ZooKeeperServer.java","215122","257132","472254"
"2019-08-01 07:31","ZooKeeperServer.java","215122","256760","471882"
"2019-08-01 07:28","ZooKeeperServer.java","215122","256270","471392"
"2019-06-03 19:40","ZooKeeperServer.java","215121","241419","456540"
"2015-03-17 18:06","ZooKeeperServer.java","163","1211","1374"
"2019-11-23 17:08","ZooKeeperServer.java","216568","262236","478804"
"2019-10-09 16:49","ZooKeeperServer.java","215122","259675","474797"
"2019-07-03 00:44","ZooKeeperServer.java","215121","244101","459222"
"2018-01-19 01:12","ZooKeeperServer.java","15878","29987","45865"
"2019-07-24 18:00","ZooKeeperServer.java","215122","252544","467666"
"2018-08-08 06:21","ZooKeeperServer.java","83378","103220","186598"
"2018-05-09 23:57","ZooKeeperServer.java","16187","32843","49030"
"2019-12-27 22:33","ZooKeeperServer.java","216569","266214","482783"
"2016-08-13 15:01","ZooKeeperServer.java","7141","14473","21614"
"2018-09-11 00:17","ZooKeeperServer.java","112338","133084","245422"
"2019-11-18 09:05","ZooKeeperServer.java","216568","260679","477247"
"2019-10-10 14:37","ZooKeeperServer.java","215122","259842","474964"
"2019-09-16 23:26","ZooKeeperServer.java","215122","259108","474230"
"2017-06-23 18:39","ZooKeeperServer.java","13139","23068","36207"
"2019-12-03 10:01","ZooKeeperServer.java","216568","264138","480706"
"2020-03-25 03:38","ZooKeeperServer.java","216570","270322","486892"
"2019-11-28 12:24","ZooKeeperServer.java","216568","262441","479009"
"2019-11-06 15:21","ZooKeeperServer.java","215151","260087","475238"
"2020-04-12 11:14","ZooKeeperServer.java","216570","271075","487645"
"2018-06-08 16:52","ZooKeeperServer.java","16391","33796","50187"
"2018-06-15 07:41","ZooKeeperServer.java","16399","33807","50206"
"2018-07-28 04:37","ZooKeeperServer.java","35988","54926","90914"
"2019-04-18 19:17","ZooKeeperServer.java","215105","238589","453694"
"2019-08-17 17:13","AsyncOpsTest.java","146226","257247","403473"
"2010-03-31 06:26","AsyncOpsTest.java","12649","34631","47280"
"2011-04-12 09:14","AsyncOpsTest.java","21310","53804","75114"
"2012-12-19 19:16","AsyncOpsTest.java","28082","81233","109315"
"2014-06-25 19:06","AsyncOpsTest.java","30615","102297","132912"
"2019-10-10 14:37","AsyncOpsTest.java","146226","261000","407226"
"2011-06-21 07:34","ZooKeeperServerTest.java","23023","61962","84985"
"2010-03-31 06:26","ZooKeeperServerTest.java","14591","40968","55559"
"2011-09-27 03:05","ZooKeeperServerTest.java","24516","71578","96094"
"2019-04-10 13:19","ZooKeeperServerTest.java","142084","238768","380852"
"2019-08-17 17:13","ZooKeeperServerTest.java","142084","257500","399584"
"2019-10-10 14:37","SaslServerCallbackHandler.java","223344","259580","482924"
"2019-08-03 08:42","SaslServerCallbackHandler.java","223344","256535","479879"
"2019-08-17 17:13","SaslServerCallbackHandler.java","223344","255827","479171"
"2017-11-28 00:10","SaslServerCallbackHandler.java","8489","13957","22446"
"2019-12-03 10:01","CommandsTest.java","35072","53688","88760"
"2019-11-29 14:49","CommandsTest.java","35078","53648","88726"
"2019-08-17 17:13","CommandsTest.java","26858","38871","65729"
"2019-11-23 17:08","CommandsTest.java","34726","51440","86166"
"2020-05-05 21:20","ServerMetrics.java","42948","77056","120004"
"2020-02-26 22:41","ServerMetrics.java","39363","70309","109672"
"2020-03-25 03:38","ServerMetrics.java","39509","72586","112095"
"2019-09-16 23:26","ServerMetrics.java","31353","54664","86017"
"2019-11-18 09:05","ServerMetrics.java","37282","60718","98000"
"2020-05-03 19:43","ServerMetrics.java","40126","74139","114265"
"2019-06-29 00:33","ServerMetrics.java","4983","13262","18245"
"2019-11-23 17:08","ServerMetrics.java","37466","62459","99925"
"2019-08-17 17:13","ServerMetrics.java","30069","50361","80430"
"2019-05-06 17:48","ServerMetrics.java","1096","5701","6797"
"2019-06-05 00:46","ServerMetrics.java","1723","7875","9598"
"2019-04-17 14:16","ServerMetrics.java","768","3132","3900"
"2019-05-03 00:44","ServerMetrics.java","985","5274","6259"
"2019-04-22 19:15","ServerMetrics.java","774","3848","4622"
"2019-06-05 23:57","ServerMetrics.java","1725","8007","9732"
"2019-05-21 23:34","ServerMetrics.java","1308","6588","7896"
"2019-07-23 15:55","ServerMetrics.java","6467","22767","29234"
"2019-07-08 23:26","ServerMetrics.java","5168","14236","19404"
"2019-04-25 02:11","ServerMetrics.java","809","4821","5630"
"2019-04-12 19:01","ServerMetrics.java","752","2851","3603"
"2019-07-31 19:06","ServerMetrics.java","7909","27508","35417"
"2019-11-28 12:24","DataTree.java","152715","263032","415747"
"2011-07-13 15:48","DataTree.java","20053","51927","71980"
"2011-06-25 08:13","DataTree.java","21636","50652","72288"
"2011-07-28 07:49","DataTree.java","20151","54471","74622"
"2019-10-10 14:37","DataTree.java","151776","260940","412716"
"2019-12-27 22:33","DataTree.java","152715","266804","419519"
"2015-06-06 03:48","DataTree.java","31504","110781","142285"
"2010-01-26 01:17","DataTree.java","2504","9219","11723"
"2019-11-11 13:59","DataTree.java","151776","264597","416373"
"2011-04-12 09:14","DataTree.java","21169","48053","69222"
"2018-07-10 13:29","DataTree.java","42994","136480","179474"
"2012-12-19 19:16","DataTree.java","28073","75631","103704"
"2014-04-17 08:47","DataTree.java","30453","93859","124312"
"2014-04-29 02:23","DataTree.java","30456","94568","125024"
"2010-07-05 20:20","DataTree.java","14738","41957","56695"
"2011-09-15 00:55","DataTree.java","22899","59952","82851"
"2011-09-28 22:17","DataTree.java","23089","60327","83416"
"2018-09-28 23:38","DataTree.java","93854","195166","289020"
"2011-09-17 02:36","DataTree.java","23060","60041","83101"
"2011-10-20 18:48","DataTree.java","24498","59896","84394"
"2019-11-08 17:30","DataTree.java","151776","262801","414577"
"2013-09-05 23:50","DataTree.java","28645","82475","111120"
"2019-01-30 16:28","DataTree.java","151726","234248","385974"
"2019-01-30 17:02","DataTree.java","151726","234792","386518"
"2016-11-24 17:18","DataTree.java","33913","120957","154870"
"2017-09-11 18:55","DataTree.java","35530","121415","156945"
"2011-07-01 00:53","DataTree.java","22093","53622","75715"
"2012-02-06 10:39","DataTree.java","25387","63344","88731"
"2011-12-21 21:39","DataTree.java","24944","62033","86977"
"2017-02-05 07:22","DataTree.java","34023","122506","156529"
"2014-07-18 02:19","DataTree.java","31064","101929","132993"
"2019-02-07 11:26","DataTree.java","151727","235470","387197"
"2013-03-07 07:01","DataTree.java","28435","80549","108984"
"2018-09-04 11:54","DataTree.java","93702","189930","283632"
"2018-09-05 22:35","DataTree.java","93701","190185","283886"
"2018-12-20 15:17","DataTree.java","151726","230737","382463"
"2019-09-10 09:53","DataTree.java","151776","258236","410012"
"2019-04-12 19:01","DataTree.java","151776","238994","390770"
"2019-07-31 19:06","DataTree.java","151776","256494","408270"
"2019-09-11 10:27","DataTree.java","151776","258543","410319"
"2013-10-22 12:54","DataTree.java","28968","86867","115835"
"2016-03-23 00:30","DataTree.java","33233","113949","147182"
"2019-08-01 07:31","DataTree.java","151776","257858","409634"
"2014-01-24 07:18","DataTree.java","29048","89895","118943"
"2019-08-17 17:13","DataTree.java","151776","257187","408963"
"2019-09-10 15:21","DataTree.java","151776","258230","410006"
"2015-06-04 19:51","DataTree.java","31499","110671","142170"
"2016-10-07 21:51","DataTree.java","33691","117914","151605"
"2017-06-18 19:23","DataTree.java","35325","120896","156221"
"2019-04-12 12:29","DataTree.java","151776","238563","390339"
"2019-08-03 08:42","DataTree.java","151776","257895","409671"
"2019-08-09 16:15","DataTree.java","151776","258643","410419"
"2016-11-13 20:59","DataTree.java","33706","120182","153888"
"2019-04-29 16:49","DataTree.java","151776","241024","392800"
"2020-05-05 21:20","ServerMetrics.java","43157","73253","116410"
"2020-02-26 22:41","ServerMetrics.java","39559","66493","106052"
"2020-03-25 03:38","ServerMetrics.java","39706","68771","108477"
"2019-09-16 23:26","ServerMetrics.java","31356","50655","82011"
"2019-11-18 09:05","ServerMetrics.java","37406","56830","94236"
"2020-05-03 19:43","ServerMetrics.java","40328","70329","110657"
"2019-06-29 00:33","ServerMetrics.java","4232","8499","12731"
"2019-11-23 17:08","ServerMetrics.java","37601","58582","96183"
"2019-08-17 17:13","ServerMetrics.java","29861","46141","76002"
"2019-05-06 17:48","ServerMetrics.java","297","890","1187"
"2019-06-05 00:46","ServerMetrics.java","969","3109","4078"
"2019-05-03 00:44","ServerMetrics.java","186","463","649"
"2019-06-05 23:57","ServerMetrics.java","971","3241","4212"
"2019-05-21 23:34","ServerMetrics.java","522","1790","2312"
"2019-07-23 15:55","ServerMetrics.java","5750","18038","23788"
"2019-07-08 23:26","ServerMetrics.java","4447","9503","13950"
"2019-07-31 19:06","ServerMetrics.java","7227","22814","30041"
"2015-07-07 07:11","SetTest.java","22280","76443","98723"
"2014-03-23 04:12","WorkerService.java","4324","20327","24651"
"2015-02-06 06:17","WorkerService.java","13072","43207","56279"
"2018-07-27 05:13","WorkerService.java","42949","91634","134583"
"2019-06-03 19:40","WorkerService.java","185188","241795","426983"
"2019-08-17 17:13","WorkerService.java","185188","256464","441652"
"2020-03-25 03:38","ZooKeeperServerBean.java","233693","269571","503264"
"2019-11-14 03:54","ZooKeeperServerBean.java","231803","262905","494708"
"2019-09-16 23:26","ZooKeeperServerBean.java","231755","257867","489622"
"2020-04-30 18:53","ZooKeeperServerBean.java","233754","270532","504286"
"2019-01-23 14:00","ZooKeeperServerBean.java","231607","231427","463034"
"2019-07-08 23:26","ZooKeeperServerBean.java","231753","243622","475375"
"2019-01-14 19:38","ZooKeeperServerBean.java","231605","229990","461595"
"2019-01-07 14:39","ZooKeeperServerBean.java","231605","229537","461142"
"2019-08-17 17:13","ZooKeeperServerBean.java","231754","254847","486601"
"2019-05-22 11:39","ZooKeeperServerBean.java","231736","240029","471765"
"2019-07-30 02:31","ZooKeeperServerBean.java","231754","252768","484522"
"2016-08-24 01:36","RestoreCommittedLogTest.java","4837","6534","11371"
"2019-05-20 12:24","RestoreCommittedLogTest.java","220334","240702","461036"
"2019-04-09 15:35","RestoreCommittedLogTest.java","220262","236683","456945"
"2019-08-17 17:13","RestoreCommittedLogTest.java","220352","255916","476268"
"2019-05-14 17:11","RestoreCommittedLogTest.java","220334","240565","460899"
"2019-08-17 17:13","QuorumHammerTest.java","178405","256932","435337"
"2011-07-29 10:14","QuorumHammerTest.java","1617","10534","12151"
"2014-02-12 17:00","LearnerHandler.java","30110","101590","131700"
"2014-03-23 04:12","LearnerHandler.java","30213","102080","132293"
"2010-01-25 04:28","LearnerHandler.java","5895","22734","28629"
"2019-10-10 14:37","LearnerHandler.java","141556","261253","402809"
"2015-06-05 20:38","LearnerHandler.java","32289","121847","154136"
"2015-06-05 20:51","LearnerHandler.java","32289","121874","154163"
"2015-06-12 23:02","LearnerHandler.java","32296","121979","154275"
"2009-08-25 07:45","LearnerHandler.java","1270","3707","4977"
"2010-03-11 15:05","LearnerHandler.java","13510","39778","53288"
"2009-10-30 17:19","LearnerHandler.java","3167","7240","10407"
"2009-11-30 13:03","LearnerHandler.java","4744","18020","22764"
"2011-04-12 09:14","LearnerHandler.java","23081","60498","83579"
"2013-09-26 14:05","LearnerHandler.java","29768","94557","124325"
"2019-07-03 20:54","LearnerHandler.java","141556","245494","387050"
"2011-09-14 08:56","LearnerHandler.java","22113","72037","94150"
"2011-08-30 08:37","LearnerHandler.java","22013","70728","92741"
"2010-07-29 23:10","LearnerHandler.java","17451","58633","76084"
"2011-09-17 02:36","LearnerHandler.java","24674","72038","96712"
"2012-04-23 01:20","LearnerHandler.java","28277","78936","107213"
"2013-06-28 23:22","LearnerHandler.java","29770","94129","123899"
"2018-09-18 01:00","LearnerHandler.java","88101","197222","285323"
"2010-11-04 17:01","LearnerHandler.java","18364","94818","113182"
"2012-02-06 09:40","LearnerHandler.java","26656","74989","101645"
"2013-05-14 14:27","LearnerHandler.java","29638","92260","121898"
"2018-08-03 18:52","LearnerHandler.java","47864","153409","201273"
"2011-01-22 20:38","LearnerHandler.java","18860","97412","116272"
"2018-12-09 03:16","LearnerHandler.java","141512","230114","371626"
"2019-04-12 19:01","LearnerHandler.java","141556","239307","380863"
"2013-03-07 07:01","LearnerHandler.java","29619","92116","121735"
"2009-11-18 20:06","LearnerHandler.java","4191","17137","21328"
"2017-11-28 00:10","LearnerHandler.java","35975","136100","172075"
"2019-06-29 00:33","LearnerHandler.java","141556","245487","387043"
"2013-05-11 15:35","LearnerHandler.java","29619","92164","121783"
"2019-07-25 21:41","LearnerHandler.java","141556","253983","395539"
"2019-08-23 19:43","LearnerHandler.java","141556","258166","399722"
"2019-08-17 17:13","LearnerHandler.java","141556","257500","399056"
"2017-06-26 00:16","LearnerHandler.java","35797","131879","167676"
"2017-08-03 20:28","LearnerHandler.java","35822","131552","167374"
"2012-07-29 07:02","LearnerHandler.java","28300","80362","108662"
"2019-05-06 17:48","LearnerHandler.java","141556","241813","383369"
"2019-08-03 08:42","LearnerHandler.java","141556","258208","399764"
"2019-04-22 19:15","LearnerHandler.java","141556","240282","381838"
"2011-06-14 07:14","LearnerHandler.java","23190","62557","85747"
"2019-10-10 14:37","KeyAuthClientTest.java","3717","7470","11187"
"2019-11-08 17:30","FinalRequestProcessor.java","178405","262546","440951"
"2019-07-08 23:26","FinalRequestProcessor.java","178405","245708","424113"
"2019-01-16 23:23","FinalRequestProcessor.java","178340","232847","411187"
"2018-09-18 01:00","FinalRequestProcessor.java","107222","180418","287640"
"2019-04-12 19:01","FinalRequestProcessor.java","178406","238740","417146"
"2019-02-07 11:26","FinalRequestProcessor.java","178341","235200","413541"
"2019-01-14 19:38","FinalRequestProcessor.java","178339","232158","410497"
"2013-03-07 07:01","FinalRequestProcessor.java","12977","39549","52526"
"2019-01-09 17:22","FinalRequestProcessor.java","178341","234840","413181"
"2011-07-01 00:53","FinalRequestProcessor.java","1706","6351","8057"
"2015-06-04 19:51","FinalRequestProcessor.java","21330","74960","96290"
"2019-09-10 04:26","FinalRequestProcessor.java","178405","257977","436382"
"2019-08-17 17:13","FinalRequestProcessor.java","178405","256932","435337"
"2016-10-07 21:51","FinalRequestProcessor.java","24594","83275","107869"
"2014-01-24 07:18","FinalRequestProcessor.java","13766","49071","62837"
"2019-06-26 10:57","FinalRequestProcessor.java","178405","244782","423187"
"2019-08-01 07:28","FinalRequestProcessor.java","178405","257113","435518"
"2019-07-03 00:44","FinalRequestProcessor.java","178405","244945","423350"
"2016-03-23 00:30","FinalRequestProcessor.java","24030","79204","103234"
"2019-08-06 17:11","FinalRequestProcessor.java","178405","258033","436438"
"2015-03-17 18:06","FinalRequestProcessor.java","21101","72397","93498"
"2018-07-10 12:46","FinalRequestProcessor.java","35898","103864","139762"
"2020-03-25 03:38","FinalRequestProcessor.java","179499","270811","450310"
"2019-09-16 23:26","FinalRequestProcessor.java","178405","259951","438356"
"2019-10-10 14:37","FinalRequestProcessor.java","178405","260685","439090"
"2019-11-21 05:58","FinalRequestProcessor.java","179499","261193","440692"
"2019-11-18 09:05","FinalRequestProcessor.java","179499","261170","440669"
"2012-12-19 19:16","FinalRequestProcessor.java","12465","34481","46946"
"2011-10-20 20:02","FinalRequestProcessor.java","6751","16601","23352"
"2011-10-28 18:59","FinalRequestProcessor.java","7065","17166","24231"
"2019-11-11 13:59","FinalRequestProcessor.java","178405","264342","442747"
"2020-03-26 22:12","FinalRequestProcessor.java","179499","270813","450312"
"2014-04-17 08:47","FinalRequestProcessor.java","19823","57687","77510"
"2014-04-29 02:23","FinalRequestProcessor.java","19828","58398","78226"
"2013-10-09 22:21","FinalRequestProcessor.java","13596","45363","58959"
"2011-09-14 08:56","FinalRequestProcessor.java","1988","15987","17975"
"2019-11-28 12:24","DataTree.java","134632","263045","397677"
"2011-07-13 15:48","DataTree.java","20754","68588","89342"
"2011-06-25 08:13","DataTree.java","22452","69564","92016"
"2011-07-28 07:49","DataTree.java","20849","71129","91978"
"2019-10-10 14:37","DataTree.java","133993","261253","395246"
"2019-12-27 22:33","DataTree.java","134632","266817","401449"
"2015-06-06 03:48","DataTree.java","29738","124975","154713"
"2010-01-26 01:17","DataTree.java","7385","32196","39581"
"2009-10-31 00:09","DataTree.java","5339","17825","23164"
"2019-11-11 13:59","DataTree.java","133993","264910","398903"
"2011-04-12 09:14","DataTree.java","22214","67194","89408"
"2018-07-10 13:29","DataTree.java","40453","149899","190352"
"2012-12-19 19:16","DataTree.java","26763","90281","117044"
"2014-04-17 08:47","DataTree.java","28920","108286","137206"
"2014-04-29 02:23","DataTree.java","28920","108992","137912"
"2010-07-05 20:20","DataTree.java","16911","62226","79137"
"2011-09-15 00:55","DataTree.java","23520","76533","100053"
"2011-09-28 22:17","DataTree.java","23600","76798","100398"
"2018-09-28 23:38","DataTree.java","85268","202540","287808"
"2011-09-17 02:36","DataTree.java","23573","76514","100087"
"2011-10-20 18:48","DataTree.java","24987","76345","101332"
"2019-11-08 17:30","DataTree.java","133993","263114","397107"
"2013-09-05 23:50","DataTree.java","27237","97027","124264"
"2019-01-30 16:28","DataTree.java","133949","234567","368516"
"2019-01-30 17:02","DataTree.java","133949","235111","369060"
"2016-11-24 17:18","DataTree.java","32019","135023","167042"
"2017-09-11 18:55","DataTree.java","33333","135178","168511"
"2011-07-01 00:53","DataTree.java","22774","72399","95173"
"2012-02-06 10:39","DataTree.java","25741","79658","105399"
"2011-12-21 21:39","DataTree.java","25392","78441","103833"
"2017-02-05 07:22","DataTree.java","32114","136557","168671"
"2014-07-18 02:19","DataTree.java","29392","116217","145609"
"2019-02-07 11:26","DataTree.java","133949","235788","369737"
"2013-03-07 07:01","DataTree.java","27081","95155","122236"
"2018-09-04 11:54","DataTree.java","85126","197314","282440"
"2018-09-05 22:35","DataTree.java","85125","197569","282694"
"2018-12-20 15:17","DataTree.java","133949","231056","365005"
"2019-09-10 09:53","DataTree.java","133993","258549","392542"
"2019-04-12 19:01","DataTree.java","133993","239307","373300"
"2019-07-31 19:06","DataTree.java","133993","256807","390800"
"2019-09-11 10:27","DataTree.java","133993","258856","392849"
"2013-10-22 12:54","DataTree.java","27476","101335","128811"
"2016-03-23 00:30","DataTree.java","31399","128075","159474"
"2019-08-01 07:31","DataTree.java","133993","258171","392164"
"2014-01-24 07:18","DataTree.java","27536","104343","131879"
"2009-11-12 23:48","DataTree.java","6030","24126","30156"
"2019-08-17 17:13","DataTree.java","133993","257500","391493"
"2019-09-10 15:21","DataTree.java","133993","258543","392536"
"2015-06-04 19:51","DataTree.java","29736","124868","154604"
"2016-10-07 21:51","DataTree.java","31807","131990","163797"
"2017-06-18 19:23","DataTree.java","33171","134702","167873"
"2019-04-12 12:29","DataTree.java","133993","238876","372869"
"2019-08-03 08:42","DataTree.java","133993","258208","392201"
"2019-08-09 16:15","DataTree.java","133993","258956","392949"
"2016-11-13 20:59","DataTree.java","31822","134258","166080"
"2019-04-29 16:49","DataTree.java","133993","241337","375330"
"2019-12-03 19:35","ContainerManager.java","228604","263493","492097"
"2018-05-09 23:57","ContainerManager.java","8155","12118","20273"
"2019-08-17 17:13","ContainerManager.java","226998","255272","482270"
"2019-06-03 19:40","ContainerManager.java","226997","240602","467599"
"2019-10-10 14:37","PortForwarder.java","181380","260217","441597"
"2019-08-17 17:13","PortForwarder.java","181380","256464","437844"
"2019-06-03 19:40","PortForwarder.java","181380","241795","423175"
"2018-12-09 03:16","PortForwarder.java","181285","229027","410312"
"2013-01-25 07:46","NIOServerCnxnFactory.java","5762","16073","21835"
"2015-03-17 18:06","NIOServerCnxnFactory.java","15638","55264","70902"
"2019-07-03 00:44","NIOServerCnxnFactory.java","177111","244669","421780"
"2019-08-17 17:13","NIOServerCnxnFactory.java","177111","256656","433767"
"2012-12-19 19:07","NIOServerCnxnFactory.java","5171","14636","19807"
"2019-08-03 08:42","NIOServerCnxnFactory.java","177111","257364","434475"
"2019-04-22 19:15","NIOServerCnxnFactory.java","177111","239438","416549"
"2014-09-28 19:15","NIOServerCnxnFactory.java","15251","51502","66753"
"2018-11-23 11:51","NIOServerCnxnFactory.java","177033","225351","402384"
"2012-08-28 21:51","NIOServerCnxnFactory.java","3507","8417","11924"
"2019-02-13 13:12","NIOServerCnxnFactory.java","177053","235544","412597"
"2014-07-18 02:19","NIOServerCnxnFactory.java","15021","48674","63695"
"2013-03-07 07:01","NIOServerCnxnFactory.java","6465","21367","27832"
"2018-10-24 04:03","NIOServerCnxnFactory.java","158107","235950","394057"
"2019-04-12 19:01","NIOServerCnxnFactory.java","177111","238463","415574"
"2018-06-15 08:02","NIOServerCnxnFactory.java","26201","82190","108391"
"2016-06-23 23:45","NIOServerCnxnFactory.java","20118","65333","85451"
"2014-03-23 04:12","NIOServerCnxnFactory.java","7871","32143","40014"
"2019-10-10 14:37","NIOServerCnxnFactory.java","177111","260409","437520"
"2019-11-14 03:54","NIOServerCnxnFactory.java","177139","264693","441832"
"2019-08-17 17:13","DeleteAllCommand.java","221853","255887","477740"
"2019-06-06 00:01","DeleteAllCommand.java","221852","242023","463875"
"2017-05-27 00:52","DeleteAllCommand.java","6695","9371","16066"
"2019-11-08 17:30","FinalRequestProcessor.java","175573","262301","437874"
"2019-07-08 23:26","FinalRequestProcessor.java","175545","245435","420980"
"2019-01-16 23:23","FinalRequestProcessor.java","175469","232563","408032"
"2018-09-18 01:00","FinalRequestProcessor.java","108799","171894","280693"
"2019-04-12 19:01","FinalRequestProcessor.java","175545","238466","414011"
"2019-02-07 11:26","FinalRequestProcessor.java","175470","234916","410386"
"2019-01-14 19:38","FinalRequestProcessor.java","175468","231874","407342"
"2013-03-07 07:01","FinalRequestProcessor.java","7547","24018","31565"
"2019-01-09 17:22","FinalRequestProcessor.java","175470","234556","410026"
"2015-06-04 19:51","FinalRequestProcessor.java","16519","60048","76567"
"2019-09-10 04:26","FinalRequestProcessor.java","175545","257704","433249"
"2019-08-17 17:13","FinalRequestProcessor.java","175545","256659","432204"
"2016-10-07 21:51","FinalRequestProcessor.java","21308","69888","91196"
"2014-01-24 07:18","FinalRequestProcessor.java","8572","33776","42348"
"2019-06-26 10:57","FinalRequestProcessor.java","175545","244509","420054"
"2019-08-01 07:28","FinalRequestProcessor.java","175545","256840","432385"
"2019-07-03 00:44","FinalRequestProcessor.java","175545","244672","420217"
"2016-03-23 00:30","FinalRequestProcessor.java","20557","65630","86187"
"2019-08-06 17:11","FinalRequestProcessor.java","175545","257760","433305"
"2015-03-17 18:06","FinalRequestProcessor.java","16239","57434","73673"
"2018-07-10 12:46","FinalRequestProcessor.java","34206","92071","126277"
"2020-03-25 03:38","FinalRequestProcessor.java","176850","270749","447599"
"2019-09-16 23:26","FinalRequestProcessor.java","175545","259678","435223"
"2019-10-10 14:37","FinalRequestProcessor.java","175545","260412","435957"
"2019-11-21 05:58","FinalRequestProcessor.java","176850","261131","437981"
"2019-11-18 09:05","FinalRequestProcessor.java","176850","261108","437958"
"2012-12-19 19:16","FinalRequestProcessor.java","6287","18202","24489"
"2019-11-11 13:59","FinalRequestProcessor.java","175573","264097","439670"
"2020-03-26 22:12","FinalRequestProcessor.java","176850","270751","447601"
"2014-04-17 08:47","FinalRequestProcessor.java","14708","42471","57179"
"2014-04-29 02:23","FinalRequestProcessor.java","14714","43183","57897"
"2013-10-09 22:21","FinalRequestProcessor.java","8333","29999","38332"
"2013-09-18 12:58","ClientCnxn.java","28572","76664","105236"
"2015-01-31 08:05","ClientCnxn.java","31286","100684","131970"
"2016-05-02 18:15","ClientCnxn.java","33364","108798","142162"
"2014-01-24 07:18","ClientCnxn.java","28981","83805","112786"
"2019-08-17 17:13","ClientCnxn.java","157928","257033","414961"
"2015-05-10 00:27","ClientCnxn.java","31408","103345","134753"
"2017-12-19 19:27","ClientCnxn.java","36006","119769","155775"
"2019-01-31 15:50","ClientCnxn.java","157871","234643","392514"
"2012-08-02 00:24","ClientCnxn.java","26754","62421","89175"
"2019-04-09 15:35","ClientCnxn.java","157887","237849","395736"
"2013-02-03 15:52","ClientCnxn.java","27997","70025","98022"
"2014-12-20 15:29","ClientCnxn.java","31276","100663","131939"
"2012-03-15 18:01","ClientCnxn.java","25179","58456","83635"
"2019-11-08 17:30","ClientCnxn.java","157928","262647","420575"
"2017-06-08 17:59","ClientCnxn.java","35681","115154","150835"
"2012-09-09 20:24","ClientCnxn.java","26819","63225","90044"
"2019-01-16 14:21","ClientCnxn.java","157871","232956","390827"
"2019-01-07 14:24","ClientCnxn.java","157870","231805","389675"
"2019-03-06 03:32","ClientCnxn.java","157886","236776","394662"
"2010-11-11 18:11","ClientCnxn.java","15841","76413","92254"
"2010-11-10 23:36","ClientCnxn.java","15794","76370","92164"
"2011-09-14 07:43","ClientCnxn.java","19885","53047","72932"
"2011-08-19 00:05","ClientCnxn.java","19707","50649","70356"
"2015-02-06 06:17","ClientCnxn.java","31327","100920","132247"
"2019-02-07 11:26","ClientCnxn.java","157872","235309","393181"
"2018-11-05 19:40","ClientCnxn.java","129237","238457","367694"
"2011-04-12 09:14","ClientCnxn.java","20610","41188","61798"
"2010-10-06 18:14","ClientCnxn.java","15213","73071","88284"
"2010-11-30 21:16","ClientCnxn.java","16054","76997","93051"
"2020-05-17 15:13","ClientCnxn.java","158959","272009","430968"
"2018-06-25 12:30","ClientCnxn.java","36216","123505","159721"
"2012-12-19 19:16","ClientCnxn.java","27948","69483","97431"
"2020-03-03 03:12","ClientCnxn.java","158957","269797","428754"
"2018-09-10 11:44","ClientCnxn.java","97170","187644","284814"
"2011-09-28 22:17","ClientCnxn.java","22722","53937","76659"
"2015-06-13 02:42","ClientCnxn.java","31579","104978","136557"
"2010-10-21 02:44","ClientCnxn.java","15384","74893","90277"
"2010-08-05 09:09","ClientCnxn.java","14030","38427","52457"
"2011-05-20 01:17","ClientCnxn.java","20729","42126","62855"
"2014-03-23 04:12","ClientCnxn.java","29142","84603","113745"
"2015-11-09 00:05","ClientCnxn.java","31718","106609","138327"
"2015-12-06 19:58","ClientCnxn.java","31755","106951","138706"
"2020-01-21 17:53","ClientCnxn.java","158957","266058","425015"
"2015-12-05 22:43","ClientCnxn.java","31755","106948","138703"
"2015-12-05 22:32","ClientCnxn.java","31754","106942","138696"
"2010-03-04 02:28","ClientCnxn.java","8669","11737","20406"
"2019-10-10 14:37","ClientCnxn.java","157928","260786","418714"
"2014-04-01 04:03","ClientCnxn.java","29270","85574","114844"
"2013-09-18 15:14","ClientCnxn.java","28572","76682","105254"
"2013-09-18 04:08","ClientCnxn.java","28572","76578","105150"
"2019-11-21 05:58","ClientCnxn.java","158957","261229","420186"
"2020-04-16 12:50","ClientCnxn.java","158957","271636","430593"
"2018-07-27 05:16","ClientCnxn.java","52705","141146","193851"
"2010-01-26 03:22","ClientCnxn.java","639","1187","1826"
"2019-04-12 19:01","WatchManager.java","203494","237946","441440"
"2014-07-18 02:19","WatchManager.java","1655","8408","10063"
"2017-09-11 18:55","WatchManager.java","16509","38282","54791"
"2019-03-05 00:04","WatchManager.java","203420","235773","439193"
"2019-11-08 17:30","WatchManager.java","203538","261797","465335"
"2019-08-17 17:13","WatchManager.java","203510","256155","459665"
"2018-09-28 23:38","WatchManager.java","112082","149282","261364"
"2016-06-23 23:45","NettyServerCnxnFactory.java","6507","12096","18603"
"2020-02-26 22:41","NettyServerCnxnFactory.java","217618","268191","485809"
"2019-10-10 14:37","NettyServerCnxnFactory.java","216164","259836","476000"
"2019-09-10 18:50","NettyServerCnxnFactory.java","216164","257200","473364"
"2019-11-14 03:54","NettyServerCnxnFactory.java","216193","264121","480314"
"2019-02-12 15:25","NettyServerCnxnFactory.java","216055","234799","450854"
"2018-10-16 16:22","NettyServerCnxnFactory.java","195224","233540","428764"
"2019-02-15 15:36","NettyServerCnxnFactory.java","216072","235231","451303"
"2019-04-12 19:01","NettyServerCnxnFactory.java","216147","237873","454020"
"2018-11-22 17:56","NettyServerCnxnFactory.java","216052","224668","440720"
"2018-09-22 06:48","NettyServerCnxnFactory.java","112469","134438","246907"
"2018-12-15 07:34","NettyServerCnxnFactory.java","216052","228544","444596"
"2019-02-13 13:12","NettyServerCnxnFactory.java","216074","234939","451013"
"2019-08-17 17:13","NettyServerCnxnFactory.java","216164","256083","472247"
"2015-03-28 20:08","NettyServerCnxnFactory.java","49","1038","1087"
"2019-11-23 17:08","NettyServerCnxnFactory.java","217616","262236","479852"
"2019-07-03 00:44","NettyServerCnxnFactory.java","216163","244095","460258"
"2019-06-05 00:29","NettyServerCnxnFactory.java","216163","241749","457912"
"2019-07-23 15:55","NettyServerCnxnFactory.java","216164","252091","468255"
"2019-06-24 11:05","NettyServerCnxnFactory.java","216163","243415","459578"
"2019-08-03 08:42","NettyServerCnxnFactory.java","216164","256791","472955"
"2019-11-14 03:54","ServerCnxnFactory.java","29452","49448","78900"
"2019-11-11 13:59","ServerCnxnFactory.java","29380","48777","78157"
"2019-08-17 17:13","ServerCnxnFactory.java","26740","38727","65467"
"2016-06-23 23:45","NettyServerCnxnFactory.java","6500","11100","17600"
"2020-02-26 22:41","NettyServerCnxnFactory.java","218607","268191","486798"
"2019-10-10 14:37","NettyServerCnxnFactory.java","217153","259836","476989"
"2019-09-10 18:50","NettyServerCnxnFactory.java","217153","257200","474353"
"2019-11-14 03:54","NettyServerCnxnFactory.java","217182","264121","481303"
"2019-02-12 15:25","NettyServerCnxnFactory.java","217044","234799","451843"
"2018-10-16 16:22","NettyServerCnxnFactory.java","196213","233540","429753"
"2019-02-15 15:36","NettyServerCnxnFactory.java","217061","235231","452292"
"2019-04-12 19:01","NettyServerCnxnFactory.java","217136","237873","455009"
"2018-11-22 17:56","NettyServerCnxnFactory.java","217041","224668","441709"
"2018-09-22 06:48","NettyServerCnxnFactory.java","112545","133525","246070"
"2018-12-15 07:34","NettyServerCnxnFactory.java","217041","228544","445585"
"2019-02-13 13:12","NettyServerCnxnFactory.java","217063","234939","452002"
"2019-08-17 17:13","NettyServerCnxnFactory.java","217153","256083","473236"
"2019-11-23 17:08","NettyServerCnxnFactory.java","218605","262236","480841"
"2019-07-03 00:44","NettyServerCnxnFactory.java","217152","244095","461247"
"2019-06-05 00:29","NettyServerCnxnFactory.java","217152","241749","458901"
"2019-07-23 15:55","NettyServerCnxnFactory.java","217153","252091","469244"
"2019-06-24 11:05","NettyServerCnxnFactory.java","217152","243415","460567"
"2019-08-03 08:42","NettyServerCnxnFactory.java","217153","256791","473944"
"2019-12-27 22:33","TxnLog.java","10004","18682","28686"
"2019-11-28 12:24","DataTree.java","9316","14222","23538"
"2019-10-10 14:37","DataTree.java","3717","7470","11187"
"2019-12-27 22:33","DataTree.java","10004","18682","28686"
"2019-11-11 13:59","DataTree.java","3935","11345","15280"
"2019-11-08 17:30","DataTree.java","3908","9522","13430"
"2019-09-10 09:53","DataTree.java","1486","2535","4021"
"2019-09-11 10:27","DataTree.java","1737","3093","4830"
"2019-09-10 15:21","DataTree.java","1694","2737","4431"
"2019-08-17 17:13","ZooKeeperQuotaTest.java","25620","29856","55476"
"2019-08-17 17:13","ServerAuthenticationProvider.java","225558","255292","480850"
"2019-11-28 12:24","DataTree.java","7668","11531","19199"
"2019-10-10 14:37","DataTree.java","2068","4778","6846"
"2019-12-27 22:33","DataTree.java","8373","16008","24381"
"2019-11-11 13:59","DataTree.java","2286","8653","10939"
"2019-11-08 17:30","DataTree.java","2259","6830","9089"
"2019-09-11 10:27","DataTree.java","43","356","399"
"2019-08-17 17:13","UnifiedServerSocketTest.java","25106","24419","49525"
"2019-09-16 23:26","ZooKeeperServerMXBean.java","31146","58873","90019"
"2019-11-14 03:54","ZooKeeperServerMXBean.java","32162","64879","97041"
"2020-03-25 03:38","ZooKeeperServerMXBean.java","38964","76457","115421"
"2019-05-22 11:39","ZooKeeperServerMXBean.java","1818","11726","13544"
"2019-07-30 02:31","ZooKeeperServerMXBean.java","8310","30939","39249"
"2019-08-17 17:13","ZooKeeperServerMXBean.java","29911","54619","84530"
"2019-07-08 23:26","ZooKeeperServerMXBean.java","5646","19130","24776"
"2019-01-23 14:00","ZooKeeperServerMXBean.java","88","1523","1611"
"2019-11-28 12:24","DataTree.java","219937","262428","482365"
"2019-10-10 14:37","DataTree.java","218393","259731","478124"
"2019-12-27 22:33","DataTree.java","219938","266201","486139"
"2015-06-06 03:48","DataTree.java","11","116","127"
"2019-11-11 13:59","DataTree.java","218423","263418","481841"
"2018-07-10 13:29","DataTree.java","24570","38884","63454"
"2018-09-28 23:38","DataTree.java","112438","134578","247016"
"2019-11-08 17:30","DataTree.java","218423","261622","480045"
"2019-01-30 16:28","DataTree.java","218282","232978","451260"
"2019-01-30 17:02","DataTree.java","218282","233522","451804"
"2016-11-24 17:18","DataTree.java","7324","15196","22520"
"2017-09-11 18:55","DataTree.java","13945","20658","34603"
"2017-02-05 07:22","DataTree.java","7746","17057","24803"
"2019-02-07 11:26","DataTree.java","218283","234200","452483"
"2018-09-04 11:54","DataTree.java","111607","128663","240270"
"2018-09-05 22:35","DataTree.java","111626","128938","240564"
"2018-12-20 15:17","DataTree.java","218281","229466","447747"
"2019-09-10 09:53","DataTree.java","218393","257027","475420"
"2019-04-12 19:01","DataTree.java","218375","237767","456142"
"2019-07-31 19:06","DataTree.java","218393","255285","473678"
"2019-09-11 10:27","DataTree.java","218393","257334","475727"
"2016-03-23 00:30","DataTree.java","4740","6284","11024"
"2019-08-01 07:31","DataTree.java","218393","256649","475042"
"2019-08-17 17:13","DataTree.java","218393","255978","474371"
"2019-09-10 15:21","DataTree.java","218393","257021","475414"
"2016-10-07 21:51","DataTree.java","6482","11533","18015"
"2017-06-18 19:23","DataTree.java","12040","18439","30479"
"2019-04-12 12:29","DataTree.java","218375","237336","455711"
"2019-08-03 08:42","DataTree.java","218393","256686","475079"
"2019-08-09 16:15","DataTree.java","218393","257434","475827"
"2016-11-13 20:59","DataTree.java","6712","14016","20728"
"2019-04-29 16:49","DataTree.java","218375","239797","458172"
"2020-01-30 09:43","FileSnap.java","27","103","130"
"2020-02-26 22:41","NettyServerCnxnFactory.java","4575","10528","15103"
"2019-08-17 17:13","ReconfigRecoveryTest.java","224314","255186","479500"
"2019-08-17 17:13","LsCommand.java","221853","255887","477740"
"2019-01-31 15:55","LsCommand.java","221735","233428","455163"
"2017-05-27 00:52","LsCommand.java","6695","9371","16066"
"2016-09-08 22:52","LsCommand.java","727","1115","1842"
"2020-01-09 22:51","LsCommand.java","223433","265569","489002"
"2019-12-28 16:17","LsCommand.java","223432","266051","489483"
"2020-03-25 03:38","FinalRequestProcessor.java","10133","15508","25641"
"2019-11-21 05:58","FinalRequestProcessor.java","5228","985","6213"
"2019-11-18 09:05","FinalRequestProcessor.java","5211","945","6156"
"2020-03-26 22:12","FinalRequestProcessor.java","10187","15564","25751"
"2019-10-10 14:37","StandaloneDisabledTest.java","3717","7470","11187"
"2017-01-13 19:29","ZooKeeperServerMainTest.java","87","457","544"
"2019-06-03 19:40","ZooKeeperServerMainTest.java","226373","240606","466979"
"2019-08-17 17:13","ZooKeeperServerMainTest.java","226374","255276","481650"
"2018-09-11 15:23","ZooKeeperServerMainTest.java","107414","117042","224456"
"2019-12-27 22:33","FileTxnSnapLog.java","225826","265554","491380"
"2019-10-10 14:37","FileTxnSnapLog.java","224184","258987","483171"
"2019-12-13 08:51","FileTxnSnapLog.java","225825","263590","489415"
"2020-01-23 16:46","FileTxnSnapLog.java","225827","266804","492631"
"2020-01-28 17:26","FileTxnSnapLog.java","225827","267275","493102"
"2018-06-08 16:52","FileTxnSnapLog.java","1953","9441","11394"
"2019-09-02 08:23","FileTxnSnapLog.java","224184","255891","480075"
"2019-07-31 19:06","FileTxnSnapLog.java","224184","254541","478725"
"2018-07-30 06:22","FileTxnSnapLog.java","23012","32155","55167"
"2020-01-30 09:43","FileTxnSnapLog.java","225827","267351","493178"
"2019-05-14 17:11","FileTxnSnapLog.java","224165","239882","464047"
"2019-05-21 23:34","FileTxnSnapLog.java","224166","240204","464370"
"2019-05-27 10:54","FileTxnSnapLog.java","224166","240536","464702"
"2018-02-23 23:49","FileTxnSnapLog.java","1414","6648","8062"
"2019-08-17 17:13","FileTxnSnapLog.java","224184","255234","479418"
"2018-02-14 21:23","FileTxnSnapLog.java","1388","6458","7846"
"2017-09-11 18:55","QuorumBase.java","31585","137782","169367"
"2012-04-23 01:20","QuorumBase.java","24886","85474","110360"
"2019-07-12 17:01","QuorumBase.java","129610","252845","382455"
"2012-12-11 08:42","QuorumBase.java","25078","90845","115923"
"2009-06-18 18:37","QuorumBase.java","2045","6460","8505"
"2019-08-17 17:13","QuorumBase.java","129610","257532","387142"
"2009-07-17 00:09","QuorumBase.java","4477","16983","21460"
"2019-08-01 07:31","QuorumBase.java","129610","258203","387813"
"2009-11-18 20:06","QuorumBase.java","7456","32380","39836"
"2018-08-08 06:21","QuorumBase.java","63902","179846","243748"
"2009-11-07 01:48","QuorumBase.java","6971","24277","31248"
"2009-12-15 23:23","QuorumBase.java","7723","33225","40948"
"2009-11-20 23:28","QuorumBase.java","7506","32709","40215"
"2009-09-16 02:09","QuorumBase.java","5262","20183","25445"
"2019-10-10 14:37","QuorumBase.java","129610","261285","390895"
"2010-03-13 01:06","QuorumBase.java","13039","51675","64714"
"2020-03-25 03:38","QuorumBase.java","130217","270924","401141"
"2014-07-18 19:46","QuorumBase.java","27978","119382","147360"
"2010-07-23 06:22","QuorumBase.java","16384","68834","85218"
"2011-05-20 01:17","QuorumBase.java","21314","71528","92842"
"2010-05-05 22:32","QuorumBase.java","16180","54835","71015"
"2010-08-18 08:24","QuorumBase.java","17073","75423","92496"
"2013-10-09 22:21","QuorumBase.java","26169","103790","129959"
"2010-03-31 06:26","QuorumBase.java","13957","52840","66797"
"2014-06-25 19:25","QuorumBase.java","27780","114188","141968"
"2011-04-12 09:14","QuorumBase.java","21284","70679","91963"
"2015-03-08 23:07","LeaderSessionTracker.java","1501","6426","7927"
"2019-10-10 14:37","LeaderSessionTracker.java","210259","259904","470163"
"2018-08-08 06:21","LeaderSessionTracker.java","83371","108138","191509"
"2019-08-17 17:13","LeaderSessionTracker.java","210259","256151","466410"
"2015-10-18 19:00","QuorumPeer.java","17701","62694","80395"
"2018-12-20 15:13","QuorumPeer.java","175431","230152","405583"
"2019-05-16 16:25","QuorumPeer.java","175508","241458","416966"
"2018-10-16 16:22","QuorumPeer.java","156625","236173","392798"
"2019-06-14 09:06","QuorumPeer.java","175508","244657","420165"
"2018-12-07 12:41","QuorumPeer.java","175431","227166","402597"
"2012-04-23 01:20","QuorumPeer.java","4389","9059","13448"
"2012-07-17 23:19","QuorumPeer.java","4442","9884","14326"
"2019-03-11 19:47","QuorumPeer.java","175450","236599","412049"
"2012-02-27 03:41","QuorumPeer.java","1815","4400","6215"
"2014-07-18 02:19","QuorumPeer.java","15716","50975","66691"
"2019-02-13 13:12","QuorumPeer.java","175451","235548","410999"
"2019-04-12 19:01","QuorumPeer.java","175508","238466","413974"
"2018-12-09 03:16","QuorumPeer.java","175431","229240","404671"
"2018-09-11 15:23","QuorumPeer.java","108798","170675","279473"
"2019-11-29 14:49","QuorumPeer.java","176813","264521","441334"
"2013-03-07 07:01","QuorumPeer.java","7634","24142","31776"
"2018-12-15 07:34","QuorumPeer.java","175431","229155","404586"
"2018-11-27 10:02","QuorumPeer.java","175431","226916","402347"
"2018-09-18 01:00","QuorumPeer.java","108858","171990","280848"
"2012-02-06 09:40","QuorumPeer.java","1431","3775","5206"
"2019-06-03 19:40","QuorumPeer.java","175508","241990","417498"
"2019-07-15 14:15","QuorumPeer.java","175508","252078","427586"
"2015-03-17 18:06","QuorumPeer.java","16324","57556","73880"
"2019-07-03 00:44","QuorumPeer.java","175508","244672","420180"
"2019-08-17 17:13","QuorumPeer.java","175508","256659","432167"
"2015-06-27 02:03","QuorumPeer.java","16622","60543","77165"
"2017-11-28 00:10","QuorumPeer.java","26077","80213","106290"
"2014-01-21 04:50","QuorumPeer.java","8643","32301","40944"
"2014-06-04 22:07","QuorumPeer.java","14978","44437","59415"
"2018-01-30 08:02","QuorumPeer.java","26363","80652","107015"
"2019-05-15 11:56","QuorumPeer.java","175508","241413","416921"
"2019-06-05 00:33","QuorumPeer.java","175508","242380","417888"
"2019-05-20 23:13","QuorumPeer.java","175508","241531","417039"
"2019-06-04 10:55","QuorumPeer.java","175508","242143","417651"
"2019-07-12 17:01","QuorumPeer.java","175508","251972","427480"
"2020-01-09 11:27","QuorumPeer.java","176813","266067","442880"
"2017-02-09 11:40","QuorumPeer.java","22173","75085","97258"
"2017-07-06 18:48","QuorumPeer.java","25113","75711","100824"
"2018-10-01 06:11","QuorumPeer.java","109021","174732","283753"
"2015-04-09 20:16","QuorumPeer.java","16340","58635","74975"
"2013-10-07 21:08","QuorumPeer.java","8234","27558","35792"
"2013-09-30 22:20","QuorumPeer.java","8086","26979","35065"
"2018-07-04 17:11","QuorumPeer.java","34265","92115","126380"
"2019-12-17 13:48","QuorumPeer.java","176813","265093","441906"
"2015-12-07 05:59","QuorumPeer.java","17927","63678","81605"
"2020-01-23 13:43","QuorumPeer.java","176813","267891","444704"
"2016-06-23 23:45","QuorumPeer.java","20724","67545","88269"
"2016-06-23 23:25","QuorumPeer.java","20725","67438","88163"
"2014-03-23 04:12","QuorumPeer.java","8911","34789","43700"
"2013-09-26 00:13","QuorumPeer.java","8066","26715","34781"
"2014-07-18 20:48","QuorumPeer.java","15752","51470","67222"
"2014-07-04 04:19","QuorumPeer.java","15022","46124","61146"
"2018-12-06 10:56","QuorumPeer.java","175431","227110","402541"
"2014-06-25 15:04","QuorumPeer.java","14986","44942","59928"
"2014-03-28 01:58","QuorumPeer.java","8926","35222","44148"
"2013-10-21 23:36","QuorumPeer.java","8428","30494","38922"
"2019-10-10 14:37","QuorumPeer.java","175508","260412","435920"
"2013-11-07 06:41","QuorumPeer.java","8499","30996","39495"
"2017-07-27 23:09","QuorumPeer.java","25561","75173","100734"
"2014-05-18 05:49","QuorumPeer.java","14962","43932","58894"
"2014-03-25 22:13","QuorumPeer.java","8923","35037","43960"
"2011-11-01 08:15","QuorumPeer.java","180","209","389"
"2018-06-26 11:18","QuorumPeer.java","26648","84480","111128"
"2018-07-27 12:32","QuorumPeer.java","44604","103654","148258"
"2019-04-18 19:17","QuorumPeer.java","175508","239176","414684"
"2013-10-09 22:21","QuorumPeer.java","8418","30121","38539"
"2016-12-20 14:47","QuorumPeer.java","22060","73837","95897"
"2017-05-11 16:59","QuorumPeer.java","24877","74608","99485"
"2014-07-03 06:01","QuorumPeer.java","15014","45694","60708"
"2014-08-14 08:08","QuorumPeer.java","15879","52458","68337"
"2014-08-01 07:38","QuorumPeer.java","15878","52036","67914"
"2014-07-20 04:50","QuorumPeer.java","15782","51562","67344"
"2016-06-02 00:59","QuorumPeer.java","20706","67050","87756"
"2020-02-16 10:25","QuorumPeer.java","176813","268604","445417"
"2015-02-06 06:17","PrepRequestProcessor.java","1155","5359","6514"
"2019-02-07 11:26","PrepRequestProcessor.java","210694","234371","445065"
"2019-09-11 10:27","PrepRequestProcessor.java","210802","257503","468305"
"2018-07-19 05:59","PrepRequestProcessor.java","35784","58524","94308"
"2017-09-11 18:55","PrepRequestProcessor.java","15716","30189","45905"
"2019-01-16 14:21","PrepRequestProcessor.java","210693","232018","442711"
"2017-06-01 05:45","PrepRequestProcessor.java","13627","27636","41263"
"2019-11-08 17:30","PrepRequestProcessor.java","210831","261790","472621"
"2016-11-13 20:59","PrepRequestProcessor.java","8776","23840","32616"
"2019-04-09 15:35","PrepRequestProcessor.java","210714","236916","447630"
"2019-04-17 14:16","PrepRequestProcessor.java","210786","238203","448989"
"2014-10-28 05:35","PrepRequestProcessor.java","813","3078","3891"
"2019-05-10 12:22","PrepRequestProcessor.java","210786","240638","451424"
"2017-06-26 00:16","PrepRequestProcessor.java","13929","28216","42145"
"2019-02-07 11:22","PrepRequestProcessor.java","210694","234033","444727"
"2016-11-16 06:21","PrepRequestProcessor.java","8813","24424","33237"
"2019-08-01 07:31","PrepRequestProcessor.java","210802","256818","467620"
"2019-06-26 10:57","PrepRequestProcessor.java","210802","243997","454799"
"2015-05-29 19:45","PrepRequestProcessor.java","2234","9229","11463"
"2016-10-07 21:51","PrepRequestProcessor.java","8579","21390","29969"
"2015-06-04 19:51","PrepRequestProcessor.java","2378","10138","12516"
"2019-08-17 17:13","PrepRequestProcessor.java","210802","256147","466949"
"2018-08-08 06:21","PrepRequestProcessor.java","83240","107460","190700"
"2018-05-09 23:57","PrepRequestProcessor.java","16860","37894","54754"
"2015-06-11 20:09","PrepRequestProcessor.java","2396","10282","12678"
"2019-12-27 22:33","PrepRequestProcessor.java","212246","266269","478515"
"2019-10-10 14:37","PrepRequestProcessor.java","210802","259900","470702"
"2020-03-25 03:38","PrepRequestProcessor.java","212247","270377","482624"
"2014-07-25 01:31","PrepRequestProcessor.java","82","271","353"
"2015-03-08 23:07","PrepRequestProcessor.java","1260","5638","6898"
"2018-06-15 07:41","PrepRequestProcessor.java","17071","38857","55928"
"2019-08-17 17:13","ByteBufferOutputStream.java","179545","256761","436306"
"2019-08-17 17:13","ObserverQuorumHammerTest.java","167976","257015","424991"
"2011-04-12 09:14","ObserverQuorumHammerTest.java","17408","27920","45328"
"2019-08-17 17:13","DelayRequestProcessor.java","36481","63823","100304"
"2017-11-15 22:33","CommitProcessor.java","23299","48176","71475"
"2019-08-17 17:13","CommitProcessor.java","201018","256291","457309"
"2019-07-30 02:31","CommitProcessor.java","201018","254212","455230"
"2016-05-15 23:31","CommitProcessor.java","16042","36399","52441"
"2019-08-03 08:42","CommitProcessor.java","201018","256999","458017"
"2019-04-09 15:35","CommitProcessor.java","200931","237061","437992"
"2019-04-25 02:11","CommitProcessor.java","201002","239995","440997"
"2019-01-07 14:24","CommitProcessor.java","200911","231014","431925"
"2015-03-08 23:07","CommitProcessor.java","10369","24675","35044"
"2014-07-15 23:54","CommitProcessor.java","8760","15189","23949"
"2020-03-25 03:38","CommitProcessor.java","202436","270494","472930"
"2019-10-10 14:37","CommitProcessor.java","201018","260044","461062"
"2019-11-11 13:55","CommitProcessor.java","201046","262027","463073"
"2019-12-27 22:33","CommitProcessor.java","202436","266387","468823"
"2020-01-23 13:43","QuorumPeerMainTest.java","114937","126467","241404"
"2019-10-10 14:37","QuorumPeerMainTest.java","111293","116649","227942"
"2019-12-28 16:17","QuorumPeerMainTest.java","114017","124205","238222"
"2019-07-25 21:41","QuorumPeerMainTest.java","98609","96695","195304"
"2019-08-17 17:13","QuorumPeerMainTest.java","109882","111485","221367"
"2019-07-02 07:34","QuorumPeerMainTest.java","97079","86625","183704"
"2019-05-20 17:18","QuorumPeerMainTest.java","95379","81773","177152"
"2019-07-29 17:15","CppGenerator.java","224314","252786","477100"
"2019-11-14 03:54","ServerCnxnFactory.java","216193","264121","480314"
"2019-11-11 13:59","ServerCnxnFactory.java","216193","263522","479715"
"2017-04-19 01:19","ServerCnxnFactory.java","11930","21154","33084"
"2018-10-24 04:03","ServerCnxnFactory.java","195224","233441","428665"
"2019-02-13 13:12","ServerCnxnFactory.java","216074","234939","451013"
"2017-10-07 21:22","ServerCnxnFactory.java","14998","24102","39100"
"2019-08-17 17:13","ServerCnxnFactory.java","216164","256083","472247"
"2019-06-07 14:13","ServerCnxnFactory.java","216163","242186","458349"
"2019-07-03 00:44","ServerCnxnFactory.java","216163","244095","460258"
"2015-03-28 20:08","ServerCnxnFactory.java","49","1038","1087"
"2016-05-02 18:15","ServerCnxnFactory.java","6173","10792","16965"
"2020-02-26 22:41","NettyServerCnxnFactory.java","36622","59263","95885"
"2019-10-10 14:37","NettyServerCnxnFactory.java","29175","44915","74090"
"2019-09-10 18:50","NettyServerCnxnFactory.java","28085","41189","69274"
"2019-11-14 03:54","NettyServerCnxnFactory.java","29452","49448","78900"
"2019-08-17 17:13","NettyServerCnxnFactory.java","26740","38727","65467"
"2019-11-23 17:08","NettyServerCnxnFactory.java","34609","51297","85906"
"2019-07-23 15:55","NettyServerCnxnFactory.java","1409","9404","10813"
"2019-08-03 08:42","NettyServerCnxnFactory.java","3302","15997","19299"
"2019-11-14 03:54","ServerCnxnFactory.java","217182","264121","481303"
"2019-11-11 13:59","ServerCnxnFactory.java","217182","263522","480704"
"2017-04-19 01:19","ServerCnxnFactory.java","11935","20170","32105"
"2018-10-24 04:03","ServerCnxnFactory.java","196213","233441","429654"
"2019-02-13 13:12","ServerCnxnFactory.java","217063","234939","452002"
"2017-10-07 21:22","ServerCnxnFactory.java","15018","23133","38151"
"2019-08-17 17:13","ServerCnxnFactory.java","217153","256083","473236"
"2019-06-07 14:13","ServerCnxnFactory.java","217152","242186","459338"
"2019-07-03 00:44","ServerCnxnFactory.java","217152","244095","461247"
"2016-05-02 18:15","ServerCnxnFactory.java","6164","9794","15958"
"2014-02-12 17:00","LearnerHandler.java","27829","105957","133786"
"2014-03-23 04:12","LearnerHandler.java","27932","106447","134379"
"2010-01-25 04:28","LearnerHandler.java","7798","33271","41069"
"2019-10-10 14:37","LearnerHandler.java","132922","261253","394175"
"2015-06-05 20:38","LearnerHandler.java","29992","126198","156190"
"2015-06-05 20:51","LearnerHandler.java","29992","126225","156217"
"2015-06-12 23:02","LearnerHandler.java","29999","126330","156329"
"2009-08-25 07:45","LearnerHandler.java","3930","15001","18931"
"2010-03-11 15:05","LearnerHandler.java","13881","48783","62664"
"2009-10-30 17:19","LearnerHandler.java","5760","18467","24227"
"2009-11-30 13:03","LearnerHandler.java","6662","28572","35234"
"2011-04-12 09:14","LearnerHandler.java","22531","68582","91113"
"2013-09-26 14:05","LearnerHandler.java","27501","98938","126439"
"2019-07-03 20:54","LearnerHandler.java","132922","245494","378416"
"2011-09-14 08:56","LearnerHandler.java","21322","77894","99216"
"2011-08-30 08:37","LearnerHandler.java","21222","76585","97807"
"2010-07-29 23:10","LearnerHandler.java","17399","67215","84614"
"2011-09-17 02:36","LearnerHandler.java","23882","77894","101776"
"2012-04-23 01:20","LearnerHandler.java","26406","83713","110119"
"2013-06-28 23:22","LearnerHandler.java","27502","98509","126011"
"2018-09-18 01:00","LearnerHandler.java","84497","200266","284763"
"2010-11-04 17:01","LearnerHandler.java","18280","103368","121648"
"2012-02-06 09:40","LearnerHandler.java","25824","80805","106629"
"2013-05-14 14:27","LearnerHandler.java","27371","96641","124012"
"2018-08-03 18:52","LearnerHandler.java","45295","157488","202783"
"2011-01-22 20:38","LearnerHandler.java","18727","105913","124640"
"2018-12-09 03:16","LearnerHandler.java","132878","230114","362992"
"2019-04-12 19:01","LearnerHandler.java","132922","239307","372229"
"2013-03-07 07:01","LearnerHandler.java","27352","96497","123849"
"2009-11-18 20:06","LearnerHandler.java","6608","28188","34796"
"2017-11-28 00:10","LearnerHandler.java","33587","140360","173947"
"2019-06-29 00:33","LearnerHandler.java","132922","245487","378409"
"2013-05-11 15:35","LearnerHandler.java","27352","96545","123897"
"2019-07-25 21:41","LearnerHandler.java","132922","253983","386905"
"2019-08-23 19:43","LearnerHandler.java","132922","258166","391088"
"2019-08-17 17:13","LearnerHandler.java","132922","257500","390422"
"2009-06-18 18:37","LearnerHandler.java","586","1657","2243"
"2009-06-26 22:29","LearnerHandler.java","3057","11691","14748"
"2017-06-26 00:16","LearnerHandler.java","33413","136143","169556"
"2017-08-03 20:28","LearnerHandler.java","33437","135815","169252"
"2012-07-29 07:02","LearnerHandler.java","26429","85139","111568"
"2019-05-06 17:48","LearnerHandler.java","132922","241813","374735"
"2019-08-03 08:42","LearnerHandler.java","132922","258208","391130"
"2019-04-22 19:15","LearnerHandler.java","132922","240282","373204"
"2011-06-14 07:14","LearnerHandler.java","22640","70641","93281"
"2020-03-26 18:41","ZooKeeperMain.java","219529","270846","490375"
"2016-10-16 14:21","ZooKeeperMain.java","66723","85454","152177"
"2011-05-20 01:17","ZooKeeperMain.java","43191","4012","47203"
"2011-04-12 09:14","ZooKeeperMain.java","43020","3022","46042"
"2020-04-01 17:02","ZooKeeperMain.java","219529","271170","490699"
"2013-10-01 23:18","ZooKeeperMain.java","55698","44687","100385"
"2019-10-10 14:37","ZooKeeperMain.java","218456","260738","479194"
"2015-11-22 00:33","ZooKeeperMain.java","64594","80252","144846"
"2020-03-26 22:19","ZooKeeperMain.java","219529","270915","490444"
"2011-08-18 22:05","ZooKeeperMain.java","44423","13698","58121"
"2011-05-16 19:39","ZooKeeperMain.java","43146","3539","46685"
"2015-11-08 22:54","ZooKeeperMain.java","64549","79914","144463"
"2016-07-27 01:33","ZooKeeperMain.java","66278","83461","149739"
"2014-04-04 00:39","ZooKeeperMain.java","56415","53223","109638"
"2019-11-28 12:24","ZooKeeperMain.java","219529","262964","482493"
"2016-11-13 20:59","ZooKeeperMain.java","66741","87677","154418"
"2019-08-03 08:42","ZooKeeperMain.java","218456","257693","476149"
"2012-03-18 07:03","ZooKeeperMain.java","52887","26474","79361"
"2017-07-28 00:36","ZooKeeperMain.java","69676","89458","159134"
"2016-05-02 18:15","ZooKeeperMain.java","66231","82148","148379"
"2015-03-28 20:08","ZooKeeperMain.java","63337","75624","138961"
"2019-08-17 17:13","ZooKeeperMain.java","218456","256985","475441"
"2013-09-02 23:04","ZooKeeperMain.java","55546","43775","99321"
"2018-08-06 14:11","ZooKeeperMain.java","87210","116938","204148"
"2019-10-10 14:37","ObserverMaster.java","29293","45059","74352"
"2019-11-29 14:49","ObserverMaster.java","35078","53648","88726"
"2019-08-17 17:13","ObserverMaster.java","26858","38871","65729"
"2019-07-25 21:41","ObserverMaster.java","2106","10602","12708"
"2019-11-28 12:24","DataTree.java","224879","262319","487198"
"2019-10-10 14:37","DataTree.java","223293","259580","482873"
"2019-12-27 22:33","DataTree.java","224880","266092","490972"
"2019-11-11 13:59","DataTree.java","223341","263285","486626"
"2018-07-10 13:29","DataTree.java","19543","28806","48349"
"2018-09-28 23:38","DataTree.java","108140","125229","233369"
"2019-11-08 17:30","DataTree.java","223341","261489","484830"
"2019-01-30 16:28","DataTree.java","223175","232820","455995"
"2019-01-30 17:02","DataTree.java","223175","233364","456539"
"2016-11-24 17:18","DataTree.java","886","3707","4593"
"2017-09-11 18:55","DataTree.java","7962","9624","17586"
"2017-02-05 07:22","DataTree.java","1337","5597","6934"
"2019-02-07 11:26","DataTree.java","223176","234042","457218"
"2018-09-04 11:54","DataTree.java","107296","119301","226597"
"2018-09-05 22:35","DataTree.java","107315","119576","226891"
"2018-12-20 15:17","DataTree.java","223174","229308","452482"
"2019-09-10 09:53","DataTree.java","223293","256876","480169"
"2019-04-12 19:01","DataTree.java","223274","237615","460889"
"2019-07-31 19:06","DataTree.java","223293","255134","478427"
"2019-09-11 10:27","DataTree.java","223293","257183","480476"
"2019-08-01 07:31","DataTree.java","223293","256498","479791"
"2019-08-17 17:13","DataTree.java","223293","255827","479120"
"2019-09-10 15:21","DataTree.java","223293","256870","480163"
"2017-06-18 19:23","DataTree.java","6047","7395","13442"
"2019-04-12 12:29","DataTree.java","223274","237184","460458"
"2019-08-03 08:42","DataTree.java","223293","256535","479828"
"2019-08-09 16:15","DataTree.java","223293","257283","480576"
"2016-11-13 20:59","DataTree.java","265","2518","2783"
"2019-04-29 16:49","DataTree.java","223274","239645","462919"
"2019-11-14 03:54","LocalPeerMXBean.java","4021","12030","16051"
"2019-07-29 17:15","CppGenerator.java","225563","252876","478439"
"2017-09-11 18:55","CppGenerator.java","7341","6182","13523"
"2019-11-08 17:30","Request.java","187242","262055","449297"
"2019-01-16 14:21","Request.java","187116","232295","419411"
"2019-04-25 02:11","Request.java","187198","240117","427315"
"2019-07-08 23:26","Request.java","187214","245189","432403"
"2015-02-06 06:17","Request.java","12274","40332","52606"
"2013-03-07 07:01","Request.java","1478","6034","7512"
"2019-02-07 11:26","Request.java","187117","234648","421765"
"2019-08-06 17:11","Request.java","187214","257514","444728"
"2019-08-01 07:28","Request.java","187214","256594","443808"
"2019-06-26 10:57","Request.java","187214","244263","431477"
"2014-01-24 07:18","Request.java","3201","16490","19691"
"2016-10-07 21:51","Request.java","18485","55150","73635"
"2015-06-04 19:51","Request.java","12915","44529","57444"
"2019-08-17 17:13","Request.java","187214","256413","443627"
"2019-04-17 14:16","Request.java","187198","238469","425667"
"2019-05-03 00:44","Request.java","187198","240394","427592"
"2019-06-05 00:46","Request.java","187214","242273","429487"
"2019-05-10 12:22","Request.java","187198","240904","428102"
"2020-03-25 03:38","Request.java","188559","270543","459102"
"2019-09-20 10:06","Request.java","187214","259276","446490"
"2019-09-16 23:26","Request.java","187214","259432","446646"
"2019-12-27 22:33","Request.java","188559","266436","454995"
"2019-11-11 13:59","Request.java","187242","263851","451093"
"2014-04-29 02:23","Request.java","9993","26547","36540"
"2013-10-09 22:21","Request.java","2884","12635","15519"
"2020-05-05 21:20","Request.java","188559","271574","460133"
"2019-11-29 14:49","QuorumCnxManager.java","212227","264148","476375"
"2018-07-11 06:04","QuorumCnxManager.java","25430","47532","72962"
"2018-08-06 14:11","QuorumCnxManager.java","36062","59937","95999"
"2018-10-16 16:22","QuorumCnxManager.java","191015","234776","425791"
"2019-06-14 09:06","QuorumCnxManager.java","210783","244145","454928"
"2019-08-03 08:42","QuorumCnxManager.java","210783","256855","467638"
"2019-11-13 20:41","QuorumCnxManager.java","210812","263895","474707"
"2019-04-09 16:08","QuorumCnxManager.java","210695","236915","447610"
"2019-08-06 12:52","QuorumCnxManager.java","210783","257120","467903"
"2017-02-09 11:40","QuorumCnxManager.java","9882","27007","36889"
"2019-05-20 23:13","QuorumCnxManager.java","210767","241003","451770"
"2015-04-09 20:16","QuorumCnxManager.java","1438","7946","9384"
"2017-08-23 02:16","QuorumCnxManager.java","15578","30007","45585"
"2019-07-27 20:04","QuorumCnxManager.java","210783","252678","463461"
"2015-05-29 23:46","QuorumCnxManager.java","2239","9263","11502"
"2015-05-14 07:10","QuorumCnxManager.java","2013","8741","10754"
"2020-03-12 14:47","QuorumCnxManager.java","212228","269535","481763"
"2019-08-17 17:13","QuorumCnxManager.java","210783","256147","466930"
"2017-11-28 00:10","QuorumCnxManager.java","16152","34501","50653"
"2019-10-10 14:37","QuorumCnxManager.java","210783","259900","470683"
"2014-07-23 19:36","QuorumCnxManager.java","16","91","107"
"2017-06-09 18:37","QuorumCnxManager.java","13790","27923","41713"
"2020-01-23 13:43","QuorumCnxManager.java","212228","267519","479747"
"2019-11-28 12:24","QuorumCnxManager.java","212227","262497","474724"
"2016-06-08 17:43","QuorumCnxManager.java","7466","18022","25488"
"2020-03-23 16:20","QuorumCnxManager.java","212228","269706","481934"
"2020-02-16 10:25","QuorumCnxManager.java","212228","268232","480460"
"2018-07-27 12:32","QuorumCnxManager.java","35857","59120","94977"
"2015-07-07 07:11","SetTest.java","35426","83925","119351"
"2011-04-12 09:14","SetTest.java","15865","10270","26135"
"2019-08-17 17:13","StatResetCommand.java","228915","255075","483990"
"2019-10-10 14:37","Observer.java","29213","45023","74236"
"2019-12-27 22:33","Observer.java","35149","55884","91033"
"2019-07-15 14:15","Observer.java","1096","8572","9668"
"2019-08-23 19:43","Observer.java","26780","39503","66283"
"2019-08-17 17:13","Observer.java","26778","38835","65613"
"2018-02-07 01:05","LeaderBean.java","36077","120651","156728"
"2018-07-12 01:33","LeaderBean.java","43600","131241","174841"
"2019-07-25 21:41","LeaderBean.java","157928","253516","411444"
"2019-08-17 17:13","LeaderBean.java","157928","257033","414961"
"2019-01-07 14:55","LeaderBean.java","157870","231866","389736"
"2012-02-27 03:41","LeaderBean.java","25163","57331","82494"
"2018-08-17 14:40","LeaderBean.java","77661","167598","245259"
"2016-12-20 14:47","LeaderBean.java","34163","115523","149686"
"2019-12-03 10:01","CommandsTest.java","575","2477","3052"
"2019-11-29 14:49","CommandsTest.java","572","2428","3000"
"2019-10-10 14:37","FLENewEpochTest.java","3717","7470","11187"
"2010-03-13 01:06","ObserverHierarchicalQuorumTest.java","10863","24575","35438"
"2011-04-12 09:14","ObserverHierarchicalQuorumTest.java","21670","46141","67811"
"2019-08-17 17:13","ObserverHierarchicalQuorumTest.java","154189","257187","411376"
"2019-04-12 19:01","WatchManager.java","202789","237947","440736"
"2014-07-18 02:19","WatchManager.java","1719","9178","10897"
"2017-09-11 18:55","WatchManager.java","16532","39011","55543"
"2019-03-05 00:04","WatchManager.java","202715","235774","438489"
"2019-11-08 17:30","WatchManager.java","202833","261798","464631"
"2019-08-17 17:13","WatchManager.java","202805","256156","458961"
"2018-09-28 23:38","WatchManager.java","112060","149966","262026"
"2014-04-29 02:23","WatchManager.java","64","770","834"
"2019-08-17 17:13","NettyNettySuiteHammerTest.java","214757","256104","470861"
"2015-07-07 07:11","ExistsTest.java","33962","99820","133782"
"2010-08-17 09:24","ExistsTest.java","1868","19284","21152"
"2011-04-12 09:14","ExistsTest.java","15498","27319","42817"
"2016-12-22 23:23","DumpCommand.java","6524","14721","21245"
"2019-08-17 17:13","DumpCommand.java","218737","255967","474704"
"2018-09-15 00:08","ZooKeeperServer.java","44741","226633","271374"
"2019-04-12 19:01","ZooKeeperServer.java","57537","239657","297194"
"2019-07-31 19:06","ZooKeeperServer.java","57537","257157","314694"
"2019-09-11 10:27","ZooKeeperServer.java","57537","259206","316743"
"2019-01-14 19:38","ZooKeeperServer.java","57522","233127","290649"
"2019-01-07 15:34","ZooKeeperServer.java","57522","232728","290250"
"2008-08-16 00:02","ZooKeeperServer.java","910","1060","1970"
"2018-11-21 17:56","ZooKeeperServer.java","57522","225925","283447"
"2012-01-31 07:45","ZooKeeperServer.java","16113","137471","153584"
"2017-04-28 07:14","ZooKeeperServer.java","19100","189074","208174"
"2011-08-19 00:05","ZooKeeperServer.java","13370","134142","147512"
"2017-02-12 00:12","ZooKeeperServer.java","19097","188172","207269"
"2014-07-18 02:19","ZooKeeperServer.java","18662","173334","191996"
"2013-12-11 19:22","ZooKeeperServer.java","17230","159740","176970"
"2019-02-13 13:12","ZooKeeperServer.java","57522","236781","294303"
"2012-02-11 00:34","ZooKeeperServer.java","16151","138094","154245"
"2016-11-24 17:18","ZooKeeperServer.java","19046","189897","208943"
"2018-07-19 05:59","ZooKeeperServer.java","19972","197931","217903"
"2018-09-18 01:00","ZooKeeperServer.java","44777","227322","272099"
"2008-10-07 20:51","ZooKeeperServer.java","3377","19647","23024"
"2019-03-04 08:07","ZooKeeperServer.java","57522","237358","294880"
"2019-07-08 23:26","ZooKeeperServer.java","57537","246626","304163"
"2019-01-23 14:00","ZooKeeperServer.java","57522","234562","292084"
"2019-02-13 13:19","ZooKeeperServer.java","57522","237067","294589"
"2019-05-14 17:11","ZooKeeperServer.java","57537","242517","300054"
"2009-01-15 23:57","ZooKeeperServer.java","7947","40656","48603"
"2013-01-25 02:17","ZooKeeperServer.java","16918","148440","165358"
"2015-07-10 08:19","ZooKeeperServer.java","18785","182444","201229"
"2008-10-03 15:06","ZooKeeperServer.java","3335","18685","22020"
"2009-02-20 01:23","ZooKeeperServer.java","8774","55109","63883"
"2009-02-06 22:19","ZooKeeperServer.java","8708","54903","63611"
"2019-06-04 10:55","ZooKeeperServer.java","57537","243334","300871"
"2011-06-14 07:14","ZooKeeperServer.java","13044","136780","149824"
"2009-02-27 20:00","ZooKeeperServer.java","8780","55141","63921"
"2019-04-09 15:35","ZooKeeperServer.java","57522","238692","296214"
"2019-08-03 08:42","ZooKeeperServer.java","57537","258558","316095"
"2019-05-15 11:56","ZooKeeperServer.java","57537","242604","300141"
"2019-05-22 11:39","ZooKeeperServer.java","57537","243050","300587"
"2019-04-22 19:15","ZooKeeperServer.java","57537","240632","298169"
"2018-02-23 23:49","ZooKeeperServer.java","19244","193992","213236"
"2016-11-16 06:21","ZooKeeperServer.java","18923","189753","208676"
"2012-12-19 19:07","ZooKeeperServer.java","16875","147359","164234"
"2017-08-18 06:32","ZooKeeperServer.java","19219","188733","207952"
"2009-01-16 00:48","ZooKeeperServer.java","8099","40827","48926"
"2017-06-26 00:16","ZooKeeperServer.java","19214","188720","207934"
"2009-02-02 23:26","ZooKeeperServer.java","8638","52754","61392"
"2019-09-10 04:26","ZooKeeperServer.java","57537","258895","316432"
"2019-08-17 17:13","ZooKeeperServer.java","57537","257850","315387"
"2019-09-05 23:12","ZooKeeperServer.java","57537","258769","316306"
"2019-09-10 15:21","ZooKeeperServer.java","57537","258893","316430"
"2009-05-20 20:48","ZooKeeperServer.java","9424","81976","91400"
"2009-06-15 22:52","ZooKeeperServer.java","9721","85456","95177"
"2019-08-01 07:31","ZooKeeperServer.java","57537","258521","316058"
"2019-08-01 07:28","ZooKeeperServer.java","57537","258031","315568"
"2019-06-03 19:40","ZooKeeperServer.java","57537","243181","300718"
"2015-03-17 18:06","ZooKeeperServer.java","18752","179397","198149"
"2019-11-23 17:08","ZooKeeperServer.java","57850","262864","320714"
"2019-10-09 16:49","ZooKeeperServer.java","57537","261436","318973"
"2019-07-03 00:44","ZooKeeperServer.java","57537","245863","303400"
"2018-01-19 01:12","ZooKeeperServer.java","19237","192943","212180"
"2019-07-24 18:00","ZooKeeperServer.java","57537","254305","311842"
"2013-05-16 18:49","ZooKeeperServer.java","17144","153216","170360"
"2018-08-08 06:21","ZooKeeperServer.java","28614","208053","236667"
"2018-05-09 23:57","ZooKeeperServer.java","19271","195524","214795"
"2009-11-07 01:48","ZooKeeperServer.java","11133","100830","111963"
"2009-12-18 03:19","ZooKeeperServer.java","11446","109613","121059"
"2010-01-26 01:17","ZooKeeperServer.java","11689","113306","124995"
"2019-12-27 22:33","ZooKeeperServer.java","57850","266841","324691"
"2016-08-13 15:01","ZooKeeperServer.java","18852","185781","204633"
"2018-09-11 00:17","ZooKeeperServer.java","44739","225082","269821"
"2019-11-18 09:05","ZooKeeperServer.java","57850","261307","319157"
"2019-10-10 14:37","ZooKeeperServer.java","57537","261603","319140"
"2019-09-16 23:26","ZooKeeperServer.java","57537","260869","318406"
"2013-10-08 01:35","ZooKeeperServer.java","17203","156079","173282"
"2017-06-23 18:39","ZooKeeperServer.java","19213","188739","207952"
"2009-08-07 01:23","ZooKeeperServer.java","10043","95771","105814"
"2011-12-28 07:07","ZooKeeperServer.java","16102","137121","153223"
"2019-12-03 10:01","ZooKeeperServer.java","57850","264766","322616"
"2020-03-25 03:38","ZooKeeperServer.java","57850","270948","328798"
"2010-03-12 19:26","ZooKeeperServer.java","11783","122799","134582"
"2019-11-28 12:24","ZooKeeperServer.java","57850","263069","320919"
"2019-11-06 15:21","ZooKeeperServer.java","57537","261819","319356"
"2011-05-20 01:17","ZooKeeperServer.java","13036","135641","148677"
"2010-07-29 23:10","ZooKeeperServer.java","12168","137719","149887"
"2011-09-17 02:36","ZooKeeperServer.java","15915","136703","152618"
"2020-04-12 11:14","ZooKeeperServer.java","57850","271701","329551"
"2011-09-14 08:56","ZooKeeperServer.java","13435","136783","150218"
"2011-08-21 02:53","ZooKeeperServer.java","13370","134170","147540"
"2010-08-18 08:24","ZooKeeperServer.java","12457","143198","155655"
"2013-10-09 22:21","ZooKeeperServer.java","17230","158346","175576"
"2008-10-22 01:49","ZooKeeperServer.java","3462","30551","34013"
"2008-12-02 01:13","ZooKeeperServer.java","4308","36745","41053"
"2008-10-01 08:26","ZooKeeperServer.java","2895","17980","20875"
"2015-03-08 23:07","ZooKeeperServer.java","18753","178350","197103"
"2018-06-08 16:52","ZooKeeperServer.java","19271","196273","215544"
"2018-06-15 07:41","ZooKeeperServer.java","19284","196289","215573"
"2018-07-28 04:37","ZooKeeperServer.java","19976","198511","218487"
"2019-04-18 19:17","ZooKeeperServer.java","57537","240367","297904"
"2012-03-15 17:47","ZooKeeperServer.java","16158","139135","155293"
"2014-03-25 22:13","ZooKeeperServer.java","17306","162833","180139"
"2011-04-12 09:14","ZooKeeperServer.java","13007","134793","147800"
"2019-09-18 11:20","MultiOperationTest.java","2292","5204","7496"
"2019-04-10 13:19","FileSnap.java","72482","238978","311460"
"2019-07-31 19:06","FileSnap.java","72482","257017","329499"
"2020-01-30 09:43","FileSnap.java","72935","268637","341572"
"2008-10-21 19:30","FileSnap.java","3720","15321","19041"
"2008-10-21 20:45","FileSnap.java","3722","15335","19057"
"2008-10-21 06:26","FileSnap.java","3705","15299","19004"
"2010-03-12 23:36","FileSnap.java","13702","109693","123395"
"2019-05-27 10:54","FileSnap.java","72482","243030","315512"
"2017-06-26 00:07","FileSnap.java","20815","178449","199264"
"2009-01-31 02:18","FileSnap.java","9076","37514","46590"
"2017-08-18 06:32","FileSnap.java","20851","178487","199338"
"2019-08-17 17:13","FileSnap.java","72482","257710","330192"
"2009-04-17 20:11","FileSnap.java","10430","43493","53923"
"2018-02-14 21:23","FileSnap.java","20932","183638","204570"
"2019-12-03 19:12","FileSnap.java","72935","264778","337713"
"2019-12-27 22:33","FileSnap.java","72935","266841","339776"
"2019-10-10 14:37","FileSnap.java","72482","261463","333945"
"2020-01-28 17:26","FileSnap.java","72935","268561","341496"
"2011-04-12 09:14","FileSnap.java","15332","122033","137365"
"2017-01-23 02:13","FileSnap.java","20447","180802","201249"
"2020-05-21 14:13","ZKHostnameVerifier.java","14506","25582","40088"
"2020-02-16 10:25","QuorumKerberosAuthTest.java","229836","267491","497327"
"2019-11-29 14:49","QuorumKerberosAuthTest.java","229834","263406","493240"
"2020-01-22 11:08","QuorumKerberosAuthTest.java","229836","265294","495130"
"2019-08-17 17:13","QuorumKerberosAuthTest.java","228064","255079","483143"
"2010-03-13 01:06","FLENewEpochTest.java","13491","47712","61203"
"2019-10-10 14:37","FLENewEpochTest.java","133993","261253","395246"
"2011-04-12 09:14","FLENewEpochTest.java","22214","67194","89408"
"2010-03-31 06:26","FLENewEpochTest.java","14548","49016","63564"
"2009-07-17 00:09","FLENewEpochTest.java","2831","10922","13753"
"2019-08-17 17:13","FLENewEpochTest.java","133993","257500","391493"
"2019-10-10 14:37","ClientCnxnSocket.java","231755","258601","490356"
"2018-11-22 17:56","ClientCnxnSocket.java","231604","223394","454998"
"2019-08-17 17:13","ClientCnxnSocket.java","231754","254847","486601"
"2019-04-09 15:35","ClientCnxnSocket.java","231638","235588","467226"
"2019-11-14 03:54","ServerCnxnFactory.java","220635","263944","484579"
"2019-11-11 13:59","ServerCnxnFactory.java","220635","263345","483980"
"2017-04-19 01:19","ServerCnxnFactory.java","6403","11008","17411"
"2018-10-24 04:03","ServerCnxnFactory.java","199144","232742","431886"
"2019-02-13 13:12","ServerCnxnFactory.java","220490","234736","455226"
"2017-10-07 21:22","ServerCnxnFactory.java","9498","13983","23481"
"2019-08-17 17:13","ServerCnxnFactory.java","220587","255887","476474"
"2019-06-07 14:13","ServerCnxnFactory.java","220586","241990","462576"
"2019-07-03 00:44","ServerCnxnFactory.java","220586","243899","464485"
"2013-05-11 14:51","FLETest.java","18149","136465","154614"
"2019-10-10 14:37","FLETest.java","80532","261463","341995"
"2013-10-21 23:36","FLETest.java","18256","142092","160348"
"2013-10-02 20:19","FLETest.java","18224","138949","157173"
"2010-03-13 01:06","FLETest.java","13540","101432","114972"
"2014-06-25 15:04","FLETest.java","19643","151369","171012"
"2010-03-31 06:26","FLETest.java","14073","102212","116285"
"2011-09-17 02:13","FLETest.java","16501","119674","136175"
"2016-06-02 00:59","FLETest.java","20096","168210","188306"
"2011-04-12 09:14","FLETest.java","15357","114008","129365"
"2011-12-23 20:46","FLETest.java","16933","120231","137164"
"2011-04-29 18:12","FLETest.java","15377","114363","129740"
"2017-09-11 18:55","FLETest.java","21000","173049","194049"
"2012-04-23 01:20","FLETest.java","17225","123665","140890"
"2009-07-17 00:09","FLETest.java","11183","72945","84128"
"2009-06-18 18:37","FLETest.java","10768","64439","75207"
"2009-06-03 07:14","FLETest.java","10634","62065","72699"
"2019-08-17 17:13","FLETest.java","80532","257710","338242"
"2019-10-10 14:37","ZooKeeperServerStartupTest.java","3717","7470","11187"
"2019-01-22 06:43","DistributedQueue.java","178340","232933","411273"
"2017-09-11 18:55","DistributedQueue.java","27844","88187","116031"
"2019-08-03 08:42","DistributedQueue.java","178405","257640","436045"
"2019-10-10 14:37","DistributedQueue.java","178405","260685","439090"
"2019-08-27 09:23","DistributedQueue.java","178405","257525","435930"
"2019-10-10 14:37","ObserverZooKeeperServer.java","32188","56995","89183"
"2019-06-04 10:55","ObserverZooKeeperServer.java","1758","8296","10054"
"2019-08-17 17:13","ObserverZooKeeperServer.java","30099","51153","81252"
"2019-06-03 19:40","ObserverZooKeeperServer.java","1616","8001","9617"
"2017-09-11 18:55","QuorumBase.java","16382","36171","52553"
"2019-07-12 17:01","QuorumBase.java","205493","251467","456960"
"2019-08-17 17:13","QuorumBase.java","205493","256154","461647"
"2019-08-01 07:31","QuorumBase.java","205493","256825","462318"
"2018-08-08 06:21","QuorumBase.java","83579","113115","196694"
"2019-10-10 14:37","QuorumBase.java","205493","259907","465400"
"2020-03-25 03:38","QuorumBase.java","206933","270379","477312"
"2014-07-18 19:46","QuorumBase.java","1363","6359","7722"
"2019-12-27 22:33","LeaderBeanTest.java","37488","71275","108763"
"2019-08-17 17:13","LeaderBeanTest.java","29879","54988","84867"
"2016-05-02 18:15","WatcherTest.java","33967","122997","156964"
"2019-08-17 17:13","WatcherTest.java","144483","257484","401967"
"2013-02-19 08:55","WatcherTest.java","29089","84768","113857"
"2017-02-16 01:16","WatcherTest.java","35566","128422","163988"
"2011-04-12 09:14","WatcherTest.java","22489","56963","79452"
"2010-07-05 20:20","WatcherTest.java","16504","51313","67817"
"2011-09-17 02:13","WatcherTest.java","24150","68732","92882"
"2019-09-18 11:20","WatcherTest.java","144483","260396","404879"
"2020-03-19 17:09","Learner.java","178752","269947","448699"
"2013-10-09 22:21","Learner.java","7244","27002","34246"
"2020-02-03 04:30","Learner.java","178752","268442","447194"
"2020-01-23 13:43","Learner.java","178752","267885","446637"
"2017-07-04 07:39","Learner.java","24543","72924","97467"
"2020-03-25 03:38","Learner.java","178752","270743","449495"
"2015-03-15 08:54","Learner.java","15448","53799","69247"
"2019-11-28 12:24","Learner.java","178752","262864","441616"
"2019-12-27 22:33","Learner.java","178752","266636","445388"
"2020-01-25 18:48","Learner.java","178752","268075","446827"
"2020-05-03 19:43","Learner.java","178752","271679","450431"
"2016-08-13 15:01","Learner.java","20326","65897","86223"
"2013-10-21 23:36","Learner.java","7254","27375","34629"
"2019-10-10 14:37","Learner.java","177444","260403","437847"
"2015-01-25 01:22","Learner.java","15294","53154","68448"
"2019-06-03 19:40","Learner.java","177444","241981","419425"
"2015-03-17 18:06","Learner.java","15544","54831","70375"
"2019-07-15 14:15","Learner.java","177444","252069","429513"
"2019-08-23 19:43","Learner.java","177444","257316","434760"
"2016-09-08 22:59","Learner.java","20578","66397","86975"
"2019-08-17 17:13","Learner.java","177444","256650","434094"
"2017-11-28 00:10","Learner.java","25523","77714","103237"
"2014-03-12 23:57","Learner.java","7693","31338","39031"
"2018-05-09 00:54","Learner.java","26080","80399","106479"
"2019-04-09 15:35","Learner.java","177386","237449","414835"
"2019-07-12 17:01","Learner.java","177444","251963","429407"
"2017-07-06 18:48","Learner.java","24550","73203","97753"
"2013-10-07 21:08","Learner.java","7009","24388","31397"
"2017-08-18 06:32","Learner.java","25084","73240","98324"
"2019-07-02 07:34","Learner.java","177444","244593","422037"
"2018-10-16 16:22","Learner.java","158439","236042","394481"
"2014-07-18 02:19","Learner.java","14924","48238","63162"
"2017-02-12 00:12","Learner.java","23384","71101","94485"
"2018-12-09 03:16","Learner.java","177365","229229","406594"
"2013-03-07 07:01","Learner.java","6344","20907","27251"
"2019-11-29 14:49","Learner.java","178752","264515","443267"
"2018-11-27 10:02","Learner.java","177365","226905","404270"
"2018-08-06 14:11","Learner.java","44289","102006","146295"
"2019-06-03 19:40","DigestAuthenticationProvider.java","187413","242316","429729"
"2019-08-17 17:13","DigestAuthenticationProvider.java","187413","256985","444398"
"2019-11-11 13:59","DigestAuthenticationProvider.java","187413","264395","451808"
"2020-05-17 15:13","ClientCnxnSocketFragilityTest.java","6273","8483","14756"
"2020-02-16 10:25","QuorumDigestAuthTest.java","11925","22565","34490"
"2019-11-29 14:49","QuorumDigestAuthTest.java","9773","16330","26103"
"2008-10-22 01:49","StatTest.java","2410","13229","15639"
"2010-03-31 06:26","StatTest.java","13415","108419","121834"
"2019-08-17 17:13","StatTest.java","73667","257710","331377"
"2019-08-17 17:13","QuorumPeerConfigTest.java","219518","255925","475443"
"2018-07-04 17:11","QuorumPeerConfigTest.java","23632","36738","60370"
"2018-09-22 06:43","QuorumPeerConfigTest.java","110967","129389","240356"
"2018-10-16 16:22","QuorumPeerConfigTest.java","198583","233387","431970"
"2018-12-15 07:34","QuorumPeerConfigTest.java","219405","228385","447790"
"2019-04-18 19:17","QuorumPeerConfigTest.java","219500","238424","457924"
"2020-05-14 18:18","QuorumPeerConfigTest.java","221101","271373","492474"
"2015-10-28 22:54","QuorumPeerConfigTest.java","139","391","530"
"2016-06-23 19:42","QuorumPeerConfigTest.java","4066","5760","9826"
"2019-06-07 14:13","SessionTest.java","142905","243594","386499"
"2019-08-17 17:13","SessionTest.java","142905","257490","400395"
"2017-09-11 18:55","SessionTest.java","36271","131180","167451"
"2010-11-04 17:01","SessionTest.java","18087","93182","111269"
"2018-09-22 06:48","SessionTest.java","88597","196428","285025"
"2011-10-25 08:09","SessionTest.java","26274","70744","97018"
"2010-08-17 09:24","SessionTest.java","17427","59080","76507"
"2011-04-12 09:14","SessionTest.java","22883","58941","81824"
"2010-03-31 06:26","SessionTest.java","14548","40094","54642"
"2010-08-18 08:24","SessionTest.java","17927","62940","80867"
"2010-10-21 02:44","SessionTest.java","18081","93070","111151"
"2010-08-05 09:09","SessionTest.java","17134","57011","74145"
"2013-12-21 22:05","SessionTest.java","30097","98133","128230"
"2010-03-12 19:26","SessionTest.java","13062","38350","51412"
"2019-10-10 14:37","SessionTest.java","142905","261243","404148"
"2015-07-07 07:11","SessionTest.java","32558","121287","153845"
"2019-12-28 16:17","SessionTest.java","143545","266715","410260"
"2009-09-16 02:09","SessionTest.java","1211","2795","4006"
"2010-01-26 03:22","SessionTest.java","5532","21560","27092"
"2019-08-17 17:13","MaxCnxnsTest.java","167976","257015","424991"
"2013-12-21 22:05","MaxCnxnsTest.java","28511","72367","100878"
"2011-09-17 02:13","MaxCnxnsTest.java","20558","42411","62969"
"2019-01-23 14:00","NettyServerCnxn.java","156532","148704","305236"
"2019-02-18 17:05","NettyServerCnxn.java","156628","151332","307960"
"2019-02-12 15:25","NettyServerCnxn.java","156542","150812","307354"
"2019-04-12 19:01","NettyServerCnxn.java","156822","154074","310896"
"2018-11-22 17:56","NettyServerCnxn.java","150195","134337","284532"
"2018-10-24 04:03","NettyServerCnxn.java","117120","130863","247983"
"2018-11-17 18:33","NettyServerCnxn.java","150192","133712","283904"
"2019-01-14 19:38","NettyServerCnxn.java","156474","147211","303685"
"2019-08-17 17:13","NettyServerCnxn.java","158773","174218","332991"
"2019-07-03 00:44","NettyServerCnxn.java","158102","161560","319662"
"2019-11-23 17:08","NettyServerCnxn.java","161965","182111","344076"
"2019-07-23 15:55","NettyServerCnxn.java","158103","169556","327659"
"2019-05-06 18:32","NettyServerCnxn.java","156840","156639","313479"
"2019-04-22 19:15","NettyServerCnxn.java","156822","155049","311871"
"2019-08-03 08:42","NettyServerCnxn.java","158752","174905","333657"
"2019-11-18 09:05","NettyServerCnxn.java","161769","180358","342127"
"2019-11-21 05:58","NettyServerCnxn.java","161769","180381","342150"
"2019-09-16 23:26","NettyServerCnxn.java","159759","178223","337982"
"2019-10-10 14:37","NettyServerCnxn.java","159775","178973","338748"
"2019-01-07 14:55","LeaderMXBean.java","225783","230048","455831"
"2019-07-25 21:41","LeaderMXBean.java","225902","251759","477661"
"2019-08-17 17:13","LeaderMXBean.java","225902","255276","481178"
"2018-02-07 01:05","LeaderMXBean.java","7997","11211","19208"
"2019-08-17 17:13","EphemeralTypeEmulate353.java","230888","254922","485810"
"2019-06-03 19:40","EphemeralTypeEmulate353.java","230887","240252","471139"
"2013-09-26 14:05","Zab1_0Test.java","1050","3342","4392"
"2014-05-09 23:37","Zab1_0Test.java","9412","21443","30855"
"2017-01-07 01:09","Zab1_0Test.java","19258","55166","74424"
"2015-12-06 21:30","Zab1_0Test.java","14224","43366","57590"
"2019-12-17 13:48","Zab1_0Test.java","193109","264881","457990"
"2013-11-19 02:03","Zab1_0Test.java","1710","7747","9457"
"2015-07-07 07:11","Zab1_0Test.java","13886","41477","55363"
"2019-12-27 22:33","Zab1_0Test.java","193109","266430","459539"
"2013-10-24 20:41","Zab1_0Test.java","1623","7522","9145"
"2019-10-10 14:37","Zab1_0Test.java","191763","260159","451922"
"2013-11-07 06:41","Zab1_0Test.java","1672","7661","9333"
"2015-05-14 18:40","Zab1_0Test.java","12434","38725","51159"
"2019-08-17 17:13","Zab1_0Test.java","191763","256406","448169"
"2019-06-03 19:40","Zab1_0Test.java","191763","241737","433500"
"2018-05-10 06:00","Zab1_0Test.java","25122","65739","90861"
"2017-11-28 00:10","Zab1_0Test.java","24430","62058","86488"
"2013-10-07 21:08","Zab1_0Test.java","1257","4073","5330"
"2017-08-18 06:32","Zab1_0Test.java","23962","57555","81517"
"2017-02-12 00:12","Zab1_0Test.java","21637","54791","76428"
"2018-09-15 00:08","ZooKeeperServer.java","100545","105435","205980"
"2019-04-12 19:01","ZooKeeperServer.java","231249","236618","467867"
"2019-07-31 19:06","ZooKeeperServer.java","231286","254155","485441"
"2019-09-11 10:27","ZooKeeperServer.java","231287","256205","487492"
"2019-01-14 19:38","ZooKeeperServer.java","231137","229991","461128"
"2019-01-07 15:34","ZooKeeperServer.java","231137","229592","460729"
"2018-11-21 17:56","ZooKeeperServer.java","231133","222785","453918"
"2019-02-13 13:12","ZooKeeperServer.java","231167","233675","464842"
"2018-07-19 05:59","ZooKeeperServer.java","21309","22266","43575"
"2018-09-18 01:00","ZooKeeperServer.java","100662","106205","206867"
"2019-03-04 08:07","ZooKeeperServer.java","231168","234253","465421"
"2019-07-08 23:26","ZooKeeperServer.java","231285","243623","474908"
"2019-01-23 14:00","ZooKeeperServer.java","231139","231428","462567"
"2019-02-13 13:19","ZooKeeperServer.java","231167","233961","465128"
"2019-05-14 17:11","ZooKeeperServer.java","231266","239495","470761"
"2019-06-04 10:55","ZooKeeperServer.java","231285","240331","471616"
"2019-04-09 15:35","ZooKeeperServer.java","231170","235589","466759"
"2019-08-03 08:42","ZooKeeperServer.java","231286","255556","486842"
"2019-05-15 11:56","ZooKeeperServer.java","231266","239582","470848"
"2019-05-22 11:39","ZooKeeperServer.java","231268","240030","471298"
"2019-04-22 19:15","ZooKeeperServer.java","231249","237593","468842"
"2019-09-10 04:26","ZooKeeperServer.java","231287","255894","487181"
"2019-08-17 17:13","ZooKeeperServer.java","231286","254848","486134"
"2019-09-05 23:12","ZooKeeperServer.java","231287","255768","487055"
"2019-09-10 15:21","ZooKeeperServer.java","231287","255892","487179"
"2019-08-01 07:31","ZooKeeperServer.java","231286","255519","486805"
"2019-08-01 07:28","ZooKeeperServer.java","231286","255029","486315"
"2019-06-03 19:40","ZooKeeperServer.java","231285","240178","471463"
"2019-11-23 17:08","ZooKeeperServer.java","233222","261485","494707"
"2019-10-09 16:49","ZooKeeperServer.java","231287","258435","489722"
"2019-07-03 00:44","ZooKeeperServer.java","231285","242860","474145"
"2019-07-24 18:00","ZooKeeperServer.java","231286","251303","482589"
"2018-08-08 06:21","ZooKeeperServer.java","69330","71767","141097"
"2019-12-27 22:33","ZooKeeperServer.java","233223","265463","498686"
"2018-09-11 00:17","ZooKeeperServer.java","100513","103854","204367"
"2019-11-18 09:05","ZooKeeperServer.java","233222","259928","493150"
"2019-10-10 14:37","ZooKeeperServer.java","231287","258602","489889"
"2019-09-16 23:26","ZooKeeperServer.java","231287","257868","489155"
"2019-12-03 10:01","ZooKeeperServer.java","233222","263387","496609"
"2020-03-25 03:38","ZooKeeperServer.java","233224","269571","502795"
"2019-11-28 12:24","ZooKeeperServer.java","233222","261690","494912"
"2019-11-06 15:21","ZooKeeperServer.java","231335","258866","490201"
"2020-04-12 11:14","ZooKeeperServer.java","233285","270385","503670"
"2018-06-15 07:41","ZooKeeperServer.java","9","12","21"
"2018-07-28 04:37","ZooKeeperServer.java","21446","22979","44425"
"2019-04-18 19:17","ZooKeeperServer.java","231249","237328","468577"
"2015-02-06 06:17","PrepRequestProcessor.java","15013","51459","66472"
"2013-03-07 07:01","PrepRequestProcessor.java","5905","18849","24754"
"2019-02-07 11:26","PrepRequestProcessor.java","178823","234742","413565"
"2019-09-11 10:27","PrepRequestProcessor.java","178915","257858","436773"
"2018-07-19 05:59","PrepRequestProcessor.java","44116","99098","143214"
"2017-09-11 18:55","PrepRequestProcessor.java","25002","71717","96719"
"2019-01-16 14:21","PrepRequestProcessor.java","178822","232389","411211"
"2017-06-01 05:45","PrepRequestProcessor.java","24107","70358","94465"
"2012-04-14 02:32","PrepRequestProcessor.java","2165","2516","4681"
"2019-11-08 17:30","PrepRequestProcessor.java","178943","262144","441087"
"2016-11-13 20:59","PrepRequestProcessor.java","20460","67766","88226"
"2019-04-09 15:35","PrepRequestProcessor.java","178841","237285","416126"
"2019-04-17 14:16","PrepRequestProcessor.java","178899","238558","417457"
"2014-10-28 05:35","PrepRequestProcessor.java","14831","49338","64169"
"2019-05-10 12:22","PrepRequestProcessor.java","178899","240993","419892"
"2017-06-26 00:16","PrepRequestProcessor.java","24330","70859","95189"
"2019-02-07 11:22","PrepRequestProcessor.java","178823","234404","413227"
"2016-11-16 06:21","PrepRequestProcessor.java","20489","68342","88831"
"2019-08-01 07:31","PrepRequestProcessor.java","178915","257173","436088"
"2019-06-26 10:57","PrepRequestProcessor.java","178915","244352","423267"
"2014-01-24 07:18","PrepRequestProcessor.java","7098","28775","35873"
"2015-05-29 19:45","PrepRequestProcessor.java","15392","54629","70021"
"2016-10-07 21:51","PrepRequestProcessor.java","20436","65489","85925"
"2015-06-04 19:51","PrepRequestProcessor.java","15513","55515","71028"
"2019-08-17 17:13","PrepRequestProcessor.java","178915","256502","435417"
"2018-08-08 06:21","PrepRequestProcessor.java","86380","142842","229222"
"2018-05-09 23:57","PrepRequestProcessor.java","25892","79168","105060"
"2015-06-11 20:09","PrepRequestProcessor.java","15527","55655","71182"
"2019-12-27 22:33","PrepRequestProcessor.java","180225","266490","446715"
"2014-04-01 01:47","PrepRequestProcessor.java","7577","30517","38094"
"2019-10-10 14:37","PrepRequestProcessor.java","178915","260255","439170"
"2020-03-25 03:38","PrepRequestProcessor.java","180225","270597","450822"
"2014-07-25 01:31","PrepRequestProcessor.java","14677","47108","61785"
"2013-10-09 22:21","PrepRequestProcessor.java","6852","24991","31843"
"2014-04-29 02:23","PrepRequestProcessor.java","13607","38549","52156"
"2015-03-08 23:07","PrepRequestProcessor.java","15075","51695","66770"
"2014-07-22 06:51","PrepRequestProcessor.java","14619","46861","61480"
"2018-06-15 07:41","PrepRequestProcessor.java","25990","80018","106008"
"2012-12-19 19:16","PrepRequestProcessor.java","4611","12999","17610"
"2019-08-17 17:13","Leader.java","145376","257247","402623"
"2019-06-29 00:33","Leader.java","145376","245234","390610"
"2019-06-03 19:40","Leader.java","145376","242578","387954"
"2014-05-20 23:42","Leader.java","30529","101573","132102"
"2019-07-15 14:15","Leader.java","145376","252666","398042"
"2015-03-17 18:06","Leader.java","31198","114479","145677"
"2019-07-25 21:41","Leader.java","145376","253730","399106"
"2018-05-10 06:00","Leader.java","35535","134709","170244"
"2018-07-12 01:33","Leader.java","42758","142865","185623"
"2009-11-18 20:06","Leader.java","1430","10303","11733"
"2018-02-07 01:05","Leader.java","35424","132464","167888"
"2017-11-28 00:10","Leader.java","35366","131551","166917"
"2019-06-05 00:33","Leader.java","145376","242968","388344"
"2015-04-10 22:22","Leader.java","31202","115551","146753"
"2011-06-14 07:14","Leader.java","21464","56758","78222"
"2019-08-03 08:42","Leader.java","145376","257955","403331"
"2019-06-05 23:57","Leader.java","145376","243237","388613"
"2012-12-08 00:38","Leader.java","27567","79491","107058"
"2013-10-07 21:08","Leader.java","28712","90085","118797"
"2012-12-31 02:38","Leader.java","28032","82077","110109"
"2017-01-13 19:29","Leader.java","33777","128445","162222"
"2012-07-05 18:01","Leader.java","26907","73905","100812"
"2019-01-07 14:55","Leader.java","145328","232090","377418"
"2019-04-12 19:01","Leader.java","145376","239054","384430"
"2018-12-09 03:16","Leader.java","145328","229857","375185"
"2018-08-17 14:40","Leader.java","69733","172136","241869"
"2019-11-29 14:49","Leader.java","146255","264683","410938"
"2013-03-07 07:01","Leader.java","28370","86927","115297"
"2018-11-27 10:02","Leader.java","145328","227533","372861"
"2015-02-06 06:17","Leader.java","31150","113209","144359"
"2012-02-27 03:41","Leader.java","25394","70028","95422"
"2017-02-15 23:04","Leader.java","34733","126445","161178"
"2014-07-18 02:19","Leader.java","30952","108260","139212"
"2012-01-04 01:15","Leader.java","25074","68830","93904"
"2011-12-28 01:26","Leader.java","25072","68675","93747"
"2018-08-29 06:26","Leader.java","84278","186889","271167"
"2018-08-03 18:52","Leader.java","47457","149062","196519"
"2011-04-29 18:12","Leader.java","21361","55040","76401"
"2013-05-14 14:27","Leader.java","28394","87076","115470"
"2012-02-06 09:40","Leader.java","25118","69511","94629"
"2017-09-11 18:55","Leader.java","35282","127610","162892"
"2018-09-18 01:00","Leader.java","88731","193912","282643"
"2011-10-20 20:02","Leader.java","24691","66526","91217"
"2012-01-14 00:28","Leader.java","25079","68933","94012"
"2012-01-06 02:32","Leader.java","25075","68832","93907"
"2012-03-15 17:47","Leader.java","25409","71022","96431"
"2011-04-12 09:14","Leader.java","21320","54664","75984"
"2010-07-23 06:22","Leader.java","15394","51793","67187"
"2011-09-22 07:42","Leader.java","23107","66734","89841"
"2010-08-18 08:24","Leader.java","16245","58544","74789"
"2016-12-20 14:47","Leader.java","33769","127595","161364"
"2014-07-20 04:50","Leader.java","30980","108809","139789"
"2014-06-10 00:19","Leader.java","30533","102511","133044"
"2016-06-23 23:25","Leader.java","33094","121856","154950"
"2016-06-23 23:45","Leader.java","33094","121964","155058"
"2020-03-25 03:38","Leader.java","146255","270911","417166"
"2014-03-23 04:12","Leader.java","29111","97038","126149"
"2019-12-27 22:33","Leader.java","146255","266804","413059"
"2016-08-13 15:01","Leader.java","33350","122915","156265"
"2013-10-21 23:36","Leader.java","28862","92977","121839"
"2019-10-10 14:37","Leader.java","145376","261000","406376"
"2013-11-07 06:41","Leader.java","28889","93435","122324"
"2014-07-26 04:11","ZooKeeperServerMainTest.java","10047","23467","33514"
"2016-09-18 23:21","ZooKeeperServerMainTest.java","17295","42644","59939"
"2014-03-25 22:13","ZooKeeperServerMainTest.java","575","4094","4669"
"2016-08-24 01:36","ZooKeeperServerMainTest.java","17150","41839","58989"
"2016-08-13 15:01","ZooKeeperServerMainTest.java","16893","41814","58707"
"2014-09-28 19:15","ZooKeeperServerMainTest.java","10252","25514","35766"
"2017-01-13 19:29","ZooKeeperServerMainTest.java","18237","48261","66498"
"2019-06-03 19:40","ZooKeeperServerMainTest.java","197804","241691","439495"
"2019-08-17 17:13","ZooKeeperServerMainTest.java","197804","256360","454164"
"2018-09-11 15:23","ZooKeeperServerMainTest.java","112110","151392","263502"
"2017-01-05 22:32","ZooKeeperServerMainTest.java","18222","47876","66098"
"2020-05-05 21:20","ServerMetrics.java","159799","191634","351433"
"2020-02-26 22:41","ServerMetrics.java","159545","188218","347763"
"2020-03-25 03:38","ServerMetrics.java","159546","190350","349896"
"2019-09-16 23:26","ServerMetrics.java","157197","178235","335432"
"2019-11-18 09:05","ServerMetrics.java","159196","180359","339555"
"2020-05-03 19:43","ServerMetrics.java","159799","191539","351338"
"2019-06-29 00:33","ServerMetrics.java","155540","161546","317086"
"2019-11-23 17:08","ServerMetrics.java","159392","182112","341504"
"2019-08-17 17:13","ServerMetrics.java","156211","174230","330441"
"2019-05-06 17:48","ServerMetrics.java","154278","156610","310888"
"2019-06-05 00:46","ServerMetrics.java","154307","158186","312493"
"2019-04-17 14:16","ServerMetrics.java","154260","154351","308611"
"2019-05-03 00:44","ServerMetrics.java","154277","156293","310570"
"2019-04-22 19:15","ServerMetrics.java","154260","155061","309321"
"2019-06-05 23:57","ServerMetrics.java","154307","158316","312623"
"2019-05-21 23:34","ServerMetrics.java","154287","157294","311581"
"2019-07-23 15:55","ServerMetrics.java","155541","169568","325109"
"2019-01-23 14:00","ServerMetrics.java","153972","148718","302690"
"2019-07-08 23:26","ServerMetrics.java","155540","162335","317875"
"2019-02-13 13:19","ServerMetrics.java","154067","151318","305385"
"2019-03-05 00:04","ServerMetrics.java","154072","151799","305871"
"2019-04-25 02:11","ServerMetrics.java","154277","156016","310293"
"2019-04-12 19:01","ServerMetrics.java","154260","154086","308346"
"2019-07-31 19:06","ServerMetrics.java","156177","173503","329680"
"2019-01-14 19:38","ServerMetrics.java","153914","147225","301139"
"2019-08-17 17:13","Op.java","223293","255827","479120"
"2019-06-26 10:57","Op.java","223292","243676","466968"
"2019-07-29 17:15","JBuffer.java","167551","254590","422141"
"2020-02-12 15:48","JBuffer.java","168623","268555","437178"
"2020-02-12 15:52","JBuffer.java","168623","268555","437178"
"2019-10-10 14:37","ClientCnxnSocket.java","31910","54806","86716"
"2019-08-17 17:13","ClientCnxnSocket.java","29822","48965","78787"
"2019-08-17 17:13","DuplicateLocalSessionUpgradeTest.java","196919","256367","453286"
"2019-10-10 14:37","DuplicateLocalSessionUpgradeTest.java","196919","260120","457039"
"2019-07-15 14:15","QuorumZooKeeperServer.java","222252","251306","473558"
"2019-06-26 10:57","QuorumZooKeeperServer.java","222251","243736","465987"
"2019-08-17 17:13","QuorumZooKeeperServer.java","222252","255887","478139"
"2019-05-15 11:56","QuorumZooKeeperServer.java","222233","240622","462855"
"2019-06-04 10:55","QuorumZooKeeperServer.java","222251","241370","463621"
"2017-03-21 17:49","QuorumZooKeeperServer.java","5476","8245","13721"
"2019-11-29 14:49","QuorumZooKeeperServer.java","223830","264022","487852"
"2020-03-25 03:38","QuorumZooKeeperServer.java","223832","270252","494084"
"2019-10-10 14:37","QuorumZooKeeperServer.java","222252","259640","481892"
"2018-07-12 01:33","StatCommand.java","11576","14643","26219"
"2019-08-17 17:13","StatCommand.java","228915","255075","483990"
"2019-11-28 12:24","Version.java","34757","51683","86440"
"2020-04-07 15:40","Version.java","37200","62607","99807"
"2019-08-17 17:13","Version.java","26831","38851","65682"
"2019-08-17 17:13","ACLCountTest.java","222020","255887","477907"
"2013-10-05 00:57","ServerCnxnFactory.java","3446","12614","16060"
"2019-11-14 03:54","ServerCnxnFactory.java","185216","264501","449717"
"2019-11-11 13:59","ServerCnxnFactory.java","185216","263902","449118"
"2017-04-19 01:19","ServerCnxnFactory.java","21920","62501","84421"
"2018-10-24 04:03","ServerCnxnFactory.java","165811","235385","401196"
"2013-03-07 07:01","ServerCnxnFactory.java","2342","8975","11317"
"2014-07-18 02:19","ServerCnxnFactory.java","12234","37618","49852"
"2019-02-13 13:12","ServerCnxnFactory.java","185114","235336","420450"
"2017-10-07 21:22","ServerCnxnFactory.java","23743","64204","87947"
"2019-08-17 17:13","ServerCnxnFactory.java","185188","256464","441652"
"2019-06-07 14:13","ServerCnxnFactory.java","185188","242568","427756"
"2019-07-03 00:44","ServerCnxnFactory.java","185188","244477","429665"
"2015-03-17 18:06","ServerCnxnFactory.java","13255","44612","57867"
"2015-03-28 20:08","ServerCnxnFactory.java","13283","45629","58912"
"2016-05-02 18:15","ServerCnxnFactory.java","17935","53911","71846"
"2012-12-19 19:07","ServerCnxnFactory.java","821","2017","2838"
"2013-10-05 00:57","ServerCnxnFactory.java","2632","10604","13236"
"2019-11-14 03:54","ServerCnxnFactory.java","186361","264450","450811"
"2019-11-11 13:59","ServerCnxnFactory.java","186361","263851","450212"
"2017-04-19 01:19","ServerCnxnFactory.java","21461","60846","82307"
"2018-10-24 04:03","ServerCnxnFactory.java","166951","235329","402280"
"2013-03-07 07:01","ServerCnxnFactory.java","1524","6961","8485"
"2014-07-18 02:19","ServerCnxnFactory.java","11457","35645","47102"
"2019-02-13 13:12","ServerCnxnFactory.java","186254","235280","421534"
"2017-10-07 21:22","ServerCnxnFactory.java","23287","62552","85839"
"2019-08-17 17:13","ServerCnxnFactory.java","186333","256413","442746"
"2019-06-07 14:13","ServerCnxnFactory.java","186333","242517","428850"
"2019-07-03 00:44","ServerCnxnFactory.java","186333","244426","430759"
"2015-03-17 18:06","ServerCnxnFactory.java","12487","42648","55135"
"2015-03-28 20:08","ServerCnxnFactory.java","12519","43669","56188"
"2016-05-02 18:15","ServerCnxnFactory.java","17436","52216","69652"
"2019-08-17 17:13","WatchLeakTest.java","218914","255966","474880"
"2019-05-20 17:18","WatchLeakTest.java","218896","240739","459635"
"2019-11-21 05:58","WatchLeakTest.java","220459","260678","481137"
"2019-08-17 17:13","ZooKeeperServerConf.java","210259","256151","466410"
"2019-02-13 13:12","ZooKeeperServerConf.java","210170","235008","445178"
"2019-01-31 15:55","GetConfigCommand.java","221735","233428","455163"
"2019-08-17 17:13","GetConfigCommand.java","221853","255887","477740"
"2019-08-17 17:13","ZooKeeperServerListener.java","215122","256089","471211"
"2019-08-17 17:13","ClientRetryTest.java","217280","256074","473354"
"2020-03-19 17:09","Learner.java","211700","269581","481281"
"2020-02-03 04:30","Learner.java","211700","268076","479776"
"2020-01-23 13:43","Learner.java","211700","267519","479219"
"2017-07-04 07:39","Learner.java","14122","29189","43311"
"2020-03-25 03:38","Learner.java","211700","270377","482077"
"2015-03-15 08:54","Learner.java","1505","6542","8047"
"2019-11-28 12:24","Learner.java","211699","262497","474196"
"2019-12-27 22:33","Learner.java","211699","266269","477968"
"2020-01-25 18:48","Learner.java","211700","267709","479409"
"2020-05-03 19:43","Learner.java","211700","271313","483013"
"2016-08-13 15:01","Learner.java","8242","20499","28741"
"2019-10-10 14:37","Learner.java","210259","259904","470163"
"2015-01-25 01:22","Learner.java","1250","5796","7046"
"2019-06-03 19:40","Learner.java","210259","241482","451741"
"2015-03-17 18:06","Learner.java","1635","7608","9243"
"2019-07-15 14:15","Learner.java","210259","251570","461829"
"2019-08-23 19:43","Learner.java","210259","256817","467076"
"2016-09-08 22:59","Learner.java","8625","21130","29755"
"2019-08-17 17:13","Learner.java","210259","256151","466410"
"2017-11-28 00:10","Learner.java","16335","35212","51547"
"2018-05-09 00:54","Learner.java","17031","38036","55067"
"2019-04-09 15:35","Learner.java","210171","236920","447091"
"2019-07-12 17:01","Learner.java","210259","251464","461723"
"2017-07-06 18:48","Learner.java","14132","29471","43603"
"2017-08-18 06:32","Learner.java","15752","30594","46346"
"2019-07-02 07:34","Learner.java","210259","244094","454353"
"2018-10-16 16:22","Learner.java","190492","234781","425273"
"2017-02-12 00:12","Learner.java","12802","27205","40007"
"2018-12-09 03:16","Learner.java","210149","228699","438848"
"2019-11-29 14:49","Learner.java","211699","264148","475847"
"2018-11-27 10:02","Learner.java","210149","226375","436524"
"2018-08-06 14:11","Learner.java","36242","60645","96887"
"2020-03-19 17:09","Learner.java","225391","268869","494260"
"2020-02-03 04:30","Learner.java","225391","267364","492755"
"2020-01-23 13:43","Learner.java","225391","266807","492198"
"2017-07-04 07:39","Learner.java","1473","2137","3610"
"2020-03-25 03:38","Learner.java","225391","269665","495056"
"2019-11-28 12:24","Learner.java","225389","261784","487173"
"2019-12-27 22:33","Learner.java","225390","265557","490947"
"2020-01-25 18:48","Learner.java","225391","266997","492388"
"2020-05-03 19:43","Learner.java","225452","270662","496114"
"2019-10-10 14:37","Learner.java","223776","259018","482794"
"2019-06-03 19:40","Learner.java","223775","240595","464370"
"2019-07-15 14:15","Learner.java","223776","250684","474460"
"2019-08-23 19:43","Learner.java","223776","255931","479707"
"2019-08-17 17:13","Learner.java","223776","255265","479041"
"2017-11-28 00:10","Learner.java","3821","8295","12116"
"2018-05-09 00:54","Learner.java","4687","11289","15976"
"2019-04-09 15:35","Learner.java","223682","236028","459710"
"2019-07-12 17:01","Learner.java","223776","250578","474354"
"2017-07-06 18:48","Learner.java","1497","2433","3930"
"2017-08-18 06:32","Learner.java","3133","3572","6705"
"2019-07-02 07:34","Learner.java","223775","243207","466982"
"2018-10-16 16:22","Learner.java","201886","231772","433658"
"2018-12-09 03:16","Learner.java","223656","227803","451459"
"2019-11-29 14:49","Learner.java","225389","263435","488824"
"2018-11-27 10:02","Learner.java","223656","225479","449135"
"2018-08-06 14:11","Learner.java","25984","35984","61968"
"2019-08-17 17:13","ZooKeeperServerBeanTest.java","220737","255916","476653"
"2017-04-28 07:14","ZooKeeperServerBeanTest.java","9745","14334","24079"
"2019-02-13 13:12","ZooKeeperServerBeanTest.java","220646","234771","455417"
"2019-10-10 14:37","ZooKeeperSaslClient.java","228065","258833","486898"
"2020-02-04 10:39","ZooKeeperSaslClient.java","229836","267335","497171"
"2019-01-31 15:50","ZooKeeperSaslClient.java","227929","232611","460540"
"2019-08-03 08:42","ZooKeeperSaslClient.java","228064","255787","483851"
"2019-08-17 17:13","ZooKeeperSaslClient.java","228064","255079","483143"
"2019-11-28 12:24","DataTree.java","225689","261781","487470"
"2019-10-10 14:37","DataTree.java","224064","259003","483067"
"2019-12-27 22:33","DataTree.java","225690","265554","491244"
"2019-11-11 13:59","DataTree.java","224112","262708","486820"
"2018-07-10 13:29","DataTree.java","14051","21966","36017"
"2018-09-28 23:38","DataTree.java","103565","119306","222871"
"2019-11-08 17:30","DataTree.java","224112","260912","485024"
"2019-01-30 16:28","DataTree.java","223946","232243","456189"
"2019-01-30 17:02","DataTree.java","223946","232787","456733"
"2017-09-11 18:55","DataTree.java","1947","2261","4208"
"2019-02-07 11:26","DataTree.java","223947","233465","457412"
"2018-09-04 11:54","DataTree.java","102716","113373","216089"
"2018-09-05 22:35","DataTree.java","102735","113648","216383"
"2018-12-20 15:17","DataTree.java","223945","228731","452676"
"2019-09-10 09:53","DataTree.java","224064","256299","480363"
"2019-04-12 19:01","DataTree.java","224045","237038","461083"
"2019-07-31 19:06","DataTree.java","224064","254557","478621"
"2019-09-11 10:27","DataTree.java","224064","256606","480670"
"2019-08-01 07:31","DataTree.java","224064","255921","479985"
"2019-08-17 17:13","DataTree.java","224064","255250","479314"
"2019-09-10 15:21","DataTree.java","224064","256293","480357"
"2019-04-12 12:29","DataTree.java","224045","236607","460652"
"2019-08-03 08:42","DataTree.java","224064","255958","480022"
"2019-08-09 16:15","DataTree.java","224064","256706","480770"
"2019-04-29 16:49","DataTree.java","224045","239068","463113"
"2019-08-17 17:13","FourLetterWordsQuorumTest.java","158337","257033","415370"
"2015-03-28 20:08","FourLetterWordsQuorumTest.java","31595","102990","134585"
"2015-07-10 08:19","FourLetterWordsQuorumTest.java","31851","105271","137122"
"2010-07-05 20:20","FourLetterWordsQuorumTest.java","13704","34208","47912"
"2010-03-09 05:44","FourLetterWordsQuorumTest.java","8985","17654","26639"
"2010-03-12 19:26","FourLetterWordsQuorumTest.java","9144","18543","27687"
"2014-01-25 01:17","FourLetterWordsQuorumTest.java","29161","83687","112848"
"2019-10-10 14:37","FourLetterWordsQuorumTest.java","158337","260786","419123"
"2019-10-10 14:37","SessionTrackerImpl.java","31872","52843","84715"
"2019-09-20 10:02","SessionTrackerImpl.java","31250","51388","82638"
"2020-03-26 22:16","SessionTrackerImpl.java","39476","69486","108962"
"2019-09-05 23:12","SessionTrackerImpl.java","30973","49110","80083"
"2019-08-17 17:13","SessionTrackerImpl.java","29757","46975","76732"
"2016-10-07 21:51","Op.java","6482","11533","18015"
"2019-08-17 17:13","Op.java","218393","255978","474371"
"2019-06-26 10:57","Op.java","218392","243827","462219"
"2011-07-01 00:53","PrepRequestProcessor.java","1706","6351","8057"
"2015-02-06 06:17","PrepRequestProcessor.java","20967","71041","92008"
"2012-02-06 10:39","PrepRequestProcessor.java","8313","20728","29041"
"2013-03-07 07:01","PrepRequestProcessor.java","12977","39549","52526"
"2019-02-07 11:26","PrepRequestProcessor.java","178341","235200","413541"
"2019-09-11 10:27","PrepRequestProcessor.java","178405","258288","436693"
"2018-07-19 05:59","PrepRequestProcessor.java","45198","113808","159006"
"2017-09-11 18:55","PrepRequestProcessor.java","27844","88187","116031"
"2019-01-16 14:21","PrepRequestProcessor.java","178340","232847","411187"
"2017-06-01 05:45","PrepRequestProcessor.java","27567","87446","115013"
"2012-04-14 02:32","PrepRequestProcessor.java","10468","24447","34915"
"2019-11-08 17:30","PrepRequestProcessor.java","178405","262546","440951"
"2016-11-13 20:59","PrepRequestProcessor.java","24614","85548","110162"
"2019-04-09 15:35","PrepRequestProcessor.java","178354","237738","416092"
"2019-04-17 14:16","PrepRequestProcessor.java","178406","239005","417411"
"2014-10-28 05:35","PrepRequestProcessor.java","20853","68988","89841"
"2019-05-10 12:22","PrepRequestProcessor.java","178406","241440","419846"
"2017-06-26 00:16","PrepRequestProcessor.java","27627","87784","115411"
"2019-02-07 11:22","PrepRequestProcessor.java","178341","234862","413203"
"2016-11-16 06:21","PrepRequestProcessor.java","24633","86114","110747"
"2019-08-01 07:31","PrepRequestProcessor.java","178405","257603","436008"
"2019-06-26 10:57","PrepRequestProcessor.java","178405","244782","423187"
"2014-01-24 07:18","PrepRequestProcessor.java","13766","49071","62837"
"2015-05-29 19:45","PrepRequestProcessor.java","21258","74123","95381"
"2016-10-07 21:51","PrepRequestProcessor.java","24594","83275","107869"
"2015-06-04 19:51","PrepRequestProcessor.java","21330","74960","96290"
"2019-08-17 17:13","PrepRequestProcessor.java","178405","256932","435337"
"2018-08-08 06:21","PrepRequestProcessor.java","86555","156645","243200"
"2018-05-09 23:57","PrepRequestProcessor.java","28308","95212","123520"
"2015-06-11 20:09","PrepRequestProcessor.java","21344","75100","96444"
"2019-12-27 22:33","PrepRequestProcessor.java","179499","266704","446203"
"2014-04-01 01:47","PrepRequestProcessor.java","14140","50708","64848"
"2019-10-10 14:37","PrepRequestProcessor.java","178405","260685","439090"
"2020-03-25 03:38","PrepRequestProcessor.java","179499","270811","450310"
"2011-08-15 02:35","PrepRequestProcessor.java","1707","10919","12626"
"2014-07-25 01:31","PrepRequestProcessor.java","20754","66813","87567"
"2013-10-09 22:21","PrepRequestProcessor.java","13596","45363","58959"
"2011-09-17 02:36","PrepRequestProcessor.java","5033","16472","21505"
"2014-04-29 02:23","PrepRequestProcessor.java","19828","58398","78226"
"2015-03-08 23:07","PrepRequestProcessor.java","21015","71263","92278"
"2014-07-22 06:51","PrepRequestProcessor.java","20703","66573","87276"
"2012-03-15 17:47","PrepRequestProcessor.java","8385","22013","30398"
"2011-11-01 15:41","PrepRequestProcessor.java","7129","17360","24489"
"2011-10-28 00:58","PrepRequestProcessor.java","7002","17071","24073"
"2011-10-20 20:02","PrepRequestProcessor.java","6751","16601","23352"
"2011-10-17 16:59","PrepRequestProcessor.java","5104","16362","21466"
"2018-06-15 07:41","PrepRequestProcessor.java","28330","95986","124316"
"2012-12-19 19:16","PrepRequestProcessor.java","12465","34481","46946"
"2011-11-14 20:18","PrepRequestProcessor.java","7131","17997","25128"
"2019-10-10 14:37","BlueThrottle.java","3717","7470","11187"
"2019-09-05 23:12","BlueThrottle.java","1438","2357","3795"
"2020-01-28 17:26","SnapshotDigestTest.java","35031","46122","81153"
"2019-09-10 15:21","SnapshotDigestTest.java","26338","28074","54412"
"2019-08-17 17:13","SnapshotDigestTest.java","24762","25455","50217"
"2019-08-17 17:13","BlueThrottleTest.java","30071","53344","83415"
"2019-09-05 23:12","BlueThrottleTest.java","31274","55466","86740"
"2011-04-29 18:12","QuorumCnxManager.java","118","453","571"
"2011-12-28 01:26","QuorumCnxManager.java","7901","19519","27420"
"2019-11-29 14:49","QuorumCnxManager.java","179499","264583","444082"
"2013-03-07 07:01","QuorumCnxManager.java","12977","39549","52526"
"2018-07-11 06:04","QuorumCnxManager.java","35971","103924","139895"
"2018-08-06 14:11","QuorumCnxManager.java","45271","114997","160268"
"2012-06-29 22:08","QuorumCnxManager.java","10811","25588","36399"
"2018-10-16 16:22","QuorumCnxManager.java","147149","236761","383910"
"2019-06-14 09:06","QuorumCnxManager.java","178405","244930","423335"
"2019-08-03 08:42","QuorumCnxManager.java","178405","257640","436045"
"2019-11-13 20:41","QuorumCnxManager.java","178405","264651","443056"
"2019-04-09 16:08","QuorumCnxManager.java","178354","237737","416091"
"2019-08-06 12:52","QuorumCnxManager.java","178405","257905","436310"
"2017-02-09 11:40","QuorumCnxManager.java","25251","88227","113478"
"2019-05-20 23:13","QuorumCnxManager.java","178406","241805","420211"
"2015-04-09 20:16","QuorumCnxManager.java","21114","73473","94587"
"2017-08-23 02:16","QuorumCnxManager.java","27736","88016","115752"
"2019-07-27 20:04","QuorumCnxManager.java","178405","253463","431868"
"2015-05-29 23:46","QuorumCnxManager.java","21261","74136","95397"
"2015-05-14 07:10","QuorumCnxManager.java","21225","73804","95029"
"2020-03-12 14:47","QuorumCnxManager.java","179499","269969","449468"
"2019-08-17 17:13","QuorumCnxManager.java","178405","256932","435337"
"2017-11-28 00:10","QuorumCnxManager.java","27966","92166","120132"
"2019-10-10 14:37","QuorumCnxManager.java","178405","260685","439090"
"2014-07-23 19:36","QuorumCnxManager.java","20703","66629","87332"
"2017-06-09 18:37","QuorumCnxManager.java","27566","87550","115116"
"2020-01-23 13:43","QuorumCnxManager.java","179499","267953","447452"
"2014-03-23 04:12","QuorumCnxManager.java","13945","49887","63832"
"2014-07-08 05:25","QuorumCnxManager.java","20403","62059","82462"
"2019-11-28 12:24","QuorumCnxManager.java","179499","262932","442431"
"2014-06-25 15:04","QuorumCnxManager.java","20006","60026","80032"
"2011-08-15 02:44","QuorumCnxManager.java","1709","10934","12643"
"2016-06-08 17:43","QuorumCnxManager.java","24094","80501","104595"
"2020-03-23 16:20","QuorumCnxManager.java","179499","270140","449639"
"2020-02-16 10:25","QuorumCnxManager.java","179499","268666","448165"
"2014-07-22 06:45","QuorumCnxManager.java","20701","66552","87253"
"2018-07-27 12:32","QuorumCnxManager.java","45232","114346","159578"
"2019-10-10 14:37","BlueThrottle.java","2326","5160","7486"
"2019-12-28 16:17","FollowerResyncConcurrencyTest.java","6611","11443","18054"
"2019-11-08 17:30","FinalRequestProcessor.java","84482","263320","347802"
"2019-07-08 23:26","FinalRequestProcessor.java","84482","246482","330964"
"2019-01-16 23:23","FinalRequestProcessor.java","84455","233659","318114"
"2018-09-18 01:00","FinalRequestProcessor.java","53516","215030","268546"
"2019-04-12 19:01","FinalRequestProcessor.java","84483","239514","323997"
"2019-02-07 11:26","FinalRequestProcessor.java","84455","236011","320466"
"2019-01-14 19:38","FinalRequestProcessor.java","84455","232971","317426"
"2013-03-07 07:01","FinalRequestProcessor.java","19026","133916","152942"
"2019-01-09 17:22","FinalRequestProcessor.java","84455","235651","320106"
"2011-07-01 00:53","FinalRequestProcessor.java","15624","114966","130590"
"2015-06-04 19:51","FinalRequestProcessor.java","20920","162868","183788"
"2009-06-26 22:29","FinalRequestProcessor.java","10512","67792","78304"
"2019-09-10 04:26","FinalRequestProcessor.java","84482","258751","343233"
"2019-08-17 17:13","FinalRequestProcessor.java","84482","257706","342188"
"2016-10-07 21:51","FinalRequestProcessor.java","21483","168482","189965"
"2014-01-24 07:18","FinalRequestProcessor.java","19179","142802","161981"
"2019-06-26 10:57","FinalRequestProcessor.java","84482","245556","330038"
"2019-08-01 07:28","FinalRequestProcessor.java","84482","257887","342369"
"2019-07-03 00:44","FinalRequestProcessor.java","84482","245719","330201"
"2016-03-23 00:30","FinalRequestProcessor.java","21236","164728","185964"
"2019-08-06 17:11","FinalRequestProcessor.java","84482","258807","343289"
"2015-03-17 18:06","FinalRequestProcessor.java","20862","160476","181338"
"2018-07-10 12:46","FinalRequestProcessor.java","28240","184524","212764"
"2009-01-16 00:48","FinalRequestProcessor.java","7245","12884","20129"
"2008-12-22 23:23","FinalRequestProcessor.java","3480","10002","13482"
"2010-01-25 04:28","FinalRequestProcessor.java","13000","87119","100119"
"2020-03-25 03:38","FinalRequestProcessor.java","84938","270947","355885"
"2019-09-16 23:26","FinalRequestProcessor.java","84482","260725","345207"
"2019-10-10 14:37","FinalRequestProcessor.java","84482","261459","345941"
"2009-11-07 01:48","FinalRequestProcessor.java","12205","74813","87018"
"2009-10-31 00:09","FinalRequestProcessor.java","12030","74233","86263"
"2010-01-26 01:17","FinalRequestProcessor.java","13034","87562","100596"
"2009-11-12 20:53","FinalRequestProcessor.java","12268","75463","87731"
"2019-11-21 05:58","FinalRequestProcessor.java","84938","261329","346267"
"2019-11-18 09:05","FinalRequestProcessor.java","84938","261306","346244"
"2012-12-19 19:16","FinalRequestProcessor.java","18754","129088","147842"
"2011-10-20 20:02","FinalRequestProcessor.java","17592","115760","133352"
"2011-04-12 09:14","FinalRequestProcessor.java","15137","109834","124971"
"2011-10-28 18:59","FinalRequestProcessor.java","17647","116066","133713"
"2019-11-11 13:59","FinalRequestProcessor.java","84482","265116","349598"
"2020-03-26 22:12","FinalRequestProcessor.java","84938","270949","355887"
"2014-04-17 08:47","FinalRequestProcessor.java","20531","146713","167244"
"2014-04-29 02:23","FinalRequestProcessor.java","20533","147421","167954"
"2010-03-19 07:46","FinalRequestProcessor.java","13285","97551","110836"
"2010-08-18 08:24","FinalRequestProcessor.java","14299","117951","132250"
"2013-10-09 22:21","FinalRequestProcessor.java","19135","139220","158355"
"2011-09-14 08:56","FinalRequestProcessor.java","13587","115904","129491"
"2019-08-17 17:13","FourLetterWordsQuorumTest.java","147158","257187","404345"
"2015-03-28 20:08","FourLetterWordsQuorumTest.java","31533","113961","145494"
"2015-07-10 08:19","FourLetterWordsQuorumTest.java","31806","116259","148065"
"2010-07-05 20:20","FourLetterWordsQuorumTest.java","15028","46865","61893"
"2010-03-09 05:44","FourLetterWordsQuorumTest.java","10662","30664","41326"
"2010-03-12 19:26","FourLetterWordsQuorumTest.java","10787","31519","42306"
"2014-01-25 01:17","FourLetterWordsQuorumTest.java","29260","94819","124079"
"2010-01-26 01:17","FourLetterWordsQuorumTest.java","3088","14421","17509"
"2019-10-10 14:37","FourLetterWordsQuorumTest.java","147158","260940","408098"
"2014-02-12 17:00","LearnerHandler.java","15343","135515","150858"
"2014-03-23 04:12","LearnerHandler.java","15439","135998","151437"
"2010-01-25 04:28","LearnerHandler.java","8351","76831","85182"
"2019-10-10 14:37","LearnerHandler.java","90121","261459","351580"
"2015-06-05 20:38","LearnerHandler.java","17158","155408","172566"
"2015-06-05 20:51","LearnerHandler.java","17158","155435","172593"
"2015-06-12 23:02","LearnerHandler.java","17160","155535","172695"
"2009-08-25 07:45","LearnerHandler.java","5584","59662","65246"
"2010-03-11 15:05","LearnerHandler.java","8648","86557","95205"
"2009-10-30 17:19","LearnerHandler.java","7078","62792","69870"
"2009-11-30 13:03","LearnerHandler.java","7751","72668","80419"
"2011-04-12 09:14","LearnerHandler.java","10870","99928","110798"
"2013-09-26 14:05","LearnerHandler.java","15219","128700","143919"
"2009-04-24 20:26","LearnerHandler.java","3899","27771","31670"
"2019-07-03 20:54","LearnerHandler.java","90121","245700","335821"
"2011-09-14 08:56","LearnerHandler.java","9527","108143","117670"
"2011-08-30 08:37","LearnerHandler.java","9443","106850","116293"
"2010-07-29 23:10","LearnerHandler.java","9585","102408","111993"
"2011-09-17 02:36","LearnerHandler.java","12070","108126","120196"
"2012-04-23 01:20","LearnerHandler.java","14198","113549","127747"
"2013-06-28 23:22","LearnerHandler.java","15223","128274","143497"
"2018-09-18 01:00","LearnerHandler.java","52880","210693","263573"
"2010-11-04 17:01","LearnerHandler.java","10037","138132","148169"
"2012-02-06 09:40","LearnerHandler.java","13868","110893","124761"
"2013-05-14 14:27","LearnerHandler.java","15113","126427","141540"
"2018-08-03 18:52","LearnerHandler.java","26324","180561","206885"
"2011-01-22 20:38","LearnerHandler.java","10471","140664","151135"
"2018-12-09 03:16","LearnerHandler.java","90094","230337","320431"
"2019-04-12 19:01","LearnerHandler.java","90122","239514","329636"
"2013-03-07 07:01","LearnerHandler.java","15099","126288","141387"
"2009-11-18 20:06","LearnerHandler.java","7712","72299","80011"
"2017-11-28 00:10","LearnerHandler.java","19978","168795","188773"
"2019-06-29 00:33","LearnerHandler.java","90121","245693","335814"
"2013-05-11 15:35","LearnerHandler.java","15099","126336","141435"
"2019-07-25 21:41","LearnerHandler.java","90121","254189","344310"
"2019-08-23 19:43","LearnerHandler.java","90121","258372","348493"
"2019-08-17 17:13","LearnerHandler.java","90121","257706","347827"
"2009-06-18 18:37","LearnerHandler.java","4671","48749","53420"
"2009-06-26 22:29","LearnerHandler.java","5276","56917","62193"
"2009-06-15 22:52","LearnerHandler.java","4422","47429","51851"
"2017-06-26 00:16","LearnerHandler.java","19867","164641","184508"
"2017-08-03 20:28","LearnerHandler.java","19891","164313","184204"
"2012-07-29 07:02","LearnerHandler.java","14220","114974","129194"
"2019-05-06 17:48","LearnerHandler.java","90122","242020","332142"
"2019-08-03 08:42","LearnerHandler.java","90121","258414","348535"
"2019-04-22 19:15","LearnerHandler.java","90122","240489","330611"
"2009-02-20 01:23","LearnerHandler.java","2703","16310","19013"
"2011-06-14 07:14","LearnerHandler.java","10937","101945","112882"
"2019-04-10 13:19","FileSnap.java","178406","238201","416607"
"2019-07-31 19:06","FileSnap.java","178405","256239","434644"
"2020-01-30 09:43","FileSnap.java","179499","268500","447999"
"2019-05-27 10:54","FileSnap.java","178406","242253","420659"
"2017-06-26 00:07","FileSnap.java","27621","87784","115405"
"2017-08-18 06:32","FileSnap.java","27724","87889","115613"
"2019-08-17 17:13","FileSnap.java","178405","256932","435337"
"2018-02-14 21:23","FileSnap.java","28156","93391","121547"
"2019-12-03 19:12","FileSnap.java","179499","264641","444140"
"2019-12-27 22:33","FileSnap.java","179499","266704","446203"
"2019-10-10 14:37","FileSnap.java","178405","260685","439090"
"2020-01-28 17:26","FileSnap.java","179499","268424","447923"
"2017-01-23 02:13","FileSnap.java","25192","88076","113268"
"2010-01-25 04:28","AsyncOps.java","11521","79118","90639"
"2014-06-25 19:06","AsyncOps.java","19739","143986","163725"
"2009-10-31 00:09","AsyncOps.java","10509","66190","76699"
"2012-12-19 19:16","AsyncOps.java","17874","123590","141464"
"2014-03-23 22:03","AsyncOps.java","18461","138109","156570"
"2010-03-31 06:26","AsyncOps.java","12600","90263","102863"
"2019-06-03 19:40","AsyncOps.java","91004","243037","334041"
"2019-08-17 17:13","AsyncOps.java","91004","257706","348710"
"2019-12-27 22:33","TxnLog.java","225824","265554","491378"
"2018-06-08 16:52","TxnLog.java","3624","11114","14738"
"2019-05-14 17:11","TxnLog.java","224179","239898","464077"
"2019-08-17 17:13","TxnLog.java","224198","255250","479448"
"2019-04-12 19:06","TxnLog.java","224179","237028","461207"
"2019-08-17 17:13","WorkerService.java","29523","44192","73715"
"2018-09-15 00:08","ZooKeeperServer.java","100536","105423","205959"
"2019-04-12 19:01","ZooKeeperServer.java","231252","236618","467870"
"2019-07-31 19:06","ZooKeeperServer.java","231289","254155","485444"
"2019-09-11 10:27","ZooKeeperServer.java","231290","256205","487495"
"2019-01-14 19:38","ZooKeeperServer.java","231140","229991","461131"
"2019-01-07 15:34","ZooKeeperServer.java","231140","229592","460732"
"2018-11-21 17:56","ZooKeeperServer.java","231136","222785","453921"
"2019-02-13 13:12","ZooKeeperServer.java","231170","233675","464845"
"2018-07-19 05:59","ZooKeeperServer.java","21300","22254","43554"
"2018-09-18 01:00","ZooKeeperServer.java","100653","106193","206846"
"2019-03-04 08:07","ZooKeeperServer.java","231171","234253","465424"
"2019-07-08 23:26","ZooKeeperServer.java","231288","243623","474911"
"2019-01-23 14:00","ZooKeeperServer.java","231142","231428","462570"
"2019-02-13 13:19","ZooKeeperServer.java","231170","233961","465131"
"2019-05-14 17:11","ZooKeeperServer.java","231269","239495","470764"
"2019-06-04 10:55","ZooKeeperServer.java","231288","240331","471619"
"2019-04-09 15:35","ZooKeeperServer.java","231173","235589","466762"
"2019-08-03 08:42","ZooKeeperServer.java","231289","255556","486845"
"2019-05-15 11:56","ZooKeeperServer.java","231269","239582","470851"
"2019-05-22 11:39","ZooKeeperServer.java","231271","240030","471301"
"2019-04-22 19:15","ZooKeeperServer.java","231252","237593","468845"
"2019-09-10 04:26","ZooKeeperServer.java","231290","255894","487184"
"2019-08-17 17:13","ZooKeeperServer.java","231289","254848","486137"
"2019-09-05 23:12","ZooKeeperServer.java","231290","255768","487058"
"2019-09-10 15:21","ZooKeeperServer.java","231290","255892","487182"
"2019-08-01 07:31","ZooKeeperServer.java","231289","255519","486808"
"2019-08-01 07:28","ZooKeeperServer.java","231289","255029","486318"
"2019-06-03 19:40","ZooKeeperServer.java","231288","240178","471466"
"2019-11-23 17:08","ZooKeeperServer.java","233225","261485","494710"
"2019-10-09 16:49","ZooKeeperServer.java","231290","258435","489725"
"2019-07-03 00:44","ZooKeeperServer.java","231288","242860","474148"
"2019-07-24 18:00","ZooKeeperServer.java","231289","251303","482592"
"2018-08-08 06:21","ZooKeeperServer.java","69321","71755","141076"
"2019-12-27 22:33","ZooKeeperServer.java","233226","265463","498689"
"2018-09-11 00:17","ZooKeeperServer.java","100504","103842","204346"
"2019-11-18 09:05","ZooKeeperServer.java","233225","259928","493153"
"2019-10-10 14:37","ZooKeeperServer.java","231290","258602","489892"
"2019-09-16 23:26","ZooKeeperServer.java","231290","257868","489158"
"2019-12-03 10:01","ZooKeeperServer.java","233225","263387","496612"
"2020-03-25 03:38","ZooKeeperServer.java","233227","269571","502798"
"2019-11-28 12:24","ZooKeeperServer.java","233225","261690","494915"
"2019-11-06 15:21","ZooKeeperServer.java","231338","258866","490204"
"2020-04-12 11:14","ZooKeeperServer.java","233288","270385","503673"
"2018-07-28 04:37","ZooKeeperServer.java","21437","22967","44404"
"2019-04-18 19:17","ZooKeeperServer.java","231252","237328","468580"
"2014-06-25 15:04","FastLeaderElection.java","11806","35479","47285"
"2018-12-06 10:56","FastLeaderElection.java","181501","226897","408398"
"2014-07-08 05:25","FastLeaderElection.java","12638","37947","50585"
"2014-07-18 20:48","FastLeaderElection.java","12930","42365","55295"
"2014-03-23 04:12","FastLeaderElection.java","5095","24690","29785"
"2019-10-10 14:37","FastLeaderElection.java","181596","260217","441813"
"2013-10-21 23:36","FastLeaderElection.java","4526","20309","24835"
"2019-09-30 23:22","FastLeaderElection.java","181596","259844","441440"
"2014-07-20 04:50","FastLeaderElection.java","12964","42461","55425"
"2020-04-07 09:07","FastLeaderElection.java","182908","271150","454058"
"2019-01-18 03:42","FastLeaderElection.java","181503","232396","413899"
"2017-09-11 18:55","FastLeaderElection.java","24047","68043","92090"
"2013-03-07 07:01","FastLeaderElection.java","3190","13415","16605"
"2018-08-29 06:26","FastLeaderElection.java","103091","157370","260461"
"2015-02-06 06:17","FastLeaderElection.java","13623","47350","60973"
"2018-04-30 06:34","FastLeaderElection.java","24941","74919","99860"
"2019-08-17 17:13","FastLeaderElection.java","181596","256464","438060"
"2019-08-02 20:08","FastLeaderElection.java","181596","257245","438841"
"2017-01-13 19:29","FastLeaderElection.java","20024","66360","86384"
"2019-08-03 08:42","FastLeaderElection.java","181596","257172","438768"
"2019-11-29 14:49","QuorumUtil.java","178223","264528","442751"
"2013-03-07 07:01","QuorumUtil.java","10503","25608","36111"
"2019-08-17 17:13","QuorumUtil.java","177002","256750","433752"
"2020-03-12 14:47","QuorumUtil.java","178223","269914","448137"
"2019-07-12 17:01","QuorumUtil.java","177002","252063","429065"
"2012-12-11 08:42","QuorumUtil.java","8683","17129","25812"
"2014-01-16 23:59","QuorumUtil.java","11460","33673","45133"
"2019-10-10 14:37","QuorumUtil.java","177002","260503","437505"
"2014-05-18 05:49","QuorumUtil.java","17784","45351","63135"
"2013-10-09 22:21","QuorumUtil.java","11263","31563","42826"
"2013-09-26 14:05","QuorumUtil.java","10924","28321","39245"
"2019-08-17 17:13","Shell.java","177112","256904","434016"
"2015-11-21 22:18","Shell.java","23613","67841","91454"
"2015-02-06 06:17","Shell.java","21938","60589","82527"
"2018-08-06 14:11","Shell.java","48993","107296","156289"
"2013-03-07 07:01","KeeperException.java","12840","38593","51433"
"2011-07-01 00:53","KeeperException.java","1520","5346","6866"
"2012-02-06 09:56","KeeperException.java","7940","19533","27473"
"2014-01-24 07:18","KeeperException.java","13642","48128","61770"
"2019-08-17 17:13","KeeperException.java","179202","256910","436112"
"2014-04-30 04:30","KeeperException.java","19715","57480","77195"
"2019-07-24 18:00","KeeperException.java","179202","253365","432567"
"2016-11-13 20:59","KeeperException.java","24609","84724","109333"
"2017-07-28 00:36","KeeperException.java","27670","86631","114301"
"2020-03-25 03:38","KeeperException.java","180296","270789","451085"
"2018-07-27 05:16","KeeperException.java","45245","113348","158593"
"2013-10-09 22:21","KeeperException.java","13469","44417","57886"
"2019-10-10 14:37","QuorumPeerMain.java","131664","261253","392917"
"2010-03-13 01:06","QuorumPeerMain.java","14226","50776","65002"
"2020-01-23 13:43","QuorumPeerMain.java","132303","268066","400369"
"2019-11-28 12:24","QuorumPeerMain.java","132303","263045","395348"
"2012-03-06 09:20","QuorumPeerMain.java","26011","82609","108620"
"2010-08-18 08:24","QuorumPeerMain.java","18292","74556","92848"
"2013-10-09 22:21","QuorumPeerMain.java","27645","103180","130825"
"2011-09-02 22:50","QuorumPeerMain.java","21252","78222","99474"
"2020-02-16 10:25","QuorumPeerMain.java","132303","268779","401082"
"2019-04-18 19:17","QuorumPeerMain.java","131664","240017","371681"
"2011-04-12 09:14","QuorumPeerMain.java","22700","70009","92709"
"2019-11-11 13:59","QuorumPeerMain.java","131664","264910","396574"
"2019-04-12 19:01","QuorumPeerMain.java","131664","239307","370971"
"2018-09-11 15:23","QuorumPeerMain.java","83637","199346","282983"
"2017-02-13 22:09","QuorumPeerMain.java","32698","136192","168890"
"2014-07-18 02:19","QuorumPeerMain.java","29458","118549","148007"
"2018-08-06 14:11","QuorumPeerMain.java","44828","158322","203150"
"2012-04-23 01:20","QuorumPeerMain.java","26353","84855","111208"
"2017-07-28 00:36","QuorumPeerMain.java","33111","136659","169770"
"2019-08-17 17:13","QuorumPeerMain.java","131664","257500","389164"
"2015-03-17 18:06","QuorumPeerMain.java","29677","124741","154418"
"2017-11-28 00:10","QuorumPeerMain.java","33260","141228","174488"
"2020-01-30 09:43","PurgeTxnTest.java","8319","15040","23359"
"2020-03-03 10:53","PurgeTxnTest.java","10078","18066","28144"
"2020-01-31 12:01","PurgeTxnTest.java","8319","15040","23359"
"2015-02-06 06:17","PrepRequestProcessor.java","16059","55902","71961"
"2012-02-06 10:39","PrepRequestProcessor.java","1558","3742","5300"
"2013-03-07 07:01","PrepRequestProcessor.java","7395","23736","31131"
"2019-02-07 11:26","PrepRequestProcessor.java","175600","234916","410516"
"2019-09-11 10:27","PrepRequestProcessor.java","175675","258015","433690"
"2018-07-19 05:59","PrepRequestProcessor.java","44570","102949","147519"
"2017-09-11 18:55","PrepRequestProcessor.java","25735","75847","101582"
"2019-01-16 14:21","PrepRequestProcessor.java","175599","232563","408162"
"2017-06-01 05:45","PrepRequestProcessor.java","24848","74496","99344"
"2012-04-14 02:32","PrepRequestProcessor.java","3799","7547","11346"
"2019-11-08 17:30","PrepRequestProcessor.java","175703","262301","438004"
"2016-11-13 20:59","PrepRequestProcessor.java","21352","72055","93407"
"2019-04-09 15:35","PrepRequestProcessor.java","175618","237459","413077"
"2019-04-17 14:16","PrepRequestProcessor.java","175675","238731","414406"
"2014-10-28 05:35","PrepRequestProcessor.java","15883","53787","69670"
"2019-05-10 12:22","PrepRequestProcessor.java","175675","241166","416841"
"2017-06-26 00:16","PrepRequestProcessor.java","25069","74995","100064"
"2019-02-07 11:22","PrepRequestProcessor.java","175600","234578","410178"
"2016-11-16 06:21","PrepRequestProcessor.java","21381","72631","94012"
"2019-08-01 07:31","PrepRequestProcessor.java","175675","257330","433005"
"2019-06-26 10:57","PrepRequestProcessor.java","175675","244509","420184"
"2014-01-24 07:18","PrepRequestProcessor.java","8429","33503","41932"
"2015-05-29 19:45","PrepRequestProcessor.java","16420","59054","75474"
"2016-10-07 21:51","PrepRequestProcessor.java","21331","69781","91112"
"2015-06-04 19:51","PrepRequestProcessor.java","16539","59938","76477"
"2019-08-17 17:13","PrepRequestProcessor.java","175675","256659","432334"
"2018-08-08 06:21","PrepRequestProcessor.java","86091","145950","232041"
"2018-05-09 23:57","PrepRequestProcessor.java","26558","83231","109789"
"2015-06-11 20:09","PrepRequestProcessor.java","16553","60078","76631"
"2019-12-27 22:33","PrepRequestProcessor.java","176980","266642","443622"
"2014-04-01 01:47","PrepRequestProcessor.java","8881","35218","44099"
"2019-10-10 14:37","PrepRequestProcessor.java","175675","260412","436087"
"2020-03-25 03:38","PrepRequestProcessor.java","176980","270749","447729"
"2014-07-25 01:31","PrepRequestProcessor.java","15729","51557","67286"
"2013-10-09 22:21","PrepRequestProcessor.java","8190","29726","37916"
"2014-04-29 02:23","PrepRequestProcessor.java","14685","43024","57709"
"2015-03-08 23:07","PrepRequestProcessor.java","16117","56134","72251"
"2014-07-22 06:51","PrepRequestProcessor.java","15671","51310","66981"
"2012-03-15 17:47","PrepRequestProcessor.java","1661","5058","6719"
"2018-06-15 07:41","PrepRequestProcessor.java","26608","84033","110641"
"2012-12-19 19:16","PrepRequestProcessor.java","6135","17920","24055"
"2011-11-14 20:18","PrepRequestProcessor.java","55","690","745"
"2020-03-26 22:20","BaseSysTest.java","36105","53832","89937"
"2015-02-06 06:17","PrepRequestProcessor.java","16156","56161","72317"
"2012-02-06 10:39","PrepRequestProcessor.java","1746","4092","5838"
"2013-03-07 07:01","PrepRequestProcessor.java","7624","24127","31751"
"2019-02-07 11:26","PrepRequestProcessor.java","175438","234916","410354"
"2019-09-11 10:27","PrepRequestProcessor.java","175513","258015","433528"
"2018-07-19 05:59","PrepRequestProcessor.java","44563","103104","147667"
"2017-09-11 18:55","PrepRequestProcessor.java","25763","76037","101800"
"2019-01-16 14:21","PrepRequestProcessor.java","175437","232563","408000"
"2017-06-01 05:45","PrepRequestProcessor.java","24876","74686","99562"
"2012-04-14 02:32","PrepRequestProcessor.java","3986","7896","11882"
"2019-11-08 17:30","PrepRequestProcessor.java","175541","262301","437842"
"2016-11-13 20:59","PrepRequestProcessor.java","21396","72261","93657"
"2019-04-09 15:35","PrepRequestProcessor.java","175456","237459","412915"
"2019-04-17 14:16","PrepRequestProcessor.java","175513","238731","414244"
"2014-10-28 05:35","PrepRequestProcessor.java","15983","54049","70032"
"2019-05-10 12:22","PrepRequestProcessor.java","175513","241166","416679"
"2017-06-26 00:16","PrepRequestProcessor.java","25097","75185","100282"
"2019-02-07 11:22","PrepRequestProcessor.java","175438","234578","410016"
"2016-11-16 06:21","PrepRequestProcessor.java","21425","72837","94262"
"2019-08-01 07:31","PrepRequestProcessor.java","175513","257330","432843"
"2019-06-26 10:57","PrepRequestProcessor.java","175513","244509","420022"
"2014-01-24 07:18","PrepRequestProcessor.java","8647","33883","42530"
"2015-05-29 19:45","PrepRequestProcessor.java","16477","59273","75750"
"2016-10-07 21:51","PrepRequestProcessor.java","21375","69987","91362"
"2015-06-04 19:51","PrepRequestProcessor.java","16594","60155","76749"
"2019-08-17 17:13","PrepRequestProcessor.java","175513","256659","432172"
"2018-08-08 06:21","PrepRequestProcessor.java","86078","146099","232177"
"2018-05-09 23:57","PrepRequestProcessor.java","26580","83415","109995"
"2015-06-11 20:09","PrepRequestProcessor.java","16608","60295","76903"
"2019-12-27 22:33","PrepRequestProcessor.java","176818","266642","443460"
"2014-04-01 01:47","PrepRequestProcessor.java","9099","35598","44697"
"2019-10-10 14:37","PrepRequestProcessor.java","175513","260412","435925"
"2020-03-25 03:38","PrepRequestProcessor.java","176818","270749","447567"
"2014-07-25 01:31","PrepRequestProcessor.java","15829","51819","67648"
"2013-10-09 22:21","PrepRequestProcessor.java","8408","30106","38514"
"2014-04-29 02:23","PrepRequestProcessor.java","14789","43290","58079"
"2015-03-08 23:07","PrepRequestProcessor.java","16214","56393","72607"
"2014-07-22 06:51","PrepRequestProcessor.java","15775","51576","67351"
"2012-03-15 17:47","PrepRequestProcessor.java","1848","5407","7255"
"2011-11-01 15:41","PrepRequestProcessor.java","189","351","540"
"2018-06-15 07:41","PrepRequestProcessor.java","26630","84217","110847"
"2012-12-19 19:16","PrepRequestProcessor.java","6364","18311","24675"
"2011-11-14 20:18","PrepRequestProcessor.java","243","1040","1283"
"2012-04-23 01:20","HierarchicalQuorumTest.java","21510","97889","119399"
"2014-06-04 22:07","HierarchicalQuorumTest.java","24212","125380","149592"
"2009-11-18 20:06","HierarchicalQuorumTest.java","7631","48346","55977"
"2009-07-17 00:09","HierarchicalQuorumTest.java","4791","33088","37879"
"2009-06-18 18:37","HierarchicalQuorumTest.java","2434","22640","25074"
"2019-08-17 17:13","HierarchicalQuorumTest.java","113845","257558","371403"
"2019-07-12 17:01","HierarchicalQuorumTest.java","113845","252871","366716"
"2010-03-13 01:06","HierarchicalQuorumTest.java","12553","66980","79533"
"2019-10-10 14:37","HierarchicalQuorumTest.java","113845","261311","375156"
"2009-08-11 23:09","HierarchicalQuorumTest.java","5062","34986","40048"
"2009-11-07 01:48","HierarchicalQuorumTest.java","7145","40242","47387"
"2009-09-16 02:09","HierarchicalQuorumTest.java","5531","36243","41774"
"2018-06-26 11:18","HierarchicalQuorumTest.java","28119","157660","185779"
"2011-04-12 09:14","HierarchicalQuorumTest.java","17973","83159","101132"
"2017-05-11 16:59","HierarchicalQuorumTest.java","27788","149228","177016"
"2010-05-05 22:32","HierarchicalQuorumTest.java","13526","67972","81498"
"2010-03-31 06:26","HierarchicalQuorumTest.java","13461","68135","81596"
"2019-02-06 09:46","ZooKeeperTestable.java","214649","233699","448348"
"2019-08-17 17:13","ZooKeeperTestable.java","214757","256104","470861"
"2019-08-17 17:13","CreateTest.java","218914","255966","474880"
"2019-05-14 17:11","SyncRequestProcessor.java","178406","241600","420006"
"2019-06-05 00:46","SyncRequestProcessor.java","178405","242792","421197"
"2019-05-22 11:39","SyncRequestProcessor.java","178406","242133","420539"
"2013-09-30 22:20","SyncRequestProcessor.java","13269","42226","55495"
"2019-06-03 19:40","SyncRequestProcessor.java","178405","242263","420668"
"2019-08-17 17:13","SyncRequestProcessor.java","178405","256932","435337"
"2019-10-10 14:37","SyncRequestProcessor.java","178405","260685","439090"
"2013-10-24 20:41","SyncRequestProcessor.java","13625","46096","59721"
"2020-01-07 20:39","SyncRequestProcessor.java","179499","267079","446578"
"2020-03-25 03:38","SyncRequestProcessor.java","179499","270811","450310"
"2015-03-08 23:07","SyncRequestProcessor.java","21015","71263","92278"
"2019-04-30 18:08","SyncRequestProcessor.java","178406","240769","419175"
"2020-05-04 14:17","FileChangeWatcherTest.java","10943","20918","31861"
"2019-06-26 10:57","PrepRequestProcessorTest.java","218518","243827","462345"
"2019-09-05 23:12","PrepRequestProcessorTest.java","218519","256897","475416"
"2019-08-17 17:13","PrepRequestProcessorTest.java","218519","255978","474497"
"2018-08-08 06:21","PrepRequestProcessorTest.java","82485","98819","181304"
"2019-09-11 10:27","PrepRequestProcessorTest.java","218519","257334","475853"
"2018-09-18 01:00","PrepRequestProcessorTest.java","111773","131213","242986"
"2019-12-27 22:33","PrepRequestProcessorTest.java","220064","266201","486265"
"2019-10-10 14:37","ZKDatabase.java","229260","258829","488089"
"2019-12-27 22:33","ZKDatabase.java","231031","265525","496556"
"2018-04-06 06:04","ZKDatabase.java","15","23","38"
"2018-09-28 23:38","ZKDatabase.java","101607","111978","213585"
"2019-11-08 17:30","ZKDatabase.java","229308","260738","490046"
"2019-05-14 17:11","ZKDatabase.java","229239","239722","468961"
"2018-09-18 01:00","ZKDatabase.java","100906","108703","209609"
"2019-02-07 11:26","ZKDatabase.java","229125","233273","462398"
"2019-04-12 19:01","ZKDatabase.java","229222","236845","466067"
"2018-09-05 22:35","ZKDatabase.java","100755","106298","207053"
"2019-08-17 17:13","ZKDatabase.java","229259","255075","484334"
"2019-09-10 00:27","ZKDatabase.java","229260","256016","485276"
"2019-04-09 15:35","ZKDatabase.java","229149","235822","464971"
"2019-05-06 17:48","LearnerHandlerTest.java","200616","240589","441205"
"2017-11-28 00:10","LearnerHandlerTest.java","23731","52376","76107"
"2019-08-17 17:13","LearnerHandlerTest.java","200632","256292","456924"
"2017-09-11 18:55","LearnerHandlerTest.java","23305","48093","71398"
"2018-12-09 03:16","LearnerHandlerTest.java","200524","228842","429366"
"2019-05-20 17:18","LearnerHandlerTest.java","200616","241067","441683"
"2019-07-03 20:54","LearnerHandlerTest.java","200632","244286","444918"
"2019-10-10 14:37","JMXEnv.java","204462","259907","464369"
"2019-12-27 22:33","JMXEnv.java","205901","266271","472172"
"2015-11-03 08:11","JMXEnv.java","5195","20767","25962"
"2019-01-14 19:38","JMXEnv.java","204353","231337","435690"
"2019-08-17 17:13","JMXEnv.java","204462","256154","460616"
"2019-06-03 19:40","JMXEnv.java","204462","241485","445947"
"2019-06-07 14:13","TruncateTest.java","143983","243594","387577"
"2015-05-14 18:40","TruncateTest.java","32507","118991","151498"
"2019-08-17 17:13","TruncateTest.java","143983","257490","401473"
"2018-05-09 23:57","TruncateTest.java","36603","137128","173731"
"2014-09-27 08:20","TruncateTest.java","32293","113762","146055"
"2019-07-12 17:01","TruncateTest.java","143983","252803","396786"
"2017-08-18 06:32","TruncateTest.java","36331","130117","166448"
"2012-07-17 23:25","TruncateTest.java","28320","78072","106392"
"2010-03-16 22:23","TruncateTest.java","13019","37265","50284"
"2017-09-11 18:55","TruncateTest.java","36398","130362","166760"
"2014-06-30 19:11","TruncateTest.java","31768","106003","137771"
"2016-08-24 01:36","TruncateTest.java","34645","125614","160259"
"2010-03-31 06:26","TruncateTest.java","14512","38980","53492"
"2010-08-18 08:24","TruncateTest.java","17905","61840","79745"
"2017-05-11 16:59","TruncateTest.java","36227","129643","165870"
"2020-01-28 17:26","TruncateTest.java","144623","268528","413151"
"2017-01-07 01:09","TruncateTest.java","34941","131042","165983"
"2010-03-13 01:06","TruncateTest.java","13015","37236","50251"
"2014-02-12 17:00","TruncateTest.java","30232","99408","129640"
"2014-01-03 01:24","TruncateTest.java","30161","97375","127536"
"2009-09-16 02:09","TruncateTest.java","517","1023","1540"
"2014-08-14 08:08","QuorumPeerTestBase.java","13160","43672","56832"
"2014-07-26 04:11","QuorumPeerTestBase.java","13106","43054","56160"
"2014-03-25 22:13","QuorumPeerTestBase.java","5223","25270","30493"
"2016-11-03 16:07","QuorumPeerTestBase.java","19143","62277","81420"
"2019-12-27 22:33","QuorumPeerTestBase.java","182692","266454","449146"
"2019-10-10 14:37","QuorumPeerTestBase.java","181380","260217","441597"
"2016-06-23 23:25","QuorumPeerTestBase.java","18315","58961","77276"
"2014-07-18 20:48","QuorumPeerTestBase.java","12794","42445","55239"
"2014-08-19 22:50","QuorumPeerTestBase.java","13240","43866","57106"
"2019-07-12 17:01","QuorumPeerTestBase.java","181380","251777","433157"
"2017-01-13 19:29","QuorumPeerTestBase.java","19875","66427","86302"
"2015-03-17 18:06","QuorumPeerTestBase.java","13660","48825","62485"
"2019-08-17 17:13","QuorumPeerTestBase.java","181380","256464","437844"
"2017-11-28 00:10","QuorumPeerTestBase.java","24197","72266","96463"
"2014-01-21 04:50","QuorumPeerTestBase.java","4905","22496","27401"
"2017-12-16 01:25","QuorumPeerTestBase.java","24499","72612","97111"
"2014-07-18 02:19","QuorumPeerTestBase.java","12745","41937","54682"
"2013-03-07 07:01","QuorumPeerTestBase.java","3315","13756","17071"
"2018-10-12 10:25","QuorumPeerTestBase.java","162178","232697","394875"
"2018-09-15 00:08","ZooKeeperServer.java","88860","92217","181077"
"2019-04-12 19:01","ZooKeeperServer.java","232096","235932","468028"
"2019-07-31 19:06","ZooKeeperServer.java","232134","253470","485604"
"2019-09-11 10:27","ZooKeeperServer.java","232135","255520","487655"
"2019-01-14 19:38","ZooKeeperServer.java","231979","229300","461279"
"2019-01-07 15:34","ZooKeeperServer.java","231979","228901","460880"
"2018-11-21 17:56","ZooKeeperServer.java","231975","222094","454069"
"2019-02-13 13:12","ZooKeeperServer.java","232014","232989","465003"
"2018-09-18 01:00","ZooKeeperServer.java","88981","92991","181972"
"2019-03-04 08:07","ZooKeeperServer.java","232015","233567","465582"
"2019-07-08 23:26","ZooKeeperServer.java","232133","242938","475071"
"2019-01-23 14:00","ZooKeeperServer.java","231981","230737","462718"
"2019-02-13 13:19","ZooKeeperServer.java","232014","233275","465289"
"2019-05-14 17:11","ZooKeeperServer.java","232113","238809","470922"
"2019-06-04 10:55","ZooKeeperServer.java","232133","239646","471779"
"2019-04-09 15:35","ZooKeeperServer.java","232017","234903","466920"
"2019-08-03 08:42","ZooKeeperServer.java","232134","254871","487005"
"2019-05-15 11:56","ZooKeeperServer.java","232113","238896","471009"
"2019-05-22 11:39","ZooKeeperServer.java","232116","239345","471461"
"2019-04-22 19:15","ZooKeeperServer.java","232096","236907","469003"
"2019-09-10 04:26","ZooKeeperServer.java","232135","255209","487344"
"2019-08-17 17:13","ZooKeeperServer.java","232134","254163","486297"
"2019-09-05 23:12","ZooKeeperServer.java","232135","255083","487218"
"2019-09-10 15:21","ZooKeeperServer.java","232135","255207","487342"
"2019-08-01 07:31","ZooKeeperServer.java","232134","254834","486968"
"2019-08-01 07:28","ZooKeeperServer.java","232134","254344","486478"
"2019-06-03 19:40","ZooKeeperServer.java","232133","239493","471626"
"2019-11-23 17:08","ZooKeeperServer.java","234072","260802","494874"
"2019-10-09 16:49","ZooKeeperServer.java","232135","257750","489885"
"2019-07-03 00:44","ZooKeeperServer.java","232133","242175","474308"
"2019-07-24 18:00","ZooKeeperServer.java","232134","250618","482752"
"2018-08-08 06:21","ZooKeeperServer.java","47903","48807","96710"
"2019-12-27 22:33","ZooKeeperServer.java","234073","264780","498853"
"2018-09-11 00:17","ZooKeeperServer.java","88826","90634","179460"
"2019-11-18 09:05","ZooKeeperServer.java","234072","259245","493317"
"2019-10-10 14:37","ZooKeeperServer.java","232135","257917","490052"
"2019-09-16 23:26","ZooKeeperServer.java","232135","257183","489318"
"2019-12-03 10:01","ZooKeeperServer.java","234072","262704","496776"
"2020-03-25 03:38","ZooKeeperServer.java","234074","268888","502962"
"2019-11-28 12:24","ZooKeeperServer.java","234072","261007","495079"
"2019-11-06 15:21","ZooKeeperServer.java","232183","258181","490364"
"2020-04-12 11:14","ZooKeeperServer.java","234135","269702","503837"
"2019-04-18 19:17","ZooKeeperServer.java","232096","236642","468738"
"2019-04-10 13:19","FileSnap.java","226924","236523","463447"
"2019-07-31 19:06","FileSnap.java","226943","254581","481524"
"2020-01-30 09:43","FileSnap.java","228549","267354","495903"
"2019-05-27 10:54","FileSnap.java","226925","240576","467501"
"2017-06-26 00:07","FileSnap.java","4928","2207","7135"
"2017-08-18 06:32","FileSnap.java","6622","3903","10525"
"2019-08-17 17:13","FileSnap.java","226943","255274","482217"
"2018-02-14 21:23","FileSnap.java","7925","10276","18201"
"2019-12-03 19:12","FileSnap.java","228547","263493","492040"
"2019-12-27 22:33","FileSnap.java","228548","265557","494105"
"2019-10-10 14:37","FileSnap.java","226943","259027","485970"
"2020-01-28 17:26","FileSnap.java","228549","267278","495827"
"2019-08-17 17:13","ZooKeeperServerConf.java","30099","51153","81252"
"2019-11-08 17:30","Request.java","203538","261797","465335"
"2019-01-16 14:21","Request.java","203402","232027","435429"
"2019-04-25 02:11","Request.java","203494","239859","443353"
"2019-07-08 23:26","Request.java","203510","244931","448441"
"2015-02-06 06:17","Request.java","2932","14436","17368"
"2019-02-07 11:26","Request.java","203403","234380","437783"
"2019-08-06 17:11","Request.java","203510","257256","460766"
"2019-08-01 07:28","Request.java","203510","256336","459846"
"2019-06-26 10:57","Request.java","203510","244005","447515"
"2016-10-07 21:51","Request.java","10105","30216","40321"
"2015-06-04 19:51","Request.java","4090","19150","23240"
"2019-08-17 17:13","Request.java","203510","256155","459665"
"2019-04-17 14:16","Request.java","203494","238211","441705"
"2019-05-03 00:44","Request.java","203494","240136","443630"
"2019-06-05 00:46","Request.java","203510","242015","445525"
"2019-05-10 12:22","Request.java","203494","240646","444140"
"2020-03-25 03:38","Request.java","204949","270379","475328"
"2019-09-20 10:06","Request.java","203510","259018","462528"
"2019-09-16 23:26","Request.java","203510","259174","462684"
"2019-12-27 22:33","Request.java","204949","266272","471221"
"2019-11-11 13:59","Request.java","203538","263593","467131"
"2020-05-05 21:20","Request.java","204949","271410","476359"
"2019-08-17 17:13","PurgeTxnTest.java","203849","256154","460003"
"2020-01-30 09:43","PurgeTxnTest.java","205289","268068","473357"
"2016-08-24 01:36","PurgeTxnTest.java","9684","28122","37806"
"2017-01-23 02:13","PurgeTxnTest.java","11086","35060","46146"
"2020-03-03 10:53","PurgeTxnTest.java","205289","269335","474624"
"2020-01-31 12:01","PurgeTxnTest.java","205289","268068","473357"
"2019-10-10 14:37","PurgeTxnTest.java","203849","259907","463756"
"2015-11-08 22:21","PurgeTxnTest.java","5265","21598","26863"
"2019-10-10 14:37","LearnerHandler.java","224192","259003","483195"
"2019-07-03 20:54","LearnerHandler.java","224191","243243","467434"
"2018-09-18 01:00","LearnerHandler.java","102802","115841","218643"
"2018-08-03 18:52","LearnerHandler.java","24671","34134","58805"
"2018-12-09 03:16","LearnerHandler.java","224072","227788","451860"
"2019-04-12 19:01","LearnerHandler.java","224173","237038","461211"
"2017-11-28 00:10","LearnerHandler.java","2423","6466","8889"
"2019-06-29 00:33","LearnerHandler.java","224191","243236","467427"
"2019-07-25 21:41","LearnerHandler.java","224192","251733","475925"
"2019-08-23 19:43","LearnerHandler.java","224192","255916","480108"
"2019-08-17 17:13","LearnerHandler.java","224192","255250","479442"
"2017-08-03 20:28","LearnerHandler.java","1577","1225","2802"
"2019-05-06 17:48","LearnerHandler.java","224173","239544","463717"
"2019-08-03 08:42","LearnerHandler.java","224192","255958","480150"
"2019-04-22 19:15","LearnerHandler.java","224173","238013","462186"
"2018-09-18 01:00","UpgradeableSessionTracker.java","112463","135411","247874"
"2018-08-08 06:21","UpgradeableSessionTracker.java","83378","103220","186598"
"2019-08-17 17:13","UpgradeableSessionTracker.java","215122","256089","471211"
"2019-09-05 23:12","UpgradeableSessionTracker.java","215122","257008","472130"
"2019-10-10 14:37","UpgradeableSessionTracker.java","215122","259842","474964"
"2019-11-28 12:24","DataTree.java","90577","263068","353645"
"2011-07-13 15:48","DataTree.java","9334","100283","109617"
"2011-06-25 08:13","DataTree.java","11108","102298","113406"
"2011-07-28 07:49","DataTree.java","9421","102816","112237"
"2019-10-10 14:37","DataTree.java","90121","261459","351580"
"2019-12-27 22:33","DataTree.java","90577","266840","357417"
"2015-06-06 03:48","DataTree.java","17160","155512","172672"
"2010-01-26 01:17","DataTree.java","8395","77284","85679"
"2009-10-31 00:09","DataTree.java","7159","63723","70882"
"2019-11-11 13:59","DataTree.java","90121","265116","355237"
"2011-04-12 09:14","DataTree.java","10870","99928","110798"
"2018-07-10 13:29","DataTree.java","26299","178860","205159"
"2012-12-19 19:16","DataTree.java","14813","121446","136259"
"2014-04-17 08:47","DataTree.java","16693","139174","155867"
"2014-04-29 02:23","DataTree.java","16695","139882","156577"
"2010-07-05 20:20","DataTree.java","9497","98890","108387"
"2011-09-15 00:55","DataTree.java","12029","108157","120186"
"2011-09-28 22:17","DataTree.java","12077","108390","120467"
"2018-09-28 23:38","DataTree.java","52969","213356","266325"
"2011-09-17 02:36","DataTree.java","12070","108126","120196"
"2011-10-20 18:48","DataTree.java","13438","107911","121349"
"2019-11-08 17:30","DataTree.java","90121","263320","353441"
"2013-09-05 23:50","DataTree.java","15224","128129","143353"
"2009-02-03 06:23","DataTree.java","2402","15065","17467"
"2019-01-30 16:28","DataTree.java","90094","234790","324884"
"2019-01-30 17:02","DataTree.java","90094","235334","325428"
"2016-11-24 17:18","DataTree.java","19114","165233","184347"
"2017-09-11 18:55","DataTree.java","19955","164915","184870"
"2011-07-01 00:53","DataTree.java","11421","105124","116545"
"2012-02-06 10:39","DataTree.java","14024","111056","125080"
"2011-12-21 21:39","DataTree.java","13754","109918","123672"
"2017-02-05 07:22","DataTree.java","19187","166745","185932"
"2014-07-18 02:19","DataTree.java","16931","146871","163802"
"2019-02-07 11:26","DataTree.java","90094","236011","326105"
"2013-03-07 07:01","DataTree.java","15099","126288","141387"
"2018-09-04 11:54","DataTree.java","52832","208135","260967"
"2018-09-05 22:35","DataTree.java","52831","208390","261221"
"2018-12-20 15:17","DataTree.java","90094","231279","321373"
"2019-09-10 09:53","DataTree.java","90121","258755","348876"
"2019-04-12 19:01","DataTree.java","90122","239514","329636"
"2019-07-31 19:06","DataTree.java","90121","257013","347134"
"2019-09-11 10:27","DataTree.java","90121","259062","349183"
"2013-10-22 12:54","DataTree.java","15306","132280","147586"
"2016-03-23 00:30","DataTree.java","18654","158445","177099"
"2019-08-01 07:31","DataTree.java","90121","258377","348498"
"2009-06-15 22:52","DataTree.java","4422","47429","51851"
"2014-01-24 07:18","DataTree.java","15323","135245","150568"
"2009-11-12 23:48","DataTree.java","7678","69852","77530"
"2009-06-18 18:37","DataTree.java","4671","48749","53420"
"2019-08-17 17:13","DataTree.java","90121","257706","347827"
"2019-09-10 15:21","DataTree.java","90121","258749","348870"
"2015-06-04 19:51","DataTree.java","17158","155405","172563"
"2016-10-07 21:51","DataTree.java","18960","162258","181218"
"2017-06-18 19:23","DataTree.java","19846","164492","184338"
"2019-04-12 12:29","DataTree.java","90122","239083","329205"
"2019-08-03 08:42","DataTree.java","90121","258414","348535"
"2019-08-09 16:15","DataTree.java","90121","259162","349283"
"2016-11-13 20:59","DataTree.java","18970","164521","183491"
"2019-04-29 16:49","DataTree.java","90122","241544","331666"
"2020-03-20 11:00","FileChangeWatcher.java","44535","83970","128505"
"2019-10-10 14:37","FileChangeWatcher.java","37692","68872","106564"
"2019-08-17 17:13","FileChangeWatcher.java","35700","63127","98827"
"2019-08-03 08:42","FileChangeWatcher.java","14645","42780","57425"
"2019-08-17 17:13","ZkDatabaseCorruptionTest.java","229266","255074","484340"
"2019-10-10 14:37","ZkDatabaseCorruptionTest.java","229267","258828","488095"
"2019-10-10 14:37","ZKDatabase.java","223824","258987","482811"
"2019-12-27 22:33","ZKDatabase.java","225466","265554","491020"
"2018-04-06 06:04","ZKDatabase.java","1529","7131","8660"
"2018-09-28 23:38","ZKDatabase.java","102443","118408","220851"
"2019-11-08 17:30","ZKDatabase.java","223872","260896","484768"
"2019-05-14 17:11","ZKDatabase.java","223805","239882","463687"
"2018-09-18 01:00","ZKDatabase.java","101761","115152","216913"
"2019-02-07 11:26","ZKDatabase.java","223707","233449","457156"
"2019-04-12 19:01","ZKDatabase.java","223805","237022","460827"
"2018-09-05 22:35","ZKDatabase.java","101612","112749","214361"
"2018-02-07 01:05","ZKDatabase.java","1410","6660","8070"
"2019-08-17 17:13","ZKDatabase.java","223824","255234","479058"
"2019-09-10 00:27","ZKDatabase.java","223824","256174","479998"
"2018-02-23 23:49","ZKDatabase.java","1517","7111","8628"
"2019-04-09 15:35","ZKDatabase.java","223730","235997","459727"
"2019-06-07 14:13","TruncateTest.java","144483","243588","388071"
"2015-05-14 18:40","TruncateTest.java","32179","118157","150336"
"2019-08-17 17:13","TruncateTest.java","144483","257484","401967"
"2018-05-09 23:57","TruncateTest.java","36333","136352","172685"
"2014-09-27 08:20","TruncateTest.java","31962","112925","144887"
"2019-07-12 17:01","TruncateTest.java","144483","252797","397280"
"2017-08-18 06:32","TruncateTest.java","36042","129322","165364"
"2012-07-17 23:25","TruncateTest.java","27942","77188","105130"
"2010-03-16 22:23","TruncateTest.java","12536","36276","48812"
"2017-09-11 18:55","TruncateTest.java","36110","129568","165678"
"2014-06-30 19:11","TruncateTest.java","31436","105165","136601"
"2016-08-24 01:36","TruncateTest.java","34349","124812","159161"
"2010-03-31 06:26","TruncateTest.java","14071","38033","52104"
"2010-08-18 08:24","TruncateTest.java","17497","60926","78423"
"2017-05-11 16:59","TruncateTest.java","35938","128848","164786"
"2020-01-28 17:26","TruncateTest.java","145129","268528","413657"
"2017-01-07 01:09","TruncateTest.java","34646","130241","164887"
"2010-03-13 01:06","TruncateTest.java","12532","36247","48779"
"2014-02-12 17:00","TruncateTest.java","29899","98569","128468"
"2014-01-03 01:24","TruncateTest.java","29828","96536","126364"
"2020-03-25 03:38","CommitProcessor.java","10199","19231","29430"
"2019-11-11 13:55","CommitProcessor.java","194","2149","2343"
"2019-12-27 22:33","CommitProcessor.java","6378","11303","17681"
"2011-04-29 18:12","QuorumCnxManager.java","42856","5820","48676"
"2011-12-28 01:26","QuorumCnxManager.java","49516","23694","73210"
"2019-11-29 14:49","QuorumCnxManager.java","216902","264615","481517"
"2013-03-07 07:01","QuorumCnxManager.java","54424","43556","97980"
"2018-07-11 06:04","QuorumCnxManager.java","76881","107394","184275"
"2018-08-06 14:11","QuorumCnxManager.java","86150","118436","204586"
"2010-11-17 15:59","QuorumCnxManager.java","2425","5032","7457"
"2012-06-29 22:08","QuorumCnxManager.java","52364","29701","82065"
"2018-10-16 16:22","QuorumCnxManager.java","184703","236875","421578"
"2019-06-14 09:06","QuorumCnxManager.java","215829","244983","460812"
"2019-08-03 08:42","QuorumCnxManager.java","215829","257693","473522"
"2019-11-13 20:41","QuorumCnxManager.java","215829","264704","480533"
"2019-04-09 16:08","QuorumCnxManager.java","215778","237790","453568"
"2019-08-06 12:52","QuorumCnxManager.java","215829","257958","473787"
"2017-02-09 11:40","QuorumCnxManager.java","66384","91920","158304"
"2019-05-20 23:13","QuorumCnxManager.java","215830","241858","457688"
"2015-04-09 20:16","QuorumCnxManager.java","62391","77310","139701"
"2017-08-23 02:16","QuorumCnxManager.java","68715","91555","160270"
"2019-07-27 20:04","QuorumCnxManager.java","215829","253516","469345"
"2015-05-29 23:46","QuorumCnxManager.java","62525","77960","140485"
"2015-05-14 07:10","QuorumCnxManager.java","62494","77633","140127"
"2020-03-12 14:47","QuorumCnxManager.java","216902","270001","486903"
"2019-08-17 17:13","QuorumCnxManager.java","215829","256985","472814"
"2017-11-28 00:10","QuorumCnxManager.java","68935","95695","164630"
"2019-10-10 14:37","QuorumCnxManager.java","215829","260738","476567"
"2014-07-23 19:36","QuorumCnxManager.java","62018","70504","132522"
"2017-06-09 18:37","QuorumCnxManager.java","68550","91094","159644"
"2020-01-23 13:43","QuorumCnxManager.java","216902","267985","484887"
"2014-03-23 04:12","QuorumCnxManager.java","55316","53818","109134"
"2014-07-08 05:25","QuorumCnxManager.java","61749","65965","127714"
"2019-11-28 12:24","QuorumCnxManager.java","216902","262964","479866"
"2014-06-25 15:04","QuorumCnxManager.java","61371","63951","125322"
"2011-08-15 02:44","QuorumCnxManager.java","43596","15381","58977"
"2016-06-08 17:43","QuorumCnxManager.java","65262","84229","149491"
"2020-03-23 16:20","QuorumCnxManager.java","216902","270172","487074"
"2020-02-16 10:25","QuorumCnxManager.java","216902","268698","485600"
"2014-07-22 06:45","QuorumCnxManager.java","62017","70428","132445"
"2011-04-12 09:14","QuorumCnxManager.java","42745","5374","48119"
"2018-07-27 12:32","QuorumCnxManager.java","86112","117786","203898"
"2010-10-20 00:32","QuorumCnxManager.java","1455","2948","4403"
"2011-03-16 19:49","QuorumCnxManager.java","2812","6914","9726"
"2019-10-10 14:37","SaslServerCallbackHandler.java","181829","260217","442046"
"2019-08-03 08:42","SaslServerCallbackHandler.java","181829","257172","439001"
"2019-08-17 17:13","SaslServerCallbackHandler.java","181829","256464","438293"
"2017-11-28 00:10","SaslServerCallbackHandler.java","24341","71961","96302"
"2016-10-17 10:27","SaslServerCallbackHandler.java","19258","61410","80668"
"2017-11-16 00:21","ZNodeNameTest.java","39379","109879","149258"
"2020-01-21 18:14","ZNodeNameTest.java","169799","266186","435985"
"2015-07-07 07:11","ZNodeNameTest.java","34158","97988","132146"
"2019-08-27 09:23","ZNodeNameTest.java","168727","257583","426310"
"2010-03-04 00:07","FileTxnLog.java","12533","70459","82992"
"2011-06-21 07:34","FileTxnLog.java","17847","95348","113195"
"2014-02-12 17:00","FileTxnLog.java","22263","129666","151929"
"2013-12-11 01:10","FileTxnLog.java","22225","126743","148968"
"2018-01-19 00:43","FileTxnLog.java","27215","163419","190634"
"2009-08-25 07:45","FileTxnLog.java","6115","46586","52701"
"2019-12-27 22:33","FileTxnLog.java","104163","266819","370982"
"2019-10-10 14:37","FileTxnLog.java","103705","261436","365141"
"2018-11-12 22:36","FileTxnLog.java","103678","225748","329426"
"2018-08-01 21:19","FileTxnLog.java","34017","175176","209193"
"2018-04-27 20:28","FileTxnLog.java","27294","165348","192642"
"2018-06-08 16:52","FileTxnLog.java","27296","166797","194093"
"2010-12-23 13:42","FileTxnLog.java","14724","130788","145512"
"2011-09-03 01:07","FileTxnLog.java","16230","101492","117722"
"2011-04-12 09:14","FileTxnLog.java","17738","93189","110927"
"2011-11-15 19:30","FileTxnLog.java","20499","103247","123746"
"2014-06-30 19:11","FileTxnLog.java","23744","136206","159950"
"2020-01-28 17:26","FileTxnLog.java","104163","268539","372702"
"2019-05-14 17:11","FileTxnLog.java","103706","242351","346057"
"2019-01-07 14:24","FileTxnLog.java","103678","232486","336164"
"2013-06-28 23:22","FileTxnLog.java","22130","122412","144542"
"2010-03-16 22:23","FileTxnLog.java","12669","77386","90055"
"2019-04-12 19:01","FileTxnLog.java","103706","239491","343197"
"2017-04-28 07:14","FileTxnLog.java","26802","159275","186077"
"2012-02-06 09:40","FileTxnLog.java","20699","104955","125654"
"2018-09-06 01:11","FileTxnLog.java","60745","203535","264280"
"2018-09-18 01:00","FileTxnLog.java","60793","205837","266630"
"2016-03-20 19:31","FileTxnLog.java","24412","151943","176355"
"2019-08-17 17:13","FileTxnLog.java","103705","257683","361388"
"2009-06-18 18:37","FileTxnLog.java","4172","34643","38815"
"2019-06-03 19:40","FileTxnLog.java","103705","243014","346719"
"2018-04-24 00:20","FileTxnLog.java","27258","165225","192483"
"2018-02-14 21:23","FileTxnLog.java","27252","164335","191587"
"2019-08-03 08:42","FileTxnLog.java","103705","258391","362096"
"2019-04-09 15:35","FileTxnLog.java","103684","238519","342203"
"2017-08-03 20:41","FileTxnLog.java","27098","158755","185853"
"2018-02-02 00:26","FileTxnLog.java","27217","163428","190645"
"2017-06-26 00:07","FileTxnLog.java","27044","159055","186099"
"2019-08-17 17:13","BitHashSet.java","29884","55054","84938"
"2015-02-06 06:17","PrepRequestProcessor.java","16528","56752","73280"
"2012-02-06 10:39","PrepRequestProcessor.java","2224","4789","7013"
"2013-03-07 07:01","PrepRequestProcessor.java","8002","24724","32726"
"2019-02-07 11:26","PrepRequestProcessor.java","175219","234916","410135"
"2019-09-11 10:27","PrepRequestProcessor.java","175294","258015","433309"
"2018-07-19 05:59","PrepRequestProcessor.java","44888","103648","148536"
"2017-09-11 18:55","PrepRequestProcessor.java","26088","76581","102669"
"2019-01-16 14:21","PrepRequestProcessor.java","175218","232563","407781"
"2017-06-01 05:45","PrepRequestProcessor.java","25201","75230","100431"
"2012-04-14 02:32","PrepRequestProcessor.java","4441","8570","13011"
"2019-11-08 17:30","PrepRequestProcessor.java","175322","262301","437623"
"2016-11-13 20:59","PrepRequestProcessor.java","21750","72834","94584"
"2019-04-09 15:35","PrepRequestProcessor.java","175237","237459","412696"
"2019-04-17 14:16","PrepRequestProcessor.java","175294","238731","414025"
"2014-10-28 05:35","PrepRequestProcessor.java","16358","54643","71001"
"2019-05-10 12:22","PrepRequestProcessor.java","175294","241166","416460"
"2017-06-26 00:16","PrepRequestProcessor.java","25422","75729","101151"
"2019-02-07 11:22","PrepRequestProcessor.java","175219","234578","409797"
"2016-11-16 06:21","PrepRequestProcessor.java","21779","73410","95189"
"2019-08-01 07:31","PrepRequestProcessor.java","175294","257330","432624"
"2019-06-26 10:57","PrepRequestProcessor.java","175294","244509","419803"
"2014-01-24 07:18","PrepRequestProcessor.java","9024","34479","43503"
"2015-05-29 19:45","PrepRequestProcessor.java","16886","59901","76787"
"2016-10-07 21:51","PrepRequestProcessor.java","21730","70561","92291"
"2015-06-04 19:51","PrepRequestProcessor.java","17003","60783","77786"
"2019-08-17 17:13","PrepRequestProcessor.java","175294","256659","431953"
"2018-08-08 06:21","PrepRequestProcessor.java","86403","146643","233046"
"2018-05-09 23:57","PrepRequestProcessor.java","26908","83962","110870"
"2015-06-11 20:09","PrepRequestProcessor.java","17017","60923","77940"
"2019-12-27 22:33","PrepRequestProcessor.java","176599","266642","443241"
"2014-04-01 01:47","PrepRequestProcessor.java","9476","36194","45670"
"2019-10-10 14:37","PrepRequestProcessor.java","175294","260412","435706"
"2020-03-25 03:38","PrepRequestProcessor.java","176599","270749","447348"
"2014-07-25 01:31","PrepRequestProcessor.java","16204","52413","68617"
"2013-10-09 22:21","PrepRequestProcessor.java","8787","30704","39491"
"2014-04-29 02:23","PrepRequestProcessor.java","15166","43886","59052"
"2015-03-08 23:07","PrepRequestProcessor.java","16586","56984","73570"
"2014-07-22 06:51","PrepRequestProcessor.java","16146","52166","68312"
"2012-03-15 17:47","PrepRequestProcessor.java","2324","6102","8426"
"2011-11-01 15:41","PrepRequestProcessor.java","734","1115","1849"
"2011-10-28 00:58","PrepRequestProcessor.java","546","765","1311"
"2018-06-15 07:41","PrepRequestProcessor.java","26957","84763","111720"
"2012-12-19 19:16","PrepRequestProcessor.java","6761","18927","25688"
"2011-11-14 20:18","PrepRequestProcessor.java","763","1779","2542"
"2015-10-18 19:00","QuorumPeer.java","23474","65741","89215"
"2018-12-20 15:13","QuorumPeer.java","178292","230287","408579"
"2019-05-16 16:25","QuorumPeer.java","178352","241576","419928"
"2018-10-16 16:22","QuorumPeer.java","159525","236347","395872"
"2019-06-14 09:06","QuorumPeer.java","178351","244774","423125"
"2018-12-07 12:41","QuorumPeer.java","178292","227301","405593"
"2012-04-23 01:20","QuorumPeer.java","10638","12582","23220"
"2012-07-17 23:19","QuorumPeer.java","10680","13396","24076"
"2019-03-11 19:47","QuorumPeer.java","178303","236726","415029"
"2012-02-27 03:41","QuorumPeer.java","8158","8017","16175"
"2014-07-18 02:19","QuorumPeer.java","21503","54036","75539"
"2019-02-13 13:12","QuorumPeer.java","178305","235676","413981"
"2019-04-12 19:01","QuorumPeer.java","178352","238584","416936"
"2018-12-09 03:16","QuorumPeer.java","178292","229375","407667"
"2018-09-11 15:23","QuorumPeer.java","114197","173348","287545"
"2019-11-29 14:49","QuorumPeer.java","179557","264539","444096"
"2013-03-07 07:01","QuorumPeer.java","13546","27328","40874"
"2018-12-15 07:34","QuorumPeer.java","178292","229290","407582"
"2018-11-27 10:02","QuorumPeer.java","178292","227051","405343"
"2018-09-18 01:00","QuorumPeer.java","114258","174664","288922"
"2012-02-06 09:40","QuorumPeer.java","7776","7394","15170"
"2019-06-03 19:40","QuorumPeer.java","178351","242107","420458"
"2019-07-15 14:15","QuorumPeer.java","178351","252195","430546"
"2015-03-17 18:06","QuorumPeer.java","22063","60569","82632"
"2019-07-03 00:44","QuorumPeer.java","178351","244789","423140"
"2019-08-17 17:13","QuorumPeer.java","178351","256776","435127"
"2015-06-27 02:03","QuorumPeer.java","22404","63599","86003"
"2017-11-28 00:10","QuorumPeer.java","31721","83131","114852"
"2014-01-21 04:50","QuorumPeer.java","14475","35407","49882"
"2014-06-04 22:07","QuorumPeer.java","20794","47527","68321"
"2018-01-30 08:02","QuorumPeer.java","31963","83526","115489"
"2019-05-15 11:56","QuorumPeer.java","178352","241531","419883"
"2019-06-05 00:33","QuorumPeer.java","178351","242497","420848"
"2019-05-20 23:13","QuorumPeer.java","178352","241649","420001"
"2019-06-04 10:55","QuorumPeer.java","178351","242260","420611"
"2019-07-12 17:01","QuorumPeer.java","178351","252089","430440"
"2020-01-09 11:27","QuorumPeer.java","179557","266085","445642"
"2017-02-09 11:40","QuorumPeer.java","27821","78007","105828"
"2017-07-06 18:48","QuorumPeer.java","30576","78448","109024"
"2018-10-01 06:11","QuorumPeer.java","114414","177399","291813"
"2015-04-09 20:16","QuorumPeer.java","22079","61648","83727"
"2013-10-07 21:08","QuorumPeer.java","14094","30692","44786"
"2013-09-30 22:20","QuorumPeer.java","13946","30113","44059"
"2018-07-04 17:11","QuorumPeer.java","39762","94886","134648"
"2019-12-17 13:48","QuorumPeer.java","179557","265111","444668"
"2015-12-07 05:59","QuorumPeer.java","23636","66661","90297"
"2020-01-23 13:43","QuorumPeer.java","179557","267909","447466"
"2016-06-23 23:45","QuorumPeer.java","26416","70511","96927"
"2016-06-23 23:25","QuorumPeer.java","26417","70404","96821"
"2014-03-23 04:12","QuorumPeer.java","14735","37887","52622"
"2013-09-26 00:13","QuorumPeer.java","13927","29850","43777"
"2014-07-18 20:48","QuorumPeer.java","21539","54531","76070"
"2014-07-04 04:19","QuorumPeer.java","20829","49205","70034"
"2018-12-06 10:56","QuorumPeer.java","178292","227245","405537"
"2014-06-25 15:04","QuorumPeer.java","20799","48029","68828"
"2014-03-28 01:58","QuorumPeer.java","14749","38319","53068"
"2013-10-21 23:36","QuorumPeer.java","14281","33621","47902"
"2019-10-10 14:37","QuorumPeer.java","178351","260529","438880"
"2013-11-07 06:41","QuorumPeer.java","14338","34109","48447"
"2017-07-27 23:09","QuorumPeer.java","31211","78097","109308"
"2014-05-18 05:49","QuorumPeer.java","20779","47023","67802"
"2011-10-25 08:09","QuorumPeer.java","6414","3528","9942"
"2014-03-25 22:13","QuorumPeer.java","14746","38134","52880"
"2011-11-01 08:15","QuorumPeer.java","6664","3967","10631"
"2018-06-26 11:18","QuorumPeer.java","32187","87293","119480"
"2018-07-27 12:32","QuorumPeer.java","50085","106409","156494"
"2019-04-18 19:17","QuorumPeer.java","178352","239294","417646"
"2011-10-27 23:25","QuorumPeer.java","6504","3778","10282"
"2013-10-09 22:21","QuorumPeer.java","14272","33249","47521"
"2016-12-20 14:47","QuorumPeer.java","27716","76767","104483"
"2017-05-11 16:59","QuorumPeer.java","30342","77347","107689"
"2014-07-03 06:01","QuorumPeer.java","20827","48781","69608"
"2014-08-14 08:08","QuorumPeer.java","21667","55520","77187"
"2014-08-01 07:38","QuorumPeer.java","21667","55099","76766"
"2014-07-20 04:50","QuorumPeer.java","21568","54622","76190"
"2016-06-02 00:59","QuorumPeer.java","26398","70016","96414"
"2020-02-16 10:25","QuorumPeer.java","179557","268622","448179"
"2019-08-27 09:23","LeaderElectionSupport.java","172009","257497","429506"
"2019-10-10 14:37","LeaderElectionSupport.java","172009","260657","432666"
"2019-10-10 14:37","SecurityUtils.java","228065","258833","486898"
"2019-09-30 22:26","SecurityUtils.java","228065","258445","486510"
"2019-08-03 08:42","SecurityUtils.java","228064","255787","483851"
"2019-08-17 17:13","SecurityUtils.java","228064","255079","483143"
"2019-08-17 17:13","Shell.java","220352","255916","476268"
"2018-08-06 14:11","Shell.java","34389","48464","82853"
"2015-02-06 06:17","PrepRequestProcessor.java","18179","56995","75174"
"2012-02-06 10:39","PrepRequestProcessor.java","3909","5066","8975"
"2013-03-07 07:01","PrepRequestProcessor.java","9660","24974","34634"
"2019-02-07 11:26","PrepRequestProcessor.java","176627","234916","411543"
"2019-09-11 10:27","PrepRequestProcessor.java","176701","258014","434715"
"2018-07-19 05:59","PrepRequestProcessor.java","46515","103867","150382"
"2017-09-11 18:55","PrepRequestProcessor.java","27726","76811","104537"
"2019-01-16 14:21","PrepRequestProcessor.java","176626","232563","409189"
"2017-06-01 05:45","PrepRequestProcessor.java","26839","75460","102299"
"2012-04-14 02:32","PrepRequestProcessor.java","6124","8845","14969"
"2019-11-08 17:30","PrepRequestProcessor.java","176729","262300","439029"
"2016-11-13 20:59","PrepRequestProcessor.java","23395","73071","96466"
"2019-04-09 15:35","PrepRequestProcessor.java","176645","237459","414104"
"2019-04-17 14:16","PrepRequestProcessor.java","176702","238731","415433"
"2014-10-28 05:35","PrepRequestProcessor.java","18011","54888","72899"
"2019-05-10 12:22","PrepRequestProcessor.java","176702","241166","417868"
"2017-06-26 00:16","PrepRequestProcessor.java","27060","75959","103019"
"2019-02-07 11:22","PrepRequestProcessor.java","176627","234578","411205"
"2016-11-16 06:21","PrepRequestProcessor.java","23424","73647","97071"
"2019-08-01 07:31","PrepRequestProcessor.java","176701","257329","434030"
"2019-06-26 10:57","PrepRequestProcessor.java","176701","244508","421209"
"2014-01-24 07:18","PrepRequestProcessor.java","10684","34731","45415"
"2015-05-29 19:45","PrepRequestProcessor.java","18537","60144","78681"
"2016-10-07 21:51","PrepRequestProcessor.java","23375","70798","94173"
"2015-06-04 19:51","PrepRequestProcessor.java","18650","61022","79672"
"2019-08-17 17:13","PrepRequestProcessor.java","176701","256658","433359"
"2018-08-08 06:21","PrepRequestProcessor.java","88033","146865","234898"
"2018-05-09 23:57","PrepRequestProcessor.java","28537","84183","112720"
"2015-06-11 20:09","PrepRequestProcessor.java","18664","61162","79826"
"2019-12-27 22:33","PrepRequestProcessor.java","178006","266641","444647"
"2014-04-01 01:47","PrepRequestProcessor.java","11132","36442","47574"
"2019-10-10 14:37","PrepRequestProcessor.java","176701","260411","437112"
"2020-03-25 03:38","PrepRequestProcessor.java","178006","270748","448754"
"2014-07-25 01:31","PrepRequestProcessor.java","17857","52658","70515"
"2013-10-09 22:21","PrepRequestProcessor.java","10446","30955","41401"
"2014-04-29 02:23","PrepRequestProcessor.java","16822","44134","60956"
"2015-03-08 23:07","PrepRequestProcessor.java","18237","57227","75464"
"2014-07-22 06:51","PrepRequestProcessor.java","17799","52411","70210"
"2012-03-15 17:47","PrepRequestProcessor.java","4008","6378","10386"
"2011-11-01 15:41","PrepRequestProcessor.java","2426","1399","3825"
"2011-10-28 00:58","PrepRequestProcessor.java","2238","1049","3287"
"2011-10-20 20:02","PrepRequestProcessor.java","1698","290","1988"
"2018-06-15 07:41","PrepRequestProcessor.java","28584","84982","113566"
"2012-12-19 19:16","PrepRequestProcessor.java","8429","19187","27616"
"2011-11-14 20:18","PrepRequestProcessor.java","2455","2063","4518"
"2019-12-27 22:33","FileTxnSnapLogTest.java","37840","61187","99027"
"2019-08-17 17:13","FileTxnSnapLogTest.java","29523","44192","73715"
"2019-10-10 14:37","ClientCnxnSocketNIO.java","182136","260217","442353"
"2012-10-31 18:24","ClientCnxnSocketNIO.java","105","288","393"
"2014-12-20 15:29","ClientCnxnSocketNIO.java","13504","46485","59989"
"2019-04-09 15:35","ClientCnxnSocketNIO.java","182062","237247","419309"
"2019-08-03 08:42","ClientCnxnSocketNIO.java","182136","257172","439308"
"2014-07-17 22:56","ClientCnxnSocketNIO.java","12588","38257","50845"
"2019-08-17 17:13","ClientCnxnSocketNIO.java","182136","256464","438600"
"2016-05-02 18:15","ClientCnxnSocketNIO.java","18422","57450","75872"
"2018-11-22 17:56","ClientCnxnSocketNIO.java","182041","225066","407107"
"2019-02-06 09:46","ZooKeeper.java","179138","234549","413687"
"2019-01-16 14:21","ZooKeeper.java","179137","232825","411962"
"2017-04-18 02:02","ZooKeeper.java","26807","86507","113314"
"2019-11-08 17:30","ZooKeeper.java","179202","262524","441726"
"2019-02-07 11:26","ZooKeeper.java","179138","235178","414316"
"2013-03-07 07:01","ZooKeeper.java","12840","38593","51433"
"2011-07-01 00:53","ZooKeeper.java","1520","5346","6866"
"2013-12-17 17:55","ZooKeeper.java","13551","46108","59659"
"2012-02-06 09:56","ZooKeeper.java","7940","19533","27473"
"2012-03-17 01:31","ZooKeeper.java","8234","21332","29566"
"2012-11-17 15:03","ZooKeeper.java","10998","29215","40213"
"2017-05-01 17:19","ZooKeeper.java","26818","86645","113463"
"2014-01-24 07:18","ZooKeeper.java","13642","48128","61770"
"2019-08-17 17:13","ZooKeeper.java","179202","256910","436112"
"2015-06-04 19:51","ZooKeeper.java","21240","74051","95291"
"2016-10-07 21:51","ZooKeeper.java","24588","82450","107038"
"2015-03-16 09:09","ZooKeeper.java","20925","70692","91617"
"2015-03-17 18:06","ZooKeeper.java","21006","71483","92489"
"2016-05-02 18:15","ZooKeeper.java","24055","79151","103206"
"2019-06-26 10:57","ZooKeeper.java","179202","244760","423962"
"2019-06-03 19:40","ZooKeeper.java","179202","242241","421443"
"2018-05-09 23:57","ZooKeeper.java","28334","94419","122753"
"2019-08-03 08:42","ZooKeeper.java","179202","257618","436820"
"2016-11-13 20:59","ZooKeeper.java","24609","84724","109333"
"2013-02-03 15:52","ZooKeeper.java","12392","34082","46474"
"2012-09-28 18:32","ZooKeeper.java","10801","27050","37851"
"2017-07-28 00:36","ZooKeeper.java","27670","86631","114301"
"2017-08-18 23:35","ZooKeeper.java","27746","87192","114938"
"2017-07-04 07:56","ZooKeeper.java","27653","87224","114877"
"2020-04-16 12:50","ZooKeeper.java","180296","271578","451874"
"2018-07-27 05:16","ZooKeeper.java","45245","113348","158593"
"2019-10-10 14:37","ZooKeeper.java","179202","260663","439865"
"2014-04-01 04:03","ZooKeeper.java","14027","49993","64020"
"2012-12-19 19:16","ZooKeeper.java","12328","33525","45853"
"2019-02-11 12:34","ZooKeeper.java","179138","235541","414679"
"2014-07-08 20:18","ZooKeeper.java","20294","61147","81441"
"2020-05-17 15:13","ZooKeeper.java","180300","271953","452253"
"2017-01-09 22:49","ZooKeeper.java","25161","86844","112005"
"2019-03-12 19:08","ZooKeeper.java","179150","236981","416131"
"2011-09-06 00:58","ZooKeeper.java","1746","14335","16081"
"2014-07-22 06:51","ZooKeeper.java","20594","65645","86239"
"2014-04-29 02:23","ZooKeeper.java","19715","57466","77181"
"2010-03-31 06:26","ClientRetryTest.java","14591","40968","55559"
"2019-08-17 17:13","ClientRetryTest.java","142084","257500","399584"
"2015-05-10 23:29","ClientRetryTest.java","32155","119973","152128"
"2019-08-17 17:13","Shell.java","214963","256104","471067"
"2015-11-21 22:18","Shell.java","3053","8630","11683"
"2018-08-06 14:11","Shell.java","36201","55853","92054"
"2019-07-31 19:06","ZooKeeperServer.java","7231","24021","31252"
"2019-09-11 10:27","ZooKeeperServer.java","31014","49853","80867"
"2019-07-08 23:26","ZooKeeperServer.java","4481","10740","15221"
"2019-05-14 17:11","ZooKeeperServer.java","398","2548","2946"
"2019-06-04 10:55","ZooKeeperServer.java","938","3905","4843"
"2019-08-03 08:42","ZooKeeperServer.java","7581","25772","33353"
"2019-05-15 11:56","ZooKeeperServer.java","473","2710","3183"
"2019-05-22 11:39","ZooKeeperServer.java","562","3245","3807"
"2019-04-22 19:15","ZooKeeperServer.java","0","265","265"
"2019-09-10 04:26","ZooKeeperServer.java","30972","49500","80472"
"2019-08-17 17:13","ZooKeeperServer.java","29721","47204","76925"
"2019-09-05 23:12","ZooKeeperServer.java","30937","49339","80276"
"2019-09-10 15:21","ZooKeeperServer.java","30982","49508","80490"
"2019-08-01 07:31","ZooKeeperServer.java","7312","25466","32778"
"2019-08-01 07:28","ZooKeeperServer.java","7238","24902","32140"
"2019-06-03 19:40","ZooKeeperServer.java","769","3583","4352"
"2019-11-23 17:08","ZooKeeperServer.java","37259","59443","96702"
"2019-10-09 16:49","ZooKeeperServer.java","31366","52435","83801"
"2019-07-03 00:44","ZooKeeperServer.java","4397","9893","14290"
"2019-07-24 18:00","ZooKeeperServer.java","5805","19743","25548"
"2019-12-27 22:33","ZooKeeperServer.java","37742","63903","101645"
"2019-11-18 09:05","ZooKeeperServer.java","37064","57691","94755"
"2019-10-10 14:37","ZooKeeperServer.java","31836","53072","84908"
"2019-09-16 23:26","ZooKeeperServer.java","31014","51516","82530"
"2019-12-03 10:01","ZooKeeperServer.java","37589","61675","99264"
"2020-03-25 03:38","ZooKeeperServer.java","39350","69618","108968"
"2019-11-28 12:24","ZooKeeperServer.java","37315","59704","97019"
"2019-11-06 15:21","ZooKeeperServer.java","31973","53425","85398"
"2020-04-12 11:14","ZooKeeperServer.java","39939","70960","110899"
"2012-08-28 21:51","ClientBase.java","7797","12910","20707"
"2017-06-08 17:51","ClientBase.java","27564","75982","103546"
"2012-07-17 23:19","ClientBase.java","7602","11641","19243"
"2017-04-18 01:37","ClientBase.java","26666","75716","102382"
"2018-09-07 02:49","ClientBase.java","111622","171110","282732"
"2019-07-31 19:06","ClientBase.java","177002","256057","433059"
"2012-02-06 09:47","ClientBase.java","4719","5637","10356"
"2015-02-06 06:17","ClientBase.java","18966","57573","76539"
"2017-09-11 18:55","ClientBase.java","28627","77503","106130"
"2019-08-17 17:13","ClientBase.java","177002","256750","433752"
"2015-03-28 20:08","ClientBase.java","19133","59951","79084"
"2019-06-07 14:13","ClientBase.java","177002","242854","419856"
"2018-04-24 00:20","ClientBase.java","29316","83968","113284"
"2018-08-08 06:21","ClientBase.java","88918","147541","236459"
"2018-05-09 23:57","ClientBase.java","29436","84873","114309"
"2019-06-24 11:05","ClientBase.java","177002","244083","421085"
"2012-12-11 08:42","ClientBase.java","8683","17129","25812"
"2017-01-13 19:29","ClientBase.java","24833","76049","100882"
"2016-06-23 23:25","ClientBase.java","23509","68819","92328"
"2014-01-03 01:40","ClientBase.java","11424","33567","44991"
"2014-01-25 01:17","ClientBase.java","11490","35439","46929"
"2019-11-14 16:44","ClientBase.java","177030","264805","441835"
"2019-10-10 14:37","ClientBase.java","177002","260503","437505"
"2012-03-15 17:47","ClientBase.java","5065","7226","12291"
"2012-01-14 00:28","ClientBase.java","4490","4892","9382"
"2011-11-05 07:29","ClientBase.java","3526","2508","6034"
"2016-08-24 01:36","ClientBase.java","24002","69883","93885"
"2015-03-08 23:07","ClientBase.java","19020","57801","76821"
"2017-09-11 18:55","ProviderRegistry.java","27844","88187","116031"
"2019-02-13 13:19","ProviderRegistry.java","178352","236111","414463"
"2016-11-16 06:21","ProviderRegistry.java","24633","86114","110747"
"2019-08-17 17:13","ProviderRegistry.java","178405","256932","435337"
"2019-10-10 14:37","ProviderRegistry.java","178405","260685","439090"
"2019-10-10 14:37","ReferenceCountedACLCache.java","1269","1525","2794"
"2015-10-18 19:00","QuorumPeer.java","23467","65746","89213"
"2018-12-20 15:13","QuorumPeer.java","178280","230287","408567"
"2019-05-16 16:25","QuorumPeer.java","178340","241576","419916"
"2018-10-16 16:22","QuorumPeer.java","159513","236347","395860"
"2019-06-14 09:06","QuorumPeer.java","178339","244774","423113"
"2018-12-07 12:41","QuorumPeer.java","178280","227301","405581"
"2012-04-23 01:20","QuorumPeer.java","10631","12587","23218"
"2012-07-17 23:19","QuorumPeer.java","10673","13401","24074"
"2019-03-11 19:47","QuorumPeer.java","178291","236726","415017"
"2012-02-27 03:41","QuorumPeer.java","8151","8022","16173"
"2014-07-18 02:19","QuorumPeer.java","21496","54041","75537"
"2019-02-13 13:12","QuorumPeer.java","178293","235676","413969"
"2019-04-12 19:01","QuorumPeer.java","178340","238584","416924"
"2018-12-09 03:16","QuorumPeer.java","178280","229375","407655"
"2018-09-11 15:23","QuorumPeer.java","114188","173351","287539"
"2019-11-29 14:49","QuorumPeer.java","179545","264539","444084"
"2013-03-07 07:01","QuorumPeer.java","13539","27333","40872"
"2018-12-15 07:34","QuorumPeer.java","178280","229290","407570"
"2018-11-27 10:02","QuorumPeer.java","178280","227051","405331"
"2018-09-18 01:00","QuorumPeer.java","114249","174667","288916"
"2012-02-06 09:40","QuorumPeer.java","7769","7399","15168"
"2019-06-03 19:40","QuorumPeer.java","178339","242107","420446"
"2019-07-15 14:15","QuorumPeer.java","178339","252195","430534"
"2015-03-17 18:06","QuorumPeer.java","22056","60574","82630"
"2019-07-03 00:44","QuorumPeer.java","178339","244789","423128"
"2019-08-17 17:13","QuorumPeer.java","178339","256776","435115"
"2015-06-27 02:03","QuorumPeer.java","22397","63604","86001"
"2017-11-28 00:10","QuorumPeer.java","31712","83134","114846"
"2014-01-21 04:50","QuorumPeer.java","14468","35412","49880"
"2014-06-04 22:07","QuorumPeer.java","20787","47532","68319"
"2018-01-30 08:02","QuorumPeer.java","31954","83529","115483"
"2019-05-15 11:56","QuorumPeer.java","178340","241531","419871"
"2019-06-05 00:33","QuorumPeer.java","178339","242497","420836"
"2019-05-20 23:13","QuorumPeer.java","178340","241649","419989"
"2019-06-04 10:55","QuorumPeer.java","178339","242260","420599"
"2019-07-12 17:01","QuorumPeer.java","178339","252089","430428"
"2020-01-09 11:27","QuorumPeer.java","179545","266085","445630"
"2017-02-09 11:40","QuorumPeer.java","27814","78012","105826"
"2017-07-06 18:48","QuorumPeer.java","30567","78451","109018"
"2018-10-01 06:11","QuorumPeer.java","114405","177402","291807"
"2015-04-09 20:16","QuorumPeer.java","22072","61653","83725"
"2013-10-07 21:08","QuorumPeer.java","14087","30697","44784"
"2013-09-30 22:20","QuorumPeer.java","13939","30118","44057"
"2018-07-04 17:11","QuorumPeer.java","39753","94889","134642"
"2019-12-17 13:48","QuorumPeer.java","179545","265111","444656"
"2015-12-07 05:59","QuorumPeer.java","23629","66666","90295"
"2020-01-23 13:43","QuorumPeer.java","179545","267909","447454"
"2016-06-23 23:45","QuorumPeer.java","26409","70516","96925"
"2016-06-23 23:25","QuorumPeer.java","26410","70409","96819"
"2014-03-23 04:12","QuorumPeer.java","14728","37892","52620"
"2013-09-26 00:13","QuorumPeer.java","13920","29855","43775"
"2014-07-18 20:48","QuorumPeer.java","21532","54536","76068"
"2014-07-04 04:19","QuorumPeer.java","20822","49210","70032"
"2018-12-06 10:56","QuorumPeer.java","178280","227245","405525"
"2014-06-25 15:04","QuorumPeer.java","20792","48034","68826"
"2014-03-28 01:58","QuorumPeer.java","14742","38324","53066"
"2013-10-21 23:36","QuorumPeer.java","14274","33626","47900"
"2019-10-10 14:37","QuorumPeer.java","178339","260529","438868"
"2013-11-07 06:41","QuorumPeer.java","14331","34114","48445"
"2017-07-27 23:09","QuorumPeer.java","31202","78100","109302"
"2014-05-18 05:49","QuorumPeer.java","20772","47028","67800"
"2011-10-25 08:09","QuorumPeer.java","6444","3570","10014"
"2014-03-25 22:13","QuorumPeer.java","14739","38139","52878"
"2011-11-01 08:15","QuorumPeer.java","6657","3972","10629"
"2018-06-26 11:18","QuorumPeer.java","32178","87296","119474"
"2018-07-27 12:32","QuorumPeer.java","50076","106412","156488"
"2019-04-18 19:17","QuorumPeer.java","178340","239294","417634"
"2011-10-27 23:25","QuorumPeer.java","6534","3820","10354"
"2013-10-09 22:21","QuorumPeer.java","14265","33254","47519"
"2016-12-20 14:47","QuorumPeer.java","27709","76772","104481"
"2017-05-11 16:59","QuorumPeer.java","30333","77350","107683"
"2014-07-03 06:01","QuorumPeer.java","20820","48786","69606"
"2014-08-14 08:08","QuorumPeer.java","21660","55525","77185"
"2014-08-01 07:38","QuorumPeer.java","21660","55104","76764"
"2014-07-20 04:50","QuorumPeer.java","21561","54627","76188"
"2016-06-02 00:59","QuorumPeer.java","26391","70021","96412"
"2020-02-16 10:25","QuorumPeer.java","179545","268622","448167"
"2019-08-17 17:13","BitMap.java","29884","55054","84938"
"2018-11-22 17:56","NettyServerCnxnTest.java","231604","223394","454998"
"2018-09-07 02:34","NettyServerCnxnTest.java","89640","92469","182109"
"2019-02-12 15:25","NettyServerCnxnTest.java","231615","233533","465148"
"2019-06-24 11:05","NettyServerCnxnTest.java","231753","242179","473932"
"2019-07-23 15:55","NettyServerCnxnTest.java","231754","250855","482609"
"2019-08-17 17:13","NettyServerCnxnTest.java","231754","254847","486601"
"2019-06-07 14:13","NettyServerCnxnTest.java","231753","240950","472703"
"2014-11-29 16:53","NumEvents.java","20862","70144","91006"
"2019-10-10 14:37","MiniKdc.java","232675","257917","490592"
"2019-08-17 17:13","MiniKdc.java","232674","254163","486837"
"2019-05-08 21:54","MiniKdc.java","232653","238644","471297"
"2013-10-01 23:18","JLineZNodeCompleter.java","23291","104734","128025"
"2014-03-29 04:33","JLineZNodeCompleter.java","23652","112565","136217"
"2019-08-17 17:13","JLineZNodeCompleter.java","123034","257558","380592"
"2019-08-17 17:13","AvgMinMaxCounter.java","29686","45184","74870"
"2015-10-18 19:00","QuorumPeer.java","35417","81450","116867"
"2018-12-20 15:13","QuorumPeer.java","187347","230489","417836"
"2019-05-16 16:25","QuorumPeer.java","187414","241785","429199"
"2018-10-16 16:22","QuorumPeer.java","156287","236875","393162"
"2019-06-14 09:06","QuorumPeer.java","187413","244983","432396"
"2018-12-07 12:41","QuorumPeer.java","187347","227503","414850"
"2012-04-23 01:20","QuorumPeer.java","24230","29940","54170"
"2012-07-17 23:19","QuorumPeer.java","24250","30732","54982"
"2019-03-11 19:47","QuorumPeer.java","187361","236931","424292"
"2012-02-27 03:41","QuorumPeer.java","21845","25470","47315"
"2014-07-18 02:19","QuorumPeer.java","33820","70119","103939"
"2019-02-13 13:12","QuorumPeer.java","187360","235878","423238"
"2011-04-29 18:12","QuorumPeer.java","14773","6153","20926"
"2019-04-12 19:01","QuorumPeer.java","187414","238793","426207"
"2018-12-09 03:16","QuorumPeer.java","187347","229577","416924"
"2018-09-11 15:23","QuorumPeer.java","119476","182393","301869"
"2019-11-29 14:49","QuorumPeer.java","188486","264615","453101"
"2013-03-07 07:01","QuorumPeer.java","26292","43840","70132"
"2018-12-15 07:34","QuorumPeer.java","187347","229492","416839"
"2018-11-27 10:02","QuorumPeer.java","187347","227253","414600"
"2018-09-18 01:00","QuorumPeer.java","119535","183707","303242"
"2012-02-06 09:40","QuorumPeer.java","21509","24893","46402"
"2019-06-03 19:40","QuorumPeer.java","187413","242316","429729"
"2019-07-15 14:15","QuorumPeer.java","187413","252404","439817"
"2015-03-17 18:06","QuorumPeer.java","34222","76494","110716"
"2019-07-03 00:44","QuorumPeer.java","187413","244998","432411"
"2019-08-17 17:13","QuorumPeer.java","187413","256985","444398"
"2015-06-27 02:03","QuorumPeer.java","34451","79412","113863"
"2017-11-28 00:10","QuorumPeer.java","40729","95905","136634"
"2014-01-21 04:50","QuorumPeer.java","26989","51687","78676"
"2014-06-04 22:07","QuorumPeer.java","33225","63724","96949"
"2018-01-30 08:02","QuorumPeer.java","40839","96168","137007"
"2019-05-15 11:56","QuorumPeer.java","187414","241740","429154"
"2019-06-05 00:33","QuorumPeer.java","187413","242706","430119"
"2019-05-20 23:13","QuorumPeer.java","187414","241858","429272"
"2019-06-04 10:55","QuorumPeer.java","187413","242469","429882"
"2019-07-12 17:01","QuorumPeer.java","187413","252298","439711"
"2020-01-09 11:27","QuorumPeer.java","188486","266161","454647"
"2017-02-09 11:40","QuorumPeer.java","38221","92173","130394"
"2011-06-14 07:14","QuorumPeer.java","15156","8151","23307"
"2017-07-06 18:48","QuorumPeer.java","40417","92055","132472"
"2018-10-01 06:11","QuorumPeer.java","119689","186440","306129"
"2015-04-09 20:16","QuorumPeer.java","34235","77570","111805"
"2013-10-07 21:08","QuorumPeer.java","26681","47045","73726"
"2013-09-30 22:20","QuorumPeer.java","26548","46481","73029"
"2018-07-04 17:11","QuorumPeer.java","48598","107488","156086"
"2019-12-17 13:48","QuorumPeer.java","188486","265187","453673"
"2015-12-07 05:59","QuorumPeer.java","35516","82307","117823"
"2020-01-23 13:43","QuorumPeer.java","188486","267985","456471"
"2016-06-23 23:45","QuorumPeer.java","37099","84960","122059"
"2011-05-03 19:57","QuorumPeer.java","14775","6159","20934"
"2016-06-23 23:25","QuorumPeer.java","37100","84853","121953"
"2014-03-23 04:12","QuorumPeer.java","27175","54093","81268"
"2013-09-26 00:13","QuorumPeer.java","26529","46218","72747"
"2011-06-17 01:34","QuorumPeer.java","15237","8303","23540"
"2011-06-14 14:11","QuorumPeer.java","15157","8179","23336"
"2014-07-18 20:48","QuorumPeer.java","33854","70612","104466"
"2014-07-04 04:19","QuorumPeer.java","33241","65383","98624"
"2018-12-06 10:56","QuorumPeer.java","187347","227447","414794"
"2014-06-25 15:04","QuorumPeer.java","33230","64226","97456"
"2014-03-28 01:58","QuorumPeer.java","27188","54524","81712"
"2013-10-21 23:36","QuorumPeer.java","26860","49966","76826"
"2019-10-10 14:37","QuorumPeer.java","187413","260738","448151"
"2013-11-07 06:41","QuorumPeer.java","26884","50421","77305"
"2017-07-27 23:09","QuorumPeer.java","40425","91077","131502"
"2014-05-18 05:49","QuorumPeer.java","33210","63220","96430"
"2011-10-25 08:09","QuorumPeer.java","20509","21389","41898"
"2014-03-25 22:13","QuorumPeer.java","27185","54339","81524"
"2011-04-12 09:14","QuorumPeer.java","14662","5707","20369"
"2011-11-01 08:15","QuorumPeer.java","20664","21733","42397"
"2011-03-16 19:49","QuorumPeer.java","1786","34304","36090"
"2018-06-26 11:18","QuorumPeer.java","41073","99945","141018"
"2018-07-27 12:32","QuorumPeer.java","57879","117969","175848"
"2019-04-18 19:17","QuorumPeer.java","187414","239503","426917"
"2011-10-27 23:25","QuorumPeer.java","20587","21627","42214"
"2011-08-30 08:37","QuorumPeer.java","15610","19376","34986"
"2011-08-30 08:29","QuorumPeer.java","15604","19358","34962"
"2013-10-09 22:21","QuorumPeer.java","26856","49599","76455"
"2016-12-20 14:47","QuorumPeer.java","38123","90940","129063"
"2011-05-20 01:17","QuorumPeer.java","14810","6674","21484"
"2017-05-11 16:59","QuorumPeer.java","40345","91116","131461"
"2014-07-03 06:01","QuorumPeer.java","33240","64960","98200"
"2014-08-14 08:08","QuorumPeer.java","33938","71557","105495"
"2014-08-01 07:38","QuorumPeer.java","33939","71137","105076"
"2014-07-20 04:50","QuorumPeer.java","33875","70695","104570"
"2016-06-02 00:59","QuorumPeer.java","37100","84484","121584"
"2020-02-16 10:25","QuorumPeer.java","188486","268698","457184"
"2011-11-05 21:57","Learner.java","49348","18929","68277"
"2011-04-12 09:14","Learner.java","42556","1421","43977"
"2020-03-19 17:09","Learner.java","220653","270034","490687"
"2013-10-09 22:21","Learner.java","55713","46345","102058"
"2011-09-14 08:56","Learner.java","44248","17112","61360"
"2020-02-03 04:30","Learner.java","220653","268529","489182"
"2020-01-23 13:43","Learner.java","220653","267972","488625"
"2017-07-04 07:39","Learner.java","69572","88827","158399"
"2020-03-25 03:38","Learner.java","220653","270830","491483"
"2011-06-17 01:34","Learner.java","43171","4057","47228"
"2015-03-15 08:54","Learner.java","63089","72314","135403"
"2019-11-28 12:24","Learner.java","220653","262951","483604"
"2019-12-27 22:33","Learner.java","220653","266723","487376"
"2020-01-25 18:48","Learner.java","220653","268162","488815"
"2020-05-03 19:43","Learner.java","220653","271766","492419"
"2016-08-13 15:01","Learner.java","66373","82818","149191"
"2013-10-21 23:36","Learner.java","55717","46712","102429"
"2019-10-10 14:37","Learner.java","219580","260725","480305"
"2015-01-25 01:22","Learner.java","62982","71716","134698"
"2019-06-03 19:40","Learner.java","219580","242303","461883"
"2015-03-17 18:06","Learner.java","63171","73332","136503"
"2019-07-15 14:15","Learner.java","219580","252391","471971"
"2019-08-23 19:43","Learner.java","219580","257638","477218"
"2016-09-08 22:59","Learner.java","66546","83239","149785"
"2019-08-17 17:13","Learner.java","219580","256972","476552"
"2017-11-28 00:10","Learner.java","69903","92968","162871"
"2014-03-12 23:57","Learner.java","55977","50496","106473"
"2018-05-09 00:54","Learner.java","70245","95438","165683"
"2019-04-09 15:35","Learner.java","219529","237778","457307"
"2011-06-14 07:14","Learner.java","43090","3905","46995"
"2019-07-12 17:01","Learner.java","219580","252285","471865"
"2017-07-06 18:48","Learner.java","69579","89106","158685"
"2013-10-07 21:08","Learner.java","55537","43790","99327"
"2017-08-18 06:32","Learner.java","69667","88697","158364"
"2019-07-02 07:34","Learner.java","219580","244915","464495"
"2018-10-16 16:22","Learner.java","188324","236801","425125"
"2012-01-31 07:45","Learner.java","50164","21038","71202"
"2014-07-18 02:19","Learner.java","62720","66908","129628"
"2017-02-12 00:12","Learner.java","68709","87300","156009"
"2018-12-09 03:16","Learner.java","219514","229564","449078"
"2013-03-07 07:01","Learner.java","55117","40554","95671"
"2019-11-29 14:49","Learner.java","220653","264602","485255"
"2018-11-27 10:02","Learner.java","219514","227240","446754"
"2018-08-06 14:11","Learner.java","87173","115764","202937"
"2011-02-07 20:26","Learner.java","120","137","257"
"2019-11-29 14:49","QuorumUtil.java","183296","264615","447911"
"2013-03-07 07:01","QuorumUtil.java","27308","50046","77354"
"2011-01-22 20:38","QuorumUtil.java","3132","40502","43634"
"2019-08-17 17:13","QuorumUtil.java","182224","256986","439210"
"2020-03-12 14:47","QuorumUtil.java","183296","270001","453297"
"2019-07-12 17:01","QuorumUtil.java","182224","252299","434523"
"2012-12-11 08:42","QuorumUtil.java","26239","42318","68557"
"2014-01-16 23:59","QuorumUtil.java","27972","57818","85790"
"2019-10-10 14:37","QuorumUtil.java","182224","260739","442963"
"2011-04-12 09:14","QuorumUtil.java","16175","12410","28585"
"2014-05-18 05:49","QuorumUtil.java","34193","69393","103586"
"2011-09-17 02:13","QuorumUtil.java","19748","27381","47129"
"2013-10-09 22:21","QuorumUtil.java","27877","55810","83687"
"2013-09-26 14:05","QuorumUtil.java","27558","52588","80146"
"2020-01-09 22:51","LsCommand.java","984","501","1485"
"2019-08-17 17:13","StatResetCommandTest.java","231754","254847","486601"
"2015-07-07 07:11","SetTest.java","27714","129600","157314"
"2011-04-12 09:14","SetTest.java","20746","72010","92756"
"2010-08-17 09:24","SetTest.java","16154","73013","89167"
"2010-04-22 07:42","SetTest.java","15595","55038","70633"
"2019-10-10 14:37","QuorumPeerMain.java","3717","7470","11187"
"2020-01-23 13:43","QuorumPeerMain.java","11777","21704","33481"
"2019-11-28 12:24","QuorumPeerMain.java","9316","14222","23538"
"2020-02-16 10:25","QuorumPeerMain.java","11925","22565","34490"
"2019-11-11 13:59","QuorumPeerMain.java","3935","11345","15280"
"2019-08-17 17:13","SendAckRequestProcessor.java","29761","45764","75525"
"2015-10-18 19:00","QuorumPeer.java","12691","35981","48672"
"2018-12-20 15:13","QuorumPeer.java","196820","229838","426658"
"2019-05-16 16:25","QuorumPeer.java","196903","241150","438053"
"2018-10-16 16:22","QuorumPeer.java","177424","235269","412693"
"2019-06-14 09:06","QuorumPeer.java","196919","244365","441284"
"2018-12-07 12:41","QuorumPeer.java","196819","226851","423670"
"2019-03-11 19:47","QuorumPeer.java","196839","236285","433124"
"2014-07-18 02:19","QuorumPeer.java","9599","23155","32754"
"2019-02-13 13:12","QuorumPeer.java","196840","235234","432074"
"2019-04-12 19:01","QuorumPeer.java","196903","238158","435061"
"2018-12-09 03:16","QuorumPeer.java","196819","228925","425744"
"2018-09-11 15:23","QuorumPeer.java","111737","151911","263648"
"2019-11-29 14:49","QuorumPeer.java","198267","264272","462539"
"2018-12-15 07:34","QuorumPeer.java","196819","228840","425659"
"2018-11-27 10:02","QuorumPeer.java","196819","226601","423420"
"2018-09-18 01:00","QuorumPeer.java","111813","153242","265055"
"2019-06-03 19:40","QuorumPeer.java","196919","241698","438617"
"2019-07-15 14:15","QuorumPeer.java","196919","251786","448705"
"2015-03-17 18:06","QuorumPeer.java","10937","30466","41403"
"2019-07-03 00:44","QuorumPeer.java","196919","244380","441299"
"2019-08-17 17:13","QuorumPeer.java","196919","256367","453286"
"2015-06-27 02:03","QuorumPeer.java","11484","33702","45186"
"2017-11-28 00:10","QuorumPeer.java","23516","55949","79465"
"2014-01-21 04:50","QuorumPeer.java","382","2337","2719"
"2014-06-04 22:07","QuorumPeer.java","8283","16039","24322"
"2018-01-30 08:02","QuorumPeer.java","23898","56484","80382"
"2019-05-15 11:56","QuorumPeer.java","196903","241105","438008"
"2019-06-05 00:33","QuorumPeer.java","196919","242088","439007"
"2019-05-20 23:13","QuorumPeer.java","196903","241223","438126"
"2019-06-04 10:55","QuorumPeer.java","196919","241851","438770"
"2019-07-12 17:01","QuorumPeer.java","196919","251680","448599"
"2020-01-09 11:27","QuorumPeer.java","198267","265818","464085"
"2017-02-09 11:40","QuorumPeer.java","18249","49458","67707"
"2017-07-06 18:48","QuorumPeer.java","21860","50755","72615"
"2018-10-01 06:11","QuorumPeer.java","111977","155985","267962"
"2015-04-09 20:16","QuorumPeer.java","10978","31570","42548"
"2018-07-04 17:11","QuorumPeer.java","32236","68383","100619"
"2019-12-17 13:48","QuorumPeer.java","198267","264844","463111"
"2015-12-07 05:59","QuorumPeer.java","12979","37027","50006"
"2020-01-23 13:43","QuorumPeer.java","198267","267642","465909"
"2016-06-23 23:45","QuorumPeer.java","16287","41405","57692"
"2016-06-23 23:25","QuorumPeer.java","16256","41266","57522"
"2014-03-23 04:12","QuorumPeer.java","758","4933","5691"
"2014-07-18 20:48","QuorumPeer.java","9818","23833","33651"
"2014-07-04 04:19","QuorumPeer.java","8442","17841","26283"
"2018-12-06 10:56","QuorumPeer.java","196819","226795","423614"
"2014-06-25 15:04","QuorumPeer.java","8306","16559","24865"
"2014-03-28 01:58","QuorumPeer.java","774","5367","6141"
"2013-10-21 23:36","QuorumPeer.java","17","380","397"
"2019-10-10 14:37","QuorumPeer.java","196919","260120","457039"
"2013-11-07 06:41","QuorumPeer.java","149","943","1092"
"2017-07-27 23:09","QuorumPeer.java","22858","50767","73625"
"2014-05-18 05:49","QuorumPeer.java","8195","15462","23657"
"2014-03-25 22:13","QuorumPeer.java","770","5181","5951"
"2018-06-26 11:18","QuorumPeer.java","24272","60401","84673"
"2018-07-27 12:32","QuorumPeer.java","42642","79989","122631"
"2019-04-18 19:17","QuorumPeer.java","196903","238868","435771"
"2016-12-20 14:47","QuorumPeer.java","18078","48152","66230"
"2017-05-11 16:59","QuorumPeer.java","21580","49608","71188"
"2014-07-03 06:01","QuorumPeer.java","8352","17329","25681"
"2014-08-14 08:08","QuorumPeer.java","10259","25135","35394"
"2014-08-01 07:38","QuorumPeer.java","10177","24632","34809"
"2014-07-20 04:50","QuorumPeer.java","9857","23934","33791"
"2016-06-02 00:59","QuorumPeer.java","16223","40864","57087"
"2020-02-16 10:25","QuorumPeer.java","198267","268355","466622"
"2018-12-20 15:13","QuorumPeer.java","225783","228727","454510"
"2019-05-16 16:25","QuorumPeer.java","225883","240056","465939"
"2018-10-16 16:22","QuorumPeer.java","204021","231792","435813"
"2019-06-14 09:06","QuorumPeer.java","225901","243273","469174"
"2018-12-07 12:41","QuorumPeer.java","225782","225740","451522"
"2019-03-11 19:47","QuorumPeer.java","225806","235178","460984"
"2019-02-13 13:12","QuorumPeer.java","225805","234125","459930"
"2019-04-12 19:01","QuorumPeer.java","225883","237064","462947"
"2018-12-09 03:16","QuorumPeer.java","225782","227814","453596"
"2018-09-11 15:23","QuorumPeer.java","107437","117537","224974"
"2019-11-29 14:49","QuorumPeer.java","227506","263437","490943"
"2018-12-15 07:34","QuorumPeer.java","225782","227729","453511"
"2018-11-27 10:02","QuorumPeer.java","225782","225490","451272"
"2018-09-18 01:00","QuorumPeer.java","107565","118920","226485"
"2019-06-03 19:40","QuorumPeer.java","225901","240606","466507"
"2019-07-15 14:15","QuorumPeer.java","225902","250695","476597"
"2019-07-03 00:44","QuorumPeer.java","225901","243288","469189"
"2019-08-17 17:13","QuorumPeer.java","225902","255276","481178"
"2017-11-28 00:10","QuorumPeer.java","7460","9819","17279"
"2018-01-30 08:02","QuorumPeer.java","7951","10463","18414"
"2019-05-15 11:56","QuorumPeer.java","225883","240011","465894"
"2019-06-05 00:33","QuorumPeer.java","225901","240996","466897"
"2019-05-20 23:13","QuorumPeer.java","225884","240130","466014"
"2019-06-04 10:55","QuorumPeer.java","225901","240759","466660"
"2019-07-12 17:01","QuorumPeer.java","225902","250589","476491"
"2020-01-09 11:27","QuorumPeer.java","227508","264985","492493"
"2017-02-09 11:40","QuorumPeer.java","342","1477","1819"
"2017-07-06 18:48","QuorumPeer.java","5126","3947","9073"
"2018-10-01 06:11","QuorumPeer.java","108249","122183","230432"
"2018-07-04 17:11","QuorumPeer.java","18717","24790","43507"
"2019-12-17 13:48","QuorumPeer.java","227506","264009","491515"
"2020-01-23 13:43","QuorumPeer.java","227508","266809","494317"
"2018-12-06 10:56","QuorumPeer.java","225782","225684","451466"
"2019-10-10 14:37","QuorumPeer.java","225902","259029","484931"
"2017-07-27 23:09","QuorumPeer.java","6645","4480","11125"
"2018-06-26 11:18","QuorumPeer.java","8572","14627","23199"
"2018-07-27 12:32","QuorumPeer.java","29290","36563","65853"
"2019-04-18 19:17","QuorumPeer.java","225883","237774","463657"
"2017-05-11 16:59","QuorumPeer.java","4768","2722","7490"
"2020-02-16 10:25","QuorumPeer.java","227508","267522","495030"
"2020-03-25 03:38","ZooKeeperServerBean.java","39646","67231","106877"
"2019-11-14 03:54","ZooKeeperServerBean.java","32379","55188","87567"
"2019-09-16 23:26","ZooKeeperServerBean.java","31280","49099","80379"
"2020-04-30 18:53","ZooKeeperServerBean.java","40270","68755","109025"
"2019-07-08 23:26","ZooKeeperServerBean.java","4010","7586","11596"
"2019-08-17 17:13","ZooKeeperServerBean.java","29720","44520","74240"
"2019-07-30 02:31","ZooKeeperServerBean.java","6739","19460","26199"
"2019-11-18 09:05","ServerCnxn.java","5211","945","6156"
"2020-02-26 22:41","ServerCnxn.java","9923","13167","23090"
"2019-11-14 03:54","NIOServerCnxnFactory.java","313","4569","4882"
"2019-11-08 17:30","FinalRequestProcessor.java","202833","261798","464631"
"2019-07-08 23:26","FinalRequestProcessor.java","202805","244932","447737"
"2019-01-16 23:23","FinalRequestProcessor.java","202697","232028","434725"
"2018-09-18 01:00","FinalRequestProcessor.java","111881","147213","259094"
"2019-04-12 19:01","FinalRequestProcessor.java","202789","237947","440736"
"2019-02-07 11:26","FinalRequestProcessor.java","202698","234381","437079"
"2019-01-14 19:38","FinalRequestProcessor.java","202696","231339","434035"
"2019-01-09 17:22","FinalRequestProcessor.java","202698","234021","436719"
"2015-06-04 19:51","FinalRequestProcessor.java","4132","19898","24030"
"2019-09-10 04:26","FinalRequestProcessor.java","202805","257201","460006"
"2019-08-17 17:13","FinalRequestProcessor.java","202805","256156","458961"
"2016-10-07 21:51","FinalRequestProcessor.java","10147","30964","41111"
"2019-06-26 10:57","FinalRequestProcessor.java","202805","244006","446811"
"2019-08-01 07:28","FinalRequestProcessor.java","202805","256337","459142"
"2019-07-03 00:44","FinalRequestProcessor.java","202805","244169","446974"
"2016-03-23 00:30","FinalRequestProcessor.java","8744","26054","34798"
"2019-08-06 17:11","FinalRequestProcessor.java","202805","257257","460062"
"2015-03-17 18:06","FinalRequestProcessor.java","3229","16661","19890"
"2018-07-10 12:46","FinalRequestProcessor.java","25910","56012","81922"
"2020-03-25 03:38","FinalRequestProcessor.java","204243","270379","474622"
"2019-09-16 23:26","FinalRequestProcessor.java","202805","259175","461980"
"2019-10-10 14:37","FinalRequestProcessor.java","202805","259909","462714"
"2019-11-21 05:58","FinalRequestProcessor.java","204243","260761","465004"
"2019-11-18 09:05","FinalRequestProcessor.java","204243","260738","464981"
"2019-11-11 13:59","FinalRequestProcessor.java","202833","263594","466427"
"2020-03-26 22:12","FinalRequestProcessor.java","204243","270381","474624"
"2014-04-29 02:23","FinalRequestProcessor.java","64","770","834"
"2019-09-05 22:59","AsyncCallback.java","223799","255866","479665"
"2019-01-16 14:21","AsyncCallback.java","223681","231096","454777"
"2019-02-07 11:26","AsyncCallback.java","223682","233449","457131"
"2019-08-17 17:13","AsyncCallback.java","223799","255234","479033"
"2019-12-27 22:33","FileTxnSnapLog.java","134632","266817","401449"
"2009-11-07 08:16","FileTxnSnapLog.java","5649","18564","24213"
"2019-10-10 14:37","FileTxnSnapLog.java","133993","261253","395246"
"2019-12-13 08:51","FileTxnSnapLog.java","134632","264854","399486"
"2017-01-07 01:09","FileTxnSnapLog.java","32059","136041","168100"
"2011-07-13 15:48","FileTxnSnapLog.java","20754","68588","89342"
"2014-02-12 17:00","FileTxnSnapLog.java","27560","104617","132177"
"2012-03-06 09:20","FileTxnSnapLog.java","25753","80085","105838"
"2020-01-23 16:46","FileTxnSnapLog.java","134632","268066","402698"
"2020-01-28 17:26","FileTxnSnapLog.java","134632","268537","403169"
"2011-10-20 20:02","FileTxnSnapLog.java","25146","76498","101644"
"2016-09-18 23:21","FileTxnSnapLog.java","31786","131296","163082"
"2017-01-23 02:13","FileTxnSnapLog.java","32080","136466","168546"
"2011-04-12 09:14","FileTxnSnapLog.java","22214","67194","89408"
"2018-06-08 16:52","FileTxnSnapLog.java","33528","142683","176211"
"2019-09-02 08:23","FileTxnSnapLog.java","133993","258157","392150"
"2011-12-21 21:39","FileTxnSnapLog.java","25392","78441","103833"
"2017-04-28 07:14","FileTxnSnapLog.java","32837","134964","167801"
"2019-07-31 19:06","FileTxnSnapLog.java","133993","256807","390800"
"2018-07-30 06:22","FileTxnSnapLog.java","45113","155923","201036"
"2012-02-06 09:40","FileTxnSnapLog.java","25547","79457","105004"
"2012-07-17 23:25","FileTxnSnapLog.java","26160","83793","109953"
"2020-01-30 09:43","FileTxnSnapLog.java","134632","268613","403245"
"2019-05-14 17:11","FileTxnSnapLog.java","133993","242167","376160"
"2010-03-12 23:36","FileTxnSnapLog.java","13466","47736","61202"
"2013-06-28 23:22","FileTxnSnapLog.java","27232","97168","124400"
"2014-02-10 21:50","FileTxnSnapLog.java","27536","104481","132017"
"2019-05-21 23:34","FileTxnSnapLog.java","133993","242488","376481"
"2019-05-27 10:54","FileTxnSnapLog.java","133993","242820","376813"
"2017-01-13 19:29","FileTxnSnapLog.java","32064","136249","168313"
"2017-06-26 00:07","FileTxnSnapLog.java","33209","134874","168083"
"2018-02-23 23:49","FileTxnSnapLog.java","33456","140357","173813"
"2017-08-18 06:32","FileTxnSnapLog.java","33270","134937","168207"
"2019-08-17 17:13","FileTxnSnapLog.java","133993","257500","391493"
"2018-02-14 21:23","FileTxnSnapLog.java","33457","140194","173651"
"2015-10-18 19:00","QuorumPeer.java","22301","76539","98840"
"2018-12-20 15:13","QuorumPeer.java","179136","230414","409550"
"2019-05-16 16:25","QuorumPeer.java","179203","241710","420913"
"2018-10-16 16:22","QuorumPeer.java","147946","236739","384685"
"2019-06-14 09:06","QuorumPeer.java","179202","244908","424110"
"2018-12-07 12:41","QuorumPeer.java","179136","227428","406564"
"2012-04-23 01:20","QuorumPeer.java","10649","24564","35213"
"2012-07-17 23:19","QuorumPeer.java","10680","25367","36047"
"2019-03-11 19:47","QuorumPeer.java","179150","236856","416006"
"2012-02-27 03:41","QuorumPeer.java","8207","20037","28244"
"2014-07-18 02:19","QuorumPeer.java","20532","65036","85568"
"2019-02-13 13:12","QuorumPeer.java","179149","235803","414952"
"2019-04-12 19:01","QuorumPeer.java","179203","238718","417921"
"2018-12-09 03:16","QuorumPeer.java","179136","229502","408638"
"2018-09-11 15:23","QuorumPeer.java","107206","178328","285534"
"2019-11-29 14:49","QuorumPeer.java","180296","264561","444857"
"2013-03-07 07:01","QuorumPeer.java","12840","38593","51433"
"2018-12-15 07:34","QuorumPeer.java","179136","229417","408553"
"2018-11-27 10:02","QuorumPeer.java","179136","227178","406314"
"2018-09-18 01:00","QuorumPeer.java","107266","179643","286909"
"2012-02-06 09:40","QuorumPeer.java","7864","19453","27317"
"2019-06-03 19:40","QuorumPeer.java","179202","242241","421443"
"2019-07-15 14:15","QuorumPeer.java","179202","252329","431531"
"2015-03-17 18:06","QuorumPeer.java","21006","71483","92489"
"2019-07-03 00:44","QuorumPeer.java","179202","244923","424125"
"2019-08-17 17:13","QuorumPeer.java","179202","256910","436112"
"2015-06-27 02:03","QuorumPeer.java","21267","74433","95700"
"2017-11-28 00:10","QuorumPeer.java","27984","91365","119349"
"2014-01-21 04:50","QuorumPeer.java","13629","46532","60161"
"2014-06-04 22:07","QuorumPeer.java","19888","58592","78480"
"2018-01-30 08:02","QuorumPeer.java","28128","91662","119790"
"2019-05-15 11:56","QuorumPeer.java","179203","241665","420868"
"2019-06-05 00:33","QuorumPeer.java","179202","242631","421833"
"2019-05-20 23:13","QuorumPeer.java","179203","241783","420986"
"2019-06-04 10:55","QuorumPeer.java","179202","242394","421596"
"2019-07-12 17:01","QuorumPeer.java","179202","252223","431425"
"2020-01-09 11:27","QuorumPeer.java","180296","266107","446403"
"2017-02-09 11:40","QuorumPeer.java","25248","87405","112653"
"2011-06-14 07:14","QuorumPeer.java","349","1480","1829"
"2017-07-06 18:48","QuorumPeer.java","27653","87496","115149"
"2018-10-01 06:11","QuorumPeer.java","107421","182377","289798"
"2015-04-09 20:16","QuorumPeer.java","21021","72561","93582"
"2013-10-07 21:08","QuorumPeer.java","13282","41851","55133"
"2013-09-30 22:20","QuorumPeer.java","13140","41278","54418"
"2018-07-04 17:11","QuorumPeer.java","35935","103030","138965"
"2019-12-17 13:48","QuorumPeer.java","180296","265133","445429"
"2015-12-07 05:59","QuorumPeer.java","22448","77444","99892"
"2020-01-23 13:43","QuorumPeer.java","180296","267931","448227"
"2016-06-23 23:45","QuorumPeer.java","24072","80138","104210"
"2016-06-23 23:25","QuorumPeer.java","24073","80031","104104"
"2014-03-23 04:12","QuorumPeer.java","13832","48955","62787"
"2013-09-26 00:13","QuorumPeer.java","13121","41015","54136"
"2011-06-17 01:34","QuorumPeer.java","436","1638","2074"
"2011-06-14 14:11","QuorumPeer.java","350","1508","1858"
"2014-07-18 20:48","QuorumPeer.java","20569","65532","86101"
"2014-07-04 04:19","QuorumPeer.java","19917","60264","80181"
"2018-12-06 10:56","QuorumPeer.java","179136","227372","406508"
"2014-06-25 15:04","QuorumPeer.java","19893","59094","78987"
"2014-03-28 01:58","QuorumPeer.java","13845","49386","63231"
"2013-10-21 23:36","QuorumPeer.java","13475","44786","58261"
"2019-10-10 14:37","QuorumPeer.java","179202","260663","439865"
"2013-11-07 06:41","QuorumPeer.java","13500","45242","58742"
"2017-07-27 23:09","QuorumPeer.java","27661","86518","114179"
"2014-05-18 05:49","QuorumPeer.java","19873","58088","77961"
"2011-10-25 08:09","QuorumPeer.java","6775","15860","22635"
"2014-03-25 22:13","QuorumPeer.java","13842","49201","63043"
"2011-11-01 08:15","QuorumPeer.java","6971","16245","23216"
"2018-06-26 11:18","QuorumPeer.java","28367","95444","123811"
"2018-07-27 12:32","QuorumPeer.java","45264","113559","158823"
"2019-04-18 19:17","QuorumPeer.java","179203","239428","418631"
"2011-10-27 23:25","QuorumPeer.java","6858","16103","22961"
"2011-08-30 08:37","QuorumPeer.java","1652","13623","15275"
"2011-08-30 08:29","QuorumPeer.java","1625","13584","15209"
"2013-10-09 22:21","QuorumPeer.java","13469","44417","57886"
"2016-12-20 14:47","QuorumPeer.java","25144","86166","111310"
"2017-05-11 16:59","QuorumPeer.java","27579","86555","114134"
"2014-07-03 06:01","QuorumPeer.java","19916","59841","79757"
"2014-08-14 08:08","QuorumPeer.java","20656","66480","87136"
"2014-08-01 07:38","QuorumPeer.java","20657","66060","86717"
"2014-07-20 04:50","QuorumPeer.java","20591","65616","86207"
"2016-06-02 00:59","QuorumPeer.java","24059","79648","103707"
"2020-02-16 10:25","QuorumPeer.java","180296","268644","448940"
"2019-08-17 17:13","MetricsProviderLifeCycleException.java","192100","212928","405028"
"2012-08-28 21:51","ClientBase.java","24367","40543","64910"
"2017-06-08 17:51","ClientBase.java","39341","98822","138163"
"2012-07-17 23:19","ClientBase.java","24285","39387","63672"
"2017-04-18 01:37","ClientBase.java","38581","98694","137275"
"2018-09-07 02:49","ClientBase.java","113219","183770","296989"
"2019-07-31 19:06","ClientBase.java","178795","256294","435089"
"2012-02-06 09:47","ClientBase.java","21648","33629","55277"
"2015-02-06 06:17","ClientBase.java","33792","83462","117254"
"2017-09-11 18:55","ClientBase.java","39602","99541","139143"
"2019-08-17 17:13","ClientBase.java","178795","256987","435782"
"2015-03-28 20:08","ClientBase.java","33865","85746","119611"
"2019-06-07 14:13","ClientBase.java","178795","243091","421886"
"2018-04-24 00:20","ClientBase.java","39841","105556","145397"
"2018-08-08 06:21","ClientBase.java","92697","162383","255080"
"2018-05-09 23:57","ClientBase.java","39917","106417","146334"
"2019-06-24 11:05","ClientBase.java","178795","244320","423115"
"2012-12-11 08:42","ClientBase.java","25050","44559","69609"
"2017-01-13 19:29","ClientBase.java","37193","99472","136665"
"2016-06-23 23:25","ClientBase.java","36172","92545","128717"
"2014-01-03 01:40","ClientBase.java","26689","59895","86584"
"2014-01-25 01:17","ClientBase.java","26740","61752","88492"
"2019-11-14 16:44","ClientBase.java","178795","265014","443809"
"2019-10-10 14:37","ClientBase.java","178795","260740","439535"
"2012-03-15 17:47","ClientBase.java","21913","35137","57050"
"2010-09-15 07:51","ClientBase.java","1931","38721","40652"
"2012-01-14 00:28","ClientBase.java","21532","32997","54529"
"2011-04-12 09:14","ClientBase.java","15097","14762","29859"
"2011-11-05 07:29","ClientBase.java","20740","30785","51525"
"2016-08-24 01:36","ClientBase.java","36590","93534","130124"
"2011-09-17 02:13","ClientBase.java","18610","29673","48283"
"2010-08-18 08:24","ClientBase.java","1895","10515","12410"
"2015-03-08 23:07","ClientBase.java","33824","83668","117492"
"2019-08-17 17:13","ExpiryQueue.java","29523","44192","73715"
"2020-02-16 10:25","QuorumAuthTestBase.java","4029","8112","12141"
"2020-01-22 11:08","QuorumAuthTestBase.java","2080","3966","6046"
"2020-05-05 09:18","JettyAdminServer.java","13684","23693","37377"
"2019-10-10 14:37","KeyAuthClientTest.java","225558","259045","484603"
"2019-08-17 17:13","KeyAuthClientTest.java","225558","255292","480850"
"2019-12-27 22:33","FileTxnSnapLog.java","10004","18682","28686"
"2019-10-10 14:37","FileTxnSnapLog.java","3717","7470","11187"
"2019-12-13 08:51","FileTxnSnapLog.java","9816","16531","26347"
"2020-01-23 16:46","FileTxnSnapLog.java","11779","21706","33485"
"2020-01-28 17:26","FileTxnSnapLog.java","11862","22260","34122"
"2019-09-02 08:23","FileTxnSnapLog.java","1252","1909","3161"
"2020-01-30 09:43","FileTxnSnapLog.java","11889","22363","34252"
"2019-11-11 13:59","GetAclCommand.java","3935","11345","15280"
"2018-07-12 01:33","StatResetCommandTest.java","11576","14643","26219"
"2019-08-17 17:13","StatResetCommandTest.java","228915","255075","483990"
"2019-08-17 17:13","HierarchicalQuorumTest.java","223830","255250","479080"
"2019-07-12 17:01","HierarchicalQuorumTest.java","223830","250563","474393"
"2019-10-10 14:37","HierarchicalQuorumTest.java","223830","259003","482833"
"2018-06-26 11:18","HierarchicalQuorumTest.java","3937","12038","15975"
"2018-08-08 06:21","SessionTrackerCheckTest.java","83378","103220","186598"
"2019-08-17 17:13","SessionTrackerCheckTest.java","215122","256089","471211"
"2019-10-10 14:37","ACLTest.java","142084","261253","403337"
"2013-12-21 22:05","ACLTest.java","29919","98786","128705"
"2010-08-18 08:24","ACLTest.java","17950","63794","81744"
"2010-03-31 06:26","ACLTest.java","14591","40968","55559"
"2011-04-12 09:14","ACLTest.java","22852","59741","82593"
"2016-08-24 01:36","ACLTest.java","34275","127020","161295"
"2017-09-11 18:55","ACLTest.java","35943","131683","167626"
"2016-11-13 20:59","ACLTest.java","34326","130657","164983"
"2019-05-06 18:32","ACLTest.java","142084","241854","383938"
"2017-08-18 23:35","ACLTest.java","35884","131546","167430"
"2019-08-17 17:13","ACLTest.java","142084","257500","399584"
"2014-04-25 23:40","ACLTest.java","31358","104673","136031"
"2019-10-10 14:37","ZKDatabase.java","224064","259003","483067"
"2019-12-27 22:33","ZKDatabase.java","225690","265554","491244"
"2018-04-06 06:04","ZKDatabase.java","3175","8553","11728"
"2018-09-28 23:38","ZKDatabase.java","103565","119306","222871"
"2019-11-08 17:30","ZKDatabase.java","224112","260912","485024"
"2019-05-14 17:11","ZKDatabase.java","224045","239898","463943"
"2018-09-18 01:00","ZKDatabase.java","102883","116050","218933"
"2019-02-07 11:26","ZKDatabase.java","223947","233465","457412"
"2019-04-12 19:01","ZKDatabase.java","224045","237038","461083"
"2018-09-05 22:35","ZKDatabase.java","102735","113648","216383"
"2018-02-07 01:05","ZKDatabase.java","3059","8085","11144"
"2019-08-17 17:13","ZKDatabase.java","224064","255250","479314"
"2019-09-10 00:27","ZKDatabase.java","224064","256190","480254"
"2018-02-23 23:49","ZKDatabase.java","3166","8536","11702"
"2017-08-03 20:28","ZKDatabase.java","1682","1458","3140"
"2019-04-09 15:35","ZKDatabase.java","223970","236013","459983"
"2016-07-27 01:33","CreateCommand.java","5576","9127","14703"
"2017-05-27 00:52","CreateCommand.java","11823","18050","29873"
"2019-08-17 17:13","CreateCommand.java","218393","255978","474371"
"2018-05-09 23:57","CreateCommand.java","15133","28407","43540"
"2020-03-22 14:47","ZKUtil.java","12032","24052","36084"
"2019-11-11 13:59","ZKUtil.java","3935","11345","15280"
"2019-11-08 17:30","ZooKeeper.java","32300","57791","90091"
"2019-08-17 17:13","ZooKeeper.java","30048","49925","79973"
"2019-06-26 10:57","ZooKeeper.java","4839","12566","17405"
"2019-06-03 19:40","ZooKeeper.java","1425","6633","8058"
"2019-08-03 08:42","ZooKeeper.java","8188","28773","36961"
"2020-04-16 12:50","ZooKeeper.java","40107","73558","113665"
"2019-10-10 14:37","ZooKeeper.java","32134","55764","87898"
"2020-05-17 15:13","ZooKeeper.java","43381","77203","120584"
"2019-08-17 17:13","ZkDatabaseCorruptionTest.java","178405","256932","435337"
"2013-02-19 09:18","ZkDatabaseCorruptionTest.java","12558","35140","47698"
"2019-10-10 14:37","ZkDatabaseCorruptionTest.java","178405","260685","439090"
"2014-05-15 03:35","ZkDatabaseCorruptionTest.java","19835","58447","78282"
"2011-07-29 10:14","ZkDatabaseCorruptionTest.java","1617","10534","12151"
"2014-01-27 14:37","ZkDatabaseCorruptionTest.java","13776","49198","62974"
"2018-04-06 06:04","ZkDatabaseCorruptionTest.java","28169","93576","121745"
"2016-08-24 01:36","ZkDatabaseCorruptionTest.java","24528","81876","106404"
"2019-12-27 22:33","FileTxnLog.java","33657","41627","75284"
"2019-10-10 14:37","FileTxnLog.java","27642","30687","58329"
"2020-01-28 17:26","FileTxnLog.java","35229","44919","80148"
"2019-08-17 17:13","FileTxnLog.java","24898","24190","49088"
"2019-10-10 14:37","LearnerHandler.java","223824","258987","482811"
"2019-07-03 20:54","LearnerHandler.java","223823","243227","467050"
"2018-09-18 01:00","LearnerHandler.java","101761","115152","216913"
"2018-08-03 18:52","LearnerHandler.java","23129","32944","56073"
"2018-12-09 03:16","LearnerHandler.java","223704","227772","451476"
"2019-04-12 19:01","LearnerHandler.java","223805","237022","460827"
"2017-11-28 00:10","LearnerHandler.java","870","5265","6135"
"2019-06-29 00:33","LearnerHandler.java","223823","243220","467043"
"2019-07-25 21:41","LearnerHandler.java","223824","251717","475541"
"2019-08-23 19:43","LearnerHandler.java","223824","255900","479724"
"2019-08-17 17:13","LearnerHandler.java","223824","255234","479058"
"2019-05-06 17:48","LearnerHandler.java","223805","239528","463333"
"2019-08-03 08:42","LearnerHandler.java","223824","255942","479766"
"2019-04-22 19:15","LearnerHandler.java","223805","237997","461802"
"2014-02-12 17:00","LearnerHandler.java","5018","24436","29454"
"2014-03-23 04:12","LearnerHandler.java","5209","25014","30223"
"2019-10-10 14:37","LearnerHandler.java","181386","260217","441603"
"2015-06-05 20:38","LearnerHandler.java","14014","51510","65524"
"2015-06-05 20:51","LearnerHandler.java","14014","51537","65551"
"2015-06-12 23:02","LearnerHandler.java","14029","51650","65679"
"2013-09-26 14:05","LearnerHandler.java","4187","16914","21101"
"2019-07-03 20:54","LearnerHandler.java","181386","244458","425844"
"2013-06-28 23:22","LearnerHandler.java","3772","16069","19841"
"2018-09-18 01:00","LearnerHandler.java","108128","165187","273315"
"2013-05-14 14:27","LearnerHandler.java","3371","13931","17302"
"2018-08-03 18:52","LearnerHandler.java","43054","96537","139591"
"2018-12-09 03:16","LearnerHandler.java","181291","229027","410318"
"2019-04-12 19:01","LearnerHandler.java","181370","238255","419625"
"2013-03-07 07:01","LearnerHandler.java","3312","13747","17059"
"2017-11-28 00:10","LearnerHandler.java","24197","72260","96457"
"2019-06-29 00:33","LearnerHandler.java","181386","244451","425837"
"2013-05-11 15:35","LearnerHandler.java","3327","13810","17137"
"2019-07-25 21:41","LearnerHandler.java","181386","252947","434333"
"2019-08-23 19:43","LearnerHandler.java","181386","257130","438516"
"2019-08-17 17:13","LearnerHandler.java","181386","256464","437850"
"2017-06-26 00:16","LearnerHandler.java","23198","67218","90416"
"2017-08-03 20:28","LearnerHandler.java","23670","67338","91008"
"2019-05-06 17:48","LearnerHandler.java","181370","240761","422131"
"2019-08-03 08:42","LearnerHandler.java","181386","257172","438558"
"2019-04-22 19:15","LearnerHandler.java","181370","239230","420600"
"2016-08-24 01:36","InvalidSnapshotTest.java","18498","62105","80603"
"2013-12-21 22:05","InvalidSnapshotTest.java","4916","24645","29561"
"2013-10-02 01:45","InvalidSnapshotTest.java","4450","19718","24168"
"2019-10-10 14:37","InvalidSnapshotTest.java","179027","260254","439281"
"2019-08-17 17:13","InvalidSnapshotTest.java","179027","256501","435528"
"2014-06-30 19:11","Observer.java","62000","61462","123462"
"2011-10-20 20:02","Observer.java","48853","17551","66404"
"2019-10-10 14:37","Observer.java","219597","260725","480322"
"2015-06-05 21:25","Observer.java","63283","75798","139081"
"2019-12-27 22:33","Observer.java","220670","266723","487393"
"2017-11-28 00:10","Observer.java","69798","92846","162644"
"2019-07-15 14:15","Observer.java","219597","252391","471988"
"2019-08-23 19:43","Observer.java","219597","257638","477235"
"2019-08-17 17:13","Observer.java","219597","256972","476569"
"2019-05-03 00:44","Observer.java","219598","240970","460568"
"2019-06-05 00:33","Observer.java","219597","242693","462290"
"2019-07-02 07:34","Observer.java","219597","244915","464512"
"2013-03-07 07:01","Observer.java","55002","40422","95424"
"2018-12-09 03:16","Observer.java","219531","229564","449095"
"2018-12-09 03:16","FollowerRequestProcessor.java","172008","229496","401504"
"2013-03-07 07:01","FollowerRequestProcessor.java","12707","32894","45601"
"2016-10-07 21:51","FollowerRequestProcessor.java","24694","76990","101684"
"2019-08-17 17:13","FollowerRequestProcessor.java","172074","256904","428978"
"2015-06-04 19:51","FollowerRequestProcessor.java","21330","68575","89905"
"2019-08-01 07:31","FollowerRequestProcessor.java","172074","257575","429649"
"2014-03-23 04:12","FollowerRequestProcessor.java","13782","43339","57121"
"2020-03-25 03:38","FollowerRequestProcessor.java","173172","270787","443959"
"2014-07-18 19:46","FollowerRequestProcessor.java","20515","59680","80195"
"2019-10-10 14:37","FollowerRequestProcessor.java","172074","260657","432731"
"2011-10-28 18:37","FollowerRequestProcessor.java","6407","10122","16529"
"2020-05-05 21:20","FollowerRequestProcessor.java","173172","271818","444990"
"2013-10-09 22:21","FollowerRequestProcessor.java","13382","38764","52146"
"2015-03-08 23:07","FollowerRequestProcessor.java","20924","64787","85711"
"2015-05-14 07:10","CnxManagerTest.java","32430","119495","151925"
"2020-03-12 14:47","CnxManagerTest.java","143625","270073","413698"
"2019-08-17 17:13","CnxManagerTest.java","142985","257490","400475"
"2019-06-03 19:40","CnxManagerTest.java","142985","242821","385806"
"2017-11-28 00:10","CnxManagerTest.java","36335","135021","171356"
"2019-07-12 17:01","CnxManagerTest.java","142985","252803","395788"
"2019-05-08 21:54","CnxManagerTest.java","142985","241992","384977"
"2019-08-06 12:52","CnxManagerTest.java","142985","258463","401448"
"2019-06-14 09:06","CnxManagerTest.java","142985","245488","388473"
"2013-03-07 07:01","CnxManagerTest.java","29670","90728","120398"
"2019-11-29 14:49","CnxManagerTest.java","143625","264687","408312"
"2011-04-29 18:12","CnxManagerTest.java","22928","59241","82169"
"2015-02-06 06:17","CnxManagerTest.java","32311","116871","149182"
"2010-11-17 15:59","CnxManagerTest.java","18537","94493","113030"
"2017-09-11 18:55","CnxManagerTest.java","36277","131106","167383"
"2010-10-20 00:32","CnxManagerTest.java","17974","92816","110790"
"2011-03-16 19:49","CnxManagerTest.java","18754","96205","114959"
"2011-04-12 09:14","CnxManagerTest.java","22880","58858","81738"
"2010-10-06 19:01","CnxManagerTest.java","17954","91303","109257"
"2011-09-17 02:13","CnxManagerTest.java","24541","70494","95035"
"2010-03-31 06:26","CnxManagerTest.java","14545","40011","54556"
"2011-09-14 06:32","CnxManagerTest.java","21938","69862","91800"
"2020-02-16 10:25","CnxManagerTest.java","143625","268770","412395"
"2014-06-25 15:04","CnxManagerTest.java","31708","106214","137922"
"2015-11-03 08:11","CnxManagerTest.java","32588","122169","154757"
"2019-10-10 14:37","CnxManagerTest.java","142985","261243","404228"
"2014-07-23 19:36","CnxManagerTest.java","32145","112557","144702"
"2019-12-27 22:33","FileTxnLog.java","37710","65531","103241"
"2019-10-10 14:37","FileTxnLog.java","31910","54806","86716"
"2020-01-28 17:26","FileTxnLog.java","39107","68648","107755"
"2019-05-14 17:11","FileTxnLog.java","809","4619","5428"
"2019-04-12 19:01","FileTxnLog.java","397","1347","1744"
"2019-08-17 17:13","FileTxnLog.java","29822","48965","78787"
"2019-06-03 19:40","FileTxnLog.java","1170","5644","6814"
"2019-08-03 08:42","FileTxnLog.java","7938","27789","35727"
"2019-11-29 14:49","QuorumCnxManager.java","234000","262658","496658"
"2018-08-06 14:11","QuorumCnxManager.java","231","843","1074"
"2018-10-16 16:22","QuorumCnxManager.java","199067","219565","418632"
"2019-06-14 09:06","QuorumCnxManager.java","232061","242160","474221"
"2019-08-03 08:42","QuorumCnxManager.java","232062","254871","486933"
"2019-11-13 20:41","QuorumCnxManager.java","232111","261931","494042"
"2019-04-09 16:08","QuorumCnxManager.java","231945","234902","466847"
"2019-08-06 12:52","QuorumCnxManager.java","232062","255136","487198"
"2019-05-20 23:13","QuorumCnxManager.java","232044","239017","471061"
"2019-07-27 20:04","QuorumCnxManager.java","232062","250694","482756"
"2020-03-12 14:47","QuorumCnxManager.java","234002","268046","502048"
"2019-08-17 17:13","QuorumCnxManager.java","232062","254163","486225"
"2019-10-10 14:37","QuorumCnxManager.java","232063","257917","489980"
"2020-01-23 13:43","QuorumCnxManager.java","234002","266030","500032"
"2019-11-28 12:24","QuorumCnxManager.java","234000","261007","495007"
"2020-03-23 16:20","QuorumCnxManager.java","234002","268217","502219"
"2020-02-16 10:25","QuorumCnxManager.java","234002","266743","500745"
"2019-08-17 17:13","DatadirCleanupManager.java","177119","256742","433861"
"2017-02-14 09:23","DatadirCleanupManager.java","26395","74529","100924"
"2019-10-10 14:37","DatadirCleanupManager.java","177119","260495","437614"
"2009-08-25 07:45","SendAckRequestProcessor.java","6115","46586","52701"
"2009-10-30 17:19","SendAckRequestProcessor.java","7685","49792","57477"
"2011-10-20 20:02","SendAckRequestProcessor.java","20354","102052","122406"
"2011-04-12 09:14","SendAckRequestProcessor.java","17738","93189","110927"
"2019-08-17 17:13","SendAckRequestProcessor.java","103705","257683","361388"
"2019-05-03 00:44","SendAckRequestProcessor.java","103706","241681","345387"
"2019-08-17 17:13","GenerateLoad.java","232674","254163","486837"
"2019-10-10 14:37","ZooKeeperSaslClient.java","193727","260122","453849"
"2016-03-02 07:46","ZooKeeperSaslClient.java","13483","41077","54560"
"2016-03-05 01:03","ZooKeeperSaslClient.java","14642","41129","55771"
"2015-12-05 22:32","ZooKeeperSaslClient.java","13295","40391","53686"
"2020-02-04 10:39","ZooKeeperSaslClient.java","195073","268199","463272"
"2019-01-31 15:50","ZooKeeperSaslClient.java","193629","233938","427567"
"2019-08-03 08:42","ZooKeeperSaslClient.java","193727","257077","450804"
"2014-12-20 15:29","ZooKeeperSaslClient.java","11018","32313","43331"
"2017-11-28 00:10","ZooKeeperSaslClient.java","23763","59390","83153"
"2013-10-11 21:18","ZooKeeperSaslClient.java","520","3928","4448"
"2016-05-02 18:15","ZooKeeperSaslClient.java","16477","43819","60296"
"2013-09-28 01:24","ZooKeeperSaslClient.java","35","330","365"
"2019-08-17 17:13","ZooKeeperSaslClient.java","193727","256369","450096"
"2019-02-06 09:46","ZooKeeper.java","178901","234411","413312"
"2019-01-16 14:21","ZooKeeper.java","178900","232687","411587"
"2017-04-18 02:02","ZooKeeper.java","29577","76688","106265"
"2019-11-08 17:30","ZooKeeper.java","178986","262407","441393"
"2019-02-07 11:26","ZooKeeper.java","178901","235040","413941"
"2013-03-07 07:01","ZooKeeper.java","13546","26710","40256"
"2013-12-17 17:55","ZooKeeper.java","14418","34386","48804"
"2012-02-06 09:56","ZooKeeper.java","7857","6861","14718"
"2012-03-17 01:31","ZooKeeper.java","8197","8706","16903"
"2012-11-17 15:03","ZooKeeper.java","11167","16795","27962"
"2017-05-01 17:19","ZooKeeper.java","29588","76826","106414"
"2014-01-24 07:18","ZooKeeper.java","14516","36413","50929"
"2019-08-17 17:13","ZooKeeper.java","178958","256765","435723"
"2015-06-04 19:51","ZooKeeper.java","22412","62634","85046"
"2016-10-07 21:51","ZooKeeper.java","27098","72371","99469"
"2015-03-16 09:09","ZooKeeper.java","22019","59197","81216"
"2015-03-17 18:06","ZooKeeper.java","22101","59989","82090"
"2016-05-02 18:15","ZooKeeper.java","26444","68951","95395"
"2019-06-26 10:57","ZooKeeper.java","178958","244615","423573"
"2019-06-03 19:40","ZooKeeper.java","178958","242096","421054"
"2018-05-09 23:57","ZooKeeper.java","32234","85730","117964"
"2019-08-03 08:42","ZooKeeper.java","178958","257473","436431"
"2016-11-13 20:59","ZooKeeper.java","27117","74643","101760"
"2013-02-03 15:52","ZooKeeper.java","13137","22238","35375"
"2012-09-28 18:32","ZooKeeper.java","10941","14601","25542"
"2017-07-28 00:36","ZooKeeper.java","31295","77667","108962"
"2017-08-18 23:35","ZooKeeper.java","31375","78232","109607"
"2017-07-04 07:56","ZooKeeper.java","30650","77632","108282"
"2020-04-16 12:50","ZooKeeper.java","180164","271545","451709"
"2018-07-27 05:16","ZooKeeper.java","50174","105688","155862"
"2019-10-10 14:37","ZooKeeper.java","178958","260518","439476"
"2014-04-01 04:03","ZooKeeper.java","14959","38336","53295"
"2012-12-19 19:16","ZooKeeper.java","12516","21124","33640"
"2019-02-11 12:34","ZooKeeper.java","178901","235403","414304"
"2014-07-08 20:18","ZooKeeper.java","21304","49568","70872"
"2020-05-17 15:13","ZooKeeper.java","180168","271920","452088"
"2017-01-09 22:49","ZooKeeper.java","27783","76877","104660"
"2019-03-12 19:08","ZooKeeper.java","178910","236840","415750"
"2014-07-22 06:51","ZooKeeper.java","21610","54072","75682"
"2014-04-29 02:23","ZooKeeper.java","20648","45810","66458"
"2019-10-10 14:37","QuorumPeerMain.java","216164","259836","476000"
"2020-01-23 13:43","QuorumPeerMain.java","217618","267464","485082"
"2019-11-28 12:24","QuorumPeerMain.java","217616","262441","480057"
"2020-02-16 10:25","QuorumPeerMain.java","217618","268177","485795"
"2019-04-18 19:17","QuorumPeerMain.java","216147","238583","454730"
"2019-11-11 13:59","QuorumPeerMain.java","216193","263522","479715"
"2019-04-12 19:01","QuorumPeerMain.java","216147","237873","454020"
"2018-09-11 15:23","QuorumPeerMain.java","112345","132990","245335"
"2017-02-13 22:09","QuorumPeerMain.java","11839","20269","32108"
"2018-08-06 14:11","QuorumPeerMain.java","36182","54612","90794"
"2017-07-28 00:36","QuorumPeerMain.java","14715","23199","37914"
"2019-08-17 17:13","QuorumPeerMain.java","216164","256083","472247"
"2017-11-28 00:10","QuorumPeerMain.java","15413","28317","43730"
"2018-09-18 01:00","ServerStatsTest.java","89020","93613","182633"
"2019-08-17 17:13","ServerStatsTest.java","231551","254163","485714"
"2020-03-19 17:09","Learner.java","45303","84634","129937"
"2020-02-03 04:30","Learner.java","45238","83064","128302"
"2020-01-23 13:43","Learner.java","45133","82402","127535"
"2020-03-25 03:38","Learner.java","45366","85493","130859"
"2019-11-28 12:24","Learner.java","43623","75871","119494"
"2019-12-27 22:33","Learner.java","43998","80018","124016"
"2020-01-25 18:48","Learner.java","45139","82598","127737"
"2020-05-03 19:43","Learner.java","45937","87000","132937"
"2019-10-10 14:37","Learner.java","38466","69561","108027"
"2019-06-03 19:40","Learner.java","9130","21803","30933"
"2019-07-15 14:15","Learner.java","13464","36225","49689"
"2019-08-23 19:43","Learner.java","36478","64486","100964"
"2019-08-17 17:13","Learner.java","36481","63823","100304"
"2019-04-09 15:35","Learner.java","8181","16380","24561"
"2019-07-12 17:01","Learner.java","13464","36119","49583"
"2019-07-02 07:34","Learner.java","12410","27695","40105"
"2019-11-29 14:49","Learner.java","43897","77796","121693"
"2019-02-07 11:26","PrepRequestProcessor.java","231149","233040","464189"
"2019-09-11 10:27","PrepRequestProcessor.java","231290","256205","487495"
"2018-07-19 05:59","PrepRequestProcessor.java","21300","22254","43554"
"2019-01-16 14:21","PrepRequestProcessor.java","231142","230681","461823"
"2019-11-08 17:30","PrepRequestProcessor.java","231338","260511","491849"
"2019-04-09 15:35","PrepRequestProcessor.java","231173","235589","466762"
"2019-04-17 14:16","PrepRequestProcessor.java","231252","236883","468135"
"2019-05-10 12:22","PrepRequestProcessor.java","231269","239335","470604"
"2019-02-07 11:22","PrepRequestProcessor.java","231149","232702","463851"
"2019-08-01 07:31","PrepRequestProcessor.java","231289","255519","486808"
"2019-06-26 10:57","PrepRequestProcessor.java","231288","242697","473985"
"2019-08-17 17:13","PrepRequestProcessor.java","231289","254848","486137"
"2018-08-08 06:21","PrepRequestProcessor.java","69321","71755","141076"
"2019-12-27 22:33","PrepRequestProcessor.java","233226","265463","498689"
"2019-10-10 14:37","PrepRequestProcessor.java","231290","258602","489892"
"2020-03-25 03:38","PrepRequestProcessor.java","233227","269571","502798"
"2019-08-17 17:13","AclParser.java","178872","256502","435374"
"2019-11-29 14:49","QuorumUtil.java","198267","264272","462539"
"2019-08-17 17:13","QuorumUtil.java","196919","256367","453286"
"2020-03-12 14:47","QuorumUtil.java","198267","269658","467925"
"2019-07-12 17:01","QuorumUtil.java","196919","251680","448599"
"2014-01-16 23:59","QuorumUtil.java","333","2246","2579"
"2019-10-10 14:37","QuorumUtil.java","196919","260120","457039"
"2014-05-18 05:49","QuorumUtil.java","8195","15462","23657"
"2013-03-07 07:01","QuorumMaj.java","12977","39549","52526"
"2017-09-11 18:55","QuorumMaj.java","27844","88187","116031"
"2012-04-23 01:20","QuorumMaj.java","10791","25525","36316"
"2019-08-17 17:13","QuorumMaj.java","178405","256932","435337"
"2013-12-21 22:05","RepeatStartupTest.java","29919","98786","128705"
"2010-08-18 08:24","RepeatStartupTest.java","17950","63794","81744"
"2010-03-31 06:26","RepeatStartupTest.java","14591","40968","55559"
"2011-04-12 09:14","RepeatStartupTest.java","22852","59741","82593"
"2011-10-25 08:09","RepeatStartupTest.java","26178","71479","97657"
"2019-08-17 17:13","RepeatStartupTest.java","142084","257500","399584"
"2019-11-08 17:30","ClientCnxn.java","191","2052","2243"
"2020-05-17 15:13","ClientCnxn.java","14474","24666","39140"
"2020-03-03 03:12","ClientCnxn.java","10061","18043","28104"
"2020-01-21 17:53","ClientCnxn.java","7878","12121","19999"
"2019-11-21 05:58","ClientCnxn.java","5323","4737","10060"
"2020-04-16 12:50","ClientCnxn.java","10911","20732","31643"
"2018-10-16 16:22","QuorumPeerConfig.java","159926","236336","396262"
"2012-04-23 01:20","QuorumPeerConfig.java","10635","12167","22802"
"2018-12-09 03:16","QuorumPeerConfig.java","178693","229364","408057"
"2019-04-12 19:01","QuorumPeerConfig.java","178753","238573","417326"
"2018-09-11 15:23","QuorumPeerConfig.java","114270","173009","287279"
"2013-03-07 07:01","QuorumPeerConfig.java","13544","26914","40458"
"2018-12-15 07:34","QuorumPeerConfig.java","178693","229279","407972"
"2019-02-13 13:12","QuorumPeerConfig.java","178706","235665","414371"
"2019-08-17 17:13","QuorumPeerConfig.java","178752","256765","435517"
"2015-03-17 18:06","QuorumPeerConfig.java","22071","60165","82236"
"2014-01-21 04:50","QuorumPeerConfig.java","14473","34993","49466"
"2012-12-16 07:43","QuorumPeerConfig.java","11969","18945","30914"
"2017-11-28 00:10","QuorumPeerConfig.java","31742","82740","114482"
"2019-06-05 00:29","QuorumPeerConfig.java","178752","242432","421184"
"2014-09-17 07:34","QuorumPeerConfig.java","21725","56366","78091"
"2020-01-09 11:27","QuorumPeerConfig.java","179958","266074","446032"
"2019-07-12 17:01","QuorumPeerConfig.java","178752","252078","430830"
"2016-11-13 20:59","QuorumPeerConfig.java","27077","74809","101886"
"2019-05-15 11:56","QuorumPeerConfig.java","178753","241520","420273"
"2014-08-19 22:50","QuorumPeerConfig.java","21725","55280","77005"
"2018-10-01 06:11","QuorumPeerConfig.java","114487","177060","291547"
"2017-07-28 00:36","QuorumPeerConfig.java","31242","77820","109062"
"2013-09-30 22:20","QuorumPeerConfig.java","13944","29699","43643"
"2017-07-06 18:48","QuorumPeerConfig.java","30597","78057","108654"
"2013-09-26 00:13","QuorumPeerConfig.java","13925","29436","43361"
"2020-01-23 13:43","QuorumPeerConfig.java","179958","267898","447856"
"2014-05-17 13:23","QuorumPeerConfig.java","20638","46053","66691"
"2014-07-04 04:19","QuorumPeerConfig.java","20830","48794","69624"
"2011-09-17 02:42","QuorumPeerConfig.java","3553","1943","5496"
"2016-06-23 19:42","QuorumPeerConfig.java","26428","69728","96156"
"2015-09-06 20:02","QuorumPeerConfig.java","23439","65045","88484"
"2015-09-29 03:56","QuorumPeerConfig.java","23481","65268","88749"
"2019-10-10 14:37","QuorumPeerConfig.java","178752","260518","439270"
"2018-07-27 12:32","QuorumPeerConfig.java","50147","106059","156206"
"2019-04-18 19:17","QuorumPeerConfig.java","178753","239283","418036"
"2016-11-03 16:07","QuorumPeerConfig.java","27057","73120","100177"
"2014-03-25 22:13","QuorumPeerConfig.java","14744","37720","52464"
"2013-10-09 22:21","QuorumPeerConfig.java","14270","32835","47105"
"2014-08-01 07:38","QuorumPeerConfig.java","21675","54695","76370"
"2014-08-14 08:08","QuorumPeerConfig.java","21675","55116","76791"
"2020-02-16 10:25","QuorumPeerConfig.java","179958","268611","448569"
"2020-05-14 18:18","QuorumPeerConfig.java","179962","271840","451802"
"2017-05-11 16:59","QuorumPeerConfig.java","30363","76956","107319"
"2018-12-09 03:16","LeaderZooKeeperServer.java","175217","229240","404457"
"2018-11-21 17:56","LeaderZooKeeperServer.java","175216","224671","399887"
"2012-01-31 07:45","LeaderZooKeeperServer.java","1797","3956","5753"
"2019-06-04 10:55","LeaderZooKeeperServer.java","175294","242143","417437"
"2015-06-04 19:51","LeaderZooKeeperServer.java","17003","60783","77786"
"2019-08-17 17:13","LeaderZooKeeperServer.java","175294","256659","431953"
"2019-06-03 19:40","LeaderZooKeeperServer.java","175294","241990","417284"
"2019-11-25 15:37","LeaderZooKeeperServer.java","176599","262772","439371"
"2019-12-27 22:33","LeaderZooKeeperServer.java","176599","266642","443241"
"2013-10-09 22:21","LeaderZooKeeperServer.java","8787","30704","39491"
"2019-08-17 17:13","Op.java","26898","39048","65946"
"2019-07-25 21:41","FollowerMXBean.java","14381","38206","52587"
"2019-08-17 17:13","FollowerMXBean.java","36481","63823","100304"
"2015-10-18 19:00","QuorumPeer.java","33514","99185","132699"
"2018-12-20 15:13","QuorumPeer.java","167657","230494","398151"
"2019-05-16 16:25","QuorumPeer.java","167724","241790","409514"
"2018-10-16 16:22","QuorumPeer.java","136787","237013","373800"
"2019-06-14 09:06","QuorumPeer.java","167723","244988","412711"
"2018-12-07 12:41","QuorumPeer.java","167657","227508","395165"
"2012-04-23 01:20","QuorumPeer.java","23519","48867","72386"
"2012-07-17 23:19","QuorumPeer.java","23539","49659","73198"
"2019-03-11 19:47","QuorumPeer.java","167671","236936","404607"
"2012-02-27 03:41","QuorumPeer.java","21236","44499","65735"
"2014-07-18 02:19","QuorumPeer.java","32621","88558","121179"
"2019-02-13 13:12","QuorumPeer.java","167670","235883","403553"
"2011-04-29 18:12","QuorumPeer.java","14819","25894","40713"
"2019-04-12 19:01","QuorumPeer.java","167724","238798","406522"
"2018-12-09 03:16","QuorumPeer.java","167657","229582","397239"
"2018-09-11 15:23","QuorumPeer.java","102462","185017","287479"
"2019-11-29 14:49","QuorumPeer.java","168795","264619","433414"
"2013-03-07 07:01","QuorumPeer.java","25323","62509","87832"
"2018-12-15 07:34","QuorumPeer.java","167657","229497","397154"
"2018-11-27 10:02","QuorumPeer.java","167657","227258","394915"
"2018-09-18 01:00","QuorumPeer.java","102516","186326","288842"
"2012-02-06 09:40","QuorumPeer.java","20920","43942","64862"
"2019-06-03 19:40","QuorumPeer.java","167723","242321","410044"
"2019-07-15 14:15","QuorumPeer.java","167723","252409","420132"
"2015-03-17 18:06","QuorumPeer.java","32933","94843","127776"
"2019-07-03 00:44","QuorumPeer.java","167723","245003","412726"
"2019-08-17 17:13","QuorumPeer.java","167723","256990","424713"
"2015-06-27 02:03","QuorumPeer.java","33156","97755","130911"
"2017-11-28 00:10","QuorumPeer.java","38692","113506","152198"
"2014-01-21 04:50","QuorumPeer.java","25970","70306","96276"
"2014-06-04 22:07","QuorumPeer.java","32077","82214","114291"
"2018-01-30 08:02","QuorumPeer.java","38730","113697","152427"
"2019-05-15 11:56","QuorumPeer.java","167724","241745","409469"
"2019-06-05 00:33","QuorumPeer.java","167723","242711","410434"
"2019-05-20 23:13","QuorumPeer.java","167724","241863","409587"
"2019-06-04 10:55","QuorumPeer.java","167723","242474","410197"
"2019-07-12 17:01","QuorumPeer.java","167723","252303","420026"
"2020-01-09 11:27","QuorumPeer.java","168795","266165","434960"
"2017-02-09 11:40","QuorumPeer.java","36280","109870","146150"
"2011-06-14 07:14","QuorumPeer.java","14966","27656","42622"
"2017-07-06 18:48","QuorumPeer.java","38393","109669","148062"
"2018-10-01 06:11","QuorumPeer.java","102663","189052","291715"
"2015-04-09 20:16","QuorumPeer.java","32941","95914","128855"
"2013-10-07 21:08","QuorumPeer.java","25709","65711","91420"
"2013-09-30 22:20","QuorumPeer.java","25577","65148","90725"
"2018-07-04 17:11","QuorumPeer.java","46401","124929","171330"
"2019-12-17 13:48","QuorumPeer.java","168795","265191","433986"
"2015-12-07 05:59","QuorumPeer.java","33604","100033","133637"
"2020-01-23 13:43","QuorumPeer.java","168795","267989","436784"
"2016-06-23 23:45","QuorumPeer.java","35188","102687","137875"
"2011-05-03 19:57","QuorumPeer.java","14821","25900","40721"
"2016-06-23 23:25","QuorumPeer.java","35188","102579","137767"
"2014-03-23 04:12","QuorumPeer.java","26155","72711","98866"
"2013-09-26 00:13","QuorumPeer.java","25561","64888","90449"
"2011-06-17 01:34","QuorumPeer.java","15040","27801","42841"
"2011-06-14 14:11","QuorumPeer.java","14967","27684","42651"
"2014-07-18 20:48","QuorumPeer.java","32650","89046","121696"
"2014-07-04 04:19","QuorumPeer.java","32093","83873","115966"
"2018-12-06 10:56","QuorumPeer.java","167657","227452","395109"
"2014-06-25 15:04","QuorumPeer.java","32083","82717","114800"
"2014-03-28 01:58","QuorumPeer.java","26168","73142","99310"
"2013-10-21 23:36","QuorumPeer.java","25873","68617","94490"
"2019-10-10 14:37","QuorumPeer.java","167723","260743","428466"
"2013-11-07 06:41","QuorumPeer.java","25897","69072","94969"
"2017-07-27 23:09","QuorumPeer.java","38401","108691","147092"
"2014-05-18 05:49","QuorumPeer.java","32062","81710","113772"
"2011-10-25 08:09","QuorumPeer.java","19929","40447","60376"
"2014-03-25 22:13","QuorumPeer.java","26165","72957","99122"
"2011-04-12 09:14","QuorumPeer.java","14727","25467","40194"
"2011-11-01 08:15","QuorumPeer.java","20081","40788","60869"
"2011-03-16 19:49","QuorumPeer.java","3910","56123","60033"
"2018-06-26 11:18","QuorumPeer.java","38923","117433","156356"
"2018-07-27 12:32","QuorumPeer.java","55622","135350","190972"
"2019-04-18 19:17","QuorumPeer.java","167724","239508","407232"
"2011-10-27 23:25","QuorumPeer.java","20008","40686","60694"
"2011-08-30 08:37","QuorumPeer.java","15124","38528","53652"
"2011-08-30 08:29","QuorumPeer.java","15118","38510","53628"
"2010-08-18 08:24","QuorumPeer.java","2288","21983","24271"
"2013-10-09 22:21","QuorumPeer.java","25874","68255","94129"
"2016-12-20 14:47","QuorumPeer.java","36194","108649","144843"
"2011-05-20 01:17","QuorumPeer.java","14852","26411","41263"
"2017-05-11 16:59","QuorumPeer.java","38322","108731","147053"
"2014-07-03 06:01","QuorumPeer.java","32093","83451","115544"
"2014-08-14 08:08","QuorumPeer.java","32733","89990","122723"
"2014-08-01 07:38","QuorumPeer.java","32733","89569","122302"
"2014-07-20 04:50","QuorumPeer.java","32669","89127","121796"
"2016-06-02 00:59","QuorumPeer.java","35188","102210","137398"
"2020-02-16 10:25","QuorumPeer.java","168795","268702","437497"
"2019-08-17 17:13","EnvCommand.java","218737","255967","474704"
"2019-08-17 17:13","RecoveryTest.java","167976","257015","424991"
"2013-12-21 22:05","RecoveryTest.java","28511","72367","100878"
"2019-10-10 14:37","RecoveryTest.java","167976","260768","428744"
"2011-04-12 09:14","RecoveryTest.java","17408","27920","45328"
"2010-08-18 08:24","RecoveryTest.java","4983","24450","29433"
"2013-05-11 14:51","FLETest.java","29498","91505","121003"
"2019-10-10 14:37","FLETest.java","142084","261253","403337"
"2013-10-21 23:36","FLETest.java","29870","97397","127267"
"2013-10-02 20:19","FLETest.java","29770","94186","123956"
"2010-03-13 01:06","FLETest.java","13252","39382","52634"
"2014-06-25 15:04","FLETest.java","31522","106939","138461"
"2010-03-31 06:26","FLETest.java","14591","40968","55559"
"2011-09-17 02:13","FLETest.java","24451","71315","95766"
"2016-06-02 00:59","FLETest.java","33919","125724","159643"
"2011-04-12 09:14","FLETest.java","22852","59741","82593"
"2011-12-23 20:46","FLETest.java","26451","73440","99891"
"2011-04-29 18:12","FLETest.java","22887","60111","82998"
"2017-09-11 18:55","FLETest.java","35943","131683","167626"
"2012-04-23 01:20","FLETest.java","28151","78282","106433"
"2019-08-17 17:13","FLETest.java","142084","257500","399584"
"2020-01-16 21:46","AvgMinMaxCounterSet.java","38921","69193","108114"
"2019-08-17 17:13","AvgMinMaxCounterSet.java","30178","52485","82663"
"2019-04-12 19:01","AvgMinMaxCounterSet.java","1177","5291","6468"
"2019-06-26 10:57","ZooDefs.java","146226","245097","391323"
"2015-06-04 19:51","ZooDefs.java","31461","116226","147687"
"2019-08-17 17:13","ZooDefs.java","146226","257247","403473"
"2016-10-07 21:51","ZooDefs.java","33598","123414","157012"
"2010-01-26 03:03","ZooDefs.java","3338","15727","19065"
"2014-01-24 07:18","ZooDefs.java","29047","95487","124534"
"2017-07-28 00:36","ZooDefs.java","35259","126174","161433"
"2019-01-16 14:21","ZooDefs.java","146178","233179","379357"
"2019-01-07 14:24","ZooDefs.java","146178","232029","378207"
"2019-11-08 17:30","ZooDefs.java","146226","262861","409087"
"2011-08-19 00:05","ZooDefs.java","20292","62850","83142"
"2011-07-01 00:53","ZooDefs.java","22197","59336","81533"
"2019-07-31 19:06","ZooDefs.java","146226","256554","402780"
"2019-02-07 11:26","ZooDefs.java","146179","235532","381711"
"2014-04-29 02:23","ZooDefs.java","30453","100158","130611"
"2019-06-03 19:40","ReconfigBackupTest.java","211574","241477","453051"
"2019-08-17 17:13","ReconfigBackupTest.java","211574","256146","467720"
"2016-11-13 20:59","ReconfigBackupTest.java","8313","22604","30917"
"2014-09-10 09:00","ReconfigBackupTest.java","193","1385","1578"
"2016-08-24 01:36","ReconfigBackupTest.java","7831","18536","26367"
"2012-08-28 21:51","ClientBase.java","26270","53236","79506"
"2017-06-08 17:51","ClientBase.java","40418","110689","151107"
"2012-07-17 23:19","ClientBase.java","26189","52081","78270"
"2017-04-18 01:37","ClientBase.java","39662","110565","150227"
"2018-09-07 02:49","ClientBase.java","103056","184397","287453"
"2019-07-31 19:06","ClientBase.java","167976","256322","424298"
"2012-02-06 09:47","ClientBase.java","23588","46359","69947"
"2015-02-06 06:17","ClientBase.java","35429","95889","131318"
"2017-09-11 18:55","ClientBase.java","40664","111393","152057"
"2019-08-17 17:13","ClientBase.java","167976","257015","424991"
"2015-03-28 20:08","ClientBase.java","35502","98173","133675"
"2019-06-07 14:13","ClientBase.java","167976","243119","411095"
"2018-04-24 00:20","ClientBase.java","40898","117403","158301"
"2018-08-08 06:21","ClientBase.java","82978","163454","246432"
"2018-05-09 23:57","ClientBase.java","40971","118261","159232"
"2019-06-24 11:05","ClientBase.java","167976","244348","412324"
"2012-12-11 08:42","ClientBase.java","26944","57243","84187"
"2017-01-13 19:29","ClientBase.java","38348","111417","149765"
"2016-06-23 23:25","ClientBase.java","37493","104656","142149"
"2014-01-03 01:40","ClientBase.java","28521","72517","101038"
"2014-01-25 01:17","ClientBase.java","28572","74374","102946"
"2019-11-14 16:44","ClientBase.java","167976","265042","433018"
"2019-10-10 14:37","ClientBase.java","167976","260768","428744"
"2012-03-15 17:47","ClientBase.java","23850","47864","71714"
"2010-09-15 07:51","ClientBase.java","5013","52650","57663"
"2012-01-14 00:28","ClientBase.java","23472","45727","69199"
"2011-04-12 09:14","ClientBase.java","17408","27920","45328"
"2011-11-05 07:29","ClientBase.java","22684","43519","66203"
"2016-08-24 01:36","ClientBase.java","37909","105643","143552"
"2011-09-17 02:13","ClientBase.java","20558","42411","62969"
"2010-07-05 20:20","ClientBase.java","3160","14007","17167"
"2010-08-18 08:24","ClientBase.java","4983","24450","29433"
"2015-03-08 23:07","ClientBase.java","35461","96095","131556"
"2015-02-06 06:17","ConnectionBean.java","34092","75142","109234"
"2019-08-17 17:13","ConnectionBean.java","187413","256985","444398"
"2019-10-10 14:37","ConnectionBean.java","187413","260738","448151"
"2011-04-12 09:14","ConnectionBean.java","14662","5707","20369"
"2019-08-17 17:13","ReconfigLegacyTest.java","219699","255925","475624"
"2019-06-03 19:40","ReconfigLegacyTest.java","219698","241255","460953"
"2016-11-13 20:59","ReconfigLegacyTest.java","5670","11615","17285"
"2016-11-03 16:07","ReconfigLegacyTest.java","5437","9713","15150"
"2016-08-24 01:36","ReconfigLegacyTest.java","5092","7451","12543"
"2019-04-12 19:01","WatchManager.java","178406","238740","417146"
"2014-07-18 02:19","WatchManager.java","20643","65966","86609"
"2017-09-11 18:55","WatchManager.java","27844","88187","116031"
"2019-03-05 00:04","WatchManager.java","178353","236588","414941"
"2019-11-08 17:30","WatchManager.java","178405","262546","440951"
"2014-01-24 07:18","WatchManager.java","13766","49071","62837"
"2019-08-17 17:13","WatchManager.java","178405","256932","435337"
"2018-09-28 23:38","WatchManager.java","107377","183147","290524"
"2011-07-25 23:31","WatchManager.java","1581","10217","11798"
"2014-04-29 02:23","WatchManager.java","19828","58398","78226"
"2014-04-17 08:47","WatchManager.java","19823","57687","77510"
"2013-09-26 14:05","Zab1_0Test.java","2991","11735","14726"
"2014-05-09 23:37","Zab1_0Test.java","10545","29028","39573"
"2017-01-07 01:09","Zab1_0Test.java","19552","61912","81464"
"2015-12-06 21:30","Zab1_0Test.java","14765","50359","65124"
"2019-12-17 13:48","Zab1_0Test.java","186678","264902","451580"
"2013-11-19 02:03","Zab1_0Test.java","3584","16073","19657"
"2015-07-07 07:11","Zab1_0Test.java","14433","48476","62909"
"2019-12-27 22:33","Zab1_0Test.java","186678","266451","453129"
"2013-10-24 20:41","Zab1_0Test.java","3538","15889","19427"
"2019-10-10 14:37","Zab1_0Test.java","185356","260204","445560"
"2013-11-07 06:41","Zab1_0Test.java","3549","15990","19539"
"2015-05-14 18:40","Zab1_0Test.java","13148","45891","59039"
"2019-08-17 17:13","Zab1_0Test.java","185356","256451","441807"
"2019-06-03 19:40","Zab1_0Test.java","185356","241782","427138"
"2018-05-10 06:00","Zab1_0Test.java","24689","71758","96447"
"2017-11-28 00:10","Zab1_0Test.java","24009","68089","92098"
"2013-10-07 21:08","Zab1_0Test.java","3188","12456","15644"
"2012-12-31 02:38","Zab1_0Test.java","653","2593","3246"
"2017-08-18 06:32","Zab1_0Test.java","23553","63598","87151"
"2013-03-07 07:01","Zab1_0Test.java","2054","8506","10560"
"2017-02-12 00:12","Zab1_0Test.java","21820","61426","83246"
"2019-09-18 11:20","DataTreeTest.java","224064","258162","482226"
"2019-12-27 22:33","DataTreeTest.java","225690","265554","491244"
"2019-10-09 16:38","DataTreeTest.java","224064","258747","482811"
"2019-01-30 16:28","DataTreeTest.java","223946","232243","456189"
"2019-02-07 11:26","DataTreeTest.java","223947","233465","457412"
"2018-12-20 15:17","DataTreeTest.java","223945","228731","452676"
"2018-09-04 11:54","DataTreeTest.java","102716","113373","216089"
"2019-07-31 19:06","DataTreeTest.java","224064","254557","478621"
"2019-04-12 19:01","DataTreeTest.java","224045","237038","461083"
"2019-09-10 15:21","DataTreeTest.java","224064","256293","480357"
"2019-08-17 17:13","DataTreeTest.java","224064","255250","479314"
"2019-04-12 12:29","DataTreeTest.java","224045","236607","460652"
"2014-01-24 07:18","KeeperException.java","398","3936","4334"
"2019-08-17 17:13","KeeperException.java","196919","256367","453286"
"2014-04-30 04:30","KeeperException.java","8010","14827","22837"
"2019-07-24 18:00","KeeperException.java","196919","252822","449741"
"2016-11-13 20:59","KeeperException.java","17359","46526","63885"
"2017-07-28 00:36","KeeperException.java","22874","50887","73761"
"2020-03-25 03:38","KeeperException.java","198267","270500","468767"
"2018-07-27 05:16","KeeperException.java","42619","79774","122393"
"2012-08-28 21:51","ClientBase.java","24333","31889","56222"
"2017-06-08 17:51","ClientBase.java","40349","91210","131559"
"2012-07-17 23:19","ClientBase.java","24250","30732","54982"
"2017-04-18 01:37","ClientBase.java","39583","91076","130659"
"2018-09-07 02:49","ClientBase.java","119475","181406","300881"
"2019-07-31 19:06","ClientBase.java","187413","256292","443705"
"2012-02-06 09:47","ClientBase.java","21582","24943","46525"
"2015-02-06 06:17","ClientBase.java","34092","75142","109234"
"2017-09-11 18:55","ClientBase.java","40622","91941","132563"
"2019-08-17 17:13","ClientBase.java","187413","256985","444398"
"2015-03-28 20:08","ClientBase.java","34235","77496","111731"
"2019-06-07 14:13","ClientBase.java","187413","243089","430502"
"2018-04-24 00:20","ClientBase.java","40929","98024","138953"
"2018-08-08 06:21","ClientBase.java","98953","160019","258972"
"2018-05-09 23:57","ClientBase.java","41042","98922","139964"
"2019-06-24 11:05","ClientBase.java","187413","244318","431731"
"2012-12-11 08:42","ClientBase.java","25048","35937","60985"
"2017-01-13 19:29","ClientBase.java","38148","91807","129955"
"2016-06-23 23:25","ClientBase.java","37100","84853","121953"
"2014-01-03 01:40","ClientBase.java","26953","51539","78492"
"2014-01-25 01:17","ClientBase.java","27004","53396","80400"
"2019-11-14 16:44","ClientBase.java","187413","265012","452425"
"2019-10-10 14:37","ClientBase.java","187413","260738","448151"
"2012-03-15 17:47","ClientBase.java","21858","26462","48320"
"2010-09-15 07:51","ClientBase.java","41","28211","28252"
"2012-01-14 00:28","ClientBase.java","21457","24302","45759"
"2011-04-12 09:14","ClientBase.java","14662","5707","20369"
"2011-11-05 07:29","ClientBase.java","20665","22090","42755"
"2016-08-24 01:36","ClientBase.java","37524","85848","123372"
"2011-09-17 02:13","ClientBase.java","18482","20925","39407"
"2015-03-08 23:07","ClientBase.java","34138","75362","109500"
"2019-08-17 17:13","ObserverTest.java","36481","63823","100304"
"2019-10-10 14:37","ClientCnxnSocket.java","214757","259857","474614"
"2018-07-10 13:29","ClientCnxnSocket.java","25649","43725","69374"
"2016-12-30 23:01","ClientCnxnSocket.java","8972","21405","30377"
"2015-02-06 06:17","ClientCnxnSocket.java","167","373","540"
"2018-11-22 17:56","ClientCnxnSocket.java","214646","224690","439336"
"2016-05-02 18:15","ClientCnxnSocket.java","6535","12582","19117"
"2019-08-17 17:13","ClientCnxnSocket.java","214757","256104","470861"
"2018-07-12 01:33","ClientCnxnSocket.java","25749","44003","69752"
"2019-04-09 15:35","ClientCnxnSocket.java","214669","236873","451542"
"2020-03-25 03:38","Leader.java","3913","8020","11933"
"2020-03-25 03:38","ZooKeeperServerBean.java","34953","49817","84770"
"2019-11-14 03:54","ZooKeeperServerBean.java","27444","37532","64976"
"2019-09-16 23:26","ZooKeeperServerBean.java","26302","31400","57702"
"2020-04-30 18:53","ZooKeeperServerBean.java","35625","51389","87014"
"2019-08-17 17:13","ZooKeeperServerBean.java","24669","26748","51417"
"2018-07-10 12:46","QuorumTest.java","23526","36397","59923"
"2019-08-17 17:13","QuorumTest.java","219801","255921","475722"
"2019-10-10 14:37","QuorumTest.java","219801","259674","479475"
"2019-09-18 11:20","QuorumTest.java","219801","258833","478634"
"2019-12-28 16:17","QuorumTest.java","221351","266056","487407"
"2018-10-08 14:33","ConnectStringParserTest.java","187566","233856","421422"
"2019-08-17 17:13","ConnectStringParserTest.java","218823","256985","475808"
"2019-08-17 17:13","ZKUtilTest.java","29928","54406","84334"
"2019-11-08 17:30","FinalRequestProcessor.java","203538","261797","465335"
"2019-07-08 23:26","FinalRequestProcessor.java","203510","244931","448441"
"2019-01-16 23:23","FinalRequestProcessor.java","203402","232027","435429"
"2018-09-18 01:00","FinalRequestProcessor.java","111878","146504","258382"
"2019-04-12 19:01","FinalRequestProcessor.java","203494","237946","441440"
"2019-02-07 11:26","FinalRequestProcessor.java","203403","234380","437783"
"2019-01-14 19:38","FinalRequestProcessor.java","203401","231338","434739"
"2019-01-09 17:22","FinalRequestProcessor.java","203403","234020","437423"
"2015-06-04 19:51","FinalRequestProcessor.java","4090","19150","23240"
"2019-09-10 04:26","FinalRequestProcessor.java","203510","257200","460710"
"2019-08-17 17:13","FinalRequestProcessor.java","203510","256155","459665"
"2016-10-07 21:51","FinalRequestProcessor.java","10105","30216","40321"
"2019-06-26 10:57","FinalRequestProcessor.java","203510","244005","447515"
"2019-08-01 07:28","FinalRequestProcessor.java","203510","256336","459846"
"2019-07-03 00:44","FinalRequestProcessor.java","203510","244168","447678"
"2016-03-23 00:30","FinalRequestProcessor.java","8702","25306","34008"
"2019-08-06 17:11","FinalRequestProcessor.java","203510","257256","460766"
"2015-03-17 18:06","FinalRequestProcessor.java","3166","15892","19058"
"2018-07-10 12:46","FinalRequestProcessor.java","25887","55283","81170"
"2020-03-25 03:38","FinalRequestProcessor.java","204949","270379","475328"
"2019-09-16 23:26","FinalRequestProcessor.java","203510","259174","462684"
"2019-10-10 14:37","FinalRequestProcessor.java","203510","259908","463418"
"2019-11-21 05:58","FinalRequestProcessor.java","204949","260761","465710"
"2019-11-18 09:05","FinalRequestProcessor.java","204949","260738","465687"
"2019-11-11 13:59","FinalRequestProcessor.java","203538","263593","467131"
"2020-03-26 22:12","FinalRequestProcessor.java","204949","270381","475330"
"2019-08-17 17:13","RecoveryTest.java","187413","256985","444398"
"2013-12-21 22:05","RecoveryTest.java","26938","51384","78322"
"2019-10-10 14:37","RecoveryTest.java","187413","260738","448151"
"2011-04-12 09:14","RecoveryTest.java","14662","5707","20369"
"2019-05-14 17:11","SyncRequestProcessor.java","181","1012","1193"
"2019-06-05 00:46","SyncRequestProcessor.java","799","2823","3622"
"2019-05-22 11:39","SyncRequestProcessor.java","353","1717","2070"
"2019-06-03 19:40","SyncRequestProcessor.java","563","2058","2621"
"2019-08-17 17:13","SyncRequestProcessor.java","29724","45888","75612"
"2019-10-10 14:37","SyncRequestProcessor.java","32041","51958","83999"
"2020-01-07 20:39","SyncRequestProcessor.java","38101","63318","101419"
"2020-03-25 03:38","SyncRequestProcessor.java","39572","68521","108093"
"2019-08-17 17:13","ZooKeeperTestClient.java","146226","257247","403473"
"2015-02-06 06:17","ZooKeeperTestClient.java","31230","112439","143669"
"2010-03-31 06:26","ZooKeeperTestClient.java","12649","34631","47280"
"2019-08-17 17:13","SaslAuthRequiredFailNoSASLTest.java","25768","29313","55081"
"2019-08-17 17:13","Leader.java","143986","257490","401476"
"2019-06-29 00:33","Leader.java","143986","245477","389463"
"2019-06-03 19:40","Leader.java","143986","242821","386807"
"2014-05-20 23:42","Leader.java","31759","104436","136195"
"2019-07-15 14:15","Leader.java","143986","252909","396895"
"2015-03-17 18:06","Leader.java","32411","117325","149736"
"2019-07-25 21:41","Leader.java","143986","253973","397959"
"2018-05-10 06:00","Leader.java","36603","137410","174013"
"2018-07-12 01:33","Leader.java","43826","145566","189392"
"2009-11-18 20:06","Leader.java","3412","13918","17330"
"2018-02-07 01:05","Leader.java","36513","135186","171699"
"2017-11-28 00:10","Leader.java","36457","134275","170732"
"2019-06-05 00:33","Leader.java","143986","243211","387197"
"2015-04-10 22:22","Leader.java","32415","118397","150812"
"2011-06-14 07:14","Leader.java","23013","59940","82953"
"2019-08-03 08:42","Leader.java","143986","258198","402184"
"2019-06-05 23:57","Leader.java","143986","243480","387466"
"2012-12-08 00:38","Leader.java","28961","82518","111479"
"2013-10-07 21:08","Leader.java","30008","93014","123022"
"2012-12-31 02:38","Leader.java","29390","85068","114458"
"2017-01-13 19:29","Leader.java","34944","131245","166189"
"2012-07-05 18:01","Leader.java","28306","76937","105243"
"2019-01-07 14:55","Leader.java","143942","232337","376279"
"2019-04-12 19:01","Leader.java","143986","239297","383283"
"2018-12-09 03:16","Leader.java","143942","230104","374046"
"2018-08-17 14:40","Leader.java","70141","174177","244318"
"2019-11-29 14:49","Leader.java","144626","264687","409313"
"2013-03-07 07:01","Leader.java","29720","89910","119630"
"2018-11-27 10:02","Leader.java","143942","227780","371722"
"2015-02-06 06:17","Leader.java","32373","116065","148438"
"2012-02-27 03:41","Leader.java","26844","73111","99955"
"2017-02-15 23:04","Leader.java","35855","129200","165055"
"2014-07-18 02:19","Leader.java","32178","111119","143297"
"2012-01-04 01:15","Leader.java","26537","71926","98463"
"2011-12-28 01:26","Leader.java","26535","71771","98306"
"2018-08-29 06:26","Leader.java","84370","188614","272984"
"2018-08-03 18:52","Leader.java","48480","151718","200198"
"2011-04-29 18:12","Leader.java","22927","58239","81166"
"2013-05-14 14:27","Leader.java","29740","90055","119795"
"2012-02-06 09:40","Leader.java","26577","72603","99180"
"2017-09-11 18:55","Leader.java","36399","130360","166759"
"2018-09-18 01:00","Leader.java","88823","195637","284460"
"2011-10-20 20:02","Leader.java","26157","69625","95782"
"2012-01-14 00:28","Leader.java","26541","72028","98569"
"2012-01-06 02:32","Leader.java","26537","71927","98464"
"2012-03-15 17:47","Leader.java","26859","74105","100964"
"2011-04-12 09:14","Leader.java","22883","57860","80743"
"2010-07-23 06:22","Leader.java","17104","55136","72240"
"2011-09-22 07:42","Leader.java","24586","69846","94432"
"2010-08-18 08:24","Leader.java","17901","61833","79734"
"2016-12-20 14:47","Leader.java","34936","130395","165331"
"2014-07-20 04:50","Leader.java","32206","111668","143874"
"2014-06-10 00:19","Leader.java","31763","105374","137137"
"2016-06-23 23:25","Leader.java","34264","124659","158923"
"2016-06-23 23:45","Leader.java","34264","124767","159031"
"2020-03-25 03:38","Leader.java","144626","270915","415541"
"2014-03-23 04:12","Leader.java","30348","99908","130256"
"2009-10-30 17:19","Leader.java","2026","3659","5685"
"2019-12-27 22:33","Leader.java","144626","266808","411434"
"2016-08-13 15:01","Leader.java","34519","125717","160236"
"2013-10-21 23:36","Leader.java","30098","95846","125944"
"2019-10-10 14:37","Leader.java","143986","261243","405229"
"2013-11-07 06:41","Leader.java","30125","96304","126429"
"2019-12-27 22:33","FileTxnSnapLog.java","133561","266817","400378"
"2009-11-07 08:16","FileTxnSnapLog.java","6140","20126","26266"
"2019-10-10 14:37","FileTxnSnapLog.java","132922","261253","394175"
"2019-12-13 08:51","FileTxnSnapLog.java","133561","264854","398415"
"2017-01-07 01:09","FileTxnSnapLog.java","32281","137334","169615"
"2011-07-13 15:48","FileTxnSnapLog.java","21065","69970","91035"
"2014-02-12 17:00","FileTxnSnapLog.java","27829","105957","133786"
"2012-03-06 09:20","FileTxnSnapLog.java","26026","81429","107455"
"2020-01-23 16:46","FileTxnSnapLog.java","133561","268066","401627"
"2020-01-28 17:26","FileTxnSnapLog.java","133561","268537","402098"
"2011-10-20 20:02","FileTxnSnapLog.java","25451","77874","103325"
"2016-09-18 23:21","FileTxnSnapLog.java","32011","132592","164603"
"2017-01-23 02:13","FileTxnSnapLog.java","32302","137759","170061"
"2011-04-12 09:14","FileTxnSnapLog.java","22531","68582","91113"
"2018-06-08 16:52","FileTxnSnapLog.java","33711","143937","177648"
"2019-09-02 08:23","FileTxnSnapLog.java","132922","258157","391079"
"2011-12-21 21:39","FileTxnSnapLog.java","25696","79816","105512"
"2017-04-28 07:14","FileTxnSnapLog.java","33047","136245","169292"
"2019-07-31 19:06","FileTxnSnapLog.java","132922","256807","389729"
"2018-07-30 06:22","FileTxnSnapLog.java","45294","157175","202469"
"2012-02-06 09:40","FileTxnSnapLog.java","25824","80805","106629"
"2012-07-17 23:25","FileTxnSnapLog.java","26428","85132","111560"
"2020-01-30 09:43","FileTxnSnapLog.java","133561","268613","402174"
"2019-05-14 17:11","FileTxnSnapLog.java","132922","242167","375089"
"2010-03-12 23:36","FileTxnSnapLog.java","13920","49261","63181"
"2013-06-28 23:22","FileTxnSnapLog.java","27502","98509","126011"
"2014-02-10 21:50","FileTxnSnapLog.java","27808","105824","133632"
"2019-05-21 23:34","FileTxnSnapLog.java","132922","242488","375410"
"2019-05-27 10:54","FileTxnSnapLog.java","132922","242820","375742"
"2017-01-13 19:29","FileTxnSnapLog.java","32286","137542","169828"
"2017-06-26 00:07","FileTxnSnapLog.java","33410","136146","169556"
"2018-02-23 23:49","FileTxnSnapLog.java","33656","141628","175284"
"2017-08-18 06:32","FileTxnSnapLog.java","33473","136211","169684"
"2009-06-18 18:37","FileTxnSnapLog.java","586","1657","2243"
"2019-08-17 17:13","FileTxnSnapLog.java","132922","257500","390422"
"2018-02-14 21:23","FileTxnSnapLog.java","33657","141465","175122"
"2018-12-06 10:56","FastLeaderElection.java","226622","225682","452304"
"2019-10-10 14:37","FastLeaderElection.java","226742","259027","485769"
"2019-09-30 23:22","FastLeaderElection.java","226742","258654","485396"
"2020-04-07 09:07","FastLeaderElection.java","228406","270312","498718"
"2019-01-18 03:42","FastLeaderElection.java","226624","231181","457805"
"2017-09-11 18:55","FastLeaderElection.java","6820","4480","11300"
"2018-08-29 06:26","FastLeaderElection.java","101750","109693","211443"
"2018-04-30 06:34","FastLeaderElection.java","8209","11851","20060"
"2019-08-17 17:13","FastLeaderElection.java","226742","255274","482016"
"2019-08-02 20:08","FastLeaderElection.java","226742","256055","482797"
"2019-08-03 08:42","FastLeaderElection.java","226742","255982","482724"
"2019-08-01 07:31","ObserverRequestProcessor.java","210485","256821","467306"
"2019-08-17 17:13","ObserverRequestProcessor.java","210485","256150","466635"
"2015-06-04 19:51","ObserverRequestProcessor.java","2585","10665","13250"
"2016-10-07 21:51","ObserverRequestProcessor.java","8785","21916","30701"
"2015-03-08 23:07","ObserverRequestProcessor.java","1467","6165","7632"
"2020-03-25 03:38","ObserverRequestProcessor.java","211927","270377","482304"
"2018-09-18 01:00","ServerStatsTest.java","100662","106205","206867"
"2019-08-17 17:13","ServerStatsTest.java","231286","254848","486134"
"2018-07-18 15:49","ServerStatsTest.java","21289","22239","43528"
"2019-08-17 17:13","TxnLogToolkitTest.java","230884","254922","485806"
"2019-08-17 17:13","LogChopperTest.java","155472","174233","329705"
"2019-10-10 14:37","ACLTest.java","140956","261253","402209"
"2013-12-21 22:05","ACLTest.java","29945","99564","129509"
"2010-08-18 08:24","ACLTest.java","18396","65368","83764"
"2010-03-31 06:26","ACLTest.java","15068","42573","57641"
"2011-04-12 09:14","ACLTest.java","23275","61292","84567"
"2016-08-24 01:36","ACLTest.java","34243","127740","161983"
"2017-09-11 18:55","ACLTest.java","35819","132311","168130"
"2016-11-13 20:59","ACLTest.java","34287","131370","165657"
"2019-05-06 18:32","ACLTest.java","140956","241854","382810"
"2017-08-18 23:35","ACLTest.java","35761","132175","167936"
"2009-07-17 00:09","ACLTest.java","1254","2382","3636"
"2019-08-17 17:13","ACLTest.java","140956","257500","398456"
"2014-04-25 23:40","ACLTest.java","31376","105443","136819"
"2019-08-17 17:13","LocalSessionTracker.java","191803","212928","404731"
"2019-08-17 17:13","MonitorCommand.java","29368","43884","73252"
"2019-08-17 17:13","MaxCnxnsTest.java","177002","256750","433752"
"2013-12-21 22:05","MaxCnxnsTest.java","11408","33411","44819"
"2019-08-17 17:13","DeserializationPerfTest.java","167976","257015","424991"
"2014-04-25 21:35","DeserializationPerfTest.java","34487","82762","117249"
"2019-10-10 14:37","DeserializationPerfTest.java","167976","260768","428744"
"2011-04-12 09:14","DeserializationPerfTest.java","17408","27920","45328"
"2018-09-15 00:08","ZooKeeperServer.java","109129","168044","277173"
"2019-04-12 19:01","ZooKeeperServer.java","178899","238293","417192"
"2019-07-31 19:06","ZooKeeperServer.java","178915","255809","434724"
"2019-09-11 10:27","ZooKeeperServer.java","178915","257858","436773"
"2019-01-14 19:38","ZooKeeperServer.java","178821","231700","410521"
"2019-01-07 15:34","ZooKeeperServer.java","178821","231301","410122"
"2018-11-21 17:56","ZooKeeperServer.java","178819","224496","403315"
"2017-04-28 07:14","ZooKeeperServer.java","23226","70223","93449"
"2017-02-12 00:12","ZooKeeperServer.java","23171","69269","92440"
"2014-07-18 02:19","ZooKeeperServer.java","14548","46243","60791"
"2013-12-11 19:22","ZooKeeperServer.java","6965","26498","33463"
"2019-02-13 13:12","ZooKeeperServer.java","178841","235374","414215"
"2016-11-24 17:18","ZooKeeperServer.java","21042","68916","89958"
"2018-07-19 05:59","ZooKeeperServer.java","44116","99098","143214"
"2018-09-18 01:00","ZooKeeperServer.java","109187","168755","277942"
"2019-03-04 08:07","ZooKeeperServer.java","178840","235950","414790"
"2019-07-08 23:26","ZooKeeperServer.java","178915","245278","424193"
"2019-01-23 14:00","ZooKeeperServer.java","178822","233136","411958"
"2019-02-13 13:19","ZooKeeperServer.java","178841","235660","414501"
"2019-05-14 17:11","ZooKeeperServer.java","178899","241153","420052"
"2013-01-25 02:17","ZooKeeperServer.java","4631","13176","17807"
"2015-07-10 08:19","ZooKeeperServer.java","16577","57259","73836"
"2019-06-04 10:55","ZooKeeperServer.java","178915","241986","420901"
"2019-04-09 15:35","ZooKeeperServer.java","178841","237285","416126"
"2019-08-03 08:42","ZooKeeperServer.java","178915","257210","436125"
"2019-05-15 11:56","ZooKeeperServer.java","178899","241240","420139"
"2019-05-22 11:39","ZooKeeperServer.java","178899","241686","420585"
"2019-04-22 19:15","ZooKeeperServer.java","178899","239268","418167"
"2018-02-23 23:49","ZooKeeperServer.java","25743","77514","103257"
"2016-11-16 06:21","ZooKeeperServer.java","20489","68342","88831"
"2012-12-19 19:07","ZooKeeperServer.java","4564","12071","16635"
"2017-08-18 06:32","ZooKeeperServer.java","24875","71412","96287"
"2017-06-26 00:16","ZooKeeperServer.java","24330","70859","95189"
"2019-09-10 04:26","ZooKeeperServer.java","178915","257547","436462"
"2019-08-17 17:13","ZooKeeperServer.java","178915","256502","435417"
"2019-09-05 23:12","ZooKeeperServer.java","178915","257421","436336"
"2019-09-10 15:21","ZooKeeperServer.java","178915","257545","436460"
"2019-08-01 07:31","ZooKeeperServer.java","178915","257173","436088"
"2019-08-01 07:28","ZooKeeperServer.java","178915","256683","435598"
"2019-06-03 19:40","ZooKeeperServer.java","178915","241833","420748"
"2015-03-17 18:06","ZooKeeperServer.java","15177","52845","68022"
"2019-11-23 17:08","ZooKeeperServer.java","180225","262513","442738"
"2019-10-09 16:49","ZooKeeperServer.java","178915","260088","439003"
"2019-07-03 00:44","ZooKeeperServer.java","178915","244515","423430"
"2018-01-19 01:12","ZooKeeperServer.java","25664","76393","102057"
"2019-07-24 18:00","ZooKeeperServer.java","178915","252957","431872"
"2013-05-16 18:49","ZooKeeperServer.java","5957","19052","25009"
"2018-08-08 06:21","ZooKeeperServer.java","86380","142842","229222"
"2018-05-09 23:57","ZooKeeperServer.java","25892","79168","105060"
"2019-12-27 22:33","ZooKeeperServer.java","180225","266490","446715"
"2016-08-13 15:01","ZooKeeperServer.java","20055","64007","84062"
"2018-09-11 00:17","ZooKeeperServer.java","109125","166491","275616"
"2019-11-18 09:05","ZooKeeperServer.java","180225","260956","441181"
"2019-10-10 14:37","ZooKeeperServer.java","178915","260255","439170"
"2019-09-16 23:26","ZooKeeperServer.java","178915","259521","438436"
"2013-10-08 01:35","ZooKeeperServer.java","6621","22520","29141"
"2017-06-23 18:39","ZooKeeperServer.java","24264","70813","95077"
"2019-12-03 10:01","ZooKeeperServer.java","180225","264415","444640"
"2020-03-25 03:38","ZooKeeperServer.java","180225","270597","450822"
"2019-11-28 12:24","ZooKeeperServer.java","180225","262718","442943"
"2019-11-06 15:21","ZooKeeperServer.java","178943","260499","439442"
"2020-04-12 11:14","ZooKeeperServer.java","180225","271350","451575"
"2013-10-09 22:21","ZooKeeperServer.java","6852","24991","31843"
"2015-03-08 23:07","ZooKeeperServer.java","15075","51695","66770"
"2018-06-08 16:52","ZooKeeperServer.java","25986","80011","105997"
"2018-06-15 07:41","ZooKeeperServer.java","25990","80018","106008"
"2018-07-28 04:37","ZooKeeperServer.java","44164","99722","143886"
"2019-04-18 19:17","ZooKeeperServer.java","178899","239003","417902"
"2014-03-25 22:13","ZooKeeperServer.java","7390","29940","37330"
"2019-08-17 17:13","LeaderRequestProcessor.java","196919","256367","453286"
"2019-08-01 07:31","LeaderRequestProcessor.java","196919","257038","453957"
"2019-10-10 14:37","LeaderRequestProcessor.java","196919","260120","457039"
"2010-08-17 09:24","ZNodeResource.java","1868","19284","21152"
"2015-01-31 08:05","ClientCnxn.java","10273","23367","33640"
"2016-05-02 18:15","ClientCnxn.java","16198","35328","51526"
"2019-08-17 17:13","ClientCnxn.java","201841","256271","458112"
"2015-05-10 00:27","ClientCnxn.java","10856","26489","37345"
"2017-12-19 19:27","ClientCnxn.java","24399","51858","76257"
"2019-01-31 15:50","ClientCnxn.java","201734","233831","435565"
"2019-04-09 15:35","ClientCnxn.java","201753","237040","438793"
"2014-12-20 15:29","ClientCnxn.java","10241","23324","33565"
"2019-11-08 17:30","ClientCnxn.java","201869","261913","463782"
"2017-06-08 17:59","ClientCnxn.java","22220","45389","67609"
"2019-01-16 14:21","ClientCnxn.java","201734","232144","433878"
"2019-01-07 14:24","ClientCnxn.java","201733","230993","432726"
"2019-03-06 03:32","ClientCnxn.java","201752","235967","437719"
"2015-02-06 06:17","ClientCnxn.java","10382","23671","34053"
"2019-02-07 11:26","ClientCnxn.java","201735","234497","436232"
"2018-11-05 19:40","ClientCnxn.java","182337","235253","417590"
"2020-05-17 15:13","ClientCnxn.java","203290","271665","474955"
"2018-06-25 12:30","ClientCnxn.java","24868","55853","80721"
"2020-03-03 03:12","ClientCnxn.java","203279","269444","472723"
"2018-09-10 11:44","ClientCnxn.java","112436","146606","259042"
"2015-06-13 02:42","ClientCnxn.java","11529","28624","40153"
"2015-11-09 00:05","ClientCnxn.java","12867","31454","44321"
"2015-12-06 19:58","ClientCnxn.java","12989","31881","44870"
"2020-01-21 17:53","ClientCnxn.java","203279","265705","468984"
"2015-12-05 22:43","ClientCnxn.java","12989","31878","44867"
"2015-12-05 22:32","ClientCnxn.java","12988","31872","44860"
"2019-10-10 14:37","ClientCnxn.java","201841","260024","461865"
"2019-11-21 05:58","ClientCnxn.java","203279","260876","464155"
"2020-04-16 12:50","ClientCnxn.java","203279","271283","474562"
"2018-07-27 05:16","ClientCnxn.java","43342","75479","118821"
"2019-11-21 05:58","NIOServerCnxn.java","32889","35348","68237"
"2019-11-18 09:05","NIOServerCnxn.java","32884","35320","68204"
"2019-09-16 23:26","NIOServerCnxn.java","26725","29036","55761"
"2019-10-10 14:37","NIOServerCnxn.java","27642","30687","58329"
"2020-02-11 06:50","NIOServerCnxn.java","35262","45073","80335"
"2019-08-17 17:13","NIOServerCnxn.java","24898","24190","49088"
"2019-01-23 14:00","NettyServerCnxn.java","187348","233647","420995"
"2019-02-18 17:05","NettyServerCnxn.java","187360","236191","423551"
"2019-02-12 15:25","NettyServerCnxn.java","187349","235746","423095"
"2017-08-09 20:31","NettyServerCnxn.java","40492","91401","131893"
"2017-04-10 19:19","NettyServerCnxn.java","39580","91034","130614"
"2018-09-07 02:34","NettyServerCnxn.java","119475","181402","300877"
"2019-04-12 19:01","NettyServerCnxn.java","187414","238793","426207"
"2018-11-22 17:56","NettyServerCnxn.java","187347","225616","412963"
"2018-10-24 04:03","NettyServerCnxn.java","156287","236776","393063"
"2018-11-17 18:33","NettyServerCnxn.java","187346","224993","412339"
"2019-01-14 19:38","NettyServerCnxn.java","187347","232211","419558"
"2011-08-19 00:05","NettyServerCnxn.java","15526","17925","33451"
"2017-03-04 19:22","NettyServerCnxn.java","39570","90738","130308"
"2018-09-18 01:00","NettyServerCnxn.java","119535","183707","303242"
"2019-08-17 17:13","NettyServerCnxn.java","187413","256985","444398"
"2019-07-03 00:44","NettyServerCnxn.java","187413","244998","432411"
"2015-03-28 20:08","NettyServerCnxn.java","34235","77496","111731"
"2019-11-23 17:08","NettyServerCnxn.java","188486","262759","451245"
"2015-06-28 21:09","NettyServerCnxn.java","35281","80242","115523"
"2019-07-23 15:55","NettyServerCnxn.java","187413","252993","440406"
"2019-05-06 18:32","NettyServerCnxn.java","187414","241340","428754"
"2019-04-22 19:15","NettyServerCnxn.java","187414","239768","427182"
"2019-08-03 08:42","NettyServerCnxn.java","187413","257693","445106"
"2016-12-21 23:32","NettyServerCnxn.java","38133","91228","129361"
"2013-12-16 05:18","NettyServerCnxn.java","26929","51071","78000"
"2019-11-18 09:05","NettyServerCnxn.java","188486","261202","449688"
"2015-11-08 22:36","NettyServerCnxn.java","35440","81709","117149"
"2019-11-21 05:58","NettyServerCnxn.java","188486","261225","449711"
"2013-10-05 00:57","NettyServerCnxn.java","26675","46758","73433"
"2019-09-16 23:26","NettyServerCnxn.java","187413","260004","447417"
"2019-10-10 14:37","NettyServerCnxn.java","187413","260738","448151"
"2013-10-12 00:04","NettyServerCnxn.java","26859","49827","76686"
"2018-09-28 23:38","NettyServerCnxn.java","119689","186435","306124"
"2013-05-11 14:51","FLETest.java","27081","95193","122274"
"2019-10-10 14:37","FLETest.java","133993","261253","395246"
"2013-10-21 23:36","FLETest.java","27448","101080","128528"
"2013-10-02 20:19","FLETest.java","27356","97877","125233"
"2010-03-13 01:06","FLETest.java","13491","47712","61203"
"2014-06-25 15:04","FLETest.java","29068","110590","139658"
"2010-03-31 06:26","FLETest.java","14548","49016","63564"
"2011-09-17 02:13","FLETest.java","23532","76501","100033"
"2016-06-02 00:59","FLETest.java","31432","129342","160774"
"2011-04-12 09:14","FLETest.java","22214","67194","89408"
"2011-12-23 20:46","FLETest.java","25505","78599","104104"
"2011-04-29 18:12","FLETest.java","22249","67564","89813"
"2017-09-11 18:55","FLETest.java","33333","135178","168511"
"2012-04-23 01:20","FLETest.java","26138","82374","108512"
"2009-07-17 00:09","FLETest.java","2831","10922","13753"
"2019-08-17 17:13","FLETest.java","133993","257500","391493"
"2019-01-31 15:55","ReconfigCommand.java","221735","233428","455163"
"2016-11-13 20:59","ReconfigCommand.java","1224","4977","6201"
"2019-08-17 17:13","ReconfigCommand.java","221853","255887","477740"
"2019-08-17 17:13","Leader.java","143983","257490","401473"
"2019-06-29 00:33","Leader.java","143983","245477","389460"
"2019-06-03 19:40","Leader.java","143983","242821","386804"
"2014-05-20 23:42","Leader.java","31761","104441","136202"
"2019-07-15 14:15","Leader.java","143983","252909","396892"
"2015-03-17 18:06","Leader.java","32413","117330","149743"
"2019-07-25 21:41","Leader.java","143983","253973","397956"
"2018-05-10 06:00","Leader.java","36602","137412","174014"
"2018-07-12 01:33","Leader.java","43825","145568","189393"
"2009-11-18 20:06","Leader.java","3416","13925","17341"
"2018-02-07 01:05","Leader.java","36512","135188","171700"
"2017-11-28 00:10","Leader.java","36456","134277","170733"
"2019-06-05 00:33","Leader.java","143983","243211","387194"
"2015-04-10 22:22","Leader.java","32417","118402","150819"
"2011-06-14 07:14","Leader.java","23017","59947","82964"
"2019-08-03 08:42","Leader.java","143983","258198","402181"
"2019-06-05 23:57","Leader.java","143983","243480","387463"
"2012-12-08 00:38","Leader.java","28963","82523","111486"
"2013-10-07 21:08","Leader.java","30010","93019","123029"
"2012-12-31 02:38","Leader.java","29392","85073","114465"
"2017-01-13 19:29","Leader.java","34946","131250","166196"
"2012-07-05 18:01","Leader.java","28308","76942","105250"
"2019-01-07 14:55","Leader.java","143939","232337","376276"
"2019-04-12 19:01","Leader.java","143983","239297","383280"
"2018-12-09 03:16","Leader.java","143939","230104","374043"
"2018-08-17 14:40","Leader.java","70140","174179","244319"
"2019-11-29 14:49","Leader.java","144623","264687","409310"
"2013-03-07 07:01","Leader.java","29722","89915","119637"
"2018-11-27 10:02","Leader.java","143939","227780","371719"
"2015-02-06 06:17","Leader.java","32375","116070","148445"
"2012-02-27 03:41","Leader.java","26846","73116","99962"
"2017-02-15 23:04","Leader.java","35854","129202","165056"
"2014-07-18 02:19","Leader.java","32180","111124","143304"
"2012-01-04 01:15","Leader.java","26541","71933","98474"
"2011-12-28 01:26","Leader.java","26539","71778","98317"
"2018-08-29 06:26","Leader.java","84369","188616","272985"
"2018-08-03 18:52","Leader.java","48479","151720","200199"
"2011-04-29 18:12","Leader.java","22931","58246","81177"
"2013-05-14 14:27","Leader.java","29742","90060","119802"
"2012-02-06 09:40","Leader.java","26579","72608","99187"
"2017-09-11 18:55","Leader.java","36398","130362","166760"
"2018-09-18 01:00","Leader.java","88822","195639","284461"
"2011-10-20 20:02","Leader.java","26161","69632","95793"
"2012-01-14 00:28","Leader.java","26545","72035","98580"
"2012-01-06 02:32","Leader.java","26541","71934","98475"
"2012-03-15 17:47","Leader.java","26861","74110","100971"
"2011-04-12 09:14","Leader.java","22887","57867","80754"
"2010-07-23 06:22","Leader.java","17108","55143","72251"
"2011-09-22 07:42","Leader.java","24590","69853","94443"
"2010-08-18 08:24","Leader.java","17905","61840","79745"
"2016-12-20 14:47","Leader.java","34938","130400","165338"
"2014-07-20 04:50","Leader.java","32208","111673","143881"
"2014-06-10 00:19","Leader.java","31765","105379","137144"
"2016-06-23 23:25","Leader.java","34266","124664","158930"
"2016-06-23 23:45","Leader.java","34266","124772","159038"
"2020-03-25 03:38","Leader.java","144623","270915","415538"
"2014-03-23 04:12","Leader.java","30350","99913","130263"
"2009-10-30 17:19","Leader.java","2030","3666","5696"
"2019-12-27 22:33","Leader.java","144623","266808","411431"
"2009-08-27 20:07","Leader.java","4","7","11"
"2016-08-13 15:01","Leader.java","34521","125722","160243"
"2013-10-21 23:36","Leader.java","30100","95851","125951"
"2019-10-10 14:37","Leader.java","143983","261243","405226"
"2013-11-07 06:41","Leader.java","30127","96309","126436"
"2013-05-11 14:51","FLETest.java","27119","97408","124527"
"2019-10-10 14:37","FLETest.java","131753","261253","393006"
"2013-10-21 23:36","FLETest.java","27467","103276","130743"
"2013-10-02 20:19","FLETest.java","27389","100087","127476"
"2010-03-13 01:06","FLETest.java","13996","50457","64453"
"2014-06-25 15:04","FLETest.java","29082","112781","141863"
"2010-03-31 06:26","FLETest.java","14936","51644","66580"
"2011-09-17 02:13","FLETest.java","23644","78790","102434"
"2016-06-02 00:59","FLETest.java","31189","131276","162465"
"2011-04-12 09:14","FLETest.java","22488","69708","92196"
"2011-12-23 20:46","FLETest.java","25594","80865","106459"
"2011-04-29 18:12","FLETest.java","22523","70078","92601"
"2017-09-11 18:55","FLETest.java","33037","137059","170096"
"2012-04-23 01:20","FLETest.java","26178","84591","110769"
"2009-07-17 00:09","FLETest.java","3692","14023","17715"
"2009-06-18 18:37","FLETest.java","1220","3460","4680"
"2019-08-17 17:13","FLETest.java","131753","257500","389253"
"2019-08-17 17:13","QuorumPeerConfigTest.java","221174","255887","477061"
"2018-07-04 17:11","QuorumPeerConfigTest.java","20576","31988","52564"
"2018-09-22 06:43","QuorumPeerConfigTest.java","108428","125156","233584"
"2018-10-16 16:22","QuorumPeerConfigTest.java","199737","232847","432584"
"2018-12-15 07:34","QuorumPeerConfigTest.java","221054","228340","449394"
"2019-04-18 19:17","QuorumPeerConfigTest.java","221155","238385","459540"
"2020-05-14 18:18","QuorumPeerConfigTest.java","222786","271364","494150"
"2013-09-26 14:05","Zab1_0Test.java","6815","23670","30485"
"2014-05-09 23:37","Zab1_0Test.java","14010","40604","54614"
"2017-01-07 01:09","Zab1_0Test.java","21392","71863","93255"
"2015-12-06 21:30","Zab1_0Test.java","17213","60918","78131"
"2019-12-17 13:48","Zab1_0Test.java","178752","265087","443839"
"2013-11-19 02:03","Zab1_0Test.java","7349","27949","35298"
"2015-07-07 07:11","Zab1_0Test.java","16912","59066","75978"
"2019-12-27 22:33","Zab1_0Test.java","178752","266636","445388"
"2013-10-24 20:41","Zab1_0Test.java","7323","27785","35108"
"2019-10-10 14:37","Zab1_0Test.java","177444","260403","437847"
"2013-11-07 06:41","Zab1_0Test.java","7326","27878","35204"
"2015-05-14 18:40","Zab1_0Test.java","15700","56554","72254"
"2019-08-17 17:13","Zab1_0Test.java","177444","256650","434094"
"2019-06-03 19:40","Zab1_0Test.java","177444","241981","419425"
"2018-05-10 06:00","Zab1_0Test.java","26166","81346","107512"
"2017-11-28 00:10","Zab1_0Test.java","25523","77714","103237"
"2013-10-07 21:08","Zab1_0Test.java","7009","24388","31397"
"2012-12-31 02:38","Zab1_0Test.java","5092","15143","20235"
"2017-08-18 06:32","Zab1_0Test.java","25084","73240","98324"
"2012-08-01 17:53","Zab1_0Test.java","3244","7390","10634"
"2012-07-05 18:01","Zab1_0Test.java","3173","6177","9350"
"2013-03-07 07:01","Zab1_0Test.java","6344","20907","27251"
"2012-12-13 08:25","Zab1_0Test.java","4536","12647","17183"
"2017-02-12 00:12","Zab1_0Test.java","23384","71101","94485"
"2019-08-17 17:13","WatchManagerOptimized.java","29620","47813","77433"
"2016-12-22 23:23","CnxnStatResetCommand.java","6524","14721","21245"
"2019-08-17 17:13","CnxnStatResetCommand.java","218737","255967","474704"
"2019-08-17 17:13","FLELostMessageTest.java","25849","30536","56385"
"2020-03-19 17:09","Learner.java","193109","269741","462850"
"2013-10-09 22:21","Learner.java","1523","6718","8241"
"2020-02-03 04:30","Learner.java","193109","268236","461345"
"2020-01-23 13:43","Learner.java","193109","267679","460788"
"2017-07-04 07:39","Learner.java","22859","56677","79536"
"2020-03-25 03:38","Learner.java","193109","270537","463646"
"2015-03-15 08:54","Learner.java","12108","35896","48004"
"2019-11-28 12:24","Learner.java","193109","262658","455767"
"2019-12-27 22:33","Learner.java","193109","266430","459539"
"2020-01-25 18:48","Learner.java","193109","267869","460978"
"2020-05-03 19:43","Learner.java","193109","271473","464582"
"2016-08-13 15:01","Learner.java","17972","48980","66952"
"2013-10-21 23:36","Learner.java","1540","7098","8638"
"2019-10-10 14:37","Learner.java","191763","260159","451922"
"2015-01-25 01:22","Learner.java","11929","35226","47155"
"2019-06-03 19:40","Learner.java","191763","241737","433500"
"2015-03-17 18:06","Learner.java","12233","36957","49190"
"2019-07-15 14:15","Learner.java","191763","251825","443588"
"2019-08-23 19:43","Learner.java","191763","257072","448835"
"2016-09-08 22:59","Learner.java","18246","49502","67748"
"2019-08-17 17:13","Learner.java","191763","256406","448169"
"2017-11-28 00:10","Learner.java","24430","62058","86488"
"2014-03-12 23:57","Learner.java","2135","11217","13352"
"2018-05-09 00:54","Learner.java","25016","64772","89788"
"2019-04-09 15:35","Learner.java","191684","237184","428868"
"2019-07-12 17:01","Learner.java","191763","251719","443482"
"2017-07-06 18:48","Learner.java","22867","56957","79824"
"2013-10-07 21:08","Learner.java","1257","4073","5330"
"2017-08-18 06:32","Learner.java","23962","57555","81517"
"2019-07-02 07:34","Learner.java","191763","244349","436112"
"2018-10-16 16:22","Learner.java","172303","235343","407646"
"2014-07-18 02:19","Learner.java","10951","29702","40653"
"2017-02-12 00:12","Learner.java","21637","54791","76428"
"2018-12-09 03:16","Learner.java","191663","228964","420627"
"2019-11-29 14:49","Learner.java","193109","264309","457418"
"2018-11-27 10:02","Learner.java","191663","226640","418303"
"2018-08-06 14:11","Learner.java","43591","86745","130336"
"2020-05-05 21:20","ObserverMasterTest.java","13879","23942","37821"
"2019-12-28 16:17","ObserverMasterTest.java","6611","11443","18054"
"2019-08-17 17:13","BufferStatsTest.java","231754","254847","486601"
"2019-10-10 14:37","FLETest.java","3717","7470","11187"
"2019-08-17 17:13","Leader.java","222252","255887","478139"
"2019-06-29 00:33","Leader.java","222251","243873","466124"
"2019-06-03 19:40","Leader.java","222251","241217","463468"
"2019-07-15 14:15","Leader.java","222252","251306","473558"
"2019-07-25 21:41","Leader.java","222252","252370","474622"
"2018-05-10 06:00","Leader.java","10000","19609","29609"
"2018-07-12 01:33","Leader.java","20137","30679","50816"
"2018-02-07 01:05","Leader.java","9580","17055","26635"
"2017-11-28 00:10","Leader.java","9096","15716","24812"
"2019-06-05 00:33","Leader.java","222251","241607","463858"
"2019-08-03 08:42","Leader.java","222252","256595","478847"
"2019-06-05 23:57","Leader.java","222251","241876","464127"
"2017-01-13 19:29","Leader.java","1891","6994","8885"
"2019-01-07 14:55","Leader.java","222133","230659","452792"
"2019-04-12 19:01","Leader.java","222233","237675","459908"
"2018-12-09 03:16","Leader.java","222132","228425","450557"
"2018-08-17 14:40","Leader.java","78366","91204","169570"
"2019-11-29 14:49","Leader.java","223830","264022","487852"
"2018-11-27 10:02","Leader.java","222132","226101","448233"
"2017-02-15 23:04","Leader.java","5417","7564","12981"
"2018-08-29 06:26","Leader.java","102500","115546","218046"
"2018-08-03 18:52","Leader.java","30737","42777","73514"
"2017-09-11 18:55","Leader.java","8575","11338","19913"
"2018-09-18 01:00","Leader.java","107878","123494","231372"
"2016-12-20 14:47","Leader.java","1782","6043","7825"
"2020-03-25 03:38","Leader.java","223832","270252","494084"
"2019-12-27 22:33","Leader.java","223831","266144","489975"
"2019-10-10 14:37","Leader.java","222252","259640","481892"
"2016-08-10 19:32","CliException.java","240","195","435"
"2019-08-17 17:13","CliException.java","221853","255887","477740"
"2016-08-05 23:05","CliException.java","237","182","419"
"2020-03-19 17:09","Learner.java","4144","9576","13720"
"2020-02-03 04:30","Learner.java","2365","6292","8657"
"2020-01-23 13:43","Learner.java","2244","5614","7858"
"2020-03-25 03:38","Learner.java","4264","10492","14756"
"2019-12-27 22:33","Learner.java","366","2487","2853"
"2020-01-25 18:48","Learner.java","2251","5811","8062"
"2020-05-03 19:43","Learner.java","5020","12184","17204"
"2019-10-10 14:37","ZooKeeperSaslClient.java","197132","260119","457251"
"2016-03-02 07:46","ZooKeeperSaslClient.java","13112","37298","50410"
"2016-03-05 01:03","ZooKeeperSaslClient.java","14271","37350","51621"
"2015-12-05 22:32","ZooKeeperSaslClient.java","12920","36608","49528"
"2020-02-04 10:39","ZooKeeperSaslClient.java","198481","268199","466680"
"2019-01-31 15:50","ZooKeeperSaslClient.java","197034","233935","430969"
"2019-08-03 08:42","ZooKeeperSaslClient.java","197132","257074","454206"
"2014-12-20 15:29","ZooKeeperSaslClient.java","10614","28501","39115"
"2017-11-28 00:10","ZooKeeperSaslClient.java","23541","55760","79301"
"2016-05-02 18:15","ZooKeeperSaslClient.java","16117","40051","56168"
"2019-08-17 17:13","ZooKeeperSaslClient.java","197132","256366","453498"
"2015-07-07 07:11","ZxidRolloverTest.java","14703","54905","69608"
"2019-08-17 17:13","ZxidRolloverTest.java","179214","256468","435682"
"2015-05-14 18:40","ZxidRolloverTest.java","13453","52355","65808"
"2015-11-21 22:18","ZxidRolloverTest.java","14966","56656","71622"
"2017-09-11 18:55","QuorumBase.java","27844","88187","116031"
"2012-04-23 01:20","QuorumBase.java","10791","25525","36316"
"2019-07-12 17:01","QuorumBase.java","178405","252245","430650"
"2012-12-11 08:42","QuorumBase.java","11673","31586","43259"
"2019-08-17 17:13","QuorumBase.java","178405","256932","435337"
"2019-08-01 07:31","QuorumBase.java","178405","257603","436008"
"2018-08-08 06:21","QuorumBase.java","86555","156645","243200"
"2019-10-10 14:37","QuorumBase.java","178405","260685","439090"
"2020-03-25 03:38","QuorumBase.java","179499","270811","450310"
"2014-07-18 19:46","QuorumBase.java","20663","66213","86876"
"2011-05-20 01:17","QuorumBase.java","188","1007","1195"
"2013-10-09 22:21","QuorumBase.java","13596","45363","58959"
"2014-06-25 19:25","QuorumBase.java","20010","60564","80574"
"2015-07-07 07:11","BaseSysTest.java","3083","10585","13668"
"2015-08-23 19:12","BaseSysTest.java","3099","11143","14242"
"2018-12-20 07:24","BaseSysTest.java","211482","229536","441018"
"2020-03-26 22:20","BaseSysTest.java","213038","270632","483670"
"2017-09-11 18:55","BaseSysTest.java","15313","28995","44308"
"2019-07-12 17:01","BaseSysTest.java","211592","251459","463051"
"2019-07-02 07:34","Follower.java","187413","244928","432341"
"2018-12-09 03:16","Follower.java","187347","229577","416924"
"2019-04-12 19:01","Follower.java","187414","238793","426207"
"2013-03-07 07:01","Follower.java","26292","43840","70132"
"2015-02-06 06:17","Follower.java","34092","75142","109234"
"2011-04-29 18:12","Follower.java","14773","6153","20926"
"2011-01-22 20:38","Follower.java","1594","33774","35368"
"2011-02-07 20:26","Follower.java","1710","33907","35617"
"2018-09-18 01:00","Follower.java","119535","183707","303242"
"2019-08-17 17:13","Follower.java","187413","256985","444398"
"2019-06-29 00:33","Follower.java","187413","244972","432385"
"2019-08-06 17:11","Follower.java","187413","258086","445499"
"2019-07-15 14:15","Follower.java","187413","252404","439817"
"2019-08-23 19:43","Follower.java","187413","257651","445064"
"2017-11-28 00:10","Follower.java","40729","95905","136634"
"2019-06-05 00:33","Follower.java","187413","242706","430119"
"2011-06-14 07:14","Follower.java","15156","8151","23307"
"2019-05-03 00:44","Follower.java","187414","240983","428397"
"2015-06-05 21:15","Follower.java","34431","79071","113502"
"2019-12-27 22:33","Follower.java","188486","266736","455222"
"2016-08-13 15:01","Follower.java","37364","85920","123284"
"2019-10-10 14:37","Follower.java","187413","260738","448151"
"2016-12-20 14:47","Follower.java","38123","90940","129063"
"2014-07-22 06:51","Follower.java","33877","70723","104600"
"2014-01-25 01:17","FourLetterWordsTest.java","7166","29988","37154"
"2019-10-10 14:37","FourLetterWordsTest.java","178028","260402","438430"
"2015-11-08 22:36","FourLetterWordsTest.java","16744","59443","76187"
"2015-07-05 06:05","FourLetterWordsTest.java","16487","57948","74435"
"2015-06-28 21:09","FourLetterWordsTest.java","16485","57876","74361"
"2015-03-28 20:08","FourLetterWordsTest.java","15257","54948","70205"
"2019-08-17 17:13","FourLetterWordsTest.java","178028","256649","434677"
"2019-05-08 21:54","FourLetterWordsTest.java","178028","241151","419179"
"2015-07-10 08:19","FourLetterWordsTest.java","16603","58319","74922"
"2018-09-15 00:08","ZooKeeperServer.java","112148","148513","260661"
"2019-04-12 19:01","ZooKeeperServer.java","201238","238082","439320"
"2019-07-31 19:06","ZooKeeperServer.java","201254","255598","456852"
"2019-09-11 10:27","ZooKeeperServer.java","201254","257647","458901"
"2019-01-14 19:38","ZooKeeperServer.java","201147","231476","432623"
"2019-01-07 15:34","ZooKeeperServer.java","201147","231077","432224"
"2018-11-21 17:56","ZooKeeperServer.java","201145","224272","425417"
"2017-04-28 07:14","ZooKeeperServer.java","20764","45211","65975"
"2017-02-12 00:12","ZooKeeperServer.java","20683","44231","64914"
"2014-07-18 02:19","ZooKeeperServer.java","9064","18209","27273"
"2019-02-13 13:12","ZooKeeperServer.java","201167","235150","436317"
"2016-11-24 17:18","ZooKeeperServer.java","17819","43143","60962"
"2018-07-19 05:59","ZooKeeperServer.java","42821","75253","118074"
"2018-09-18 01:00","ZooKeeperServer.java","112208","149226","261434"
"2019-03-04 08:07","ZooKeeperServer.java","201166","235726","436892"
"2019-07-08 23:26","ZooKeeperServer.java","201254","245067","446321"
"2019-01-23 14:00","ZooKeeperServer.java","201148","232912","434060"
"2019-02-13 13:19","ZooKeeperServer.java","201167","235436","436603"
"2019-05-14 17:11","ZooKeeperServer.java","201238","240942","442180"
"2015-07-10 08:19","ZooKeeperServer.java","12403","30535","42938"
"2019-06-04 10:55","ZooKeeperServer.java","201254","241775","443029"
"2019-04-09 15:35","ZooKeeperServer.java","201167","237061","438228"
"2019-08-03 08:42","ZooKeeperServer.java","201254","256999","458253"
"2019-05-15 11:56","ZooKeeperServer.java","201238","241029","442267"
"2019-05-22 11:39","ZooKeeperServer.java","201238","241475","442713"
"2019-04-22 19:15","ZooKeeperServer.java","201238","239057","440295"
"2018-02-23 23:49","ZooKeeperServer.java","24145","53366","77511"
"2016-11-16 06:21","ZooKeeperServer.java","17249","42552","59801"
"2017-08-18 06:32","ZooKeeperServer.java","23096","47083","70179"
"2017-06-26 00:16","ZooKeeperServer.java","21982","45961","67943"
"2019-09-10 04:26","ZooKeeperServer.java","201254","257336","458590"
"2019-08-17 17:13","ZooKeeperServer.java","201254","256291","457545"
"2019-09-05 23:12","ZooKeeperServer.java","201254","257210","458464"
"2019-09-10 15:21","ZooKeeperServer.java","201254","257334","458588"
"2019-08-01 07:31","ZooKeeperServer.java","201254","256962","458216"
"2019-08-01 07:28","ZooKeeperServer.java","201254","256472","457726"
"2019-06-03 19:40","ZooKeeperServer.java","201254","241622","442876"
"2015-03-17 18:06","ZooKeeperServer.java","10486","25604","36090"
"2019-11-23 17:08","ZooKeeperServer.java","202672","262410","465082"
"2019-10-09 16:49","ZooKeeperServer.java","201254","259877","461131"
"2019-07-03 00:44","ZooKeeperServer.java","201254","244304","445558"
"2018-01-19 01:12","ZooKeeperServer.java","24058","52237","76295"
"2019-07-24 18:00","ZooKeeperServer.java","201254","252746","454000"
"2018-08-08 06:21","ZooKeeperServer.java","85586","119498","205084"
"2018-05-09 23:57","ZooKeeperServer.java","24305","55031","79336"
"2019-12-27 22:33","ZooKeeperServer.java","202672","266387","469059"
"2016-08-13 15:01","ZooKeeperServer.java","16572","37974","54546"
"2018-09-11 00:17","ZooKeeperServer.java","112131","146947","259078"
"2019-11-18 09:05","ZooKeeperServer.java","202672","260853","463525"
"2019-10-10 14:37","ZooKeeperServer.java","201254","260044","461298"
"2019-09-16 23:26","ZooKeeperServer.java","201254","259310","460564"
"2017-06-23 18:39","ZooKeeperServer.java","21892","45891","67783"
"2019-12-03 10:01","ZooKeeperServer.java","202672","264312","466984"
"2020-03-25 03:38","ZooKeeperServer.java","202672","270494","473166"
"2019-11-28 12:24","ZooKeeperServer.java","202672","262615","465287"
"2019-11-06 15:21","ZooKeeperServer.java","201282","260288","461570"
"2020-04-12 11:14","ZooKeeperServer.java","202672","271247","473919"
"2015-03-08 23:07","ZooKeeperServer.java","10356","24426","34782"
"2018-06-08 16:52","ZooKeeperServer.java","24430","55905","80335"
"2018-06-15 07:41","ZooKeeperServer.java","24436","55914","80350"
"2018-07-28 04:37","ZooKeeperServer.java","42910","75918","118828"
"2019-04-18 19:17","ZooKeeperServer.java","201238","238792","440030"
"2018-10-16 16:22","QuorumPeerConfig.java","177424","235269","412693"
"2018-12-09 03:16","QuorumPeerConfig.java","196819","228925","425744"
"2019-04-12 19:01","QuorumPeerConfig.java","196903","238158","435061"
"2018-09-11 15:23","QuorumPeerConfig.java","111737","151911","263648"
"2018-12-15 07:34","QuorumPeerConfig.java","196819","228840","425659"
"2019-02-13 13:12","QuorumPeerConfig.java","196840","235234","432074"
"2019-08-17 17:13","QuorumPeerConfig.java","196919","256367","453286"
"2015-03-17 18:06","QuorumPeerConfig.java","10937","30466","41403"
"2014-01-21 04:50","QuorumPeerConfig.java","382","2337","2719"
"2017-11-28 00:10","QuorumPeerConfig.java","23516","55949","79465"
"2019-06-05 00:29","QuorumPeerConfig.java","196919","242034","438953"
"2014-09-17 07:34","QuorumPeerConfig.java","10346","26422","36768"
"2020-01-09 11:27","QuorumPeerConfig.java","198267","265818","464085"
"2019-07-12 17:01","QuorumPeerConfig.java","196919","251680","448599"
"2016-11-13 20:59","QuorumPeerConfig.java","17359","46526","63885"
"2019-05-15 11:56","QuorumPeerConfig.java","196903","241105","438008"
"2014-08-19 22:50","QuorumPeerConfig.java","10346","25336","35682"
"2018-10-01 06:11","QuorumPeerConfig.java","111977","155985","267962"
"2017-07-28 00:36","QuorumPeerConfig.java","22874","50887","73761"
"2017-07-06 18:48","QuorumPeerConfig.java","21860","50755","72615"
"2020-01-23 13:43","QuorumPeerConfig.java","198267","267642","465909"
"2014-05-17 13:23","QuorumPeerConfig.java","8052","14902","22954"
"2014-07-04 04:19","QuorumPeerConfig.java","8442","17841","26283"
"2016-06-23 19:42","QuorumPeerConfig.java","16251","40986","57237"
"2015-09-06 20:02","QuorumPeerConfig.java","12636","35677","48313"
"2015-09-29 03:56","QuorumPeerConfig.java","12682","35904","48586"
"2019-10-10 14:37","QuorumPeerConfig.java","196919","260120","457039"
"2018-07-27 12:32","QuorumPeerConfig.java","42642","79989","122631"
"2019-04-18 19:17","QuorumPeerConfig.java","196903","238868","435771"
"2016-11-03 16:07","QuorumPeerConfig.java","17224","44722","61946"
"2014-03-25 22:13","QuorumPeerConfig.java","770","5181","5951"
"2014-08-01 07:38","QuorumPeerConfig.java","10177","24632","34809"
"2014-08-14 08:08","QuorumPeerConfig.java","10259","25135","35394"
"2020-02-16 10:25","QuorumPeerConfig.java","198267","268355","466622"
"2020-05-14 18:18","QuorumPeerConfig.java","198275","271588","469863"
"2017-05-11 16:59","QuorumPeerConfig.java","21580","49608","71188"
"2019-08-17 17:13","StatCommand.java","231754","254847","486601"
"2018-06-08 16:52","ZooKeeperServerMXBean.java","14203","27546","41749"
"2019-09-16 23:26","ZooKeeperServerMXBean.java","219061","258985","478046"
"2019-11-14 03:54","ZooKeeperServerMXBean.java","219091","264005","483096"
"2015-12-07 06:26","ZooKeeperServerMXBean.java","401","2127","2528"
"2020-03-25 03:38","ZooKeeperServerMXBean.java","220608","270298","490906"
"2019-05-22 11:39","ZooKeeperServerMXBean.java","219043","241148","460191"
"2019-07-30 02:31","ZooKeeperServerMXBean.java","219061","253887","472948"
"2018-02-07 01:05","ZooKeeperServerMXBean.java","13724","24469","38193"
"2018-07-12 01:33","ZooKeeperServerMXBean.java","23563","37375","60938"
"2019-08-17 17:13","ZooKeeperServerMXBean.java","219061","255966","475027"
"2017-04-28 07:14","ZooKeeperServerMXBean.java","9756","16071","25827"
"2019-01-14 19:38","ZooKeeperServerMXBean.java","218949","231146","450095"
"2019-07-08 23:26","ZooKeeperServerMXBean.java","219060","244741","463801"
"2019-01-23 14:00","ZooKeeperServerMXBean.java","218950","232582","451532"
"2019-07-02 07:34","Follower.java","225901","243218","469119"
"2018-12-09 03:16","Follower.java","225782","227814","453596"
"2019-04-12 19:01","Follower.java","225883","237064","462947"
"2018-09-18 01:00","Follower.java","107565","118920","226485"
"2019-08-17 17:13","Follower.java","225902","255276","481178"
"2019-06-29 00:33","Follower.java","225901","243262","469163"
"2019-08-06 17:11","Follower.java","225902","256377","482279"
"2019-07-15 14:15","Follower.java","225902","250695","476597"
"2019-08-23 19:43","Follower.java","225902","255942","481844"
"2017-11-28 00:10","Follower.java","7460","9819","17279"
"2019-06-05 00:33","Follower.java","225901","240996","466897"
"2019-05-03 00:44","Follower.java","225883","239254","465137"
"2019-12-27 22:33","Follower.java","227507","265559","493066"
"2019-10-10 14:37","Follower.java","225902","259029","484931"
"2020-03-26 18:41","ZooKeeperMain.java","103223","270933","374156"
"2016-10-16 14:21","ZooKeeperMain.java","26142","157398","183540"
"2011-05-20 01:17","ZooKeeperMain.java","17936","95150","113086"
"2011-04-12 09:14","ZooKeeperMain.java","17906","94301","112207"
"2020-04-01 17:02","ZooKeeperMain.java","103223","271257","374480"
"2013-10-01 23:18","ZooKeeperMain.java","22245","123759","146004"
"2019-10-10 14:37","ZooKeeperMain.java","102765","261440","364205"
"2015-11-22 00:33","ZooKeeperMain.java","24383","152566","176949"
"2020-03-26 22:19","ZooKeeperMain.java","103223","271002","374225"
"2011-08-18 22:05","ZooKeeperMain.java","16336","98136","114472"
"2011-05-16 19:39","ZooKeeperMain.java","17934","94720","112654"
"2015-11-08 22:54","ZooKeeperMain.java","24351","152241","176592"
"2016-07-27 01:33","ZooKeeperMain.java","25840","155548","181388"
"2014-04-04 00:39","ZooKeeperMain.java","22549","131882","154431"
"2019-11-28 12:24","ZooKeeperMain.java","103223","263051","366274"
"2016-11-13 20:59","ZooKeeperMain.java","26153","159614","185767"
"2019-08-03 08:42","ZooKeeperMain.java","102765","258395","361160"
"2009-06-09 07:04","ZooKeeperMain.java","3818","32988","36806"
"2012-03-18 07:03","ZooKeeperMain.java","21170","107282","128452"
"2017-07-28 00:36","ZooKeeperMain.java","27127","159434","186561"
"2016-05-02 18:15","ZooKeeperMain.java","25830","154272","180102"
"2015-03-28 20:08","ZooKeeperMain.java","24225","149037","173262"
"2019-08-17 17:13","ZooKeeperMain.java","102765","257687","360452"
"2009-06-10 01:03","ZooKeeperMain.java","4097","34388","38485"
"2009-06-09 07:12","ZooKeeperMain.java","3819","33028","36847"
"2009-07-31 22:32","ZooKeeperMain.java","6268","45818","52086"
"2009-05-08 00:34","ZooKeeperMain.java","3158","23556","26714"
"2013-09-02 23:04","ZooKeeperMain.java","22248","123002","145250"
"2018-08-06 14:11","ZooKeeperMain.java","34091","176344","210435"
"2010-11-10 23:36","ZooKeeperMain.java","14728","131121","145849"
"2020-03-19 17:09","Learner.java","45225","86880","132105"
"2020-02-03 04:30","Learner.java","45160","85310","130470"
"2020-01-23 13:43","Learner.java","45055","84648","129703"
"2020-03-25 03:38","Learner.java","45288","87739","133027"
"2019-11-28 12:24","Learner.java","43560","78132","121692"
"2019-12-27 22:33","Learner.java","43921","82265","126186"
"2020-01-25 18:48","Learner.java","45061","84844","129905"
"2020-05-03 19:43","Learner.java","45859","89246","135105"
"2019-10-10 14:37","Learner.java","38403","71822","110225"
"2019-06-03 19:40","Learner.java","9619","24616","34235"
"2019-07-15 14:15","Learner.java","13928","39013","52941"
"2019-08-23 19:43","Learner.java","36424","66756","103180"
"2019-08-17 17:13","Learner.java","36426","66092","102518"
"2019-04-09 15:35","Learner.java","8685","19208","27893"
"2019-07-12 17:01","Learner.java","13928","38907","52835"
"2019-07-02 07:34","Learner.java","12880","30489","43369"
"2018-12-09 03:16","Learner.java","507","2831","3338"
"2019-11-29 14:49","Learner.java","43821","80044","123865"
"2016-12-20 14:47","FollowerBean.java","19195","165672","184867"
"2019-07-25 21:41","FollowerBean.java","90102","254189","344291"
"2019-08-17 17:13","FollowerBean.java","90102","257706","347808"
"2018-12-09 03:16","FollowerBean.java","90075","230337","320412"
"2011-04-29 18:12","QuorumCnxManager.java","43662","5133","48795"
"2011-12-28 01:26","QuorumCnxManager.java","50779","23533","74312"
"2019-11-29 14:49","QuorumCnxManager.java","218395","264615","483010"
"2013-03-07 07:01","QuorumCnxManager.java","55698","43406","99104"
"2018-07-11 06:04","QuorumCnxManager.java","78207","107296","185503"
"2018-08-06 14:11","QuorumCnxManager.java","87476","118338","205814"
"2010-11-17 15:59","QuorumCnxManager.java","1165","2279","3444"
"2012-06-29 22:08","QuorumCnxManager.java","53628","29541","83169"
"2018-10-16 16:22","QuorumCnxManager.java","186069","236817","422886"
"2019-06-14 09:06","QuorumCnxManager.java","217322","244983","462305"
"2019-08-03 08:42","QuorumCnxManager.java","217322","257693","475015"
"2019-11-13 20:41","QuorumCnxManager.java","217322","264704","482026"
"2019-04-09 16:08","QuorumCnxManager.java","217271","237790","455061"
"2019-08-06 12:52","QuorumCnxManager.java","217322","257958","475280"
"2017-02-09 11:40","QuorumCnxManager.java","67691","91803","159494"
"2019-05-20 23:13","QuorumCnxManager.java","217323","241858","459181"
"2015-04-09 20:16","QuorumCnxManager.java","63686","77181","140867"
"2017-08-23 02:16","QuorumCnxManager.java","70039","91455","161494"
"2019-07-27 20:04","QuorumCnxManager.java","217322","253516","470838"
"2015-05-29 23:46","QuorumCnxManager.java","63820","77831","141651"
"2015-05-14 07:10","QuorumCnxManager.java","63789","77504","141293"
"2020-03-12 14:47","QuorumCnxManager.java","218395","270001","488396"
"2019-08-17 17:13","QuorumCnxManager.java","217322","256985","474307"
"2017-11-28 00:10","QuorumCnxManager.java","70260","95596","165856"
"2019-10-10 14:37","QuorumCnxManager.java","217322","260738","478060"
"2014-07-23 19:36","QuorumCnxManager.java","63313","70375","133688"
"2017-06-09 18:37","QuorumCnxManager.java","69874","90994","160868"
"2020-01-23 13:43","QuorumCnxManager.java","218395","267985","486380"
"2014-03-23 04:12","QuorumCnxManager.java","56590","53668","110258"
"2014-07-08 05:25","QuorumCnxManager.java","63023","65815","128838"
"2019-11-28 12:24","QuorumCnxManager.java","218395","262964","481359"
"2014-06-25 15:04","QuorumCnxManager.java","62645","63801","126446"
"2011-08-15 02:44","QuorumCnxManager.java","44845","15206","60051"
"2016-06-08 17:43","QuorumCnxManager.java","66569","84112","150681"
"2020-03-23 16:20","QuorumCnxManager.java","218395","270172","488567"
"2020-02-16 10:25","QuorumCnxManager.java","218395","268698","487093"
"2014-07-22 06:45","QuorumCnxManager.java","63312","70299","133611"
"2011-04-12 09:14","QuorumCnxManager.java","43551","4687","48238"
"2018-07-27 12:32","QuorumCnxManager.java","87438","117688","205126"
"2011-03-16 19:49","QuorumCnxManager.java","1553","4162","5715"
"2019-10-10 14:37","SessionUpgradeTest.java","3717","7470","11187"
"2015-02-06 06:17","PrepRequestProcessor.java","12274","40332","52606"
"2013-03-07 07:01","PrepRequestProcessor.java","1478","6034","7512"
"2019-02-07 11:26","PrepRequestProcessor.java","187117","234648","421765"
"2019-09-11 10:27","PrepRequestProcessor.java","187214","257769","444983"
"2018-07-19 05:59","PrepRequestProcessor.java","42615","89209","131824"
"2017-09-11 18:55","PrepRequestProcessor.java","23386","61713","85099"
"2019-01-16 14:21","PrepRequestProcessor.java","187116","232295","419411"
"2017-06-01 05:45","PrepRequestProcessor.java","22468","60331","82799"
"2019-11-08 17:30","PrepRequestProcessor.java","187242","262055","449297"
"2016-11-13 20:59","PrepRequestProcessor.java","18513","57431","75944"
"2019-04-09 15:35","PrepRequestProcessor.java","187135","237191","424326"
"2019-04-17 14:16","PrepRequestProcessor.java","187198","238469","425667"
"2014-10-28 05:35","PrepRequestProcessor.java","11997","38116","50113"
"2019-05-10 12:22","PrepRequestProcessor.java","187198","240904","428102"
"2017-06-26 00:16","PrepRequestProcessor.java","22696","60837","83533"
"2019-02-07 11:22","PrepRequestProcessor.java","187117","234310","421427"
"2016-11-16 06:21","PrepRequestProcessor.java","18547","58012","76559"
"2019-08-01 07:31","PrepRequestProcessor.java","187214","257084","444298"
"2019-06-26 10:57","PrepRequestProcessor.java","187214","244263","431477"
"2014-01-24 07:18","PrepRequestProcessor.java","3201","16490","19691"
"2015-05-29 19:45","PrepRequestProcessor.java","12789","43638","56427"
"2016-10-07 21:51","PrepRequestProcessor.java","18485","55150","73635"
"2015-06-04 19:51","PrepRequestProcessor.java","12915","44529","57444"
"2019-08-17 17:13","PrepRequestProcessor.java","187214","256413","443627"
"2018-08-08 06:21","PrepRequestProcessor.java","84923","132997","217920"
"2018-05-09 23:57","PrepRequestProcessor.java","24299","69187","93486"
"2015-06-11 20:09","PrepRequestProcessor.java","12929","44669","57598"
"2019-12-27 22:33","PrepRequestProcessor.java","188559","266436","454995"
"2014-04-01 01:47","PrepRequestProcessor.java","3736","18288","22024"
"2019-10-10 14:37","PrepRequestProcessor.java","187214","260166","447380"
"2020-03-25 03:38","PrepRequestProcessor.java","188559","270543","459102"
"2014-07-25 01:31","PrepRequestProcessor.java","11577","35620","47197"
"2013-10-09 22:21","PrepRequestProcessor.java","2884","12635","15519"
"2014-04-29 02:23","PrepRequestProcessor.java","9993","26547","36540"
"2015-03-08 23:07","PrepRequestProcessor.java","12338","40570","52908"
"2014-07-22 06:51","PrepRequestProcessor.java","11508","35362","46870"
"2018-06-15 07:41","PrepRequestProcessor.java","24412","70052","94464"
"2015-01-31 08:05","ClientCnxn.java","11022","32310","43332"
"2016-05-02 18:15","ClientCnxn.java","16474","43798","60272"
"2014-01-24 07:18","ClientCnxn.java","904","7618","8522"
"2019-08-17 17:13","ClientCnxn.java","193745","256369","450114"
"2015-05-10 00:27","ClientCnxn.java","11401","35228","46629"
"2017-12-19 19:27","ClientCnxn.java","24112","59765","83877"
"2019-01-31 15:50","ClientCnxn.java","193647","233938","427585"
"2019-04-09 15:35","ClientCnxn.java","193666","237147","430813"
"2014-12-20 15:29","ClientCnxn.java","11014","32291","43305"
"2019-11-08 17:30","ClientCnxn.java","193773","262011","455784"
"2017-06-08 17:59","ClientCnxn.java","22019","53382","75401"
"2019-01-16 14:21","ClientCnxn.java","193647","232251","425898"
"2019-01-07 14:24","ClientCnxn.java","193646","231100","424746"
"2019-03-06 03:32","ClientCnxn.java","193665","236074","429739"
"2015-02-06 06:17","ClientCnxn.java","11128","32611","43739"
"2019-02-07 11:26","ClientCnxn.java","193648","234604","428252"
"2018-11-05 19:40","ClientCnxn.java","174285","235395","409680"
"2020-05-17 15:13","ClientCnxn.java","195099","271668","466767"
"2018-06-25 12:30","ClientCnxn.java","24501","63680","88181"
"2020-03-03 03:12","ClientCnxn.java","195091","269450","464541"
"2018-09-10 11:44","ClientCnxn.java","111736","154100","265836"
"2015-06-13 02:42","ClientCnxn.java","11850","37139","48989"
"2014-03-23 04:12","ClientCnxn.java","1261","8612","9873"
"2015-11-09 00:05","ClientCnxn.java","13174","39955","53129"
"2015-12-06 19:58","ClientCnxn.java","13293","40379","53672"
"2020-01-21 17:53","ClientCnxn.java","195091","265711","460802"
"2015-12-05 22:43","ClientCnxn.java","13293","40376","53669"
"2015-12-05 22:32","ClientCnxn.java","13292","40370","53662"
"2019-10-10 14:37","ClientCnxn.java","193745","260122","453867"
"2014-04-01 04:03","ClientCnxn.java","1502","9696","11198"
"2019-11-21 05:58","ClientCnxn.java","195091","260882","455973"
"2020-04-16 12:50","ClientCnxn.java","195091","271289","466380"
"2018-07-27 05:16","ClientCnxn.java","42818","83149","125967"
"2018-12-09 03:16","FollowerRequestProcessor.java","196819","228925","425744"
"2016-10-07 21:51","FollowerRequestProcessor.java","17223","44137","61360"
"2019-08-17 17:13","FollowerRequestProcessor.java","196919","256367","453286"
"2015-06-04 19:51","FollowerRequestProcessor.java","11445","33308","44753"
"2019-08-01 07:31","FollowerRequestProcessor.java","196919","257038","453957"
"2014-03-23 04:12","FollowerRequestProcessor.java","758","4933","5691"
"2020-03-25 03:38","FollowerRequestProcessor.java","198267","270500","468767"
"2014-07-18 19:46","FollowerRequestProcessor.java","9629","23412","33041"
"2019-10-10 14:37","FollowerRequestProcessor.java","196919","260120","457039"
"2020-05-05 21:20","FollowerRequestProcessor.java","198267","271531","469798"
"2015-03-08 23:07","FollowerRequestProcessor.java","10804","29285","40089"
"2011-04-29 18:12","QuorumCnxManager.java","42649","1511","44160"
"2011-12-28 01:26","QuorumCnxManager.java","50106","20251","70357"
"2019-11-29 14:49","QuorumCnxManager.java","220972","264583","485555"
"2013-03-07 07:01","QuorumCnxManager.java","55139","40238","95377"
"2018-07-11 06:04","QuorumCnxManager.java","78003","104483","182486"
"2018-08-06 14:11","QuorumCnxManager.java","87288","115541","202829"
"2012-06-29 22:08","QuorumCnxManager.java","52991","26295","79286"
"2018-10-16 16:22","QuorumCnxManager.java","188643","236782","425425"
"2019-06-14 09:06","QuorumCnxManager.java","219899","244951","464850"
"2019-08-03 08:42","QuorumCnxManager.java","219899","257661","477560"
"2019-11-13 20:41","QuorumCnxManager.java","219899","264672","484571"
"2019-04-09 16:08","QuorumCnxManager.java","219848","237758","457606"
"2019-08-06 12:52","QuorumCnxManager.java","219899","257926","477825"
"2017-02-09 11:40","QuorumCnxManager.java","67336","88839","156175"
"2019-05-20 23:13","QuorumCnxManager.java","219900","241826","461726"
"2015-04-09 20:16","QuorumCnxManager.java","63221","74107","137328"
"2017-08-23 02:16","QuorumCnxManager.java","69788","88595","158383"
"2019-07-27 20:04","QuorumCnxManager.java","219899","253484","473383"
"2015-05-29 23:46","QuorumCnxManager.java","63368","74770","138138"
"2015-05-14 07:10","QuorumCnxManager.java","63332","74438","137770"
"2020-03-12 14:47","QuorumCnxManager.java","220972","269969","490941"
"2019-08-17 17:13","QuorumCnxManager.java","219899","256953","476852"
"2017-11-28 00:10","QuorumCnxManager.java","70018","92745","162763"
"2019-10-10 14:37","QuorumCnxManager.java","219899","260706","480605"
"2014-07-23 19:36","QuorumCnxManager.java","62813","67266","130079"
"2017-06-09 18:37","QuorumCnxManager.java","69619","88130","157749"
"2020-01-23 13:43","QuorumCnxManager.java","220972","267953","488925"
"2014-03-23 04:12","QuorumCnxManager.java","56071","50540","106611"
"2014-07-08 05:25","QuorumCnxManager.java","62519","62702","125221"
"2019-11-28 12:24","QuorumCnxManager.java","220972","262932","483904"
"2014-06-25 15:04","QuorumCnxManager.java","62126","60673","122799"
"2011-08-15 02:44","QuorumCnxManager.java","43961","11713","55674"
"2016-06-08 17:43","QuorumCnxManager.java","66184","81118","147302"
"2020-03-23 16:20","QuorumCnxManager.java","220972","270140","491112"
"2020-02-16 10:25","QuorumCnxManager.java","220972","268666","489638"
"2014-07-22 06:45","QuorumCnxManager.java","62811","67189","130000"
"2011-04-12 09:14","QuorumCnxManager.java","42531","1058","43589"
"2018-07-27 12:32","QuorumCnxManager.java","87249","114890","202139"
"2019-12-27 22:33","FileTxnSnapLogTest.java","10004","18682","28686"
"2015-01-31 08:05","ClientCnxn.java","11040","32432","43472"
"2016-05-02 18:15","ClientCnxn.java","16477","43905","60382"
"2014-01-24 07:18","ClientCnxn.java","923","7741","8664"
"2019-08-17 17:13","ClientCnxn.java","193641","256369","450010"
"2015-05-10 00:27","ClientCnxn.java","11418","35349","46767"
"2017-12-19 19:27","ClientCnxn.java","24111","59868","83979"
"2019-01-31 15:50","ClientCnxn.java","193543","233938","427481"
"2019-04-09 15:35","ClientCnxn.java","193562","237147","430709"
"2014-12-20 15:29","ClientCnxn.java","11032","32413","43445"
"2019-11-08 17:30","ClientCnxn.java","193669","262011","455680"
"2017-06-08 17:59","ClientCnxn.java","22018","53485","75503"
"2019-01-16 14:21","ClientCnxn.java","193543","232251","425794"
"2019-01-07 14:24","ClientCnxn.java","193542","231100","424642"
"2019-03-06 03:32","ClientCnxn.java","193561","236074","429635"
"2015-02-06 06:17","ClientCnxn.java","11146","32733","43879"
"2019-02-07 11:26","ClientCnxn.java","193544","234604","428148"
"2018-11-05 19:40","ClientCnxn.java","174181","235395","409576"
"2020-05-17 15:13","ClientCnxn.java","194995","271668","466663"
"2018-06-25 12:30","ClientCnxn.java","24500","63783","88283"
"2020-03-03 03:12","ClientCnxn.java","194987","269450","464437"
"2018-09-10 11:44","ClientCnxn.java","111735","154203","265938"
"2015-06-13 02:42","ClientCnxn.java","11867","37260","49127"
"2014-03-23 04:12","ClientCnxn.java","1279","8734","10013"
"2015-11-09 00:05","ClientCnxn.java","13191","40076","53267"
"2015-12-06 19:58","ClientCnxn.java","13310","40500","53810"
"2020-01-21 17:53","ClientCnxn.java","194987","265711","460698"
"2015-12-05 22:43","ClientCnxn.java","13310","40497","53807"
"2015-12-05 22:32","ClientCnxn.java","13309","40491","53800"
"2019-10-10 14:37","ClientCnxn.java","193641","260122","453763"
"2014-04-01 04:03","ClientCnxn.java","1520","9818","11338"
"2019-11-21 05:58","ClientCnxn.java","194987","260882","455869"
"2020-04-16 12:50","ClientCnxn.java","194987","271289","466276"
"2018-07-27 05:16","ClientCnxn.java","42817","83252","126069"
"2016-08-24 01:36","InvalidSnapshotTest.java","20519","65482","86001"
"2013-12-21 22:05","InvalidSnapshotTest.java","7310","28395","35705"
"2013-10-02 01:45","InvalidSnapshotTest.java","6852","23476","30328"
"2019-10-10 14:37","InvalidSnapshotTest.java","177820","260403","438223"
"2019-08-17 17:13","InvalidSnapshotTest.java","177820","256650","434470"
"2012-03-18 21:06","InvalidSnapshotTest.java","2493","3849","6342"
"2013-09-26 14:05","Zab1_0Test.java","6889","23982","30871"
"2014-05-09 23:37","Zab1_0Test.java","14064","40896","54960"
"2017-01-07 01:09","Zab1_0Test.java","21438","72147","93585"
"2015-12-06 21:30","Zab1_0Test.java","17263","61206","78469"
"2019-12-17 13:48","Zab1_0Test.java","178514","265087","443601"
"2013-11-19 02:03","Zab1_0Test.java","7406","28244","35650"
"2015-07-07 07:11","Zab1_0Test.java","16963","59355","76318"
"2019-12-27 22:33","Zab1_0Test.java","178514","266636","445150"
"2013-10-24 20:41","Zab1_0Test.java","7380","28080","35460"
"2019-10-10 14:37","Zab1_0Test.java","177206","260403","437609"
"2013-11-07 06:41","Zab1_0Test.java","7383","28173","35556"
"2015-05-14 18:40","Zab1_0Test.java","15751","56843","72594"
"2019-08-17 17:13","Zab1_0Test.java","177206","256650","433856"
"2019-06-03 19:40","Zab1_0Test.java","177206","241981","419187"
"2018-05-10 06:00","Zab1_0Test.java","26194","81612","107806"
"2017-11-28 00:10","Zab1_0Test.java","25551","77980","103531"
"2013-10-07 21:08","Zab1_0Test.java","7082","24699","31781"
"2012-12-31 02:38","Zab1_0Test.java","5171","15460","20631"
"2017-08-18 06:32","Zab1_0Test.java","25112","73506","98618"
"2012-08-01 17:53","Zab1_0Test.java","3324","7708","11032"
"2012-07-05 18:01","Zab1_0Test.java","3255","6497","9752"
"2013-03-07 07:01","Zab1_0Test.java","6420","21221","27641"
"2012-12-13 08:25","Zab1_0Test.java","4615","12964","17579"
"2012-01-31 07:45","Zab1_0Test.java","92","330","422"
"2017-02-12 00:12","Zab1_0Test.java","23412","71367","94779"
"2014-07-19 06:39","IconResource.java","15226","49589","64815"
"2018-09-15 00:08","ZooKeeperServer.java","107166","179709","286875"
"2019-04-12 19:01","ZooKeeperServer.java","178406","238740","417146"
"2019-07-31 19:06","ZooKeeperServer.java","178405","256239","434644"
"2019-09-11 10:27","ZooKeeperServer.java","178405","258288","436693"
"2019-01-14 19:38","ZooKeeperServer.java","178339","232158","410497"
"2019-01-07 15:34","ZooKeeperServer.java","178339","231759","410098"
"2018-11-21 17:56","ZooKeeperServer.java","178338","224955","403293"
"2012-01-31 07:45","ZooKeeperServer.java","7966","19975","27941"
"2017-04-28 07:14","ZooKeeperServer.java","26795","87420","114215"
"2011-08-19 00:05","ZooKeeperServer.java","1731","13154","14885"
"2017-02-12 00:12","ZooKeeperServer.java","26753","86479","113232"
"2014-07-18 02:19","ZooKeeperServer.java","20643","65966","86609"
"2013-12-11 19:22","ZooKeeperServer.java","13647","46808","60455"
"2019-02-13 13:12","ZooKeeperServer.java","178352","235825","414177"
"2012-02-11 00:34","ZooKeeperServer.java","8320","20914","29234"
"2016-11-24 17:18","ZooKeeperServer.java","25183","86685","111868"
"2018-07-19 05:59","ZooKeeperServer.java","45198","113808","159006"
"2018-09-18 01:00","ZooKeeperServer.java","107222","180418","287640"
"2019-03-04 08:07","ZooKeeperServer.java","178353","236403","414756"
"2019-07-08 23:26","ZooKeeperServer.java","178405","245708","424113"
"2019-01-23 14:00","ZooKeeperServer.java","178340","233594","411934"
"2019-02-13 13:19","ZooKeeperServer.java","178352","236111","414463"
"2019-05-14 17:11","ZooKeeperServer.java","178406","241600","420006"
"2013-01-25 02:17","ZooKeeperServer.java","12481","34654","47135"
"2015-07-10 08:19","ZooKeeperServer.java","22284","76594","98878"
"2019-06-04 10:55","ZooKeeperServer.java","178405","242416","420821"
"2011-06-14 07:14","ZooKeeperServer.java","539","2489","3028"
"2019-04-09 15:35","ZooKeeperServer.java","178354","237738","416092"
"2019-08-03 08:42","ZooKeeperServer.java","178405","257640","436045"
"2019-05-15 11:56","ZooKeeperServer.java","178406","241687","420093"
"2019-05-22 11:39","ZooKeeperServer.java","178406","242133","420539"
"2019-04-22 19:15","ZooKeeperServer.java","178406","239715","418121"
"2018-02-23 23:49","ZooKeeperServer.java","28164","93563","121727"
"2016-11-16 06:21","ZooKeeperServer.java","24633","86114","110747"
"2012-12-19 19:07","ZooKeeperServer.java","12404","33539","45943"
"2017-08-18 06:32","ZooKeeperServer.java","27724","87889","115613"
"2017-06-26 00:16","ZooKeeperServer.java","27627","87784","115411"
"2019-09-10 04:26","ZooKeeperServer.java","178405","257977","436382"
"2019-08-17 17:13","ZooKeeperServer.java","178405","256932","435337"
"2019-09-05 23:12","ZooKeeperServer.java","178405","257851","436256"
"2019-09-10 15:21","ZooKeeperServer.java","178405","257975","436380"
"2019-08-01 07:31","ZooKeeperServer.java","178405","257603","436008"
"2019-08-01 07:28","ZooKeeperServer.java","178405","257113","435518"
"2019-06-03 19:40","ZooKeeperServer.java","178405","242263","420668"
"2015-03-17 18:06","ZooKeeperServer.java","21101","72397","93498"
"2019-11-23 17:08","ZooKeeperServer.java","179499","262727","442226"
"2019-10-09 16:49","ZooKeeperServer.java","178405","260518","438923"
"2019-07-03 00:44","ZooKeeperServer.java","178405","244945","423350"
"2018-01-19 01:12","ZooKeeperServer.java","28101","92458","120559"
"2019-07-24 18:00","ZooKeeperServer.java","178405","253387","431792"
"2013-05-16 18:49","ZooKeeperServer.java","13008","39731","52739"
"2018-08-08 06:21","ZooKeeperServer.java","86555","156645","243200"
"2018-05-09 23:57","ZooKeeperServer.java","28308","95212","123520"
"2019-12-27 22:33","ZooKeeperServer.java","179499","266704","446203"
"2016-08-13 15:01","ZooKeeperServer.java","24359","81939","106298"
"2018-09-11 00:17","ZooKeeperServer.java","107162","178156","285318"
"2019-11-18 09:05","ZooKeeperServer.java","179499","261170","440669"
"2019-10-10 14:37","ZooKeeperServer.java","178405","260685","439090"
"2019-09-16 23:26","ZooKeeperServer.java","178405","259951","438356"
"2013-10-08 01:35","ZooKeeperServer.java","13416","42943","56359"
"2017-06-23 18:39","ZooKeeperServer.java","27568","87745","115313"
"2011-12-28 07:07","ZooKeeperServer.java","7941","19611","27552"
"2019-12-03 10:01","ZooKeeperServer.java","179499","264629","444128"
"2020-03-25 03:38","ZooKeeperServer.java","179499","270811","450310"
"2019-11-28 12:24","ZooKeeperServer.java","179499","262932","442431"
"2019-11-06 15:21","ZooKeeperServer.java","178405","260901","439306"
"2011-05-20 01:17","ZooKeeperServer.java","188","1007","1195"
"2011-09-17 02:36","ZooKeeperServer.java","5033","16472","21505"
"2020-04-12 11:14","ZooKeeperServer.java","179499","271564","451063"
"2011-09-14 08:56","ZooKeeperServer.java","1988","15987","17975"
"2011-08-21 02:53","ZooKeeperServer.java","1735","13186","14921"
"2013-10-09 22:21","ZooKeeperServer.java","13596","45363","58959"
"2015-03-08 23:07","ZooKeeperServer.java","21015","71263","92278"
"2018-06-08 16:52","ZooKeeperServer.java","28313","95966","124279"
"2018-06-15 07:41","ZooKeeperServer.java","28330","95986","124316"
"2018-07-28 04:37","ZooKeeperServer.java","45235","114421","159656"
"2019-04-18 19:17","ZooKeeperServer.java","178406","239450","417856"
"2012-03-15 17:47","ZooKeeperServer.java","8385","22013","30398"
"2014-03-25 22:13","ZooKeeperServer.java","13955","50133","64088"
"2019-12-17 13:48","Zab1_0Test.java","225389","264007","489396"
"2019-12-27 22:33","Zab1_0Test.java","225390","265557","490947"
"2019-10-10 14:37","Zab1_0Test.java","223776","259018","482794"
"2019-08-17 17:13","Zab1_0Test.java","223776","255265","479041"
"2019-06-03 19:40","Zab1_0Test.java","223775","240595","464370"
"2018-05-10 06:00","Zab1_0Test.java","4887","12350","17237"
"2017-11-28 00:10","Zab1_0Test.java","3821","8295","12116"
"2017-08-18 06:32","Zab1_0Test.java","3133","3572","6705"
"2019-10-10 14:37","ACLTest.java","133993","261253","395246"
"2013-12-21 22:05","ACLTest.java","27490","102462","129952"
"2010-08-18 08:24","ACLTest.java","17805","71740","89545"
"2010-03-31 06:26","ACLTest.java","14548","49016","63564"
"2011-04-12 09:14","ACLTest.java","22214","67194","89408"
"2016-08-24 01:36","ACLTest.java","31778","130628","162406"
"2017-09-11 18:55","ACLTest.java","33333","135178","168511"
"2016-11-13 20:59","ACLTest.java","31822","134258","166080"
"2019-05-06 18:32","ACLTest.java","133993","241854","375847"
"2017-08-18 23:35","ACLTest.java","33275","135042","168317"
"2009-07-17 00:09","ACLTest.java","2831","10922","13753"
"2009-06-25 22:41","ACLTest.java","2237","9200","11437"
"2019-08-17 17:13","ACLTest.java","133993","257500","391493"
"2014-04-25 23:40","ACLTest.java","28917","108337","137254"
"2019-10-10 14:37","ACLTest.java","3717","7470","11187"
"2019-08-17 17:13","ZKClientConfigTest.java","226362","255276","481638"
"2020-01-20 08:39","ZKClientConfigTest.java","227968","264782","492750"
"2018-12-20 07:24","ZKClientConfigTest.java","226243","228657","454900"
"2018-12-09 03:16","FollowerRequestProcessor.java","187347","229577","416924"
"2013-03-07 07:01","FollowerRequestProcessor.java","26292","43840","70132"
"2016-10-07 21:51","FollowerRequestProcessor.java","37573","87230","124803"
"2019-08-17 17:13","FollowerRequestProcessor.java","187413","256985","444398"
"2015-06-04 19:51","FollowerRequestProcessor.java","34427","79033","113460"
"2019-08-01 07:31","FollowerRequestProcessor.java","187413","257656","445069"
"2014-03-23 04:12","FollowerRequestProcessor.java","27175","54093","81268"
"2020-03-25 03:38","FollowerRequestProcessor.java","188486","270843","459329"
"2014-07-18 19:46","FollowerRequestProcessor.java","33840","70366","104206"
"2019-10-10 14:37","FollowerRequestProcessor.java","187413","260738","448151"
"2011-10-28 18:37","FollowerRequestProcessor.java","20597","21673","42270"
"2011-04-12 09:14","FollowerRequestProcessor.java","14662","5707","20369"
"2011-07-15 06:50","FollowerRequestProcessor.java","15312","12673","27985"
"2020-05-05 21:20","FollowerRequestProcessor.java","188486","271874","460360"
"2013-10-09 22:21","FollowerRequestProcessor.java","26856","49599","76455"
"2015-03-08 23:07","FollowerRequestProcessor.java","34138","75362","109500"
"2019-12-28 16:17","SessionTest.java","6611","11443","18054"
"2019-10-10 14:37","Login.java","182317","260217","442534"
"2015-12-09 05:05","Login.java","15521","54494","70015"
"2019-11-11 13:59","Login.java","182345","263902","446247"
"2015-11-21 22:18","Login.java","15448","54031","69479"
"2015-02-06 06:17","Login.java","13558","46564","60122"
"2017-11-28 00:10","Login.java","24369","71501","95870"
"2016-05-02 18:15","Login.java","18390","57237","75627"
"2019-08-17 17:13","Login.java","182317","256464","438781"
"2019-08-03 08:42","Login.java","182317","257172","439489"
"2015-07-07 07:11","WatchEventWhenAutoResetTest.java","12783","34589","47372"
"2018-11-05 08:45","WatchEventWhenAutoResetTest.java","178013","235152","413165"
"2015-05-14 18:40","WatchEventWhenAutoResetTest.java","11328","31834","43162"
"2019-08-17 17:13","WatchEventWhenAutoResetTest.java","197508","256366","453874"
"2010-08-18 08:24","DisconnectableZooKeeper.java","12260","141546","153806"
"2019-08-17 17:13","DisconnectableZooKeeper.java","58984","257842","316826"
"2019-11-28 12:24","Version.java","37219","60256","97475"
"2020-04-07 15:40","Version.java","39570","71088","110658"
"2019-08-17 17:13","Version.java","29626","47757","77383"
"2019-07-01 15:16","Version.java","4291","10402","14693"
"2019-08-17 17:13","SyncCommand.java","221853","255887","477740"
"2019-05-23 18:42","SyncCommand.java","221835","241098","462933"
"2017-05-27 00:52","SyncCommand.java","6695","9371","16066"
"2019-12-28 16:17","SyncCommand.java","223432","266051","489483"
"2013-09-26 14:05","Zab1_0Test.java","7779","25460","33239"
"2014-05-09 23:37","Zab1_0Test.java","14786","42206","56992"
"2017-01-07 01:09","Zab1_0Test.java","22133","73430","95563"
"2015-12-06 21:30","Zab1_0Test.java","17964","62495","80459"
"2019-12-17 13:48","Zab1_0Test.java","177932","265093","443025"
"2013-11-19 02:03","Zab1_0Test.java","8271","29697","37968"
"2015-07-07 07:11","Zab1_0Test.java","17667","60647","78314"
"2019-12-27 22:33","Zab1_0Test.java","177932","266642","444574"
"2013-10-24 20:41","Zab1_0Test.java","8245","29533","37778"
"2019-10-10 14:37","Zab1_0Test.java","176624","260409","437033"
"2013-11-07 06:41","Zab1_0Test.java","8248","29626","37874"
"2015-05-14 18:40","Zab1_0Test.java","16456","58136","74592"
"2019-08-17 17:13","Zab1_0Test.java","176624","256656","433280"
"2019-06-03 19:40","Zab1_0Test.java","176624","241987","418611"
"2018-05-10 06:00","Zab1_0Test.java","26774","82780","109554"
"2017-11-28 00:10","Zab1_0Test.java","26207","79224","105431"
"2013-10-07 21:08","Zab1_0Test.java","7963","26168","34131"
"2012-12-31 02:38","Zab1_0Test.java","6064","16941","23005"
"2017-08-18 06:32","Zab1_0Test.java","25769","74751","100520"
"2012-08-01 17:53","Zab1_0Test.java","4217","9189","13406"
"2012-07-05 18:01","Zab1_0Test.java","4151","7981","12132"
"2013-03-07 07:01","Zab1_0Test.java","7312","22701","30013"
"2012-12-13 08:25","Zab1_0Test.java","5508","14445","19953"
"2012-01-31 07:45","Zab1_0Test.java","1007","1833","2840"
"2012-01-04 01:15","Zab1_0Test.java","919","1507","2426"
"2017-02-12 00:12","Zab1_0Test.java","24069","72612","96681"
"2019-08-17 17:13","ClientSSLTest.java","29333","43666","72999"
"2019-11-21 05:58","NIOServerCnxn.java","227162","260063","487225"
"2019-11-18 09:05","NIOServerCnxn.java","227162","260040","487202"
"2019-09-16 23:26","NIOServerCnxn.java","225558","258311","483869"
"2019-10-10 14:37","NIOServerCnxn.java","225558","259045","484603"
"2018-09-28 23:38","NIOServerCnxn.java","108310","122599","230909"
"2020-02-11 06:50","NIOServerCnxn.java","227164","267417","494581"
"2019-01-23 14:00","NIOServerCnxn.java","225440","231901","457341"
"2019-07-08 23:26","NIOServerCnxn.java","225557","244067","469624"
"2019-04-12 19:01","NIOServerCnxn.java","225539","237080","462619"
"2019-01-14 19:38","NIOServerCnxn.java","225439","230465","455904"
"2018-11-17 18:33","NIOServerCnxn.java","225437","223246","448683"
"2017-03-04 19:22","NIOServerCnxn.java","4551","3262","7813"
"2016-12-22 23:23","NIOServerCnxn.java","818","1519","2337"
"2018-09-18 01:00","NIOServerCnxn.java","107628","119343","226971"
"2019-08-17 17:13","NIOServerCnxn.java","225558","255292","480850"
"2019-07-03 00:44","NIOServerCnxn.java","225557","243304","468861"
"2019-08-03 08:42","NIOServerCnxn.java","225558","256000","481558"
"2014-06-25 19:06","AsyncCallback.java","9742","27780","37522"
"2019-09-05 22:59","AsyncCallback.java","187701","257039","444740"
"2019-01-16 14:21","AsyncCallback.java","187603","232289","419892"
"2019-02-07 11:26","AsyncCallback.java","187604","234642","422246"
"2019-08-17 17:13","AsyncCallback.java","187701","256407","444108"
"2017-07-28 00:36","AsyncCallback.java","22800","60071","82871"
"2019-08-17 17:13","OSMXBean.java","194259","256367","450626"
"2019-10-10 14:37","PrometheusMetricsProvider.java","31827","47673","79500"
"2019-08-05 15:29","PrometheusMetricsProvider.java","6627","19464","26091"
"2019-08-17 17:13","CommitProcessorMetricsTest.java","24669","26748","51417"
"2019-08-06 01:49","CommitProcessorMetricsTest.java","558","3521","4079"
"2019-05-15 11:56","ServerConfig.java","473","2710","3183"
"2019-08-17 17:13","ServerConfig.java","29721","47204","76925"
"2019-08-01 07:31","ObserverRequestProcessor.java","201018","256962","457980"
"2019-08-17 17:13","ObserverRequestProcessor.java","201018","256291","457309"
"2015-06-04 19:51","ObserverRequestProcessor.java","11240","28928","40168"
"2016-10-07 21:51","ObserverRequestProcessor.java","17078","39817","56895"
"2015-03-08 23:07","ObserverRequestProcessor.java","10369","24675","35044"
"2014-07-18 19:46","ObserverRequestProcessor.java","9108","18716","27824"
"2020-03-25 03:38","ObserverRequestProcessor.java","202436","270494","472930"
"2019-10-10 14:37","JMXEnv.java","3717","7470","11187"
"2019-12-27 22:33","JMXEnv.java","10004","18682","28686"
"2020-02-16 10:25","LearnerTest.java","39248","70942","110190"
"2020-01-28 17:26","LearnerTest.java","39203","70655","109858"
"2019-08-17 17:13","LearnerTest.java","30099","51153","81252"
"2019-07-12 17:01","LearnerTest.java","6209","22576","28785"
"2019-11-29 14:49","LearnerTest.java","37812","65423","103235"
"2019-08-17 17:13","ZkDatabaseCorruptionTest.java","222020","255887","477907"
"2019-10-10 14:37","ZkDatabaseCorruptionTest.java","222020","259640","481660"
"2018-04-06 06:04","ZkDatabaseCorruptionTest.java","9298","17357","26655"
"2020-05-17 15:13","ClientCnxn.java","9305","20083","29388"
"2020-03-03 03:12","ClientCnxn.java","4770","13338","18108"
"2020-01-21 17:53","ClientCnxn.java","2585","7414","9999"
"2020-04-16 12:50","ClientCnxn.java","5623","16030","21653"
"2020-03-12 14:47","CnxManagerTest.java","10086","18276","28362"
"2019-11-29 14:49","CnxManagerTest.java","6123","8927","15050"
"2020-02-16 10:25","CnxManagerTest.java","9981","16868","26849"
"2019-10-10 14:37","JUnit4ZKTestRunner.java","3717","7470","11187"
"2016-09-09 00:10","LoadFromLogTest.java","17839","47308","65147"
"2019-10-10 14:37","LoadFromLogTest.java","193596","260130","453726"
"2014-02-10 21:50","LoadFromLogTest.java","1399","8408","9807"
"2019-08-17 17:13","LoadFromLogTest.java","193596","256377","449973"
"2019-06-07 14:13","LoadFromLogTest.java","193596","242481","436077"
"2017-12-06 23:14","LoadFromLogTest.java","24203","59900","84103"
"2019-08-17 17:13","TestHammer.java","214963","256104","471067"
"2018-10-16 16:22","QuorumPeerConfig.java","191386","234776","426162"
"2018-12-09 03:16","QuorumPeerConfig.java","211043","228694","439737"
"2019-04-12 19:01","QuorumPeerConfig.java","211138","237938","449076"
"2018-09-11 15:23","QuorumPeerConfig.java","111925","137644","249569"
"2018-12-15 07:34","QuorumPeerConfig.java","211043","228609","439652"
"2019-02-13 13:12","QuorumPeerConfig.java","211065","235004","446069"
"2019-08-17 17:13","QuorumPeerConfig.java","211154","256147","467301"
"2015-03-17 18:06","QuorumPeerConfig.java","1088","6162","7250"
"2017-11-28 00:10","QuorumPeerConfig.java","15899","33877","49776"
"2019-06-05 00:29","QuorumPeerConfig.java","211154","241814","452968"
"2014-09-17 07:34","QuorumPeerConfig.java","385","2006","2391"
"2020-01-09 11:27","QuorumPeerConfig.java","212599","265695","478294"
"2019-07-12 17:01","QuorumPeerConfig.java","211154","251460","462614"
"2016-11-13 20:59","QuorumPeerConfig.java","8488","23200","31688"
"2019-05-15 11:56","QuorumPeerConfig.java","211138","240885","452023"
"2014-08-19 22:50","QuorumPeerConfig.java","296","831","1127"
"2018-10-01 06:11","QuorumPeerConfig.java","112719","142272","254991"
"2017-07-28 00:36","QuorumPeerConfig.java","15217","28775","43992"
"2017-07-06 18:48","QuorumPeerConfig.java","13685","28125","41810"
"2020-01-23 13:43","QuorumPeerConfig.java","212599","267519","480118"
"2016-06-23 19:42","QuorumPeerConfig.java","7185","17465","24650"
"2015-09-06 20:02","QuorumPeerConfig.java","3309","11895","15204"
"2015-09-29 03:56","QuorumPeerConfig.java","3355","12122","15477"
"2019-10-10 14:37","QuorumPeerConfig.java","211154","259900","471054"
"2018-07-27 12:32","QuorumPeerConfig.java","35604","58496","94100"
"2019-04-18 19:17","QuorumPeerConfig.java","211138","238648","449786"
"2016-11-03 16:07","QuorumPeerConfig.java","8295","21338","29633"
"2014-08-14 08:08","QuorumPeerConfig.java","198","619","817"
"2020-02-16 10:25","QuorumPeerConfig.java","212599","268232","480831"
"2020-05-14 18:18","QuorumPeerConfig.java","212610","271468","484078"
"2017-05-11 16:59","QuorumPeerConfig.java","13353","26926","40279"
"2019-08-17 17:13","ServerMetricsTest.java","29877","55038","84915"
"2018-10-16 16:22","QuorumPeerConfig.java","191806","234775","426581"
"2018-12-09 03:16","QuorumPeerConfig.java","211463","228693","440156"
"2019-04-12 19:01","QuorumPeerConfig.java","211558","237937","449495"
"2018-09-11 15:23","QuorumPeerConfig.java","111786","137084","248870"
"2018-12-15 07:34","QuorumPeerConfig.java","211463","228608","440071"
"2019-02-13 13:12","QuorumPeerConfig.java","211485","235003","446488"
"2019-08-17 17:13","QuorumPeerConfig.java","211574","256146","467720"
"2015-03-17 18:06","QuorumPeerConfig.java","901","5554","6455"
"2017-11-28 00:10","QuorumPeerConfig.java","15758","33315","49073"
"2019-06-05 00:29","QuorumPeerConfig.java","211574","241813","453387"
"2014-09-17 07:34","QuorumPeerConfig.java","194","1394","1588"
"2020-01-09 11:27","QuorumPeerConfig.java","213020","265695","478715"
"2019-07-12 17:01","QuorumPeerConfig.java","211574","251459","463033"
"2016-11-13 20:59","QuorumPeerConfig.java","8313","22604","30917"
"2019-05-15 11:56","QuorumPeerConfig.java","211558","240884","452442"
"2014-08-19 22:50","QuorumPeerConfig.java","104","218","322"
"2018-10-01 06:11","QuorumPeerConfig.java","112581","141713","254294"
"2017-07-28 00:36","QuorumPeerConfig.java","15076","28213","43289"
"2017-07-06 18:48","QuorumPeerConfig.java","13544","27563","41107"
"2020-01-23 13:43","QuorumPeerConfig.java","213020","267519","480539"
"2016-06-23 19:42","QuorumPeerConfig.java","7000","16859","23859"
"2015-09-06 20:02","QuorumPeerConfig.java","3123","11288","14411"
"2015-09-29 03:56","QuorumPeerConfig.java","3169","11515","14684"
"2019-10-10 14:37","QuorumPeerConfig.java","211574","259899","471473"
"2018-07-27 12:32","QuorumPeerConfig.java","35463","57934","93397"
"2019-04-18 19:17","QuorumPeerConfig.java","211558","238647","450205"
"2016-11-03 16:07","QuorumPeerConfig.java","8119","20741","28860"
"2020-02-16 10:25","QuorumPeerConfig.java","213020","268232","481252"
"2020-05-14 18:18","QuorumPeerConfig.java","213031","271468","484499"
"2017-05-11 16:59","QuorumPeerConfig.java","13212","26364","39576"
"2019-05-20 12:24","RestoreCommittedLogTest.java","102","239","341"
"2019-08-17 17:13","RestoreCommittedLogTest.java","29675","45008","74683"
"2019-10-10 14:37","LearnerHandler.java","32026","51466","83492"
"2019-07-03 20:54","LearnerHandler.java","4158","7839","11997"
"2019-06-29 00:33","LearnerHandler.java","3971","7645","11616"
"2019-07-25 21:41","LearnerHandler.java","6052","18222","24274"
"2019-08-23 19:43","LearnerHandler.java","29710","46063","75773"
"2019-08-17 17:13","LearnerHandler.java","29708","45395","75103"
"2019-08-03 08:42","LearnerHandler.java","7317","23712","31029"
"2016-07-27 01:33","StatCommand.java","4517","7713","12230"
"2016-12-22 23:23","StatCommand.java","6524","14721","21245"
"2017-05-27 00:52","StatCommand.java","10839","16711","27550"
"2018-02-07 01:05","StatCommand.java","13884","24954","38838"
"2018-07-12 01:33","StatCommand.java","23702","37839","61541"
"2019-08-17 17:13","StatCommand.java","218737","255967","474704"
"2019-12-27 22:33","LogChopper.java","10004","18682","28686"
"2019-11-28 12:24","LogChopper.java","9316","14222","23538"
"2014-05-09 23:37","QuorumPeerInstance.java","24008","136971","160979"
"2014-08-14 14:33","QuorumPeerInstance.java","24310","145331","169641"
"2018-07-10 13:29","QuorumPeerInstance.java","34025","176329","210354"
"2018-12-20 07:24","QuorumPeerInstance.java","100708","231162","331870"
"2011-04-12 09:14","QuorumPeerInstance.java","18214","96641","114855"
"2013-10-05 00:17","QuorumPeerInstance.java","22533","125998","148531"
"2015-12-06 21:30","QuorumPeerInstance.java","24584","154658","179242"
"2009-02-02 23:26","QuorumPeerInstance.java","1380","2137","3517"
"2019-07-12 17:01","QuorumPeerInstance.java","100735","253002","353737"
"2009-02-20 01:23","QuorumPeerInstance.java","2183","5159","7342"
"2014-11-29 16:53","QuorumPeerInstance.java","24348","147990","172338"
"2014-08-14 09:32","QuorumPeerInstance.java","24310","145331","169641"
"2015-05-10 00:27","QuorumPeerInstance.java","24427","151205","175632"
"2017-09-11 18:55","QuorumPeerInstance.java","27354","162057","189411"
"2019-05-20 17:18","ClientReconnectTest.java","175780","241450","417230"
"2016-05-02 18:15","ClientReconnectTest.java","20643","66222","86865"
"2019-08-17 17:13","ClientReconnectTest.java","175780","256659","432439"
"2015-07-07 07:11","ClientReconnectTest.java","17565","61392","78957"
"2013-11-19 02:03","ClientReconnectTest.java","8283","30556","38839"
"2020-05-17 15:13","ClientReconnectTest.java","177089","271913","449002"
"2018-12-20 15:13","LocalPeerBean.java","187347","230489","417836"
"2019-11-29 14:49","LocalPeerBean.java","188486","264615","453101"
"2014-06-04 22:07","LocalPeerBean.java","33225","63724","96949"
"2019-08-17 17:13","LocalPeerBean.java","187413","256985","444398"
"2019-11-14 03:54","LocalPeerBean.java","187413","264994","452407"
"2015-08-05 22:16","LocalPeerBean.java","35378","81045","116423"
"2015-12-07 06:06","LocalPeerBean.java","35516","82396","117912"
"2018-07-27 12:32","LocalPeerBean.java","57879","117969","175848"
"2018-06-26 11:18","LocalPeerBean.java","41073","99945","141018"
"2014-05-09 23:37","LearnerTest.java","19922","53887","73809"
"2020-02-16 10:25","LearnerTest.java","184120","268642","452762"
"2020-01-28 17:26","LearnerTest.java","184120","268400","452520"
"2011-07-29 00:02","LearnerTest.java","415","4654","5069"
"2011-09-17 02:13","LearnerTest.java","4189","11018","15207"
"2015-03-15 08:54","LearnerTest.java","21169","66891","88060"
"2015-12-06 21:30","LearnerTest.java","22790","73866","96656"
"2019-08-17 17:13","LearnerTest.java","183022","256904","439926"
"2019-07-12 17:01","LearnerTest.java","183022","252217","435239"
"2019-02-13 13:12","LearnerTest.java","182969","235797","418766"
"2012-01-31 07:45","LearnerTest.java","7717","15088","22805"
"2019-11-29 14:49","LearnerTest.java","184120","264559","448679"
"2019-12-03 10:01","CommandsTest.java","37532","58651","96183"
"2019-11-29 14:49","CommandsTest.java","37538","58611","96149"
"2019-08-17 17:13","CommandsTest.java","29368","43884","73252"
"2019-06-29 00:33","CommandsTest.java","3340","5843","9183"
"2019-11-23 17:08","CommandsTest.java","37200","56417","93617"
"2018-09-18 01:00","UpgradeableSessionTracker.java","111813","153242","265055"
"2018-08-08 06:21","UpgradeableSessionTracker.java","85317","123640","208957"
"2019-08-17 17:13","UpgradeableSessionTracker.java","196919","256367","453286"
"2019-09-05 23:12","UpgradeableSessionTracker.java","196919","257286","454205"
"2019-10-10 14:37","UpgradeableSessionTracker.java","196919","260120","457039"
"2015-03-08 23:07","UpgradeableSessionTracker.java","10804","29285","40089"
"2019-09-11 10:27","SerializeUtils.java","72482","259066","331548"
"2013-03-07 07:01","SerializeUtils.java","18248","142291","160539"
"2011-07-01 00:53","SerializeUtils.java","15636","126982","142618"
"2019-08-17 17:13","SerializeUtils.java","72482","257710","330192"
"2015-06-04 19:51","SerializeUtils.java","19986","171087","191073"
"2016-10-07 21:51","SerializeUtils.java","20263","176415","196678"
"2009-06-15 22:52","SerializeUtils.java","10954","71604","82558"
"2009-04-17 20:11","SerializeUtils.java","10430","43493","53923"
"2018-02-07 01:05","SerializeUtils.java","20920","183446","204366"
"2011-06-23 18:01","SerializeUtils.java","15341","124137","139478"
"2019-12-27 22:33","SerializeUtils.java","72935","266841","339776"
"2012-12-19 19:16","SerializeUtils.java","17996","137483","155479"
"2011-04-12 09:14","SerializeUtils.java","15332","122033","137365"
"2020-05-05 09:18","JettyAdminServerTest.java","13684","23693","37377"
"2020-02-26 22:41","NettyServerCnxnFactory.java","39136","64123","103259"
"2019-10-10 14:37","NettyServerCnxnFactory.java","31740","49826","81566"
"2019-09-10 18:50","NettyServerCnxnFactory.java","30676","46126","76802"
"2019-11-14 03:54","NettyServerCnxnFactory.java","32016","54358","86374"
"2019-08-17 17:13","NettyServerCnxnFactory.java","29333","43666","72999"
"2019-11-23 17:08","NettyServerCnxnFactory.java","37169","56203","93372"
"2019-07-03 00:44","NettyServerCnxnFactory.java","3412","5758","9170"
"2019-07-23 15:55","NettyServerCnxnFactory.java","4806","15147","19953"
"2019-06-24 11:05","NettyServerCnxnFactory.java","2115","3781","5896"
"2019-08-03 08:42","NettyServerCnxnFactory.java","6658","21699","28357"
"2019-08-17 17:13","LeaderWithObserverTest.java","230896","254922","485818"
"2019-01-31 15:55","SetCommand.java","223774","232791","456565"
"2019-08-17 17:13","SetCommand.java","223892","255250","479142"
"2019-08-17 17:13","ProposalRequestProcessor.java","178915","256502","435417"
"2019-11-28 12:24","DataTree.java","37312","60842","98154"
"2019-10-10 14:37","DataTree.java","31842","54219","86061"
"2019-12-27 22:33","DataTree.java","37732","65034","102766"
"2019-11-11 13:59","DataTree.java","32039","58073","90112"
"2019-11-08 17:30","DataTree.java","32008","56246","88254"
"2019-09-10 09:53","DataTree.java","30992","50665","81657"
"2019-07-31 19:06","DataTree.java","7411","25342","32753"
"2019-09-11 10:27","DataTree.java","31034","51014","82048"
"2019-08-01 07:31","DataTree.java","7491","26786","34277"
"2019-08-17 17:13","DataTree.java","29743","48367","78110"
"2019-09-10 15:21","DataTree.java","31002","50669","81671"
"2019-08-03 08:42","DataTree.java","7760","27092","34852"
"2019-08-09 16:15","DataTree.java","7970","28050","36020"
"2019-04-29 16:49","DataTree.java","366","2827","3193"
"2010-03-31 06:26","NullDataTest.java","12904","92128","105032"
"2011-04-12 09:14","NullDataTest.java","14267","104003","118270"
"2019-08-17 17:13","NullDataTest.java","89443","257706","347149"
"2019-04-18 19:17","ZooKeeperServerMain.java","23","733","756"
"2019-11-11 13:59","ZooKeeperServerMain.java","31921","57524","89445"
"2019-11-28 12:24","ZooKeeperServerMain.java","37198","60297","97495"
"2019-11-25 15:37","ZooKeeperServerMain.java","37160","60161","97321"
"2019-08-17 17:13","ZooKeeperServerMain.java","29620","47813","77433"
"2019-08-17 17:13","RemotePeerBean.java","219582","255925","475507"
"2019-11-29 14:49","RemotePeerBean.java","221131","264031","485162"
"2018-06-26 11:18","RemotePeerBean.java","14485","27509","41994"
"2019-04-18 19:17","ZooKeeperServerMain.java","153008","154799","307807"
"2019-11-11 13:59","ZooKeeperServerMain.java","156015","182699","338714"
"2019-11-28 12:24","ZooKeeperServerMain.java","158137","182317","340454"
"2019-11-25 15:37","ZooKeeperServerMain.java","158137","182219","340356"
"2019-08-17 17:13","ZooKeeperServerMain.java","154959","174233","329192"
"2019-04-12 19:01","ZooKeeperServerMain.java","153008","154089","307097"
"2019-11-08 17:30","Request.java","196947","262009","458956"
"2019-01-16 14:21","Request.java","196821","232249","429070"
"2019-04-25 02:11","Request.java","196903","240071","436974"
"2019-07-08 23:26","Request.java","196919","245143","442062"
"2015-02-06 06:17","Request.java","10716","29023","39739"
"2019-02-07 11:26","Request.java","196822","234602","431424"
"2019-08-06 17:11","Request.java","196919","257468","454387"
"2019-08-01 07:28","Request.java","196919","256548","453467"
"2019-06-26 10:57","Request.java","196919","244217","441136"
"2014-01-24 07:18","Request.java","398","3936","4334"
"2016-10-07 21:51","Request.java","17223","44137","61360"
"2015-06-04 19:51","Request.java","11445","33308","44753"
"2019-08-17 17:13","Request.java","196919","256367","453286"
"2019-04-17 14:16","Request.java","196903","238423","435326"
"2019-05-03 00:44","Request.java","196903","240348","437251"
"2019-06-05 00:46","Request.java","196919","242227","439146"
"2019-05-10 12:22","Request.java","196903","240858","437761"
"2020-03-25 03:38","Request.java","198267","270500","468767"
"2019-09-20 10:06","Request.java","196919","259230","456149"
"2019-09-16 23:26","Request.java","196919","259386","456305"
"2019-12-27 22:33","Request.java","198267","266393","464660"
"2019-11-11 13:59","Request.java","196947","263805","460752"
"2014-04-29 02:23","Request.java","7999","14802","22801"
"2020-05-05 21:20","Request.java","198267","271531","469798"
"2019-10-10 14:37","JUnit4ZKTestRunner.java","217320","259827","477147"
"2015-07-07 07:11","JUnit4ZKTestRunner.java","2450","4152","6602"
"2019-05-08 21:54","JUnit4ZKTestRunner.java","217302","240558","457860"
"2019-08-17 17:13","JUnit4ZKTestRunner.java","217320","256074","473394"
"2019-07-02 07:34","Follower.java","72482","245653","318135"
"2009-01-15 23:57","Follower.java","8777","26401","35178"
"2018-12-09 03:16","Follower.java","72454","230340","302794"
"2019-04-12 19:01","Follower.java","72482","239517","311999"
"2013-03-07 07:01","Follower.java","18248","142291","160539"
"2015-02-06 06:17","Follower.java","19921","167466","187387"
"2011-04-29 18:12","Follower.java","15359","122395","137754"
"2011-01-22 20:38","Follower.java","15058","162894","177952"
"2011-02-07 20:26","Follower.java","15132","162985","178117"
"2018-09-18 01:00","Follower.java","49093","219760","268853"
"2019-08-17 17:13","Follower.java","72482","257710","330192"
"2009-06-15 22:52","Follower.java","10954","71604","82558"
"2019-06-29 00:33","Follower.java","72482","245697","318179"
"2019-08-06 17:11","Follower.java","72482","258811","331293"
"2019-07-15 14:15","Follower.java","72482","253129","325611"
"2019-08-23 19:43","Follower.java","72482","258376","330858"
"2017-11-28 00:10","Follower.java","20867","182538","203405"
"2019-06-05 00:33","Follower.java","72482","243431","315913"
"2009-02-20 01:23","Follower.java","9922","41172","51094"
"2011-06-14 07:14","Follower.java","15381","124032","139413"
"2019-05-03 00:44","Follower.java","72482","241707","314189"
"2010-01-25 04:28","Follower.java","13524","99647","113171"
"2009-10-30 17:19","Follower.java","12624","85981","98605"
"2009-11-20 23:28","Follower.java","13006","95515","108521"
"2015-06-05 21:15","Follower.java","19986","171121","191107"
"2019-12-27 22:33","Follower.java","72935","266841","339776"
"2016-08-13 15:01","Follower.java","20162","175213","195375"
"2019-10-10 14:37","Follower.java","72482","261463","333945"
"2010-08-18 08:24","Follower.java","14631","130287","144918"
"2016-12-20 14:47","Follower.java","20438","179750","200188"
"2014-07-22 06:51","Follower.java","19835","163176","183011"
"2019-08-17 17:13","FileTxnLogTest.java","36770","68678","105448"
"2019-10-10 14:37","FileTxnLogTest.java","38743","74404","113147"
"2019-09-18 11:20","FileTxnLogTest.java","38194","73014","111208"
"2019-07-29 17:15","ToStringOutputArchive.java","179411","254361","433772"
"2019-06-20 20:25","ToStringOutputArchive.java","179411","244080","423491"
"2019-10-10 14:37","StandaloneDisabledTest.java","211913","259881","471794"
"2016-08-24 01:36","StandaloneDisabledTest.java","7915","18263","26178"
"2018-05-21 20:11","StandaloneDisabledTest.java","16702","36884","53586"
"2017-03-14 17:06","StandaloneDisabledTest.java","12349","25554","37903"
"2017-02-12 00:34","StandaloneDisabledTest.java","12309","25035","37344"
"2019-06-03 19:40","StandaloneDisabledTest.java","211913","241459","453372"
"2015-05-14 21:53","StandaloneDisabledTest.java","1663","7526","9189"
"2019-08-17 17:13","StandaloneDisabledTest.java","211913","256128","468041"
"2016-11-13 20:59","StandaloneDisabledTest.java","8401","22335","30736"
"2019-11-21 05:58","NIOServerCnxn.java","187678","260925","448603"
"2015-11-08 22:36","NIOServerCnxn.java","14159","48317","62476"
"2019-11-18 09:05","NIOServerCnxn.java","187678","260902","448580"
"2013-09-10 00:37","NIOServerCnxn.java","2392","9610","12002"
"2019-09-16 23:26","NIOServerCnxn.java","186333","259432","445765"
"2019-10-10 14:37","NIOServerCnxn.java","186333","260166","446499"
"2013-10-05 00:57","NIOServerCnxn.java","2632","10604","13236"
"2018-09-28 23:38","NIOServerCnxn.java","109334","163969","273303"
"2020-02-11 06:50","NIOServerCnxn.java","187678","268277","455955"
"2019-01-23 14:00","NIOServerCnxn.java","186235","233042","419277"
"2019-07-08 23:26","NIOServerCnxn.java","186333","245189","431522"
"2019-04-12 19:01","NIOServerCnxn.java","186317","238204","424521"
"2019-01-14 19:38","NIOServerCnxn.java","186234","231606","417840"
"2018-11-17 18:33","NIOServerCnxn.java","186232","224387","410619"
"2017-03-04 19:22","NIOServerCnxn.java","21429","60486","81915"
"2013-12-11 19:22","NIOServerCnxn.java","3073","15099","18172"
"2016-12-22 23:23","NIOServerCnxn.java","19121","60168","79289"
"2018-09-18 01:00","NIOServerCnxn.java","109171","161232","270403"
"2019-08-17 17:13","NIOServerCnxn.java","186333","256413","442746"
"2015-06-28 21:09","NIOServerCnxn.java","13864","46714","60578"
"2015-03-28 20:08","NIOServerCnxn.java","12519","43669","56188"
"2019-07-03 00:44","NIOServerCnxn.java","186333","244426","430759"
"2019-08-03 08:42","NIOServerCnxn.java","186333","257121","443454"
"2016-11-16 06:21","NIOServerCnxn.java","18466","58812","77278"
"2019-05-20 17:18","SerializeUtilsTest.java","228897","239848","468745"
"2019-08-17 17:13","SerializeUtilsTest.java","228915","255075","483990"
"2019-10-10 14:37","StandaloneDisabledTest.java","225011","259045","484056"
"2018-05-21 20:11","StandaloneDisabledTest.java","9279","15527","24806"
"2017-03-14 17:06","StandaloneDisabledTest.java","4600","3871","8471"
"2017-02-12 00:34","StandaloneDisabledTest.java","4527","3319","7846"
"2019-06-03 19:40","StandaloneDisabledTest.java","225010","240622","465632"
"2019-08-17 17:13","StandaloneDisabledTest.java","225011","255292","480303"
"2019-07-30 02:31","CommitProcessorConcurrencyTest.java","207310","254075","461385"
"2016-05-15 23:31","CommitProcessorConcurrencyTest.java","8449","22377","30826"
"2019-08-17 17:13","CommitProcessorConcurrencyTest.java","207310","256154","463464"
"2017-09-11 18:55","CommitProcessorConcurrencyTest.java","16151","34123","50274"
"2015-03-08 23:07","CommitProcessorConcurrencyTest.java","2312","10189","12501"
"2015-07-07 07:11","CommitProcessorConcurrencyTest.java","4589","16381","20970"
"2019-10-10 14:37","CommitProcessorConcurrencyTest.java","207310","259907","467217"
"2019-08-17 17:13","SetQuotaCommand.java","25620","29856","55476"
"2019-12-28 16:17","SetQuotaCommand.java","34191","47012","81203"
"2019-07-02 07:34","Follower.java","210802","244090","454892"
"2018-12-09 03:16","Follower.java","210691","228694","439385"
"2019-04-12 19:01","Follower.java","210786","237938","448724"
"2015-02-06 06:17","Follower.java","1155","5359","6514"
"2018-09-18 01:00","Follower.java","112240","139566","251806"
"2019-08-17 17:13","Follower.java","210802","256147","466949"
"2019-06-29 00:33","Follower.java","210802","244134","454936"
"2019-08-06 17:11","Follower.java","210802","257248","468050"
"2019-07-15 14:15","Follower.java","210802","251566","462368"
"2019-08-23 19:43","Follower.java","210802","256813","467615"
"2017-11-28 00:10","Follower.java","16154","34484","50638"
"2019-06-05 00:33","Follower.java","210802","241868","452670"
"2019-05-03 00:44","Follower.java","210786","240128","450914"
"2015-06-05 21:15","Follower.java","2384","10178","12562"
"2019-12-27 22:33","Follower.java","212246","266269","478515"
"2016-08-13 15:01","Follower.java","8022","19732","27754"
"2019-10-10 14:37","Follower.java","210802","259900","470702"
"2016-12-20 14:47","Follower.java","9605","25576","35181"
"2020-03-25 03:38","CommitProcessor.java","10152","17229","27381"
"2019-12-27 22:33","CommitProcessor.java","6330","9300","15630"
"2019-12-28 16:17","SetAclCommand.java","10230","18815","29045"
"2020-02-26 22:41","NettyServerCnxnFactory.java","35545","50191","85736"
"2019-10-10 14:37","NettyServerCnxnFactory.java","28070","35815","63885"
"2019-09-10 18:50","NettyServerCnxnFactory.java","26969","32078","59047"
"2019-11-14 03:54","NettyServerCnxnFactory.java","28348","40349","68697"
"2019-08-17 17:13","NettyServerCnxnFactory.java","25616","29608","55224"
"2019-11-23 17:08","NettyServerCnxnFactory.java","33500","42193","75693"
"2019-08-03 08:42","NettyServerCnxnFactory.java","1913","6613","8526"
"2016-06-23 23:45","NettyServerCnxnFactory.java","7116","16080","23196"
"2020-02-26 22:41","NettyServerCnxnFactory.java","214280","268228","482508"
"2019-10-10 14:37","NettyServerCnxnFactory.java","212834","259881","472715"
"2019-09-10 18:50","NettyServerCnxnFactory.java","212834","257245","470079"
"2019-11-14 03:54","NettyServerCnxnFactory.java","212863","264166","477029"
"2019-02-12 15:25","NettyServerCnxnFactory.java","212726","234845","447571"
"2018-10-16 16:22","NettyServerCnxnFactory.java","193000","234691","427691"
"2019-02-15 15:36","NettyServerCnxnFactory.java","212743","235277","448020"
"2019-04-12 19:01","NettyServerCnxnFactory.java","212818","237919","450737"
"2018-11-22 17:56","NettyServerCnxnFactory.java","212723","224714","437437"
"2018-09-22 06:48","NettyServerCnxnFactory.java","112771","138115","250886"
"2018-12-15 07:34","NettyServerCnxnFactory.java","212723","228590","441313"
"2019-02-13 13:12","NettyServerCnxnFactory.java","212745","234985","447730"
"2019-08-17 17:13","NettyServerCnxnFactory.java","212834","256128","468962"
"2015-03-17 18:06","NettyServerCnxnFactory.java","698","4073","4771"
"2015-03-28 20:08","NettyServerCnxnFactory.java","733","5097","5830"
"2019-11-23 17:08","NettyServerCnxnFactory.java","214279","262274","476553"
"2019-07-03 00:44","NettyServerCnxnFactory.java","212834","244141","456975"
"2019-06-05 00:29","NettyServerCnxnFactory.java","212834","241795","454629"
"2019-07-23 15:55","NettyServerCnxnFactory.java","212834","252136","464970"
"2019-06-24 11:05","NettyServerCnxnFactory.java","212834","243461","456295"
"2015-01-30 03:23","NettyServerCnxnFactory.java","342","2289","2631"
"2019-08-03 08:42","NettyServerCnxnFactory.java","212834","256836","469670"
"2019-11-28 12:24","DataTree.java","33149","37347","70496"
"2019-10-10 14:37","DataTree.java","27642","30687","58329"
"2019-12-27 22:33","DataTree.java","33657","41627","75284"
"2019-11-11 13:59","DataTree.java","27848","34550","62398"
"2019-11-08 17:30","DataTree.java","27816","32722","60538"
"2019-09-10 09:53","DataTree.java","26282","26623","52905"
"2019-09-11 10:27","DataTree.java","26516","27164","53680"
"2019-08-17 17:13","DataTree.java","24898","24190","49088"
"2019-09-10 15:21","DataTree.java","26476","26811","53287"
"2019-08-09 16:15","DataTree.java","266","1014","1280"
"2016-09-08 22:52","ZooKeeperTest.java","487","920","1407"
"2018-10-04 15:46","ZooKeeperTest.java","108567","127250","235817"
"2016-10-16 14:21","ZooKeeperTest.java","729","2322","3051"
"2019-03-12 19:08","ZooKeeperTest.java","221712","235914","457626"
"2017-04-29 20:17","ZooKeeperTest.java","5555","9046","14601"
"2017-05-30 19:43","ZooKeeperTest.java","6478","9199","15677"
"2019-05-23 18:42","ZooKeeperTest.java","221790","241098","462888"
"2019-08-17 17:13","ZooKeeperTest.java","221808","255887","477695"
"2019-06-06 00:01","ZooKeeperTest.java","221807","242023","463830"
"2019-10-10 14:37","X509Util.java","111293","116649","227942"
"2019-07-29 17:09","X509Util.java","98646","97263","195909"
"2019-06-05 00:29","X509Util.java","95650","82920","178570"
"2019-08-17 17:13","X509Util.java","109882","111485","221367"
"2018-11-27 10:02","X509Util.java","86631","58568","145199"
"2018-11-07 02:29","X509Util.java","85982","55461","141443"
"2019-01-24 11:53","X509Util.java","94176","72770","166946"
"2018-12-15 07:34","X509Util.java","87714","61890","149604"
"2019-01-25 14:32","X509Util.java","94176","72829","167005"
"2019-01-14 19:40","X509Util.java","94098","71101","165199"
"2019-01-25 14:37","X509Util.java","94176","72851","167027"
"2018-05-10 00:14","QuorumPeerMainTest.java","16223","33105","49328"
"2018-10-05 14:25","QuorumPeerMainTest.java","194021","220577","414598"
"2018-07-17 10:41","QuorumPeerMainTest.java","35901","54430","90331"
"2018-07-27 12:32","QuorumPeerMainTest.java","35996","55036","91032"
"2015-11-03 08:11","QuorumPeerMainTest.java","2898","7919","10817"
"2020-01-23 13:43","QuorumPeerMainTest.java","216411","267479","483890"
"2019-10-10 14:37","QuorumPeerMainTest.java","214963","259857","474820"
"2019-12-28 16:17","QuorumPeerMainTest.java","216410","266136","482546"
"2017-12-16 01:25","QuorumPeerMainTest.java","15866","30036","45902"
"2018-01-19 00:52","QuorumPeerMainTest.java","15913","30196","46109"
"2018-04-30 06:34","QuorumPeerMainTest.java","16215","32466","48681"
"2019-07-25 21:41","QuorumPeerMainTest.java","214963","252587","467550"
"2019-08-17 17:13","QuorumPeerMainTest.java","214963","256104","471067"
"2018-02-23 23:49","QuorumPeerMainTest.java","15999","31324","47323"
"2019-07-02 07:34","QuorumPeerMainTest.java","214963","244047","459010"
"2019-05-20 17:18","QuorumPeerMainTest.java","214947","240879","455826"
"2018-10-16 16:22","QuorumPeerMainTest.java","194024","233562","427586"
"2018-08-29 06:26","QuorumPeerMainTest.java","107169","127721","234890"
"2018-08-03 18:52","QuorumPeerMainTest.java","36163","55709","91872"
"2018-09-11 15:23","QuorumPeerMainTest.java","112360","134227","246587"
"2019-10-10 14:37","ZooKeeperSaslClient.java","220587","259640","480227"
"2020-02-04 10:39","ZooKeeperSaslClient.java","222167","267951","490118"
"2019-01-31 15:50","ZooKeeperSaslClient.java","220469","233436","453905"
"2019-08-03 08:42","ZooKeeperSaslClient.java","220587","256595","477182"
"2017-11-28 00:10","ZooKeeperSaslClient.java","9930","18215","28145"
"2019-08-17 17:13","ZooKeeperSaslClient.java","220587","255887","476474"
"2015-05-14 07:10","CnxManagerTest.java","1998","8651","10649"
"2020-03-12 14:47","CnxManagerTest.java","212303","269535","481838"
"2019-08-17 17:13","CnxManagerTest.java","210858","256147","467005"
"2019-06-03 19:40","CnxManagerTest.java","210858","241478","452336"
"2017-11-28 00:10","CnxManagerTest.java","16148","34422","50570"
"2019-07-12 17:01","CnxManagerTest.java","210858","251460","462318"
"2019-05-08 21:54","CnxManagerTest.java","210842","240633","451475"
"2019-08-06 12:52","CnxManagerTest.java","210858","257120","467978"
"2019-06-14 09:06","CnxManagerTest.java","210858","244145","455003"
"2019-11-29 14:49","CnxManagerTest.java","212302","264148","476450"
"2015-02-06 06:17","CnxManagerTest.java","1141","5289","6430"
"2017-09-11 18:55","CnxManagerTest.java","15709","30126","45835"
"2020-02-16 10:25","CnxManagerTest.java","212303","268232","480535"
"2015-11-03 08:11","CnxManagerTest.java","3717","12886","16603"
"2019-10-10 14:37","CnxManagerTest.java","210858","259900","470758"
"2020-05-17 15:13","ClientCnxn.java","4016","4387","8403"
"2014-06-30 19:11","Observer.java","62113","61592","123705"
"2011-10-20 20:02","Observer.java","48968","17683","66651"
"2019-10-10 14:37","Observer.java","219580","260725","480305"
"2015-06-05 21:25","Observer.java","63395","75927","139322"
"2019-12-27 22:33","Observer.java","220653","266723","487376"
"2017-11-28 00:10","Observer.java","69903","92968","162871"
"2019-07-15 14:15","Observer.java","219580","252391","471971"
"2019-08-23 19:43","Observer.java","219580","257638","477218"
"2019-08-17 17:13","Observer.java","219580","256972","476552"
"2019-05-03 00:44","Observer.java","219581","240970","460551"
"2019-06-05 00:33","Observer.java","219580","242693","462273"
"2019-07-02 07:34","Observer.java","219580","244915","464495"
"2011-02-07 20:26","Observer.java","120","137","257"
"2013-03-07 07:01","Observer.java","55117","40554","95671"
"2018-12-09 03:16","Observer.java","219514","229564","449078"
"2017-11-28 00:10","EphemeralNodeDeletionTest.java","2417","6227","8644"
"2018-09-05 16:15","EphemeralNodeDeletionTest.java","102629","112941","215570"
"2019-08-17 17:13","EphemeralNodeDeletionTest.java","224425","255250","479675"
"2019-12-03 10:01","CommandsTest.java","37863","59146","97009"
"2019-11-29 14:49","CommandsTest.java","37869","59106","96975"
"2019-08-17 17:13","CommandsTest.java","29722","44402","74124"
"2019-06-03 19:40","CommandsTest.java","227","238","465"
"2019-06-29 00:33","CommandsTest.java","3788","6455","10243"
"2019-11-23 17:08","CommandsTest.java","37533","56914","94447"
"2019-06-04 10:55","CommandsTest.java","453","617","1070"
"2019-08-17 17:13","WatcherOrBitSetTest.java","158773","174218","332991"
"2019-05-08 21:54","WatcherOrBitSetTest.java","156846","156793","313639"
"2009-06-25 00:59","ZooKeeper.java","6810","48757","55567"
"2019-02-06 09:46","ZooKeeper.java","99080","235365","334445"
"2019-01-16 14:21","ZooKeeper.java","99080","233642","332722"
"2017-04-18 02:02","ZooKeeper.java","26873","163380","190253"
"2019-11-08 17:30","ZooKeeper.java","99107","263303","362410"
"2019-02-07 11:26","ZooKeeper.java","99080","235994","335074"
"2013-03-07 07:01","ZooKeeper.java","22317","124877","147194"
"2011-07-01 00:53","ZooKeeper.java","18678","103378","122056"
"2013-12-17 17:55","ZooKeeper.java","22529","131893","154422"
"2012-02-06 09:56","ZooKeeper.java","21111","109511","130622"
"2012-03-17 01:31","ZooKeeper.java","21260","111165","132425"
"2012-11-17 15:03","ZooKeeper.java","21579","116603","138182"
"2017-05-01 17:19","ZooKeeper.java","26876","163510","190386"
"2010-11-10 23:36","ZooKeeper.java","15000","135053","150053"
"2014-01-24 07:18","ZooKeeper.java","22543","133836","156379"
"2019-08-17 17:13","ZooKeeper.java","99107","257689","356796"
"2009-05-20 20:48","ZooKeeper.java","4514","35335","39849"
"2015-06-04 19:51","ZooKeeper.java","24373","153991","178364"
"2016-10-07 21:51","ZooKeeper.java","26184","160853","187037"
"2015-03-16 09:09","ZooKeeper.java","24308","150882","175190"
"2015-03-17 18:06","ZooKeeper.java","24311","151595","175906"
"2016-05-02 18:15","ZooKeeper.java","25881","157784","183665"
"2019-06-26 10:57","ZooKeeper.java","99107","245539","344646"
"2019-06-03 19:40","ZooKeeper.java","99107","243020","342127"
"2018-05-09 23:57","ZooKeeper.java","27350","170242","197592"
"2009-04-09 23:02","ZooKeeper.java","3124","9003","12127"
"2009-03-27 06:25","ZooKeeper.java","2357","7529","9886"
"2019-08-03 08:42","ZooKeeper.java","99107","258397","357504"
"2016-11-13 20:59","ZooKeeper.java","26194","163116","189310"
"2013-02-03 15:52","ZooKeeper.java","22069","120566","142635"
"2012-09-28 18:32","ZooKeeper.java","21451","114507","135958"
"2017-07-28 00:36","ZooKeeper.java","27149","162917","190066"
"2017-08-18 23:35","ZooKeeper.java","27181","163434","190615"
"2017-07-04 07:56","ZooKeeper.java","27131","163509","190640"
"2009-12-11 20:38","ZooKeeper.java","9377","65324","74701"
"2009-11-12 21:02","ZooKeeper.java","9104","57673","66777"
"2010-01-26 03:22","ZooKeeper.java","10380","70405","80785"
"2010-01-05 18:32","ZooKeeper.java","10054","66665","76719"
"2009-11-07 01:48","ZooKeeper.java","8998","56964","65962"
"2009-10-31 00:09","ZooKeeper.java","8747","56308","65055"
"2020-04-16 12:50","ZooKeeper.java","99563","271719","371282"
"2018-07-27 05:16","ZooKeeper.java","33907","178817","212724"
"2019-10-10 14:37","ZooKeeper.java","99107","261442","360549"
"2014-04-01 04:03","ZooKeeper.java","22744","135517","158261"
"2010-02-08 23:36","ZooKeeper.java","12885","72571","85456"
"2009-08-07 20:00","ZooKeeper.java","7090","51132","58222"
"2012-12-19 19:16","ZooKeeper.java","22028","120032","142060"
"2019-02-11 12:34","ZooKeeper.java","99080","236357","335437"
"2014-07-08 20:18","ZooKeeper.java","24093","141753","165846"
"2010-11-30 21:16","ZooKeeper.java","15150","135570","150720"
"2020-05-17 15:13","ZooKeeper.java","99564","272091","371655"
"2017-01-09 22:49","ZooKeeper.java","26370","164860","191230"
"2011-05-20 01:17","ZooKeeper.java","18185","99059","117244"
"2019-03-12 19:08","ZooKeeper.java","99086","237791","336877"
"2011-09-06 00:58","ZooKeeper.java","16708","106104","122812"
"2014-07-22 06:51","ZooKeeper.java","24168","146026","170194"
"2014-04-29 02:23","ZooKeeper.java","23915","138473","162388"
"2014-06-25 15:04","FastLeaderElection.java","23769","133974","157743"
"2018-12-06 10:56","FastLeaderElection.java","105238","228081","333319"
"2014-07-08 05:25","FastLeaderElection.java","23904","135745","159649"
"2014-07-18 20:48","FastLeaderElection.java","23972","139939","163911"
"2010-03-13 01:06","FastLeaderElection.java","12313","75342","87655"
"2014-03-23 04:12","FastLeaderElection.java","22380","128507","150887"
"2019-10-10 14:37","FastLeaderElection.java","105274","261342","366616"
"2013-10-21 23:36","FastLeaderElection.java","22206","124521","146727"
"2009-08-04 19:59","FastLeaderElection.java","5052","42472","47524"
"2009-08-11 23:09","FastLeaderElection.java","5113","43639","48752"
"2009-12-15 23:23","FastLeaderElection.java","7825","57720","65545"
"2019-09-30 23:22","FastLeaderElection.java","105274","260969","366243"
"2011-04-12 09:14","FastLeaderElection.java","17673","91461","109134"
"2014-07-20 04:50","FastLeaderElection.java","23990","140019","164009"
"2009-04-24 20:26","FastLeaderElection.java","943","9545","10488"
"2010-07-05 21:50","FastLeaderElection.java","13472","87602","101074"
"2020-04-07 09:07","FastLeaderElection.java","105826","271515","377341"
"2012-03-20 01:33","FastLeaderElection.java","21024","105068","126092"
"2019-01-18 03:42","FastLeaderElection.java","105238","233578","338816"
"2012-02-06 09:40","FastLeaderElection.java","20683","103276","123959"
"2017-09-11 18:55","FastLeaderElection.java","27393","157921","185314"
"2013-03-07 07:01","FastLeaderElection.java","22019","118776","140795"
"2018-08-29 06:26","FastLeaderElection.java","56891","197702","254593"
"2011-04-29 18:12","FastLeaderElection.java","17692","91815","109507"
"2015-02-06 06:17","FastLeaderElection.java","24146","144405","168551"
"2018-04-30 06:34","FastLeaderElection.java","27549","164059","191608"
"2009-06-30 22:47","FastLeaderElection.java","4734","41416","46150"
"2019-08-17 17:13","FastLeaderElection.java","105274","257589","362863"
"2019-08-02 20:08","FastLeaderElection.java","105274","258370","363644"
"2012-08-03 00:17","FastLeaderElection.java","21113","107645","128758"
"2017-01-13 19:29","FastLeaderElection.java","26328","159196","185524"
"2011-06-14 07:14","FastLeaderElection.java","17752","93490","111242"
"2019-08-03 08:42","FastLeaderElection.java","105274","258297","363571"
"2019-12-27 22:33","TxnLog.java","37613","64494","102107"
"2019-05-14 17:11","TxnLog.java","403","3273","3676"
"2019-08-17 17:13","TxnLog.java","29608","47811","77419"
"2019-08-17 17:13","ClientCnxn.java","231870","254163","486033"
"2019-01-31 15:50","ClientCnxn.java","231721","231681","463402"
"2019-04-09 15:35","ClientCnxn.java","231753","234903","466656"
"2019-11-08 17:30","ClientCnxn.java","231919","259826","491745"
"2019-01-16 14:21","ClientCnxn.java","231717","229990","461707"
"2019-01-07 14:24","ClientCnxn.java","231715","228838","460553"
"2019-03-06 03:32","ClientCnxn.java","231751","233829","465580"
"2019-02-07 11:26","ClientCnxn.java","231724","232349","464073"
"2018-11-05 19:40","ClientCnxn.java","198869","219648","418517"
"2020-05-17 15:13","ClientCnxn.java","233903","270141","504044"
"2020-03-03 03:12","ClientCnxn.java","233810","267838","501648"
"2018-09-10 11:44","ClientCnxn.java","88841","90874","179715"
"2020-01-21 17:53","ClientCnxn.java","233810","264099","497909"
"2019-10-10 14:37","ClientCnxn.java","231871","257917","489788"
"2019-11-21 05:58","ClientCnxn.java","233808","259268","493076"
"2020-04-16 12:50","ClientCnxn.java","233871","269738","503609"
"2019-08-17 17:13","Leader.java","197281","256366","453647"
"2019-06-29 00:33","Leader.java","197281","244353","441634"
"2019-06-03 19:40","Leader.java","197281","241697","438978"
"2014-05-20 23:42","Leader.java","8262","15191","23453"
"2019-07-15 14:15","Leader.java","197281","251785","449066"
"2015-03-17 18:06","Leader.java","10942","30108","41050"
"2019-07-25 21:41","Leader.java","197281","252849","450130"
"2018-05-10 06:00","Leader.java","24279","59338","83617"
"2018-07-12 01:33","Leader.java","32401","68393","100794"
"2018-02-07 01:05","Leader.java","23977","56902","80879"
"2017-11-28 00:10","Leader.java","23545","55615","79160"
"2019-06-05 00:33","Leader.java","197281","242087","439368"
"2015-04-10 22:22","Leader.java","10984","31218","42202"
"2019-08-03 08:42","Leader.java","197281","257074","454355"
"2019-06-05 23:57","Leader.java","197281","242356","439637"
"2017-01-13 19:29","Leader.java","18110","48663","66773"
"2019-01-07 14:55","Leader.java","197182","231158","428340"
"2019-04-12 19:01","Leader.java","197265","238157","435422"
"2018-12-09 03:16","Leader.java","197181","228924","426105"
"2018-08-17 14:40","Leader.java","85356","123644","209000"
"2019-11-29 14:49","Leader.java","198630","264272","462902"
"2018-11-27 10:02","Leader.java","197181","226600","423781"
"2015-02-06 06:17","Leader.java","10721","28665","39386"
"2017-02-15 23:04","Leader.java","20647","48244","68891"
"2014-07-18 02:19","Leader.java","9585","22778","32363"
"2018-08-29 06:26","Leader.java","106675","145171","251846"
"2018-08-03 18:52","Leader.java","42805","80295","123100"
"2017-09-11 18:55","Leader.java","23125","51338","74463"
"2018-09-18 01:00","Leader.java","111918","152984","264902"
"2016-12-20 14:47","Leader.java","18087","47798","65885"
"2014-07-20 04:50","Leader.java","9843","23557","33400"
"2014-06-10 00:19","Leader.java","8282","16145","24427"
"2016-06-23 23:25","Leader.java","16262","40909","57171"
"2016-06-23 23:45","Leader.java","16293","41048","57341"
"2020-03-25 03:38","Leader.java","198630","270500","469130"
"2014-03-23 04:12","Leader.java","744","4556","5300"
"2019-12-27 22:33","Leader.java","198630","266393","465023"
"2016-08-13 15:01","Leader.java","16767","42217","58984"
"2019-10-10 14:37","Leader.java","197281","260119","457400"
"2013-11-07 06:41","Leader.java","132","563","695"
"2018-10-16 16:22","QuorumPeerConfig.java","90513","241770","332283"
"2012-04-23 01:20","QuorumPeerConfig.java","21510","97889","119399"
"2009-05-22 21:02","QuorumPeerConfig.java","826","16973","17799"
"2018-12-09 03:16","QuorumPeerConfig.java","113802","230173","343975"
"2019-04-12 19:01","QuorumPeerConfig.java","113845","239365","353210"
"2018-09-11 15:23","QuorumPeerConfig.java","66473","200059","266532"
"2013-03-07 07:01","QuorumPeerConfig.java","22438","110655","133093"
"2018-12-15 07:34","QuorumPeerConfig.java","113802","230088","343890"
"2019-02-13 13:12","QuorumPeerConfig.java","113811","236470","350281"
"2009-06-05 06:44","QuorumPeerConfig.java","1197","19074","20271"
"2019-08-17 17:13","QuorumPeerConfig.java","113845","257558","371403"
"2015-03-17 18:06","QuorumPeerConfig.java","24621","137562","162183"
"2014-01-21 04:50","QuorumPeerConfig.java","22693","118060","140753"
"2009-11-18 20:06","QuorumPeerConfig.java","7631","48346","55977"
"2012-12-16 07:43","QuorumPeerConfig.java","21908","103731","125639"
"2017-11-28 00:10","QuorumPeerConfig.java","27982","153827","181809"
"2019-06-05 00:29","QuorumPeerConfig.java","113845","243225","357070"
"2014-09-17 07:34","QuorumPeerConfig.java","24509","133997","158506"
"2020-01-09 11:27","QuorumPeerConfig.java","114426","266242","380668"
"2019-07-12 17:01","QuorumPeerConfig.java","113845","252871","366716"
"2016-11-13 20:59","QuorumPeerConfig.java","26616","149195","175811"
"2019-05-15 11:56","QuorumPeerConfig.java","113845","242312","356157"
"2014-08-19 22:50","QuorumPeerConfig.java","24509","132911","157420"
"2018-10-01 06:11","QuorumPeerConfig.java","66608","204028","270636"
"2017-07-28 00:36","QuorumPeerConfig.java","27842","149267","177109"
"2013-09-30 22:20","QuorumPeerConfig.java","22586","113188","135774"
"2017-07-06 18:48","QuorumPeerConfig.java","27824","150131","177955"
"2013-09-26 00:13","QuorumPeerConfig.java","22582","112940","135522"
"2010-03-09 05:44","QuorumPeerConfig.java","12413","66099","78512"
"2020-01-23 13:43","QuorumPeerConfig.java","114426","268066","382492"
"2011-04-06 18:17","QuorumPeerConfig.java","17595","82617","100212"
"2010-03-12 19:26","QuorumPeerConfig.java","12507","66923","79430"
"2014-05-17 13:23","QuorumPeerConfig.java","24084","124346","148430"
"2014-07-04 04:19","QuorumPeerConfig.java","24220","127031","151251"
"2011-09-17 02:42","QuorumPeerConfig.java","19131","92368","111499"
"2016-06-23 19:42","QuorumPeerConfig.java","26275","144422","170697"
"2015-09-06 20:02","QuorumPeerConfig.java","24717","141170","165887"
"2015-09-29 03:56","QuorumPeerConfig.java","24746","141380","166126"
"2019-10-10 14:37","QuorumPeerConfig.java","113845","261311","375156"
"2009-08-11 00:24","QuorumPeerConfig.java","4936","34225","39161"
"2018-07-27 12:32","QuorumPeerConfig.java","39507","170266","209773"
"2019-04-18 19:17","QuorumPeerConfig.java","113845","240075","353920"
"2016-11-03 16:07","QuorumPeerConfig.java","26605","147515","174120"
"2011-04-12 09:14","QuorumPeerConfig.java","17973","83159","101132"
"2014-03-25 22:13","QuorumPeerConfig.java","22821","120644","143465"
"2011-09-02 22:50","QuorumPeerConfig.java","16476","91323","107799"
"2013-10-09 22:21","QuorumPeerConfig.java","22646","116058","138704"
"2014-08-01 07:38","QuorumPeerConfig.java","24482","132349","156831"
"2014-08-14 08:08","QuorumPeerConfig.java","24482","132770","157252"
"2020-02-16 10:25","QuorumPeerConfig.java","114426","268779","383205"
"2020-05-14 18:18","QuorumPeerConfig.java","114427","272005","386432"
"2017-05-11 16:59","QuorumPeerConfig.java","27788","149228","177016"
"2019-11-28 12:24","DataTree.java","33201","36651","69852"
"2019-10-10 14:37","DataTree.java","27687","29984","57671"
"2019-12-27 22:33","DataTree.java","33714","40936","74650"
"2019-11-11 13:59","DataTree.java","27893","33847","61740"
"2019-11-08 17:30","DataTree.java","27861","32019","59880"
"2019-09-10 09:53","DataTree.java","26309","25902","52211"
"2019-09-11 10:27","DataTree.java","26543","26443","52986"
"2019-08-17 17:13","DataTree.java","24887","23431","48318"
"2019-09-10 15:21","DataTree.java","26503","26090","52593"
"2020-02-26 22:41","NettyServerCnxnFactory.java","37406","60727","98133"
"2019-10-10 14:37","NettyServerCnxnFactory.java","29967","46387","76354"
"2019-09-10 18:50","NettyServerCnxnFactory.java","28894","42678","71572"
"2019-11-14 03:54","NettyServerCnxnFactory.java","30243","50919","81162"
"2019-08-17 17:13","NettyServerCnxnFactory.java","27549","40216","67765"
"2019-11-23 17:08","NettyServerCnxnFactory.java","35397","52765","88162"
"2019-07-03 00:44","NettyServerCnxnFactory.java","1299","1979","3278"
"2019-07-23 15:55","NettyServerCnxnFactory.java","2704","11379","14083"
"2019-08-03 08:42","NettyServerCnxnFactory.java","4594","17969","22563"
"2020-03-19 17:09","Learner.java","234614","268092","502706"
"2020-02-03 04:30","Learner.java","234614","266587","501201"
"2020-01-23 13:43","Learner.java","234614","266030","500644"
"2020-03-25 03:38","Learner.java","234614","268888","503502"
"2019-11-28 12:24","Learner.java","234612","261007","495619"
"2019-12-27 22:33","Learner.java","234613","264780","499393"
"2020-01-25 18:48","Learner.java","234614","266220","500834"
"2020-05-03 19:43","Learner.java","234675","269885","504560"
"2019-10-10 14:37","Learner.java","232675","257917","490592"
"2019-06-03 19:40","Learner.java","232673","239493","472166"
"2019-07-15 14:15","Learner.java","232674","249582","482256"
"2019-08-23 19:43","Learner.java","232674","254829","487503"
"2019-08-17 17:13","Learner.java","232674","254163","486837"
"2019-04-09 15:35","Learner.java","232557","234903","467460"
"2019-07-12 17:01","Learner.java","232674","249476","482150"
"2019-07-02 07:34","Learner.java","232673","242105","474778"
"2018-10-16 16:22","Learner.java","199639","219525","419164"
"2018-12-09 03:16","Learner.java","232518","226665","459183"
"2019-11-29 14:49","Learner.java","234612","262658","497270"
"2018-11-27 10:02","Learner.java","232518","224341","456859"
"2014-06-25 15:04","FastLeaderElection.java","20008","58078","78086"
"2018-12-06 10:56","FastLeaderElection.java","180263","227368","407631"
"2014-07-08 05:25","FastLeaderElection.java","20416","60122","80538"
"2014-07-18 20:48","FastLeaderElection.java","20692","64524","85216"
"2014-03-23 04:12","FastLeaderElection.java","13946","47938","61884"
"2019-10-10 14:37","FastLeaderElection.java","180329","260659","440988"
"2013-10-21 23:36","FastLeaderElection.java","13563","43743","57306"
"2019-09-30 23:22","FastLeaderElection.java","180329","260286","440615"
"2014-07-20 04:50","FastLeaderElection.java","20721","64615","85336"
"2020-04-07 09:07","FastLeaderElection.java","181427","271378","452805"
"2012-03-20 01:33","FastLeaderElection.java","10322","22231","32553"
"2019-01-18 03:42","FastLeaderElection.java","180264","232866","413130"
"2012-02-06 09:40","FastLeaderElection.java","7884","18342","26226"
"2017-09-11 18:55","FastLeaderElection.java","28033","86426","114459"
"2013-03-07 07:01","FastLeaderElection.java","12918","37540","50458"
"2018-08-29 06:26","FastLeaderElection.java","102438","171114","273552"
"2015-02-06 06:17","FastLeaderElection.java","21004","69128","90132"
"2018-04-30 06:34","FastLeaderElection.java","28571","92946","121517"
"2019-08-17 17:13","FastLeaderElection.java","180329","256906","437235"
"2019-08-02 20:08","FastLeaderElection.java","180329","257687","438016"
"2012-08-03 00:17","FastLeaderElection.java","10811","25208","36019"
"2017-01-13 19:29","FastLeaderElection.java","25315","86048","111363"
"2019-08-03 08:42","FastLeaderElection.java","180329","257614","437943"
"2019-06-03 19:40","JettyAdminServer.java","218763","241297","460060"
"2019-08-17 17:13","JettyAdminServer.java","218764","255967","474731"
"2019-07-29 17:09","JettyAdminServer.java","218764","252981","471745"
"2016-08-25 02:23","JettyAdminServer.java","5118","8506","13624"
"2020-05-05 09:18","JettyAdminServer.java","220310","271275","491585"
"2015-11-22 00:33","JettyAdminServer.java","499","2143","2642"
"2019-10-10 14:37","JettyAdminServer.java","218764","259720","478484"
"2010-08-17 09:24","ZNodeResource.java","16154","73013","89167"
"2010-04-22 07:42","ZNodeResource.java","15595","55038","70633"
"2020-05-05 21:20","ObserverMasterTest.java","15233","26137","41370"
"2019-10-10 14:37","ObserverMasterTest.java","3093","3934","7027"
"2019-12-28 16:17","ObserverMasterTest.java","9633","15306","24939"
"2019-11-28 12:24","DataTree.java","226615","261802","488417"
"2019-10-10 14:37","DataTree.java","225011","259045","484056"
"2019-12-27 22:33","DataTree.java","226616","265575","492191"
"2019-11-11 13:59","DataTree.java","225059","262750","487809"
"2018-07-10 13:29","DataTree.java","19519","26529","46048"
"2018-09-28 23:38","DataTree.java","108296","123132","231428"
"2019-11-08 17:30","DataTree.java","225059","260954","486013"
"2019-01-30 16:28","DataTree.java","224893","232285","457178"
"2019-01-30 17:02","DataTree.java","224893","232829","457722"
"2016-11-24 17:18","DataTree.java","625","1193","1818"
"2017-09-11 18:55","DataTree.java","7760","7169","14929"
"2017-02-05 07:22","DataTree.java","1077","3084","4161"
"2019-02-07 11:26","DataTree.java","224894","233507","458401"
"2018-09-04 11:54","DataTree.java","107452","117204","224656"
"2018-09-05 22:35","DataTree.java","107471","117479","224950"
"2018-12-20 15:17","DataTree.java","224892","228773","453665"
"2019-09-10 09:53","DataTree.java","225011","256341","481352"
"2019-04-12 19:01","DataTree.java","224992","237080","462072"
"2019-07-31 19:06","DataTree.java","225011","254599","479610"
"2019-09-11 10:27","DataTree.java","225011","256648","481659"
"2019-08-01 07:31","DataTree.java","225011","255963","480974"
"2019-08-17 17:13","DataTree.java","225011","255292","480303"
"2019-09-10 15:21","DataTree.java","225011","256335","481346"
"2017-06-18 19:23","DataTree.java","5831","4926","10757"
"2019-04-12 12:29","DataTree.java","224992","236649","461641"
"2019-08-03 08:42","DataTree.java","225011","256000","481011"
"2019-08-09 16:15","DataTree.java","225011","256748","481759"
"2019-04-29 16:49","DataTree.java","224992","239110","464102"
"2019-08-17 17:13","CRCTest.java","198547","256292","454839"
"2016-08-24 01:36","CRCTest.java","17092","40970","58062"
"2019-10-10 14:37","CRCTest.java","198547","260045","458592"
"2018-01-19 00:43","FileTxnLog.java","1290","5837","7127"
"2019-12-27 22:33","FileTxnLog.java","225470","265554","491024"
"2019-10-10 14:37","FileTxnLog.java","223828","258987","482815"
"2018-11-12 22:36","FileTxnLog.java","223707","223205","446912"
"2018-08-01 21:19","FileTxnLog.java","22932","32434","55366"
"2018-04-27 20:28","FileTxnLog.java","1676","8073","9749"
"2018-06-08 16:52","FileTxnLog.java","1990","9834","11824"
"2020-01-28 17:26","FileTxnLog.java","225471","267275","492746"
"2019-05-14 17:11","FileTxnLog.java","223809","239882","463691"
"2019-01-07 14:24","FileTxnLog.java","223709","229945","453654"
"2019-04-12 19:01","FileTxnLog.java","223809","237022","460831"
"2018-09-06 01:11","FileTxnLog.java","101556","112689","214245"
"2018-09-18 01:00","FileTxnLog.java","101704","115091","216795"
"2019-08-17 17:13","FileTxnLog.java","223828","255234","479062"
"2019-06-03 19:40","FileTxnLog.java","223827","240564","464391"
"2018-04-24 00:20","FileTxnLog.java","1507","7817","9324"
"2018-02-14 21:23","FileTxnLog.java","1429","6855","8284"
"2019-08-03 08:42","FileTxnLog.java","223828","255942","479770"
"2019-04-09 15:35","FileTxnLog.java","223734","235997","459731"
"2018-02-02 00:26","FileTxnLog.java","1300","5854","7154"
"2012-04-23 01:20","HierarchicalQuorumTest.java","23519","48867","72386"
"2014-06-04 22:07","HierarchicalQuorumTest.java","32077","82214","114291"
"2019-08-17 17:13","HierarchicalQuorumTest.java","167723","256990","424713"
"2019-07-12 17:01","HierarchicalQuorumTest.java","167723","252303","420026"
"2019-10-10 14:37","HierarchicalQuorumTest.java","167723","260743","428466"
"2018-06-26 11:18","HierarchicalQuorumTest.java","38923","117433","156356"
"2011-04-12 09:14","HierarchicalQuorumTest.java","14727","25467","40194"
"2017-05-11 16:59","HierarchicalQuorumTest.java","38322","108731","147053"
"2020-05-05 21:20","ObserverMasterTest.java","7422","12653","20075"
"2019-08-17 17:13","ChrootTest.java","160996","257033","418029"
"2011-09-17 02:13","ChrootTest.java","22049","50841","72890"
"2010-03-31 06:26","ChrootTest.java","3135","10133","13268"
"2011-04-12 09:14","ChrootTest.java","19683","37193","56876"
"2019-10-10 14:37","LearnerHandler.java","27642","30687","58329"
"2019-08-23 19:43","LearnerHandler.java","24901","24859","49760"
"2019-08-17 17:13","LearnerHandler.java","24898","24190","49088"
"2019-08-17 17:13","ClientX509Util.java","109882","111485","221367"
"2014-11-29 16:53","RestCfg.java","34672","78290","112962"
"2019-08-17 17:13","X509TestContext.java","25828","29979","55807"
"2019-11-29 14:49","Leader.java","6123","8927","15050"
"2020-03-25 03:38","Leader.java","10199","19231","29430"
"2019-12-27 22:33","Leader.java","6378","11303","17681"
"2009-06-25 00:59","ClientBase.java","10453","67042","77495"
"2008-11-19 11:20","ClientBase.java","1937","7049","8986"
"2012-08-28 21:51","ClientBase.java","18166","123064","141230"
"2017-06-08 17:51","ClientBase.java","22234","170437","192671"
"2012-07-17 23:19","ClientBase.java","18156","121980","140136"
"2017-04-18 01:37","ClientBase.java","21999","170834","192833"
"2010-03-16 22:23","ClientBase.java","13180","97143","110323"
"2018-09-07 02:49","ClientBase.java","53475","212748","266223"
"2019-07-31 19:06","ClientBase.java","84482","257013","341495"
"2012-02-06 09:47","ClientBase.java","17873","118576","136449"
"2015-02-06 06:17","ClientBase.java","20847","159239","180086"
"2017-09-11 18:55","ClientBase.java","22339","171000","193339"
"2009-07-17 00:09","ClientBase.java","10668","68476","79144"
"2009-06-30 03:32","ClientBase.java","10518","67890","78408"
"2019-08-17 17:13","ClientBase.java","84482","257706","342188"
"2009-06-18 18:37","ClientBase.java","10092","59809","69901"
"2015-03-28 20:08","ClientBase.java","20864","161467","182331"
"2019-06-07 14:13","ClientBase.java","84482","243810","328292"
"2018-04-24 00:20","ClientBase.java","22429","176866","199295"
"2018-08-08 06:21","ClientBase.java","37084","195492","232576"
"2018-05-09 23:57","ClientBase.java","22457","177679","200136"
"2009-06-09 07:04","ClientBase.java","9740","57212","66952"
"2019-06-24 11:05","ClientBase.java","84482","245039","329521"
"2012-12-11 08:42","ClientBase.java","18332","126563","144895"
"2017-01-13 19:29","ClientBase.java","21675","172676","194351"
"2010-01-25 04:28","ClientBase.java","13000","87119","100119"
"2010-03-09 05:44","ClientBase.java","13089","96286","109375"
"2016-06-23 23:25","ClientBase.java","21244","166339","187583"
"2014-01-03 01:40","ClientBase.java","19174","141102","160276"
"2014-01-25 01:17","ClientBase.java","19178","142912","162090"
"2009-11-20 23:28","ClientBase.java","12426","82931","95357"
"2009-11-25 20:06","ClientBase.java","12430","82968","95398"
"2009-11-12 20:53","ClientBase.java","12268","75463","87731"
"2009-08-25 07:45","ClientBase.java","10773","70490","81263"
"2009-09-16 02:09","ClientBase.java","11138","71361","82499"
"2019-11-14 16:44","ClientBase.java","84482","265733","350215"
"2019-10-10 14:37","ClientBase.java","84482","261459","345941"
"2012-03-15 17:47","ClientBase.java","18002","119948","137950"
"2010-09-15 07:51","ClientBase.java","14300","146122","160422"
"2012-01-14 00:28","ClientBase.java","17850","118037","135887"
"2011-04-12 09:14","ClientBase.java","15137","109834","124971"
"2011-11-05 07:29","ClientBase.java","17693","116460","134153"
"2016-08-24 01:36","ClientBase.java","21458","167124","188582"
"2011-09-17 02:13","ClientBase.java","16095","115880","131975"
"2010-07-05 20:20","ClientBase.java","13860","108892","122752"
"2010-03-31 06:26","ClientBase.java","13777","97962","111739"
"2010-08-18 08:24","ClientBase.java","14299","117951","132250"
"2009-05-14 22:15","ClientBase.java","9438","54740","64178"
"2015-03-08 23:07","ClientBase.java","20858","159424","180282"
"2008-12-13 01:27","ZooKeeper.java","6223","25242","31465"
"2009-06-25 00:59","ZooKeeper.java","12240","81669","93909"
"2019-02-06 09:46","ZooKeeper.java","71618","235385","307003"
"2019-01-16 14:21","ZooKeeper.java","71618","233662","305280"
"2017-04-18 02:02","ZooKeeper.java","21171","179997","201168"
"2019-11-08 17:30","ZooKeeper.java","71646","263324","334970"
"2019-02-07 11:26","ZooKeeper.java","71618","236014","307632"
"2013-03-07 07:01","ZooKeeper.java","18907","143786","162693"
"2011-07-01 00:53","ZooKeeper.java","16405","128587","144992"
"2013-12-17 17:55","ZooKeeper.java","18994","150677","169671"
"2012-02-06 09:56","ZooKeeper.java","17822","128541","146363"
"2012-03-17 01:31","ZooKeeper.java","17893","130117","148010"
"2012-11-17 15:03","ZooKeeper.java","18164","135507","153671"
"2017-05-01 17:19","ZooKeeper.java","21168","180121","201289"
"2010-11-10 23:36","ZooKeeper.java","15713","163248","178961"
"2014-01-24 07:18","ZooKeeper.java","18999","152611","171610"
"2019-08-17 17:13","ZooKeeper.java","71646","257710","329356"
"2009-05-20 20:48","ZooKeeper.java","11628","69931","81559"
"2015-06-04 19:51","ZooKeeper.java","20581","172518","193099"
"2016-10-07 21:51","ZooKeeper.java","20867","177855","198722"
"2015-03-16 09:09","ZooKeeper.java","20536","169429","189965"
"2015-03-17 18:06","ZooKeeper.java","20538","170141","190679"
"2016-05-02 18:15","ZooKeeper.java","20655","174877","195532"
"2019-06-26 10:57","ZooKeeper.java","71646","245560","317206"
"2019-06-03 19:40","ZooKeeper.java","71646","243041","314687"
"2018-05-09 23:57","ZooKeeper.java","21460","186671","208131"
"2009-04-09 23:02","ZooKeeper.java","11242","44603","55845"
"2009-03-27 06:25","ZooKeeper.java","11056","43710","54766"
"2019-08-03 08:42","ZooKeeper.java","71646","258418","330064"
"2016-11-13 20:59","ZooKeeper.java","20870","180111","200981"
"2013-02-03 15:52","ZooKeeper.java","18682","139498","158180"
"2012-09-28 18:32","ZooKeeper.java","18055","133430","151485"
"2017-07-28 00:36","ZooKeeper.java","21411","179498","200909"
"2017-08-18 23:35","ZooKeeper.java","21408","179980","201388"
"2017-07-04 07:56","ZooKeeper.java","21397","180094","201491"
"2008-12-22 23:23","ZooKeeper.java","6585","25947","32532"
"2009-01-28 01:21","ZooKeeper.java","10092","28764","38856"
"2009-12-11 20:38","ZooKeeper.java","13911","97340","111251"
"2009-11-12 21:02","ZooKeeper.java","13809","89860","103669"
"2010-01-26 03:22","ZooKeeper.java","14395","101902","116297"
"2010-01-05 18:32","ZooKeeper.java","14127","98220","112347"
"2009-11-07 01:48","ZooKeeper.java","13765","89213","102978"
"2009-10-31 00:09","ZooKeeper.java","13598","88641","102239"
"2020-04-16 12:50","ZooKeeper.java","72099","271737","343836"
"2018-07-27 05:16","ZooKeeper.java","24437","191666","216103"
"2019-10-10 14:37","ZooKeeper.java","71646","261463","333109"
"2014-04-01 04:03","ZooKeeper.java","19149","154241","173390"
"2010-02-08 23:36","ZooKeeper.java","14406","101574","115980"
"2009-08-07 20:00","ZooKeeper.java","12387","83911","96298"
"2012-12-19 19:16","ZooKeeper.java","18657","138980","157637"
"2019-02-11 12:34","ZooKeeper.java","71618","236377","307995"
"2014-07-08 20:18","ZooKeeper.java","20450","160429","180879"
"2010-11-30 21:16","ZooKeeper.java","15825","163727","179552"
"2020-05-17 15:13","ZooKeeper.java","72100","272109","344209"
"2017-01-09 22:49","ZooKeeper.java","21041","181850","202891"
"2011-05-20 01:17","ZooKeeper.java","16146","124502","140648"
"2019-03-12 19:08","ZooKeeper.java","71624","237811","309435"
"2011-09-06 00:58","ZooKeeper.java","15065","126780","141845"
"2009-01-31 00:01","ZooKeeper.java","10126","37608","47734"
"2014-07-22 06:51","ZooKeeper.java","20435","164612","185047"
"2008-10-22 01:49","ZooKeeper.java","4971","17811","22782"
"2008-12-02 01:13","ZooKeeper.java","5937","24125","30062"
"2014-04-29 02:23","ZooKeeper.java","20335","157212","177547"
"2019-06-07 14:13","SessionTest.java","218913","242069","460982"
"2019-08-17 17:13","SessionTest.java","218914","255966","474880"
"2017-09-11 18:55","SessionTest.java","12795","18975","31770"
"2018-09-22 06:48","SessionTest.java","110744","129846","240590"
"2019-10-10 14:37","SessionTest.java","218914","259719","478633"
"2019-12-28 16:17","SessionTest.java","220460","266097","486557"
"2009-07-17 00:09","RecoveryTest.java","10668","68476","79144"
"2019-08-17 17:13","RecoveryTest.java","84482","257706","342188"
"2009-06-18 18:37","RecoveryTest.java","10092","59809","69901"
"2009-04-17 00:59","RecoveryTest.java","8990","29899","38889"
"2009-02-20 01:23","RecoveryTest.java","8432","27678","36110"
"2013-12-21 22:05","RecoveryTest.java","19169","140957","160126"
"2019-10-10 14:37","RecoveryTest.java","84482","261459","345941"
"2011-04-12 09:14","RecoveryTest.java","15137","109834","124971"
"2010-03-31 06:26","RecoveryTest.java","13777","97962","111739"
"2010-08-18 08:24","RecoveryTest.java","14299","117951","132250"
"2019-02-06 09:46","ZooKeeper.java","210694","233742","444436"
"2019-01-16 14:21","ZooKeeper.java","210693","232018","442711"
"2017-04-18 02:02","ZooKeeper.java","12694","27343","40037"
"2019-11-08 17:30","ZooKeeper.java","210831","261790","472621"
"2019-02-07 11:26","ZooKeeper.java","210694","234371","445065"
"2017-05-01 17:19","ZooKeeper.java","12710","27486","40196"
"2019-08-17 17:13","ZooKeeper.java","210802","256147","466949"
"2015-06-04 19:51","ZooKeeper.java","2378","10138","12516"
"2016-10-07 21:51","ZooKeeper.java","8579","21390","29969"
"2015-03-16 09:09","ZooKeeper.java","1282","5998","7280"
"2015-03-17 18:06","ZooKeeper.java","1394","6820","8214"
"2016-05-02 18:15","ZooKeeper.java","7206","17251","24457"
"2019-06-26 10:57","ZooKeeper.java","210802","243997","454799"
"2019-06-03 19:40","ZooKeeper.java","210802","241478","452280"
"2018-05-09 23:57","ZooKeeper.java","16860","37894","54754"
"2019-08-03 08:42","ZooKeeper.java","210802","256855","467657"
"2016-11-13 20:59","ZooKeeper.java","8776","23840","32616"
"2017-07-28 00:36","ZooKeeper.java","15475","29385","44860"
"2017-08-18 23:35","ZooKeeper.java","15573","29968","45541"
"2017-07-04 07:56","ZooKeeper.java","13942","28462","42404"
"2020-04-16 12:50","ZooKeeper.java","212247","271166","483413"
"2018-07-27 05:16","ZooKeeper.java","35831","58883","94714"
"2019-10-10 14:37","ZooKeeper.java","210802","259900","470702"
"2019-02-11 12:34","ZooKeeper.java","210694","234734","445428"
"2020-05-17 15:13","ZooKeeper.java","212258","271548","483806"
"2017-01-09 22:49","ZooKeeper.java","9614","26246","35860"
"2019-03-12 19:08","ZooKeeper.java","210712","236180","446892"
"2019-08-17 17:13","Shell.java","232674","254163","486837"
"2017-11-15 22:33","CommitProcessor.java","36341","120228","156569"
"2019-08-17 17:13","CommitProcessor.java","154525","257179","411704"
"2012-12-08 00:38","CommitProcessor.java","28222","71229","99451"
"2019-07-30 02:31","CommitProcessor.java","154525","255100","409625"
"2016-05-15 23:31","CommitProcessor.java","33973","113340","147313"
"2019-08-03 08:42","CommitProcessor.java","154525","257887","412412"
"2019-04-09 15:35","CommitProcessor.java","154486","237997","392483"
"2019-04-25 02:11","CommitProcessor.java","154525","240899","395424"
"2019-01-07 14:24","CommitProcessor.java","154473","231957","386430"
"2011-04-12 09:14","CommitProcessor.java","21643","45770","67413"
"2011-10-28 18:37","CommitProcessor.java","25387","58555","83942"
"2015-03-08 23:07","CommitProcessor.java","31986","105302","137288"
"2010-08-18 08:24","CommitProcessor.java","16444","49526","65970"
"2014-07-15 23:54","CommitProcessor.java","31655","97094","128749"
"2014-03-23 04:12","CommitProcessor.java","29876","88886","118762"
"2020-03-25 03:38","CommitProcessor.java","155472","270911","426383"
"2019-10-10 14:37","CommitProcessor.java","154525","260932","415457"
"2019-11-11 13:55","CommitProcessor.java","154525","262887","417412"
"2019-12-27 22:33","CommitProcessor.java","155472","266804","422276"
"2019-10-10 14:37","AsyncHammerTest.java","224681","259003","483684"
"2019-08-17 17:13","AsyncHammerTest.java","224681","255250","479931"
"2019-08-17 17:13","FourLetterWordMain.java","218807","255967","474774"
"2019-01-31 15:50","FourLetterWordMain.java","218696","233523","452219"
"2017-07-28 00:36","FourLetterWordMain.java","12707","18432","31139"
"2015-11-21 22:18","FourLetterWordMain.java","488","2084","2572"
"2018-12-15 07:34","FourLetterWordMain.java","218694","228427","447121"
"2019-08-17 17:13","CreateCommand.java","230611","254922","485533"
"2019-08-17 17:13","VerifyingFileFactoryTest.java","218914","255966","474880"
"2019-08-17 17:13","AvgMinMaxPercentileCounterSetTest.java","30178","52485","82663"
"2019-01-22 06:43","WriteLock.java","178340","232933","411273"
"2019-08-03 08:42","WriteLock.java","178405","257640","436045"
"2019-10-10 14:37","WriteLock.java","178405","260685","439090"
"2019-08-27 09:23","WriteLock.java","178405","257525","435930"
"2019-08-05 15:29","ExportJvmInfoTest.java","6627","19464","26091"
"2016-12-22 23:23","WatchCommand.java","6524","14721","21245"
"2019-08-17 17:13","WatchCommand.java","218737","255967","474704"
"2019-08-17 17:13","IPAuthenticationProvider.java","202858","256155","459013"
"2019-10-10 14:37","ZooKeeperSaslClient.java","194022","260122","454144"
"2016-03-02 07:46","ZooKeeperSaslClient.java","13467","40766","54233"
"2016-03-05 01:03","ZooKeeperSaslClient.java","14626","40818","55444"
"2015-12-05 22:32","ZooKeeperSaslClient.java","13278","40079","53357"
"2020-02-04 10:39","ZooKeeperSaslClient.java","195368","268199","463567"
"2019-01-31 15:50","ZooKeeperSaslClient.java","193924","233938","427862"
"2019-08-03 08:42","ZooKeeperSaslClient.java","194022","257077","451099"
"2014-12-20 15:29","ZooKeeperSaslClient.java","10997","31997","42994"
"2017-11-28 00:10","ZooKeeperSaslClient.java","23766","59098","82864"
"2013-10-11 21:18","ZooKeeperSaslClient.java","495","3608","4103"
"2016-05-02 18:15","ZooKeeperSaslClient.java","16464","43511","59975"
"2019-08-17 17:13","ZooKeeperSaslClient.java","194022","256369","450391"
"2017-09-11 18:55","LocalSessionsOnlyTest.java","23096","51672","74768"
"2019-08-17 17:13","LocalSessionsOnlyTest.java","196919","256367","453286"
"2019-10-10 14:37","LocalSessionsOnlyTest.java","196919","260120","457039"
"2018-11-22 17:56","NioNettySuiteBase.java","187347","225616","412963"
"2019-08-17 17:13","NioNettySuiteBase.java","187413","256985","444398"
"2015-05-14 18:40","NioNettySuiteBase.java","34349","78188","112537"
"2019-01-07 14:24","EphemeralType.java","230749","229613","460362"
"2019-08-17 17:13","EphemeralType.java","230888","254922","485810"
"2019-06-03 19:40","EphemeralType.java","230887","240252","471139"
"2019-08-17 17:13","ReadOnlyModeTest.java","180473","256905","437378"
"2015-02-06 06:17","ReadOnlyModeTest.java","20855","68841","89696"
"2017-04-18 01:37","ReadOnlyModeTest.java","26834","85263","112097"
"2017-06-08 17:51","ReadOnlyModeTest.java","27683","85480","113163"
"2013-10-09 22:21","ReadOnlyModeTest.java","13400","43079","56479"
"2011-11-01 08:15","ReadOnlyModeTest.java","6728","14733","21461"
"2013-09-18 01:14","ReadOnlyModeTest.java","13034","39426","52460"
"2011-07-29 10:14","ReadOnlyModeTest.java","936","7765","8701"
"2019-11-29 14:49","ReconfigMisconfigTest.java","9773","16330","26103"
"2019-10-10 14:37","PortForwarder.java","38466","69561","108027"
"2019-08-17 17:13","PortForwarder.java","36481","63823","100304"
"2019-06-03 19:40","PortForwarder.java","9130","21803","30933"
"2016-06-23 23:45","NettyServerCnxnFactory.java","6822","13839","20661"
"2020-02-26 22:41","NettyServerCnxnFactory.java","216205","268206","484411"
"2019-10-10 14:37","NettyServerCnxnFactory.java","214757","259857","474614"
"2019-09-10 18:50","NettyServerCnxnFactory.java","214757","257221","471978"
"2019-11-14 03:54","NettyServerCnxnFactory.java","214786","264142","478928"
"2019-02-12 15:25","NettyServerCnxnFactory.java","214649","234821","449470"
"2018-10-16 16:22","NettyServerCnxnFactory.java","193818","233562","427380"
"2019-02-15 15:36","NettyServerCnxnFactory.java","214666","235253","449919"
"2019-04-12 19:01","NettyServerCnxnFactory.java","214741","237895","452636"
"2018-11-22 17:56","NettyServerCnxnFactory.java","214646","224690","439336"
"2018-09-22 06:48","NettyServerCnxnFactory.java","112587","135984","248571"
"2018-12-15 07:34","NettyServerCnxnFactory.java","214646","228566","443212"
"2019-02-13 13:12","NettyServerCnxnFactory.java","214668","234961","449629"
"2019-08-17 17:13","NettyServerCnxnFactory.java","214757","256104","470861"
"2015-03-17 18:06","NettyServerCnxnFactory.java","381","1809","2190"
"2015-03-28 20:08","NettyServerCnxnFactory.java","416","2833","3249"
"2019-11-23 17:08","NettyServerCnxnFactory.java","216203","262251","478454"
"2019-07-03 00:44","NettyServerCnxnFactory.java","214757","244117","458874"
"2019-06-05 00:29","NettyServerCnxnFactory.java","214757","241771","456528"
"2019-07-23 15:55","NettyServerCnxnFactory.java","214757","252112","466869"
"2019-06-24 11:05","NettyServerCnxnFactory.java","214757","243437","458194"
"2019-08-03 08:42","NettyServerCnxnFactory.java","214757","256812","471569"
"2020-05-14 18:18","QuorumPeerConfig.java","5921","9146","15067"
"2014-05-09 23:37","LearnerTest.java","14010","40604","54614"
"2020-02-16 10:25","LearnerTest.java","178752","268598","447350"
"2020-01-28 17:26","LearnerTest.java","178752","268356","447108"
"2015-03-15 08:54","LearnerTest.java","15448","53799","69247"
"2015-12-06 21:30","LearnerTest.java","17213","60918","78131"
"2019-08-17 17:13","LearnerTest.java","177444","256650","434094"
"2019-07-12 17:01","LearnerTest.java","177444","251963","429407"
"2019-02-13 13:12","LearnerTest.java","177386","235538","412924"
"2019-11-29 14:49","LearnerTest.java","178752","264515","443267"
"2019-08-17 17:13","ZooKeeperTest.java","29432","43295","72727"
"2019-08-17 17:13","WatcherCleanerTest.java","30069","50361","80430"
"2019-04-12 19:01","WatcherCleanerTest.java","752","2851","3603"
"2020-04-30 18:53","RequestThrottler.java","12636","23302","35938"
"2020-03-25 03:38","RequestThrottler.java","11920","21686","33606"
"2019-11-28 12:24","RequestThrottler.java","9049","10936","19985"
"2020-03-26 22:20","InstanceContainer.java","101191","271185","372376"
"2011-10-25 08:09","InstanceContainer.java","20906","105170","126076"
"2011-04-12 09:14","InstanceContainer.java","18214","96641","114855"
"2009-02-02 23:26","InstanceContainer.java","1380","2137","3517"
"2019-08-17 17:13","InstanceContainer.java","100735","257689","358424"
"2017-09-11 18:55","InstanceContainer.java","27354","162057","189411"
"2018-08-06 14:11","InstanceContainer.java","34070","178156","212226"
"2010-01-26 01:17","SessionTrackerImpl.java","8395","77284","85679"
"2009-11-07 01:48","SessionTrackerImpl.java","7406","64375","71781"
"2019-10-10 14:37","SessionTrackerImpl.java","90121","261459","351580"
"2019-09-20 10:02","SessionTrackerImpl.java","90121","260626","350747"
"2011-04-12 09:14","SessionTrackerImpl.java","10870","99928","110798"
"2011-11-14 20:18","SessionTrackerImpl.java","13678","109161","122839"
"2010-08-18 08:24","SessionTrackerImpl.java","9957","107970","117927"
"2013-10-09 22:21","SessionTrackerImpl.java","15279","131663","146942"
"2020-03-26 22:16","SessionTrackerImpl.java","90577","270954","361531"
"2015-03-08 23:07","SessionTrackerImpl.java","17087","151952","169039"
"2014-07-25 00:58","SessionTrackerImpl.java","16949","147536","164485"
"2014-07-23 20:17","SessionTrackerImpl.java","16949","147530","164479"
"2012-09-17 09:53","SessionTrackerImpl.java","14234","115891","130125"
"2015-02-06 06:17","SessionTrackerImpl.java","17071","151762","168833"
"2014-07-18 02:19","SessionTrackerImpl.java","16931","146871","163802"
"2018-09-18 01:00","SessionTrackerImpl.java","52880","210693","263573"
"2009-06-15 22:52","SessionTrackerImpl.java","4422","47429","51851"
"2009-05-20 20:48","SessionTrackerImpl.java","4022","43846","47868"
"2009-06-26 22:29","SessionTrackerImpl.java","5276","56917","62193"
"2019-09-05 23:12","SessionTrackerImpl.java","90121","258625","348746"
"2019-08-17 17:13","SessionTrackerImpl.java","90121","257706","347827"
"2018-08-08 06:21","SessionTrackerImpl.java","35418","190125","225543"
"2018-05-09 23:57","SessionTrackerImpl.java","20090","171611","191701"
"2019-04-22 19:15","SessionTrackerImpl.java","90122","240489","330611"
"2012-12-19 19:07","SessionTrackerImpl.java","14771","120523","135294"
"2019-10-10 14:37","RequestPathMetricsCollector.java","27729","31301","59030"
"2019-11-08 17:30","RequestPathMetricsCollector.java","27903","33336","61239"
"2019-08-17 17:13","RequestPathMetricsCollector.java","25044","24863","49907"
"2018-10-05 14:25","QuorumPeerMainTest.java","117789","123793","241582"
"2020-01-23 13:43","QuorumPeerMainTest.java","160705","191221","351926"
"2019-10-10 14:37","QuorumPeerMainTest.java","158473","182815","341288"
"2019-12-28 16:17","QuorumPeerMainTest.java","160637","189811","350448"
"2019-07-25 21:41","QuorumPeerMainTest.java","157442","174514","331956"
"2019-08-17 17:13","QuorumPeerMainTest.java","157476","178065","335541"
"2019-07-02 07:34","QuorumPeerMainTest.java","157439","165971","323410"
"2019-05-20 17:18","QuorumPeerMainTest.java","157412","162792","320204"
"2018-10-16 16:22","QuorumPeerMainTest.java","117795","136781","254576"
"2018-09-11 15:23","QuorumPeerMainTest.java","5729","7044","12773"
"2019-08-17 17:13","ReadOnlyBean.java","179726","256910","436636"
"2008-12-13 01:27","ZooKeeper.java","3115","9294","12409"
"2009-06-25 00:59","ZooKeeper.java","10453","67042","77495"
"2019-02-06 09:46","ZooKeeper.java","84455","235382","319837"
"2019-01-16 14:21","ZooKeeper.java","84455","233659","318114"
"2017-04-18 02:02","ZooKeeper.java","22002","170839","192841"
"2019-11-08 17:30","ZooKeeper.java","84482","263320","347802"
"2019-02-07 11:26","ZooKeeper.java","84455","236011","320466"
"2013-03-07 07:01","ZooKeeper.java","19026","133916","152942"
"2011-07-01 00:53","ZooKeeper.java","15624","114966","130590"
"2013-12-17 17:55","ZooKeeper.java","19168","140862","160030"
"2012-02-06 09:56","ZooKeeper.java","17873","118603","136476"
"2012-03-17 01:31","ZooKeeper.java","18002","120237","138239"
"2012-11-17 15:03","ZooKeeper.java","18285","125639","143924"
"2017-05-01 17:19","ZooKeeper.java","22005","170969","192974"
"2010-11-10 23:36","ZooKeeper.java","14595","149290","163885"
"2014-01-24 07:18","ZooKeeper.java","19179","142802","161981"
"2019-08-17 17:13","ZooKeeper.java","84482","257706","342188"
"2009-05-20 20:48","ZooKeeper.java","9482","54945","64427"
"2015-06-04 19:51","ZooKeeper.java","20920","162868","183788"
"2016-10-07 21:51","ZooKeeper.java","21483","168482","189965"
"2015-03-16 09:09","ZooKeeper.java","20864","159768","180632"
"2015-03-17 18:06","ZooKeeper.java","20862","160476","181338"
"2016-05-02 18:15","ZooKeeper.java","21238","165471","186709"
"2019-06-26 10:57","ZooKeeper.java","84482","245556","330038"
"2019-06-03 19:40","ZooKeeper.java","84482","243037","327519"
"2018-05-09 23:57","ZooKeeper.java","22457","177679","200136"
"2009-04-09 23:02","ZooKeeper.java","8771","29292","38063"
"2009-03-27 06:25","ZooKeeper.java","8539","28353","36892"
"2019-08-03 08:42","ZooKeeper.java","84482","258414","342896"
"2016-11-13 20:59","ZooKeeper.java","21492","170744","192236"
"2013-02-03 15:52","ZooKeeper.java","18792","129619","148411"
"2012-09-28 18:32","ZooKeeper.java","18176","123562","141738"
"2017-07-28 00:36","ZooKeeper.java","22274","170372","192646"
"2017-08-18 23:35","ZooKeeper.java","22305","170888","193193"
"2017-07-04 07:56","ZooKeeper.java","22259","170967","193226"
"2008-12-22 23:23","ZooKeeper.java","3480","10002","13482"
"2009-01-28 01:21","ZooKeeper.java","7271","13103","20374"
"2009-12-11 20:38","ZooKeeper.java","12460","83049","95509"
"2009-11-12 21:02","ZooKeeper.java","12268","75479","87747"
"2010-01-26 03:22","ZooKeeper.java","13054","87721","100775"
"2010-01-05 18:32","ZooKeeper.java","12765","84018","96783"
"2009-11-07 01:48","ZooKeeper.java","12205","74813","87018"
"2009-10-31 00:09","ZooKeeper.java","12030","74233","86263"
"2020-04-16 12:50","ZooKeeper.java","84938","271736","356674"
"2018-07-27 05:16","ZooKeeper.java","28272","185512","213784"
"2019-10-10 14:37","ZooKeeper.java","84482","261459","345941"
"2014-04-01 04:03","ZooKeeper.java","19348","144451","163799"
"2010-02-08 23:36","ZooKeeper.java","13065","87393","100458"
"2009-08-07 20:00","ZooKeeper.java","10715","69399","80114"
"2012-12-19 19:16","ZooKeeper.java","18754","129088","147842"
"2019-02-11 12:34","ZooKeeper.java","84455","236374","320829"
"2014-07-08 20:18","ZooKeeper.java","20687","150677","171364"
"2010-11-30 21:16","ZooKeeper.java","14726","149788","164514"
"2020-05-17 15:13","ZooKeeper.java","84939","272108","357047"
"2017-01-09 22:49","ZooKeeper.java","21666","172486","194152"
"2011-05-20 01:17","ZooKeeper.java","15160","110676","125836"
"2019-03-12 19:08","ZooKeeper.java","84461","237808","322269"
"2011-09-06 00:58","ZooKeeper.java","13568","115294","128862"
"2009-01-31 00:01","ZooKeeper.java","7501","22143","29644"
"2014-07-22 06:51","ZooKeeper.java","20749","154937","175686"
"2008-12-02 01:13","ZooKeeper.java","2163","7511","9674"
"2014-04-29 02:23","ZooKeeper.java","20533","147421","167954"
"2009-06-25 00:59","ClientBase.java","12240","81669","93909"
"2008-11-19 11:20","ClientBase.java","5858","23810","29668"
"2012-08-28 21:51","ClientBase.java","18044","132931","150975"
"2017-06-08 17:51","ClientBase.java","21389","179581","200970"
"2012-07-17 23:19","ClientBase.java","18044","131857","149901"
"2017-04-18 01:37","ClientBase.java","21168","179992","201160"
"2008-10-21 06:26","ClientBase.java","4885","17315","22200"
"2010-03-16 22:23","ClientBase.java","14501","111304","125805"
"2018-09-07 02:49","ClientBase.java","49352","218614","267966"
"2019-07-31 19:06","ClientBase.java","71646","257017","328663"
"2012-02-06 09:47","ClientBase.java","17822","128514","146336"
"2015-02-06 06:17","ClientBase.java","20521","168902","189423"
"2017-09-11 18:55","ClientBase.java","21440","180090","201530"
"2009-07-17 00:09","ClientBase.java","12352","83000","95352"
"2009-06-30 03:32","ClientBase.java","12275","82487","94762"
"2019-08-17 17:13","ClientBase.java","71646","257710","329356"
"2009-06-18 18:37","ClientBase.java","12005","74562","86567"
"2015-03-28 20:08","ClientBase.java","20540","171132","191672"
"2019-06-07 14:13","ClientBase.java","71646","243814","315460"
"2018-04-24 00:20","ClientBase.java","21430","185856","207286"
"2018-08-08 06:21","ClientBase.java","33215","201612","234827"
"2018-05-09 23:57","ClientBase.java","21460","186671","208131"
"2009-06-09 07:04","ClientBase.java","11868","72180","84048"
"2019-06-24 11:05","ClientBase.java","71646","245043","316689"
"2012-12-11 08:42","ClientBase.java","18239","136459","154698"
"2017-01-13 19:29","ClientBase.java","21044","182034","203078"
"2010-01-25 04:28","ClientBase.java","14339","101298","115637"
"2010-03-09 05:44","ClientBase.java","14429","110466","124895"
"2016-06-23 23:25","ClientBase.java","20657","175741","196398"
"2014-01-03 01:40","ClientBase.java","19000","150917","169917"
"2014-01-25 01:17","ClientBase.java","18998","152721","171719"
"2009-11-20 23:28","ClientBase.java","13877","97222","111099"
"2009-11-25 20:06","ClientBase.java","13881","97259","111140"
"2009-11-12 20:53","ClientBase.java","13809","89844","103653"
"2009-08-25 07:45","ClientBase.java","12423","84980","97403"
"2009-09-16 02:09","ClientBase.java","12762","85825","98587"
"2019-11-14 16:44","ClientBase.java","71646","265737","337383"
"2019-10-10 14:37","ClientBase.java","71646","261463","333109"
"2012-03-15 17:47","ClientBase.java","17893","129828","147721"
"2010-09-15 07:51","ClientBase.java","15427","160089","175516"
"2012-01-14 00:28","ClientBase.java","17807","127983","145790"
"2011-04-12 09:14","ClientBase.java","16116","123653","139769"
"2011-11-05 07:29","ClientBase.java","17747","126503","144250"
"2016-08-24 01:36","ClientBase.java","20823","176478","197301"
"2011-09-17 02:13","ClientBase.java","17574","127348","144922"
"2010-07-05 20:20","ClientBase.java","15056","122928","137984"
"2010-03-31 06:26","ClientBase.java","14997","112022","127019"
"2010-08-18 08:24","ClientBase.java","15427","131919","147346"
"2008-10-22 01:49","ClientBase.java","4971","17811","22782"
"2009-05-14 22:15","ClientBase.java","11585","69727","81312"
"2015-03-08 23:07","ClientBase.java","20530","169085","189615"
"2019-08-17 17:13","FileTxnLogTest.java","229913","254922","484835"
"2019-10-10 14:37","FileTxnLogTest.java","229914","258676","488590"
"2019-09-18 11:20","FileTxnLogTest.java","229914","257835","487749"
"2018-11-12 22:36","FileTxnLogTest.java","229770","222871","452641"
"2018-06-08 16:52","FileTxnLogTest.java","346","1793","2139"
"2008-12-13 01:27","ZooKeeper.java","4588","47384","51972"
"2009-06-25 00:59","ZooKeeper.java","9729","102935","112664"
"2019-02-06 09:46","ZooKeeper.java","48032","235576","283608"
"2019-01-16 14:21","ZooKeeper.java","48032","233853","281885"
"2017-04-18 02:02","ZooKeeper.java","18685","198081","216766"
"2019-11-08 17:30","ZooKeeper.java","48047","263502","311549"
"2008-09-04 19:02","ZooKeeper.java","1580","11713","13293"
"2019-02-07 11:26","ZooKeeper.java","48032","236205","284237"
"2013-03-07 07:01","ZooKeeper.java","16725","162174","178899"
"2008-08-16 00:02","ZooKeeper.java","1392","11070","12462"
"2011-07-01 00:53","ZooKeeper.java","13080","149039","162119"
"2013-12-17 17:55","ZooKeeper.java","16822","169075","185897"
"2012-02-06 09:56","ZooKeeper.java","15818","147107","162925"
"2012-03-17 01:31","ZooKeeper.java","15863","148657","164520"
"2012-11-17 15:03","ZooKeeper.java","16026","153939","169965"
"2017-05-01 17:19","ZooKeeper.java","18685","198208","216893"
"2010-11-10 23:36","ZooKeeper.java","12417","183729","196146"
"2014-01-24 07:18","ZooKeeper.java","16815","170997","187812"
"2019-08-17 17:13","ZooKeeper.java","48047","257888","305935"
"2009-05-20 20:48","ZooKeeper.java","9182","91262","100444"
"2015-06-04 19:51","ZooKeeper.java","18372","190879","209251"
"2016-10-07 21:51","ZooKeeper.java","18494","196052","214546"
"2015-03-16 09:09","ZooKeeper.java","18338","187801","206139"
"2015-03-17 18:06","ZooKeeper.java","18341","188514","206855"
"2016-05-02 18:15","ZooKeeper.java","18427","193219","211646"
"2019-06-26 10:57","ZooKeeper.java","48047","245738","293785"
"2019-06-03 19:40","ZooKeeper.java","48047","243219","291266"
"2018-05-09 23:57","ZooKeeper.java","18808","204589","223397"
"2009-04-09 23:02","ZooKeeper.java","8872","66010","74882"
"2009-03-27 06:25","ZooKeeper.java","8750","65181","73931"
"2019-08-03 08:42","ZooKeeper.java","48047","258596","306643"
"2016-11-13 20:59","ZooKeeper.java","18496","198307","216803"
"2013-02-03 15:52","ZooKeeper.java","16514","157900","174414"
"2012-09-28 18:32","ZooKeeper.java","15917","151862","167779"
"2017-07-28 00:36","ZooKeeper.java","18799","197456","216255"
"2017-08-18 23:35","ZooKeeper.java","18800","197942","216742"
"2017-07-04 07:56","ZooKeeper.java","18796","198063","216859"
"2008-12-22 23:23","ZooKeeper.java","4890","48029","52919"
"2009-01-28 01:21","ZooKeeper.java","8016","50465","58481"
"2009-12-11 20:38","ZooKeeper.java","10991","118197","129188"
"2009-11-12 21:02","ZooKeeper.java","10886","110714","121600"
"2010-01-26 03:22","ZooKeeper.java","11418","122702","134120"
"2010-01-05 18:32","ZooKeeper.java","11168","119038","130206"
"2009-11-07 01:48","ZooKeeper.java","10870","110095","120965"
"2009-10-31 00:09","ZooKeeper.java","10730","109550","120280"
"2020-04-16 12:50","ZooKeeper.java","48322","271737","320059"
"2018-07-27 05:16","ZooKeeper.java","19512","207311","226823"
"2019-10-10 14:37","ZooKeeper.java","48047","261641","309688"
"2014-04-01 04:03","ZooKeeper.java","16962","172624","189586"
"2010-02-08 23:36","ZooKeeper.java","11429","122374","133803"
"2009-08-07 20:00","ZooKeeper.java","9801","105102","114903"
"2012-12-19 19:16","ZooKeeper.java","16507","157400","173907"
"2019-02-11 12:34","ZooKeeper.java","48032","236568","284600"
"2014-07-08 20:18","ZooKeeper.java","18254","178803","197057"
"2010-11-30 21:16","ZooKeeper.java","12527","184206","196733"
"2020-05-17 15:13","ZooKeeper.java","48323","272109","320432"
"2017-01-09 22:49","ZooKeeper.java","18656","200035","218691"
"2011-05-20 01:17","ZooKeeper.java","12740","144873","157613"
"2019-03-12 19:08","ZooKeeper.java","48032","237996","286028"
"2011-09-06 00:58","ZooKeeper.java","13127","145412","158539"
"2009-01-31 00:01","ZooKeeper.java","8031","59290","67321"
"2008-09-26 20:09","ZooKeeper.java","2097","25874","27971"
"2014-07-22 06:51","ZooKeeper.java","18259","183006","201265"
"2008-10-22 01:49","ZooKeeper.java","3605","40222","43827"
"2008-12-02 01:13","ZooKeeper.java","4447","46412","50859"
"2008-08-15 19:15","ZooKeeper.java","498","10026","10524"
"2014-04-29 02:23","ZooKeeper.java","18148","175595","193743"
"2018-12-20 15:13","QuorumPeer.java","223711","228701","452412"
"2019-05-16 16:25","QuorumPeer.java","223811","240030","463841"
"2018-10-16 16:22","QuorumPeer.java","201811","231628","433439"
"2019-06-14 09:06","QuorumPeer.java","223829","243247","467076"
"2018-12-07 12:41","QuorumPeer.java","223710","225714","449424"
"2019-03-11 19:47","QuorumPeer.java","223734","235152","458886"
"2019-02-13 13:12","QuorumPeer.java","223733","234099","457832"
"2019-04-12 19:01","QuorumPeer.java","223811","237038","460849"
"2018-12-09 03:16","QuorumPeer.java","223710","227788","451498"
"2018-09-11 15:23","QuorumPeer.java","102947","115093","218040"
"2019-11-29 14:49","QuorumPeer.java","225455","263432","488887"
"2018-12-15 07:34","QuorumPeer.java","223710","227703","451413"
"2018-11-27 10:02","QuorumPeer.java","223710","225464","449174"
"2018-09-18 01:00","QuorumPeer.java","103080","116481","219561"
"2019-06-03 19:40","QuorumPeer.java","223829","240580","464409"
"2019-07-15 14:15","QuorumPeer.java","223830","250669","474499"
"2019-07-03 00:44","QuorumPeer.java","223829","243262","467091"
"2019-08-17 17:13","QuorumPeer.java","223830","255250","479080"
"2017-11-28 00:10","QuorumPeer.java","2747","7152","9899"
"2018-01-30 08:02","QuorumPeer.java","3238","7796","11034"
"2019-05-15 11:56","QuorumPeer.java","223811","239985","463796"
"2019-06-05 00:33","QuorumPeer.java","223829","240970","464799"
"2019-05-20 23:13","QuorumPeer.java","223812","240104","463916"
"2019-06-04 10:55","QuorumPeer.java","223829","240733","464562"
"2019-07-12 17:01","QuorumPeer.java","223830","250563","474393"
"2020-01-09 11:27","QuorumPeer.java","225457","264980","490437"
"2017-07-06 18:48","QuorumPeer.java","362","1229","1591"
"2018-10-01 06:11","QuorumPeer.java","103764","119744","223508"
"2018-07-04 17:11","QuorumPeer.java","14208","22327","36535"
"2019-12-17 13:48","QuorumPeer.java","225455","264004","489459"
"2020-01-23 13:43","QuorumPeer.java","225457","266804","492261"
"2018-12-06 10:56","QuorumPeer.java","223710","225658","449368"
"2019-10-10 14:37","QuorumPeer.java","223830","259003","482833"
"2017-07-27 23:09","QuorumPeer.java","1883","1764","3647"
"2018-06-26 11:18","QuorumPeer.java","3937","12038","15975"
"2018-07-27 12:32","QuorumPeer.java","24781","34100","58881"
"2019-04-18 19:17","QuorumPeer.java","223811","237748","461559"
"2020-02-16 10:25","QuorumPeer.java","225457","267517","492974"
"2018-10-05 14:25","QuorumPeerMainTest.java","199567","206577","406144"
"2020-01-23 13:43","QuorumPeerMainTest.java","234508","266030","500538"
"2019-10-10 14:37","QuorumPeerMainTest.java","232569","257917","490486"
"2019-12-28 16:17","QuorumPeerMainTest.java","234507","264687","499194"
"2019-07-25 21:41","QuorumPeerMainTest.java","232568","250646","483214"
"2019-08-17 17:13","QuorumPeerMainTest.java","232568","254163","486731"
"2019-07-02 07:34","QuorumPeerMainTest.java","232567","242105","474672"
"2019-05-20 17:18","QuorumPeerMainTest.java","232550","238936","471486"
"2018-10-16 16:22","QuorumPeerMainTest.java","199573","219565","419138"
"2018-08-29 06:26","QuorumPeerMainTest.java","82966","83972","166938"
"2018-09-11 15:23","QuorumPeerMainTest.java","88694","91015","179709"
"2019-08-17 17:13","Leader.java","197706","256360","454066"
"2019-06-29 00:33","Leader.java","197706","244347","442053"
"2019-06-03 19:40","Leader.java","197706","241691","439397"
"2014-05-20 23:42","Leader.java","8173","14671","22844"
"2019-07-15 14:15","Leader.java","197706","251779","449485"
"2015-03-17 18:06","Leader.java","10878","29613","40491"
"2019-07-25 21:41","Leader.java","197706","252843","450549"
"2018-05-10 06:00","Leader.java","24477","59105","83582"
"2018-07-12 01:33","Leader.java","32629","68190","100819"
"2018-02-07 01:05","Leader.java","24175","56669","80844"
"2017-11-28 00:10","Leader.java","23743","55382","79125"
"2019-06-05 00:33","Leader.java","197706","242081","439787"
"2015-04-10 22:22","Leader.java","10920","30723","41643"
"2019-08-03 08:42","Leader.java","197706","257068","454774"
"2019-06-05 23:57","Leader.java","197706","242350","440056"
"2017-01-13 19:29","Leader.java","18262","48384","66646"
"2019-01-07 14:55","Leader.java","197607","231152","428759"
"2019-04-12 19:01","Leader.java","197690","238151","435841"
"2018-12-09 03:16","Leader.java","197606","228918","426524"
"2018-08-17 14:40","Leader.java","85601","123458","209059"
"2019-11-29 14:49","Leader.java","199055","264266","463321"
"2018-11-27 10:02","Leader.java","197606","226594","424200"
"2015-02-06 06:17","Leader.java","10657","28170","38827"
"2017-02-15 23:04","Leader.java","20825","47991","68816"
"2014-07-18 02:19","Leader.java","9503","22265","31768"
"2018-08-29 06:26","Leader.java","106926","144991","251917"
"2018-08-03 18:52","Leader.java","43050","80109","123159"
"2017-09-11 18:55","Leader.java","23322","51104","74426"
"2018-09-18 01:00","Leader.java","112169","152804","264973"
"2016-12-20 14:47","Leader.java","18239","47519","65758"
"2014-07-20 04:50","Leader.java","9762","23045","32807"
"2014-06-10 00:19","Leader.java","8193","15625","23818"
"2016-06-23 23:25","Leader.java","16414","40630","57044"
"2016-06-23 23:45","Leader.java","16445","40769","57214"
"2020-03-25 03:38","Leader.java","199055","270494","469549"
"2014-03-23 04:12","Leader.java","618","3999","4617"
"2019-12-27 22:33","Leader.java","199055","266387","465442"
"2016-08-13 15:01","Leader.java","16919","41938","58857"
"2019-10-10 14:37","Leader.java","197706","260113","457819"
"2019-08-17 17:13","ProposalRequestProcessor.java","175294","256659","431953"
"2012-03-15 17:47","ProposalRequestProcessor.java","2324","6102","8426"
"2019-08-17 17:13","ZooKeeperThread.java","201018","256291","457309"
"2017-02-14 09:23","ZooKeeperThread.java","20685","44469","65154"
"2019-10-10 14:37","LearnerHandler.java","31872","52843","84715"
"2019-07-03 20:54","LearnerHandler.java","4457","9669","14126"
"2019-06-29 00:33","LearnerHandler.java","4270","9475","13745"
"2019-07-25 21:41","LearnerHandler.java","6351","20052","26403"
"2019-08-23 19:43","LearnerHandler.java","29759","47643","77402"
"2019-08-17 17:13","LearnerHandler.java","29757","46975","76732"
"2019-05-06 17:48","LearnerHandler.java","335","1866","2201"
"2019-08-03 08:42","LearnerHandler.java","7585","25511","33096"
"2019-08-17 17:13","SerializationPerfTest.java","144483","257484","401967"
"2011-04-12 09:14","SerializationPerfTest.java","22489","56963","79452"
"2010-03-31 06:26","SerializationPerfTest.java","14071","38033","52104"
"2011-06-23 18:01","SerializationPerfTest.java","22889","59458","82347"
"2019-10-10 14:37","SerializationPerfTest.java","144483","261237","405720"
"2019-06-07 14:13","SessionTest.java","144483","243588","388071"
"2019-08-17 17:13","SessionTest.java","144483","257484","401967"
"2017-09-11 18:55","SessionTest.java","36110","129568","165678"
"2010-11-04 17:01","SessionTest.java","17671","91182","108853"
"2018-09-22 06:48","SessionTest.java","88809","195189","283998"
"2011-10-25 08:09","SessionTest.java","25884","68903","94787"
"2010-08-17 09:24","SessionTest.java","16967","57036","74003"
"2011-04-12 09:14","SessionTest.java","22489","56963","79452"
"2010-03-31 06:26","SessionTest.java","14071","38033","52104"
"2010-08-18 08:24","SessionTest.java","17497","60926","78423"
"2010-10-21 02:44","SessionTest.java","17665","91070","108735"
"2010-08-05 09:09","SessionTest.java","16674","54967","71641"
"2013-12-21 22:05","SessionTest.java","29820","96405","126225"
"2010-03-12 19:26","SessionTest.java","12463","36167","48630"
"2019-10-10 14:37","SessionTest.java","144483","261237","405720"
"2015-07-07 07:11","SessionTest.java","32331","119609","151940"
"2019-12-28 16:17","SessionTest.java","145129","266715","411844"
"2010-01-26 03:22","SessionTest.java","4861","19305","24166"
"2019-12-27 22:33","FileTxnLog.java","229995","265525","495520"
"2019-10-10 14:37","FileTxnLog.java","228225","258830","487055"
"2018-11-12 22:36","FileTxnLog.java","228081","223025","451106"
"2018-08-01 21:19","FileTxnLog.java","21988","26936","48924"
"2018-04-27 20:28","FileTxnLog.java","482","2325","2807"
"2018-06-08 16:52","FileTxnLog.java","802","4092","4894"
"2020-01-28 17:26","FileTxnLog.java","229996","267246","497242"
"2019-05-14 17:11","FileTxnLog.java","228204","239723","467927"
"2019-01-07 14:24","FileTxnLog.java","228084","229766","457850"
"2019-04-12 19:01","FileTxnLog.java","228187","236846","465033"
"2018-09-06 01:11","FileTxnLog.java","100780","107359","208139"
"2018-09-18 01:00","FileTxnLog.java","100929","109762","210691"
"2019-08-17 17:13","FileTxnLog.java","228224","255076","483300"
"2019-06-03 19:40","FileTxnLog.java","228223","240406","468629"
"2018-04-24 00:20","FileTxnLog.java","278","2034","2312"
"2018-02-14 21:23","FileTxnLog.java","129","1001","1130"
"2019-08-03 08:42","FileTxnLog.java","228224","255784","484008"
"2019-04-09 15:35","FileTxnLog.java","228114","235823","463937"
"2008-12-13 01:27","ZooKeeper.java","1578","2409","3987"
"2009-06-25 00:59","ZooKeeper.java","9358","60599","69957"
"2019-02-06 09:46","ZooKeeper.java","89803","235382","325185"
"2019-01-16 14:21","ZooKeeper.java","89803","233659","323462"
"2017-04-18 02:02","ZooKeeper.java","22682","167873","190555"
"2019-11-08 17:30","ZooKeeper.java","89830","263320","353150"
"2019-02-07 11:26","ZooKeeper.java","89803","236011","325814"
"2013-03-07 07:01","ZooKeeper.java","18453","129697","148150"
"2011-07-01 00:53","ZooKeeper.java","14774","108768","123542"
"2013-12-17 17:55","ZooKeeper.java","18621","136669","155290"
"2012-02-06 09:56","ZooKeeper.java","17282","114366","131648"
"2012-03-17 01:31","ZooKeeper.java","17411","116000","133411"
"2012-11-17 15:03","ZooKeeper.java","17723","121431","139154"
"2017-05-01 17:19","ZooKeeper.java","22685","168003","190688"
"2010-11-10 23:36","ZooKeeper.java","13731","143078","156809"
"2014-01-24 07:18","ZooKeeper.java","18633","138610","157243"
"2019-08-17 17:13","ZooKeeper.java","89830","257706","347536"
"2009-05-20 20:48","ZooKeeper.java","8235","48350","56585"
"2015-06-04 19:51","ZooKeeper.java","20405","158707","179112"
"2016-10-07 21:51","ZooKeeper.java","22117","165470","187587"
"2015-03-16 09:09","ZooKeeper.java","20347","155605","175952"
"2015-03-17 18:06","ZooKeeper.java","20346","156314","176660"
"2016-05-02 18:15","ZooKeeper.java","21845","162432","184277"
"2019-06-26 10:57","ZooKeeper.java","89830","245556","335386"
"2019-06-03 19:40","ZooKeeper.java","89830","243037","332867"
"2018-05-09 23:57","ZooKeeper.java","23139","174715","197854"
"2009-04-09 23:02","ZooKeeper.java","7444","22617","30061"
"2009-03-27 06:25","ZooKeeper.java","7151","21617","28768"
"2019-08-03 08:42","ZooKeeper.java","89830","258414","348244"
"2016-11-13 20:59","ZooKeeper.java","22127","167733","189860"
"2013-02-03 15:52","ZooKeeper.java","18219","125400","143619"
"2012-09-28 18:32","ZooKeeper.java","17596","119336","136932"
"2017-07-28 00:36","ZooKeeper.java","22954","167406","190360"
"2017-08-18 23:35","ZooKeeper.java","22985","167922","190907"
"2017-07-04 07:56","ZooKeeper.java","22936","167998","190934"
"2008-12-22 23:23","ZooKeeper.java","1967","3141","5108"
"2009-01-28 01:21","ZooKeeper.java","5844","6328","12172"
"2009-12-11 20:38","ZooKeeper.java","11427","76668","88095"
"2009-11-12 21:02","ZooKeeper.java","11247","69110","80357"
"2010-01-26 03:22","ZooKeeper.java","12030","81349","93379"
"2010-01-05 18:32","ZooKeeper.java","11732","77637","89369"
"2009-11-07 01:48","ZooKeeper.java","11164","68424","79588"
"2009-10-31 00:09","ZooKeeper.java","10977","67832","78809"
"2020-04-16 12:50","ZooKeeper.java","90286","271736","362022"
"2018-07-27 05:16","ZooKeeper.java","29123","182717","211840"
"2019-10-10 14:37","ZooKeeper.java","89830","261459","351289"
"2014-04-01 04:03","ZooKeeper.java","18812","140269","159081"
"2010-02-08 23:36","ZooKeeper.java","12041","81021","93062"
"2009-08-07 20:00","ZooKeeper.java","9626","62962","72588"
"2012-12-19 19:16","ZooKeeper.java","18180","124868","143048"
"2019-02-11 12:34","ZooKeeper.java","89803","236374","326177"
"2014-07-08 20:18","ZooKeeper.java","20149","146493","166642"
"2010-11-30 21:16","ZooKeeper.java","13864","143578","157442"
"2020-05-17 15:13","ZooKeeper.java","90287","272108","362395"
"2017-01-09 22:49","ZooKeeper.java","22301","169475","191776"
"2011-05-20 01:17","ZooKeeper.java","14304","104472","118776"
"2019-03-12 19:08","ZooKeeper.java","89809","237808","327617"
"2011-09-06 00:58","ZooKeeper.java","12959","111039","123998"
"2009-01-31 00:01","ZooKeeper.java","6141","15435","21576"
"2014-07-22 06:51","ZooKeeper.java","20209","150751","170960"
"2014-04-29 02:23","ZooKeeper.java","19994","143236","163230"
"2019-10-10 14:37","FLEZeroWeightTest.java","28300","36740","65040"
"2019-08-17 17:13","FLEZeroWeightTest.java","25849","30536","56385"
"2019-10-10 14:37","Login.java","27642","30687","58329"
"2019-11-11 13:59","Login.java","27848","34550","62398"
"2019-08-17 17:13","Login.java","24898","24190","49088"
"2015-07-07 07:11","MultiOperationTest.java","13463","45117","58580"
"2019-09-18 11:20","MultiOperationTest.java","187701","259319","447020"
"2013-12-17 17:55","MultiOperationTest.java","2585","13452","16037"
"2015-11-21 22:18","MultiOperationTest.java","13739","46881","60620"
"2019-06-26 10:57","MultiOperationTest.java","187701","244257","431958"
"2019-08-17 17:13","MultiOperationTest.java","187701","256407","444108"
"2014-10-28 05:35","MultiOperationTest.java","11379","37005","48384"
"2019-08-17 17:13","FileTxnLogTest.java","231286","254848","486134"
"2019-10-10 14:37","FileTxnLogTest.java","231287","258602","489889"
"2019-09-18 11:20","FileTxnLogTest.java","231287","257761","489048"
"2018-11-12 22:36","FileTxnLogTest.java","231133","222787","453920"
"2015-10-18 19:00","QuorumPeer.java","5078","19391","24469"
"2018-12-20 15:13","QuorumPeer.java","205574","229615","435189"
"2019-05-16 16:25","QuorumPeer.java","205667","240937","446604"
"2018-10-16 16:22","QuorumPeer.java","186064","234932","420996"
"2019-06-14 09:06","QuorumPeer.java","205683","244152","449835"
"2018-12-07 12:41","QuorumPeer.java","205573","226628","432201"
"2019-03-11 19:47","QuorumPeer.java","205593","236062","441655"
"2014-07-18 02:19","QuorumPeer.java","1293","5872","7165"
"2019-02-13 13:12","QuorumPeer.java","205594","235011","440605"
"2019-04-12 19:01","QuorumPeer.java","205667","237945","443612"
"2018-12-09 03:16","QuorumPeer.java","205573","228702","434275"
"2018-09-11 15:23","QuorumPeer.java","111728","142925","254653"
"2019-11-29 14:49","QuorumPeer.java","207122","264150","471272"
"2018-12-15 07:34","QuorumPeer.java","205573","228617","434190"
"2018-11-27 10:02","QuorumPeer.java","205573","226378","431951"
"2018-09-18 01:00","QuorumPeer.java","111832","144284","256116"
"2019-06-03 19:40","QuorumPeer.java","205683","241485","447168"
"2019-07-15 14:15","QuorumPeer.java","205683","251573","457256"
"2015-03-17 18:06","QuorumPeer.java","2867","13419","16286"
"2019-07-03 00:44","QuorumPeer.java","205683","244167","449850"
"2019-08-17 17:13","QuorumPeer.java","205683","256154","461837"
"2015-06-27 02:03","QuorumPeer.java","3858","17099","20957"
"2017-11-28 00:10","QuorumPeer.java","16816","40272","57088"
"2018-01-30 08:02","QuorumPeer.java","17219","40828","58047"
"2019-05-15 11:56","QuorumPeer.java","205667","240892","446559"
"2019-06-05 00:33","QuorumPeer.java","205683","241875","447558"
"2019-05-20 23:13","QuorumPeer.java","205667","241010","446677"
"2019-06-04 10:55","QuorumPeer.java","205683","241638","447321"
"2019-07-12 17:01","QuorumPeer.java","205683","251467","457150"
"2020-01-09 11:27","QuorumPeer.java","207123","265697","472820"
"2017-02-09 11:40","QuorumPeer.java","11145","33377","44522"
"2017-07-06 18:48","QuorumPeer.java","15140","35058","50198"
"2018-10-01 06:11","QuorumPeer.java","112037","147068","259105"
"2015-04-09 20:16","QuorumPeer.java","2909","14524","17433"
"2018-07-04 17:11","QuorumPeer.java","25768","52938","78706"
"2019-12-17 13:48","QuorumPeer.java","207122","264722","471844"
"2015-12-07 05:59","QuorumPeer.java","5370","20441","25811"
"2020-01-23 13:43","QuorumPeer.java","207123","267521","474644"
"2016-06-23 23:45","QuorumPeer.java","8824","24965","33789"
"2016-06-23 23:25","QuorumPeer.java","8790","24823","33613"
"2014-07-18 20:48","QuorumPeer.java","1513","6551","8064"
"2014-07-04 04:19","QuorumPeer.java","90","512","602"
"2018-12-06 10:56","QuorumPeer.java","205573","226572","432145"
"2019-10-10 14:37","QuorumPeer.java","205683","259907","465590"
"2017-07-27 23:09","QuorumPeer.java","16141","35073","51214"
"2018-06-26 11:18","QuorumPeer.java","17725","44877","62602"
"2018-07-27 12:32","QuorumPeer.java","36269","64639","100908"
"2019-04-18 19:17","QuorumPeer.java","205667","238655","444322"
"2016-12-20 14:47","QuorumPeer.java","10870","31967","42837"
"2017-05-11 16:59","QuorumPeer.java","14808","33859","48667"
"2014-08-14 08:08","QuorumPeer.java","1990","7889","9879"
"2014-08-01 07:38","QuorumPeer.java","1886","7364","9250"
"2014-07-20 04:50","QuorumPeer.java","1553","6653","8206"
"2016-06-02 00:59","QuorumPeer.java","8733","24397","33130"
"2020-02-16 10:25","QuorumPeer.java","207123","268234","475357"
"2015-10-18 19:00","QuorumPeer.java","18794","183200","201994"
"2018-12-20 15:13","QuorumPeer.java","57522","231405","288927"
"2019-05-16 16:25","QuorumPeer.java","57537","242649","300186"
"2009-01-15 23:57","QuorumPeer.java","7947","40656","48603"
"2018-10-16 16:22","QuorumPeer.java","53889","252850","306739"
"2019-06-14 09:06","QuorumPeer.java","57537","245848","303385"
"2008-10-01 10:40","QuorumPeer.java","3217","18403","21620"
"2010-03-16 23:25","QuorumPeer.java","11788","122849","134637"
"2008-09-04 19:02","QuorumPeer.java","1155","1760","2915"
"2008-10-03 15:06","QuorumPeer.java","3335","18685","22020"
"2008-09-19 03:24","QuorumPeer.java","1416","3524","4940"
"2018-12-07 12:41","QuorumPeer.java","57522","228419","285941"
"2012-04-23 01:20","QuorumPeer.java","16292","140375","156667"
"2012-07-17 23:19","QuorumPeer.java","16305","141160","157465"
"2019-03-11 19:47","QuorumPeer.java","57522","237833","295355"
"2012-02-27 03:41","QuorumPeer.java","16152","138150","154302"
"2014-07-18 02:19","QuorumPeer.java","18662","173334","191996"
"2019-02-13 13:12","QuorumPeer.java","57522","236781","294303"
"2011-04-29 18:12","QuorumPeer.java","13033","135154","148187"
"2019-04-12 19:01","QuorumPeer.java","57537","239657","297194"
"2018-12-09 03:16","QuorumPeer.java","57522","230493","288015"
"2018-09-11 15:23","QuorumPeer.java","44740","226030","270770"
"2019-11-29 14:49","QuorumPeer.java","57850","264720","322570"
"2013-03-07 07:01","QuorumPeer.java","17142","153063","170205"
"2018-12-15 07:34","QuorumPeer.java","57522","230408","287930"
"2018-11-27 10:02","QuorumPeer.java","57522","228169","285691"
"2018-09-18 01:00","QuorumPeer.java","44777","227322","272099"
"2008-08-25 23:13","QuorumPeer.java","961","1243","2204"
"2009-11-18 18:47","QuorumPeer.java","11216","106197","117413"
"2012-02-06 09:40","QuorumPeer.java","16113","137870","153983"
"2019-06-03 19:40","QuorumPeer.java","57537","243181","300718"
"2019-07-15 14:15","QuorumPeer.java","57537","253269","310806"
"2015-03-17 18:06","QuorumPeer.java","18752","179397","198149"
"2019-07-03 00:44","QuorumPeer.java","57537","245863","303400"
"2009-06-18 18:37","QuorumPeer.java","9754","86560","96314"
"2019-08-17 17:13","QuorumPeer.java","57537","257850","315387"
"2015-06-27 02:03","QuorumPeer.java","18784","182118","200902"
"2009-11-18 20:06","QuorumPeer.java","11223","108538","119761"
"2017-11-28 00:10","QuorumPeer.java","19235","192784","212019"
"2014-01-21 04:50","QuorumPeer.java","17231","160302","177533"
"2014-06-04 22:07","QuorumPeer.java","18566","167438","186004"
"2018-01-30 08:02","QuorumPeer.java","19238","192940","212178"
"2019-05-15 11:56","QuorumPeer.java","57537","242604","300141"
"2019-06-05 00:33","QuorumPeer.java","57537","243571","301108"
"2009-02-06 22:19","QuorumPeer.java","8708","54903","63611"
"2019-05-20 23:13","QuorumPeer.java","57537","242722","300259"
"2019-06-04 10:55","QuorumPeer.java","57537","243334","300871"
"2019-07-12 17:01","QuorumPeer.java","57537","253163","310700"
"2020-01-09 11:27","QuorumPeer.java","57850","266266","324116"
"2017-02-09 11:40","QuorumPeer.java","19098","191423","210521"
"2011-06-14 07:14","QuorumPeer.java","13044","136780","149824"
"2009-04-17 00:59","QuorumPeer.java","9253","57251","66504"
"2008-12-09 06:14","QuorumPeer.java","4308","36755","41063"
"2017-07-06 18:48","QuorumPeer.java","19218","189229","208447"
"2018-10-01 06:11","QuorumPeer.java","44862","229986","274848"
"2015-04-09 20:16","QuorumPeer.java","18753","180461","199214"
"2013-10-07 21:08","QuorumPeer.java","17202","155939","173141"
"2013-09-30 22:20","QuorumPeer.java","17201","155507","172708"
"2018-07-04 17:11","QuorumPeer.java","19957","197220","217177"
"2019-12-17 13:48","QuorumPeer.java","57850","265292","323142"
"2015-12-07 05:59","QuorumPeer.java","18796","183960","202756"
"2020-01-23 13:43","QuorumPeer.java","57850","268090","325940"
"2016-06-23 23:45","QuorumPeer.java","18843","185077","203920"
"2011-05-03 19:57","QuorumPeer.java","13034","135159","148193"
"2016-06-23 23:25","QuorumPeer.java","18843","184969","203812"
"2010-03-09 05:44","QuorumPeer.java","11727","122013","133740"
"2010-03-12 19:26","QuorumPeer.java","11783","122799","134582"
"2014-03-23 04:12","QuorumPeer.java","17306","162597","179903"
"2013-09-26 00:13","QuorumPeer.java","17205","155267","172472"
"2011-06-17 01:34","QuorumPeer.java","13060","136867","149927"
"2011-06-14 14:11","QuorumPeer.java","13044","136807","149851"
"2010-03-10 02:27","QuorumPeer.java","11730","122230","133960"
"2010-03-10 19:52","QuorumPeer.java","11734","122320","134054"
"2014-07-18 20:48","QuorumPeer.java","18666","173797","192463"
"2014-07-04 04:19","QuorumPeer.java","18566","169081","187647"
"2018-12-06 10:56","QuorumPeer.java","57522","228363","285885"
"2014-06-25 15:04","QuorumPeer.java","18566","167935","186501"
"2014-03-28 01:58","QuorumPeer.java","17306","163015","180321"
"2009-10-30 17:19","QuorumPeer.java","10919","99361","110280"
"2009-11-20 23:28","QuorumPeer.java","11222","108816","120038"
"2009-12-18 03:19","QuorumPeer.java","11446","109613","121059"
"2009-12-15 23:23","QuorumPeer.java","11333","109226","120559"
"2013-10-21 23:36","QuorumPeer.java","17229","158708","175937"
"2019-10-10 14:37","QuorumPeer.java","57537","261603","319140"
"2013-11-07 06:41","QuorumPeer.java","17229","159139","176368"
"2017-07-27 23:09","QuorumPeer.java","19223","188248","207471"
"2014-05-18 05:49","QuorumPeer.java","18562","166945","185507"
"2011-10-25 08:09","QuorumPeer.java","16046","135299","151345"
"2014-03-25 22:13","QuorumPeer.java","17306","162833","180139"
"2011-04-12 09:14","QuorumPeer.java","13007","134793","147800"
"2011-11-01 08:15","QuorumPeer.java","16066","135508","151574"
"2011-03-16 19:49","QuorumPeer.java","12924","176183","189107"
"2018-06-26 11:18","QuorumPeer.java","19284","196529","215813"
"2018-07-27 12:32","QuorumPeer.java","19976","198439","218415"
"2019-04-18 19:17","QuorumPeer.java","57537","240367","297904"
"2011-10-27 23:25","QuorumPeer.java","16067","135480","151547"
"2011-08-30 08:37","QuorumPeer.java","13379","135518","148897"
"2011-08-30 08:29","QuorumPeer.java","13379","135506","148885"
"2010-08-18 08:24","QuorumPeer.java","12457","143198","155655"
"2013-10-09 22:21","QuorumPeer.java","17230","158346","175576"
"2016-12-20 14:47","QuorumPeer.java","19076","190266","209342"
"2011-05-20 01:17","QuorumPeer.java","13036","135641","148677"
"2010-05-05 22:32","QuorumPeer.java","12127","123173","135300"
"2017-05-11 16:59","QuorumPeer.java","19208","188352","207560"
"2014-07-03 06:01","QuorumPeer.java","18565","168658","187223"
"2014-08-14 08:08","QuorumPeer.java","18709","174701","193410"
"2014-08-01 07:38","QuorumPeer.java","18712","174283","192995"
"2009-04-24 20:26","QuorumPeer.java","9329","65929","75258"
"2014-07-20 04:50","QuorumPeer.java","18672","173865","192537"
"2008-10-01 08:26","QuorumPeer.java","2895","17980","20875"
"2016-06-02 00:59","QuorumPeer.java","18843","184600","203443"
"2020-02-16 10:25","QuorumPeer.java","57850","268803","326653"
"2019-11-28 12:24","DataTree.java","37578","58647","96225"
"2019-10-10 14:37","DataTree.java","32099","52015","84114"
"2019-12-27 22:33","DataTree.java","38005","62846","100851"
"2019-11-11 13:59","DataTree.java","32301","55874","88175"
"2019-11-08 17:30","DataTree.java","32270","54047","86317"
"2019-09-10 09:53","DataTree.java","31033","48245","79278"
"2019-07-31 19:06","DataTree.java","7141","22611","29752"
"2019-09-11 10:27","DataTree.java","31075","48594","79669"
"2019-08-01 07:31","DataTree.java","7222","24056","31278"
"2019-08-17 17:13","DataTree.java","29782","45945","75727"
"2019-09-10 15:21","DataTree.java","31043","48249","79292"
"2019-08-03 08:42","DataTree.java","7491","24362","31853"
"2019-08-09 16:15","DataTree.java","7701","25320","33021"
"2018-12-15 07:34","X509AuthenticationProvider.java","224197","227618","451815"
"2018-11-07 02:29","X509AuthenticationProvider.java","224196","222920","447116"
"2018-10-16 16:22","X509AuthenticationProvider.java","202293","231538","433831"
"2019-06-03 19:40","X509AuthenticationProvider.java","224337","240516","464853"
"2019-08-17 17:13","X509AuthenticationProvider.java","224338","255186","479524"
"2020-01-30 09:43","PurgeTxnLog.java","228549","267354","495903"
"2017-07-28 00:36","PurgeTxnLog.java","6531","3427","9958"
"2019-08-17 17:13","PurgeTxnLog.java","226943","255274","482217"
"2019-10-10 14:37","PurgeTxnLog.java","226943","259027","485970"
"2019-11-28 12:24","PurgeTxnLog.java","228547","261784","490331"
"2016-07-27 01:33","DelQuotaCommand.java","17918","61514","79432"
"2018-07-10 13:29","DelQuotaCommand.java","31971","86330","118301"
"2017-05-27 00:52","DelQuotaCommand.java","22228","68500","90728"
"2019-08-17 17:13","DelQuotaCommand.java","178872","256502","435374"
"2019-01-31 15:55","DelQuotaCommand.java","178779","234068","412847"
"2018-07-10 12:46","QuorumTest.java","38060","97109","135169"
"2019-08-17 17:13","QuorumTest.java","174606","256904","431510"
"2012-12-13 08:14","QuorumTest.java","11981","23141","35122"
"2013-10-09 22:21","QuorumTest.java","14241","37091","51332"
"2011-09-17 02:13","QuorumTest.java","3757","6307","10064"
"2019-10-10 14:37","QuorumTest.java","174606","260657","435263"
"2019-09-18 11:20","QuorumTest.java","174606","259816","434422"
"2019-12-28 16:17","QuorumTest.java","175704","266587","442291"
"2015-11-03 08:11","QuorumTest.java","23415","69593","93008"
"2015-07-07 07:11","ExistsTest.java","35426","83925","119351"
"2011-04-12 09:14","ExistsTest.java","15865","10270","26135"
"2019-10-10 14:37","FLERestartTest.java","224315","258940","483255"
"2019-08-17 17:13","FLERestartTest.java","224314","255186","479500"
"2019-07-12 17:01","FLERestartTest.java","224314","250499","474813"
"2015-07-07 07:11","PortAssignmentTest.java","1563","2863","4426"
"2019-08-17 17:13","PortAssignmentTest.java","217720","256072","473792"
"2015-02-06 06:17","PrepRequestProcessor.java","16180","55388","71568"
"2012-02-06 10:39","PrepRequestProcessor.java","1515","3064","4579"
"2013-03-07 07:01","PrepRequestProcessor.java","7357","23063","30420"
"2019-02-07 11:26","PrepRequestProcessor.java","176235","234916","411151"
"2019-09-11 10:27","PrepRequestProcessor.java","176310","258015","434325"
"2018-07-19 05:59","PrepRequestProcessor.java","44739","102483","147222"
"2017-09-11 18:55","PrepRequestProcessor.java","25886","75363","101249"
"2019-01-16 14:21","PrepRequestProcessor.java","176234","232563","408797"
"2017-06-01 05:45","PrepRequestProcessor.java","24999","74012","99011"
"2012-04-14 02:32","PrepRequestProcessor.java","3756","6869","10625"
"2019-11-08 17:30","PrepRequestProcessor.java","176338","262301","438639"
"2016-11-13 20:59","PrepRequestProcessor.java","21482","71550","93032"
"2019-04-09 15:35","PrepRequestProcessor.java","176253","237459","413712"
"2019-04-17 14:16","PrepRequestProcessor.java","176310","238731","415041"
"2014-10-28 05:35","PrepRequestProcessor.java","16004","53273","69277"
"2019-05-10 12:22","PrepRequestProcessor.java","176310","241166","417476"
"2017-06-26 00:16","PrepRequestProcessor.java","25220","74511","99731"
"2019-02-07 11:22","PrepRequestProcessor.java","176235","234578","410813"
"2016-11-16 06:21","PrepRequestProcessor.java","21511","72126","93637"
"2019-08-01 07:31","PrepRequestProcessor.java","176310","257330","433640"
"2019-06-26 10:57","PrepRequestProcessor.java","176310","244509","420819"
"2014-01-24 07:18","PrepRequestProcessor.java","8436","32875","41311"
"2015-05-29 19:45","PrepRequestProcessor.java","16541","58540","75081"
"2016-10-07 21:51","PrepRequestProcessor.java","21461","69276","90737"
"2015-06-04 19:51","PrepRequestProcessor.java","16660","59424","76084"
"2019-08-17 17:13","PrepRequestProcessor.java","176310","256659","432969"
"2018-08-08 06:21","PrepRequestProcessor.java","86260","145484","231744"
"2018-05-09 23:57","PrepRequestProcessor.java","26717","82755","109472"
"2015-06-11 20:09","PrepRequestProcessor.java","16674","59564","76238"
"2019-12-27 22:33","PrepRequestProcessor.java","177615","266642","444257"
"2014-04-01 01:47","PrepRequestProcessor.java","8888","34590","43478"
"2019-10-10 14:37","PrepRequestProcessor.java","176310","260412","436722"
"2020-03-25 03:38","PrepRequestProcessor.java","177615","270749","448364"
"2014-07-25 01:31","PrepRequestProcessor.java","15850","51043","66893"
"2013-10-09 22:21","PrepRequestProcessor.java","8193","29094","37287"
"2014-04-29 02:23","PrepRequestProcessor.java","14801","42505","57306"
"2015-03-08 23:07","PrepRequestProcessor.java","16238","55620","71858"
"2014-07-22 06:51","PrepRequestProcessor.java","15792","50796","66588"
"2012-03-15 17:47","PrepRequestProcessor.java","1618","4380","5998"
"2018-06-15 07:41","PrepRequestProcessor.java","26777","83567","110344"
"2012-12-19 19:16","PrepRequestProcessor.java","6097","17247","23344"
"2019-01-31 15:55","DeleteCommand.java","221735","233428","455163"
"2019-08-17 17:13","DeleteCommand.java","221853","255887","477740"
"2017-05-27 00:52","DeleteCommand.java","6695","9371","16066"
"2019-10-10 14:37","FastLeaderElection.java","27642","30687","58329"
"2019-09-30 23:22","FastLeaderElection.java","27073","29745","56818"
"2020-04-07 09:07","FastLeaderElection.java","35800","48466","84266"
"2019-08-17 17:13","FastLeaderElection.java","24898","24190","49088"
"2012-04-23 01:20","HierarchicalQuorumTest.java","26113","51233","77346"
"2014-06-04 22:07","HierarchicalQuorumTest.java","34661","84570","119231"
"2019-08-17 17:13","HierarchicalQuorumTest.java","167976","257015","424991"
"2019-07-12 17:01","HierarchicalQuorumTest.java","167976","252328","420304"
"2019-10-10 14:37","HierarchicalQuorumTest.java","167976","260768","428744"
"2018-06-26 11:18","HierarchicalQuorumTest.java","41001","119283","160284"
"2011-04-12 09:14","HierarchicalQuorumTest.java","17408","27920","45328"
"2017-05-11 16:59","HierarchicalQuorumTest.java","40414","110595","151009"
"2010-05-05 22:32","HierarchicalQuorumTest.java","2750","2522","5272"
"2018-01-19 00:43","FileTxnLog.java","2942","7135","10077"
"2019-12-27 22:33","FileTxnLog.java","225824","265554","491378"
"2019-10-10 14:37","FileTxnLog.java","224198","259003","483201"
"2018-11-12 22:36","FileTxnLog.java","224077","223221","447298"
"2018-08-01 21:19","FileTxnLog.java","24563","33711","58274"
"2018-04-27 20:28","FileTxnLog.java","3310","9353","12663"
"2018-06-08 16:52","FileTxnLog.java","3624","11114","14738"
"2020-01-28 17:26","FileTxnLog.java","225825","267275","493100"
"2019-05-14 17:11","FileTxnLog.java","224179","239898","464077"
"2019-01-07 14:24","FileTxnLog.java","224079","229961","454040"
"2019-04-12 19:01","FileTxnLog.java","224179","237038","461217"
"2018-09-06 01:11","FileTxnLog.java","102686","113465","216151"
"2018-09-18 01:00","FileTxnLog.java","102834","115867","218701"
"2019-08-17 17:13","FileTxnLog.java","224198","255250","479448"
"2019-06-03 19:40","FileTxnLog.java","224197","240580","464777"
"2018-04-24 00:20","FileTxnLog.java","3141","9097","12238"
"2018-02-14 21:23","FileTxnLog.java","3077","8149","11226"
"2019-08-03 08:42","FileTxnLog.java","224198","255958","480156"
"2019-04-09 15:35","FileTxnLog.java","224104","236013","460117"
"2017-08-03 20:41","FileTxnLog.java","1678","1324","3002"
"2018-02-02 00:26","FileTxnLog.java","2952","7152","10104"
"2009-06-25 00:59","ClientBase.java","3887","15174","19061"
"2012-08-28 21:51","ClientBase.java","24914","87348","112262"
"2017-06-08 17:51","ClientBase.java","31450","137189","168639"
"2012-07-17 23:19","ClientBase.java","24902","86262","111164"
"2017-04-18 01:37","ClientBase.java","31124","137495","168619"
"2010-03-16 22:23","ClientBase.java","13042","51703","64745"
"2018-09-07 02:49","ClientBase.java","81796","198605","280401"
"2019-07-31 19:06","ClientBase.java","129610","256839","386449"
"2012-02-06 09:47","ClientBase.java","24393","82632","107025"
"2015-02-06 06:17","ClientBase.java","28162","124090","152252"
"2017-09-11 18:55","ClientBase.java","31585","137782","169367"
"2009-07-17 00:09","ClientBase.java","4477","16983","21460"
"2009-06-30 03:32","ClientBase.java","4198","16268","20466"
"2019-08-17 17:13","ClientBase.java","129610","257532","387142"
"2009-06-18 18:37","ClientBase.java","2045","6460","8505"
"2015-03-28 20:08","ClientBase.java","28189","126328","154517"
"2019-06-07 14:13","ClientBase.java","129610","243636","373246"
"2018-04-24 00:20","ClientBase.java","31722","143695","175417"
"2018-08-08 06:21","ClientBase.java","63902","179846","243748"
"2018-05-09 23:57","ClientBase.java","31765","144523","176288"
"2009-06-09 07:04","ClientBase.java","900","3070","3970"
"2019-06-24 11:05","ClientBase.java","129610","244865","374475"
"2012-12-11 08:42","ClientBase.java","25078","90845","115923"
"2017-01-13 19:29","ClientBase.java","30438","138975","169413"
"2010-01-25 04:28","ClientBase.java","8600","37417","46017"
"2010-03-09 05:44","ClientBase.java","12899","50794","63693"
"2016-06-23 23:25","ClientBase.java","29876","132507","162383"
"2014-01-03 01:40","ClientBase.java","26213","105677","131890"
"2014-01-25 01:17","ClientBase.java","26253","107523","133776"
"2009-11-20 23:28","ClientBase.java","7506","32709","40215"
"2009-11-25 20:06","ClientBase.java","7510","32746","40256"
"2009-11-12 20:53","ClientBase.java","7076","24969","32045"
"2009-08-25 07:45","ClientBase.java","4825","19240","24065"
"2009-09-16 02:09","ClientBase.java","5262","20183","25445"
"2019-11-14 16:44","ClientBase.java","129610","265559","395169"
"2019-10-10 14:37","ClientBase.java","129610","261285","390895"
"2012-03-15 17:47","ClientBase.java","24567","84049","108616"
"2010-09-15 07:51","ClientBase.java","17079","103599","120678"
"2012-01-14 00:28","ClientBase.java","24325","82048","106373"
"2011-04-12 09:14","ClientBase.java","21284","70679","91963"
"2011-11-05 07:29","ClientBase.java","24161","80464","104625"
"2016-08-24 01:36","ClientBase.java","30204","133406","163610"
"2011-09-17 02:13","ClientBase.java","22400","79721","102121"
"2010-07-05 20:20","ClientBase.java","16230","65960","82190"
"2010-03-31 06:26","ClientBase.java","13957","52840","66797"
"2010-08-18 08:24","ClientBase.java","17073","75423","92496"
"2015-03-08 23:07","ClientBase.java","28186","124288","152474"
"2019-08-17 17:13","ReadOnlyRequestProcessor.java","223293","255827","479120"
"2019-08-17 17:13","PurgeTxnTest.java","219949","255921","475870"
"2020-01-30 09:43","PurgeTxnTest.java","221500","267946","489446"
"2016-08-24 01:36","PurgeTxnTest.java","4882","6987","11869"
"2017-01-23 02:13","PurgeTxnTest.java","6448","14089","20537"
"2020-03-03 10:53","PurgeTxnTest.java","221500","269213","490713"
"2020-01-31 12:01","PurgeTxnTest.java","221500","267946","489446"
"2019-10-10 14:37","PurgeTxnTest.java","219949","259674","479623"
"2019-10-10 14:37","ZKDatabase.java","31910","54806","86716"
"2019-12-27 22:33","ZKDatabase.java","37710","65531","103241"
"2019-11-08 17:30","ZKDatabase.java","32076","56833","88909"
"2019-05-14 17:11","ZKDatabase.java","809","4619","5428"
"2019-04-12 19:01","ZKDatabase.java","397","1347","1744"
"2019-08-17 17:13","ZKDatabase.java","29822","48965","78787"
"2019-09-10 00:27","ZKDatabase.java","31037","51120","82157"
"2017-09-11 18:55","MeasureThroughput.java","39489","99601","139090"
"2011-04-12 09:14","MeasureThroughput.java","15099","14937","30036"
"2019-08-17 17:13","SyncedLearnerTracker.java","157476","178065","335541"
"2019-08-17 17:13","ZooKeeperCriticalThread.java","201018","256291","457309"
"2018-08-06 14:11","ZooKeeperCriticalThread.java","43047","76831","119878"
"2019-04-12 19:01","ZooKeeperCriticalThread.java","201002","238082","439084"
"2015-03-08 23:07","ZooKeeperCriticalThread.java","10369","24675","35044"
"2017-09-11 18:55","JsonGenerator.java","39408","99341","138749"
"2019-07-31 19:06","CommandExecutor.java","218737","255274","474011"
"2015-07-10 08:19","CommandExecutor.java","194","519","713"
"2019-08-17 17:13","CommandExecutor.java","218737","255967","474704"
"2015-07-07 07:11","SetTest.java","33962","99820","133782"
"2011-04-12 09:14","SetTest.java","15498","27319","42817"
"2010-08-17 09:24","SetTest.java","1868","19284","21152"
"2015-10-18 19:00","QuorumPeer.java","3180","11594","14774"
"2018-12-20 15:13","QuorumPeer.java","211464","229606","441070"
"2019-05-16 16:25","QuorumPeer.java","211558","240929","452487"
"2018-10-16 16:22","QuorumPeer.java","191806","234775","426581"
"2019-06-14 09:06","QuorumPeer.java","211574","244144","455718"
"2018-12-07 12:41","QuorumPeer.java","211463","226619","438082"
"2019-03-11 19:47","QuorumPeer.java","211484","236054","447538"
"2019-02-13 13:12","QuorumPeer.java","211485","235003","446488"
"2019-04-12 19:01","QuorumPeer.java","211558","237937","449495"
"2018-12-09 03:16","QuorumPeer.java","211463","228693","440156"
"2018-09-11 15:23","QuorumPeer.java","111786","137084","248870"
"2019-11-29 14:49","QuorumPeer.java","213019","264148","477167"
"2018-12-15 07:34","QuorumPeer.java","211463","228608","440071"
"2018-11-27 10:02","QuorumPeer.java","211463","226369","437832"
"2018-09-18 01:00","QuorumPeer.java","111905","138458","250363"
"2019-06-03 19:40","QuorumPeer.java","211574","241477","453051"
"2019-07-15 14:15","QuorumPeer.java","211574","251565","463139"
"2015-03-17 18:06","QuorumPeer.java","901","5554","6455"
"2019-07-03 00:44","QuorumPeer.java","211574","244159","455733"
"2019-08-17 17:13","QuorumPeer.java","211574","256146","467720"
"2015-06-27 02:03","QuorumPeer.java","1939","9281","11220"
"2017-11-28 00:10","QuorumPeer.java","15758","33315","49073"
"2018-01-30 08:02","QuorumPeer.java","16161","33871","50032"
"2019-05-15 11:56","QuorumPeer.java","211558","240884","452442"
"2019-06-05 00:33","QuorumPeer.java","211574","241867","453441"
"2019-05-20 23:13","QuorumPeer.java","211558","241002","452560"
"2019-06-04 10:55","QuorumPeer.java","211574","241630","453204"
"2019-07-12 17:01","QuorumPeer.java","211574","251459","463033"
"2020-01-09 11:27","QuorumPeer.java","213020","265695","478715"
"2017-02-09 11:40","QuorumPeer.java","9445","25778","35223"
"2017-07-06 18:48","QuorumPeer.java","13544","27563","41107"
"2018-10-01 06:11","QuorumPeer.java","112581","141713","254294"
"2015-04-09 20:16","QuorumPeer.java","943","6659","7602"
"2018-07-04 17:11","QuorumPeer.java","24947","46218","71165"
"2019-12-17 13:48","QuorumPeer.java","213019","264720","477739"
"2015-12-07 05:59","QuorumPeer.java","3472","12644","16116"
"2020-01-23 13:43","QuorumPeer.java","213020","267519","480539"
"2016-06-23 23:45","QuorumPeer.java","7045","17287","24332"
"2016-06-23 23:25","QuorumPeer.java","7011","17145","24156"
"2018-12-06 10:56","QuorumPeer.java","211463","226563","438026"
"2019-10-10 14:37","QuorumPeer.java","211574","259899","471473"
"2017-07-27 23:09","QuorumPeer.java","15058","28091","43149"
"2018-06-26 11:18","QuorumPeer.java","16690","37943","54633"
"2018-07-27 12:32","QuorumPeer.java","35463","57934","93397"
"2019-04-18 19:17","QuorumPeer.java","211558","238647","450205"
"2016-12-20 14:47","QuorumPeer.java","9142","24340","33482"
"2017-05-11 16:59","QuorumPeer.java","13212","26364","39576"
"2016-06-02 00:59","QuorumPeer.java","6954","16719","23673"
"2020-02-16 10:25","QuorumPeer.java","213020","268232","481252"
"2017-07-28 00:36","JRecord.java","35796","115094","150890"
"2019-06-20 20:25","JRecord.java","157929","244352","402281"
"2019-07-29 17:15","JRecord.java","157929","254633","412562"
"2016-11-24 17:18","JRecord.java","34261","115281","149542"
"2017-09-11 18:55","JRecord.java","35939","115800","151739"
"2016-11-25 07:08","JRecord.java","34174","115187","149361"
"2011-07-19 02:59","JRecord.java","19720","47845","67565"
"2020-04-07 17:00","JRecord.java","158958","271450","430408"
"2010-05-03 23:49","JRecord.java","13572","23237","36809"
"2011-09-02 22:53","JRecord.java","19866","52589","72455"
"2010-01-25 04:28","JRecord.java","277","276","553"
"2018-10-05 14:25","QuorumPeerMainTest.java","113408","118097","231505"
"2020-01-23 13:43","QuorumPeerMainTest.java","158218","187419","345637"
"2019-10-10 14:37","QuorumPeerMainTest.java","155961","178988","334949"
"2019-12-28 16:17","QuorumPeerMainTest.java","158150","186009","344159"
"2019-07-25 21:41","QuorumPeerMainTest.java","154291","170048","324339"
"2019-08-17 17:13","QuorumPeerMainTest.java","154959","174233","329192"
"2019-07-02 07:34","QuorumPeerMainTest.java","154288","161505","315793"
"2019-05-20 17:18","QuorumPeerMainTest.java","153035","157100","310135"
"2018-10-16 16:22","QuorumPeerMainTest.java","113414","131085","244499"
"2018-07-19 05:59","MBeanRegistry.java","45198","113808","159006"
"2019-05-03 17:37","MBeanRegistry.java","178406","241055","419461"
"2019-08-17 17:13","MBeanRegistry.java","178405","256932","435337"
"2019-10-10 14:37","MBeanRegistry.java","178405","260685","439090"
"2015-09-10 06:07","MBeanRegistry.java","22294","77114","99408"
"2011-09-01 19:15","MBeanRegistry.java","1833","14660","16493"
"2014-05-18 05:49","MBeanRegistry.java","19986","59020","79006"
"2019-08-17 17:13","ChrootClientTest.java","167976","257015","424991"
"2019-10-10 14:37","ChrootClientTest.java","167976","260768","428744"
"2011-04-12 09:14","ChrootClientTest.java","17408","27920","45328"
"2019-09-18 11:20","DataTreeTest.java","31230","52766","83996"
"2019-12-27 22:33","DataTreeTest.java","37732","65034","102766"
"2019-10-09 16:38","DataTreeTest.java","31369","53490","84859"
"2019-07-31 19:06","DataTreeTest.java","7411","25342","32753"
"2019-09-10 15:21","DataTreeTest.java","31002","50669","81671"
"2019-08-17 17:13","DataTreeTest.java","29743","48367","78110"
"2019-10-10 14:37","QuorumPeerMain.java","228065","258833","486898"
"2020-01-23 13:43","QuorumPeerMain.java","229836","266778","496614"
"2019-11-28 12:24","QuorumPeerMain.java","229834","261755","491589"
"2020-02-16 10:25","QuorumPeerMain.java","229836","267491","497327"
"2019-04-18 19:17","QuorumPeerMain.java","228027","237559","465586"
"2019-11-11 13:59","QuorumPeerMain.java","228113","262538","490651"
"2019-04-12 19:01","QuorumPeerMain.java","228027","236849","464876"
"2018-09-11 15:23","QuorumPeerMain.java","101126","108867","209993"
"2018-08-06 14:11","QuorumPeerMain.java","22602","28128","50730"
"2019-08-17 17:13","QuorumPeerMain.java","228064","255079","483143"
"2019-11-29 14:49","QuorumZooKeeperServer.java","6123","8927","15050"
"2020-03-25 03:38","QuorumZooKeeperServer.java","10199","19231","29430"
"2015-10-18 19:00","QuorumPeer.java","3366","12201","15567"
"2018-12-20 15:13","QuorumPeer.java","211044","229607","440651"
"2019-05-16 16:25","QuorumPeer.java","211138","240930","452068"
"2018-10-16 16:22","QuorumPeer.java","191386","234776","426162"
"2019-06-14 09:06","QuorumPeer.java","211154","244145","455299"
"2018-12-07 12:41","QuorumPeer.java","211043","226620","437663"
"2019-03-11 19:47","QuorumPeer.java","211064","236055","447119"
"2019-02-13 13:12","QuorumPeer.java","211065","235004","446069"
"2019-04-12 19:01","QuorumPeer.java","211138","237938","449076"
"2018-12-09 03:16","QuorumPeer.java","211043","228694","439737"
"2018-09-11 15:23","QuorumPeer.java","111925","137644","249569"
"2019-11-29 14:49","QuorumPeer.java","212598","264148","476746"
"2018-12-15 07:34","QuorumPeer.java","211043","228609","439652"
"2018-11-27 10:02","QuorumPeer.java","211043","226370","437413"
"2018-09-18 01:00","QuorumPeer.java","112044","139018","251062"
"2019-06-03 19:40","QuorumPeer.java","211154","241478","452632"
"2019-07-15 14:15","QuorumPeer.java","211154","251566","462720"
"2015-03-17 18:06","QuorumPeer.java","1088","6162","7250"
"2019-07-03 00:44","QuorumPeer.java","211154","244160","455314"
"2019-08-17 17:13","QuorumPeer.java","211154","256147","467301"
"2015-06-27 02:03","QuorumPeer.java","2125","9888","12013"
"2017-11-28 00:10","QuorumPeer.java","15899","33877","49776"
"2018-01-30 08:02","QuorumPeer.java","16302","34433","50735"
"2019-05-15 11:56","QuorumPeer.java","211138","240885","452023"
"2019-06-05 00:33","QuorumPeer.java","211154","241868","453022"
"2019-05-20 23:13","QuorumPeer.java","211138","241003","452141"
"2019-06-04 10:55","QuorumPeer.java","211154","241631","452785"
"2019-07-12 17:01","QuorumPeer.java","211154","251460","462614"
"2020-01-09 11:27","QuorumPeer.java","212599","265695","478294"
"2017-02-09 11:40","QuorumPeer.java","9594","26348","35942"
"2017-07-06 18:48","QuorumPeer.java","13685","28125","41810"
"2018-10-01 06:11","QuorumPeer.java","112719","142272","254991"
"2015-04-09 20:16","QuorumPeer.java","1130","7267","8397"
"2018-07-04 17:11","QuorumPeer.java","25088","46780","71868"
"2019-12-17 13:48","QuorumPeer.java","212598","264720","477318"
"2015-12-07 05:59","QuorumPeer.java","3658","13251","16909"
"2020-01-23 13:43","QuorumPeer.java","212599","267519","480118"
"2016-06-23 23:45","QuorumPeer.java","7230","17893","25123"
"2016-06-23 23:25","QuorumPeer.java","7196","17751","24947"
"2018-12-06 10:56","QuorumPeer.java","211043","226564","437607"
"2019-10-10 14:37","QuorumPeer.java","211154","259900","471054"
"2017-07-27 23:09","QuorumPeer.java","15199","28653","43852"
"2018-06-26 11:18","QuorumPeer.java","16831","38505","55336"
"2018-07-27 12:32","QuorumPeer.java","35604","58496","94100"
"2019-04-18 19:17","QuorumPeer.java","211138","238648","449786"
"2016-12-20 14:47","QuorumPeer.java","9317","24936","34253"
"2017-05-11 16:59","QuorumPeer.java","13353","26926","40279"
"2014-08-14 08:08","QuorumPeer.java","198","619","817"
"2016-06-02 00:59","QuorumPeer.java","7140","17326","24466"
"2020-02-16 10:25","QuorumPeer.java","212599","268232","480831"
"2014-02-12 17:00","LearnerHandler.java","22263","129666","151929"
"2014-03-23 04:12","LearnerHandler.java","22359","130149","152508"
"2010-01-25 04:28","LearnerHandler.java","9475","64348","73823"
"2019-10-10 14:37","LearnerHandler.java","103705","261436","365141"
"2015-06-05 20:38","LearnerHandler.java","24184","149665","173849"
"2015-06-05 20:51","LearnerHandler.java","24184","149692","173876"
"2015-06-12 23:02","LearnerHandler.java","24186","149792","173978"
"2009-08-25 07:45","LearnerHandler.java","6115","46586","52701"
"2010-03-11 15:05","LearnerHandler.java","12627","76929","89556"
"2009-10-30 17:19","LearnerHandler.java","7685","49792","57477"
"2009-11-30 13:03","LearnerHandler.java","8506","59816","68322"
"2011-04-12 09:14","LearnerHandler.java","17738","93189","110927"
"2013-09-26 14:05","LearnerHandler.java","22129","122841","144970"
"2009-04-24 20:26","LearnerHandler.java","2215","12480","14695"
"2019-07-03 20:54","LearnerHandler.java","103705","245677","349382"
"2011-09-14 08:56","LearnerHandler.java","16288","102135","118423"
"2011-08-30 08:37","LearnerHandler.java","16195","100833","117028"
"2010-07-29 23:10","LearnerHandler.java","13753","92969","106722"
"2011-09-17 02:36","LearnerHandler.java","18840","102127","120967"
"2012-04-23 01:20","LearnerHandler.java","21087","107669","128756"
"2013-06-28 23:22","LearnerHandler.java","22130","122412","144542"
"2018-09-18 01:00","LearnerHandler.java","60793","205837","266630"
"2010-11-04 17:01","LearnerHandler.java","14282","128770","143052"
"2012-02-06 09:40","LearnerHandler.java","20699","104955","125654"
"2013-05-14 14:27","LearnerHandler.java","22020","120565","142585"
"2018-08-03 18:52","LearnerHandler.java","34018","175486","209504"
"2011-01-22 20:38","LearnerHandler.java","14719","131305","146024"
"2018-12-09 03:16","LearnerHandler.java","103678","230314","333992"
"2019-04-12 19:01","LearnerHandler.java","103706","239491","343197"
"2013-03-07 07:01","LearnerHandler.java","22006","120426","142432"
"2009-11-18 20:06","LearnerHandler.java","8453","59433","67886"
"2017-11-28 00:10","LearnerHandler.java","27183","163231","190414"
"2019-06-29 00:33","LearnerHandler.java","103705","245670","349375"
"2013-05-11 15:35","LearnerHandler.java","22006","120474","142480"
"2019-07-25 21:41","LearnerHandler.java","103705","254166","357871"
"2019-08-23 19:43","LearnerHandler.java","103705","258349","362054"
"2019-08-17 17:13","LearnerHandler.java","103705","257683","361388"
"2009-06-18 18:37","LearnerHandler.java","4172","34643","38815"
"2009-06-26 22:29","LearnerHandler.java","5743","43777","49520"
"2009-06-15 22:52","LearnerHandler.java","3856","33256","37112"
"2017-06-26 00:16","LearnerHandler.java","27047","159052","186099"
"2017-08-03 20:28","LearnerHandler.java","27071","158724","185795"
"2012-07-29 07:02","LearnerHandler.java","21109","109094","130203"
"2019-05-06 17:48","LearnerHandler.java","103706","241997","345703"
"2019-08-03 08:42","LearnerHandler.java","103705","258391","362096"
"2019-04-22 19:15","LearnerHandler.java","103706","240466","344172"
"2011-06-14 07:14","LearnerHandler.java","17801","95202","113003"
"2019-08-17 17:13","SaslAuthDesignatedServerTest.java","181829","256464","438293"
"2019-02-06 09:46","SessionTimeoutTest.java","229793","232579","462372"
"2019-08-17 17:13","SessionTimeoutTest.java","229927","255010","484937"
"2019-09-18 11:20","SessionTimeoutTest.java","229928","257923","487851"
"2015-07-07 07:11","WatchEventWhenAutoResetTest.java","1563","2863","4426"
"2018-11-05 08:45","WatchEventWhenAutoResetTest.java","196779","233412","430191"
"2019-08-17 17:13","WatchEventWhenAutoResetTest.java","217720","256072","473792"
"2014-06-30 19:11","Observer.java","9705","23747","33452"
"2019-10-10 14:37","Observer.java","191763","260159","451922"
"2015-06-05 21:25","Observer.java","12731","39826","52557"
"2019-12-27 22:33","Observer.java","193109","266430","459539"
"2017-11-28 00:10","Observer.java","24430","62058","86488"
"2019-07-15 14:15","Observer.java","191763","251825","443588"
"2019-08-23 19:43","Observer.java","191763","257072","448835"
"2019-08-17 17:13","Observer.java","191763","256406","448169"
"2019-05-03 00:44","Observer.java","191747","240387","432134"
"2019-06-05 00:33","Observer.java","191763","242127","433890"
"2019-07-02 07:34","Observer.java","191763","244349","436112"
"2018-12-09 03:16","Observer.java","191663","228964","420627"
"2008-12-13 01:27","ZooKeeper.java","4452","37720","42172"
"2009-06-25 00:59","ZooKeeper.java","9971","93649","103620"
"2019-02-06 09:46","ZooKeeper.java","57522","235538","293060"
"2019-01-16 14:21","ZooKeeper.java","57522","233815","291337"
"2017-04-18 02:02","ZooKeeper.java","19105","188973","208078"
"2019-11-08 17:30","ZooKeeper.java","57537","263464","321001"
"2008-09-04 19:02","ZooKeeper.java","1155","1760","2915"
"2019-02-07 11:26","ZooKeeper.java","57522","236167","293689"
"2013-03-07 07:01","ZooKeeper.java","17142","153063","170205"
"2008-08-16 00:02","ZooKeeper.java","910","1060","1970"
"2011-07-01 00:53","ZooKeeper.java","13372","139803","153175"
"2013-12-17 17:55","ZooKeeper.java","17232","159957","177189"
"2012-02-06 09:56","ZooKeeper.java","16113","137874","153987"
"2012-03-17 01:31","ZooKeeper.java","16158","139424","155582"
"2012-11-17 15:03","ZooKeeper.java","16426","144811","161237"
"2017-05-01 17:19","ZooKeeper.java","19100","189095","208195"
"2010-11-10 23:36","ZooKeeper.java","12710","174494","187204"
"2014-01-24 07:18","ZooKeeper.java","17225","161879","179104"
"2019-08-17 17:13","ZooKeeper.java","57537","257850","315387"
"2009-05-20 20:48","ZooKeeper.java","9424","81976","91400"
"2015-06-04 19:51","ZooKeeper.java","18783","181762","200545"
"2016-10-07 21:51","ZooKeeper.java","18913","186943","205856"
"2015-03-16 09:09","ZooKeeper.java","18750","178685","197435"
"2015-03-17 18:06","ZooKeeper.java","18752","179397","198149"
"2016-05-02 18:15","ZooKeeper.java","18841","184105","202946"
"2019-06-26 10:57","ZooKeeper.java","57537","245700","303237"
"2019-06-03 19:40","ZooKeeper.java","57537","243181","300718"
"2018-05-09 23:57","ZooKeeper.java","19271","195524","214795"
"2009-04-09 23:02","ZooKeeper.java","9060","56670","65730"
"2009-03-27 06:25","ZooKeeper.java","8871","55774","64645"
"2019-08-03 08:42","ZooKeeper.java","57537","258558","316095"
"2016-11-13 20:59","ZooKeeper.java","18915","189198","208113"
"2013-02-03 15:52","ZooKeeper.java","16921","148779","165700"
"2012-09-28 18:32","ZooKeeper.java","16317","142734","159051"
"2017-07-28 00:36","ZooKeeper.java","19221","188350","207571"
"2017-08-18 23:35","ZooKeeper.java","19224","188838","208062"
"2017-07-04 07:56","ZooKeeper.java","19218","188957","208175"
"2008-12-22 23:23","ZooKeeper.java","4755","38366","43121"
"2009-01-28 01:21","ZooKeeper.java","8124","41045","49169"
"2009-12-11 20:38","ZooKeeper.java","11252","108930","120182"
"2009-11-12 21:02","ZooKeeper.java","11149","101449","112598"
"2010-01-26 03:22","ZooKeeper.java","11706","113462","125168"
"2010-01-05 18:32","ZooKeeper.java","11455","109797","121252"
"2009-11-07 01:48","ZooKeeper.java","11133","100830","111963"
"2009-10-31 00:09","ZooKeeper.java","10993","100285","111278"
"2020-04-16 12:50","ZooKeeper.java","57850","271737","329587"
"2018-07-27 05:16","ZooKeeper.java","19975","198246","218221"
"2019-10-10 14:37","ZooKeeper.java","57537","261603","319140"
"2014-04-01 04:03","ZooKeeper.java","17375","163509","180884"
"2010-02-08 23:36","ZooKeeper.java","11717","113134","124851"
"2009-08-07 20:00","ZooKeeper.java","10043","95816","105859"
"2012-12-19 19:16","ZooKeeper.java","16910","148275","165185"
"2019-02-11 12:34","ZooKeeper.java","57522","236530","294052"
"2014-07-08 20:18","ZooKeeper.java","18667","169688","188355"
"2010-11-30 21:16","ZooKeeper.java","12820","174971","187791"
"2020-05-17 15:13","ZooKeeper.java","57851","272109","329960"
"2017-01-09 22:49","ZooKeeper.java","19075","190926","210001"
"2011-05-20 01:17","ZooKeeper.java","13036","135641","148677"
"2019-03-12 19:08","ZooKeeper.java","57522","237958","295480"
"2011-09-06 00:58","ZooKeeper.java","13419","136176","149595"
"2009-01-31 00:01","ZooKeeper.java","8136","49867","58003"
"2008-09-26 20:09","ZooKeeper.java","1679","15928","17607"
"2014-07-22 06:51","ZooKeeper.java","18672","173891","192563"
"2008-10-22 01:49","ZooKeeper.java","3462","30551","34013"
"2008-12-02 01:13","ZooKeeper.java","4308","36745","41053"
"2014-04-29 02:23","ZooKeeper.java","18561","166480","185041"
"2019-10-10 14:37","SecurityUtils.java","3717","7470","11187"
"2019-09-30 22:26","SecurityUtils.java","2482","5847","8329"
"2019-06-03 19:40","FollowerZooKeeperServer.java","145376","242578","387954"
"2019-08-17 17:13","FollowerZooKeeperServer.java","145376","257247","402623"
"2019-05-03 00:44","FollowerZooKeeperServer.java","145376","241244","386620"
"2019-06-04 10:55","FollowerZooKeeperServer.java","145376","242731","388107"
"2018-08-06 14:11","FollowerZooKeeperServer.java","47487","149198","196685"
"2018-12-09 03:16","FollowerZooKeeperServer.java","145328","229857","375185"
"2018-11-21 17:56","FollowerZooKeeperServer.java","145328","225289","370617"
"2011-10-20 20:02","FollowerZooKeeperServer.java","24691","66526","91217"
"2011-04-12 09:14","FollowerZooKeeperServer.java","21320","54664","75984"
"2010-08-18 08:24","FollowerZooKeeperServer.java","16245","58544","74789"
"2019-11-28 12:24","FollowerZooKeeperServer.java","146255","263032","409287"
"2019-12-27 22:33","FollowerZooKeeperServer.java","146255","266804","413059"
"2009-12-18 03:19","FollowerZooKeeperServer.java","2930","12655","15585"
"2019-10-10 14:37","ACLTest.java","202858","259908","462766"
"2016-08-24 01:36","ACLTest.java","9878","29308","39186"
"2017-09-11 18:55","ACLTest.java","16541","38966","55507"
"2016-11-13 20:59","ACLTest.java","10327","33343","43670"
"2019-05-06 18:32","ACLTest.java","202842","240493","443335"
"2017-08-18 23:35","ACLTest.java","16411","38758","55169"
"2019-08-17 17:13","ACLTest.java","202858","256155","459013"
"2017-07-28 00:36","JRecord.java","35753","115052","150805"
"2019-06-20 20:25","JRecord.java","157928","244352","402280"
"2019-07-29 17:15","JRecord.java","157928","254633","412561"
"2016-11-24 17:18","JRecord.java","34213","115234","149447"
"2017-09-11 18:55","JRecord.java","35896","115758","151654"
"2016-11-25 07:08","JRecord.java","34126","115140","149266"
"2011-07-19 02:59","JRecord.java","19663","47789","67452"
"2020-04-07 17:00","JRecord.java","158957","271450","430407"
"2010-05-03 23:49","JRecord.java","13512","23178","36690"
"2011-09-02 22:53","JRecord.java","19809","52533","72342"
"2019-08-17 17:13","ZKClientConfigTest.java","35904","62404","98308"
"2020-01-20 08:39","ZKClientConfigTest.java","44402","78802","123204"
"2019-10-10 14:37","JMXEnv.java","31925","50347","82272"
"2019-12-27 22:33","JMXEnv.java","37840","61187","99027"
"2019-08-17 17:13","JMXEnv.java","29523","44192","73715"
"2019-08-27 09:23","LeaderOffer.java","31000","55527","86527"
"2017-11-16 00:21","ZNodeNameTest.java","27645","150927","178572"
"2020-01-21 18:14","ZNodeNameTest.java","113560","266263","379823"
"2015-07-07 07:11","ZNodeNameTest.java","24387","140999","165386"
"2019-08-27 09:23","ZNodeNameTest.java","112979","258151","371130"
"2010-05-15 01:32","ZNodeNameTest.java","13372","69688","83060"
"2019-08-17 17:13","ZooKeeperQuotaTest.java","167976","257015","424991"
"2019-06-07 14:13","ZooKeeperQuotaTest.java","167976","243119","411095"
"2011-06-25 08:13","ZooKeeperQuotaTest.java","18075","30719","48794"
"2019-07-17 13:42","ZooKeeperQuotaTest.java","167976","252779","420755"
"2015-10-18 19:00","QuorumPeer.java","24747","141449","166196"
"2018-12-20 15:13","QuorumPeer.java","113802","231085","344887"
"2019-05-16 16:25","QuorumPeer.java","113845","242357","356202"
"2018-10-16 16:22","QuorumPeer.java","90513","241770","332283"
"2019-06-14 09:06","QuorumPeer.java","113845","245556","359401"
"2010-03-16 23:25","QuorumPeer.java","12556","67017","79573"
"2018-12-07 12:41","QuorumPeer.java","113802","228099","341901"
"2012-04-23 01:20","QuorumPeer.java","21510","97889","119399"
"2012-07-17 23:19","QuorumPeer.java","21526","98677","120203"
"2019-03-11 19:47","QuorumPeer.java","113810","237521","351331"
"2012-02-27 03:41","QuorumPeer.java","21212","95506","116718"
"2014-07-18 02:19","QuorumPeer.java","24414","131382","155796"
"2019-02-13 13:12","QuorumPeer.java","113811","236470","350281"
"2011-04-29 18:12","QuorumPeer.java","17992","83513","101505"
"2019-04-12 19:01","QuorumPeer.java","113845","239365","353210"
"2018-12-09 03:16","QuorumPeer.java","113802","230173","343975"
"2018-09-11 15:23","QuorumPeer.java","66473","200059","266532"
"2019-11-29 14:49","QuorumPeer.java","114426","264696","379122"
"2013-03-07 07:01","QuorumPeer.java","22438","110655","133093"
"2018-12-15 07:34","QuorumPeer.java","113802","230088","343890"
"2018-11-27 10:02","QuorumPeer.java","113802","227849","341651"
"2018-09-18 01:00","QuorumPeer.java","66519","201360","267879"
"2009-11-18 18:47","QuorumPeer.java","7539","45920","53459"
"2012-02-06 09:40","QuorumPeer.java","21019","95072","116091"
"2019-06-03 19:40","QuorumPeer.java","113845","242889","356734"
"2019-07-15 14:15","QuorumPeer.java","113845","252977","366822"
"2015-03-17 18:06","QuorumPeer.java","24621","137562","162183"
"2019-07-03 00:44","QuorumPeer.java","113845","245571","359416"
"2009-06-18 18:37","QuorumPeer.java","2434","22640","25074"
"2019-08-17 17:13","QuorumPeer.java","113845","257558","371403"
"2015-06-27 02:03","QuorumPeer.java","24693","140323","165016"
"2009-11-18 20:06","QuorumPeer.java","7631","48346","55977"
"2017-11-28 00:10","QuorumPeer.java","27982","153827","181809"
"2014-01-21 04:50","QuorumPeer.java","22693","118060","140753"
"2014-06-04 22:07","QuorumPeer.java","24212","125380","149592"
"2018-01-30 08:02","QuorumPeer.java","28015","154013","182028"
"2019-05-15 11:56","QuorumPeer.java","113845","242312","356157"
"2019-06-05 00:33","QuorumPeer.java","113845","243279","357124"
"2019-05-20 23:13","QuorumPeer.java","113845","242430","356275"
"2019-06-04 10:55","QuorumPeer.java","113845","243042","356887"
"2019-07-12 17:01","QuorumPeer.java","113845","252871","366716"
"2020-01-09 11:27","QuorumPeer.java","114426","266242","380668"
"2017-02-09 11:40","QuorumPeer.java","26861","151482","178343"
"2011-06-14 07:14","QuorumPeer.java","18058","85194","103252"
"2017-07-06 18:48","QuorumPeer.java","27824","150131","177955"
"2018-10-01 06:11","QuorumPeer.java","66608","204028","270636"
"2015-04-09 20:16","QuorumPeer.java","24624","138628","163252"
"2013-10-07 21:08","QuorumPeer.java","22597","113630","136227"
"2013-09-30 22:20","QuorumPeer.java","22586","113188","135774"
"2018-07-04 17:11","QuorumPeer.java","34837","164396","199233"
"2019-12-17 13:48","QuorumPeer.java","114426","265268","379694"
"2015-12-07 05:59","QuorumPeer.java","24820","142280","167100"
"2020-01-23 13:43","QuorumPeer.java","114426","268066","382492"
"2016-06-23 23:45","QuorumPeer.java","26275","144805","171080"
"2011-05-03 19:57","QuorumPeer.java","17993","83518","101511"
"2016-06-23 23:25","QuorumPeer.java","26275","144697","170972"
"2010-03-09 05:44","QuorumPeer.java","12413","66099","78512"
"2010-03-12 19:26","QuorumPeer.java","12507","66923","79430"
"2014-03-23 04:12","QuorumPeer.java","22820","120407","143227"
"2013-09-26 00:13","QuorumPeer.java","22582","112940","135522"
"2011-06-17 01:34","QuorumPeer.java","18104","85311","103415"
"2011-06-14 14:11","QuorumPeer.java","18056","85219","103275"
"2010-03-10 02:27","QuorumPeer.java","12420","66320","78740"
"2010-03-10 19:52","QuorumPeer.java","12427","66413","78840"
"2014-07-18 20:48","QuorumPeer.java","24422","131849","156271"
"2014-07-04 04:19","QuorumPeer.java","24220","127031","151251"
"2018-12-06 10:56","QuorumPeer.java","113802","228043","341845"
"2014-06-25 15:04","QuorumPeer.java","24214","125879","150093"
"2014-03-28 01:58","QuorumPeer.java","22823","120828","143651"
"2009-10-30 17:19","QuorumPeer.java","6793","38635","45428"
"2009-11-20 23:28","QuorumPeer.java","7680","48674","56354"
"2009-12-18 03:19","QuorumPeer.java","8442","50009","58451"
"2009-12-15 23:23","QuorumPeer.java","7897","49190","57087"
"2013-10-21 23:36","QuorumPeer.java","22646","116421","139067"
"2019-10-10 14:37","QuorumPeer.java","113845","261311","375156"
"2013-11-07 06:41","QuorumPeer.java","22673","116879","139552"
"2017-07-27 23:09","QuorumPeer.java","27832","149153","176985"
"2014-05-18 05:49","QuorumPeer.java","24197","124876","149073"
"2011-10-25 08:09","QuorumPeer.java","20745","92294","113039"
"2014-03-25 22:13","QuorumPeer.java","22821","120644","143465"
"2011-04-12 09:14","QuorumPeer.java","17973","83159","101132"
"2011-11-01 08:15","QuorumPeer.java","20824","92562","113386"
"2011-03-16 19:49","QuorumPeer.java","14834","121493","136327"
"2018-06-26 11:18","QuorumPeer.java","28119","157660","185779"
"2018-07-27 12:32","QuorumPeer.java","39507","170266","209773"
"2019-04-18 19:17","QuorumPeer.java","113845","240075","353920"
"2011-10-27 23:25","QuorumPeer.java","20775","92484","113259"
"2011-08-30 08:37","QuorumPeer.java","16459","90894","107353"
"2011-08-30 08:29","QuorumPeer.java","16459","90882","107341"
"2010-08-18 08:24","QuorumPeer.java","14121","88262","102383"
"2013-10-09 22:21","QuorumPeer.java","22646","116058","138704"
"2016-12-20 14:47","QuorumPeer.java","26802","150288","177090"
"2011-05-20 01:17","QuorumPeer.java","18002","84007","102009"
"2010-05-05 22:32","QuorumPeer.java","13526","67972","81498"
"2017-05-11 16:59","QuorumPeer.java","27788","149228","177016"
"2014-07-03 06:01","QuorumPeer.java","24220","126609","150829"
"2014-08-14 08:08","QuorumPeer.java","24482","132770","157252"
"2014-08-01 07:38","QuorumPeer.java","24482","132349","156831"
"2014-07-20 04:50","QuorumPeer.java","24440","131929","156369"
"2016-06-02 00:59","QuorumPeer.java","26274","144327","170601"
"2020-02-16 10:25","QuorumPeer.java","114426","268779","383205"
"2018-06-08 16:52","ZooKeeperServerMain.java","17243","39573","56816"
"2019-04-18 19:17","ZooKeeperServerMain.java","210243","238652","448895"
"2019-11-11 13:59","ZooKeeperServerMain.java","210287","263589","473876"
"2019-11-28 12:24","ZooKeeperServerMain.java","211699","262497","474196"
"2019-11-25 15:37","ZooKeeperServerMain.java","211699","262399","474098"
"2016-08-13 15:01","ZooKeeperServerMain.java","8242","20499","28741"
"2015-06-04 19:51","ZooKeeperServerMain.java","2599","10906","13505"
"2019-08-17 17:13","ZooKeeperServerMain.java","210259","256151","466410"
"2015-03-17 18:06","ZooKeeperServerMain.java","1635","7608","9243"
"2017-07-28 00:36","ZooKeeperServerMain.java","15664","30121","45785"
"2019-04-12 19:01","ZooKeeperServerMain.java","210243","237942","448185"
"2018-09-11 15:23","ZooKeeperServerMain.java","112238","138856","251094"
"2017-02-12 00:12","ZooKeeperServerMain.java","12802","27205","40007"
"2018-06-08 16:52","ZooKeeperServerMain.java","4981","12908","17889"
"2019-04-18 19:17","ZooKeeperServerMain.java","223757","237763","461520"
"2019-11-11 13:59","ZooKeeperServerMain.java","223824","262723","486547"
"2019-11-28 12:24","ZooKeeperServerMain.java","225389","261784","487173"
"2019-11-25 15:37","ZooKeeperServerMain.java","225389","261686","487075"
"2019-08-17 17:13","ZooKeeperServerMain.java","223776","255265","479041"
"2017-07-28 00:36","ZooKeeperServerMain.java","3039","3093","6132"
"2019-04-12 19:01","ZooKeeperServerMain.java","223757","237053","460810"
"2018-09-11 15:23","ZooKeeperServerMain.java","103919","116134","220053"
"2019-12-27 22:33","LeaderBeanTest.java","43907","82001","125908"
"2019-08-17 17:13","LeaderBeanTest.java","36405","65821","102226"
"2019-01-07 14:55","LeaderBeanTest.java","7649","11956","19605"
"2019-11-08 17:30","FinalRequestProcessor.java","168057","262629","430686"
"2019-07-08 23:26","FinalRequestProcessor.java","168057","245791","413848"
"2019-01-16 23:23","FinalRequestProcessor.java","168000","232938","400938"
"2018-09-18 01:00","FinalRequestProcessor.java","104193","187669","291862"
"2019-04-12 19:01","FinalRequestProcessor.java","168058","238823","406881"
"2019-02-07 11:26","FinalRequestProcessor.java","168001","235291","403292"
"2019-01-14 19:38","FinalRequestProcessor.java","167999","232249","400248"
"2013-03-07 07:01","FinalRequestProcessor.java","29130","65982","95112"
"2019-01-09 17:22","FinalRequestProcessor.java","168001","234931","402932"
"2011-07-01 00:53","FinalRequestProcessor.java","20469","35545","56014"
"2015-06-04 19:51","FinalRequestProcessor.java","36836","100746","137582"
"2019-09-10 04:26","FinalRequestProcessor.java","168057","258060","426117"
"2019-08-17 17:13","FinalRequestProcessor.java","168057","257015","425072"
"2016-10-07 21:51","FinalRequestProcessor.java","39092","108053","147145"
"2014-01-24 07:18","FinalRequestProcessor.java","29785","75370","105155"
"2019-06-26 10:57","FinalRequestProcessor.java","168057","244865","412922"
"2019-08-01 07:28","FinalRequestProcessor.java","168057","257196","425253"
"2019-07-03 00:44","FinalRequestProcessor.java","168057","245028","413085"
"2016-03-23 00:30","FinalRequestProcessor.java","38598","104052","142650"
"2019-08-06 17:11","FinalRequestProcessor.java","168057","258116","426173"
"2015-03-17 18:06","FinalRequestProcessor.java","36657","98233","134890"
"2018-07-10 12:46","FinalRequestProcessor.java","49562","127808","177370"
"2020-03-25 03:38","FinalRequestProcessor.java","169104","270847","439951"
"2019-09-16 23:26","FinalRequestProcessor.java","168057","260034","428091"
"2019-10-10 14:37","FinalRequestProcessor.java","168057","260768","428825"
"2019-11-21 05:58","FinalRequestProcessor.java","169104","261229","430333"
"2019-11-18 09:05","FinalRequestProcessor.java","169104","261206","430310"
"2012-12-19 19:16","FinalRequestProcessor.java","28710","61006","89716"
"2011-10-20 20:02","FinalRequestProcessor.java","23637","43767","67404"
"2011-04-12 09:14","FinalRequestProcessor.java","19391","29822","49213"
"2011-10-28 18:59","FinalRequestProcessor.java","23871","44252","68123"
"2019-11-11 13:59","FinalRequestProcessor.java","168057","264425","432482"
"2020-03-26 22:12","FinalRequestProcessor.java","169104","270849","439953"
"2014-04-17 08:47","FinalRequestProcessor.java","35692","83836","119528"
"2014-04-29 02:23","FinalRequestProcessor.java","35695","84545","120240"
"2010-08-18 08:24","FinalRequestProcessor.java","7389","26775","34164"
"2013-10-09 22:21","FinalRequestProcessor.java","29677","71724","101401"
"2011-09-14 08:56","FinalRequestProcessor.java","19127","43406","62533"
"2019-11-29 14:49","QuorumUtil.java","195364","264272","459636"
"2019-08-17 17:13","QuorumUtil.java","194018","256369","450387"
"2020-03-12 14:47","QuorumUtil.java","195364","269658","465022"
"2019-07-12 17:01","QuorumUtil.java","194018","251682","445700"
"2014-01-16 23:59","QuorumUtil.java","823","5639","6462"
"2019-10-10 14:37","QuorumUtil.java","194018","260122","454140"
"2014-05-18 05:49","QuorumUtil.java","8605","18775","27380"
"2013-10-09 22:21","QuorumUtil.java","492","3395","3887"
"2020-05-05 21:20","ServerMetrics.java","42666","74675","117341"
"2020-02-26 22:41","ServerMetrics.java","39076","67923","106999"
"2020-03-25 03:38","ServerMetrics.java","39222","70200","109422"
"2019-09-16 23:26","ServerMetrics.java","30912","52124","83036"
"2019-11-18 09:05","ServerMetrics.java","36947","58284","95231"
"2020-05-03 19:43","ServerMetrics.java","39844","71758","111602"
"2019-06-29 00:33","ServerMetrics.java","4279","10459","14738"
"2019-11-23 17:08","ServerMetrics.java","37142","60036","97178"
"2019-08-17 17:13","ServerMetrics.java","29620","47813","77433"
"2019-05-06 17:48","ServerMetrics.java","358","2864","3222"
"2019-06-05 00:46","ServerMetrics.java","1016","5069","6085"
"2019-04-17 14:16","ServerMetrics.java","17","282","299"
"2019-05-03 00:44","ServerMetrics.java","247","2437","2684"
"2019-04-22 19:15","ServerMetrics.java","23","998","1021"
"2019-06-05 23:57","ServerMetrics.java","1018","5201","6219"
"2019-05-21 23:34","ServerMetrics.java","569","3750","4319"
"2019-07-23 15:55","ServerMetrics.java","5780","19981","25761"
"2019-07-08 23:26","ServerMetrics.java","4479","11448","15927"
"2019-04-25 02:11","ServerMetrics.java","61","1974","2035"
"2019-07-31 19:06","ServerMetrics.java","7227","24727","31954"
"2019-10-10 14:37","X509Util.java","32107","58788","90895"
"2019-07-29 17:09","X509Util.java","7425","27367","34792"
"2019-06-05 00:29","X509Util.java","2075","10670","12745"
"2019-08-17 17:13","X509Util.java","30050","52978","83028"
"2013-09-18 12:58","ClientCnxn.java","28719","76263","104982"
"2015-01-31 08:05","ClientCnxn.java","31465","100315","131780"
"2016-05-02 18:15","ClientCnxn.java","33533","108419","141952"
"2014-01-24 07:18","ClientCnxn.java","29135","83411","112546"
"2019-08-17 17:13","ClientCnxn.java","158476","257033","415509"
"2015-05-10 00:27","ClientCnxn.java","31587","102976","134563"
"2017-12-19 19:27","ClientCnxn.java","36199","119414","155613"
"2019-01-31 15:50","ClientCnxn.java","158419","234643","393062"
"2012-08-02 00:24","ClientCnxn.java","26883","62002","88885"
"2019-04-09 15:35","ClientCnxn.java","158435","237849","396284"
"2013-02-03 15:52","ClientCnxn.java","28143","69623","97766"
"2014-12-20 15:29","ClientCnxn.java","31455","100294","131749"
"2012-03-15 18:01","ClientCnxn.java","25308","58037","83345"
"2019-11-08 17:30","ClientCnxn.java","158476","262647","421123"
"2017-06-08 17:59","ClientCnxn.java","35869","114794","150663"
"2012-09-09 20:24","ClientCnxn.java","26948","62806","89754"
"2019-01-16 14:21","ClientCnxn.java","158419","232956","391375"
"2019-01-07 14:24","ClientCnxn.java","158418","231805","390223"
"2019-03-06 03:32","ClientCnxn.java","158434","236776","395210"
"2010-11-11 18:11","ClientCnxn.java","15961","75985","91946"
"2010-11-10 23:36","ClientCnxn.java","15914","75942","91856"
"2011-09-14 07:43","ClientCnxn.java","20010","52624","72634"
"2011-08-19 00:05","ClientCnxn.java","19832","50226","70058"
"2015-02-06 06:17","ClientCnxn.java","31506","100551","132057"
"2019-02-07 11:26","ClientCnxn.java","158420","235309","393729"
"2018-11-05 19:40","ClientCnxn.java","129764","238436","368200"
"2011-04-12 09:14","ClientCnxn.java","20730","40760","61490"
"2010-10-06 18:14","ClientCnxn.java","15325","72635","87960"
"2010-11-30 21:16","ClientCnxn.java","16174","76569","92743"
"2020-05-17 15:13","ClientCnxn.java","159507","272009","431516"
"2018-06-25 12:30","ClientCnxn.java","36409","123150","159559"
"2012-12-19 19:16","ClientCnxn.java","28094","69081","97175"
"2020-03-03 03:12","ClientCnxn.java","159505","269797","429302"
"2018-09-10 11:44","ClientCnxn.java","97468","187394","284862"
"2011-09-28 22:17","ClientCnxn.java","22848","53515","76363"
"2015-06-13 02:42","ClientCnxn.java","31759","104610","136369"
"2010-10-21 02:44","ClientCnxn.java","15495","74456","89951"
"2010-08-05 09:09","ClientCnxn.java","13967","37816","51783"
"2011-05-20 01:17","ClientCnxn.java","20851","41700","62551"
"2014-03-23 04:12","ClientCnxn.java","29297","84210","113507"
"2015-11-09 00:05","ClientCnxn.java","31887","106230","138117"
"2015-12-06 19:58","ClientCnxn.java","31924","106572","138496"
"2020-01-21 17:53","ClientCnxn.java","159505","266058","425563"
"2015-12-05 22:43","ClientCnxn.java","31924","106569","138493"
"2015-12-05 22:32","ClientCnxn.java","31923","106563","138486"
"2010-03-04 02:28","ClientCnxn.java","8353","10873","19226"
"2019-10-10 14:37","ClientCnxn.java","158476","260786","419262"
"2014-04-01 04:03","ClientCnxn.java","29425","85181","114606"
"2013-09-18 15:14","ClientCnxn.java","28719","76281","105000"
"2013-09-18 04:08","ClientCnxn.java","28719","76177","104896"
"2019-11-21 05:58","ClientCnxn.java","159505","261229","420734"
"2020-04-16 12:50","ClientCnxn.java","159505","271636","431141"
"2018-07-27 05:16","ClientCnxn.java","52908","140801","193709"
"2020-03-25 03:38","CommitProcessor.java","3913","8020","11933"
"2010-03-11 04:17","NIOServerCnxn.java","8648","86546","95194"
"2011-05-03 23:29","NIOServerCnxn.java","10897","100299","111196"
"2009-11-07 01:48","NIOServerCnxn.java","7406","64375","71781"
"2009-12-03 23:30","NIOServerCnxn.java","7783","72708","80491"
"2010-01-26 01:17","NIOServerCnxn.java","8395","77284","85679"
"2009-11-12 20:53","NIOServerCnxn.java","7512","65068","72580"
"2019-11-21 05:58","NIOServerCnxn.java","90577","261329","351906"
"2015-11-08 22:36","NIOServerCnxn.java","17201","157111","174312"
"2019-11-18 09:05","NIOServerCnxn.java","90577","261306","351883"
"2013-09-10 00:37","NIOServerCnxn.java","15216","128186","143402"
"2019-09-16 23:26","NIOServerCnxn.java","90121","260725","350846"
"2019-10-10 14:37","NIOServerCnxn.java","90121","261459","351580"
"2013-10-05 00:57","NIOServerCnxn.java","15225","128949","144174"
"2018-09-28 23:38","NIOServerCnxn.java","52969","213356","266325"
"2010-08-18 08:24","NIOServerCnxn.java","9957","107970","117927"
"2010-05-04 23:45","NIOServerCnxn.java","9462","87761","97223"
"2010-03-09 03:00","NIOServerCnxn.java","8589","85867","94456"
"2020-02-11 06:50","NIOServerCnxn.java","90577","268681","359258"
"2019-01-23 14:00","NIOServerCnxn.java","90094","234406","324500"
"2019-07-08 23:26","NIOServerCnxn.java","90121","246482","336603"
"2019-04-12 19:01","NIOServerCnxn.java","90122","239514","329636"
"2019-01-14 19:38","NIOServerCnxn.java","90094","232971","323065"
"2018-11-17 18:33","NIOServerCnxn.java","90094","225754","315848"
"2017-03-04 19:22","NIOServerCnxn.java","19598","164407","184005"
"2011-08-19 00:05","NIOServerCnxn.java","9429","105469","114898"
"2013-12-11 19:22","NIOServerCnxn.java","15307","133085","148392"
"2012-02-11 00:34","NIOServerCnxn.java","14027","111238","125265"
"2016-12-22 23:23","NIOServerCnxn.java","19144","165943","185087"
"2018-09-18 01:00","NIOServerCnxn.java","52880","210693","263573"
"2019-08-17 17:13","NIOServerCnxn.java","90121","257706","347827"
"2009-06-15 22:52","NIOServerCnxn.java","4422","47429","51851"
"2015-06-28 21:09","NIOServerCnxn.java","17171","155773","172944"
"2015-03-28 20:08","NIOServerCnxn.java","17098","154000","171098"
"2019-07-03 00:44","NIOServerCnxn.java","90121","245719","335840"
"2019-08-03 08:42","NIOServerCnxn.java","90121","258414","348535"
"2016-11-16 06:21","NIOServerCnxn.java","18980","165078","184058"
"2012-12-19 19:07","NIOServerCnxn.java","14771","120523","135294"
"2009-02-03 23:19","NIOServerCnxn.java","2400","15654","18054"
"2017-09-11 18:55","JsonGenerator.java","39489","99601","139090"
"2010-07-05 21:57","JsonGenerator.java","300","479","779"
"2019-10-10 14:37","LeaderSessionTrackerTest.java","3717","7470","11187"
"2019-08-17 17:13","GenerateLoad.java","214963","256104","471067"
"2018-08-06 14:11","GenerateLoad.java","36201","55853","92054"
"2019-10-10 14:37","ProtocolSupport.java","178405","260685","439090"
"2019-08-27 09:23","ProtocolSupport.java","178405","257525","435930"
"2019-08-17 17:13","QuorumServerTest.java","201687","256271","457958"
"2019-05-16 16:25","QuorumServerTest.java","201671","241054","442725"
"2015-10-18 19:00","QuorumServerTest.java","12773","31199","43972"
"2020-02-16 10:25","QuorumServerTest.java","203125","268349","471474"
"2019-08-17 17:13","QuorumHammerTest.java","167976","257015","424991"
"2011-07-29 10:14","QuorumHammerTest.java","17628","36931","54559"
"2011-04-12 09:14","QuorumHammerTest.java","17408","27920","45328"
"2019-04-12 19:01","ZooKeeperCriticalThreadMetricsTest.java","669","2240","2909"
"2019-08-17 17:13","ZooKeeperCriticalThreadMetricsTest.java","30068","49832","79900"
"2015-10-18 19:00","QuorumPeer.java","3682","12895","16577"
"2018-12-20 15:13","QuorumPeer.java","210666","229607","440273"
"2019-05-16 16:25","QuorumPeer.java","210760","240930","451690"
"2018-10-16 16:22","QuorumPeer.java","191008","234776","425784"
"2019-06-14 09:06","QuorumPeer.java","210776","244145","454921"
"2018-12-07 12:41","QuorumPeer.java","210665","226620","437285"
"2019-03-11 19:47","QuorumPeer.java","210686","236055","446741"
"2019-02-13 13:12","QuorumPeer.java","210687","235004","445691"
"2019-04-12 19:01","QuorumPeer.java","210760","237938","448698"
"2018-12-09 03:16","QuorumPeer.java","210665","228694","439359"
"2018-09-11 15:23","QuorumPeer.java","112121","138218","250339"
"2019-11-29 14:49","QuorumPeer.java","212220","264148","476368"
"2018-12-15 07:34","QuorumPeer.java","210665","228609","439274"
"2018-11-27 10:02","QuorumPeer.java","210665","226370","437035"
"2018-09-18 01:00","QuorumPeer.java","112239","139591","251830"
"2019-06-03 19:40","QuorumPeer.java","210776","241478","452254"
"2019-07-15 14:15","QuorumPeer.java","210776","251566","462342"
"2015-03-17 18:06","QuorumPeer.java","1408","6860","8268"
"2019-07-03 00:44","QuorumPeer.java","210776","244160","454936"
"2019-08-17 17:13","QuorumPeer.java","210776","256147","466923"
"2015-06-27 02:03","QuorumPeer.java","2442","10583","13025"
"2017-11-28 00:10","QuorumPeer.java","16155","34511","50666"
"2018-01-30 08:02","QuorumPeer.java","16558","35067","51625"
"2019-05-15 11:56","QuorumPeer.java","210760","240885","451645"
"2019-06-05 00:33","QuorumPeer.java","210776","241868","452644"
"2019-05-20 23:13","QuorumPeer.java","210760","241003","451763"
"2019-06-04 10:55","QuorumPeer.java","210776","241631","452407"
"2019-07-12 17:01","QuorumPeer.java","210776","251460","462236"
"2020-01-09 11:27","QuorumPeer.java","212221","265695","477916"
"2017-02-09 11:40","QuorumPeer.java","9894","27026","36920"
"2017-07-06 18:48","QuorumPeer.java","13944","28762","42706"
"2018-10-01 06:11","QuorumPeer.java","112914","142845","255759"
"2015-04-09 20:16","QuorumPeer.java","1450","7965","9415"
"2018-07-04 17:11","QuorumPeer.java","25344","47414","72758"
"2019-12-17 13:48","QuorumPeer.java","212220","264720","476940"
"2015-12-07 05:59","QuorumPeer.java","3974","13945","17919"
"2020-01-23 13:43","QuorumPeer.java","212221","267519","479740"
"2016-06-23 23:45","QuorumPeer.java","7547","18588","26135"
"2016-06-23 23:25","QuorumPeer.java","7513","18446","25959"
"2018-12-06 10:56","QuorumPeer.java","210665","226564","437229"
"2019-10-10 14:37","QuorumPeer.java","210776","259900","470676"
"2017-07-27 23:09","QuorumPeer.java","15458","29290","44748"
"2018-06-26 11:18","QuorumPeer.java","17087","39139","56226"
"2018-07-27 12:32","QuorumPeer.java","35859","59129","94988"
"2019-04-18 19:17","QuorumPeer.java","210760","238648","449408"
"2016-12-20 14:47","QuorumPeer.java","9618","25615","35233"
"2017-05-11 16:59","QuorumPeer.java","13612","27563","41175"
"2014-08-14 08:08","QuorumPeer.java","524","1323","1847"
"2014-08-01 07:38","QuorumPeer.java","379","757","1136"
"2016-06-02 00:59","QuorumPeer.java","7455","18019","25474"
"2020-02-16 10:25","QuorumPeer.java","212221","268232","480453"
"2011-04-12 09:14","QuorumVerifier.java","22832","59432","82264"
"2013-03-07 07:01","QuorumVerifier.java","29504","91184","120688"
"2012-04-23 01:20","QuorumVerifier.java","28160","78002","106162"
"2019-08-17 17:13","QuorumVerifier.java","142372","257499","399871"
"2019-09-18 11:20","DataTreeTest.java","225011","258204","483215"
"2019-12-27 22:33","DataTreeTest.java","226616","265575","492191"
"2019-10-09 16:38","DataTreeTest.java","225011","258789","483800"
"2019-01-30 16:28","DataTreeTest.java","224893","232285","457178"
"2019-02-07 11:26","DataTreeTest.java","224894","233507","458401"
"2018-12-20 15:17","DataTreeTest.java","224892","228773","453665"
"2018-09-04 11:54","DataTreeTest.java","107452","117204","224656"
"2019-07-31 19:06","DataTreeTest.java","225011","254599","479610"
"2019-04-12 19:01","DataTreeTest.java","224992","237080","462072"
"2019-09-10 15:21","DataTreeTest.java","225011","256335","481346"
"2019-08-17 17:13","DataTreeTest.java","225011","255292","480303"
"2017-06-18 19:23","DataTreeTest.java","5831","4926","10757"
"2019-04-12 12:29","DataTreeTest.java","224992","236649","461641"
"2019-08-17 17:13","QuorumRequestPipelineTest.java","218914","255966","474880"
"2017-09-11 18:55","QuorumRequestPipelineTest.java","12795","18975","31770"
"2019-08-17 17:13","VerifyingFileFactoryTest.java","177119","256742","433861"
"2015-07-07 07:11","VerifyingFileFactoryTest.java","20199","62770","82969"
"2019-10-10 14:37","LocalSessionRequestTest.java","3717","7470","11187"
"2019-09-20 10:06","LocalSessionRequestTest.java","2439","5302","7741"
"2019-12-27 22:33","FileTxnSnapLog.java","230867","265525","496392"
"2019-10-10 14:37","FileTxnSnapLog.java","229096","258829","487925"
"2019-12-13 08:51","FileTxnSnapLog.java","230866","263561","494427"
"2020-01-23 16:46","FileTxnSnapLog.java","230868","266775","497643"
"2020-01-28 17:26","FileTxnSnapLog.java","230868","267246","498114"
"2018-06-08 16:52","FileTxnSnapLog.java","673","3091","3764"
"2019-09-02 08:23","FileTxnSnapLog.java","229096","255733","484829"
"2019-07-31 19:06","FileTxnSnapLog.java","229095","254382","483477"
"2018-07-30 06:22","FileTxnSnapLog.java","22004","26077","48081"
"2020-01-30 09:43","FileTxnSnapLog.java","230868","267322","498190"
"2019-05-14 17:11","FileTxnSnapLog.java","229075","239722","468797"
"2019-05-21 23:34","FileTxnSnapLog.java","229077","240045","469122"
"2019-05-27 10:54","FileTxnSnapLog.java","229077","240377","469454"
"2018-02-23 23:49","FileTxnSnapLog.java","47","211","258"
"2019-08-17 17:13","FileTxnSnapLog.java","229095","255075","484170"
"2019-07-03 00:44","EnsembleAuthenticationProvider.java","4396","10602","14998"
"2019-08-17 17:13","EnsembleAuthenticationProvider.java","29620","47813","77433"
"2019-08-17 17:13","ReadOnlyModeTest.java","174606","256904","431510"
"2015-02-06 06:17","ReadOnlyModeTest.java","21834","62991","84825"
"2017-04-18 01:37","ReadOnlyModeTest.java","28138","79738","107876"
"2017-06-08 17:51","ReadOnlyModeTest.java","28988","79956","108944"
"2013-10-09 22:21","ReadOnlyModeTest.java","14241","37091","51332"
"2011-11-01 08:15","ReadOnlyModeTest.java","6844","8020","14864"
"2013-09-18 01:14","ReadOnlyModeTest.java","13887","33450","47337"
"2019-05-20 17:18","KerberosUtil.java","180067","241239","421306"
"2019-08-17 17:13","KerberosUtil.java","180083","256464","436547"
"2019-08-17 17:13","PemReaderTest.java","36682","68806","105488"
"2019-09-16 23:26","ZooKeeperServerMXBean.java","28333","42576","70909"
"2019-11-14 03:54","ZooKeeperServerMXBean.java","29460","48693","78153"
"2020-03-25 03:38","ZooKeeperServerMXBean.java","36792","60801","97593"
"2019-07-30 02:31","ZooKeeperServerMXBean.java","2779","11924","14703"
"2019-08-17 17:13","ZooKeeperServerMXBean.java","26739","37963","64702"
"2019-09-16 23:26","ZooKeeperServerMXBean.java","31350","57642","88992"
"2019-11-14 03:54","ZooKeeperServerMXBean.java","32375","63657","96032"
"2020-03-25 03:38","ZooKeeperServerMXBean.java","39212","75270","114482"
"2019-05-22 11:39","ZooKeeperServerMXBean.java","1766","10239","12005"
"2019-07-30 02:31","ZooKeeperServerMXBean.java","8264","29458","37722"
"2019-08-17 17:13","ZooKeeperServerMXBean.java","30071","53344","83415"
"2019-07-08 23:26","ZooKeeperServerMXBean.java","5600","17649","23249"
"2015-10-18 19:00","QuorumPeer.java","19998","172526","192524"
"2018-12-20 15:13","QuorumPeer.java","72454","231252","303706"
"2019-05-16 16:25","QuorumPeer.java","72482","242509","314991"
"2009-01-15 23:57","QuorumPeer.java","8777","26401","35178"
"2018-10-16 16:22","QuorumPeer.java","61648","248731","310379"
"2019-06-14 09:06","QuorumPeer.java","72482","245708","318190"
"2010-03-16 23:25","QuorumPeer.java","13705","109681","123386"
"2008-10-03 15:06","QuorumPeer.java","1546","1811","3357"
"2018-12-07 12:41","QuorumPeer.java","72454","228266","300720"
"2012-04-23 01:20","QuorumPeer.java","17363","129568","146931"
"2012-07-17 23:19","QuorumPeer.java","17376","130353","147729"
"2019-03-11 19:47","QuorumPeer.java","72460","237686","310146"
"2012-02-27 03:41","QuorumPeer.java","17219","127339","144558"
"2014-07-18 02:19","QuorumPeer.java","19821","162615","182436"
"2019-02-13 13:12","QuorumPeer.java","72461","236635","309096"
"2011-04-29 18:12","QuorumPeer.java","15359","122395","137754"
"2019-04-12 19:01","QuorumPeer.java","72482","239517","311999"
"2018-12-09 03:16","QuorumPeer.java","72454","230340","302794"
"2018-09-11 15:23","QuorumPeer.java","49054","218466","267520"
"2019-11-29 14:49","QuorumPeer.java","72935","264720","337655"
"2013-03-07 07:01","QuorumPeer.java","18248","142291","160539"
"2018-12-15 07:34","QuorumPeer.java","72454","230255","302709"
"2018-11-27 10:02","QuorumPeer.java","72454","228016","300470"
"2018-09-18 01:00","QuorumPeer.java","49093","219760","268853"
"2009-11-18 18:47","QuorumPeer.java","13002","92898","105900"
"2012-02-06 09:40","QuorumPeer.java","17150","127029","144179"
"2019-06-03 19:40","QuorumPeer.java","72482","243041","315523"
"2019-07-15 14:15","QuorumPeer.java","72482","253129","325611"
"2015-03-17 18:06","QuorumPeer.java","19937","168704","188641"
"2019-07-03 00:44","QuorumPeer.java","72482","245723","318205"
"2009-06-18 18:37","QuorumPeer.java","11093","72814","83907"
"2019-08-17 17:13","QuorumPeer.java","72482","257710","330192"
"2015-06-27 02:03","QuorumPeer.java","19987","171443","191430"
"2009-11-18 20:06","QuorumPeer.java","13012","95242","108254"
"2017-11-28 00:10","QuorumPeer.java","20867","182538","203405"
"2014-01-21 04:50","QuorumPeer.java","18353","149546","167899"
"2014-06-04 22:07","QuorumPeer.java","19726","156720","176446"
"2018-01-30 08:02","QuorumPeer.java","20900","182724","203624"
"2019-05-15 11:56","QuorumPeer.java","72482","242464","314946"
"2019-06-05 00:33","QuorumPeer.java","72482","243431","315913"
"2009-02-06 22:19","QuorumPeer.java","9832","40942","50774"
"2019-05-20 23:13","QuorumPeer.java","72482","242582","315064"
"2019-06-04 10:55","QuorumPeer.java","72482","243194","315676"
"2019-07-12 17:01","QuorumPeer.java","72482","253023","325505"
"2020-01-09 11:27","QuorumPeer.java","72935","266266","339201"
"2017-02-09 11:40","QuorumPeer.java","20473","180920","201393"
"2011-06-14 07:14","QuorumPeer.java","15381","124032","139413"
"2009-04-17 00:59","QuorumPeer.java","10430","43343","53773"
"2008-12-09 06:14","QuorumPeer.java","4789","22151","26940"
"2017-07-06 18:48","QuorumPeer.java","20823","178956","199779"
"2018-10-01 06:11","QuorumPeer.java","49184","222430","271614"
"2015-04-09 20:16","QuorumPeer.java","19939","169769","189708"
"2013-10-07 21:08","QuorumPeer.java","18321","145180","163501"
"2013-09-30 22:20","QuorumPeer.java","18321","144749","163070"
"2018-07-04 17:11","QuorumPeer.java","23918","189303","213221"
"2019-12-17 13:48","QuorumPeer.java","72935","265292","338227"
"2015-12-07 05:59","QuorumPeer.java","20005","173291","193296"
"2020-01-23 13:43","QuorumPeer.java","72935","268090","341025"
"2016-06-23 23:45","QuorumPeer.java","20058","174414","194472"
"2011-05-03 19:57","QuorumPeer.java","15360","122400","137760"
"2016-06-23 23:25","QuorumPeer.java","20058","174306","194364"
"2010-03-09 05:44","QuorumPeer.java","13624","108825","122449"
"2010-03-12 19:26","QuorumPeer.java","13689","109620","123309"
"2014-03-23 04:12","QuorumPeer.java","18454","151867","170321"
"2013-09-26 00:13","QuorumPeer.java","18321","144505","162826"
"2011-06-17 01:34","QuorumPeer.java","15413","124135","139548"
"2011-06-14 14:11","QuorumPeer.java","15381","124059","139440"
"2010-03-10 02:27","QuorumPeer.java","13627","109042","122669"
"2010-03-10 19:52","QuorumPeer.java","13631","109132","122763"
"2014-07-18 20:48","QuorumPeer.java","19826","163079","182905"
"2014-07-04 04:19","QuorumPeer.java","19731","158368","178099"
"2018-12-06 10:56","QuorumPeer.java","72454","228210","300664"
"2014-06-25 15:04","QuorumPeer.java","19726","157217","176943"
"2014-03-28 01:58","QuorumPeer.java","18454","152285","170739"
"2009-10-30 17:19","QuorumPeer.java","12624","85981","98605"
"2009-11-20 23:28","QuorumPeer.java","13006","95515","108521"
"2009-12-18 03:19","QuorumPeer.java","13301","96383","109684"
"2009-12-15 23:23","QuorumPeer.java","13140","95948","109088"
"2013-10-21 23:36","QuorumPeer.java","18346","147947","166293"
"2019-10-10 14:37","QuorumPeer.java","72482","261463","333945"
"2013-11-07 06:41","QuorumPeer.java","18346","148378","166724"
"2017-07-27 23:09","QuorumPeer.java","20828","177975","198803"
"2014-05-18 05:49","QuorumPeer.java","19720","156225","175945"
"2011-10-25 08:09","QuorumPeer.java","17004","124379","141383"
"2014-03-25 22:13","QuorumPeer.java","18454","152103","170557"
"2011-04-12 09:14","QuorumPeer.java","15332","122033","137365"
"2011-11-01 08:15","QuorumPeer.java","17073","124637","141710"
"2011-03-16 19:49","QuorumPeer.java","15145","163319","178464"
"2018-06-26 11:18","QuorumPeer.java","20981","186348","207329"
"2018-07-27 12:32","QuorumPeer.java","23945","190530","214475"
"2019-04-18 19:17","QuorumPeer.java","72482","240227","312709"
"2011-10-27 23:25","QuorumPeer.java","17027","124562","141589"
"2011-08-30 08:37","QuorumPeer.java","14256","124517","138773"
"2011-08-30 08:29","QuorumPeer.java","14256","124505","138761"
"2010-08-18 08:24","QuorumPeer.java","14631","130287","144918"
"2013-10-09 22:21","QuorumPeer.java","18347","147585","165932"
"2016-12-20 14:47","QuorumPeer.java","20438","179750","200188"
"2011-05-20 01:17","QuorumPeer.java","15362","122882","138244"
"2010-05-05 22:32","QuorumPeer.java","14261","110222","124483"
"2017-05-11 16:59","QuorumPeer.java","20794","178060","198854"
"2014-07-03 06:01","QuorumPeer.java","19730","157945","177675"
"2014-08-14 08:08","QuorumPeer.java","19874","163988","183862"
"2014-08-01 07:38","QuorumPeer.java","19878","163571","183449"
"2009-04-24 20:26","QuorumPeer.java","10515","52030","62545"
"2014-07-20 04:50","QuorumPeer.java","19833","163148","182981"
"2016-06-02 00:59","QuorumPeer.java","20058","173937","193995"
"2020-02-16 10:25","QuorumPeer.java","72935","268803","341738"
"2019-10-10 14:37","WatcherCleaner.java","31720","53666","85386"
"2019-08-17 17:13","WatcherCleaner.java","29620","47813","77433"
"2020-05-05 21:20","ServerMetrics.java","38798","53307","92105"
"2020-02-26 22:41","ServerMetrics.java","35106","46453","81559"
"2020-03-25 03:38","ServerMetrics.java","35269","48747","84016"
"2019-09-16 23:26","ServerMetrics.java","26587","30299","56886"
"2019-11-18 09:05","ServerMetrics.java","32688","36525","69213"
"2020-05-03 19:43","ServerMetrics.java","35948","50362","86310"
"2019-11-23 17:08","ServerMetrics.java","32895","38289","71184"
"2019-08-17 17:13","ServerMetrics.java","24762","25455","50217"
"2019-08-17 17:13","AckRequestProcessor.java","178405","256932","435337"
"2019-05-28 15:55","AckRequestProcessor.java","178406","242260","420666"
"2016-10-07 21:51","ReadOnlyRequestProcessor.java","6482","11533","18015"
"2019-08-17 17:13","ReadOnlyRequestProcessor.java","218393","255978","474371"
"2016-11-24 17:18","QuorumHierarchical.java","25183","86685","111868"
"2013-03-07 07:01","QuorumHierarchical.java","12977","39549","52526"
"2018-11-17 18:37","QuorumHierarchical.java","178338","224940","403278"
"2012-04-23 01:20","QuorumHierarchical.java","10791","25525","36316"
"2019-08-03 08:42","QuorumHierarchical.java","178405","257640","436045"
"2019-08-17 17:13","QuorumHierarchical.java","178405","256932","435337"
"2019-10-10 14:37","QuorumHierarchical.java","178405","260685","439090"
"2018-12-09 03:16","FollowerRequestProcessor.java","215010","228635","443645"
"2016-10-07 21:51","FollowerRequestProcessor.java","7713","16146","23859"
"2019-08-17 17:13","FollowerRequestProcessor.java","215122","256089","471211"
"2015-06-04 19:51","FollowerRequestProcessor.java","1433","4815","6248"
"2019-08-01 07:31","FollowerRequestProcessor.java","215122","256760","471882"
"2020-03-25 03:38","FollowerRequestProcessor.java","216570","270322","486892"
"2019-10-10 14:37","FollowerRequestProcessor.java","215122","259842","474964"
"2020-05-05 21:20","FollowerRequestProcessor.java","216570","271353","487923"
"2020-02-16 10:25","LearnerTest.java","4029","8112","12141"
"2020-01-28 17:26","LearnerTest.java","2333","6174","8507"
"2014-07-08 05:25","FLELostMessageTest.java","12638","37947","50585"
"2019-08-17 17:13","FLELostMessageTest.java","181596","256464","438060"
"2017-11-28 00:10","FLELostMessageTest.java","24365","72218","96583"
"2019-07-12 17:01","FLELostMessageTest.java","181596","251777","433373"
"2018-06-08 16:52","ZooKeeperServerMXBean.java","20133","172422","192555"
"2019-09-16 23:26","ZooKeeperServerMXBean.java","90102","260725","350827"
"2019-11-14 03:54","ZooKeeperServerMXBean.java","90102","265715","355817"
"2015-12-07 06:26","ZooKeeperServerMXBean.java","17291","157963","175254"
"2010-03-12 19:26","ZooKeeperServerMXBean.java","8786","87093","95879"
"2020-03-25 03:38","ZooKeeperServerMXBean.java","90558","270947","361505"
"2019-05-22 11:39","ZooKeeperServerMXBean.java","90103","242907","333010"
"2019-07-30 02:31","ZooKeeperServerMXBean.java","90102","255627","345729"
"2018-02-07 01:05","ZooKeeperServerMXBean.java","20075","169766","189841"
"2018-07-12 01:33","ZooKeeperServerMXBean.java","26353","179111","205464"
"2019-08-17 17:13","ZooKeeperServerMXBean.java","90102","257706","347808"
"2012-02-11 00:34","ZooKeeperServerMXBean.java","14094","111324","125418"
"2017-04-28 07:14","ZooKeeperServerMXBean.java","19665","164926","184591"
"2019-01-14 19:38","ZooKeeperServerMXBean.java","90075","232971","323046"
"2015-07-10 08:19","ZooKeeperServerMXBean.java","17214","156160","173374"
"2019-07-08 23:26","ZooKeeperServerMXBean.java","90102","246482","336584"
"2019-01-23 14:00","ZooKeeperServerMXBean.java","90075","234406","324481"
"2019-11-08 17:30","FinalRequestProcessor.java","187413","262599","450012"
"2019-07-08 23:26","FinalRequestProcessor.java","187413","245761","433174"
"2019-01-16 23:23","FinalRequestProcessor.java","187348","232900","420248"
"2018-09-18 01:00","FinalRequestProcessor.java","119535","183707","303242"
"2019-04-12 19:01","FinalRequestProcessor.java","187414","238793","426207"
"2019-02-07 11:26","FinalRequestProcessor.java","187349","235253","422602"
"2019-01-14 19:38","FinalRequestProcessor.java","187347","232211","419558"
"2013-03-07 07:01","FinalRequestProcessor.java","26292","43840","70132"
"2019-01-09 17:22","FinalRequestProcessor.java","187349","234893","422242"
"2011-07-01 00:53","FinalRequestProcessor.java","16075","11765","27840"
"2015-06-04 19:51","FinalRequestProcessor.java","34427","79033","113460"
"2019-09-10 04:26","FinalRequestProcessor.java","187413","258030","445443"
"2019-08-17 17:13","FinalRequestProcessor.java","187413","256985","444398"
"2016-10-07 21:51","FinalRequestProcessor.java","37573","87230","124803"
"2014-01-24 07:18","FinalRequestProcessor.java","27000","53281","80281"
"2019-06-26 10:57","FinalRequestProcessor.java","187413","244835","432248"
"2019-08-01 07:28","FinalRequestProcessor.java","187413","257166","444579"
"2019-07-03 00:44","FinalRequestProcessor.java","187413","244998","432411"
"2016-03-23 00:30","FinalRequestProcessor.java","37058","83208","120266"
"2019-08-06 17:11","FinalRequestProcessor.java","187413","258086","445499"
"2015-03-17 18:06","FinalRequestProcessor.java","34222","76494","110716"
"2018-07-10 12:46","FinalRequestProcessor.java","48590","107532","156122"
"2020-03-25 03:38","FinalRequestProcessor.java","188486","270843","459329"
"2019-09-16 23:26","FinalRequestProcessor.java","187413","260004","447417"
"2019-10-10 14:37","FinalRequestProcessor.java","187413","260738","448151"
"2019-11-21 05:58","FinalRequestProcessor.java","188486","261225","449711"
"2019-11-18 09:05","FinalRequestProcessor.java","188486","261202","449688"
"2012-12-19 19:16","FinalRequestProcessor.java","25830","38822","64652"
"2011-10-20 20:02","FinalRequestProcessor.java","20353","21179","41532"
"2011-04-12 09:14","FinalRequestProcessor.java","14662","5707","20369"
"2011-10-28 18:59","FinalRequestProcessor.java","20600","21677","42277"
"2019-11-11 13:59","FinalRequestProcessor.java","187413","264395","451808"
"2020-03-26 22:12","FinalRequestProcessor.java","188486","270845","459331"
"2014-04-17 08:47","FinalRequestProcessor.java","33048","61888","94936"
"2014-04-29 02:23","FinalRequestProcessor.java","33053","62599","95652"
"2013-10-09 22:21","FinalRequestProcessor.java","26856","49599","76455"
"2011-09-14 08:56","FinalRequestProcessor.java","15761","20736","36497"
"2018-08-06 14:11","SledgeHammer.java","30458","42836","73294"
"2019-08-17 17:13","SledgeHammer.java","222020","255887","477907"
"2017-07-28 00:36","WatchedEvent.java","21162","179301","200463"
"2019-08-17 17:13","WatchedEvent.java","71594","257710","329304"
"2018-08-08 06:21","SessionTrackerCheckTest.java","85317","123640","208957"
"2019-08-17 17:13","SessionTrackerCheckTest.java","196919","256367","453286"
"2015-03-08 23:07","SessionTrackerCheckTest.java","10804","29285","40089"
"2018-07-10 12:46","QuorumTest.java","49668","128242","177910"
"2019-08-17 17:13","QuorumTest.java","167729","257015","424744"
"2010-11-04 17:01","QuorumTest.java","7900","57696","65596"
"2012-12-13 08:14","QuorumTest.java","28537","59222","87759"
"2011-06-22 00:19","QuorumTest.java","20112","32940","53052"
"2010-03-19 07:46","QuorumTest.java","303","631","934"
"2011-07-15 06:50","QuorumTest.java","18967","35960","54927"
"2010-08-18 08:24","QuorumTest.java","7667","27381","35048"
"2013-10-09 22:21","QuorumTest.java","29828","72203","102031"
"2010-03-31 06:26","QuorumTest.java","2714","2961","5675"
"2011-09-17 02:13","QuorumTest.java","22002","44077","66079"
"2010-07-29 23:10","QuorumTest.java","6192","20716","26908"
"2011-04-12 09:14","QuorumTest.java","19586","30345","49931"
"2019-10-10 14:37","QuorumTest.java","167729","260768","428497"
"2019-09-18 11:20","QuorumTest.java","167729","259927","427656"
"2019-12-28 16:17","QuorumTest.java","168776","266647","435423"
"2015-11-03 08:11","QuorumTest.java","37111","102814","139925"
"2011-07-29 10:14","QuorumTest.java","19065","38590","57655"
"2015-07-07 07:11","BaseSysTest.java","24088","152053","176141"
"2015-08-23 19:12","BaseSysTest.java","24091","152598","176689"
"2018-12-20 07:24","BaseSysTest.java","101463","231160","332623"
"2020-03-26 22:20","BaseSysTest.java","101948","271185","373133"
"2011-09-02 19:02","BaseSysTest.java","16180","102815","118995"
"2014-05-09 23:37","BaseSysTest.java","23498","135903","159401"
"2017-09-11 18:55","BaseSysTest.java","26974","161119","188093"
"2019-07-12 17:01","BaseSysTest.java","101490","253000","354490"
"2014-08-14 09:32","BaseSysTest.java","23875","144338","168213"
"2015-07-07 07:11","ExistsTest.java","22280","76443","98723"
"2019-11-08 17:30","FinalRequestProcessor.java","196947","262009","458956"
"2019-07-08 23:26","FinalRequestProcessor.java","196919","245143","442062"
"2019-01-16 23:23","FinalRequestProcessor.java","196821","232249","429070"
"2018-09-18 01:00","FinalRequestProcessor.java","111813","153242","265055"
"2019-04-12 19:01","FinalRequestProcessor.java","196903","238158","435061"
"2019-02-07 11:26","FinalRequestProcessor.java","196822","234602","431424"
"2019-01-14 19:38","FinalRequestProcessor.java","196820","231560","428380"
"2019-01-09 17:22","FinalRequestProcessor.java","196822","234242","431064"
"2015-06-04 19:51","FinalRequestProcessor.java","11445","33308","44753"
"2019-09-10 04:26","FinalRequestProcessor.java","196919","257412","454331"
"2019-08-17 17:13","FinalRequestProcessor.java","196919","256367","453286"
"2016-10-07 21:51","FinalRequestProcessor.java","17223","44137","61360"
"2014-01-24 07:18","FinalRequestProcessor.java","398","3936","4334"
"2019-06-26 10:57","FinalRequestProcessor.java","196919","244217","441136"
"2019-08-01 07:28","FinalRequestProcessor.java","196919","256548","453467"
"2019-07-03 00:44","FinalRequestProcessor.java","196919","244380","441299"
"2016-03-23 00:30","FinalRequestProcessor.java","15942","39349","55291"
"2019-08-06 17:11","FinalRequestProcessor.java","196919","257468","454387"
"2015-03-17 18:06","FinalRequestProcessor.java","10937","30466","41403"
"2018-07-10 12:46","FinalRequestProcessor.java","32242","68441","100683"
"2020-03-25 03:38","FinalRequestProcessor.java","198267","270500","468767"
"2019-09-16 23:26","FinalRequestProcessor.java","196919","259386","456305"
"2019-10-10 14:37","FinalRequestProcessor.java","196919","260120","457039"
"2019-11-21 05:58","FinalRequestProcessor.java","198267","260882","459149"
"2019-11-18 09:05","FinalRequestProcessor.java","198267","260859","459126"
"2019-11-11 13:59","FinalRequestProcessor.java","196947","263805","460752"
"2020-03-26 22:12","FinalRequestProcessor.java","198267","270502","468769"
"2014-04-17 08:47","FinalRequestProcessor.java","7993","14090","22083"
"2014-04-29 02:23","FinalRequestProcessor.java","7999","14802","22801"
"2019-06-03 19:40","FollowerZooKeeperServer.java","154969","242446","397415"
"2019-08-17 17:13","FollowerZooKeeperServer.java","154969","257115","412084"
"2019-05-03 00:44","FollowerZooKeeperServer.java","154970","241113","396083"
"2019-06-04 10:55","FollowerZooKeeperServer.java","154969","242599","397568"
"2018-08-06 14:11","FollowerZooKeeperServer.java","52711","144997","197708"
"2018-12-09 03:16","FollowerZooKeeperServer.java","154917","229721","384638"
"2018-11-21 17:56","FollowerZooKeeperServer.java","154917","225153","380070"
"2011-10-20 20:02","FollowerZooKeeperServer.java","24565","56975","81540"
"2011-04-12 09:14","FollowerZooKeeperServer.java","20837","44456","65293"
"2010-08-18 08:24","FollowerZooKeeperServer.java","15483","48057","63540"
"2019-11-28 12:24","FollowerZooKeeperServer.java","155916","262968","418884"
"2019-12-27 22:33","FollowerZooKeeperServer.java","155916","266740","422656"
"2019-08-17 17:13","DelQuotaCommand.java","30087","52428","82515"
"2020-02-26 22:41","NettyServerCnxnFactory.java","35304","45250","80554"
"2019-10-10 14:37","NettyServerCnxnFactory.java","27642","30687","58329"
"2019-09-10 18:50","NettyServerCnxnFactory.java","26476","26885","53361"
"2019-11-14 03:54","NettyServerCnxnFactory.java","27921","35222","63143"
"2019-08-17 17:13","NettyServerCnxnFactory.java","24898","24190","49088"
"2019-11-23 17:08","NettyServerCnxnFactory.java","33091","37084","70175"
"2019-10-10 14:37","Observer.java","38466","69561","108027"
"2019-12-27 22:33","Observer.java","43998","80018","124016"
"2019-07-15 14:15","Observer.java","13464","36225","49689"
"2019-08-23 19:43","Observer.java","36478","64486","100964"
"2019-08-17 17:13","Observer.java","36481","63823","100304"
"2019-05-03 00:44","Observer.java","8632","19971","28603"
"2019-06-05 00:33","Observer.java","9326","22389","31715"
"2019-07-02 07:34","Observer.java","12410","27695","40105"
"2019-06-24 11:05","NettyServerCnxnTest.java","2050","3279","5329"
"2019-07-23 15:55","NettyServerCnxnTest.java","4743","14647","19390"
"2019-08-17 17:13","NettyServerCnxnTest.java","29388","43284","72672"
"2018-07-19 05:59","MBeanRegistry.java","36177","65753","101930"
"2019-05-03 17:37","MBeanRegistry.java","203957","240260","444217"
"2019-08-17 17:13","MBeanRegistry.java","203973","256154","460127"
"2019-10-10 14:37","MBeanRegistry.java","203973","259907","463880"
"2015-09-10 06:07","MBeanRegistry.java","5098","20884","25982"
"2019-08-17 17:13","BitHashSetTest.java","158773","174218","332991"
"2019-12-27 22:33","FileTxnSnapLogTest.java","230867","265525","496392"
"2019-04-29 16:49","FileTxnSnapLogTest.java","229075","238892","467967"
"2019-06-03 19:40","FileTxnSnapLogTest.java","229094","240405","469499"
"2019-08-17 17:13","FileTxnSnapLogTest.java","229095","255075","484170"
"2015-07-07 07:11","MultiOperationTest.java","3063","9091","12154"
"2019-09-18 11:20","MultiOperationTest.java","213025","259017","472042"
"2015-11-21 22:18","MultiOperationTest.java","3374","10890","14264"
"2019-06-26 10:57","MultiOperationTest.java","213025","243955","456980"
"2019-08-17 17:13","MultiOperationTest.java","213025","256105","469130"
"2019-11-08 17:30","FinalRequestProcessor.java","179573","262403","441976"
"2019-07-08 23:26","FinalRequestProcessor.java","179545","245537","425082"
"2019-01-16 23:23","FinalRequestProcessor.java","179487","232683","412170"
"2018-09-18 01:00","FinalRequestProcessor.java","114472","173669","288141"
"2019-04-12 19:01","FinalRequestProcessor.java","179546","238569","418115"
"2019-02-07 11:26","FinalRequestProcessor.java","179488","235036","414524"
"2019-01-14 19:38","FinalRequestProcessor.java","179486","231994","411480"
"2013-03-07 07:01","FinalRequestProcessor.java","13502","26075","39577"
"2019-01-09 17:22","FinalRequestProcessor.java","179488","234676","414164"
"2015-06-04 19:51","FinalRequestProcessor.java","22408","62039","84447"
"2019-09-10 04:26","FinalRequestProcessor.java","179545","257806","437351"
"2019-08-17 17:13","FinalRequestProcessor.java","179545","256761","436306"
"2016-10-07 21:51","FinalRequestProcessor.java","27095","71777","98872"
"2014-01-24 07:18","FinalRequestProcessor.java","14479","35785","50264"
"2019-06-26 10:57","FinalRequestProcessor.java","179545","244611","424156"
"2019-08-01 07:28","FinalRequestProcessor.java","179545","256942","436487"
"2019-07-03 00:44","FinalRequestProcessor.java","179545","244774","424319"
"2016-03-23 00:30","FinalRequestProcessor.java","26376","67551","93927"
"2019-08-06 17:11","FinalRequestProcessor.java","179545","257862","437407"
"2015-03-17 18:06","FinalRequestProcessor.java","22093","59390","81483"
"2018-07-10 12:46","FinalRequestProcessor.java","39929","93896","133825"
"2020-03-25 03:38","FinalRequestProcessor.java","180755","270756","451511"
"2019-09-16 23:26","FinalRequestProcessor.java","179545","259780","439325"
"2019-10-10 14:37","FinalRequestProcessor.java","179545","260514","440059"
"2019-11-21 05:58","FinalRequestProcessor.java","180755","261138","441893"
"2019-11-18 09:05","FinalRequestProcessor.java","180755","261115","441870"
"2012-12-19 19:16","FinalRequestProcessor.java","12463","20480","32943"
"2011-10-20 20:02","FinalRequestProcessor.java","5872","1723","7595"
"2011-10-28 18:59","FinalRequestProcessor.java","6471","2573","9044"
"2019-11-11 13:59","FinalRequestProcessor.java","179573","264199","443772"
"2020-03-26 22:12","FinalRequestProcessor.java","180755","270758","451513"
"2014-04-17 08:47","FinalRequestProcessor.java","20606","44471","65077"
"2014-04-29 02:23","FinalRequestProcessor.java","20612","45183","65795"
"2013-10-09 22:21","FinalRequestProcessor.java","14258","32026","46284"
"2019-10-10 14:37","RequestPathMetricsCollector.java","3717","7470","11187"
"2019-11-08 17:30","RequestPathMetricsCollector.java","3908","9522","13430"
"2019-11-18 09:05","ResponseCache.java","9013","12157","21170"
"2019-08-17 17:13","GetProposalFromTxnTest.java","198717","256292","455009"
"2016-08-24 01:36","GetProposalFromTxnTest.java","17102","40810","57912"
"2019-12-27 22:33","GetProposalFromTxnTest.java","200134","266387","466521"
"2019-08-17 17:13","WrappedAuthenticationProvider.java","225558","255292","480850"
"2010-03-13 01:06","FLENewEpochTest.java","12666","76545","89211"
"2019-10-10 14:37","FLENewEpochTest.java","104451","261369","365820"
"2011-04-12 09:14","FLENewEpochTest.java","17907","92545","110452"
"2010-03-31 06:26","FLENewEpochTest.java","13546","77672","91218"
"2009-04-04 00:01","FLENewEpochTest.java","33","105","138"
"2009-07-17 00:09","FLENewEpochTest.java","5608","43357","48965"
"2019-08-17 17:13","FLENewEpochTest.java","104451","257616","362067"
"2009-06-18 18:37","FLENewEpochTest.java","3738","33396","37134"
"2019-10-10 14:37","ZooKeeperSaslClient.java","3717","7470","11187"
"2020-02-04 10:39","ZooKeeperSaslClient.java","11897","22381","34278"
"2018-12-20 15:13","QuorumPeer.java","220961","229338","450299"
"2019-05-16 16:25","QuorumPeer.java","221061","240667","461728"
"2018-10-16 16:22","QuorumPeer.java","199643","232847","432490"
"2019-06-14 09:06","QuorumPeer.java","221079","243884","464963"
"2018-12-07 12:41","QuorumPeer.java","220960","226351","447311"
"2019-03-11 19:47","QuorumPeer.java","220984","235789","456773"
"2019-02-13 13:12","QuorumPeer.java","220983","234736","455719"
"2019-04-12 19:01","QuorumPeer.java","221061","237675","458736"
"2018-12-09 03:16","QuorumPeer.java","220960","228425","449385"
"2018-09-11 15:23","QuorumPeer.java","108322","123855","232177"
"2019-11-29 14:49","QuorumPeer.java","222658","264022","486680"
"2018-12-15 07:34","QuorumPeer.java","220960","228340","449300"
"2018-11-27 10:02","QuorumPeer.java","220960","226101","447061"
"2018-09-18 01:00","QuorumPeer.java","108450","125238","233688"
"2019-06-03 19:40","QuorumPeer.java","221079","241217","462296"
"2019-07-15 14:15","QuorumPeer.java","221080","251306","472386"
"2019-07-03 00:44","QuorumPeer.java","221079","243899","464978"
"2019-08-17 17:13","QuorumPeer.java","221080","255887","476967"
"2017-11-28 00:10","QuorumPeer.java","9716","17508","27224"
"2018-01-30 08:02","QuorumPeer.java","10154","18099","28253"
"2019-05-15 11:56","QuorumPeer.java","221061","240622","461683"
"2019-06-05 00:33","QuorumPeer.java","221079","241607","462686"
"2019-05-20 23:13","QuorumPeer.java","221062","240741","461803"
"2019-06-04 10:55","QuorumPeer.java","221079","241370","462449"
"2019-07-12 17:01","QuorumPeer.java","221080","251200","472280"
"2020-01-09 11:27","QuorumPeer.java","222660","265570","488230"
"2017-02-09 11:40","QuorumPeer.java","2830","9398","12228"
"2017-07-06 18:48","QuorumPeer.java","7410","11664","19074"
"2018-10-01 06:11","QuorumPeer.java","109134","128501","237635"
"2018-07-04 17:11","QuorumPeer.java","20598","32104","52702"
"2019-12-17 13:48","QuorumPeer.java","222658","264594","487252"
"2020-01-23 13:43","QuorumPeer.java","222660","267394","490054"
"2016-06-23 23:45","QuorumPeer.java","94","571","665"
"2016-06-23 23:25","QuorumPeer.java","59","428","487"
"2018-12-06 10:56","QuorumPeer.java","220960","226295","447255"
"2019-10-10 14:37","QuorumPeer.java","221080","259640","480720"
"2017-07-27 23:09","QuorumPeer.java","8929","12197","21126"
"2018-06-26 11:18","QuorumPeer.java","10711","22199","32910"
"2018-07-27 12:32","QuorumPeer.java","31170","43876","75046"
"2019-04-18 19:17","QuorumPeer.java","221061","238385","459446"
"2016-12-20 14:47","QuorumPeer.java","2495","7928","10423"
"2017-05-11 16:59","QuorumPeer.java","7071","10458","17529"
"2020-02-16 10:25","QuorumPeer.java","222660","268107","490767"
"2011-11-05 21:57","Learner.java","49233","18797","68030"
"2011-04-12 09:14","Learner.java","42436","1284","43720"
"2020-03-19 17:09","Learner.java","220670","270034","490704"
"2013-10-09 22:21","Learner.java","55600","46215","101815"
"2011-09-14 08:56","Learner.java","44131","16978","61109"
"2020-02-03 04:30","Learner.java","220670","268529","489199"
"2020-01-23 13:43","Learner.java","220670","267972","488642"
"2017-07-04 07:39","Learner.java","69467","88705","158172"
"2020-03-25 03:38","Learner.java","220670","270830","491500"
"2011-06-17 01:34","Learner.java","43054","3923","46977"
"2015-03-15 08:54","Learner.java","62977","72185","135162"
"2019-11-28 12:24","Learner.java","220670","262951","483621"
"2019-12-27 22:33","Learner.java","220670","266723","487393"
"2020-01-25 18:48","Learner.java","220670","268162","488832"
"2020-05-03 19:43","Learner.java","220670","271766","492436"
"2016-08-13 15:01","Learner.java","66261","82689","148950"
"2013-10-21 23:36","Learner.java","55604","46582","102186"
"2019-10-10 14:37","Learner.java","219597","260725","480322"
"2015-01-25 01:22","Learner.java","62870","71587","134457"
"2019-06-03 19:40","Learner.java","219597","242303","461900"
"2015-03-17 18:06","Learner.java","63059","73203","136262"
"2019-07-15 14:15","Learner.java","219597","252391","471988"
"2019-08-23 19:43","Learner.java","219597","257638","477235"
"2016-09-08 22:59","Learner.java","66434","83110","149544"
"2019-08-17 17:13","Learner.java","219597","256972","476569"
"2017-11-28 00:10","Learner.java","69798","92846","162644"
"2014-03-12 23:57","Learner.java","55864","50366","106230"
"2018-05-09 00:54","Learner.java","70140","95316","165456"
"2019-04-09 15:35","Learner.java","219546","237778","457324"
"2011-06-14 07:14","Learner.java","42971","3769","46740"
"2019-07-12 17:01","Learner.java","219597","252285","471882"
"2017-07-06 18:48","Learner.java","69474","88984","158458"
"2013-10-07 21:08","Learner.java","55422","43658","99080"
"2017-08-18 06:32","Learner.java","69562","88575","158137"
"2019-07-02 07:34","Learner.java","219597","244915","464512"
"2018-10-16 16:22","Learner.java","188341","236801","425142"
"2012-01-31 07:45","Learner.java","50049","20906","70955"
"2014-07-18 02:19","Learner.java","62607","66778","129385"
"2017-02-12 00:12","Learner.java","68604","87178","155782"
"2018-12-09 03:16","Learner.java","219531","229564","449095"
"2013-03-07 07:01","Learner.java","55002","40422","95424"
"2019-11-29 14:49","Learner.java","220670","264602","485272"
"2018-11-27 10:02","Learner.java","219531","227240","446771"
"2018-08-06 14:11","Learner.java","87068","115642","202710"
"2020-05-05 21:20","ServerMetrics.java","42385","80909","123294"
"2020-02-26 22:41","ServerMetrics.java","38853","74215","113068"
"2020-03-25 03:38","ServerMetrics.java","38964","76457","115421"
"2019-09-16 23:26","ServerMetrics.java","31146","58873","90019"
"2019-11-18 09:05","ServerMetrics.java","36944","64796","101740"
"2020-05-03 19:43","ServerMetrics.java","39569","77998","117567"
"2019-06-29 00:33","ServerMetrics.java","5467","18162","23629"
"2019-11-23 17:08","ServerMetrics.java","37127","66536","103663"
"2019-08-17 17:13","ServerMetrics.java","29911","54619","84530"
"2019-05-06 17:48","ServerMetrics.java","1621","10642","12263"
"2019-06-05 00:46","ServerMetrics.java","2219","12787","15006"
"2019-04-17 14:16","ServerMetrics.java","1333","8113","9446"
"2019-05-03 00:44","ServerMetrics.java","1511","10216","11727"
"2019-04-22 19:15","ServerMetrics.java","1339","8829","10168"
"2019-06-05 23:57","ServerMetrics.java","2221","12919","15140"
"2019-05-21 23:34","ServerMetrics.java","1814","11510","13324"
"2019-07-23 15:55","ServerMetrics.java","6943","27659","34602"
"2019-01-23 14:00","ServerMetrics.java","88","1523","1611"
"2019-07-08 23:26","ServerMetrics.java","5646","19130","24776"
"2019-02-13 13:19","ServerMetrics.java","706","4646","5352"
"2019-03-05 00:04","ServerMetrics.java","717","5133","5850"
"2019-04-25 02:11","ServerMetrics.java","1364","9792","11156"
"2019-04-12 19:01","ServerMetrics.java","1317","7832","9149"
"2019-07-31 19:06","ServerMetrics.java","8383","32398","40781"
"2019-12-27 22:33","TxnLog.java","104163","266819","370982"
"2009-11-07 08:16","TxnLog.java","8062","51448","59510"
"2018-06-08 16:52","TxnLog.java","27296","166797","194093"
"2013-06-28 23:22","TxnLog.java","22130","122412","144542"
"2019-05-14 17:11","TxnLog.java","103706","242351","346057"
"2017-04-28 07:14","TxnLog.java","26802","159275","186077"
"2019-08-17 17:13","TxnLog.java","103705","257683","361388"
"2017-06-26 00:07","TxnLog.java","27044","159055","186099"
"2019-04-12 19:06","TxnLog.java","103706","239481","343187"
"2019-08-17 17:13","ClientRequestTimeoutTest.java","231870","254163","486033"
"2020-05-17 15:13","ClientRequestTimeoutTest.java","233903","270141","504044"
"2019-02-06 09:46","ZooKeeper.java","203403","233751","437154"
"2019-01-16 14:21","ZooKeeper.java","203402","232027","435429"
"2017-04-18 02:02","ZooKeeper.java","14021","35970","49991"
"2019-11-08 17:30","ZooKeeper.java","203538","261797","465335"
"2019-02-07 11:26","ZooKeeper.java","203403","234380","437783"
"2017-05-01 17:19","ZooKeeper.java","14037","36113","50150"
"2019-08-17 17:13","ZooKeeper.java","203510","256155","459665"
"2015-06-04 19:51","ZooKeeper.java","4090","19150","23240"
"2016-10-07 21:51","ZooKeeper.java","10105","30216","40321"
"2015-03-16 09:09","ZooKeeper.java","3057","15073","18130"
"2015-03-17 18:06","ZooKeeper.java","3166","15892","19058"
"2016-05-02 18:15","ZooKeeper.java","8875","26220","35095"
"2019-06-26 10:57","ZooKeeper.java","203510","244005","447515"
"2019-06-03 19:40","ZooKeeper.java","203510","241486","444996"
"2018-05-09 23:57","ZooKeeper.java","17641","45975","63616"
"2019-08-03 08:42","ZooKeeper.java","203510","256863","460373"
"2016-11-13 20:59","ZooKeeper.java","10288","32652","42940"
"2017-07-28 00:36","ZooKeeper.java","16280","37490","53770"
"2017-08-18 23:35","ZooKeeper.java","16378","38073","54451"
"2017-07-04 07:56","ZooKeeper.java","15264","37084","52348"
"2020-04-16 12:50","ZooKeeper.java","204949","271168","476117"
"2018-07-27 05:16","ZooKeeper.java","36335","66687","103022"
"2019-10-10 14:37","ZooKeeper.java","203510","259908","463418"
"2019-02-11 12:34","ZooKeeper.java","203403","234743","438146"
"2014-07-08 20:18","ZooKeeper.java","1298","4400","5698"
"2020-05-17 15:13","ZooKeeper.java","204960","271550","476510"
"2017-01-09 22:49","ZooKeeper.java","11111","35043","46154"
"2019-03-12 19:08","ZooKeeper.java","203420","236188","439608"
"2014-07-22 06:51","ZooKeeper.java","1917","9217","11134"
"2010-03-04 00:07","FileTxnLog.java","11927","83102","95029"
"2011-06-21 07:34","FileTxnLog.java","14243","104993","119236"
"2014-02-12 17:00","FileTxnLog.java","18432","138212","156644"
"2013-12-11 01:10","FileTxnLog.java","18400","135295","153695"
"2018-01-19 00:43","FileTxnLog.java","22974","171555","194529"
"2009-08-25 07:45","FileTxnLog.java","9375","63095","72470"
"2019-12-27 22:33","FileTxnLog.java","90935","266840","357775"
"2019-10-10 14:37","FileTxnLog.java","90479","261459","351938"
"2018-11-12 22:36","FileTxnLog.java","90452","225771","316223"
"2018-08-01 21:19","FileTxnLog.java","29230","182766","211996"
"2018-04-27 20:28","FileTxnLog.java","23053","173484","196537"
"2018-06-08 16:52","FileTxnLog.java","23046","174924","197970"
"2010-12-23 13:42","FileTxnLog.java","13749","143062","156811"
"2011-09-03 01:07","FileTxnLog.java","12685","110324","123009"
"2011-04-12 09:14","FileTxnLog.java","14146","102846","116992"
"2011-11-15 19:30","FileTxnLog.java","16850","111975","128825"
"2014-06-30 19:11","FileTxnLog.java","19795","144634","164429"
"2020-01-28 17:26","FileTxnLog.java","90935","268560","359495"
"2019-05-14 17:11","FileTxnLog.java","90480","242374","332854"
"2019-01-07 14:24","FileTxnLog.java","90452","232509","322961"
"2013-06-28 23:22","FileTxnLog.java","18317","130976","149293"
"2010-03-16 22:23","FileTxnLog.java","12052","90018","102070"
"2019-04-12 19:01","FileTxnLog.java","90480","239514","329994"
"2017-04-28 07:14","FileTxnLog.java","22592","167442","190034"
"2012-02-06 09:40","FileTxnLog.java","17033","113666","130699"
"2018-09-06 01:11","FileTxnLog.java","55283","210450","265733"
"2018-09-18 01:00","FileTxnLog.java","55324","212745","268069"
"2016-03-20 19:31","FileTxnLog.java","20339","160247","180586"
"2019-08-17 17:13","FileTxnLog.java","90479","257706","348185"
"2009-06-18 18:37","FileTxnLog.java","8536","52256","60792"
"2019-06-03 19:40","FileTxnLog.java","90479","243037","333516"
"2018-04-24 00:20","FileTxnLog.java","23017","173361","196378"
"2018-02-14 21:23","FileTxnLog.java","23008","172468","195476"
"2009-02-20 01:23","FileTxnLog.java","6744","19993","26737"
"2019-08-03 08:42","FileTxnLog.java","90479","258414","348893"
"2019-04-09 15:35","FileTxnLog.java","90458","238542","329000"
"2017-08-03 20:41","FileTxnLog.java","22883","166917","189800"
"2018-02-02 00:26","FileTxnLog.java","22976","171564","194540"
"2017-06-26 00:07","FileTxnLog.java","22836","167224","190060"
"2015-02-06 06:17","StaticHostProviderTest.java","62913","72622","135535"
"2012-11-17 15:03","StaticHostProviderTest.java","53201","31872","85073"
"2012-01-16 03:19","StaticHostProviderTest.java","50064","21571","71635"
"2014-06-27 23:47","StaticHostProviderTest.java","61988","62203","124191"
"2013-11-05 03:02","StaticHostProviderTest.java","55620","47768","103388"
"2014-07-17 22:56","StaticHostProviderTest.java","62365","64556","126921"
"2012-12-20 06:50","StaticHostProviderTest.java","54526","36195","90721"
"2019-08-17 17:13","StaticHostProviderTest.java","218823","256985","475808"
"2018-07-16 05:45","StaticHostProviderTest.java","86904","115116","202020"
"2015-05-10 00:27","StaticHostProviderTest.java","63083","75136","138219"
"2011-09-17 02:13","StaticHostProviderTest.java","47080","18182","65262"
"2013-09-18 12:58","ClientCnxn.java","28645","88353","116998"
"2015-01-31 08:05","ClientCnxn.java","31194","112208","143402"
"2016-05-02 18:15","ClientCnxn.java","33179","120229","153408"
"2014-01-24 07:18","ClientCnxn.java","29047","95487","124534"
"2019-08-17 17:13","ClientCnxn.java","146226","257247","403473"
"2015-05-10 00:27","ClientCnxn.java","31297","114850","146147"
"2017-12-19 19:27","ClientCnxn.java","35458","130837","166295"
"2019-01-31 15:50","ClientCnxn.java","146178","234866","381044"
"2012-08-02 00:24","ClientCnxn.java","26969","74252","101221"
"2019-04-09 15:35","ClientCnxn.java","146193","238071","384264"
"2013-02-03 15:52","ClientCnxn.java","28127","81771","109898"
"2014-12-20 15:29","ClientCnxn.java","31184","112187","143371"
"2012-03-15 18:01","ClientCnxn.java","25454","70347","95801"
"2019-11-08 17:30","ClientCnxn.java","146226","262861","409087"
"2017-06-08 17:59","ClientCnxn.java","35197","126286","161483"
"2012-09-09 20:24","ClientCnxn.java","27034","75056","102090"
"2019-01-16 14:21","ClientCnxn.java","146178","233179","379357"
"2019-01-07 14:24","ClientCnxn.java","146178","232029","378207"
"2019-03-06 03:32","ClientCnxn.java","146193","236999","383192"
"2010-11-11 18:11","ClientCnxn.java","16748","89236","105984"
"2010-11-10 23:36","ClientCnxn.java","16701","89193","105894"
"2011-09-14 07:43","ClientCnxn.java","20453","65231","85684"
"2011-08-19 00:05","ClientCnxn.java","20292","62850","83142"
"2015-02-06 06:17","ClientCnxn.java","31230","112439","143669"
"2019-02-07 11:26","ClientCnxn.java","146179","235532","381711"
"2018-11-05 19:40","ClientCnxn.java","118264","239100","357364"
"2011-04-12 09:14","ClientCnxn.java","21310","53804","75114"
"2010-10-06 18:14","ClientCnxn.java","16243","86017","102260"
"2010-11-30 21:16","ClientCnxn.java","16950","89809","106759"
"2020-05-17 15:13","ClientCnxn.java","147106","272072","419178"
"2018-06-25 12:30","ClientCnxn.java","35644","134549","170193"
"2012-12-19 19:16","ClientCnxn.java","28082","81233","109315"
"2020-03-03 03:12","ClientCnxn.java","147105","269861","416966"
"2018-09-10 11:44","ClientCnxn.java","89087","191177","280264"
"2011-09-28 22:17","ClientCnxn.java","23157","65988","89145"
"2015-06-13 02:42","ClientCnxn.java","31477","116492","147969"
"2010-10-21 02:44","ClientCnxn.java","16403","87828","104231"
"2010-08-05 09:09","ClientCnxn.java","15381","51694","67075"
"2011-05-20 01:17","ClientCnxn.java","21371","54684","76055"
"2014-03-23 04:12","ClientCnxn.java","29190","96267","125457"
"2015-11-09 00:05","ClientCnxn.java","31581","118088","149669"
"2015-12-06 19:58","ClientCnxn.java","31617","118429","150046"
"2020-01-21 17:53","ClientCnxn.java","147105","266122","413227"
"2015-12-05 22:43","ClientCnxn.java","31617","118426","150043"
"2015-12-05 22:32","ClientCnxn.java","31616","118420","150036"
"2010-03-04 02:28","ClientCnxn.java","10918","25902","36820"
"2010-01-25 04:28","ClientCnxn.java","3240","15156","18396"
"2019-10-10 14:37","ClientCnxn.java","146226","261000","407226"
"2014-04-01 04:03","ClientCnxn.java","29319","97239","126558"
"2013-09-18 15:14","ClientCnxn.java","28645","88371","117016"
"2013-09-18 04:08","ClientCnxn.java","28645","88267","116912"
"2019-11-21 05:58","ClientCnxn.java","147105","261293","408398"
"2020-04-16 12:50","ClientCnxn.java","147105","271700","418805"
"2018-07-27 05:16","ClientCnxn.java","47522","147579","195101"
"2010-01-26 03:22","ClientCnxn.java","3346","15810","19156"
"2009-11-07 01:48","ClientCnxn.java","298","703","1001"
"2010-01-05 18:32","ClientCnxn.java","2862","11912","14774"
"2013-09-18 12:58","ClientCnxn.java","28696","87999","116695"
"2015-01-31 08:05","ClientCnxn.java","31247","111856","143103"
"2016-05-02 18:15","ClientCnxn.java","33259","119904","153163"
"2014-01-24 07:18","ClientCnxn.java","29100","95135","124235"
"2019-08-17 17:13","ClientCnxn.java","146571","257187","403758"
"2015-05-10 00:27","ClientCnxn.java","31357","114505","145862"
"2017-12-19 19:27","ClientCnxn.java","35562","130536","166098"
"2019-01-31 15:50","ClientCnxn.java","146521","234804","381325"
"2012-08-02 00:24","ClientCnxn.java","26988","73866","100854"
"2019-04-09 15:35","ClientCnxn.java","146534","238007","384541"
"2013-02-03 15:52","ClientCnxn.java","28167","81406","109573"
"2014-12-20 15:29","ClientCnxn.java","31238","111836","143074"
"2012-03-15 18:01","ClientCnxn.java","25472","69960","95432"
"2019-11-08 17:30","ClientCnxn.java","146571","262801","409372"
"2017-06-08 17:59","ClientCnxn.java","35280","125964","161244"
"2012-09-09 20:24","ClientCnxn.java","27053","74670","101723"
"2019-01-16 14:21","ClientCnxn.java","146521","233117","379638"
"2019-01-07 14:24","ClientCnxn.java","146521","231967","378488"
"2019-03-06 03:32","ClientCnxn.java","146534","236935","383469"
"2010-11-11 18:11","ClientCnxn.java","16759","88842","105601"
"2010-11-10 23:36","ClientCnxn.java","16712","88799","105511"
"2011-09-14 07:43","ClientCnxn.java","20467","64840","85307"
"2011-08-19 00:05","ClientCnxn.java","20307","62460","82767"
"2015-02-06 06:17","ClientCnxn.java","31283","112087","143370"
"2019-02-07 11:26","ClientCnxn.java","146522","235470","381992"
"2018-11-05 19:40","ClientCnxn.java","118607","239038","357645"
"2011-04-12 09:14","ClientCnxn.java","21324","53413","74737"
"2010-10-06 18:14","ClientCnxn.java","16206","85575","101781"
"2010-11-30 21:16","ClientCnxn.java","16961","89415","106376"
"2020-05-17 15:13","ClientCnxn.java","147511","272072","419583"
"2018-06-25 12:30","ClientCnxn.java","35749","134249","169998"
"2012-12-19 19:16","ClientCnxn.java","28121","80867","108988"
"2020-03-03 03:12","ClientCnxn.java","147510","269861","417371"
"2018-09-10 11:44","ClientCnxn.java","89194","190879","280073"
"2011-09-28 22:17","ClientCnxn.java","23172","65598","88770"
"2015-06-13 02:42","ClientCnxn.java","31537","116147","147684"
"2010-10-21 02:44","ClientCnxn.java","16367","87387","103754"
"2010-08-05 09:09","ClientCnxn.java","15264","51172","66436"
"2011-05-20 01:17","ClientCnxn.java","21386","54294","75680"
"2014-03-23 04:12","ClientCnxn.java","29243","95915","125158"
"2015-11-09 00:05","ClientCnxn.java","31657","117759","149416"
"2015-12-06 19:58","ClientCnxn.java","31693","118100","149793"
"2020-01-21 17:53","ClientCnxn.java","147510","266122","413632"
"2015-12-05 22:43","ClientCnxn.java","31693","118097","149790"
"2015-12-05 22:32","ClientCnxn.java","31692","118091","149783"
"2010-03-04 02:28","ClientCnxn.java","10802","25381","36183"
"2010-01-25 04:28","ClientCnxn.java","3016","14527","17543"
"2019-10-10 14:37","ClientCnxn.java","146571","260940","407511"
"2014-04-01 04:03","ClientCnxn.java","29372","96887","126259"
"2013-09-18 15:14","ClientCnxn.java","28696","88017","116713"
"2013-09-18 04:08","ClientCnxn.java","28696","87913","116609"
"2019-11-21 05:58","ClientCnxn.java","147510","261293","408803"
"2020-04-16 12:50","ClientCnxn.java","147510","271700","419210"
"2018-07-27 05:16","ClientCnxn.java","47628","147280","194908"
"2010-01-26 03:22","ClientCnxn.java","3230","15289","18519"
"2010-01-05 18:32","ClientCnxn.java","2635","11280","13915"
"2019-08-17 17:13","ServerMetricsTest.java","156211","174230","330441"
"2019-01-07 14:39","ServerMetricsTest.java","153914","146772","300686"
"2019-10-10 14:37","SessionTrackerImpl.java","186333","260166","446499"
"2019-09-20 10:02","SessionTrackerImpl.java","186333","259333","445666"
"2013-10-09 22:21","SessionTrackerImpl.java","2924","13556","16480"
"2020-03-26 22:16","SessionTrackerImpl.java","187678","270550","458228"
"2015-03-08 23:07","SessionTrackerImpl.java","12368","41481","53849"
"2014-07-25 00:58","SessionTrackerImpl.java","11556","36391","47947"
"2014-07-23 20:17","SessionTrackerImpl.java","11557","36386","47943"
"2015-02-06 06:17","SessionTrackerImpl.java","12304","41243","53547"
"2014-07-18 02:19","SessionTrackerImpl.java","11457","35645","47102"
"2018-09-18 01:00","SessionTrackerImpl.java","109171","161232","270403"
"2019-09-05 23:12","SessionTrackerImpl.java","186333","257332","443665"
"2019-08-17 17:13","SessionTrackerImpl.java","186333","256413","442746"
"2018-08-08 06:21","SessionTrackerImpl.java","84804","133759","218563"
"2018-05-09 23:57","SessionTrackerImpl.java","24180","69949","94129"
"2019-04-22 19:15","SessionTrackerImpl.java","186317","239179","425496"
"2020-02-16 10:25","QuorumDigestAuthTest.java","229836","267491","497327"
"2019-11-29 14:49","QuorumDigestAuthTest.java","229834","263406","493240"
"2019-08-17 17:13","QuorumDigestAuthTest.java","228064","255079","483143"
"2019-10-10 14:37","WatcherCleaner.java","38399","71812","110211"
"2019-08-17 17:13","WatcherCleaner.java","36422","66082","102504"
"2019-03-05 00:04","WatcherCleaner.java","8413","17781","26194"
"2019-04-12 19:01","WatcherCleaner.java","8986","20453","29439"
"2018-10-16 16:22","QuorumPeerConfig.java","201811","231628","433439"
"2018-12-09 03:16","QuorumPeerConfig.java","223710","227788","451498"
"2019-04-12 19:01","QuorumPeerConfig.java","223811","237038","460849"
"2018-09-11 15:23","QuorumPeerConfig.java","102947","115093","218040"
"2018-12-15 07:34","QuorumPeerConfig.java","223710","227703","451413"
"2019-02-13 13:12","QuorumPeerConfig.java","223733","234099","457832"
"2019-08-17 17:13","QuorumPeerConfig.java","223830","255250","479080"
"2017-11-28 00:10","QuorumPeerConfig.java","2747","7152","9899"
"2019-06-05 00:29","QuorumPeerConfig.java","223829","240916","464745"
"2020-01-09 11:27","QuorumPeerConfig.java","225457","264980","490437"
"2019-07-12 17:01","QuorumPeerConfig.java","223830","250563","474393"
"2019-05-15 11:56","QuorumPeerConfig.java","223811","239985","463796"
"2018-10-01 06:11","QuorumPeerConfig.java","103764","119744","223508"
"2017-07-28 00:36","QuorumPeerConfig.java","1904","1889","3793"
"2017-07-06 18:48","QuorumPeerConfig.java","362","1229","1591"
"2020-01-23 13:43","QuorumPeerConfig.java","225457","266804","492261"
"2019-10-10 14:37","QuorumPeerConfig.java","223830","259003","482833"
"2018-07-27 12:32","QuorumPeerConfig.java","24781","34100","58881"
"2019-04-18 19:17","QuorumPeerConfig.java","223811","237748","461559"
"2020-02-16 10:25","QuorumPeerConfig.java","225457","267517","492974"
"2020-05-14 18:18","QuorumPeerConfig.java","225550","270835","496385"
"2019-08-17 17:13","ObserverQuorumHammerTest.java","178405","256932","435337"
"2010-03-31 06:26","ToStringTest.java","9396","87872","97268"
"2019-08-17 17:13","ToStringTest.java","90187","257702","347889"
"2019-10-10 14:37","ClientTest.java","133993","261253","395246"
"2009-09-16 02:09","ClientTest.java","3833","14339","18172"
"2019-12-28 16:17","ClientTest.java","134632","266724","401356"
"2009-10-31 00:09","ClientTest.java","5339","17825","23164"
"2009-11-07 01:48","ClientTest.java","5617","18508","24125"
"2010-01-05 18:32","ClientTest.java","7067","28603","35670"
"2010-03-09 03:09","ClientTest.java","13288","46532","59820"
"2014-07-25 01:31","ClientTest.java","29467","117028","146495"
"2017-01-09 22:49","ClientTest.java","32060","136064","168124"
"2010-09-15 07:51","ClientTest.java","17812","99917","117729"
"2011-04-12 09:14","ClientTest.java","22214","67194","89408"
"2014-07-08 20:18","ClientTest.java","29327","112501","141828"
"2017-05-01 17:19","ClientTest.java","32838","134986","167824"
"2018-11-22 17:56","ClientTest.java","133949","226153","360102"
"2013-01-25 02:17","ClientTest.java","26768","90443","117211"
"2017-06-30 22:43","ClientTest.java","33212","134881","168093"
"2009-06-25 00:59","ClientTest.java","2163","9035","11198"
"2019-03-06 03:32","ClientTest.java","133957","237249","371206"
"2012-12-11 08:42","ClientTest.java","26338","87753","114091"
"2012-10-31 19:38","ClientTest.java","26179","84767","110946"
"2019-08-17 17:13","ClientTest.java","133993","257500","391493"
"2014-02-12 17:00","LearnerHandler.java","13777","47382","61159"
"2014-03-23 04:12","LearnerHandler.java","13946","47938","61884"
"2019-10-10 14:37","LearnerHandler.java","180329","260659","440988"
"2015-06-05 20:38","LearnerHandler.java","21387","73070","94457"
"2015-06-05 20:51","LearnerHandler.java","21387","73097","94484"
"2015-06-12 23:02","LearnerHandler.java","21401","73209","94610"
"2013-09-26 14:05","LearnerHandler.java","13212","40126","53338"
"2019-07-03 20:54","LearnerHandler.java","180329","244900","425229"
"2011-09-14 08:56","LearnerHandler.java","1575","13624","15199"
"2011-08-30 08:37","LearnerHandler.java","1366","12206","13572"
"2011-09-17 02:36","LearnerHandler.java","4727","14216","18943"
"2012-04-23 01:20","LearnerHandler.java","10672","23456","34128"
"2013-06-28 23:22","LearnerHandler.java","13174","39658","52832"
"2018-09-18 01:00","LearnerHandler.java","107511","178757","286268"
"2012-02-06 09:40","LearnerHandler.java","7884","18342","26226"
"2013-05-14 14:27","LearnerHandler.java","12949","37696","50645"
"2018-08-03 18:52","LearnerHandler.java","45511","113181","158692"
"2018-12-09 03:16","LearnerHandler.java","180263","229498","409761"
"2019-04-12 19:01","LearnerHandler.java","180330","238714","419044"
"2013-03-07 07:01","LearnerHandler.java","12918","37540","50458"
"2017-11-28 00:10","LearnerHandler.java","28160","90410","118570"
"2019-06-29 00:33","LearnerHandler.java","180329","244893","425222"
"2013-05-11 15:35","LearnerHandler.java","12926","37596","50522"
"2019-07-25 21:41","LearnerHandler.java","180329","253389","433718"
"2019-08-23 19:43","LearnerHandler.java","180329","257572","437901"
"2019-08-17 17:13","LearnerHandler.java","180329","256906","437235"
"2017-06-26 00:16","LearnerHandler.java","27814","86021","113835"
"2017-08-03 20:28","LearnerHandler.java","27841","85696","113537"
"2012-07-29 07:02","LearnerHandler.java","10750","24937","35687"
"2019-05-06 17:48","LearnerHandler.java","180330","241220","421550"
"2019-08-03 08:42","LearnerHandler.java","180329","257614","437943"
"2019-04-22 19:15","LearnerHandler.java","180330","239689","420019"
"2019-10-10 14:37","ClientTest.java","3717","7470","11187"
"2019-12-28 16:17","ClientTest.java","10230","18815","29045"
"2017-06-08 17:51","ClientBase.java","12946","22583","35529"
"2017-04-18 01:37","ClientBase.java","11991","22260","34251"
"2018-09-07 02:49","ClientBase.java","112334","133041","245375"
"2019-07-31 19:06","ClientBase.java","215122","255396","470518"
"2017-09-11 18:55","ClientBase.java","15030","25125","40155"
"2019-08-17 17:13","ClientBase.java","215122","256089","471211"
"2015-03-28 20:08","ClientBase.java","209","2246","2455"
"2019-06-07 14:13","ClientBase.java","215121","242192","457313"
"2018-04-24 00:20","ClientBase.java","16000","31871","47871"
"2018-08-08 06:21","ClientBase.java","83378","103220","186598"
"2018-05-09 23:57","ClientBase.java","16187","32843","49030"
"2019-06-24 11:05","ClientBase.java","215121","243421","458542"
"2017-01-13 19:29","ClientBase.java","8845","21280","30125"
"2016-06-23 23:25","ClientBase.java","6596","13125","19721"
"2019-11-14 16:44","ClientBase.java","215151","264145","479296"
"2019-10-10 14:37","ClientBase.java","215122","259842","474964"
"2016-08-24 01:36","ClientBase.java","7438","14538","21976"
"2019-06-07 14:13","SessionTest.java","158476","243137","401613"
"2019-08-17 17:13","SessionTest.java","158476","257033","415509"
"2017-09-11 18:55","SessionTest.java","36089","115403","151492"
"2010-11-04 17:01","SessionTest.java","15506","74573","90079"
"2018-09-22 06:48","SessionTest.java","97522","189758","287280"
"2011-10-25 08:09","SessionTest.java","24626","53501","78127"
"2010-08-17 09:24","SessionTest.java","14261","39886","54147"
"2011-04-12 09:14","SessionTest.java","20730","40760","61490"
"2010-03-31 06:26","SessionTest.java","10739","20257","30996"
"2010-08-18 08:24","SessionTest.java","15297","44282","59579"
"2010-10-21 02:44","SessionTest.java","15495","74456","89951"
"2010-08-05 09:09","SessionTest.java","13967","37816","51783"
"2013-12-21 22:05","SessionTest.java","29081","81522","110603"
"2010-03-12 19:26","SessionTest.java","9097","18357","27454"
"2019-10-10 14:37","SessionTest.java","158476","260786","419262"
"2015-07-07 07:11","SessionTest.java","31825","104959","136784"
"2019-12-28 16:17","SessionTest.java","159505","266647","426152"
"2013-09-18 12:58","ClientCnxn.java","28815","79773","108588"
"2015-01-31 08:05","ClientCnxn.java","31440","103704","135144"
"2016-05-02 18:15","ClientCnxn.java","33518","111818","145336"
"2014-01-24 07:18","ClientCnxn.java","29224","86914","116138"
"2019-08-17 17:13","ClientCnxn.java","155102","257073","412175"
"2015-05-10 00:27","ClientCnxn.java","31562","106365","137927"
"2017-12-19 19:27","ClientCnxn.java","36006","122635","158641"
"2019-01-31 15:50","ClientCnxn.java","155050","234688","389738"
"2012-08-02 00:24","ClientCnxn.java","26998","65531","92529"
"2019-04-09 15:35","ClientCnxn.java","155064","237892","392956"
"2013-02-03 15:52","ClientCnxn.java","28241","73135","101376"
"2014-12-20 15:29","ClientCnxn.java","31430","103683","135113"
"2012-03-15 18:01","ClientCnxn.java","25430","61573","87003"
"2019-11-08 17:30","ClientCnxn.java","155102","262687","417789"
"2017-06-08 17:59","ClientCnxn.java","35692","118031","153723"
"2012-09-09 20:24","ClientCnxn.java","27063","66335","93398"
"2019-01-16 14:21","ClientCnxn.java","155050","233001","388051"
"2019-01-07 14:24","ClientCnxn.java","155050","231851","386901"
"2019-03-06 03:32","ClientCnxn.java","155063","236819","391882"
"2010-11-11 18:11","ClientCnxn.java","16117","79555","95672"
"2010-11-10 23:36","ClientCnxn.java","16070","79512","95582"
"2011-09-14 07:43","ClientCnxn.java","20141","56169","76310"
"2011-08-19 00:05","ClientCnxn.java","19963","53771","73734"
"2015-02-06 06:17","ClientCnxn.java","31481","103940","135421"
"2019-02-07 11:26","ClientCnxn.java","155051","235354","390405"
"2018-11-05 19:40","ClientCnxn.java","126417","238503","364920"
"2011-04-12 09:14","ClientCnxn.java","20876","44320","65196"
"2010-10-06 18:14","ClientCnxn.java","15490","76214","91704"
"2010-11-30 21:16","ClientCnxn.java","16325","80134","96459"
"2020-05-17 15:13","ClientCnxn.java","156093","272009","428102"
"2018-06-25 12:30","ClientCnxn.java","36216","126371","162587"
"2012-12-19 19:16","ClientCnxn.java","28192","72593","100785"
"2020-03-03 03:12","ClientCnxn.java","156091","269797","425888"
"2018-09-10 11:44","ClientCnxn.java","94441","187781","282222"
"2011-09-28 22:17","ClientCnxn.java","22974","57055","80029"
"2015-06-13 02:42","ClientCnxn.java","31733","107998","139731"
"2010-10-21 02:44","ClientCnxn.java","15660","78035","93695"
"2010-08-05 09:09","ClientCnxn.java","14307","41570","55877"
"2011-05-20 01:17","ClientCnxn.java","20994","45257","66251"
"2014-03-23 04:12","ClientCnxn.java","29382","87709","117091"
"2015-11-09 00:05","ClientCnxn.java","31872","109629","141501"
"2015-12-06 19:58","ClientCnxn.java","31909","109971","141880"
"2020-01-21 17:53","ClientCnxn.java","156091","266058","422149"
"2015-12-05 22:43","ClientCnxn.java","31909","109968","141877"
"2015-12-05 22:32","ClientCnxn.java","31908","109962","141870"
"2010-03-04 02:28","ClientCnxn.java","8952","14886","23838"
"2010-01-25 04:28","ClientCnxn.java","498","3364","3862"
"2019-10-10 14:37","ClientCnxn.java","155102","260826","415928"
"2014-04-01 04:03","ClientCnxn.java","29510","88680","118190"
"2013-09-18 15:14","ClientCnxn.java","28815","79791","108606"
"2013-09-18 04:08","ClientCnxn.java","28815","79687","108502"
"2019-11-21 05:58","ClientCnxn.java","156091","261229","417320"
"2020-04-16 12:50","ClientCnxn.java","156091","271636","427727"
"2018-07-27 05:16","ClientCnxn.java","52705","144012","196717"
"2010-01-26 03:22","ClientCnxn.java","937","4351","5288"
"2010-03-11 04:17","NIOServerCnxn.java","12830","77474","90304"
"2011-05-03 23:29","NIOServerCnxn.java","17956","94104","112060"
"2009-11-07 01:48","NIOServerCnxn.java","8249","51964","60213"
"2009-12-03 23:30","NIOServerCnxn.java","8751","60422","69173"
"2010-01-26 01:17","NIOServerCnxn.java","9693","65328","75021"
"2009-11-12 20:53","NIOServerCnxn.java","8355","52657","61012"
"2019-11-21 05:58","NIOServerCnxn.java","103814","261312","365126"
"2015-11-08 22:36","NIOServerCnxn.java","24373","151867","176240"
"2019-11-18 09:05","NIOServerCnxn.java","103814","261289","365103"
"2013-09-10 00:37","NIOServerCnxn.java","22262","122816","145078"
"2019-09-16 23:26","NIOServerCnxn.java","103356","260706","364062"
"2019-10-10 14:37","NIOServerCnxn.java","103356","261440","364796"
"2013-10-05 00:57","NIOServerCnxn.java","22272","123580","145852"
"2018-09-28 23:38","NIOServerCnxn.java","60887","208858","269745"
"2010-08-18 08:24","NIOServerCnxn.java","14338","99097","113435"
"2010-05-04 23:45","NIOServerCnxn.java","13803","78848","92651"
"2010-03-09 03:00","NIOServerCnxn.java","12740","76764","89504"
"2020-02-11 06:50","NIOServerCnxn.java","103814","268664","372478"
"2019-01-23 14:00","NIOServerCnxn.java","103329","234387","337716"
"2019-07-08 23:26","NIOServerCnxn.java","103356","246463","349819"
"2019-04-12 19:01","NIOServerCnxn.java","103357","239495","342852"
"2019-01-14 19:38","NIOServerCnxn.java","103329","232952","336281"
"2018-11-17 18:33","NIOServerCnxn.java","103329","225735","329064"
"2017-03-04 19:22","NIOServerCnxn.java","26867","159260","186127"
"2011-08-19 00:05","NIOServerCnxn.java","16355","99979","116334"
"2013-12-11 19:22","NIOServerCnxn.java","22352","127714","150066"
"2012-02-11 00:34","NIOServerCnxn.java","21045","105840","126885"
"2016-12-22 23:23","NIOServerCnxn.java","26349","160732","187081"
"2018-09-18 01:00","NIOServerCnxn.java","60798","206195","266993"
"2019-08-17 17:13","NIOServerCnxn.java","103356","257687","361043"
"2009-06-15 22:52","NIOServerCnxn.java","4137","33890","38027"
"2015-06-28 21:09","NIOServerCnxn.java","24310","150496","174806"
"2015-03-28 20:08","NIOServerCnxn.java","24247","148733","172980"
"2019-07-03 00:44","NIOServerCnxn.java","103356","245700","349056"
"2019-08-03 08:42","NIOServerCnxn.java","103356","258395","361751"
"2016-11-16 06:21","NIOServerCnxn.java","26185","159867","186052"
"2012-12-19 19:07","NIOServerCnxn.java","21810","115146","136956"
"2019-08-17 17:13","MetricsProviderBootstrap.java","154959","174233","329192"
"2019-05-08 21:54","MetricsProviderBootstrap.java","153032","156808","309840"
"2015-05-14 07:10","CnxManagerTest.java","32161","119891","152052"
"2020-03-12 14:47","CnxManagerTest.java","142969","270082","413051"
"2019-08-17 17:13","CnxManagerTest.java","142329","257499","399828"
"2019-06-03 19:40","CnxManagerTest.java","142329","242830","385159"
"2017-11-28 00:10","CnxManagerTest.java","36032","135383","171415"
"2019-07-12 17:01","CnxManagerTest.java","142329","252812","395141"
"2019-05-08 21:54","CnxManagerTest.java","142329","242001","384330"
"2019-08-06 12:52","CnxManagerTest.java","142329","258472","400801"
"2019-06-14 09:06","CnxManagerTest.java","142329","245497","387826"
"2013-03-07 07:01","CnxManagerTest.java","29488","91211","120699"
"2019-11-29 14:49","CnxManagerTest.java","142969","264696","407665"
"2011-04-29 18:12","CnxManagerTest.java","22867","59845","82712"
"2015-02-06 06:17","CnxManagerTest.java","32042","117267","149309"
"2010-11-17 15:59","CnxManagerTest.java","18497","95118","113615"
"2017-09-11 18:55","CnxManagerTest.java","35974","131468","167442"
"2010-10-20 00:32","CnxManagerTest.java","17934","93441","111375"
"2011-03-16 19:49","CnxManagerTest.java","18713","96829","115542"
"2011-04-12 09:14","CnxManagerTest.java","22831","59474","82305"
"2010-10-06 19:01","CnxManagerTest.java","17914","91928","109842"
"2011-09-17 02:13","CnxManagerTest.java","24440","71058","95498"
"2010-03-31 06:26","CnxManagerTest.java","14525","40656","55181"
"2011-09-14 06:32","CnxManagerTest.java","21861","70450","92311"
"2020-02-16 10:25","CnxManagerTest.java","142969","268779","411748"
"2014-06-25 15:04","CnxManagerTest.java","31522","106693","138215"
"2015-11-03 08:11","CnxManagerTest.java","32318","122564","154882"
"2009-08-07 23:00","CnxManagerTest.java","94","759","853"
"2019-10-10 14:37","CnxManagerTest.java","142329","261252","403581"
"2014-07-23 19:36","CnxManagerTest.java","31876","112953","144829"
