"2019-08-17 17:13","ZooDefs.java","39048","26898","65946"
"2019-11-08 17:30","ZooDefs.java","47271","29507","76778"
"2019-07-31 19:06","ZooDefs.java","14595","3138","17733"
"2019-08-17 17:13","TruncateTest.java","43284","29388","72672"
"2019-07-12 17:01","TruncateTest.java","13592","4383","17975"
"2020-01-28 17:26","TruncateTest.java","63428","39134","102562"
"2019-04-12 19:01","ZooKeeperServer.java","154089","153610","307699"
"2019-07-31 19:06","ZooKeeperServer.java","173506","155527","329033"
"2019-09-11 10:27","ZooKeeperServer.java","176575","156547","333122"
"2019-01-14 19:38","ZooKeeperServer.java","147229","153265","300494"
"2019-01-07 15:34","ZooKeeperServer.java","146830","153265","300095"
"2018-11-21 17:56","ZooKeeperServer.java","133745","146983","280728"
"2019-02-13 13:12","ZooKeeperServer.java","151036","153418","304454"
"2018-09-18 01:00","ZooKeeperServer.java","774","121","895"
"2019-03-04 08:07","ZooKeeperServer.java","151618","153423","305041"
"2019-07-08 23:26","ZooKeeperServer.java","162338","154890","317228"
"2019-01-23 14:00","ZooKeeperServer.java","148722","153323","302045"
"2019-02-13 13:19","ZooKeeperServer.java","151322","153418","304740"
"2019-05-14 17:11","ZooKeeperServer.java","156973","153634","310607"
"2019-06-04 10:55","ZooKeeperServer.java","157813","153657","311470"
"2019-04-09 15:35","ZooKeeperServer.java","153060","153531","306591"
"2019-08-03 08:42","ZooKeeperServer.java","174920","155540","330460"
"2019-05-15 11:56","ZooKeeperServer.java","157060","153634","310694"
"2019-05-22 11:39","ZooKeeperServer.java","157509","153637","311146"
"2019-04-22 19:15","ZooKeeperServer.java","155064","153610","308674"
"2019-09-10 04:26","ZooKeeperServer.java","176260","156543","332803"
"2019-08-17 17:13","ZooKeeperServer.java","174233","155561","329794"
"2019-09-05 23:12","ZooKeeperServer.java","176134","156543","332677"
"2019-09-10 15:21","ZooKeeperServer.java","176258","156543","332801"
"2019-08-01 07:31","ZooKeeperServer.java","174870","155527","330397"
"2019-08-01 07:28","ZooKeeperServer.java","174380","155527","329907"
"2019-06-03 19:40","ZooKeeperServer.java","157660","153657","311317"
"2019-11-23 17:08","ZooKeeperServer.java","182112","158739","340851"
"2019-10-09 16:49","ZooKeeperServer.java","178808","156550","335358"
"2019-07-03 00:44","ZooKeeperServer.java","161575","154890","316465"
"2019-07-24 18:00","ZooKeeperServer.java","170020","154893","324913"
"2019-12-27 22:33","ZooKeeperServer.java","186102","158752","344854"
"2019-11-18 09:05","ZooKeeperServer.java","180359","158543","338902"
"2019-10-10 14:37","ZooKeeperServer.java","178988","156563","335551"
"2019-09-16 23:26","ZooKeeperServer.java","178238","156547","334785"
"2019-12-03 10:01","ZooKeeperServer.java","184014","158739","342753"
"2020-03-25 03:38","ZooKeeperServer.java","190350","158893","349243"
"2019-11-28 12:24","ZooKeeperServer.java","182317","158739","341056"
"2019-11-06 15:21","ZooKeeperServer.java","179258","156617","335875"
"2020-04-12 11:14","ZooKeeperServer.java","191348","159138","350486"
"2019-04-18 19:17","ZooKeeperServer.java","154799","153610","308409"
"2019-08-17 17:13","LeaderElectionMXBean.java","257706","90102","347808"
"2019-07-31 19:06","ZooKeeperServer.java","24727","7227","31954"
"2019-09-11 10:27","ZooKeeperServer.java","50461","30912","81373"
"2019-07-08 23:26","ZooKeeperServer.java","11448","4479","15927"
"2019-05-14 17:11","ZooKeeperServer.java","3276","416","3692"
"2019-06-04 10:55","ZooKeeperServer.java","4626","949","5575"
"2019-08-03 08:42","ZooKeeperServer.java","26477","7576","34053"
"2019-05-15 11:56","ZooKeeperServer.java","3435","488","3923"
"2019-05-22 11:39","ZooKeeperServer.java","3966","573","4539"
"2019-04-22 19:15","ZooKeeperServer.java","998","23","1021"
"2019-09-10 04:26","ZooKeeperServer.java","50108","30870","80978"
"2019-08-17 17:13","ZooKeeperServer.java","47813","29620","77433"
"2019-09-05 23:12","ZooKeeperServer.java","49948","30836","80784"
"2019-09-10 15:21","ZooKeeperServer.java","50116","30880","80996"
"2019-08-01 07:31","ZooKeeperServer.java","26171","7307","33478"
"2019-08-01 07:28","ZooKeeperServer.java","25608","7234","32842"
"2019-06-03 19:40","ZooKeeperServer.java","4304","780","5084"
"2019-11-23 17:08","ZooKeeperServer.java","60036","37142","97178"
"2019-10-09 16:49","ZooKeeperServer.java","53029","31250","84279"
"2019-07-03 00:44","ZooKeeperServer.java","10602","4396","14998"
"2019-07-24 18:00","ZooKeeperServer.java","20449","5801","26250"
"2019-12-27 22:33","ZooKeeperServer.java","64489","37618","102107"
"2019-11-18 09:05","ZooKeeperServer.java","58284","36947","95231"
"2019-10-10 14:37","ZooKeeperServer.java","53666","31720","85386"
"2019-09-16 23:26","ZooKeeperServer.java","52124","30912","83036"
"2019-12-03 10:01","ZooKeeperServer.java","62268","37472","99740"
"2020-03-25 03:38","ZooKeeperServer.java","70200","39222","109422"
"2019-11-28 12:24","ZooKeeperServer.java","60297","37198","97495"
"2019-11-06 15:21","ZooKeeperServer.java","54018","31856","85874"
"2020-04-12 11:14","ZooKeeperServer.java","71542","39811","111353"
"2019-04-18 19:17","ZooKeeperServer.java","733","23","756"
"2019-02-18 17:05","NettyServerCnxn.java","3175","643","3818"
"2019-02-12 15:25","NettyServerCnxn.java","2555","457","3012"
"2019-04-12 19:01","NettyServerCnxn.java","6336","1256","7592"
"2019-08-17 17:13","NettyServerCnxn.java","53344","30071","83415"
"2019-07-03 00:44","NettyServerCnxn.java","16818","5532","22350"
"2019-11-23 17:08","NettyServerCnxn.java","65317","37343","102660"
"2019-07-23 15:55","NettyServerCnxn.java","26178","6897","33075"
"2019-05-06 18:32","NettyServerCnxn.java","9194","1567","10761"
"2019-04-22 19:15","NettyServerCnxn.java","7333","1278","8611"
"2019-08-03 08:42","NettyServerCnxn.java","32658","8677","41335"
"2019-11-18 09:05","NettyServerCnxn.java","63578","37161","100739"
"2019-11-21 05:58","NettyServerCnxn.java","63611","37171","100782"
"2019-09-16 23:26","NettyServerCnxn.java","57642","31350","88992"
"2019-10-10 14:37","NettyServerCnxn.java","59146","32120","91266"
"2018-11-27 10:02","PrependableSocket.java","58568","86631","145199"
"2019-08-17 17:13","PrependableSocket.java","111485","109882","221367"
"2019-08-17 17:13","ResponseCacheTest.java","47813","29620","77433"
"2019-11-18 09:05","ResponseCacheTest.java","58284","36947","95231"
"2019-07-25 21:41","LeaderMXBean.java","29140","7548","36688"
"2019-08-17 17:13","LeaderMXBean.java","54988","29879","84867"
"2011-09-17 02:13","FLERestartTest.java","16250","4783","21033"
"2019-10-10 14:37","FLERestartTest.java","260685","178405","439090"
"2019-08-17 17:13","FLERestartTest.java","256932","178405","435337"
"2019-07-12 17:01","FLERestartTest.java","252245","178405","430650"
"2017-09-11 18:55","FLERestartTest.java","88187","27844","116031"
"2020-01-23 16:46","FileTxnSnapLog.java","3143","1894","5037"
"2020-01-28 17:26","FileTxnSnapLog.java","3701","1981","5682"
"2020-01-30 09:43","FileTxnSnapLog.java","3804","2008","5812"
"2010-04-22 07:42","GetTest.java","55038","15595","70633"
"2010-08-17 09:24","GetTest.java","73013","16154","89167"
"2011-04-12 09:14","GetTest.java","72010","20746","92756"
"2015-07-07 07:11","GetTest.java","129600","27714","157314"
"2014-06-04 22:07","HierarchicalQuorumTest.java","36416","11627","48043"
"2019-08-17 17:13","HierarchicalQuorumTest.java","256468","179987","436455"
"2019-07-12 17:01","HierarchicalQuorumTest.java","251781","179987","431768"
"2019-10-10 14:37","HierarchicalQuorumTest.java","260221","179987","440208"
"2018-06-26 11:18","HierarchicalQuorumTest.java","77673","24511","102184"
"2017-05-11 16:59","HierarchicalQuorumTest.java","67651","22590","90241"
"2015-02-06 06:17","SimpleSysTest.java","148828","24394","173222"
"2019-08-17 17:13","SimpleSysTest.java","257689","100735","358424"
"2015-07-07 07:11","SimpleSysTest.java","153026","24503","177529"
"2011-04-12 09:14","SimpleSysTest.java","96641","18214","114855"
"2019-08-17 17:13","WatcherTest.java","255887","220587","476474"
"2017-02-16 01:16","WatcherTest.java","10131","6305","16436"
"2019-09-18 11:20","WatcherTest.java","258799","220587","479386"
"2019-04-12 19:01","BaseTestMetricsProvider.java","154089","153008","307097"
"2019-06-04 10:55","BaseTestMetricsProvider.java","157813","153055","310868"
"2019-08-17 17:13","BaseTestMetricsProvider.java","174233","154959","329192"
"2019-08-17 17:13","MultiResponse.java","39048","26898","65946"
"2017-09-11 18:55","FilterOp.java","88187","27844","116031"
"2015-07-10 08:19","ServerStats.java","156160","17214","173374"
"2019-04-12 19:01","ServerStats.java","239514","90103","329617"
"2015-02-06 06:17","ServerStats.java","151831","17121","168952"
"2014-07-18 02:19","ServerStats.java","146940","16981","163921"
"2019-01-07 14:39","ServerStats.java","232518","90075","322593"
"2012-02-11 00:34","ServerStats.java","111324","14094","125418"
"2018-09-18 01:00","ServerStats.java","210749","52917","263666"
"2019-08-17 17:13","ServerStats.java","257706","90102","347808"
"2018-07-12 01:33","ServerStats.java","179111","26353","205464"
"2011-12-28 07:07","ServerStats.java","110218","13912","124130"
"2018-06-08 16:52","ServerStats.java","172422","20133","192555"
"2020-04-01 17:02","ZooKeeperMain.java","571","247","818"
"2019-09-11 10:27","ZooKeeperServer.java","28427","26378","54805"
"2019-08-03 08:42","ZooKeeperServer.java","1770","369","2139"
"2019-09-10 04:26","ZooKeeperServer.java","27874","26136","54010"
"2019-08-17 17:13","ZooKeeperServer.java","25455","24762","50217"
"2019-09-05 23:12","ZooKeeperServer.java","27713","26101","53814"
"2019-09-10 15:21","ZooKeeperServer.java","28074","26338","54412"
"2019-08-01 07:31","ZooKeeperServer.java","1447","83","1530"
"2019-08-01 07:28","ZooKeeperServer.java","881","7","888"
"2019-11-23 17:08","ZooKeeperServer.java","38289","32895","71184"
"2019-10-09 16:49","ZooKeeperServer.java","31230","26951","58181"
"2019-12-27 22:33","ZooKeeperServer.java","42830","33459","76289"
"2019-11-18 09:05","ZooKeeperServer.java","36525","32688","69213"
"2019-10-10 14:37","ZooKeeperServer.java","31893","27447","59340"
"2019-09-16 23:26","ZooKeeperServer.java","30299","26587","56886"
"2019-12-03 10:01","ZooKeeperServer.java","40562","33266","73828"
"2020-03-25 03:38","ZooKeeperServer.java","48747","35269","84016"
"2019-11-28 12:24","ZooKeeperServer.java","38552","32953","71505"
"2019-11-06 15:21","ZooKeeperServer.java","32249","27587","59836"
"2020-04-12 11:14","ZooKeeperServer.java","50143","35912","86055"
"2020-04-30 18:53","RequestThrottler.java","26534","12849","39383"
"2020-03-25 03:38","RequestThrottler.java","24918","12133","37051"
"2019-11-28 12:24","RequestThrottler.java","14222","9316","23538"
"2019-09-16 23:26","RequestThrottler.java","4958","1939","6897"
"2019-01-14 19:38","ServerCnxn.java","15870","8653","24523"
"2019-04-12 19:01","ServerCnxn.java","23477","9745","33222"
"2019-07-08 23:26","ServerCnxn.java","34378","13677","48055"
"2019-08-17 17:13","ServerCnxn.java","68633","36708","105341"
"2019-07-03 00:44","ServerCnxn.java","33552","13614","47166"
"2019-11-18 09:05","ServerCnxn.java","78674","43605","122279"
"2020-02-26 22:41","ServerCnxn.java","88027","45448","133475"
"2019-11-11 13:59","ServerCnxn.java","78134","38799","116933"
"2015-02-06 06:17","ConnectionBean.java","151831","17121","168952"
"2019-08-17 17:13","ConnectionBean.java","257706","90102","347808"
"2009-02-06 22:19","ConnectionBean.java","16286","2800","19086"
"2010-03-11 04:17","ConnectionBean.java","86690","8773","95463"
"2009-11-12 20:53","ConnectionBean.java","65238","7663","72901"
"2009-11-07 01:48","ConnectionBean.java","64545","7557","72102"
"2019-10-10 14:37","ConnectionBean.java","261459","90102","351561"
"2011-04-12 09:14","ConnectionBean.java","100048","10971","111019"
"2010-08-18 08:24","ConnectionBean.java","108101","10069","118170"
"2019-06-04 10:55","LeaderZooKeeperServer.java","22091","9265","31356"
"2019-08-17 17:13","LeaderZooKeeperServer.java","63823","36481","100304"
"2019-06-03 19:40","LeaderZooKeeperServer.java","21803","9130","30933"
"2019-11-25 15:37","LeaderZooKeeperServer.java","75740","43590","119330"
"2019-12-27 22:33","LeaderZooKeeperServer.java","80018","43998","124016"
"2019-08-17 17:13","FileKeyStoreLoaderBuilderProviderTest.java","29979","25828","55807"
"2014-11-29 16:53","StaticContent.java","82724","33673","116397"
"2012-08-28 21:51","ClientBase.java","81002","28211","109213"
"2017-06-08 17:51","ClientBase.java","131737","35641","167378"
"2012-07-17 23:19","ClientBase.java","79916","28199","108115"
"2017-04-18 01:37","ClientBase.java","132024","35296","167320"
"2010-03-16 22:23","ClientBase.java","41364","13990","55354"
"2018-09-07 02:49","ClientBase.java","195067","87901","282968"
"2019-07-31 19:06","ClientBase.java","256807","140865","397672"
"2012-02-06 09:47","ClientBase.java","75196","26600","101796"
"2015-02-06 06:17","ClientBase.java","118317","32032","150349"
"2017-09-11 18:55","ClientBase.java","132354","35800","168154"
"2009-07-17 00:09","ClientBase.java","2463","1244","3707"
"2009-06-30 03:32","ClientBase.java","1677","894","2571"
"2019-08-17 17:13","ClientBase.java","257500","140865","398365"
"2015-03-28 20:08","ClientBase.java","120569","32073","152642"
"2019-06-07 14:13","ClientBase.java","243604","140865","384469"
"2018-04-24 00:20","ClientBase.java","138283","35953","174236"
"2018-08-08 06:21","ClientBase.java","175635","69334","244969"
"2018-05-09 23:57","ClientBase.java","139110","35995","175105"
"2019-06-24 11:05","ClientBase.java","244833","140865","385698"
"2012-12-11 08:42","ClientBase.java","84900","28776","113676"
"2017-01-13 19:29","ClientBase.java","133408","34514","167922"
"2010-01-25 04:28","ClientBase.java","23678","6148","29826"
"2010-03-09 05:44","ClientBase.java","40451","13843","54294"
"2016-06-23 23:25","ClientBase.java","126871","33883","160754"
"2014-01-03 01:40","ClientBase.java","99758","29937","129695"
"2014-01-25 01:17","ClientBase.java","101607","29980","131587"
"2009-11-20 23:28","ClientBase.java","18911","4995","23906"
"2009-11-25 20:06","ClientBase.java","18948","4999","23947"
"2009-11-12 20:53","ClientBase.java","11051","4445","15496"
"2009-08-25 07:45","ClientBase.java","5218","2090","7308"
"2009-09-16 02:09","ClientBase.java","6174","2540","8714"
"2019-11-14 16:44","ClientBase.java","265527","140865","406392"
"2019-10-10 14:37","ClientBase.java","261253","140865","402118"
"2012-03-15 17:47","ClientBase.java","76651","26812","103463"
"2010-09-15 07:51","ClientBase.java","93622","18389","112011"
"2012-01-14 00:28","ClientBase.java","74607","26527","101134"
"2011-04-12 09:14","ClientBase.java","61368","23260","84628"
"2011-11-05 07:29","ClientBase.java","72997","26337","99334"
"2016-08-24 01:36","ClientBase.java","127787","34228","162015"
"2011-09-17 02:13","ClientBase.java","72218","24540","96758"
"2010-07-05 20:20","ClientBase.java","55938","17495","73433"
"2010-03-31 06:26","ClientBase.java","42660","15064","57724"
"2010-08-18 08:24","ClientBase.java","65445","18382","83827"
"2015-03-08 23:07","ClientBase.java","118517","32058","150575"
"2019-08-17 17:13","QuorumZooKeeperServer.java","30409","25828","56237"
"2019-11-29 14:49","QuorumZooKeeperServer.java","45214","34076","79290"
"2020-03-25 03:38","QuorumZooKeeperServer.java","53262","35896","89158"
"2019-10-10 14:37","QuorumZooKeeperServer.java","36613","28279","64892"
"2018-07-12 01:33","LeaderBean.java","14643","11576","26219"
"2019-07-25 21:41","LeaderBean.java","251558","228915","480473"
"2019-08-17 17:13","LeaderBean.java","255075","228915","483990"
"2019-01-07 14:55","LeaderBean.java","229826","228775","458601"
"2018-08-17 14:40","LeaderBean.java","75296","69933","145229"
"2019-11-08 17:30","Watcher.java","262518","177112","439630"
"2017-07-28 00:36","Watcher.java","78438","30081","108519"
"2019-08-17 17:13","Watcher.java","256904","177112","434016"
"2015-05-29 21:48","Watcher.java","63731","22287","86018"
"2014-01-24 07:18","Watcher.java","38396","14514","52910"
"2019-11-23 17:08","ZooKeeperServer.java","10917","7572","18489"
"2019-10-09 16:49","ZooKeeperServer.java","3000","770","3770"
"2019-12-27 22:33","ZooKeeperServer.java","15661","8339","24000"
"2019-11-18 09:05","ZooKeeperServer.java","9117","7329","16446"
"2019-10-10 14:37","ZooKeeperServer.java","4429","2032","6461"
"2019-09-16 23:26","ZooKeeperServer.java","1865","202","2067"
"2019-12-03 10:01","ZooKeeperServer.java","13343","8096","21439"
"2020-03-25 03:38","ZooKeeperServer.java","21934","10505","32439"
"2019-11-28 12:24","ZooKeeperServer.java","11184","7634","18818"
"2019-11-06 15:21","ZooKeeperServer.java","4785","2172","6957"
"2020-04-12 11:14","ZooKeeperServer.java","23371","11189","34560"
"2016-09-08 22:52","ZooKeeperTest.java","1115","727","1842"
"2018-10-04 15:46","ZooKeeperTest.java","127409","108771","236180"
"2016-10-16 14:21","ZooKeeperTest.java","2517","969","3486"
"2019-03-12 19:08","ZooKeeperTest.java","235914","221757","457671"
"2017-04-29 20:17","ZooKeeperTest.java","9223","5777","15000"
"2017-05-30 19:43","ZooKeeperTest.java","9376","6700","16076"
"2019-05-23 18:42","ZooKeeperTest.java","241098","221835","462933"
"2019-08-17 17:13","ZooKeeperTest.java","255887","221853","477740"
"2016-08-10 19:32","ZooKeeperTest.java","195","240","435"
"2019-06-06 00:01","ZooKeeperTest.java","242023","221852","463875"
"2018-12-20 15:13","QuorumPeer.java","229379","219651","449030"
"2019-05-16 16:25","QuorumPeer.java","240702","219745","460447"
"2018-10-16 16:22","QuorumPeer.java","233382","198827","432209"
"2019-06-14 09:06","QuorumPeer.java","243918","219762","463680"
"2018-12-07 12:41","QuorumPeer.java","226392","219650","446042"
"2019-03-11 19:47","QuorumPeer.java","235827","219671","455498"
"2019-02-13 13:12","QuorumPeer.java","234776","219672","454448"
"2019-04-12 19:01","QuorumPeer.java","237710","219745","457455"
"2018-12-09 03:16","QuorumPeer.java","228466","219650","448116"
"2018-09-11 15:23","QuorumPeer.java","127839","110955","238794"
"2019-11-29 14:49","QuorumPeer.java","264027","221312","485339"
"2018-12-15 07:34","QuorumPeer.java","228381","219650","448031"
"2018-11-27 10:02","QuorumPeer.java","226142","219650","445792"
"2018-09-18 01:00","QuorumPeer.java","129219","111080","240299"
"2019-06-03 19:40","QuorumPeer.java","241251","219762","461013"
"2019-07-15 14:15","QuorumPeer.java","251340","219763","471103"
"2019-07-03 00:44","QuorumPeer.java","243933","219762","463695"
"2019-08-17 17:13","QuorumPeer.java","255921","219763","475684"
"2017-11-28 00:10","QuorumPeer.java","22647","13504","36151"
"2018-01-30 08:02","QuorumPeer.java","23234","13938","37172"
"2019-05-15 11:56","QuorumPeer.java","240657","219745","460402"
"2019-06-05 00:33","QuorumPeer.java","241641","219762","461403"
"2019-05-20 23:13","QuorumPeer.java","240775","219745","460520"
"2019-06-04 10:55","QuorumPeer.java","241404","219762","461166"
"2019-07-12 17:01","QuorumPeer.java","251234","219763","470997"
"2020-01-09 11:27","QuorumPeer.java","265575","221314","486889"
"2017-02-09 11:40","QuorumPeer.java","14731","6812","21543"
"2017-07-06 18:48","QuorumPeer.java","16846","11241","28087"
"2018-10-01 06:11","QuorumPeer.java","132482","111764","244246"
"2018-07-04 17:11","QuorumPeer.java","36545","23688","60233"
"2019-12-17 13:48","QuorumPeer.java","264599","221312","485911"
"2015-12-07 05:59","QuorumPeer.java","1181","423","1604"
"2020-01-23 13:43","QuorumPeer.java","267399","221314","488713"
"2016-06-23 23:45","QuorumPeer.java","5952","4124","10076"
"2016-06-23 23:25","QuorumPeer.java","5809","4089","9898"
"2018-12-06 10:56","QuorumPeer.java","226336","219650","445986"
"2019-10-10 14:37","QuorumPeer.java","259674","219763","479437"
"2017-07-27 23:09","QuorumPeer.java","17379","12760","30139"
"2018-06-26 11:18","QuorumPeer.java","27325","14486","41811"
"2018-07-27 12:32","QuorumPeer.java","48310","34253","82563"
"2019-04-18 19:17","QuorumPeer.java","238420","219745","458165"
"2016-12-20 14:47","QuorumPeer.java","13276","6492","19768"
"2017-05-11 16:59","QuorumPeer.java","15640","10902","26542"
"2016-06-02 00:59","QuorumPeer.java","5381","4030","9411"
"2020-02-16 10:25","QuorumPeer.java","268112","221314","489426"
"2019-12-13 08:51","EmptiedSnapshotRecoveryTest.java","14667","8609","23276"
"2019-10-10 14:37","EmptiedSnapshotRecoveryTest.java","5603","2507","8110"
"2014-08-14 08:08","QuorumPeerTestBase.java","90960","32951","123911"
"2014-07-26 04:11","QuorumPeerTestBase.java","90396","32951","123347"
"2014-03-25 22:13","QuorumPeerTestBase.java","73935","26391","100326"
"2016-11-03 16:07","QuorumPeerTestBase.java","106259","35628","141887"
"2019-12-27 22:33","QuorumPeerTestBase.java","266740","168043","434783"
"2019-10-10 14:37","QuorumPeerTestBase.java","260765","166993","427758"
"2016-06-23 23:25","QuorumPeerTestBase.java","103307","35164","138471"
"2014-07-18 20:48","QuorumPeerTestBase.java","90016","32868","122884"
"2014-08-19 22:50","QuorumPeerTestBase.java","91100","32977","124077"
"2011-06-14 07:14","QuorumPeerTestBase.java","28708","15266","43974"
"2019-07-12 17:01","QuorumPeerTestBase.java","252325","166993","419318"
"2017-01-13 19:29","QuorumPeerTestBase.java","110077","36028","146105"
"2015-03-17 18:06","QuorumPeerTestBase.java","95808","33146","128954"
"2019-08-17 17:13","QuorumPeerTestBase.java","257012","166993","424005"
"2017-11-28 00:10","QuorumPeerTestBase.java","114048","38482","152530"
"2014-01-21 04:50","QuorumPeerTestBase.java","71284","26196","97480"
"2017-12-16 01:25","QuorumPeerTestBase.java","114097","38487","152584"
"2014-07-18 02:19","QuorumPeerTestBase.java","89528","32839","122367"
"2013-03-07 07:01","QuorumPeerTestBase.java","63488","25550","89038"
"2018-10-12 10:25","QuorumPeerTestBase.java","234079","136063","370142"
"2012-07-17 23:25","QuorumPeerTestBase.java","51345","23848","75193"
"2019-04-12 19:01","ServerCnxn.java","7832","1317","9149"
"2019-07-08 23:26","ServerCnxn.java","19130","5646","24776"
"2019-08-17 17:13","ServerCnxn.java","54619","29911","84530"
"2019-07-03 00:44","ServerCnxn.java","18299","5578","23877"
"2019-11-18 09:05","ServerCnxn.java","64796","36944","101740"
"2020-02-26 22:41","ServerCnxn.java","74215","38853","113068"
"2019-11-11 13:59","ServerCnxn.java","64210","32092","96302"
"2011-04-12 09:14","ObserverHierarchicalQuorumTest.java","30345","19586","49931"
"2019-08-17 17:13","ObserverHierarchicalQuorumTest.java","257015","167729","424744"
"2018-11-17 18:37","QuorumHierarchical.java","223230","225442","448672"
"2019-08-03 08:42","QuorumHierarchical.java","255984","225563","481547"
"2019-08-17 17:13","QuorumHierarchical.java","255276","225563","480839"
"2019-10-10 14:37","QuorumHierarchical.java","259029","225563","484592"
"2009-06-25 00:59","ZooKeeper.java","59502","9092","68594"
"2019-02-06 09:46","ZooKeeper.java","235382","90634","326016"
"2019-01-16 14:21","ZooKeeper.java","233659","90634","324293"
"2017-04-18 02:02","ZooKeeper.java","167255","22693","189948"
"2019-11-08 17:30","ZooKeeper.java","263320","90661","353981"
"2019-02-07 11:26","ZooKeeper.java","236011","90634","326645"
"2013-03-07 07:01","ZooKeeper.java","128924","18309","147233"
"2011-07-01 00:53","ZooKeeper.java","107882","14719","122601"
"2013-12-17 17:55","ZooKeeper.java","135918","18499","154417"
"2012-02-06 09:56","ZooKeeper.java","113584","17129","130713"
"2012-03-17 01:31","ZooKeeper.java","115224","17264","132488"
"2012-11-17 15:03","ZooKeeper.java","120657","17578","138235"
"2017-05-01 17:19","ZooKeeper.java","167385","22696","190081"
"2010-11-10 23:36","ZooKeeper.java","142148","13632","155780"
"2014-01-24 07:18","ZooKeeper.java","137859","18511","156370"
"2019-08-17 17:13","ZooKeeper.java","257706","90661","348367"
"2009-05-20 20:48","ZooKeeper.java","47187","7903","55090"
"2015-06-04 19:51","ZooKeeper.java","157964","20291","178255"
"2016-10-07 21:51","ZooKeeper.java","164789","22065","186854"
"2015-03-16 09:09","ZooKeeper.java","154860","20231","175091"
"2015-03-17 18:06","ZooKeeper.java","155572","20233","175805"
"2016-05-02 18:15","ZooKeeper.java","161715","21757","183472"
"2019-06-26 10:57","ZooKeeper.java","245556","90661","336217"
"2019-06-03 19:40","ZooKeeper.java","243037","90661","333698"
"2018-05-09 23:57","ZooKeeper.java","174103","23156","197259"
"2009-04-09 23:02","ZooKeeper.java","21428","7086","28514"
"2009-03-27 06:25","ZooKeeper.java","20427","6792","27219"
"2019-08-03 08:42","ZooKeeper.java","258414","90661","349075"
"2016-11-13 20:59","ZooKeeper.java","167052","22075","189127"
"2013-02-03 15:52","ZooKeeper.java","124626","18074","142700"
"2012-09-28 18:32","ZooKeeper.java","118562","17451","136013"
"2017-07-28 00:36","ZooKeeper.java","166788","22965","189753"
"2017-08-18 23:35","ZooKeeper.java","167305","22997","190302"
"2017-07-04 07:56","ZooKeeper.java","167380","22947","190327"
"2008-12-22 23:23","ZooKeeper.java","734","391","1125"
"2009-01-28 01:21","ZooKeeper.java","4618","4965","9583"
"2009-12-11 20:38","ZooKeeper.java","75580","11170","86750"
"2009-11-12 21:02","ZooKeeper.java","68009","10977","78986"
"2010-01-26 03:22","ZooKeeper.java","80263","11775","92038"
"2010-01-05 18:32","ZooKeeper.java","76551","11477","88028"
"2009-11-07 01:48","ZooKeeper.java","67323","10894","78217"
"2009-10-31 00:09","ZooKeeper.java","66725","10701","77426"
"2020-04-16 12:50","ZooKeeper.java","271736","91117","362853"
"2018-07-27 05:16","ZooKeeper.java","182314","29349","211663"
"2019-10-10 14:37","ZooKeeper.java","261459","90661","352120"
"2014-04-01 04:03","ZooKeeper.java","139519","18691","158210"
"2010-02-08 23:36","ZooKeeper.java","79935","11786","91721"
"2009-08-07 20:00","ZooKeeper.java","61870","9365","71235"
"2012-12-19 19:16","ZooKeeper.java","124094","18035","142129"
"2019-02-11 12:34","ZooKeeper.java","236374","90634","327008"
"2014-07-08 20:18","ZooKeeper.java","145743","20028","165771"
"2010-11-30 21:16","ZooKeeper.java","142655","13772","156427"
"2020-05-17 15:13","ZooKeeper.java","272108","91118","363226"
"2017-01-09 22:49","ZooKeeper.java","168794","22249","191043"
"2011-05-20 01:17","ZooKeeper.java","103554","14217","117771"
"2019-03-12 19:08","ZooKeeper.java","237808","90640","328448"
"2011-09-06 00:58","ZooKeeper.java","110212","12761","122973"
"2009-01-31 00:01","ZooKeeper.java","14016","5553","19569"
"2014-07-22 06:51","ZooKeeper.java","150003","20090","170093"
"2014-04-29 02:23","ZooKeeper.java","142486","19873","162359"
"2009-06-25 00:59","ClientBase.java","60889","9412","70301"
"2012-08-28 21:51","ClientBase.java","119062","17574","136636"
"2017-06-08 17:51","ClientBase.java","167657","22864","190521"
"2012-07-17 23:19","ClientBase.java","117978","17564","135542"
"2017-04-18 01:37","ClientBase.java","168057","22632","190689"
"2010-03-16 22:23","ClientBase.java","91117","12266","103383"
"2018-09-07 02:49","ClientBase.java","210870","55007","265877"
"2019-07-31 19:06","ClientBase.java","257013","89594","346607"
"2012-02-06 09:47","ClientBase.java","114563","17270","131833"
"2015-02-06 06:17","ClientBase.java","155268","20286","175554"
"2017-09-11 18:55","ClientBase.java","168223","22972","191195"
"2009-07-17 00:09","ClientBase.java","62317","9621","71938"
"2009-06-30 03:32","ClientBase.java","61726","9466","71192"
"2019-08-17 17:13","ClientBase.java","257706","89594","347300"
"2009-06-18 18:37","ClientBase.java","53517","8912","62429"
"2015-03-28 20:08","ClientBase.java","157497","20304","177801"
"2019-06-07 14:13","ClientBase.java","243810","89594","333404"
"2018-04-24 00:20","ClientBase.java","174089","23062","197151"
"2018-08-08 06:21","ClientBase.java","192882","37884","230766"
"2018-05-09 23:57","ClientBase.java","174902","23090","197992"
"2009-06-09 07:04","ClientBase.java","50917","8557","59474"
"2019-06-24 11:05","ClientBase.java","245039","89594","334633"
"2012-12-11 08:42","ClientBase.java","122553","17732","140285"
"2017-01-13 19:29","ClientBase.java","169855","22264","192119"
"2010-01-25 04:28","ClientBase.java","80994","11987","92981"
"2010-03-09 05:44","ClientBase.java","90261","12176","102437"
"2016-06-23 23:25","ClientBase.java","163491","21806","185297"
"2014-01-03 01:40","ClientBase.java","137102","18584","155686"
"2014-01-25 01:17","ClientBase.java","138913","18589","157502"
"2009-11-20 23:28","ClientBase.java","76806","11413","88219"
"2009-11-25 20:06","ClientBase.java","76843","11417","88260"
"2009-11-12 20:53","ClientBase.java","69358","11275","80633"
"2009-08-25 07:45","ClientBase.java","64335","9730","74065"
"2009-09-16 02:09","ClientBase.java","65241","10130","75371"
"2019-11-14 16:44","ClientBase.java","265733","89594","355327"
"2019-10-10 14:37","ClientBase.java","261459","89594","351053"
"2012-03-15 17:47","ClientBase.java","115935","17399","133334"
"2010-09-15 07:51","ClientBase.java","140073","13363","153436"
"2012-01-14 00:28","ClientBase.java","114024","17247","131271"
"2011-04-12 09:14","ClientBase.java","103862","14277","118139"
"2011-11-05 07:29","ClientBase.java","112447","17090","129537"
"2016-08-24 01:36","ClientBase.java","164302","22046","186348"
"2011-09-17 02:13","ClientBase.java","111863","15488","127351"
"2010-07-05 20:20","ClientBase.java","102842","12922","115764"
"2010-03-31 06:26","ClientBase.java","91912","12839","104751"
"2010-08-18 08:24","ClientBase.java","111901","13361","125262"
"2009-05-14 22:15","ClientBase.java","48436","8246","56682"
"2015-03-08 23:07","ClientBase.java","155453","20297","175750"
"2019-08-17 17:13","ListQuotaCommand.java","255250","223892","479142"
"2019-01-31 15:55","ListQuotaCommand.java","232791","223774","456565"
"2019-08-17 17:13","DefaultMetricsProvider.java","43884","29368","73252"
"2019-12-03 19:35","ContainerManager.java","264080","221399","485479"
"2018-05-09 23:57","ContainerManager.java","22661","10906","33567"
"2019-08-17 17:13","ContainerManager.java","255887","219821","475708"
"2016-10-07 21:51","ContainerManager.java","5437","1905","7342"
"2019-06-03 19:40","ContainerManager.java","241217","219820","461037"
"2017-02-05 07:22","ContainerManager.java","11001","3209","14210"
"2017-09-11 18:55","QuorumMaj.java","57866","24095","81961"
"2019-08-17 17:13","QuorumMaj.java","256406","191763","448169"
"2011-12-28 01:26","QuorumCnxManager.java","19076","7793","26869"
"2019-11-29 14:49","QuorumCnxManager.java","264583","179834","444417"
"2013-03-07 07:01","QuorumCnxManager.java","39117","12880","51997"
"2018-07-11 06:04","QuorumCnxManager.java","103542","35924","139466"
"2018-08-06 14:11","QuorumCnxManager.java","114615","45224","159839"
"2012-06-29 22:08","QuorumCnxManager.java","25156","10714","35870"
"2018-10-16 16:22","QuorumCnxManager.java","236761","147484","384245"
"2019-06-14 09:06","QuorumCnxManager.java","244930","178740","423670"
"2019-08-03 08:42","QuorumCnxManager.java","257640","178740","436380"
"2019-11-13 20:41","QuorumCnxManager.java","264651","178740","443391"
"2019-04-09 16:08","QuorumCnxManager.java","237737","178689","416426"
"2019-08-06 12:52","QuorumCnxManager.java","257905","178740","436645"
"2017-02-09 11:40","QuorumCnxManager.java","87836","25195","113031"
"2019-05-20 23:13","QuorumCnxManager.java","241805","178741","420546"
"2015-04-09 20:16","QuorumCnxManager.java","73063","21039","94102"
"2017-08-23 02:16","QuorumCnxManager.java","87629","27684","115313"
"2019-07-27 20:04","QuorumCnxManager.java","253463","178740","432203"
"2015-05-29 23:46","QuorumCnxManager.java","73727","21187","94914"
"2015-05-14 07:10","QuorumCnxManager.java","73395","21151","94546"
"2020-03-12 14:47","QuorumCnxManager.java","269969","179834","449803"
"2019-08-17 17:13","QuorumCnxManager.java","256932","178740","435672"
"2017-11-28 00:10","QuorumCnxManager.java","91780","27915","119695"
"2019-10-10 14:37","QuorumCnxManager.java","260685","178740","439425"
"2014-07-23 19:36","QuorumCnxManager.java","66216","20625","86841"
"2017-06-09 18:37","QuorumCnxManager.java","87163","27514","114677"
"2020-01-23 13:43","QuorumCnxManager.java","267953","179834","447787"
"2014-03-23 04:12","QuorumCnxManager.java","49470","13863","63333"
"2014-07-08 05:25","QuorumCnxManager.java","61644","20323","81967"
"2019-11-28 12:24","QuorumCnxManager.java","262932","179834","442766"
"2014-06-25 15:04","QuorumCnxManager.java","59609","19924","79533"
"2011-08-15 02:44","QuorumCnxManager.java","10483","1593","12076"
"2016-06-08 17:43","QuorumCnxManager.java","80099","24027","104126"
"2020-03-23 16:20","QuorumCnxManager.java","270140","179834","449974"
"2020-02-16 10:25","QuorumCnxManager.java","268666","179834","448500"
"2014-07-22 06:45","QuorumCnxManager.java","66139","20623","86762"
"2018-07-27 12:32","QuorumCnxManager.java","113964","45185","159149"
"2018-11-27 09:57","ManagedUtil.java","224500","220239","444739"
"2019-08-17 17:13","ManagedUtil.java","255916","220352","476268"
"2020-03-01 06:42","ManagedUtil.java","268852","221905","490757"
"2019-08-17 17:13","Leader.java","257501","129808","387309"
"2019-06-29 00:33","Leader.java","245488","129808","375296"
"2019-06-03 19:40","Leader.java","242832","129808","372640"
"2014-05-20 23:42","Leader.java","112466","27782","140248"
"2019-07-15 14:15","Leader.java","252920","129808","382728"
"2015-03-17 18:06","Leader.java","125123","28202","153325"
"2019-07-25 21:41","Leader.java","253984","129808","383792"
"2018-05-10 06:00","Leader.java","144611","31797","176408"
"2018-07-12 01:33","Leader.java","152318","38571","190889"
"2009-11-18 20:06","Leader.java","32063","7368","39431"
"2018-02-07 01:05","Leader.java","142412","31732","174144"
"2017-11-28 00:10","Leader.java","141501","31676","173177"
"2019-06-05 00:33","Leader.java","243222","129808","373030"
"2015-04-10 22:22","Leader.java","126195","28206","154401"
"2011-06-14 07:14","Leader.java","72475","21359","93834"
"2019-08-03 08:42","Leader.java","258209","129808","388017"
"2019-06-05 23:57","Leader.java","243491","129808","373299"
"2012-12-08 00:38","Leader.java","90649","25085","115734"
"2013-10-07 21:08","Leader.java","101121","26108","127229"
"2012-12-31 02:38","Leader.java","93196","25511","118707"
"2017-01-13 19:29","Leader.java","138761","30453","169214"
"2012-07-05 18:01","Leader.java","85544","24906","110450"
"2019-01-07 14:55","Leader.java","232348","129764","362112"
"2019-04-12 19:01","Leader.java","239308","129808","369116"
"2018-12-09 03:16","Leader.java","230115","129764","359879"
"2018-08-17 14:40","Leader.java","180015","63972","243987"
"2019-11-29 14:49","Leader.java","264696","130446","395142"
"2013-03-07 07:01","Leader.java","98026","25829","123855"
"2018-11-27 10:02","Leader.java","227791","129764","357555"
"2015-02-06 06:17","Leader.java","123873","28174","152047"
"2012-02-27 03:41","Leader.java","82825","24551","107376"
"2017-02-15 23:04","Leader.java","136488","31136","167624"
"2014-07-18 02:19","Leader.java","118937","27989","146926"
"2012-01-04 01:15","Leader.java","81713","24317","106030"
"2011-12-28 01:26","Leader.java","81558","24315","105873"
"2018-08-29 06:26","Leader.java","193808","77557","271365"
"2018-08-03 18:52","Leader.java","158452","43207","201659"
"2011-04-29 18:12","Leader.java","70787","21286","92073"
"2013-05-14 14:27","Leader.java","98170","25848","124018"
"2012-02-06 09:40","Leader.java","82385","24352","106737"
"2017-09-11 18:55","Leader.java","137592","31624","169216"
"2018-09-18 01:00","Leader.java","200738","81917","282655"
"2011-10-20 20:02","Leader.java","79456","23981","103437"
"2012-01-14 00:28","Leader.java","81815","24321","106136"
"2012-01-06 02:32","Leader.java","81714","24317","106031"
"2012-03-15 17:47","Leader.java","83816","24563","108379"
"2011-04-12 09:14","Leader.java","70417","21251","91668"
"2010-07-23 06:22","Leader.java","68541","16320","84861"
"2011-09-22 07:42","Leader.java","79719","22452","102171"
"2010-08-18 08:24","Leader.java","75144","17023","92167"
"2016-12-20 14:47","Leader.java","137911","30445","168356"
"2014-07-20 04:50","Leader.java","119484","28015","147499"
"2014-06-10 00:19","Leader.java","113404","27786","141190"
"2016-06-23 23:25","Leader.java","132292","29890","162182"
"2016-06-23 23:45","Leader.java","132400","29890","162290"
"2020-03-25 03:38","Leader.java","270924","130446","401370"
"2014-03-23 04:12","Leader.java","107952","26385","134337"
"2009-10-30 17:19","Leader.java","22351","6529","28880"
"2019-12-27 22:33","Leader.java","266817","130446","397263"
"2009-08-27 20:07","Leader.java","18921","4732","23653"
"2009-08-25 07:45","Leader.java","18914","4728","23642"
"2016-08-13 15:01","Leader.java","133330","30125","163455"
"2013-10-21 23:36","Leader.java","103932","26177","130109"
"2019-10-10 14:37","Leader.java","261254","129808","391062"
"2013-11-07 06:41","Leader.java","104390","26204","130594"
"2019-08-17 17:13","ReferenceCountedACLCache.java","255887","219817","475704"
"2018-04-27 00:21","ReferenceCountedACLCache.java","21907","10872","32779"
"2019-10-09 16:38","ReferenceCountedACLCache.java","259384","219817","479201"
"2019-10-10 14:37","ReferenceCountedACLCache.java","259640","219817","479457"
"2010-04-26 21:58","QuorumPeerTestBase.java","1455","2435","3890"
"2014-08-14 08:08","QuorumPeerTestBase.java","92327","35298","127625"
"2014-07-26 04:11","QuorumPeerTestBase.java","91763","35298","127061"
"2014-03-25 22:13","QuorumPeerTestBase.java","75314","28750","104064"
"2016-11-03 16:07","QuorumPeerTestBase.java","107599","37948","145547"
"2019-12-27 22:33","QuorumPeerTestBase.java","266740","169023","435763"
"2019-10-10 14:37","QuorumPeerTestBase.java","260768","167976","428744"
"2016-06-23 23:25","QuorumPeerTestBase.java","104656","37493","142149"
"2014-07-18 20:48","QuorumPeerTestBase.java","91394","35226","126620"
"2014-08-19 22:50","QuorumPeerTestBase.java","92468","35325","127793"
"2011-06-14 07:14","QuorumPeerTestBase.java","30116","17654","47770"
"2019-07-12 17:01","QuorumPeerTestBase.java","252328","167976","420304"
"2017-01-13 19:29","QuorumPeerTestBase.java","111417","38348","149765"
"2015-03-17 18:06","QuorumPeerTestBase.java","97176","35494","132670"
"2019-08-17 17:13","QuorumPeerTestBase.java","257015","167976","424991"
"2017-11-28 00:10","QuorumPeerTestBase.java","115361","40775","156136"
"2014-01-21 04:50","QuorumPeerTestBase.java","72665","28557","101222"
"2017-12-16 01:25","QuorumPeerTestBase.java","115405","40775","156180"
"2014-07-18 02:19","QuorumPeerTestBase.java","90906","35197","126103"
"2013-03-07 07:01","QuorumPeerTestBase.java","64870","27912","92782"
"2018-10-12 10:25","QuorumPeerTestBase.java","234082","137046","371128"
"2012-07-17 23:25","QuorumPeerTestBase.java","52726","26209","78935"
"2009-01-15 23:57","ServerStats.java","2633","3716","6349"
"2015-07-10 08:19","ServerStats.java","158137","20274","178411"
"2019-04-12 19:01","ServerStats.java","239514","91186","330700"
"2015-02-06 06:17","ServerStats.java","153812","20185","173997"
"2014-07-18 02:19","ServerStats.java","148924","20048","168972"
"2019-01-07 14:39","ServerStats.java","232518","91158","323676"
"2012-02-11 00:34","ServerStats.java","113356","17209","130565"
"2018-09-18 01:00","ServerStats.java","212344","55595","267939"
"2019-08-17 17:13","ServerStats.java","257706","91185","348891"
"2018-07-12 01:33","ServerStats.java","181004","29329","210333"
"2011-12-28 07:07","ServerStats.java","112255","17032","129287"
"2018-06-08 16:52","ServerStats.java","174343","23137","197480"
"2019-06-04 10:55","BaseTestMetricsProvider.java","4626","949","5575"
"2019-08-17 17:13","BaseTestMetricsProvider.java","47813","29620","77433"
"2019-04-12 19:01","NettyServerCnxn.java","3416","868","4284"
"2019-08-17 17:13","NettyServerCnxn.java","50859","30118","80977"
"2019-07-03 00:44","NettyServerCnxn.java","13945","5191","19136"
"2019-11-23 17:08","NettyServerCnxn.java","62948","37506","100454"
"2019-07-23 15:55","NettyServerCnxn.java","23307","6558","29865"
"2019-05-06 18:32","NettyServerCnxn.java","6283","1188","7471"
"2019-04-22 19:15","NettyServerCnxn.java","4413","890","5303"
"2019-08-03 08:42","NettyServerCnxn.java","29797","8348","38145"
"2019-11-18 09:05","NettyServerCnxn.java","61209","37324","98533"
"2019-11-21 05:58","NettyServerCnxn.java","61242","37334","98576"
"2019-09-16 23:26","NettyServerCnxn.java","55172","31412","86584"
"2019-10-10 14:37","NettyServerCnxn.java","56704","32210","88914"
"2019-08-17 17:13","Follower.java","38835","26778","65613"
"2019-08-06 17:11","Follower.java","16594","3436","20030"
"2019-07-15 14:15","Follower.java","8572","1096","9668"
"2019-08-23 19:43","Follower.java","39503","26780","66283"
"2019-12-27 22:33","Follower.java","55884","35149","91033"
"2019-10-10 14:37","Follower.java","45023","29213","74236"
"2019-02-18 17:05","NettyServerCnxn.java","630","196","826"
"2019-04-12 19:01","NettyServerCnxn.java","4037","1055","5092"
"2019-08-17 17:13","NettyServerCnxn.java","51401","30226","81627"
"2019-07-03 00:44","NettyServerCnxn.java","14555","5367","19922"
"2019-11-23 17:08","NettyServerCnxn.java","63425","37549","100974"
"2019-07-23 15:55","NettyServerCnxn.java","23916","6733","30649"
"2019-05-06 18:32","NettyServerCnxn.java","6903","1374","8277"
"2019-04-22 19:15","NettyServerCnxn.java","5034","1077","6111"
"2019-08-03 08:42","NettyServerCnxn.java","30406","8523","38929"
"2019-11-18 09:05","NettyServerCnxn.java","61686","37367","99053"
"2019-11-21 05:58","NettyServerCnxn.java","61719","37377","99096"
"2019-09-16 23:26","NettyServerCnxn.java","55714","31520","87234"
"2019-10-10 14:37","NettyServerCnxn.java","57242","32314","89556"
"2019-08-17 17:13","CommitProcessorConcurrencyTest.java","26748","24669","51417"
"2019-10-10 14:37","CommitProcessorConcurrencyTest.java","32997","27165","60162"
"2019-08-17 17:13","LearnerHandlerMXBean.java","63823","36481","100304"
"2011-06-21 07:34","FileTxnLog.java","39569","19994","59563"
"2014-02-12 17:00","FileTxnLog.java","82182","29287","111469"
"2013-12-11 01:10","FileTxnLog.java","79201","29191","108392"
"2018-01-19 00:43","FileTxnLog.java","118273","36577","154850"
"2019-12-27 22:33","FileTxnLog.java","266740","162010","428750"
"2019-10-10 14:37","FileTxnLog.java","260786","160981","421767"
"2018-11-12 22:36","FileTxnLog.java","225067","160923","385990"
"2018-08-01 21:19","FileTxnLog.java","139980","53329","193309"
"2018-04-27 20:28","FileTxnLog.java","120272","36726","156998"
"2018-06-08 16:52","FileTxnLog.java","121733","36740","158473"
"2010-12-23 13:42","FileTxnLog.java","67011","8873","75884"
"2011-09-03 01:07","FileTxnLog.java","50041","19287","69328"
"2011-04-12 09:14","FileTxnLog.java","37207","19682","56889"
"2011-11-15 19:30","FileTxnLog.java","52343","24103","76446"
"2014-06-30 19:11","FileTxnLog.java","88887","30933","119820"
"2020-01-28 17:26","FileTxnLog.java","268460","162010","430470"
"2019-05-14 17:11","FileTxnLog.java","241701","160982","402683"
"2019-01-07 14:24","FileTxnLog.java","231805","160923","392728"
"2013-06-28 23:22","FileTxnLog.java","74595","28821","103416"
"2010-03-16 22:23","FileTxnLog.java","8269","1478","9747"
"2019-04-12 19:01","FileTxnLog.java","238841","160982","399823"
"2017-04-28 07:14","FileTxnLog.java","113619","35654","149273"
"2012-02-06 09:40","FileTxnLog.java","54115","24367","78482"
"2018-09-06 01:11","FileTxnLog.java","186180","97898","284078"
"2018-09-18 01:00","FileTxnLog.java","188489","97953","286442"
"2016-03-20 19:31","FileTxnLog.java","105262","32239","137501"
"2019-08-17 17:13","FileTxnLog.java","257033","160981","418014"
"2019-06-03 19:40","FileTxnLog.java","242364","160981","403345"
"2018-04-24 00:20","FileTxnLog.java","120125","36666","156791"
"2018-02-14 21:23","FileTxnLog.java","119207","36632","155839"
"2019-08-03 08:42","FileTxnLog.java","257741","160981","418722"
"2019-04-09 15:35","FileTxnLog.java","237849","160940","398789"
"2017-08-03 20:41","FileTxnLog.java","113474","36325","149799"
"2018-02-02 00:26","FileTxnLog.java","118282","36579","154861"
"2017-06-26 00:07","FileTxnLog.java","113751","36248","149999"
"2015-02-06 06:17","PrepRequestProcessor.java","66549","21113","87662"
"2012-02-06 10:39","PrepRequestProcessor.java","15874","8097","23971"
"2013-03-07 07:01","PrepRequestProcessor.java","34896","12962","47858"
"2019-02-07 11:26","PrepRequestProcessor.java","235172","182958","418130"
"2019-09-11 10:27","PrepRequestProcessor.java","258260","183022","441282"
"2018-07-19 05:59","PrepRequestProcessor.java","109824","45852","155676"
"2017-09-11 18:55","PrepRequestProcessor.java","84120","28415","112535"
"2019-01-16 14:21","PrepRequestProcessor.java","232819","182957","415776"
"2017-06-01 05:45","PrepRequestProcessor.java","83369","28128","111497"
"2012-04-14 02:32","PrepRequestProcessor.java","19628","10287","29915"
"2019-11-08 17:30","PrepRequestProcessor.java","262518","183022","445540"
"2016-11-13 20:59","PrepRequestProcessor.java","81246","24950","106196"
"2019-04-09 15:35","PrepRequestProcessor.java","237710","182971","420681"
"2019-04-17 14:16","PrepRequestProcessor.java","238977","183023","422000"
"2014-10-28 05:35","PrepRequestProcessor.java","64479","20982","85461"
"2019-05-10 12:22","PrepRequestProcessor.java","241412","183023","424435"
"2017-06-26 00:16","PrepRequestProcessor.java","83715","28196","111911"
"2019-02-07 11:22","PrepRequestProcessor.java","234834","182958","417792"
"2016-11-16 06:21","PrepRequestProcessor.java","81812","24969","106781"
"2019-08-01 07:31","PrepRequestProcessor.java","257575","183022","440597"
"2019-06-26 10:57","PrepRequestProcessor.java","244754","183022","427776"
"2014-01-24 07:18","PrepRequestProcessor.java","44485","13818","58303"
"2015-05-29 19:45","PrepRequestProcessor.java","69689","21462","91151"
"2016-10-07 21:51","PrepRequestProcessor.java","78972","24929","103901"
"2015-06-04 19:51","PrepRequestProcessor.java","70562","21570","92132"
"2019-08-17 17:13","PrepRequestProcessor.java","256904","183022","439926"
"2018-08-08 06:21","PrepRequestProcessor.java","152661","87209","239870"
"2018-05-09 23:57","PrepRequestProcessor.java","91222","28956","120178"
"2015-06-11 20:09","PrepRequestProcessor.java","70702","21584","92286"
"2019-12-27 22:33","PrepRequestProcessor.java","266680","184120","450800"
"2014-04-01 01:47","PrepRequestProcessor.java","46158","14228","60386"
"2019-10-10 14:37","PrepRequestProcessor.java","260657","183022","443679"
"2020-03-25 03:38","PrepRequestProcessor.java","270787","184120","454907"
"2011-08-15 02:35","PrepRequestProcessor.java","5115","541","5656"
"2014-07-25 01:31","PrepRequestProcessor.java","62285","20864","83149"
"2013-10-09 22:21","PrepRequestProcessor.java","40764","13635","54399"
"2011-09-17 02:36","PrepRequestProcessor.java","11279","4478","15757"
"2014-04-29 02:23","PrepRequestProcessor.java","53849","19917","73766"
"2015-03-08 23:07","PrepRequestProcessor.java","66775","21165","87940"
"2014-07-22 06:51","PrepRequestProcessor.java","62043","20811","82854"
"2012-03-15 17:47","PrepRequestProcessor.java","17170","8180","25350"
"2011-11-01 15:41","PrepRequestProcessor.java","12345","6752","19097"
"2011-10-28 00:58","PrepRequestProcessor.java","12051","6620","18671"
"2011-10-20 20:02","PrepRequestProcessor.java","11479","6267","17746"
"2011-10-17 16:59","PrepRequestProcessor.java","11207","4587","15794"
"2018-06-15 07:41","PrepRequestProcessor.java","91983","28965","120948"
"2012-12-19 19:16","PrepRequestProcessor.java","29692","12314","42006"
"2011-11-14 20:18","PrepRequestProcessor.java","12987","6759","19746"
"2019-02-06 09:46","ZooKeeper.java","235159","140821","375980"
"2019-01-16 14:21","ZooKeeper.java","233436","140821","374257"
"2017-04-18 02:02","ZooKeeper.java","132029","35299","167328"
"2019-11-08 17:30","ZooKeeper.java","263114","140865","403979"
"2019-02-07 11:26","ZooKeeper.java","235788","140821","376609"
"2013-03-07 07:01","ZooKeeper.java","92304","29521","121825"
"2011-07-01 00:53","ZooKeeper.java","66694","23941","90635"
"2013-12-17 17:55","ZooKeeper.java","99513","29926","129439"
"2012-02-06 09:56","ZooKeeper.java","75223","26600","101823"
"2012-03-17 01:31","ZooKeeper.java","76941","26813","103754"
"2012-11-17 15:03","ZooKeeper.java","83607","28360","111967"
"2017-05-01 17:19","ZooKeeper.java","132160","35303","167463"
"2010-11-10 23:36","ZooKeeper.java","96924","18818","115742"
"2014-01-24 07:18","ZooKeeper.java","101496","29980","131476"
"2019-08-17 17:13","ZooKeeper.java","257500","140865","398365"
"2015-06-04 19:51","ZooKeeper.java","122026","32185","154211"
"2016-10-07 21:51","ZooKeeper.java","129149","34257","163406"
"2015-03-16 09:09","ZooKeeper.java","118853","32056","150909"
"2015-03-17 18:06","ZooKeeper.java","119577","32070","151647"
"2016-05-02 18:15","ZooKeeper.java","126007","33881","159888"
"2019-06-26 10:57","ZooKeeper.java","245350","140865","386215"
"2019-06-03 19:40","ZooKeeper.java","242831","140865","383696"
"2018-05-09 23:57","ZooKeeper.java","139110","35995","175105"
"2019-08-03 08:42","ZooKeeper.java","258208","140865","399073"
"2016-11-13 20:59","ZooKeeper.java","131417","34272","165689"
"2013-02-03 15:52","ZooKeeper.java","87965","29245","117210"
"2012-09-28 18:32","ZooKeeper.java","81502","28223","109725"
"2017-07-28 00:36","ZooKeeper.java","131693","35702","167395"
"2017-08-18 23:35","ZooKeeper.java","132218","35742","167960"
"2017-07-04 07:56","ZooKeeper.java","132285","35684","167969"
"2009-12-11 20:38","ZooKeeper.java","19043","5043","24086"
"2009-11-12 21:02","ZooKeeper.java","11067","4445","15512"
"2010-01-26 03:22","ZooKeeper.java","24321","6243","30564"
"2010-01-05 18:32","ZooKeeper.java","20539","5875","26414"
"2009-11-07 01:48","ZooKeeper.java","10353","4334","14687"
"2009-10-31 00:09","ZooKeeper.java","9670","4056","13726"
"2020-04-16 12:50","ZooKeeper.java","271713","141504","413217"
"2018-07-27 05:16","ZooKeeper.java","152828","47695","200523"
"2019-10-10 14:37","ZooKeeper.java","261253","140865","402118"
"2014-04-01 04:03","ZooKeeper.java","103228","30232","133460"
"2010-02-08 23:36","ZooKeeper.java","30702","12963","43665"
"2009-08-07 20:00","ZooKeeper.java","3536","1441","4977"
"2012-12-19 19:16","ZooKeeper.java","87428","29201","116629"
"2019-02-11 12:34","ZooKeeper.java","236151","140821","376972"
"2014-07-08 20:18","ZooKeeper.java","109656","31773","141429"
"2010-11-30 21:16","ZooKeeper.java","97469","18996","116465"
"2020-05-17 15:13","ZooKeeper.java","272085","141505","413590"
"2017-01-09 22:49","ZooKeeper.java","133223","34510","167733"
"2011-05-20 01:17","ZooKeeper.java","62234","23307","85541"
"2019-03-12 19:08","ZooKeeper.java","237587","140829","378416"
"2011-09-06 00:58","ZooKeeper.java","71610","21991","93601"
"2014-07-22 06:51","ZooKeeper.java","113949","31868","145817"
"2014-04-29 02:23","ZooKeeper.java","106145","31364","137509"
"2019-07-30 02:31","CommitProcessorConcurrencyTest.java","253808","220971","474779"
"2019-08-17 17:13","CommitProcessorConcurrencyTest.java","255887","220971","476858"
"2017-09-11 18:55","CommitProcessorConcurrencyTest.java","13262","9218","22480"
"2019-10-10 14:37","CommitProcessorConcurrencyTest.java","259640","220971","480611"
"2014-03-29 04:33","JLineZNodeCompleter.java","8802","1332","10134"
"2019-08-17 17:13","JLineZNodeCompleter.java","256369","194141","450510"
"2019-08-17 17:13","BaseX509ParameterizedTestCase.java","68806","36682","105488"
"2015-12-07 06:26","ZooKeeperServerBean.java","335","9","344"
"2020-03-25 03:38","ZooKeeperServerBean.java","270254","221964","492218"
"2019-11-14 03:54","ZooKeeperServerBean.java","263957","220443","484400"
"2019-09-16 23:26","ZooKeeperServerBean.java","258935","220411","479346"
"2018-06-08 16:52","ZooKeeperServerBean.java","26149","14206","40355"
"2020-04-30 18:53","ZooKeeperServerBean.java","271154","221964","493118"
"2019-01-23 14:00","ZooKeeperServerBean.java","232532","220300","452832"
"2019-07-08 23:26","ZooKeeperServerBean.java","244691","220410","465101"
"2017-04-28 07:14","ZooKeeperServerBean.java","14648","9733","24381"
"2019-01-14 19:38","ZooKeeperServerBean.java","231096","220299","451395"
"2019-01-07 14:39","ZooKeeperServerBean.java","230643","220299","450942"
"2019-08-17 17:13","ZooKeeperServerBean.java","255916","220411","476327"
"2018-02-07 01:05","ZooKeeperServerBean.java","23071","13726","36797"
"2018-07-12 01:33","ZooKeeperServerBean.java","36108","23696","59804"
"2019-05-22 11:39","ZooKeeperServerBean.java","241098","220393","461491"
"2019-07-30 02:31","ZooKeeperServerBean.java","253837","220411","474248"
"2020-03-25 03:38","ZooKeeperServerBean.java","270254","222290","492544"
"2019-11-14 03:54","ZooKeeperServerBean.java","263957","220769","484726"
"2019-09-16 23:26","ZooKeeperServerBean.java","258935","220737","479672"
"2018-06-08 16:52","ZooKeeperServerBean.java","25835","14218","40053"
"2020-04-30 18:53","ZooKeeperServerBean.java","271154","222290","493444"
"2019-01-23 14:00","ZooKeeperServerBean.java","232532","220626","453158"
"2019-07-08 23:26","ZooKeeperServerBean.java","244691","220736","465427"
"2017-04-28 07:14","ZooKeeperServerBean.java","14334","9745","24079"
"2019-01-14 19:38","ZooKeeperServerBean.java","231096","220625","451721"
"2019-01-07 14:39","ZooKeeperServerBean.java","230643","220625","451268"
"2019-08-17 17:13","ZooKeeperServerBean.java","255916","220737","476653"
"2018-02-07 01:05","ZooKeeperServerBean.java","22757","13738","36495"
"2018-07-12 01:33","ZooKeeperServerBean.java","35795","23709","59504"
"2019-05-22 11:39","ZooKeeperServerBean.java","241098","220719","461817"
"2019-07-30 02:31","ZooKeeperServerBean.java","253837","220737","474574"
"2019-11-29 14:49","Leader.java","16330","9773","26103"
"2020-03-25 03:38","Leader.java","24918","12133","37051"
"2019-12-27 22:33","Leader.java","18682","10004","28686"
"2019-10-10 14:37","Leader.java","7470","3717","11187"
"2019-11-08 17:30","WatchManager.java","55697","31890","87587"
"2019-08-17 17:13","WatchManager.java","47813","29620","77433"
"2019-02-07 11:26","PrepRequestProcessor.java","234328","214855","449183"
"2019-09-11 10:27","PrepRequestProcessor.java","257460","214963","472423"
"2018-07-19 05:59","PrepRequestProcessor.java","54457","35921","90378"
"2017-09-11 18:55","PrepRequestProcessor.java","25332","15063","40395"
"2019-01-16 14:21","PrepRequestProcessor.java","231975","214854","446829"
"2017-06-01 05:45","PrepRequestProcessor.java","22766","12961","35727"
"2019-11-08 17:30","PrepRequestProcessor.java","261747","214992","476739"
"2016-11-13 20:59","PrepRequestProcessor.java","18834","7974","26808"
"2019-04-09 15:35","PrepRequestProcessor.java","236873","214875","451748"
"2019-04-17 14:16","PrepRequestProcessor.java","238160","214947","453107"
"2019-05-10 12:22","PrepRequestProcessor.java","240595","214947","455542"
"2017-06-26 00:16","PrepRequestProcessor.java","23347","13264","36611"
"2019-02-07 11:22","PrepRequestProcessor.java","233990","214855","448845"
"2016-11-16 06:21","PrepRequestProcessor.java","19418","8011","27429"
"2019-08-01 07:31","PrepRequestProcessor.java","256775","214963","471738"
"2019-06-26 10:57","PrepRequestProcessor.java","243954","214963","458917"
"2015-05-29 19:45","PrepRequestProcessor.java","4160","1369","5529"
"2016-10-07 21:51","PrepRequestProcessor.java","16370","7763","24133"
"2015-06-04 19:51","PrepRequestProcessor.java","5071","1515","6586"
"2019-08-17 17:13","PrepRequestProcessor.java","256104","214963","471067"
"2018-08-08 06:21","PrepRequestProcessor.java","103416","83400","186816"
"2018-05-09 23:57","PrepRequestProcessor.java","33053","16223","49276"
"2015-06-11 20:09","PrepRequestProcessor.java","5229","1547","6776"
"2019-12-27 22:33","PrepRequestProcessor.java","266229","216410","482639"
"2019-10-10 14:37","PrepRequestProcessor.java","259857","214963","474820"
"2020-03-25 03:38","PrepRequestProcessor.java","270337","216411","486748"
"2015-03-08 23:07","PrepRequestProcessor.java","280","106","386"
"2018-06-15 07:41","PrepRequestProcessor.java","34017","16435","50452"
"2019-04-12 19:01","ResponseCacheTest.java","7832","1317","9149"
"2019-08-17 17:13","ResponseCacheTest.java","54619","29911","84530"
"2019-11-18 09:05","ResponseCacheTest.java","64796","36944","101740"
"2019-07-29 17:15","ToStringOutputArchive.java","255310","72747","328057"
"2009-05-22 21:06","ToStringOutputArchive.java","67719","10334","78053"
"2019-06-20 20:25","ToStringOutputArchive.java","245029","72747","317776"
"2011-09-15 00:22","ToStringOutputArchive.java","125169","14114","139283"
"2019-07-02 07:34","Follower.java","245649","90102","335751"
"2018-12-09 03:16","Follower.java","230337","90075","320412"
"2019-04-12 19:01","Follower.java","239514","90103","329617"
"2013-03-07 07:01","Follower.java","126374","15166","141540"
"2015-02-06 06:17","Follower.java","151831","17121","168952"
"2011-04-29 18:12","Follower.java","100406","10994","111400"
"2011-01-22 20:38","Follower.java","140789","10577","151366"
"2011-02-07 20:26","Follower.java","140880","10651","151531"
"2018-09-18 01:00","Follower.java","210749","52917","263666"
"2019-08-17 17:13","Follower.java","257706","90102","347808"
"2009-06-15 22:52","Follower.java","47649","4623","52272"
"2019-06-29 00:33","Follower.java","245693","90102","335795"
"2019-08-06 17:11","Follower.java","258807","90102","348909"
"2019-07-15 14:15","Follower.java","253125","90102","343227"
"2019-08-23 19:43","Follower.java","258372","90102","348474"
"2017-11-28 00:10","Follower.java","168856","20020","188876"
"2019-06-05 00:33","Follower.java","243427","90102","333529"
"2009-02-20 01:23","Follower.java","16536","2910","19446"
"2011-06-14 07:14","Follower.java","102061","11034","113095"
"2019-05-03 00:44","Follower.java","241704","90103","331807"
"2010-01-25 04:28","Follower.java","76980","8481","85461"
"2009-10-30 17:19","Follower.java","62986","7253","70239"
"2009-11-20 23:28","Follower.java","72777","7892","80669"
"2015-06-05 21:15","Follower.java","155504","17204","172708"
"2019-12-27 22:33","Follower.java","266840","90558","357398"
"2016-08-13 15:01","Follower.java","161125","18909","180034"
"2019-10-10 14:37","Follower.java","261459","90102","351561"
"2010-08-18 08:24","Follower.java","108101","10069","118170"
"2016-12-20 14:47","Follower.java","165672","19195","184867"
"2014-07-22 06:51","Follower.java","147503","16997","164500"
"2019-10-10 14:37","ZKTrustManager.java","7470","3717","11187"
"2019-07-25 21:41","FollowerBean.java","251759","225902","477661"
"2019-08-17 17:13","FollowerBean.java","255276","225902","481178"
"2018-12-09 03:16","FollowerBean.java","227814","225782","453596"
"2020-03-12 14:47","CnxManagerTest.java","269473","218894","488367"
"2019-08-17 17:13","CnxManagerTest.java","256074","217438","473512"
"2019-06-03 19:40","CnxManagerTest.java","241404","217437","458841"
"2017-11-28 00:10","CnxManagerTest.java","26297","14676","40973"
"2019-07-12 17:01","CnxManagerTest.java","251387","217438","468825"
"2019-05-08 21:54","CnxManagerTest.java","240558","217420","457978"
"2019-08-06 12:52","CnxManagerTest.java","257047","217438","474485"
"2019-06-14 09:06","CnxManagerTest.java","244071","217437","461508"
"2019-11-29 14:49","CnxManagerTest.java","264085","218892","482977"
"2017-09-11 18:55","CnxManagerTest.java","21975","14211","36186"
"2020-02-16 10:25","CnxManagerTest.java","268170","218894","487064"
"2015-11-03 08:11","CnxManagerTest.java","4299","1783","6082"
"2019-10-10 14:37","CnxManagerTest.java","259827","217438","477265"
"2018-12-06 10:56","FastLeaderElection.java","226572","204849","431421"
"2014-07-08 05:25","FastLeaderElection.java","2607","971","3578"
"2014-07-18 20:48","FastLeaderElection.java","7323","1561","8884"
"2019-10-10 14:37","FastLeaderElection.java","259907","204959","464866"
"2019-09-30 23:22","FastLeaderElection.java","259534","204959","464493"
"2014-07-20 04:50","FastLeaderElection.java","7425","1601","9026"
"2020-04-07 09:07","FastLeaderElection.java","270968","206399","477367"
"2019-01-18 03:42","FastLeaderElection.java","232071","204851","436922"
"2017-09-11 18:55","FastLeaderElection.java","36703","16380","53083"
"2018-08-29 06:26","FastLeaderElection.java","137133","106527","243660"
"2015-02-06 06:17","FastLeaderElection.java","12728","2674","15402"
"2018-04-30 06:34","FastLeaderElection.java","43810","17505","61315"
"2019-08-17 17:13","FastLeaderElection.java","256154","204959","461113"
"2019-08-02 20:08","FastLeaderElection.java","256935","204959","461894"
"2017-01-13 19:29","FastLeaderElection.java","33641","10978","44619"
"2019-08-03 08:42","FastLeaderElection.java","256862","204959","461821"
"2019-04-12 19:01","ZooKeeperServer.java","7832","1317","9149"
"2019-07-31 19:06","ZooKeeperServer.java","32398","8383","40781"
"2019-09-11 10:27","ZooKeeperServer.java","57210","31146","88356"
"2019-02-13 13:12","ZooKeeperServer.java","4354","700","5054"
"2019-03-04 08:07","ZooKeeperServer.java","4947","716","5663"
"2019-07-08 23:26","ZooKeeperServer.java","19130","5646","24776"
"2019-01-23 14:00","ZooKeeperServer.java","1523","88","1611"
"2019-02-13 13:19","ZooKeeperServer.java","4646","706","5352"
"2019-05-14 17:11","ZooKeeperServer.java","11052","1677","12729"
"2019-06-04 10:55","ZooKeeperServer.java","12349","2157","14506"
"2019-04-09 15:35","ZooKeeperServer.java","6565","1000","7565"
"2019-08-03 08:42","ZooKeeperServer.java","34132","8716","42848"
"2019-05-15 11:56","ZooKeeperServer.java","11205","1743","12948"
"2019-05-22 11:39","ZooKeeperServer.java","11726","1818","13544"
"2019-04-22 19:15","ZooKeeperServer.java","8829","1339","10168"
"2019-09-10 04:26","ZooKeeperServer.java","56857","31104","87961"
"2019-08-17 17:13","ZooKeeperServer.java","54619","29911","84530"
"2019-09-05 23:12","ZooKeeperServer.java","56697","31070","87767"
"2019-09-10 15:21","ZooKeeperServer.java","56865","31114","87979"
"2019-08-01 07:31","ZooKeeperServer.java","33837","8458","42295"
"2019-08-01 07:28","ZooKeeperServer.java","33278","8389","41667"
"2019-06-03 19:40","ZooKeeperServer.java","12056","2017","14073"
"2019-11-23 17:08","ZooKeeperServer.java","66536","37127","103663"
"2019-10-09 16:49","ZooKeeperServer.java","59759","31465","91224"
"2019-07-03 00:44","ZooKeeperServer.java","18299","5578","23877"
"2019-07-24 18:00","ZooKeeperServer.java","28127","6964","35091"
"2019-12-27 22:33","ZooKeeperServer.java","70951","37565","108516"
"2019-11-18 09:05","ZooKeeperServer.java","64796","36944","101740"
"2019-10-10 14:37","ZooKeeperServer.java","60370","31909","92279"
"2019-09-16 23:26","ZooKeeperServer.java","58873","31146","90019"
"2019-12-03 10:01","ZooKeeperServer.java","68764","37453","106217"
"2020-03-25 03:38","ZooKeeperServer.java","76457","38964","115421"
"2019-11-28 12:24","ZooKeeperServer.java","66794","37180","103974"
"2019-11-06 15:21","ZooKeeperServer.java","60719","32042","92761"
"2020-04-12 11:14","ZooKeeperServer.java","77787","39541","117328"
"2019-04-18 19:17","ZooKeeperServer.java","8564","1339","9903"
"2017-09-11 18:55","ReconfigFailureCasesTest.java","3897","3280","7177"
"2019-11-29 14:49","ReconfigFailureCasesTest.java","263435","225389","488824"
"2019-08-17 17:13","ReconfigFailureCasesTest.java","255265","223776","479041"
"2018-12-09 03:16","QuorumPeerConfig.java","61230","86969","148199"
"2019-04-12 19:01","QuorumPeerConfig.java","78417","95007","173424"
"2018-12-15 07:34","QuorumPeerConfig.java","61890","87714","149604"
"2019-02-13 13:12","QuorumPeerConfig.java","75030","94481","169511"
"2019-08-17 17:13","QuorumPeerConfig.java","111485","109882","221367"
"2019-06-05 00:29","QuorumPeerConfig.java","82920","95650","178570"
"2020-01-09 11:27","QuorumPeerConfig.java","124488","114782","239270"
"2019-07-12 17:01","QuorumPeerConfig.java","95010","98094","193104"
"2019-05-15 11:56","QuorumPeerConfig.java","81674","95317","176991"
"2020-01-23 13:43","QuorumPeerConfig.java","126467","114937","241404"
"2019-10-10 14:37","QuorumPeerConfig.java","116649","111293","227942"
"2019-04-18 19:17","QuorumPeerConfig.java","79149","95029","174178"
"2020-02-16 10:25","QuorumPeerConfig.java","127304","115061","242365"
"2020-05-14 18:18","QuorumPeerConfig.java","133656","118188","251844"
"2019-05-16 16:25","QuorumPeer.java","19376","8147","27523"
"2019-06-14 09:06","QuorumPeer.java","23614","9186","32800"
"2019-03-11 19:47","QuorumPeer.java","13654","7226","20880"
"2019-02-13 13:12","QuorumPeer.java","12533","7157","19690"
"2019-04-12 19:01","QuorumPeer.java","15988","7751","23739"
"2019-11-29 14:49","QuorumPeer.java","76328","43341","119669"
"2019-06-03 19:40","QuorumPeer.java","20159","8398","28557"
"2019-07-15 14:15","QuorumPeer.java","34583","12734","47317"
"2019-07-03 00:44","QuorumPeer.java","26167","11724","37891"
"2019-08-17 17:13","QuorumPeer.java","62348","35918","98266"
"2019-05-15 11:56","QuorumPeer.java","19308","8124","27432"
"2019-06-05 00:33","QuorumPeer.java","20746","8595","29341"
"2019-05-20 23:13","QuorumPeer.java","19494","8192","27686"
"2019-06-04 10:55","QuorumPeer.java","20447","8533","28980"
"2019-07-12 17:01","QuorumPeer.java","34477","12734","47211"
"2020-01-09 11:27","QuorumPeer.java","78867","44334","123201"
"2019-12-17 13:48","QuorumPeer.java","76911","43352","120263"
"2020-01-23 13:43","QuorumPeer.java","80943","44586","125529"
"2019-10-10 14:37","QuorumPeer.java","68095","37912","106007"
"2019-04-18 19:17","QuorumPeer.java","16720","7773","24493"
"2020-02-16 10:25","QuorumPeer.java","81786","44716","126502"
"2019-08-17 17:13","LearnerMaster.java","28807","25290","54097"
"2019-10-10 14:37","LearnerMaster.java","35017","27747","62764"
"2019-08-17 17:13","FourLetterCommands.java","25455","24762","50217"
"2019-04-12 19:01","ZooKeeperServer.java","8279","1365","9644"
"2019-07-31 19:06","ZooKeeperServer.java","32837","8423","41260"
"2019-09-11 10:27","ZooKeeperServer.java","57575","31112","88687"
"2019-01-14 19:38","ZooKeeperServer.java","458","59","517"
"2019-02-13 13:12","ZooKeeperServer.java","4808","755","5563"
"2019-03-04 08:07","ZooKeeperServer.java","5400","770","6170"
"2019-07-08 23:26","ZooKeeperServer.java","19569","5686","25255"
"2019-01-23 14:00","ZooKeeperServer.java","1980","146","2126"
"2019-02-13 13:19","ZooKeeperServer.java","5099","760","5859"
"2019-05-14 17:11","ZooKeeperServer.java","11498","1724","13222"
"2019-06-04 10:55","ZooKeeperServer.java","12795","2204","14999"
"2019-04-09 15:35","ZooKeeperServer.java","7018","1054","8072"
"2019-08-03 08:42","ZooKeeperServer.java","34570","8755","43325"
"2019-05-15 11:56","ZooKeeperServer.java","11651","1790","13441"
"2019-05-22 11:39","ZooKeeperServer.java","12172","1865","14037"
"2019-04-22 19:15","ZooKeeperServer.java","9276","1387","10663"
"2019-09-10 04:26","ZooKeeperServer.java","57222","31070","88292"
"2019-08-17 17:13","ZooKeeperServer.java","54984","29877","84861"
"2019-09-05 23:12","ZooKeeperServer.java","57062","31036","88098"
"2019-09-10 15:21","ZooKeeperServer.java","57230","31080","88310"
"2019-08-01 07:31","ZooKeeperServer.java","34276","8498","42774"
"2019-08-01 07:28","ZooKeeperServer.java","33717","8429","42146"
"2019-06-03 19:40","ZooKeeperServer.java","12502","2064","14566"
"2019-11-23 17:08","ZooKeeperServer.java","66856","37048","103904"
"2019-10-09 16:49","ZooKeeperServer.java","60124","31431","91555"
"2019-07-03 00:44","ZooKeeperServer.java","18738","5618","24356"
"2019-07-24 18:00","ZooKeeperServer.java","28566","7004","35570"
"2019-12-27 22:33","ZooKeeperServer.java","71271","37486","108757"
"2019-11-18 09:05","ZooKeeperServer.java","65116","36865","101981"
"2019-10-10 14:37","ZooKeeperServer.java","60734","31874","92608"
"2019-09-16 23:26","ZooKeeperServer.java","59238","31112","90350"
"2019-12-03 10:01","ZooKeeperServer.java","69084","37374","106458"
"2020-03-25 03:38","ZooKeeperServer.java","76777","38885","115662"
"2019-11-28 12:24","ZooKeeperServer.java","67114","37101","104215"
"2019-11-06 15:21","ZooKeeperServer.java","61083","32007","93090"
"2020-04-12 11:14","ZooKeeperServer.java","78107","39462","117569"
"2019-04-18 19:17","ZooKeeperServer.java","9011","1387","10398"
"2014-03-23 04:12","LearnerHandler.java","642","255","897"
"2019-10-10 14:37","LearnerHandler.java","260045","200632","460677"
"2015-06-05 20:38","LearnerHandler.java","29508","11430","40938"
"2015-06-05 20:51","LearnerHandler.java","29535","11430","40965"
"2015-06-12 23:02","LearnerHandler.java","29648","11445","41093"
"2019-07-03 20:54","LearnerHandler.java","244286","200632","444918"
"2018-09-18 01:00","LearnerHandler.java","149904","112263","262167"
"2018-08-03 18:52","LearnerHandler.java","77155","43090","120245"
"2018-12-09 03:16","LearnerHandler.java","228842","200524","429366"
"2019-04-12 19:01","LearnerHandler.java","238083","200616","438699"
"2017-11-28 00:10","LearnerHandler.java","52376","23731","76107"
"2019-06-29 00:33","LearnerHandler.java","244279","200632","444911"
"2019-07-25 21:41","LearnerHandler.java","252775","200632","453407"
"2019-08-23 19:43","LearnerHandler.java","256958","200632","457590"
"2019-08-17 17:13","LearnerHandler.java","256292","200632","456924"
"2017-06-26 00:16","LearnerHandler.java","46656","22054","68710"
"2017-08-03 20:28","LearnerHandler.java","47334","23084","70418"
"2019-05-06 17:48","LearnerHandler.java","240589","200616","441205"
"2019-08-03 08:42","LearnerHandler.java","257000","200632","457632"
"2019-04-22 19:15","LearnerHandler.java","239058","200616","439674"
"2018-09-15 00:08","ZooKeeperServer.java","226223","44481","270704"
"2019-04-12 19:01","ZooKeeperServer.java","239649","57679","297328"
"2019-07-31 19:06","ZooKeeperServer.java","257149","57679","314828"
"2019-09-11 10:27","ZooKeeperServer.java","259198","57679","316877"
"2019-01-14 19:38","ZooKeeperServer.java","233118","57663","290781"
"2019-01-07 15:34","ZooKeeperServer.java","232719","57663","290382"
"2018-11-21 17:56","ZooKeeperServer.java","225916","57663","283579"
"2012-01-31 07:45","ZooKeeperServer.java","137042","15834","152876"
"2017-04-28 07:14","ZooKeeperServer.java","188658","18834","207492"
"2011-08-19 00:05","ZooKeeperServer.java","133703","13081","146784"
"2017-02-12 00:12","ZooKeeperServer.java","187756","18831","206587"
"2014-07-18 02:19","ZooKeeperServer.java","172901","18379","191280"
"2013-12-11 19:22","ZooKeeperServer.java","159303","16943","176246"
"2019-02-13 13:12","ZooKeeperServer.java","236772","57663","294435"
"2012-02-11 00:34","ZooKeeperServer.java","137669","15876","153545"
"2016-11-24 17:18","ZooKeeperServer.java","189475","18774","208249"
"2018-07-19 05:59","ZooKeeperServer.java","197521","19712","217233"
"2018-09-18 01:00","ZooKeeperServer.java","226912","44517","271429"
"2008-10-07 20:51","ZooKeeperServer.java","18813","2693","21506"
"2019-03-04 08:07","ZooKeeperServer.java","237349","57663","295012"
"2019-07-08 23:26","ZooKeeperServer.java","246618","57679","304297"
"2019-01-23 14:00","ZooKeeperServer.java","234553","57663","292216"
"2019-02-13 13:19","ZooKeeperServer.java","237058","57663","294721"
"2019-05-14 17:11","ZooKeeperServer.java","242509","57679","300188"
"2009-01-15 23:57","ZooKeeperServer.java","39850","7291","47141"
"2013-01-25 02:17","ZooKeeperServer.java","148002","16630","164632"
"2015-07-10 08:19","ZooKeeperServer.java","182018","18509","200527"
"2008-10-03 15:06","ZooKeeperServer.java","17851","2651","20502"
"2009-02-20 01:23","ZooKeeperServer.java","54394","8209","62603"
"2009-02-06 22:19","ZooKeeperServer.java","54187","8142","62329"
"2019-06-04 10:55","ZooKeeperServer.java","243326","57679","301005"
"2011-06-14 07:14","ZooKeeperServer.java","136335","12749","149084"
"2009-02-27 20:00","ZooKeeperServer.java","54426","8215","62641"
"2019-04-09 15:35","ZooKeeperServer.java","238683","57663","296346"
"2019-08-03 08:42","ZooKeeperServer.java","258550","57679","316229"
"2019-05-15 11:56","ZooKeeperServer.java","242596","57679","300275"
"2019-05-22 11:39","ZooKeeperServer.java","243042","57679","300721"
"2019-04-22 19:15","ZooKeeperServer.java","240624","57679","298303"
"2018-02-23 23:49","ZooKeeperServer.java","193581","18983","212564"
"2016-11-16 06:21","ZooKeeperServer.java","189331","18651","207982"
"2012-12-19 19:07","ZooKeeperServer.java","146931","16597","163528"
"2017-08-18 06:32","ZooKeeperServer.java","188319","18955","207274"
"2009-01-16 00:48","ZooKeeperServer.java","40033","7455","47488"
"2017-06-26 00:16","ZooKeeperServer.java","188305","18949","207254"
"2009-02-02 23:26","ZooKeeperServer.java","51971","8005","59976"
"2019-09-10 04:26","ZooKeeperServer.java","258887","57679","316566"
"2019-08-17 17:13","ZooKeeperServer.java","257842","57679","315521"
"2019-09-05 23:12","ZooKeeperServer.java","258761","57679","316440"
"2019-09-10 15:21","ZooKeeperServer.java","258885","57679","316564"
"2009-05-20 20:48","ZooKeeperServer.java","81266","8864","90130"
"2009-06-15 22:52","ZooKeeperServer.java","84761","9176","93937"
"2019-08-01 07:31","ZooKeeperServer.java","258513","57679","316192"
"2019-08-01 07:28","ZooKeeperServer.java","258023","57679","315702"
"2019-06-03 19:40","ZooKeeperServer.java","243173","57679","300852"
"2015-03-17 18:06","ZooKeeperServer.java","178969","18474","197443"
"2019-11-23 17:08","ZooKeeperServer.java","262864","58000","320864"
"2019-10-09 16:49","ZooKeeperServer.java","261428","57679","319107"
"2019-07-03 00:44","ZooKeeperServer.java","245855","57679","303534"
"2018-01-19 01:12","ZooKeeperServer.java","192532","18976","211508"
"2019-07-24 18:00","ZooKeeperServer.java","254297","57679","311976"
"2013-05-16 18:49","ZooKeeperServer.java","152778","16856","169634"
"2018-08-08 06:21","ZooKeeperServer.java","207643","28354","235997"
"2018-05-09 23:57","ZooKeeperServer.java","195113","19010","214123"
"2009-11-07 01:48","ZooKeeperServer.java","100252","10705","110957"
"2009-12-18 03:19","ZooKeeperServer.java","109058","11041","120099"
"2010-01-26 01:17","ZooKeeperServer.java","112752","11285","124037"
"2019-12-27 22:33","ZooKeeperServer.java","266841","58000","324841"
"2016-08-13 15:01","ZooKeeperServer.java","185358","18579","203937"
"2018-09-11 00:17","ZooKeeperServer.java","224672","44479","269151"
"2019-11-18 09:05","ZooKeeperServer.java","261307","58000","319307"
"2019-10-10 14:37","ZooKeeperServer.java","261595","57679","319274"
"2019-09-16 23:26","ZooKeeperServer.java","260861","57679","318540"
"2013-10-08 01:35","ZooKeeperServer.java","155641","16915","172556"
"2017-06-23 18:39","ZooKeeperServer.java","188323","18947","207270"
"2009-08-07 01:23","ZooKeeperServer.java","95101","9523","104624"
"2011-12-28 07:07","ZooKeeperServer.java","136692","15823","152515"
"2019-12-03 10:01","ZooKeeperServer.java","264766","58000","322766"
"2020-03-25 03:38","ZooKeeperServer.java","270948","58000","328948"
"2010-03-12 19:26","ZooKeeperServer.java","122258","11392","133650"
"2019-11-28 12:24","ZooKeeperServer.java","263069","58000","321069"
"2019-11-06 15:21","ZooKeeperServer.java","261811","57679","319490"
"2011-05-20 01:17","ZooKeeperServer.java","135196","12741","147937"
"2010-07-29 23:10","ZooKeeperServer.java","137260","11859","149119"
"2011-09-17 02:36","ZooKeeperServer.java","136275","15637","151912"
"2020-04-12 11:14","ZooKeeperServer.java","271701","58000","329701"
"2011-09-14 08:56","ZooKeeperServer.java","136345","13147","149492"
"2011-08-21 02:53","ZooKeeperServer.java","133731","13081","146812"
"2010-08-18 08:24","ZooKeeperServer.java","142742","12151","154893"
"2013-10-09 22:21","ZooKeeperServer.java","157909","16943","174852"
"2008-10-22 01:49","ZooKeeperServer.java","29721","2782","32503"
"2008-12-02 01:13","ZooKeeperServer.java","35914","3627","39541"
"2008-10-01 08:26","ZooKeeperServer.java","17140","2205","19345"
"2015-03-08 23:07","ZooKeeperServer.java","177924","18477","196401"
"2018-06-08 16:52","ZooKeeperServer.java","195862","19010","214872"
"2018-06-15 07:41","ZooKeeperServer.java","195879","19024","214903"
"2018-07-28 04:37","ZooKeeperServer.java","198101","19716","217817"
"2019-04-18 19:17","ZooKeeperServer.java","240359","57679","298038"
"2012-03-15 17:47","ZooKeeperServer.java","138710","15883","154593"
"2014-03-25 22:13","ZooKeeperServer.java","162400","17023","179423"
"2011-04-12 09:14","ZooKeeperServer.java","134347","12711","147058"
"2014-07-26 04:11","ZooKeeperServerMainTest.java","91763","35298","127061"
"2016-09-18 23:21","ZooKeeperServerMainTest.java","106312","37918","144230"
"2014-03-25 22:13","ZooKeeperServerMainTest.java","75314","28750","104064"
"2016-08-24 01:36","ZooKeeperServerMainTest.java","105643","37909","143552"
"2016-08-13 15:01","ZooKeeperServerMainTest.java","105722","37756","143478"
"2014-09-28 19:15","ZooKeeperServerMainTest.java","93642","35335","128977"
"2017-01-13 19:29","ZooKeeperServerMainTest.java","111417","38348","149765"
"2019-06-03 19:40","ZooKeeperServerMainTest.java","242346","167976","410322"
"2019-08-17 17:13","ZooKeeperServerMainTest.java","257015","167976","424991"
"2018-09-11 15:23","ZooKeeperServerMainTest.java","185384","103057","288441"
"2017-01-05 22:32","ZooKeeperServerMainTest.java","111036","38337","149373"
"2013-12-07 11:16","ZooKeeperServerMainTest.java","71545","28500","100045"
"2019-08-17 17:13","GetConfigCommand.java","52428","30087","82515"
"2017-07-28 00:36","ZooKeeperAdmin.java","6344","7498","13842"
"2019-08-17 17:13","ZooKeeperAdmin.java","255292","225011","480303"
"2017-02-12 00:34","ZooKeeperAdmin.java","3319","4527","7846"
"2017-04-18 01:56","ZooKeeperAdmin.java","4261","4676","8937"
"2020-03-26 22:19","ZooKeeperAdmin.java","269755","226617","496372"
"2019-08-17 17:13","FinalRequestProcessorTest.java","44894","29685","74579"
"2019-04-12 19:01","MetricsProvider.java","194686","192051","386737"
"2019-06-03 19:40","MetricsProvider.java","198253","192094","390347"
"2019-08-17 17:13","MetricsProvider.java","212928","192100","405028"
"2014-04-26 23:16","ByteBufferInputStream.java","44676","20612","65288"
"2019-08-17 17:13","ByteBufferInputStream.java","256761","179545","436306"
"2014-02-12 17:00","FileTxnLog.java","47210","13705","60915"
"2013-12-11 01:10","FileTxnLog.java","44162","13542","57704"
"2018-01-19 00:43","FileTxnLog.java","90670","28364","119034"
"2019-12-27 22:33","FileTxnLog.java","266682","181527","448209"
"2019-10-10 14:37","FileTxnLog.java","260659","180429","441088"
"2018-11-12 22:36","FileTxnLog.java","224931","180362","405293"
"2018-08-01 21:19","FileTxnLog.java","112765","45504","158269"
"2018-04-27 20:28","FileTxnLog.java","92711","28555","121266"
"2018-06-08 16:52","FileTxnLog.java","94178","28575","122753"
"2011-09-03 01:07","FileTxnLog.java","12680","1316","13996"
"2011-11-15 19:30","FileTxnLog.java","15687","6837","22524"
"2014-06-30 19:11","FileTxnLog.java","58516","19952","78468"
"2020-01-28 17:26","FileTxnLog.java","268402","181527","449929"
"2019-05-14 17:11","FileTxnLog.java","241574","180430","422004"
"2019-01-07 14:24","FileTxnLog.java","231670","180363","412033"
"2013-06-28 23:22","FileTxnLog.java","39486","13102","52588"
"2019-04-12 19:01","FileTxnLog.java","238714","180430","419144"
"2017-04-28 07:14","FileTxnLog.java","85486","26911","112397"
"2012-02-06 09:40","FileTxnLog.java","18167","7809","25976"
"2018-09-06 01:11","FileTxnLog.java","176334","107442","283776"
"2018-09-18 01:00","FileTxnLog.java","178654","107508","286162"
"2016-03-20 19:31","FileTxnLog.java","76342","22709","99051"
"2019-08-17 17:13","FileTxnLog.java","256906","180429","437335"
"2019-06-03 19:40","FileTxnLog.java","242237","180429","422666"
"2018-04-24 00:20","FileTxnLog.java","92521","28452","120973"
"2018-02-14 21:23","FileTxnLog.java","91602","28417","120019"
"2019-08-03 08:42","FileTxnLog.java","257614","180429","438043"
"2019-04-09 15:35","FileTxnLog.java","237712","180378","418090"
"2017-08-03 20:41","FileTxnLog.java","85655","27896","113551"
"2018-02-02 00:26","FileTxnLog.java","90679","28366","119045"
"2017-06-26 00:07","FileTxnLog.java","85918","27805","113723"
"2019-08-17 17:13","StateSummary.java","256906","180329","437235"
"2020-03-26 18:41","ZooKeeperMain.java","270203","224929","495132"
"2020-04-01 17:02","ZooKeeperMain.java","270527","224929","495456"
"2019-10-10 14:37","ZooKeeperMain.java","259580","223341","482921"
"2020-03-26 22:19","ZooKeeperMain.java","270272","224929","495201"
"2019-11-28 12:24","ZooKeeperMain.java","262319","224927","487246"
"2016-11-13 20:59","ZooKeeperMain.java","2467","262","2729"
"2019-08-03 08:42","ZooKeeperMain.java","256535","223341","479876"
"2017-07-28 00:36","ZooKeeperMain.java","8753","7702","16455"
"2019-08-17 17:13","ZooKeeperMain.java","255827","223341","479168"
"2018-08-06 14:11","ZooKeeperMain.java","41296","30299","71595"
"2020-02-16 10:25","QuorumServerTest.java","22565","11925","34490"
"2019-08-17 17:13","Gauge.java","43884","29368","73252"
"2020-03-25 03:38","FinalRequestProcessor.java","17227","10056","27283"
"2019-11-21 05:58","FinalRequestProcessor.java","2713","5160","7873"
"2019-11-18 09:05","FinalRequestProcessor.java","2673","5143","7816"
"2019-11-11 13:59","FinalRequestProcessor.java","1828","32","1860"
"2020-03-26 22:12","FinalRequestProcessor.java","17283","10110","27393"
"2020-03-19 17:09","Learner.java","269953","177465","447418"
"2013-10-09 22:21","Learner.java","29247","8196","37443"
"2020-02-03 04:30","Learner.java","268448","177465","445913"
"2020-01-23 13:43","Learner.java","267891","177465","445356"
"2017-07-04 07:39","Learner.java","74788","25114","99902"
"2020-03-25 03:38","Learner.java","270749","177465","448214"
"2015-03-15 08:54","Learner.java","55780","16136","71916"
"2019-11-28 12:24","Learner.java","262870","177465","440335"
"2019-12-27 22:33","Learner.java","266642","177465","444107"
"2020-01-25 18:48","Learner.java","268081","177465","445546"
"2020-05-03 19:43","Learner.java","271685","177465","449150"
"2016-08-13 15:01","Learner.java","67851","20987","88838"
"2013-10-21 23:36","Learner.java","29620","8206","37826"
"2019-10-10 14:37","Learner.java","260412","176160","436572"
"2015-01-25 01:22","Learner.java","55140","15987","71127"
"2019-06-03 19:40","Learner.java","241990","176160","418150"
"2015-03-17 18:06","Learner.java","56812","16232","73044"
"2019-07-15 14:15","Learner.java","252078","176160","428238"
"2019-08-23 19:43","Learner.java","257325","176160","433485"
"2016-09-08 22:59","Learner.java","68350","21238","89588"
"2019-08-17 17:13","Learner.java","256659","176160","432819"
"2017-11-28 00:10","Learner.java","79577","26093","105670"
"2014-03-12 23:57","Learner.java","33556","8618","42174"
"2018-05-09 00:54","Learner.java","82220","26608","108828"
"2019-04-09 15:35","Learner.java","237459","176103","413562"
"2019-07-12 17:01","Learner.java","251972","176160","428132"
"2017-07-06 18:48","Learner.java","75067","25121","100188"
"2013-10-07 21:08","Learner.java","26668","7996","34664"
"2017-08-18 06:32","Learner.java","75104","25655","100759"
"2019-07-02 07:34","Learner.java","244602","176160","420762"
"2018-10-16 16:22","Learner.java","236173","157277","393450"
"2012-01-31 07:45","Learner.java","2366","1073","3439"
"2014-07-18 02:19","Learner.java","50224","15617","65841"
"2017-02-12 00:12","Learner.java","72967","23957","96924"
"2018-12-09 03:16","Learner.java","229240","176083","405323"
"2013-03-07 07:01","Learner.java","23221","7365","30586"
"2019-11-29 14:49","Learner.java","264521","177465","441986"
"2018-11-27 10:02","Learner.java","226916","176083","402999"
"2018-08-06 14:11","Learner.java","103713","44703","148416"
"2019-11-08 17:30","IWatchManager.java","9522","3908","13430"
"2019-07-08 23:26","ServerCnxn.java","11448","4479","15927"
"2019-08-17 17:13","ServerCnxn.java","47813","29620","77433"
"2019-07-03 00:44","ServerCnxn.java","10602","4396","14998"
"2019-11-18 09:05","ServerCnxn.java","58284","36947","95231"
"2020-02-26 22:41","ServerCnxn.java","67923","39076","106999"
"2019-11-11 13:59","ServerCnxn.java","57524","31921","89445"
"2016-07-27 01:33","ZooKeeperTest.java","6092","4274","10366"
"2016-09-08 22:52","ZooKeeperTest.java","7185","4979","12164"
"2018-10-04 15:46","ZooKeeperTest.java","132052","111596","243648"
"2016-10-16 14:21","ZooKeeperTest.java","8572","5206","13778"
"2019-03-12 19:08","ZooKeeperTest.java","235949","219974","455923"
"2017-04-29 20:17","ZooKeeperTest.java","15079","9815","24894"
"2017-05-30 19:43","ZooKeeperTest.java","15231","10737","25968"
"2019-05-23 18:42","ZooKeeperTest.java","241129","220048","461177"
"2019-08-17 17:13","ZooKeeperTest.java","255918","220066","475984"
"2016-08-10 19:32","ZooKeeperTest.java","6268","4495","10763"
"2019-06-06 00:01","ZooKeeperTest.java","242054","220065","462119"
"2019-08-17 17:13","LearnerHandlerBean.java","63823","36481","100304"
"2019-10-10 14:37","LearnerHandlerBean.java","69561","38466","108027"
"2019-11-29 14:49","QuorumCnxManager.java","264521","178367","442888"
"2013-03-07 07:01","QuorumCnxManager.java","21459","6505","27964"
"2018-07-11 06:04","QuorumCnxManager.java","90365","34030","124395"
"2018-08-06 14:11","QuorumCnxManager.java","102439","44331","146770"
"2012-06-29 22:08","QuorumCnxManager.java","6465","3306","9771"
"2018-10-16 16:22","QuorumCnxManager.java","236050","158056","394106"
"2019-06-14 09:06","QuorumCnxManager.java","244654","177059","421713"
"2019-08-03 08:42","QuorumCnxManager.java","257364","177059","434423"
"2019-11-13 20:41","QuorumCnxManager.java","264403","177087","441490"
"2019-04-09 16:08","QuorumCnxManager.java","237454","177001","414455"
"2019-08-06 12:52","QuorumCnxManager.java","257629","177059","434688"
"2017-02-09 11:40","QuorumCnxManager.java","72958","21600","94558"
"2019-05-20 23:13","QuorumCnxManager.java","241528","177059","418587"
"2015-04-09 20:16","QuorumCnxManager.java","56433","15692","72125"
"2017-08-23 02:16","QuorumCnxManager.java","73836","25174","99010"
"2019-07-27 20:04","QuorumCnxManager.java","253187","177059","430246"
"2015-05-29 23:46","QuorumCnxManager.java","57139","15882","73021"
"2015-05-14 07:10","QuorumCnxManager.java","56767","15806","72573"
"2020-03-12 14:47","QuorumCnxManager.java","269907","178367","448274"
"2019-08-17 17:13","QuorumCnxManager.java","256656","177059","433715"
"2017-11-28 00:10","QuorumCnxManager.java","78182","25600","103782"
"2019-10-10 14:37","QuorumCnxManager.java","260409","177059","437468"
"2014-07-23 19:36","QuorumCnxManager.java","49436","15128","64564"
"2017-06-09 18:37","QuorumCnxManager.java","72918","24552","97470"
"2020-01-23 13:43","QuorumCnxManager.java","267891","178367","446258"
"2014-03-23 04:12","QuorumCnxManager.java","32233","7909","40142"
"2014-07-08 05:25","QuorumCnxManager.java","44854","14816","59670"
"2019-11-28 12:24","QuorumCnxManager.java","262870","178367","441237"
"2014-06-25 15:04","QuorumCnxManager.java","42730","14328","57058"
"2016-06-08 17:43","QuorumCnxManager.java","64926","20137","85063"
"2020-03-23 16:20","QuorumCnxManager.java","270078","178367","448445"
"2020-02-16 10:25","QuorumCnxManager.java","268604","178367","446971"
"2014-07-22 06:45","QuorumCnxManager.java","49359","15126","64485"
"2018-07-27 12:32","QuorumCnxManager.java","101790","44294","146084"
"2019-08-17 17:13","RemotePeerBean.java","256154","204462","460616"
"2019-11-29 14:49","RemotePeerBean.java","264150","205901","470051"
"2018-06-26 11:18","RemotePeerBean.java","46102","17729","63831"
"2015-09-10 06:35","RemotePeerBean.java","20427","5078","25505"
"2018-10-16 16:22","QuorumPeerConfig.java","243240","68508","311748"
"2012-04-23 01:20","QuorumPeerConfig.java","117415","17561","134976"
"2009-05-22 21:02","QuorumPeerConfig.java","49328","8570","57898"
"2018-12-09 03:16","QuorumPeerConfig.java","230337","89355","319692"
"2019-04-12 19:01","QuorumPeerConfig.java","239514","89383","328897"
"2018-09-11 15:23","QuorumPeerConfig.java","212046","54985","267031"
"2013-03-07 07:01","QuorumPeerConfig.java","130143","18451","148594"
"2018-12-15 07:34","QuorumPeerConfig.java","230252","89355","319607"
"2019-02-13 13:12","QuorumPeerConfig.java","236632","89362","325994"
"2009-06-05 06:44","QuorumPeerConfig.java","51231","8743","59974"
"2019-08-17 17:13","QuorumPeerConfig.java","257706","89382","347088"
"2015-03-17 18:06","QuorumPeerConfig.java","156740","20324","177064"
"2014-01-21 04:50","QuorumPeerConfig.java","137450","18608","156058"
"2009-11-18 20:06","QuorumPeerConfig.java","76901","11575","88476"
"2012-12-16 07:43","QuorumPeerConfig.java","123262","17964","141226"
"2017-11-28 00:10","QuorumPeerConfig.java","172315","22995","195310"
"2019-06-05 00:29","QuorumPeerConfig.java","243373","89382","332755"
"2014-09-17 07:34","QuorumPeerConfig.java","153207","20244","173451"
"2009-04-07 00:19","QuorumPeerConfig.java","23278","7723","31001"
"2020-01-09 11:27","QuorumPeerConfig.java","266265","89838","356103"
"2019-07-12 17:01","QuorumPeerConfig.java","253019","89382","342401"
"2016-11-13 20:59","QuorumPeerConfig.java","168150","22096","190246"
"2019-05-15 11:56","QuorumPeerConfig.java","242461","89383","331844"
"2014-08-19 22:50","QuorumPeerConfig.java","152121","20244","172365"
"2018-10-01 06:11","QuorumPeerConfig.java","216006","55111","271117"
"2017-07-28 00:36","QuorumPeerConfig.java","167815","22915","190730"
"2013-09-30 22:20","QuorumPeerConfig.java","132605","18528","151133"
"2009-03-05 22:33","QuorumPeerConfig.java","21832","7385","29217"
"2017-07-06 18:48","QuorumPeerConfig.java","168679","22897","191576"
"2013-09-26 00:13","QuorumPeerConfig.java","132359","18526","150885"
"2010-03-09 05:44","QuorumPeerConfig.java","90579","12282","102861"
"2020-01-23 13:43","QuorumPeerConfig.java","268089","89838","357927"
"2011-04-06 18:17","QuorumPeerConfig.java","103644","14011","117655"
"2010-03-12 19:26","QuorumPeerConfig.java","91375","12348","103723"
"2014-05-17 13:23","QuorumPeerConfig.java","143707","19970","163677"
"2014-07-04 04:19","QuorumPeerConfig.java","146281","19995","166276"
"2011-09-17 02:42","QuorumPeerConfig.java","112243","15531","127774"
"2016-06-23 19:42","QuorumPeerConfig.java","163445","21823","185268"
"2015-09-06 20:02","QuorumPeerConfig.java","160316","20388","180704"
"2015-09-29 03:56","QuorumPeerConfig.java","160524","20415","180939"
"2019-10-10 14:37","QuorumPeerConfig.java","261459","89382","350841"
"2009-08-11 00:24","QuorumPeerConfig.java","63704","9804","73508"
"2018-07-27 12:32","QuorumPeerConfig.java","183303","29069","212372"
"2019-04-18 19:17","QuorumPeerConfig.java","240224","89383","329607"
"2016-11-03 16:07","QuorumPeerConfig.java","166472","22087","188559"
"2011-04-12 09:14","QuorumPeerConfig.java","104096","14299","118395"
"2014-03-25 22:13","QuorumPeerConfig.java","140015","18717","158732"
"2011-09-02 22:50","QuorumPeerConfig.java","111253","12931","124184"
"2013-10-09 22:21","QuorumPeerConfig.java","135454","18567","154021"
"2014-08-01 07:38","QuorumPeerConfig.java","151571","20229","171800"
"2014-08-14 08:08","QuorumPeerConfig.java","151995","20232","172227"
"2009-04-24 20:26","QuorumPeerConfig.java","32998","8387","41385"
"2020-02-16 10:25","QuorumPeerConfig.java","268802","89838","358640"
"2020-05-14 18:18","QuorumPeerConfig.java","272028","89839","361867"
"2017-05-11 16:59","QuorumPeerConfig.java","167782","22867","190649"
"2018-02-14 21:23","Util.java","8149","3077","11226"
"2019-08-17 17:13","Util.java","255250","224198","479448"
"2019-04-10 13:19","Util.java","236499","224179","460678"
"2019-12-27 22:33","Util.java","265554","225824","491378"
"2008-10-03 15:06","Request.java","17086","2341","19427"
"2019-11-08 17:30","Request.java","263456","58134","321590"
"2019-01-16 14:21","Request.java","233806","58118","291924"
"2019-04-25 02:11","Request.java","241562","58134","299696"
"2019-07-08 23:26","Request.java","246618","58134","304752"
"2011-07-01 00:53","Request.java","138970","13144","152114"
"2015-02-06 06:17","Request.java","177374","18556","195930"
"2013-03-07 07:01","Request.java","152260","16944","169204"
"2019-02-07 11:26","Request.java","236158","58118","294276"
"2019-08-06 17:11","Request.java","258943","58134","317077"
"2019-08-01 07:28","Request.java","258023","58134","316157"
"2019-06-26 10:57","Request.java","245692","58134","303826"
"2014-01-24 07:18","Request.java","161076","17027","178103"
"2016-10-07 21:51","Request.java","186165","18740","204905"
"2015-06-04 19:51","Request.java","180970","18596","199566"
"2009-06-26 22:29","Request.java","92998","9234","102232"
"2019-08-17 17:13","Request.java","257842","58134","315976"
"2019-04-17 14:16","Request.java","239914","58134","298048"
"2019-05-03 00:44","Request.java","241839","58134","299973"
"2019-06-05 00:46","Request.java","243702","58134","301836"
"2019-05-10 12:22","Request.java","242349","58134","300483"
"2020-03-25 03:38","Request.java","270948","58455","329403"
"2010-01-25 04:28","Request.java","111851","11248","123099"
"2019-09-20 10:06","Request.java","260705","58134","318839"
"2019-09-16 23:26","Request.java","260861","58134","318995"
"2019-12-27 22:33","Request.java","266841","58455","325296"
"2009-12-11 21:24","Request.java","107960","10851","118811"
"2009-10-31 00:09","Request.java","99196","10509","109705"
"2019-11-11 13:59","Request.java","265252","58134","323386"
"2011-10-20 20:02","Request.java","134435","15841","150276"
"2012-12-19 19:16","Request.java","147474","16714","164188"
"2014-04-29 02:23","Request.java","165675","18361","184036"
"2013-10-09 22:21","Request.java","157539","17028","174567"
"2020-05-05 21:20","Request.java","271979","58455","330434"
"2018-12-09 03:16","LeaderZooKeeperServer.java","5895","1327","7222"
"2019-06-04 10:55","LeaderZooKeeperServer.java","27861","10467","38328"
"2019-08-17 17:13","LeaderZooKeeperServer.java","68602","36692","105294"
"2019-06-03 19:40","LeaderZooKeeperServer.java","27592","10351","37943"
"2019-11-25 15:37","LeaderZooKeeperServer.java","80507","43789","124296"
"2019-12-27 22:33","LeaderZooKeeperServer.java","84751","44163","128914"
"2011-05-03 23:29","NIOServerCnxn.java","31308","19804","51112"
"2019-11-21 05:58","NIOServerCnxn.java","261229","168375","429604"
"2015-11-08 22:36","NIOServerCnxn.java","103455","37153","140608"
"2019-11-18 09:05","NIOServerCnxn.java","261206","168375","429581"
"2013-09-10 00:37","NIOServerCnxn.java","68958","29596","98554"
"2019-09-16 23:26","NIOServerCnxn.java","260034","167328","427362"
"2019-10-10 14:37","NIOServerCnxn.java","260768","167328","428096"
"2013-10-05 00:57","NIOServerCnxn.java","69860","29744","99604"
"2018-09-28 23:38","NIOServerCnxn.java","190817","104038","294855"
"2010-08-18 08:24","NIOServerCnxn.java","27910","7795","35705"
"2010-05-04 23:45","NIOServerCnxn.java","6009","5608","11617"
"2020-02-11 06:50","NIOServerCnxn.java","268581","168375","436956"
"2019-01-23 14:00","NIOServerCnxn.java","233685","167271","400956"
"2019-07-08 23:26","NIOServerCnxn.java","245791","167328","413119"
"2019-04-12 19:01","NIOServerCnxn.java","238823","167329","406152"
"2019-01-14 19:38","NIOServerCnxn.java","232249","167270","399519"
"2018-11-17 18:33","NIOServerCnxn.java","225032","167270","392302"
"2017-03-04 19:22","NIOServerCnxn.java","112079","40878","152957"
"2011-08-19 00:05","NIOServerCnxn.java","41640","19208","60848"
"2013-12-11 19:22","NIOServerCnxn.java","74120","29950","104070"
"2012-02-11 00:34","NIOServerCnxn.java","48917","25314","74231"
"2016-12-22 23:23","NIOServerCnxn.java","112824","39633","152457"
"2018-09-18 01:00","NIOServerCnxn.java","188096","103891","291987"
"2019-08-17 17:13","NIOServerCnxn.java","257015","167328","424343"
"2015-06-28 21:09","NIOServerCnxn.java","102040","37046","139086"
"2015-03-28 20:08","NIOServerCnxn.java","100135","36841","136976"
"2019-07-03 00:44","NIOServerCnxn.java","245028","167328","412356"
"2019-08-03 08:42","NIOServerCnxn.java","257723","167328","425051"
"2016-11-16 06:21","NIOServerCnxn.java","111777","39287","151064"
"2012-12-19 19:07","NIOServerCnxn.java","61047","28903","89950"
"2020-05-05 09:18","JettyAdminServerTest.java","29373","15611","44984"
"2019-10-10 14:37","JettyAdminServerTest.java","7470","3717","11187"
"2019-07-15 14:15","QuorumZooKeeperServer.java","8809","1240","10049"
"2019-08-17 17:13","QuorumZooKeeperServer.java","39048","26898","65946"
"2019-11-29 14:49","QuorumZooKeeperServer.java","53825","35118","88943"
"2020-03-25 03:38","QuorumZooKeeperServer.java","61874","36939","98813"
"2019-10-10 14:37","QuorumZooKeeperServer.java","45236","29333","74569"
"2011-11-05 21:57","Learner.java","17860","7144","25004"
"2020-03-19 17:09","Learner.java","270015","179499","449514"
"2013-10-09 22:21","Learner.java","45363","13596","58959"
"2011-09-14 08:56","Learner.java","15987","1988","17975"
"2020-02-03 04:30","Learner.java","268510","179499","448009"
"2020-01-23 13:43","Learner.java","267953","179499","447452"
"2017-07-04 07:39","Learner.java","88019","27629","115648"
"2020-03-25 03:38","Learner.java","270811","179499","450310"
"2011-06-17 01:34","Learner.java","2643","622","3265"
"2015-03-15 08:54","Learner.java","71379","21019","92398"
"2019-11-28 12:24","Learner.java","262932","179499","442431"
"2019-12-27 22:33","Learner.java","266704","179499","446203"
"2020-01-25 18:48","Learner.java","268143","179499","447642"
"2020-05-03 19:43","Learner.java","271747","179499","451246"
"2016-08-13 15:01","Learner.java","81939","24359","106298"
"2013-10-21 23:36","Learner.java","45730","13600","59330"
"2019-10-10 14:37","Learner.java","260685","178405","439090"
"2015-01-25 01:22","Learner.java","70778","20909","91687"
"2019-06-03 19:40","Learner.java","242263","178405","420668"
"2015-03-17 18:06","Learner.java","72397","21101","93498"
"2019-07-15 14:15","Learner.java","252351","178405","430756"
"2019-08-23 19:43","Learner.java","257598","178405","436003"
"2016-09-08 22:59","Learner.java","82364","24536","106900"
"2019-08-17 17:13","Learner.java","256932","178405","435337"
"2017-11-28 00:10","Learner.java","92166","27966","120132"
"2014-03-12 23:57","Learner.java","49531","13877","63408"
"2018-05-09 00:54","Learner.java","94634","28306","122940"
"2019-04-09 15:35","Learner.java","237738","178354","416092"
"2011-06-14 07:14","Learner.java","2489","539","3028"
"2019-07-12 17:01","Learner.java","252245","178405","430650"
"2017-07-06 18:48","Learner.java","88298","27636","115934"
"2013-10-07 21:08","Learner.java","42799","13411","56210"
"2017-08-18 06:32","Learner.java","87889","27724","115613"
"2019-07-02 07:34","Learner.java","244875","178405","423280"
"2018-10-16 16:22","Learner.java","236761","147149","383910"
"2012-01-31 07:45","Learner.java","19975","7966","27941"
"2014-07-18 02:19","Learner.java","65966","20643","86609"
"2017-02-12 00:12","Learner.java","86479","26753","113232"
"2018-12-09 03:16","Learner.java","229524","178339","407863"
"2013-03-07 07:01","Learner.java","39549","12977","52526"
"2019-11-29 14:49","Learner.java","264583","179499","444082"
"2018-11-27 10:02","Learner.java","227200","178339","405539"
"2018-08-06 14:11","Learner.java","114997","45271","160268"
"2019-11-08 17:30","Request.java","263324","72747","336071"
"2019-01-16 14:21","Request.java","233662","72719","306381"
"2019-04-25 02:11","Request.java","241430","72747","314177"
"2019-07-08 23:26","Request.java","246486","72747","319233"
"2011-07-01 00:53","Request.java","126490","15409","141899"
"2015-02-06 06:17","Request.java","166934","19670","186604"
"2013-03-07 07:01","Request.java","141732","17970","159702"
"2019-02-07 11:26","Request.java","236014","72719","308733"
"2019-08-06 17:11","Request.java","258811","72747","331558"
"2019-08-01 07:28","Request.java","257891","72747","330638"
"2019-06-26 10:57","Request.java","245560","72747","318307"
"2014-01-24 07:18","Request.java","150583","18088","168671"
"2016-10-07 21:51","Request.java","175891","20020","195911"
"2015-06-04 19:51","Request.java","170551","19731","190282"
"2009-06-26 22:29","Request.java","79895","10876","90771"
"2019-08-17 17:13","Request.java","257710","72747","330457"
"2019-04-17 14:16","Request.java","239782","72747","312529"
"2019-05-03 00:44","Request.java","241707","72747","314454"
"2019-06-05 00:46","Request.java","243570","72747","316317"
"2019-05-10 12:22","Request.java","242217","72747","314964"
"2020-03-25 03:38","Request.java","270948","73200","344148"
"2010-01-25 04:28","Request.java","98999","13141","112140"
"2019-09-20 10:06","Request.java","260573","72747","333320"
"2019-09-16 23:26","Request.java","260729","72747","333476"
"2019-12-27 22:33","Request.java","266841","73200","340041"
"2009-12-11 21:24","Request.java","95032","12668","107700"
"2009-10-31 00:09","Request.java","86217","12275","98492"
"2019-11-11 13:59","Request.java","265120","72747","337867"
"2011-10-20 20:02","Request.java","123704","16664","140368"
"2012-12-19 19:16","Request.java","136917","17711","154628"
"2014-04-29 02:23","Request.java","155201","19441","174642"
"2013-10-09 22:21","Request.java","147032","18075","165107"
"2020-05-05 21:20","Request.java","271979","73200","345179"
"2019-09-05 23:12","PrepRequestProcessorTest.java","41267","28198","69465"
"2019-08-17 17:13","PrepRequestProcessorTest.java","39048","26898","65946"
"2019-09-11 10:27","PrepRequestProcessorTest.java","41789","28283","70072"
"2019-12-27 22:33","PrepRequestProcessorTest.java","56096","35268","91364"
"2019-11-08 17:30","ZooKeeper.java","60214","32303","92517"
"2019-02-07 11:26","ZooKeeper.java","654","25","679"
"2019-08-17 17:13","ZooKeeper.java","52383","30086","82469"
"2019-06-26 10:57","ZooKeeper.java","15330","5183","20513"
"2019-06-03 19:40","ZooKeeper.java","9412","1784","11196"
"2019-08-03 08:42","ZooKeeper.java","31507","8502","40009"
"2020-04-16 12:50","ZooKeeper.java","75729","39858","115587"
"2019-10-10 14:37","ZooKeeper.java","58199","32149","90348"
"2019-02-11 12:34","ZooKeeper.java","1187","195","1382"
"2020-05-17 15:13","ZooKeeper.java","79337","43095","122432"
"2019-03-12 19:08","ZooKeeper.java","2944","524","3468"
"2020-04-30 18:53","ZooKeeperServerBean.java","3261","2361","5622"
"2019-04-12 19:01","ZooKeeperServer.java","23441","9724","33165"
"2019-07-31 19:06","ZooKeeperServer.java","47507","16290","63797"
"2019-09-11 10:27","ZooKeeperServer.java","71192","37926","109118"
"2019-01-14 19:38","ZooKeeperServer.java","15834","8632","24466"
"2019-01-07 15:34","ZooKeeperServer.java","15377","8574","23951"
"2019-02-13 13:12","ZooKeeperServer.java","19991","9135","29126"
"2019-03-04 08:07","ZooKeeperServer.java","20579","9146","29725"
"2019-07-08 23:26","ZooKeeperServer.java","34346","13660","48006"
"2019-01-23 14:00","ZooKeeperServer.java","17344","8707","26051"
"2019-02-13 13:19","ZooKeeperServer.java","20282","9140","29422"
"2019-05-14 17:11","ZooKeeperServer.java","26605","10028","36633"
"2019-06-04 10:55","ZooKeeperServer.java","27861","10467","38328"
"2019-04-09 15:35","ZooKeeperServer.java","22184","9417","31601"
"2019-08-03 08:42","ZooKeeperServer.java","49205","16587","65792"
"2019-05-15 11:56","ZooKeeperServer.java","26751","10087","36838"
"2019-05-22 11:39","ZooKeeperServer.java","27265","10155","37420"
"2019-04-22 19:15","ZooKeeperServer.java","24438","9746","34184"
"2019-09-10 04:26","ZooKeeperServer.java","70839","37884","108723"
"2019-08-17 17:13","ZooKeeperServer.java","68602","36692","105294"
"2019-09-05 23:12","ZooKeeperServer.java","70679","37850","108529"
"2019-09-10 15:21","ZooKeeperServer.java","70847","37894","108741"
"2019-08-01 07:31","ZooKeeperServer.java","48946","16365","65311"
"2019-08-01 07:28","ZooKeeperServer.java","48387","16296","64683"
"2019-06-03 19:40","ZooKeeperServer.java","27592","10351","37943"
"2019-11-23 17:08","ZooKeeperServer.java","80383","43772","124155"
"2019-10-09 16:49","ZooKeeperServer.java","73737","38241","111978"
"2019-07-03 00:44","ZooKeeperServer.java","33519","13596","47115"
"2019-07-24 18:00","ZooKeeperServer.java","43334","14969","58303"
"2019-12-27 22:33","ZooKeeperServer.java","84751","44163","128914"
"2019-11-18 09:05","ZooKeeperServer.java","78643","43589","122232"
"2019-10-10 14:37","ZooKeeperServer.java","74328","38665","112993"
"2019-09-16 23:26","ZooKeeperServer.java","72855","37926","110781"
"2019-12-03 10:01","ZooKeeperServer.java","82570","44057","126627"
"2020-03-25 03:38","ZooKeeperServer.java","90225","45530","135755"
"2019-11-28 12:24","ZooKeeperServer.java","80638","43822","124460"
"2019-11-06 15:21","ZooKeeperServer.java","74612","38733","113345"
"2020-04-12 11:14","ZooKeeperServer.java","91521","46073","137594"
"2019-04-18 19:17","ZooKeeperServer.java","24173","9746","33919"
"2019-08-17 17:13","SASLAuthenticationProvider.java","256369","194027","450396"
"2019-08-17 17:13","ServerMXBean.java","257706","90102","347808"
"2019-08-17 17:13","JKSFileLoader.java","29979","25828","55807"
"2018-11-17 18:37","Command.java","224115","210148","434263"
"2019-05-15 11:56","Command.java","240889","210243","451132"
"2019-06-03 19:40","Command.java","241482","210259","451741"
"2019-08-17 17:13","Command.java","256151","210259","466410"
"2015-12-06 21:37","ZooKeeperServerBean.java","103617","37288","140905"
"2015-12-07 06:26","ZooKeeperServerBean.java","103944","37289","141233"
"2020-03-25 03:38","ZooKeeperServerBean.java","270847","168765","439612"
"2019-11-14 03:54","ZooKeeperServerBean.java","265024","167718","432742"
"2019-09-16 23:26","ZooKeeperServerBean.java","260034","167718","427752"
"2018-06-08 16:52","ZooKeeperServerBean.java","120505","42233","162738"
"2020-04-30 18:53","ZooKeeperServerBean.java","271747","168765","440512"
"2019-01-23 14:00","ZooKeeperServerBean.java","233685","167661","401346"
"2019-07-08 23:26","ZooKeeperServerBean.java","245791","167718","413509"
"2015-07-10 08:19","ZooKeeperServerBean.java","102091","37162","139253"
"2017-04-28 07:14","ZooKeeperServerBean.java","112210","40966","153176"
"2019-01-14 19:38","ZooKeeperServerBean.java","232249","167660","399909"
"2012-02-11 00:34","ZooKeeperServerBean.java","48532","25319","73851"
"2019-01-07 14:39","ZooKeeperServerBean.java","231796","167660","399456"
"2015-03-17 18:06","ZooKeeperServerBean.java","98810","36895","135705"
"2019-08-17 17:13","ZooKeeperServerBean.java","257015","167718","424733"
"2018-02-07 01:05","ZooKeeperServerBean.java","117785","42111","159896"
"2018-07-12 01:33","ZooKeeperServerBean.java","128547","49806","178353"
"2019-05-22 11:39","ZooKeeperServerBean.java","242216","167719","409935"
"2019-07-30 02:31","ZooKeeperServerBean.java","254936","167718","422654"
"2019-11-29 14:49","ReconfigFailureCasesTest.java","263406","225977","489383"
"2019-08-17 17:13","ReconfigFailureCasesTest.java","255186","224314","479500"
"2019-08-17 17:13","NettyNettySuiteTest.java","256104","214757","470861"
"2020-03-12 14:47","CnxManagerTest.java","23968","12025","35993"
"2019-11-29 14:49","CnxManagerTest.java","16330","9773","26103"
"2020-02-16 10:25","CnxManagerTest.java","22565","11925","34490"
"2019-10-10 14:37","CnxManagerTest.java","7470","3717","11187"
"2019-09-10 15:21","NodeHashMapImplTest.java","2737","1694","4431"
"2019-12-27 22:33","JMXEnv.java","11303","6378","17681"
"2019-10-10 14:37","FourLetterWordsQuorumTest.java","7470","3717","11187"
"2019-08-17 17:13","LocalPeerBeanTest.java","44894","29685","74579"
"2019-08-17 17:13","PrepRequestProcessorMetricsTest.java","45177","29684","74861"
"2019-08-01 07:31","PrepRequestProcessorMetricsTest.java","23170","7006","30176"
"2019-05-20 17:18","PrepRequestProcessorMetricsTest.java","465","181","646"
"2019-12-27 22:33","PrepRequestProcessorMetricsTest.java","62146","37975","100121"
"2019-08-17 17:13","WatchesPathReportTest.java","256151","210259","466410"
"2015-07-07 07:11","WatchesPathReportTest.java","12639","3799","16438"
"2018-09-28 23:38","WatchesPathReportTest.java","143477","113030","256507"
"2015-02-06 06:17","PrepRequestProcessor.java","52710","15051","67761"
"2013-03-07 07:01","PrepRequestProcessor.java","20124","5967","26091"
"2019-02-07 11:26","PrepRequestProcessor.java","234905","177773","412678"
"2019-09-11 10:27","PrepRequestProcessor.java","258005","177849","435854"
"2018-07-19 05:59","PrepRequestProcessor.java","100192","43997","144189"
"2017-09-11 18:55","PrepRequestProcessor.java","72888","24960","97848"
"2019-01-16 14:21","PrepRequestProcessor.java","232552","177772","410324"
"2017-06-01 05:45","PrepRequestProcessor.java","71532","24068","95600"
"2012-04-14 02:32","PrepRequestProcessor.java","3840","2276","6116"
"2019-11-08 17:30","PrepRequestProcessor.java","262291","177877","440168"
"2016-11-13 20:59","PrepRequestProcessor.java","68969","20450","89419"
"2019-04-09 15:35","PrepRequestProcessor.java","237448","177791","415239"
"2019-04-17 14:16","PrepRequestProcessor.java","238721","177849","416570"
"2014-10-28 05:35","PrepRequestProcessor.java","50589","14869","65458"
"2019-05-10 12:22","PrepRequestProcessor.java","241156","177849","419005"
"2017-06-26 00:16","PrepRequestProcessor.java","72031","24289","96320"
"2019-02-07 11:22","PrepRequestProcessor.java","234567","177773","412340"
"2016-11-16 06:21","PrepRequestProcessor.java","69545","20479","90024"
"2019-08-01 07:31","PrepRequestProcessor.java","257320","177849","435169"
"2019-06-26 10:57","PrepRequestProcessor.java","244499","177849","422348"
"2014-01-24 07:18","PrepRequestProcessor.java","30033","7143","37176"
"2015-05-29 19:45","PrepRequestProcessor.java","55874","15424","71298"
"2016-10-07 21:51","PrepRequestProcessor.java","66692","20426","87118"
"2015-06-04 19:51","PrepRequestProcessor.java","56759","15544","72303"
"2019-08-17 17:13","PrepRequestProcessor.java","256649","177849","434498"
"2018-08-08 06:21","PrepRequestProcessor.java","143935","86260","230195"
"2018-05-09 23:57","PrepRequestProcessor.java","80324","25835","106159"
"2015-06-11 20:09","PrepRequestProcessor.java","56899","15558","72457"
"2019-12-27 22:33","PrepRequestProcessor.java","266636","179158","445794"
"2014-04-01 01:47","PrepRequestProcessor.java","31774","7621","39395"
"2019-10-10 14:37","PrepRequestProcessor.java","260402","177849","438251"
"2020-03-25 03:38","PrepRequestProcessor.java","270743","179158","449901"
"2014-07-25 01:31","PrepRequestProcessor.java","48359","14715","63074"
"2013-10-09 22:21","PrepRequestProcessor.java","26249","6897","33146"
"2014-04-29 02:23","PrepRequestProcessor.java","39806","13651","53457"
"2015-03-08 23:07","PrepRequestProcessor.java","52942","15109","68051"
"2014-07-22 06:51","PrepRequestProcessor.java","48112","14657","62769"
"2012-03-15 17:47","PrepRequestProcessor.java","1337","124","1461"
"2018-06-15 07:41","PrepRequestProcessor.java","81170","25929","107099"
"2012-12-19 19:16","PrepRequestProcessor.java","14294","4693","18987"
"2019-11-08 17:30","FinalRequestProcessor.java","263324","72747","336071"
"2019-07-08 23:26","FinalRequestProcessor.java","246486","72747","319233"
"2019-01-16 23:23","FinalRequestProcessor.java","233662","72719","306381"
"2018-09-18 01:00","FinalRequestProcessor.java","219504","49118","268622"
"2019-04-12 19:01","FinalRequestProcessor.java","239517","72747","312264"
"2019-02-07 11:26","FinalRequestProcessor.java","236014","72719","308733"
"2019-01-14 19:38","FinalRequestProcessor.java","232974","72719","305693"
"2013-03-07 07:01","FinalRequestProcessor.java","141732","17970","159702"
"2019-01-09 17:22","FinalRequestProcessor.java","235654","72719","308373"
"2011-07-01 00:53","FinalRequestProcessor.java","126490","15409","141899"
"2015-06-04 19:51","FinalRequestProcessor.java","170551","19731","190282"
"2009-06-26 22:29","FinalRequestProcessor.java","79895","10876","90771"
"2019-09-10 04:26","FinalRequestProcessor.java","258755","72747","331502"
"2019-08-17 17:13","FinalRequestProcessor.java","257710","72747","330457"
"2016-10-07 21:51","FinalRequestProcessor.java","175891","20020","195911"
"2014-01-24 07:18","FinalRequestProcessor.java","150583","18088","168671"
"2019-06-26 10:57","FinalRequestProcessor.java","245560","72747","318307"
"2019-08-01 07:28","FinalRequestProcessor.java","257891","72747","330638"
"2019-07-03 00:44","FinalRequestProcessor.java","245723","72747","318470"
"2016-03-23 00:30","FinalRequestProcessor.java","172176","19812","191988"
"2019-08-06 17:11","FinalRequestProcessor.java","258811","72747","331558"
"2015-03-17 18:06","FinalRequestProcessor.java","168172","19686","187858"
"2018-07-10 12:46","FinalRequestProcessor.java","189095","23939","213034"
"2009-01-16 00:48","FinalRequestProcessor.java","25761","8383","34144"
"2008-12-22 23:23","FinalRequestProcessor.java","23089","4828","27917"
"2010-01-25 04:28","FinalRequestProcessor.java","98999","13141","112140"
"2020-03-25 03:38","FinalRequestProcessor.java","270948","73200","344148"
"2019-09-16 23:26","FinalRequestProcessor.java","260729","72747","333476"
"2019-10-10 14:37","FinalRequestProcessor.java","261463","72747","334210"
"2009-11-07 01:48","FinalRequestProcessor.java","86796","12449","99245"
"2009-10-31 00:09","FinalRequestProcessor.java","86217","12275","98492"
"2010-01-26 01:17","FinalRequestProcessor.java","99440","13173","112613"
"2009-11-12 20:53","FinalRequestProcessor.java","87444","12510","99954"
"2019-11-21 05:58","FinalRequestProcessor.java","261330","73200","334530"
"2019-11-18 09:05","FinalRequestProcessor.java","261307","73200","334507"
"2012-12-19 19:16","FinalRequestProcessor.java","136917","17711","154628"
"2011-10-20 20:02","FinalRequestProcessor.java","123704","16664","140368"
"2011-04-12 09:14","FinalRequestProcessor.java","121343","14907","136250"
"2011-10-28 18:59","FinalRequestProcessor.java","124009","16718","140727"
"2019-11-11 13:59","FinalRequestProcessor.java","265120","72747","337867"
"2008-10-22 01:49","FinalRequestProcessor.java","14889","3150","18039"
"2020-03-26 22:12","FinalRequestProcessor.java","270950","73200","344150"
"2014-04-17 08:47","FinalRequestProcessor.java","154492","19438","173930"
"2014-04-29 02:23","FinalRequestProcessor.java","155201","19441","174642"
"2010-03-19 07:46","FinalRequestProcessor.java","109341","13336","122677"
"2010-08-18 08:24","FinalRequestProcessor.java","129577","14186","143763"
"2013-10-09 22:21","FinalRequestProcessor.java","147032","18075","165107"
"2011-09-14 08:56","FinalRequestProcessor.java","125189","14000","139189"
"2019-11-08 17:30","FinalRequestProcessor.java","263456","58134","321590"
"2008-10-03 15:06","FinalRequestProcessor.java","17086","2341","19427"
"2019-07-08 23:26","FinalRequestProcessor.java","246618","58134","304752"
"2019-01-16 23:23","FinalRequestProcessor.java","233806","58118","291924"
"2018-09-18 01:00","FinalRequestProcessor.java","226629","44689","271318"
"2019-04-12 19:01","FinalRequestProcessor.java","239649","58134","297783"
"2019-02-07 11:26","FinalRequestProcessor.java","236158","58118","294276"
"2019-01-14 19:38","FinalRequestProcessor.java","233118","58118","291236"
"2013-03-07 07:01","FinalRequestProcessor.java","152260","16944","169204"
"2019-01-09 17:22","FinalRequestProcessor.java","235798","58118","293916"
"2011-07-01 00:53","FinalRequestProcessor.java","138970","13144","152114"
"2015-06-04 19:51","FinalRequestProcessor.java","180970","18596","199566"
"2009-06-26 22:29","FinalRequestProcessor.java","92998","9234","102232"
"2019-09-10 04:26","FinalRequestProcessor.java","258887","58134","317021"
"2019-08-17 17:13","FinalRequestProcessor.java","257842","58134","315976"
"2016-10-07 21:51","FinalRequestProcessor.java","186165","18740","204905"
"2014-01-24 07:18","FinalRequestProcessor.java","161076","17027","178103"
"2019-06-26 10:57","FinalRequestProcessor.java","245692","58134","303826"
"2019-08-01 07:28","FinalRequestProcessor.java","258023","58134","316157"
"2019-07-03 00:44","FinalRequestProcessor.java","245855","58134","303989"
"2016-03-23 00:30","FinalRequestProcessor.java","182574","18656","201230"
"2019-08-06 17:11","FinalRequestProcessor.java","258943","58134","317077"
"2015-03-17 18:06","FinalRequestProcessor.java","178602","18562","197164"
"2018-07-10 12:46","FinalRequestProcessor.java","196569","19859","216428"
"2009-01-16 00:48","FinalRequestProcessor.java","39341","7218","46559"
"2008-12-22 23:23","FinalRequestProcessor.java","36822","3816","40638"
"2010-01-25 04:28","FinalRequestProcessor.java","111851","11248","123099"
"2020-03-25 03:38","FinalRequestProcessor.java","270948","58455","329403"
"2019-09-16 23:26","FinalRequestProcessor.java","260861","58134","318995"
"2019-10-10 14:37","FinalRequestProcessor.java","261595","58134","319729"
"2009-11-07 01:48","FinalRequestProcessor.java","99761","10669","110430"
"2009-10-31 00:09","FinalRequestProcessor.java","99196","10509","109705"
"2010-01-26 01:17","FinalRequestProcessor.java","112286","11274","123560"
"2009-11-12 20:53","FinalRequestProcessor.java","100397","10718","111115"
"2019-11-21 05:58","FinalRequestProcessor.java","261330","58455","319785"
"2019-11-18 09:05","FinalRequestProcessor.java","261307","58455","319762"
"2012-12-19 19:16","FinalRequestProcessor.java","147474","16714","164188"
"2011-10-20 20:02","FinalRequestProcessor.java","134435","15841","150276"
"2011-04-12 09:14","FinalRequestProcessor.java","133947","12766","146713"
"2011-10-28 18:59","FinalRequestProcessor.java","134708","15863","150571"
"2019-11-11 13:59","FinalRequestProcessor.java","265252","58134","323386"
"2008-10-22 01:49","FinalRequestProcessor.java","28958","2474","31432"
"2020-03-26 22:12","FinalRequestProcessor.java","270950","58455","329405"
"2014-04-17 08:47","FinalRequestProcessor.java","164965","18357","183322"
"2014-04-29 02:23","FinalRequestProcessor.java","165675","18361","184036"
"2010-03-19 07:46","FinalRequestProcessor.java","122247","11497","133744"
"2010-08-18 08:24","FinalRequestProcessor.java","142314","12178","154492"
"2013-10-09 22:21","FinalRequestProcessor.java","157539","17028","174567"
"2011-09-14 08:56","FinalRequestProcessor.java","135955","13212","149167"
"2019-06-03 19:40","MetricsProvider.java","4304","780","5084"
"2019-08-17 17:13","MetricsProvider.java","47813","29620","77433"
"2019-07-31 19:06","FileSnap.java","25448","7409","32857"
"2020-01-30 09:43","FileSnap.java","68347","39141","107488"
"2019-05-27 10:54","FileSnap.java","4842","790","5632"
"2019-08-17 17:13","FileSnap.java","48462","29730","78192"
"2019-12-03 19:12","FileSnap.java","62927","37580","100507"
"2019-12-27 22:33","FileSnap.java","65130","37720","102850"
"2019-10-10 14:37","FileSnap.java","54314","31829","86143"
"2020-01-28 17:26","FileSnap.java","68247","39117","107364"
"2019-08-17 17:13","DigestWatcher.java","25455","24762","50217"
"2019-08-17 17:13","BitMap.java","174218","158773","332991"
"2019-01-07 14:24","BitMap.java","146749","156474","303223"
"2019-08-17 17:13","RuokCommand.java","255967","218737","474704"
"2014-03-23 04:12","ReadOnlyRequestProcessor.java","8744","1282","10026"
"2015-03-08 23:07","ReadOnlyRequestProcessor.java","32988","11220","44208"
"2016-10-07 21:51","ReadOnlyRequestProcessor.java","47780","17579","65359"
"2019-08-17 17:13","ReadOnlyRequestProcessor.java","256369","193634","450003"
"2015-06-04 19:51","ReadOnlyRequestProcessor.java","37005","11855","48860"
"2019-06-20 20:25","JRecord.java","242552","223798","466350"
"2019-07-29 17:15","JRecord.java","252834","223799","476633"
"2017-09-11 18:55","JRecord.java","851","288","1139"
"2020-04-07 17:00","JRecord.java","270323","225500","495823"
"2019-08-17 17:13","DataNode.java","255978","217682","473660"
"2016-10-07 21:51","DataNode.java","12334","6572","18906"
"2019-01-07 14:24","DataNode.java","230696","217570","448266"
"2017-02-05 07:22","DataNode.java","17857","7835","25692"
"2019-07-31 19:06","DataNode.java","255285","217682","472967"
"2019-12-27 22:33","DataNode.java","266201","219227","485428"
"2018-12-09 03:16","LeaderZooKeeperServer.java","229229","177365","406594"
"2018-11-21 17:56","LeaderZooKeeperServer.java","224660","177364","402024"
"2019-06-04 10:55","LeaderZooKeeperServer.java","242134","177444","419578"
"2015-06-04 19:51","LeaderZooKeeperServer.java","57500","15879","73379"
"2019-08-17 17:13","LeaderZooKeeperServer.java","256650","177444","434094"
"2019-06-03 19:40","LeaderZooKeeperServer.java","241981","177444","419425"
"2019-11-25 15:37","LeaderZooKeeperServer.java","262766","178752","441518"
"2019-12-27 22:33","LeaderZooKeeperServer.java","266636","178752","445388"
"2013-10-09 22:21","LeaderZooKeeperServer.java","27002","7244","34246"
"2016-08-24 01:36","InvalidSnapshotTest.java","81876","24528","106404"
"2013-12-21 22:05","InvalidSnapshotTest.java","47163","13693","60856"
"2013-10-02 01:45","InvalidSnapshotTest.java","42399","13390","55789"
"2019-10-10 14:37","InvalidSnapshotTest.java","260685","178405","439090"
"2019-08-17 17:13","InvalidSnapshotTest.java","256932","178405","435337"
"2012-03-18 21:06","InvalidSnapshotTest.java","24184","10443","34627"
"2012-02-06 09:47","InvalidSnapshotTest.java","20475","8090","28565"
"2019-01-14 19:38","DumbWatcher.java","15870","8653","24523"
"2019-08-17 17:13","DumbWatcher.java","68633","36708","105341"
"2019-11-18 09:05","DumbWatcher.java","78674","43605","122279"
"2019-07-29 17:15","JByte.java","254590","167551","422141"
"2019-01-23 14:00","NettyServerCnxn.java","231843","223834","455677"
"2019-02-18 17:05","NettyServerCnxn.java","234396","223855","458251"
"2019-02-12 15:25","NettyServerCnxn.java","233942","223835","457777"
"2018-09-07 02:34","NettyServerCnxn.java","112693","101675","214368"
"2019-04-12 19:01","NettyServerCnxn.java","237022","223933","460955"
"2018-11-22 17:56","NettyServerCnxn.java","223811","223832","447643"
"2018-10-24 04:03","NettyServerCnxn.java","231503","201923","433426"
"2018-11-17 18:33","NettyServerCnxn.java","223188","223831","447019"
"2019-01-14 19:38","NettyServerCnxn.java","230407","223833","454240"
"2018-09-18 01:00","NettyServerCnxn.java","115078","101815","216893"
"2019-08-17 17:13","NettyServerCnxn.java","255234","223952","479186"
"2019-07-03 00:44","NettyServerCnxn.java","243246","223951","467197"
"2019-11-23 17:08","NettyServerCnxn.java","261576","225593","487169"
"2019-07-23 15:55","NettyServerCnxn.java","251242","223952","475194"
"2019-05-06 18:32","NettyServerCnxn.java","239569","223933","463502"
"2019-04-22 19:15","NettyServerCnxn.java","237997","223933","461930"
"2019-08-03 08:42","NettyServerCnxn.java","255942","223952","479894"
"2019-11-18 09:05","NettyServerCnxn.java","260019","225593","485612"
"2019-11-21 05:58","NettyServerCnxn.java","260042","225593","485635"
"2019-09-16 23:26","NettyServerCnxn.java","258253","223952","482205"
"2019-10-10 14:37","NettyServerCnxn.java","258987","223952","482939"
"2018-09-28 23:38","NettyServerCnxn.java","118334","102497","220831"
"2020-01-30 09:43","PurgeTxnLog.java","267356","227169","494525"
"2017-07-28 00:36","PurgeTxnLog.java","5356","7078","12434"
"2019-08-17 17:13","PurgeTxnLog.java","255276","225563","480839"
"2019-10-10 14:37","PurgeTxnLog.java","259029","225563","484592"
"2019-11-28 12:24","PurgeTxnLog.java","261786","227167","488953"
"2017-01-23 02:13","PurgeTxnLog.java","1961","579","2540"
"2019-07-29 17:15","JFile.java","254590","167551","422141"
"2017-09-11 18:55","JFile.java","109609","38480","148089"
"2016-05-02 18:15","WatcherTest.java","125230","33918","159148"
"2019-08-17 17:13","WatcherTest.java","257500","142084","399584"
"2013-02-19 08:55","WatcherTest.java","87176","29215","116391"
"2017-02-16 01:16","WatcherTest.java","130556","35418","165974"
"2011-04-12 09:14","WatcherTest.java","59741","22852","82593"
"2010-07-05 20:20","WatcherTest.java","54246","17022","71268"
"2011-09-17 02:13","WatcherTest.java","71315","24451","95766"
"2009-09-16 02:09","WatcherTest.java","3787","1372","5159"
"2019-09-18 11:20","WatcherTest.java","260412","142084","402496"
"2019-08-17 17:13","SnapShot.java","44402","29722","74124"
"2019-12-28 16:17","CloseSessionTxnTest.java","15801","8572","24373"
"2019-06-26 10:57","ZooDefs.java","243827","218392","462219"
"2019-08-17 17:13","ZooDefs.java","255978","218393","474371"
"2016-10-07 21:51","ZooDefs.java","11533","6482","18015"
"2017-07-28 00:36","ZooDefs.java","19842","13692","33534"
"2019-01-16 14:21","ZooDefs.java","231847","218282","450129"
"2019-01-07 14:24","ZooDefs.java","230696","218281","448977"
"2019-11-08 17:30","ZooDefs.java","261622","218423","480045"
"2019-07-31 19:06","ZooDefs.java","255285","218393","473678"
"2019-02-07 11:26","ZooDefs.java","234200","218283","452483"
"2019-12-28 16:17","ClientTest.java","11443","6611","18054"
"2019-10-10 14:37","LearnerMaster.java","7470","3717","11187"
"2020-03-22 14:47","ZKUtil.java","75423","38925","114348"
"2019-11-11 13:59","ZKUtil.java","63997","32109","96106"
"2019-04-09 15:35","ZKUtil.java","6334","999","7333"
"2019-08-03 08:42","ZKUtil.java","33901","8715","42616"
"2019-06-06 00:01","ZKUtil.java","12844","2229","15073"
"2019-08-17 17:13","ZKUtil.java","54406","29928","84334"
"2019-10-10 14:37","Observer.java","259907","205553","465460"
"2015-06-05 21:25","Observer.java","16878","3825","20703"
"2019-12-27 22:33","Observer.java","266271","206992","473263"
"2017-11-28 00:10","Observer.java","40390","16804","57194"
"2019-07-15 14:15","Observer.java","251573","205553","457126"
"2019-08-23 19:43","Observer.java","256820","205553","462373"
"2019-08-17 17:13","Observer.java","256154","205553","461707"
"2019-05-03 00:44","Observer.java","240135","205537","445672"
"2019-06-05 00:33","Observer.java","241875","205553","447428"
"2019-07-02 07:34","Observer.java","244097","205553","449650"
"2018-12-09 03:16","Observer.java","228702","205443","434145"
"2019-08-17 17:13","Leader.java","38871","26858","65729"
"2019-07-15 14:15","Leader.java","8608","1176","9784"
"2019-07-25 21:41","Leader.java","10602","2106","12708"
"2019-08-03 08:42","Leader.java","16151","3430","19581"
"2019-11-29 14:49","Leader.java","53648","35078","88726"
"2020-03-25 03:38","Leader.java","61698","36900","98598"
"2019-12-27 22:33","Leader.java","55919","35228","91147"
"2019-10-10 14:37","Leader.java","45059","29293","74352"
"2015-03-08 23:07","LearnerSessionTracker.java","29285","10804","40089"
"2019-10-10 14:37","LearnerSessionTracker.java","260120","196919","457039"
"2019-09-20 10:02","LearnerSessionTracker.java","259287","196919","456206"
"2019-08-17 17:13","LearnerSessionTracker.java","256367","196919","453286"
"2018-08-08 06:21","LearnerSessionTracker.java","123640","85317","208957"
"2014-07-18 02:19","LearnerSessionTracker.java","23155","9599","32754"
"2019-05-10 12:22","PrepRequestProcessorMetricsTest.java","2822","387","3209"
"2019-08-17 17:13","PrepRequestProcessorMetricsTest.java","47598","29670","77268"
"2019-08-01 07:31","PrepRequestProcessorMetricsTest.java","25913","7314","33227"
"2019-05-20 17:18","PrepRequestProcessorMetricsTest.java","3274","555","3829"
"2019-12-27 22:33","PrepRequestProcessorMetricsTest.java","64297","37691","101988"
"2019-08-17 17:13","BufferStats.java","254847","231754","486601"
"2019-11-08 17:30","ZooDefs.java","9522","3908","13430"
"2019-10-10 14:37","LoadFromLogTest.java","259587","222522","482109"
"2019-08-17 17:13","LoadFromLogTest.java","255834","222522","478356"
"2019-06-07 14:13","LoadFromLogTest.java","241937","222521","464458"
"2017-12-06 23:14","LoadFromLogTest.java","15115","8887","24002"
"2010-05-15 01:32","WriteLockTest.java","69688","13372","83060"
"2019-08-27 09:23","WriteLockTest.java","258151","112979","371130"
"2019-02-06 09:46","ZooKeeper.java","2034","311","2345"
"2019-11-08 17:30","ZooKeeper.java","61814","32180","93994"
"2019-02-07 11:26","ZooKeeper.java","2688","336","3024"
"2019-08-17 17:13","ZooKeeper.java","54043","30023","84066"
"2019-06-26 10:57","ZooKeeper.java","17279","5409","22688"
"2019-06-03 19:40","ZooKeeper.java","11365","2014","13379"
"2019-08-03 08:42","ZooKeeper.java","33444","8716","42160"
"2020-04-16 12:50","ZooKeeper.java","77310","39716","117026"
"2019-10-10 14:37","ZooKeeper.java","59801","32028","91829"
"2019-02-11 12:34","ZooKeeper.java","3191","476","3667"
"2020-05-17 15:13","ZooKeeper.java","80920","42955","123875"
"2019-03-12 19:08","ZooKeeper.java","4947","804","5751"
"2019-08-17 17:13","ReconfigCommand.java","52428","30087","82515"
"2015-01-31 08:05","ClientCnxn.java","32332","11026","43358"
"2016-05-02 18:15","ClientCnxn.java","43819","16477","60296"
"2014-01-24 07:18","ClientCnxn.java","7640","908","8548"
"2019-08-17 17:13","ClientCnxn.java","256369","193727","450096"
"2015-05-10 00:27","ClientCnxn.java","35249","11404","46653"
"2017-12-19 19:27","ClientCnxn.java","59783","24112","83895"
"2019-01-31 15:50","ClientCnxn.java","233938","193629","427567"
"2019-04-09 15:35","ClientCnxn.java","237147","193648","430795"
"2014-12-20 15:29","ClientCnxn.java","32313","11018","43331"
"2019-11-08 17:30","ClientCnxn.java","262011","193755","455766"
"2017-06-08 17:59","ClientCnxn.java","53400","22019","75419"
"2019-01-16 14:21","ClientCnxn.java","232251","193629","425880"
"2019-01-07 14:24","ClientCnxn.java","231100","193628","424728"
"2019-03-06 03:32","ClientCnxn.java","236074","193647","429721"
"2015-02-06 06:17","ClientCnxn.java","32633","11132","43765"
"2019-02-07 11:26","ClientCnxn.java","234604","193630","428234"
"2018-11-05 19:40","ClientCnxn.java","235395","174267","409662"
"2020-05-17 15:13","ClientCnxn.java","271668","195081","466749"
"2018-06-25 12:30","ClientCnxn.java","63698","24501","88199"
"2020-03-03 03:12","ClientCnxn.java","269450","195073","464523"
"2018-09-10 11:44","ClientCnxn.java","154118","111736","265854"
"2015-06-13 02:42","ClientCnxn.java","37160","11853","49013"
"2014-03-23 04:12","ClientCnxn.java","8634","1265","9899"
"2015-11-09 00:05","ClientCnxn.java","39976","13177","53153"
"2015-12-06 19:58","ClientCnxn.java","40400","13296","53696"
"2020-01-21 17:53","ClientCnxn.java","265711","195073","460784"
"2015-12-05 22:43","ClientCnxn.java","40397","13296","53693"
"2015-12-05 22:32","ClientCnxn.java","40391","13295","53686"
"2019-10-10 14:37","ClientCnxn.java","260122","193727","453849"
"2014-04-01 04:03","ClientCnxn.java","9718","1506","11224"
"2019-11-21 05:58","ClientCnxn.java","260882","195073","455955"
"2020-04-16 12:50","ClientCnxn.java","271289","195073","466362"
"2018-07-27 05:16","ClientCnxn.java","83167","42818","125985"
"2012-08-28 21:51","ZooKeeperSaslServer.java","16052","10895","26947"
"2019-08-17 17:13","ZooKeeperSaslServer.java","256904","177112","434016"
"2017-11-28 00:10","ZooKeeperSaslServer.java","83357","30580","113937"
"2013-10-05 00:57","ZooKeeperSaslServer.java","31797","14113","45910"
"2020-01-09 22:51","LsCommand.java","19300","11198","30498"
"2019-12-28 16:17","LsCommand.java","18815","10230","29045"
"2015-02-06 06:17","PrepRequestProcessor.java","35542","12040","47582"
"2019-02-07 11:26","PrepRequestProcessor.java","234641","191666","426307"
"2019-09-11 10:27","PrepRequestProcessor.java","257762","191763","449525"
"2018-07-19 05:59","PrepRequestProcessor.java","85457","43419","128876"
"2017-09-11 18:55","PrepRequestProcessor.java","57866","24095","81961"
"2019-01-16 14:21","PrepRequestProcessor.java","232288","191665","423953"
"2017-06-01 05:45","PrepRequestProcessor.java","55935","22628","78563"
"2019-11-08 17:30","PrepRequestProcessor.java","262048","191791","453839"
"2016-11-13 20:59","PrepRequestProcessor.java","52898","18536","71434"
"2019-04-09 15:35","PrepRequestProcessor.java","237184","191684","428868"
"2019-04-17 14:16","PrepRequestProcessor.java","238462","191747","430209"
"2014-10-28 05:35","PrepRequestProcessor.java","33309","11746","45055"
"2019-05-10 12:22","PrepRequestProcessor.java","240897","191747","432644"
"2017-06-26 00:16","PrepRequestProcessor.java","56440","22855","79295"
"2019-02-07 11:22","PrepRequestProcessor.java","234303","191666","425969"
"2016-11-16 06:21","PrepRequestProcessor.java","53480","18571","72051"
"2019-08-01 07:31","PrepRequestProcessor.java","257077","191763","448840"
"2019-06-26 10:57","PrepRequestProcessor.java","244256","191763","436019"
"2014-01-24 07:18","PrepRequestProcessor.java","10640","1907","12547"
"2015-05-29 19:45","PrepRequestProcessor.java","38882","12589","51471"
"2016-10-07 21:51","PrepRequestProcessor.java","50510","18401","68911"
"2015-06-04 19:51","PrepRequestProcessor.java","39784","12726","52510"
"2019-08-17 17:13","PrepRequestProcessor.java","256406","191763","448169"
"2018-08-08 06:21","PrepRequestProcessor.java","129400","85882","215282"
"2018-05-09 23:57","PrepRequestProcessor.java","65349","25017","90366"
"2015-06-11 20:09","PrepRequestProcessor.java","39924","12740","52664"
"2019-12-27 22:33","PrepRequestProcessor.java","266430","193109","459539"
"2014-04-01 01:47","PrepRequestProcessor.java","12451","2455","14906"
"2019-10-10 14:37","PrepRequestProcessor.java","260159","191763","451922"
"2020-03-25 03:38","PrepRequestProcessor.java","270537","193109","463646"
"2014-07-25 01:31","PrepRequestProcessor.java","30771","11284","42055"
"2013-10-09 22:21","PrepRequestProcessor.java","6718","1523","8241"
"2014-04-29 02:23","PrepRequestProcessor.java","21387","9389","30776"
"2015-03-08 23:07","PrepRequestProcessor.java","35780","12104","47884"
"2014-07-22 06:51","PrepRequestProcessor.java","30506","11208","41714"
"2018-06-15 07:41","PrepRequestProcessor.java","66217","25133","91350"
"2020-03-12 14:47","QuorumCnxManager.java","9524","4138","13662"
"2020-01-23 13:43","QuorumCnxManager.java","5614","2244","7858"
"2020-03-23 16:20","QuorumCnxManager.java","9797","4240","14037"
"2020-02-16 10:25","QuorumCnxManager.java","8112","4029","12141"
"2019-10-10 14:37","ZKDatabase.java","260045","200632","460677"
"2019-12-27 22:33","ZKDatabase.java","266387","202049","468436"
"2018-04-06 06:04","ZKDatabase.java","54074","24222","78296"
"2014-04-29 02:23","ZKDatabase.java","10650","7635","18285"
"2014-04-17 08:47","ZKDatabase.java","9886","7577","17463"
"2018-09-28 23:38","ZKDatabase.java","152648","112433","265081"
"2019-11-08 17:30","ZKDatabase.java","261934","200660","462594"
"2019-05-14 17:11","ZKDatabase.java","240943","200616","441559"
"2018-09-18 01:00","ZKDatabase.java","149904","112263","262167"
"2019-02-07 11:26","ZKDatabase.java","234519","200527","435046"
"2019-04-12 19:01","ZKDatabase.java","238083","200616","438699"
"2018-09-05 22:35","ZKDatabase.java","147562","112175","259737"
"2015-02-06 06:17","ZKDatabase.java","24992","10473","35465"
"2014-07-18 02:19","ZKDatabase.java","19050","9282","28332"
"2018-02-07 01:05","ZKDatabase.java","53684","24184","77868"
"2019-08-17 17:13","ZKDatabase.java","256292","200632","456924"
"2019-09-10 00:27","ZKDatabase.java","257232","200632","457864"
"2016-03-23 00:30","ZKDatabase.java","35558","15939","51497"
"2018-02-23 23:49","ZKDatabase.java","54060","24216","78276"
"2017-08-03 20:28","ZKDatabase.java","47334","23084","70418"
"2017-06-18 19:23","ZKDatabase.java","46454","21980","68434"
"2019-04-09 15:35","ZKDatabase.java","237062","200545","437607"
"2019-11-29 14:49","QuorumCnxManager.java","264309","193109","457418"
"2018-07-11 06:04","QuorumCnxManager.java","74537","33156","107693"
"2018-08-06 14:11","QuorumCnxManager.java","86745","43591","130336"
"2018-10-16 16:22","QuorumCnxManager.java","235343","172303","407646"
"2019-06-14 09:06","QuorumCnxManager.java","244404","191763","436167"
"2019-08-03 08:42","QuorumCnxManager.java","257114","191763","448877"
"2019-11-13 20:41","QuorumCnxManager.java","264153","191791","455944"
"2019-04-09 16:08","QuorumCnxManager.java","237183","191684","428867"
"2019-08-06 12:52","QuorumCnxManager.java","257379","191763","449142"
"2017-02-09 11:40","QuorumCnxManager.java","55824","19420","75244"
"2019-05-20 23:13","QuorumCnxManager.java","241262","191747","433009"
"2015-04-09 20:16","QuorumCnxManager.java","38061","12274","50335"
"2017-08-23 02:16","QuorumCnxManager.java","57687","23979","81666"
"2019-07-27 20:04","QuorumCnxManager.java","252937","191763","444700"
"2015-05-29 23:46","QuorumCnxManager.java","38895","12592","51487"
"2015-05-14 07:10","QuorumCnxManager.java","38414","12407","50821"
"2020-03-12 14:47","QuorumCnxManager.java","269695","193109","462804"
"2019-08-17 17:13","QuorumCnxManager.java","256406","191763","448169"
"2017-11-28 00:10","QuorumCnxManager.java","62058","24430","86488"
"2019-10-10 14:37","QuorumCnxManager.java","260159","191763","451922"
"2014-07-23 19:36","QuorumCnxManager.java","30569","11215","41784"
"2017-06-09 18:37","QuorumCnxManager.java","56197","22785","78982"
"2020-01-23 13:43","QuorumCnxManager.java","267679","193109","460788"
"2014-03-23 04:12","QuorumCnxManager.java","11589","2219","13808"
"2014-07-08 05:25","QuorumCnxManager.java","25692","10608","36300"
"2019-11-28 12:24","QuorumCnxManager.java","262658","193109","455767"
"2014-06-25 15:04","QuorumCnxManager.java","23116","9668","32784"
"2016-06-08 17:43","QuorumCnxManager.java","47300","17465","64765"
"2020-03-23 16:20","QuorumCnxManager.java","269866","193109","462975"
"2020-02-16 10:25","QuorumCnxManager.java","268392","193109","461501"
"2014-07-22 06:45","QuorumCnxManager.java","30485","11206","41691"
"2018-07-27 12:32","QuorumCnxManager.java","86012","43470","129482"
"2019-08-17 17:13","FourLetterWordsQuorumTest.java","256083","217153","473236"
"2015-07-10 08:19","FourLetterWordsQuorumTest.java","4505","2480","6985"
"2019-10-10 14:37","FourLetterWordsQuorumTest.java","259836","217153","476989"
"2019-05-15 11:56","Command.java","26779","10100","36879"
"2019-06-03 19:40","Command.java","27618","10362","37980"
"2019-08-17 17:13","Command.java","68626","36701","105327"
"2019-06-07 14:13","TruncateTest.java","242175","217719","459894"
"2019-08-17 17:13","TruncateTest.java","256072","217720","473792"
"2018-05-09 23:57","TruncateTest.java","29382","15341","44723"
"2019-07-12 17:01","TruncateTest.java","251385","217720","469105"
"2017-08-18 06:32","TruncateTest.java","21298","13996","35294"
"2017-09-11 18:55","TruncateTest.java","21641","14161","35802"
"2016-08-24 01:36","TruncateTest.java","10959","6474","17433"
"2017-05-11 16:59","TruncateTest.java","18970","12038","31008"
"2020-01-28 17:26","TruncateTest.java","267928","219178","487106"
"2017-01-07 01:09","TruncateTest.java","17437","7820","25257"
"2018-09-15 00:08","ZooKeeperServer.java","169741","109207","278948"
"2019-04-12 19:01","ZooKeeperServer.java","238457","177444","415901"
"2019-07-31 19:06","ZooKeeperServer.java","255957","177444","433401"
"2019-09-11 10:27","ZooKeeperServer.java","258006","177444","435450"
"2019-01-14 19:38","ZooKeeperServer.java","231864","177366","409230"
"2019-01-07 15:34","ZooKeeperServer.java","231465","177366","408831"
"2018-11-21 17:56","ZooKeeperServer.java","224660","177364","402024"
"2017-04-28 07:14","ZooKeeperServer.java","72055","23439","95494"
"2017-02-12 00:12","ZooKeeperServer.java","71101","23384","94485"
"2014-07-18 02:19","ZooKeeperServer.java","48238","14924","63162"
"2013-12-11 19:22","ZooKeeperServer.java","28508","7356","35864"
"2019-02-13 13:12","ZooKeeperServer.java","235538","177386","412924"
"2012-02-11 00:34","ZooKeeperServer.java","1064","479","1543"
"2016-11-24 17:18","ZooKeeperServer.java","70797","21304","92101"
"2018-07-19 05:59","ZooKeeperServer.java","100818","44217","145035"
"2018-09-18 01:00","ZooKeeperServer.java","170452","109265","279717"
"2019-03-04 08:07","ZooKeeperServer.java","236114","177385","413499"
"2019-07-08 23:26","ZooKeeperServer.java","245426","177444","422870"
"2019-01-23 14:00","ZooKeeperServer.java","233300","177367","410667"
"2019-02-13 13:19","ZooKeeperServer.java","235824","177386","413210"
"2019-05-14 17:11","ZooKeeperServer.java","241317","177444","418761"
"2013-01-25 02:17","ZooKeeperServer.java","15264","5100","20364"
"2015-07-10 08:19","ZooKeeperServer.java","59217","16916","76133"
"2019-06-04 10:55","ZooKeeperServer.java","242134","177444","419578"
"2019-04-09 15:35","ZooKeeperServer.java","237449","177386","414835"
"2019-08-03 08:42","ZooKeeperServer.java","257358","177444","434802"
"2019-05-15 11:56","ZooKeeperServer.java","241404","177444","418848"
"2019-05-22 11:39","ZooKeeperServer.java","241850","177444","419294"
"2019-04-22 19:15","ZooKeeperServer.java","239432","177444","416876"
"2018-02-23 23:49","ZooKeeperServer.java","79322","25932","105254"
"2016-11-16 06:21","ZooKeeperServer.java","70223","20751","90974"
"2012-12-19 19:07","ZooKeeperServer.java","14173","5047","19220"
"2017-08-18 06:32","ZooKeeperServer.java","73240","25084","98324"
"2017-06-26 00:16","ZooKeeperServer.java","72689","24541","97230"
"2019-09-10 04:26","ZooKeeperServer.java","257695","177444","435139"
"2019-08-17 17:13","ZooKeeperServer.java","256650","177444","434094"
"2019-09-05 23:12","ZooKeeperServer.java","257569","177444","435013"
"2019-09-10 15:21","ZooKeeperServer.java","257693","177444","435137"
"2019-08-01 07:31","ZooKeeperServer.java","257321","177444","434765"
"2019-08-01 07:28","ZooKeeperServer.java","256831","177444","434275"
"2019-06-03 19:40","ZooKeeperServer.java","241981","177444","419425"
"2015-03-17 18:06","ZooKeeperServer.java","54831","15544","70375"
"2019-11-23 17:08","ZooKeeperServer.java","262659","178752","441411"
"2019-10-09 16:49","ZooKeeperServer.java","260236","177444","437680"
"2019-07-03 00:44","ZooKeeperServer.java","244663","177444","422107"
"2018-01-19 01:12","ZooKeeperServer.java","78202","25854","104056"
"2019-07-24 18:00","ZooKeeperServer.java","253105","177444","430549"
"2013-05-16 18:49","ZooKeeperServer.java","21105","6391","27496"
"2018-08-08 06:21","ZooKeeperServer.java","144550","86469","231019"
"2018-05-09 23:57","ZooKeeperServer.java","80976","26081","107057"
"2019-12-27 22:33","ZooKeeperServer.java","266636","178752","445388"
"2016-08-13 15:01","ZooKeeperServer.java","65897","20326","86223"
"2018-09-11 00:17","ZooKeeperServer.java","168188","109203","277391"
"2019-11-18 09:05","ZooKeeperServer.java","261102","178752","439854"
"2019-10-10 14:37","ZooKeeperServer.java","260403","177444","437847"
"2019-09-16 23:26","ZooKeeperServer.java","259669","177444","437113"
"2013-10-08 01:35","ZooKeeperServer.java","24532","7014","31546"
"2017-06-23 18:39","ZooKeeperServer.java","72643","24475","97118"
"2019-12-03 10:01","ZooKeeperServer.java","264561","178752","443313"
"2020-03-25 03:38","ZooKeeperServer.java","270743","178752","449495"
"2019-11-28 12:24","ZooKeeperServer.java","262864","178752","441616"
"2019-11-06 15:21","ZooKeeperServer.java","260647","177472","438119"
"2020-04-12 11:14","ZooKeeperServer.java","271496","178752","450248"
"2013-10-09 22:21","ZooKeeperServer.java","27002","7244","34246"
"2015-03-08 23:07","ZooKeeperServer.java","53683","15444","69127"
"2018-06-08 16:52","ZooKeeperServer.java","81815","26171","107986"
"2018-06-15 07:41","ZooKeeperServer.java","81822","26175","107997"
"2018-07-28 04:37","ZooKeeperServer.java","101442","44265","145707"
"2019-04-18 19:17","ZooKeeperServer.java","239167","177444","416611"
"2012-03-15 17:47","ZooKeeperServer.java","2191","572","2763"
"2014-03-25 22:13","ZooKeeperServer.java","31951","7782","39733"
"2017-06-08 17:51","ClientBase.java","66433","23128","89561"
"2017-04-18 01:37","ClientBase.java","66147","22210","88357"
"2018-09-07 02:49","ClientBase.java","162590","108215","270805"
"2019-07-31 19:06","ClientBase.java","255771","181829","437600"
"2015-02-06 06:17","ClientBase.java","47077","13583","60660"
"2017-09-11 18:55","ClientBase.java","67784","24021","91805"
"2019-08-17 17:13","ClientBase.java","256464","181829","438293"
"2015-03-28 20:08","ClientBase.java","49492","13787","63279"
"2019-06-07 14:13","ClientBase.java","242568","181829","424397"
"2018-04-24 00:20","ClientBase.java","74336","24797","99133"
"2018-08-08 06:21","ClientBase.java","138953","85443","224396"
"2018-05-09 23:57","ClientBase.java","75242","24918","100160"
"2019-06-24 11:05","ClientBase.java","243797","181829","425626"
"2012-12-11 08:42","ClientBase.java","4302","969","5271"
"2017-01-13 19:29","ClientBase.java","66093","19990","86083"
"2016-06-23 23:25","ClientBase.java","58627","18430","77057"
"2014-01-03 01:40","ClientBase.java","21713","4683","26396"
"2014-01-25 01:17","ClientBase.java","23602","4766","28368"
"2019-11-14 16:44","ClientBase.java","264519","181857","446376"
"2019-10-10 14:37","ClientBase.java","260217","181829","442046"
"2016-08-24 01:36","ClientBase.java","59867","19099","78966"
"2015-03-08 23:07","ClientBase.java","47313","13645","60958"
"2019-09-11 10:27","PrepRequestProcessor.java","54507","31483","85990"
"2019-11-08 17:30","PrepRequestProcessor.java","59706","32424","92130"
"2019-04-09 15:35","PrepRequestProcessor.java","3235","710","3945"
"2019-04-17 14:16","PrepRequestProcessor.java","4818","1078","5896"
"2019-05-10 12:22","PrepRequestProcessor.java","7587","1412","8999"
"2019-08-01 07:31","PrepRequestProcessor.java","30584","8245","38829"
"2019-06-26 10:57","PrepRequestProcessor.java","14706","5188","19894"
"2019-08-17 17:13","PrepRequestProcessor.java","51869","30201","82070"
"2019-12-27 22:33","PrepRequestProcessor.java","68291","37945","106236"
"2019-10-10 14:37","PrepRequestProcessor.java","57691","32270","89961"
"2020-03-25 03:38","PrepRequestProcessor.java","73840","39387","113227"
"2020-01-28 17:26","TruncateTest.java","22260","11862","34122"
"2016-09-09 00:10","LoadFromLogTest.java","65430","20357","85787"
"2019-10-10 14:37","LoadFromLogTest.java","260381","178243","438624"
"2014-02-10 21:50","LoadFromLogTest.java","29774","7161","36935"
"2019-08-17 17:13","LoadFromLogTest.java","256628","178243","434871"
"2019-06-07 14:13","LoadFromLogTest.java","242732","178243","420975"
"2017-12-06 23:14","LoadFromLogTest.java","76761","25460","102221"
"2013-06-28 23:22","LoadFromLogTest.java","21941","6337","28278"
"2019-10-10 14:37","FastLeaderElection.java","71665","38440","110105"
"2019-09-30 23:22","FastLeaderElection.java","70850","37998","108848"
"2020-04-07 09:07","FastLeaderElection.java","88488","45642","134130"
"2019-01-18 03:42","FastLeaderElection.java","13289","7792","21081"
"2019-08-17 17:13","FastLeaderElection.java","65934","36462","102396"
"2019-08-02 20:08","FastLeaderElection.java","45917","15664","61581"
"2019-08-03 08:42","FastLeaderElection.java","46086","15906","61992"
"2019-01-07 14:55","LeaderMXBean.java","232570","90075","322645"
"2019-07-25 21:41","LeaderMXBean.java","254189","90102","344291"
"2019-08-17 17:13","LeaderMXBean.java","257706","90102","347808"
"2018-02-07 01:05","LeaderMXBean.java","169766","20075","189841"
"2016-12-20 14:47","LeaderMXBean.java","165672","19195","184867"
"2019-08-17 17:13","RaceConditionTest.java","111485","109882","221367"
"2019-08-17 17:13","Quotas.java","257687","102765","360452"
"2018-12-06 10:56","FastLeaderElection.java","226572","206485","433057"
"2014-07-18 20:48","FastLeaderElection.java","4718","592","5310"
"2019-10-10 14:37","FastLeaderElection.java","259907","206595","466502"
"2019-09-30 23:22","FastLeaderElection.java","259534","206595","466129"
"2014-07-20 04:50","FastLeaderElection.java","4820","632","5452"
"2020-04-07 09:07","FastLeaderElection.java","270968","208035","479003"
"2019-01-18 03:42","FastLeaderElection.java","232071","206487","438558"
"2017-09-11 18:55","FastLeaderElection.java","34233","15546","49779"
"2018-08-29 06:26","FastLeaderElection.java","135424","106454","241878"
"2015-02-06 06:17","FastLeaderElection.java","10170","1752","11922"
"2018-04-30 06:34","FastLeaderElection.java","41349","16680","58029"
"2019-08-17 17:13","FastLeaderElection.java","256154","206595","462749"
"2019-08-02 20:08","FastLeaderElection.java","256935","206595","463530"
"2017-01-13 19:29","FastLeaderElection.java","31129","10102","41231"
"2019-08-03 08:42","FastLeaderElection.java","256862","206595","463457"
"2019-08-17 17:13","Leader.java","44192","29523","73715"
"2019-06-29 00:33","Leader.java","6225","3569","9794"
"2019-07-15 14:15","Leader.java","14821","4733","19554"
"2019-07-25 21:41","Leader.java","16807","5655","22462"
"2019-06-05 00:33","Leader.java","690","300","990"
"2019-08-03 08:42","Leader.java","22321","6944","29265"
"2019-06-05 23:57","Leader.java","961","302","1263"
"2019-11-29 14:49","Leader.java","58918","37692","96610"
"2020-03-25 03:38","Leader.java","66929","39475","106404"
"2019-12-27 22:33","Leader.java","61187","37840","99027"
"2019-10-10 14:37","Leader.java","50347","31925","82272"
"2019-08-17 17:13","RateLogger.java","256413","186333","442746"
"2015-02-06 06:17","RateLogger.java","41243","12304","53547"
"2019-07-31 19:06","RateLogger.java","255720","186333","442053"
"2020-02-04 10:39","ZooKeeperSaslClient.java","16675","9944","26619"
"2019-06-14 09:06","QuorumPeer.java","4392","1193","5585"
"2019-11-29 14:49","QuorumPeer.java","59616","37858","97474"
"2019-06-03 19:40","QuorumPeer.java","839","307","1146"
"2019-07-15 14:15","QuorumPeer.java","15647","5027","20674"
"2019-07-03 00:44","QuorumPeer.java","7210","3996","11206"
"2019-08-17 17:13","QuorumPeer.java","44916","29715","74631"
"2019-06-05 00:33","QuorumPeer.java","1520","598","2118"
"2019-05-20 23:13","QuorumPeer.java","141","68","209"
"2019-06-04 10:55","QuorumPeer.java","1216","531","1747"
"2019-07-12 17:01","QuorumPeer.java","15541","5027","20568"
"2020-01-09 11:27","QuorumPeer.java","62234","38930","101164"
"2019-12-17 13:48","QuorumPeer.java","60235","37905","98140"
"2020-01-23 13:43","QuorumPeer.java","64473","39345","103818"
"2019-10-10 14:37","QuorumPeer.java","51052","32098","83150"
"2020-02-16 10:25","QuorumPeer.java","65318","39477","104795"
"2018-09-15 00:08","ZooKeeperServer.java","115754","103836","219590"
"2019-04-12 19:01","ZooKeeperServer.java","237038","224641","461679"
"2019-07-31 19:06","ZooKeeperServer.java","254557","224660","479217"
"2019-09-11 10:27","ZooKeeperServer.java","256606","224660","481266"
"2019-01-14 19:38","ZooKeeperServer.java","230423","224541","454964"
"2019-01-07 15:34","ZooKeeperServer.java","230024","224541","454565"
"2018-11-21 17:56","ZooKeeperServer.java","223219","224539","447758"
"2019-02-13 13:12","ZooKeeperServer.java","234099","224563","458662"
"2018-07-19 05:59","ZooKeeperServer.java","33520","25535","59055"
"2018-09-18 01:00","ZooKeeperServer.java","116519","103948","220467"
"2019-03-04 08:07","ZooKeeperServer.java","234677","224564","459241"
"2019-07-08 23:26","ZooKeeperServer.java","244025","224659","468684"
"2019-01-23 14:00","ZooKeeperServer.java","231859","224542","456401"
"2019-02-13 13:19","ZooKeeperServer.java","234385","224563","458948"
"2019-05-14 17:11","ZooKeeperServer.java","239898","224641","464539"
"2019-06-04 10:55","ZooKeeperServer.java","240733","224659","465392"
"2019-04-09 15:35","ZooKeeperServer.java","236013","224566","460579"
"2019-08-03 08:42","ZooKeeperServer.java","255958","224660","480618"
"2019-05-15 11:56","ZooKeeperServer.java","239985","224641","464626"
"2019-05-22 11:39","ZooKeeperServer.java","240432","224642","465074"
"2019-04-22 19:15","ZooKeeperServer.java","238013","224641","462654"
"2018-02-23 23:49","ZooKeeperServer.java","9038","4264","13302"
"2017-08-18 06:32","ZooKeeperServer.java","2449","2909","5358"
"2017-06-26 00:16","ZooKeeperServer.java","777","1245","2022"
"2019-09-10 04:26","ZooKeeperServer.java","256295","224660","480955"
"2019-08-17 17:13","ZooKeeperServer.java","255250","224660","479910"
"2019-09-05 23:12","ZooKeeperServer.java","256169","224660","480829"
"2019-09-10 15:21","ZooKeeperServer.java","256293","224660","480953"
"2019-08-01 07:31","ZooKeeperServer.java","255921","224660","480581"
"2019-08-01 07:28","ZooKeeperServer.java","255431","224660","480091"
"2019-06-03 19:40","ZooKeeperServer.java","240580","224659","465239"
"2019-11-23 17:08","ZooKeeperServer.java","261576","226285","487861"
"2019-10-09 16:49","ZooKeeperServer.java","258836","224660","483496"
"2019-07-03 00:44","ZooKeeperServer.java","243262","224659","467921"
"2018-01-19 01:12","ZooKeeperServer.java","7837","4105","11942"
"2019-07-24 18:00","ZooKeeperServer.java","251705","224660","476365"
"2018-08-08 06:21","ZooKeeperServer.java","82937","73472","156409"
"2018-05-09 23:57","ZooKeeperServer.java","10824","4545","15369"
"2019-12-27 22:33","ZooKeeperServer.java","265554","226286","491840"
"2018-09-11 00:17","ZooKeeperServer.java","114182","103813","217995"
"2019-11-18 09:05","ZooKeeperServer.java","260019","226285","486304"
"2019-10-10 14:37","ZooKeeperServer.java","259003","224660","483663"
"2019-09-16 23:26","ZooKeeperServer.java","258269","224660","482929"
"2017-06-23 18:39","ZooKeeperServer.java","699","1147","1846"
"2019-12-03 10:01","ZooKeeperServer.java","263478","226285","489763"
"2020-03-25 03:38","ZooKeeperServer.java","269662","226287","495949"
"2019-11-28 12:24","ZooKeeperServer.java","261781","226285","488066"
"2019-11-06 15:21","ZooKeeperServer.java","259267","224708","483975"
"2020-04-12 11:14","ZooKeeperServer.java","270476","226348","496824"
"2018-06-08 16:52","ZooKeeperServer.java","11812","4784","16596"
"2018-06-15 07:41","ZooKeeperServer.java","11823","4792","16615"
"2018-07-28 04:37","ZooKeeperServer.java","34228","25667","59895"
"2019-04-18 19:17","ZooKeeperServer.java","237748","224641","462389"
"2019-10-10 14:37","DatadirCleanupManager.java","7470","3717","11187"
"2019-08-17 17:13","BitHashSet.java","174218","158773","332991"
"2019-01-07 14:24","BitHashSet.java","146749","156474","303223"
"2019-11-08 17:30","RequestPathMetricsCollector.java","2052","191","2243"
"2019-08-17 17:13","SaslAuthTest.java","255250","223989","479239"
"2018-06-25 12:30","SaslAuthTest.java","11557","3741","15298"
"2019-08-17 17:13","LearnerSyncRequest.java","257706","83896","341602"
"2009-10-30 17:19","LearnerSyncRequest.java","73853","11914","85767"
"2018-09-15 00:08","ZooKeeperServer.java","174110","112990","287100"
"2019-04-12 19:01","ZooKeeperServer.java","238712","177113","415825"
"2019-07-31 19:06","ZooKeeperServer.java","256211","177112","433323"
"2019-09-11 10:27","ZooKeeperServer.java","258260","177112","435372"
"2019-01-14 19:38","ZooKeeperServer.java","232128","177044","409172"
"2019-01-07 15:34","ZooKeeperServer.java","231729","177044","408773"
"2018-11-21 17:56","ZooKeeperServer.java","224925","177043","401968"
"2012-01-31 07:45","ZooKeeperServer.java","8321","7735","16056"
"2017-04-28 07:14","ZooKeeperServer.java","77576","28374","105950"
"2017-02-12 00:12","ZooKeeperServer.java","76631","28328","104959"
"2014-07-18 02:19","ZooKeeperServer.java","55427","21527","76954"
"2013-12-11 19:22","ZooKeeperServer.java","36125","14387","50512"
"2019-02-13 13:12","ZooKeeperServer.java","235797","177059","412856"
"2012-02-11 00:34","ZooKeeperServer.java","9341","8170","17511"
"2016-11-24 17:18","ZooKeeperServer.java","76602","26523","103125"
"2018-07-19 05:59","ZooKeeperServer.java","106093","48906","154999"
"2018-09-18 01:00","ZooKeeperServer.java","174820","113047","287867"
"2019-03-04 08:07","ZooKeeperServer.java","236375","177060","413435"
"2019-07-08 23:26","ZooKeeperServer.java","245680","177112","422792"
"2019-01-23 14:00","ZooKeeperServer.java","233564","177045","410609"
"2019-02-13 13:19","ZooKeeperServer.java","236083","177059","413142"
"2019-05-14 17:11","ZooKeeperServer.java","241572","177113","418685"
"2013-01-25 02:17","ZooKeeperServer.java","23321","12571","35892"
"2015-07-10 08:19","ZooKeeperServer.java","66320","23433","89753"
"2019-06-04 10:55","ZooKeeperServer.java","242388","177112","419500"
"2019-04-09 15:35","ZooKeeperServer.java","237710","177061","414771"
"2019-08-03 08:42","ZooKeeperServer.java","257612","177112","434724"
"2019-05-15 11:56","ZooKeeperServer.java","241659","177113","418772"
"2019-05-22 11:39","ZooKeeperServer.java","242105","177113","419218"
"2019-04-22 19:15","ZooKeeperServer.java","239687","177113","416800"
"2018-02-23 23:49","ZooKeeperServer.java","84857","30881","115738"
"2016-11-16 06:21","ZooKeeperServer.java","76028","25970","101998"
"2012-12-19 19:07","ZooKeeperServer.java","22233","12521","34754"
"2017-08-18 06:32","ZooKeeperServer.java","78896","30154","109050"
"2017-06-26 00:16","ZooKeeperServer.java","78161","29427","107588"
"2019-09-10 04:26","ZooKeeperServer.java","257949","177112","435061"
"2019-08-17 17:13","ZooKeeperServer.java","256904","177112","434016"
"2019-09-05 23:12","ZooKeeperServer.java","257823","177112","434935"
"2019-09-10 15:21","ZooKeeperServer.java","257947","177112","435059"
"2019-08-01 07:31","ZooKeeperServer.java","257575","177112","434687"
"2019-08-01 07:28","ZooKeeperServer.java","257085","177112","434197"
"2019-06-03 19:40","ZooKeeperServer.java","242235","177112","419347"
"2015-03-17 18:06","ZooKeeperServer.java","61957","22084","84041"
"2019-11-23 17:08","ZooKeeperServer.java","262703","178210","440913"
"2019-10-09 16:49","ZooKeeperServer.java","260490","177112","437602"
"2019-07-03 00:44","ZooKeeperServer.java","244917","177112","422029"
"2018-01-19 01:12","ZooKeeperServer.java","83753","30819","114572"
"2019-07-24 18:00","ZooKeeperServer.java","253359","177112","430471"
"2013-05-16 18:49","ZooKeeperServer.java","28914","13614","42528"
"2018-08-08 06:21","ZooKeeperServer.java","149039","90372","239411"
"2018-05-09 23:57","ZooKeeperServer.java","86507","31026","117533"
"2019-12-27 22:33","ZooKeeperServer.java","266680","178210","444890"
"2016-08-13 15:01","ZooKeeperServer.java","71725","25568","97293"
"2018-09-11 00:17","ZooKeeperServer.java","172557","112986","285543"
"2019-11-18 09:05","ZooKeeperServer.java","261146","178210","439356"
"2019-10-10 14:37","ZooKeeperServer.java","260657","177112","437769"
"2019-09-16 23:26","ZooKeeperServer.java","259923","177112","437035"
"2013-10-08 01:35","ZooKeeperServer.java","32229","14125","46354"
"2017-06-23 18:39","ZooKeeperServer.java","78116","29362","107478"
"2011-12-28 07:07","ZooKeeperServer.java","7882","7635","15517"
"2019-12-03 10:01","ZooKeeperServer.java","264605","178210","442815"
"2020-03-25 03:38","ZooKeeperServer.java","270787","178210","448997"
"2019-11-28 12:24","ZooKeeperServer.java","262908","178210","441118"
"2019-11-06 15:21","ZooKeeperServer.java","260873","177112","437985"
"2011-09-17 02:36","ZooKeeperServer.java","3650","3634","7284"
"2020-04-12 11:14","ZooKeeperServer.java","271540","178210","449750"
"2011-09-14 08:56","ZooKeeperServer.java","2908","332","3240"
"2011-08-21 02:53","ZooKeeperServer.java","32","4","36"
"2013-10-09 22:21","ZooKeeperServer.java","34642","14298","48940"
"2015-03-08 23:07","ZooKeeperServer.java","60815","21990","82805"
"2018-06-08 16:52","ZooKeeperServer.java","87261","31031","118292"
"2018-06-15 07:41","ZooKeeperServer.java","87268","31035","118303"
"2018-07-28 04:37","ZooKeeperServer.java","106717","48954","155671"
"2019-04-18 19:17","ZooKeeperServer.java","239422","177113","416535"
"2012-03-15 17:47","ZooKeeperServer.java","10452","8247","18699"
"2014-03-25 22:13","ZooKeeperServer.java","39526","14771","54297"
"2019-06-26 10:57","ZooDefs.java","243676","223292","466968"
"2019-08-17 17:13","ZooDefs.java","255827","223293","479120"
"2017-07-28 00:36","ZooDefs.java","8799","7700","16499"
"2019-01-16 14:21","ZooDefs.java","231689","223175","454864"
"2019-01-07 14:24","ZooDefs.java","230538","223174","453712"
"2019-11-08 17:30","ZooDefs.java","261489","223341","484830"
"2019-07-31 19:06","ZooDefs.java","255134","223293","478427"
"2019-02-07 11:26","ZooDefs.java","234042","223176","457218"
"2019-08-06 12:57","SnapshotFormatter.java","27595","7785","35380"
"2019-08-17 17:13","SnapshotFormatter.java","48462","29730","78192"
"2019-12-27 22:33","SnapshotFormatter.java","65130","37720","102850"
"2019-11-28 12:24","SnapshotFormatter.java","60937","37299","98236"
"2020-03-25 03:38","Request.java","17227","10056","27283"
"2019-12-27 22:33","Request.java","9297","6233","15530"
"2019-11-11 13:59","Request.java","1828","32","1860"
"2020-05-05 21:20","Request.java","21956","13754","35710"
"2013-09-26 14:05","Zab1_0Test.java","25963","7815","33778"
"2014-05-09 23:37","Zab1_0Test.java","42593","14706","57299"
"2017-01-07 01:09","Zab1_0Test.java","73810","22046","95856"
"2015-12-06 21:30","Zab1_0Test.java","62878","17880","80758"
"2019-12-17 13:48","Zab1_0Test.java","265093","177465","442558"
"2013-11-19 02:03","Zab1_0Test.java","30193","8300","38493"
"2015-07-07 07:11","Zab1_0Test.java","61034","17587","78621"
"2019-12-27 22:33","Zab1_0Test.java","266642","177465","444107"
"2013-10-24 20:41","Zab1_0Test.java","30029","8274","38303"
"2019-10-10 14:37","Zab1_0Test.java","260412","176160","436572"
"2013-11-07 06:41","Zab1_0Test.java","30122","8277","38399"
"2015-05-14 18:40","Zab1_0Test.java","58523","16376","74899"
"2019-08-17 17:13","Zab1_0Test.java","256659","176160","432819"
"2019-06-03 19:40","Zab1_0Test.java","241990","176160","418150"
"2018-05-10 06:00","Zab1_0Test.java","83133","26660","109793"
"2017-11-28 00:10","Zab1_0Test.java","79577","26093","105670"
"2013-10-07 21:08","Zab1_0Test.java","26668","7996","34664"
"2012-12-31 02:38","Zab1_0Test.java","17461","6117","23578"
"2017-08-18 06:32","Zab1_0Test.java","75104","25655","100759"
"2012-08-01 17:53","Zab1_0Test.java","9713","4274","13987"
"2012-07-05 18:01","Zab1_0Test.java","8505","4208","12713"
"2013-03-07 07:01","Zab1_0Test.java","23221","7365","30586"
"2012-12-13 08:25","Zab1_0Test.java","14965","5561","20526"
"2012-01-31 07:45","Zab1_0Test.java","2366","1073","3439"
"2012-01-04 01:15","Zab1_0Test.java","2040","985","3025"
"2017-02-12 00:12","Zab1_0Test.java","72967","23957","96924"
"2011-12-09 20:03","Zab1_0Test.java","533","66","599"
"2020-03-26 18:41","ZooKeeperMain.java","270792","180296","451088"
"2016-10-16 14:21","ZooKeeperMain.java","82498","24588","107086"
"2020-04-01 17:02","ZooKeeperMain.java","271116","180296","451412"
"2013-10-01 23:18","ZooKeeperMain.java","41428","13260","54688"
"2019-10-10 14:37","ZooKeeperMain.java","260663","179202","439865"
"2015-11-22 00:33","ZooKeeperMain.java","77251","22414","99665"
"2020-03-26 22:19","ZooKeeperMain.java","270861","180296","451157"
"2011-08-18 22:05","ZooKeeperMain.java","9988","1534","11522"
"2015-11-08 22:54","ZooKeeperMain.java","76904","22360","99264"
"2016-07-27 01:33","ZooKeeperMain.java","80483","24121","104604"
"2014-04-04 00:39","ZooKeeperMain.java","50015","14028","64043"
"2019-11-28 12:24","ZooKeeperMain.java","262910","180296","443206"
"2016-11-13 20:59","ZooKeeperMain.java","84724","24609","109333"
"2019-08-03 08:42","ZooKeeperMain.java","257618","179202","436820"
"2012-03-18 07:03","ZooKeeperMain.java","23061","10295","33356"
"2017-07-28 00:36","ZooKeeperMain.java","86631","27670","114301"
"2016-05-02 18:15","ZooKeeperMain.java","79151","24055","103206"
"2015-03-28 20:08","ZooKeeperMain.java","72487","21021","93508"
"2019-08-17 17:13","ZooKeeperMain.java","256910","179202","436112"
"2013-09-02 23:04","ZooKeeperMain.java","40512","13104","53616"
"2018-08-06 14:11","ZooKeeperMain.java","114210","45303","159513"
"2013-09-26 14:05","Zab1_0Test.java","26244","7829","34073"
"2014-05-09 23:37","Zab1_0Test.java","42848","14694","57542"
"2017-01-07 01:09","Zab1_0Test.java","74060","22029","96089"
"2015-12-06 21:30","Zab1_0Test.java","63131","17866","80997"
"2019-12-17 13:48","Zab1_0Test.java","265093","177198","442291"
"2013-11-19 02:03","Zab1_0Test.java","30450","8290","38740"
"2015-07-07 07:11","Zab1_0Test.java","61289","17575","78864"
"2019-12-27 22:33","Zab1_0Test.java","266642","177198","443840"
"2013-10-24 20:41","Zab1_0Test.java","30288","8266","38554"
"2019-10-10 14:37","Zab1_0Test.java","260412","175893","436305"
"2013-11-07 06:41","Zab1_0Test.java","30381","8269","38650"
"2015-05-14 18:40","Zab1_0Test.java","58778","16364","75142"
"2019-08-17 17:13","Zab1_0Test.java","256659","175893","432552"
"2019-06-03 19:40","Zab1_0Test.java","241990","175893","417883"
"2018-05-10 06:00","Zab1_0Test.java","83359","26619","109978"
"2017-11-28 00:10","Zab1_0Test.java","79809","26058","105867"
"2013-10-07 21:08","Zab1_0Test.java","26927","7988","34915"
"2012-12-31 02:38","Zab1_0Test.java","17749","6138","23887"
"2017-08-18 06:32","Zab1_0Test.java","75342","25626","100968"
"2012-08-01 17:53","Zab1_0Test.java","10001","4295","14296"
"2012-07-05 18:01","Zab1_0Test.java","8794","4230","13024"
"2013-03-07 07:01","Zab1_0Test.java","23509","7386","30895"
"2012-12-13 08:25","Zab1_0Test.java","15253","5582","20835"
"2012-01-31 07:45","Zab1_0Test.java","2656","1096","3752"
"2012-01-04 01:15","Zab1_0Test.java","2333","1011","3344"
"2017-02-12 00:12","Zab1_0Test.java","73205","23928","97133"
"2011-12-09 20:03","Zab1_0Test.java","830","96","926"
"2019-08-17 17:13","OOMTest.java","257500","142084","399584"
"2017-09-11 18:55","OOMTest.java","131683","35943","167626"
"2010-03-31 06:26","OOMTest.java","40968","14591","55559"
"2010-08-18 08:24","OOMTest.java","63794","17950","81744"
"2013-12-21 22:05","OOMTest.java","98786","29919","128705"
"2019-09-18 11:20","OOMTest.java","260412","142084","402496"
"2019-08-17 17:13","Leader.java","256154","203998","460152"
"2019-06-29 00:33","Leader.java","244141","203998","448139"
"2019-06-03 19:40","Leader.java","241485","203998","445483"
"2019-07-15 14:15","Leader.java","251573","203998","455571"
"2015-03-17 18:06","Leader.java","15170","2933","18103"
"2019-07-25 21:41","Leader.java","252637","203998","456635"
"2018-05-10 06:00","Leader.java","45758","17628","63386"
"2018-07-12 01:33","Leader.java","54944","25881","80825"
"2018-02-07 01:05","Leader.java","43246","17250","60496"
"2017-11-28 00:10","Leader.java","41938","16797","58735"
"2019-06-05 00:33","Leader.java","241875","203998","445873"
"2015-04-10 22:22","Leader.java","16284","2979","19263"
"2019-08-03 08:42","Leader.java","256862","203998","460860"
"2019-06-05 23:57","Leader.java","242144","203998","446142"
"2017-01-13 19:29","Leader.java","34605","10981","45586"
"2019-01-07 14:55","Leader.java","230936","203889","434825"
"2019-04-12 19:01","Leader.java","237945","203982","441927"
"2018-12-09 03:16","Leader.java","228702","203888","432590"
"2018-08-17 14:40","Leader.java","114902","83543","198445"
"2019-11-29 14:49","Leader.java","264150","205437","469587"
"2018-11-27 10:02","Leader.java","226378","203888","430266"
"2015-02-06 06:17","Leader.java","13714","2699","16413"
"2017-02-15 23:04","Leader.java","34496","13828","48324"
"2014-07-18 02:19","Leader.java","7634","1370","9004"
"2018-08-29 06:26","Leader.java","138046","106479","244525"
"2018-08-03 18:52","Leader.java","66931","36370","103301"
"2017-09-11 18:55","Leader.java","37652","16368","54020"
"2018-09-18 01:00","Leader.java","145897","111760","257657"
"2016-12-20 14:47","Leader.java","33675","10893","44568"
"2014-07-20 04:50","Leader.java","8415","1630","10045"
"2014-06-10 00:19","Leader.java","959","25","984"
"2016-06-23 23:25","Leader.java","26536","8818","35354"
"2016-06-23 23:45","Leader.java","26678","8852","35530"
"2020-03-25 03:38","Leader.java","270379","205438","475817"
"2019-12-27 22:33","Leader.java","266271","205437","471708"
"2016-08-13 15:01","Leader.java","27860","9339","37199"
"2019-10-10 14:37","Leader.java","259907","203998","463905"
"2019-08-17 17:13","DumbWatcher.java","54619","29911","84530"
"2019-11-18 09:05","DumbWatcher.java","64796","36944","101740"
"2019-10-10 14:37","ObserverZooKeeperServer.java","259842","215122","474964"
"2016-08-13 15:01","ObserverZooKeeperServer.java","14473","7141","21614"
"2019-06-04 10:55","ObserverZooKeeperServer.java","241572","215121","456693"
"2019-08-17 17:13","ObserverZooKeeperServer.java","256089","215122","471211"
"2019-06-03 19:40","ObserverZooKeeperServer.java","241419","215121","456540"
"2019-02-13 13:12","ObserverZooKeeperServer.java","234945","215032","449977"
"2019-12-27 22:33","DataTree.java","4647","875","5522"
"2018-09-15 00:08","ZooKeeperServer.java","116757","103940","220697"
"2019-04-12 19:01","ZooKeeperServer.java","237053","223757","460810"
"2019-07-31 19:06","ZooKeeperServer.java","254572","223776","478348"
"2019-09-11 10:27","ZooKeeperServer.java","256621","223776","480397"
"2019-01-14 19:38","ZooKeeperServer.java","230438","223657","454095"
"2019-01-07 15:34","ZooKeeperServer.java","230039","223657","453696"
"2018-11-21 17:56","ZooKeeperServer.java","223234","223655","446889"
"2017-04-28 07:14","ZooKeeperServer.java","1126","227","1353"
"2019-02-13 13:12","ZooKeeperServer.java","234114","223679","457793"
"2018-07-19 05:59","ZooKeeperServer.java","34540","25656","60196"
"2018-09-18 01:00","ZooKeeperServer.java","117522","104052","221574"
"2019-03-04 08:07","ZooKeeperServer.java","234692","223680","458372"
"2019-07-08 23:26","ZooKeeperServer.java","244040","223775","467815"
"2019-01-23 14:00","ZooKeeperServer.java","231874","223658","455532"
"2019-02-13 13:19","ZooKeeperServer.java","234400","223679","458079"
"2019-05-14 17:11","ZooKeeperServer.java","239913","223757","463670"
"2019-06-04 10:55","ZooKeeperServer.java","240748","223775","464523"
"2019-04-09 15:35","ZooKeeperServer.java","236028","223682","459710"
"2019-08-03 08:42","ZooKeeperServer.java","255973","223776","479749"
"2019-05-15 11:56","ZooKeeperServer.java","240000","223757","463757"
"2019-05-22 11:39","ZooKeeperServer.java","240447","223758","464205"
"2019-04-22 19:15","ZooKeeperServer.java","238028","223757","461785"
"2018-02-23 23:49","ZooKeeperServer.java","10135","4462","14597"
"2017-08-18 06:32","ZooKeeperServer.java","3572","3133","6705"
"2017-06-26 00:16","ZooKeeperServer.java","1900","1469","3369"
"2019-09-10 04:26","ZooKeeperServer.java","256310","223776","480086"
"2019-08-17 17:13","ZooKeeperServer.java","255265","223776","479041"
"2019-09-05 23:12","ZooKeeperServer.java","256184","223776","479960"
"2019-09-10 15:21","ZooKeeperServer.java","256308","223776","480084"
"2019-08-01 07:31","ZooKeeperServer.java","255936","223776","479712"
"2019-08-01 07:28","ZooKeeperServer.java","255446","223776","479222"
"2019-06-03 19:40","ZooKeeperServer.java","240595","223775","464370"
"2019-11-23 17:08","ZooKeeperServer.java","261579","225389","486968"
"2019-10-09 16:49","ZooKeeperServer.java","258851","223776","482627"
"2019-07-03 00:44","ZooKeeperServer.java","243277","223775","467052"
"2018-01-19 01:12","ZooKeeperServer.java","8938","4307","13245"
"2019-07-24 18:00","ZooKeeperServer.java","251720","223776","475496"
"2018-08-08 06:21","ZooKeeperServer.java","83947","73583","157530"
"2018-05-09 23:57","ZooKeeperServer.java","11920","4742","16662"
"2019-12-27 22:33","ZooKeeperServer.java","265557","225390","490947"
"2018-09-11 00:17","ZooKeeperServer.java","115185","103917","219102"
"2019-11-18 09:05","ZooKeeperServer.java","260022","225389","485411"
"2019-10-10 14:37","ZooKeeperServer.java","259018","223776","482794"
"2019-09-16 23:26","ZooKeeperServer.java","258284","223776","482060"
"2017-06-23 18:39","ZooKeeperServer.java","1825","1374","3199"
"2019-12-03 10:01","ZooKeeperServer.java","263481","225389","488870"
"2020-03-25 03:38","ZooKeeperServer.java","269665","225391","495056"
"2019-11-28 12:24","ZooKeeperServer.java","261784","225389","487173"
"2019-11-06 15:21","ZooKeeperServer.java","259282","223824","483106"
"2020-04-12 11:14","ZooKeeperServer.java","270479","225452","495931"
"2018-06-08 16:52","ZooKeeperServer.java","12908","4981","17889"
"2018-06-15 07:41","ZooKeeperServer.java","12919","4989","17908"
"2018-07-28 04:37","ZooKeeperServer.java","35248","25788","61036"
"2019-04-18 19:17","ZooKeeperServer.java","237763","223757","461520"
"2015-06-04 18:26","DataNode.java","109909","31448","141357"
"2019-08-17 17:13","DataNode.java","257187","151776","408963"
"2015-06-04 19:51","DataNode.java","110671","31499","142170"
"2016-10-07 21:51","DataNode.java","117914","33691","151605"
"2019-01-07 14:24","DataNode.java","231967","151726","383693"
"2017-02-05 07:22","DataNode.java","122506","34023","156529"
"2019-07-31 19:06","DataNode.java","256494","151776","408270"
"2011-06-23 18:01","DataNode.java","50577","21598","72175"
"2019-12-27 22:33","DataNode.java","266804","152715","419519"
"2018-09-15 00:08","ZooKeeperServer.java","139474","112254","251728"
"2019-04-12 19:01","ZooKeeperServer.java","237942","210243","448185"
"2019-07-31 19:06","ZooKeeperServer.java","255458","210259","465717"
"2019-09-11 10:27","ZooKeeperServer.java","257507","210259","467766"
"2019-01-14 19:38","ZooKeeperServer.java","231334","210150","441484"
"2019-01-07 15:34","ZooKeeperServer.java","230935","210150","441085"
"2018-11-21 17:56","ZooKeeperServer.java","224130","210148","434278"
"2017-04-28 07:14","ZooKeeperServer.java","28195","12893","41088"
"2017-02-12 00:12","ZooKeeperServer.java","27205","12802","40007"
"2019-02-13 13:12","ZooKeeperServer.java","235008","210170","445178"
"2016-11-24 17:18","ZooKeeperServer.java","25786","9607","35393"
"2018-07-19 05:59","ZooKeeperServer.java","59249","35962","95211"
"2018-09-18 01:00","ZooKeeperServer.java","140229","112356","252585"
"2019-03-04 08:07","ZooKeeperServer.java","235584","210169","445753"
"2019-07-08 23:26","ZooKeeperServer.java","244927","210259","455186"
"2019-01-23 14:00","ZooKeeperServer.java","232770","210151","442921"
"2019-02-13 13:19","ZooKeeperServer.java","235294","210170","445464"
"2019-05-14 17:11","ZooKeeperServer.java","240802","210243","451045"
"2015-07-10 08:19","ZooKeeperServer.java","12792","3805","16597"
"2019-06-04 10:55","ZooKeeperServer.java","241635","210259","451894"
"2019-04-09 15:35","ZooKeeperServer.java","236920","210171","447091"
"2019-08-03 08:42","ZooKeeperServer.java","256859","210259","467118"
"2019-05-15 11:56","ZooKeeperServer.java","240889","210243","451132"
"2019-05-22 11:39","ZooKeeperServer.java","241335","210243","451578"
"2019-04-22 19:15","ZooKeeperServer.java","238917","210243","449160"
"2018-02-23 23:49","ZooKeeperServer.java","36896","16820","53716"
"2016-11-16 06:21","ZooKeeperServer.java","25190","9032","34222"
"2017-08-18 06:32","ZooKeeperServer.java","30594","15752","46346"
"2017-06-26 00:16","ZooKeeperServer.java","28952","14118","43070"
"2019-09-10 04:26","ZooKeeperServer.java","257196","210259","467455"
"2019-08-17 17:13","ZooKeeperServer.java","256151","210259","466410"
"2019-09-05 23:12","ZooKeeperServer.java","257070","210259","467329"
"2019-09-10 15:21","ZooKeeperServer.java","257194","210259","467453"
"2019-08-01 07:31","ZooKeeperServer.java","256822","210259","467081"
"2019-08-01 07:28","ZooKeeperServer.java","256332","210259","466591"
"2019-06-03 19:40","ZooKeeperServer.java","241482","210259","451741"
"2015-03-17 18:06","ZooKeeperServer.java","7608","1635","9243"
"2019-11-23 17:08","ZooKeeperServer.java","262292","211699","473991"
"2019-10-09 16:49","ZooKeeperServer.java","259737","210259","469996"
"2019-07-03 00:44","ZooKeeperServer.java","244164","210259","454423"
"2018-01-19 01:12","ZooKeeperServer.java","35767","16733","52500"
"2019-07-24 18:00","ZooKeeperServer.java","252606","210259","462865"
"2018-08-08 06:21","ZooKeeperServer.java","108138","83371","191509"
"2018-05-09 23:57","ZooKeeperServer.java","38620","17039","55659"
"2019-12-27 22:33","ZooKeeperServer.java","266269","211699","477968"
"2016-08-13 15:01","ZooKeeperServer.java","20499","8242","28741"
"2018-09-11 00:17","ZooKeeperServer.java","137907","112236","250143"
"2019-11-18 09:05","ZooKeeperServer.java","260735","211699","472434"
"2019-10-10 14:37","ZooKeeperServer.java","259904","210259","470163"
"2019-09-16 23:26","ZooKeeperServer.java","259170","210259","469429"
"2017-06-23 18:39","ZooKeeperServer.java","28880","14026","42906"
"2019-12-03 10:01","ZooKeeperServer.java","264194","211699","475893"
"2020-03-25 03:38","ZooKeeperServer.java","270377","211700","482077"
"2019-11-28 12:24","ZooKeeperServer.java","262497","211699","474196"
"2019-11-06 15:21","ZooKeeperServer.java","260148","210287","470435"
"2020-04-12 11:14","ZooKeeperServer.java","271130","211700","482830"
"2015-03-08 23:07","ZooKeeperServer.java","6426","1501","7927"
"2018-06-08 16:52","ZooKeeperServer.java","39573","17243","56816"
"2018-06-15 07:41","ZooKeeperServer.java","39583","17250","56833"
"2018-07-28 04:37","ZooKeeperServer.java","59918","36055","95973"
"2019-04-18 19:17","ZooKeeperServer.java","238652","210243","448895"
"2019-11-08 17:30","PrepRequestProcessor.java","6481","2223","8704"
"2019-12-27 22:33","PrepRequestProcessor.java","15661","8339","24000"
"2019-10-10 14:37","PrepRequestProcessor.java","4429","2032","6461"
"2020-03-25 03:38","PrepRequestProcessor.java","21934","10505","32439"
"2019-08-17 17:13","MultiAsyncTransactionTest.java","256366","197129","453495"
"2019-12-27 22:33","FileTxnSnapLog.java","266804","147534","414338"
"2019-10-10 14:37","FileTxnSnapLog.java","260940","146595","407535"
"2019-12-13 08:51","FileTxnSnapLog.java","264841","147534","412375"
"2017-01-07 01:09","FileTxnSnapLog.java","127102","33916","161018"
"2011-07-13 15:48","FileTxnSnapLog.java","57189","20151","77340"
"2014-02-12 17:00","FileTxnSnapLog.java","95361","29100","124461"
"2012-03-06 09:20","FileTxnSnapLog.java","68967","25431","94398"
"2020-01-23 16:46","FileTxnSnapLog.java","268053","147534","415587"
"2020-01-28 17:26","FileTxnSnapLog.java","268524","147534","416058"
"2011-10-20 20:02","FileTxnSnapLog.java","65278","24722","90000"
"2016-09-18 23:21","FileTxnSnapLog.java","122340","33626","155966"
"2017-01-23 02:13","FileTxnSnapLog.java","127527","33937","161464"
"2011-04-12 09:14","FileTxnSnapLog.java","53358","21293","74651"
"2018-06-08 16:52","FileTxnSnapLog.java","134072","35713","169785"
"2019-09-02 08:23","FileTxnSnapLog.java","257844","146595","404439"
"2011-12-21 21:39","FileTxnSnapLog.java","67242","24989","92231"
"2017-04-28 07:14","FileTxnSnapLog.java","126234","34903","161137"
"2019-07-31 19:06","FileTxnSnapLog.java","256494","146595","403089"
"2018-07-30 06:22","FileTxnSnapLog.java","147646","47632","195278"
"2012-02-06 09:40","FileTxnSnapLog.java","68265","25151","93416"
"2012-07-17 23:25","FileTxnSnapLog.java","73795","26958","100753"
"2020-01-30 09:43","FileTxnSnapLog.java","268600","147534","416134"
"2019-05-14 17:11","FileTxnSnapLog.java","241854","146595","388449"
"2010-03-12 23:36","FileTxnSnapLog.java","32196","10841","43037"
"2013-06-28 23:22","FileTxnSnapLog.java","87798","28658","116456"
"2014-02-10 21:50","FileTxnSnapLog.java","95223","29074","124297"
"2019-05-21 23:34","FileTxnSnapLog.java","242175","146595","388770"
"2019-05-27 10:54","FileTxnSnapLog.java","242507","146595","389102"
"2017-01-13 19:29","FileTxnSnapLog.java","127310","33921","161231"
"2017-06-26 00:07","FileTxnSnapLog.java","126164","35295","161459"
"2018-02-23 23:49","FileTxnSnapLog.java","131718","35613","167331"
"2017-08-18 06:32","FileTxnSnapLog.java","126242","35371","161613"
"2019-08-17 17:13","FileTxnSnapLog.java","257187","146595","403782"
"2018-02-14 21:23","FileTxnSnapLog.java","131554","35613","167167"
"2019-11-21 05:58","NIOServerCnxn.java","261193","179843","441036"
"2015-11-08 22:36","NIOServerCnxn.java","77260","22311","99571"
"2019-11-18 09:05","NIOServerCnxn.java","261170","179843","441013"
"2013-09-10 00:37","NIOServerCnxn.java","41154","13145","54299"
"2019-09-16 23:26","NIOServerCnxn.java","259951","178749","438700"
"2019-10-10 14:37","NIOServerCnxn.java","260685","178749","439434"
"2013-10-05 00:57","NIOServerCnxn.java","42070","13307","55377"
"2018-09-28 23:38","NIOServerCnxn.java","182772","107346","290118"
"2020-02-11 06:50","NIOServerCnxn.java","268545","179843","448388"
"2019-01-23 14:00","NIOServerCnxn.java","233594","178684","412278"
"2019-07-08 23:26","NIOServerCnxn.java","245708","178749","424457"
"2019-04-12 19:01","NIOServerCnxn.java","238740","178750","417490"
"2019-01-14 19:38","NIOServerCnxn.java","232158","178683","410841"
"2018-11-17 18:33","NIOServerCnxn.java","224940","178682","403622"
"2017-03-04 19:22","NIOServerCnxn.java","86574","26726","113300"
"2011-08-19 00:05","NIOServerCnxn.java","12691","1612","14303"
"2013-12-11 19:22","NIOServerCnxn.java","46370","13553","59923"
"2012-02-11 00:34","NIOServerCnxn.java","20467","8217","28684"
"2016-12-22 23:23","NIOServerCnxn.java","86942","25104","112046"
"2018-09-18 01:00","NIOServerCnxn.java","180043","107191","287234"
"2019-08-17 17:13","NIOServerCnxn.java","256932","178749","435681"
"2015-06-28 21:09","NIOServerCnxn.java","75757","22116","97873"
"2015-03-28 20:08","NIOServerCnxn.java","72979","21038","94017"
"2019-07-03 00:44","NIOServerCnxn.java","244945","178749","423694"
"2019-08-03 08:42","NIOServerCnxn.java","257640","178749","436389"
"2016-11-16 06:21","NIOServerCnxn.java","85711","24574","110285"
"2012-12-19 19:07","NIOServerCnxn.java","33097","12306","45403"
"2015-06-04 18:26","DataNode.java","124095","29674","153769"
"2009-11-12 23:48","DataNode.java","24126","6030","30156"
"2019-08-17 17:13","DataNode.java","257500","133993","391493"
"2015-06-04 19:51","DataNode.java","124868","29736","154604"
"2016-10-07 21:51","DataNode.java","131990","31807","163797"
"2019-01-07 14:24","DataNode.java","232286","133949","366235"
"2017-02-05 07:22","DataNode.java","136557","32114","168671"
"2019-07-31 19:06","DataNode.java","256807","133993","390800"
"2011-06-23 18:01","DataNode.java","69516","22441","91957"
"2019-12-27 22:33","DataNode.java","266817","134632","401449"
"2019-08-17 17:13","ReconfigLegacyTest.java","44192","29523","73715"
"2019-08-17 17:13","GetAllChildrenNumberCommand.java","51869","30201","82070"
"2019-08-17 17:13","Vote.java","257710","73713","331423"
"2011-06-14 07:14","Vote.java","122079","14659","136738"
"2014-07-08 05:25","Vote.java","157400","19382","176782"
"2018-12-06 10:56","Vote.java","228210","73685","301895"
"2011-06-17 01:34","Vote.java","122185","14694","136879"
"2011-04-12 09:14","Vote.java","120079","14609","134688"
"2019-09-18 11:20","OOMTest.java","5204","2292","7496"
"2016-06-23 23:45","NettyServerCnxnFactory.java","40115","16396","56511"
"2020-02-26 22:41","NettyServerCnxnFactory.java","268363","199660","468023"
"2019-10-10 14:37","NettyServerCnxnFactory.java","260113","198311","458424"
"2019-09-10 18:50","NettyServerCnxnFactory.java","257477","198311","455788"
"2019-11-14 03:54","NettyServerCnxnFactory.java","264397","198339","462736"
"2019-02-12 15:25","NettyServerCnxnFactory.java","235088","198214","433302"
"2018-10-16 16:22","NettyServerCnxnFactory.java","235262","178816","414078"
"2019-02-15 15:36","NettyServerCnxnFactory.java","235519","198230","433749"
"2019-04-12 19:01","NettyServerCnxnFactory.java","238151","198295","436446"
"2018-11-22 17:56","NettyServerCnxnFactory.java","224957","198211","423168"
"2018-09-22 06:48","NettyServerCnxnFactory.java","152284","112185","264469"
"2018-12-15 07:34","NettyServerCnxnFactory.java","228833","198211","427044"
"2014-07-18 02:19","NettyServerCnxnFactory.java","21615","9458","31073"
"2019-02-13 13:12","NettyServerCnxnFactory.java","235227","198232","433459"
"2019-08-17 17:13","NettyServerCnxnFactory.java","256360","198311","454671"
"2015-03-17 18:06","NettyServerCnxnFactory.java","28959","10829","39788"
"2015-03-28 20:08","NettyServerCnxnFactory.java","29982","10863","40845"
"2019-11-23 17:08","NettyServerCnxnFactory.java","262410","199660","462070"
"2019-07-03 00:44","NettyServerCnxnFactory.java","244373","198311","442684"
"2019-06-05 00:29","NettyServerCnxnFactory.java","242027","198311","440338"
"2019-07-23 15:55","NettyServerCnxnFactory.java","252368","198311","450679"
"2014-09-28 19:15","NettyServerCnxnFactory.java","24990","10235","35225"
"2019-06-24 11:05","NettyServerCnxnFactory.java","243693","198311","442004"
"2015-01-30 03:23","NettyServerCnxnFactory.java","27216","10514","37730"
"2019-08-03 08:42","NettyServerCnxnFactory.java","257068","198311","455379"
"2019-12-27 22:33","DataNode.java","18682","10004","28686"
"2019-06-26 10:57","ZooDefs.java","244883","158401","403284"
"2015-06-04 19:51","ZooDefs.java","104409","31733","136142"
"2019-08-17 17:13","ZooDefs.java","257033","158401","415434"
"2016-10-07 21:51","ZooDefs.java","111681","33954","145635"
"2014-01-24 07:18","ZooDefs.java","83478","29127","112605"
"2017-07-28 00:36","ZooDefs.java","114756","35930","150686"
"2019-01-16 14:21","ZooDefs.java","232956","158344","391300"
"2019-01-07 14:24","ZooDefs.java","231805","158343","390148"
"2019-11-08 17:30","ZooDefs.java","262647","158401","421048"
"2011-08-19 00:05","ZooDefs.java","50294","19825","70119"
"2011-07-01 00:53","ZooDefs.java","46503","21753","68256"
"2019-07-31 19:06","ZooDefs.java","256340","158401","414741"
"2019-02-07 11:26","ZooDefs.java","235309","158345","393654"
"2014-04-29 02:23","ZooDefs.java","88252","30636","118888"
"2011-04-12 09:14","LockListener.java","83817","17765","101582"
"2019-08-27 09:23","LockListener.java","258151","112979","371130"
"2019-08-17 17:13","GetCommand.java","255250","223892","479142"
"2019-01-31 15:55","GetCommand.java","232791","223774","456565"
"2019-08-17 17:13","ObserverBean.java","257187","154189","411376"
"2015-10-31 23:18","ObserverBean.java","110743","32258","143001"
"2019-11-29 14:49","ObserverBean.java","264683","155128","419811"
"2018-12-09 03:16","ObserverBean.java","229795","154139","383934"
"2019-10-09 16:38","ReferenceCountedACLCache.java","5995","2498","8493"
"2019-10-10 14:37","ReferenceCountedACLCache.java","7470","3717","11187"
"2019-08-17 17:13","CommitProcessor.java","255117","224721","479838"
"2019-07-30 02:31","CommitProcessor.java","253038","224721","477759"
"2019-08-03 08:42","CommitProcessor.java","255825","224721","480546"
"2019-04-09 15:35","CommitProcessor.java","235864","224611","460475"
"2019-04-25 02:11","CommitProcessor.java","238817","224701","463518"
"2019-01-07 14:24","CommitProcessor.java","229807","224581","454388"
"2020-03-25 03:38","CommitProcessor.java","269636","226455","496091"
"2019-10-10 14:37","CommitProcessor.java","258871","224722","483593"
"2019-11-11 13:55","CommitProcessor.java","260874","224770","485644"
"2019-12-27 22:33","CommitProcessor.java","265528","226454","491982"
"2011-04-12 09:14","SessionsResource.java","10270","15865","26135"
"2018-11-17 18:33","ServerCnxn.java","224910","177043","401953"
"2019-01-14 19:38","ServerCnxn.java","232128","177044","409172"
"2019-04-12 19:01","ServerCnxn.java","238712","177113","415825"
"2014-07-18 02:19","ServerCnxn.java","55427","21527","76954"
"2018-09-18 01:00","ServerCnxn.java","174820","113047","287867"
"2019-07-08 23:26","ServerCnxn.java","245680","177112","422792"
"2016-11-16 06:21","ServerCnxn.java","76028","25970","101998"
"2019-08-17 17:13","ServerCnxn.java","256904","177112","434016"
"2019-07-03 00:44","ServerCnxn.java","244917","177112","422029"
"2015-03-28 20:08","ServerCnxn.java","62962","22100","85062"
"2015-06-28 21:09","ServerCnxn.java","65886","23324","89210"
"2018-07-12 01:33","ServerCnxn.java","95440","38741","134181"
"2018-08-08 06:21","ServerCnxn.java","149039","90372","239411"
"2017-11-28 00:10","ServerCnxn.java","83357","30580","113937"
"2019-11-18 09:05","ServerCnxn.java","261146","178210","439356"
"2020-02-26 22:41","ServerCnxn.java","268656","178210","446866"
"2018-09-28 23:38","ServerCnxn.java","177550","113203","290753"
"2019-11-11 13:59","ServerCnxn.java","264314","177112","441426"
"2019-08-17 17:13","WatcherFuncTest.java","257015","167976","424991"
"2018-12-06 10:56","FastLeaderElection.java","226568","210607","437175"
"2019-10-10 14:37","FastLeaderElection.java","259903","210717","470620"
"2019-09-30 23:22","FastLeaderElection.java","259530","210717","470247"
"2014-07-20 04:50","FastLeaderElection.java","102","40","142"
"2020-04-07 09:07","FastLeaderElection.java","270966","212159","483125"
"2019-01-18 03:42","FastLeaderElection.java","232067","210609","442676"
"2017-09-11 18:55","FastLeaderElection.java","30312","15751","46063"
"2018-08-29 06:26","FastLeaderElection.java","131763","106919","238682"
"2015-02-06 06:17","FastLeaderElection.java","5501","1209","6710"
"2018-04-30 06:34","FastLeaderElection.java","37429","16886","54315"
"2019-08-17 17:13","FastLeaderElection.java","256150","210717","466867"
"2019-08-02 20:08","FastLeaderElection.java","256931","210717","467648"
"2017-01-13 19:29","FastLeaderElection.java","26648","9747","36395"
"2019-08-03 08:42","FastLeaderElection.java","256858","210717","467575"
"2019-08-17 17:13","SessionTimeoutTest.java","52383","30086","82469"
"2019-09-18 11:20","SessionTimeoutTest.java","56771","31562","88333"
"2019-10-10 14:37","LeaderSessionTracker.java","259842","215122","474964"
"2018-08-08 06:21","LeaderSessionTracker.java","103220","83378","186598"
"2019-08-17 17:13","LeaderSessionTracker.java","256089","215122","471211"
"2019-08-17 17:13","DataNode.java","255978","218393","474371"
"2016-10-07 21:51","DataNode.java","11533","6482","18015"
"2019-01-07 14:24","DataNode.java","230696","218281","448977"
"2017-02-05 07:22","DataNode.java","17057","7746","24803"
"2019-07-31 19:06","DataNode.java","255285","218393","473678"
"2019-12-27 22:33","DataNode.java","266201","219938","486139"
"2015-10-18 19:00","QuorumPeer.java","156939","17246","174185"
"2018-12-20 15:13","QuorumPeer.java","231249","90075","321324"
"2019-05-16 16:25","QuorumPeer.java","242506","90103","332609"
"2018-10-16 16:22","QuorumPeer.java","242954","68706","311660"
"2019-06-14 09:06","QuorumPeer.java","245704","90102","335806"
"2010-03-16 23:25","QuorumPeer.java","87162","8810","95972"
"2018-12-07 12:41","QuorumPeer.java","228263","90075","318338"
"2012-04-23 01:20","QuorumPeer.java","113632","14262","127894"
"2012-07-17 23:19","QuorumPeer.java","114420","14278","128698"
"2019-03-11 19:47","QuorumPeer.java","237683","90081","327764"
"2012-02-27 03:41","QuorumPeer.java","111383","14098","125481"
"2014-07-18 02:19","QuorumPeer.java","146940","16981","163921"
"2019-02-13 13:12","QuorumPeer.java","236632","90082","326714"
"2011-04-29 18:12","QuorumPeer.java","100406","10994","111400"
"2019-04-12 19:01","QuorumPeer.java","239514","90103","329617"
"2018-12-09 03:16","QuorumPeer.java","230337","90075","320412"
"2018-09-11 15:23","QuorumPeer.java","209448","52871","262319"
"2019-11-29 14:49","QuorumPeer.java","264719","90558","355277"
"2013-03-07 07:01","QuorumPeer.java","126374","15166","141540"
"2018-12-15 07:34","QuorumPeer.java","230252","90075","320327"
"2018-11-27 10:02","QuorumPeer.java","228013","90075","318088"
"2018-09-18 01:00","QuorumPeer.java","210749","52917","263666"
"2009-11-18 18:47","QuorumPeer.java","70111","7839","77950"
"2012-02-06 09:40","QuorumPeer.java","110979","13935","124914"
"2019-06-03 19:40","QuorumPeer.java","243037","90102","333139"
"2019-07-15 14:15","QuorumPeer.java","253125","90102","343227"
"2015-03-17 18:06","QuorumPeer.java","153076","17144","170220"
"2019-07-03 00:44","QuorumPeer.java","245719","90102","335821"
"2009-06-18 18:37","QuorumPeer.java","48968","4871","53839"
"2019-08-17 17:13","QuorumPeer.java","257706","90102","347808"
"2015-06-27 02:03","QuorumPeer.java","155835","17214","173049"
"2009-11-18 20:06","QuorumPeer.java","72463","7857","80320"
"2017-11-28 00:10","QuorumPeer.java","168856","20020","188876"
"2014-01-21 04:50","QuorumPeer.java","133735","15377","149112"
"2014-06-04 22:07","QuorumPeer.java","140948","16789","157737"
"2018-01-30 08:02","QuorumPeer.java","169042","20053","189095"
"2019-05-15 11:56","QuorumPeer.java","242461","90103","332564"
"2019-06-05 00:33","QuorumPeer.java","243427","90102","333529"
"2009-02-06 22:19","QuorumPeer.java","16286","2800","19086"
"2019-05-20 23:13","QuorumPeer.java","242579","90103","332682"
"2019-06-04 10:55","QuorumPeer.java","243190","90102","333292"
"2019-07-12 17:01","QuorumPeer.java","253019","90102","343121"
"2020-01-09 11:27","QuorumPeer.java","266265","90558","356823"
"2017-02-09 11:40","QuorumPeer.java","166851","19239","186090"
"2011-06-14 07:14","QuorumPeer.java","102061","11034","113095"
"2009-04-17 00:59","QuorumPeer.java","18977","3688","22665"
"2017-07-06 18:48","QuorumPeer.java","165217","19919","185136"
"2018-10-01 06:11","QuorumPeer.java","213417","53006","266423"
"2015-04-09 20:16","QuorumPeer.java","154141","17146","171287"
"2013-10-07 21:08","QuorumPeer.java","129310","15286","144596"
"2013-09-30 22:20","QuorumPeer.java","128874","15281","144155"
"2018-07-04 17:11","QuorumPeer.java","178870","26320","205190"
"2019-12-17 13:48","QuorumPeer.java","265291","90558","355849"
"2015-12-07 05:59","QuorumPeer.java","157742","17291","175033"
"2020-01-23 13:43","QuorumPeer.java","268089","90558","358647"
"2016-06-23 23:45","QuorumPeer.java","160230","18709","178939"
"2011-05-03 19:57","QuorumPeer.java","100411","10995","111406"
"2016-06-23 23:25","QuorumPeer.java","160122","18709","178831"
"2010-03-09 05:44","QuorumPeer.java","86285","8708","94993"
"2010-03-12 19:26","QuorumPeer.java","87093","8786","95879"
"2014-03-23 04:12","QuorumPeer.java","136072","15494","151566"
"2013-09-26 00:13","QuorumPeer.java","128628","15279","143907"
"2011-06-17 01:34","QuorumPeer.java","102177","11079","113256"
"2011-06-14 14:11","QuorumPeer.java","102088","11034","113122"
"2010-03-10 02:27","QuorumPeer.java","86503","8712","95215"
"2010-03-10 19:52","QuorumPeer.java","86596","8719","95315"
"2014-07-18 20:48","QuorumPeer.java","147404","16986","164390"
"2014-07-04 04:19","QuorumPeer.java","142599","16797","159396"
"2018-12-06 10:56","QuorumPeer.java","228207","90075","318282"
"2014-06-25 15:04","QuorumPeer.java","141447","16791","158238"
"2014-03-28 01:58","QuorumPeer.java","136492","15496","151988"
"2009-10-30 17:19","QuorumPeer.java","62986","7253","70239"
"2009-11-20 23:28","QuorumPeer.java","72777","7892","80669"
"2009-12-18 03:19","QuorumPeer.java","73688","8230","81918"
"2009-12-15 23:23","QuorumPeer.java","73236","8052","81288"
"2013-10-21 23:36","QuorumPeer.java","132102","15336","147438"
"2019-10-10 14:37","QuorumPeer.java","261459","90102","351561"
"2013-11-07 06:41","QuorumPeer.java","132560","15363","147923"
"2017-07-27 23:09","QuorumPeer.java","164239","19927","184166"
"2014-05-18 05:49","QuorumPeer.java","140450","16780","157230"
"2011-10-25 08:09","QuorumPeer.java","108219","13679","121898"
"2014-03-25 22:13","QuorumPeer.java","136308","15494","151802"
"2011-04-12 09:14","QuorumPeer.java","100048","10971","111019"
"2011-11-01 08:15","QuorumPeer.java","108483","13754","122237"
"2011-03-16 19:49","QuorumPeer.java","141216","10666","151882"
"2018-06-26 11:18","QuorumPeer.java","172683","20151","192834"
"2018-07-27 12:32","QuorumPeer.java","180114","26364","206478"
"2019-04-18 19:17","QuorumPeer.java","240224","90103","330327"
"2011-10-27 23:25","QuorumPeer.java","108405","13705","122110"
"2011-08-30 08:37","QuorumPeer.java","106956","9530","116486"
"2011-08-30 08:29","QuorumPeer.java","106944","9530","116474"
"2010-08-18 08:24","QuorumPeer.java","108101","10069","118170"
"2013-10-09 22:21","QuorumPeer.java","131740","15337","147077"
"2016-12-20 14:47","QuorumPeer.java","165672","19195","184867"
"2011-05-20 01:17","QuorumPeer.java","100895","10999","111894"
"2010-05-05 22:32","QuorumPeer.java","87924","9587","97511"
"2017-05-11 16:59","QuorumPeer.java","164320","19889","184209"
"2014-07-03 06:01","QuorumPeer.java","142176","16796","158972"
"2014-08-14 08:08","QuorumPeer.java","148322","17043","165365"
"2014-08-01 07:38","QuorumPeer.java","147897","17039","164936"
"2009-04-24 20:26","QuorumPeer.java","27992","4101","32093"
"2014-07-20 04:50","QuorumPeer.java","147475","16995","164470"
"2016-06-02 00:59","QuorumPeer.java","159751","18707","178458"
"2020-02-16 10:25","QuorumPeer.java","268802","90558","359360"
"2018-12-20 15:13","QuorumPeer.java","62905","87732","150637"
"2019-05-16 16:25","QuorumPeer.java","81742","95340","177082"
"2019-06-14 09:06","QuorumPeer.java","85281","95680","180961"
"2018-12-07 12:41","QuorumPeer.java","58937","86750","145687"
"2019-03-11 19:47","QuorumPeer.java","76146","94545","170691"
"2019-02-13 13:12","QuorumPeer.java","75030","94481","169511"
"2019-04-12 19:01","QuorumPeer.java","78417","95007","173424"
"2018-12-09 03:16","QuorumPeer.java","61230","86969","148199"
"2019-11-29 14:49","QuorumPeer.java","122062","113902","235964"
"2018-12-15 07:34","QuorumPeer.java","61890","87714","149604"
"2018-11-27 10:02","QuorumPeer.java","58568","86631","145199"
"2019-06-03 19:40","QuorumPeer.java","82447","95513","177960"
"2019-07-15 14:15","QuorumPeer.java","95116","98094","193210"
"2019-07-03 00:44","QuorumPeer.java","86740","97124","183864"
"2019-08-17 17:13","QuorumPeer.java","111485","109882","221367"
"2019-05-15 11:56","QuorumPeer.java","81674","95317","176991"
"2019-06-05 00:33","QuorumPeer.java","82980","95656","178636"
"2019-05-20 23:13","QuorumPeer.java","81856","95381","177237"
"2019-06-04 10:55","QuorumPeer.java","82715","95628","178343"
"2019-07-12 17:01","QuorumPeer.java","95010","98094","193104"
"2020-01-09 11:27","QuorumPeer.java","124488","114782","239270"
"2019-12-17 13:48","QuorumPeer.java","122642","113910","236552"
"2020-01-23 13:43","QuorumPeer.java","126467","114937","241404"
"2018-12-06 10:56","QuorumPeer.java","58807","86676","145483"
"2019-10-10 14:37","QuorumPeer.java","116649","111293","227942"
"2019-04-18 19:17","QuorumPeer.java","79149","95029","174178"
"2020-02-16 10:25","QuorumPeer.java","127304","115061","242365"
"2019-06-26 10:57","ZooDefs.java","245350","133697","379047"
"2015-06-04 19:51","ZooDefs.java","125352","29924","155276"
"2019-08-17 17:13","ZooDefs.java","257500","133697","391197"
"2016-10-07 21:51","ZooDefs.java","132443","31964","164407"
"2010-01-26 03:03","ZooDefs.java","32894","7723","40617"
"2014-01-24 07:18","ZooDefs.java","104843","27740","132583"
"2017-07-28 00:36","ZooDefs.java","134954","33376","168330"
"2019-01-16 14:21","ZooDefs.java","233436","133653","367089"
"2019-01-07 14:24","ZooDefs.java","232286","133653","365939"
"2019-11-08 17:30","ZooDefs.java","263114","133697","396811"
"2011-08-19 00:05","ZooDefs.java","74331","21110","95441"
"2011-07-01 00:53","ZooDefs.java","72938","23017","95955"
"2019-07-31 19:06","ZooDefs.java","256807","133697","390504"
"2019-02-07 11:26","ZooDefs.java","235788","133653","369441"
"2014-04-29 02:23","ZooDefs.java","109489","29121","138610"
"2009-10-31 00:09","ZooDefs.java","18456","5674","24130"
"2019-06-26 10:57","ZooDefs.java","244142","200382","444524"
"2015-06-04 19:51","ZooDefs.java","29842","11517","41359"
"2019-08-17 17:13","ZooDefs.java","256292","200382","456674"
"2016-10-07 21:51","ZooDefs.java","40689","17313","58002"
"2017-07-28 00:36","ZooDefs.java","47591","23116","70707"
"2019-01-16 14:21","ZooDefs.java","232166","200276","432442"
"2019-01-07 14:24","ZooDefs.java","231015","200275","431290"
"2019-11-08 17:30","ZooDefs.java","261934","200410","462344"
"2019-07-31 19:06","ZooDefs.java","255599","200382","455981"
"2019-02-07 11:26","ZooDefs.java","234519","200277","434796"
"2014-04-29 02:23","ZooDefs.java","10994","7729","18723"
"2019-05-03 17:37","MBeanRegistry.java","238264","231537","469801"
"2019-08-17 17:13","MBeanRegistry.java","254163","231558","485721"
"2019-10-10 14:37","MBeanRegistry.java","257917","231559","489476"
"2019-11-21 05:58","WatchLeakTest.java","12196","9029","21225"
"2019-08-17 17:13","Leader.java","30409","25828","56237"
"2019-07-25 21:41","Leader.java","1995","931","2926"
"2019-08-03 08:42","Leader.java","7557","2268","9825"
"2019-11-29 14:49","Leader.java","45214","34076","79290"
"2020-03-25 03:38","Leader.java","53262","35896","89158"
"2019-12-27 22:33","Leader.java","47485","34226","81711"
"2019-10-10 14:37","Leader.java","36613","28279","64892"
"2018-11-17 18:33","ServerCnxn.java","224115","210148","434263"
"2019-01-14 19:38","ServerCnxn.java","231334","210150","441484"
"2019-04-12 19:01","ServerCnxn.java","237942","210243","448185"
"2018-09-18 01:00","ServerCnxn.java","140229","112356","252585"
"2019-07-08 23:26","ServerCnxn.java","244927","210259","455186"
"2016-11-16 06:21","ServerCnxn.java","25190","9032","34222"
"2019-08-17 17:13","ServerCnxn.java","256151","210259","466410"
"2019-07-03 00:44","ServerCnxn.java","244164","210259","454423"
"2015-03-28 20:08","ServerCnxn.java","8632","1670","10302"
"2015-06-28 21:09","ServerCnxn.java","12287","3625","15912"
"2018-07-12 01:33","ServerCnxn.java","48461","25662","74123"
"2018-08-08 06:21","ServerCnxn.java","108138","83371","191509"
"2017-11-28 00:10","ServerCnxn.java","35212","16335","51547"
"2019-11-18 09:05","ServerCnxn.java","260735","211699","472434"
"2020-02-26 22:41","ServerCnxn.java","268246","211700","479946"
"2018-09-28 23:38","ServerCnxn.java","143477","113030","256507"
"2019-11-11 13:59","ServerCnxn.java","263589","210287","473876"
"2019-10-10 14:37","LocalSessionRequestTest.java","3836","2946","6782"
"2019-07-31 19:06","FourLetterCommands.java","254572","224242","478814"
"2019-08-17 17:13","FourLetterCommands.java","255265","224242","479507"
"2019-08-17 17:13","Leader.java","256083","216164","472247"
"2019-06-29 00:33","Leader.java","244069","216163","460232"
"2019-06-03 19:40","Leader.java","241413","216163","457576"
"2019-07-15 14:15","Leader.java","251502","216164","467666"
"2019-07-25 21:41","Leader.java","252566","216164","468730"
"2018-05-10 06:00","Leader.java","32162","16269","48431"
"2018-07-12 01:33","Leader.java","42417","25591","68008"
"2018-02-07 01:05","Leader.java","29634","15875","45509"
"2017-11-28 00:10","Leader.java","28317","15413","43730"
"2019-06-05 00:33","Leader.java","241803","216163","457966"
"2015-04-10 22:22","Leader.java","1128","60","1188"
"2019-08-03 08:42","Leader.java","256791","216164","472955"
"2019-06-05 23:57","Leader.java","242072","216163","458235"
"2017-01-13 19:29","Leader.java","20149","8762","28911"
"2019-01-07 14:55","Leader.java","230863","216053","446916"
"2019-04-12 19:01","Leader.java","237873","216147","454020"
"2018-12-09 03:16","Leader.java","228629","216052","444681"
"2018-08-17 14:40","Leader.java","102512","83390","185902"
"2019-11-29 14:49","Leader.java","264092","217616","481708"
"2018-11-27 10:02","Leader.java","226305","216052","442357"
"2017-02-15 23:04","Leader.java","20293","11862","32155"
"2018-08-29 06:26","Leader.java","126484","107154","233638"
"2018-08-03 18:52","Leader.java","54464","36140","90604"
"2017-09-11 18:55","Leader.java","24014","14967","38981"
"2018-09-18 01:00","Leader.java","134368","112468","246836"
"2016-12-20 14:47","Leader.java","19216","8671","27887"
"2016-06-23 23:25","Leader.java","11953","6472","18425"
"2016-06-23 23:45","Leader.java","12096","6507","18603"
"2020-03-25 03:38","Leader.java","270322","217618","487940"
"2019-12-27 22:33","Leader.java","266214","217617","483831"
"2016-08-13 15:01","Leader.java","13304","7020","20324"
"2019-10-10 14:37","Leader.java","259836","216164","476000"
"2019-08-17 17:13","EventTypeTest.java","256659","175348","432007"
"2008-10-20 23:07","LearnerSyncRequest.java","14174","3021","17195"
"2019-08-17 17:13","LearnerSyncRequest.java","257710","72747","330457"
"2009-10-30 17:19","LearnerSyncRequest.java","85287","12195","97482"
"2019-11-22 23:42","ZKClientConfig.java","9571","8439","18010"
"2019-11-04 02:01","ZKClientConfig.java","3583","3038","6621"
"2020-01-30 09:43","FileSnap.java","46222","35055","81277"
"2019-08-17 17:13","FileSnap.java","25455","24762","50217"
"2019-12-03 19:12","FileSnap.java","40580","33272","73852"
"2019-12-27 22:33","FileSnap.java","42830","33459","76289"
"2019-10-10 14:37","FileSnap.java","31893","27447","59340"
"2020-01-28 17:26","FileSnap.java","46122","35031","81153"
"2019-08-17 17:13","SyncCallTest.java","45184","29686","74870"
"2019-09-18 11:20","SyncCallTest.java","49852","31442","81294"
"2019-10-10 14:37","SyncCallTest.java","51320","32069","83389"
"2019-09-11 10:27","PrepRequestProcessorTest.java","747","310","1057"
"2019-12-27 22:33","PrepRequestProcessorTest.java","16376","8617","24993"
"2019-08-17 17:13","WatchLeakTest.java","256072","217720","473792"
"2019-05-20 17:18","WatchLeakTest.java","240845","217702","458547"
"2019-11-21 05:58","WatchLeakTest.java","260695","219176","479871"
"2015-07-07 07:11","WatchLeakTest.java","2863","1563","4426"
"2018-09-15 00:08","ZooKeeperServer.java","151520","112138","263658"
"2019-04-12 19:01","ZooKeeperServer.java","238151","198290","436441"
"2019-07-31 19:06","ZooKeeperServer.java","255667","198306","453973"
"2019-09-11 10:27","ZooKeeperServer.java","257716","198306","456022"
"2019-01-14 19:38","ZooKeeperServer.java","231553","198207","429760"
"2019-01-07 15:34","ZooKeeperServer.java","231154","198207","429361"
"2018-11-21 17:56","ZooKeeperServer.java","224349","198205","422554"
"2017-04-28 07:14","ZooKeeperServer.java","48346","20882","69228"
"2017-02-12 00:12","ZooKeeperServer.java","47368","20803","68171"
"2014-07-18 02:19","ZooKeeperServer.java","21633","9471","31104"
"2019-02-13 13:12","ZooKeeperServer.java","235227","198227","433454"
"2016-11-24 17:18","ZooKeeperServer.java","46434","18093","64527"
"2018-07-19 05:59","ZooKeeperServer.java","78306","42857","121163"
"2018-09-18 01:00","ZooKeeperServer.java","152233","112198","264431"
"2019-03-04 08:07","ZooKeeperServer.java","235803","198226","434029"
"2019-07-08 23:26","ZooKeeperServer.java","245136","198306","443442"
"2019-01-23 14:00","ZooKeeperServer.java","232989","198208","431197"
"2019-02-13 13:19","ZooKeeperServer.java","235513","198227","433740"
"2019-05-14 17:11","ZooKeeperServer.java","241011","198290","439301"
"2015-07-10 08:19","ZooKeeperServer.java","33883","12734","46617"
"2019-06-04 10:55","ZooKeeperServer.java","241844","198306","440150"
"2019-04-09 15:35","ZooKeeperServer.java","237138","198227","435365"
"2019-08-03 08:42","ZooKeeperServer.java","257068","198306","455374"
"2019-05-15 11:56","ZooKeeperServer.java","241098","198290","439388"
"2019-05-22 11:39","ZooKeeperServer.java","241544","198290","439834"
"2019-04-22 19:15","ZooKeeperServer.java","239126","198290","437416"
"2018-02-23 23:49","ZooKeeperServer.java","56445","24207","80652"
"2016-11-16 06:21","ZooKeeperServer.java","45843","17523","63366"
"2017-08-18 06:32","ZooKeeperServer.java","50187","23183","73370"
"2017-06-26 00:16","ZooKeeperServer.java","49066","22070","71136"
"2019-09-10 04:26","ZooKeeperServer.java","257405","198306","455711"
"2019-08-17 17:13","ZooKeeperServer.java","256360","198306","454666"
"2019-09-05 23:12","ZooKeeperServer.java","257279","198306","455585"
"2019-09-10 15:21","ZooKeeperServer.java","257403","198306","455709"
"2019-08-01 07:31","ZooKeeperServer.java","257031","198306","455337"
"2019-08-01 07:28","ZooKeeperServer.java","256541","198306","454847"
"2019-06-03 19:40","ZooKeeperServer.java","241691","198306","439997"
"2015-03-17 18:06","ZooKeeperServer.java","28982","10847","39829"
"2019-11-23 17:08","ZooKeeperServer.java","262410","199655","462065"
"2019-10-09 16:49","ZooKeeperServer.java","259946","198306","458252"
"2019-07-03 00:44","ZooKeeperServer.java","244373","198306","442679"
"2018-01-19 01:12","ZooKeeperServer.java","55316","24120","79436"
"2019-07-24 18:00","ZooKeeperServer.java","252815","198306","451121"
"2018-08-08 06:21","ZooKeeperServer.java","122531","85602","208133"
"2018-05-09 23:57","ZooKeeperServer.java","58105","24362","82467"
"2019-12-27 22:33","ZooKeeperServer.java","266387","199655","466042"
"2016-08-13 15:01","ZooKeeperServer.java","41308","16889","58197"
"2018-09-11 00:17","ZooKeeperServer.java","149954","112121","262075"
"2019-11-18 09:05","ZooKeeperServer.java","260853","199655","460508"
"2019-10-10 14:37","ZooKeeperServer.java","260113","198306","458419"
"2019-09-16 23:26","ZooKeeperServer.java","259379","198306","457685"
"2017-06-23 18:39","ZooKeeperServer.java","49020","22004","71024"
"2019-12-03 10:01","ZooKeeperServer.java","264312","199655","463967"
"2020-03-25 03:38","ZooKeeperServer.java","270494","199655","470149"
"2019-11-28 12:24","ZooKeeperServer.java","262615","199655","462270"
"2019-11-06 15:21","ZooKeeperServer.java","260357","198334","458691"
"2020-04-12 11:14","ZooKeeperServer.java","271247","199655","470902"
"2015-03-08 23:07","ZooKeeperServer.java","27801","10714","38515"
"2018-06-08 16:52","ZooKeeperServer.java","58978","24486","83464"
"2018-06-15 07:41","ZooKeeperServer.java","58987","24492","83479"
"2018-07-28 04:37","ZooKeeperServer.java","78955","42930","121885"
"2019-04-18 19:17","ZooKeeperServer.java","238861","198290","437151"
"2014-03-25 22:13","ZooKeeperServer.java","3588","571","4159"
"2015-03-17 18:06","NIOServerCnxnFactory.java","41264","11949","53213"
"2019-07-03 00:44","NIOServerCnxnFactory.java","244420","187173","431593"
"2019-08-17 17:13","NIOServerCnxnFactory.java","256407","187173","443580"
"2019-08-03 08:42","NIOServerCnxnFactory.java","257115","187173","444288"
"2019-04-22 19:15","NIOServerCnxnFactory.java","239173","187157","426330"
"2014-09-28 19:15","NIOServerCnxnFactory.java","37370","11430","48800"
"2018-11-23 11:51","NIOServerCnxnFactory.java","225080","187073","412153"
"2019-02-13 13:12","NIOServerCnxnFactory.java","235274","187094","422368"
"2014-07-18 02:19","NIOServerCnxnFactory.java","34242","10900","45142"
"2013-03-07 07:01","NIOServerCnxnFactory.java","5687","1096","6783"
"2018-10-24 04:03","NIOServerCnxnFactory.java","235323","167791","403114"
"2019-04-12 19:01","NIOServerCnxnFactory.java","238198","187157","425355"
"2018-06-15 08:02","NIOServerCnxnFactory.java","69785","24107","93892"
"2016-06-23 23:45","NIOServerCnxnFactory.java","52038","17134","69172"
"2014-03-23 04:12","NIOServerCnxnFactory.java","17086","3125","20211"
"2019-10-10 14:37","NIOServerCnxnFactory.java","260160","187173","447333"
"2019-11-14 03:54","NIOServerCnxnFactory.java","264444","187201","451645"
"2008-10-08 20:00","Vote.java","16397","2189","18586"
"2019-08-17 17:13","Vote.java","257710","59505","317215"
"2011-06-14 07:14","Vote.java","134498","12870","147368"
"2014-07-08 05:25","Vote.java","167452","18555","186007"
"2018-12-06 10:56","Vote.java","228210","59477","287687"
"2011-06-17 01:34","Vote.java","134601","12902","147503"
"2011-04-12 09:14","Vote.java","132504","12826","145330"
"2019-07-25 21:41","LeaderBean.java","251330","231754","483084"
"2019-08-17 17:13","LeaderBean.java","254847","231754","486601"
"2019-01-07 14:55","LeaderBean.java","229589","231605","461194"
"2018-08-17 14:40","LeaderBean.java","60724","58428","119152"
"2019-08-17 17:13","DataNode.java","255827","223293","479120"
"2019-01-07 14:24","DataNode.java","230538","223174","453712"
"2017-02-05 07:22","DataNode.java","5597","1337","6934"
"2019-07-31 19:06","DataNode.java","255134","223293","478427"
"2019-12-27 22:33","DataNode.java","266092","224880","490972"
"2019-05-14 17:11","SyncRequestProcessor.java","242509","57679","300188"
"2008-09-04 19:02","SyncRequestProcessor.java","851","396","1247"
"2010-03-14 05:01","SyncRequestProcessor.java","122286","11401","133687"
"2019-06-05 00:46","SyncRequestProcessor.java","243702","57679","301381"
"2019-05-22 11:39","SyncRequestProcessor.java","243042","57679","300721"
"2009-02-20 01:23","SyncRequestProcessor.java","54394","8209","62603"
"2009-01-16 00:48","SyncRequestProcessor.java","40033","7455","47488"
"2013-09-30 22:20","SyncRequestProcessor.java","155069","16913","171982"
"2019-06-03 19:40","SyncRequestProcessor.java","243173","57679","300852"
"2019-08-17 17:13","SyncRequestProcessor.java","257842","57679","315521"
"2009-06-18 18:37","SyncRequestProcessor.java","85872","9216","95088"
"2009-11-07 08:16","SyncRequestProcessor.java","100274","10703","110977"
"2019-10-10 14:37","SyncRequestProcessor.java","261595","57679","319274"
"2013-10-24 20:41","SyncRequestProcessor.java","158612","16942","175554"
"2020-01-07 20:39","SyncRequestProcessor.java","267216","58000","325216"
"2020-03-25 03:38","SyncRequestProcessor.java","270948","58000","328948"
"2010-08-18 08:24","SyncRequestProcessor.java","142742","12151","154893"
"2015-03-08 23:07","SyncRequestProcessor.java","177924","18477","196401"
"2008-10-01 08:26","SyncRequestProcessor.java","17140","2205","19345"
"2011-04-12 09:14","SyncRequestProcessor.java","134347","12711","147058"
"2019-04-30 18:08","SyncRequestProcessor.java","241678","57679","299357"
"2020-03-19 17:09","MultipleAddressesTest.java","4181","2119","6300"
"2020-03-12 14:47","CnxManagerTest.java","66016","39404","105420"
"2019-08-17 17:13","CnxManagerTest.java","44192","29523","73715"
"2019-07-12 17:01","CnxManagerTest.java","14715","4733","19448"
"2019-08-06 12:52","CnxManagerTest.java","22609","6967","29576"
"2019-06-14 09:06","CnxManagerTest.java","3563","896","4459"
"2019-11-29 14:49","CnxManagerTest.java","58918","37692","96610"
"2020-02-16 10:25","CnxManagerTest.java","64622","39313","103935"
"2019-10-10 14:37","CnxManagerTest.java","50347","31925","82272"
"2019-11-29 14:49","QuorumPeer.java","55762","37203","92965"
"2019-07-15 14:15","QuorumPeer.java","11274","3853","15127"
"2019-07-03 00:44","QuorumPeer.java","2825","2810","5635"
"2019-08-17 17:13","QuorumPeer.java","41005","29003","70008"
"2019-07-12 17:01","QuorumPeer.java","11168","3853","15021"
"2020-01-09 11:27","QuorumPeer.java","58384","38279","96663"
"2019-12-17 13:48","QuorumPeer.java","56383","37252","93635"
"2020-01-23 13:43","QuorumPeer.java","60626","38697","99323"
"2019-10-10 14:37","QuorumPeer.java","47176","31421","78597"
"2020-02-16 10:25","QuorumPeer.java","61475","38833","100308"
"2019-08-17 17:13","ZooKeeperTestClient.java","257500","142084","399584"
"2015-02-06 06:17","ZooKeeperTestClient.java","117513","32042","149555"
"2010-03-31 06:26","ZooKeeperTestClient.java","40968","14591","55559"
"2009-10-31 00:09","ZooKeeperTestClient.java","7301","2906","10207"
"2019-08-17 17:13","ConnectStringParserTest.java","112838","108278","221116"
"2018-09-07 02:49","ClientBase.java","113974","102904","216878"
"2019-07-31 19:06","ClientBase.java","254557","223920","478477"
"2017-09-11 18:55","ClientBase.java","2591","2133","4724"
"2019-08-17 17:13","ClientBase.java","255250","223920","479170"
"2019-06-07 14:13","ClientBase.java","241353","223919","465272"
"2018-04-24 00:20","ClientBase.java","9624","3390","13014"
"2018-08-08 06:21","ClientBase.java","82772","72567","155339"
"2018-05-09 23:57","ClientBase.java","10653","3634","14287"
"2019-06-24 11:05","ClientBase.java","242582","223919","466501"
"2019-11-14 16:44","ClientBase.java","263325","223968","487293"
"2019-10-10 14:37","ClientBase.java","259003","223920","482923"
"2019-04-12 19:01","ZooKeeperServer.java","3740","879","4619"
"2019-07-31 19:06","ZooKeeperServer.java","28368","8007","36375"
"2019-09-11 10:27","ZooKeeperServer.java","53803","31393","85196"
"2019-03-04 08:07","ZooKeeperServer.java","830","253","1083"
"2019-07-08 23:26","ZooKeeperServer.java","15096","5266","20362"
"2019-05-14 17:11","ZooKeeperServer.java","6976","1255","8231"
"2019-06-04 10:55","ZooKeeperServer.java","8296","1758","10054"
"2019-04-09 15:35","ZooKeeperServer.java","2438","527","2965"
"2019-08-03 08:42","ZooKeeperServer.java","30117","8355","38472"
"2019-05-15 11:56","ZooKeeperServer.java","7136","1328","8464"
"2019-05-22 11:39","ZooKeeperServer.java","7667","1413","9080"
"2019-04-22 19:15","ZooKeeperServer.java","4737","901","5638"
"2019-09-10 04:26","ZooKeeperServer.java","53450","31351","84801"
"2019-08-17 17:13","ZooKeeperServer.java","51153","30099","81252"
"2019-09-05 23:12","ZooKeeperServer.java","53290","31317","84607"
"2019-09-10 15:21","ZooKeeperServer.java","53458","31361","84819"
"2019-08-01 07:31","ZooKeeperServer.java","29811","8086","37897"
"2019-08-01 07:28","ZooKeeperServer.java","29249","8014","37263"
"2019-06-03 19:40","ZooKeeperServer.java","8001","1616","9617"
"2019-11-23 17:08","ZooKeeperServer.java","63233","37478","100711"
"2019-10-09 16:49","ZooKeeperServer.java","56365","31725","88090"
"2019-07-03 00:44","ZooKeeperServer.java","14265","5198","19463"
"2019-07-24 18:00","ZooKeeperServer.java","24095","6586","30681"
"2019-12-27 22:33","ZooKeeperServer.java","67661","37929","105590"
"2019-11-18 09:05","ZooKeeperServer.java","61494","37296","98790"
"2019-10-10 14:37","ZooKeeperServer.java","56995","32188","89183"
"2019-09-16 23:26","ZooKeeperServer.java","55466","31393","86859"
"2019-12-03 10:01","ZooKeeperServer.java","65463","37806","103269"
"2020-03-25 03:38","ZooKeeperServer.java","73240","39401","112641"
"2019-11-28 12:24","ZooKeeperServer.java","63493","37533","101026"
"2019-11-06 15:21","ZooKeeperServer.java","57346","32323","89669"
"2020-04-12 11:14","ZooKeeperServer.java","74582","39990","114572"
"2019-04-18 19:17","ZooKeeperServer.java","4472","901","5373"
"2019-10-10 14:37","UnifiedServerSocket.java","7470","3717","11187"
"2019-11-29 14:49","QuorumZooKeeperServer.java","16330","9773","26103"
"2020-03-25 03:38","QuorumZooKeeperServer.java","24918","12133","37051"
"2019-10-10 14:37","QuorumZooKeeperServer.java","7470","3717","11187"
"2014-08-14 14:33","QuorumPeerInstance.java","10374","2316","12690"
"2018-07-10 13:29","QuorumPeerInstance.java","55248","25907","81155"
"2018-12-20 07:24","QuorumPeerInstance.java","229546","203434","432980"
"2015-12-06 21:30","QuorumPeerInstance.java","22714","5603","28317"
"2019-07-12 17:01","QuorumPeerInstance.java","251468","203543","455011"
"2014-11-29 16:53","QuorumPeerInstance.java","13255","2576","15831"
"2014-08-14 09:32","QuorumPeerInstance.java","10374","2316","12690"
"2015-05-10 00:27","QuorumPeerInstance.java","17218","3403","20621"
"2017-09-11 18:55","QuorumPeerInstance.java","38231","16491","54722"
"2020-05-14 18:18","QuorumPeerConfigTest.java","29740","15875","45615"
"2019-08-17 17:13","Leader.java","28807","25290","54097"
"2019-08-03 08:42","Leader.java","5569","1344","6913"
"2019-11-29 14:49","Leader.java","43635","33561","77196"
"2020-03-25 03:38","Leader.java","51812","35510","87322"
"2019-12-27 22:33","Leader.java","45906","33711","79617"
"2019-10-10 14:37","Leader.java","35017","27747","62764"
"2019-04-12 19:01","WatchManager.java","237942","210243","448185"
"2017-09-11 18:55","WatchManager.java","30920","15900","46820"
"2019-03-05 00:04","WatchManager.java","235769","210169","445938"
"2019-11-08 17:30","WatchManager.java","261793","210287","472080"
"2019-08-17 17:13","WatchManager.java","256151","210259","466410"
"2018-09-28 23:38","WatchManager.java","143477","113030","256507"
"2019-09-05 23:12","PrepRequestProcessorTest.java","2357","1438","3795"
"2019-09-11 10:27","PrepRequestProcessorTest.java","3093","1737","4830"
"2019-12-27 22:33","PrepRequestProcessorTest.java","18682","10004","28686"
"2019-04-10 13:19","SnapshotFormatter.java","153547","153723","307270"
"2019-08-06 12:57","SnapshotFormatter.java","175287","155653","330940"
"2019-08-17 17:13","SnapshotFormatter.java","174230","155674","329904"
"2019-12-27 22:33","SnapshotFormatter.java","186102","158868","344970"
"2019-01-14 19:43","SnapshotFormatter.java","147455","153377","300832"
"2019-11-28 12:24","SnapshotFormatter.java","182317","158855","341172"
"2019-08-17 17:13","QuorumTest.java","254847","231598","486445"
"2019-10-10 14:37","QuorumTest.java","258601","231599","490200"
"2019-09-18 11:20","QuorumTest.java","257760","231599","489359"
"2019-12-28 16:17","QuorumTest.java","265370","233536","498906"
"2019-08-17 17:13","TestableZooKeeper.java","255292","225011","480303"
"2019-03-06 03:32","TestableZooKeeper.java","234981","224915","459896"
"2018-04-25 01:41","TestableZooKeeper.java","14215","9017","23232"
"2020-05-17 15:13","TestableZooKeeper.java","270935","226709","497644"
"2019-09-18 11:20","WatcherTest.java","5204","2292","7496"
"2019-02-06 09:46","ZooKeeper.java","232836","224437","457273"
"2019-01-16 14:21","ZooKeeper.java","231112","224436","455548"
"2019-11-08 17:30","ZooKeeper.java","260912","224602","485514"
"2019-02-07 11:26","ZooKeeper.java","233465","224437","457902"
"2017-05-01 17:19","ZooKeeper.java","145","18","163"
"2019-08-17 17:13","ZooKeeper.java","255250","224554","479804"
"2019-06-26 10:57","ZooKeeper.java","243099","224553","467652"
"2019-06-03 19:40","ZooKeeper.java","240580","224553","465133"
"2018-05-09 23:57","ZooKeeper.java","10932","4547","15479"
"2019-08-03 08:42","ZooKeeper.java","255958","224554","480512"
"2017-07-28 00:36","ZooKeeper.java","2083","2822","4905"
"2017-08-18 23:35","ZooKeeper.java","2672","2926","5598"
"2017-07-04 07:56","ZooKeeper.java","1136","1265","2401"
"2020-04-16 12:50","ZooKeeper.java","270512","226242","496754"
"2018-07-27 05:16","ZooKeeper.java","33986","25583","59569"
"2019-10-10 14:37","ZooKeeper.java","259003","224554","483557"
"2019-02-11 12:34","ZooKeeper.java","233828","224437","458265"
"2020-05-17 15:13","ZooKeeper.java","270915","226274","497189"
"2019-03-12 19:08","ZooKeeper.java","235277","224458","459735"
"2016-05-02 18:15","ClientCnxn.java","12520","6484","19004"
"2019-08-17 17:13","ClientCnxn.java","256104","214768","470872"
"2015-05-10 00:27","ClientCnxn.java","3212","673","3885"
"2017-12-19 19:27","ClientCnxn.java","30347","15982","46329"
"2019-01-31 15:50","ClientCnxn.java","233662","214659","448321"
"2019-04-09 15:35","ClientCnxn.java","236873","214680","451553"
"2019-11-08 17:30","ClientCnxn.java","261747","214797","476544"
"2017-06-08 17:59","ClientCnxn.java","23307","13232","36539"
"2019-01-16 14:21","ClientCnxn.java","231975","214659","446634"
"2019-01-07 14:24","ClientCnxn.java","230824","214658","445482"
"2019-03-06 03:32","ClientCnxn.java","235799","214678","450477"
"2015-02-06 06:17","ClientCnxn.java","310","115","425"
"2019-02-07 11:26","ClientCnxn.java","234328","214660","448988"
"2018-11-05 19:40","ClientCnxn.java","233651","193829","427480"
"2020-05-17 15:13","ClientCnxn.java","271525","216244","487769"
"2018-06-25 12:30","ClientCnxn.java","34428","16537","50965"
"2020-03-03 03:12","ClientCnxn.java","269287","216216","485503"
"2018-09-10 11:44","ClientCnxn.java","133531","112455","245986"
"2015-06-13 02:42","ClientCnxn.java","5672","1671","7343"
"2015-11-09 00:05","ClientCnxn.java","8538","3045","11583"
"2015-12-06 19:58","ClientCnxn.java","8968","3170","12138"
"2020-01-21 17:53","ClientCnxn.java","265548","216216","481764"
"2015-12-05 22:43","ClientCnxn.java","8965","3170","12135"
"2015-12-05 22:32","ClientCnxn.java","8959","3169","12128"
"2019-10-10 14:37","ClientCnxn.java","259857","214768","474625"
"2019-11-21 05:58","ClientCnxn.java","260717","216214","476931"
"2020-04-16 12:50","ClientCnxn.java","271126","216216","487342"
"2018-07-27 05:16","ClientCnxn.java","55110","36067","91177"
"2019-10-10 14:37","ZooKeeperServerStartupTest.java","259029","226180","485209"
"2018-02-07 01:05","ZooKeeperServerStartupTest.java","10934","7998","18932"
"2019-06-03 19:40","ZooKeeperServerStartupTest.java","240606","226179","466785"
"2019-08-17 17:13","ZooKeeperServerStartupTest.java","255276","226180","481456"
"2016-08-24 01:36","RestoreCommittedLogTest.java","69688","23779","93467"
"2013-12-21 22:05","RestoreCommittedLogTest.java","33206","11175","44381"
"2019-05-20 12:24","RestoreCommittedLogTest.java","241547","176967","418514"
"2019-04-09 15:35","RestoreCommittedLogTest.java","237550","176917","414467"
"2019-08-17 17:13","RestoreCommittedLogTest.java","256742","176966","433708"
"2015-11-21 22:18","RestoreCommittedLogTest.java","64657","20445","85102"
"2019-05-14 17:11","RestoreCommittedLogTest.java","241410","176967","418377"
"2019-08-17 17:13","MetricsContext.java","43884","29368","73252"
"2020-04-16 12:50","ZooKeeper.java","18730","10770","29500"
"2020-05-17 15:13","ZooKeeper.java","22782","14451","37233"
"2019-08-17 17:13","NopCommand.java","255265","224242","479507"
"2019-10-10 14:37","ClientTest.java","261237","144483","405720"
"2019-12-28 16:17","ClientTest.java","266715","145129","411844"
"2009-10-31 00:09","ClientTest.java","3588","1608","5196"
"2009-11-07 01:48","ClientTest.java","4287","1902","6189"
"2010-01-05 18:32","ClientTest.java","15420","4390","19810"
"2010-03-09 03:09","ClientTest.java","35034","12296","47330"
"2014-07-25 01:31","ClientTest.java","111099","31925","143024"
"2017-01-09 22:49","ClientTest.java","130264","34647","164911"
"2010-09-15 07:51","ClientTest.java","89104","17505","106609"
"2011-04-12 09:14","ClientTest.java","56963","22489","79452"
"2014-07-08 20:18","ClientTest.java","106571","31784","138355"
"2017-05-01 17:19","ClientTest.java","129348","35587","164935"
"2018-11-22 17:56","ClientTest.java","226137","144439","370576"
"2013-01-25 02:17","ClientTest.java","84338","29050","113388"
"2017-06-30 22:43","ClientTest.java","129256","35974","165230"
"2019-03-06 03:32","ClientTest.java","237233","144447","381680"
"2012-12-11 08:42","ClientTest.java","81646","28618","110264"
"2012-10-31 19:38","ClientTest.java","78213","28012","106225"
"2019-08-17 17:13","ClientTest.java","257484","144483","401967"
"2016-11-24 17:18","CGenerator.java","115281","34261","149542"
"2017-09-11 18:55","CGenerator.java","115800","35939","151739"
"2019-07-29 17:15","CGenerator.java","254633","157929","412562"
"2019-08-17 17:13","SledgeHammer.java","254163","232674","486837"
"2019-08-17 17:13","LearnerHandlerTest.java","45395","29708","75103"
"2019-05-20 17:18","LearnerHandlerTest.java","705","227","932"
"2019-07-03 20:54","LearnerHandlerTest.java","7839","4158","11997"
"2016-11-24 17:18","QuorumHierarchical.java","54068","19138","73206"
"2018-11-17 18:37","QuorumHierarchical.java","224380","191662","416042"
"2019-08-03 08:42","QuorumHierarchical.java","257114","191763","448877"
"2019-08-17 17:13","QuorumHierarchical.java","256406","191763","448169"
"2019-10-10 14:37","QuorumHierarchical.java","260159","191763","451922"
"2020-01-23 13:43","QuorumPeerMain.java","14381","8207","22588"
"2019-11-28 12:24","QuorumPeerMain.java","6767","5614","12381"
"2020-02-16 10:25","QuorumPeerMain.java","16868","9981","26849"
"2019-11-11 13:59","QuorumPeerMain.java","3880","223","4103"
"2020-05-17 15:13","ClientRequestTimeoutTest.java","30333","16388","46721"
"2019-10-10 14:37","FLETest.java","260159","191801","451960"
"2013-10-21 23:36","FLETest.java","7047","1527","8574"
"2013-10-02 20:19","FLETest.java","3591","1182","4773"
"2014-06-25 15:04","FLETest.java","23072","9662","32734"
"2016-06-02 00:59","FLETest.java","47235","17437","64672"
"2017-09-11 18:55","FLETest.java","57829","24096","81925"
"2019-08-17 17:13","FLETest.java","256406","191801","448207"
"2019-10-10 14:37","ServerCnxnTest.java","7470","3717","11187"
"2015-07-07 07:11","ZooKeeperThreadTest.java","30631","12410","43041"
"2015-03-08 23:07","ZooKeeperThreadTest.java","24675","10369","35044"
"2019-08-17 17:13","ZooKeeperThreadTest.java","256291","201018","457309"
"2019-04-18 19:17","ZooKeeperServerMain.java","237328","231249","468577"
"2019-11-11 13:59","ZooKeeperServerMain.java","262307","231335","493642"
"2019-11-28 12:24","ZooKeeperServerMain.java","261690","233222","494912"
"2019-11-25 15:37","ZooKeeperServerMain.java","261592","233222","494814"
"2019-08-17 17:13","ZooKeeperServerMain.java","254848","231286","486134"
"2019-04-12 19:01","ZooKeeperServerMain.java","236618","231249","467867"
"2018-09-11 15:23","ZooKeeperServerMain.java","104803","100515","205318"
"2019-11-08 17:30","FinalRequestProcessor.java","46194","29356","75550"
"2019-09-10 04:26","FinalRequestProcessor.java","40343","28074","68417"
"2019-08-17 17:13","FinalRequestProcessor.java","37963","26739","64702"
"2019-08-01 07:28","FinalRequestProcessor.java","14267","2862","17129"
"2019-08-06 17:11","FinalRequestProcessor.java","15624","3299","18923"
"2020-03-25 03:38","FinalRequestProcessor.java","60801","36792","97593"
"2019-09-16 23:26","FinalRequestProcessor.java","42576","28333","70909"
"2019-10-10 14:37","FinalRequestProcessor.java","44159","29182","73341"
"2019-11-21 05:58","FinalRequestProcessor.java","48823","34432","83255"
"2019-11-18 09:05","FinalRequestProcessor.java","48790","34422","83212"
"2019-11-11 13:59","FinalRequestProcessor.java","48022","29388","77410"
"2020-03-26 22:12","FinalRequestProcessor.java","60856","36845","97701"
"2019-10-10 14:37","SaslAuthMissingClientConfigTest.java","7470","3717","11187"
"2019-08-17 17:13","QuorumMaj.java","255186","224314","479500"
"2019-10-10 14:37","InvalidSnapshotTest.java","259640","222020","481660"
"2019-08-17 17:13","InvalidSnapshotTest.java","255887","222020","477907"
"2019-07-03 00:44","NIOServerCnxnFactory.java","244095","216163","460258"
"2019-08-17 17:13","NIOServerCnxnFactory.java","256083","216164","472247"
"2019-08-03 08:42","NIOServerCnxnFactory.java","256791","216164","472955"
"2019-04-22 19:15","NIOServerCnxnFactory.java","238848","216147","454995"
"2018-11-23 11:51","NIOServerCnxnFactory.java","224744","216052","440796"
"2019-02-13 13:12","NIOServerCnxnFactory.java","234939","216074","451013"
"2018-10-24 04:03","NIOServerCnxnFactory.java","233441","195224","428665"
"2019-04-12 19:01","NIOServerCnxnFactory.java","237873","216147","454020"
"2018-06-15 08:02","NIOServerCnxnFactory.java","32710","16347","49057"
"2016-06-23 23:45","NIOServerCnxnFactory.java","12096","6507","18603"
"2019-10-10 14:37","NIOServerCnxnFactory.java","259836","216164","476000"
"2019-11-14 03:54","NIOServerCnxnFactory.java","264121","216193","480314"
"2019-08-03 08:42","QuorumHierarchical.java","49229","16596","65825"
"2019-08-17 17:13","QuorumHierarchical.java","68626","36701","105327"
"2019-10-10 14:37","QuorumHierarchical.java","74352","38674","113026"
"2019-08-17 17:13","ZooKeeperQuotaTest.java","257687","102765","360452"
"2019-06-07 14:13","ZooKeeperQuotaTest.java","243791","102765","346556"
"2011-06-25 08:13","ZooKeeperQuotaTest.java","96654","18127","114781"
"2009-07-31 21:07","ZooKeeperQuotaTest.java","45819","6268","52087"
"2019-07-17 13:42","ZooKeeperQuotaTest.java","253451","102765","356216"
"2010-03-31 06:26","ZooKeeperQuotaTest.java","79617","13734","93351"
"2019-06-26 10:57","PrepRequestProcessorTest.java","200777","191802","392579"
"2019-09-05 23:12","PrepRequestProcessorTest.java","213848","191804","405652"
"2019-08-17 17:13","PrepRequestProcessorTest.java","212928","191803","404731"
"2019-09-11 10:27","PrepRequestProcessorTest.java","214285","191804","406089"
"2018-09-18 01:00","PrepRequestProcessorTest.java","44209","41103","85312"
"2019-12-27 22:33","PrepRequestProcessorTest.java","223564","193761","417325"
"2019-08-17 17:13","ClientCnxn.java","255887","220587","476474"
"2017-12-19 19:27","ClientCnxn.java","18660","10331","28991"
"2019-01-31 15:50","ClientCnxn.java","233436","220469","453905"
"2019-04-09 15:35","ClientCnxn.java","236650","220493","457143"
"2019-11-08 17:30","ClientCnxn.java","261549","220635","482184"
"2017-06-08 17:59","ClientCnxn.java","11542","7503","19045"
"2019-01-16 14:21","ClientCnxn.java","231749","220469","452218"
"2019-01-07 14:24","ClientCnxn.java","230598","220468","451066"
"2019-03-06 03:32","ClientCnxn.java","235576","220491","456067"
"2019-02-07 11:26","ClientCnxn.java","234102","220470","454572"
"2018-11-05 19:40","ClientCnxn.java","232930","199144","432074"
"2020-05-17 15:13","ClientCnxn.java","271444","222199","493643"
"2018-06-25 12:30","ClientCnxn.java","22766","10911","33677"
"2020-03-03 03:12","ClientCnxn.java","269202","222167","491369"
"2018-09-10 11:44","ClientCnxn.java","123464","108424","231888"
"2020-01-21 17:53","ClientCnxn.java","265463","222167","487630"
"2019-10-10 14:37","ClientCnxn.java","259640","220587","480227"
"2019-11-21 05:58","ClientCnxn.java","260632","222165","482797"
"2020-04-16 12:50","ClientCnxn.java","271041","222167","493208"
"2018-07-27 05:16","ClientCnxn.java","44217","31210","75427"
"2019-11-29 14:49","LocalPeerBean.java","76328","43341","119669"
"2019-08-17 17:13","LocalPeerBean.java","62348","35918","98266"
"2019-11-14 03:54","LocalPeerBean.java","72531","38092","110623"
"2011-04-12 09:14","TransactionEntry.java","14937","15099","30036"
"2019-11-29 14:49","RemotePeerBean.java","16330","9773","26103"
"2019-08-17 17:13","FollowerZooKeeperServer.java","44192","29523","73715"
"2019-06-04 10:55","FollowerZooKeeperServer.java","386","233","619"
"2019-11-28 12:24","FollowerZooKeeperServer.java","56986","37411","94397"
"2019-12-27 22:33","FollowerZooKeeperServer.java","61187","37840","99027"
"2019-11-08 17:30","Request.java","61814","32180","93994"
"2019-04-25 02:11","Request.java","9101","1361","10462"
"2019-07-08 23:26","Request.java","18441","5645","24086"
"2019-02-07 11:26","Request.java","2688","336","3024"
"2019-08-06 17:11","Request.java","33868","8747","42615"
"2019-08-01 07:28","Request.java","32590","8389","40979"
"2019-06-26 10:57","Request.java","17279","5409","22688"
"2019-08-17 17:13","Request.java","54043","30023","84066"
"2019-04-17 14:16","Request.java","7422","1330","8752"
"2019-05-03 00:44","Request.java","9525","1508","11033"
"2019-06-05 00:46","Request.java","12098","2218","14316"
"2019-05-10 12:22","Request.java","10185","1658","11843"
"2020-03-25 03:38","Request.java","75922","39117","115039"
"2019-09-20 10:06","Request.java","58425","31542","89967"
"2019-09-16 23:26","Request.java","58300","31261","89561"
"2019-12-27 22:33","Request.java","70386","37688","108074"
"2019-11-11 13:59","Request.java","63641","32211","95852"
"2020-05-05 21:20","Request.java","80375","42539","122914"
"2011-11-02 22:53","ClientCnxnSocketNIO.java","1810","3160","4970"
"2019-10-10 14:37","ClientCnxnSocketNIO.java","260495","177213","437708"
"2012-10-31 18:24","ClientCnxnSocketNIO.java","12951","7567","20518"
"2014-12-20 15:29","ClientCnxnSocketNIO.java","56793","18611","75404"
"2019-04-09 15:35","ClientCnxnSocketNIO.java","237550","177164","414714"
"2019-08-03 08:42","ClientCnxnSocketNIO.java","257450","177213","434663"
"2014-07-17 22:56","ClientCnxnSocketNIO.java","48882","18012","66894"
"2019-08-17 17:13","ClientCnxnSocketNIO.java","256742","177213","433955"
"2016-05-02 18:15","ClientCnxnSocketNIO.java","67451","23222","90673"
"2018-11-22 17:56","ClientCnxnSocketNIO.java","225378","177152","402530"
"2012-09-09 20:24","ClientCnxnSocketNIO.java","12752","7551","20303"
"2011-09-28 16:46","ClientCnxnSocketNIO.java","15775","4908","20683"
"2011-09-28 22:17","ClientCnxnSocketNIO.java","15793","4916","20709"
"2011-11-02 22:53","ClientCnxnSocketNIO.java","16489","6972","23461"
"2019-10-10 14:37","ClientCnxnSocketNIO.java","260663","179202","439865"
"2011-07-15 06:10","ClientCnxnSocketNIO.java","6828","1309","8137"
"2012-10-31 18:24","ClientCnxnSocketNIO.java","27055","10804","37859"
"2014-12-20 15:29","ClientCnxnSocketNIO.java","69852","20803","90655"
"2019-04-09 15:35","ClientCnxnSocketNIO.java","237716","179151","416867"
"2019-08-03 08:42","ClientCnxnSocketNIO.java","257618","179202","436820"
"2014-07-17 22:56","ClientCnxnSocketNIO.java","62033","20296","82329"
"2019-08-17 17:13","ClientCnxnSocketNIO.java","256910","179202","436112"
"2016-05-02 18:15","ClientCnxnSocketNIO.java","79151","24055","103206"
"2018-11-22 17:56","ClientCnxnSocketNIO.java","225541","179136","404677"
"2012-09-09 20:24","ClientCnxnSocketNIO.java","26862","10794","37656"
"2015-10-18 19:00","QuorumPeer.java","172365","19938","192303"
"2018-12-20 15:13","QuorumPeer.java","231252","72555","303807"
"2019-05-16 16:25","QuorumPeer.java","242509","72583","315092"
"2009-01-15 23:57","QuorumPeer.java","26011","8488","34499"
"2018-10-16 16:22","QuorumPeer.java","248731","61749","310480"
"2019-06-14 09:06","QuorumPeer.java","245708","72583","318291"
"2010-03-16 23:25","QuorumPeer.java","109433","13558","122991"
"2008-10-03 15:06","QuorumPeer.java","1295","1131","2426"
"2018-12-07 12:41","QuorumPeer.java","228266","72555","300821"
"2012-04-23 01:20","QuorumPeer.java","129378","17274","146652"
"2012-07-17 23:19","QuorumPeer.java","130163","17287","147450"
"2019-03-11 19:47","QuorumPeer.java","237686","72561","310247"
"2012-02-27 03:41","QuorumPeer.java","127148","17129","144277"
"2014-07-18 02:19","QuorumPeer.java","162455","19762","182217"
"2019-02-13 13:12","QuorumPeer.java","236635","72562","309197"
"2011-04-29 18:12","QuorumPeer.java","122183","15248","137431"
"2019-04-12 19:01","QuorumPeer.java","239517","72583","312100"
"2018-12-09 03:16","QuorumPeer.java","230340","72555","302895"
"2018-09-11 15:23","QuorumPeer.java","218324","49013","267337"
"2019-11-29 14:49","QuorumPeer.java","264720","73036","337756"
"2013-03-07 07:01","QuorumPeer.java","142107","18165","160272"
"2018-12-15 07:34","QuorumPeer.java","230255","72555","302810"
"2018-11-27 10:02","QuorumPeer.java","228016","72555","300571"
"2018-09-18 01:00","QuorumPeer.java","219618","49052","268670"
"2009-11-18 18:47","QuorumPeer.java","92632","12837","105469"
"2012-02-06 09:40","QuorumPeer.java","126838","17060","143898"
"2019-06-03 19:40","QuorumPeer.java","243041","72583","315624"
"2019-07-15 14:15","QuorumPeer.java","253129","72583","325712"
"2015-03-17 18:06","QuorumPeer.java","168544","19878","188422"
"2019-07-03 00:44","QuorumPeer.java","245723","72583","318306"
"2009-06-18 18:37","QuorumPeer.java","72522","10902","83424"
"2019-08-17 17:13","QuorumPeer.java","257710","72583","330293"
"2015-06-27 02:03","QuorumPeer.java","171282","19927","191209"
"2009-11-18 20:06","QuorumPeer.java","94982","12853","107835"
"2017-11-28 00:10","QuorumPeer.java","182395","20825","203220"
"2014-01-21 04:50","QuorumPeer.java","149371","18279","167650"
"2014-06-04 22:07","QuorumPeer.java","156545","19652","176197"
"2018-01-30 08:02","QuorumPeer.java","182581","20858","203439"
"2019-05-15 11:56","QuorumPeer.java","242464","72583","315047"
"2019-06-05 00:33","QuorumPeer.java","243431","72583","316014"
"2009-02-06 22:19","QuorumPeer.java","40577","9568","50145"
"2019-05-20 23:13","QuorumPeer.java","242582","72583","315165"
"2019-06-04 10:55","QuorumPeer.java","243194","72583","315777"
"2019-07-12 17:01","QuorumPeer.java","253023","72583","325606"
"2020-01-09 11:27","QuorumPeer.java","266266","73036","339302"
"2017-02-09 11:40","QuorumPeer.java","180765","20419","201184"
"2011-06-14 07:14","QuorumPeer.java","123822","15272","139094"
"2009-04-17 00:59","QuorumPeer.java","43024","10212","53236"
"2008-12-09 06:14","QuorumPeer.java","21707","4446","26153"
"2017-07-06 18:48","QuorumPeer.java","178805","20773","199578"
"2018-10-01 06:11","QuorumPeer.java","222288","49143","271431"
"2015-04-09 20:16","QuorumPeer.java","169609","19880","189489"
"2013-10-07 21:08","QuorumPeer.java","144998","18240","163238"
"2013-09-30 22:20","QuorumPeer.java","144565","18238","162803"
"2018-07-04 17:11","QuorumPeer.java","189161","23877","213038"
"2019-12-17 13:48","QuorumPeer.java","265292","73036","338328"
"2015-12-07 05:59","QuorumPeer.java","173130","19945","193075"
"2020-01-23 13:43","QuorumPeer.java","268090","73036","341126"
"2016-06-23 23:45","QuorumPeer.java","174253","19998","194251"
"2011-05-03 19:57","QuorumPeer.java","122188","15249","137437"
"2016-06-23 23:25","QuorumPeer.java","174145","19998","194143"
"2010-03-09 05:44","QuorumPeer.java","108577","13477","122054"
"2010-03-12 19:26","QuorumPeer.java","109372","13542","122914"
"2014-03-23 04:12","QuorumPeer.java","151692","18380","170072"
"2013-09-26 00:13","QuorumPeer.java","144318","18235","162553"
"2011-06-17 01:34","QuorumPeer.java","123927","15306","139233"
"2011-06-14 14:11","QuorumPeer.java","123849","15272","139121"
"2010-03-10 02:27","QuorumPeer.java","108794","13480","122274"
"2010-03-10 19:52","QuorumPeer.java","108884","13484","122368"
"2014-07-18 20:48","QuorumPeer.java","162917","19765","182682"
"2014-07-04 04:19","QuorumPeer.java","158195","19659","177854"
"2018-12-06 10:56","QuorumPeer.java","228210","72555","300765"
"2014-06-25 15:04","QuorumPeer.java","157044","19654","176698"
"2014-03-28 01:58","QuorumPeer.java","152110","18380","170490"
"2009-10-30 17:19","QuorumPeer.java","85715","12459","98174"
"2009-11-20 23:28","QuorumPeer.java","95255","12847","108102"
"2009-12-18 03:19","QuorumPeer.java","96135","13154","109289"
"2009-12-15 23:23","QuorumPeer.java","95700","12993","108693"
"2013-10-21 23:36","QuorumPeer.java","147767","18267","166034"
"2019-10-10 14:37","QuorumPeer.java","261463","72583","334046"
"2013-11-07 06:41","QuorumPeer.java","148198","18267","166465"
"2017-07-27 23:09","QuorumPeer.java","177824","20778","198602"
"2014-05-18 05:49","QuorumPeer.java","156050","19646","175696"
"2011-10-25 08:09","QuorumPeer.java","124176","16902","141078"
"2014-03-25 22:13","QuorumPeer.java","151928","18380","170308"
"2011-04-12 09:14","QuorumPeer.java","121831","15231","137062"
"2011-11-01 08:15","QuorumPeer.java","124434","16971","141405"
"2011-03-16 19:49","QuorumPeer.java","163115","15042","178157"
"2018-06-26 11:18","QuorumPeer.java","186206","20940","207146"
"2018-07-27 12:32","QuorumPeer.java","190393","23909","214302"
"2019-04-18 19:17","QuorumPeer.java","240227","72583","312810"
"2011-10-27 23:25","QuorumPeer.java","124359","16925","141284"
"2011-08-30 08:37","QuorumPeer.java","124309","14149","138458"
"2011-08-30 08:29","QuorumPeer.java","124297","14149","138446"
"2010-08-18 08:24","QuorumPeer.java","130068","14513","144581"
"2013-10-09 22:21","QuorumPeer.java","147405","18268","165673"
"2016-12-20 14:47","QuorumPeer.java","179589","20378","199967"
"2011-05-20 01:17","QuorumPeer.java","122670","15251","137921"
"2010-05-05 22:32","QuorumPeer.java","109979","14119","124098"
"2017-05-11 16:59","QuorumPeer.java","177909","20744","198653"
"2014-07-03 06:01","QuorumPeer.java","157772","19658","177430"
"2014-08-14 08:08","QuorumPeer.java","163828","19815","183643"
"2014-08-01 07:38","QuorumPeer.java","163409","19817","183226"
"2009-04-24 20:26","QuorumPeer.java","51713","10299","62012"
"2014-07-20 04:50","QuorumPeer.java","162986","19772","182758"
"2016-06-02 00:59","QuorumPeer.java","173776","19998","193774"
"2020-02-16 10:25","QuorumPeer.java","268803","73036","341839"
"2019-08-17 17:13","X509TestHelpers.java","68806","36682","105488"
"2019-07-15 14:46","X509TestHelpers.java","42763","14790","57553"
"2019-08-05 15:29","PrometheusMetricsProviderTest.java","19464","6627","26091"
"2019-08-17 17:13","LeaderBean.java","28807","25290","54097"
"2019-08-17 17:13","Leader.java","254922","230896","485818"
"2019-06-29 00:33","Leader.java","242908","230895","473803"
"2019-06-03 19:40","Leader.java","240252","230895","471147"
"2019-07-15 14:15","Leader.java","250341","230896","481237"
"2019-07-25 21:41","Leader.java","251405","230896","482301"
"2018-07-12 01:33","Leader.java","12063","11130","23193"
"2019-06-05 00:33","Leader.java","240642","230895","471537"
"2019-08-03 08:42","Leader.java","255630","230896","486526"
"2019-06-05 23:57","Leader.java","240911","230895","471806"
"2019-01-07 14:55","Leader.java","229674","230757","460431"
"2019-04-12 19:01","Leader.java","236692","230859","467551"
"2018-12-09 03:16","Leader.java","227440","230756","458196"
"2018-08-17 14:40","Leader.java","72727","69498","142225"
"2019-11-29 14:49","Leader.java","263341","232758","496099"
"2018-11-27 10:02","Leader.java","225116","230756","455872"
"2018-08-29 06:26","Leader.java","98187","94750","192937"
"2018-08-03 18:52","Leader.java","24222","21791","46013"
"2018-09-18 01:00","Leader.java","106624","100617","207241"
"2020-03-25 03:38","Leader.java","269571","232760","502331"
"2019-12-27 22:33","Leader.java","265463","232759","498222"
"2019-10-10 14:37","Leader.java","258676","230897","489573"
"2019-07-29 17:15","JDouble.java","254590","167551","422141"
"2019-09-10 15:21","NodeHashMapImpl.java","2737","1694","4431"
"2019-12-27 22:33","NodeHashMapImpl.java","18682","10004","28686"
"2020-03-25 03:38","CommitProcessor.java","24918","12133","37051"
"2019-10-10 14:37","CommitProcessor.java","7470","3717","11187"
"2019-11-11 13:55","CommitProcessor.java","9619","3911","13530"
"2019-12-27 22:33","CommitProcessor.java","18682","10004","28686"
"2015-10-18 19:00","QuorumPeer.java","102748","37117","139865"
"2018-12-20 15:13","QuorumPeer.java","230527","167705","398232"
"2019-05-16 16:25","QuorumPeer.java","241815","167764","409579"
"2018-10-16 16:22","QuorumPeer.java","237110","136924","374034"
"2019-06-14 09:06","QuorumPeer.java","245013","167763","412776"
"2018-12-07 12:41","QuorumPeer.java","227541","167705","395246"
"2012-04-23 01:20","QuorumPeer.java","52827","27519","80346"
"2012-07-17 23:19","QuorumPeer.java","53676","27596","81272"
"2019-03-11 19:47","QuorumPeer.java","236971","167721","404692"
"2012-02-27 03:41","QuorumPeer.java","48474","25251","73725"
"2014-07-18 02:19","QuorumPeer.java","92412","36515","128927"
"2019-02-13 13:12","QuorumPeer.java","235916","167718","403634"
"2011-04-29 18:12","QuorumPeer.java","30743","19683","50426"
"2019-04-12 19:01","QuorumPeer.java","238823","167764","406587"
"2018-12-09 03:16","QuorumPeer.java","229615","167705","397320"
"2018-09-11 15:23","QuorumPeer.java","186399","103884","290283"
"2019-11-29 14:49","QuorumPeer.java","264619","168810","433429"
"2013-03-07 07:01","QuorumPeer.java","66440","29294","95734"
"2018-12-15 07:34","QuorumPeer.java","229530","167705","397235"
"2018-11-27 10:02","QuorumPeer.java","227291","167705","394996"
"2018-09-18 01:00","QuorumPeer.java","187708","103938","291646"
"2012-02-06 09:40","QuorumPeer.java","47926","24944","72870"
"2019-06-03 19:40","QuorumPeer.java","242346","167763","410109"
"2019-07-15 14:15","QuorumPeer.java","252434","167763","420197"
"2015-03-17 18:06","QuorumPeer.java","98679","36809","135488"
"2019-07-03 00:44","QuorumPeer.java","245028","167763","412791"
"2019-08-17 17:13","QuorumPeer.java","257015","167763","424778"
"2015-06-27 02:03","QuorumPeer.java","101569","37010","138579"
"2017-11-28 00:10","QuorumPeer.java","116764","41990","158754"
"2014-01-21 04:50","QuorumPeer.java","74228","29932","104160"
"2014-06-04 22:07","QuorumPeer.java","86112","36015","122127"
"2018-01-30 08:02","QuorumPeer.java","116950","42023","158973"
"2019-05-15 11:56","QuorumPeer.java","241770","167764","409534"
"2019-06-05 00:33","QuorumPeer.java","242736","167763","410499"
"2019-05-20 23:13","QuorumPeer.java","241888","167764","409652"
"2019-06-04 10:55","QuorumPeer.java","242499","167763","410262"
"2019-07-12 17:01","QuorumPeer.java","252328","167763","420091"
"2020-01-09 11:27","QuorumPeer.java","266165","168810","434975"
"2017-02-09 11:40","QuorumPeer.java","113248","39698","152946"
"2011-06-14 07:14","QuorumPeer.java","32511","19836","52347"
"2017-07-06 18:48","QuorumPeer.java","112937","41701","154638"
"2018-10-01 06:11","QuorumPeer.java","190434","104085","294519"
"2015-04-09 20:16","QuorumPeer.java","99750","36817","136567"
"2013-10-07 21:08","QuorumPeer.java","69635","29673","99308"
"2013-09-30 22:20","QuorumPeer.java","69072","29541","98613"
"2018-07-04 17:11","QuorumPeer.java","128174","49686","177860"
"2019-12-17 13:48","QuorumPeer.java","265191","168810","434001"
"2015-12-07 05:59","QuorumPeer.java","103595","37206","140801"
"2020-01-23 13:43","QuorumPeer.java","267989","168810","436799"
"2016-06-23 23:45","QuorumPeer.java","106247","38788","145035"
"2011-05-03 19:57","QuorumPeer.java","30749","19685","50434"
"2016-06-23 23:25","QuorumPeer.java","106139","38788","144927"
"2014-03-23 04:12","QuorumPeer.java","76620","30104","106724"
"2013-09-26 00:13","QuorumPeer.java","68812","29525","98337"
"2011-06-17 01:34","QuorumPeer.java","32655","19909","52564"
"2011-06-14 14:11","QuorumPeer.java","32539","19837","52376"
"2014-07-18 20:48","QuorumPeer.java","92900","36544","129444"
"2014-07-04 04:19","QuorumPeer.java","87769","36029","123798"
"2018-12-06 10:56","QuorumPeer.java","227485","167705","395190"
"2014-06-25 15:04","QuorumPeer.java","86615","36021","122636"
"2014-03-28 01:58","QuorumPeer.java","77051","30117","107168"
"2013-10-21 23:36","QuorumPeer.java","72538","29834","102372"
"2019-10-10 14:37","QuorumPeer.java","260768","167763","428531"
"2013-11-07 06:41","QuorumPeer.java","72993","29858","102851"
"2017-07-27 23:09","QuorumPeer.java","111959","41709","153668"
"2014-05-18 05:49","QuorumPeer.java","85608","36000","121608"
"2011-10-25 08:09","QuorumPeer.java","44448","23970","68418"
"2014-03-25 22:13","QuorumPeer.java","76866","30114","106980"
"2011-04-12 09:14","QuorumPeer.java","30316","19591","49907"
"2011-11-01 08:15","QuorumPeer.java","44778","24111","68889"
"2011-03-16 19:49","QuorumPeer.java","61044","8846","69890"
"2018-06-26 11:18","QuorumPeer.java","120682","42212","162894"
"2018-07-27 12:32","QuorumPeer.java","138589","58901","197490"
"2019-04-18 19:17","QuorumPeer.java","239533","167764","407297"
"2011-10-27 23:25","QuorumPeer.java","44686","24048","68734"
"2011-08-30 08:37","QuorumPeer.java","42535","19171","61706"
"2011-08-30 08:29","QuorumPeer.java","42517","19165","61682"
"2010-08-18 08:24","QuorumPeer.java","27352","7672","35024"
"2013-10-09 22:21","QuorumPeer.java","72176","29835","102011"
"2016-12-20 14:47","QuorumPeer.java","112027","39612","151639"
"2011-05-20 01:17","QuorumPeer.java","31258","19714","50972"
"2010-05-05 22:32","QuorumPeer.java","5452","5467","10919"
"2017-05-11 16:59","QuorumPeer.java","111999","41630","153629"
"2014-07-03 06:01","QuorumPeer.java","87347","36029","123376"
"2014-08-14 08:08","QuorumPeer.java","93831","36614","130445"
"2014-08-01 07:38","QuorumPeer.java","93410","36614","130024"
"2014-07-20 04:50","QuorumPeer.java","92981","36563","129544"
"2016-06-02 00:59","QuorumPeer.java","105770","38788","144558"
"2020-02-16 10:25","QuorumPeer.java","268702","168810","437512"
"2019-08-17 17:13","SSLAuthTest.java","29608","25616","55224"
"2019-08-17 17:13","SessionTest.java","43284","29388","72672"
"2019-10-10 14:37","SessionTest.java","49445","31796","81241"
"2019-12-28 16:17","SessionTest.java","60347","37866","98213"
"2019-06-03 19:40","X509Exception.java","241413","216163","457576"
"2019-08-17 17:13","X509Exception.java","256083","216164","472247"
"2019-09-18 11:20","ReconfigTest.java","259066","207152","466218"
"2016-06-23 23:45","ReconfigTest.java","23133","8461","31594"
"2014-08-20 06:07","ReconfigTest.java","6282","1742","8024"
"2014-08-24 07:42","ReconfigTest.java","6572","1785","8357"
"2016-11-13 20:59","ReconfigTest.java","28415","9694","38109"
"2019-05-03 17:37","ReconfigTest.java","240260","207136","447396"
"2019-05-08 21:54","ReconfigTest.java","240640","207136","447776"
"2018-07-04 17:11","ReconfigTest.java","51156","25455","76611"
"2016-06-15 19:11","ReconfigTest.java","22625","8409","31034"
"2019-08-17 17:13","ReconfigTest.java","256154","207152","463306"
"2019-11-29 14:49","ReconfigTest.java","264150","208591","472741"
"2018-12-09 03:16","ReconfigTest.java","228702","207042","435744"
"2018-11-22 17:56","ReconfigTest.java","224741","207042","431783"
"2017-09-11 18:55","ReconfigTest.java","34195","16065","50260"
"2017-02-12 00:34","ReconfigTest.java","31000","13487","44487"
"2019-08-17 17:13","LearnerZooKeeperServer.java","256650","177444","434094"
"2014-03-21 06:36","LearnerZooKeeperServer.java","31449","7730","39179"
"2016-08-13 15:01","LearnerZooKeeperServer.java","65897","20326","86223"
"2015-03-08 23:07","LearnerZooKeeperServer.java","53683","15444","69127"
"2013-10-09 22:21","LearnerZooKeeperServer.java","27002","7244","34246"
"2019-08-17 17:13","NIOServerCnxnFactory.java","38727","26740","65467"
"2019-08-03 08:42","NIOServerCnxnFactory.java","15997","3302","19299"
"2019-10-10 14:37","NIOServerCnxnFactory.java","44915","29175","74090"
"2019-11-14 03:54","NIOServerCnxnFactory.java","49448","29452","78900"
"2019-12-27 22:33","NodeHashMapImpl.java","16008","8373","24381"
"2019-08-17 17:13","SSLContextAndOptions.java","43666","29333","72999"
"2019-10-10 14:37","SSLContextAndOptions.java","49826","31740","81566"
"2015-10-18 19:00","QuorumPeer.java","182409","18608","201017"
"2018-12-20 15:13","QuorumPeer.java","231396","58118","289514"
"2019-05-16 16:25","QuorumPeer.java","242641","58134","300775"
"2009-01-15 23:57","QuorumPeer.java","39154","7050","46204"
"2018-10-16 16:22","QuorumPeer.java","252841","54485","307326"
"2019-06-14 09:06","QuorumPeer.java","245840","58134","303974"
"2008-10-01 10:40","QuorumPeer.java","16786","2205","18991"
"2010-03-16 23:25","QuorumPeer.java","121848","11392","133240"
"2008-10-03 15:06","QuorumPeer.java","17086","2341","19427"
"2008-09-19 03:24","QuorumPeer.java","1796","293","2089"
"2018-12-07 12:41","QuorumPeer.java","228410","58118","286528"
"2012-04-23 01:20","QuorumPeer.java","139573","16095","155668"
"2012-07-17 23:19","QuorumPeer.java","140358","16108","156466"
"2019-03-11 19:47","QuorumPeer.java","237824","58118","295942"
"2012-02-27 03:41","QuorumPeer.java","137345","15952","153297"
"2014-07-18 02:19","QuorumPeer.java","172531","18464","190995"
"2019-02-13 13:12","QuorumPeer.java","236772","58118","294890"
"2011-04-29 18:12","QuorumPeer.java","134309","12793","147102"
"2019-04-12 19:01","QuorumPeer.java","239649","58134","297783"
"2018-12-09 03:16","QuorumPeer.java","230484","58118","288602"
"2018-09-11 15:23","QuorumPeer.java","225337","44652","269989"
"2019-11-29 14:49","QuorumPeer.java","264720","58455","323175"
"2013-03-07 07:01","QuorumPeer.java","152260","16944","169204"
"2018-12-15 07:34","QuorumPeer.java","230399","58118","288517"
"2018-11-27 10:02","QuorumPeer.java","228160","58118","286278"
"2018-09-18 01:00","QuorumPeer.java","226629","44689","271318"
"2009-11-18 18:47","QuorumPeer.java","105160","10784","115944"
"2012-02-06 09:40","QuorumPeer.java","137061","15909","152970"
"2019-06-03 19:40","QuorumPeer.java","243173","58134","301307"
"2019-07-15 14:15","QuorumPeer.java","253261","58134","311395"
"2015-03-17 18:06","QuorumPeer.java","178602","18562","197164"
"2019-07-03 00:44","QuorumPeer.java","245855","58134","303989"
"2009-06-18 18:37","QuorumPeer.java","85198","8997","94195"
"2019-08-17 17:13","QuorumPeer.java","257842","58134","315976"
"2015-06-27 02:03","QuorumPeer.java","181326","18597","199923"
"2009-11-18 20:06","QuorumPeer.java","107501","10791","118292"
"2017-11-28 00:10","QuorumPeer.java","192081","19137","211218"
"2014-01-21 04:50","QuorumPeer.java","159498","17032","176530"
"2014-06-04 22:07","QuorumPeer.java","166633","18366","184999"
"2018-01-30 08:02","QuorumPeer.java","192237","19140","211377"
"2019-05-15 11:56","QuorumPeer.java","242596","58134","300730"
"2019-06-05 00:33","QuorumPeer.java","243563","58134","301697"
"2009-02-06 22:19","QuorumPeer.java","53505","7915","61420"
"2019-05-20 23:13","QuorumPeer.java","242714","58134","300848"
"2019-06-04 10:55","QuorumPeer.java","243326","58134","301460"
"2019-07-12 17:01","QuorumPeer.java","253155","58134","311289"
"2020-01-09 11:27","QuorumPeer.java","266266","58455","324721"
"2017-02-09 11:40","QuorumPeer.java","190662","18942","209604"
"2011-06-14 07:14","QuorumPeer.java","135939","12808","148747"
"2009-04-17 00:59","QuorumPeer.java","55860","8467","64327"
"2008-12-09 06:14","QuorumPeer.java","35174","3332","38506"
"2017-07-06 18:48","QuorumPeer.java","188523","19117","207640"
"2018-10-01 06:11","QuorumPeer.java","229293","44774","274067"
"2015-04-09 20:16","QuorumPeer.java","179668","18565","198233"
"2013-10-07 21:08","QuorumPeer.java","155136","17004","172140"
"2013-09-30 22:20","QuorumPeer.java","154704","17003","171707"
"2018-07-04 17:11","QuorumPeer.java","196517","19859","216376"
"2019-12-17 13:48","QuorumPeer.java","265292","58455","323747"
"2015-12-07 05:59","QuorumPeer.java","183171","18612","201783"
"2020-01-23 13:43","QuorumPeer.java","268090","58455","326545"
"2016-06-23 23:45","QuorumPeer.java","184287","18658","202945"
"2011-05-03 19:57","QuorumPeer.java","134314","12794","147108"
"2016-06-23 23:25","QuorumPeer.java","184179","18658","202837"
"2010-03-09 05:44","QuorumPeer.java","121003","11322","132325"
"2010-03-12 19:26","QuorumPeer.java","121792","11381","133173"
"2014-03-23 04:12","QuorumPeer.java","161792","17106","178898"
"2013-09-26 00:13","QuorumPeer.java","154464","17007","171471"
"2011-06-17 01:34","QuorumPeer.java","136031","12829","148860"
"2011-06-14 14:11","QuorumPeer.java","135966","12808","148774"
"2010-03-10 02:27","QuorumPeer.java","121220","11325","132545"
"2010-03-10 19:52","QuorumPeer.java","121310","11329","132639"
"2014-07-18 20:48","QuorumPeer.java","172995","18469","191464"
"2014-07-04 04:19","QuorumPeer.java","168276","18366","186642"
"2018-12-06 10:56","QuorumPeer.java","228354","58118","286472"
"2014-06-25 15:04","QuorumPeer.java","167130","18366","185496"
"2014-03-28 01:58","QuorumPeer.java","162210","17106","179316"
"2009-10-30 17:19","QuorumPeer.java","98268","10431","108699"
"2009-11-20 23:28","QuorumPeer.java","107779","10790","118569"
"2009-12-18 03:19","QuorumPeer.java","108591","11029","119620"
"2009-12-15 23:23","QuorumPeer.java","108213","10925","119138"
"2013-10-21 23:36","QuorumPeer.java","157901","17027","174928"
"2019-10-10 14:37","QuorumPeer.java","261595","58134","319729"
"2013-11-07 06:41","QuorumPeer.java","158332","17027","175359"
"2017-07-27 23:09","QuorumPeer.java","187542","19122","206664"
"2014-05-18 05:49","QuorumPeer.java","166140","18362","184502"
"2011-10-25 08:09","QuorumPeer.java","134491","15843","150334"
"2014-03-25 22:13","QuorumPeer.java","162028","17106","179134"
"2011-04-12 09:14","QuorumPeer.java","133947","12766","146713"
"2011-11-01 08:15","QuorumPeer.java","134700","15863","150563"
"2011-03-16 19:49","QuorumPeer.java","175322","12668","187990"
"2018-06-26 11:18","QuorumPeer.java","195826","19186","215012"
"2018-07-27 12:32","QuorumPeer.java","197736","19878","217614"
"2019-04-18 19:17","QuorumPeer.java","240359","58134","298493"
"2011-10-27 23:25","QuorumPeer.java","134672","15864","150536"
"2011-08-30 08:37","QuorumPeer.java","134687","13153","147840"
"2011-08-30 08:29","QuorumPeer.java","134675","13153","147828"
"2010-08-18 08:24","QuorumPeer.java","142314","12178","154492"
"2013-10-09 22:21","QuorumPeer.java","157539","17028","174567"
"2016-12-20 14:47","QuorumPeer.java","189499","18914","208413"
"2011-05-20 01:17","QuorumPeer.java","134800","12800","147600"
"2010-05-05 22:32","QuorumPeer.java","122255","11814","134069"
"2017-05-11 16:59","QuorumPeer.java","187643","19104","206747"
"2014-07-03 06:01","QuorumPeer.java","167853","18365","186218"
"2014-08-14 08:08","QuorumPeer.java","173901","18514","192415"
"2014-08-01 07:38","QuorumPeer.java","173484","18518","192002"
"2009-04-24 20:26","QuorumPeer.java","64538","8543","73081"
"2014-07-20 04:50","QuorumPeer.java","173064","18476","191540"
"2008-10-01 08:26","QuorumPeer.java","16350","1870","18220"
"2016-06-02 00:59","QuorumPeer.java","183810","18658","202468"
"2020-02-16 10:25","QuorumPeer.java","268803","58455","327258"
"2012-08-28 21:51","ClientBase.java","1301","227","1528"
"2017-06-08 17:51","ClientBase.java","67070","22691","89761"
"2017-04-18 01:37","ClientBase.java","66781","21770","88551"
"2018-09-07 02:49","ClientBase.java","163208","107759","270967"
"2019-07-31 19:06","ClientBase.java","255771","180755","436526"
"2015-02-06 06:17","ClientBase.java","47765","13197","60962"
"2017-09-11 18:55","ClientBase.java","68421","23584","92005"
"2019-08-17 17:13","ClientBase.java","256464","180755","437219"
"2015-03-28 20:08","ClientBase.java","50180","13401","63581"
"2019-06-07 14:13","ClientBase.java","242568","180755","423323"
"2018-04-24 00:20","ClientBase.java","74970","24357","99327"
"2018-08-08 06:21","ClientBase.java","139572","84988","224560"
"2018-05-09 23:57","ClientBase.java","75876","24478","100354"
"2019-06-24 11:05","ClientBase.java","243797","180755","424552"
"2012-12-11 08:42","ClientBase.java","5599","1192","6791"
"2017-01-13 19:29","ClientBase.java","66756","19579","86335"
"2016-06-23 23:25","ClientBase.java","59297","18026","77323"
"2014-01-03 01:40","ClientBase.java","22664","4560","27224"
"2014-01-25 01:17","ClientBase.java","24553","4643","29196"
"2019-11-14 16:44","ClientBase.java","264519","180783","445302"
"2019-10-10 14:37","ClientBase.java","260217","180755","440972"
"2016-08-24 01:36","ClientBase.java","60534","18692","79226"
"2015-03-08 23:07","ClientBase.java","48001","13259","61260"
"2015-10-18 19:00","QuorumPeer.java","171993","19746","191739"
"2018-12-20 15:13","QuorumPeer.java","231252","72719","303971"
"2019-05-16 16:25","QuorumPeer.java","242509","72747","315256"
"2009-01-15 23:57","QuorumPeer.java","25560","8201","33761"
"2018-10-16 16:22","QuorumPeer.java","248723","61921","310644"
"2019-06-14 09:06","QuorumPeer.java","245708","72747","318455"
"2010-03-16 23:25","QuorumPeer.java","108942","13231","122173"
"2018-12-07 12:41","QuorumPeer.java","228266","72719","300985"
"2012-04-23 01:20","QuorumPeer.java","128993","17069","146062"
"2012-07-17 23:19","QuorumPeer.java","129778","17082","146860"
"2019-03-11 19:47","QuorumPeer.java","237686","72725","310411"
"2012-02-27 03:41","QuorumPeer.java","126763","16924","143687"
"2014-07-18 02:19","QuorumPeer.java","162081","19568","181649"
"2019-02-13 13:12","QuorumPeer.java","236635","72726","309361"
"2011-04-29 18:12","QuorumPeer.java","121696","14925","136621"
"2019-04-12 19:01","QuorumPeer.java","239517","72747","312264"
"2018-12-09 03:16","QuorumPeer.java","230340","72719","303059"
"2018-09-11 15:23","QuorumPeer.java","218210","49079","267289"
"2019-11-29 14:49","QuorumPeer.java","264720","73200","337920"
"2013-03-07 07:01","QuorumPeer.java","141732","17970","159702"
"2018-12-15 07:34","QuorumPeer.java","230255","72719","302974"
"2018-11-27 10:02","QuorumPeer.java","228016","72719","300735"
"2018-09-18 01:00","QuorumPeer.java","219504","49118","268622"
"2009-11-18 18:47","QuorumPeer.java","92211","12580","104791"
"2012-02-06 09:40","QuorumPeer.java","126453","16855","143308"
"2019-06-03 19:40","QuorumPeer.java","243041","72747","315788"
"2019-07-15 14:15","QuorumPeer.java","253129","72747","325876"
"2015-03-17 18:06","QuorumPeer.java","168172","19686","187858"
"2019-07-03 00:44","QuorumPeer.java","245723","72747","318470"
"2009-06-18 18:37","QuorumPeer.java","72053","10597","82650"
"2019-08-17 17:13","QuorumPeer.java","257710","72747","330457"
"2015-06-27 02:03","QuorumPeer.java","170910","19735","190645"
"2009-11-18 20:06","QuorumPeer.java","94561","12596","107157"
"2017-11-28 00:10","QuorumPeer.java","182042","20652","202694"
"2014-01-21 04:50","QuorumPeer.java","148998","18086","167084"
"2014-06-04 22:07","QuorumPeer.java","156171","19458","175629"
"2018-01-30 08:02","QuorumPeer.java","182228","20685","202913"
"2019-05-15 11:56","QuorumPeer.java","242464","72747","315211"
"2019-06-05 00:33","QuorumPeer.java","243431","72747","316178"
"2009-02-06 22:19","QuorumPeer.java","40091","9246","49337"
"2019-05-20 23:13","QuorumPeer.java","242582","72747","315329"
"2019-06-04 10:55","QuorumPeer.java","243194","72747","315941"
"2019-07-12 17:01","QuorumPeer.java","253023","72747","325770"
"2020-01-09 11:27","QuorumPeer.java","266266","73200","339466"
"2017-02-09 11:40","QuorumPeer.java","180404","20238","200642"
"2011-06-14 07:14","QuorumPeer.java","123335","14949","138284"
"2009-04-17 00:59","QuorumPeer.java","42553","9905","52458"
"2008-12-09 06:14","QuorumPeer.java","21246","4149","25395"
"2017-07-06 18:48","QuorumPeer.java","178454","20602","199056"
"2018-10-01 06:11","QuorumPeer.java","222174","49209","271383"
"2015-04-09 20:16","QuorumPeer.java","169237","19688","188925"
"2013-10-07 21:08","QuorumPeer.java","144622","18044","162666"
"2013-09-30 22:20","QuorumPeer.java","144189","18042","162231"
"2018-07-04 17:11","QuorumPeer.java","189043","23939","212982"
"2019-12-17 13:48","QuorumPeer.java","265292","73200","338492"
"2015-12-07 05:59","QuorumPeer.java","172758","19753","192511"
"2020-01-23 13:43","QuorumPeer.java","268090","73200","341290"
"2016-06-23 23:45","QuorumPeer.java","173886","19811","193697"
"2011-05-03 19:57","QuorumPeer.java","121701","14926","136627"
"2016-06-23 23:25","QuorumPeer.java","173778","19811","193589"
"2010-03-09 05:44","QuorumPeer.java","108086","13150","121236"
"2010-03-12 19:26","QuorumPeer.java","108881","13215","122096"
"2014-03-23 04:12","QuorumPeer.java","151318","18186","169504"
"2013-09-26 00:13","QuorumPeer.java","143942","18039","161981"
"2011-06-17 01:34","QuorumPeer.java","123440","14983","138423"
"2011-06-14 14:11","QuorumPeer.java","123362","14949","138311"
"2010-03-10 02:27","QuorumPeer.java","108303","13153","121456"
"2010-03-10 19:52","QuorumPeer.java","108393","13157","121550"
"2014-07-18 20:48","QuorumPeer.java","162543","19571","182114"
"2014-07-04 04:19","QuorumPeer.java","157821","19465","177286"
"2018-12-06 10:56","QuorumPeer.java","228210","72719","300929"
"2014-06-25 15:04","QuorumPeer.java","156670","19460","176130"
"2014-03-28 01:58","QuorumPeer.java","151736","18186","169922"
"2009-10-30 17:19","QuorumPeer.java","85287","12195","97482"
"2009-11-20 23:28","QuorumPeer.java","94842","12598","107440"
"2009-12-18 03:19","QuorumPeer.java","95733","12916","108649"
"2009-12-15 23:23","QuorumPeer.java","95298","12755","108053"
"2013-10-21 23:36","QuorumPeer.java","147394","18074","165468"
"2019-10-10 14:37","QuorumPeer.java","261463","72747","334210"
"2013-11-07 06:41","QuorumPeer.java","147825","18074","165899"
"2017-07-27 23:09","QuorumPeer.java","177473","20607","198080"
"2014-05-18 05:49","QuorumPeer.java","155676","19452","175128"
"2011-10-25 08:09","QuorumPeer.java","123788","16694","140482"
"2014-03-25 22:13","QuorumPeer.java","151554","18186","169740"
"2011-04-12 09:14","QuorumPeer.java","121343","14907","136250"
"2011-11-01 08:15","QuorumPeer.java","124047","16764","140811"
"2011-03-16 19:49","QuorumPeer.java","162626","14717","177343"
"2018-06-26 11:18","QuorumPeer.java","185854","20768","206622"
"2018-07-27 12:32","QuorumPeer.java","190275","23971","214246"
"2019-04-18 19:17","QuorumPeer.java","240227","72747","312974"
"2011-10-27 23:25","QuorumPeer.java","123971","16717","140688"
"2011-08-30 08:37","QuorumPeer.java","123917","13937","137854"
"2011-08-30 08:29","QuorumPeer.java","123905","13937","137842"
"2010-08-18 08:24","QuorumPeer.java","129577","14186","143763"
"2013-10-09 22:21","QuorumPeer.java","147032","18075","165107"
"2016-12-20 14:47","QuorumPeer.java","179228","20197","199425"
"2011-05-20 01:17","QuorumPeer.java","122183","14928","137111"
"2010-05-05 22:32","QuorumPeer.java","109476","13780","123256"
"2017-05-11 16:59","QuorumPeer.java","177558","20573","198131"
"2014-07-03 06:01","QuorumPeer.java","157398","19464","176862"
"2014-08-14 08:08","QuorumPeer.java","163454","19621","183075"
"2014-08-01 07:38","QuorumPeer.java","163035","19623","182658"
"2009-04-24 20:26","QuorumPeer.java","51242","9992","61234"
"2014-07-20 04:50","QuorumPeer.java","162612","19578","182190"
"2016-06-02 00:59","QuorumPeer.java","173409","19811","193220"
"2020-02-16 10:25","QuorumPeer.java","268803","73200","342003"
"2020-01-30 09:43","PurgeTxnTest.java","22363","11889","34252"
"2020-03-03 10:53","PurgeTxnTest.java","23762","12021","35783"
"2020-01-31 12:01","PurgeTxnTest.java","22363","11889","34252"
"2019-10-10 14:37","PurgeTxnTest.java","7470","3717","11187"
"2019-07-31 19:06","FourLetterCommands.java","254583","225563","480146"
"2017-03-04 19:22","FourLetterCommands.java","2862","4172","7034"
"2019-08-17 17:13","FourLetterCommands.java","255276","225563","480839"
"2019-08-17 17:13","AdminServerFactory.java","256151","210259","466410"
"2013-10-05 00:57","ServerCnxnFactory.java","24535","7098","31633"
"2019-11-14 03:54","ServerCnxnFactory.java","264693","177139","441832"
"2019-11-11 13:59","ServerCnxnFactory.java","264094","177139","441233"
"2012-08-28 21:51","ServerCnxnFactory.java","8417","3507","11924"
"2017-04-19 01:19","ServerCnxnFactory.java","72343","23493","95836"
"2012-02-11 00:34","ServerCnxnFactory.java","1538","614","2152"
"2018-10-24 04:03","ServerCnxnFactory.java","235950","158107","394057"
"2013-03-07 07:01","ServerCnxnFactory.java","21367","6465","27832"
"2014-07-18 02:19","ServerCnxnFactory.java","48674","15021","63695"
"2019-02-13 13:12","ServerCnxnFactory.java","235544","177053","412597"
"2017-10-07 21:22","ServerCnxnFactory.java","74009","25279","99288"
"2019-08-17 17:13","ServerCnxnFactory.java","256656","177111","433767"
"2019-06-07 14:13","ServerCnxnFactory.java","242760","177111","419871"
"2019-07-03 00:44","ServerCnxnFactory.java","244669","177111","421780"
"2015-03-17 18:06","ServerCnxnFactory.java","55264","15638","70902"
"2015-03-28 20:08","ServerCnxnFactory.java","56281","15666","71947"
"2016-05-02 18:15","ServerCnxnFactory.java","64341","20096","84437"
"2012-12-08 00:38","ServerCnxnFactory.java","12642","4373","17015"
"2012-12-19 19:07","ServerCnxnFactory.java","14636","5171","19807"
"2019-10-10 14:37","AsyncHammerTest.java","260685","178405","439090"
"2019-08-17 17:13","AsyncHammerTest.java","256932","178405","435337"
"2017-05-01 17:19","AsyncHammerTest.java","87447","26801","114248"
"2019-04-12 19:01","ServerStats.java","237755","219043","456798"
"2019-01-07 14:39","ServerStats.java","230693","218949","449642"
"2018-09-18 01:00","ServerStats.java","129643","110757","240400"
"2019-08-17 17:13","ServerStats.java","255966","219061","475027"
"2018-07-12 01:33","ServerStats.java","37375","23563","60938"
"2018-06-08 16:52","ServerStats.java","27546","14203","41749"
"2019-10-10 14:37","ChrootAsyncTest.java","260685","178405","439090"
"2019-08-17 17:13","ChrootAsyncTest.java","256932","178405","435337"
"2019-11-14 03:54","LocalPeerMXBean.java","265024","167718","432742"
"2018-06-26 11:18","LocalPeerMXBean.java","120773","42258","163031"
"2018-12-20 15:13","LocalPeerMXBean.java","230527","167660","398187"
"2014-06-04 22:07","LocalPeerMXBean.java","86243","36101","122344"
"2019-08-17 17:13","LocalPeerMXBean.java","257015","167718","424733"
"2015-07-07 07:11","WadlTest.java","76443","22280","98723"
"2009-07-17 00:09","ChrootClientTest.java","2463","1244","3707"
"2019-08-17 17:13","ChrootClientTest.java","257500","140865","398365"
"2019-10-10 14:37","ChrootClientTest.java","261253","140865","402118"
"2009-09-16 02:09","ChrootClientTest.java","6174","2540","8714"
"2011-04-12 09:14","ChrootClientTest.java","61368","23260","84628"
"2010-03-31 06:26","ChrootClientTest.java","42660","15064","57724"
"2015-10-18 19:00","QuorumPeer.java","181011","18713","199724"
"2018-12-20 15:13","QuorumPeer.java","231252","59477","290729"
"2019-05-16 16:25","QuorumPeer.java","242509","59505","302014"
"2009-01-15 23:57","QuorumPeer.java","37526","6925","44451"
"2018-10-16 16:22","QuorumPeer.java","252695","55842","308537"
"2019-06-14 09:06","QuorumPeer.java","245708","59505","305213"
"2008-10-01 10:40","QuorumPeer.java","15069","1991","17060"
"2010-03-16 23:25","QuorumPeer.java","120306","11353","131659"
"2008-10-03 15:06","QuorumPeer.java","15379","2137","17516"
"2018-12-07 12:41","QuorumPeer.java","228266","59477","287743"
"2012-04-23 01:20","QuorumPeer.java","138152","16177","154329"
"2012-07-17 23:19","QuorumPeer.java","138937","16190","155127"
"2019-03-11 19:47","QuorumPeer.java","237686","59483","297169"
"2012-02-27 03:41","QuorumPeer.java","135925","16035","151960"
"2014-07-18 02:19","QuorumPeer.java","171118","18554","189672"
"2019-02-13 13:12","QuorumPeer.java","236635","59484","296119"
"2011-04-29 18:12","QuorumPeer.java","132866","12853","145719"
"2019-04-12 19:01","QuorumPeer.java","239517","59505","299022"
"2018-12-09 03:16","QuorumPeer.java","230340","59477","289817"
"2018-09-11 15:23","QuorumPeer.java","224217","45035","269252"
"2019-11-29 14:49","QuorumPeer.java","264720","59958","324678"
"2013-03-07 07:01","QuorumPeer.java","150845","17032","167877"
"2018-12-15 07:34","QuorumPeer.java","230255","59477","289732"
"2018-11-27 10:02","QuorumPeer.java","228016","59477","287493"
"2018-09-18 01:00","QuorumPeer.java","225509","45072","270581"
"2009-11-18 18:47","QuorumPeer.java","103607","10734","114341"
"2012-02-06 09:40","QuorumPeer.java","135641","15992","151633"
"2019-06-03 19:40","QuorumPeer.java","243041","59505","302546"
"2019-07-15 14:15","QuorumPeer.java","253129","59505","312634"
"2015-03-17 18:06","QuorumPeer.java","177191","18654","195845"
"2019-07-03 00:44","QuorumPeer.java","245723","59505","305228"
"2009-06-18 18:37","QuorumPeer.java","83604","8906","92510"
"2019-08-17 17:13","QuorumPeer.java","257710","59505","317215"
"2015-06-27 02:03","QuorumPeer.java","179924","18698","198622"
"2009-11-18 20:06","QuorumPeer.java","105949","10742","116691"
"2017-11-28 00:10","QuorumPeer.java","190815","19374","210189"
"2014-01-21 04:50","QuorumPeer.java","158085","17122","175207"
"2014-06-04 22:07","QuorumPeer.java","165218","18454","183672"
"2018-01-30 08:02","QuorumPeer.java","190971","19377","210348"
"2019-05-15 11:56","QuorumPeer.java","242464","59505","301969"
"2019-06-05 00:33","QuorumPeer.java","243431","59505","302936"
"2009-02-06 22:19","QuorumPeer.java","51886","7799","59685"
"2019-05-20 23:13","QuorumPeer.java","242582","59505","302087"
"2019-06-04 10:55","QuorumPeer.java","243194","59505","302699"
"2019-07-12 17:01","QuorumPeer.java","253023","59505","312528"
"2020-01-09 11:27","QuorumPeer.java","266266","59958","326224"
"2017-02-09 11:40","QuorumPeer.java","189267","19050","208317"
"2011-06-14 07:14","QuorumPeer.java","134498","12870","147368"
"2009-04-17 00:59","QuorumPeer.java","54254","8364","62618"
"2008-12-09 06:14","QuorumPeer.java","33497","3158","36655"
"2017-07-06 18:48","QuorumPeer.java","187247","19344","206591"
"2018-10-01 06:11","QuorumPeer.java","228173","45157","273330"
"2015-04-09 20:16","QuorumPeer.java","178257","18657","196914"
"2013-10-07 21:08","QuorumPeer.java","153721","17092","170813"
"2013-09-30 22:20","QuorumPeer.java","153289","17091","170380"
"2018-07-04 17:11","QuorumPeer.java","195256","20101","215357"
"2019-12-17 13:48","QuorumPeer.java","265292","59958","325250"
"2015-12-07 05:59","QuorumPeer.java","181773","18717","200490"
"2020-01-23 13:43","QuorumPeer.java","268090","59958","328048"
"2016-06-23 23:45","QuorumPeer.java","182890","18764","201654"
"2011-05-03 19:57","QuorumPeer.java","132871","12854","145725"
"2016-06-23 23:25","QuorumPeer.java","182782","18764","201546"
"2010-03-09 05:44","QuorumPeer.java","119460","11282","130742"
"2010-03-12 19:26","QuorumPeer.java","120250","11342","131592"
"2014-03-23 04:12","QuorumPeer.java","160378","17195","177573"
"2013-09-26 00:13","QuorumPeer.java","153049","17095","170144"
"2011-06-17 01:34","QuorumPeer.java","134601","12902","147503"
"2011-06-14 14:11","QuorumPeer.java","134525","12870","147395"
"2010-03-10 02:27","QuorumPeer.java","119678","11286","130964"
"2010-03-10 19:52","QuorumPeer.java","119768","11290","131058"
"2014-07-18 20:48","QuorumPeer.java","171582","18559","190141"
"2014-07-04 04:19","QuorumPeer.java","166863","18456","185319"
"2018-12-06 10:56","QuorumPeer.java","228210","59477","287687"
"2014-06-25 15:04","QuorumPeer.java","165715","18454","184169"
"2014-03-28 01:58","QuorumPeer.java","160796","17195","177991"
"2009-10-30 17:19","QuorumPeer.java","96706","10372","107078"
"2009-11-20 23:28","QuorumPeer.java","106227","10741","116968"
"2009-12-18 03:19","QuorumPeer.java","107039","10980","118019"
"2009-12-15 23:23","QuorumPeer.java","106660","10875","117535"
"2013-10-21 23:36","QuorumPeer.java","156486","17115","173601"
"2019-10-10 14:37","QuorumPeer.java","261463","59505","320968"
"2013-11-07 06:41","QuorumPeer.java","156917","17115","174032"
"2017-07-27 23:09","QuorumPeer.java","186266","19349","205615"
"2014-05-18 05:49","QuorumPeer.java","164725","18450","183175"
"2011-10-25 08:09","QuorumPeer.java","133069","15924","148993"
"2014-03-25 22:13","QuorumPeer.java","160614","17195","177809"
"2011-04-12 09:14","QuorumPeer.java","132504","12826","145330"
"2011-11-01 08:15","QuorumPeer.java","133279","15945","149224"
"2011-03-16 19:49","QuorumPeer.java","173874","12723","186597"
"2018-06-26 11:18","QuorumPeer.java","194565","19428","213993"
"2018-07-27 12:32","QuorumPeer.java","196475","20120","216595"
"2019-04-18 19:17","QuorumPeer.java","240227","59505","299732"
"2011-10-27 23:25","QuorumPeer.java","133250","15945","149195"
"2011-08-30 08:37","QuorumPeer.java","133263","13232","146495"
"2011-08-30 08:29","QuorumPeer.java","133251","13232","146483"
"2010-08-18 08:24","QuorumPeer.java","140849","12216","153065"
"2013-10-09 22:21","QuorumPeer.java","156124","17116","173240"
"2016-12-20 14:47","QuorumPeer.java","188104","19022","207126"
"2011-05-20 01:17","QuorumPeer.java","133357","12860","146217"
"2010-05-05 22:32","QuorumPeer.java","120787","11849","132636"
"2017-05-11 16:59","QuorumPeer.java","186367","19331","205698"
"2014-07-03 06:01","QuorumPeer.java","166440","18455","184895"
"2014-08-14 08:08","QuorumPeer.java","172489","18605","191094"
"2014-08-01 07:38","QuorumPeer.java","172072","18609","190681"
"2009-04-24 20:26","QuorumPeer.java","62932","8440","71372"
"2014-07-20 04:50","QuorumPeer.java","171651","18566","190217"
"2008-10-01 08:26","QuorumPeer.java","14629","1652","16281"
"2016-06-02 00:59","QuorumPeer.java","182413","18764","201177"
"2020-02-16 10:25","QuorumPeer.java","268803","59958","328761"
"2014-06-25 15:04","FastLeaderElection.java","86641","36013","122654"
"2018-12-06 10:56","FastLeaderElection.java","227485","167671","395156"
"2014-07-08 05:25","FastLeaderElection.java","88624","36360","124984"
"2014-07-18 20:48","FastLeaderElection.java","92926","36536","129462"
"2014-03-23 04:12","FastLeaderElection.java","76646","30096","106742"
"2019-10-10 14:37","FastLeaderElection.java","260768","167729","428497"
"2013-10-21 23:36","FastLeaderElection.java","72565","29827","102392"
"2019-09-30 23:22","FastLeaderElection.java","260395","167729","428124"
"2011-04-12 09:14","FastLeaderElection.java","30345","19586","49931"
"2014-07-20 04:50","FastLeaderElection.java","93007","36555","129562"
"2010-07-05 21:50","FastLeaderElection.java","17243","6142","23385"
"2020-04-07 09:07","FastLeaderElection.java","271436","168776","440212"
"2012-03-20 01:33","FastLeaderElection.java","51692","27225","78917"
"2019-01-18 03:42","FastLeaderElection.java","232983","167672","400655"
"2012-02-06 09:40","FastLeaderElection.java","47953","24937","72890"
"2017-09-11 18:55","FastLeaderElection.java","112814","41863","154677"
"2013-03-07 07:01","FastLeaderElection.java","66467","29287","95754"
"2018-08-29 06:26","FastLeaderElection.java","180462","99228","279690"
"2011-04-29 18:12","FastLeaderElection.java","30772","19678","50450"
"2015-02-06 06:17","FastLeaderElection.java","97419","36737","134156"
"2018-04-30 06:34","FastLeaderElection.java","119096","42163","161259"
"2019-08-17 17:13","FastLeaderElection.java","257015","167729","424744"
"2019-08-02 20:08","FastLeaderElection.java","257796","167729","425525"
"2012-08-03 00:17","FastLeaderElection.java","54616","27661","82277"
"2017-01-13 19:29","FastLeaderElection.java","112908","39617","152525"
"2011-06-14 07:14","FastLeaderElection.java","32540","19831","52371"
"2019-08-03 08:42","FastLeaderElection.java","257723","167729","425452"
"2020-05-04 14:17","FileChangeWatcherTest.java","26598","12870","39468"
"2019-10-10 14:37","FileChangeWatcherTest.java","7470","3717","11187"
"2019-08-17 17:13","Leader.java","254847","231754","486601"
"2019-06-29 00:33","Leader.java","242833","231753","474586"
"2019-06-03 19:40","Leader.java","240177","231753","471930"
"2019-07-15 14:15","Leader.java","250266","231754","482020"
"2019-07-25 21:41","Leader.java","251330","231754","483084"
"2019-06-05 00:33","Leader.java","240567","231753","472320"
"2019-08-03 08:42","Leader.java","255555","231754","487309"
"2019-06-05 23:57","Leader.java","240836","231753","472589"
"2019-01-07 14:55","Leader.java","229589","231605","461194"
"2019-04-12 19:01","Leader.java","236617","231717","468334"
"2018-12-09 03:16","Leader.java","227355","231604","458959"
"2018-08-17 14:40","Leader.java","60724","58428","119152"
"2019-11-29 14:49","Leader.java","263341","233691","497032"
"2018-11-27 10:02","Leader.java","225031","231604","456635"
"2018-08-29 06:26","Leader.java","86425","83921","170346"
"2018-08-03 18:52","Leader.java","12169","10671","22840"
"2018-09-18 01:00","Leader.java","94873","89799","184672"
"2020-03-25 03:38","Leader.java","269571","233693","503264"
"2019-12-27 22:33","Leader.java","265463","233692","499155"
"2019-10-10 14:37","Leader.java","258601","231755","490356"
"2019-04-12 19:01","WatchManager.java","236957","224278","461235"
"2019-03-05 00:04","WatchManager.java","234779","224199","458978"
"2019-11-08 17:30","WatchManager.java","260849","224363","485212"
"2019-08-17 17:13","WatchManager.java","255186","224314","479500"
"2018-09-28 23:38","WatchManager.java","117801","102374","220175"
"2019-11-28 12:24","DataTree.java","262908","173119","436027"
"2011-07-28 07:49","DataTree.java","2618","172","2790"
"2019-10-10 14:37","DataTree.java","260657","172021","432678"
"2019-12-27 22:33","DataTree.java","266680","173119","439799"
"2015-06-06 03:48","DataTree.java","68760","21357","90117"
"2019-11-11 13:59","DataTree.java","264314","172021","436335"
"2018-07-10 13:29","DataTree.java","97994","36382","134376"
"2012-12-19 19:16","DataTree.java","27772","12088","39860"
"2014-04-17 08:47","DataTree.java","51221","19689","70910"
"2014-04-29 02:23","DataTree.java","51933","19695","71628"
"2011-09-15 00:55","DataTree.java","8710","3531","12241"
"2011-09-28 22:17","DataTree.java","9646","4282","13928"
"2018-09-28 23:38","DataTree.java","179554","110116","289670"
"2011-09-17 02:36","DataTree.java","9348","4241","13589"
"2011-10-20 18:48","DataTree.java","9286","5762","15048"
"2019-11-08 17:30","DataTree.java","262518","172021","434539"
"2013-09-05 23:50","DataTree.java","34989","13033","48022"
"2019-01-30 16:28","DataTree.java","233950","171956","405906"
"2019-01-30 17:02","DataTree.java","234494","171956","406450"
"2016-11-24 17:18","DataTree.java","80471","25301","105772"
"2017-09-11 18:55","DataTree.java","82217","28206","110423"
"2012-02-06 10:39","DataTree.java","13954","7871","21825"
"2011-12-21 21:39","DataTree.java","12435","7220","19655"
"2017-02-05 07:22","DataTree.java","82084","25475","107559"
"2014-07-18 02:19","DataTree.java","59513","20522","80035"
"2019-02-07 11:26","DataTree.java","235172","171957","407129"
"2013-03-07 07:01","DataTree.java","32976","12736","45712"
"2018-09-04 11:54","DataTree.java","174243","109889","284132"
"2018-09-05 22:35","DataTree.java","174504","109894","284398"
"2018-12-20 15:17","DataTree.java","230438","171955","402393"
"2019-09-10 09:53","DataTree.java","257953","172021","429974"
"2019-04-12 19:01","DataTree.java","238712","172022","410734"
"2019-07-31 19:06","DataTree.java","256211","172021","428232"
"2019-09-11 10:27","DataTree.java","258260","172021","430281"
"2013-10-22 12:54","DataTree.java","39471","13446","52917"
"2016-03-23 00:30","DataTree.java","72981","24139","97120"
"2019-08-01 07:31","DataTree.java","257575","172021","429596"
"2014-01-24 07:18","DataTree.java","42565","13592","56157"
"2019-08-17 17:13","DataTree.java","256904","172021","428925"
"2019-09-10 15:21","DataTree.java","257947","172021","429968"
"2015-06-04 19:51","DataTree.java","68648","21350","89998"
"2016-10-07 21:51","DataTree.java","77060","24711","101771"
"2017-06-18 19:23","DataTree.java","81624","27927","109551"
"2019-04-12 12:29","DataTree.java","238281","172022","410303"
"2019-08-03 08:42","DataTree.java","257612","172021","429633"
"2019-08-09 16:15","DataTree.java","258360","172021","430381"
"2016-11-13 20:59","DataTree.java","79334","24732","104066"
"2019-04-29 16:49","DataTree.java","240742","172022","412764"
"2017-06-08 17:51","ClientBase.java","334","966","1300"
"2018-09-07 02:49","ClientBase.java","114251","103813","218064"
"2019-07-31 19:06","ClientBase.java","254557","224552","479109"
"2017-09-11 18:55","ClientBase.java","2920","3094","6014"
"2019-08-17 17:13","ClientBase.java","255250","224552","479802"
"2019-06-07 14:13","ClientBase.java","241353","224551","465904"
"2018-04-24 00:20","ClientBase.java","9909","4307","14216"
"2018-08-08 06:21","ClientBase.java","83049","73476","156525"
"2018-05-09 23:57","ClientBase.java","10937","4550","15487"
"2019-06-24 11:05","ClientBase.java","242582","224551","467133"
"2019-11-14 16:44","ClientBase.java","263325","224600","487925"
"2019-10-10 14:37","ClientBase.java","259003","224552","483555"
"2019-08-17 17:13","AuthTest.java","256904","177140","434044"
"2012-03-02 03:44","AuthTest.java","9420","8213","17633"
"2017-02-12 00:34","StandaloneTest.java","44199","21041","65240"
"2016-11-13 20:59","StandaloneTest.java","41906","17540","59446"
"2014-08-19 22:50","StandaloneTest.java","20156","9967","30123"
"2019-08-17 17:13","StandaloneTest.java","256271","201624","457895"
"2019-08-17 17:13","CreateMode.java","255978","218393","474371"
"2016-10-07 21:51","CreateMode.java","11533","6482","18015"
"2017-07-28 00:36","CreateMode.java","19842","13692","33534"
"2019-08-17 17:13","X509Exception.java","44192","29523","73715"
"2019-11-29 14:49","ObserverBean.java","16330","9773","26103"
"2019-10-10 14:37","FollowerResyncConcurrencyTest.java","7470","3717","11187"
"2019-12-28 16:17","FollowerResyncConcurrencyTest.java","18815","10230","29045"
"2019-08-17 17:13","NettyUtils.java","51401","30226","81627"
"2019-10-10 14:37","NettyUtils.java","57242","32314","89556"
"2019-01-23 14:00","NettyServerCnxn.java","231859","224395","456254"
"2019-02-18 17:05","NettyServerCnxn.java","234412","224416","458828"
"2019-02-12 15:25","NettyServerCnxn.java","233958","224396","458354"
"2017-08-09 20:31","NettyServerCnxn.java","2358","2903","5261"
"2018-09-07 02:34","NettyServerCnxn.java","114293","103820","218113"
"2019-04-12 19:01","NettyServerCnxn.java","237038","224494","461532"
"2018-11-22 17:56","NettyServerCnxn.java","223827","224393","448220"
"2018-10-24 04:03","NettyServerCnxn.java","231523","202488","434011"
"2018-11-17 18:33","NettyServerCnxn.java","223204","224392","447596"
"2019-01-14 19:38","NettyServerCnxn.java","230423","224394","454817"
"2018-09-18 01:00","NettyServerCnxn.java","116677","103959","220636"
"2019-08-17 17:13","NettyServerCnxn.java","255250","224513","479763"
"2019-07-03 00:44","NettyServerCnxn.java","243262","224512","467774"
"2019-11-23 17:08","NettyServerCnxn.java","261576","226138","487714"
"2019-07-23 15:55","NettyServerCnxn.java","251258","224513","475771"
"2019-05-06 18:32","NettyServerCnxn.java","239585","224494","464079"
"2019-04-22 19:15","NettyServerCnxn.java","238013","224494","462507"
"2019-08-03 08:42","NettyServerCnxn.java","255958","224513","480471"
"2019-11-18 09:05","NettyServerCnxn.java","260019","226138","486157"
"2019-11-21 05:58","NettyServerCnxn.java","260042","226138","486180"
"2019-09-16 23:26","NettyServerCnxn.java","258269","224513","482782"
"2019-10-10 14:37","NettyServerCnxn.java","259003","224513","483516"
"2018-09-28 23:38","NettyServerCnxn.java","119933","104641","224574"
"2020-03-26 18:41","ZooKeeperMain.java","270951","57850","328801"
"2016-10-16 14:21","ZooKeeperMain.java","186991","18913","205904"
"2011-05-20 01:17","ZooKeeperMain.java","135641","13036","148677"
"2011-04-12 09:14","ZooKeeperMain.java","134793","13007","147800"
"2020-04-01 17:02","ZooKeeperMain.java","271275","57850","329125"
"2013-10-01 23:18","ZooKeeperMain.java","155537","17201","172738"
"2019-10-10 14:37","ZooKeeperMain.java","261603","57537","319140"
"2015-11-22 00:33","ZooKeeperMain.java","183798","18793","202591"
"2020-03-26 22:19","ZooKeeperMain.java","271020","57850","328870"
"2011-08-18 22:05","ZooKeeperMain.java","131993","13371","145364"
"2011-05-16 19:39","ZooKeeperMain.java","135213","13036","148249"
"2015-11-08 22:54","ZooKeeperMain.java","183506","18794","202300"
"2016-07-27 01:33","ZooKeeperMain.java","185373","18843","204216"
"2014-04-04 00:39","ZooKeeperMain.java","163530","17375","180905"
"2019-11-28 12:24","ZooKeeperMain.java","263069","57850","320919"
"2016-11-13 20:59","ZooKeeperMain.java","189198","18915","208113"
"2019-08-03 08:42","ZooKeeperMain.java","258558","57537","316095"
"2009-06-09 07:04","ZooKeeperMain.java","84215","9654","93869"
"2012-03-18 07:03","ZooKeeperMain.java","139193","16259","155452"
"2017-07-28 00:36","ZooKeeperMain.java","188350","19221","207571"
"2016-05-02 18:15","ZooKeeperMain.java","184105","18841","202946"
"2015-03-28 20:08","ZooKeeperMain.java","180387","18753","199140"
"2019-08-17 17:13","ZooKeeperMain.java","257850","57537","315387"
"2009-06-10 01:03","ZooKeeperMain.java","85368","9686","95054"
"2009-06-09 07:12","ZooKeeperMain.java","84255","9655","93910"
"2009-07-31 22:32","ZooKeeperMain.java","94954","10013","104967"
"2009-05-08 00:34","ZooKeeperMain.java","75173","9384","84557"
"2013-09-02 23:04","ZooKeeperMain.java","154786","17210","171996"
"2018-08-06 14:11","ZooKeeperMain.java","199065","19990","219055"
"2010-11-10 23:36","ZooKeeperMain.java","174494","12710","187204"
"2009-02-03 06:23","ZooKeeperMain.java","54088","8697","62785"
"2019-12-27 22:33","QuorumBean.java","18682","10004","28686"
"2019-06-03 19:40","ClientCnxnSocketNetty.java","5644","1170","6814"
"2019-08-17 17:13","ClientCnxnSocketNetty.java","48965","29822","78787"
"2019-10-10 14:37","ClientCnxnSocketNetty.java","54806","31910","86716"
"2019-08-17 17:13","WatcherCleanerTest.java","174218","158773","332991"
"2019-04-12 19:01","WatcherCleanerTest.java","154074","156822","310896"
"2019-03-05 00:04","WatcherCleanerTest.java","151785","156632","308417"
"2018-05-10 00:14","QuorumPeerMainTest.java","55083","24305","79388"
"2018-10-05 14:25","QuorumPeerMainTest.java","222200","181748","403948"
"2018-07-17 10:41","QuorumPeerMainTest.java","75229","42804","118033"
"2018-07-27 12:32","QuorumPeerMainTest.java","75828","42892","118720"
"2015-11-03 08:11","QuorumPeerMainTest.java","31464","12547","44011"
"2020-01-23 13:43","QuorumPeerMainTest.java","267636","202672","470308"
"2019-10-10 14:37","QuorumPeerMainTest.java","260044","201254","461298"
"2019-12-28 16:17","QuorumPeerMainTest.java","266294","202672","468966"
"2017-12-16 01:25","QuorumPeerMainTest.java","52079","24013","76092"
"2018-01-19 00:52","QuorumPeerMainTest.java","52239","24060","76299"
"2018-04-30 06:34","QuorumPeerMainTest.java","54444","24297","78741"
"2019-07-25 21:41","QuorumPeerMainTest.java","252774","201254","454028"
"2019-08-17 17:13","QuorumPeerMainTest.java","256291","201254","457545"
"2018-02-23 23:49","QuorumPeerMainTest.java","53366","24145","77511"
"2019-07-02 07:34","QuorumPeerMainTest.java","244234","201254","445488"
"2019-05-20 17:18","QuorumPeerMainTest.java","241066","201238","442304"
"2018-10-16 16:22","QuorumPeerMainTest.java","235185","181751","416936"
"2015-02-06 06:17","QuorumPeerMainTest.java","24153","10257","34410"
"2018-08-29 06:26","QuorumPeerMainTest.java","141407","106959","248366"
"2018-08-03 18:52","QuorumPeerMainTest.java","76476","43034","119510"
"2018-09-11 15:23","QuorumPeerMainTest.java","147895","112132","260027"
"2019-08-17 17:13","SessionTrackerTest.java","212928","191803","404731"
"2019-07-08 23:26","SessionTrackerTest.java","201703","191802","393505"
"2019-08-27 09:23","WriteLockTest.java","257583","168727","426310"
"2019-11-29 14:49","ReconfigExceptionTest.java","16330","9773","26103"
"2019-04-12 19:01","ServerConfig.java","154089","153008","307097"
"2019-02-13 13:12","ServerConfig.java","151036","152816","303852"
"2019-05-15 11:56","ServerConfig.java","157060","153032","310092"
"2019-08-17 17:13","ServerConfig.java","174233","154959","329192"
"2019-04-18 19:17","ServerConfig.java","154799","153008","307807"
"2019-08-17 17:13","FLELostMessageTest.java","256154","206595","462749"
"2017-11-28 00:10","FLELostMessageTest.java","38528","15984","54512"
"2019-07-12 17:01","FLELostMessageTest.java","251467","206595","458062"
"2019-08-17 17:13","RemotePeerBeanTest.java","254848","231529","486377"
"2018-09-15 00:08","ZooKeeperServer.java","168993","109044","278037"
"2019-04-12 19:01","ZooKeeperServer.java","238456","178028","416484"
"2019-07-31 19:06","ZooKeeperServer.java","255956","178028","433984"
"2019-09-11 10:27","ZooKeeperServer.java","258005","178028","436033"
"2019-01-14 19:38","ZooKeeperServer.java","231863","177950","409813"
"2019-01-07 15:34","ZooKeeperServer.java","231464","177950","409414"
"2018-11-21 17:56","ZooKeeperServer.java","224659","177948","402607"
"2017-04-28 07:14","ZooKeeperServer.java","71249","23218","94467"
"2017-02-12 00:12","ZooKeeperServer.java","70295","23163","93458"
"2014-07-18 02:19","ZooKeeperServer.java","47333","14604","61937"
"2013-12-11 19:22","ZooKeeperServer.java","27596","7029","34625"
"2019-02-13 13:12","ZooKeeperServer.java","235537","177970","413507"
"2016-11-24 17:18","ZooKeeperServer.java","69962","21054","91016"
"2018-07-19 05:59","ZooKeeperServer.java","100048","44032","144080"
"2018-09-18 01:00","ZooKeeperServer.java","169704","109102","278806"
"2019-03-04 08:07","ZooKeeperServer.java","236113","177969","414082"
"2019-07-08 23:26","ZooKeeperServer.java","245425","178028","423453"
"2019-01-23 14:00","ZooKeeperServer.java","233299","177951","411250"
"2019-02-13 13:19","ZooKeeperServer.java","235823","177970","413793"
"2019-05-14 17:11","ZooKeeperServer.java","241316","178028","419344"
"2013-01-25 02:17","ZooKeeperServer.java","14291","4712","19003"
"2015-07-10 08:19","ZooKeeperServer.java","58319","16603","74922"
"2019-06-04 10:55","ZooKeeperServer.java","242133","178028","420161"
"2019-04-09 15:35","ZooKeeperServer.java","237448","177970","415418"
"2019-08-03 08:42","ZooKeeperServer.java","257357","178028","435385"
"2019-05-15 11:56","ZooKeeperServer.java","241403","178028","419431"
"2019-05-22 11:39","ZooKeeperServer.java","241849","178028","419877"
"2019-04-22 19:15","ZooKeeperServer.java","239431","178028","417459"
"2018-02-23 23:49","ZooKeeperServer.java","78522","25717","104239"
"2016-11-16 06:21","ZooKeeperServer.java","69388","20501","89889"
"2012-12-19 19:07","ZooKeeperServer.java","13186","4645","17831"
"2017-08-18 06:32","ZooKeeperServer.java","72436","24865","97301"
"2017-06-26 00:16","ZooKeeperServer.java","71883","24320","96203"
"2019-09-10 04:26","ZooKeeperServer.java","257694","178028","435722"
"2019-08-17 17:13","ZooKeeperServer.java","256649","178028","434677"
"2019-09-05 23:12","ZooKeeperServer.java","257568","178028","435596"
"2019-09-10 15:21","ZooKeeperServer.java","257692","178028","435720"
"2019-08-01 07:31","ZooKeeperServer.java","257320","178028","435348"
"2019-08-01 07:28","ZooKeeperServer.java","256830","178028","434858"
"2019-06-03 19:40","ZooKeeperServer.java","241980","178028","420008"
"2015-03-17 18:06","ZooKeeperServer.java","53931","15229","69160"
"2019-11-23 17:08","ZooKeeperServer.java","262659","179337","441996"
"2019-10-09 16:49","ZooKeeperServer.java","260235","178028","438263"
"2019-07-03 00:44","ZooKeeperServer.java","244662","178028","422690"
"2018-01-19 01:12","ZooKeeperServer.java","77402","25639","103041"
"2019-07-24 18:00","ZooKeeperServer.java","253104","178028","431132"
"2013-05-16 18:49","ZooKeeperServer.java","20162","6033","26195"
"2018-08-08 06:21","ZooKeeperServer.java","143791","86295","230086"
"2018-05-09 23:57","ZooKeeperServer.java","80176","25866","106042"
"2019-12-27 22:33","ZooKeeperServer.java","266636","179337","445973"
"2016-08-13 15:01","ZooKeeperServer.java","65062","20076","85138"
"2018-09-11 00:17","ZooKeeperServer.java","167440","109040","276480"
"2019-11-18 09:05","ZooKeeperServer.java","261102","179337","440439"
"2019-10-10 14:37","ZooKeeperServer.java","260402","178028","438430"
"2019-09-16 23:26","ZooKeeperServer.java","259668","178028","437696"
"2013-10-08 01:35","ZooKeeperServer.java","23618","6685","30303"
"2017-06-23 18:39","ZooKeeperServer.java","71837","24254","96091"
"2019-12-03 10:01","ZooKeeperServer.java","264561","179337","443898"
"2020-03-25 03:38","ZooKeeperServer.java","270743","179337","450080"
"2019-11-28 12:24","ZooKeeperServer.java","262864","179337","442201"
"2019-11-06 15:21","ZooKeeperServer.java","260646","178056","438702"
"2020-04-12 11:14","ZooKeeperServer.java","271496","179337","450833"
"2013-10-09 22:21","ZooKeeperServer.java","26089","6916","33005"
"2015-03-08 23:07","ZooKeeperServer.java","52781","15127","67908"
"2018-06-08 16:52","ZooKeeperServer.java","81019","25960","106979"
"2018-06-15 07:41","ZooKeeperServer.java","81026","25964","106990"
"2018-07-28 04:37","ZooKeeperServer.java","100672","44080","144752"
"2019-04-18 19:17","ZooKeeperServer.java","239166","178028","417194"
"2012-03-15 17:47","ZooKeeperServer.java","1132","98","1230"
"2014-03-25 22:13","ZooKeeperServer.java","31037","7453","38490"
"2011-04-12 09:14","FileLoader.java","14937","15099","30036"
"2011-10-25 08:09","KeeperStateTest.java","42821","22531","65352"
"2019-08-17 17:13","KeeperStateTest.java","257015","167976","424991"
"2019-10-10 14:37","FLEZeroWeightTest.java","260768","167729","428497"
"2011-04-12 09:14","FLEZeroWeightTest.java","30345","19586","49931"
"2010-03-31 06:26","FLEZeroWeightTest.java","2961","2714","5675"
"2012-04-23 01:20","FLEZeroWeightTest.java","52854","27512","80366"
"2017-09-11 18:55","FLEZeroWeightTest.java","112814","41863","154677"
"2019-08-17 17:13","FLEZeroWeightTest.java","257015","167729","424744"
"2019-07-12 17:01","FLEZeroWeightTest.java","252328","167729","420057"
"2020-01-23 13:43","MultipleAddresses.java","5614","2244","7858"
"2020-03-19 17:09","MultipleAddresses.java","9576","4144","13720"
"2016-07-27 01:33","ZooKeeperTest.java","80864","24074","104938"
"2015-11-08 22:54","ZooKeeperTest.java","77287","22315","99602"
"2011-08-18 22:05","ZooKeeperTest.java","10471","1589","12060"
"2011-08-14 18:40","ZooKeeperTest.java","10219","1570","11789"
"2011-10-27 18:11","ZooKeeperTest.java","16542","6824","23366"
"2016-09-08 22:52","ZooKeeperTest.java","81662","24484","106146"
"2018-10-04 15:46","ZooKeeperTest.java","182787","107359","290146"
"2016-10-16 14:21","ZooKeeperTest.java","82879","24541","107420"
"2019-03-12 19:08","ZooKeeperTest.java","236981","178722","415703"
"2017-04-29 20:17","ZooKeeperTest.java","86996","26760","113756"
"2014-03-29 04:33","ZooKeeperTest.java","50121","14055","64176"
"2017-05-30 19:43","ZooKeeperTest.java","86993","27527","114520"
"2011-12-28 00:53","ZooKeeperTest.java","19000","7779","26779"
"2012-03-17 01:39","ZooKeeperTest.java","21839","8272","30111"
"2013-09-02 23:04","ZooKeeperTest.java","40974","13138","54112"
"2019-05-23 18:42","ZooKeeperTest.java","242140","178775","420915"
"2019-08-17 17:13","ZooKeeperTest.java","256910","178774","435684"
"2016-08-10 19:32","ZooKeeperTest.java","81037","24292","105329"
"2019-06-06 00:01","ZooKeeperTest.java","243047","178774","421821"
"2019-01-31 15:55","ReconfigCommand.java","232833","224893","457726"
"2019-08-17 17:13","ReconfigCommand.java","255292","225011","480303"
"2019-05-15 11:56","ServerConfig.java","3435","488","3923"
"2019-08-17 17:13","ServerConfig.java","47813","29620","77433"
"2019-04-18 19:17","ServerConfig.java","733","23","756"
"2019-06-07 14:13","TruncateTest.java","241025","230610","471635"
"2019-08-17 17:13","TruncateTest.java","254922","230611","485533"
"2019-07-12 17:01","TruncateTest.java","250235","230611","480846"
"2020-01-28 17:26","TruncateTest.java","267184","232475","499659"
"2019-08-17 17:13","JettyAdminServer.java","44192","29523","73715"
"2019-07-29 17:09","JettyAdminServer.java","17418","5735","23153"
"2020-05-05 09:18","JettyAdminServer.java","71256","42825","114081"
"2019-10-10 14:37","JettyAdminServer.java","50347","31925","82272"
"2018-09-15 00:08","ZooKeeperServer.java","118511","107470","225981"
"2019-04-12 19:01","ZooKeeperServer.java","237064","225544","462608"
"2019-07-31 19:06","ZooKeeperServer.java","254583","225563","480146"
"2019-09-11 10:27","ZooKeeperServer.java","256632","225563","482195"
"2019-01-14 19:38","ZooKeeperServer.java","230449","225444","455893"
"2019-01-07 15:34","ZooKeeperServer.java","230050","225444","455494"
"2018-11-21 17:56","ZooKeeperServer.java","223245","225442","448687"
"2017-04-28 07:14","ZooKeeperServer.java","3392","4269","7661"
"2017-02-12 00:12","ZooKeeperServer.java","2297","4073","6370"
"2019-02-13 13:12","ZooKeeperServer.java","234125","225466","459591"
"2018-07-19 05:59","ZooKeeperServer.java","36680","29572","66252"
"2018-09-18 01:00","ZooKeeperServer.java","119271","107577","226848"
"2019-03-04 08:07","ZooKeeperServer.java","234703","225467","460170"
"2019-07-08 23:26","ZooKeeperServer.java","244051","225562","469613"
"2019-01-23 14:00","ZooKeeperServer.java","231885","225445","457330"
"2019-02-13 13:19","ZooKeeperServer.java","234411","225466","459877"
"2019-05-14 17:11","ZooKeeperServer.java","239924","225544","465468"
"2019-06-04 10:55","ZooKeeperServer.java","240759","225562","466321"
"2019-04-09 15:35","ZooKeeperServer.java","236039","225469","461508"
"2019-08-03 08:42","ZooKeeperServer.java","255984","225563","481547"
"2019-05-15 11:56","ZooKeeperServer.java","240011","225544","465555"
"2019-05-22 11:39","ZooKeeperServer.java","240458","225545","466003"
"2019-04-22 19:15","ZooKeeperServer.java","238039","225544","463583"
"2018-02-23 23:49","ZooKeeperServer.java","12338","8441","20779"
"2017-08-18 06:32","ZooKeeperServer.java","5829","7166","12995"
"2017-06-26 00:16","ZooKeeperServer.java","4165","5510","9675"
"2019-09-10 04:26","ZooKeeperServer.java","256321","225563","481884"
"2019-08-17 17:13","ZooKeeperServer.java","255276","225563","480839"
"2019-09-05 23:12","ZooKeeperServer.java","256195","225563","481758"
"2019-09-10 15:21","ZooKeeperServer.java","256319","225563","481882"
"2019-08-01 07:31","ZooKeeperServer.java","255947","225563","481510"
"2019-08-01 07:28","ZooKeeperServer.java","255457","225563","481020"
"2019-06-03 19:40","ZooKeeperServer.java","240606","225562","466168"
"2019-11-23 17:08","ZooKeeperServer.java","261581","227167","488748"
"2019-10-09 16:49","ZooKeeperServer.java","258862","225563","484425"
"2019-07-03 00:44","ZooKeeperServer.java","243288","225562","468850"
"2018-01-19 01:12","ZooKeeperServer.java","11212","8357","19569"
"2019-07-24 18:00","ZooKeeperServer.java","251731","225563","477294"
"2018-08-08 06:21","ZooKeeperServer.java","86085","77497","163582"
"2018-05-09 23:57","ZooKeeperServer.java","14123","8721","22844"
"2019-12-27 22:33","ZooKeeperServer.java","265559","227168","492727"
"2018-09-11 00:17","ZooKeeperServer.java","116939","107447","224386"
"2019-11-18 09:05","ZooKeeperServer.java","260024","227167","487191"
"2019-10-10 14:37","ZooKeeperServer.java","259029","225563","484592"
"2019-09-16 23:26","ZooKeeperServer.java","258295","225563","483858"
"2017-06-23 18:39","ZooKeeperServer.java","4091","5416","9507"
"2019-12-03 10:01","ZooKeeperServer.java","263483","227167","490650"
"2020-03-25 03:38","ZooKeeperServer.java","269667","227169","496836"
"2019-11-28 12:24","ZooKeeperServer.java","261786","227167","488953"
"2019-11-06 15:21","ZooKeeperServer.java","259293","225611","484904"
"2020-04-12 11:14","ZooKeeperServer.java","270481","227230","497711"
"2018-06-08 16:52","ZooKeeperServer.java","15095","8944","24039"
"2018-06-15 07:41","ZooKeeperServer.java","15106","8952","24058"
"2018-07-28 04:37","ZooKeeperServer.java","37388","29704","67092"
"2019-04-18 19:17","ZooKeeperServer.java","237774","225544","463318"
"2019-10-10 14:37","LearnerHandler.java","260044","201018","461062"
"2015-06-05 20:38","LearnerHandler.java","28933","11242","40175"
"2015-06-05 20:51","LearnerHandler.java","28960","11242","40202"
"2015-06-12 23:02","LearnerHandler.java","29076","11260","40336"
"2019-07-03 20:54","LearnerHandler.java","244285","201018","445303"
"2018-09-18 01:00","LearnerHandler.java","149425","112171","261596"
"2018-08-03 18:52","LearnerHandler.java","76690","43012","119702"
"2018-12-09 03:16","LearnerHandler.java","228841","200910","429751"
"2019-04-12 19:01","LearnerHandler.java","238082","201002","439084"
"2017-11-28 00:10","LearnerHandler.java","51900","23642","75542"
"2019-06-29 00:33","LearnerHandler.java","244278","201018","445296"
"2019-07-25 21:41","LearnerHandler.java","252774","201018","453792"
"2019-08-23 19:43","LearnerHandler.java","256957","201018","457975"
"2019-08-17 17:13","LearnerHandler.java","256291","201018","457309"
"2017-06-26 00:16","LearnerHandler.java","46180","21965","68145"
"2017-08-03 20:28","LearnerHandler.java","46858","22995","69853"
"2019-05-06 17:48","LearnerHandler.java","240588","201002","441590"
"2019-08-03 08:42","LearnerHandler.java","256999","201018","458017"
"2019-04-22 19:15","LearnerHandler.java","239057","201002","440059"
"2014-03-25 22:13","QuorumPeerMainTest.java","37586","14822","52408"
"2018-05-10 00:14","QuorumPeerMainTest.java","85819","32277","118096"
"2018-10-05 14:25","QuorumPeerMainTest.java","223353","160137","383490"
"2018-07-17 10:41","QuorumPeerMainTest.java","105381","50192","155573"
"2018-07-27 12:32","QuorumPeerMainTest.java","105936","50236","156172"
"2013-10-09 22:21","QuorumPeerMainTest.java","32701","14348","47049"
"2011-09-17 02:13","QuorumPeerMainTest.java","1301","3248","4549"
"2015-11-03 08:11","QuorumPeerMainTest.java","65291","23610","88901"
"2020-01-23 13:43","QuorumPeerMainTest.java","267898","180170","448068"
"2019-10-10 14:37","QuorumPeerMainTest.java","260518","178964","439482"
"2019-12-28 16:17","QuorumPeerMainTest.java","266556","180170","446726"
"2017-12-16 01:25","QuorumPeerMainTest.java","82838","32008","114846"
"2018-01-19 00:52","QuorumPeerMainTest.java","82998","32055","115053"
"2018-04-30 06:34","QuorumPeerMainTest.java","85187","32276","117463"
"2019-07-25 21:41","QuorumPeerMainTest.java","253248","178964","432212"
"2019-08-17 17:13","QuorumPeerMainTest.java","256765","178964","435729"
"2018-02-23 23:49","QuorumPeerMainTest.java","84117","32132","116249"
"2012-04-23 01:20","QuorumPeerMainTest.java","11997","10677","22674"
"2014-01-09 20:21","QuorumPeerMainTest.java","34705","14506","49211"
"2019-07-02 07:34","QuorumPeerMainTest.java","244708","178964","423672"
"2019-05-20 17:18","QuorumPeerMainTest.java","241557","178965","420522"
"2018-10-16 16:22","QuorumPeerMainTest.java","236336","160138","396474"
"2015-02-06 06:17","QuorumPeerMainTest.java","58661","22001","80662"
"2018-08-29 06:26","QuorumPeerMainTest.java","166495","109283","275778"
"2018-08-03 18:52","QuorumPeerMainTest.java","106461","50255","156716"
"2018-09-11 15:23","QuorumPeerMainTest.java","172904","114377","287281"
"2019-07-29 17:15","CSharpGenerator.java","252786","224314","477100"
"2019-07-12 17:01","QuorumBase.java","250499","224314","474813"
"2019-08-17 17:13","QuorumBase.java","255186","224314","479500"
"2019-08-01 07:31","QuorumBase.java","255857","224314","480171"
"2018-08-08 06:21","QuorumBase.java","80408","70661","151069"
"2019-10-10 14:37","QuorumBase.java","258940","224315","483255"
"2020-03-25 03:38","QuorumBase.java","269636","225979","495615"
"2014-06-30 19:11","Observer.java","46137","15373","61510"
"2019-10-10 14:37","Observer.java","260412","175294","435706"
"2015-06-05 21:25","Observer.java","60825","17008","77833"
"2019-12-27 22:33","Observer.java","266642","176599","443241"
"2017-11-28 00:10","Observer.java","80749","26399","107148"
"2019-07-15 14:15","Observer.java","252078","175294","427372"
"2019-08-23 19:43","Observer.java","257325","175294","432619"
"2019-08-17 17:13","Observer.java","256659","175294","431953"
"2019-05-03 00:44","Observer.java","240656","175294","415950"
"2019-06-05 00:33","Observer.java","242380","175294","417674"
"2019-07-02 07:34","Observer.java","244602","175294","419896"
"2013-03-07 07:01","Observer.java","24724","8002","32726"
"2018-12-09 03:16","Observer.java","229240","175217","404457"
"2018-11-05 08:45","WatchEventWhenAutoResetTest.java","233306","197973","431279"
"2019-08-17 17:13","WatchEventWhenAutoResetTest.java","255966","218914","474880"
"2020-04-07 15:40","Version.java","13556","5075","18631"
"2019-11-11 13:59","ZooKeeperServerMain.java","56931","32038","88969"
"2019-11-28 12:24","ZooKeeperServerMain.java","59704","37315","97019"
"2019-11-25 15:37","ZooKeeperServerMain.java","59568","37277","96845"
"2019-08-17 17:13","ZooKeeperServerMain.java","47204","29721","76925"
"2019-07-31 19:06","Commands.java","255273","219061","474334"
"2019-11-29 14:49","Commands.java","264068","220606","484674"
"2018-11-17 18:37","Commands.java","223927","218947","442874"
"2018-09-18 01:00","Commands.java","129643","110757","240400"
"2019-08-17 17:13","Commands.java","255966","219061","475027"
"2019-06-29 00:33","Commands.java","243952","219060","463012"
"2019-06-03 19:40","Commands.java","241296","219060","460356"
"2019-07-15 14:15","Commands.java","251385","219061","470446"
"2018-07-12 01:33","Commands.java","37375","23563","60938"
"2019-07-25 23:43","Commands.java","252502","219061","471563"
"2019-06-05 12:14","Commands.java","241823","219060","460883"
"2019-08-06 01:43","Commands.java","256848","219061","475909"
"2019-05-27 10:54","Commands.java","241268","219043","460311"
"2019-06-04 10:55","Commands.java","241449","219060","460509"
"2019-05-15 11:56","Commands.java","240702","219043","459745"
"2019-12-03 10:01","Commands.java","264114","220606","484720"
"2018-09-11 00:17","Commands.java","127314","110630","237944"
"2019-11-20 07:00","Commands.java","260667","220606","481273"
"2018-06-08 16:52","Commands.java","27546","14203","41749"
"2019-01-31 15:55","DeleteCommand.java","234068","178779","412847"
"2019-08-17 17:13","DeleteCommand.java","256502","178872","435374"
"2017-05-27 00:52","DeleteCommand.java","68500","22228","90728"
"2016-07-27 01:33","DeleteCommand.java","61514","17918","79432"
"2018-10-16 16:22","QuorumPeerConfig.java","235666","160788","396454"
"2018-12-09 03:16","QuorumPeerConfig.java","229031","179892","408923"
"2019-04-12 19:01","QuorumPeerConfig.java","238259","179971","418230"
"2018-09-11 15:23","QuorumPeerConfig.java","164852","107645","272497"
"2013-03-07 07:01","QuorumPeerConfig.java","15236","3398","18634"
"2018-12-15 07:34","QuorumPeerConfig.java","228946","179892","408838"
"2019-02-13 13:12","QuorumPeerConfig.java","235340","179913","415253"
"2019-08-17 17:13","QuorumPeerConfig.java","256468","179987","436455"
"2015-03-17 18:06","QuorumPeerConfig.java","49913","13351","63264"
"2014-01-21 04:50","QuorumPeerConfig.java","23630","4642","28272"
"2012-12-16 07:43","QuorumPeerConfig.java","6938","1494","8432"
"2017-11-28 00:10","QuorumPeerConfig.java","73287","23821","97108"
"2019-06-05 00:29","QuorumPeerConfig.java","242135","179987","422122"
"2014-09-17 07:34","QuorumPeerConfig.java","46039","12930","58969"
"2020-01-09 11:27","QuorumPeerConfig.java","265883","181299","447182"
"2019-07-12 17:01","QuorumPeerConfig.java","251781","179987","431768"
"2016-11-13 20:59","QuorumPeerConfig.java","65051","18851","83902"
"2019-05-15 11:56","QuorumPeerConfig.java","241206","179971","421177"
"2014-08-19 22:50","QuorumPeerConfig.java","44953","12930","57883"
"2018-10-01 06:11","QuorumPeerConfig.java","168914","107873","276787"
"2017-07-28 00:36","QuorumPeerConfig.java","68346","23300","91646"
"2013-09-30 22:20","QuorumPeerConfig.java","18164","3941","22105"
"2017-07-06 18:48","QuorumPeerConfig.java","68765","22837","91602"
"2013-09-26 00:13","QuorumPeerConfig.java","17892","3913","21805"
"2020-01-23 13:43","QuorumPeerConfig.java","267707","181299","449006"
"2014-05-17 13:23","QuorumPeerConfig.java","35343","11460","46803"
"2014-07-04 04:19","QuorumPeerConfig.java","38170","11738","49908"
"2016-06-23 19:42","QuorumPeerConfig.java","59766","17998","77764"
"2015-09-06 20:02","QuorumPeerConfig.java","54891","14817","69708"
"2015-09-29 03:56","QuorumPeerConfig.java","55115","14860","69975"
"2019-10-10 14:37","QuorumPeerConfig.java","260221","179987","440208"
"2018-07-27 12:32","QuorumPeerConfig.java","97046","42666","139712"
"2019-04-18 19:17","QuorumPeerConfig.java","238969","179971","418940"
"2016-11-03 16:07","QuorumPeerConfig.java","63355","18824","82179"
"2014-03-25 22:13","QuorumPeerConfig.java","26390","4946","31336"
"2013-10-09 22:21","QuorumPeerConfig.java","21406","4373","25779"
"2014-08-01 07:38","QuorumPeerConfig.java","44296","12808","57104"
"2014-08-14 08:08","QuorumPeerConfig.java","44762","12853","57615"
"2020-02-16 10:25","QuorumPeerConfig.java","268420","181299","449719"
"2020-05-14 18:18","QuorumPeerConfig.java","271649","181303","452952"
"2017-05-11 16:59","QuorumPeerConfig.java","67651","22590","90241"
"2011-04-12 09:14","WadlTest.java","10270","15865","26135"
"2015-07-07 07:11","WadlTest.java","83925","35426","119351"
"2019-08-17 17:13","FourLetterWordMain.java","256083","217153","473236"
"2019-01-31 15:50","FourLetterWordMain.java","233640","217043","450683"
"2017-07-28 00:36","FourLetterWordMain.java","22215","14720","36935"
"2015-11-21 22:18","FourLetterWordMain.java","6155","2789","8944"
"2018-12-15 07:34","FourLetterWordMain.java","228544","217041","445585"
"2015-07-05 06:05","FourLetterWordMain.java","4079","2309","6388"
"2019-08-17 17:13","PortAssignmentTest.java","255966","218914","474880"
"2019-08-17 17:13","NioNettySuiteHammerTest.java","256985","187413","444398"
"2019-11-29 14:49","QuorumCnxManager.java","263341","233522","496863"
"2018-08-06 14:11","QuorumCnxManager.java","12698","10925","23623"
"2018-10-16 16:22","QuorumCnxManager.java","220324","198665","418989"
"2019-06-14 09:06","QuorumCnxManager.java","242844","231584","474428"
"2019-08-03 08:42","QuorumCnxManager.java","255555","231585","487140"
"2019-11-13 20:41","QuorumCnxManager.java","262615","231634","494249"
"2019-04-09 16:08","QuorumCnxManager.java","235587","231469","467056"
"2019-08-06 12:52","QuorumCnxManager.java","255820","231585","487405"
"2019-05-20 23:13","QuorumCnxManager.java","239701","231567","471268"
"2019-07-27 20:04","QuorumCnxManager.java","251378","231585","482963"
"2020-03-12 14:47","QuorumCnxManager.java","268729","233524","502253"
"2019-08-17 17:13","QuorumCnxManager.java","254847","231585","486432"
"2019-10-10 14:37","QuorumCnxManager.java","258601","231586","490187"
"2020-01-23 13:43","QuorumCnxManager.java","266713","233524","500237"
"2019-11-28 12:24","QuorumCnxManager.java","261690","233522","495212"
"2020-03-23 16:20","QuorumCnxManager.java","268900","233524","502424"
"2020-02-16 10:25","QuorumCnxManager.java","267426","233524","500950"
"2018-07-27 12:32","QuorumCnxManager.java","11858","10697","22555"
"2019-08-17 17:13","ServerStatsTest.java","174230","156211","330441"
"2019-11-29 14:49","QuorumCnxManager.java","262658","234612","497270"
"2018-10-16 16:22","QuorumCnxManager.java","219525","199639","419164"
"2019-06-14 09:06","QuorumCnxManager.java","242160","232673","474833"
"2019-08-03 08:42","QuorumCnxManager.java","254871","232674","487545"
"2019-11-13 20:41","QuorumCnxManager.java","261931","232723","494654"
"2019-04-09 16:08","QuorumCnxManager.java","234902","232557","467459"
"2019-08-06 12:52","QuorumCnxManager.java","255136","232674","487810"
"2019-05-20 23:13","QuorumCnxManager.java","239017","232656","471673"
"2019-07-27 20:04","QuorumCnxManager.java","250694","232674","483368"
"2020-03-12 14:47","QuorumCnxManager.java","268046","234614","502660"
"2019-08-17 17:13","QuorumCnxManager.java","254163","232674","486837"
"2019-10-10 14:37","QuorumCnxManager.java","257917","232675","490592"
"2020-01-23 13:43","QuorumCnxManager.java","266030","234614","500644"
"2019-11-28 12:24","QuorumCnxManager.java","261007","234612","495619"
"2020-03-23 16:20","QuorumCnxManager.java","268217","234614","502831"
"2020-02-16 10:25","QuorumCnxManager.java","266743","234614","501357"
"2019-08-17 17:13","QuorumMajorityTest.java","45540","29662","75202"
"2019-08-17 17:13","CreateMode.java","255827","223293","479120"
"2017-07-28 00:36","CreateMode.java","8799","7700","16499"
"2019-02-07 11:26","PrepRequestProcessor.java","232349","231412","463761"
"2019-09-11 10:27","PrepRequestProcessor.java","255520","231559","487079"
"2019-01-16 14:21","PrepRequestProcessor.java","229990","231405","461395"
"2019-11-08 17:30","PrepRequestProcessor.java","259826","231607","491433"
"2019-04-09 15:35","PrepRequestProcessor.java","234903","231441","466344"
"2019-04-17 14:16","PrepRequestProcessor.java","236197","231520","467717"
"2019-05-10 12:22","PrepRequestProcessor.java","238649","231537","470186"
"2019-02-07 11:22","PrepRequestProcessor.java","232011","231412","463423"
"2019-08-01 07:31","PrepRequestProcessor.java","254834","231558","486392"
"2019-06-26 10:57","PrepRequestProcessor.java","242012","231557","473569"
"2019-08-17 17:13","PrepRequestProcessor.java","254163","231558","485721"
"2018-08-08 06:21","PrepRequestProcessor.java","49519","48039","97558"
"2019-12-27 22:33","PrepRequestProcessor.java","264780","233497","498277"
"2019-10-10 14:37","PrepRequestProcessor.java","257917","231559","489476"
"2020-03-25 03:38","PrepRequestProcessor.java","268888","233498","502386"
"2019-08-17 17:13","SaslAuthRequiredTest.java","29313","25768","55081"
"2017-02-14 09:23","ZooInspectorManagerImpl.java","12710","8243","20953"
"2018-08-06 14:13","ZooInspectorManagerImpl.java","94931","80438","175369"
"2019-08-17 17:13","TraceMaskCommand.java","255967","218737","474704"
"2019-08-17 17:13","AvgMinMaxPercentileCounterSet.java","47813","29620","77433"
"2016-09-18 23:21","ZooKeeperServerMainTest.java","20284","8355","28639"
"2016-08-24 01:36","ZooKeeperServerMainTest.java","19411","8142","27553"
"2016-08-13 15:01","ZooKeeperServerMainTest.java","19358","7857","27215"
"2014-09-28 19:15","ZooKeeperServerMainTest.java","2380","538","2918"
"2017-01-13 19:29","ZooKeeperServerMainTest.java","26141","9537","35678"
"2019-06-03 19:40","ZooKeeperServerMainTest.java","241478","211011","452489"
"2019-08-17 17:13","ZooKeeperServerMainTest.java","256147","211011","467158"
"2018-09-11 15:23","ZooKeeperServerMainTest.java","137915","112053","249968"
"2017-01-05 22:32","ZooKeeperServerMainTest.java","25691","9457","35148"
"2018-10-05 14:25","QuorumPeerMainTest.java","217986","208312","426298"
"2018-07-17 10:41","QuorumPeerMainTest.java","23276","21629","44905"
"2018-07-27 12:32","QuorumPeerMainTest.java","23923","21765","45688"
"2020-01-23 13:43","QuorumPeerMainTest.java","266713","232527","499240"
"2019-10-10 14:37","QuorumPeerMainTest.java","258676","230664","489340"
"2019-12-28 16:17","QuorumPeerMainTest.java","265370","232526","497896"
"2019-07-25 21:41","QuorumPeerMainTest.java","251405","230663","482068"
"2019-08-17 17:13","QuorumPeerMainTest.java","254922","230663","485585"
"2019-07-02 07:34","QuorumPeerMainTest.java","242864","230662","473526"
"2019-05-20 17:18","QuorumPeerMainTest.java","239695","230645","470340"
"2018-10-16 16:22","QuorumPeerMainTest.java","230973","208317","439290"
"2018-08-29 06:26","QuorumPeerMainTest.java","98566","94896","193462"
"2018-08-03 18:52","QuorumPeerMainTest.java","24601","21937","46538"
"2018-09-11 15:23","QuorumPeerMainTest.java","105605","100620","206225"
"2019-08-17 17:13","FileKeyStoreLoaderBuilderProvider.java","68806","36682","105488"
"2018-01-19 00:43","FileTxnLog.java","52932","24131","77063"
"2019-12-27 22:33","FileTxnLog.java","266387","202049","468436"
"2019-10-10 14:37","FileTxnLog.java","260045","200632","460677"
"2018-11-12 22:36","FileTxnLog.java","224275","200523","424798"
"2018-08-01 21:19","FileTxnLog.java","76731","42975","119706"
"2018-04-27 20:28","FileTxnLog.java","55003","24352","79355"
"2018-06-08 16:52","FileTxnLog.java","56599","24501","81100"
"2014-06-30 19:11","FileTxnLog.java","13055","7996","21051"
"2020-01-28 17:26","FileTxnLog.java","268107","202049","470156"
"2019-05-14 17:11","FileTxnLog.java","240943","200616","441559"
"2019-01-07 14:24","FileTxnLog.java","231015","200525","431540"
"2019-04-12 19:01","FileTxnLog.java","238083","200616","438699"
"2017-04-28 07:14","FileTxnLog.java","45929","20859","66788"
"2018-09-06 01:11","FileTxnLog.java","147563","112176","259739"
"2018-09-18 01:00","FileTxnLog.java","149904","112263","262167"
"2016-03-20 19:31","FileTxnLog.java","34682","14554","49236"
"2019-08-17 17:13","FileTxnLog.java","256292","200632","456924"
"2019-06-03 19:40","FileTxnLog.java","241623","200632","442255"
"2018-04-24 00:20","FileTxnLog.java","54811","24247","79058"
"2018-02-14 21:23","FileTxnLog.java","53878","24198","78076"
"2019-08-03 08:42","FileTxnLog.java","257000","200632","457632"
"2019-04-09 15:35","FileTxnLog.java","237062","200545","437607"
"2017-08-03 20:41","FileTxnLog.java","47402","23148","70550"
"2018-02-02 00:26","FileTxnLog.java","52943","24135","77078"
"2017-06-26 00:07","FileTxnLog.java","46652","22044","68696"
"2018-07-10 13:29","DelQuotaCommand.java","31032","20269","51301"
"2017-05-27 00:52","DelQuotaCommand.java","9371","6695","16066"
"2019-08-17 17:13","DelQuotaCommand.java","255887","221853","477740"
"2019-01-31 15:55","DelQuotaCommand.java","233428","221735","455163"
"2019-10-10 14:37","SerializationPerfTest.java","7470","3717","11187"
"2019-10-10 14:37","SessionTest.java","7470","3717","11187"
"2019-12-28 16:17","SessionTest.java","18815","10230","29045"
"2016-12-22 23:23","AbstractFourLetterCommand.java","81","18","99"
"2018-11-17 18:37","AbstractFourLetterCommand.java","223230","226059","449289"
"2018-02-07 01:05","AbstractFourLetterCommand.java","10934","7998","18932"
"2019-08-17 17:13","AbstractFourLetterCommand.java","255276","226180","481456"
"2020-03-12 14:47","CnxManagerTest.java","268794","229836","498630"
"2019-08-17 17:13","CnxManagerTest.java","255079","228064","483143"
"2019-06-03 19:40","CnxManagerTest.java","240409","228063","468472"
"2019-07-12 17:01","CnxManagerTest.java","250392","228064","478456"
"2019-05-08 21:54","CnxManagerTest.java","239561","228044","467605"
"2019-08-06 12:52","CnxManagerTest.java","256052","228064","484116"
"2019-06-14 09:06","CnxManagerTest.java","243076","228063","471139"
"2019-11-29 14:49","CnxManagerTest.java","263406","229834","493240"
"2020-02-16 10:25","CnxManagerTest.java","267491","229836","497327"
"2019-10-10 14:37","CnxManagerTest.java","258833","228065","486898"
"2019-04-12 19:01","ServerConfig.java","3740","879","4619"
"2019-05-15 11:56","ServerConfig.java","7136","1328","8464"
"2019-08-17 17:13","ServerConfig.java","51153","30099","81252"
"2019-04-18 19:17","ServerConfig.java","4472","901","5373"
"2008-10-03 15:06","ProposalRequestProcessor.java","28344","3484","31828"
"2009-05-20 20:48","ProposalRequestProcessor.java","91246","9184","100430"
"2009-06-18 18:37","ProposalRequestProcessor.java","95830","9514","105344"
"2019-08-17 17:13","ProposalRequestProcessor.java","257888","48065","305953"
"2010-08-18 08:24","ProposalRequestProcessor.java","152416","12165","164581"
"2012-03-15 17:47","ProposalRequestProcessor.java","148356","15869","164225"
"2011-10-20 20:02","ProposalRequestProcessor.java","144477","15768","160245"
"2019-10-10 14:37","ClientPortBindTest.java","7470","3717","11187"
"2019-06-07 14:13","SessionTest.java","243604","141556","385160"
"2019-08-17 17:13","SessionTest.java","257500","141556","399056"
"2009-06-30 03:32","SessionTest.java","124","32","156"
"2009-07-17 00:09","SessionTest.java","939","411","1350"
"2017-09-11 18:55","SessionTest.java","132188","35920","168108"
"2010-11-04 17:01","SessionTest.java","94818","18364","113182"
"2018-09-22 06:48","SessionTest.java","197291","88101","285392"
"2011-10-25 08:09","SessionTest.java","72174","26345","98519"
"2010-08-17 09:24","SessionTest.java","60757","17745","78502"
"2011-04-12 09:14","SessionTest.java","60498","23081","83579"
"2010-03-31 06:26","SessionTest.java","41780","14875","56655"
"2010-08-18 08:24","SessionTest.java","64582","18210","82792"
"2010-10-21 02:44","SessionTest.java","94706","18358","113064"
"2010-08-05 09:09","SessionTest.java","58688","17452","76140"
"2013-12-21 22:05","SessionTest.java","99430","30035","129465"
"2010-03-12 19:26","SessionTest.java","40175","13528","53703"
"2009-08-07 01:23","SessionTest.java","1968","609","2577"
"2019-10-10 14:37","SessionTest.java","261253","141556","402809"
"2015-07-07 07:11","SessionTest.java","122444","32356","154800"
"2019-12-28 16:17","SessionTest.java","266724","142195","408919"
"2009-09-16 02:09","SessionTest.java","4664","1721","6385"
"2010-01-26 03:22","SessionTest.java","23388","6001","29389"
"2009-06-25 00:59","ClientBase.java","67478","10479","77957"
"2008-11-19 11:20","ClientBase.java","7543","2021","9564"
"2012-08-28 21:51","ClientBase.java","123374","18066","141440"
"2017-06-08 17:51","ClientBase.java","170675","22062","192737"
"2012-07-17 23:19","ClientBase.java","122290","18056","140346"
"2017-04-18 01:37","ClientBase.java","171072","21827","192899"
"2010-03-16 22:23","ClientBase.java","97530","13157","110687"
"2018-09-07 02:49","ClientBase.java","212974","53291","266265"
"2019-07-31 19:06","ClientBase.java","257013","84072","341085"
"2012-02-06 09:47","ClientBase.java","118891","17778","136669"
"2015-02-06 06:17","ClientBase.java","159509","20707","180216"
"2017-09-11 18:55","ClientBase.java","171236","22165","193401"
"2009-07-17 00:09","ClientBase.java","68909","10691","79600"
"2009-06-30 03:32","ClientBase.java","68326","10544","78870"
"2019-08-17 17:13","ClientBase.java","257706","84072","341778"
"2009-06-18 18:37","ClientBase.java","60263","10136","70399"
"2015-03-28 20:08","ClientBase.java","161737","20724","182461"
"2019-06-07 14:13","ClientBase.java","243810","84072","327882"
"2018-04-24 00:20","ClientBase.java","177100","22253","199353"
"2018-08-08 06:21","ClientBase.java","195726","36908","232634"
"2018-05-09 23:57","ClientBase.java","177913","22281","200194"
"2009-06-09 07:04","ClientBase.java","57683","9801","67484"
"2019-06-24 11:05","ClientBase.java","245039","84072","329111"
"2012-12-11 08:42","ClientBase.java","126873","18232","145105"
"2017-01-13 19:29","ClientBase.java","172926","21515","194441"
"2010-01-25 04:28","ClientBase.java","87509","12980","100489"
"2010-03-09 05:44","ClientBase.java","96674","13067","109741"
"2016-06-23 23:25","ClientBase.java","166598","21093","187691"
"2014-01-03 01:40","ClientBase.java","141380","19042","160422"
"2014-01-25 01:17","ClientBase.java","143188","19044","162232"
"2009-11-20 23:28","ClientBase.java","83328","12413","95741"
"2009-11-25 20:06","ClientBase.java","83365","12417","95782"
"2009-11-12 20:53","ClientBase.java","75871","12266","88137"
"2009-08-25 07:45","ClientBase.java","70923","10796","81719"
"2009-09-16 02:09","ClientBase.java","71772","11139","82911"
"2019-11-14 16:44","ClientBase.java","265733","84072","349805"
"2019-10-10 14:37","ClientBase.java","261459","84072","345531"
"2012-03-15 17:47","ClientBase.java","120260","17904","138164"
"2010-09-15 07:51","ClientBase.java","146485","14253","160738"
"2012-01-14 00:28","ClientBase.java","118352","17755","136107"
"2011-04-12 09:14","ClientBase.java","110187","15080","125267"
"2011-11-05 07:29","ClientBase.java","116774","17597","134371"
"2016-08-24 01:36","ClientBase.java","167381","21305","188686"
"2011-09-17 02:13","ClientBase.java","116207","16012","132219"
"2010-07-05 20:20","ClientBase.java","109255","13813","123068"
"2010-03-31 06:26","ClientBase.java","98325","13730","112055"
"2010-08-18 08:24","ClientBase.java","118315","14253","132568"
"2008-10-22 01:49","ClientBase.java","535","125","660"
"2009-05-14 22:15","ClientBase.java","55212","9500","64712"
"2015-03-08 23:07","ClientBase.java","159694","20718","180412"
"2014-02-12 17:00","FileTxnLog.java","3191","306","3497"
"2018-01-19 00:43","FileTxnLog.java","55804","24118","79922"
"2019-12-27 22:33","FileTxnLog.java","266387","199164","465551"
"2019-10-10 14:37","FileTxnLog.java","260113","197815","457928"
"2018-11-12 22:36","FileTxnLog.java","224351","197714","422065"
"2018-08-01 21:19","FileTxnLog.java","79576","42935","122511"
"2018-04-27 20:28","FileTxnLog.java","57875","24339","82214"
"2018-06-08 16:52","FileTxnLog.java","59465","24482","83947"
"2014-06-30 19:11","FileTxnLog.java","16144","8200","24344"
"2020-01-28 17:26","FileTxnLog.java","268107","199164","467271"
"2019-05-14 17:11","FileTxnLog.java","241011","197799","438810"
"2019-01-07 14:24","FileTxnLog.java","231091","197716","428807"
"2019-04-12 19:01","FileTxnLog.java","238151","197799","435950"
"2017-04-28 07:14","FileTxnLog.java","48836","20881","69717"
"2018-09-06 01:11","FileTxnLog.java","150381","112109","262490"
"2018-09-18 01:00","FileTxnLog.java","152720","112194","264914"
"2016-03-20 19:31","FileTxnLog.java","37699","14686","52385"
"2019-08-17 17:13","FileTxnLog.java","256360","197815","454175"
"2019-06-03 19:40","FileTxnLog.java","241691","197815","439506"
"2018-04-24 00:20","FileTxnLog.java","57683","24234","81917"
"2018-02-14 21:23","FileTxnLog.java","56750","24185","80935"
"2019-08-03 08:42","FileTxnLog.java","257068","197815","454883"
"2019-04-09 15:35","FileTxnLog.java","237138","197736","434874"
"2017-08-03 20:41","FileTxnLog.java","50302","23163","73465"
"2018-02-02 00:26","FileTxnLog.java","55815","24122","79937"
"2017-06-26 00:07","FileTxnLog.java","49552","22059","71611"
"2015-01-31 08:05","ClientCnxn.java","25030","10456","35486"
"2016-05-02 18:15","ClientCnxn.java","36799","16189","52988"
"2019-08-17 17:13","ClientCnxn.java","256292","200382","456674"
"2015-05-10 00:27","ClientCnxn.java","27976","10863","38839"
"2017-12-19 19:27","ClientCnxn.java","53057","24118","77175"
"2019-01-31 15:50","ClientCnxn.java","233853","200276","434129"
"2019-04-09 15:35","ClientCnxn.java","237062","200295","437357"
"2014-12-20 15:29","ClientCnxn.java","24987","10424","35411"
"2019-11-08 17:30","ClientCnxn.java","261934","200410","462344"
"2017-06-08 17:59","ClientCnxn.java","46630","21981","68611"
"2019-01-16 14:21","ClientCnxn.java","232166","200276","432442"
"2019-01-07 14:24","ClientCnxn.java","231015","200275","431290"
"2019-03-06 03:32","ClientCnxn.java","235989","200294","436283"
"2015-02-06 06:17","ClientCnxn.java","25332","10563","35895"
"2019-02-07 11:26","ClientCnxn.java","234519","200277","434796"
"2018-11-05 19:40","ClientCnxn.java","235275","180879","416154"
"2020-05-17 15:13","ClientCnxn.java","271665","201810","473475"
"2018-06-25 12:30","ClientCnxn.java","56992","24527","81519"
"2020-03-03 03:12","ClientCnxn.java","269444","201799","471243"
"2018-09-10 11:44","ClientCnxn.java","147852","112202","260054"
"2015-06-13 02:42","ClientCnxn.java","30107","11532","41639"
"2014-03-23 04:12","ClientCnxn.java","1004","367","1371"
"2015-11-09 00:05","ClientCnxn.java","32932","12865","45797"
"2015-12-06 19:58","ClientCnxn.java","33358","12986","46344"
"2020-01-21 17:53","ClientCnxn.java","265705","201799","467504"
"2015-12-05 22:43","ClientCnxn.java","33355","12986","46341"
"2015-12-05 22:32","ClientCnxn.java","33349","12985","46334"
"2019-10-10 14:37","ClientCnxn.java","260045","200382","460427"
"2014-04-01 04:03","ClientCnxn.java","2090","610","2700"
"2019-11-21 05:58","ClientCnxn.java","260876","201799","462675"
"2020-04-16 12:50","ClientCnxn.java","271283","201799","473082"
"2018-07-27 05:16","ClientCnxn.java","76558","42941","119499"
"2011-04-29 18:12","QuorumCnxManager.java","3197","42840","46037"
"2011-12-28 01:26","QuorumCnxManager.java","21733","50093","71826"
"2019-11-29 14:49","QuorumCnxManager.java","264615","219509","484124"
"2013-03-07 07:01","QuorumCnxManager.java","41660","55066","96726"
"2018-07-11 06:04","QuorumCnxManager.java","105693","77718","183411"
"2018-08-06 14:11","QuorumCnxManager.java","116739","86991","203730"
"2012-06-29 22:08","QuorumCnxManager.java","27763","52964","80727"
"2018-10-16 16:22","QuorumCnxManager.java","236815","187181","423996"
"2019-06-14 09:06","QuorumCnxManager.java","244983","218436","463419"
"2019-08-03 08:42","QuorumCnxManager.java","257693","218436","476129"
"2019-11-13 20:41","QuorumCnxManager.java","264704","218436","483140"
"2019-04-09 16:08","QuorumCnxManager.java","237790","218385","456175"
"2019-08-06 12:52","QuorumCnxManager.java","257958","218436","476394"
"2017-02-09 11:40","QuorumCnxManager.java","90136","67138","157274"
"2019-05-20 23:13","QuorumCnxManager.java","241858","218437","460295"
"2015-04-09 20:16","QuorumCnxManager.java","75465","63084","138549"
"2017-08-23 02:16","QuorumCnxManager.java","89834","69532","159366"
"2019-07-27 20:04","QuorumCnxManager.java","253516","218436","471952"
"2015-05-29 23:46","QuorumCnxManager.java","76121","63224","139345"
"2015-05-14 07:10","QuorumCnxManager.java","75792","63191","138983"
"2020-03-12 14:47","QuorumCnxManager.java","270001","219509","489510"
"2019-08-17 17:13","QuorumCnxManager.java","256985","218436","475421"
"2017-11-28 00:10","QuorumCnxManager.java","93978","69756","163734"
"2019-10-10 14:37","QuorumCnxManager.java","260738","218436","479174"
"2014-07-23 19:36","QuorumCnxManager.java","68632","62684","131316"
"2017-06-09 18:37","QuorumCnxManager.java","89370","69364","158734"
"2020-01-23 13:43","QuorumCnxManager.java","267985","219509","487494"
"2014-03-23 04:12","QuorumCnxManager.java","51925","55961","107886"
"2014-07-08 05:25","QuorumCnxManager.java","64070","62392","126462"
"2019-11-28 12:24","QuorumCnxManager.java","262964","219509","482473"
"2014-06-25 15:04","QuorumCnxManager.java","62056","62014","124070"
"2011-08-15 02:44","QuorumCnxManager.java","13371","44124","57495"
"2016-06-08 17:43","QuorumCnxManager.java","82429","66000","148429"
"2020-03-23 16:20","QuorumCnxManager.java","270172","219509","489681"
"2020-02-16 10:25","QuorumCnxManager.java","268698","219509","488207"
"2014-07-22 06:45","QuorumCnxManager.java","68555","62682","131237"
"2011-04-12 09:14","QuorumCnxManager.java","2745","42723","45468"
"2018-07-27 12:32","QuorumCnxManager.java","116089","86953","203042"
"2011-03-16 19:49","QuorumCnxManager.java","1913","418","2331"
"2018-09-28 23:38","WatchesReportTest.java","133032","111425","244457"
"2019-08-17 17:13","WatchesReportTest.java","255966","218914","474880"
"2019-06-03 19:40","X509AuthenticationProvider.java","20982","8224","29206"
"2019-08-17 17:13","X509AuthenticationProvider.java","63127","35700","98827"
"2018-12-15 07:34","X509AuthenticationProvider.java","7044","2347","9391"
"2019-06-03 19:40","X509AuthenticationProvider.java","27913","10458","38371"
"2019-08-17 17:13","X509AuthenticationProvider.java","68806","36682","105488"
"2019-04-12 19:01","NullMetricsProvider.java","154089","153008","307097"
"2019-06-04 10:55","NullMetricsProvider.java","157813","153055","310868"
"2019-08-17 17:13","NullMetricsProvider.java","174233","154959","329192"
"2015-03-08 23:07","LeaderSessionTracker.java","29285","10804","40089"
"2019-10-10 14:37","LeaderSessionTracker.java","260120","196919","457039"
"2018-08-08 06:21","LeaderSessionTracker.java","123640","85317","208957"
"2019-08-17 17:13","LeaderSessionTracker.java","256367","196919","453286"
"2014-07-18 02:19","LeaderSessionTracker.java","23155","9599","32754"
"2019-08-17 17:13","Election.java","257710","72583","330293"
"2011-04-12 09:14","Election.java","121831","15231","137062"
"2019-06-04 10:55","NullMetricsProvider.java","4626","949","5575"
"2019-08-17 17:13","NullMetricsProvider.java","47813","29620","77433"
"2018-09-15 00:08","ZooKeeperServer.java","92812","88879","181691"
"2019-04-12 19:01","ZooKeeperServer.java","235932","231520","467452"
"2019-07-31 19:06","ZooKeeperServer.java","253470","231558","485028"
"2019-09-11 10:27","ZooKeeperServer.java","255520","231559","487079"
"2019-01-14 19:38","ZooKeeperServer.java","229300","231403","460703"
"2019-01-07 15:34","ZooKeeperServer.java","228901","231403","460304"
"2018-11-21 17:56","ZooKeeperServer.java","222094","231399","453493"
"2019-02-13 13:12","ZooKeeperServer.java","232989","231438","464427"
"2018-09-18 01:00","ZooKeeperServer.java","93586","89000","182586"
"2019-03-04 08:07","ZooKeeperServer.java","233567","231439","465006"
"2019-07-08 23:26","ZooKeeperServer.java","242938","231557","474495"
"2019-01-23 14:00","ZooKeeperServer.java","230737","231405","462142"
"2019-02-13 13:19","ZooKeeperServer.java","233275","231438","464713"
"2019-05-14 17:11","ZooKeeperServer.java","238809","231537","470346"
"2019-06-04 10:55","ZooKeeperServer.java","239646","231557","471203"
"2019-04-09 15:35","ZooKeeperServer.java","234903","231441","466344"
"2019-08-03 08:42","ZooKeeperServer.java","254871","231558","486429"
"2019-05-15 11:56","ZooKeeperServer.java","238896","231537","470433"
"2019-05-22 11:39","ZooKeeperServer.java","239345","231540","470885"
"2019-04-22 19:15","ZooKeeperServer.java","236907","231520","468427"
"2019-09-10 04:26","ZooKeeperServer.java","255209","231559","486768"
"2019-08-17 17:13","ZooKeeperServer.java","254163","231558","485721"
"2019-09-05 23:12","ZooKeeperServer.java","255083","231559","486642"
"2019-09-10 15:21","ZooKeeperServer.java","255207","231559","486766"
"2019-08-01 07:31","ZooKeeperServer.java","254834","231558","486392"
"2019-08-01 07:28","ZooKeeperServer.java","254344","231558","485902"
"2019-06-03 19:40","ZooKeeperServer.java","239493","231557","471050"
"2019-11-23 17:08","ZooKeeperServer.java","260802","233496","494298"
"2019-10-09 16:49","ZooKeeperServer.java","257750","231559","489309"
"2019-07-03 00:44","ZooKeeperServer.java","242175","231557","473732"
"2019-07-24 18:00","ZooKeeperServer.java","250618","231558","482176"
"2018-08-08 06:21","ZooKeeperServer.java","49519","48039","97558"
"2019-12-27 22:33","ZooKeeperServer.java","264780","233497","498277"
"2018-09-11 00:17","ZooKeeperServer.java","91230","88846","180076"
"2019-11-18 09:05","ZooKeeperServer.java","259245","233496","492741"
"2019-10-10 14:37","ZooKeeperServer.java","257917","231559","489476"
"2019-09-16 23:26","ZooKeeperServer.java","257183","231559","488742"
"2019-12-03 10:01","ZooKeeperServer.java","262704","233496","496200"
"2020-03-25 03:38","ZooKeeperServer.java","268888","233498","502386"
"2019-11-28 12:24","ZooKeeperServer.java","261007","233496","494503"
"2019-11-06 15:21","ZooKeeperServer.java","258181","231607","489788"
"2020-04-12 11:14","ZooKeeperServer.java","269702","233559","503261"
"2018-07-28 04:37","ZooKeeperServer.java","713","137","850"
"2019-04-18 19:17","ZooKeeperServer.java","236642","231520","468162"
"2019-02-07 11:26","PrepRequestProcessor.java","233381","224177","457558"
"2019-09-11 10:27","PrepRequestProcessor.java","256543","224315","480858"
"2018-07-19 05:59","PrepRequestProcessor.java","30967","22700","53667"
"2019-01-16 14:21","PrepRequestProcessor.java","231027","224175","455202"
"2019-11-08 17:30","PrepRequestProcessor.java","260849","224363","485212"
"2019-04-09 15:35","PrepRequestProcessor.java","235930","224201","460131"
"2019-04-17 14:16","PrepRequestProcessor.java","237222","224278","461500"
"2019-05-10 12:22","PrepRequestProcessor.java","239674","224295","463969"
"2019-02-07 11:22","PrepRequestProcessor.java","233043","224177","457220"
"2019-08-01 07:31","PrepRequestProcessor.java","255857","224314","480171"
"2019-06-26 10:57","PrepRequestProcessor.java","243035","224313","467348"
"2019-08-17 17:13","PrepRequestProcessor.java","255186","224314","479500"
"2018-08-08 06:21","PrepRequestProcessor.java","80408","70661","151069"
"2018-05-09 23:57","PrepRequestProcessor.java","8101","1540","9641"
"2019-12-27 22:33","PrepRequestProcessor.java","265528","225978","491506"
"2019-10-10 14:37","PrepRequestProcessor.java","258940","224315","483255"
"2020-03-25 03:38","PrepRequestProcessor.java","269636","225979","495615"
"2018-06-15 07:41","PrepRequestProcessor.java","9101","1788","10889"
"2014-08-24 07:42","ReconfigRecoveryTest.java","553","196","749"
"2017-07-06 18:48","ReconfigRecoveryTest.java","27563","13544","41107"
"2019-08-17 17:13","ReconfigRecoveryTest.java","256146","211574","467720"
"2017-09-11 18:55","ReconfigRecoveryTest.java","29018","15318","44336"
"2019-07-15 14:46","X509UtilTest.java","23469","6446","29915"
"2019-08-17 17:13","X509UtilTest.java","51382","30208","81590"
"2019-09-18 16:03","X509UtilTest.java","55789","31698","87487"
"2020-01-23 13:43","QuorumPeerMainTest.java","136456","111944","248400"
"2019-10-10 14:37","QuorumPeerMainTest.java","126705","108367","235072"
"2019-12-28 16:17","QuorumPeerMainTest.java","134204","111034","245238"
"2019-07-25 21:41","QuorumPeerMainTest.java","107051","95983","203034"
"2019-08-17 17:13","QuorumPeerMainTest.java","121593","107008","228601"
"2019-07-02 07:34","QuorumPeerMainTest.java","97852","95324","193176"
"2019-05-20 17:18","QuorumPeerMainTest.java","93135","93759","186894"
"2018-10-16 16:22","QuorumPeerMainTest.java","13524","542","14066"
"2013-09-18 12:58","ClientCnxn.java","93612","29642","123254"
"2015-01-31 08:05","ClientCnxn.java","117285","32009","149294"
"2016-05-02 18:15","ClientCnxn.java","125230","33918","159148"
"2014-01-24 07:18","ClientCnxn.java","100674","29972","130646"
"2019-08-17 17:13","ClientCnxn.java","257500","142084","399584"
"2015-05-10 00:27","ClientCnxn.java","119914","32099","152013"
"2017-12-19 19:27","ClientCnxn.java","135641","36000","171641"
"2019-01-31 15:50","ClientCnxn.java","235123","142040","377163"
"2012-08-02 00:24","ClientCnxn.java","79718","28173","107891"
"2019-04-09 15:35","ClientCnxn.java","238321","142048","380369"
"2013-02-03 15:52","ClientCnxn.java","87121","29215","116336"
"2014-12-20 15:29","ClientCnxn.java","117264","31999","149263"
"2012-03-15 18:01","ClientCnxn.java","75923","26768","102691"
"2019-11-08 17:30","ClientCnxn.java","263114","142084","405198"
"2017-06-08 17:59","ClientCnxn.java","131134","35783","166917"
"2012-09-09 20:24","ClientCnxn.java","80471","28187","108658"
"2019-01-16 14:21","ClientCnxn.java","233436","142040","375476"
"2019-01-07 14:24","ClientCnxn.java","232286","142040","374326"
"2019-03-06 03:32","ClientCnxn.java","237249","142048","379297"
"2010-11-11 18:11","ClientCnxn.java","95323","18440","113763"
"2010-11-10 23:36","ClientCnxn.java","95280","18393","113673"
"2011-09-14 07:43","ClientCnxn.java","70930","21890","92820"
"2011-08-19 00:05","ClientCnxn.java","68573","21753","90326"
"2015-02-06 06:17","ClientCnxn.java","117513","32042","149555"
"2019-02-07 11:26","ClientCnxn.java","235788","142040","377828"
"2018-11-05 19:40","ClientCnxn.java","239609","114511","354120"
"2011-04-12 09:14","ClientCnxn.java","59741","22852","82593"
"2010-10-06 18:14","ClientCnxn.java","92135","17966","110101"
"2010-11-30 21:16","ClientCnxn.java","95838","18584","114422"
"2020-05-17 15:13","ClientCnxn.java","272085","142724","414809"
"2018-06-25 12:30","ClientCnxn.java","139328","36161","175489"
"2012-12-19 19:16","ClientCnxn.java","86584","29171","115755"
"2020-03-03 03:12","ClientCnxn.java","269874","142723","412597"
"2018-09-10 11:44","ClientCnxn.java","194457","88105","282562"
"2011-09-28 22:17","ClientCnxn.java","71610","24517","96127"
"2015-06-13 02:42","ClientCnxn.java","121506","32229","153735"
"2010-10-21 02:44","ClientCnxn.java","93920","18100","112020"
"2010-08-05 09:09","ClientCnxn.java","57877","17169","75046"
"2011-05-20 01:17","ClientCnxn.java","60613","22905","83518"
"2014-03-23 04:12","ClientCnxn.java","101444","30105","131549"
"2015-11-09 00:05","ClientCnxn.java","123101","32332","155433"
"2015-12-06 19:58","ClientCnxn.java","123442","32368","155810"
"2020-01-21 17:53","ClientCnxn.java","266135","142723","408858"
"2015-12-05 22:43","ClientCnxn.java","123439","32368","155807"
"2015-12-05 22:32","ClientCnxn.java","123433","32367","155800"
"2010-03-04 02:28","ClientCnxn.java","32566","13187","45753"
"2010-01-25 04:28","ClientCnxn.java","21879","5568","27447"
"2019-10-10 14:37","ClientCnxn.java","261253","142084","403337"
"2014-04-01 04:03","ClientCnxn.java","102412","30230","132642"
"2013-09-18 15:14","ClientCnxn.java","93630","29642","123272"
"2013-09-18 04:08","ClientCnxn.java","93526","29642","123168"
"2019-11-21 05:58","ClientCnxn.java","261306","142723","404029"
"2020-04-16 12:50","ClientCnxn.java","271713","142723","414436"
"2018-07-27 05:16","ClientCnxn.java","152211","47892","200103"
"2010-01-26 03:22","ClientCnxn.java","22533","5674","28207"
"2009-10-31 00:09","ClientCnxn.java","7301","2906","10207"
"2009-11-07 01:48","ClientCnxn.java","7993","3193","11186"
"2010-01-05 18:32","ClientCnxn.java","18740","5295","24035"
"2017-09-11 18:55","Throughput.java","88187","27844","116031"
"2014-06-25 19:06","AsyncOps.java","90724","30658","121382"
"2012-12-19 19:16","AsyncOps.java","69483","27948","97431"
"2014-03-23 22:03","AsyncOps.java","84609","29142","113751"
"2010-03-31 06:26","AsyncOps.java","21090","11024","32114"
"2019-06-03 19:40","AsyncOps.java","242364","157928","400292"
"2019-08-17 17:13","AsyncOps.java","257033","157928","414961"
"2020-05-05 21:20","ObserverMasterTest.java","29616","15800","45416"
"2019-10-10 14:37","ObserverMasterTest.java","7470","3717","11187"
"2019-09-18 11:20","ObserverMasterTest.java","5204","2292","7496"
"2019-12-28 16:17","ObserverMasterTest.java","18815","10230","29045"
"2014-06-25 15:04","FastLeaderElection.java","11834","7756","19590"
"2018-12-06 10:56","FastLeaderElection.java","226711","200910","427621"
"2014-07-08 05:25","FastLeaderElection.java","14434","8720","23154"
"2014-07-18 20:48","FastLeaderElection.java","19138","9298","28436"
"2019-10-10 14:37","FastLeaderElection.java","260044","201018","461062"
"2019-09-30 23:22","FastLeaderElection.java","259671","201018","460689"
"2014-07-20 04:50","FastLeaderElection.java","19239","9337","28576"
"2020-04-07 09:07","FastLeaderElection.java","271083","202436","473519"
"2019-01-18 03:42","FastLeaderElection.java","232210","200912","433122"
"2017-09-11 18:55","FastLeaderElection.java","47617","23216","70833"
"2018-08-29 06:26","FastLeaderElection.java","141621","106937","248558"
"2015-02-06 06:17","FastLeaderElection.java","24402","10270","34672"
"2018-04-30 06:34","FastLeaderElection.java","54662","24279","78941"
"2019-08-17 17:13","FastLeaderElection.java","256291","201018","457309"
"2019-08-02 20:08","FastLeaderElection.java","257072","201018","458090"
"2017-01-13 19:29","FastLeaderElection.java","44740","17999","62739"
"2019-08-03 08:42","FastLeaderElection.java","256999","201018","458017"
"2019-06-03 19:40","FollowerZooKeeperServer.java","242834","129742","372576"
"2019-08-17 17:13","FollowerZooKeeperServer.java","257503","129742","387245"
"2019-05-03 00:44","FollowerZooKeeperServer.java","241500","129742","371242"
"2019-06-04 10:55","FollowerZooKeeperServer.java","242987","129742","372729"
"2018-08-06 14:11","FollowerZooKeeperServer.java","158641","43222","201863"
"2018-12-09 03:16","FollowerZooKeeperServer.java","230118","129699","359817"
"2018-11-21 17:56","FollowerZooKeeperServer.java","225550","129699","355249"
"2011-10-20 20:02","FollowerZooKeeperServer.java","79524","23981","103505"
"2011-04-12 09:14","FollowerZooKeeperServer.java","70513","21279","91792"
"2010-08-18 08:24","FollowerZooKeeperServer.java","75252","17063","92315"
"2019-11-28 12:24","FollowerZooKeeperServer.java","263045","130378","393423"
"2019-12-27 22:33","FollowerZooKeeperServer.java","266817","130378","397195"
"2009-10-30 17:19","FollowerZooKeeperServer.java","22467","6577","29044"
"2009-12-18 03:19","FollowerZooKeeperServer.java","33873","8258","42131"
"2019-08-17 17:13","ZooKeeperAdmin.java","255234","223799","479033"
"2020-03-26 22:19","ZooKeeperAdmin.java","269734","225442","495176"
"2019-10-10 14:37","FLENewEpochTest.java","260768","167729","428497"
"2011-04-12 09:14","FLENewEpochTest.java","30345","19586","49931"
"2010-03-31 06:26","FLENewEpochTest.java","2961","2714","5675"
"2019-08-17 17:13","FLENewEpochTest.java","257015","167729","424744"
"2019-09-18 11:20","DataTreeTest.java","259822","179902","439724"
"2019-12-27 22:33","DataTreeTest.java","266682","180996","447678"
"2015-06-06 03:48","DataTreeTest.java","73587","21371","94958"
"2019-10-09 16:38","DataTreeTest.java","260407","179902","440309"
"2013-09-05 23:50","DataTreeTest.java","39955","13186","53141"
"2019-01-30 16:28","DataTreeTest.java","233956","179837","413793"
"2019-02-07 11:26","DataTreeTest.java","235178","179838","415016"
"2018-12-20 15:17","DataTreeTest.java","230444","179836","410280"
"2018-09-04 11:54","DataTreeTest.java","176552","107385","283937"
"2019-07-31 19:06","DataTreeTest.java","256217","179902","436119"
"2019-04-12 19:01","DataTreeTest.java","238718","179903","418621"
"2019-09-10 15:21","DataTreeTest.java","257953","179902","437855"
"2019-08-17 17:13","DataTreeTest.java","256910","179902","436812"
"2017-06-18 19:23","DataTreeTest.java","86233","27723","113956"
"2019-04-12 12:29","DataTreeTest.java","238287","179903","418190"
"2016-11-13 20:59","DataTreeTest.java","84149","24734","108883"
"2011-04-12 09:14","TxnLogSource.java","14937","15099","30036"
"2019-12-27 22:33","TxnLogSource.java","266740","179697","446437"
"2019-04-12 19:01","ZooKeeperServer.java","154086","154260","308346"
"2019-07-31 19:06","ZooKeeperServer.java","173503","156177","329680"
"2019-09-11 10:27","ZooKeeperServer.java","176572","157197","333769"
"2019-01-14 19:38","ZooKeeperServer.java","147225","153914","301139"
"2019-01-07 15:34","ZooKeeperServer.java","146826","153914","300740"
"2018-11-21 17:56","ZooKeeperServer.java","133741","147632","281373"
"2019-02-13 13:12","ZooKeeperServer.java","151032","154067","305099"
"2019-03-04 08:07","ZooKeeperServer.java","151614","154072","305686"
"2019-07-08 23:26","ZooKeeperServer.java","162335","155540","317875"
"2019-01-23 14:00","ZooKeeperServer.java","148718","153972","302690"
"2019-02-13 13:19","ZooKeeperServer.java","151318","154067","305385"
"2019-05-14 17:11","ZooKeeperServer.java","156970","154284","311254"
"2019-06-04 10:55","ZooKeeperServer.java","157810","154307","312117"
"2019-04-09 15:35","ZooKeeperServer.java","153056","154180","307236"
"2019-08-03 08:42","ZooKeeperServer.java","174917","156190","331107"
"2019-05-15 11:56","ZooKeeperServer.java","157057","154284","311341"
"2019-05-22 11:39","ZooKeeperServer.java","157506","154287","311793"
"2019-04-22 19:15","ZooKeeperServer.java","155061","154260","309321"
"2019-09-10 04:26","ZooKeeperServer.java","176257","157193","333450"
"2019-08-17 17:13","ZooKeeperServer.java","174230","156211","330441"
"2019-09-05 23:12","ZooKeeperServer.java","176131","157193","333324"
"2019-09-10 15:21","ZooKeeperServer.java","176255","157193","333448"
"2019-08-01 07:31","ZooKeeperServer.java","174867","156177","331044"
"2019-08-01 07:28","ZooKeeperServer.java","174377","156177","330554"
"2019-06-03 19:40","ZooKeeperServer.java","157657","154307","311964"
"2019-11-23 17:08","ZooKeeperServer.java","182112","159392","341504"
"2019-10-09 16:49","ZooKeeperServer.java","178805","157200","336005"
"2019-07-03 00:44","ZooKeeperServer.java","161572","155540","317112"
"2019-07-24 18:00","ZooKeeperServer.java","170017","155543","325560"
"2019-12-27 22:33","ZooKeeperServer.java","186102","159405","345507"
"2019-11-18 09:05","ZooKeeperServer.java","180359","159196","339555"
"2019-10-10 14:37","ZooKeeperServer.java","178985","157213","336198"
"2019-09-16 23:26","ZooKeeperServer.java","178235","157197","335432"
"2019-12-03 10:01","ZooKeeperServer.java","184014","159392","343406"
"2020-03-25 03:38","ZooKeeperServer.java","190350","159546","349896"
"2019-11-28 12:24","ZooKeeperServer.java","182317","159392","341709"
"2019-11-06 15:21","ZooKeeperServer.java","179255","157267","336522"
"2020-04-12 11:14","ZooKeeperServer.java","191348","159791","351139"
"2019-04-18 19:17","ZooKeeperServer.java","154796","154260","309056"
"2016-07-27 01:33","ZooKeeperTest.java","73031","25123","98154"
"2015-11-08 22:54","ZooKeeperTest.java","69447","23357","92804"
"2011-10-27 18:11","ZooKeeperTest.java","7375","6539","13914"
"2016-09-08 22:52","ZooKeeperTest.java","73892","25596","99488"
"2018-10-04 15:46","ZooKeeperTest.java","179172","112626","291798"
"2016-10-16 14:21","ZooKeeperTest.java","75162","25706","100868"
"2019-03-12 19:08","ZooKeeperTest.java","236975","174910","411885"
"2017-04-29 20:17","ZooKeeperTest.java","79503","28149","107652"
"2014-03-29 04:33","ZooKeeperTest.java","41949","14765","56714"
"2017-05-30 19:43","ZooKeeperTest.java","79561","28977","108538"
"2011-12-28 00:53","ZooKeeperTest.java","9947","7608","17555"
"2012-03-17 01:39","ZooKeeperTest.java","12918","8233","21151"
"2013-09-02 23:04","ZooKeeperTest.java","32725","13771","46496"
"2019-05-23 18:42","ZooKeeperTest.java","242134","174963","417097"
"2019-08-17 17:13","ZooKeeperTest.java","256904","174962","431866"
"2016-08-10 19:32","ZooKeeperTest.java","73205","25342","98547"
"2019-06-06 00:01","ZooKeeperTest.java","243041","174962","418003"
"2019-08-17 17:13","SaslServerPrincipal.java","24190","24898","49088"
"2019-09-30 22:26","SaslServerPrincipal.java","29729","27072","56801"
"2019-10-10 14:37","SaslServerPrincipal.java","30687","27642","58329"
"2019-11-28 12:24","FollowerZooKeeperServer.java","14222","9316","23538"
"2019-12-27 22:33","FollowerZooKeeperServer.java","18682","10004","28686"
"2019-08-17 17:13","Leader.java","257187","154189","411376"
"2019-06-29 00:33","Leader.java","245174","154189","399363"
"2019-06-03 19:40","Leader.java","242518","154189","396707"
"2014-05-20 23:42","Leader.java","93707","31230","124937"
"2019-07-15 14:15","Leader.java","252606","154189","406795"
"2015-03-17 18:06","Leader.java","106663","31949","138612"
"2019-07-25 21:41","Leader.java","253670","154189","407859"
"2018-05-10 06:00","Leader.java","127065","36458","163523"
"2018-07-12 01:33","Leader.java","135372","43832","179204"
"2018-02-07 01:05","Leader.java","124819","36346","161165"
"2017-11-28 00:10","Leader.java","123903","36285","160188"
"2019-06-05 00:33","Leader.java","242908","154189","397097"
"2015-04-10 22:22","Leader.java","107739","31957","139696"
"2011-06-14 07:14","Leader.java","48248","21827","70075"
"2019-08-03 08:42","Leader.java","257895","154189","412084"
"2019-06-05 23:57","Leader.java","243177","154189","397366"
"2012-12-08 00:38","Leader.java","71524","28167","99691"
"2013-10-07 21:08","Leader.java","82211","29405","111616"
"2012-12-31 02:38","Leader.java","74134","28656","102790"
"2017-01-13 19:29","Leader.java","120694","34593","155287"
"2012-07-05 18:01","Leader.java","65912","27481","93393"
"2019-01-07 14:55","Leader.java","232028","154139","386167"
"2019-04-12 19:01","Leader.java","238994","154189","393183"
"2018-12-09 03:16","Leader.java","229795","154139","383934"
"2018-08-17 14:40","Leader.java","169079","75243","244322"
"2019-11-29 14:49","Leader.java","264683","155128","419811"
"2013-03-07 07:01","Leader.java","79033","29043","108076"
"2018-11-27 10:02","Leader.java","227471","154139","381610"
"2015-02-06 06:17","Leader.java","105383","31891","137274"
"2012-02-27 03:41","Leader.java","61995","25928","87923"
"2017-02-15 23:04","Leader.java","118736","35591","154327"
"2014-07-18 02:19","Leader.java","100425","31684","132109"
"2012-01-04 01:15","Leader.java","60781","25592","86373"
"2011-12-28 01:26","Leader.java","60605","25569","86174"
"2018-08-29 06:26","Leader.java","184149","90105","274254"
"2018-08-03 18:52","Leader.java","145996","52958","198954"
"2011-04-29 18:12","Leader.java","46517","21711","68228"
"2013-05-14 14:27","Leader.java","79184","29069","108253"
"2012-02-06 09:40","Leader.java","61461","25635","87096"
"2017-09-11 18:55","Leader.java","119949","36188","156137"
"2018-09-18 01:00","Leader.java","191188","94574","285762"
"2011-10-20 20:02","Leader.java","58413","25145","83558"
"2012-01-14 00:28","Leader.java","60884","25597","86481"
"2012-01-06 02:32","Leader.java","60783","25593","86376"
"2012-03-15 17:47","Leader.java","62989","25943","88932"
"2011-04-12 09:14","Leader.java","46141","21670","67811"
"2010-07-23 06:22","Leader.java","42866","15340","58206"
"2011-09-22 07:42","Leader.java","58578","23518","82096"
"2010-08-18 08:24","Leader.java","49884","16458","66342"
"2016-12-20 14:47","Leader.java","119844","34585","154429"
"2014-07-20 04:50","Leader.java","100974","31712","132686"
"2014-06-10 00:19","Leader.java","94645","31234","125879"
"2016-06-23 23:25","Leader.java","114104","33909","148013"
"2016-06-23 23:45","Leader.java","114212","33909","148121"
"2020-03-25 03:38","Leader.java","270911","155128","426039"
"2014-03-23 04:12","Leader.java","89174","29814","118988"
"2019-12-27 22:33","Leader.java","266804","155128","421932"
"2016-08-13 15:01","Leader.java","115165","34167","149332"
"2013-10-21 23:36","Leader.java","85105","29557","114662"
"2019-10-10 14:37","Leader.java","260940","154189","415129"
"2013-11-07 06:41","Leader.java","85560","29581","115141"
"2011-04-12 09:14","NullDataTest.java","27920","17408","45328"
"2019-08-17 17:13","NullDataTest.java","257015","167976","424991"
"2019-08-06 17:11","ZKTestCase.java","23937","7338","31275"
"2019-08-17 17:13","ZKTestCase.java","45184","29686","74870"
"2019-10-10 14:37","ZKTestCase.java","51320","32069","83389"
"2019-11-14 16:44","ZKTestCase.java","55871","32346","88217"
"2019-11-28 12:24","ZKTestCase.java","57953","37549","95502"
"2014-02-12 17:00","LearnerHandler.java","84088","29014","113102"
"2014-03-23 04:12","LearnerHandler.java","84603","29142","113745"
"2019-10-10 14:37","LearnerHandler.java","260786","157928","418714"
"2015-06-05 20:38","LearnerHandler.java","104716","31564","136280"
"2015-06-05 20:51","LearnerHandler.java","104743","31564","136307"
"2015-06-12 23:02","LearnerHandler.java","104852","31575","136427"
"2010-03-11 15:05","LearnerHandler.java","18771","9342","28113"
"2011-04-12 09:14","LearnerHandler.java","41188","20610","61798"
"2013-09-26 14:05","LearnerHandler.java","76964","28581","105545"
"2019-07-03 20:54","LearnerHandler.java","245027","157928","402955"
"2011-09-14 08:56","LearnerHandler.java","53431","19913","73344"
"2011-08-30 08:37","LearnerHandler.java","52080","19771","71851"
"2010-07-29 23:10","LearnerHandler.java","38370","14027","52397"
"2011-09-17 02:36","LearnerHandler.java","53649","22691","76340"
"2012-04-23 01:20","LearnerHandler.java","60913","26660","87573"
"2013-06-28 23:22","LearnerHandler.java","76508","28555","105063"
"2018-09-18 01:00","LearnerHandler.java","189938","97223","287161"
"2010-11-04 17:01","LearnerHandler.java","75010","15395","90405"
"2012-02-06 09:40","LearnerHandler.java","56793","24866","81659"
"2013-05-14 14:27","LearnerHandler.java","74594","28378","102972"
"2018-08-03 18:52","LearnerHandler.java","141870","52731","194601"
"2011-01-22 20:38","LearnerHandler.java","77858","16145","94003"
"2018-12-09 03:16","LearnerHandler.java","229633","157870","387503"
"2019-04-12 19:01","LearnerHandler.java","238841","157929","396770"
"2013-03-07 07:01","LearnerHandler.java","74442","28351","102793"
"2017-11-28 00:10","LearnerHandler.java","119723","36004","155727"
"2019-06-29 00:33","LearnerHandler.java","245020","157928","402948"
"2013-05-11 15:35","LearnerHandler.java","74495","28356","102851"
"2019-07-25 21:41","LearnerHandler.java","253516","157928","411444"
"2019-08-23 19:43","LearnerHandler.java","257699","157928","415627"
"2019-08-17 17:13","LearnerHandler.java","257033","157928","414961"
"2017-06-26 00:16","LearnerHandler.java","115404","35728","151132"
"2017-08-03 20:28","LearnerHandler.java","115077","35753","150830"
"2012-07-29 07:02","LearnerHandler.java","62410","26754","89164"
"2019-05-06 17:48","LearnerHandler.java","241347","157929","399276"
"2019-08-03 08:42","LearnerHandler.java","257741","157928","415669"
"2019-04-22 19:15","LearnerHandler.java","239816","157929","397745"
"2011-06-14 07:14","LearnerHandler.java","43378","20850","64228"
"2019-06-03 19:40","FollowerZooKeeperServer.java","242832","129808","372640"
"2019-08-17 17:13","FollowerZooKeeperServer.java","257501","129808","387309"
"2019-05-03 00:44","FollowerZooKeeperServer.java","241498","129808","371306"
"2019-06-04 10:55","FollowerZooKeeperServer.java","242985","129808","372793"
"2018-08-06 14:11","FollowerZooKeeperServer.java","158586","43235","201821"
"2018-12-09 03:16","FollowerZooKeeperServer.java","230115","129764","359879"
"2018-11-21 17:56","FollowerZooKeeperServer.java","225547","129764","355311"
"2011-10-20 20:02","FollowerZooKeeperServer.java","79456","23981","103437"
"2011-04-12 09:14","FollowerZooKeeperServer.java","70417","21251","91668"
"2010-08-18 08:24","FollowerZooKeeperServer.java","75144","17023","92167"
"2019-11-28 12:24","FollowerZooKeeperServer.java","263045","130446","393491"
"2019-12-27 22:33","FollowerZooKeeperServer.java","266817","130446","397263"
"2009-10-30 17:19","FollowerZooKeeperServer.java","22351","6529","28880"
"2009-12-18 03:19","FollowerZooKeeperServer.java","33760","8213","41973"
"2019-08-17 17:13","ObserverBean.java","255921","219773","475694"
"2019-11-29 14:49","ObserverBean.java","264027","221322","485349"
"2018-12-09 03:16","ObserverBean.java","228466","219660","448126"
"2018-12-09 03:16","FollowerRequestProcessor.java","230484","58118","288602"
"2013-03-07 07:01","FollowerRequestProcessor.java","152260","16944","169204"
"2016-10-07 21:51","FollowerRequestProcessor.java","186165","18740","204905"
"2019-08-17 17:13","FollowerRequestProcessor.java","257842","58134","315976"
"2009-05-20 20:51","FollowerRequestProcessor.java","80598","8645","89243"
"2015-06-04 19:51","FollowerRequestProcessor.java","180970","18596","199566"
"2009-06-15 22:52","FollowerRequestProcessor.java","84087","8957","93044"
"2019-08-01 07:31","FollowerRequestProcessor.java","258513","58134","316647"
"2009-01-16 00:48","FollowerRequestProcessor.java","39341","7218","46559"
"2014-03-23 04:12","FollowerRequestProcessor.java","161792","17106","178898"
"2020-03-25 03:38","FollowerRequestProcessor.java","270948","58455","329403"
"2014-07-18 19:46","FollowerRequestProcessor.java","172758","18464","191222"
"2019-10-10 14:37","FollowerRequestProcessor.java","261595","58134","319729"
"2011-10-28 18:37","FollowerRequestProcessor.java","134707","15863","150570"
"2011-04-12 09:14","FollowerRequestProcessor.java","133947","12766","146713"
"2011-07-15 06:50","FollowerRequestProcessor.java","128210","13081","141291"
"2020-05-05 21:20","FollowerRequestProcessor.java","271979","58455","330434"
"2013-10-09 22:21","FollowerRequestProcessor.java","157539","17028","174567"
"2010-08-18 08:24","FollowerRequestProcessor.java","142314","12178","154492"
"2015-03-08 23:07","FollowerRequestProcessor.java","177557","18565","196122"
"2018-12-20 15:13","LocalPeerBean.java","231249","90075","321324"
"2019-11-29 14:49","LocalPeerBean.java","264719","90558","355277"
"2014-06-04 22:07","LocalPeerBean.java","140948","16789","157737"
"2019-08-17 17:13","LocalPeerBean.java","257706","90102","347808"
"2010-03-12 19:26","LocalPeerBean.java","87093","8786","95879"
"2019-11-14 03:54","LocalPeerBean.java","265715","90102","355817"
"2015-08-05 22:16","LocalPeerBean.java","156545","17218","173763"
"2015-12-07 06:06","LocalPeerBean.java","157831","17291","175122"
"2018-07-27 12:32","LocalPeerBean.java","180114","26364","206478"
"2018-06-26 11:18","LocalPeerBean.java","172683","20151","192834"
"2010-08-18 08:24","LocalPeerBean.java","108101","10069","118170"
"2019-07-29 17:15","JRecord.java","14375","4094","18469"
"2020-04-07 17:00","JRecord.java","63964","37895","101859"
"2019-10-10 14:37","ClientTest.java","261000","146226","407226"
"2019-12-28 16:17","ClientTest.java","266711","147105","413816"
"2009-11-07 01:48","ClientTest.java","703","298","1001"
"2010-01-05 18:32","ClientTest.java","11912","2862","14774"
"2010-03-09 03:09","ClientTest.java","31542","10784","42326"
"2014-07-25 01:31","ClientTest.java","108302","31108","139410"
"2017-01-09 22:49","ClientTest.java","127497","33860","161357"
"2010-09-15 07:51","ClientTest.java","85853","16234","102087"
"2011-04-12 09:14","ClientTest.java","53804","21310","75114"
"2014-07-08 20:18","ClientTest.java","103775","30968","134743"
"2017-05-01 17:19","ClientTest.java","126627","34846","161473"
"2018-11-22 17:56","ClientTest.java","225896","146178","372074"
"2013-01-25 02:17","ClientTest.java","81396","28088","109484"
"2017-06-30 22:43","ClientTest.java","126536","35234","161770"
"2019-03-06 03:32","ClientTest.java","236999","146193","383192"
"2012-12-11 08:42","ClientTest.java","78699","27651","106350"
"2012-10-31 19:38","ClientTest.java","75260","27039","102299"
"2019-08-17 17:13","ClientTest.java","257247","146226","403473"
"2019-11-08 17:30","Request.java","54243","32349","86592"
"2019-07-08 23:26","Request.java","9503","4447","13950"
"2019-08-06 17:11","Request.java","24990","7609","32599"
"2019-08-01 07:28","Request.java","23695","7234","30929"
"2019-06-26 10:57","Request.java","8304","4174","12478"
"2019-08-17 17:13","Request.java","46141","29861","76002"
"2019-05-03 00:44","Request.java","463","186","649"
"2019-06-05 00:46","Request.java","3109","969","4078"
"2019-05-10 12:22","Request.java","1130","343","1473"
"2020-03-25 03:38","Request.java","68771","39706","108477"
"2019-09-20 10:06","Request.java","50803","31660","82463"
"2019-09-16 23:26","Request.java","50655","31356","82011"
"2019-12-27 22:33","Request.java","63042","38084","101126"
"2019-11-11 13:59","Request.java","56070","32380","88450"
"2020-05-05 21:20","Request.java","73253","43157","116410"
"2019-08-17 17:13","GenerateLoad.java","256932","178405","435337"
"2014-11-29 16:53","GenerateLoad.java","70144","20862","91006"
"2014-08-14 09:32","GenerateLoad.java","67435","20774","88209"
"2018-08-06 14:11","GenerateLoad.java","114997","45271","160268"
"2015-02-06 06:17","GenerateLoad.java","71041","20967","92008"
"2019-10-10 14:37","ClientTest.java","260940","146571","407511"
"2019-12-28 16:17","ClientTest.java","266711","147510","414221"
"2010-01-05 18:32","ClientTest.java","11280","2635","13915"
"2010-03-09 03:09","ClientTest.java","31025","10672","41697"
"2014-07-25 01:31","ClientTest.java","107949","31160","139109"
"2017-01-09 22:49","ClientTest.java","127172","33940","161112"
"2010-09-15 07:51","ClientTest.java","85411","16197","101608"
"2011-04-12 09:14","ClientTest.java","53413","21324","74737"
"2014-07-08 20:18","ClientTest.java","103422","31020","134442"
"2017-05-01 17:19","ClientTest.java","126305","34929","161234"
"2018-11-22 17:56","ClientTest.java","225834","146521","372355"
"2013-01-25 02:17","ClientTest.java","81031","28128","109159"
"2017-06-30 22:43","ClientTest.java","126219","35322","161541"
"2019-03-06 03:32","ClientTest.java","236935","146534","383469"
"2012-12-11 08:42","ClientTest.java","78313","27670","105983"
"2012-10-31 19:38","ClientTest.java","74874","27058","101932"
"2019-08-17 17:13","ClientTest.java","257187","146571","403758"
"2019-08-17 17:13","DeleteCommand.java","52428","30087","82515"
"2018-10-16 16:22","QuorumPeerConfig.java","241711","106601","348312"
"2012-04-23 01:20","QuorumPeerConfig.java","85100","24868","109968"
"2018-12-09 03:16","QuorumPeerConfig.java","230114","129890","360004"
"2019-04-12 19:01","QuorumPeerConfig.java","239307","129934","369241"
"2018-09-11 15:23","QuorumPeerConfig.java","199394","81955","281349"
"2013-03-07 07:01","QuorumPeerConfig.java","97879","25809","123688"
"2018-12-15 07:34","QuorumPeerConfig.java","230029","129890","359919"
"2019-02-13 13:12","QuorumPeerConfig.java","236411","129899","366310"
"2009-06-05 06:44","QuorumPeerConfig.java","2120","390","2510"
"2019-08-17 17:13","QuorumPeerConfig.java","257500","129934","387434"
"2015-03-17 18:06","QuorumPeerConfig.java","124976","28182","153158"
"2014-01-21 04:50","QuorumPeerConfig.java","105454","26234","131688"
"2009-11-18 20:06","QuorumPeerConfig.java","31897","7329","39226"
"2012-12-16 07:43","QuorumPeerConfig.java","90949","25273","116222"
"2017-11-28 00:10","QuorumPeerConfig.java","141384","31686","173070"
"2019-06-05 00:29","QuorumPeerConfig.java","243167","129934","373101"
"2014-09-17 07:34","QuorumPeerConfig.java","121405","28064","149469"
"2020-01-09 11:27","QuorumPeerConfig.java","266242","130573","396815"
"2019-07-12 17:01","QuorumPeerConfig.java","252813","129934","382747"
"2016-11-13 20:59","QuorumPeerConfig.java","136671","30239","166910"
"2019-05-15 11:56","QuorumPeerConfig.java","242254","129934","372188"
"2014-08-19 22:50","QuorumPeerConfig.java","120319","28064","148383"
"2018-10-01 06:11","QuorumPeerConfig.java","203363","82090","285453"
"2017-07-28 00:36","QuorumPeerConfig.java","136829","31551","168380"
"2013-09-30 22:20","QuorumPeerConfig.java","100412","25957","126369"
"2017-07-06 18:48","QuorumPeerConfig.java","137693","31533","169226"
"2013-09-26 00:13","QuorumPeerConfig.java","100164","25953","126117"
"2010-03-09 05:44","QuorumPeerConfig.java","50337","12798","63135"
"2020-01-23 13:43","QuorumPeerConfig.java","268066","130573","398639"
"2011-04-06 18:17","QuorumPeerConfig.java","69699","20824","90523"
"2010-03-12 19:26","QuorumPeerConfig.java","51161","12892","64053"
"2014-05-17 13:23","QuorumPeerConfig.java","111753","27638","139391"
"2014-07-04 04:19","QuorumPeerConfig.java","114438","27774","142212"
"2011-09-17 02:42","QuorumPeerConfig.java","79523","22433","101956"
"2016-06-23 19:42","QuorumPeerConfig.java","131870","29870","161740"
"2015-09-06 20:02","QuorumPeerConfig.java","128613","28307","156920"
"2015-09-29 03:56","QuorumPeerConfig.java","128823","28336","157159"
"2019-10-10 14:37","QuorumPeerConfig.java","261253","129934","391187"
"2009-08-11 00:24","QuorumPeerConfig.java","17675","4533","22208"
"2018-07-27 12:32","QuorumPeerConfig.java","157837","43225","201062"
"2019-04-18 19:17","QuorumPeerConfig.java","240017","129934","369951"
"2016-11-03 16:07","QuorumPeerConfig.java","134991","30228","165219"
"2011-04-12 09:14","QuorumPeerConfig.java","70264","21225","91489"
"2014-03-25 22:13","QuorumPeerConfig.java","108042","26366","134408"
"2011-09-02 22:50","QuorumPeerConfig.java","78477","19777","98254"
"2013-10-09 22:21","QuorumPeerConfig.java","103423","26158","129581"
"2014-08-01 07:38","QuorumPeerConfig.java","119757","28037","147794"
"2014-08-14 08:08","QuorumPeerConfig.java","120178","28037","148215"
"2020-02-16 10:25","QuorumPeerConfig.java","268779","130573","399352"
"2020-05-14 18:18","QuorumPeerConfig.java","272005","130574","402579"
"2017-05-11 16:59","QuorumPeerConfig.java","136790","31497","168287"
"2019-08-17 17:13","ZabUtils.java","51153","30099","81252"
"2019-07-03 00:44","ZabUtils.java","14265","5198","19463"
"2019-08-17 17:13","Leader.java","255075","228915","483990"
"2019-06-29 00:33","Leader.java","243061","228914","471975"
"2019-06-03 19:40","Leader.java","240405","228914","469319"
"2019-07-15 14:15","Leader.java","250494","228915","479409"
"2019-07-25 21:41","Leader.java","251558","228915","480473"
"2018-05-10 06:00","Leader.java","2796","662","3458"
"2018-07-12 01:33","Leader.java","14643","11576","26219"
"2019-06-05 00:33","Leader.java","240795","228914","469709"
"2019-08-03 08:42","Leader.java","255783","228915","484698"
"2019-06-05 23:57","Leader.java","241064","228914","469978"
"2019-01-07 14:55","Leader.java","229826","228775","458601"
"2019-04-12 19:01","Leader.java","236845","228878","465723"
"2018-12-09 03:16","Leader.java","227592","228774","456366"
"2018-08-17 14:40","Leader.java","75296","69933","145229"
"2019-11-29 14:49","Leader.java","263403","230686","494089"
"2018-11-27 10:02","Leader.java","225268","228774","454042"
"2018-08-29 06:26","Leader.java","100745","95174","195919"
"2018-08-03 18:52","Leader.java","26796","22231","49027"
"2018-09-18 01:00","Leader.java","109173","101032","210205"
"2020-03-25 03:38","Leader.java","269633","230688","500321"
"2019-12-27 22:33","Leader.java","265525","230687","496212"
"2019-10-10 14:37","Leader.java","258829","228916","487745"
"2013-09-18 12:58","ClientCnxn.java","100236","25970","126206"
"2015-01-31 08:05","ClientCnxn.java","123715","28143","151858"
"2016-05-02 18:15","ClientCnxn.java","131496","29888","161384"
"2014-01-24 07:18","ClientCnxn.java","107260","26262","133522"
"2009-07-17 00:09","ClientCnxn.java","16779","4434","21213"
"2019-08-17 17:13","ClientCnxn.java","257503","129742","387245"
"2009-06-25 22:41","ClientCnxn.java","15133","3916","19049"
"2015-05-10 00:27","ClientCnxn.java","126329","28218","154547"
"2017-12-19 19:27","ClientCnxn.java","141602","31665","173267"
"2019-01-31 15:50","ClientCnxn.java","235127","129699","364826"
"2012-08-02 00:24","ClientCnxn.java","86752","24911","111663"
"2019-04-09 15:35","ClientCnxn.java","238325","129707","368032"
"2013-02-03 15:52","ClientCnxn.java","93754","25552","119306"
"2014-12-20 15:29","ClientCnxn.java","123694","28133","151827"
"2012-03-15 18:01","ClientCnxn.java","84015","24564","108579"
"2019-11-08 17:30","ClientCnxn.java","263117","129742","392859"
"2017-06-08 17:59","ClientCnxn.java","137117","31470","168587"
"2012-09-09 20:24","ClientCnxn.java","87505","24925","112430"
"2019-01-16 14:21","ClientCnxn.java","233440","129699","363139"
"2019-01-07 14:24","ClientCnxn.java","232290","129699","361989"
"2009-06-25 00:59","ClientCnxn.java","14970","3844","18814"
"2019-03-06 03:32","ClientCnxn.java","237253","129707","366960"
"2010-11-11 18:11","ClientCnxn.java","106764","17536","124300"
"2010-11-10 23:36","ClientCnxn.java","106724","17492","124216"
"2011-09-14 07:43","ClientCnxn.java","79202","19866","99068"
"2011-08-19 00:05","ClientCnxn.java","76858","19742","96600"
"2015-02-06 06:17","ClientCnxn.java","123943","28176","152119"
"2019-02-07 11:26","ClientCnxn.java","235792","129699","365491"
"2018-11-05 19:40","ClientCnxn.java","241805","106411","348216"
"2011-04-12 09:14","ClientCnxn.java","70513","21279","91792"
"2010-10-06 18:14","ClientCnxn.java","103580","17066","120646"
"2010-11-30 21:16","ClientCnxn.java","107245","17646","124891"
"2020-05-17 15:13","ClientCnxn.java","272085","130379","402464"
"2018-06-25 12:30","ClientCnxn.java","145267","31804","177071"
"2012-12-19 19:16","ClientCnxn.java","93218","25509","118727"
"2020-03-03 03:12","ClientCnxn.java","269874","130378","400252"
"2018-09-10 11:44","ClientCnxn.java","198507","81859","280366"
"2011-09-28 22:17","ClientCnxn.java","79851","22462","102313"
"2015-06-13 02:42","ClientCnxn.java","127844","28271","156115"
"2010-10-21 02:44","ClientCnxn.java","105376","17211","122587"
"2010-08-05 09:09","ClientCnxn.java","69416","16363","85779"
"2011-05-20 01:17","ClientCnxn.java","71362","21309","92671"
"2014-03-23 04:12","ClientCnxn.java","108021","26386","134407"
"2015-11-09 00:05","ClientCnxn.java","129436","28371","157807"
"2015-12-06 19:58","ClientCnxn.java","129776","28406","158182"
"2020-01-21 17:53","ClientCnxn.java","266135","130378","396513"
"2015-12-05 22:43","ClientCnxn.java","129773","28406","158179"
"2015-12-05 22:32","ClientCnxn.java","129768","28406","158174"
"2010-03-04 02:28","ClientCnxn.java","44533","12809","57342"
"2010-01-25 04:28","ClientCnxn.java","37217","8561","45778"
"2019-10-10 14:37","ClientCnxn.java","261256","129742","390998"
"2014-04-01 04:03","ClientCnxn.java","108990","26512","135502"
"2013-09-18 15:14","ClientCnxn.java","100254","25970","126224"
"2013-09-18 04:08","ClientCnxn.java","100150","25970","126120"
"2019-11-21 05:58","ClientCnxn.java","261306","130378","391684"
"2020-04-16 12:50","ClientCnxn.java","271713","130378","402091"
"2018-07-27 05:16","ClientCnxn.java","157795","43180","200975"
"2010-01-26 03:22","ClientCnxn.java","37850","8646","46496"
"2009-10-31 00:09","ClientCnxn.java","23395","6655","30050"
"2009-11-07 01:48","ClientCnxn.java","24075","6930","31005"
"2010-01-05 18:32","ClientCnxn.java","34061","8271","42332"
"2019-08-17 17:13","LearnerSyncThrottler.java","28807","25290","54097"
"2016-05-02 18:15","WatcherTest.java","50236","16885","67121"
"2019-08-17 17:13","WatcherTest.java","256407","187756","444163"
"2017-02-16 01:16","WatcherTest.java","58130","20953","79083"
"2019-09-18 11:20","WatcherTest.java","259319","187756","447075"
"2018-09-15 00:08","ZooKeeperServer.java","218223","49272","267495"
"2019-04-12 19:01","ZooKeeperServer.java","239517","73667","313184"
"2019-07-31 19:06","ZooKeeperServer.java","257017","73667","330684"
"2019-09-11 10:27","ZooKeeperServer.java","259066","73667","332733"
"2019-01-14 19:38","ZooKeeperServer.java","232974","73639","306613"
"2019-01-07 15:34","ZooKeeperServer.java","232575","73639","306214"
"2018-11-21 17:56","ZooKeeperServer.java","225772","73639","299411"
"2012-01-31 07:45","ZooKeeperServer.java","125034","16617","141651"
"2017-04-28 07:14","ZooKeeperServer.java","177176","20143","197319"
"2011-08-19 00:05","ZooKeeperServer.java","121513","13682","135195"
"2017-02-12 00:12","ZooKeeperServer.java","176267","20133","196400"
"2014-07-18 02:19","ZooKeeperServer.java","161070","19339","180409"
"2013-12-11 19:22","ZooKeeperServer.java","147417","17848","165265"
"2019-02-13 13:12","ZooKeeperServer.java","236635","73646","310281"
"2012-02-11 00:34","ZooKeeperServer.java","125698","16696","142394"
"2016-11-24 17:18","ZooKeeperServer.java","177855","19945","197800"
"2018-07-19 05:59","ZooKeeperServer.java","189129","24111","213240"
"2018-09-18 01:00","ZooKeeperServer.java","218912","49308","268220"
"2019-03-04 08:07","ZooKeeperServer.java","237211","73645","310856"
"2019-07-08 23:26","ZooKeeperServer.java","246486","73667","320153"
"2019-01-23 14:00","ZooKeeperServer.java","234409","73639","308048"
"2019-02-13 13:19","ZooKeeperServer.java","236921","73646","310567"
"2019-05-14 17:11","ZooKeeperServer.java","242377","73667","316044"
"2009-01-15 23:57","ZooKeeperServer.java","24216","7777","31993"
"2013-01-25 02:17","ZooKeeperServer.java","136071","17490","153561"
"2015-07-10 08:19","ZooKeeperServer.java","170222","19504","189726"
"2009-02-20 01:23","ZooKeeperServer.java","38917","8852","47769"
"2009-02-06 22:19","ZooKeeperServer.java","38672","8747","47419"
"2019-06-04 10:55","ZooKeeperServer.java","243194","73667","316861"
"2011-06-14 07:14","ZooKeeperServer.java","122110","14644","136754"
"2009-02-27 20:00","ZooKeeperServer.java","38949","8858","47807"
"2019-04-09 15:35","ZooKeeperServer.java","238545","73645","312190"
"2019-08-03 08:42","ZooKeeperServer.java","258418","73667","332085"
"2019-05-15 11:56","ZooKeeperServer.java","242464","73667","316131"
"2019-05-22 11:39","ZooKeeperServer.java","242910","73667","316577"
"2019-04-22 19:15","ZooKeeperServer.java","240492","73667","314159"
"2018-02-23 23:49","ZooKeeperServer.java","182314","20507","202821"
"2016-11-16 06:21","ZooKeeperServer.java","177700","19811","197511"
"2012-12-19 19:07","ZooKeeperServer.java","134987","17444","152431"
"2017-08-18 06:32","ZooKeeperServer.java","176992","20419","197411"
"2009-01-16 00:48","ZooKeeperServer.java","24417","7959","32376"
"2017-06-26 00:16","ZooKeeperServer.java","176951","20386","197337"
"2009-02-02 23:26","ZooKeeperServer.java","36411","8565","44976"
"2019-09-10 04:26","ZooKeeperServer.java","258755","73667","332422"
"2019-08-17 17:13","ZooKeeperServer.java","257710","73667","331377"
"2019-09-05 23:12","ZooKeeperServer.java","258629","73667","332296"
"2019-09-10 15:21","ZooKeeperServer.java","258753","73667","332420"
"2009-05-20 20:48","ZooKeeperServer.java","65883","9601","75484"
"2009-06-15 22:52","ZooKeeperServer.java","69425","9960","79385"
"2019-08-01 07:31","ZooKeeperServer.java","258381","73667","332048"
"2019-08-01 07:28","ZooKeeperServer.java","257891","73667","331558"
"2019-06-03 19:40","ZooKeeperServer.java","243041","73667","316708"
"2015-03-17 18:06","ZooKeeperServer.java","167161","19457","186618"
"2019-11-23 17:08","ZooKeeperServer.java","262864","74120","336984"
"2019-10-09 16:49","ZooKeeperServer.java","261296","73667","334963"
"2019-07-03 00:44","ZooKeeperServer.java","245723","73667","319390"
"2018-01-19 01:12","ZooKeeperServer.java","181238","20473","201711"
"2019-07-24 18:00","ZooKeeperServer.java","254165","73667","327832"
"2013-05-16 18:49","ZooKeeperServer.java","140875","17744","158619"
"2018-08-08 06:21","ZooKeeperServer.java","199432","32934","232366"
"2018-05-09 23:57","ZooKeeperServer.java","183854","20542","204396"
"2009-11-07 01:48","ZooKeeperServer.java","85437","12010","97447"
"2009-12-18 03:19","ZooKeeperServer.java","94385","12488","106873"
"2010-01-26 01:17","ZooKeeperServer.java","98093","12746","110839"
"2019-12-27 22:33","ZooKeeperServer.java","266841","74120","340961"
"2016-08-13 15:01","ZooKeeperServer.java","173693","19705","193398"
"2018-09-11 00:17","ZooKeeperServer.java","216670","49268","265938"
"2019-11-18 09:05","ZooKeeperServer.java","261307","74120","335427"
"2019-10-10 14:37","ZooKeeperServer.java","261463","73667","335130"
"2019-09-16 23:26","ZooKeeperServer.java","260729","73667","334396"
"2013-10-08 01:35","ZooKeeperServer.java","143753","17818","161571"
"2017-06-23 18:39","ZooKeeperServer.java","176953","20368","197321"
"2009-08-07 01:23","ZooKeeperServer.java","80035","10577","90612"
"2011-12-28 07:07","ZooKeeperServer.java","124683","16605","141288"
"2019-12-03 10:01","ZooKeeperServer.java","264766","74120","338886"
"2020-03-25 03:38","ZooKeeperServer.java","270948","74120","345068"
"2010-03-12 19:26","ZooKeeperServer.java","107576","12830","120406"
"2019-11-28 12:24","ZooKeeperServer.java","263069","74120","337189"
"2019-11-06 15:21","ZooKeeperServer.java","261679","73667","335346"
"2011-05-20 01:17","ZooKeeperServer.java","120958","14623","135581"
"2010-07-29 23:10","ZooKeeperServer.java","122863","13582","136445"
"2011-09-17 02:36","ZooKeeperServer.java","124107","16260","140367"
"2020-04-12 11:14","ZooKeeperServer.java","271701","74120","345821"
"2011-09-14 08:56","ZooKeeperServer.java","124166","13759","137925"
"2011-08-21 02:53","ZooKeeperServer.java","121541","13682","135223"
"2010-08-18 08:24","ZooKeeperServer.java","128348","13877","142225"
"2013-10-09 22:21","ZooKeeperServer.java","146023","17848","163871"
"2008-10-22 01:49","ZooKeeperServer.java","13229","2410","15639"
"2008-12-02 01:13","ZooKeeperServer.java","19691","3524","23215"
"2015-03-08 23:07","ZooKeeperServer.java","166108","19452","185560"
"2018-06-08 16:52","ZooKeeperServer.java","184604","20543","205147"
"2018-06-15 07:41","ZooKeeperServer.java","184622","20558","205180"
"2018-07-28 04:37","ZooKeeperServer.java","189716","24122","213838"
"2019-04-18 19:17","ZooKeeperServer.java","240227","73667","313894"
"2012-03-15 17:47","ZooKeeperServer.java","126741","16705","143446"
"2014-03-25 22:13","ZooKeeperServer.java","150545","17959","168504"
"2011-04-12 09:14","ZooKeeperServer.java","120118","14602","134720"
"2019-08-17 17:13","Leader.java","255079","228064","483143"
"2019-06-29 00:33","Leader.java","243065","228063","471128"
"2019-06-03 19:40","Leader.java","240409","228063","468472"
"2019-07-15 14:15","Leader.java","250498","228064","478562"
"2019-07-25 21:41","Leader.java","251562","228064","479626"
"2018-05-10 06:00","Leader.java","4121","1132","5253"
"2018-07-12 01:33","Leader.java","15821","11899","27720"
"2018-02-07 01:05","Leader.java","1397","542","1939"
"2019-06-05 00:33","Leader.java","240799","228063","468862"
"2019-08-03 08:42","Leader.java","255787","228064","483851"
"2019-06-05 23:57","Leader.java","241068","228063","469131"
"2019-01-07 14:55","Leader.java","229830","227924","457754"
"2019-04-12 19:01","Leader.java","236849","228027","464876"
"2018-12-09 03:16","Leader.java","227596","227923","455519"
"2018-08-17 14:40","Leader.java","76459","70241","146700"
"2019-11-29 14:49","Leader.java","263406","229834","493240"
"2018-11-27 10:02","Leader.java","225272","227923","453195"
"2018-08-29 06:26","Leader.java","101828","95402","197230"
"2018-08-03 18:52","Leader.java","27974","22554","50528"
"2018-09-18 01:00","Leader.java","110256","101260","211516"
"2020-03-25 03:38","Leader.java","269636","229836","499472"
"2019-12-27 22:33","Leader.java","265528","229835","495363"
"2019-10-10 14:37","Leader.java","258833","228065","486898"
"2020-02-26 22:41","NettyServerCnxnFactory.java","268121","223137","491258"
"2019-10-10 14:37","NettyServerCnxnFactory.java","259640","221557","481197"
"2019-09-10 18:50","NettyServerCnxnFactory.java","257004","221557","478561"
"2019-11-14 03:54","NettyServerCnxnFactory.java","263944","221605","485549"
"2019-02-12 15:25","NettyServerCnxnFactory.java","234595","221440","456035"
"2018-10-16 16:22","NettyServerCnxnFactory.java","232847","200120","432967"
"2019-02-15 15:36","NettyServerCnxnFactory.java","235030","221460","456490"
"2019-04-12 19:01","NettyServerCnxnFactory.java","237675","221538","459213"
"2018-11-22 17:56","NettyServerCnxnFactory.java","224464","221437","445901"
"2018-09-22 06:48","NettyServerCnxnFactory.java","124801","108421","233222"
"2018-12-15 07:34","NettyServerCnxnFactory.java","228340","221437","449777"
"2019-02-13 13:12","NettyServerCnxnFactory.java","234736","221460","456196"
"2019-08-17 17:13","NettyServerCnxnFactory.java","255887","221557","477444"
"2019-11-23 17:08","NettyServerCnxnFactory.java","262166","223135","485301"
"2019-07-03 00:44","NettyServerCnxnFactory.java","243899","221556","465455"
"2019-06-05 00:29","NettyServerCnxnFactory.java","241553","221556","463109"
"2019-07-23 15:55","NettyServerCnxnFactory.java","251895","221557","473452"
"2019-06-24 11:05","NettyServerCnxnFactory.java","243219","221556","464775"
"2019-08-03 08:42","NettyServerCnxnFactory.java","256595","221557","478152"
"2019-10-10 14:37","JUnit4ZKTestRunner.java","259719","218914","478633"
"2019-05-08 21:54","JUnit4ZKTestRunner.java","240450","218896","459346"
"2019-08-17 17:13","JUnit4ZKTestRunner.java","255966","218914","474880"
"2019-11-08 17:30","FinalRequestProcessor.java","61813","32179","93992"
"2019-07-08 23:26","FinalRequestProcessor.java","18438","5642","24080"
"2019-04-12 19:01","FinalRequestProcessor.java","7138","1311","8449"
"2019-02-07 11:26","FinalRequestProcessor.java","2685","333","3018"
"2019-09-10 04:26","FinalRequestProcessor.java","56283","31218","87501"
"2019-08-17 17:13","FinalRequestProcessor.java","54042","30022","84064"
"2019-06-26 10:57","FinalRequestProcessor.java","17276","5406","22682"
"2019-08-01 07:28","FinalRequestProcessor.java","32587","8386","40973"
"2019-07-03 00:44","FinalRequestProcessor.java","17607","5574","23181"
"2019-08-06 17:11","FinalRequestProcessor.java","33865","8744","42609"
"2020-03-25 03:38","FinalRequestProcessor.java","75921","39116","115037"
"2019-09-16 23:26","FinalRequestProcessor.java","58299","31260","89559"
"2019-10-10 14:37","FinalRequestProcessor.java","59800","32027","91827"
"2019-11-21 05:58","FinalRequestProcessor.java","64261","37074","101335"
"2019-11-18 09:05","FinalRequestProcessor.java","64228","37064","101292"
"2019-11-11 13:59","FinalRequestProcessor.java","63640","32210","95850"
"2020-03-26 22:12","FinalRequestProcessor.java","75976","39169","115145"
"2019-09-18 11:20","QuorumZxidSyncTest.java","259927","167976","427903"
"2017-01-13 19:29","QuorumZxidSyncTest.java","111417","38348","149765"
"2019-08-17 17:13","QuorumZxidSyncTest.java","257015","167976","424991"
"2019-08-17 17:13","CliException.java","255887","221808","477695"
"2019-10-10 14:37","ClientTest.java","260826","155102","415928"
"2019-12-28 16:17","ClientTest.java","266647","156091","422738"
"2010-03-09 03:09","ClientTest.java","21130","9422","30552"
"2014-07-25 01:31","ClientTest.java","99792","31348","131140"
"2017-01-09 22:49","ClientTest.java","119096","34209","153305"
"2010-09-15 07:51","ClientTest.java","76050","15481","91531"
"2011-04-12 09:14","ClientTest.java","44320","20876","65196"
"2014-07-08 20:18","ClientTest.java","95216","31159","126375"
"2017-05-01 17:19","ClientTest.java","118353","35322","153675"
"2018-11-22 17:56","ClientTest.java","225718","155050","380768"
"2013-01-25 02:17","ClientTest.java","72757","28199","100956"
"2017-06-30 22:43","ClientTest.java","118291","35739","154030"
"2019-03-06 03:32","ClientTest.java","236819","155063","391882"
"2012-12-11 08:42","ClientTest.java","70000","27702","97702"
"2012-10-31 19:38","ClientTest.java","66539","27068","93607"
"2019-08-17 17:13","ClientTest.java","257073","155102","412175"
"2018-11-17 18:33","ServerCnxn.java","133726","147632","281358"
"2019-01-14 19:38","ServerCnxn.java","147225","153914","301139"
"2019-04-12 19:01","ServerCnxn.java","154086","154260","308346"
"2019-07-08 23:26","ServerCnxn.java","162335","155540","317875"
"2019-08-17 17:13","ServerCnxn.java","174230","156211","330441"
"2019-07-03 00:44","ServerCnxn.java","161572","155540","317112"
"2019-11-18 09:05","ServerCnxn.java","180359","159196","339555"
"2020-02-26 22:41","ServerCnxn.java","188218","159545","347763"
"2018-09-28 23:38","ServerCnxn.java","3277","703","3980"
"2019-11-11 13:59","ServerCnxn.java","182696","157267","339963"
"2019-08-17 17:13","KerberosSecurityTestcase.java","255079","228064","483143"
"2019-11-08 17:30","ClientCnxn.java","9522","3908","13430"
"2020-05-17 15:13","ClientCnxn.java","30333","16388","46721"
"2020-03-03 03:12","ClientCnxn.java","23740","12005","35745"
"2020-01-21 17:53","ClientCnxn.java","19475","11479","30954"
"2019-10-10 14:37","ClientCnxn.java","7470","3717","11187"
"2019-11-21 05:58","ClientCnxn.java","12196","9029","21225"
"2020-04-16 12:50","ClientCnxn.java","26415","12841","39256"
"2019-08-17 17:13","FollowerResyncConcurrencyTest.java","44192","29523","73715"
"2019-10-10 14:37","FollowerResyncConcurrencyTest.java","50347","31925","82272"
"2019-12-28 16:17","FollowerResyncConcurrencyTest.java","61246","37992","99238"
"2018-10-05 14:25","QuorumPeerMainTest.java","206597","198570","405167"
"2018-07-27 12:32","QuorumPeerMainTest.java","652","141","793"
"2020-01-23 13:43","QuorumPeerMainTest.java","266030","233491","499521"
"2019-10-10 14:37","QuorumPeerMainTest.java","257917","231552","489469"
"2019-12-28 16:17","QuorumPeerMainTest.java","264687","233490","498177"
"2019-07-25 21:41","QuorumPeerMainTest.java","250646","231551","482197"
"2019-08-17 17:13","QuorumPeerMainTest.java","254163","231551","485714"
"2019-07-02 07:34","QuorumPeerMainTest.java","242105","231550","473655"
"2019-05-20 17:18","QuorumPeerMainTest.java","238936","231533","470469"
"2018-10-16 16:22","QuorumPeerMainTest.java","219585","198576","418161"
"2018-08-29 06:26","QuorumPeerMainTest.java","85168","83145","168313"
"2018-08-03 18:52","QuorumPeerMainTest.java","1333","316","1649"
"2018-09-11 15:23","QuorumPeerMainTest.java","92210","88872","181082"
"2019-10-10 14:37","ClientTest.java","260768","166752","427520"
"2019-12-28 16:17","ClientTest.java","266647","167799","434446"
"2014-07-25 01:31","ClientTest.java","94207","36563","130770"
"2017-01-09 22:49","ClientTest.java","113616","39529","153145"
"2010-09-15 07:51","ClientTest.java","56740","7879","64619"
"2011-04-12 09:14","ClientTest.java","31481","19745","51226"
"2014-07-08 20:18","ClientTest.java","89607","36350","125957"
"2017-05-01 17:19","ClientTest.java","113006","40775","153781"
"2018-11-22 17:56","ClientTest.java","225654","166694","392348"
"2013-01-25 02:17","ClientTest.java","62653","28895","91548"
"2017-06-30 22:43","ClientTest.java","113122","41370","154492"
"2019-03-06 03:32","ClientTest.java","236758","166710","403468"
"2012-12-11 08:42","ClientTest.java","59866","28368","88234"
"2012-10-31 19:38","ClientTest.java","56397","27726","84123"
"2019-08-17 17:13","ClientTest.java","257015","166752","423767"
"2019-08-03 08:42","DistributedQueue.java","33308","8666","41974"
"2019-10-10 14:37","DistributedQueue.java","59713","32026","91739"
"2019-08-27 09:23","DistributedQueue.java","55527","31000","86527"
"2019-08-17 17:13","QuorumAuth.java","255079","228064","483143"
"2019-06-07 14:13","SessionTest.java","243604","141648","385252"
"2019-08-17 17:13","SessionTest.java","257500","141648","399148"
"2009-07-17 00:09","SessionTest.java","820","384","1204"
"2017-09-11 18:55","SessionTest.java","132137","35961","168098"
"2010-11-04 17:01","SessionTest.java","94721","18359","113080"
"2018-09-22 06:48","SessionTest.java","197264","88166","285430"
"2011-10-25 08:09","SessionTest.java","72080","26343","98423"
"2010-08-17 09:24","SessionTest.java","60660","17740","78400"
"2011-04-12 09:14","SessionTest.java","60401","23076","83477"
"2010-03-31 06:26","SessionTest.java","41684","14871","56555"
"2010-08-18 08:24","SessionTest.java","64485","18205","82690"
"2010-10-21 02:44","SessionTest.java","94609","18353","112962"
"2010-08-05 09:09","SessionTest.java","58591","17447","76038"
"2013-12-21 22:05","SessionTest.java","99340","30037","129377"
"2010-03-12 19:26","SessionTest.java","40077","13522","53599"
"2009-08-07 01:23","SessionTest.java","1849","582","2431"
"2019-10-10 14:37","SessionTest.java","261253","141648","402901"
"2015-07-07 07:11","SessionTest.java","122354","32358","154712"
"2019-12-28 16:17","SessionTest.java","266724","142287","409011"
"2009-09-16 02:09","SessionTest.java","4567","1716","6283"
"2010-01-26 03:22","SessionTest.java","23290","5995","29285"
"2019-08-17 17:13","NIOServerCnxnFactoryTest.java","67684","36457","104141"
"2019-10-10 14:37","LearnerSessionTracker.java","259842","215122","474964"
"2019-09-20 10:02","LearnerSessionTracker.java","259009","215122","474131"
"2019-08-17 17:13","LearnerSessionTracker.java","256089","215122","471211"
"2018-08-08 06:21","LearnerSessionTracker.java","103220","83378","186598"
"2008-12-13 01:27","ZooKeeper.java","36142","3479","39621"
"2009-06-25 00:59","ZooKeeper.java","92291","9218","101509"
"2019-02-06 09:46","ZooKeeper.java","235529","58118","293647"
"2019-01-16 14:21","ZooKeeper.java","233806","58118","291924"
"2017-04-18 02:02","ZooKeeper.java","188262","18999","207261"
"2019-11-08 17:30","ZooKeeper.java","263456","58134","321590"
"2019-02-07 11:26","ZooKeeper.java","236158","58118","294276"
"2013-03-07 07:01","ZooKeeper.java","152260","16944","169204"
"2011-07-01 00:53","ZooKeeper.java","138970","13144","152114"
"2013-12-17 17:55","ZooKeeper.java","159150","17030","176180"
"2012-02-06 09:56","ZooKeeper.java","137069","15913","152982"
"2012-03-17 01:31","ZooKeeper.java","138620","15959","154579"
"2012-11-17 15:03","ZooKeeper.java","144006","16226","160232"
"2017-05-01 17:19","ZooKeeper.java","188385","18995","207380"
"2010-11-10 23:36","ZooKeeper.java","173627","12448","186075"
"2014-01-24 07:18","ZooKeeper.java","161076","17027","178103"
"2019-08-17 17:13","ZooKeeper.java","257842","58134","315976"
"2009-05-20 20:48","ZooKeeper.java","80592","8645","89237"
"2015-06-04 19:51","ZooKeeper.java","180970","18596","199566"
"2016-10-07 21:51","ZooKeeper.java","186165","18740","204905"
"2015-03-16 09:09","ZooKeeper.java","177890","18560","196450"
"2015-03-17 18:06","ZooKeeper.java","178602","18562","197164"
"2016-05-02 18:15","ZooKeeper.java","183315","18656","201971"
"2019-06-26 10:57","ZooKeeper.java","245692","58134","303826"
"2019-06-03 19:40","ZooKeeper.java","243173","58134","301307"
"2018-05-09 23:57","ZooKeeper.java","194821","19173","213994"
"2009-04-09 23:02","ZooKeeper.java","55271","8266","63537"
"2009-03-27 06:25","ZooKeeper.java","54380","8082","62462"
"2019-08-03 08:42","ZooKeeper.java","258550","58134","316684"
"2016-11-13 20:59","ZooKeeper.java","188420","18742","207162"
"2013-02-03 15:52","ZooKeeper.java","147974","16721","164695"
"2012-09-28 18:32","ZooKeeper.java","141929","16117","158046"
"2017-07-28 00:36","ZooKeeper.java","187644","19120","206764"
"2017-08-18 23:35","ZooKeeper.java","188132","19123","207255"
"2017-07-04 07:56","ZooKeeper.java","188251","19117","207368"
"2008-12-22 23:23","ZooKeeper.java","36822","3816","40638"
"2009-01-28 01:21","ZooKeeper.java","39562","7246","46808"
"2009-12-11 20:38","ZooKeeper.java","107897","10824","118721"
"2009-11-12 21:02","ZooKeeper.java","100413","10718","111131"
"2010-01-26 03:22","ZooKeeper.java","112443","11292","123735"
"2010-01-05 18:32","ZooKeeper.java","108776","11039","119815"
"2009-11-07 01:48","ZooKeeper.java","99761","10669","110430"
"2009-10-31 00:09","ZooKeeper.java","99196","10509","109705"
"2020-04-16 12:50","ZooKeeper.java","271737","58455","330192"
"2018-07-27 05:16","ZooKeeper.java","197543","19877","217420"
"2019-10-10 14:37","ZooKeeper.java","261595","58134","319729"
"2014-04-01 04:03","ZooKeeper.java","162704","17175","179879"
"2010-02-08 23:36","ZooKeeper.java","112115","11303","123418"
"2009-08-07 20:00","ZooKeeper.java","94487","9319","103806"
"2012-12-19 19:16","ZooKeeper.java","147474","16714","164188"
"2019-02-11 12:34","ZooKeeper.java","236521","58118","294639"
"2014-07-08 20:18","ZooKeeper.java","168883","18467","187350"
"2010-11-30 21:16","ZooKeeper.java","174106","12560","186666"
"2020-05-17 15:13","ZooKeeper.java","272109","58456","330565"
"2017-01-09 22:49","ZooKeeper.java","190159","18913","209072"
"2011-05-20 01:17","ZooKeeper.java","134800","12800","147600"
"2019-03-12 19:08","ZooKeeper.java","237949","58118","296067"
"2011-09-06 00:58","ZooKeeper.java","135346","13194","148540"
"2009-01-31 00:01","ZooKeeper.java","48388","7262","55650"
"2008-09-26 20:09","ZooKeeper.java","14219","575","14794"
"2014-07-22 06:51","ZooKeeper.java","173090","18476","191566"
"2008-10-22 01:49","ZooKeeper.java","28958","2474","31432"
"2008-12-02 01:13","ZooKeeper.java","35164","3332","38496"
"2014-04-29 02:23","ZooKeeper.java","165675","18361","184036"
"2018-12-20 15:13","QuorumPeer.java","4323","1337","5660"
"2019-05-16 16:25","QuorumPeer.java","23474","9259","32733"
"2019-06-14 09:06","QuorumPeer.java","27681","10267","37948"
"2019-03-11 19:47","QuorumPeer.java","17767","8353","26120"
"2019-02-13 13:12","QuorumPeer.java","16646","8284","24930"
"2019-04-12 19:01","QuorumPeer.java","20096","8873","28969"
"2018-12-09 03:16","QuorumPeer.java","2459","385","2844"
"2019-11-29 14:49","QuorumPeer.java","79778","43805","123583"
"2018-12-15 07:34","QuorumPeer.java","3302","1313","4615"
"2019-06-03 19:40","QuorumPeer.java","24248","9501","33749"
"2019-07-15 14:15","QuorumPeer.java","38646","13811","52457"
"2019-07-03 00:44","QuorumPeer.java","30235","12806","43041"
"2019-08-17 17:13","QuorumPeer.java","65821","36405","102226"
"2019-05-15 11:56","QuorumPeer.java","23406","9236","32642"
"2019-06-05 00:33","QuorumPeer.java","24816","9679","34495"
"2019-05-20 23:13","QuorumPeer.java","23589","9301","32890"
"2019-06-04 10:55","QuorumPeer.java","24518","9618","34136"
"2019-07-12 17:01","QuorumPeer.java","38540","13811","52351"
"2020-01-09 11:27","QuorumPeer.java","82313","44794","127107"
"2019-12-17 13:48","QuorumPeer.java","80359","43814","124173"
"2020-01-23 13:43","QuorumPeer.java","84384","45041","129425"
"2019-10-10 14:37","QuorumPeer.java","71553","38384","109937"
"2019-04-18 19:17","QuorumPeer.java","20828","8895","29723"
"2020-02-16 10:25","QuorumPeer.java","85225","45169","130394"
"2019-10-10 14:37","FLETest.java","260119","197281","457400"
"2014-06-25 15:04","FLETest.java","16182","8292","24474"
"2016-06-02 00:59","FLETest.java","40507","16229","56736"
"2017-09-11 18:55","FLETest.java","51338","23125","74463"
"2019-08-17 17:13","FLETest.java","256366","197281","453647"
"2019-10-10 14:37","FLETest.java","260120","194171","454291"
"2013-10-21 23:36","FLETest.java","3462","351","3813"
"2014-06-25 15:04","FLETest.java","19575","8574","28149"
"2016-06-02 00:59","FLETest.java","43834","16445","60279"
"2017-09-11 18:55","FLETest.java","54560","23236","77796"
"2019-08-17 17:13","FLETest.java","256367","194171","450538"
"2016-11-03 16:07","QuorumPeerTestBase.java","20741","8119","28860"
"2019-12-27 22:33","QuorumPeerTestBase.java","266269","213019","479288"
"2019-10-10 14:37","QuorumPeerTestBase.java","259899","211574","471473"
"2016-06-23 23:25","QuorumPeerTestBase.java","17145","7011","24156"
"2014-08-19 22:50","QuorumPeerTestBase.java","218","104","322"
"2019-07-12 17:01","QuorumPeerTestBase.java","251459","211574","463033"
"2017-01-13 19:29","QuorumPeerTestBase.java","25271","9231","34502"
"2015-03-17 18:06","QuorumPeerTestBase.java","5554","901","6455"
"2019-08-17 17:13","QuorumPeerTestBase.java","256146","211574","467720"
"2017-11-28 00:10","QuorumPeerTestBase.java","33315","15758","49073"
"2017-12-16 01:25","QuorumPeerTestBase.java","33712","16111","49823"
"2018-10-12 10:25","QuorumPeerTestBase.java","231810","191803","423613"
"2017-07-28 00:36","AdminServer.java","30121","15664","45785"
"2019-08-17 17:13","AdminServer.java","256151","210259","466410"
"2015-11-22 00:33","AdminServer.java","14442","4109","18551"
"2019-02-13 13:19","ProviderRegistry.java","234302","224198","458500"
"2019-08-17 17:13","ProviderRegistry.java","255186","224314","479500"
"2019-10-10 14:37","ProviderRegistry.java","258940","224315","483255"
"2012-08-28 21:51","ClientBase.java","54835","27672","82507"
"2017-06-08 17:51","ClientBase.java","112096","41628","153724"
"2012-07-17 23:19","ClientBase.java","53682","27593","81275"
"2017-04-18 01:37","ClientBase.java","111991","40891","152882"
"2018-09-07 02:49","ClientBase.java","185415","103877","289292"
"2019-07-31 19:06","ClientBase.java","256322","167754","424076"
"2012-02-06 09:47","ClientBase.java","47969","25001","72970"
"2015-02-06 06:17","ClientBase.java","97399","36742","134141"
"2017-09-11 18:55","ClientBase.java","112800","41874","154674"
"2019-08-17 17:13","ClientBase.java","257015","167754","424769"
"2015-03-28 20:08","ClientBase.java","99682","36814","136496"
"2019-06-07 14:13","ClientBase.java","243119","167754","410873"
"2018-04-24 00:20","ClientBase.java","118808","42106","160914"
"2018-08-08 06:21","ClientBase.java","164846","84173","249019"
"2018-05-09 23:57","ClientBase.java","119663","42176","161839"
"2019-06-24 11:05","ClientBase.java","244348","167754","412102"
"2012-12-11 08:42","ClientBase.java","58823","28327","87150"
"2017-01-13 19:29","ClientBase.java","112888","39622","152510"
"2016-06-23 23:25","ClientBase.java","106145","38785","144930"
"2014-01-03 01:40","ClientBase.java","74086","29893","103979"
"2014-01-25 01:17","ClientBase.java","75941","29942","105883"
"2019-11-14 16:44","ClientBase.java","265042","167754","432796"
"2019-10-10 14:37","ClientBase.java","260768","167754","428522"
"2012-03-15 17:47","ClientBase.java","49474","25263","74737"
"2010-09-15 07:51","ClientBase.java","55555","7696","63251"
"2012-01-14 00:28","ClientBase.java","47347","24895","72242"
"2011-04-12 09:14","ClientBase.java","30323","19589","49912"
"2011-11-05 07:29","ClientBase.java","45141","24109","69250"
"2016-08-24 01:36","ClientBase.java","107129","39198","146327"
"2011-09-17 02:13","ClientBase.java","44056","22006","66062"
"2010-07-05 20:20","ClientBase.java","16941","5872","22813"
"2010-03-31 06:26","ClientBase.java","2938","2716","5654"
"2010-08-18 08:24","ClientBase.java","27359","7670","35029"
"2015-03-08 23:07","ClientBase.java","97604","36773","134377"
"2019-08-17 17:13","SnapStreamTest.java","48462","29730","78192"
"2019-12-03 19:12","SnapStreamTest.java","62927","37580","100507"
"2019-02-12 15:31","X509UtilTest.java","74773","94344","169117"
"2018-12-15 07:34","X509UtilTest.java","61890","87714","149604"
"2019-01-24 11:53","X509UtilTest.java","72770","94176","166946"
"2018-11-27 10:02","X509UtilTest.java","58568","86631","145199"
"2018-11-07 02:29","X509UtilTest.java","55461","85982","141443"
"2019-01-25 14:32","X509UtilTest.java","72829","94176","167005"
"2019-01-14 19:40","X509UtilTest.java","71101","94098","165199"
"2019-07-15 14:46","X509UtilTest.java","95546","98094","193640"
"2019-08-17 17:13","X509UtilTest.java","111485","109882","221367"
"2019-09-18 16:03","X509UtilTest.java","115497","110977","226474"
"2019-08-17 17:13","SaslAuthMissingClientConfigTest.java","255887","220587","476474"
"2019-10-10 14:37","SaslAuthMissingClientConfigTest.java","259640","220587","480227"
"2019-05-27 10:54","SnapShot.java","240536","224166","464702"
"2019-08-17 17:13","SnapShot.java","255234","224184","479418"
"2019-08-17 17:13","PEMFileLoaderTest.java","68806","36682","105488"
"2019-08-17 17:13","StaticHostProviderTest.java","256104","214963","471067"
"2018-07-16 05:45","StaticHostProviderTest.java","54404","35901","90305"
"2015-05-10 00:27","StaticHostProviderTest.java","2903","559","3462"
"2014-08-14 08:08","QuorumPeerTestBase.java","905","341","1246"
"2016-11-03 16:07","QuorumPeerTestBase.java","21612","8426","30038"
"2019-12-27 22:33","QuorumPeerTestBase.java","266269","212455","478724"
"2019-10-10 14:37","QuorumPeerTestBase.java","259900","211011","470911"
"2016-06-23 23:25","QuorumPeerTestBase.java","18033","7335","25368"
"2014-08-19 22:50","QuorumPeerTestBase.java","1114","436","1550"
"2019-07-12 17:01","QuorumPeerTestBase.java","251460","211011","462471"
"2017-01-13 19:29","QuorumPeerTestBase.java","26141","9537","35678"
"2015-03-17 18:06","QuorumPeerTestBase.java","6445","1228","7673"
"2019-08-17 17:13","QuorumPeerTestBase.java","256147","211011","467158"
"2017-11-28 00:10","QuorumPeerTestBase.java","34148","16027","50175"
"2017-12-16 01:25","QuorumPeerTestBase.java","34545","16380","50925"
"2018-10-12 10:25","QuorumPeerTestBase.java","231811","191240","423051"
"2018-06-08 16:52","ZooKeeperServerMain.java","95966","28313","124279"
"2019-04-18 19:17","ZooKeeperServerMain.java","239450","178406","417856"
"2019-11-11 13:59","ZooKeeperServerMain.java","264342","178405","442747"
"2012-03-06 09:20","ZooKeeperServerMain.java","21202","8372","29574"
"2019-11-28 12:24","ZooKeeperServerMain.java","262932","179499","442431"
"2019-11-25 15:37","ZooKeeperServerMain.java","262834","179499","442333"
"2016-08-13 15:01","ZooKeeperServerMain.java","81939","24359","106298"
"2015-06-04 19:51","ZooKeeperServerMain.java","74960","21330","96290"
"2019-08-17 17:13","ZooKeeperServerMain.java","256932","178405","435337"
"2015-03-17 18:06","ZooKeeperServerMain.java","72397","21101","93498"
"2017-07-28 00:36","ZooKeeperServerMain.java","87433","27653","115086"
"2013-12-07 11:16","ZooKeeperServerMain.java","46303","13644","59947"
"2019-04-12 19:01","ZooKeeperServerMain.java","238740","178406","417146"
"2018-09-11 15:23","ZooKeeperServerMain.java","179103","107162","286265"
"2014-07-18 02:19","ZooKeeperServerMain.java","65966","20643","86609"
"2017-02-12 00:12","ZooKeeperServerMain.java","86479","26753","113232"
"2015-10-18 19:00","QuorumPeer.java","55192","14869","70061"
"2018-12-20 15:13","QuorumPeer.java","229944","179893","409837"
"2019-05-16 16:25","QuorumPeer.java","241251","179971","421222"
"2018-10-16 16:22","QuorumPeer.java","235666","160788","396454"
"2019-06-14 09:06","QuorumPeer.java","244466","179987","424453"
"2018-12-07 12:41","QuorumPeer.java","226957","179892","406849"
"2012-07-17 23:19","QuorumPeer.java","839","67","906"
"2019-03-11 19:47","QuorumPeer.java","236391","179912","416303"
"2014-07-18 02:19","QuorumPeer.java","43029","12440","55469"
"2019-02-13 13:12","QuorumPeer.java","235340","179913","415253"
"2019-04-12 19:01","QuorumPeer.java","238259","179971","418230"
"2018-12-09 03:16","QuorumPeer.java","229031","179892","408923"
"2018-09-11 15:23","QuorumPeer.java","164852","107645","272497"
"2019-11-29 14:49","QuorumPeer.java","264337","181299","445636"
"2013-03-07 07:01","QuorumPeer.java","15236","3398","18634"
"2018-12-15 07:34","QuorumPeer.java","228946","179892","408838"
"2018-11-27 10:02","QuorumPeer.java","226707","179892","406599"
"2018-09-18 01:00","QuorumPeer.java","166171","107709","273880"
"2019-06-03 19:40","QuorumPeer.java","241799","179987","421786"
"2019-07-15 14:15","QuorumPeer.java","251887","179987","431874"
"2015-03-17 18:06","QuorumPeer.java","49913","13351","63264"
"2019-07-03 00:44","QuorumPeer.java","244481","179987","424468"
"2019-08-17 17:13","QuorumPeer.java","256468","179987","436455"
"2015-06-27 02:03","QuorumPeer.java","52997","13746","66743"
"2017-11-28 00:10","QuorumPeer.java","73287","23821","97108"
"2014-01-21 04:50","QuorumPeer.java","23630","4642","28272"
"2014-06-04 22:07","QuorumPeer.java","36416","11627","48043"
"2018-01-30 08:02","QuorumPeer.java","73789","24170","97959"
"2019-05-15 11:56","QuorumPeer.java","241206","179971","421177"
"2019-06-05 00:33","QuorumPeer.java","242189","179987","422176"
"2019-05-20 23:13","QuorumPeer.java","241324","179971","421295"
"2019-06-04 10:55","QuorumPeer.java","241952","179987","421939"
"2019-07-12 17:01","QuorumPeer.java","251781","179987","431768"
"2020-01-09 11:27","QuorumPeer.java","265883","181299","447182"
"2017-02-09 11:40","QuorumPeer.java","67907","19665","87572"
"2017-07-06 18:48","QuorumPeer.java","68765","22837","91602"
"2018-10-01 06:11","QuorumPeer.java","168914","107873","276787"
"2015-04-09 20:16","QuorumPeer.java","51006","13381","64387"
"2013-10-07 21:08","QuorumPeer.java","18779","4125","22904"
"2013-09-30 22:20","QuorumPeer.java","18164","3941","22105"
"2018-07-04 17:11","QuorumPeer.java","85499","32319","117818"
"2019-12-17 13:48","QuorumPeer.java","264909","181299","446208"
"2015-12-07 05:59","QuorumPeer.java","56200","15119","71319"
"2020-01-23 13:43","QuorumPeer.java","267707","181299","449006"
"2016-06-23 23:45","QuorumPeer.java","60150","17999","78149"
"2016-06-23 23:25","QuorumPeer.java","60043","18000","78043"
"2014-03-23 04:12","QuorumPeer.java","26144","4936","31080"
"2013-09-26 00:13","QuorumPeer.java","17892","3913","21805"
"2014-07-18 20:48","QuorumPeer.java","43537","12489","56026"
"2014-07-04 04:19","QuorumPeer.java","38170","11738","49908"
"2018-12-06 10:56","QuorumPeer.java","226901","179892","406793"
"2014-06-25 15:04","QuorumPeer.java","36923","11637","48560"
"2014-03-28 01:58","QuorumPeer.java","26576","4950","31526"
"2013-10-21 23:36","QuorumPeer.java","21782","4386","26168"
"2019-10-10 14:37","QuorumPeer.java","260221","179987","440208"
"2013-11-07 06:41","QuorumPeer.java","22294","4467","26761"
"2017-07-27 23:09","QuorumPeer.java","68229","23287","91516"
"2014-05-18 05:49","QuorumPeer.java","35902","11602","47504"
"2014-03-25 22:13","QuorumPeer.java","26390","4946","31336"
"2018-06-26 11:18","QuorumPeer.java","77673","24511","102184"
"2018-07-27 12:32","QuorumPeer.java","97046","42666","139712"
"2019-04-18 19:17","QuorumPeer.java","238969","179971","418940"
"2013-10-09 22:21","QuorumPeer.java","21406","4373","25779"
"2016-12-20 14:47","QuorumPeer.java","66631","19524","86155"
"2017-05-11 16:59","QuorumPeer.java","67651","22590","90241"
"2014-07-03 06:01","QuorumPeer.java","37676","11666","49342"
"2014-08-14 08:08","QuorumPeer.java","44762","12853","57615"
"2014-08-01 07:38","QuorumPeer.java","44296","12808","57104"
"2014-07-20 04:50","QuorumPeer.java","43631","12521","56152"
"2016-06-02 00:59","QuorumPeer.java","59653","17979","77632"
"2020-02-16 10:25","QuorumPeer.java","268420","181299","449719"
"2013-09-18 12:58","ClientCnxn.java","94405","29683","124088"
"2015-01-31 08:05","ClientCnxn.java","118042","32014","150056"
"2016-05-02 18:15","ClientCnxn.java","125960","33896","159856"
"2014-01-24 07:18","ClientCnxn.java","101450","29996","131446"
"2009-07-17 00:09","ClientCnxn.java","2382","1254","3636"
"2019-08-17 17:13","ClientCnxn.java","257500","140956","398456"
"2015-05-10 00:27","ClientCnxn.java","120670","32103","152773"
"2017-12-19 19:27","ClientCnxn.java","136269","35876","172145"
"2019-01-31 15:50","ClientCnxn.java","235123","140912","376035"
"2012-08-02 00:24","ClientCnxn.java","80516","28219","108735"
"2019-04-09 15:35","ClientCnxn.java","238321","140920","379241"
"2013-02-03 15:52","ClientCnxn.java","87918","29260","117178"
"2014-12-20 15:29","ClientCnxn.java","118021","32004","150025"
"2012-03-15 18:01","ClientCnxn.java","76735","26828","103563"
"2019-11-08 17:30","ClientCnxn.java","263114","140956","404070"
"2017-06-08 17:59","ClientCnxn.java","131763","35660","167423"
"2012-09-09 20:24","ClientCnxn.java","81269","28233","109502"
"2019-01-16 14:21","ClientCnxn.java","233436","140912","374348"
"2019-01-07 14:24","ClientCnxn.java","232286","140912","373198"
"2019-03-06 03:32","ClientCnxn.java","237249","140920","378169"
"2010-11-11 18:11","ClientCnxn.java","96891","18880","115771"
"2010-11-10 23:36","ClientCnxn.java","96848","18833","115681"
"2011-09-14 07:43","ClientCnxn.java","71814","22022","93836"
"2011-08-19 00:05","ClientCnxn.java","69463","21891","91354"
"2015-02-06 06:17","ClientCnxn.java","118270","32047","150317"
"2019-02-07 11:26","ClientCnxn.java","235788","140912","376700"
"2018-11-05 19:40","ClientCnxn.java","239640","113790","353430"
"2011-04-12 09:14","ClientCnxn.java","61292","23275","84567"
"2010-10-06 18:14","ClientCnxn.java","93708","18411","112119"
"2010-11-30 21:16","ClientCnxn.java","97393","19011","116404"
"2020-05-17 15:13","ClientCnxn.java","272085","141596","413681"
"2018-06-25 12:30","ClientCnxn.java","139951","36032","175983"
"2012-12-19 19:16","ClientCnxn.java","87381","29216","116597"
"2020-03-03 03:12","ClientCnxn.java","269874","141595","411469"
"2018-09-10 11:44","ClientCnxn.java","195039","87935","282974"
"2011-09-28 22:17","ClientCnxn.java","72468","24623","97091"
"2015-06-13 02:42","ClientCnxn.java","122240","32211","154451"
"2010-10-21 02:44","ClientCnxn.java","95491","18543","114034"
"2010-08-05 09:09","ClientCnxn.java","59483","17647","77130"
"2011-05-20 01:17","ClientCnxn.java","62158","23322","85480"
"2014-03-23 04:12","ClientCnxn.java","102214","30123","132337"
"2015-11-09 00:05","ClientCnxn.java","123835","32314","156149"
"2015-12-06 19:58","ClientCnxn.java","124175","32349","156524"
"2020-01-21 17:53","ClientCnxn.java","266135","141595","407730"
"2015-12-05 22:43","ClientCnxn.java","124172","32349","156521"
"2015-12-05 22:32","ClientCnxn.java","124167","32349","156516"
"2010-03-04 02:28","ClientCnxn.java","34250","13743","47993"
"2010-01-25 04:28","ClientCnxn.java","23575","6136","29711"
"2019-10-10 14:37","ClientCnxn.java","261253","140956","402209"
"2014-04-01 04:03","ClientCnxn.java","103182","30248","133430"
"2013-09-18 15:14","ClientCnxn.java","94423","29683","124106"
"2013-09-18 04:08","ClientCnxn.java","94319","29683","124002"
"2019-11-21 05:58","ClientCnxn.java","261306","141595","402901"
"2020-04-16 12:50","ClientCnxn.java","271713","141595","413308"
"2018-07-27 05:16","ClientCnxn.java","152800","47729","200529"
"2010-01-26 03:22","ClientCnxn.java","24218","6231","30449"
"2009-10-31 00:09","ClientCnxn.java","9589","4066","13655"
"2009-11-07 01:48","ClientCnxn.java","10272","4344","14616"
"2010-01-05 18:32","ClientCnxn.java","20436","5863","26299"
"2011-09-27 03:05","ZooKeeperServerTest.java","14286","4671","18957"
"2019-04-10 13:19","ZooKeeperServerTest.java","238175","180430","418605"
"2019-08-17 17:13","ZooKeeperServerTest.java","256906","180429","437335"
"2019-08-17 17:13","GetChildren2Test.java","257015","167976","424991"
"2019-11-28 12:24","DataTree.java","262909","181608","444517"
"2011-07-13 15:48","DataTree.java","4922","715","5637"
"2011-07-28 07:49","DataTree.java","7514","861","8375"
"2019-10-10 14:37","DataTree.java","260658","180510","441168"
"2019-12-27 22:33","DataTree.java","266681","181608","448289"
"2015-06-06 03:48","DataTree.java","72822","21212","94034"
"2019-11-11 13:59","DataTree.java","264315","180510","444825"
"2018-07-10 13:29","DataTree.java","101927","36108","138035"
"2012-12-19 19:16","DataTree.java","32073","12182","44255"
"2014-04-17 08:47","DataTree.java","55381","19642","75023"
"2014-04-29 02:23","DataTree.java","56093","19648","75741"
"2011-09-15 00:55","DataTree.java","13286","3900","17186"
"2011-09-28 22:17","DataTree.java","14110","4539","18649"
"2018-09-28 23:38","DataTree.java","181231","107586","288817"
"2011-09-17 02:36","DataTree.java","13812","4498","18310"
"2011-10-20 18:48","DataTree.java","13721","5990","19711"
"2019-11-08 17:30","DataTree.java","262519","180510","443029"
"2013-09-05 23:50","DataTree.java","39157","12994","52151"
"2019-01-30 16:28","DataTree.java","233951","180445","414396"
"2019-01-30 17:02","DataTree.java","234495","180445","414940"
"2016-11-24 17:18","DataTree.java","84523","25146","109669"
"2017-09-11 18:55","DataTree.java","86152","27934","114086"
"2011-07-01 00:53","DataTree.java","2991","478","3469"
"2012-02-06 10:39","DataTree.java","18272","7982","26254"
"2011-12-21 21:39","DataTree.java","16812","7390","24202"
"2017-02-05 07:22","DataTree.java","86031","25215","111246"
"2014-07-18 02:19","DataTree.java","63672","20474","84146"
"2019-02-07 11:26","DataTree.java","235173","180446","415619"
"2013-03-07 07:01","DataTree.java","37176","12729","49905"
"2018-09-04 11:54","DataTree.java","175923","107362","283285"
"2018-09-05 22:35","DataTree.java","176181","107364","283545"
"2018-12-20 15:17","DataTree.java","230439","180444","410883"
"2019-09-10 09:53","DataTree.java","257954","180510","438464"
"2019-04-12 19:01","DataTree.java","238713","180511","419224"
"2019-07-31 19:06","DataTree.java","256212","180510","436722"
"2019-09-11 10:27","DataTree.java","258261","180510","438771"
"2013-10-22 12:54","DataTree.java","43638","13406","57044"
"2016-03-23 00:30","DataTree.java","77021","23972","100993"
"2019-08-01 07:31","DataTree.java","257576","180510","438086"
"2014-01-24 07:18","DataTree.java","46729","13549","60278"
"2019-08-17 17:13","DataTree.java","256905","180510","437415"
"2019-09-10 15:21","DataTree.java","257948","180510","438458"
"2015-06-04 19:51","DataTree.java","72710","21205","93915"
"2016-10-07 21:51","DataTree.java","81112","24556","105668"
"2017-06-18 19:23","DataTree.java","85559","27655","113214"
"2019-04-12 12:29","DataTree.java","238282","180511","418793"
"2019-08-03 08:42","DataTree.java","257613","180510","438123"
"2019-08-09 16:15","DataTree.java","258361","180510","438871"
"2016-11-13 20:59","DataTree.java","83386","24577","107963"
"2019-04-29 16:49","DataTree.java","240743","180511","421254"
"2009-01-15 23:57","ServerStats.java","39154","7050","46204"
"2008-12-23 22:29","ServerStats.java","37008","3821","40829"
"2015-07-10 08:19","ServerStats.java","181653","18599","200252"
"2019-04-12 19:01","ServerStats.java","239649","58134","297783"
"2015-02-06 06:17","ServerStats.java","177374","18556","195930"
"2014-07-18 02:19","ServerStats.java","172531","18464","190995"
"2019-01-07 14:39","ServerStats.java","232665","58118","290783"
"2012-02-11 00:34","ServerStats.java","137289","15951","153240"
"2018-09-18 01:00","ServerStats.java","226629","44689","271318"
"2019-08-17 17:13","ServerStats.java","257842","58134","315976"
"2018-07-12 01:33","ServerStats.java","196740","19874","216614"
"2011-12-28 07:07","ServerStats.java","136312","15898","152210"
"2018-06-08 16:52","ServerStats.java","195570","19173","214743"
"2019-04-09 15:35","ClientCnxnSocketNetty.java","236873","214669","451542"
"2018-01-30 21:56","ClientCnxnSocketNetty.java","30550","16057","46607"
"2019-06-03 19:40","ClientCnxnSocketNetty.java","241435","214757","456192"
"2016-05-02 18:15","ClientCnxnSocketNetty.java","12582","6535","19117"
"2015-03-09 19:22","ClientCnxnSocketNetty.java","656","276","932"
"2015-03-17 18:06","ClientCnxnSocketNetty.java","1850","422","2272"
"2019-08-17 17:13","ClientCnxnSocketNetty.java","256104","214757","470861"
"2018-11-22 17:56","ClientCnxnSocketNetty.java","224690","214646","439336"
"2018-12-15 07:34","ClientCnxnSocketNetty.java","228566","214646","443212"
"2019-02-12 15:25","ClientCnxnSocketNetty.java","234821","214649","449470"
"2016-12-30 23:01","ClientCnxnSocketNetty.java","21405","8972","30377"
"2019-10-10 14:37","ClientCnxnSocketNetty.java","259857","214757","474614"
"2011-11-02 22:53","ClientCnxnSocketNIO.java","1800","3160","4960"
"2019-10-10 14:37","ClientCnxnSocketNIO.java","260495","177223","437718"
"2012-10-31 18:24","ClientCnxnSocketNIO.java","12941","7567","20508"
"2014-12-20 15:29","ClientCnxnSocketNIO.java","56783","18611","75394"
"2019-04-09 15:35","ClientCnxnSocketNIO.java","237550","177174","414724"
"2019-08-03 08:42","ClientCnxnSocketNIO.java","257450","177223","434673"
"2014-07-17 22:56","ClientCnxnSocketNIO.java","48872","18012","66884"
"2019-08-17 17:13","ClientCnxnSocketNIO.java","256742","177223","433965"
"2016-05-02 18:15","ClientCnxnSocketNIO.java","67442","23223","90665"
"2018-11-22 17:56","ClientCnxnSocketNIO.java","225378","177162","402540"
"2012-09-09 20:24","ClientCnxnSocketNIO.java","12742","7551","20293"
"2009-01-15 23:57","ConnectionBean.java","39154","7050","46204"
"2015-02-06 06:17","ConnectionBean.java","177374","18556","195930"
"2019-08-17 17:13","ConnectionBean.java","257842","58134","315976"
"2009-02-06 22:19","ConnectionBean.java","53505","7915","61420"
"2010-03-11 04:17","ConnectionBean.java","121396","11375","132771"
"2009-11-12 20:53","ConnectionBean.java","100397","10718","111115"
"2009-11-07 01:48","ConnectionBean.java","99761","10669","110430"
"2019-10-10 14:37","ConnectionBean.java","261595","58134","319729"
"2011-04-12 09:14","ConnectionBean.java","133947","12766","146713"
"2010-08-18 08:24","ConnectionBean.java","142314","12178","154492"
"2019-11-28 12:24","DataTree.java","262908","175565","438473"
"2019-10-10 14:37","DataTree.java","260657","174467","435124"
"2019-12-27 22:33","DataTree.java","266680","175565","442245"
"2015-06-06 03:48","DataTree.java","67272","22315","89587"
"2019-11-11 13:59","DataTree.java","264314","174467","438781"
"2018-07-10 13:29","DataTree.java","97267","38101","135368"
"2012-12-19 19:16","DataTree.java","25763","12525","38288"
"2014-04-17 08:47","DataTree.java","49655","20569","70224"
"2014-04-29 02:23","DataTree.java","50367","20575","70942"
"2011-09-15 00:55","DataTree.java","6097","3364","9461"
"2011-09-28 22:17","DataTree.java","7040","4122","11162"
"2018-09-28 23:38","DataTree.java","179487","112495","291982"
"2011-09-17 02:36","DataTree.java","6742","4081","10823"
"2011-10-20 18:48","DataTree.java","7214","6136","13350"
"2019-11-08 17:30","DataTree.java","262518","174467","436985"
"2013-09-05 23:50","DataTree.java","33389","13879","47268"
"2019-01-30 16:28","DataTree.java","233950","174402","408352"
"2019-01-30 17:02","DataTree.java","234494","174402","408896"
"2016-11-24 17:18","DataTree.java","79069","26345","105414"
"2017-09-11 18:55","DataTree.java","81468","29903","111371"
"2012-02-06 10:39","DataTree.java","11888","8251","20139"
"2011-12-21 21:39","DataTree.java","10367","7598","17965"
"2017-02-05 07:22","DataTree.java","80682","26519","107201"
"2014-07-18 02:19","DataTree.java","57993","21448","79441"
"2019-02-07 11:26","DataTree.java","235172","174403","409575"
"2013-03-07 07:01","DataTree.java","31343","13549","44892"
"2018-09-04 11:54","DataTree.java","174163","112255","286418"
"2018-09-05 22:35","DataTree.java","174436","112272","286708"
"2018-12-20 15:17","DataTree.java","230438","174401","404839"
"2019-09-10 09:53","DataTree.java","257953","174467","432420"
"2019-04-12 19:01","DataTree.java","238712","174468","413180"
"2019-07-31 19:06","DataTree.java","256211","174467","430678"
"2019-09-11 10:27","DataTree.java","258260","174467","432727"
"2013-10-22 12:54","DataTree.java","37873","14294","52167"
"2016-03-23 00:30","DataTree.java","71496","25100","96596"
"2019-08-01 07:31","DataTree.java","257575","174467","432042"
"2014-01-24 07:18","DataTree.java","40970","14443","55413"
"2019-08-17 17:13","DataTree.java","256904","174467","431371"
"2019-09-10 15:21","DataTree.java","257947","174467","432414"
"2015-06-04 19:51","DataTree.java","67160","22308","89468"
"2016-10-07 21:51","DataTree.java","75657","25754","101411"
"2017-06-18 19:23","DataTree.java","80248","28997","109245"
"2019-04-12 12:29","DataTree.java","238281","174468","412749"
"2019-08-03 08:42","DataTree.java","257612","174467","432079"
"2019-08-09 16:15","DataTree.java","258360","174467","432827"
"2016-11-13 20:59","DataTree.java","77929","25773","103702"
"2019-04-29 16:49","DataTree.java","240742","174468","415210"
"2019-08-17 17:13","SyncCommand.java","256502","178872","435374"
"2019-05-23 18:42","SyncCommand.java","241715","178856","420571"
"2017-05-27 00:52","SyncCommand.java","68500","22228","90728"
"2019-12-28 16:17","SyncCommand.java","266397","180182","446579"
"2016-07-27 01:33","SyncCommand.java","61514","17918","79432"
"2019-08-17 17:13","ConnectStringParser.java","256407","187266","443673"
"2018-10-08 14:33","ConnectStringParser.java","232462","167881","400343"
"2019-10-10 14:37","NIOServerCnxnFactory.java","7470","3717","11187"
"2019-11-14 03:54","NIOServerCnxnFactory.java","12030","4021","16051"
"2019-08-17 17:13","ReadOnlyModeTest.java","256906","180329","437235"
"2015-02-06 06:17","ReadOnlyModeTest.java","69128","21004","90132"
"2017-04-18 01:37","ReadOnlyModeTest.java","85534","26967","112501"
"2017-06-08 17:51","ReadOnlyModeTest.java","85691","27756","113447"
"2013-10-09 22:21","ReadOnlyModeTest.java","43371","13554","56925"
"2011-11-01 08:15","ReadOnlyModeTest.java","15060","6917","21977"
"2013-09-18 01:14","ReadOnlyModeTest.java","39722","13192","52914"
"2011-06-23 18:01","ReadOnlyModeTest.java","821","676","1497"
"2011-07-29 10:14","ReadOnlyModeTest.java","8109","1142","9251"
"2019-10-10 14:37","AtomicFileOutputStream.java","7470","3717","11187"
"2019-08-17 17:13","SerializationPerfTest.java","257500","142084","399584"
"2011-04-12 09:14","SerializationPerfTest.java","59741","22852","82593"
"2010-03-31 06:26","SerializationPerfTest.java","40968","14591","55559"
"2011-06-23 18:01","SerializationPerfTest.java","62213","23229","85442"
"2019-10-10 14:37","SerializationPerfTest.java","261253","142084","403337"
"2009-09-16 02:09","SerializationPerfTest.java","3787","1372","5159"
"2015-02-06 06:17","StaticHostProviderTest.java","44612","13574","58186"
"2014-06-27 23:47","StaticHostProviderTest.java","33150","11606","44756"
"2013-11-05 03:02","StaticHostProviderTest.java","17843","4366","22209"
"2014-07-17 22:56","StaticHostProviderTest.java","36019","12499","48518"
"2012-12-20 06:50","StaticHostProviderTest.java","4455","1457","5912"
"2019-08-17 17:13","StaticHostProviderTest.java","256464","184285","440749"
"2018-07-16 05:45","StaticHostProviderTest.java","92819","43278","136097"
"2015-05-10 00:27","StaticHostProviderTest.java","47194","13812","61006"
"2019-06-07 14:13","SessionTest.java","243604","142084","385688"
"2019-08-17 17:13","SessionTest.java","257500","142084","399584"
"2017-09-11 18:55","SessionTest.java","131683","35943","167626"
"2010-11-04 17:01","SessionTest.java","94032","18106","112138"
"2018-09-22 06:48","SessionTest.java","196813","88151","284964"
"2011-10-25 08:09","SessionTest.java","71479","26178","97657"
"2010-08-17 09:24","SessionTest.java","59946","17462","77408"
"2011-04-12 09:14","SessionTest.java","59741","22852","82593"
"2010-03-31 06:26","SessionTest.java","40968","14591","55559"
"2010-08-18 08:24","SessionTest.java","63794","17950","81744"
"2010-10-21 02:44","SessionTest.java","93920","18100","112020"
"2010-08-05 09:09","SessionTest.java","57877","17169","75046"
"2013-12-21 22:05","SessionTest.java","98786","29919","128705"
"2010-03-12 19:26","SessionTest.java","39322","13203","52525"
"2009-08-07 01:23","SessionTest.java","1056","225","1281"
"2019-10-10 14:37","SessionTest.java","261253","142084","403337"
"2015-07-07 07:11","SessionTest.java","121845","32285","154130"
"2019-12-28 16:17","SessionTest.java","266724","142723","409447"
"2009-09-16 02:09","SessionTest.java","3787","1372","5159"
"2010-01-26 03:22","SessionTest.java","22533","5674","28207"
"2015-10-18 19:00","QuorumPeer.java","54442","14891","69333"
"2018-12-20 15:13","QuorumPeer.java","229940","180661","410601"
"2019-05-16 16:25","QuorumPeer.java","241247","180739","421986"
"2018-10-16 16:22","QuorumPeer.java","235662","161556","397218"
"2019-06-14 09:06","QuorumPeer.java","244462","180755","425217"
"2018-12-07 12:41","QuorumPeer.java","226953","180660","407613"
"2019-03-11 19:47","QuorumPeer.java","236387","180680","417067"
"2014-07-18 02:19","QuorumPeer.java","42279","12462","54741"
"2019-02-13 13:12","QuorumPeer.java","235336","180681","416017"
"2019-04-12 19:01","QuorumPeer.java","238255","180739","418994"
"2018-12-09 03:16","QuorumPeer.java","229027","180660","409687"
"2018-09-11 15:23","QuorumPeer.java","164197","107762","271959"
"2019-11-29 14:49","QuorumPeer.java","264333","182067","446400"
"2013-03-07 07:01","QuorumPeer.java","14435","3369","17804"
"2018-12-15 07:34","QuorumPeer.java","228942","180660","409602"
"2018-11-27 10:02","QuorumPeer.java","226703","180660","407363"
"2018-09-18 01:00","QuorumPeer.java","165516","107826","273342"
"2019-06-03 19:40","QuorumPeer.java","241795","180755","422550"
"2019-07-15 14:15","QuorumPeer.java","251883","180755","432638"
"2015-03-17 18:06","QuorumPeer.java","49163","13373","62536"
"2019-07-03 00:44","QuorumPeer.java","244477","180755","425232"
"2019-08-17 17:13","QuorumPeer.java","256464","180755","437219"
"2015-06-27 02:03","QuorumPeer.java","52247","13768","66015"
"2017-11-28 00:10","QuorumPeer.java","72596","23902","96498"
"2014-01-21 04:50","QuorumPeer.java","22841","4625","27466"
"2014-06-04 22:07","QuorumPeer.java","35641","11624","47265"
"2018-01-30 08:02","QuorumPeer.java","73098","24251","97349"
"2019-05-15 11:56","QuorumPeer.java","241202","180739","421941"
"2019-06-05 00:33","QuorumPeer.java","242185","180755","422940"
"2019-05-20 23:13","QuorumPeer.java","241320","180739","422059"
"2019-06-04 10:55","QuorumPeer.java","241948","180755","422703"
"2019-07-12 17:01","QuorumPeer.java","251777","180755","432532"
"2020-01-09 11:27","QuorumPeer.java","265879","182067","447946"
"2017-02-09 11:40","QuorumPeer.java","67162","19692","86854"
"2017-07-06 18:48","QuorumPeer.java","68068","22912","90980"
"2018-10-01 06:11","QuorumPeer.java","168259","107990","276249"
"2015-04-09 20:16","QuorumPeer.java","50256","13403","63659"
"2013-10-07 21:08","QuorumPeer.java","17990","4108","22098"
"2013-09-30 22:20","QuorumPeer.java","17373","3922","21295"
"2018-07-04 17:11","QuorumPeer.java","84808","32400","117208"
"2019-12-17 13:48","QuorumPeer.java","264905","182067","446972"
"2015-12-07 05:59","QuorumPeer.java","55452","15143","70595"
"2020-01-23 13:43","QuorumPeer.java","267703","182067","449770"
"2016-06-23 23:45","QuorumPeer.java","59404","18025","77429"
"2016-06-23 23:25","QuorumPeer.java","59297","18026","77323"
"2014-03-23 04:12","QuorumPeer.java","25368","4932","30300"
"2013-09-26 00:13","QuorumPeer.java","17110","3903","21013"
"2014-07-18 20:48","QuorumPeer.java","42787","12511","55298"
"2014-07-04 04:19","QuorumPeer.java","37420","11760","49180"
"2018-12-06 10:56","QuorumPeer.java","226897","180660","407557"
"2014-06-25 15:04","QuorumPeer.java","36156","11642","47798"
"2014-03-28 01:58","QuorumPeer.java","25800","4946","30746"
"2013-10-21 23:36","QuorumPeer.java","20993","4369","25362"
"2019-10-10 14:37","QuorumPeer.java","260217","180755","440972"
"2013-11-07 06:41","QuorumPeer.java","21505","4450","25955"
"2017-07-27 23:09","QuorumPeer.java","67532","23362","90894"
"2014-05-18 05:49","QuorumPeer.java","35127","11599","46726"
"2014-03-25 22:13","QuorumPeer.java","25614","4942","30556"
"2018-06-26 11:18","QuorumPeer.java","76982","24592","101574"
"2018-07-27 12:32","QuorumPeer.java","96355","42747","139102"
"2019-04-18 19:17","QuorumPeer.java","238965","180739","419704"
"2013-10-09 22:21","QuorumPeer.java","20617","4356","24973"
"2016-12-20 14:47","QuorumPeer.java","65885","19550","85435"
"2017-05-11 16:59","QuorumPeer.java","66954","22665","89619"
"2014-07-03 06:01","QuorumPeer.java","36909","11671","48580"
"2014-08-14 08:08","QuorumPeer.java","44012","12875","56887"
"2014-08-01 07:38","QuorumPeer.java","43546","12830","56376"
"2014-07-20 04:50","QuorumPeer.java","42881","12543","55424"
"2016-06-02 00:59","QuorumPeer.java","58907","18005","76912"
"2020-02-16 10:25","QuorumPeer.java","268416","182067","450483"
"2015-02-06 06:17","StaticHostProviderTest.java","53633","15431","69064"
"2012-11-17 15:03","StaticHostProviderTest.java","10943","3779","14722"
"2014-06-27 23:47","StaticHostProviderTest.java","42966","14258","57224"
"2013-11-05 03:02","StaticHostProviderTest.java","28012","7371","35383"
"2014-07-17 22:56","StaticHostProviderTest.java","45414","14730","60144"
"2012-12-20 06:50","StaticHostProviderTest.java","15317","5155","20472"
"2019-08-17 17:13","StaticHostProviderTest.java","256650","177307","433957"
"2018-07-16 05:45","StaticHostProviderTest.java","100943","44238","145181"
"2015-05-10 00:27","StaticHostProviderTest.java","56190","15644","71834"
"2010-08-17 09:24","GetTest.java","19284","1868","21152"
"2011-04-12 09:14","GetTest.java","27319","15498","42817"
"2015-07-07 07:11","GetTest.java","99820","33962","133782"
"2009-06-25 00:59","ClientBase.java","92291","9218","101509"
"2008-11-19 11:20","ClientBase.java","34850","3254","38104"
"2012-08-28 21:51","ClientBase.java","141431","16107","157538"
"2017-06-08 17:51","ClientBase.java","187738","19109","206847"
"2012-07-17 23:19","ClientBase.java","140358","16108","156466"
"2017-04-18 01:37","ClientBase.java","188257","18996","207253"
"2008-10-21 06:26","ClientBase.java","28517","2443","30960"
"2010-03-16 22:23","ClientBase.java","121839","11392","133231"
"2018-09-07 02:49","ClientBase.java","224350","44651","269001"
"2019-07-31 19:06","ClientBase.java","257149","58134","315283"
"2012-02-06 09:47","ClientBase.java","137042","15913","152955"
"2015-02-06 06:17","ClientBase.java","177374","18556","195930"
"2017-09-11 18:55","ClientBase.java","188242","19155","207397"
"2009-07-17 00:09","ClientBase.java","93580","9288","102868"
"2009-06-30 03:32","ClientBase.java","93091","9235","102326"
"2019-08-17 17:13","ClientBase.java","257842","58134","315976"
"2009-06-18 18:37","ClientBase.java","85198","8997","94195"
"2015-03-28 20:08","ClientBase.java","179594","18565","198159"
"2019-06-07 14:13","ClientBase.java","243946","58134","302080"
"2018-04-24 00:20","ClientBase.java","194009","19146","213155"
"2018-08-08 06:21","ClientBase.java","207350","28516","235866"
"2018-05-09 23:57","ClientBase.java","194821","19173","213994"
"2009-06-09 07:04","ClientBase.java","82834","8878","91712"
"2019-06-24 11:05","ClientBase.java","245175","58134","303309"
"2012-12-11 08:42","ClientBase.java","144958","16301","161259"
"2017-01-13 19:29","ClientBase.java","190342","18915","209257"
"2010-01-25 04:28","ClientBase.java","111851","11248","123099"
"2010-03-09 05:44","ClientBase.java","121003","11322","132325"
"2016-06-23 23:25","ClientBase.java","184179","18658","202837"
"2014-01-03 01:40","ClientBase.java","159390","17036","176426"
"2014-01-25 01:17","ClientBase.java","161186","17026","178212"
"2009-11-20 23:28","ClientBase.java","107779","10790","118569"
"2009-11-25 20:06","ClientBase.java","107816","10794","118610"
"2009-11-12 20:53","ClientBase.java","100397","10718","111115"
"2009-08-25 07:45","ClientBase.java","95557","9356","104913"
"2009-09-16 02:09","ClientBase.java","96394","9687","106081"
"2019-11-14 16:44","ClientBase.java","265869","58134","324003"
"2019-10-10 14:37","ClientBase.java","261595","58134","319729"
"2012-03-15 17:47","ClientBase.java","138331","15959","154290"
"2010-09-15 07:51","ClientBase.java","170485","12179","182664"
"2012-01-14 00:28","ClientBase.java","136511","15898","152409"
"2011-04-12 09:14","ClientBase.java","133947","12766","146713"
"2011-11-05 07:29","ClientBase.java","135056","15863","150919"
"2016-08-24 01:36","ClientBase.java","184808","18716","203524"
"2011-09-17 02:13","ClientBase.java","135910","15699","151609"
"2010-07-05 20:20","ClientBase.java","133333","11817","145150"
"2010-03-31 06:26","ClientBase.java","122425","11756","134181"
"2010-08-18 08:24","ClientBase.java","142314","12178","154492"
"2008-10-22 01:49","ClientBase.java","28958","2474","31432"
"2008-09-26 20:09","ClientBase.java","14219","575","14794"
"2009-05-14 22:15","ClientBase.java","80388","8602","88990"
"2015-03-08 23:07","ClientBase.java","177557","18565","196122"
"2018-10-05 14:25","QuorumPeerMainTest.java","206577","199061","405638"
"2020-01-23 13:43","QuorumPeerMainTest.java","266030","234002","500032"
"2019-10-10 14:37","QuorumPeerMainTest.java","257917","232063","489980"
"2019-12-28 16:17","QuorumPeerMainTest.java","264687","234001","498688"
"2019-07-25 21:41","QuorumPeerMainTest.java","250646","232062","482708"
"2019-08-17 17:13","QuorumPeerMainTest.java","254163","232062","486225"
"2019-07-02 07:34","QuorumPeerMainTest.java","242105","232061","474166"
"2019-05-20 17:18","QuorumPeerMainTest.java","238936","232044","470980"
"2018-10-16 16:22","QuorumPeerMainTest.java","219565","199067","418632"
"2018-08-29 06:26","QuorumPeerMainTest.java","84563","83051","167614"
"2018-08-03 18:52","QuorumPeerMainTest.java","681","175","856"
"2018-09-11 15:23","QuorumPeerMainTest.java","91606","88779","180385"
"2020-05-05 09:18","JettyAdminServer.java","29373","15611","44984"
"2019-10-10 14:37","JettyAdminServer.java","7470","3717","11187"
"2019-12-27 22:33","FileTxnSnapLog.java","11303","6378","17681"
"2019-12-13 08:51","FileTxnSnapLog.java","9134","6172","15306"
"2020-01-23 16:46","FileTxnSnapLog.java","14383","8209","22592"
"2020-01-28 17:26","FileTxnSnapLog.java","14937","8292","23229"
"2020-01-30 09:43","FileTxnSnapLog.java","15040","8319","23359"
"2019-11-28 12:24","ZooKeeperServerMain.java","3023","5527","8550"
"2019-11-25 15:37","ZooKeeperServerMain.java","2884","5486","8370"
"2019-05-16 16:25","QuorumPeer.java","5998","1197","7195"
"2019-06-14 09:06","QuorumPeer.java","10264","2264","12528"
"2019-04-12 19:01","QuorumPeer.java","2508","699","3207"
"2019-11-29 14:49","QuorumPeer.java","64364","37805","102169"
"2019-06-03 19:40","QuorumPeer.java","6795","1462","8257"
"2019-07-15 14:15","QuorumPeer.java","21498","6077","27575"
"2019-07-03 00:44","QuorumPeer.java","13066","5051","18117"
"2019-08-17 17:13","QuorumPeer.java","50067","30065","80132"
"2019-05-15 11:56","QuorumPeer.java","5930","1174","7104"
"2019-06-05 00:33","QuorumPeer.java","7394","1671","9065"
"2019-05-20 23:13","QuorumPeer.java","6126","1252","7378"
"2019-06-04 10:55","QuorumPeer.java","7090","1604","8694"
"2019-07-12 17:01","QuorumPeer.java","21392","6077","27469"
"2020-01-09 11:27","QuorumPeer.java","66953","38848","105801"
"2019-12-17 13:48","QuorumPeer.java","64960","37829","102789"
"2020-01-23 13:43","QuorumPeer.java","69159","39230","108389"
"2019-10-10 14:37","QuorumPeer.java","55907","32152","88059"
"2019-04-18 19:17","QuorumPeer.java","3240","721","3961"
"2020-02-16 10:25","QuorumPeer.java","70004","39362","109366"
"2016-05-02 18:15","ClientCnxn.java","9411","5914","15325"
"2019-08-17 17:13","ClientCnxn.java","256074","217277","473351"
"2017-12-19 19:27","ClientCnxn.java","27439","15613","43052"
"2019-01-31 15:50","ClientCnxn.java","233630","217166","450796"
"2019-04-09 15:35","ClientCnxn.java","236841","217187","454028"
"2019-11-08 17:30","ClientCnxn.java","261717","217306","479023"
"2017-06-08 17:59","ClientCnxn.java","20373","12837","33210"
"2019-01-16 14:21","ClientCnxn.java","231943","217166","449109"
"2019-01-07 14:24","ClientCnxn.java","230792","217165","447957"
"2019-03-06 03:32","ClientCnxn.java","235767","217185","452952"
"2019-02-07 11:26","ClientCnxn.java","234296","217167","451463"
"2018-11-05 19:40","ClientCnxn.java","233619","196336","429955"
"2020-05-17 15:13","ClientCnxn.java","271503","218761","490264"
"2018-06-25 12:30","ClientCnxn.java","31524","16172","47696"
"2020-03-03 03:12","ClientCnxn.java","269265","218733","487998"
"2018-09-10 11:44","ClientCnxn.java","130878","112341","243219"
"2015-06-13 02:42","ClientCnxn.java","2463","1001","3464"
"2015-11-09 00:05","ClientCnxn.java","5356","2402","7758"
"2015-12-06 19:58","ClientCnxn.java","5788","2529","8317"
"2020-01-21 17:53","ClientCnxn.java","265526","218733","484259"
"2015-12-05 22:43","ClientCnxn.java","5785","2529","8314"
"2015-12-05 22:32","ClientCnxn.java","5778","2527","8305"
"2019-10-10 14:37","ClientCnxn.java","259827","217277","477104"
"2019-11-21 05:58","ClientCnxn.java","260695","218731","479426"
"2020-04-16 12:50","ClientCnxn.java","271104","218733","489837"
"2018-07-27 05:16","ClientCnxn.java","52309","35805","88114"
"2019-11-08 17:30","Request.java","46194","29356","75550"
"2019-08-06 17:11","Request.java","15624","3299","18923"
"2019-08-01 07:28","Request.java","14267","2862","17129"
"2019-08-17 17:13","Request.java","37963","26739","64702"
"2020-03-25 03:38","Request.java","60801","36792","97593"
"2019-09-20 10:06","Request.java","42734","28647","71381"
"2019-09-16 23:26","Request.java","42576","28333","70909"
"2019-12-27 22:33","Request.java","55022","35120","90142"
"2019-11-11 13:59","Request.java","48022","29388","77410"
"2020-05-05 21:20","Request.java","65355","40315","105670"
"2015-10-18 19:00","QuorumPeer.java","59053","16645","75698"
"2018-12-20 15:13","QuorumPeer.java","230138","178002","408140"
"2019-05-16 16:25","QuorumPeer.java","241445","178080","419525"
"2018-10-16 16:22","QuorumPeer.java","235860","158897","394757"
"2019-06-14 09:06","QuorumPeer.java","244644","178080","422724"
"2018-12-07 12:41","QuorumPeer.java","227151","178001","405152"
"2012-04-23 01:20","QuorumPeer.java","4689","2604","7293"
"2012-07-17 23:19","QuorumPeer.java","5528","2671","8199"
"2019-03-11 19:47","QuorumPeer.java","236585","178021","414606"
"2014-07-18 02:19","QuorumPeer.java","47249","14575","61824"
"2019-02-13 13:12","QuorumPeer.java","235534","178022","413556"
"2019-04-12 19:01","QuorumPeer.java","238453","178080","416533"
"2018-12-09 03:16","QuorumPeer.java","229225","178001","407226"
"2018-09-11 15:23","QuorumPeer.java","168323","109031","277354"
"2019-11-29 14:49","QuorumPeer.java","264513","179390","443903"
"2013-03-07 07:01","QuorumPeer.java","19868","5945","25813"
"2018-12-15 07:34","QuorumPeer.java","229140","178001","407141"
"2018-11-27 10:02","QuorumPeer.java","226901","178001","404902"
"2018-09-18 01:00","QuorumPeer.java","169640","109093","278733"
"2019-06-03 19:40","QuorumPeer.java","241977","178080","420057"
"2019-07-15 14:15","QuorumPeer.java","252065","178080","430145"
"2015-03-17 18:06","QuorumPeer.java","53847","15200","69047"
"2019-07-03 00:44","QuorumPeer.java","244659","178080","422739"
"2019-08-17 17:13","QuorumPeer.java","256646","178080","434726"
"2015-06-27 02:03","QuorumPeer.java","56889","15553","72442"
"2017-11-28 00:10","QuorumPeer.java","76852","25301","102153"
"2014-01-21 04:50","QuorumPeer.java","28185","7112","35297"
"2014-06-04 22:07","QuorumPeer.java","40701","13827","54528"
"2018-01-30 08:02","QuorumPeer.java","77338","25634","102972"
"2019-05-15 11:56","QuorumPeer.java","241400","178080","419480"
"2019-06-05 00:33","QuorumPeer.java","242367","178080","420447"
"2019-05-20 23:13","QuorumPeer.java","241518","178080","419598"
"2019-06-04 10:55","QuorumPeer.java","242130","178080","420210"
"2019-07-12 17:01","QuorumPeer.java","251959","178080","430039"
"2020-01-09 11:27","QuorumPeer.java","266059","179390","445449"
"2017-02-09 11:40","QuorumPeer.java","71545","21218","92763"
"2017-07-06 18:48","QuorumPeer.java","72333","24320","96653"
"2018-10-01 06:11","QuorumPeer.java","172382","109256","281638"
"2015-04-09 20:16","QuorumPeer.java","54938","15228","70166"
"2013-10-07 21:08","QuorumPeer.java","23383","6644","30027"
"2013-09-30 22:20","QuorumPeer.java","22769","6461","29230"
"2018-07-04 17:11","QuorumPeer.java","88982","33717","122699"
"2019-12-17 13:48","QuorumPeer.java","265085","179390","444475"
"2015-12-07 05:59","QuorumPeer.java","60054","16888","76942"
"2020-01-23 13:43","QuorumPeer.java","267883","179390","447273"
"2016-06-23 23:45","QuorumPeer.java","63991","19755","83746"
"2016-06-23 23:25","QuorumPeer.java","63884","19756","83640"
"2014-03-23 04:12","QuorumPeer.java","30698","7405","38103"
"2013-09-26 00:13","QuorumPeer.java","22498","6434","28932"
"2014-07-18 20:48","QuorumPeer.java","47744","14611","62355"
"2014-07-04 04:19","QuorumPeer.java","42391","13874","56265"
"2018-12-06 10:56","QuorumPeer.java","227095","178001","405096"
"2014-06-25 15:04","QuorumPeer.java","41208","13837","55045"
"2014-03-28 01:58","QuorumPeer.java","31131","7420","38551"
"2013-10-21 23:36","QuorumPeer.java","26371","6890","33261"
"2019-10-10 14:37","QuorumPeer.java","260399","178080","438479"
"2013-11-07 06:41","QuorumPeer.java","26875","6963","33838"
"2017-07-27 23:09","QuorumPeer.java","71796","24769","96565"
"2014-05-18 05:49","QuorumPeer.java","40188","13803","53991"
"2014-03-25 22:13","QuorumPeer.java","30946","7417","38363"
"2018-06-26 11:18","QuorumPeer.java","81214","25967","107181"
"2018-07-27 12:32","QuorumPeer.java","100524","44059","144583"
"2019-04-18 19:17","QuorumPeer.java","239163","178080","417243"
"2013-10-09 22:21","QuorumPeer.java","25998","6880","32878"
"2016-12-20 14:47","QuorumPeer.java","70295","21103","91398"
"2017-05-11 16:59","QuorumPeer.java","71230","24084","95314"
"2014-07-03 06:01","QuorumPeer.java","41961","13866","55827"
"2014-08-14 08:08","QuorumPeer.java","48738","14744","63482"
"2014-08-01 07:38","QuorumPeer.java","48316","14743","63059"
"2014-07-20 04:50","QuorumPeer.java","47838","14643","62481"
"2016-06-02 00:59","QuorumPeer.java","63493","19734","83227"
"2020-02-16 10:25","QuorumPeer.java","268596","179390","447986"
"2014-01-24 07:18","KeeperException.java","10640","1907","12547"
"2019-08-17 17:13","KeeperException.java","256406","191763","448169"
"2014-04-30 04:30","KeeperException.java","21409","9397","30806"
"2019-07-24 18:00","KeeperException.java","252861","191763","444624"
"2016-11-13 20:59","KeeperException.java","52898","18536","71434"
"2017-07-28 00:36","KeeperException.java","57089","23881","80970"
"2020-03-25 03:38","KeeperException.java","270537","193109","463646"
"2018-07-27 05:16","KeeperException.java","85797","43447","129244"
"2013-10-09 22:21","KeeperException.java","6718","1523","8241"
"2019-08-17 17:13","SaslAuthFailTest.java","67663","36356","104019"
"2019-10-10 14:37","SaslAuthFailTest.java","73390","38330","111720"
"2019-07-15 14:15","QuorumZooKeeperServer.java","15715","5050","20765"
"2019-06-26 10:57","QuorumZooKeeperServer.java","6925","3829","10754"
"2019-08-17 17:13","QuorumZooKeeperServer.java","44957","29711","74668"
"2019-06-04 10:55","QuorumZooKeeperServer.java","1284","554","1838"
"2019-11-29 14:49","QuorumZooKeeperServer.java","59657","37854","97511"
"2020-03-25 03:38","QuorumZooKeeperServer.java","67664","39633","107297"
"2019-10-10 14:37","QuorumZooKeeperServer.java","51093","32094","83187"
"2010-03-11 04:17","NIOServerCnxn.java","31753","10824","42577"
"2011-05-03 23:29","NIOServerCnxn.java","53799","21366","75165"
"2009-12-03 23:30","NIOServerCnxn.java","9632","1676","11308"
"2010-01-26 01:17","NIOServerCnxn.java","15103","3183","18286"
"2009-11-12 20:53","NIOServerCnxn.java","760","173","933"
"2019-11-21 05:58","NIOServerCnxn.java","261293","147510","408803"
"2015-11-08 22:36","NIOServerCnxn.java","117675","31652","149327"
"2019-11-18 09:05","NIOServerCnxn.java","261270","147510","408780"
"2013-09-10 00:37","NIOServerCnxn.java","87778","28695","116473"
"2019-09-16 23:26","NIOServerCnxn.java","260206","146571","406777"
"2019-10-10 14:37","NIOServerCnxn.java","260940","146571","407511"
"2013-10-05 00:57","NIOServerCnxn.java","88672","28835","117507"
"2018-09-28 23:38","NIOServerCnxn.java","195838","89338","285176"
"2010-08-18 08:24","NIOServerCnxn.java","57233","16189","73422"
"2010-05-04 23:45","NIOServerCnxn.java","36302","14972","51274"
"2010-03-09 03:00","NIOServerCnxn.java","30980","10671","41651"
"2020-02-11 06:50","NIOServerCnxn.java","268645","147510","416155"
"2019-01-23 14:00","NIOServerCnxn.java","233864","146521","380385"
"2019-07-08 23:26","NIOServerCnxn.java","245963","146571","392534"
"2019-04-12 19:01","NIOServerCnxn.java","238994","146571","385565"
"2019-01-14 19:38","NIOServerCnxn.java","232429","146521","378950"
"2018-11-17 18:33","NIOServerCnxn.java","225212","146521","371733"
"2017-03-04 19:22","NIOServerCnxn.java","125828","34906","160734"
"2011-08-19 00:05","NIOServerCnxn.java","62460","20307","82767"
"2013-12-11 19:22","NIOServerCnxn.java","92928","29037","121965"
"2012-02-11 00:34","NIOServerCnxn.java","68767","25443","94210"
"2016-12-22 23:23","NIOServerCnxn.java","126850","33938","160788"
"2018-09-18 01:00","NIOServerCnxn.java","193167","89241","282408"
"2019-08-17 17:13","NIOServerCnxn.java","257187","146571","403758"
"2015-06-28 21:09","NIOServerCnxn.java","116274","31559","147833"
"2015-03-28 20:08","NIOServerCnxn.java","114356","31341","145697"
"2019-07-03 00:44","NIOServerCnxn.java","245200","146571","391771"
"2019-08-03 08:42","NIOServerCnxn.java","257895","146571","404466"
"2016-11-16 06:21","NIOServerCnxn.java","125917","33706","159623"
"2012-12-19 19:07","NIOServerCnxn.java","79934","28069","108003"
"2018-07-10 13:29","QuorumPeerInstance.java","46264","24981","71245"
"2018-12-20 07:24","QuorumPeerInstance.java","229536","211482","441018"
"2015-12-06 21:30","QuorumPeerInstance.java","12505","3452","15957"
"2019-07-12 17:01","QuorumPeerInstance.java","251459","211592","463051"
"2014-11-29 16:53","QuorumPeerInstance.java","2936","315","3251"
"2015-05-10 00:27","QuorumPeerInstance.java","6952","1195","8147"
"2017-09-11 18:55","QuorumPeerInstance.java","28993","15311","44304"
"2019-04-12 19:01","ZooKeeperServer.java","3008","724","3732"
"2019-07-31 19:06","ZooKeeperServer.java","27665","7881","35546"
"2019-09-11 10:27","ZooKeeperServer.java","53138","31305","84443"
"2019-07-08 23:26","ZooKeeperServer.java","14393","5140","19533"
"2019-05-14 17:11","ZooKeeperServer.java","6270","1126","7396"
"2019-06-04 10:55","ZooKeeperServer.java","7590","1629","9219"
"2019-04-09 15:35","ZooKeeperServer.java","1697","363","2060"
"2019-08-03 08:42","ZooKeeperServer.java","29414","8229","37643"
"2019-05-15 11:56","ZooKeeperServer.java","6430","1199","7629"
"2019-05-22 11:39","ZooKeeperServer.java","6961","1284","8245"
"2019-04-22 19:15","ZooKeeperServer.java","4005","746","4751"
"2019-09-10 04:26","ZooKeeperServer.java","52785","31263","84048"
"2019-08-17 17:13","ZooKeeperServer.java","50498","30021","80519"
"2019-09-05 23:12","ZooKeeperServer.java","52625","31229","83854"
"2019-09-10 15:21","ZooKeeperServer.java","52793","31273","84066"
"2019-08-01 07:31","ZooKeeperServer.java","29108","7960","37068"
"2019-08-01 07:28","ZooKeeperServer.java","28546","7888","36434"
"2019-06-03 19:40","ZooKeeperServer.java","7295","1487","8782"
"2019-11-23 17:08","ZooKeeperServer.java","62585","37407","99992"
"2019-10-09 16:49","ZooKeeperServer.java","55700","31637","87337"
"2019-07-03 00:44","ZooKeeperServer.java","13562","5072","18634"
"2019-07-24 18:00","ZooKeeperServer.java","23392","6460","29852"
"2019-12-27 22:33","ZooKeeperServer.java","67014","37859","104873"
"2019-11-18 09:05","ZooKeeperServer.java","60844","37223","98067"
"2019-10-10 14:37","ZooKeeperServer.java","56333","32103","88436"
"2019-09-16 23:26","ZooKeeperServer.java","54801","31305","86106"
"2019-12-03 10:01","ZooKeeperServer.java","64815","37735","102550"
"2020-03-25 03:38","ZooKeeperServer.java","72712","39450","112162"
"2019-11-28 12:24","ZooKeeperServer.java","62845","37462","100307"
"2019-11-06 15:21","ZooKeeperServer.java","56685","32239","88924"
"2020-04-12 11:14","ZooKeeperServer.java","74054","40039","114093"
"2019-04-18 19:17","ZooKeeperServer.java","3740","746","4486"
"2019-09-30 22:26","ZKClientConfig.java","75711","70832","146543"
"2019-08-17 17:13","ZKClientConfig.java","70811","69297","140108"
"2019-11-22 23:42","ZKClientConfig.java","82405","76394","158799"
"2019-11-04 02:01","ZKClientConfig.java","76762","71338","148100"
"2019-08-17 17:13","FollowerRequestProcessor.java","63823","36481","100304"
"2019-08-01 07:31","FollowerRequestProcessor.java","43306","15293","58599"
"2020-03-25 03:38","FollowerRequestProcessor.java","85493","45366","130859"
"2019-10-10 14:37","FollowerRequestProcessor.java","69561","38466","108027"
"2020-05-05 21:20","FollowerRequestProcessor.java","89888","48730","138618"
"2019-10-10 14:37","JMXEnv.java","260045","200493","460538"
"2019-12-27 22:33","JMXEnv.java","266387","201910","468297"
"2015-11-03 08:11","JMXEnv.java","32506","12827","45333"
"2019-01-14 19:38","JMXEnv.java","231477","200386","431863"
"2014-06-04 22:07","JMXEnv.java","12131","8024","20155"
"2019-08-17 17:13","JMXEnv.java","256292","200493","456785"
"2019-06-03 19:40","JMXEnv.java","241623","200493","442116"
"2020-05-17 15:13","TestableZooKeeper.java","30333","16388","46721"
"2019-08-17 17:13","Leader.java","43606","29327","72933"
"2019-06-29 00:33","Leader.java","5539","3273","8812"
"2019-07-15 14:15","Leader.java","14138","4440","18578"
"2019-07-25 21:41","Leader.java","16125","5363","21488"
"2019-08-03 08:42","Leader.java","21639","6652","28291"
"2019-11-29 14:49","Leader.java","58339","37503","95842"
"2020-03-25 03:38","Leader.java","66351","39287","105638"
"2019-12-27 22:33","Leader.java","60608","37651","98259"
"2019-10-10 14:37","Leader.java","49766","31734","81500"
"2009-05-20 22:16","Leader.java","29243","2958","32201"
"2019-08-17 17:13","Leader.java","257683","103705","361388"
"2019-06-29 00:33","Leader.java","245670","103705","349375"
"2019-06-03 19:40","Leader.java","243014","103705","346719"
"2014-05-20 23:42","Leader.java","134643","23736","158379"
"2019-07-15 14:15","Leader.java","253102","103705","356807"
"2015-03-17 18:06","Leader.java","147276","24132","171408"
"2019-07-25 21:41","Leader.java","254166","103705","357871"
"2018-05-10 06:00","Leader.java","166332","27295","193627"
"2018-07-12 01:33","Leader.java","173976","34006","207982"
"2009-11-18 20:06","Leader.java","59433","8453","67886"
"2018-02-07 01:05","Leader.java","164142","27239","191381"
"2017-11-28 00:10","Leader.java","163231","27183","190414"
"2019-06-05 00:33","Leader.java","243404","103705","347109"
"2015-04-10 22:22","Leader.java","148347","24135","172482"
"2011-06-14 07:14","Leader.java","95202","17801","113003"
"2019-08-03 08:42","Leader.java","258391","103705","362096"
"2019-06-05 23:57","Leader.java","243673","103705","347378"
"2012-12-08 00:38","Leader.java","113062","21275","134337"
"2013-10-07 21:08","Leader.java","123379","22143","145522"
"2012-12-31 02:38","Leader.java","115600","21692","137292"
"2017-01-13 19:29","Leader.java","160774","26243","187017"
"2012-07-05 18:01","Leader.java","107964","21103","129067"
"2019-01-07 14:55","Leader.java","232547","103678","336225"
"2019-04-12 19:01","Leader.java","239491","103706","343197"
"2018-12-09 03:16","Leader.java","230314","103678","333992"
"2018-08-17 14:40","Leader.java","185409","43143","228552"
"2019-11-29 14:49","Leader.java","264698","104163","368861"
"2013-03-07 07:01","Leader.java","120426","22006","142432"
"2018-11-27 10:02","Leader.java","227990","103678","331668"
"2015-02-06 06:17","Leader.java","146030","24108","170138"
"2012-02-27 03:41","Leader.java","105388","20891","126279"
"2017-02-15 23:04","Leader.java","158361","26786","185147"
"2014-07-18 02:19","Leader.java","141110","23939","165049"
"2012-01-04 01:15","Leader.java","104285","20666","124951"
"2011-12-28 01:26","Leader.java","104130","20664","124794"
"2018-08-29 06:26","Leader.java","198905","56431","255336"
"2018-08-03 18:52","Leader.java","175486","34018","209504"
"2011-04-29 18:12","Leader.java","93549","17763","111312"
"2013-05-14 14:27","Leader.java","120565","22020","142585"
"2012-02-06 09:40","Leader.java","104955","20699","125654"
"2017-09-11 18:55","Leader.java","159342","27151","186493"
"2018-09-18 01:00","Leader.java","205837","60793","266630"
"2011-10-20 20:02","Leader.java","102052","20354","122406"
"2012-01-14 00:28","Leader.java","104387","20670","125057"
"2012-01-06 02:32","Leader.java","104286","20666","124952"
"2012-03-15 17:47","Leader.java","106379","20903","127282"
"2011-04-12 09:14","Leader.java","93189","17738","110927"
"2010-07-23 06:22","Leader.java","92258","13752","106010"
"2011-09-22 07:42","Leader.java","102331","18841","121172"
"2010-08-18 08:24","Leader.java","98550","14144","112694"
"2016-12-20 14:47","Leader.java","159929","26240","186169"
"2009-04-24 20:26","Leader.java","12480","2215","14695"
"2014-07-20 04:50","Leader.java","141644","23952","165596"
"2014-06-10 00:19","Leader.java","135581","23740","159321"
"2016-06-23 23:25","Leader.java","154367","25742","180109"
"2016-06-23 23:45","Leader.java","154475","25742","180217"
"2020-03-25 03:38","Leader.java","270926","104163","375089"
"2014-03-23 04:12","Leader.java","130149","22359","152508"
"2009-10-30 17:19","Leader.java","49792","7685","57477"
"2019-12-27 22:33","Leader.java","266819","104163","370982"
"2009-08-27 20:07","Leader.java","46593","6119","52712"
"2009-08-25 07:45","Leader.java","46586","6115","52701"
"2016-08-13 15:01","Leader.java","155376","25948","181324"
"2013-10-21 23:36","Leader.java","126172","22194","148366"
"2019-10-10 14:37","Leader.java","261436","103705","365141"
"2013-11-07 06:41","Leader.java","126630","22221","148851"
"2019-11-08 17:30","ZooKeeper.java","59706","32424","92130"
"2019-08-17 17:13","ZooKeeper.java","51869","30201","82070"
"2019-06-26 10:57","ZooKeeper.java","14706","5188","19894"
"2019-06-03 19:40","ZooKeeper.java","8781","1782","10563"
"2019-08-03 08:42","ZooKeeper.java","30886","8510","39396"
"2020-04-16 12:50","ZooKeeper.java","75230","39988","115218"
"2019-10-10 14:37","ZooKeeper.java","57691","32270","89961"
"2019-02-11 12:34","ZooKeeper.java","535","172","707"
"2020-05-17 15:13","ZooKeeper.java","78838","43225","122063"
"2019-03-12 19:08","ZooKeeper.java","2305","514","2819"
"2018-09-05 16:15","EphemeralNodeDeletionTest.java","107593","101091","208684"
"2019-08-17 17:13","EphemeralNodeDeletionTest.java","255079","228064","483143"
"2020-04-07 09:07","FastLeaderElection.java","20165","10544","30709"
"2019-04-12 19:01","WatchManager.java","239514","90103","329617"
"2014-07-18 02:19","WatchManager.java","146940","16981","163921"
"2017-09-11 18:55","WatchManager.java","164980","20001","184981"
"2019-03-05 00:04","WatchManager.java","237393","90081","327474"
"2019-11-08 17:30","WatchManager.java","263320","90102","353422"
"2009-06-15 22:52","WatchManager.java","47649","4623","52272"
"2014-01-24 07:18","WatchManager.java","135322","15381","150703"
"2019-08-17 17:13","WatchManager.java","257706","90102","347808"
"2010-01-26 01:17","WatchManager.java","77433","8525","85958"
"2018-09-28 23:38","WatchManager.java","213412","53006","266418"
"2010-07-05 20:20","WatchManager.java","99034","9622","108656"
"2011-07-25 23:31","WatchManager.java","102777","9505","112282"
"2014-04-29 02:23","WatchManager.java","139956","16750","156706"
"2014-04-17 08:47","WatchManager.java","139248","16748","155996"
"2011-04-12 09:14","WatchManager.java","100048","10971","111019"
"2019-07-02 07:34","Follower.java","27695","12410","40105"
"2019-04-12 19:01","Follower.java","17638","8489","26127"
"2019-08-17 17:13","Follower.java","63823","36481","100304"
"2019-06-29 00:33","Follower.java","27672","12343","40015"
"2019-08-06 17:11","Follower.java","44013","15570","59583"
"2019-07-15 14:15","Follower.java","36225","13464","49689"
"2019-08-23 19:43","Follower.java","64486","36478","100964"
"2019-06-05 00:33","Follower.java","22389","9326","31715"
"2019-05-03 00:44","Follower.java","19971","8632","28603"
"2019-12-27 22:33","Follower.java","80018","43998","124016"
"2019-10-10 14:37","Follower.java","69561","38466","108027"
"2019-01-23 14:00","NettyServerCnxn.java","148722","151731","300453"
"2019-02-18 17:05","NettyServerCnxn.java","151350","151827","303177"
"2019-02-12 15:25","NettyServerCnxn.java","150830","151741","302571"
"2019-04-12 19:01","NettyServerCnxn.java","154089","152018","306107"
"2018-11-22 17:56","NettyServerCnxn.java","134355","145394","279749"
"2018-10-24 04:03","NettyServerCnxn.java","130980","112418","243398"
"2018-11-17 18:33","NettyServerCnxn.java","133730","145391","279121"
"2019-01-14 19:38","NettyServerCnxn.java","147229","151673","298902"
"2018-09-18 01:00","NettyServerCnxn.java","2407","162","2569"
"2019-08-17 17:13","NettyServerCnxn.java","174233","153969","328202"
"2019-07-03 00:44","NettyServerCnxn.java","161575","153298","314873"
"2019-11-23 17:08","NettyServerCnxn.java","182112","157147","339259"
"2019-07-23 15:55","NettyServerCnxn.java","169571","153299","322870"
"2019-05-06 18:32","NettyServerCnxn.java","156654","152036","308690"
"2019-04-22 19:15","NettyServerCnxn.java","155064","152018","307082"
"2019-08-03 08:42","NettyServerCnxn.java","174920","153948","328868"
"2019-11-18 09:05","NettyServerCnxn.java","180359","156951","337310"
"2019-11-21 05:58","NettyServerCnxn.java","180382","156951","337333"
"2019-09-16 23:26","NettyServerCnxn.java","178238","154955","333193"
"2019-10-10 14:37","NettyServerCnxn.java","178988","154971","333959"
"2018-09-28 23:38","NettyServerCnxn.java","5684","865","6549"
"2019-08-17 17:13","RequestThrottlerTest.java","37963","26739","64702"
"2019-09-16 23:26","RequestThrottlerTest.java","42576","28333","70909"
"2020-04-12 11:14","RequestThrottlerTest.java","62197","37435","99632"
"2019-07-02 07:34","Follower.java","10482","4346","14828"
"2019-08-17 17:13","Follower.java","47813","29620","77433"
"2019-06-29 00:33","Follower.java","10459","4279","14738"
"2019-08-06 17:11","Follower.java","26902","7608","34510"
"2019-07-15 14:15","Follower.java","19034","5422","24456"
"2019-08-23 19:43","Follower.java","48481","29622","78103"
"2019-06-05 00:33","Follower.java","4930","1016","5946"
"2019-05-03 00:44","Follower.java","2437","247","2684"
"2019-12-27 22:33","Follower.java","64489","37618","102107"
"2019-10-10 14:37","Follower.java","53666","31720","85386"
"2019-06-26 10:57","OpResult.java","244499","177987","422486"
"2019-08-17 17:13","OpResult.java","256649","177987","434636"
"2012-12-19 19:16","OpResult.java","14157","4694","18851"
"2019-10-10 14:37","SessionUpgradeQuorumTest.java","1430","1263","2693"
"2019-12-27 22:33","FileTxnSnapLog.java","2253","290","2543"
"2020-01-23 16:46","FileTxnSnapLog.java","5382","2170","7552"
"2020-01-28 17:26","FileTxnSnapLog.java","5940","2257","8197"
"2020-01-30 09:43","FileTxnSnapLog.java","6043","2284","8327"
"2019-08-17 17:13","ServerCnxnTest.java","256413","186333","442746"
"2014-03-15 00:10","ServerCnxnTest.java","18067","3474","21541"
"2019-10-10 14:37","ServerCnxnTest.java","260166","186333","446499"
"2009-06-25 00:59","ClientBase.java","92965","9437","102402"
"2008-11-19 11:20","ClientBase.java","35600","3549","39149"
"2012-08-28 21:51","ClientBase.java","141808","16029","157837"
"2017-06-08 17:51","ClientBase.java","188031","18947","206978"
"2012-07-17 23:19","ClientBase.java","140735","16030","156765"
"2017-04-18 01:37","ClientBase.java","188552","18836","207388"
"2008-10-21 06:26","ClientBase.java","29282","2753","32035"
"2010-03-16 22:23","ClientBase.java","122305","11403","133708"
"2008-09-04 19:02","ClientBase.java","851","396","1247"
"2018-09-07 02:49","ClientBase.java","224633","44479","269112"
"2019-07-31 19:06","ClientBase.java","257149","57679","314828"
"2012-02-06 09:47","ClientBase.java","137422","15838","153260"
"2015-02-06 06:17","ClientBase.java","177742","18469","196211"
"2017-09-11 18:55","ClientBase.java","188534","18992","207526"
"2009-07-17 00:09","ClientBase.java","94241","9494","103735"
"2009-06-30 03:32","ClientBase.java","93763","9452","103215"
"2019-08-17 17:13","ClientBase.java","257842","57679","315521"
"2009-06-18 18:37","ClientBase.java","85872","9216","95088"
"2015-03-28 20:08","ClientBase.java","179961","18477","198438"
"2019-06-07 14:13","ClientBase.java","243946","57679","301625"
"2018-04-24 00:20","ClientBase.java","194301","18983","213284"
"2018-08-08 06:21","ClientBase.java","207643","28354","235997"
"2018-05-09 23:57","ClientBase.java","195113","19010","214123"
"2009-06-09 07:04","ClientBase.java","83508","9097","92605"
"2019-06-24 11:05","ClientBase.java","245175","57679","302854"
"2012-12-11 08:42","ClientBase.java","145335","16223","161558"
"2017-01-13 19:29","ClientBase.java","190687","18805","209492"
"2010-01-25 04:28","ClientBase.java","112317","11259","123576"
"2010-03-09 05:44","ClientBase.java","121469","11333","132802"
"2016-06-23 23:25","ClientBase.java","184546","18570","203116"
"2014-01-03 01:40","ClientBase.java","159760","16951","176711"
"2014-01-25 01:17","ClientBase.java","161557","16942","178499"
"2009-11-20 23:28","ClientBase.java","108271","10827","119098"
"2009-11-25 20:06","ClientBase.java","108304","10827","119131"
"2009-11-12 20:53","ClientBase.java","100889","10755","111644"
"2009-08-25 07:45","ClientBase.java","96212","9556","105768"
"2009-09-16 02:09","ClientBase.java","96902","9740","106642"
"2019-11-14 16:44","ClientBase.java","265869","57679","323548"
"2019-10-10 14:37","ClientBase.java","261595","57679","319274"
"2012-03-15 17:47","ClientBase.java","138710","15883","154593"
"2010-09-15 07:51","ClientBase.java","170911","12150","183061"
"2012-01-14 00:28","ClientBase.java","136891","15823","152714"
"2011-04-12 09:14","ClientBase.java","134347","12711","147058"
"2011-11-05 07:29","ClientBase.java","135436","15788","151224"
"2016-08-24 01:36","ClientBase.java","185164","18617","203781"
"2011-09-17 02:13","ClientBase.java","136295","15629","151924"
"2010-07-05 20:20","ClientBase.java","133793","11822","145615"
"2010-03-31 06:26","ClientBase.java","122885","11761","134646"
"2010-08-18 08:24","ClientBase.java","142742","12151","154893"
"2008-10-22 01:49","ClientBase.java","29721","2782","32503"
"2008-09-26 20:09","ClientBase.java","15037","938","15975"
"2009-05-14 22:15","ClientBase.java","81062","8821","89883"
"2015-03-08 23:07","ClientBase.java","177924","18477","196401"
"2009-07-17 00:09","RecoveryTest.java","94241","9494","103735"
"2019-08-17 17:13","RecoveryTest.java","257842","57679","315521"
"2009-06-18 18:37","RecoveryTest.java","85872","9216","95088"
"2009-04-17 00:59","RecoveryTest.java","56535","8687","65222"
"2009-02-20 01:23","RecoveryTest.java","54394","8209","62603"
"2013-12-21 22:05","RecoveryTest.java","159615","16946","176561"
"2019-10-10 14:37","RecoveryTest.java","261595","57679","319274"
"2011-04-12 09:14","RecoveryTest.java","134347","12711","147058"
"2010-03-31 06:26","RecoveryTest.java","122885","11761","134646"
"2010-08-18 08:24","RecoveryTest.java","142742","12151","154893"
"2008-10-22 01:49","RecoveryTest.java","29721","2782","32503"
"2019-04-12 19:01","QuorumPeerConfig.java","17638","8489","26127"
"2018-12-15 07:34","QuorumPeerConfig.java","843","928","1771"
"2019-02-13 13:12","QuorumPeerConfig.java","14187","7899","22086"
"2019-08-17 17:13","QuorumPeerConfig.java","63823","36481","100304"
"2019-06-05 00:29","QuorumPeerConfig.java","22329","9320","31649"
"2020-01-09 11:27","QuorumPeerConfig.java","80331","44886","125217"
"2019-07-12 17:01","QuorumPeerConfig.java","36119","13464","49583"
"2019-05-15 11:56","QuorumPeerConfig.java","20957","8861","29818"
"2020-01-23 13:43","QuorumPeerConfig.java","82402","45133","127535"
"2019-10-10 14:37","QuorumPeerConfig.java","69561","38466","108027"
"2019-04-18 19:17","QuorumPeerConfig.java","18370","8511","26881"
"2020-02-16 10:25","QuorumPeerConfig.java","83243","45261","128504"
"2020-05-14 18:18","QuorumPeerConfig.java","90002","48795","138797"
"2011-04-12 09:14","FLERestartTest.java","27920","17408","45328"
"2011-09-17 02:13","FLERestartTest.java","42411","20558","62969"
"2019-10-10 14:37","FLERestartTest.java","260768","167976","428744"
"2019-08-17 17:13","FLERestartTest.java","257015","167976","424991"
"2019-07-12 17:01","FLERestartTest.java","252328","167976","420304"
"2017-09-11 18:55","FLERestartTest.java","111393","40664","152057"
"2019-11-29 14:49","Commands.java","40522","33272","73794"
"2019-08-17 17:13","Commands.java","25455","24762","50217"
"2019-08-06 01:43","Commands.java","1975","400","2375"
"2019-12-03 10:01","Commands.java","40562","33266","73828"
"2019-11-20 07:00","Commands.java","36532","32683","69215"
"2019-08-17 17:13","QuorumPeerConfig.java","47813","29620","77433"
"2019-06-05 00:29","QuorumPeerConfig.java","4870","1010","5880"
"2020-01-09 11:27","QuorumPeerConfig.java","64839","38543","103382"
"2019-07-12 17:01","QuorumPeerConfig.java","18928","5422","24350"
"2019-05-15 11:56","QuorumPeerConfig.java","3435","488","3923"
"2020-01-23 13:43","QuorumPeerConfig.java","67057","38937","105994"
"2019-10-10 14:37","QuorumPeerConfig.java","53666","31720","85386"
"2019-04-18 19:17","QuorumPeerConfig.java","733","23","756"
"2020-02-16 10:25","QuorumPeerConfig.java","67902","39069","106971"
"2020-05-14 18:18","QuorumPeerConfig.java","74791","42733","117524"
"2010-04-22 07:42","RuntimeExceptionMapper.java","55038","15595","70633"
"2019-12-27 22:33","ZKDatabase.java","11303","6378","17681"
"2019-11-08 17:30","ZKDatabase.java","2052","191","2243"
"2018-10-16 16:22","QuorumPeerConfig.java","131085","113414","244499"
"2018-12-09 03:16","QuorumPeerConfig.java","138316","146384","284700"
"2019-04-12 19:01","QuorumPeerConfig.java","154089","153008","307097"
"2018-12-15 07:34","QuorumPeerConfig.java","138232","146385","284617"
"2019-02-13 13:12","QuorumPeerConfig.java","151036","152816","303852"
"2019-08-17 17:13","QuorumPeerConfig.java","174233","154959","329192"
"2019-06-05 00:29","QuorumPeerConfig.java","157996","153055","311051"
"2020-01-09 11:27","QuorumPeerConfig.java","185530","158153","343683"
"2019-07-12 17:01","QuorumPeerConfig.java","168876","154289","323165"
"2019-05-15 11:56","QuorumPeerConfig.java","157060","153032","310092"
"2018-10-01 06:11","QuorumPeerConfig.java","4693","859","5552"
"2020-01-23 13:43","QuorumPeerConfig.java","187419","158218","345637"
"2019-10-10 14:37","QuorumPeerConfig.java","178988","155961","334949"
"2019-04-18 19:17","QuorumPeerConfig.java","154799","153008","307807"
"2020-02-16 10:25","QuorumPeerConfig.java","188204","158290","346494"
"2020-05-14 18:18","QuorumPeerConfig.java","191715","158576","350291"
"2016-11-24 17:18","QuorumHierarchical.java","66220","19452","85672"
"2013-03-07 07:01","QuorumHierarchical.java","15236","3398","18634"
"2018-11-17 18:37","QuorumHierarchical.java","224447","179891","404338"
"2019-08-03 08:42","QuorumHierarchical.java","257176","179987","437163"
"2019-08-17 17:13","QuorumHierarchical.java","256468","179987","436455"
"2019-10-10 14:37","QuorumHierarchical.java","260221","179987","440208"
"2019-08-17 17:13","PrependableSocket.java","66092","36426","102518"
"2019-07-31 19:06","ZooKeeperServer.java","13386","2855","16241"
"2019-09-11 10:27","ZooKeeperServer.java","40704","28124","68828"
"2019-08-03 08:42","ZooKeeperServer.java","15145","3213","18358"
"2019-09-10 04:26","ZooKeeperServer.java","40343","28074","68417"
"2019-08-17 17:13","ZooKeeperServer.java","37963","26739","64702"
"2019-09-05 23:12","ZooKeeperServer.java","40182","28039","68221"
"2019-09-10 15:21","ZooKeeperServer.java","40351","28084","68435"
"2019-08-01 07:31","ZooKeeperServer.java","14833","2938","17771"
"2019-08-01 07:28","ZooKeeperServer.java","14267","2862","17129"
"2019-11-23 17:08","ZooKeeperServer.java","50542","34617","85159"
"2019-10-09 16:49","ZooKeeperServer.java","43507","28697","72204"
"2019-07-24 18:00","ZooKeeperServer.java","9019","1340","10359"
"2019-12-27 22:33","ZooKeeperServer.java","55022","35120","90142"
"2019-11-18 09:05","ZooKeeperServer.java","48790","34422","83212"
"2019-10-10 14:37","ZooKeeperServer.java","44159","29182","73341"
"2019-09-16 23:26","ZooKeeperServer.java","42576","28333","70909"
"2019-12-03 10:01","ZooKeeperServer.java","52791","34964","87755"
"2020-03-25 03:38","ZooKeeperServer.java","60801","36792","97593"
"2019-11-28 12:24","ZooKeeperServer.java","50805","34675","85480"
"2019-11-06 15:21","ZooKeeperServer.java","44515","29322","73837"
"2020-04-12 11:14","ZooKeeperServer.java","62197","37435","99632"
"2019-04-12 19:01","ZooKeeperServer.java","6336","1256","7592"
"2019-07-31 19:06","ZooKeeperServer.java","30917","8337","39254"
"2019-09-11 10:27","ZooKeeperServer.java","55979","31350","87329"
"2019-02-13 13:12","ZooKeeperServer.java","2851","632","3483"
"2019-03-04 08:07","ZooKeeperServer.java","3444","648","4092"
"2019-07-08 23:26","ZooKeeperServer.java","17649","5600","23249"
"2019-02-13 13:19","ZooKeeperServer.java","3143","638","3781"
"2019-05-14 17:11","ZooKeeperServer.java","9563","1623","11186"
"2019-06-04 10:55","ZooKeeperServer.java","10866","2109","12975"
"2019-04-09 15:35","ZooKeeperServer.java","5062","932","5994"
"2019-08-03 08:42","ZooKeeperServer.java","32658","8677","41335"
"2019-05-15 11:56","ZooKeeperServer.java","9717","1690","11407"
"2019-05-22 11:39","ZooKeeperServer.java","10239","1766","12005"
"2019-04-22 19:15","ZooKeeperServer.java","7333","1278","8611"
"2019-09-10 04:26","ZooKeeperServer.java","55626","31308","86934"
"2019-08-17 17:13","ZooKeeperServer.java","53344","30071","83415"
"2019-09-05 23:12","ZooKeeperServer.java","55466","31274","86740"
"2019-09-10 15:21","ZooKeeperServer.java","55634","31318","86952"
"2019-08-01 07:31","ZooKeeperServer.java","32357","8413","40770"
"2019-08-01 07:28","ZooKeeperServer.java","31798","8344","40142"
"2019-06-03 19:40","ZooKeeperServer.java","10571","1967","12538"
"2019-11-23 17:08","ZooKeeperServer.java","65317","37343","102660"
"2019-10-09 16:49","ZooKeeperServer.java","58532","31673","90205"
"2019-07-03 00:44","ZooKeeperServer.java","16818","5532","22350"
"2019-07-24 18:00","ZooKeeperServer.java","26646","6918","33564"
"2019-12-27 22:33","ZooKeeperServer.java","69734","37783","107517"
"2019-11-18 09:05","ZooKeeperServer.java","63578","37161","100739"
"2019-10-10 14:37","ZooKeeperServer.java","59146","32120","91266"
"2019-09-16 23:26","ZooKeeperServer.java","57642","31350","88992"
"2019-12-03 10:01","ZooKeeperServer.java","67547","37671","105218"
"2020-03-25 03:38","ZooKeeperServer.java","75270","39212","114482"
"2019-11-28 12:24","ZooKeeperServer.java","65577","37398","102975"
"2019-11-06 15:21","ZooKeeperServer.java","59497","32255","91752"
"2020-04-12 11:14","ZooKeeperServer.java","76601","39790","116391"
"2019-04-18 19:17","ZooKeeperServer.java","7068","1278","8346"
"2020-03-12 14:47","QuorumUtil.java","9524","4138","13662"
"2019-10-10 14:37","QuorumPeerMain.java","260768","167729","428497"
"2020-01-23 13:43","QuorumPeerMain.java","267989","168776","436765"
"2019-11-28 12:24","QuorumPeerMain.java","262968","168776","431744"
"2012-03-06 09:20","QuorumPeerMain.java","48686","25248","73934"
"2010-08-18 08:24","QuorumPeerMain.java","27381","7667","35048"
"2013-10-09 22:21","QuorumPeerMain.java","72203","29828","102031"
"2011-09-02 22:50","QuorumPeerMain.java","42994","19184","62178"
"2020-02-16 10:25","QuorumPeerMain.java","268702","168776","437478"
"2019-04-18 19:17","QuorumPeerMain.java","239533","167730","407263"
"2011-04-12 09:14","QuorumPeerMain.java","30345","19586","49931"
"2019-11-11 13:59","QuorumPeerMain.java","264425","167729","432154"
"2019-04-12 19:01","QuorumPeerMain.java","238823","167730","406553"
"2018-09-11 15:23","QuorumPeerMain.java","186416","103867","290283"
"2017-02-13 22:09","QuorumPeerMain.java","111188","40854","152042"
"2014-07-18 02:19","QuorumPeerMain.java","92438","36507","128945"
"2018-08-06 14:11","QuorumPeerMain.java","139252","58918","198170"
"2012-04-23 01:20","QuorumPeerMain.java","52854","27512","80366"
"2017-07-28 00:36","QuorumPeerMain.java","112089","41701","153790"
"2019-08-17 17:13","QuorumPeerMain.java","257015","167729","424744"
"2015-03-17 18:06","QuorumPeerMain.java","98705","36801","135506"
"2017-11-28 00:10","QuorumPeerMain.java","116781","41973","158754"
"2019-08-17 17:13","NettyServerCnxn.java","47813","29620","77433"
"2019-07-03 00:44","NettyServerCnxn.java","10602","4396","14998"
"2019-11-23 17:08","NettyServerCnxn.java","60036","37142","97178"
"2019-07-23 15:55","NettyServerCnxn.java","19981","5780","25761"
"2019-05-06 18:32","NettyServerCnxn.java","2905","358","3263"
"2019-04-22 19:15","NettyServerCnxn.java","998","23","1021"
"2019-08-03 08:42","NettyServerCnxn.java","26477","7576","34053"
"2019-11-18 09:05","NettyServerCnxn.java","58284","36947","95231"
"2019-11-21 05:58","NettyServerCnxn.java","58317","36957","95274"
"2019-09-16 23:26","NettyServerCnxn.java","52124","30912","83036"
"2019-10-10 14:37","NettyServerCnxn.java","53666","31720","85386"
"2019-02-07 11:26","PrepRequestProcessor.java","2688","336","3024"
"2019-09-11 10:27","PrepRequestProcessor.java","56637","31261","87898"
"2019-11-08 17:30","PrepRequestProcessor.java","61814","32180","93994"
"2019-04-09 15:35","PrepRequestProcessor.java","5874","997","6871"
"2019-04-17 14:16","PrepRequestProcessor.java","7422","1330","8752"
"2019-05-10 12:22","PrepRequestProcessor.java","10185","1658","11843"
"2019-02-07 11:22","PrepRequestProcessor.java","2349","335","2684"
"2019-08-01 07:31","PrepRequestProcessor.java","33149","8458","41607"
"2019-06-26 10:57","PrepRequestProcessor.java","17279","5409","22688"
"2019-08-17 17:13","PrepRequestProcessor.java","54043","30023","84066"
"2019-12-27 22:33","PrepRequestProcessor.java","70386","37688","108074"
"2019-10-10 14:37","PrepRequestProcessor.java","59801","32028","91829"
"2020-03-25 03:38","PrepRequestProcessor.java","75922","39117","115039"
"2019-07-29 17:15","RecordReader.java","254361","179411","433772"
"2019-11-29 14:49","QuorumUtil.java","264309","193109","457418"
"2019-08-17 17:13","QuorumUtil.java","256406","191763","448169"
"2020-03-12 14:47","QuorumUtil.java","269695","193109","462804"
"2019-07-12 17:01","QuorumUtil.java","251719","191763","443482"
"2014-01-16 23:59","QuorumUtil.java","8952","1844","10796"
"2019-10-10 14:37","QuorumUtil.java","260159","191763","451922"
"2014-05-18 05:49","QuorumUtil.java","22042","9580","31622"
"2013-10-09 22:21","QuorumUtil.java","6718","1523","8241"
"2013-09-26 14:05","QuorumUtil.java","3342","1050","4392"
"2017-01-13 19:29","ZooKeeperServerMainTest.java","6001","1326","7327"
"2019-06-03 19:40","ZooKeeperServerMainTest.java","241161","222623","463784"
"2019-08-17 17:13","ZooKeeperServerMainTest.java","255831","222624","478455"
"2018-09-11 15:23","ZooKeeperServerMainTest.java","121301","107368","228669"
"2017-01-05 22:32","ZooKeeperServerMainTest.java","5546","1241","6787"
"2017-07-28 00:36","HostProvider.java","88846","69431","158277"
"2019-08-17 17:13","HostProvider.java","256985","218823","475808"
"2018-07-16 05:45","HostProvider.java","115116","86904","202020"
"2012-11-17 15:03","HostProvider.java","31872","53201","85073"
"2019-06-07 14:13","SessionTest.java","243806","90267","334073"
"2019-08-17 17:13","SessionTest.java","257702","90267","347969"
"2009-06-26 22:29","SessionTest.java","56714","5223","61937"
"2009-06-30 03:32","SessionTest.java","56813","5230","62043"
"2009-07-17 00:09","SessionTest.java","57438","5419","62857"
"2017-09-11 18:55","SessionTest.java","164753","19955","184708"
"2010-11-04 17:01","SessionTest.java","138023","10078","148101"
"2018-09-22 06:48","SessionTest.java","210653","52933","263586"
"2011-10-25 08:09","SessionTest.java","107955","13596","121551"
"2010-08-17 09:24","SessionTest.java","104097","9594","113691"
"2011-04-12 09:14","SessionTest.java","99819","10911","110730"
"2010-03-31 06:26","SessionTest.java","87804","9408","97212"
"2010-08-18 08:24","SessionTest.java","107829","9966","117795"
"2010-10-21 02:44","SessionTest.java","137911","10072","147983"
"2010-08-05 09:09","SessionTest.java","102321","9594","111915"
"2013-12-21 22:05","SessionTest.java","133224","15299","148523"
"2010-03-12 19:26","SessionTest.java","86767","8629","95396"
"2009-08-07 01:23","SessionTest.java","58334","5484","63818"
"2019-10-10 14:37","SessionTest.java","261455","90267","351722"
"2015-07-07 07:11","SessionTest.java","155779","17161","172940"
"2019-12-28 16:17","SessionTest.java","266743","90723","357466"
"2009-09-16 02:09","SessionTest.java","60398","5964","66362"
"2010-01-26 03:22","SessionTest.java","77245","8367","85612"
"2019-02-06 09:46","ZooKeeper.java","234012","191666","425678"
"2019-01-16 14:21","ZooKeeper.java","232288","191665","423953"
"2017-04-18 02:02","ZooKeeper.java","55650","21703","77353"
"2019-11-08 17:30","ZooKeeper.java","262048","191791","453839"
"2019-02-07 11:26","ZooKeeper.java","234641","191666","426307"
"2013-12-17 17:55","ZooKeeper.java","8555","1751","10306"
"2017-05-01 17:19","ZooKeeper.java","55793","21719","77512"
"2014-01-24 07:18","ZooKeeper.java","10640","1907","12547"
"2019-08-17 17:13","ZooKeeper.java","256406","191763","448169"
"2015-06-04 19:51","ZooKeeper.java","39784","12726","52510"
"2016-10-07 21:51","ZooKeeper.java","50510","18401","68911"
"2015-03-16 09:09","ZooKeeper.java","36137","12123","48260"
"2015-03-17 18:06","ZooKeeper.java","36957","12233","49190"
"2016-05-02 18:15","ZooKeeper.java","46668","17325","63993"
"2019-06-26 10:57","ZooKeeper.java","244256","191763","436019"
"2019-06-03 19:40","ZooKeeper.java","241737","191763","433500"
"2018-05-09 23:57","ZooKeeper.java","65349","25017","90366"
"2019-08-03 08:42","ZooKeeper.java","257114","191763","448877"
"2016-11-13 20:59","ZooKeeper.java","52898","18536","71434"
"2017-07-28 00:36","ZooKeeper.java","57089","23881","80970"
"2017-08-18 23:35","ZooKeeper.java","57665","23972","81637"
"2017-07-04 07:56","ZooKeeper.java","56684","22866","79550"
"2020-04-16 12:50","ZooKeeper.java","271326","193109","464435"
"2018-07-27 05:16","ZooKeeper.java","85797","43447","129244"
"2019-10-10 14:37","ZooKeeper.java","260159","191763","451922"
"2014-04-01 04:03","ZooKeeper.java","12673","2460","15133"
"2019-02-11 12:34","ZooKeeper.java","235004","191666","426670"
"2014-07-08 20:18","ZooKeeper.java","25711","10611","36322"
"2020-05-17 15:13","ZooKeeper.java","271705","193117","464822"
"2017-01-09 22:49","ZooKeeper.java","55187","19257","74444"
"2019-03-12 19:08","ZooKeeper.java","236449","191683","428132"
"2014-07-22 06:51","ZooKeeper.java","30506","11208","41714"
"2014-04-29 02:23","ZooKeeper.java","21387","9389","30776"
"2019-12-27 22:33","FileTxnSnapLog.java","265559","228146","493705"
"2019-10-10 14:37","FileTxnSnapLog.java","259029","226541","485570"
"2019-12-13 08:51","FileTxnSnapLog.java","263595","228145","491740"
"2020-01-23 16:46","FileTxnSnapLog.java","266809","228147","494956"
"2020-01-28 17:26","FileTxnSnapLog.java","267280","228147","495427"
"2017-01-23 02:13","FileTxnSnapLog.java","548","144","692"
"2018-06-08 16:52","FileTxnSnapLog.java","13700","8527","22227"
"2019-09-02 08:23","FileTxnSnapLog.java","255933","226541","482474"
"2017-04-28 07:14","FileTxnSnapLog.java","1979","3834","5813"
"2019-07-31 19:06","FileTxnSnapLog.java","254583","226541","481124"
"2018-07-30 06:22","FileTxnSnapLog.java","36126","29298","65424"
"2020-01-30 09:43","FileTxnSnapLog.java","267356","228147","495503"
"2019-05-14 17:11","FileTxnSnapLog.java","239924","226522","466446"
"2019-05-21 23:34","FileTxnSnapLog.java","240246","226523","466769"
"2019-05-27 10:54","FileTxnSnapLog.java","240578","226523","467101"
"2017-01-13 19:29","FileTxnSnapLog.java","292","89","381"
"2017-06-26 00:07","FileTxnSnapLog.java","2723","5040","7763"
"2018-02-23 23:49","FileTxnSnapLog.java","10929","8010","18939"
"2017-08-18 06:32","FileTxnSnapLog.java","4418","6733","11151"
"2019-08-17 17:13","FileTxnSnapLog.java","255276","226541","481817"
"2018-02-14 21:23","FileTxnSnapLog.java","10746","7991","18737"
"2019-10-10 14:37","JMXEnv.java","259674","219801","479475"
"2019-12-27 22:33","JMXEnv.java","266149","221351","487500"
"2019-01-14 19:38","JMXEnv.java","231101","219689","450790"
"2019-08-17 17:13","JMXEnv.java","255921","219801","475722"
"2019-06-03 19:40","JMXEnv.java","241251","219800","461051"
"2019-11-29 14:49","ObserverMaster.java","8927","6123","15050"
"2018-06-08 16:52","ZooKeeperServerMain.java","186091","20967","207058"
"2019-04-18 19:17","ZooKeeperServerMain.java","240227","72482","312709"
"2011-04-12 09:14","ZooKeeperServerMain.java","122033","15332","137365"
"2019-11-11 13:59","ZooKeeperServerMain.java","265120","72482","337602"
"2012-03-06 09:20","ZooKeeperServerMain.java","127521","17220","144741"
"2010-08-18 08:24","ZooKeeperServerMain.java","130287","14631","144918"
"2019-11-28 12:24","ZooKeeperServerMain.java","263069","72935","336004"
"2019-11-25 15:37","ZooKeeperServerMain.java","262971","72935","335906"
"2016-08-13 15:01","ZooKeeperServerMain.java","175213","20162","195375"
"2009-06-05 06:44","ZooKeeperServerMain.java","70233","10841","81074"
"2015-06-04 19:51","ZooKeeperServerMain.java","171087","19986","191073"
"2019-08-17 17:13","ZooKeeperServerMain.java","257710","72482","330192"
"2015-03-17 18:06","ZooKeeperServerMain.java","168704","19937","188641"
"2017-07-28 00:36","ZooKeeperServerMain.java","178088","20837","198925"
"2009-04-07 00:19","ZooKeeperServerMain.java","42642","10183","52825"
"2009-01-15 23:57","ZooKeeperServerMain.java","26401","8777","35178"
"2008-11-18 18:22","ZooKeeperServerMain.java","21501","4597","26098"
"2013-12-07 11:16","ZooKeeperServerMain.java","148477","18347","166824"
"2019-04-12 19:01","ZooKeeperServerMain.java","239517","72482","311999"
"2018-09-11 15:23","ZooKeeperServerMain.java","218466","49054","267520"
"2014-07-18 02:19","ZooKeeperServerMain.java","162615","19821","182436"
"2017-02-12 00:12","ZooKeeperServerMain.java","177764","20567","198331"
"2019-04-12 19:01","ZooKeeperServer.java","3457","882","4339"
"2019-07-31 19:06","ZooKeeperServer.java","28089","8014","36103"
"2019-09-11 10:27","ZooKeeperServer.java","53548","31424","84972"
"2019-03-04 08:07","ZooKeeperServer.java","538","247","785"
"2019-07-08 23:26","ZooKeeperServer.java","14817","5273","20090"
"2019-05-14 17:11","ZooKeeperServer.java","6693","1258","7951"
"2019-06-04 10:55","ZooKeeperServer.java","8013","1761","9774"
"2019-04-09 15:35","ZooKeeperServer.java","2146","521","2667"
"2019-08-03 08:42","ZooKeeperServer.java","29838","8362","38200"
"2019-05-15 11:56","ZooKeeperServer.java","6853","1331","8184"
"2019-05-22 11:39","ZooKeeperServer.java","7384","1416","8800"
"2019-04-22 19:15","ZooKeeperServer.java","4454","904","5358"
"2019-09-10 04:26","ZooKeeperServer.java","53195","31382","84577"
"2019-08-17 17:13","ZooKeeperServer.java","50898","30130","81028"
"2019-09-05 23:12","ZooKeeperServer.java","53035","31348","84383"
"2019-09-10 15:21","ZooKeeperServer.java","53203","31392","84595"
"2019-08-01 07:31","ZooKeeperServer.java","29532","8093","37625"
"2019-08-01 07:28","ZooKeeperServer.java","28970","8021","36991"
"2019-06-03 19:40","ZooKeeperServer.java","7718","1619","9337"
"2019-11-23 17:08","ZooKeeperServer.java","62978","37509","100487"
"2019-10-09 16:49","ZooKeeperServer.java","56110","31756","87866"
"2019-07-03 00:44","ZooKeeperServer.java","13986","5205","19191"
"2019-07-24 18:00","ZooKeeperServer.java","23816","6593","30409"
"2019-12-27 22:33","ZooKeeperServer.java","67406","37960","105366"
"2019-11-18 09:05","ZooKeeperServer.java","61239","37327","98566"
"2019-10-10 14:37","ZooKeeperServer.java","56740","32219","88959"
"2019-09-16 23:26","ZooKeeperServer.java","55211","31424","86635"
"2019-12-03 10:01","ZooKeeperServer.java","65208","37837","103045"
"2020-03-25 03:38","ZooKeeperServer.java","72985","39432","112417"
"2019-11-28 12:24","ZooKeeperServer.java","63238","37564","100802"
"2019-11-06 15:21","ZooKeeperServer.java","57091","32354","89445"
"2020-04-12 11:14","ZooKeeperServer.java","74327","40021","114348"
"2019-04-18 19:17","ZooKeeperServer.java","4189","904","5093"
"2019-08-17 17:13","ConfigUtils.java","68626","36701","105327"
"2019-08-17 17:13","EphemeralNodeDeletionTest.java","174233","153720","327953"
"2014-08-14 08:08","QuorumPeerTestBase.java","20210","9745","29955"
"2014-07-26 04:11","QuorumPeerTestBase.java","19539","9638","29177"
"2016-11-03 16:07","QuorumPeerTestBase.java","40153","17066","57219"
"2019-12-27 22:33","QuorumPeerTestBase.java","266387","202672","469059"
"2019-10-10 14:37","QuorumPeerTestBase.java","260044","201254","461298"
"2016-06-23 23:25","QuorumPeerTestBase.java","36665","16066","52731"
"2014-07-18 20:48","QuorumPeerTestBase.java","18888","9284","28172"
"2014-08-19 22:50","QuorumPeerTestBase.java","20417","9838","30255"
"2019-07-12 17:01","QuorumPeerTestBase.java","251604","201254","452858"
"2017-01-13 19:29","QuorumPeerTestBase.java","44515","18010","62525"
"2015-03-17 18:06","QuorumPeerTestBase.java","25604","10486","36090"
"2019-08-17 17:13","QuorumPeerTestBase.java","256291","201254","457545"
"2017-11-28 00:10","QuorumPeerTestBase.java","51682","23660","75342"
"2017-12-16 01:25","QuorumPeerTestBase.java","52079","24013","76092"
"2014-07-18 02:19","QuorumPeerTestBase.java","18209","9064","27273"
"2018-10-12 10:25","QuorumPeerTestBase.java","232220","181748","413968"
"2020-03-25 03:38","Learner.java","917","121","1038"
"2020-05-03 19:43","Learner.java","4289","2557","6846"
"2019-01-23 14:00","NettyServerCnxn.java","16207","8177","24384"
"2019-02-18 17:05","NettyServerCnxn.java","19221","8659","27880"
"2019-02-12 15:25","NettyServerCnxn.java","18618","8490","27108"
"2019-04-12 19:01","NettyServerCnxn.java","22348","9238","31586"
"2019-01-14 19:38","NettyServerCnxn.java","14697","8102","22799"
"2019-08-17 17:13","NettyServerCnxn.java","67761","36458","104219"
"2019-07-03 00:44","NettyServerCnxn.java","32474","13158","45632"
"2019-11-23 17:08","NettyServerCnxn.java","79542","43538","123080"
"2019-07-23 15:55","NettyServerCnxn.java","41827","14516","56343"
"2019-05-06 18:32","NettyServerCnxn.java","25144","9487","34631"
"2019-04-22 19:15","NettyServerCnxn.java","23345","9260","32605"
"2019-08-03 08:42","NettyServerCnxn.java","48189","16178","64367"
"2019-11-18 09:05","NettyServerCnxn.java","77802","43355","121157"
"2019-11-21 05:58","NettyServerCnxn.java","77835","43365","121200"
"2019-09-16 23:26","NettyServerCnxn.java","72014","37692","109706"
"2019-10-10 14:37","NettyServerCnxn.java","73487","38431","111918"
"2018-11-17 18:33","ServerCnxn.java","225754","90075","315829"
"2019-01-14 19:38","ServerCnxn.java","232971","90075","323046"
"2019-04-12 19:01","ServerCnxn.java","239514","90103","329617"
"2011-08-19 00:05","ServerCnxn.java","105575","9516","115091"
"2014-07-18 02:19","ServerCnxn.java","146940","16981","163921"
"2018-09-18 01:00","ServerCnxn.java","210749","52917","263666"
"2019-07-08 23:26","ServerCnxn.java","246482","90102","336584"
"2016-11-16 06:21","ServerCnxn.java","165146","19029","184175"
"2019-08-17 17:13","ServerCnxn.java","257706","90102","347808"
"2019-07-03 00:44","ServerCnxn.java","245719","90102","335821"
"2015-03-28 20:08","ServerCnxn.java","154067","17146","171213"
"2015-06-28 21:09","ServerCnxn.java","155838","17217","173055"
"2018-07-12 01:33","ServerCnxn.java","179111","26353","205464"
"2018-08-08 06:21","ServerCnxn.java","190185","35459","225644"
"2017-11-28 00:10","ServerCnxn.java","168856","20020","188876"
"2009-11-12 20:53","ServerCnxn.java","65238","7663","72901"
"2009-11-07 01:48","ServerCnxn.java","64545","7557","72102"
"2019-11-18 09:05","ServerCnxn.java","261306","90558","351864"
"2009-08-07 01:23","ServerCnxn.java","58753","5734","64487"
"2020-02-26 22:41","ServerCnxn.java","268816","90558","359374"
"2018-09-28 23:38","ServerCnxn.java","213412","53006","266418"
"2011-05-20 01:17","ServerCnxn.java","100895","10999","111894"
"2011-08-11 08:00","ServerCnxn.java","103141","9511","112652"
"2010-08-18 08:24","ServerCnxn.java","108101","10069","118170"
"2019-11-11 13:59","ServerCnxn.java","265116","90102","355218"
"2019-12-27 22:33","SerializeUtils.java","15661","8339","24000"
"2019-10-10 14:37","CommitProcessorConcurrencyTest.java","7470","3717","11187"
"2020-03-12 14:47","CnxManagerTest.java","52475","35845","88320"
"2019-08-17 17:13","CnxManagerTest.java","30536","25849","56385"
"2019-08-06 12:52","CnxManagerTest.java","7966","2306","10272"
"2019-11-29 14:49","CnxManagerTest.java","45346","34102","79448"
"2020-02-16 10:25","CnxManagerTest.java","51081","35754","86835"
"2019-10-10 14:37","CnxManagerTest.java","36740","28300","65040"
"2019-06-03 19:40","QuorumMXBean.java","20159","8398","28557"
"2019-08-17 17:13","QuorumMXBean.java","62348","35918","98266"
"2019-12-27 22:33","QuorumMXBean.java","78553","43445","121998"
"2008-12-13 01:27","ZooKeeper.java","36890","3772","40662"
"2009-06-25 00:59","ZooKeeper.java","92965","9437","102402"
"2019-02-06 09:46","ZooKeeper.java","235529","57663","293192"
"2019-01-16 14:21","ZooKeeper.java","233806","57663","291469"
"2017-04-18 02:02","ZooKeeper.java","188557","18839","207396"
"2019-11-08 17:30","ZooKeeper.java","263456","57679","321135"
"2008-09-04 19:02","ZooKeeper.java","851","396","1247"
"2019-02-07 11:26","ZooKeeper.java","236158","57663","293821"
"2013-03-07 07:01","ZooKeeper.java","152625","16854","169479"
"2011-07-01 00:53","ZooKeeper.java","139361","13080","152441"
"2013-12-17 17:55","ZooKeeper.java","159520","16945","176465"
"2012-02-06 09:56","ZooKeeper.java","137449","15838","153287"
"2012-03-17 01:31","ZooKeeper.java","138999","15883","154882"
"2012-11-17 15:03","ZooKeeper.java","144385","16150","160535"
"2017-05-01 17:19","ZooKeeper.java","188679","18834","207513"
"2010-11-10 23:36","ZooKeeper.java","174039","12405","186444"
"2014-01-24 07:18","ZooKeeper.java","161447","16943","178390"
"2019-08-17 17:13","ZooKeeper.java","257842","57679","315521"
"2009-05-20 20:48","ZooKeeper.java","81266","8864","90130"
"2015-06-04 19:51","ZooKeeper.java","181335","18506","199841"
"2016-10-07 21:51","ZooKeeper.java","186521","18641","205162"
"2015-03-16 09:09","ZooKeeper.java","178257","18472","196729"
"2015-03-17 18:06","ZooKeeper.java","178969","18474","197443"
"2016-05-02 18:15","ZooKeeper.java","183682","18568","202250"
"2019-06-26 10:57","ZooKeeper.java","245692","57679","303371"
"2019-06-03 19:40","ZooKeeper.java","243173","57679","300852"
"2018-05-09 23:57","ZooKeeper.java","195113","19010","214123"
"2009-04-09 23:02","ZooKeeper.java","55953","8493","64446"
"2009-03-27 06:25","ZooKeeper.java","55059","8306","63365"
"2019-08-03 08:42","ZooKeeper.java","258550","57679","316229"
"2016-11-13 20:59","ZooKeeper.java","188776","18643","207419"
"2013-02-03 15:52","ZooKeeper.java","148341","16633","164974"
"2012-09-28 18:32","ZooKeeper.java","142308","16041","158349"
"2017-07-28 00:36","ZooKeeper.java","187936","18957","206893"
"2017-08-18 23:35","ZooKeeper.java","188424","18960","207384"
"2017-07-04 07:56","ZooKeeper.java","188543","18954","207497"
"2008-12-22 23:23","ZooKeeper.java","37544","4083","41627"
"2009-01-28 01:21","ZooKeeper.java","40251","7480","47731"
"2009-12-11 20:38","ZooKeeper.java","108385","10857","119242"
"2009-11-12 21:02","ZooKeeper.java","100905","10755","111660"
"2010-01-26 03:22","ZooKeeper.java","112909","11303","124212"
"2010-01-05 18:32","ZooKeeper.java","109242","11050","120292"
"2009-11-07 01:48","ZooKeeper.java","100252","10705","110957"
"2009-10-31 00:09","ZooKeeper.java","99704","10562","110266"
"2020-04-16 12:50","ZooKeeper.java","271737","58000","329737"
"2018-07-27 05:16","ZooKeeper.java","197836","19715","217551"
"2019-10-10 14:37","ZooKeeper.java","261595","57679","319274"
"2014-04-01 04:03","ZooKeeper.java","163076","17092","180168"
"2010-02-08 23:36","ZooKeeper.java","112581","11314","123895"
"2009-08-07 20:00","ZooKeeper.java","95145","9522","104667"
"2012-12-19 19:16","ZooKeeper.java","147847","16632","164479"
"2019-02-11 12:34","ZooKeeper.java","236521","57663","294184"
"2014-07-08 20:18","ZooKeeper.java","169255","18384","187639"
"2010-11-30 21:16","ZooKeeper.java","174515","12514","187029"
"2020-05-17 15:13","ZooKeeper.java","272109","58001","330110"
"2017-01-09 22:49","ZooKeeper.java","190504","18803","209307"
"2011-05-20 01:17","ZooKeeper.java","135196","12741","147937"
"2019-03-12 19:08","ZooKeeper.java","237949","57663","295612"
"2011-09-06 00:58","ZooKeeper.java","135738","13131","148869"
"2009-01-31 00:01","ZooKeeper.java","49077","7496","56573"
"2008-09-26 20:09","ZooKeeper.java","15037","938","15975"
"2014-07-22 06:51","ZooKeeper.java","173458","18389","191847"
"2008-10-22 01:49","ZooKeeper.java","29721","2782","32503"
"2008-12-02 01:13","ZooKeeper.java","35914","3627","39541"
"2014-04-29 02:23","ZooKeeper.java","166047","18278","184325"
"2019-08-17 17:13","Leader.java","256081","217230","473311"
"2019-06-29 00:33","Leader.java","244067","217229","461296"
"2019-06-03 19:40","Leader.java","241411","217229","458640"
"2019-07-15 14:15","Leader.java","251500","217230","468730"
"2019-07-25 21:41","Leader.java","252564","217230","469794"
"2018-05-10 06:00","Leader.java","31117","16292","47409"
"2018-07-12 01:33","Leader.java","41372","25614","66986"
"2018-02-07 01:05","Leader.java","28589","15898","44487"
"2017-11-28 00:10","Leader.java","27272","15436","42708"
"2019-06-05 00:33","Leader.java","241801","217229","459030"
"2019-08-03 08:42","Leader.java","256789","217230","474019"
"2019-06-05 23:57","Leader.java","242070","217229","459299"
"2017-01-13 19:29","Leader.java","19067","8748","27815"
"2019-01-07 14:55","Leader.java","230860","217118","447978"
"2019-04-12 19:01","Leader.java","237870","217212","455082"
"2018-12-09 03:16","Leader.java","228626","217117","445743"
"2018-08-17 14:40","Leader.java","101469","83415","184884"
"2019-11-29 14:49","Leader.java","264092","218684","482776"
"2018-11-27 10:02","Leader.java","226302","217117","443419"
"2017-02-15 23:04","Leader.java","19233","11870","31103"
"2018-08-29 06:26","Leader.java","125441","107179","232620"
"2018-08-03 18:52","Leader.java","53419","36163","89582"
"2017-09-11 18:55","Leader.java","22954","14975","37929"
"2018-09-18 01:00","Leader.java","133379","112547","245926"
"2016-12-20 14:47","Leader.java","18134","8657","26791"
"2016-06-23 23:25","Leader.java","10868","6455","17323"
"2016-06-23 23:45","Leader.java","11011","6490","17501"
"2020-03-25 03:38","Leader.java","270322","218686","489008"
"2019-12-27 22:33","Leader.java","266214","218685","484899"
"2016-08-13 15:01","Leader.java","12219","7003","19222"
"2019-10-10 14:37","Leader.java","259834","217230","477064"
"2015-10-18 19:00","QuorumPeer.java","13623","3889","17512"
"2018-12-20 15:13","QuorumPeer.java","229612","210150","439762"
"2019-05-16 16:25","QuorumPeer.java","240934","210243","451177"
"2018-10-16 16:22","QuorumPeer.java","234781","190492","425273"
"2019-06-14 09:06","QuorumPeer.java","244149","210259","454408"
"2018-12-07 12:41","QuorumPeer.java","226625","210149","436774"
"2019-03-11 19:47","QuorumPeer.java","236059","210169","446228"
"2019-02-13 13:12","QuorumPeer.java","235008","210170","445178"
"2019-04-12 19:01","QuorumPeer.java","237942","210243","448185"
"2018-12-09 03:16","QuorumPeer.java","228699","210149","438848"
"2018-09-11 15:23","QuorumPeer.java","138856","112238","251094"
"2019-11-29 14:49","QuorumPeer.java","264148","211699","475847"
"2018-12-15 07:34","QuorumPeer.java","228614","210149","438763"
"2018-11-27 10:02","QuorumPeer.java","226375","210149","436524"
"2018-09-18 01:00","QuorumPeer.java","140229","112356","252585"
"2019-06-03 19:40","QuorumPeer.java","241482","210259","451741"
"2019-07-15 14:15","QuorumPeer.java","251570","210259","461829"
"2015-03-17 18:06","QuorumPeer.java","7608","1635","9243"
"2019-07-03 00:44","QuorumPeer.java","244164","210259","454423"
"2019-08-17 17:13","QuorumPeer.java","256151","210259","466410"
"2015-06-27 02:03","QuorumPeer.java","11311","2649","13960"
"2017-11-28 00:10","QuorumPeer.java","35212","16335","51547"
"2018-01-30 08:02","QuorumPeer.java","35768","16738","52506"
"2019-05-15 11:56","QuorumPeer.java","240889","210243","451132"
"2019-06-05 00:33","QuorumPeer.java","241872","210259","452131"
"2019-05-20 23:13","QuorumPeer.java","241007","210243","451250"
"2019-06-04 10:55","QuorumPeer.java","241635","210259","451894"
"2019-07-12 17:01","QuorumPeer.java","251464","210259","461723"
"2020-01-09 11:27","QuorumPeer.java","265695","211700","477395"
"2017-02-09 11:40","QuorumPeer.java","27753","10100","37853"
"2017-07-06 18:48","QuorumPeer.java","29471","14132","43603"
"2018-10-01 06:11","QuorumPeer.java","143483","113031","256514"
"2015-04-09 20:16","QuorumPeer.java","8713","1677","10390"
"2018-07-04 17:11","QuorumPeer.java","48113","25522","73635"
"2019-12-17 13:48","QuorumPeer.java","264720","211699","476419"
"2015-12-07 05:59","QuorumPeer.java","14673","4181","18854"
"2020-01-23 13:43","QuorumPeer.java","267519","211700","479219"
"2016-06-23 23:45","QuorumPeer.java","19316","7754","27070"
"2016-06-23 23:25","QuorumPeer.java","19174","7720","26894"
"2018-12-06 10:56","QuorumPeer.java","226569","210149","436718"
"2019-10-10 14:37","QuorumPeer.java","259904","210259","470163"
"2017-07-27 23:09","QuorumPeer.java","29999","15646","45645"
"2018-06-26 11:18","QuorumPeer.java","39838","17265","57103"
"2018-07-27 12:32","QuorumPeer.java","59828","36037","95865"
"2019-04-18 19:17","QuorumPeer.java","238652","210243","448895"
"2016-12-20 14:47","QuorumPeer.java","26342","9824","36166"
"2017-05-11 16:59","QuorumPeer.java","28272","13800","42072"
"2014-08-14 08:08","QuorumPeer.java","2073","753","2826"
"2014-08-01 07:38","QuorumPeer.java","1541","642","2183"
"2014-07-20 04:50","QuorumPeer.java","785","264","1049"
"2016-06-02 00:59","QuorumPeer.java","18747","7662","26409"
"2020-02-16 10:25","QuorumPeer.java","268232","211700","479932"
"2019-08-17 17:13","RequestProcessor.java","256904","183022","439926"
"2012-03-15 17:47","RequestProcessor.java","17170","8180","25350"
"2018-11-17 18:37","ConfigUtils.java","224380","191662","416042"
"2018-10-08 14:33","ConfigUtils.java","232383","172300","404683"
"2019-08-17 17:13","ConfigUtils.java","256406","191763","448169"
"2018-07-27 12:32","ConfigUtils.java","86012","43470","129482"
"2016-09-08 16:21","ConfigUtils.java","49067","18213","67280"
"2019-07-31 19:06","ZooKeeperServer.java","21547","6907","28454"
"2019-09-11 10:27","ZooKeeperServer.java","47722","31033","78755"
"2019-07-08 23:26","ZooKeeperServer.java","8234","4125","12359"
"2019-06-04 10:55","ZooKeeperServer.java","1391","574","1965"
"2019-08-03 08:42","ZooKeeperServer.java","23298","7257","30555"
"2019-05-15 11:56","ZooKeeperServer.java","162","75","237"
"2019-05-22 11:39","ZooKeeperServer.java","712","179","891"
"2019-09-10 04:26","ZooKeeperServer.java","47369","30991","78360"
"2019-08-17 17:13","ZooKeeperServer.java","45008","29675","74683"
"2019-09-05 23:12","ZooKeeperServer.java","47208","30956","78164"
"2019-09-10 15:21","ZooKeeperServer.java","47377","31001","78378"
"2019-08-01 07:31","ZooKeeperServer.java","22992","6988","29980"
"2019-08-01 07:28","ZooKeeperServer.java","22428","6914","29342"
"2019-06-03 19:40","ZooKeeperServer.java","1069","405","1474"
"2019-11-23 17:08","ZooKeeperServer.java","57516","37482","94998"
"2019-10-09 16:49","ZooKeeperServer.java","50506","31587","82093"
"2019-07-03 00:44","ZooKeeperServer.java","7385","4039","11424"
"2019-07-24 18:00","ZooKeeperServer.java","17237","5449","22686"
"2019-12-27 22:33","ZooKeeperServer.java","61977","37966","99943"
"2019-11-18 09:05","ZooKeeperServer.java","55764","37287","93051"
"2019-10-10 14:37","ZooKeeperServer.java","51144","32058","83202"
"2019-09-16 23:26","ZooKeeperServer.java","49587","31235","80822"
"2019-12-03 10:01","ZooKeeperServer.java","59748","37812","97560"
"2020-03-25 03:38","ZooKeeperServer.java","67715","39597","107312"
"2019-11-28 12:24","ZooKeeperServer.java","57777","37538","95315"
"2019-11-06 15:21","ZooKeeperServer.java","51498","32196","83694"
"2020-04-12 11:14","ZooKeeperServer.java","69062","40191","109253"
"2017-11-15 22:33","CommitProcessor.java","64679","23799","88478"
"2019-08-17 17:13","CommitProcessor.java","256464","185188","441652"
"2019-07-30 02:31","CommitProcessor.java","254385","185188","439573"
"2016-05-15 23:31","CommitProcessor.java","54410","18050","72460"
"2019-08-03 08:42","CommitProcessor.java","257172","185188","442360"
"2019-04-09 15:35","CommitProcessor.java","237247","185114","422361"
"2019-04-25 02:11","CommitProcessor.java","240168","185172","425340"
"2019-01-07 14:24","CommitProcessor.java","231200","185094","416294"
"2015-03-08 23:07","CommitProcessor.java","43445","13136","56581"
"2014-07-15 23:54","CommitProcessor.java","34377","11945","46322"
"2014-03-23 04:12","CommitProcessor.java","20327","4324","24651"
"2020-03-25 03:38","CommitProcessor.java","270561","186500","457061"
"2019-10-10 14:37","CommitProcessor.java","260217","185188","445405"
"2019-11-11 13:55","CommitProcessor.java","262200","185216","447416"
"2019-12-27 22:33","CommitProcessor.java","266454","186500","452954"
"2019-07-31 19:06","ClientBase.java","173506","153939","327445"
"2019-08-17 17:13","ClientBase.java","174233","153973","328206"
"2019-06-07 14:13","ClientBase.java","158433","152069","310502"
"2019-06-24 11:05","ClientBase.java","160890","153297","314187"
"2019-11-14 16:44","ClientBase.java","183316","155029","338345"
"2019-10-10 14:37","ClientBase.java","178988","154975","333963"
"2019-08-17 17:13","ServerCnxn.java","37963","26739","64702"
"2019-11-18 09:05","ServerCnxn.java","48790","34422","83212"
"2020-02-26 22:41","ServerCnxn.java","58509","36631","95140"
"2019-11-11 13:59","ServerCnxn.java","48022","29388","77410"
"2019-08-17 17:13","ReadAheadEndpoint.java","28338","25352","53690"
"2019-12-28 16:17","SyncCommand.java","18815","10230","29045"
"2019-07-02 07:34","Follower.java","245785","57679","303464"
"2009-01-15 23:57","Follower.java","39850","7291","47141"
"2018-12-09 03:16","Follower.java","230484","57663","288147"
"2019-04-12 19:01","Follower.java","239649","57679","297328"
"2013-03-07 07:01","Follower.java","152625","16854","169479"
"2015-02-06 06:17","Follower.java","177742","18469","196211"
"2011-04-29 18:12","Follower.java","134708","12737","147445"
"2011-01-22 20:38","Follower.java","175306","12535","187841"
"2011-02-07 20:26","Follower.java","175393","12605","187998"
"2018-09-18 01:00","Follower.java","226912","44517","271429"
"2019-08-17 17:13","Follower.java","257842","57679","315521"
"2009-06-15 22:52","Follower.java","84761","9176","93937"
"2019-06-29 00:33","Follower.java","245829","57679","303508"
"2019-08-06 17:11","Follower.java","258943","57679","316622"
"2019-07-15 14:15","Follower.java","253261","57679","310940"
"2019-08-23 19:43","Follower.java","258508","57679","316187"
"2017-11-28 00:10","Follower.java","192373","18974","211347"
"2019-06-05 00:33","Follower.java","243563","57679","301242"
"2009-02-20 01:23","Follower.java","54394","8209","62603"
"2011-06-14 07:14","Follower.java","136335","12749","149084"
"2019-05-03 00:44","Follower.java","241839","57679","299518"
"2010-01-25 04:28","Follower.java","112317","11259","123576"
"2009-10-30 17:19","Follower.java","98778","10486","109264"
"2009-11-20 23:28","Follower.java","108271","10827","119098"
"2015-06-05 21:15","Follower.java","181369","18506","199875"
"2019-12-27 22:33","Follower.java","266841","58000","324841"
"2016-08-13 15:01","Follower.java","185358","18579","203937"
"2019-10-10 14:37","Follower.java","261595","57679","319274"
"2010-08-18 08:24","Follower.java","142742","12151","154893"
"2016-12-20 14:47","Follower.java","189844","18804","208648"
"2008-10-01 08:26","Follower.java","17140","2205","19345"
"2014-07-22 06:51","Follower.java","173458","18389","191847"
"2019-08-17 17:13","ServerStats.java","47813","29620","77433"
"2020-03-26 18:41","ZooKeeperMain.java","270814","179499","450313"
"2016-10-16 14:21","ZooKeeperMain.java","83323","24594","107917"
"2011-05-20 01:17","ZooKeeperMain.java","1007","188","1195"
"2020-04-01 17:02","ZooKeeperMain.java","271138","179499","450637"
"2013-10-01 23:18","ZooKeeperMain.java","42376","13389","55765"
"2019-10-10 14:37","ZooKeeperMain.java","260685","178405","439090"
"2015-11-22 00:33","ZooKeeperMain.java","78096","22440","100536"
"2020-03-26 22:19","ZooKeeperMain.java","270883","179499","450382"
"2011-08-18 22:05","ZooKeeperMain.java","10993","1720","12713"
"2011-05-16 19:39","ZooKeeperMain.java","524","133","657"
"2015-11-08 22:54","ZooKeeperMain.java","77752","22389","100141"
"2016-07-27 01:33","ZooKeeperMain.java","81318","24137","105455"
"2014-04-04 00:39","ZooKeeperMain.java","50947","14141","65088"
"2019-11-28 12:24","ZooKeeperMain.java","262932","179499","442431"
"2016-11-13 20:59","ZooKeeperMain.java","85548","24614","110162"
"2019-08-03 08:42","ZooKeeperMain.java","257640","178405","436045"
"2012-03-18 07:03","ZooKeeperMain.java","24025","10440","34465"
"2017-07-28 00:36","ZooKeeperMain.java","87433","27653","115086"
"2016-05-02 18:15","ZooKeeperMain.java","79995","24080","104075"
"2015-03-28 20:08","ZooKeeperMain.java","73399","21114","94513"
"2019-08-17 17:13","ZooKeeperMain.java","256932","178405","435337"
"2013-09-02 23:04","ZooKeeperMain.java","41464","13237","54701"
"2018-08-06 14:11","ZooKeeperMain.java","114997","45271","160268"
"2019-01-23 14:00","NettyServerCnxn.java","20622","42193","62815"
"2019-02-18 17:05","NettyServerCnxn.java","23587","42626","66213"
"2019-02-12 15:25","NettyServerCnxn.java","22988","42461","65449"
"2019-04-12 19:01","NettyServerCnxn.java","26718","43209","69927"
"2018-11-22 17:56","NettyServerCnxn.java","4434","34035","38469"
"2018-11-17 18:33","NettyServerCnxn.java","3299","33522","36821"
"2019-01-14 19:38","NettyServerCnxn.java","19110","42116","61226"
"2019-08-17 17:13","NettyServerCnxn.java","71037","69335","140372"
"2019-07-03 00:44","NettyServerCnxn.java","36787","47072","83859"
"2019-11-23 17:08","NettyServerCnxn.java","82817","76414","159231"
"2019-07-23 15:55","NettyServerCnxn.java","46045","48335","94380"
"2019-05-06 18:32","NettyServerCnxn.java","29514","43458","72972"
"2019-04-22 19:15","NettyServerCnxn.java","27715","43231","70946"
"2019-08-03 08:42","NettyServerCnxn.java","52363","49953","102316"
"2019-11-18 09:05","NettyServerCnxn.java","81077","76231","157308"
"2019-11-21 05:58","NettyServerCnxn.java","81110","76241","157351"
"2019-09-16 23:26","NettyServerCnxn.java","75290","70569","145859"
"2019-10-10 14:37","NettyServerCnxn.java","76766","71311","148077"
"2019-05-20 12:24","RestoreCommittedLogTest.java","240672","222001","462673"
"2019-04-09 15:35","RestoreCommittedLogTest.java","236650","221926","458576"
"2019-08-17 17:13","RestoreCommittedLogTest.java","255887","222020","477907"
"2019-05-14 17:11","RestoreCommittedLogTest.java","240535","222001","462536"
"2016-09-09 00:10","LoadFromLogTest.java","83708","66418","150126"
"2012-03-06 09:20","LoadFromLogTest.java","22668","50451","73119"
"2019-10-10 14:37","LoadFromLogTest.java","260725","219058","479783"
"2011-06-05 22:54","LoadFromLogTest.java","3753","42818","46571"
"2011-07-28 07:49","LoadFromLogTest.java","12086","43921","56007"
"2011-05-21 00:43","LoadFromLogTest.java","3724","42818","46542"
"2014-02-10 21:50","LoadFromLogTest.java","50580","55750","106330"
"2019-08-17 17:13","LoadFromLogTest.java","256972","219058","476030"
"2019-06-07 14:13","LoadFromLogTest.java","243076","219058","462134"
"2017-12-06 23:14","LoadFromLogTest.java","93298","69780","163078"
"2011-12-21 21:39","LoadFromLogTest.java","20820","49886","70706"
"2013-06-28 23:22","LoadFromLogTest.java","43055","55234","98289"
"2019-07-29 17:15","JavaGenerator.java","252786","224314","477100"
"2018-12-09 03:16","FollowerRequestProcessor.java","228964","191663","420627"
"2016-10-07 21:51","FollowerRequestProcessor.java","50510","18401","68911"
"2019-08-17 17:13","FollowerRequestProcessor.java","256406","191763","448169"
"2015-06-04 19:51","FollowerRequestProcessor.java","39784","12726","52510"
"2019-08-01 07:31","FollowerRequestProcessor.java","257077","191763","448840"
"2014-03-23 04:12","FollowerRequestProcessor.java","11589","2219","13808"
"2020-03-25 03:38","FollowerRequestProcessor.java","270537","193109","463646"
"2014-07-18 19:46","FollowerRequestProcessor.java","29959","10981","40940"
"2019-10-10 14:37","FollowerRequestProcessor.java","260159","191763","451922"
"2020-05-05 21:20","FollowerRequestProcessor.java","271568","193109","464677"
"2013-10-09 22:21","FollowerRequestProcessor.java","6718","1523","8241"
"2015-03-08 23:07","FollowerRequestProcessor.java","35780","12104","47884"
"2010-03-11 04:17","NIOServerCnxn.java","23854","10881","34735"
"2011-05-03 23:29","NIOServerCnxn.java","46153","21676","67829"
"2010-01-26 01:17","NIOServerCnxn.java","6025","2061","8086"
"2019-11-21 05:58","NIOServerCnxn.java","261293","155466","416759"
"2015-11-08 22:36","NIOServerCnxn.java","110702","32335","143037"
"2019-11-18 09:05","NIOServerCnxn.java","261270","155466","416736"
"2013-09-10 00:37","NIOServerCnxn.java","80744","29317","110061"
"2019-09-16 23:26","NIOServerCnxn.java","260198","154519","414717"
"2019-10-10 14:37","NIOServerCnxn.java","260932","154519","415451"
"2013-10-05 00:57","NIOServerCnxn.java","81645","29464","111109"
"2018-09-28 23:38","NIOServerCnxn.java","193648","94804","288452"
"2010-08-18 08:24","NIOServerCnxn.java","49522","16434","65956"
"2010-05-04 23:45","NIOServerCnxn.java","28295","14921","43216"
"2010-03-09 03:00","NIOServerCnxn.java","23049","10696","33745"
"2020-02-11 06:50","NIOServerCnxn.java","268645","155466","424111"
"2019-01-23 14:00","NIOServerCnxn.java","233854","154467","388321"
"2019-07-08 23:26","NIOServerCnxn.java","245955","154519","400474"
"2019-04-12 19:01","NIOServerCnxn.java","238986","154519","393505"
"2019-01-14 19:38","NIOServerCnxn.java","232419","154467","386886"
"2018-11-17 18:33","NIOServerCnxn.java","225202","154467","379669"
"2017-03-04 19:22","NIOServerCnxn.java","118961","35695","154656"
"2011-08-19 00:05","NIOServerCnxn.java","55134","20637","75771"
"2013-12-11 19:22","NIOServerCnxn.java","85897","29662","115559"
"2012-02-11 00:34","NIOServerCnxn.java","61619","25951","87570"
"2016-12-22 23:23","NIOServerCnxn.java","119909","34653","154562"
"2018-09-18 01:00","NIOServerCnxn.java","190976","94706","285682"
"2019-08-17 17:13","NIOServerCnxn.java","257179","154519","411698"
"2015-06-28 21:09","NIOServerCnxn.java","109291","32232","141523"
"2015-03-28 20:08","NIOServerCnxn.java","107379","32020","139399"
"2019-07-03 00:44","NIOServerCnxn.java","245192","154519","399711"
"2019-08-03 08:42","NIOServerCnxn.java","257887","154519","412406"
"2016-11-16 06:21","NIOServerCnxn.java","118976","34421","153397"
"2012-12-19 19:07","NIOServerCnxn.java","72861","28652","101513"
"2013-09-18 12:58","ClientCnxn.java","128407","15217","143624"
"2015-01-31 08:05","ClientCnxn.java","151551","17055","168606"
"2016-05-02 18:15","ClientCnxn.java","159189","18657","177846"
"2014-01-24 07:18","ClientCnxn.java","135245","15323","150568"
"2009-07-17 00:09","ClientCnxn.java","57639","5470","63109"
"2009-05-20 20:48","ClientCnxn.java","43846","4022","47868"
"2019-08-17 17:13","ClientCnxn.java","257706","90121","347827"
"2009-06-25 22:41","ClientCnxn.java","56316","5275","61591"
"2015-05-10 00:27","ClientCnxn.java","154145","17110","171255"
"2009-01-28 01:15","ClientCnxn.java","895","745","1640"
"2017-12-19 19:27","ClientCnxn.java","168841","19980","188821"
"2019-01-31 15:50","ClientCnxn.java","235346","90094","325440"
"2012-08-02 00:24","ClientCnxn.java","114984","14219","129203"
"2019-04-09 15:35","ClientCnxn.java","238542","90100","328642"
"2013-02-03 15:52","ClientCnxn.java","121979","14853","136832"
"2014-12-20 15:29","ClientCnxn.java","151530","17045","168575"
"2012-03-15 18:01","ClientCnxn.java","112419","14044","126463"
"2019-11-08 17:30","ClientCnxn.java","263320","90121","353441"
"2017-06-08 17:59","ClientCnxn.java","164419","19848","184267"
"2012-09-09 20:24","ClientCnxn.java","115732","14228","129960"
"2019-01-16 14:21","ClientCnxn.java","233659","90094","323753"
"2019-01-07 14:24","ClientCnxn.java","232509","90094","322603"
"2009-06-25 00:59","ClientCnxn.java","56215","5265","61480"
"2019-03-06 03:32","ClientCnxn.java","237470","90100","327570"
"2010-11-11 18:11","ClientCnxn.java","139395","10343","149738"
"2010-11-10 23:36","ClientCnxn.java","139355","10299","149654"
"2011-09-14 07:43","ClientCnxn.java","107774","9514","117288"
"2011-08-19 00:05","ClientCnxn.java","105469","9429","114898"
"2015-02-06 06:17","ClientCnxn.java","151762","17071","168833"
"2019-02-07 11:26","ClientCnxn.java","236011","90094","326105"
"2018-11-05 19:40","ClientCnxn.java","243044","68726","311770"
"2011-04-12 09:14","ClientCnxn.java","99928","10870","110798"
"2010-10-06 18:14","ClientCnxn.java","136302","9964","146266"
"2010-11-30 21:16","ClientCnxn.java","139864","10441","150305"
"2020-05-17 15:13","ClientCnxn.java","272108","90578","362686"
"2018-06-25 12:30","ClientCnxn.java","172494","20107","192601"
"2012-12-19 19:16","ClientCnxn.java","121446","14813","136259"
"2020-03-03 03:12","ClientCnxn.java","269897","90577","360474"
"2018-09-10 11:44","ClientCnxn.java","208404","52832","261236"
"2011-09-28 22:17","ClientCnxn.java","108390","12077","120467"
"2015-06-13 02:42","ClientCnxn.java","155661","17164","172825"
"2010-10-21 02:44","ClientCnxn.java","138020","10031","148051"
"2010-08-05 09:09","ClientCnxn.java","102463","9586","112049"
"2011-05-20 01:17","ClientCnxn.java","100778","10901","111679"
"2014-03-23 04:12","ClientCnxn.java","135998","15439","151437"
"2015-11-09 00:05","ClientCnxn.java","157190","17201","174391"
"2015-12-06 19:58","ClientCnxn.java","157527","17233","174760"
"2020-01-21 17:53","ClientCnxn.java","266158","90577","356735"
"2015-12-05 22:43","ClientCnxn.java","157524","17233","174757"
"2015-12-05 22:32","ClientCnxn.java","157519","17233","174752"
"2010-03-04 02:28","ClientCnxn.java","80167","8619","88786"
"2010-01-25 04:28","ClientCnxn.java","76831","8351","85182"
"2019-10-10 14:37","ClientCnxn.java","261459","90121","351580"
"2014-04-01 04:03","ClientCnxn.java","136915","15513","152428"
"2013-09-18 15:14","ClientCnxn.java","128425","15217","143642"
"2013-09-18 04:08","ClientCnxn.java","128321","15217","143538"
"2019-11-21 05:58","ClientCnxn.java","261329","90577","351906"
"2020-04-16 12:50","ClientCnxn.java","271736","90577","362313"
"2018-07-27 05:16","ClientCnxn.java","179860","26321","206181"
"2010-01-26 03:22","ClientCnxn.java","77459","8431","85890"
"2009-10-31 00:09","ClientCnxn.java","63723","7159","70882"
"2009-11-07 01:48","ClientCnxn.java","64375","7406","71781"
"2010-01-05 18:32","ClientCnxn.java","73725","8111","81836"
"2019-08-01 07:31","ObserverRequestProcessor.java","257858","154189","412047"
"2019-08-17 17:13","ObserverRequestProcessor.java","257187","154189","411376"
"2015-06-04 19:51","ObserverRequestProcessor.java","109174","32126","141300"
"2016-10-07 21:51","ObserverRequestProcessor.java","116426","34327","150753"
"2013-03-07 07:01","ObserverRequestProcessor.java","79033","29043","108076"
"2015-03-08 23:07","ObserverRequestProcessor.java","105589","31923","137512"
"2013-10-09 22:21","ObserverRequestProcessor.java","84743","29558","114301"
"2010-08-18 08:24","ObserverRequestProcessor.java","49884","16458","66342"
"2011-07-15 06:50","ObserverRequestProcessor.java","50299","20496","70795"
"2011-10-28 18:37","ObserverRequestProcessor.java","58849","25331","84180"
"2011-04-12 09:14","ObserverRequestProcessor.java","46141","21670","67811"
"2014-07-18 19:46","ObserverRequestProcessor.java","100652","31684","132336"
"2014-03-23 04:12","ObserverRequestProcessor.java","89174","29814","118988"
"2020-03-25 03:38","ObserverRequestProcessor.java","270911","155128","426039"
"2019-12-03 10:01","Commands.java","49","3","52"
"2019-05-06 17:48","LearnerHandlerTest.java","239372","228044","467416"
"2019-08-17 17:13","LearnerHandlerTest.java","255079","228064","483143"
"2018-12-09 03:16","LearnerHandlerTest.java","227596","227923","455519"
"2019-05-20 17:18","LearnerHandlerTest.java","239852","228046","467898"
"2019-07-03 20:54","LearnerHandlerTest.java","243072","228063","471135"
"2008-09-04 19:02","FollowerRequestProcessor.java","11672","1557","13229"
"2018-12-09 03:16","FollowerRequestProcessor.java","230531","48050","278581"
"2013-03-07 07:01","FollowerRequestProcessor.java","162164","16733","178897"
"2016-10-07 21:51","FollowerRequestProcessor.java","196044","18504","214548"
"2019-08-17 17:13","FollowerRequestProcessor.java","257888","48065","305953"
"2009-05-20 20:51","FollowerRequestProcessor.java","91252","9184","100436"
"2015-06-04 19:51","FollowerRequestProcessor.java","190870","18381","209251"
"2009-06-15 22:52","FollowerRequestProcessor.java","94726","9481","104207"
"2019-08-01 07:31","FollowerRequestProcessor.java","258559","48065","306624"
"2009-01-16 00:48","FollowerRequestProcessor.java","50230","7992","58222"
"2014-03-23 04:12","FollowerRequestProcessor.java","171704","16903","188607"
"2020-03-25 03:38","FollowerRequestProcessor.java","270948","48340","319288"
"2014-07-18 19:46","FollowerRequestProcessor.java","182667","18258","200925"
"2019-10-10 14:37","FollowerRequestProcessor.java","261641","48065","309706"
"2011-10-28 18:37","FollowerRequestProcessor.java","144736","15777","160513"
"2011-04-12 09:14","FollowerRequestProcessor.java","144009","12713","156722"
"2011-07-15 06:50","FollowerRequestProcessor.java","138263","13019","151282"
"2020-05-05 21:20","FollowerRequestProcessor.java","271979","48340","320319"
"2013-10-09 22:21","FollowerRequestProcessor.java","167456","16830","184286"
"2010-08-18 08:24","FollowerRequestProcessor.java","152416","12165","164581"
"2015-03-08 23:07","FollowerRequestProcessor.java","187457","18350","205807"
"2019-11-14 03:54","ServerCnxnFactory.java","264404","194287","458691"
"2019-11-11 13:59","ServerCnxnFactory.java","263805","194287","458092"
"2017-04-19 01:19","ServerCnxnFactory.java","52274","20861","73135"
"2018-10-24 04:03","ServerCnxnFactory.java","235176","174770","409946"
"2014-07-18 02:19","ServerCnxnFactory.java","26083","9867","35950"
"2019-02-13 13:12","ServerCnxnFactory.java","235234","194180","429414"
"2017-10-07 21:22","ServerCnxnFactory.java","54593","23300","77893"
"2019-08-17 17:13","ServerCnxnFactory.java","256367","194259","450626"
"2019-06-07 14:13","ServerCnxnFactory.java","242471","194259","436730"
"2019-07-03 00:44","ServerCnxnFactory.java","244380","194259","438639"
"2015-03-17 18:06","ServerCnxnFactory.java","33369","11180","44549"
"2015-03-28 20:08","ServerCnxnFactory.java","34392","11214","45606"
"2016-05-02 18:15","ServerCnxnFactory.java","43147","16339","59486"
"2016-07-27 01:33","RemoveWatchesCommand.java","27943","9332","37275"
"2019-08-17 17:13","RemoveWatchesCommand.java","256155","203510","459665"
"2019-01-31 15:55","RemoveWatchesCommand.java","233706","203402","437108"
"2017-05-27 00:52","RemoveWatchesCommand.java","36229","14942","51171"
"2018-12-09 03:16","LeaderZooKeeperServer.java","230337","90075","320412"
"2018-11-21 17:56","LeaderZooKeeperServer.java","225769","90075","315844"
"2012-01-31 07:45","LeaderZooKeeperServer.java","110573","13928","124501"
"2009-02-06 22:19","LeaderZooKeeperServer.java","16286","2800","19086"
"2019-06-04 10:55","LeaderZooKeeperServer.java","243190","90102","333292"
"2009-02-02 23:26","LeaderZooKeeperServer.java","13821","2414","16235"
"2015-06-04 19:51","LeaderZooKeeperServer.java","155470","17204","172674"
"2009-06-26 22:29","LeaderZooKeeperServer.java","57136","5476","62612"
"2019-08-17 17:13","LeaderZooKeeperServer.java","257706","90102","347808"
"2009-06-18 18:37","LeaderZooKeeperServer.java","48968","4871","53839"
"2009-05-20 22:16","LeaderZooKeeperServer.java","44192","4281","48473"
"2019-06-03 19:40","LeaderZooKeeperServer.java","243037","90102","333139"
"2009-12-18 03:19","LeaderZooKeeperServer.java","73688","8230","81918"
"2019-11-25 15:37","LeaderZooKeeperServer.java","262970","90558","353528"
"2019-12-27 22:33","LeaderZooKeeperServer.java","266840","90558","357398"
"2009-08-07 01:23","LeaderZooKeeperServer.java","58753","5734","64487"
"2010-03-12 19:26","LeaderZooKeeperServer.java","87093","8786","95879"
"2013-10-09 22:21","LeaderZooKeeperServer.java","131740","15337","147077"
"2011-10-20 20:02","LeaderZooKeeperServer.java","108133","13647","121780"
"2017-09-11 18:55","QuorumBase.java","160071","27201","187272"
"2012-04-23 01:20","QuorumBase.java","108480","21219","129699"
"2019-07-12 17:01","QuorumBase.java","253000","102765","355765"
"2012-12-11 08:42","QuorumBase.java","113850","21410","135260"
"2009-06-18 18:37","QuorumBase.java","35900","4485","40385"
"2019-08-17 17:13","QuorumBase.java","257687","102765","360452"
"2009-07-17 00:09","QuorumBase.java","45773","6267","52040"
"2019-08-01 07:31","QuorumBase.java","258358","102765","361123"
"2009-11-18 20:06","QuorumBase.java","60583","8659","69242"
"2018-08-08 06:21","QuorumBase.java","185805","43188","228993"
"2009-11-07 01:48","QuorumBase.java","52548","8242","60790"
"2009-12-15 23:23","QuorumBase.java","61386","8884","70270"
"2009-11-20 23:28","QuorumBase.java","60911","8708","69619"
"2009-09-16 02:09","QuorumBase.java","48731","6810","55541"
"2019-10-10 14:37","QuorumBase.java","261440","102765","364205"
"2010-03-13 01:06","QuorumBase.java","78498","12862","91360"
"2020-03-25 03:38","QuorumBase.java","270930","103223","374153"
"2014-07-18 19:46","QuorumBase.java","142107","24030","166137"
"2010-07-23 06:22","QuorumBase.java","93392","13942","107334"
"2011-05-20 01:17","QuorumBase.java","95150","17936","113086"
"2010-05-05 22:32","QuorumBase.java","79451","13796","93247"
"2010-08-18 08:24","QuorumBase.java","99673","14323","113996"
"2013-10-09 22:21","QuorumBase.java","126596","22302","148898"
"2010-03-31 06:26","QuorumBase.java","79617","13734","93351"
"2009-05-14 22:15","QuorumBase.java","30196","3196","33392"
"2014-06-25 19:25","QuorumBase.java","136917","23836","160753"
"2011-04-12 09:14","QuorumBase.java","94301","17906","112207"
"2019-08-17 17:13","UpgradeableSessionTracker.java","174230","156211","330441"
"2019-09-05 23:12","UpgradeableSessionTracker.java","176131","157193","333324"
"2019-10-10 14:37","UpgradeableSessionTracker.java","178985","157213","336198"
"2019-07-02 07:34","Follower.java","244349","191763","436112"
"2018-12-09 03:16","Follower.java","228964","191663","420627"
"2019-04-12 19:01","Follower.java","238197","191747","429944"
"2015-02-06 06:17","Follower.java","35542","12040","47582"
"2018-09-18 01:00","Follower.java","158446","111822","270268"
"2019-08-17 17:13","Follower.java","256406","191763","448169"
"2019-06-29 00:33","Follower.java","244393","191763","436156"
"2019-08-06 17:11","Follower.java","257507","191763","449270"
"2019-07-15 14:15","Follower.java","251825","191763","443588"
"2019-08-23 19:43","Follower.java","257072","191763","448835"
"2017-11-28 00:10","Follower.java","62058","24430","86488"
"2019-06-05 00:33","Follower.java","242127","191763","433890"
"2019-05-03 00:44","Follower.java","240387","191747","432134"
"2015-06-05 21:15","Follower.java","39823","12731","52554"
"2019-12-27 22:33","Follower.java","266430","193109","459539"
"2016-08-13 15:01","Follower.java","48980","17972","66952"
"2019-10-10 14:37","Follower.java","260159","191763","451922"
"2016-12-20 14:47","Follower.java","54518","19249","73767"
"2014-07-22 06:51","Follower.java","30506","11208","41714"
"2019-12-27 22:33","PrepRequestProcessorMetricsTest.java","18682","10004","28686"
"2019-08-17 17:13","ConfCommand.java","255967","218737","474704"
"2016-12-22 23:23","ConfCommand.java","14721","6524","21245"
"2015-03-08 23:07","ObserverZooKeeperServer.java","56408","16224","72632"
"2013-11-14 05:34","ObserverZooKeeperServer.java","31011","8501","39512"
"2019-10-10 14:37","ObserverZooKeeperServer.java","260412","175508","435920"
"2016-08-13 15:01","ObserverZooKeeperServer.java","68538","21022","89560"
"2013-09-30 22:20","ObserverZooKeeperServer.java","26979","8086","35065"
"2019-06-04 10:55","ObserverZooKeeperServer.java","242143","175508","417651"
"2019-08-17 17:13","ObserverZooKeeperServer.java","256659","175508","432167"
"2019-06-03 19:40","ObserverZooKeeperServer.java","241990","175508","417498"
"2019-02-13 13:12","ObserverZooKeeperServer.java","235548","175451","410999"
"2009-10-30 17:19","SendAckRequestProcessor.java","3666","2030","5696"
"2011-10-20 20:02","SendAckRequestProcessor.java","69632","26161","95793"
"2011-04-12 09:14","SendAckRequestProcessor.java","57867","22887","80754"
"2019-08-17 17:13","SendAckRequestProcessor.java","257490","143983","401473"
"2019-05-03 00:44","SendAckRequestProcessor.java","241487","143983","385470"
"2019-01-23 14:00","NettyServerCnxn.java","17380","8728","26108"
"2019-02-18 17:05","NettyServerCnxn.java","20346","9162","29508"
"2019-02-12 15:25","NettyServerCnxn.java","19747","8997","28744"
"2019-04-12 19:01","NettyServerCnxn.java","23477","9745","33222"
"2018-11-22 17:56","NettyServerCnxn.java","1175","553","1728"
"2019-01-14 19:38","NettyServerCnxn.java","15870","8653","24523"
"2019-08-17 17:13","NettyServerCnxn.java","68633","36708","105341"
"2019-07-03 00:44","NettyServerCnxn.java","33552","13614","47166"
"2019-11-23 17:08","NettyServerCnxn.java","80414","43788","124202"
"2019-07-23 15:55","NettyServerCnxn.java","42898","14965","57863"
"2019-05-06 18:32","NettyServerCnxn.java","26273","9994","36267"
"2019-04-22 19:15","NettyServerCnxn.java","24474","9767","34241"
"2019-08-03 08:42","NettyServerCnxn.java","49236","16603","65839"
"2019-11-18 09:05","NettyServerCnxn.java","78674","43605","122279"
"2019-11-21 05:58","NettyServerCnxn.java","78707","43615","122322"
"2019-09-16 23:26","NettyServerCnxn.java","72886","37942","110828"
"2019-10-10 14:37","NettyServerCnxn.java","74359","38681","113040"
"2018-09-15 00:08","ZooKeeperServer.java","210054","52875","262929"
"2019-04-12 19:01","ZooKeeperServer.java","239514","90103","329617"
"2019-07-31 19:06","ZooKeeperServer.java","257013","90102","347115"
"2019-09-11 10:27","ZooKeeperServer.java","259062","90102","349164"
"2019-01-14 19:38","ZooKeeperServer.java","232971","90075","323046"
"2019-01-07 15:34","ZooKeeperServer.java","232572","90075","322647"
"2018-11-21 17:56","ZooKeeperServer.java","225769","90075","315844"
"2012-01-31 07:45","ZooKeeperServer.java","110573","13928","124501"
"2017-04-28 07:14","ZooKeeperServer.java","164926","19665","184591"
"2011-08-19 00:05","ZooKeeperServer.java","105575","9516","115091"
"2017-02-12 00:12","ZooKeeperServer.java","164000","19638","183638"
"2014-07-18 02:19","ZooKeeperServer.java","146940","16981","163921"
"2013-12-11 19:22","ZooKeeperServer.java","133162","15365","148527"
"2019-02-13 13:12","ZooKeeperServer.java","236632","90082","326714"
"2012-02-11 00:34","ZooKeeperServer.java","111324","14094","125418"
"2016-11-24 17:18","ZooKeeperServer.java","165301","19163","184464"
"2018-07-19 05:59","ZooKeeperServer.java","179599","26353","205952"
"2018-09-18 01:00","ZooKeeperServer.java","210749","52917","263666"
"2019-03-04 08:07","ZooKeeperServer.java","237208","90081","327289"
"2019-07-08 23:26","ZooKeeperServer.java","246482","90102","336584"
"2019-01-23 14:00","ZooKeeperServer.java","234406","90075","324481"
"2019-02-13 13:19","ZooKeeperServer.java","236918","90082","327000"
"2019-05-14 17:11","ZooKeeperServer.java","242374","90103","332477"
"2013-01-25 02:17","ZooKeeperServer.java","121697","14888","136585"
"2015-07-10 08:19","ZooKeeperServer.java","156160","17214","173374"
"2009-02-20 01:23","ZooKeeperServer.java","16536","2910","19446"
"2009-02-06 22:19","ZooKeeperServer.java","16286","2800","19086"
"2019-06-04 10:55","ZooKeeperServer.java","243190","90102","333292"
"2011-06-14 07:14","ZooKeeperServer.java","102061","11034","113095"
"2009-02-27 20:00","ZooKeeperServer.java","16572","2920","19492"
"2019-04-09 15:35","ZooKeeperServer.java","238542","90081","328623"
"2019-08-03 08:42","ZooKeeperServer.java","258414","90102","348516"
"2019-05-15 11:56","ZooKeeperServer.java","242461","90103","332564"
"2019-05-22 11:39","ZooKeeperServer.java","242907","90103","333010"
"2019-04-22 19:15","ZooKeeperServer.java","240489","90103","330592"
"2018-02-23 23:49","ZooKeeperServer.java","170122","20087","190209"
"2016-11-16 06:21","ZooKeeperServer.java","165146","19029","184175"
"2012-12-19 19:07","ZooKeeperServer.java","120610","14839","135449"
"2017-08-18 06:32","ZooKeeperServer.java","164767","19966","184733"
"2009-01-16 00:48","ZooKeeperServer.java","232","213","445"
"2017-06-26 00:16","ZooKeeperServer.java","164706","19913","184619"
"2009-02-02 23:26","ZooKeeperServer.java","13821","2414","16235"
"2019-09-10 04:26","ZooKeeperServer.java","258751","90102","348853"
"2019-08-17 17:13","ZooKeeperServer.java","257706","90102","347808"
"2019-09-05 23:12","ZooKeeperServer.java","258625","90102","348727"
"2019-09-10 15:21","ZooKeeperServer.java","258749","90102","348851"
"2009-05-20 20:48","ZooKeeperServer.java","44067","4224","48291"
"2009-06-15 22:52","ZooKeeperServer.java","47649","4623","52272"
"2019-08-01 07:31","ZooKeeperServer.java","258377","90102","348479"
"2019-08-01 07:28","ZooKeeperServer.java","257887","90102","347989"
"2019-06-03 19:40","ZooKeeperServer.java","243037","90102","333139"
"2015-03-17 18:06","ZooKeeperServer.java","153076","17144","170220"
"2019-11-23 17:08","ZooKeeperServer.java","262863","90558","353421"
"2019-10-09 16:49","ZooKeeperServer.java","261292","90102","351394"
"2019-07-03 00:44","ZooKeeperServer.java","245719","90102","335821"
"2018-01-19 01:12","ZooKeeperServer.java","169045","20052","189097"
"2019-07-24 18:00","ZooKeeperServer.java","254161","90102","344263"
"2013-05-16 18:49","ZooKeeperServer.java","126539","15180","141719"
"2018-08-08 06:21","ZooKeeperServer.java","190185","35459","225644"
"2018-05-09 23:57","ZooKeeperServer.java","171672","20132","191804"
"2009-11-07 01:48","ZooKeeperServer.java","64545","7557","72102"
"2009-12-18 03:19","ZooKeeperServer.java","73688","8230","81918"
"2010-01-26 01:17","ZooKeeperServer.java","77433","8525","85958"
"2019-12-27 22:33","ZooKeeperServer.java","266840","90558","357398"
"2016-08-13 15:01","ZooKeeperServer.java","161125","18909","180034"
"2018-09-11 00:17","ZooKeeperServer.java","208499","52869","261368"
"2019-11-18 09:05","ZooKeeperServer.java","261306","90558","351864"
"2019-10-10 14:37","ZooKeeperServer.java","261459","90102","351561"
"2019-09-16 23:26","ZooKeeperServer.java","260725","90102","350827"
"2013-10-08 01:35","ZooKeeperServer.java","129450","15287","144737"
"2017-06-23 18:39","ZooKeeperServer.java","164705","19892","184597"
"2009-08-07 01:23","ZooKeeperServer.java","58753","5734","64487"
"2011-12-28 07:07","ZooKeeperServer.java","110218","13912","124130"
"2019-12-03 10:01","ZooKeeperServer.java","264765","90558","355323"
"2020-03-25 03:38","ZooKeeperServer.java","270947","90558","361505"
"2010-03-12 19:26","ZooKeeperServer.java","87093","8786","95879"
"2019-11-28 12:24","ZooKeeperServer.java","263068","90558","353626"
"2019-11-06 15:21","ZooKeeperServer.java","261675","90102","351777"
"2011-05-20 01:17","ZooKeeperServer.java","100895","10999","111894"
"2010-07-29 23:10","ZooKeeperServer.java","102552","9710","112262"
"2011-09-17 02:36","ZooKeeperServer.java","108230","12155","120385"
"2020-04-12 11:14","ZooKeeperServer.java","271700","90558","362258"
"2011-09-14 08:56","ZooKeeperServer.java","108249","9614","117863"
"2011-08-21 02:53","ZooKeeperServer.java","105603","9516","115119"
"2010-08-18 08:24","ZooKeeperServer.java","108101","10069","118170"
"2013-10-09 22:21","ZooKeeperServer.java","131740","15337","147077"
"2015-03-08 23:07","ZooKeeperServer.java","152018","17134","169152"
"2018-06-08 16:52","ZooKeeperServer.java","172422","20133","192555"
"2018-06-15 07:41","ZooKeeperServer.java","172441","20149","192590"
"2018-07-28 04:37","ZooKeeperServer.java","180186","26364","206550"
"2019-04-18 19:17","ZooKeeperServer.java","240224","90103","330327"
"2012-03-15 17:47","ZooKeeperServer.java","112374","14110","126484"
"2014-03-25 22:13","ZooKeeperServer.java","136308","15494","151802"
"2011-04-12 09:14","ZooKeeperServer.java","100048","10971","111019"
"2019-07-31 19:06","Commands.java","47532","16300","63832"
"2019-11-29 14:49","Commands.java","82554","44072","126626"
"2019-08-17 17:13","Commands.java","68626","36701","105327"
"2019-06-29 00:33","Commands.java","33407","13495","46902"
"2019-06-03 19:40","Commands.java","27618","10362","37980"
"2019-07-15 14:15","Commands.java","41954","14610","56564"
"2019-07-25 23:43","Commands.java","43925","15464","59389"
"2019-06-05 12:14","Commands.java","28295","10512","38807"
"2019-08-06 01:43","Commands.java","49405","16598","66003"
"2019-05-27 10:54","Commands.java","27417","10172","37589"
"2019-06-04 10:55","Commands.java","27887","10478","38365"
"2019-05-15 11:56","Commands.java","26779","10100","36879"
"2019-12-03 10:01","Commands.java","82594","44066","126660"
"2019-11-20 07:00","Commands.java","78679","43598","122277"
"2014-07-26 04:11","ZooKeeperServerMainTest.java","19539","9638","29177"
"2016-09-18 23:21","ZooKeeperServerMainTest.java","38834","17004","55838"
"2016-08-24 01:36","ZooKeeperServerMainTest.java","38017","16847","54864"
"2016-08-13 15:01","ZooKeeperServerMainTest.java","37974","16572","54546"
"2014-09-28 19:15","ZooKeeperServerMainTest.java","21595","9852","31447"
"2017-01-13 19:29","ZooKeeperServerMainTest.java","44515","18010","62525"
"2019-06-03 19:40","ZooKeeperServerMainTest.java","241622","201254","442876"
"2019-08-17 17:13","ZooKeeperServerMainTest.java","256291","201254","457545"
"2018-09-11 15:23","ZooKeeperServerMainTest.java","147895","112132","260027"
"2017-01-05 22:32","ZooKeeperServerMainTest.java","44079","17944","62023"
"2018-10-16 16:22","QuorumPeerConfig.java","235343","172303","407646"
"2018-12-09 03:16","QuorumPeerConfig.java","228964","191663","420627"
"2019-04-12 19:01","QuorumPeerConfig.java","238197","191747","429944"
"2018-09-11 15:23","QuorumPeerConfig.java","157127","111758","268885"
"2018-12-15 07:34","QuorumPeerConfig.java","228879","191663","420542"
"2019-02-13 13:12","QuorumPeerConfig.java","235273","191684","426957"
"2019-08-17 17:13","QuorumPeerConfig.java","256406","191763","448169"
"2015-03-17 18:06","QuorumPeerConfig.java","36957","12233","49190"
"2014-01-21 04:50","QuorumPeerConfig.java","9042","1892","10934"
"2017-11-28 00:10","QuorumPeerConfig.java","62058","24430","86488"
"2019-06-05 00:29","QuorumPeerConfig.java","242073","191763","433836"
"2014-09-17 07:34","QuorumPeerConfig.java","32954","11683","44637"
"2020-01-09 11:27","QuorumPeerConfig.java","265855","193109","458964"
"2019-07-12 17:01","QuorumPeerConfig.java","251719","191763","443482"
"2016-11-13 20:59","QuorumPeerConfig.java","52898","18536","71434"
"2019-05-15 11:56","QuorumPeerConfig.java","241144","191747","432891"
"2014-08-19 22:50","QuorumPeerConfig.java","31868","11683","43551"
"2018-10-01 06:11","QuorumPeerConfig.java","161189","111986","273175"
"2017-07-28 00:36","QuorumPeerConfig.java","57089","23881","80970"
"2013-09-30 22:20","QuorumPeerConfig.java","3445","1060","4505"
"2017-07-06 18:48","QuorumPeerConfig.java","56957","22867","79824"
"2013-09-26 00:13","QuorumPeerConfig.java","3180","1039","4219"
"2020-01-23 13:43","QuorumPeerConfig.java","267679","193109","460788"
"2014-05-17 13:23","QuorumPeerConfig.java","21482","9437","30919"
"2014-07-04 04:19","QuorumPeerConfig.java","24398","9804","34202"
"2016-06-23 19:42","QuorumPeerConfig.java","47400","17470","64870"
"2015-09-06 20:02","QuorumPeerConfig.java","42150","13914","56064"
"2015-09-29 03:56","QuorumPeerConfig.java","42374","13957","56331"
"2019-10-10 14:37","QuorumPeerConfig.java","260159","191763","451922"
"2018-07-27 12:32","QuorumPeerConfig.java","86012","43470","129482"
"2019-04-18 19:17","QuorumPeerConfig.java","238907","191747","430654"
"2016-11-03 16:07","QuorumPeerConfig.java","51095","18402","69497"
"2014-03-25 22:13","QuorumPeerConfig.java","11837","2231","14068"
"2013-10-09 22:21","QuorumPeerConfig.java","6718","1523","8241"
"2014-08-01 07:38","QuorumPeerConfig.java","31167","11517","42684"
"2014-08-14 08:08","QuorumPeerConfig.java","31667","11596","43263"
"2020-02-16 10:25","QuorumPeerConfig.java","268392","193109","461501"
"2020-05-14 18:18","QuorumPeerConfig.java","271625","193117","464742"
"2017-05-11 16:59","QuorumPeerConfig.java","55836","22613","78449"
"2019-07-25 21:41","FollowerMXBean.java","251759","225902","477661"
"2019-08-17 17:13","FollowerMXBean.java","255276","225902","481178"
"2018-12-09 03:16","FollowerMXBean.java","227814","225782","453596"
"2013-09-18 12:58","ClientCnxn.java","130523","18250","148773"
"2015-01-31 08:05","ClientCnxn.java","153623","20044","173667"
"2016-05-02 18:15","ClientCnxn.java","161219","21604","182823"
"2014-01-24 07:18","ClientCnxn.java","137360","18355","155715"
"2009-07-17 00:09","ClientCnxn.java","60366","9080","69446"
"2009-05-20 20:48","ClientCnxn.java","46621","7680","54301"
"2019-08-17 17:13","ClientCnxn.java","257706","91004","348710"
"2009-06-25 22:41","ClientCnxn.java","59010","8852","67862"
"2015-05-10 00:27","ClientCnxn.java","156209","20091","176300"
"2009-01-16 00:48","ClientCnxn.java","3448","4331","7779"
"2009-01-28 01:15","ClientCnxn.java","3807","4540","8347"
"2017-12-19 19:27","ClientCnxn.java","170843","22899","193742"
"2019-01-31 15:50","ClientCnxn.java","235346","90977","326323"
"2012-08-02 00:24","ClientCnxn.java","117124","17276","134400"
"2019-04-09 15:35","ClientCnxn.java","238542","90983","329525"
"2013-02-03 15:52","ClientCnxn.java","124122","17913","142035"
"2014-12-20 15:29","ClientCnxn.java","153602","20034","173636"
"2012-03-15 18:01","ClientCnxn.java","114561","17103","131664"
"2019-11-08 17:30","ClientCnxn.java","263320","91004","354324"
"2017-06-08 17:59","ClientCnxn.java","166428","22774","189202"
"2012-09-09 20:24","ClientCnxn.java","117872","17285","135157"
"2019-01-16 14:21","ClientCnxn.java","233659","90977","324636"
"2019-01-07 14:24","ClientCnxn.java","232509","90977","323486"
"2009-06-25 00:59","ClientCnxn.java","58941","8874","67815"
"2019-03-06 03:32","ClientCnxn.java","237470","90983","328453"
"2010-11-11 18:11","ClientCnxn.java","141676","13507","155183"
"2010-11-10 23:36","ClientCnxn.java","141637","13464","155101"
"2011-09-14 07:43","ClientCnxn.java","109951","12608","122559"
"2011-08-19 00:05","ClientCnxn.java","107655","12532","120187"
"2015-02-06 06:17","ClientCnxn.java","153833","20059","173892"
"2019-02-07 11:26","ClientCnxn.java","236011","90977","326988"
"2018-11-05 19:40","ClientCnxn.java","243080","69679","312759"
"2011-04-12 09:14","ClientCnxn.java","102199","14024","116223"
"2010-10-06 18:14","ClientCnxn.java","138588","13133","151721"
"2010-11-30 21:16","ClientCnxn.java","142144","13604","155748"
"2020-05-17 15:13","ClientCnxn.java","272108","91461","363569"
"2018-06-25 12:30","ClientCnxn.java","174494","23024","197518"
"2012-12-19 19:16","ClientCnxn.java","123590","17874","141464"
"2020-03-03 03:12","ClientCnxn.java","269897","91460","361357"
"2018-09-10 11:44","ClientCnxn.java","210082","55427","265509"
"2011-09-28 22:17","ClientCnxn.java","110564","15168","125732"
"2015-06-13 02:42","ClientCnxn.java","157724","20144","177868"
"2010-10-21 02:44","ClientCnxn.java","140304","13198","153502"
"2010-08-05 09:09","ClientCnxn.java","104767","12773","117540"
"2011-05-20 01:17","ClientCnxn.java","103043","14049","117092"
"2014-03-23 04:12","ClientCnxn.java","138103","18461","156564"
"2015-11-09 00:05","ClientCnxn.java","159250","20178","179428"
"2015-12-06 19:58","ClientCnxn.java","159564","20187","179751"
"2020-01-21 17:53","ClientCnxn.java","266158","91460","357618"
"2015-12-05 22:43","ClientCnxn.java","159561","20187","179748"
"2015-12-05 22:32","ClientCnxn.java","159556","20187","179743"
"2010-03-04 02:28","ClientCnxn.java","82441","11776","94217"
"2010-01-25 04:28","ClientCnxn.java","79118","11521","90639"
"2019-10-10 14:37","ClientCnxn.java","261459","91004","352463"
"2014-04-01 04:03","ClientCnxn.java","139020","18535","157555"
"2013-09-18 15:14","ClientCnxn.java","130541","18250","148791"
"2013-09-18 04:08","ClientCnxn.java","130437","18250","148687"
"2019-11-21 05:58","ClientCnxn.java","261329","91460","352789"
"2020-04-16 12:50","ClientCnxn.java","271736","91460","363196"
"2018-07-27 05:16","ClientCnxn.java","181829","29207","211036"
"2010-01-26 03:22","ClientCnxn.java","79734","11589","91323"
"2009-10-31 00:09","ClientCnxn.java","66190","10509","76699"
"2009-11-07 01:48","ClientCnxn.java","66788","10702","77490"
"2010-01-05 18:32","ClientCnxn.java","76018","11287","87305"
"2012-02-06 11:13","OpResult.java","16020","8105","24125"
"2019-06-26 10:57","OpResult.java","244754","183022","427776"
"2019-08-17 17:13","OpResult.java","256904","183022","439926"
"2012-12-19 19:16","OpResult.java","29692","12314","42006"
"2020-02-26 22:41","NettyServerCnxnFactory.java","16890","9989","26879"
"2019-11-14 03:54","NettyServerCnxnFactory.java","4569","313","4882"
"2019-11-23 17:08","NettyServerCnxnFactory.java","6499","5551","12050"
"2019-08-17 17:13","CommandResponse.java","256151","210259","466410"
"2019-08-17 17:13","ConfigUtilsTest.java","112838","108278","221116"
"2019-08-17 17:13","ClientBase.java","25455","24762","50217"
"2019-11-14 16:44","ClientBase.java","36449","27729","64178"
"2019-10-10 14:37","ClientBase.java","31893","27447","59340"
"2019-08-17 17:13","CreateMode.java","255234","223799","479033"
"2019-08-17 17:13","DisconnectableZooKeeper.java","256985","187413","444398"
"2019-04-12 19:01","WatchManager.java","2851","752","3603"
"2019-11-08 17:30","WatchManager.java","58223","32317","90540"
"2019-08-17 17:13","WatchManager.java","50361","30069","80430"
"2019-01-23 14:00","NettyServerCnxn.java","1523","88","1611"
"2019-02-18 17:05","NettyServerCnxn.java","4678","711","5389"
"2019-02-12 15:25","NettyServerCnxn.java","4058","525","4583"
"2019-04-12 19:01","NettyServerCnxn.java","7832","1317","9149"
"2019-08-17 17:13","NettyServerCnxn.java","54619","29911","84530"
"2019-07-03 00:44","NettyServerCnxn.java","18299","5578","23877"
"2019-11-23 17:08","NettyServerCnxn.java","66536","37127","103663"
"2019-07-23 15:55","NettyServerCnxn.java","27659","6943","34602"
"2019-05-06 18:32","NettyServerCnxn.java","10683","1621","12304"
"2019-04-22 19:15","NettyServerCnxn.java","8829","1339","10168"
"2019-08-03 08:42","NettyServerCnxn.java","34132","8716","42848"
"2019-11-18 09:05","NettyServerCnxn.java","64796","36944","101740"
"2019-11-21 05:58","NettyServerCnxn.java","64829","36954","101783"
"2019-09-16 23:26","NettyServerCnxn.java","58873","31146","90019"
"2019-10-10 14:37","NettyServerCnxn.java","60370","31909","92279"
"2015-02-06 06:17","WorkerService.java","24402","10270","34672"
"2018-07-27 05:13","WorkerService.java","75515","42833","118348"
"2019-06-03 19:40","WorkerService.java","241622","201018","442640"
"2019-08-17 17:13","WorkerService.java","256291","201018","457309"
"2019-02-07 11:26","PrepRequestProcessor.java","233465","223797","457262"
"2019-09-11 10:27","PrepRequestProcessor.java","256606","223914","480520"
"2018-07-19 05:59","PrepRequestProcessor.java","33378","24647","58025"
"2017-09-11 18:55","PrepRequestProcessor.java","2615","2151","4766"
"2019-01-16 14:21","PrepRequestProcessor.java","231112","223796","454908"
"2019-11-08 17:30","PrepRequestProcessor.java","260912","223962","484874"
"2019-04-09 15:35","PrepRequestProcessor.java","236013","223820","459833"
"2019-04-17 14:16","PrepRequestProcessor.java","237303","223895","461198"
"2019-05-10 12:22","PrepRequestProcessor.java","239738","223895","463633"
"2017-06-26 00:16","PrepRequestProcessor.java","590","312","902"
"2019-02-07 11:22","PrepRequestProcessor.java","233127","223797","456924"
"2019-08-01 07:31","PrepRequestProcessor.java","255921","223914","479835"
"2019-06-26 10:57","PrepRequestProcessor.java","243099","223913","467012"
"2019-08-17 17:13","PrepRequestProcessor.java","255250","223914","479164"
"2018-08-08 06:21","PrepRequestProcessor.java","82796","72585","155381"
"2018-05-09 23:57","PrepRequestProcessor.java","10677","3652","14329"
"2019-12-27 22:33","PrepRequestProcessor.java","265554","225540","491094"
"2019-10-10 14:37","PrepRequestProcessor.java","259003","223914","482917"
"2020-03-25 03:38","PrepRequestProcessor.java","269662","225541","495203"
"2018-06-15 07:41","PrepRequestProcessor.java","11676","3899","15575"
"2020-03-19 17:09","Learner.java","269704","198267","467971"
"2020-02-03 04:30","Learner.java","268199","198267","466466"
"2020-01-23 13:43","Learner.java","267642","198267","465909"
"2017-07-04 07:39","Learner.java","50475","21852","72327"
"2020-03-25 03:38","Learner.java","270500","198267","468767"
"2015-03-15 08:54","Learner.java","29401","10808","40209"
"2019-11-28 12:24","Learner.java","262621","198267","460888"
"2019-12-27 22:33","Learner.java","266393","198267","464660"
"2020-01-25 18:48","Learner.java","267832","198267","466099"
"2020-05-03 19:43","Learner.java","271436","198267","469703"
"2016-08-13 15:01","Learner.java","42574","16761","59335"
"2013-10-21 23:36","Learner.java","380","17","397"
"2019-10-10 14:37","Learner.java","260120","196919","457039"
"2015-01-25 01:22","Learner.java","28705","10603","39308"
"2019-06-03 19:40","Learner.java","241698","196919","438617"
"2015-03-17 18:06","Learner.java","30466","10937","41403"
"2019-07-15 14:15","Learner.java","251786","196919","448705"
"2019-08-23 19:43","Learner.java","257033","196919","453952"
"2016-09-08 22:59","Learner.java","43124","17063","60187"
"2019-08-17 17:13","Learner.java","256367","196919","453286"
"2017-11-28 00:10","Learner.java","55949","23516","79465"
"2014-03-12 23:57","Learner.java","4555","668","5223"
"2018-05-09 00:54","Learner.java","58693","24132","82825"
"2019-04-09 15:35","Learner.java","237145","196840","433985"
"2019-07-12 17:01","Learner.java","251680","196919","448599"
"2017-07-06 18:48","Learner.java","50755","21860","72615"
"2017-08-18 06:32","Learner.java","51359","22961","74320"
"2019-07-02 07:34","Learner.java","244310","196919","441229"
"2018-10-16 16:22","Learner.java","235269","177424","412693"
"2014-07-18 02:19","Learner.java","23155","9599","32754"
"2017-02-12 00:12","Learner.java","48559","20600","69159"
"2018-12-09 03:16","Learner.java","228925","196819","425744"
"2019-11-29 14:49","Learner.java","264272","198267","462539"
"2018-11-27 10:02","Learner.java","226601","196819","423420"
"2018-08-06 14:11","Learner.java","80768","42809","123577"
"2019-08-17 17:13","ClientCnxnSocketTest.java","67761","36458","104219"
"2010-03-11 04:17","NIOServerCnxn.java","18086","9077","27163"
"2011-05-03 23:29","NIOServerCnxn.java","41370","20857","62227"
"2019-11-21 05:58","NIOServerCnxn.java","261229","159366","420595"
"2015-11-08 22:36","NIOServerCnxn.java","106306","31903","138209"
"2019-11-18 09:05","NIOServerCnxn.java","261206","159366","420572"
"2013-09-10 00:37","NIOServerCnxn.java","76206","28743","104949"
"2019-09-16 23:26","NIOServerCnxn.java","260052","158337","418389"
"2019-10-10 14:37","NIOServerCnxn.java","260786","158337","419123"
"2013-10-05 00:57","NIOServerCnxn.java","77107","28890","105997"
"2018-09-28 23:38","NIOServerCnxn.java","192464","97584","290048"
"2010-08-18 08:24","NIOServerCnxn.java","44463","15339","59802"
"2010-05-04 23:45","NIOServerCnxn.java","22892","13482","36374"
"2010-03-09 03:00","NIOServerCnxn.java","17269","8880","26149"
"2020-02-11 06:50","NIOServerCnxn.java","268581","159366","427947"
"2019-01-23 14:00","NIOServerCnxn.java","233703","158280","391983"
"2019-07-08 23:26","NIOServerCnxn.java","245809","158337","404146"
"2019-04-12 19:01","NIOServerCnxn.java","238841","158338","397179"
"2019-01-14 19:38","NIOServerCnxn.java","232267","158279","390546"
"2018-11-17 18:33","NIOServerCnxn.java","225050","158279","383329"
"2017-03-04 19:22","NIOServerCnxn.java","114789","35487","150276"
"2011-08-19 00:05","NIOServerCnxn.java","50395","19862","70257"
"2013-12-11 19:22","NIOServerCnxn.java","81368","29097","110465"
"2012-02-11 00:34","NIOServerCnxn.java","57000","25296","82296"
"2016-12-22 23:23","NIOServerCnxn.java","115649","34357","150006"
"2018-09-18 01:00","NIOServerCnxn.java","189743","97437","287180"
"2019-08-17 17:13","NIOServerCnxn.java","257033","158337","415370"
"2015-06-28 21:09","NIOServerCnxn.java","104895","31800","136695"
"2015-03-28 20:08","NIOServerCnxn.java","102990","31595","134585"
"2019-07-03 00:44","NIOServerCnxn.java","245046","158337","403383"
"2019-08-03 08:42","NIOServerCnxn.java","257741","158337","416078"
"2016-11-16 06:21","NIOServerCnxn.java","114602","34011","148613"
"2012-12-19 19:07","NIOServerCnxn.java","68306","28061","96367"
"2009-05-20 20:48","ProposalRequestProcessor.java","67300","10098","77398"
"2009-06-18 18:37","ProposalRequestProcessor.java","72053","10597","82650"
"2019-08-17 17:13","ProposalRequestProcessor.java","257710","72747","330457"
"2010-08-18 08:24","ProposalRequestProcessor.java","129577","14186","143763"
"2012-03-15 17:47","ProposalRequestProcessor.java","127751","16933","144684"
"2011-10-20 20:02","ProposalRequestProcessor.java","123704","16664","140368"
"2020-02-16 10:25","LearnerTest.java","268234","204982","473216"
"2020-01-28 17:26","LearnerTest.java","267992","204982","472974"
"2015-03-15 08:54","LearnerTest.java","14766","3009","17775"
"2015-12-06 21:30","LearnerTest.java","22714","5603","28317"
"2019-08-17 17:13","LearnerTest.java","256155","203543","459698"
"2019-07-12 17:01","LearnerTest.java","251468","203543","455011"
"2019-02-13 13:12","LearnerTest.java","235012","203454","438466"
"2019-11-29 14:49","LearnerTest.java","264151","204982","469133"
"2019-12-27 22:33","LogChopper.java","4647","875","5522"
"2014-06-25 15:04","FastLeaderElection.java","16182","8292","24474"
"2018-12-06 10:56","FastLeaderElection.java","226794","197181","423975"
"2014-07-08 05:25","FastLeaderElection.java","18764","9238","28002"
"2014-07-18 20:48","FastLeaderElection.java","23456","9804","33260"
"2014-03-23 04:12","FastLeaderElection.java","4556","744","5300"
"2019-10-10 14:37","FastLeaderElection.java","260119","197281","457400"
"2019-09-30 23:22","FastLeaderElection.java","259746","197281","457027"
"2014-07-20 04:50","FastLeaderElection.java","23557","9843","33400"
"2020-04-07 09:07","FastLeaderElection.java","271089","198630","469719"
"2019-01-18 03:42","FastLeaderElection.java","232293","197183","429476"
"2017-09-11 18:55","FastLeaderElection.java","51338","23125","74463"
"2018-08-29 06:26","FastLeaderElection.java","145171","106675","251846"
"2015-02-06 06:17","FastLeaderElection.java","28665","10721","39386"
"2018-04-30 06:34","FastLeaderElection.java","58356","24161","82517"
"2019-08-17 17:13","FastLeaderElection.java","256366","197281","453647"
"2019-08-02 20:08","FastLeaderElection.java","257147","197281","454428"
"2017-01-13 19:29","FastLeaderElection.java","48663","18110","66773"
"2019-08-03 08:42","FastLeaderElection.java","257074","197281","454355"
"2019-11-29 14:49","QuorumCnxManager.java","264337","181342","445679"
"2013-03-07 07:01","QuorumCnxManager.java","15174","3379","18553"
"2018-07-11 06:04","QuorumCnxManager.java","85603","32427","118030"
"2018-08-06 14:11","QuorumCnxManager.java","97684","42735","140419"
"2018-10-16 16:22","QuorumCnxManager.java","235666","160831","396497"
"2019-06-14 09:06","QuorumCnxManager.java","244466","180030","424496"
"2019-08-03 08:42","QuorumCnxManager.java","257176","180030","437206"
"2019-11-13 20:41","QuorumCnxManager.java","264215","180058","444273"
"2019-04-09 16:08","QuorumCnxManager.java","237250","179956","417206"
"2019-08-06 12:52","QuorumCnxManager.java","257441","180030","437471"
"2017-02-09 11:40","QuorumCnxManager.java","67869","19670","87539"
"2019-05-20 23:13","QuorumCnxManager.java","241324","180014","421338"
"2015-04-09 20:16","QuorumCnxManager.java","50968","13386","64354"
"2017-08-23 02:16","QuorumCnxManager.java","68924","23421","92345"
"2019-07-27 20:04","QuorumCnxManager.java","252999","180030","433029"
"2015-05-29 23:46","QuorumCnxManager.java","51686","13588","65274"
"2015-05-14 07:10","QuorumCnxManager.java","51302","13500","64802"
"2020-03-12 14:47","QuorumCnxManager.java","269723","181342","451065"
"2019-08-17 17:13","QuorumCnxManager.java","256468","180030","436498"
"2017-11-28 00:10","QuorumCnxManager.java","73275","23852","97127"
"2019-10-10 14:37","QuorumCnxManager.java","260221","180030","440251"
"2014-07-23 19:36","QuorumCnxManager.java","43678","12529","56207"
"2017-06-09 18:37","QuorumCnxManager.java","68000","22793","90793"
"2020-01-23 13:43","QuorumCnxManager.java","267707","181342","449049"
"2014-03-23 04:12","QuorumCnxManager.java","26098","4933","31031"
"2014-07-08 05:25","QuorumCnxManager.java","39082","12203","51285"
"2019-11-28 12:24","QuorumCnxManager.java","262686","181342","444028"
"2014-06-25 15:04","QuorumCnxManager.java","36885","11642","48527"
"2016-06-08 17:43","QuorumCnxManager.java","59628","17998","77626"
"2020-03-23 16:20","QuorumCnxManager.java","269894","181342","451236"
"2020-02-16 10:25","QuorumCnxManager.java","268420","181342","449762"
"2014-07-22 06:45","QuorumCnxManager.java","43601","12527","56128"
"2018-07-27 12:32","QuorumCnxManager.java","97034","42697","139731"
"2019-08-17 17:13","Leader.java","256906","180329","437235"
"2019-06-29 00:33","Leader.java","244893","180329","425222"
"2019-06-03 19:40","Leader.java","242237","180329","422566"
"2014-05-20 23:42","Leader.java","57108","19999","77107"
"2019-07-15 14:15","Leader.java","252325","180329","432654"
"2015-03-17 18:06","Leader.java","70497","21151","91648"
"2019-07-25 21:41","Leader.java","253389","180329","433718"
"2018-05-10 06:00","Leader.java","93812","28573","122385"
"2018-07-12 01:33","Leader.java","102459","36287","138746"
"2018-02-07 01:05","Leader.java","91511","28406","119917"
"2017-11-28 00:10","Leader.java","90410","28160","118570"
"2019-06-05 00:33","Leader.java","242627","180329","422956"
"2015-04-10 22:22","Leader.java","71581","21167","92748"
"2019-08-03 08:42","Leader.java","257614","180329","437943"
"2019-06-05 23:57","Leader.java","242896","180329","423225"
"2012-12-08 00:38","Leader.java","29516","11527","41043"
"2013-10-07 21:08","Leader.java","40803","13365","54168"
"2012-12-31 02:38","Leader.java","32495","12385","44880"
"2017-01-13 19:29","Leader.java","86048","25315","111363"
"2012-07-05 18:01","Leader.java","23767","10704","34471"
"2019-01-07 14:55","Leader.java","231731","180263","411994"
"2019-04-12 19:01","Leader.java","238714","180330","419044"
"2018-12-09 03:16","Leader.java","229498","180263","409761"
"2018-08-17 14:40","Leader.java","155301","86833","242134"
"2019-11-29 14:49","Leader.java","264561","181427","445988"
"2013-03-07 07:01","Leader.java","37540","12918","50458"
"2018-11-27 10:02","Leader.java","227174","180263","407437"
"2015-02-06 06:17","Leader.java","69128","21004","90132"
"2012-02-27 03:41","Leader.java","18927","8228","27155"
"2017-02-15 23:04","Leader.java","84722","26945","111667"
"2014-07-18 02:19","Leader.java","64029","20656","84685"
"2012-01-04 01:15","Leader.java","17629","7808","25437"
"2011-12-28 01:26","Leader.java","17397","7729","25126"
"2018-08-29 06:26","Leader.java","171114","102438","273552"
"2018-08-03 18:52","Leader.java","113181","45511","158692"
"2013-05-14 14:27","Leader.java","37696","12949","50645"
"2012-02-06 09:40","Leader.java","18342","7884","26226"
"2017-09-11 18:55","Leader.java","86426","28033","114459"
"2018-09-18 01:00","Leader.java","178757","107511","286268"
"2011-10-20 20:02","Leader.java","14360","6460","20820"
"2012-01-14 00:28","Leader.java","17731","7812","25543"
"2012-01-06 02:32","Leader.java","17631","7809","25440"
"2012-03-15 17:47","Leader.java","19936","8258","28194"
"2011-09-22 07:42","Leader.java","14448","4756","19204"
"2016-12-20 14:47","Leader.java","85180","25289","110469"
"2014-07-20 04:50","Leader.java","64615","20721","85336"
"2014-06-10 00:19","Leader.java","58052","20009","78061"
"2016-06-23 23:25","Leader.java","79045","24218","103263"
"2016-06-23 23:45","Leader.java","79152","24217","103369"
"2020-03-25 03:38","Leader.java","270789","181427","452216"
"2014-03-23 04:12","Leader.java","47938","13946","61884"
"2019-12-27 22:33","Leader.java","266682","181427","448109"
"2016-08-13 15:01","Leader.java","80118","24488","104606"
"2013-10-21 23:36","Leader.java","43743","13563","57306"
"2019-10-10 14:37","Leader.java","260659","180329","440988"
"2013-11-07 06:41","Leader.java","44203","13592","57795"
"2019-07-17 13:42","QuorumQuotaTest.java","253263","142128","395391"
"2010-03-31 06:26","QuorumQuotaTest.java","40896","14564","55460"
"2019-08-17 17:13","QuorumQuotaTest.java","257499","142128","399627"
"2019-12-28 16:17","SetAclCommand.java","266051","223432","489483"
"2018-10-04 15:46","SetAclCommand.java","127409","108771","236180"
"2017-05-27 00:52","SetAclCommand.java","9371","6695","16066"
"2019-01-31 15:55","SetAclCommand.java","233428","221735","455163"
"2019-08-17 17:13","SetAclCommand.java","255887","221853","477740"
"2013-12-16 05:18","NettyServerCnxnFactory.java","4593","534","5127"
"2016-06-23 23:45","NettyServerCnxnFactory.java","44299","16521","60820"
"2020-02-26 22:41","NettyServerCnxnFactory.java","268369","195607","463976"
"2019-10-10 14:37","NettyServerCnxnFactory.java","260120","194259","454379"
"2019-09-10 18:50","NettyServerCnxnFactory.java","257484","194259","451743"
"2019-11-14 03:54","NettyServerCnxnFactory.java","264404","194287","458691"
"2019-02-12 15:25","NettyServerCnxnFactory.java","235095","194162","429257"
"2018-10-16 16:22","NettyServerCnxnFactory.java","235275","174770","410045"
"2019-02-15 15:36","NettyServerCnxnFactory.java","235526","194178","429704"
"2019-04-12 19:01","NettyServerCnxnFactory.java","238158","194243","432401"
"2018-11-22 17:56","NettyServerCnxnFactory.java","224964","194159","419123"
"2018-09-22 06:48","NettyServerCnxnFactory.java","155934","111776","267710"
"2018-12-15 07:34","NettyServerCnxnFactory.java","228840","194159","422999"
"2014-07-18 02:19","NettyServerCnxnFactory.java","26083","9867","35950"
"2019-02-13 13:12","NettyServerCnxnFactory.java","235234","194180","429414"
"2019-08-17 17:13","NettyServerCnxnFactory.java","256367","194259","450626"
"2015-03-17 18:06","NettyServerCnxnFactory.java","33369","11180","44549"
"2015-03-28 20:08","NettyServerCnxnFactory.java","34392","11214","45606"
"2019-11-23 17:08","NettyServerCnxnFactory.java","262416","195607","458023"
"2019-07-03 00:44","NettyServerCnxnFactory.java","244380","194259","438639"
"2019-06-05 00:29","NettyServerCnxnFactory.java","242034","194259","436293"
"2019-07-23 15:55","NettyServerCnxnFactory.java","252375","194259","446634"
"2014-09-28 19:15","NettyServerCnxnFactory.java","29433","10619","40052"
"2019-06-24 11:05","NettyServerCnxnFactory.java","243700","194259","437959"
"2015-01-30 03:23","NettyServerCnxnFactory.java","31640","10879","42519"
"2019-08-03 08:42","NettyServerCnxnFactory.java","257075","194259","451334"
"2009-01-15 23:57","QuorumStats.java","39154","7050","46204"
"2019-08-17 17:13","QuorumStats.java","257842","58134","315976"
"2020-03-25 03:38","ZooKeeperServerBean.java","14819","10043","24862"
"2020-04-30 18:53","ZooKeeperServerBean.java","16441","10765","27206"
"2019-04-12 19:01","QuorumPeerConfig.java","16817","7583","24400"
"2019-02-13 13:12","QuorumPeerConfig.java","13366","6993","20359"
"2019-08-17 17:13","QuorumPeerConfig.java","63127","35700","98827"
"2019-06-05 00:29","QuorumPeerConfig.java","21508","8414","29922"
"2020-01-09 11:27","QuorumPeerConfig.java","79647","44117","123764"
"2019-07-12 17:01","QuorumPeerConfig.java","35298","12558","47856"
"2019-05-15 11:56","QuorumPeerConfig.java","20136","7955","28091"
"2020-01-23 13:43","QuorumPeerConfig.java","81718","44364","126082"
"2019-10-10 14:37","QuorumPeerConfig.java","68872","37692","106564"
"2019-04-18 19:17","QuorumPeerConfig.java","17549","7605","25154"
"2020-02-16 10:25","QuorumPeerConfig.java","82559","44492","127051"
"2020-05-14 18:18","QuorumPeerConfig.java","89325","48033","137358"
"2019-09-11 10:27","SerializeUtils.java","257762","191763","449525"
"2019-08-17 17:13","SerializeUtils.java","256406","191763","448169"
"2015-06-04 19:51","SerializeUtils.java","39784","12726","52510"
"2016-10-07 21:51","SerializeUtils.java","50510","18401","68911"
"2018-02-07 01:05","SerializeUtils.java","63319","24836","88155"
"2019-12-27 22:33","SerializeUtils.java","266430","193109","459539"
"2019-12-27 22:33","QuorumPeerTestBase.java","265575","224947","490522"
"2019-10-10 14:37","QuorumPeerTestBase.java","259063","223360","482423"
"2019-07-12 17:01","QuorumPeerTestBase.java","250623","223360","473983"
"2017-01-13 19:29","QuorumPeerTestBase.java","4617","1199","5816"
"2019-08-17 17:13","QuorumPeerTestBase.java","255310","223360","478670"
"2017-11-28 00:10","QuorumPeerTestBase.java","13416","8481","21897"
"2017-12-16 01:25","QuorumPeerTestBase.java","13896","8917","22813"
"2018-10-12 10:25","QuorumPeerTestBase.java","229134","201749","430883"
"2011-11-05 21:57","Learner.java","3327","6610","9937"
"2020-03-19 17:09","Learner.java","269960","180755","450715"
"2013-10-09 22:21","Learner.java","32026","14258","46284"
"2020-02-03 04:30","Learner.java","268455","180755","449210"
"2020-01-23 13:43","Learner.java","267898","180755","448653"
"2017-07-04 07:39","Learner.java","77049","30658","107707"
"2020-03-25 03:38","Learner.java","270756","180755","451511"
"2015-03-15 08:54","Learner.java","58361","22000","80361"
"2019-11-28 12:24","Learner.java","262877","180755","443632"
"2019-12-27 22:33","Learner.java","266649","180755","447404"
"2020-01-25 18:48","Learner.java","268088","180755","448843"
"2020-05-03 19:43","Learner.java","271692","180755","452447"
"2016-08-13 15:01","Learner.java","70316","26735","97051"
"2013-10-21 23:36","Learner.java","32398","14267","46665"
"2019-10-10 14:37","Learner.java","260514","179545","440059"
"2015-01-25 01:22","Learner.java","57736","21866","79602"
"2019-06-03 19:40","Learner.java","242092","179545","421637"
"2015-03-17 18:06","Learner.java","59390","22093","81483"
"2019-07-15 14:15","Learner.java","252180","179545","431725"
"2019-08-23 19:43","Learner.java","257427","179545","436972"
"2016-09-08 22:59","Learner.java","70813","26984","97797"
"2019-08-17 17:13","Learner.java","256761","179545","436306"
"2017-11-28 00:10","Learner.java","82015","31814","113829"
"2014-03-12 23:57","Learner.java","36310","14655","50965"
"2018-05-09 00:54","Learner.java","84580","32251","116831"
"2019-04-09 15:35","Learner.java","237571","179498","417069"
"2019-07-12 17:01","Learner.java","252074","179545","431619"
"2017-07-06 18:48","Learner.java","77328","30665","107993"
"2013-10-07 21:08","Learner.java","29469","14080","43549"
"2017-08-18 06:32","Learner.java","77551","31385","108936"
"2019-07-02 07:34","Learner.java","244704","179545","424249"
"2018-10-16 16:22","Learner.java","236332","160719","397051"
"2012-01-31 07:45","Learner.java","5615","7605","13220"
"2014-07-18 02:19","Learner.java","52831","21507","74338"
"2017-02-12 00:12","Learner.java","75275","29548","104823"
"2018-12-09 03:16","Learner.java","229360","179486","408846"
"2013-03-07 07:01","Learner.java","26075","13502","39577"
"2019-11-29 14:49","Learner.java","264528","180755","445283"
"2018-11-27 10:02","Learner.java","227036","179486","406522"
"2018-08-06 14:11","Learner.java","106024","50297","156321"
"2019-06-03 19:40","FollowerZooKeeperServer.java","243018","101490","344508"
"2009-05-20 20:48","FollowerZooKeeperServer.java","32013","3577","35590"
"2019-08-17 17:13","FollowerZooKeeperServer.java","257687","101490","359177"
"2009-05-20 22:16","FollowerZooKeeperServer.java","32139","3635","35774"
"2019-05-03 00:44","FollowerZooKeeperServer.java","241685","101491","343176"
"2019-06-04 10:55","FollowerZooKeeperServer.java","243171","101490","344661"
"2018-08-06 14:11","FollowerZooKeeperServer.java","177305","33777","211082"
"2018-12-09 03:16","FollowerZooKeeperServer.java","230318","101463","331781"
"2018-11-21 17:56","FollowerZooKeeperServer.java","225750","101463","327213"
"2011-10-20 20:02","FollowerZooKeeperServer.java","103965","20313","124278"
"2011-04-12 09:14","FollowerZooKeeperServer.java","95404","17734","113138"
"2010-08-18 08:24","FollowerZooKeeperServer.java","100784","14159","114943"
"2019-11-28 12:24","FollowerZooKeeperServer.java","263051","101948","364999"
"2019-12-27 22:33","FollowerZooKeeperServer.java","266823","101948","368771"
"2009-10-30 17:19","FollowerZooKeeperServer.java","52275","7949","60224"
"2009-12-18 03:19","FollowerZooKeeperServer.java","63355","9304","72659"
"2020-03-12 14:47","CnxManagerTest.java","66978","39537","106515"
"2019-08-17 17:13","CnxManagerTest.java","45184","29686","74870"
"2019-06-03 19:40","CnxManagerTest.java","1256","427","1683"
"2019-07-12 17:01","CnxManagerTest.java","15903","5092","20995"
"2019-08-06 12:52","CnxManagerTest.java","23773","7302","31075"
"2019-06-14 09:06","CnxManagerTest.java","4754","1258","6012"
"2019-11-29 14:49","CnxManagerTest.java","59884","37829","97713"
"2020-02-16 10:25","CnxManagerTest.java","65586","39448","105034"
"2019-10-10 14:37","CnxManagerTest.java","51320","32069","83389"
"2018-12-15 07:34","UnifiedServerSocketModeDetectionTest.java","3674","1435","5109"
"2019-08-17 17:13","UnifiedServerSocketModeDetectionTest.java","66092","36426","102518"
"2019-10-10 14:37","UnifiedServerSocketModeDetectionTest.java","71822","38403","110225"
"2019-08-17 17:13","UnifiedServerSocketModeDetectionTest.java","63127","35700","98827"
"2019-10-10 14:37","UnifiedServerSocketModeDetectionTest.java","68872","37692","106564"
"2019-08-17 17:13","JettyAdminServerTest.java","28338","25352","53690"
"2020-05-05 09:18","JettyAdminServerTest.java","55738","38990","94728"
"2019-10-10 14:37","JettyAdminServerTest.java","34559","27820","62379"
"2019-05-16 16:25","QuorumPeer.java","7204","1351","8555"
"2019-06-14 09:06","QuorumPeer.java","11468","2416","13884"
"2019-03-11 19:47","QuorumPeer.java","1359","307","1666"
"2019-04-12 19:01","QuorumPeer.java","3740","879","4619"
"2019-11-29 14:49","QuorumPeer.java","65423","37812","103235"
"2019-06-03 19:40","QuorumPeer.java","8001","1616","9617"
"2019-07-15 14:15","QuorumPeer.java","22682","6209","28891"
"2019-07-03 00:44","QuorumPeer.java","14265","5198","19463"
"2019-08-17 17:13","QuorumPeer.java","51153","30099","81252"
"2019-05-15 11:56","QuorumPeer.java","7136","1328","8464"
"2019-06-05 00:33","QuorumPeer.java","8599","1824","10423"
"2019-05-20 23:13","QuorumPeer.java","7332","1406","8738"
"2019-06-04 10:55","QuorumPeer.java","8296","1758","10054"
"2019-07-12 17:01","QuorumPeer.java","22576","6209","28785"
"2020-01-09 11:27","QuorumPeer.java","68007","38850","106857"
"2019-12-17 13:48","QuorumPeer.java","66018","37835","103853"
"2020-01-23 13:43","QuorumPeer.java","70106","39125","109231"
"2019-10-10 14:37","QuorumPeer.java","56995","32188","89183"
"2019-04-18 19:17","QuorumPeer.java","4472","901","5373"
"2020-02-16 10:25","QuorumPeer.java","70942","39248","110190"
"2019-01-22 06:43","DistributedQueue.java","231113","224175","455288"
"2019-08-03 08:42","DistributedQueue.java","255894","224314","480208"
"2019-10-10 14:37","DistributedQueue.java","258940","224315","483255"
"2019-08-27 09:23","DistributedQueue.java","255779","224314","480093"
"2015-10-18 19:00","QuorumPeer.java","76978","22256","99234"
"2018-12-20 15:13","QuorumPeer.java","230436","178674","409110"
"2019-05-16 16:25","QuorumPeer.java","241732","178741","420473"
"2018-10-16 16:22","QuorumPeer.java","236761","147484","384245"
"2019-06-14 09:06","QuorumPeer.java","244930","178740","423670"
"2018-12-07 12:41","QuorumPeer.java","227450","178674","406124"
"2012-04-23 01:20","QuorumPeer.java","25093","10694","35787"
"2012-07-17 23:19","QuorumPeer.java","25896","10725","36621"
"2019-03-11 19:47","QuorumPeer.java","236878","178688","415566"
"2012-02-27 03:41","QuorumPeer.java","20569","8255","28824"
"2014-07-18 02:19","QuorumPeer.java","65551","20563","86114"
"2019-02-13 13:12","QuorumPeer.java","235825","178687","414512"
"2019-04-12 19:01","QuorumPeer.java","238740","178741","417481"
"2018-12-09 03:16","QuorumPeer.java","229524","178674","408198"
"2018-09-11 15:23","QuorumPeer.java","178733","107127","285860"
"2019-11-29 14:49","QuorumPeer.java","264583","179834","444417"
"2013-03-07 07:01","QuorumPeer.java","39117","12880","51997"
"2018-12-15 07:34","QuorumPeer.java","229439","178674","408113"
"2018-11-27 10:02","QuorumPeer.java","227200","178674","405874"
"2018-09-18 01:00","QuorumPeer.java","180048","107187","287235"
"2012-02-06 09:40","QuorumPeer.java","19986","7913","27899"
"2019-06-03 19:40","QuorumPeer.java","242263","178740","421003"
"2019-07-15 14:15","QuorumPeer.java","252351","178740","431091"
"2015-03-17 18:06","QuorumPeer.java","71987","21026","93013"
"2019-07-03 00:44","QuorumPeer.java","244945","178740","423685"
"2019-08-17 17:13","QuorumPeer.java","256932","178740","435672"
"2015-06-27 02:03","QuorumPeer.java","74933","21283","96216"
"2017-11-28 00:10","QuorumPeer.java","91780","27915","119695"
"2014-01-21 04:50","QuorumPeer.java","47047","13660","60707"
"2014-06-04 22:07","QuorumPeer.java","59107","19919","79026"
"2018-01-30 08:02","QuorumPeer.java","92071","28053","120124"
"2019-05-15 11:56","QuorumPeer.java","241687","178741","420428"
"2019-06-05 00:33","QuorumPeer.java","242653","178740","421393"
"2019-05-20 23:13","QuorumPeer.java","241805","178741","420546"
"2019-06-04 10:55","QuorumPeer.java","242416","178740","421156"
"2019-07-12 17:01","QuorumPeer.java","252245","178740","430985"
"2020-01-09 11:27","QuorumPeer.java","266129","179834","445963"
"2017-02-09 11:40","QuorumPeer.java","87836","25195","113031"
"2011-06-14 07:14","QuorumPeer.java","2034","419","2453"
"2017-07-06 18:48","QuorumPeer.java","87911","27584","115495"
"2018-10-01 06:11","QuorumPeer.java","182782","107342","290124"
"2015-04-09 20:16","QuorumPeer.java","73063","21039","94102"
"2013-10-07 21:08","QuorumPeer.java","42368","13315","55683"
"2013-09-30 22:20","QuorumPeer.java","41795","13173","54968"
"2018-07-04 17:11","QuorumPeer.java","103436","35857","139293"
"2019-12-17 13:48","QuorumPeer.java","265155","179834","444989"
"2015-12-07 05:59","QuorumPeer.java","77883","22403","100286"
"2020-01-23 13:43","QuorumPeer.java","267953","179834","447787"
"2016-06-23 23:45","QuorumPeer.java","80576","24026","104602"
"2011-05-03 19:57","QuorumPeer.java","6","2","8"
"2016-06-23 23:25","QuorumPeer.java","80469","24027","104496"
"2014-03-23 04:12","QuorumPeer.java","49470","13863","63333"
"2013-09-26 00:13","QuorumPeer.java","41532","13154","54686"
"2011-06-17 01:34","QuorumPeer.java","2192","506","2698"
"2011-06-14 14:11","QuorumPeer.java","2062","420","2482"
"2014-07-18 20:48","QuorumPeer.java","66047","20600","86647"
"2014-07-04 04:19","QuorumPeer.java","60779","19948","80727"
"2018-12-06 10:56","QuorumPeer.java","227394","178674","406068"
"2014-06-25 15:04","QuorumPeer.java","59609","19924","79533"
"2014-03-28 01:58","QuorumPeer.java","49901","13876","63777"
"2013-10-21 23:36","QuorumPeer.java","45301","13506","58807"
"2019-10-10 14:37","QuorumPeer.java","260685","178740","439425"
"2013-11-07 06:41","QuorumPeer.java","45757","13531","59288"
"2017-07-27 23:09","QuorumPeer.java","86933","27592","114525"
"2014-05-18 05:49","QuorumPeer.java","58603","19904","78507"
"2011-10-25 08:09","QuorumPeer.java","16384","6815","23199"
"2014-03-25 22:13","QuorumPeer.java","49716","13873","63589"
"2011-11-01 08:15","QuorumPeer.java","16778","7020","23798"
"2018-06-26 11:18","QuorumPeer.java","95850","28289","124139"
"2018-07-27 12:32","QuorumPeer.java","113964","45185","159149"
"2019-04-18 19:17","QuorumPeer.java","239450","178741","418191"
"2011-10-27 23:25","QuorumPeer.java","16622","6893","23515"
"2011-08-30 08:37","QuorumPeer.java","14156","1701","15857"
"2011-08-30 08:29","QuorumPeer.java","14138","1695","15833"
"2013-10-09 22:21","QuorumPeer.java","44932","13500","58432"
"2016-12-20 14:47","QuorumPeer.java","86597","25091","111688"
"2011-05-20 01:17","QuorumPeer.java","554","70","624"
"2017-05-11 16:59","QuorumPeer.java","86970","27510","114480"
"2014-07-03 06:01","QuorumPeer.java","60356","19947","80303"
"2014-08-14 08:08","QuorumPeer.java","66995","20687","87682"
"2014-08-01 07:38","QuorumPeer.java","66575","20688","87263"
"2014-07-20 04:50","QuorumPeer.java","66131","20622","86753"
"2016-06-02 00:59","QuorumPeer.java","80086","24013","104099"
"2020-02-16 10:25","QuorumPeer.java","268666","179834","448500"
"2019-09-30 22:26","ClientCanonicalizeTest.java","5847","2482","8329"
"2011-11-05 21:57","Zab1_0Test.java","2287","3213","5500"
"2011-11-05 07:29","Zab1_0Test.java","1990","3183","5173"
"2013-09-26 14:05","Zab1_0Test.java","27854","10632","38486"
"2014-05-09 23:37","Zab1_0Test.java","44312","17351","61663"
"2017-01-07 01:09","Zab1_0Test.java","75402","24564","99966"
"2015-12-06 21:30","Zab1_0Test.java","64521","20449","84970"
"2019-12-17 13:48","Zab1_0Test.java","265100","178398","443498"
"2013-11-19 02:03","Zab1_0Test.java","32038","11071","43109"
"2015-07-07 07:11","Zab1_0Test.java","62715","20194","82909"
"2019-12-27 22:33","Zab1_0Test.java","266649","178398","445047"
"2013-10-24 20:41","Zab1_0Test.java","31878","11049","42927"
"2019-10-10 14:37","Zab1_0Test.java","260495","177169","437664"
"2013-11-07 06:41","Zab1_0Test.java","31971","11052","43023"
"2015-05-14 18:40","Zab1_0Test.java","60212","18991","79203"
"2019-08-17 17:13","Zab1_0Test.java","256742","177169","433911"
"2019-06-03 19:40","Zab1_0Test.java","242073","177169","419242"
"2018-05-10 06:00","Zab1_0Test.java","84780","29233","114013"
"2017-11-28 00:10","Zab1_0Test.java","81253","28695","109948"
"2013-10-07 21:08","Zab1_0Test.java","28537","10791","39328"
"2012-12-31 02:38","Zab1_0Test.java","19573","9155","28728"
"2017-08-18 06:32","Zab1_0Test.java","76786","28263","105049"
"2012-08-01 17:53","Zab1_0Test.java","11852","7339","19191"
"2012-07-05 18:01","Zab1_0Test.java","10651","7280","17931"
"2013-03-07 07:01","Zab1_0Test.java","25116","10186","35302"
"2012-12-13 08:25","Zab1_0Test.java","17077","8599","25676"
"2012-01-31 07:45","Zab1_0Test.java","4579","4212","8791"
"2012-01-04 01:15","Zab1_0Test.java","4274","4145","8419"
"2017-02-12 00:12","Zab1_0Test.java","74463","26379","100842"
"2011-12-09 20:03","Zab1_0Test.java","2777","3236","6013"
"2013-09-18 12:58","ClientCnxn.java","128232","15204","143436"
"2015-01-31 08:05","ClientCnxn.java","151378","17044","168422"
"2016-05-02 18:15","ClientCnxn.java","159017","18647","177664"
"2014-01-24 07:18","ClientCnxn.java","135071","15311","150382"
"2009-07-17 00:09","ClientCnxn.java","57438","5419","62857"
"2009-05-20 20:48","ClientCnxn.java","43394","3720","47114"
"2019-08-17 17:13","ClientCnxn.java","257702","90267","347969"
"2009-06-25 22:41","ClientCnxn.java","56142","5251","61393"
"2015-05-10 00:27","ClientCnxn.java","153972","17099","171071"
"2017-12-19 19:27","ClientCnxn.java","168679","19980","188659"
"2019-01-31 15:50","ClientCnxn.java","235342","90240","325582"
"2012-08-02 00:24","ClientCnxn.java","114809","14206","129015"
"2019-04-09 15:35","ClientCnxn.java","238538","90246","328784"
"2013-02-03 15:52","ClientCnxn.java","121804","14840","136644"
"2014-12-20 15:29","ClientCnxn.java","151357","17034","168391"
"2012-03-15 18:01","ClientCnxn.java","112244","14031","126275"
"2019-11-08 17:30","ClientCnxn.java","263316","90267","353583"
"2017-06-08 17:59","ClientCnxn.java","164256","19847","184103"
"2012-09-09 20:24","ClientCnxn.java","115557","14215","129772"
"2019-01-16 14:21","ClientCnxn.java","233655","90240","323895"
"2019-01-07 14:24","ClientCnxn.java","232505","90240","322745"
"2009-06-25 00:59","ClientCnxn.java","56045","5245","61290"
"2019-03-06 03:32","ClientCnxn.java","237466","90246","327712"
"2010-11-11 18:11","ClientCnxn.java","139286","10384","149670"
"2010-11-10 23:36","ClientCnxn.java","139246","10340","149586"
"2011-09-14 07:43","ClientCnxn.java","107598","9500","117098"
"2011-08-19 00:05","ClientCnxn.java","105293","9415","114708"
"2015-02-06 06:17","ClientCnxn.java","151589","17060","168649"
"2019-02-07 11:26","ClientCnxn.java","236007","90240","326247"
"2018-11-05 19:40","ClientCnxn.java","243031","68875","311906"
"2011-04-12 09:14","ClientCnxn.java","99819","10911","110730"
"2010-10-06 18:14","ClientCnxn.java","136161","9973","146134"
"2010-11-30 21:16","ClientCnxn.java","139755","10482","150237"
"2020-05-17 15:13","ClientCnxn.java","272104","90724","362828"
"2018-06-25 12:30","ClientCnxn.java","172332","20107","192439"
"2012-12-19 19:16","ClientCnxn.java","121271","14800","136071"
"2020-03-03 03:12","ClientCnxn.java","269893","90723","360616"
"2018-09-10 11:44","ClientCnxn.java","208295","52885","261180"
"2011-09-28 22:17","ClientCnxn.java","108214","12063","120277"
"2015-06-13 02:42","ClientCnxn.java","155488","17153","172641"
"2010-10-21 02:44","ClientCnxn.java","137911","10072","147983"
"2010-08-05 09:09","ClientCnxn.java","102321","9594","111915"
"2011-05-20 01:17","ClientCnxn.java","100669","10942","111611"
"2014-03-23 04:12","ClientCnxn.java","135824","15427","151251"
"2015-11-09 00:05","ClientCnxn.java","157017","17190","174207"
"2015-12-06 19:58","ClientCnxn.java","157354","17222","174576"
"2020-01-21 17:53","ClientCnxn.java","266154","90723","356877"
"2015-12-05 22:43","ClientCnxn.java","157351","17222","174573"
"2015-12-05 22:32","ClientCnxn.java","157346","17222","174568"
"2010-03-04 02:28","ClientCnxn.java","79969","8571","88540"
"2010-01-25 04:28","ClientCnxn.java","76623","8293","84916"
"2019-10-10 14:37","ClientCnxn.java","261455","90267","351722"
"2014-04-01 04:03","ClientCnxn.java","136752","15512","152264"
"2013-09-18 15:14","ClientCnxn.java","128250","15204","143454"
"2013-09-18 04:08","ClientCnxn.java","128146","15204","143350"
"2019-11-21 05:58","ClientCnxn.java","261325","90723","352048"
"2020-04-16 12:50","ClientCnxn.java","271732","90723","362455"
"2018-07-27 05:16","ClientCnxn.java","179708","26331","206039"
"2010-01-26 03:22","ClientCnxn.java","77245","8367","85612"
"2009-10-31 00:09","ClientCnxn.java","63522","7108","70630"
"2009-11-07 01:48","ClientCnxn.java","64174","7355","71529"
"2010-01-05 18:32","ClientCnxn.java","73518","8054","81572"
"2010-03-11 04:17","NIOServerCnxn.java","31092","10750","41842"
"2011-05-03 23:29","NIOServerCnxn.java","53343","21497","74840"
"2009-12-03 23:30","NIOServerCnxn.java","8869","1500","10369"
"2010-01-26 01:17","NIOServerCnxn.java","14421","3088","17509"
"2019-11-21 05:58","NIOServerCnxn.java","261293","148097","409390"
"2015-11-08 22:36","NIOServerCnxn.java","117289","31853","149142"
"2019-11-18 09:05","NIOServerCnxn.java","261270","148097","409367"
"2013-09-10 00:37","NIOServerCnxn.java","87346","28850","116196"
"2019-09-16 23:26","NIOServerCnxn.java","260206","147158","407364"
"2019-10-10 14:37","NIOServerCnxn.java","260940","147158","408098"
"2013-10-05 00:57","NIOServerCnxn.java","88243","28993","117236"
"2018-09-28 23:38","NIOServerCnxn.java","195474","89561","285035"
"2010-08-18 08:24","NIOServerCnxn.java","56768","16311","73079"
"2010-05-04 23:45","NIOServerCnxn.java","35650","14907","50557"
"2010-03-09 03:00","NIOServerCnxn.java","30304","10582","40886"
"2020-02-11 06:50","NIOServerCnxn.java","268645","148097","416742"
"2019-01-23 14:00","NIOServerCnxn.java","233864","147108","380972"
"2019-07-08 23:26","NIOServerCnxn.java","245963","147158","393121"
"2019-04-12 19:01","NIOServerCnxn.java","238994","147158","386152"
"2019-01-14 19:38","NIOServerCnxn.java","232429","147108","379537"
"2018-11-17 18:33","NIOServerCnxn.java","225212","147108","372320"
"2017-03-04 19:22","NIOServerCnxn.java","125446","35111","160557"
"2011-08-19 00:05","NIOServerCnxn.java","62004","20438","82442"
"2013-12-11 19:22","NIOServerCnxn.java","92499","29195","121694"
"2012-02-11 00:34","NIOServerCnxn.java","68335","25598","93933"
"2016-12-22 23:23","NIOServerCnxn.java","126465","34140","160605"
"2018-09-18 01:00","NIOServerCnxn.java","192805","89466","282271"
"2019-08-17 17:13","NIOServerCnxn.java","257187","147158","404345"
"2015-06-28 21:09","NIOServerCnxn.java","115882","31754","147636"
"2015-03-28 20:08","NIOServerCnxn.java","113961","31533","145494"
"2019-07-03 00:44","NIOServerCnxn.java","245200","147158","392358"
"2019-08-03 08:42","NIOServerCnxn.java","257895","147158","405053"
"2016-11-16 06:21","NIOServerCnxn.java","125532","33908","159440"
"2012-12-19 19:07","NIOServerCnxn.java","79503","28225","107728"
"2019-12-27 22:33","FileTxnSnapLog.java","266680","173119","439799"
"2019-10-10 14:37","FileTxnSnapLog.java","260657","172021","432678"
"2019-12-13 08:51","FileTxnSnapLog.java","264717","173119","437836"
"2017-01-07 01:09","FileTxnSnapLog.java","81536","25388","106924"
"2014-02-12 17:00","FileTxnSnapLog.java","42858","13635","56493"
"2012-03-06 09:20","FileTxnSnapLog.java","14438","7940","22378"
"2020-01-23 16:46","FileTxnSnapLog.java","267929","173119","441048"
"2020-01-28 17:26","FileTxnSnapLog.java","268400","173119","441519"
"2011-10-20 20:02","FileTxnSnapLog.java","9548","6030","15578"
"2016-09-18 23:21","FileTxnSnapLog.java","76362","24686","101048"
"2017-01-23 02:13","FileTxnSnapLog.java","81969","25417","107386"
"2018-06-08 16:52","FileTxnSnapLog.java","90083","28762","118845"
"2019-09-02 08:23","FileTxnSnapLog.java","257561","172021","429582"
"2011-12-21 21:39","FileTxnSnapLog.java","12435","7220","19655"
"2017-04-28 07:14","FileTxnSnapLog.java","81380","27087","108467"
"2019-07-31 19:06","FileTxnSnapLog.java","256211","172021","428232"
"2018-07-30 06:22","FileTxnSnapLog.java","109652","46676","156328"
"2012-02-06 09:40","FileTxnSnapLog.java","13624","7548","21172"
"2012-07-17 23:25","FileTxnSnapLog.java","20261","10462","30723"
"2020-01-30 09:43","FileTxnSnapLog.java","268476","173119","441595"
"2019-05-14 17:11","FileTxnSnapLog.java","241572","172022","413594"
"2013-06-28 23:22","FileTxnSnapLog.java","35126","13024","48150"
"2014-02-10 21:50","FileTxnSnapLog.java","42714","13603","56317"
"2019-05-21 23:34","FileTxnSnapLog.java","241893","172022","413915"
"2019-05-27 10:54","FileTxnSnapLog.java","242225","172022","414247"
"2017-01-13 19:29","FileTxnSnapLog.java","81749","25398","107147"
"2017-06-26 00:07","FileTxnSnapLog.java","81812","27981","109793"
"2018-02-23 23:49","FileTxnSnapLog.java","87678","28611","116289"
"2017-08-18 06:32","FileTxnSnapLog.java","81920","28087","110007"
"2019-08-17 17:13","FileTxnSnapLog.java","256904","172021","428925"
"2018-02-14 21:23","FileTxnSnapLog.java","87507","28604","116111"
"2018-10-16 16:22","RaceConditionTest.java","231772","201886","433658"
"2019-08-17 17:13","RaceConditionTest.java","255265","223776","479041"
"2017-11-28 00:10","RaceConditionTest.java","8241","3767","12008"
"2019-08-17 17:13","AddAuthCommand.java","255887","221853","477740"
"2019-08-27 09:23","DistributedQueueTest.java","257583","168727","426310"
"2019-08-17 17:13","DistributedQueueTest.java","256990","168727","425717"
"2019-06-05 00:46","SyncRequestProcessor.java","1834","641","2475"
"2019-05-22 11:39","SyncRequestProcessor.java","712","179","891"
"2019-06-03 19:40","SyncRequestProcessor.java","1069","405","1474"
"2019-08-17 17:13","SyncRequestProcessor.java","45008","29675","74683"
"2019-10-10 14:37","SyncRequestProcessor.java","51144","32058","83202"
"2020-01-07 20:39","SyncRequestProcessor.java","62506","38120","100626"
"2020-03-25 03:38","SyncRequestProcessor.java","67715","39597","107312"
"2019-05-16 16:25","QuorumPeer.java","3503","511","4014"
"2019-06-14 09:06","QuorumPeer.java","7800","1609","9409"
"2019-11-29 14:49","QuorumPeer.java","62228","37478","99706"
"2019-06-03 19:40","QuorumPeer.java","4304","780","5084"
"2019-07-15 14:15","QuorumPeer.java","19034","5422","24456"
"2019-07-03 00:44","QuorumPeer.java","10602","4396","14998"
"2019-08-17 17:13","QuorumPeer.java","47813","29620","77433"
"2019-05-15 11:56","QuorumPeer.java","3435","488","3923"
"2019-06-05 00:33","QuorumPeer.java","4930","1016","5946"
"2019-05-20 23:13","QuorumPeer.java","3631","566","4197"
"2019-06-04 10:55","QuorumPeer.java","4626","949","5575"
"2019-07-12 17:01","QuorumPeer.java","18928","5422","24350"
"2020-01-09 11:27","QuorumPeer.java","64839","38543","103382"
"2019-12-17 13:48","QuorumPeer.java","62847","37525","100372"
"2020-01-23 13:43","QuorumPeer.java","67057","38937","105994"
"2019-10-10 14:37","QuorumPeer.java","53666","31720","85386"
"2019-04-18 19:17","QuorumPeer.java","733","23","756"
"2020-02-16 10:25","QuorumPeer.java","67902","39069","106971"
"2011-04-29 18:12","QuorumCnxManager.java","103084","14208","117292"
"2011-12-28 01:26","QuorumCnxManager.java","112749","17065","129814"
"2019-11-29 14:49","QuorumCnxManager.java","264719","91094","355813"
"2013-03-07 07:01","QuorumCnxManager.java","128939","18301","147240"
"2018-07-11 06:04","QuorumCnxManager.java","181339","29320","210659"
"2018-08-06 14:11","QuorumCnxManager.java","183144","29352","212496"
"2010-11-17 15:59","QuorumCnxManager.java","142244","13725","155969"
"2012-06-29 22:08","QuorumCnxManager.java","116258","17415","133673"
"2018-10-16 16:22","QuorumCnxManager.java","242990","69312","312302"
"2019-06-14 09:06","QuorumCnxManager.java","245704","90638","336342"
"2019-08-03 08:42","QuorumCnxManager.java","258414","90638","349052"
"2019-11-13 20:41","QuorumCnxManager.java","265425","90638","356063"
"2019-04-09 16:08","QuorumCnxManager.java","238541","90617","329158"
"2019-08-06 12:52","QuorumCnxManager.java","258679","90638","349317"
"2017-02-09 11:40","QuorumCnxManager.java","169323","22281","191604"
"2019-05-20 23:13","QuorumCnxManager.java","242579","90639","333218"
"2009-01-16 00:48","QuorumCnxManager.java","4197","4714","8911"
"2015-04-09 20:16","QuorumCnxManager.java","156648","20223","176871"
"2017-08-23 02:16","QuorumCnxManager.java","167330","22984","190314"
"2019-07-27 20:04","QuorumCnxManager.java","254237","90638","344875"
"2009-06-30 22:47","QuorumCnxManager.java","60555","9120","69675"
"2015-05-29 23:46","QuorumCnxManager.java","157160","20219","177379"
"2015-05-14 07:10","QuorumCnxManager.java","156873","20228","177101"
"2020-03-12 14:47","QuorumCnxManager.java","270105","91094","361199"
"2019-08-17 17:13","QuorumCnxManager.java","257706","90638","348344"
"2009-05-20 22:16","QuorumCnxManager.java","47332","7957","55289"
"2017-11-28 00:10","QuorumCnxManager.java","171297","23031","194328"
"2009-04-04 00:01","QuorumCnxManager.java","20788","6813","27601"
"2009-11-18 20:06","QuorumCnxManager.java","75233","11163","86396"
"2009-10-27 22:14","QuorumCnxManager.java","64890","9939","74829"
"2009-12-15 23:23","QuorumCnxManager.java","75938","11290","87228"
"2009-08-11 00:24","QuorumCnxManager.java","62012","9368","71380"
"2009-08-03 23:27","QuorumCnxManager.java","61224","9326","70550"
"2019-10-10 14:37","QuorumCnxManager.java","261459","90638","352097"
"2014-07-23 19:36","QuorumCnxManager.java","150070","20078","170148"
"2017-06-09 18:37","QuorumCnxManager.java","166958","22908","189866"
"2020-01-23 13:43","QuorumCnxManager.java","268089","91094","359183"
"2014-03-23 04:12","QuorumCnxManager.java","138613","18605","157218"
"2010-01-19 21:06","QuorumCnxManager.java","79136","11472","90608"
"2010-01-21 04:08","QuorumCnxManager.java","79147","11477","90624"
"2014-07-08 05:25","QuorumCnxManager.java","145736","20014","165750"
"2019-11-28 12:24","QuorumCnxManager.java","263068","91094","354162"
"2014-06-25 15:04","QuorumCnxManager.java","143966","19880","163846"
"2011-08-15 02:44","QuorumCnxManager.java","105982","12691","118673"
"2016-06-08 17:43","QuorumCnxManager.java","162226","21753","183979"
"2020-03-23 16:20","QuorumCnxManager.java","270276","91094","361370"
"2020-02-16 10:25","QuorumCnxManager.java","268802","91094","359896"
"2014-07-22 06:45","QuorumCnxManager.java","149993","20076","170069"
"2011-04-12 09:14","QuorumCnxManager.java","102727","14186","116913"
"2010-10-06 19:01","QuorumCnxManager.java","139208","13296","152504"
"2018-07-27 12:32","QuorumCnxManager.java","182515","29335","211850"
"2010-10-20 00:32","QuorumCnxManager.java","140681","13276","153957"
"2011-03-16 19:49","QuorumCnxManager.java","143899","13885","157784"
"2018-12-20 15:13","QuorumPeer.java","1864","952","2816"
"2019-05-16 16:25","QuorumPeer.java","21025","8884","29909"
"2019-06-14 09:06","QuorumPeer.java","25257","9917","35174"
"2019-03-11 19:47","QuorumPeer.java","15308","7968","23276"
"2019-02-13 13:12","QuorumPeer.java","14187","7899","22086"
"2019-04-12 19:01","QuorumPeer.java","17638","8489","26127"
"2019-11-29 14:49","QuorumPeer.java","77796","43897","121693"
"2018-12-15 07:34","QuorumPeer.java","843","928","1771"
"2019-06-03 19:40","QuorumPeer.java","21803","9130","30933"
"2019-07-15 14:15","QuorumPeer.java","36225","13464","49689"
"2019-07-03 00:44","QuorumPeer.java","27809","12454","40263"
"2019-08-17 17:13","QuorumPeer.java","63823","36481","100304"
"2019-05-15 11:56","QuorumPeer.java","20957","8861","29818"
"2019-06-05 00:33","QuorumPeer.java","22389","9326","31715"
"2019-05-20 23:13","QuorumPeer.java","21140","8926","30066"
"2019-06-04 10:55","QuorumPeer.java","22091","9265","31356"
"2019-07-12 17:01","QuorumPeer.java","36119","13464","49583"
"2020-01-09 11:27","QuorumPeer.java","80331","44886","125217"
"2019-12-17 13:48","QuorumPeer.java","78377","43906","122283"
"2020-01-23 13:43","QuorumPeer.java","82402","45133","127535"
"2019-10-10 14:37","QuorumPeer.java","69561","38466","108027"
"2019-04-18 19:17","QuorumPeer.java","18370","8511","26881"
"2020-02-16 10:25","QuorumPeer.java","83243","45261","128504"
"2010-01-26 01:17","SessionTracker.java","15103","3183","18286"
"2011-11-14 20:18","SessionTracker.java","66538","24942","91480"
"2013-10-09 22:21","SessionTracker.java","91490","28993","120483"
"2014-07-18 02:19","SessionTracker.java","107137","31084","138221"
"2018-09-18 01:00","SessionTracker.java","193167","89241","282408"
"2019-09-05 23:12","SessionTracker.java","258106","146571","404677"
"2019-08-17 17:13","SessionTracker.java","257187","146571","403758"
"2018-08-08 06:21","SessionTracker.java","170743","69923","240666"
"2019-06-07 14:13","TruncateTest.java","242232","212761","454993"
"2015-05-14 18:40","TruncateTest.java","6659","1644","8303"
"2019-08-17 17:13","TruncateTest.java","256128","212761","468889"
"2018-05-09 23:57","TruncateTest.java","35619","16563","52182"
"2019-07-12 17:01","TruncateTest.java","251441","212761","464202"
"2017-08-18 06:32","TruncateTest.java","27576","15259","42835"
"2017-09-11 18:55","TruncateTest.java","27909","15414","43323"
"2016-08-24 01:36","TruncateTest.java","17402","7902","25304"
"2017-05-11 16:59","TruncateTest.java","25253","13306","38559"
"2020-01-28 17:26","TruncateTest.java","267972","214207","482179"
"2017-01-07 01:09","TruncateTest.java","23859","9227","33086"
"2019-11-29 14:49","QuorumUtil.java","264602","220653","485255"
"2013-03-07 07:01","QuorumUtil.java","40554","55117","95671"
"2019-08-17 17:13","QuorumUtil.java","256972","219580","476552"
"2020-03-12 14:47","QuorumUtil.java","269988","220653","490641"
"2019-07-12 17:01","QuorumUtil.java","252285","219580","471865"
"2012-12-11 08:42","QuorumUtil.java","32599","53821","86420"
"2014-01-16 23:59","QuorumUtil.java","48389","55844","104233"
"2019-10-10 14:37","QuorumUtil.java","260725","219580","480305"
"2011-04-12 09:14","QuorumUtil.java","1421","42556","43977"
"2014-05-18 05:49","QuorumUtil.java","59976","62077","122053"
"2011-09-17 02:13","QuorumUtil.java","17352","47020","64372"
"2013-10-09 22:21","QuorumUtil.java","46345","55713","102058"
"2013-09-26 14:05","QuorumUtil.java","43121","55392","98513"
"2019-11-08 17:30","FinalRequestProcessor.java","180900","157267","338167"
"2019-07-08 23:26","FinalRequestProcessor.java","162335","155540","317875"
"2019-01-16 23:23","FinalRequestProcessor.java","147915","153916","301831"
"2019-04-12 19:01","FinalRequestProcessor.java","154086","154260","308346"
"2019-02-07 11:26","FinalRequestProcessor.java","150332","153981","304313"
"2019-01-14 19:38","FinalRequestProcessor.java","147225","153914","301139"
"2019-01-09 17:22","FinalRequestProcessor.java","149972","153981","303953"
"2019-09-10 04:26","FinalRequestProcessor.java","176257","157193","333450"
"2019-08-17 17:13","FinalRequestProcessor.java","174230","156211","330441"
"2019-06-26 10:57","FinalRequestProcessor.java","161409","155540","316949"
"2019-08-01 07:28","FinalRequestProcessor.java","174377","156177","330554"
"2019-07-03 00:44","FinalRequestProcessor.java","161572","155540","317112"
"2019-08-06 17:11","FinalRequestProcessor.java","175310","156190","331500"
"2020-03-25 03:38","FinalRequestProcessor.java","190350","159546","349896"
"2019-09-16 23:26","FinalRequestProcessor.java","178235","157197","335432"
"2019-10-10 14:37","FinalRequestProcessor.java","178985","157213","336198"
"2019-11-21 05:58","FinalRequestProcessor.java","180382","159196","339578"
"2019-11-18 09:05","FinalRequestProcessor.java","180359","159196","339555"
"2019-11-11 13:59","FinalRequestProcessor.java","182696","157267","339963"
"2020-03-26 22:12","FinalRequestProcessor.java","190402","159596","349998"
"2013-05-11 14:51","FLETest.java","66506","29288","95794"
"2019-10-10 14:37","FLETest.java","260768","167729","428497"
"2013-10-21 23:36","FLETest.java","72565","29827","102392"
"2013-10-02 20:19","FLETest.java","69283","29656","98939"
"2014-06-25 15:04","FLETest.java","86641","36013","122654"
"2010-03-31 06:26","FLETest.java","2961","2714","5675"
"2011-09-17 02:13","FLETest.java","44077","22002","66079"
"2016-06-02 00:59","FLETest.java","105796","38780","144576"
"2011-04-12 09:14","FLETest.java","30345","19586","49931"
"2011-12-23 20:46","FLETest.java","47046","24846","71892"
"2011-04-29 18:12","FLETest.java","30772","19678","50450"
"2017-09-11 18:55","FLETest.java","112814","41863","154677"
"2012-04-23 01:20","FLETest.java","52854","27512","80366"
"2019-08-17 17:13","FLETest.java","257015","167729","424744"
"2019-02-06 09:46","ZooKeeper.java","234543","182958","417501"
"2019-01-16 14:21","ZooKeeper.java","232819","182957","415776"
"2017-04-18 02:02","ZooKeeper.java","83172","27291","110463"
"2019-11-08 17:30","ZooKeeper.java","262518","183022","445540"
"2019-02-07 11:26","ZooKeeper.java","235172","182958","418130"
"2013-03-07 07:01","ZooKeeper.java","34896","12962","47858"
"2013-12-17 17:55","ZooKeeper.java","42464","13726","56190"
"2012-02-06 09:56","ZooKeeper.java","15640","7866","23506"
"2012-03-17 01:31","ZooKeeper.java","17466","8187","25653"
"2012-11-17 15:03","ZooKeeper.java","25402","11004","36406"
"2017-05-01 17:19","ZooKeeper.java","83310","27302","110612"
"2014-01-24 07:18","ZooKeeper.java","44485","13818","58303"
"2019-08-17 17:13","ZooKeeper.java","256904","183022","439926"
"2015-06-04 19:51","ZooKeeper.java","70562","21570","92132"
"2016-10-07 21:51","ZooKeeper.java","78972","24929","103901"
"2015-03-16 09:09","ZooKeeper.java","67124","21176","88300"
"2015-03-17 18:06","ZooKeeper.java","67918","21260","89178"
"2016-05-02 18:15","ZooKeeper.java","75685","24408","100093"
"2019-06-26 10:57","ZooKeeper.java","244754","183022","427776"
"2019-06-03 19:40","ZooKeeper.java","242235","183022","425257"
"2018-05-09 23:57","ZooKeeper.java","91222","28956","120178"
"2019-08-03 08:42","ZooKeeper.java","257612","183022","440634"
"2016-11-13 20:59","ZooKeeper.java","81246","24950","106196"
"2013-02-03 15:52","ZooKeeper.java","30271","12400","42671"
"2012-09-28 18:32","ZooKeeper.java","23216","10786","34002"
"2017-07-28 00:36","ZooKeeper.java","83365","28223","111588"
"2017-08-18 23:35","ZooKeeper.java","83928","28301","112229"
"2017-07-04 07:56","ZooKeeper.java","83957","28205","112162"
"2020-04-16 12:50","ZooKeeper.java","271576","184120","455696"
"2018-07-27 05:16","ZooKeeper.java","110151","45867","156018"
"2019-10-10 14:37","ZooKeeper.java","260657","183022","443679"
"2014-04-01 04:03","ZooKeeper.java","46375","14228","60603"
"2012-12-19 19:16","ZooKeeper.java","29692","12314","42006"
"2019-02-11 12:34","ZooKeeper.java","235535","182958","418493"
"2014-07-08 20:18","ZooKeeper.java","57539","20505","78044"
"2020-05-17 15:13","ZooKeeper.java","271951","184124","456075"
"2017-01-09 22:49","ZooKeeper.java","83469","25605","109074"
"2019-03-12 19:08","ZooKeeper.java","236975","182970","419945"
"2011-09-06 00:58","ZooKeeper.java","9833","1063","10896"
"2014-07-22 06:51","ZooKeeper.java","62043","20811","82854"
"2014-04-29 02:23","ZooKeeper.java","53849","19917","73766"
"2019-07-02 07:34","Follower.java","244047","214963","459010"
"2018-12-09 03:16","Follower.java","228651","214852","443503"
"2019-04-12 19:01","Follower.java","237895","214947","452842"
"2018-09-18 01:00","Follower.java","135605","112483","248088"
"2019-08-17 17:13","Follower.java","256104","214963","471067"
"2019-06-29 00:33","Follower.java","244091","214963","459054"
"2019-08-06 17:11","Follower.java","257205","214963","472168"
"2019-07-15 14:15","Follower.java","251523","214963","466486"
"2019-08-23 19:43","Follower.java","256770","214963","471733"
"2017-11-28 00:10","Follower.java","29632","15506","45138"
"2019-06-05 00:33","Follower.java","241825","214963","456788"
"2019-05-03 00:44","Follower.java","240085","214947","455032"
"2015-06-05 21:15","Follower.java","5111","1521","6632"
"2019-12-27 22:33","Follower.java","266229","216410","482639"
"2016-08-13 15:01","Follower.java","14694","7188","21882"
"2019-10-10 14:37","Follower.java","259857","214963","474820"
"2016-12-20 14:47","Follower.java","20571","8804","29375"
"2019-08-17 17:13","DeleteAllCommand.java","43295","29432","72727"
"2011-04-12 09:14","InvalidSnapshotTest.java","5707","14662","20369"
"2016-08-24 01:36","InvalidSnapshotTest.java","85848","37524","123372"
"2013-12-21 22:05","InvalidSnapshotTest.java","51384","26938","78322"
"2013-10-02 01:45","InvalidSnapshotTest.java","46654","26669","73323"
"2019-10-10 14:37","InvalidSnapshotTest.java","260738","187413","448151"
"2019-08-17 17:13","InvalidSnapshotTest.java","256985","187413","444398"
"2012-03-18 21:06","InvalidSnapshotTest.java","28627","23910","52537"
"2012-02-06 09:47","InvalidSnapshotTest.java","24943","21582","46525"
"2019-12-27 22:33","AdHashTest.java","18682","10004","28686"
"2019-05-20 17:18","LocalPeerBeanTest.java","7248","1403","8651"
"2019-08-17 17:13","LocalPeerBeanTest.java","51153","30099","81252"
"2019-11-29 14:49","QuorumCnxManager.java","122062","113902","235964"
"2019-06-14 09:06","QuorumCnxManager.java","85281","95680","180961"
"2019-08-03 08:42","QuorumCnxManager.java","101948","99637","201585"
"2019-11-13 20:41","QuorumCnxManager.java","120780","111458","232238"
"2019-04-09 16:08","QuorumCnxManager.java","77162","94703","171865"
"2019-08-06 12:52","QuorumCnxManager.java","102231","99655","201886"
"2019-05-20 23:13","QuorumCnxManager.java","81856","95381","177237"
"2019-07-27 20:04","QuorumCnxManager.java","96753","98619","195372"
"2020-03-12 14:47","QuorumCnxManager.java","128640","115094","243734"
"2019-08-17 17:13","QuorumCnxManager.java","111485","109882","221367"
"2019-10-10 14:37","QuorumCnxManager.java","116649","111293","227942"
"2020-01-23 13:43","QuorumCnxManager.java","126467","114937","241404"
"2019-11-28 12:24","QuorumCnxManager.java","120173","113664","233837"
"2020-03-23 16:20","QuorumCnxManager.java","128868","115151","244019"
"2020-02-16 10:25","QuorumCnxManager.java","127304","115061","242365"
"2020-05-21 14:13","ZKHostnameVerifier.java","31249","16420","47669"
"2019-10-10 14:37","ZKHostnameVerifier.java","7470","3717","11187"
"2019-08-17 17:13","NettyNettySuiteBase.java","67761","36458","104219"
"2019-08-17 17:13","FourLetterWordMain.java","52449","30116","82565"
"2019-02-06 09:46","ZooKeeper.java","233966","198424","432390"
"2019-01-16 14:21","ZooKeeper.java","232242","198423","430665"
"2017-04-18 02:02","ZooKeeper.java","48001","20858","68859"
"2019-11-08 17:30","ZooKeeper.java","262002","198549","460551"
"2019-02-07 11:26","ZooKeeper.java","234595","198424","433019"
"2017-05-01 17:19","ZooKeeper.java","48144","20874","69018"
"2014-01-24 07:18","ZooKeeper.java","2087","158","2245"
"2019-08-17 17:13","ZooKeeper.java","256360","198521","454881"
"2015-06-04 19:51","ZooKeeper.java","31796","11542","43338"
"2016-10-07 21:51","ZooKeeper.java","42631","17326","59957"
"2015-03-16 09:09","ZooKeeper.java","27923","10713","38636"
"2015-03-17 18:06","ZooKeeper.java","28741","10821","39562"
"2016-05-02 18:15","ZooKeeper.java","38745","16206","54951"
"2019-06-26 10:57","ZooKeeper.java","244210","198521","442731"
"2019-06-03 19:40","ZooKeeper.java","241691","198521","440212"
"2018-05-09 23:57","ZooKeeper.java","57877","24349","82226"
"2019-08-03 08:42","ZooKeeper.java","257068","198521","455589"
"2016-11-13 20:59","ZooKeeper.java","45020","17462","62482"
"2017-07-28 00:36","ZooKeeper.java","49486","23082","72568"
"2017-08-18 23:35","ZooKeeper.java","50069","23180","73249"
"2017-07-04 07:56","ZooKeeper.java","49081","22067","71148"
"2020-04-16 12:50","ZooKeeper.java","271283","199870","471153"
"2018-07-27 05:16","ZooKeeper.java","78424","42878","121302"
"2019-10-10 14:37","ZooKeeper.java","260113","198521","458634"
"2014-04-01 04:03","ZooKeeper.java","4174","765","4939"
"2019-02-11 12:34","ZooKeeper.java","234958","198424","433382"
"2014-07-08 20:18","ZooKeeper.java","17390","9094","26484"
"2020-05-17 15:13","ZooKeeper.java","271665","199881","471546"
"2017-01-09 22:49","ZooKeeper.java","47318","18192","65510"
"2019-03-12 19:08","ZooKeeper.java","236403","198441","434844"
"2014-07-22 06:51","ZooKeeper.java","22205","9711","31916"
"2014-04-29 02:23","ZooKeeper.java","13002","7808","20810"
"2019-09-05 22:59","AsyncCallback.java","256786","205486","462272"
"2019-01-16 14:21","AsyncCallback.java","232026","205378","437404"
"2019-02-07 11:26","AsyncCallback.java","234379","205379","439758"
"2019-08-17 17:13","AsyncCallback.java","256154","205486","461640"
"2017-07-28 00:36","AsyncCallback.java","35385","16152","51537"
"2019-12-27 22:33","FileTxnLog.java","265525","229988","495513"
"2019-10-10 14:37","FileTxnLog.java","258830","228218","487048"
"2018-11-12 22:36","FileTxnLog.java","223025","228074","451099"
"2018-08-01 21:19","FileTxnLog.java","26953","21998","48951"
"2018-04-27 20:28","FileTxnLog.java","2344","494","2838"
"2018-06-08 16:52","FileTxnLog.java","4109","812","4921"
"2020-01-28 17:26","FileTxnLog.java","267246","229989","497235"
"2019-05-14 17:11","FileTxnLog.java","239723","228197","467920"
"2019-01-07 14:24","FileTxnLog.java","229766","228077","457843"
"2019-04-12 19:01","FileTxnLog.java","236846","228180","465026"
"2018-09-06 01:11","FileTxnLog.java","107376","100790","208166"
"2018-09-18 01:00","FileTxnLog.java","109779","100939","210718"
"2019-08-17 17:13","FileTxnLog.java","255076","228217","483293"
"2019-06-03 19:40","FileTxnLog.java","240406","228216","468622"
"2018-04-24 00:20","FileTxnLog.java","2053","290","2343"
"2018-02-14 21:23","FileTxnLog.java","1020","141","1161"
"2019-08-03 08:42","FileTxnLog.java","255784","228217","484001"
"2019-04-09 15:35","FileTxnLog.java","235823","228107","463930"
"2018-02-02 00:26","FileTxnLog.java","19","12","31"
"2019-08-17 17:13","FourLetterWordMain.java","255234","223799","479033"
"2019-01-31 15:50","FourLetterWordMain.java","232783","223681","456464"
"2018-12-15 07:34","FourLetterWordMain.java","227687","223679","451366"
"2011-10-25 08:09","EventTypeTest.java","42821","22531","65352"
"2019-08-17 17:13","EventTypeTest.java","257015","167976","424991"
"2011-10-20 20:02","SendAckRequestProcessor.java","66526","24691","91217"
"2011-04-12 09:14","SendAckRequestProcessor.java","54664","21320","75984"
"2019-08-17 17:13","SendAckRequestProcessor.java","257247","145376","402623"
"2019-05-03 00:44","SendAckRequestProcessor.java","241244","145376","386620"
"2019-01-23 14:00","NettyServerCnxn.java","233564","177045","410609"
"2019-02-18 17:05","NettyServerCnxn.java","236110","177059","413169"
"2019-02-12 15:25","NettyServerCnxn.java","235663","177046","412709"
"2017-08-09 20:31","NettyServerCnxn.java","78651","30141","108792"
"2017-04-10 19:19","NettyServerCnxn.java","77414","28359","105773"
"2018-09-07 02:34","NettyServerCnxn.java","172512","112984","285496"
"2019-04-12 19:01","NettyServerCnxn.java","238712","177113","415825"
"2018-11-22 17:56","NettyServerCnxn.java","225533","177044","402577"
"2018-10-24 04:03","NettyServerCnxn.java","236370","158280","394650"
"2018-11-17 18:33","NettyServerCnxn.java","224910","177043","401953"
"2019-01-14 19:38","NettyServerCnxn.java","232128","177044","409172"
"2017-03-04 19:22","NettyServerCnxn.java","77118","28349","105467"
"2018-09-18 01:00","NettyServerCnxn.java","174820","113047","287867"
"2019-08-17 17:13","NettyServerCnxn.java","256904","177112","434016"
"2019-07-03 00:44","NettyServerCnxn.java","244917","177112","422029"
"2015-03-28 20:08","NettyServerCnxn.java","62962","22100","85062"
"2019-11-23 17:08","NettyServerCnxn.java","262703","178210","440913"
"2015-06-28 21:09","NettyServerCnxn.java","65886","23324","89210"
"2019-07-23 15:55","NettyServerCnxn.java","252912","177112","430024"
"2019-05-06 18:32","NettyServerCnxn.java","241259","177113","418372"
"2019-04-22 19:15","NettyServerCnxn.java","239687","177113","416800"
"2019-08-03 08:42","NettyServerCnxn.java","257612","177112","434724"
"2016-12-21 23:32","NettyServerCnxn.java","77301","26605","103906"
"2013-12-16 05:18","NettyServerCnxn.java","36154","14411","50565"
"2019-11-18 09:05","NettyServerCnxn.java","261146","178210","439356"
"2015-11-08 22:36","NettyServerCnxn.java","67414","23544","90958"
"2019-11-21 05:58","NettyServerCnxn.java","261169","178210","439379"
"2013-10-05 00:57","NettyServerCnxn.java","31797","14113","45910"
"2019-09-16 23:26","NettyServerCnxn.java","259923","177112","437035"
"2019-10-10 14:37","NettyServerCnxn.java","260657","177112","437769"
"2013-10-12 00:04","NettyServerCnxn.java","34870","14301","49171"
"2018-09-28 23:38","NettyServerCnxn.java","177550","113203","290753"
"2020-02-16 10:25","QuorumPeerMain.java","2509","1796","4305"
"2016-08-05 23:05","CliParseException.java","182","237","419"
"2019-08-17 17:13","CliParseException.java","255887","221853","477740"
"2011-04-12 09:14","InvalidSnapshotTest.java","27920","17408","45328"
"2016-08-24 01:36","InvalidSnapshotTest.java","105643","37909","143552"
"2010-08-18 08:24","InvalidSnapshotTest.java","24450","4983","29433"
"2013-12-21 22:05","InvalidSnapshotTest.java","72367","28511","100878"
"2013-10-02 01:45","InvalidSnapshotTest.java","67680","28285","95965"
"2019-10-10 14:37","InvalidSnapshotTest.java","260768","167976","428744"
"2019-08-17 17:13","InvalidSnapshotTest.java","257015","167976","424991"
"2012-03-18 21:06","InvalidSnapshotTest.java","49943","25816","75759"
"2012-02-06 09:47","InvalidSnapshotTest.java","46359","23588","69947"
"2010-03-04 00:07","FileTxnLog.java","30371","12916","43287"
"2011-06-21 07:34","FileTxnLog.java","60103","23073","83176"
"2014-02-12 17:00","FileTxnLog.java","99408","30232","129640"
"2013-12-11 01:10","FileTxnLog.java","96436","30145","126581"
"2018-01-19 00:43","FileTxnLog.java","134465","36488","170953"
"2019-12-27 22:33","FileTxnLog.java","266808","144623","411431"
"2019-10-10 14:37","FileTxnLog.java","261243","143983","405226"
"2018-11-12 22:36","FileTxnLog.java","225538","143939","369477"
"2018-08-01 21:19","FileTxnLog.java","151410","48478","199888"
"2018-04-27 20:28","FileTxnLog.java","136421","36594","173015"
"2018-06-08 16:52","FileTxnLog.java","137879","36605","174484"
"2010-12-23 13:42","FileTxnLog.java","94215","18622","112837"
"2011-09-03 01:07","FileTxnLog.java","68905","21870","90775"
"2011-04-12 09:14","FileTxnLog.java","57867","22887","80754"
"2011-11-15 19:30","FileTxnLog.java","70868","26347","97215"
"2014-06-30 19:11","FileTxnLog.java","106003","31768","137771"
"2020-01-28 17:26","FileTxnLog.java","268528","144623","413151"
"2019-05-14 17:11","FileTxnLog.java","242157","143983","386140"
"2019-01-07 14:24","FileTxnLog.java","232276","143939","376215"
"2013-06-28 23:22","FileTxnLog.java","91929","29874","121803"
"2010-03-16 22:23","FileTxnLog.java","37265","13019","50284"
"2019-04-12 19:01","FileTxnLog.java","239297","143983","383280"
"2017-04-28 07:14","FileTxnLog.java","130121","35875","165996"
"2012-02-06 09:40","FileTxnLog.java","72608","26579","99187"
"2018-09-06 01:11","FileTxnLog.java","193339","88776","282115"
"2018-09-18 01:00","FileTxnLog.java","195639","88822","284461"
"2016-03-20 19:31","FileTxnLog.java","122205","32901","155106"
"2019-08-17 17:13","FileTxnLog.java","257490","143983","401473"
"2019-06-03 19:40","FileTxnLog.java","242821","143983","386804"
"2018-04-24 00:20","FileTxnLog.java","136294","36554","172848"
"2018-02-14 21:23","FileTxnLog.java","135382","36526","171908"
"2019-08-03 08:42","FileTxnLog.java","258198","143983","402181"
"2019-04-09 15:35","FileTxnLog.java","238311","143947","382258"
"2017-08-03 20:41","FileTxnLog.java","129751","36321","166072"
"2018-02-02 00:26","FileTxnLog.java","134474","36490","170964"
"2017-06-26 00:07","FileTxnLog.java","130044","36260","166304"
"2018-12-20 15:13","QuorumMXBean.java","62905","87732","150637"
"2019-06-03 19:40","QuorumMXBean.java","82447","95513","177960"
"2019-08-17 17:13","QuorumMXBean.java","111485","109882","221367"
"2019-12-27 22:33","QuorumMXBean.java","124281","114000","238281"
"2019-08-17 17:13","ReconfigExceptionTest.java","255250","224697","479947"
"2019-11-29 14:49","ReconfigExceptionTest.java","263432","226322","489754"
"2019-08-17 17:13","ReconfigLegacyTest.java","255292","225011","480303"
"2019-06-03 19:40","ReconfigLegacyTest.java","240622","225010","465632"
"2019-08-17 17:13","ClientCnxn.java","255076","228105","483181"
"2019-01-31 15:50","ClientCnxn.java","232608","227970","460578"
"2019-04-09 15:35","ClientCnxn.java","235823","227995","463818"
"2019-11-08 17:30","ClientCnxn.java","260739","228154","488893"
"2019-01-16 14:21","ClientCnxn.java","230918","227967","458885"
"2019-01-07 14:24","ClientCnxn.java","229766","227965","457731"
"2019-03-06 03:32","ClientCnxn.java","234749","227993","462742"
"2019-02-07 11:26","ClientCnxn.java","233274","227971","461245"
"2018-11-05 19:40","ClientCnxn.java","231274","205817","437091"
"2020-05-17 15:13","ClientCnxn.java","270886","229970","500856"
"2018-06-25 12:30","ClientCnxn.java","4337","811","5148"
"2020-03-03 03:12","ClientCnxn.java","268583","229877","498460"
"2018-09-10 11:44","ClientCnxn.java","107496","100785","208281"
"2020-01-21 17:53","ClientCnxn.java","264844","229877","494721"
"2019-10-10 14:37","ClientCnxn.java","258830","228106","486936"
"2019-11-21 05:58","ClientCnxn.java","260013","229875","489888"
"2020-04-16 12:50","ClientCnxn.java","270483","229938","500421"
"2018-07-27 05:16","ClientCnxn.java","26559","21881","48440"
"2010-03-13 01:06","FLEZeroWeightTest.java","37494","12991","50485"
"2019-10-10 14:37","FLEZeroWeightTest.java","261243","143701","404944"
"2011-04-12 09:14","FLEZeroWeightTest.java","58101","22839","80940"
"2010-03-31 06:26","FLEZeroWeightTest.java","39218","14468","53686"
"2012-04-23 01:20","FLEZeroWeightTest.java","76878","28241","105119"
"2017-09-11 18:55","FLEZeroWeightTest.java","130540","36294","166834"
"2019-08-17 17:13","FLEZeroWeightTest.java","257490","143701","401191"
"2019-07-12 17:01","FLEZeroWeightTest.java","252803","143701","396504"
"2013-03-07 07:01","KeeperException.java","34896","12962","47858"
"2012-02-06 09:56","KeeperException.java","15640","7866","23506"
"2014-01-24 07:18","KeeperException.java","44485","13818","58303"
"2019-08-17 17:13","KeeperException.java","256904","183022","439926"
"2014-04-30 04:30","KeeperException.java","53863","19917","73780"
"2019-07-24 18:00","KeeperException.java","253359","183022","436381"
"2016-11-13 20:59","KeeperException.java","81246","24950","106196"
"2017-07-28 00:36","KeeperException.java","83365","28223","111588"
"2020-03-25 03:38","KeeperException.java","270787","184120","454907"
"2018-07-27 05:16","KeeperException.java","110151","45867","156018"
"2013-10-09 22:21","KeeperException.java","40764","13635","54399"
"2018-12-20 15:13","QuorumMXBean.java","231249","90075","321324"
"2018-10-16 16:22","QuorumMXBean.java","242954","68706","311660"
"2019-06-03 19:40","QuorumMXBean.java","243037","90102","333139"
"2019-08-17 17:13","QuorumMXBean.java","257706","90102","347808"
"2019-12-27 22:33","QuorumMXBean.java","266840","90558","357398"
"2019-01-23 14:00","NettyServerCnxn.java","231874","224124","455998"
"2019-02-18 17:05","NettyServerCnxn.java","234427","224145","458572"
"2019-02-12 15:25","NettyServerCnxn.java","233973","224125","458098"
"2017-08-09 20:31","NettyServerCnxn.java","2754","3013","5767"
"2017-04-10 19:19","NettyServerCnxn.java","396","110","506"
"2018-09-07 02:34","NettyServerCnxn.java","114651","103892","218543"
"2019-04-12 19:01","NettyServerCnxn.java","237053","224223","461276"
"2018-11-22 17:56","NettyServerCnxn.java","223842","224122","447964"
"2018-10-24 04:03","NettyServerCnxn.java","231667","202346","434013"
"2018-11-17 18:33","NettyServerCnxn.java","223219","224121","447340"
"2019-01-14 19:38","NettyServerCnxn.java","230438","224123","454561"
"2018-09-18 01:00","NettyServerCnxn.java","117035","104031","221066"
"2019-08-17 17:13","NettyServerCnxn.java","255265","224242","479507"
"2019-07-03 00:44","NettyServerCnxn.java","243277","224241","467518"
"2019-11-23 17:08","NettyServerCnxn.java","261579","225855","487434"
"2019-07-23 15:55","NettyServerCnxn.java","251273","224242","475515"
"2019-05-06 18:32","NettyServerCnxn.java","239600","224223","463823"
"2019-04-22 19:15","NettyServerCnxn.java","238028","224223","462251"
"2019-08-03 08:42","NettyServerCnxn.java","255973","224242","480215"
"2019-11-18 09:05","NettyServerCnxn.java","260022","225855","485877"
"2019-11-21 05:58","NettyServerCnxn.java","260045","225855","485900"
"2019-09-16 23:26","NettyServerCnxn.java","258284","224242","482526"
"2019-10-10 14:37","NettyServerCnxn.java","259018","224242","483260"
"2018-09-28 23:38","NettyServerCnxn.java","120291","104713","225004"
"2019-06-03 19:40","AsyncOps.java","241485","205486","446971"
"2019-08-17 17:13","AsyncOps.java","256154","205486","461640"
"2011-11-05 21:57","Zab1_0Test.java","3327","6610","9937"
"2011-11-05 07:29","Zab1_0Test.java","3034","6584","9618"
"2011-09-22 07:42","Zab1_0Test.java","1079","3436","4515"
"2013-09-26 14:05","Zab1_0Test.java","28786","13921","42707"
"2014-05-09 23:37","Zab1_0Test.java","45222","20618","65840"
"2017-01-07 01:09","Zab1_0Test.java","76259","27778","104037"
"2015-12-06 21:30","Zab1_0Test.java","65387","23672","89059"
"2019-12-17 13:48","Zab1_0Test.java","265100","180755","445855"
"2013-11-19 02:03","Zab1_0Test.java","32955","14345","47300"
"2015-07-07 07:11","Zab1_0Test.java","63601","23437","87038"
"2019-12-27 22:33","Zab1_0Test.java","266649","180755","447404"
"2013-10-24 20:41","Zab1_0Test.java","32795","14323","47118"
"2019-10-10 14:37","Zab1_0Test.java","260514","179545","440059"
"2013-11-07 06:41","Zab1_0Test.java","32888","14326","47214"
"2015-05-14 18:40","Zab1_0Test.java","61101","22237","83338"
"2019-08-17 17:13","Zab1_0Test.java","256761","179545","436306"
"2019-06-03 19:40","Zab1_0Test.java","242092","179545","421637"
"2018-05-10 06:00","Zab1_0Test.java","85481","32291","117772"
"2017-11-28 00:10","Zab1_0Test.java","82015","31814","113829"
"2013-10-07 21:08","Zab1_0Test.java","29469","14080","43549"
"2012-12-31 02:38","Zab1_0Test.java","20536","12475","33011"
"2017-08-18 06:32","Zab1_0Test.java","77551","31385","108936"
"2012-08-01 17:53","Zab1_0Test.java","12826","10670","23496"
"2012-07-05 18:01","Zab1_0Test.java","11627","10613","22240"
"2013-03-07 07:01","Zab1_0Test.java","26075","13502","39577"
"2012-12-13 08:25","Zab1_0Test.java","18040","11919","29959"
"2012-01-31 07:45","Zab1_0Test.java","5615","7605","13220"
"2012-01-04 01:15","Zab1_0Test.java","5313","7541","12854"
"2017-02-12 00:12","Zab1_0Test.java","75275","29548","104823"
"2011-12-09 20:03","Zab1_0Test.java","3818","6634","10452"
"2018-11-17 18:37","ConfigUtils.java","57598","84963","142561"
"2019-08-17 17:13","ConfigUtils.java","112838","108278","221116"
"2019-08-17 17:13","AtomicFileOutputStream.java","255234","224167","479401"
"2019-10-10 14:37","AtomicFileOutputStream.java","258987","224167","483154"
"2016-12-22 23:23","StatCommand.java","7078","2077","9155"
"2017-05-27 00:52","StatCommand.java","9371","6695","16066"
"2018-02-07 01:05","StatCommand.java","17703","9829","27532"
"2018-07-12 01:33","StatCommand.java","31310","20369","51679"
"2019-08-17 17:13","StatCommand.java","255887","221853","477740"
"2019-04-10 13:19","FileSnap.java","238975","84080","323055"
"2019-07-31 19:06","FileSnap.java","257013","84079","341092"
"2020-01-30 09:43","FileSnap.java","268636","84535","353171"
"2010-03-12 23:36","FileSnap.java","97530","13140","110670"
"2019-05-27 10:54","FileSnap.java","243027","84080","327107"
"2017-06-26 00:07","FileSnap.java","170957","22073","193030"
"2009-01-31 02:18","FileSnap.java","24408","7571","31979"
"2017-08-18 06:32","FileSnap.java","171010","22124","193134"
"2019-08-17 17:13","FileSnap.java","257706","84079","341785"
"2009-04-17 20:11","FileSnap.java","30521","9059","39580"
"2018-02-14 21:23","FileSnap.java","176198","22242","198440"
"2019-12-03 19:12","FileSnap.java","264777","84535","349312"
"2019-12-27 22:33","FileSnap.java","266840","84535","351375"
"2019-10-10 14:37","FileSnap.java","261459","84079","345538"
"2020-01-28 17:26","FileSnap.java","268560","84535","353095"
"2011-04-12 09:14","FileSnap.java","110166","15066","125232"
"2017-01-23 02:13","FileSnap.java","173114","21509","194623"
"2019-04-10 13:19","FileSnap.java","238975","84092","323067"
"2019-07-31 19:06","FileSnap.java","257013","84091","341104"
"2020-01-30 09:43","FileSnap.java","268636","84547","353183"
"2010-03-12 23:36","FileSnap.java","97519","13141","110660"
"2019-05-27 10:54","FileSnap.java","243027","84092","327119"
"2017-06-26 00:07","FileSnap.java","170950","22078","193028"
"2009-01-31 02:18","FileSnap.java","24394","7569","31963"
"2017-08-18 06:32","FileSnap.java","171003","22129","193132"
"2019-08-17 17:13","FileSnap.java","257706","84091","341797"
"2009-04-17 20:11","FileSnap.java","30507","9057","39564"
"2018-02-14 21:23","FileSnap.java","176191","22247","198438"
"2019-12-03 19:12","FileSnap.java","264777","84547","349324"
"2019-12-27 22:33","FileSnap.java","266840","84547","351387"
"2019-10-10 14:37","FileSnap.java","261459","84091","345550"
"2020-01-28 17:26","FileSnap.java","268560","84547","353107"
"2011-04-12 09:14","FileSnap.java","110155","15067","125222"
"2017-01-23 02:13","FileSnap.java","173103","21510","194613"
"2020-03-26 22:19","ZooKeeperAdmin.java","25083","12226","37309"
"2019-11-29 14:49","QuorumCnxManager.java","55762","37203","92965"
"2019-08-03 08:42","QuorumCnxManager.java","18784","6074","24858"
"2019-11-13 20:41","QuorumCnxManager.java","51418","31697","83115"
"2019-08-06 12:52","QuorumCnxManager.java","19098","6123","25221"
"2019-07-27 20:04","QuorumCnxManager.java","13347","4814","18161"
"2020-03-12 14:47","QuorumCnxManager.java","62869","38924","101793"
"2019-08-17 17:13","QuorumCnxManager.java","41005","29003","70008"
"2019-10-10 14:37","QuorumCnxManager.java","47176","31421","78597"
"2020-01-23 13:43","QuorumCnxManager.java","60626","38697","99323"
"2019-11-28 12:24","QuorumCnxManager.java","53816","36908","90724"
"2020-03-23 16:20","QuorumCnxManager.java","63104","38988","102092"
"2020-02-16 10:25","QuorumCnxManager.java","61475","38833","100308"
"2019-05-20 17:18","FinalRequestProcessorTest.java","8392","1573","9965"
"2019-08-17 17:13","FinalRequestProcessorTest.java","52154","30126","82280"
"2019-10-10 14:37","SessionTrackerImpl.java","260786","158337","419123"
"2019-09-20 10:02","SessionTrackerImpl.java","259953","158337","418290"
"2011-04-12 09:14","SessionTrackerImpl.java","40932","20763","61695"
"2011-11-14 20:18","SessionTrackerImpl.java","54737","24761","79498"
"2010-08-18 08:24","SessionTrackerImpl.java","44463","15339","59802"
"2013-10-09 22:21","SessionTrackerImpl.java","79933","29056","108989"
"2020-03-26 22:16","SessionTrackerImpl.java","270854","159366","430220"
"2015-03-08 23:07","SessionTrackerImpl.java","100919","31561","132480"
"2014-07-25 00:58","SessionTrackerImpl.java","96435","31355","127790"
"2014-07-23 20:17","SessionTrackerImpl.java","96429","31355","127784"
"2012-09-17 09:53","SessionTrackerImpl.java","63135","26985","90120"
"2015-02-06 06:17","SessionTrackerImpl.java","100714","31530","132244"
"2014-07-18 02:19","SessionTrackerImpl.java","95732","31299","127031"
"2018-09-18 01:00","SessionTrackerImpl.java","189743","97437","287180"
"2019-09-05 23:12","SessionTrackerImpl.java","257952","158337","416289"
"2019-08-17 17:13","SessionTrackerImpl.java","257033","158337","415370"
"2018-08-08 06:21","SessionTrackerImpl.java","167067","77867","244934"
"2018-05-09 23:57","SessionTrackerImpl.java","122414","36400","158814"
"2019-04-22 19:15","SessionTrackerImpl.java","239816","158338","398154"
"2012-12-19 19:07","SessionTrackerImpl.java","68306","28061","96367"
"2010-03-13 01:06","FLEZeroWeightTest.java","38562","13140","51702"
"2019-10-10 14:37","FLEZeroWeightTest.java","261252","142791","404043"
"2009-08-11 23:09","FLEZeroWeightTest.java","1632","713","2345"
"2011-04-12 09:14","FLEZeroWeightTest.java","59068","22887","81955"
"2010-03-31 06:26","FLEZeroWeightTest.java","40235","14566","54801"
"2012-04-23 01:20","FLEZeroWeightTest.java","77688","28265","105953"
"2017-09-11 18:55","FLEZeroWeightTest.java","131281","36249","167530"
"2019-08-17 17:13","FLEZeroWeightTest.java","257499","142791","400290"
"2019-07-12 17:01","FLEZeroWeightTest.java","252812","142791","395603"
"2015-07-10 08:19","Commands.java","12792","3805","16597"
"2019-07-31 19:06","Commands.java","255458","210259","465717"
"2019-11-29 14:49","Commands.java","264148","211699","475847"
"2018-11-17 18:37","Commands.java","224115","210148","434263"
"2018-09-18 01:00","Commands.java","140229","112356","252585"
"2019-08-17 17:13","Commands.java","256151","210259","466410"
"2019-06-29 00:33","Commands.java","244138","210259","454397"
"2019-06-03 19:40","Commands.java","241482","210259","451741"
"2019-07-15 14:15","Commands.java","251570","210259","461829"
"2018-07-12 01:33","Commands.java","48461","25662","74123"
"2019-07-25 23:43","Commands.java","252687","210259","462946"
"2019-06-05 12:14","Commands.java","242009","210259","452268"
"2019-08-06 01:43","Commands.java","257033","210259","467292"
"2019-05-27 10:54","Commands.java","241455","210243","451698"
"2019-06-04 10:55","Commands.java","241635","210259","451894"
"2019-05-15 11:56","Commands.java","240889","210243","451132"
"2019-12-03 10:01","Commands.java","264194","211699","475893"
"2018-09-11 00:17","Commands.java","137907","112236","250143"
"2019-11-20 07:00","Commands.java","260747","211699","472446"
"2018-06-08 16:52","Commands.java","39573","17243","56816"
"2017-11-15 22:33","CommitProcessor.java","165421","19985","185406"
"2019-08-17 17:13","CommitProcessor.java","257706","90121","347827"
"2012-12-08 00:38","CommitProcessor.java","118948","14392","133340"
"2009-02-20 01:23","CommitProcessor.java","16310","2703","19013"
"2019-07-30 02:31","CommitProcessor.java","255627","90121","345748"
"2016-05-15 23:31","CommitProcessor.java","159574","18658","178232"
"2019-08-03 08:42","CommitProcessor.java","258414","90121","348535"
"2019-04-09 15:35","CommitProcessor.java","238542","90100","328642"
"2019-04-25 02:11","CommitProcessor.java","241427","90122","331549"
"2019-01-07 14:24","CommitProcessor.java","232509","90094","322603"
"2011-04-12 09:14","CommitProcessor.java","99928","10870","110798"
"2011-10-28 18:37","CommitProcessor.java","108354","13637","121991"
"2015-03-08 23:07","CommitProcessor.java","151952","17087","169039"
"2010-08-18 08:24","CommitProcessor.java","107970","9957","117927"
"2014-07-15 23:54","CommitProcessor.java","143861","16873","160734"
"2014-03-23 04:12","CommitProcessor.java","135998","15439","151437"
"2020-03-25 03:38","CommitProcessor.java","270947","90577","361524"
"2019-10-10 14:37","CommitProcessor.java","261459","90121","351580"
"2019-11-11 13:55","CommitProcessor.java","263414","90121","353535"
"2009-12-03 03:12","CommitProcessor.java","72712","7781","80493"
"2019-12-27 22:33","CommitProcessor.java","266840","90577","357417"
"2020-03-12 14:47","CnxManagerTest.java","46386","35416","81802"
"2019-08-17 17:13","CnxManagerTest.java","23893","24866","48759"
"2019-11-29 14:49","CnxManagerTest.java","39079","33495","72574"
"2020-02-16 10:25","CnxManagerTest.java","44990","35323","80313"
"2019-10-10 14:37","CnxManagerTest.java","30435","27655","58090"
"2019-04-09 15:35","ClientCnxnSocketNetty.java","235823","228112","463935"
"2019-06-03 19:40","ClientCnxnSocketNetty.java","240406","228221","468627"
"2019-08-17 17:13","ClientCnxnSocketNetty.java","255076","228222","483298"
"2018-11-22 17:56","ClientCnxnSocketNetty.java","223632","228081","451713"
"2018-12-15 07:34","ClientCnxnSocketNetty.java","227508","228081","455589"
"2019-02-12 15:25","ClientCnxnSocketNetty.java","233768","228089","461857"
"2019-10-10 14:37","ClientCnxnSocketNetty.java","258830","228223","487053"
"2019-08-17 17:13","ProviderRegistry.java","50898","30130","81028"
"2019-10-10 14:37","ProviderRegistry.java","56740","32219","88959"
"2019-08-17 17:13","Util.java","255075","229095","484170"
"2019-04-10 13:19","Util.java","236306","229058","465364"
"2019-12-27 22:33","Util.java","265525","230867","496392"
"2019-11-28 12:24","DataTree.java","6767","5614","12381"
"2019-12-27 22:33","DataTree.java","11303","6378","17681"
"2019-11-11 13:59","DataTree.java","3880","223","4103"
"2019-11-08 17:30","DataTree.java","2052","191","2243"
"2019-07-29 17:15","TestCheckWriterReader.java","38161","14599","52760"
"2019-08-17 17:13","CRCTest.java","257500","142084","399584"
"2010-03-31 06:26","CRCTest.java","40968","14591","55559"
"2010-08-18 08:24","CRCTest.java","63794","17950","81744"
"2011-04-12 09:14","CRCTest.java","59741","22852","82593"
"2016-08-24 01:36","CRCTest.java","127020","34275","161295"
"2019-10-10 14:37","CRCTest.java","261253","142084","403337"
"2013-12-21 22:05","CRCTest.java","98786","29919","128705"
"2018-12-20 15:13","QuorumPeer.java","139233","146389","285622"
"2019-05-16 16:25","QuorumPeer.java","157105","153032","310137"
"2018-10-16 16:22","QuorumPeer.java","131085","113414","244499"
"2019-06-14 09:06","QuorumPeer.java","160327","153055","313382"
"2018-12-07 12:41","QuorumPeer.java","136242","146384","282626"
"2019-03-11 19:47","QuorumPeer.java","152093","152821","304914"
"2019-02-13 13:12","QuorumPeer.java","151036","152816","303852"
"2019-04-12 19:01","QuorumPeer.java","154089","153008","307097"
"2018-12-09 03:16","QuorumPeer.java","138316","146384","284700"
"2019-11-29 14:49","QuorumPeer.java","183968","158137","342105"
"2018-12-15 07:34","QuorumPeer.java","138232","146385","284617"
"2018-11-27 10:02","QuorumPeer.java","135992","146384","282376"
"2018-09-18 01:00","QuorumPeer.java","1409","154","1563"
"2019-06-03 19:40","QuorumPeer.java","157660","153055","310715"
"2019-07-15 14:15","QuorumPeer.java","168982","154289","323271"
"2019-07-03 00:44","QuorumPeer.java","161575","154288","315863"
"2019-08-17 17:13","QuorumPeer.java","174233","154959","329192"
"2019-05-15 11:56","QuorumPeer.java","157060","153032","310092"
"2019-06-05 00:33","QuorumPeer.java","158050","153055","311105"
"2019-05-20 23:13","QuorumPeer.java","157181","153035","310216"
"2019-06-04 10:55","QuorumPeer.java","157813","153055","310868"
"2019-07-12 17:01","QuorumPeer.java","168876","154289","323165"
"2020-01-09 11:27","QuorumPeer.java","185530","158153","343683"
"2018-10-01 06:11","QuorumPeer.java","4693","859","5552"
"2019-12-17 13:48","QuorumPeer.java","184548","158145","342693"
"2020-01-23 13:43","QuorumPeer.java","187419","158218","345637"
"2018-12-06 10:56","QuorumPeer.java","136186","146384","282570"
"2019-10-10 14:37","QuorumPeer.java","178988","155961","334949"
"2019-04-18 19:17","QuorumPeer.java","154799","153008","307807"
"2020-02-16 10:25","QuorumPeer.java","188204","158290","346494"
"2020-01-09 11:27","QuorumPeer.java","3127","1581","4708"
"2019-12-17 13:48","QuorumPeer.java","752","180","932"
"2020-01-23 13:43","QuorumPeer.java","5614","2244","7858"
"2020-02-16 10:25","QuorumPeer.java","8112","4029","12141"
"2012-08-28 21:51","ClientBase.java","7396","3201","10597"
"2017-06-08 17:51","ClientBase.java","71811","24311","96122"
"2012-07-17 23:19","ClientBase.java","6106","2985","9091"
"2017-04-18 01:37","ClientBase.java","71543","23411","94954"
"2018-09-07 02:49","ClientBase.java","167756","109186","276942"
"2019-07-31 19:06","ClientBase.java","255957","177820","433777"
"2015-02-06 06:17","ClientBase.java","52983","15294","68277"
"2017-09-11 18:55","ClientBase.java","73149","25191","98340"
"2019-08-17 17:13","ClientBase.java","256650","177820","434470"
"2015-03-28 20:08","ClientBase.java","55380","15480","70860"
"2019-06-07 14:13","ClientBase.java","242754","177820","420574"
"2018-04-24 00:20","ClientBase.java","79678","25944","105622"
"2018-08-08 06:21","ClientBase.java","144158","86453","230611"
"2018-05-09 23:57","ClientBase.java","80584","26065","106649"
"2019-06-24 11:05","ClientBase.java","243983","177820","421803"
"2012-12-11 08:42","ClientBase.java","11688","4160","15848"
"2017-01-13 19:29","ClientBase.java","71672","21374","93046"
"2016-06-23 23:25","ClientBase.java","64391","19999","84390"
"2014-01-03 01:40","ClientBase.java","28552","7327","35879"
"2014-01-25 01:17","ClientBase.java","30424","7393","37817"
"2019-11-14 16:44","ClientBase.java","264705","177848","442553"
"2019-10-10 14:37","ClientBase.java","260403","177820","438223"
"2012-03-15 17:47","ClientBase.java","1617","374","1991"
"2016-08-24 01:36","ClientBase.java","65482","20519","86001"
"2015-03-08 23:07","ClientBase.java","53215","15352","68567"
"2019-02-06 09:46","ZooKeeper.java","234277","177771","412048"
"2019-01-16 14:21","ZooKeeper.java","232553","177770","410323"
"2017-04-18 02:02","ZooKeeper.java","71510","23403","94913"
"2019-11-08 17:30","ZooKeeper.java","262292","177875","440167"
"2019-02-07 11:26","ZooKeeper.java","234906","177771","412677"
"2013-03-07 07:01","ZooKeeper.java","20359","6199","26558"
"2013-12-17 17:55","ZooKeeper.java","28236","7272","35508"
"2012-03-17 01:31","ZooKeeper.java","1875","370","2245"
"2012-11-17 15:03","ZooKeeper.java","10179","3555","13734"
"2017-05-01 17:19","ZooKeeper.java","71650","23416","95066"
"2014-01-24 07:18","ZooKeeper.java","30268","7375","37643"
"2019-08-17 17:13","ZooKeeper.java","256650","177847","434497"
"2015-06-04 19:51","ZooKeeper.java","56991","15773","72764"
"2016-10-07 21:51","ZooKeeper.java","66923","20654","87577"
"2015-03-16 09:09","ZooKeeper.java","53523","15349","68872"
"2015-03-17 18:06","ZooKeeper.java","54322","15438","69760"
"2016-05-02 18:15","ZooKeeper.java","63462","19959","83421"
"2019-06-26 10:57","ZooKeeper.java","244500","177847","422347"
"2019-06-03 19:40","ZooKeeper.java","241981","177847","419828"
"2018-05-09 23:57","ZooKeeper.java","80546","26054","106600"
"2019-08-03 08:42","ZooKeeper.java","257358","177847","435205"
"2016-11-13 20:59","ZooKeeper.java","69200","20678","89878"
"2013-02-03 15:52","ZooKeeper.java","15656","5559","21215"
"2012-09-28 18:32","ZooKeeper.java","7983","3327","11310"
"2017-07-28 00:36","ZooKeeper.java","72348","24980","97328"
"2017-08-18 23:35","ZooKeeper.java","72915","25062","97977"
"2017-07-04 07:56","ZooKeeper.java","72499","24521","97020"
"2020-04-16 12:50","ZooKeeper.java","271532","179155","450687"
"2018-07-27 05:16","ZooKeeper.java","100716","44206","144922"
"2019-10-10 14:37","ZooKeeper.java","260403","177847","438250"
"2014-04-01 04:03","ZooKeeper.java","32226","7853","40079"
"2012-12-19 19:16","ZooKeeper.java","14529","4925","19454"
"2019-02-11 12:34","ZooKeeper.java","235269","177771","413040"
"2014-07-08 20:18","ZooKeeper.java","43834","14574","58408"
"2020-05-17 15:13","ZooKeeper.java","271907","179159","451066"
"2017-01-09 22:49","ZooKeeper.java","71439","21349","92788"
"2019-03-12 19:08","ZooKeeper.java","236714","177788","414502"
"2014-07-22 06:51","ZooKeeper.java","48344","14886","63230"
"2014-04-29 02:23","ZooKeeper.java","40039","13881","53920"
"2010-01-26 01:17","SessionTrackerImpl.java","15103","3183","18286"
"2019-10-10 14:37","SessionTrackerImpl.java","260940","146571","407511"
"2019-09-20 10:02","SessionTrackerImpl.java","260107","146571","406678"
"2011-04-12 09:14","SessionTrackerImpl.java","53413","21324","74737"
"2011-11-14 20:18","SessionTrackerImpl.java","66538","24942","91480"
"2010-08-18 08:24","SessionTrackerImpl.java","57233","16189","73422"
"2013-10-09 22:21","SessionTrackerImpl.java","91490","28993","120483"
"2020-03-26 22:16","SessionTrackerImpl.java","270918","147510","418428"
"2015-03-08 23:07","SessionTrackerImpl.java","112287","31309","143596"
"2014-07-25 00:58","SessionTrackerImpl.java","107820","31120","138940"
"2014-07-23 20:17","SessionTrackerImpl.java","107814","31120","138934"
"2012-09-17 09:53","SessionTrackerImpl.java","74829","27059","101888"
"2015-02-06 06:17","SessionTrackerImpl.java","112087","31283","143370"
"2014-07-18 02:19","SessionTrackerImpl.java","107137","31084","138221"
"2018-09-18 01:00","SessionTrackerImpl.java","193167","89241","282408"
"2019-09-05 23:12","SessionTrackerImpl.java","258106","146571","404677"
"2019-08-17 17:13","SessionTrackerImpl.java","257187","146571","403758"
"2018-08-08 06:21","SessionTrackerImpl.java","170743","69923","240666"
"2018-05-09 23:57","SessionTrackerImpl.java","133364","35730","169094"
"2019-04-22 19:15","SessionTrackerImpl.java","239969","146571","386540"
"2012-12-19 19:07","SessionTrackerImpl.java","79934","28069","108003"
"2015-08-23 19:12","BaseSysTest.java","558","16","574"
"2018-12-20 07:24","BaseSysTest.java","229354","218802","448156"
"2020-03-26 22:20","BaseSysTest.java","270553","220461","491014"
"2017-09-11 18:55","BaseSysTest.java","18975","12795","31770"
"2019-07-12 17:01","BaseSysTest.java","251279","218914","470193"
"2019-08-27 09:23","ZNodeName.java","255710","224735","480445"
"2020-01-21 18:14","ZNodeName.java","264975","226469","491444"
"2009-07-17 00:09","CRCTest.java","10922","2831","13753"
"2019-08-17 17:13","CRCTest.java","257500","133993","391493"
"2010-03-31 06:26","CRCTest.java","49016","14548","63564"
"2010-08-18 08:24","CRCTest.java","71740","17805","89545"
"2011-04-12 09:14","CRCTest.java","67194","22214","89408"
"2016-08-24 01:36","CRCTest.java","130628","31778","162406"
"2019-10-10 14:37","CRCTest.java","261253","133993","395246"
"2013-12-21 22:05","CRCTest.java","102462","27490","129952"
"2019-08-17 17:13","StatsTrack.java","257687","102765","360452"
"2015-10-18 19:00","QuorumPeer.java","42451","13966","56417"
"2018-12-20 15:13","QuorumPeer.java","229877","191664","421541"
"2019-05-16 16:25","QuorumPeer.java","241189","191747","432936"
"2018-10-16 16:22","QuorumPeer.java","235343","172303","407646"
"2019-06-14 09:06","QuorumPeer.java","244404","191763","436167"
"2018-12-07 12:41","QuorumPeer.java","226890","191663","418553"
"2019-03-11 19:47","QuorumPeer.java","236324","191683","428007"
"2014-07-18 02:19","QuorumPeer.java","29702","10951","40653"
"2019-02-13 13:12","QuorumPeer.java","235273","191684","426957"
"2019-04-12 19:01","QuorumPeer.java","238197","191747","429944"
"2018-12-09 03:16","QuorumPeer.java","228964","191663","420627"
"2018-09-11 15:23","QuorumPeer.java","157127","111758","268885"
"2019-11-29 14:49","QuorumPeer.java","264309","193109","457418"
"2018-12-15 07:34","QuorumPeer.java","228879","191663","420542"
"2018-11-27 10:02","QuorumPeer.java","226640","191663","418303"
"2018-09-18 01:00","QuorumPeer.java","158446","111822","270268"
"2019-06-03 19:40","QuorumPeer.java","241737","191763","433500"
"2019-07-15 14:15","QuorumPeer.java","251825","191763","443588"
"2015-03-17 18:06","QuorumPeer.java","36957","12233","49190"
"2019-07-03 00:44","QuorumPeer.java","244419","191763","436182"
"2019-08-17 17:13","QuorumPeer.java","256406","191763","448169"
"2015-06-27 02:03","QuorumPeer.java","40180","12767","52947"
"2017-11-28 00:10","QuorumPeer.java","62058","24430","86488"
"2014-01-21 04:50","QuorumPeer.java","9042","1892","10934"
"2014-06-04 22:07","QuorumPeer.java","22602","9651","32253"
"2018-01-30 08:02","QuorumPeer.java","62567","24786","87353"
"2019-05-15 11:56","QuorumPeer.java","241144","191747","432891"
"2019-06-05 00:33","QuorumPeer.java","242127","191763","433890"
"2019-05-20 23:13","QuorumPeer.java","241262","191747","433009"
"2019-06-04 10:55","QuorumPeer.java","241890","191763","433653"
"2019-07-12 17:01","QuorumPeer.java","251719","191763","443482"
"2020-01-09 11:27","QuorumPeer.java","265855","193109","458964"
"2017-02-09 11:40","QuorumPeer.java","55824","19420","75244"
"2017-07-06 18:48","QuorumPeer.java","56957","22867","79824"
"2018-10-01 06:11","QuorumPeer.java","161189","111986","273175"
"2015-04-09 20:16","QuorumPeer.java","38061","12274","50335"
"2013-10-07 21:08","QuorumPeer.java","4073","1257","5330"
"2013-09-30 22:20","QuorumPeer.java","3445","1060","4505"
"2018-07-04 17:11","QuorumPeer.java","74414","33072","107486"
"2019-12-17 13:48","QuorumPeer.java","264881","193109","457990"
"2015-12-07 05:59","QuorumPeer.java","43478","14235","57713"
"2020-01-23 13:43","QuorumPeer.java","267679","193109","460788"
"2016-06-23 23:45","QuorumPeer.java","47817","17504","65321"
"2016-06-23 23:25","QuorumPeer.java","47680","17475","65155"
"2014-03-23 04:12","QuorumPeer.java","11589","2219","13808"
"2013-09-26 00:13","QuorumPeer.java","3180","1039","4219"
"2014-07-18 20:48","QuorumPeer.java","30380","11170","41550"
"2014-07-04 04:19","QuorumPeer.java","24398","9804","34202"
"2018-12-06 10:56","QuorumPeer.java","226834","191663","418497"
"2014-06-25 15:04","QuorumPeer.java","23116","9668","32784"
"2014-03-28 01:58","QuorumPeer.java","12023","2235","14258"
"2013-10-21 23:36","QuorumPeer.java","7098","1540","8638"
"2019-10-10 14:37","QuorumPeer.java","260159","191763","451922"
"2013-11-07 06:41","QuorumPeer.java","7661","1672","9333"
"2017-07-27 23:09","QuorumPeer.java","56969","23865","80834"
"2014-05-18 05:49","QuorumPeer.java","22042","9580","31622"
"2014-03-25 22:13","QuorumPeer.java","11837","2231","14068"
"2018-06-26 11:18","QuorumPeer.java","66468","25144","91612"
"2018-07-27 12:32","QuorumPeer.java","86012","43470","129482"
"2019-04-18 19:17","QuorumPeer.java","238907","191747","430654"
"2013-10-09 22:21","QuorumPeer.java","6718","1523","8241"
"2016-12-20 14:47","QuorumPeer.java","54518","19249","73767"
"2017-05-11 16:59","QuorumPeer.java","55836","22613","78449"
"2014-07-03 06:01","QuorumPeer.java","23886","9714","33600"
"2014-08-14 08:08","QuorumPeer.java","31667","11596","43263"
"2014-08-01 07:38","QuorumPeer.java","31167","11517","42684"
"2014-07-20 04:50","QuorumPeer.java","30477","11205","41682"
"2016-06-02 00:59","QuorumPeer.java","47279","17443","64722"
"2020-02-16 10:25","QuorumPeer.java","268392","193109","461501"
"2019-10-10 14:37","CRCTest.java","7470","3717","11187"
"2010-03-31 06:26","StatTest.java","97962","13777","111739"
"2019-08-17 17:13","StatTest.java","257706","84482","342188"
"2019-08-17 17:13","ZooKeeperSaslServer.java","256464","181829","438293"
"2017-11-28 00:10","ZooKeeperSaslServer.java","71961","24341","96302"
"2013-10-05 00:57","ZooKeeperSaslServer.java","16722","4195","20917"
"2019-10-10 14:37","JMXEnv.java","260113","197754","457867"
"2019-12-27 22:33","JMXEnv.java","266387","199103","465490"
"2014-01-25 01:17","JMXEnv.java","3014","207","3221"
"2015-11-03 08:11","JMXEnv.java","35374","12888","48262"
"2014-01-16 23:59","JMXEnv.java","1209","138","1347"
"2019-01-14 19:38","JMXEnv.java","231553","197655","429208"
"2014-06-04 22:07","JMXEnv.java","15063","8149","23212"
"2019-08-17 17:13","JMXEnv.java","256360","197754","454114"
"2019-06-03 19:40","JMXEnv.java","241691","197754","439445"
"2019-09-11 10:27","SerializeUtils.java","258260","183022","441282"
"2013-03-07 07:01","SerializeUtils.java","34896","12962","47858"
"2019-08-17 17:13","SerializeUtils.java","256904","183022","439926"
"2015-06-04 19:51","SerializeUtils.java","70562","21570","92132"
"2016-10-07 21:51","SerializeUtils.java","78972","24929","103901"
"2018-02-07 01:05","SerializeUtils.java","89206","28789","117995"
"2019-12-27 22:33","SerializeUtils.java","266680","184120","450800"
"2012-12-19 19:16","SerializeUtils.java","29692","12314","42006"
"2011-04-12 09:14","FilterOp.java","14937","15099","30036"
"2017-09-11 18:55","FilterOp.java","99601","39489","139090"
"2019-09-18 11:20","SyncCallTest.java","5204","2292","7496"
"2019-10-10 14:37","SyncCallTest.java","7470","3717","11187"
"2017-06-08 17:51","ClientBase.java","22790","12979","35769"
"2017-04-18 01:37","ClientBase.java","22467","12024","34491"
"2018-09-07 02:49","ClientBase.java","133235","112354","245589"
"2019-07-31 19:06","ClientBase.java","255411","214963","470374"
"2017-09-11 18:55","ClientBase.java","25332","15063","40395"
"2019-08-17 17:13","ClientBase.java","256104","214963","471067"
"2015-03-28 20:08","ClientBase.java","2502","291","2793"
"2019-06-07 14:13","ClientBase.java","242208","214963","457171"
"2018-04-24 00:20","ClientBase.java","32078","16033","48111"
"2018-08-08 06:21","ClientBase.java","103416","83400","186816"
"2018-05-09 23:57","ClientBase.java","33053","16223","49276"
"2019-06-24 11:05","ClientBase.java","243437","214963","458400"
"2017-01-13 19:29","ClientBase.java","21504","8895","30399"
"2016-06-23 23:25","ClientBase.java","13369","6666","20035"
"2019-11-14 16:44","ClientBase.java","264160","214992","479152"
"2019-10-10 14:37","ClientBase.java","259857","214963","474820"
"2016-08-24 01:36","ClientBase.java","14762","7488","22250"
"2015-03-08 23:07","ClientBase.java","280","106","386"
"2019-02-06 09:46","ZooKeeper.java","234113","179112","413225"
"2019-01-16 14:21","ZooKeeper.java","232389","179111","411500"
"2017-04-18 02:02","ZooKeeper.java","69828","23226","93054"
"2019-11-08 17:30","ZooKeeper.java","262144","179232","441376"
"2019-02-07 11:26","ZooKeeper.java","234742","179112","413854"
"2013-03-07 07:01","ZooKeeper.java","18558","5903","24461"
"2013-12-17 17:55","ZooKeeper.java","26453","6994","33447"
"2012-11-17 15:03","ZooKeeper.java","8324","3205","11529"
"2017-05-01 17:19","ZooKeeper.java","69968","23239","93207"
"2014-01-24 07:18","ZooKeeper.java","28485","7097","35582"
"2019-08-17 17:13","ZooKeeper.java","256502","179204","435706"
"2015-06-04 19:51","ZooKeeper.java","55225","15512","70737"
"2016-10-07 21:51","ZooKeeper.java","65201","20437","85638"
"2015-03-16 09:09","ZooKeeper.java","51754","15085","66839"
"2015-03-17 18:06","ZooKeeper.java","52555","15176","67731"
"2016-05-02 18:15","ZooKeeper.java","61731","19733","81464"
"2019-06-26 10:57","ZooKeeper.java","244352","179204","423556"
"2019-06-03 19:40","ZooKeeper.java","241833","179204","421037"
"2018-05-09 23:57","ZooKeeper.java","78886","25899","104785"
"2019-08-03 08:42","ZooKeeper.java","257210","179204","436414"
"2016-11-13 20:59","ZooKeeper.java","67478","20461","87939"
"2013-02-03 15:52","ZooKeeper.java","13855","5263","19118"
"2012-09-28 18:32","ZooKeeper.java","6128","2977","9105"
"2017-07-28 00:36","ZooKeeper.java","70669","24806","95475"
"2017-08-18 23:35","ZooKeeper.java","71236","24888","96124"
"2017-07-04 07:56","ZooKeeper.java","70819","24346","95165"
"2020-04-16 12:50","ZooKeeper.java","271386","180514","451900"
"2018-07-27 05:16","ZooKeeper.java","99144","44139","143283"
"2019-10-10 14:37","ZooKeeper.java","260255","179204","439459"
"2014-04-01 04:03","ZooKeeper.java","30445","7577","38022"
"2012-12-19 19:16","ZooKeeper.java","12699","4600","17299"
"2019-02-11 12:34","ZooKeeper.java","235105","179112","414217"
"2014-07-08 20:18","ZooKeeper.java","42062","14307","56369"
"2020-05-17 15:13","ZooKeeper.java","271761","180518","452279"
"2017-01-09 22:49","ZooKeeper.java","69717","21132","90849"
"2019-03-12 19:08","ZooKeeper.java","236550","179129","415679"
"2014-07-22 06:51","ZooKeeper.java","46571","14618","61189"
"2014-04-29 02:23","ZooKeeper.java","38259","13606","51865"
"2019-06-26 10:57","PrepRequestProcessorTest.java","243955","213025","456980"
"2019-09-05 23:12","PrepRequestProcessorTest.java","257024","213025","470049"
"2019-08-17 17:13","PrepRequestProcessorTest.java","256105","213025","469130"
"2018-08-08 06:21","PrepRequestProcessorTest.java","105595","83640","189235"
"2019-09-11 10:27","PrepRequestProcessorTest.java","257461","213025","470486"
"2018-09-18 01:00","PrepRequestProcessorTest.java","137780","112719","250499"
"2015-06-11 20:09","PrepRequestProcessorTest.java","7501","1880","9381"
"2019-12-27 22:33","PrepRequestProcessorTest.java","266230","214472","480702"
"2019-08-17 17:13","ClientCnxn.java","52449","30116","82565"
"2019-04-09 15:35","ClientCnxn.java","3948","758","4706"
"2019-11-08 17:30","ClientCnxn.java","60275","32328","92603"
"2019-03-06 03:32","ClientCnxn.java","2594","476","3070"
"2019-02-07 11:26","ClientCnxn.java","732","67","799"
"2020-05-17 15:13","ClientCnxn.java","79396","43118","122514"
"2020-03-03 03:12","ClientCnxn.java","73270","39202","112472"
"2020-01-21 17:53","ClientCnxn.java","69194","38865","108059"
"2019-10-10 14:37","ClientCnxn.java","58260","32174","90434"
"2019-11-21 05:58","ClientCnxn.java","62734","37234","99968"
"2020-04-16 12:50","ClientCnxn.java","75788","39881","115669"
"2019-08-17 17:13","ConnectionBean.java","256104","214963","471067"
"2019-10-10 14:37","ConnectionBean.java","259857","214963","474820"
"2019-08-17 17:13","CreateTTLTest.java","255827","223293","479120"
"2018-05-09 23:57","CreateTTLTest.java","17557","9334","26891"
"2017-06-01 05:45","CreateTTLTest.java","7039","5841","12880"
"2019-12-28 16:17","CreateTTLTest.java","265999","224880","490879"
"2015-07-10 08:19","ServerStats.java","6984","2748","9732"
"2019-04-12 19:01","ServerStats.java","237895","214947","452842"
"2019-01-07 14:39","ServerStats.java","230833","214853","445686"
"2018-09-18 01:00","ServerStats.java","135605","112483","248088"
"2019-08-17 17:13","ServerStats.java","256104","214963","471067"
"2018-07-12 01:33","ServerStats.java","43669","25621","69290"
"2018-06-08 16:52","ServerStats.java","34006","16427","50433"
"2019-10-10 14:37","ClientTest.java","259900","210991","470891"
"2019-12-28 16:17","ClientTest.java","266176","212435","478611"
"2017-01-09 22:49","ClientTest.java","25979","9536","35515"
"2017-05-01 17:19","ClientTest.java","27237","12650","39887"
"2018-11-22 17:56","ClientTest.java","224733","210880","435613"
"2017-06-30 22:43","ClientTest.java","27979","13871","41850"
"2019-03-06 03:32","ClientTest.java","235842","210901","446743"
"2019-08-17 17:13","ClientTest.java","256147","210991","467138"
"2019-08-17 17:13","Leader.java","24190","24898","49088"
"2019-11-29 14:49","Leader.java","39319","33470","72789"
"2020-03-25 03:38","Leader.java","47565","35488","83053"
"2019-12-27 22:33","Leader.java","41627","33657","75284"
"2019-10-10 14:37","Leader.java","30687","27642","58329"
"2019-01-31 15:55","SetQuotaCommand.java","232791","223774","456565"
"2019-08-17 17:13","SetQuotaCommand.java","255250","223892","479142"
"2019-12-28 16:17","SetQuotaCommand.java","265461","225518","490979"
"2019-07-17 13:42","SetQuotaCommand.java","251014","223892","474906"
"2019-12-27 22:33","GetProposalFromTxnTest.java","18682","10004","28686"
"2019-10-10 14:37","FLERestartTest.java","260503","177002","437505"
"2019-08-17 17:13","FLERestartTest.java","256750","177002","433752"
"2019-07-12 17:01","FLERestartTest.java","252063","177002","429065"
"2017-09-11 18:55","FLERestartTest.java","77503","28627","106130"
"2019-08-17 17:13","LocalSessionsOnlyTest.java","255186","224314","479500"
"2019-10-10 14:37","LocalSessionsOnlyTest.java","258940","224315","483255"
"2020-02-16 10:25","LearnerTest.java","1949","1707","3656"
"2019-02-06 09:46","ZooKeeper.java","234075","184193","418268"
"2019-01-16 14:21","ZooKeeper.java","232351","184192","416543"
"2017-04-18 02:02","ZooKeeper.java","63758","22275","86033"
"2019-11-08 17:30","ZooKeeper.java","262106","184313","446419"
"2019-02-07 11:26","ZooKeeper.java","234704","184193","418897"
"2013-03-07 07:01","ZooKeeper.java","10425","2889","13314"
"2013-12-17 17:55","ZooKeeper.java","18789","4449","23238"
"2017-05-01 17:19","ZooKeeper.java","63898","22288","86186"
"2014-01-24 07:18","ZooKeeper.java","20840","4571","25411"
"2019-08-17 17:13","ZooKeeper.java","256464","184285","440749"
"2015-06-04 19:51","ZooKeeper.java","48704","14110","62814"
"2016-10-07 21:51","ZooKeeper.java","58919","19274","78193"
"2015-03-16 09:09","ZooKeeper.java","45202","13652","58854"
"2015-03-17 18:06","ZooKeeper.java","46015","13755","59770"
"2016-05-02 18:15","ZooKeeper.java","55300","18421","73721"
"2019-06-26 10:57","ZooKeeper.java","244314","184285","428599"
"2019-06-03 19:40","ZooKeeper.java","241795","184285","426080"
"2018-05-09 23:57","ZooKeeper.java","72862","24994","97856"
"2019-08-03 08:42","ZooKeeper.java","257172","184285","441457"
"2016-11-13 20:59","ZooKeeper.java","61200","19302","80502"
"2013-02-03 15:52","ZooKeeper.java","5612","2139","7751"
"2017-07-28 00:36","ZooKeeper.java","64619","23875","88494"
"2017-08-18 23:35","ZooKeeper.java","65193","23964","89157"
"2017-07-04 07:56","ZooKeeper.java","64765","23411","88176"
"2020-04-16 12:50","ZooKeeper.java","271350","185597","456947"
"2018-07-27 05:16","ZooKeeper.java","93206","43320","136526"
"2019-10-10 14:37","ZooKeeper.java","260217","184285","444502"
"2014-04-01 04:03","ZooKeeper.java","22849","5100","27949"
"2012-12-19 19:16","ZooKeeper.java","4395","1415","5810"
"2019-02-11 12:34","ZooKeeper.java","235067","184193","419260"
"2014-07-08 20:18","ZooKeeper.java","35084","12448","47532"
"2020-05-17 15:13","ZooKeeper.java","271725","185601","457326"
"2017-01-09 22:49","ZooKeeper.java","63466","20000","83466"
"2019-03-12 19:08","ZooKeeper.java","236512","184210","420722"
"2014-07-22 06:51","ZooKeeper.java","39658","12824","52482"
"2014-04-29 02:23","ZooKeeper.java","30888","11354","42242"
"2019-07-02 07:34","Follower.java","244875","178740","423615"
"2018-12-09 03:16","Follower.java","229524","178674","408198"
"2019-04-12 19:01","Follower.java","238740","178741","417481"
"2013-03-07 07:01","Follower.java","39117","12880","51997"
"2015-02-06 06:17","Follower.java","70631","20892","91523"
"2018-09-18 01:00","Follower.java","180048","107187","287235"
"2019-08-17 17:13","Follower.java","256932","178740","435672"
"2019-06-29 00:33","Follower.java","244919","178740","423659"
"2019-08-06 17:11","Follower.java","258033","178740","436773"
"2019-07-15 14:15","Follower.java","252351","178740","431091"
"2019-08-23 19:43","Follower.java","257598","178740","436338"
"2017-11-28 00:10","Follower.java","91780","27915","119695"
"2019-06-05 00:33","Follower.java","242653","178740","421393"
"2011-06-14 07:14","Follower.java","2034","419","2453"
"2019-05-03 00:44","Follower.java","240930","178741","419671"
"2015-06-05 21:15","Follower.java","74590","21261","95851"
"2019-12-27 22:33","Follower.java","266704","179834","446538"
"2016-08-13 15:01","Follower.java","81537","24292","105829"
"2019-10-10 14:37","Follower.java","260685","178740","439425"
"2016-12-20 14:47","Follower.java","86597","25091","111688"
"2014-07-22 06:51","Follower.java","66160","20625","86785"
"2019-08-17 17:13","TruncateTest.java","30536","25849","56385"
"2020-01-28 17:26","TruncateTest.java","50781","35696","86477"
"2019-08-17 17:13","SimpleSysTest.java","256104","214963","471067"
"2015-07-07 07:11","SimpleSysTest.java","6831","2742","9573"
"2014-06-25 15:04","FastLeaderElection.java","106553","31657","138210"
"2018-12-06 10:56","FastLeaderElection.java","227983","142560","370543"
"2014-07-08 05:25","FastLeaderElection.java","108527","31995","140522"
"2014-07-18 20:48","FastLeaderElection.java","112729","32071","144800"
"2010-03-13 01:06","FastLeaderElection.java","38742","13133","51875"
"2014-03-23 04:12","FastLeaderElection.java","101058","30240","131298"
"2019-10-10 14:37","FastLeaderElection.java","261252","142604","403856"
"2013-10-21 23:36","FastLeaderElection.java","96999","29993","126992"
"2009-08-11 23:09","FastLeaderElection.java","1811","705","2516"
"2009-12-15 23:23","FastLeaderElection.java","17044","4569","21613"
"2019-09-30 23:22","FastLeaderElection.java","260879","142604","403483"
"2011-04-12 09:14","FastLeaderElection.java","59233","22865","82098"
"2014-07-20 04:50","FastLeaderElection.java","112810","32090","144900"
"2010-07-05 21:50","FastLeaderElection.java","53839","17129","70968"
"2020-04-07 09:07","FastLeaderElection.java","271513","143244","414757"
"2012-03-20 01:33","FastLeaderElection.java","76769","28034","104803"
"2019-01-18 03:42","FastLeaderElection.java","233480","142560","376040"
"2012-02-06 09:40","FastLeaderElection.java","73832","26548","100380"
"2017-09-11 18:55","FastLeaderElection.java","131422","36203","167625"
"2013-03-07 07:01","FastLeaderElection.java","91068","29620","120688"
"2018-08-29 06:26","FastLeaderElection.java","189538","84036","273574"
"2011-04-29 18:12","FastLeaderElection.java","59609","22906","82515"
"2015-02-06 06:17","FastLeaderElection.java","117207","32257","149464"
"2018-04-30 06:34","FastLeaderElection.java","137605","36404","174009"
"2019-08-17 17:13","FastLeaderElection.java","257499","142604","400103"
"2019-08-02 20:08","FastLeaderElection.java","258280","142604","400884"
"2012-08-03 00:17","FastLeaderElection.java","79521","28298","107819"
"2017-01-13 19:29","FastLeaderElection.java","132352","34793","167145"
"2011-06-14 07:14","FastLeaderElection.java","61308","22990","84298"
"2019-08-03 08:42","FastLeaderElection.java","258207","142604","400811"
"2018-12-20 07:24","BaseSysTest.java","229350","219340","448690"
"2020-03-26 22:20","BaseSysTest.java","270553","221003","491556"
"2017-09-11 18:55","BaseSysTest.java","18558","12920","31478"
"2019-07-12 17:01","BaseSysTest.java","251275","219452","470727"
"2013-01-25 07:46","NIOServerCnxnFactory.java","1512","666","2178"
"2015-03-17 18:06","NIOServerCnxnFactory.java","42648","12487","55135"
"2019-07-03 00:44","NIOServerCnxnFactory.java","244426","186333","430759"
"2019-08-17 17:13","NIOServerCnxnFactory.java","256413","186333","442746"
"2019-08-03 08:42","NIOServerCnxnFactory.java","257121","186333","443454"
"2019-04-22 19:15","NIOServerCnxnFactory.java","239179","186317","425496"
"2014-09-28 19:15","NIOServerCnxnFactory.java","38762","11976","50738"
"2018-11-23 11:51","NIOServerCnxnFactory.java","225086","186233","411319"
"2019-02-13 13:12","NIOServerCnxnFactory.java","235280","186254","421534"
"2014-07-18 02:19","NIOServerCnxnFactory.java","35645","11457","47102"
"2013-03-07 07:01","NIOServerCnxnFactory.java","6961","1524","8485"
"2018-10-24 04:03","NIOServerCnxnFactory.java","235329","166951","402280"
"2019-04-12 19:01","NIOServerCnxnFactory.java","238204","186317","424521"
"2018-06-15 08:02","NIOServerCnxnFactory.java","70818","24294","95112"
"2016-06-23 23:45","NIOServerCnxnFactory.java","53325","17575","70900"
"2014-03-23 04:12","NIOServerCnxnFactory.java","18348","3541","21889"
"2019-10-10 14:37","NIOServerCnxnFactory.java","260166","186333","446499"
"2019-11-14 03:54","NIOServerCnxnFactory.java","264450","186361","450811"
"2018-11-27 09:55","SaslAuthFailTest.java","225529","177044","402573"
"2019-08-17 17:13","SaslAuthFailTest.java","256904","177112","434016"
"2019-10-10 14:37","SaslAuthFailTest.java","260657","177112","437769"
"2018-06-08 16:52","ZooKeeperServerMain.java","196273","19271","215544"
"2019-04-18 19:17","ZooKeeperServerMain.java","240367","57537","297904"
"2011-04-12 09:14","ZooKeeperServerMain.java","134793","13007","147800"
"2019-11-11 13:59","ZooKeeperServerMain.java","265260","57537","322797"
"2008-10-01 08:26","ZooKeeperServerMain.java","17980","2895","20875"
"2012-03-06 09:20","ZooKeeperServerMain.java","138331","16152","154483"
"2010-08-18 08:24","ZooKeeperServerMain.java","143198","12457","155655"
"2019-11-28 12:24","ZooKeeperServerMain.java","263069","57850","320919"
"2019-11-25 15:37","ZooKeeperServerMain.java","262971","57850","320821"
"2016-08-13 15:01","ZooKeeperServerMain.java","185781","18852","204633"
"2009-06-05 06:44","ZooKeeperServerMain.java","84122","9645","93767"
"2015-06-04 19:51","ZooKeeperServerMain.java","181762","18783","200545"
"2019-08-17 17:13","ZooKeeperServerMain.java","257850","57537","315387"
"2015-03-17 18:06","ZooKeeperServerMain.java","179397","18752","198149"
"2017-07-28 00:36","ZooKeeperServerMain.java","188350","19221","207571"
"2009-04-07 00:19","ZooKeeperServerMain.java","56563","9019","65582"
"2009-01-15 23:57","ZooKeeperServerMain.java","40656","7947","48603"
"2008-11-18 18:22","ZooKeeperServerMain.java","36151","4162","40313"
"2013-12-07 11:16","ZooKeeperServerMain.java","159238","17230","176468"
"2019-04-12 19:01","ZooKeeperServerMain.java","239657","57537","297194"
"2018-09-11 15:23","ZooKeeperServerMain.java","226030","44740","270770"
"2014-07-18 02:19","ZooKeeperServerMain.java","173334","18662","191996"
"2017-02-12 00:12","ZooKeeperServerMain.java","188172","19097","207269"
"2019-10-09 16:49","SessionUpgradeQuorumTest.java","6090","2504","8594"
"2019-10-10 14:37","SessionUpgradeQuorumTest.java","7470","3717","11187"
"2019-04-12 19:01","QuorumPeerConfig.java","3740","879","4619"
"2019-08-17 17:13","QuorumPeerConfig.java","51153","30099","81252"
"2019-06-05 00:29","QuorumPeerConfig.java","8539","1818","10357"
"2020-01-09 11:27","QuorumPeerConfig.java","68007","38850","106857"
"2019-07-12 17:01","QuorumPeerConfig.java","22576","6209","28785"
"2019-05-15 11:56","QuorumPeerConfig.java","7136","1328","8464"
"2020-01-23 13:43","QuorumPeerConfig.java","70106","39125","109231"
"2019-10-10 14:37","QuorumPeerConfig.java","56995","32188","89183"
"2019-04-18 19:17","QuorumPeerConfig.java","4472","901","5373"
"2020-02-16 10:25","QuorumPeerConfig.java","70942","39248","110190"
"2020-05-14 18:18","QuorumPeerConfig.java","77826","42907","120733"
"2013-03-07 07:01","KeeperException.java","20359","6199","26558"
"2014-01-24 07:18","KeeperException.java","30268","7375","37643"
"2019-08-17 17:13","KeeperException.java","256650","177847","434497"
"2014-04-30 04:30","KeeperException.java","40053","13881","53934"
"2019-07-24 18:00","KeeperException.java","253105","177847","430952"
"2016-11-13 20:59","KeeperException.java","69200","20678","89878"
"2017-07-28 00:36","KeeperException.java","72348","24980","97328"
"2020-03-25 03:38","KeeperException.java","270743","179155","449898"
"2018-07-27 05:16","KeeperException.java","100716","44206","144922"
"2013-10-09 22:21","KeeperException.java","26484","7129","33613"
"2019-07-15 14:15","QuorumZooKeeperServer.java","14439","4504","18943"
"2019-06-26 10:57","QuorumZooKeeperServer.java","5644","3278","8922"
"2019-08-17 17:13","QuorumZooKeeperServer.java","43884","29368","73252"
"2019-11-29 14:49","QuorumZooKeeperServer.java","58611","37538","96149"
"2020-03-25 03:38","QuorumZooKeeperServer.java","66622","39321","105943"
"2019-10-10 14:37","QuorumZooKeeperServer.java","50040","31771","81811"
"2015-11-21 22:18","ManagedUtil.java","157564","17277","174841"
"2018-11-27 09:57","ManagedUtil.java","226376","90075","316451"
"2019-08-17 17:13","ManagedUtil.java","257706","90102","347808"
"2020-03-01 06:42","ManagedUtil.java","269545","90558","360103"
"2019-11-11 13:59","Login.java","3880","223","4103"
"2018-09-28 23:38","WatchesSummaryTest.java","133032","111425","244457"
"2019-08-17 17:13","WatchesSummaryTest.java","255966","218914","474880"
"2018-09-15 00:08","ZooKeeperServer.java","159880","109510","269390"
"2019-04-12 19:01","ZooKeeperServer.java","238198","187349","425547"
"2019-07-31 19:06","ZooKeeperServer.java","255714","187365","443079"
"2019-09-11 10:27","ZooKeeperServer.java","257763","187365","445128"
"2019-01-14 19:38","ZooKeeperServer.java","231600","187266","418866"
"2019-01-07 15:34","ZooKeeperServer.java","231201","187266","418467"
"2018-11-21 17:56","ZooKeeperServer.java","224396","187264","411660"
"2017-04-28 07:14","ZooKeeperServer.java","59983","21531","81514"
"2017-02-12 00:12","ZooKeeperServer.java","59026","21473","80499"
"2014-07-18 02:19","ZooKeeperServer.java","34510","11360","45870"
"2013-12-11 19:22","ZooKeeperServer.java","13944","2956","16900"
"2019-02-13 13:12","ZooKeeperServer.java","235274","187286","422560"
"2016-11-24 17:18","ZooKeeperServer.java","58394","19065","77459"
"2018-07-19 05:59","ZooKeeperServer.java","89025","42588","131613"
"2018-09-18 01:00","ZooKeeperServer.java","160592","109569","270161"
"2019-03-04 08:07","ZooKeeperServer.java","235850","187285","423135"
"2019-07-08 23:26","ZooKeeperServer.java","245183","187365","432548"
"2019-01-23 14:00","ZooKeeperServer.java","233036","187267","420303"
"2019-02-13 13:19","ZooKeeperServer.java","235560","187286","422846"
"2019-05-14 17:11","ZooKeeperServer.java","241058","187349","428407"
"2015-07-10 08:19","ZooKeeperServer.java","46165","14028","60193"
"2019-06-04 10:55","ZooKeeperServer.java","241891","187365","429256"
"2019-04-09 15:35","ZooKeeperServer.java","237185","187286","424471"
"2019-08-03 08:42","ZooKeeperServer.java","257115","187365","444480"
"2019-05-15 11:56","ZooKeeperServer.java","241145","187349","428494"
"2019-05-22 11:39","ZooKeeperServer.java","241591","187349","428940"
"2019-04-22 19:15","ZooKeeperServer.java","239173","187349","426522"
"2018-02-23 23:49","ZooKeeperServer.java","67343","24117","91460"
"2016-11-16 06:21","ZooKeeperServer.java","57806","18498","76304"
"2017-08-18 06:32","ZooKeeperServer.java","61212","23220","84432"
"2017-06-26 00:16","ZooKeeperServer.java","60641","22657","83298"
"2019-09-10 04:26","ZooKeeperServer.java","257452","187365","444817"
"2019-08-17 17:13","ZooKeeperServer.java","256407","187365","443772"
"2019-09-05 23:12","ZooKeeperServer.java","257326","187365","444691"
"2019-09-10 15:21","ZooKeeperServer.java","257450","187365","444815"
"2019-08-01 07:31","ZooKeeperServer.java","257078","187365","444443"
"2019-08-01 07:28","ZooKeeperServer.java","256588","187365","443953"
"2019-06-03 19:40","ZooKeeperServer.java","241738","187365","429103"
"2015-03-17 18:06","ZooKeeperServer.java","41532","12409","53941"
"2019-11-23 17:08","ZooKeeperServer.java","262453","188710","451163"
"2019-10-09 16:49","ZooKeeperServer.java","259993","187365","447358"
"2019-07-03 00:44","ZooKeeperServer.java","244420","187365","431785"
"2018-01-19 01:12","ZooKeeperServer.java","66220","24036","90256"
"2019-07-24 18:00","ZooKeeperServer.java","252862","187365","440227"
"2013-05-16 18:49","ZooKeeperServer.java","6007","1457","7464"
"2018-08-08 06:21","ZooKeeperServer.java","132813","84896","217709"
"2018-05-09 23:57","ZooKeeperServer.java","68998","24267","93265"
"2019-12-27 22:33","ZooKeeperServer.java","266430","188710","455140"
"2016-08-13 15:01","ZooKeeperServer.java","53442","18035","71477"
"2018-09-11 00:17","ZooKeeperServer.java","158326","109505","267831"
"2019-11-18 09:05","ZooKeeperServer.java","260896","188710","449606"
"2019-10-10 14:37","ZooKeeperServer.java","260160","187365","447525"
"2019-09-16 23:26","ZooKeeperServer.java","259426","187365","446791"
"2013-10-08 01:35","ZooKeeperServer.java","9898","2544","12442"
"2017-06-23 18:39","ZooKeeperServer.java","60595","22591","83186"
"2019-12-03 10:01","ZooKeeperServer.java","264355","188710","453065"
"2020-03-25 03:38","ZooKeeperServer.java","270537","188710","459247"
"2019-11-28 12:24","ZooKeeperServer.java","262658","188710","451368"
"2019-11-06 15:21","ZooKeeperServer.java","260404","187393","447797"
"2020-04-12 11:14","ZooKeeperServer.java","271290","188710","460000"
"2013-10-09 22:21","ZooKeeperServer.java","12397","2803","15200"
"2015-03-08 23:07","ZooKeeperServer.java","40363","12288","52651"
"2018-06-08 16:52","ZooKeeperServer.java","69854","24374","94228"
"2018-06-15 07:41","ZooKeeperServer.java","69863","24380","94243"
"2018-07-28 04:37","ZooKeeperServer.java","89661","42648","132309"
"2019-04-18 19:17","ZooKeeperServer.java","238908","187349","426257"
"2014-03-25 22:13","ZooKeeperServer.java","17440","3435","20875"
"2019-10-10 14:37","JMXEnv.java","260045","198757","458802"
"2019-12-27 22:33","JMXEnv.java","266387","200174","466561"
"2014-01-25 01:17","JMXEnv.java","1806","70","1876"
"2015-11-03 08:11","JMXEnv.java","34211","12796","47007"
"2019-01-14 19:38","JMXEnv.java","231477","198650","430127"
"2014-06-04 22:07","JMXEnv.java","13864","8021","21885"
"2019-08-17 17:13","JMXEnv.java","256292","198757","455049"
"2019-06-03 19:40","JMXEnv.java","241623","198757","440380"
"2020-02-11 06:50","NIOServerCnxn.java","12007","4655","16662"
"2019-08-17 17:13","Leader.java","43400","29390","72790"
"2019-06-29 00:33","Leader.java","5268","3271","8539"
"2019-07-15 14:15","Leader.java","13867","4438","18305"
"2019-07-25 21:41","Leader.java","15859","5366","21225"
"2019-08-03 08:42","Leader.java","21373","6655","28028"
"2019-11-29 14:49","Leader.java","58134","37567","95701"
"2020-03-25 03:38","Leader.java","66146","39351","105497"
"2019-12-27 22:33","Leader.java","60403","37715","98118"
"2019-10-10 14:37","Leader.java","49561","31798","81359"
"2019-01-31 15:55","ReconfigCommand.java","233845","198693","432538"
"2016-11-13 20:59","ReconfigCommand.java","44592","17380","61972"
"2019-08-17 17:13","ReconfigCommand.java","256292","198799","455091"
"2016-07-27 01:33","ReconfigCommand.java","40000","16541","56541"
"2011-11-14 20:18","SessionTracker.java","54737","24761","79498"
"2013-10-09 22:21","SessionTracker.java","79933","29056","108989"
"2014-07-18 02:19","SessionTracker.java","95732","31299","127031"
"2018-09-18 01:00","SessionTracker.java","189743","97437","287180"
"2019-09-05 23:12","SessionTracker.java","257952","158337","416289"
"2019-08-17 17:13","SessionTracker.java","257033","158337","415370"
"2018-08-08 06:21","SessionTracker.java","167067","77867","244934"
"2020-01-28 17:26","FileTxnLog.java","3701","1981","5682"
"2019-08-17 17:13","ReferenceCountedACLCacheTest.java","254922","229887","484809"
"2013-09-18 12:58","ClientCnxn.java","16531","4106","20637"
"2015-01-31 08:05","ClientCnxn.java","47073","13342","60415"
"2016-05-02 18:15","ClientCnxn.java","58010","18243","76253"
"2014-01-24 07:18","ClientCnxn.java","24019","4862","28881"
"2019-08-17 17:13","ClientCnxn.java","256464","181397","437861"
"2015-05-10 00:27","ClientCnxn.java","49930","13660","63590"
"2017-12-19 19:27","ClientCnxn.java","72582","24486","97068"
"2019-01-31 15:50","ClientCnxn.java","234038","181304","415342"
"2019-04-09 15:35","ClientCnxn.java","237247","181323","418570"
"2013-02-03 15:52","ClientCnxn.java","8908","2547","11455"
"2014-12-20 15:29","ClientCnxn.java","47055","13335","60390"
"2019-11-08 17:30","ClientCnxn.java","262106","181425","443531"
"2017-06-08 17:59","ClientCnxn.java","66908","23102","90010"
"2012-09-09 20:24","ClientCnxn.java","962","223","1185"
"2019-01-16 14:21","ClientCnxn.java","232351","181304","413655"
"2019-01-07 14:24","ClientCnxn.java","231200","181303","412503"
"2019-03-06 03:32","ClientCnxn.java","236174","181322","417496"
"2015-02-06 06:17","ClientCnxn.java","47354","13428","60782"
"2019-02-07 11:26","ClientCnxn.java","234704","181305","416009"
"2018-11-05 19:40","ClientCnxn.java","235751","162198","397949"
"2020-05-17 15:13","ClientCnxn.java","271725","182713","454438"
"2018-06-25 12:30","ClientCnxn.java","76472","24850","101322"
"2012-12-19 19:16","ClientCnxn.java","7752","1884","9636"
"2020-03-03 03:12","ClientCnxn.java","269511","182709","452220"
"2018-09-10 11:44","ClientCnxn.java","162842","108035","270877"
"2015-06-13 02:42","ClientCnxn.java","51705","13973","65678"
"2014-03-23 04:12","ClientCnxn.java","24949","5155","30104"
"2015-11-09 00:05","ClientCnxn.java","54439","15215","69654"
"2015-12-06 19:58","ClientCnxn.java","54849","15320","70169"
"2020-01-21 17:53","ClientCnxn.java","265772","182709","448481"
"2015-12-05 22:43","ClientCnxn.java","54846","15320","70166"
"2015-12-05 22:32","ClientCnxn.java","54840","15319","70159"
"2019-10-10 14:37","ClientCnxn.java","260217","181397","441614"
"2014-04-01 04:03","ClientCnxn.java","26027","5390","31417"
"2013-09-18 15:14","ClientCnxn.java","16553","4110","20663"
"2013-09-18 04:08","ClientCnxn.java","16440","4101","20541"
"2019-11-21 05:58","ClientCnxn.java","260943","182709","443652"
"2020-04-16 12:50","ClientCnxn.java","271350","182709","454059"
"2018-07-27 05:16","ClientCnxn.java","95764","42990","138754"
"2018-12-20 15:13","QuorumPeer.java","1037","40","1077"
"2019-05-16 16:25","QuorumPeer.java","20204","7978","28182"
"2019-06-14 09:06","QuorumPeer.java","24436","9011","33447"
"2019-03-11 19:47","QuorumPeer.java","14487","7062","21549"
"2019-02-13 13:12","QuorumPeer.java","13366","6993","20359"
"2019-04-12 19:01","QuorumPeer.java","16817","7583","24400"
"2019-11-29 14:49","QuorumPeer.java","77112","43128","120240"
"2019-06-03 19:40","QuorumPeer.java","20982","8224","29206"
"2019-07-15 14:15","QuorumPeer.java","35404","12558","47962"
"2019-07-03 00:44","QuorumPeer.java","26988","11548","38536"
"2019-08-17 17:13","QuorumPeer.java","63127","35700","98827"
"2019-05-15 11:56","QuorumPeer.java","20136","7955","28091"
"2019-06-05 00:33","QuorumPeer.java","21568","8420","29988"
"2019-05-20 23:13","QuorumPeer.java","20319","8020","28339"
"2019-06-04 10:55","QuorumPeer.java","21270","8359","29629"
"2019-07-12 17:01","QuorumPeer.java","35298","12558","47856"
"2020-01-09 11:27","QuorumPeer.java","79647","44117","123764"
"2019-12-17 13:48","QuorumPeer.java","77693","43137","120830"
"2020-01-23 13:43","QuorumPeer.java","81718","44364","126082"
"2019-10-10 14:37","QuorumPeer.java","68872","37692","106564"
"2019-04-18 19:17","QuorumPeer.java","17549","7605","25154"
"2020-02-16 10:25","QuorumPeer.java","82559","44492","127051"
"2019-02-06 09:46","ZooKeeper.java","232836","224564","457400"
"2019-01-16 14:21","ZooKeeper.java","231112","224563","455675"
"2019-11-08 17:30","ZooKeeper.java","260912","224729","485641"
"2019-02-07 11:26","ZooKeeper.java","233465","224564","458029"
"2019-08-17 17:13","ZooKeeper.java","255250","224681","479931"
"2019-06-26 10:57","ZooKeeper.java","243099","224680","467779"
"2019-06-03 19:40","ZooKeeper.java","240580","224680","465260"
"2018-05-09 23:57","ZooKeeper.java","10795","4537","15332"
"2019-08-03 08:42","ZooKeeper.java","255958","224681","480639"
"2017-07-28 00:36","ZooKeeper.java","1941","2807","4748"
"2017-08-18 23:35","ZooKeeper.java","2530","2911","5441"
"2017-07-04 07:56","ZooKeeper.java","994","1250","2244"
"2020-04-16 12:50","ZooKeeper.java","270512","226369","496881"
"2018-07-27 05:16","ZooKeeper.java","33850","25574","59424"
"2019-10-10 14:37","ZooKeeper.java","259003","224681","483684"
"2019-02-11 12:34","ZooKeeper.java","233828","224564","458392"
"2020-05-17 15:13","ZooKeeper.java","270915","226401","497316"
"2019-03-12 19:08","ZooKeeper.java","235277","224585","459862"
"2019-01-31 15:55","ReconfigCommand.java","233967","191684","425651"
"2016-11-13 20:59","ReconfigCommand.java","52873","18530","71403"
"2014-01-21 04:50","ReconfigCommand.java","9017","1886","10903"
"2019-08-17 17:13","ReconfigCommand.java","256406","191782","448188"
"2016-07-27 01:33","ReconfigCommand.java","48327","17737","66064"
"2019-07-02 07:34","Follower.java","244915","219580","464495"
"2018-12-09 03:16","Follower.java","229564","219514","449078"
"2019-04-12 19:01","Follower.java","238780","219581","458361"
"2013-03-07 07:01","Follower.java","40554","55117","95671"
"2015-02-06 06:17","Follower.java","71978","63039","135017"
"2011-04-29 18:12","Follower.java","1873","42673","44546"
"2011-02-07 20:26","Follower.java","137","120","257"
"2018-09-18 01:00","Follower.java","180920","148859","329779"
"2019-08-17 17:13","Follower.java","256972","219580","476552"
"2019-06-29 00:33","Follower.java","244959","219580","464539"
"2019-08-06 17:11","Follower.java","258073","219580","477653"
"2019-07-15 14:15","Follower.java","252391","219580","471971"
"2019-08-23 19:43","Follower.java","257638","219580","477218"
"2017-11-28 00:10","Follower.java","92968","69903","162871"
"2019-06-05 00:33","Follower.java","242693","219580","462273"
"2011-06-14 07:14","Follower.java","3905","43090","46995"
"2019-05-03 00:44","Follower.java","240970","219581","460551"
"2015-06-05 21:15","Follower.java","75924","63395","139319"
"2019-12-27 22:33","Follower.java","266723","220653","487376"
"2016-08-13 15:01","Follower.java","82818","66373","149191"
"2019-10-10 14:37","Follower.java","260725","219580","480305"
"2016-12-20 14:47","Follower.java","87861","67155","155016"
"2014-07-22 06:51","Follower.java","67513","62778","130291"
"2019-08-17 17:13","InvalidSnapCountTest.java","256147","211011","467158"
"2019-11-21 05:58","NIOServerCnxn.java","260637","221548","482185"
"2019-11-18 09:05","NIOServerCnxn.java","260614","221548","482162"
"2019-09-16 23:26","NIOServerCnxn.java","258940","219999","478939"
"2019-10-10 14:37","NIOServerCnxn.java","259674","219999","479673"
"2018-09-28 23:38","NIOServerCnxn.java","132067","111590","243657"
"2020-02-11 06:50","NIOServerCnxn.java","267991","221550","489541"
"2019-01-23 14:00","NIOServerCnxn.java","232537","219888","452425"
"2019-07-08 23:26","NIOServerCnxn.java","244696","219998","464694"
"2019-04-12 19:01","NIOServerCnxn.java","237710","219981","457691"
"2019-01-14 19:38","NIOServerCnxn.java","231101","219887","450988"
"2018-11-17 18:33","NIOServerCnxn.java","223882","219885","443767"
"2017-03-04 19:22","NIOServerCnxn.java","14619","9720","24339"
"2016-12-22 23:23","NIOServerCnxn.java","13199","6310","19509"
"2018-09-18 01:00","NIOServerCnxn.java","128811","110908","239719"
"2019-08-17 17:13","NIOServerCnxn.java","255921","219999","475920"
"2019-07-03 00:44","NIOServerCnxn.java","243933","219998","463931"
"2019-08-03 08:42","NIOServerCnxn.java","256629","219999","476628"
"2016-11-16 06:21","NIOServerCnxn.java","11682","5494","17176"
"2018-12-20 15:13","QuorumPeer.java","4695","1459","6154"
"2019-05-16 16:25","QuorumPeer.java","23843","9378","33221"
"2019-06-14 09:06","QuorumPeer.java","28049","10385","38434"
"2018-12-07 12:41","QuorumPeer.java","372","122","494"
"2019-03-11 19:47","QuorumPeer.java","18136","8472","26608"
"2019-02-13 13:12","QuorumPeer.java","17015","8403","25418"
"2019-04-12 19:01","QuorumPeer.java","20465","8992","29457"
"2018-12-09 03:16","QuorumPeer.java","2831","507","3338"
"2019-11-29 14:49","QuorumPeer.java","80044","43821","123865"
"2018-12-15 07:34","QuorumPeer.java","3674","1435","5109"
"2019-06-03 19:40","QuorumPeer.java","24616","9619","34235"
"2019-07-15 14:15","QuorumPeer.java","39013","13928","52941"
"2019-07-03 00:44","QuorumPeer.java","30603","12924","43527"
"2019-08-17 17:13","QuorumPeer.java","66092","36426","102518"
"2019-05-15 11:56","QuorumPeer.java","23775","9355","33130"
"2019-06-05 00:33","QuorumPeer.java","25184","9797","34981"
"2019-05-20 23:13","QuorumPeer.java","23958","9420","33378"
"2019-06-04 10:55","QuorumPeer.java","24886","9736","34622"
"2019-07-12 17:01","QuorumPeer.java","38907","13928","52835"
"2020-01-09 11:27","QuorumPeer.java","82577","44808","127385"
"2019-12-17 13:48","QuorumPeer.java","80625","43830","124455"
"2020-01-23 13:43","QuorumPeer.java","84648","45055","129703"
"2018-12-06 10:56","QuorumPeer.java","240","46","286"
"2019-10-10 14:37","QuorumPeer.java","71822","38403","110225"
"2019-04-18 19:17","QuorumPeer.java","21197","9014","30211"
"2020-02-16 10:25","QuorumPeer.java","85489","45183","130672"
"2019-08-17 17:13","PrepRequestProcessorMetricsTest.java","24433","25104","49537"
"2019-12-27 22:33","PrepRequestProcessorMetricsTest.java","41810","33803","75613"
"2019-08-17 17:13","WatchManagerOptimized.java","174218","158773","332991"
"2019-03-05 00:04","WatchManagerOptimized.java","151785","156632","308417"
"2019-04-12 19:01","WatchManagerOptimized.java","154074","156822","310896"
"2015-07-10 08:19","ServerStats.java","12792","3805","16597"
"2019-04-12 19:01","ServerStats.java","237942","210243","448185"
"2015-02-06 06:17","ServerStats.java","6147","1396","7543"
"2019-01-07 14:39","ServerStats.java","230881","210150","441031"
"2018-09-18 01:00","ServerStats.java","140229","112356","252585"
"2019-08-17 17:13","ServerStats.java","256151","210259","466410"
"2018-07-12 01:33","ServerStats.java","48461","25662","74123"
"2018-06-08 16:52","ServerStats.java","39573","17243","56816"
"2019-10-10 14:37","JUnit4ZKTestRunner.java","260045","198547","458592"
"2015-07-07 07:11","JUnit4ZKTestRunner.java","33362","12669","46031"
"2019-05-08 21:54","JUnit4ZKTestRunner.java","240778","198531","439309"
"2019-08-17 17:13","JUnit4ZKTestRunner.java","256292","198547","454839"
"2015-05-03 19:55","JUnit4ZKTestRunner.java","29835","10844","40679"
"2011-04-12 09:14","WadlTest.java","72010","20746","92756"
"2010-08-17 09:24","WadlTest.java","73013","16154","89167"
"2015-07-07 07:11","WadlTest.java","129600","27714","157314"
"2019-12-28 16:17","CreateTTLTest.java","18815","10230","29045"
"2014-06-25 15:04","FastLeaderElection.java","105627","31704","137331"
"2018-12-06 10:56","FastLeaderElection.java","227974","143657","371631"
"2014-07-08 05:25","FastLeaderElection.java","107610","32051","139661"
"2014-07-18 20:48","FastLeaderElection.java","111812","32127","143939"
"2010-03-13 01:06","FastLeaderElection.java","37494","12991","50485"
"2014-03-23 04:12","FastLeaderElection.java","100132","30287","130419"
"2019-10-10 14:37","FastLeaderElection.java","261243","143701","404944"
"2013-10-21 23:36","FastLeaderElection.java","96072","30039","126111"
"2009-12-15 23:23","FastLeaderElection.java","15624","4255","19879"
"2019-09-30 23:22","FastLeaderElection.java","260870","143701","404571"
"2011-04-12 09:14","FastLeaderElection.java","58101","22839","80940"
"2014-07-20 04:50","FastLeaderElection.java","111893","32146","144039"
"2010-07-05 21:50","FastLeaderElection.java","52666","17062","69728"
"2020-04-07 09:07","FastLeaderElection.java","271504","144341","415845"
"2012-03-20 01:33","FastLeaderElection.java","75789","28027","103816"
"2019-01-18 03:42","FastLeaderElection.java","233471","143657","377128"
"2012-02-06 09:40","FastLeaderElection.java","72840","26529","99369"
"2017-09-11 18:55","FastLeaderElection.java","130540","36294","166834"
"2013-03-07 07:01","FastLeaderElection.java","90140","29665","119805"
"2018-08-29 06:26","FastLeaderElection.java","188794","84265","273059"
"2011-04-29 18:12","FastLeaderElection.java","58480","22883","81363"
"2015-02-06 06:17","FastLeaderElection.java","116290","32313","148603"
"2018-04-30 06:34","FastLeaderElection.java","136725","36497","173222"
"2019-08-17 17:13","FastLeaderElection.java","257490","143701","401191"
"2019-08-02 20:08","FastLeaderElection.java","258271","143701","401972"
"2012-08-03 00:17","FastLeaderElection.java","78564","28314","106878"
"2017-01-13 19:29","FastLeaderElection.java","131445","34859","166304"
"2011-06-14 07:14","FastLeaderElection.java","60181","22969","83150"
"2019-08-03 08:42","FastLeaderElection.java","258198","143701","401899"
"2019-08-17 17:13","NIOConnectionFactoryFdLeakTest.java","256407","187173","443580"
"2019-10-10 14:37","NIOConnectionFactoryFdLeakTest.java","260160","187173","447333"
"2019-11-21 05:58","NIOServerCnxn.java","40","17","57"
"2020-02-11 06:50","NIOServerCnxn.java","12044","4669","16713"
"2018-08-06 14:11","SledgeHammer.java","180744","26382","207126"
"2019-08-17 17:13","SledgeHammer.java","257706","90102","347808"
"2010-01-25 04:35","SledgeHammer.java","76983","8482","85465"
"2011-09-17 02:13","SledgeHammer.java","108227","12124","120351"
"2016-08-24 01:36","SledgeHammer.java","160969","18985","179954"
"2019-10-09 16:49","SessionUpgradeQuorumTest.java","216515","191804","408319"
"2019-08-17 17:13","SessionUpgradeQuorumTest.java","212928","191803","404731"
"2019-10-10 14:37","SessionUpgradeQuorumTest.java","216682","191804","408486"
"2019-08-17 17:13","SaslSuperUserTest.java","255250","224212","479462"
"2019-10-10 14:37","LearnerHandler.java","259731","218396","478127"
"2015-06-12 23:02","LearnerHandler.java","158","33","191"
"2019-07-03 20:54","LearnerHandler.java","243971","218395","462366"
"2018-09-18 01:00","LearnerHandler.java","131328","111765","243093"
"2018-08-03 18:52","LearnerHandler.java","51220","35233","86453"
"2018-12-09 03:16","LearnerHandler.java","228523","218283","446806"
"2019-04-12 19:01","LearnerHandler.java","237767","218378","456145"
"2017-11-28 00:10","LearnerHandler.java","24980","14413","39393"
"2019-06-29 00:33","LearnerHandler.java","243964","218395","462359"
"2019-07-25 21:41","LearnerHandler.java","252461","218396","470857"
"2019-08-23 19:43","LearnerHandler.java","256644","218396","475040"
"2019-08-17 17:13","LearnerHandler.java","255978","218396","474374"
"2017-06-26 00:16","LearnerHandler.java","18663","12139","30802"
"2017-08-03 20:28","LearnerHandler.java","19869","13697","33566"
"2019-05-06 17:48","LearnerHandler.java","240273","218378","458651"
"2019-08-03 08:42","LearnerHandler.java","256686","218396","475082"
"2019-04-22 19:15","LearnerHandler.java","238742","218378","457120"
"2019-10-10 14:37","LearnerHandler.java","259731","218423","478154"
"2015-06-12 23:02","LearnerHandler.java","131","33","164"
"2019-07-03 20:54","LearnerHandler.java","243971","218422","462393"
"2018-09-18 01:00","LearnerHandler.java","131304","111768","243072"
"2018-08-03 18:52","LearnerHandler.java","51196","35236","86432"
"2018-12-09 03:16","LearnerHandler.java","228523","218310","446833"
"2019-04-12 19:01","LearnerHandler.java","237767","218405","456172"
"2017-11-28 00:10","LearnerHandler.java","24956","14416","39372"
"2019-06-29 00:33","LearnerHandler.java","243964","218422","462386"
"2019-07-25 21:41","LearnerHandler.java","252461","218423","470884"
"2019-08-23 19:43","LearnerHandler.java","256644","218423","475067"
"2019-08-17 17:13","LearnerHandler.java","255978","218423","474401"
"2017-06-26 00:16","LearnerHandler.java","18639","12142","30781"
"2017-08-03 20:28","LearnerHandler.java","19845","13700","33545"
"2019-05-06 17:48","LearnerHandler.java","240273","218405","458678"
"2019-08-03 08:42","LearnerHandler.java","256686","218423","475109"
"2019-04-22 19:15","LearnerHandler.java","238742","218405","457147"
"2019-12-27 22:33","FileTxnLog.java","11303","6378","17681"
"2020-01-28 17:26","FileTxnLog.java","14937","8292","23229"
"2019-10-10 14:37","SSLContextAndOptions.java","7470","3717","11187"
"2017-11-15 22:33","CommitProcessor.java","159857","27190","187047"
"2019-08-17 17:13","CommitProcessor.java","257683","103705","361388"
"2012-12-08 00:38","CommitProcessor.java","113062","21275","134337"
"2019-07-30 02:31","CommitProcessor.java","255604","103705","359309"
"2016-05-15 23:31","CommitProcessor.java","153887","25740","179627"
"2019-08-03 08:42","CommitProcessor.java","258391","103705","362096"
"2019-04-09 15:35","CommitProcessor.java","238519","103684","342203"
"2019-04-25 02:11","CommitProcessor.java","241404","103706","345110"
"2019-01-07 14:24","CommitProcessor.java","232486","103678","336164"
"2011-04-12 09:14","CommitProcessor.java","93189","17738","110927"
"2011-10-28 18:37","CommitProcessor.java","102406","20458","122864"
"2015-03-08 23:07","CommitProcessor.java","146221","24125","170346"
"2010-08-18 08:24","CommitProcessor.java","98550","14144","112694"
"2014-07-15 23:54","CommitProcessor.java","138100","23881","161981"
"2014-03-23 04:12","CommitProcessor.java","130149","22359","152508"
"2020-03-25 03:38","CommitProcessor.java","270926","104163","375089"
"2019-10-10 14:37","CommitProcessor.java","261436","103705","365141"
"2019-11-11 13:55","CommitProcessor.java","263391","103705","367096"
"2009-12-03 03:12","CommitProcessor.java","59860","8536","68396"
"2019-12-27 22:33","CommitProcessor.java","266819","104163","370982"
"2019-08-17 17:13","MockServerCnxn.java","54619","29911","84530"
"2019-07-03 00:44","MockServerCnxn.java","18299","5578","23877"
"2019-06-03 19:40","MockServerCnxn.java","12056","2017","14073"
"2019-11-18 09:05","MockServerCnxn.java","64796","36944","101740"
"2020-01-20 08:39","ZKConfig.java","12010","7863","19873"
"2020-01-20 09:06","ZKConfig.java","12107","7864","19971"
"2019-02-06 09:46","ZooKeeperTestable.java","233868","201735","435603"
"2019-08-17 17:13","ZooKeeperTestable.java","256271","201841","458112"
"2014-12-20 15:29","ZooKeeperTestable.java","23324","10241","33565"
"2013-03-07 07:01","QuorumMaj.java","15236","3398","18634"
"2017-09-11 18:55","QuorumMaj.java","69115","23506","92621"
"2019-08-17 17:13","QuorumMaj.java","256468","179987","436455"
"2020-01-23 13:43","QuorumPeerMain.java","7752","2731","10483"
"2020-02-16 10:25","QuorumPeerMain.java","10243","4509","14752"
"2019-04-12 19:01","ServerStats.java","8337","1369","9706"
"2019-08-17 17:13","ServerStats.java","55038","29877","84915"
"2019-05-14 17:11","SyncRequestProcessor.java","242509","58134","300643"
"2010-03-14 05:01","SyncRequestProcessor.java","121820","11390","133210"
"2019-06-05 00:46","SyncRequestProcessor.java","243702","58134","301836"
"2019-05-22 11:39","SyncRequestProcessor.java","243042","58134","301176"
"2009-02-20 01:23","SyncRequestProcessor.java","53712","7982","61694"
"2009-01-16 00:48","SyncRequestProcessor.java","39341","7218","46559"
"2013-09-30 22:20","SyncRequestProcessor.java","154704","17003","171707"
"2019-06-03 19:40","SyncRequestProcessor.java","243173","58134","301307"
"2019-08-17 17:13","SyncRequestProcessor.java","257842","58134","315976"
"2009-06-18 18:37","SyncRequestProcessor.java","85198","8997","94195"
"2009-11-07 08:16","SyncRequestProcessor.java","99781","10665","110446"
"2019-10-10 14:37","SyncRequestProcessor.java","261595","58134","319729"
"2013-10-24 20:41","SyncRequestProcessor.java","158242","17027","175269"
"2020-01-07 20:39","SyncRequestProcessor.java","267216","58455","325671"
"2020-03-25 03:38","SyncRequestProcessor.java","270948","58455","329403"
"2010-08-18 08:24","SyncRequestProcessor.java","142314","12178","154492"
"2015-03-08 23:07","SyncRequestProcessor.java","177557","18565","196122"
"2008-10-01 08:26","SyncRequestProcessor.java","16350","1870","18220"
"2011-04-12 09:14","SyncRequestProcessor.java","133947","12766","146713"
"2019-04-30 18:08","SyncRequestProcessor.java","241678","58134","299812"
"2019-10-10 14:37","ACLTest.java","260045","198547","458592"
"2016-08-24 01:36","ACLTest.java","40970","17092","58062"
"2017-09-11 18:55","ACLTest.java","50157","23284","73441"
"2016-11-13 20:59","ACLTest.java","44899","17435","62334"
"2019-05-06 18:32","ACLTest.java","240630","198531","439161"
"2017-08-18 23:35","ACLTest.java","49954","23159","73113"
"2019-08-17 17:13","ACLTest.java","256292","198547","454839"
"2014-04-25 23:40","ACLTest.java","12218","7770","19988"
"2019-08-17 17:13","PathTrieTest.java","23431","24887","48318"
"2019-11-21 05:58","NIOServerCnxn.java","260882","194853","455735"
"2015-11-08 22:36","NIOServerCnxn.java","40146","13206","53352"
"2019-11-18 09:05","NIOServerCnxn.java","260859","194853","455712"
"2019-09-16 23:26","NIOServerCnxn.java","259388","193507","452895"
"2019-10-10 14:37","NIOServerCnxn.java","260122","193507","453629"
"2013-10-05 00:57","NIOServerCnxn.java","1008","254","1262"
"2018-09-28 23:38","NIOServerCnxn.java","159334","111917","271251"
"2020-02-11 06:50","NIOServerCnxn.java","268234","194853","463087"
"2019-01-23 14:00","NIOServerCnxn.java","232998","193409","426407"
"2019-07-08 23:26","NIOServerCnxn.java","245145","193507","438652"
"2019-04-12 19:01","NIOServerCnxn.java","238160","193491","431651"
"2019-01-14 19:38","NIOServerCnxn.java","231562","193408","424970"
"2018-11-17 18:33","NIOServerCnxn.java","224343","193406","417749"
"2017-03-04 19:22","NIOServerCnxn.java","52760","20921","73681"
"2013-12-11 19:22","NIOServerCnxn.java","5571","763","6334"
"2016-12-22 23:23","NIOServerCnxn.java","52296","18467","70763"
"2018-09-18 01:00","NIOServerCnxn.java","156597","111754","268351"
"2019-08-17 17:13","NIOServerCnxn.java","256369","193507","449876"
"2015-06-28 21:09","NIOServerCnxn.java","38531","12899","51430"
"2015-03-28 20:08","NIOServerCnxn.java","35345","11413","46758"
"2019-07-03 00:44","NIOServerCnxn.java","244382","193507","437889"
"2019-08-03 08:42","NIOServerCnxn.java","257077","193507","450584"
"2016-11-16 06:21","NIOServerCnxn.java","50904","17776","68680"
"2014-05-09 23:37","LearnerTest.java","50316","20590","70906"
"2020-02-16 10:25","LearnerTest.java","268642","175664","444306"
"2020-01-28 17:26","LearnerTest.java","268400","175664","444064"
"2011-09-17 02:13","LearnerTest.java","6375","3785","10160"
"2015-03-15 08:54","LearnerTest.java","63399","21916","85315"
"2015-12-06 21:30","LearnerTest.java","70379","23542","93921"
"2019-08-17 17:13","LearnerTest.java","256904","174566","431470"
"2019-07-12 17:01","LearnerTest.java","252217","174566","426783"
"2019-02-13 13:12","LearnerTest.java","235797","174513","410310"
"2012-01-31 07:45","LearnerTest.java","11026","7894","18920"
"2019-11-29 14:49","LearnerTest.java","264559","175664","440223"
"2019-08-17 17:13","KeeperStateTest.java","256659","175348","432007"
"2019-10-10 14:37","LearnerHandler.java","259731","218521","478252"
"2019-07-03 20:54","LearnerHandler.java","243971","218520","462491"
"2018-09-18 01:00","LearnerHandler.java","131211","111773","242984"
"2018-08-03 18:52","LearnerHandler.java","51101","35239","86340"
"2018-12-09 03:16","LearnerHandler.java","228523","218408","446931"
"2019-04-12 19:01","LearnerHandler.java","237767","218503","456270"
"2017-11-28 00:10","LearnerHandler.java","24861","14419","39280"
"2019-06-29 00:33","LearnerHandler.java","243964","218520","462484"
"2019-07-25 21:41","LearnerHandler.java","252461","218521","470982"
"2019-08-23 19:43","LearnerHandler.java","256644","218521","475165"
"2019-08-17 17:13","LearnerHandler.java","255978","218521","474499"
"2017-06-26 00:16","LearnerHandler.java","18544","12145","30689"
"2017-08-03 20:28","LearnerHandler.java","19750","13703","33453"
"2019-05-06 17:48","LearnerHandler.java","240273","218503","458776"
"2019-08-03 08:42","LearnerHandler.java","256686","218521","475207"
"2019-04-22 19:15","LearnerHandler.java","238742","218503","457245"
"2016-05-02 18:15","SaslAuthDesignatedClientTest.java","63623","20097","83720"
"2019-08-17 17:13","SaslAuthDesignatedClientTest.java","256650","177824","434474"
"2012-09-28 18:32","SaslAuthDesignatedClientTest.java","8176","3497","11673"
"2013-09-29 22:24","SaslAuthDesignatedClientTest.java","23329","6845","30174"
"2014-02-12 17:00","ZKDatabase.java","87330","29215","116545"
"2019-10-10 14:37","ZKDatabase.java","260868","154969","415837"
"2010-01-26 01:17","ZKDatabase.java","4230","780","5010"
"2019-12-27 22:33","ZKDatabase.java","266740","155916","422656"
"2018-04-06 06:04","ZKDatabase.java","124019","36052","160071"
"2011-04-12 09:14","ZKDatabase.java","44456","20837","65293"
"2014-04-29 02:23","ZKDatabase.java","91731","30601","122332"
"2014-04-17 08:47","ZKDatabase.java","91022","30598","121620"
"2010-07-27 00:44","ZKDatabase.java","41189","14322","55511"
"2011-09-17 02:36","ZKDatabase.java","56899","22900","79799"
"2018-09-28 23:38","ZKDatabase.java","192864","94534","287398"
"2013-06-28 23:22","ZKDatabase.java","79750","28756","108506"
"2019-11-08 17:30","ZKDatabase.java","262729","154969","417698"
"2010-03-12 23:36","ZKDatabase.java","22628","9719","32347"
"2019-05-14 17:11","ZKDatabase.java","241783","154970","396753"
"2012-07-17 23:25","ZKDatabase.java","65645","26954","92599"
"2018-09-18 01:00","ZKDatabase.java","190192","94436","284628"
"2013-03-07 07:01","ZKDatabase.java","77685","28553","106238"
"2019-02-07 11:26","ZKDatabase.java","235396","154918","390314"
"2019-04-12 19:01","ZKDatabase.java","238923","154970","393893"
"2018-09-05 22:35","ZKDatabase.java","187883","94381","282264"
"2011-01-22 20:38","ZKDatabase.java","81138","16384","97522"
"2015-02-06 06:17","ZKDatabase.java","104073","31439","135512"
"2014-07-18 02:19","ZKDatabase.java","99091","31208","130299"
"2018-02-07 01:05","ZKDatabase.java","123642","36027","159669"
"2014-01-24 07:18","ZKDatabase.java","87047","29182","116229"
"2019-08-17 17:13","ZKDatabase.java","257115","154969","412084"
"2019-09-10 00:27","ZKDatabase.java","258055","154969","413024"
"2016-03-23 00:30","ZKDatabase.java","111169","33435","144604"
"2018-02-23 23:49","ZKDatabase.java","124007","36048","160055"
"2017-08-03 20:28","ZKDatabase.java","118079","35714","153793"
"2017-06-18 19:23","ZKDatabase.java","118233","35644","153877"
"2019-04-09 15:35","ZKDatabase.java","237934","154931","392865"
"2019-08-17 17:13","NIOServerCnxnFactory.java","24190","24898","49088"
"2019-10-10 14:37","NIOServerCnxnFactory.java","30687","27642","58329"
"2019-11-14 03:54","NIOServerCnxnFactory.java","35222","27921","63143"
"2019-05-14 17:11","SyncRequestProcessor.java","241683","167738","409421"
"2019-06-05 00:46","SyncRequestProcessor.java","242875","167737","410612"
"2019-05-22 11:39","SyncRequestProcessor.java","242216","167738","409954"
"2013-09-30 22:20","SyncRequestProcessor.java","69093","29536","98629"
"2019-06-03 19:40","SyncRequestProcessor.java","242346","167737","410083"
"2019-08-17 17:13","SyncRequestProcessor.java","257015","167737","424752"
"2019-10-10 14:37","SyncRequestProcessor.java","260768","167737","428505"
"2013-10-24 20:41","SyncRequestProcessor.java","72925","29854","102779"
"2020-01-07 20:39","SyncRequestProcessor.java","267115","168784","435899"
"2020-03-25 03:38","SyncRequestProcessor.java","270847","168784","439631"
"2010-08-18 08:24","SyncRequestProcessor.java","27375","7669","35044"
"2015-03-08 23:07","SyncRequestProcessor.java","97618","36770","134388"
"2011-04-12 09:14","SyncRequestProcessor.java","30339","19588","49927"
"2019-04-30 18:08","SyncRequestProcessor.java","240852","167738","408590"
"2019-04-10 13:19","FileSnap.java","238975","84073","323048"
"2019-07-31 19:06","FileSnap.java","257013","84072","341085"
"2020-01-30 09:43","FileSnap.java","268636","84528","353164"
"2010-03-12 23:36","FileSnap.java","97551","13154","110705"
"2019-05-27 10:54","FileSnap.java","243027","84073","327100"
"2017-06-26 00:07","FileSnap.java","170969","22078","193047"
"2009-01-31 02:18","FileSnap.java","24430","7586","32016"
"2017-08-18 06:32","FileSnap.java","171021","22128","193149"
"2019-08-17 17:13","FileSnap.java","257706","84072","341778"
"2009-04-17 20:11","FileSnap.java","30543","9074","39617"
"2018-02-14 21:23","FileSnap.java","176209","22246","198455"
"2019-12-03 19:12","FileSnap.java","264777","84528","349305"
"2019-12-27 22:33","FileSnap.java","266840","84528","351368"
"2019-10-10 14:37","FileSnap.java","261459","84072","345531"
"2020-01-28 17:26","FileSnap.java","268560","84528","353088"
"2011-04-12 09:14","FileSnap.java","110187","15080","125267"
"2017-01-23 02:13","FileSnap.java","173133","21521","194654"
"2019-08-17 17:13","ZooKeeperThreadTest.java","255966","218914","474880"
"2020-05-17 15:13","RemoveWatchesTest.java","271550","204254","475804"
"2014-04-29 02:23","RemoveWatchesTest.java","770","64","834"
"2019-09-18 11:20","RemoveWatchesTest.java","259068","202805","461873"
"2015-07-07 07:11","RemoveWatchesTest.java","21603","5304","26907"
"2019-10-10 14:37","RemoveWatchesTest.java","259909","202805","462714"
"2019-06-03 19:40","RemoveWatchesTest.java","241487","202805","444292"
"2016-05-02 18:15","RemoveWatchesTest.java","26968","8917","35885"
"2019-08-17 17:13","RemoveWatchesTest.java","256156","202805","458961"
"2015-05-05 04:38","RemoveWatchesTest.java","17973","3299","21272"
"2015-07-10 08:19","ServerStats.java","58319","16603","74922"
"2019-04-12 19:01","ServerStats.java","238456","178028","416484"
"2015-02-06 06:17","ServerStats.java","52549","15069","67618"
"2014-07-18 02:19","ServerStats.java","47333","14604","61937"
"2019-01-07 14:39","ServerStats.java","231410","177950","409360"
"2018-09-18 01:00","ServerStats.java","169704","109102","278806"
"2019-08-17 17:13","ServerStats.java","256649","178028","434677"
"2018-07-12 01:33","ServerStats.java","89375","33847","123222"
"2018-06-08 16:52","ServerStats.java","81019","25960","106979"
"2019-08-17 17:13","CommandBase.java","256151","210259","466410"
"2019-05-15 11:56","CommandBase.java","240889","210243","451132"
"2015-05-14 18:40","PortAssignment.java","120422","32162","152584"
"2019-08-17 17:13","PortAssignment.java","257500","142084","399584"
"2018-12-20 07:24","PortAssignment.java","230956","142040","372996"
"2011-04-12 09:14","PortAssignment.java","59741","22852","82593"
"2019-10-10 14:37","PortAssignment.java","261253","142084","403337"
"2014-06-25 15:04","FastLeaderElection.java","94117","31263","125380"
"2018-12-06 10:56","FastLeaderElection.java","227655","154707","382362"
"2014-07-08 05:25","FastLeaderElection.java","96100","31610","127710"
"2014-07-18 20:48","FastLeaderElection.java","100350","31734","132084"
"2010-03-13 01:06","FastLeaderElection.java","23793","10659","34452"
"2014-03-23 04:12","FastLeaderElection.java","88618","29842","118460"
"2019-10-10 14:37","FastLeaderElection.java","260932","154759","415691"
"2013-10-21 23:36","FastLeaderElection.java","84551","29587","114138"
"2019-09-30 23:22","FastLeaderElection.java","260559","154759","415318"
"2011-04-12 09:14","FastLeaderElection.java","45373","21480","66853"
"2014-07-20 04:50","FastLeaderElection.java","100431","31753","132184"
"2010-07-05 21:50","FastLeaderElection.java","39313","15078","54391"
"2020-04-07 09:07","FastLeaderElection.java","271500","155706","427206"
"2012-03-20 01:33","FastLeaderElection.java","63838","27145","90983"
"2019-01-18 03:42","FastLeaderElection.java","233152","154707","387859"
"2012-02-06 09:40","FastLeaderElection.java","60850","25608","86458"
"2017-09-11 18:55","FastLeaderElection.java","119475","36298","155773"
"2013-03-07 07:01","FastLeaderElection.java","78471","29065","107536"
"2018-08-29 06:26","FastLeaderElection.java","183724","90264","273988"
"2011-04-29 18:12","FastLeaderElection.java","45799","21571","67370"
"2015-02-06 06:17","FastLeaderElection.java","104844","31936","136780"
"2018-04-30 06:34","FastLeaderElection.java","125726","36567","162293"
"2019-08-17 17:13","FastLeaderElection.java","257179","154759","411938"
"2019-08-02 20:08","FastLeaderElection.java","257960","154759","412719"
"2012-08-03 00:17","FastLeaderElection.java","66710","27529","94239"
"2017-01-13 19:29","FastLeaderElection.java","120164","34647","154811"
"2011-06-14 07:14","FastLeaderElection.java","47550","21707","69257"
"2019-08-03 08:42","FastLeaderElection.java","257887","154759","412646"
"2014-07-08 05:25","FLELostMessageTest.java","108527","31995","140522"
"2011-04-12 09:14","FLELostMessageTest.java","59233","22865","82098"
"2010-03-31 06:26","FLELostMessageTest.java","40404","14548","54952"
"2011-09-17 02:13","FLELostMessageTest.java","70847","24504","95351"
"2019-08-17 17:13","FLELostMessageTest.java","257499","142604","400103"
"2017-11-28 00:10","FLELostMessageTest.java","135337","36261","171598"
"2019-07-12 17:01","FLELostMessageTest.java","252812","142604","395416"
"2012-08-03 00:17","FLELostMessageTest.java","79521","28298","107819"
"2019-08-17 17:13","LsCommand.java","256502","178872","435374"
"2019-01-31 15:55","LsCommand.java","234068","178779","412847"
"2014-03-29 04:33","LsCommand.java","28386","5514","33900"
"2017-05-27 00:52","LsCommand.java","68500","22228","90728"
"2016-09-08 22:52","LsCommand.java","62381","18397","80778"
"2020-01-09 22:51","LsCommand.java","265914","180182","446096"
"2016-07-27 01:33","LsCommand.java","61514","17918","79432"
"2019-12-28 16:17","LsCommand.java","266397","180182","446579"
"2019-07-31 19:06","FourLetterCommands.java","255273","219061","474334"
"2017-03-04 19:22","FourLetterCommands.java","15569","9687","25256"
"2016-11-24 17:18","FourLetterCommands.java","13302","6110","19412"
"2019-08-17 17:13","FourLetterCommands.java","255966","219061","475027"
"2019-08-17 17:13","RepeatStartupTest.java","256292","198547","454839"
"2019-09-26 08:55","BinaryInputArchiveTest.java","32345","26621","58966"
"2019-07-03 00:44","NIOServerCnxnFactory.java","9630","4399","14029"
"2019-08-17 17:13","NIOServerCnxnFactory.java","46975","29757","76732"
"2019-08-03 08:42","NIOServerCnxnFactory.java","25511","7585","33096"
"2019-10-10 14:37","NIOServerCnxnFactory.java","52843","31872","84715"
"2019-11-14 03:54","NIOServerCnxnFactory.java","57371","32144","89515"
"2019-08-17 17:13","ClientCnxnSocketNetty.java","44192","29523","73715"
"2019-10-10 14:37","ClientCnxnSocketNetty.java","50347","31925","82272"
"2020-05-17 15:13","RemoveWatchesTest.java","271550","204960","476510"
"2019-09-18 11:20","RemoveWatchesTest.java","259067","203510","462577"
"2015-07-07 07:11","RemoveWatchesTest.java","20855","5262","26117"
"2019-10-10 14:37","RemoveWatchesTest.java","259908","203510","463418"
"2019-06-03 19:40","RemoveWatchesTest.java","241486","203510","444996"
"2016-05-02 18:15","RemoveWatchesTest.java","26220","8875","35095"
"2019-08-17 17:13","RemoveWatchesTest.java","256155","203510","459665"
"2015-05-05 04:38","RemoveWatchesTest.java","17225","3257","20482"
"2019-08-17 17:13","PathUtilsTest.java","256407","187397","443804"
"2015-07-07 07:11","PathUtilsTest.java","45512","13554","59066"
"2019-08-17 17:13","CommitProcessor.java","26748","24669","51417"
"2019-08-03 08:42","CommitProcessor.java","3315","528","3843"
"2020-03-25 03:38","CommitProcessor.java","49817","34953","84770"
"2019-10-10 14:37","CommitProcessor.java","32997","27165","60162"
"2019-11-11 13:55","CommitProcessor.java","35138","27351","62489"
"2019-12-27 22:33","CommitProcessor.java","43899","33142","77041"
"2019-08-17 17:13","Leader.java","256464","185188","441652"
"2019-06-29 00:33","Leader.java","244451","185188","429639"
"2019-06-03 19:40","Leader.java","241795","185188","426983"
"2014-05-20 23:42","Leader.java","30135","11015","41150"
"2019-07-15 14:15","Leader.java","251883","185188","437071"
"2015-03-17 18:06","Leader.java","44612","13255","57867"
"2019-07-25 21:41","Leader.java","252947","185188","438135"
"2018-05-10 06:00","Leader.java","71978","24728","96706"
"2018-07-12 01:33","Leader.java","80911","32728","113639"
"2018-02-07 01:05","Leader.java","69570","24454","94024"
"2017-11-28 00:10","Leader.java","68316","24055","92371"
"2019-06-05 00:33","Leader.java","242185","185188","427373"
"2015-04-10 22:22","Leader.java","45711","13286","58997"
"2019-08-03 08:42","Leader.java","257172","185188","442360"
"2019-06-05 23:57","Leader.java","242454","185188","427642"
"2013-10-07 21:08","Leader.java","12925","3476","16401"
"2012-12-31 02:38","Leader.java","3062","941","4003"
"2017-01-13 19:29","Leader.java","62387","19643","82030"
"2019-01-07 14:55","Leader.java","231261","185094","416355"
"2019-04-12 19:01","Leader.java","238255","185172","423427"
"2018-12-09 03:16","Leader.java","229027","185093","414120"
"2018-08-17 14:40","Leader.java","135730","85251","220981"
"2019-11-29 14:49","Leader.java","264333","186500","450833"
"2013-03-07 07:01","Leader.java","8975","2342","11317"
"2018-11-27 10:02","Leader.java","226703","185093","411796"
"2015-02-06 06:17","Leader.java","43207","13072","56279"
"2017-02-15 23:04","Leader.java","61671","21883","83554"
"2014-07-18 02:19","Leader.java","37618","12234","49852"
"2018-08-29 06:26","Leader.java","155089","104402","259491"
"2018-08-03 18:52","Leader.java","92678","42997","135675"
"2013-05-14 14:27","Leader.java","9159","2401","11560"
"2017-09-11 18:55","Leader.java","64134","23730","87864"
"2018-09-18 01:00","Leader.java","162865","109608","272473"
"2016-12-20 14:47","Leader.java","61514","19612","81126"
"2014-07-20 04:50","Leader.java","38222","12317","50539"
"2014-06-10 00:19","Leader.java","31081","11027","42108"
"2016-06-23 23:25","Leader.java","54913","18075","72988"
"2016-06-23 23:45","Leader.java","55020","18074","73094"
"2020-03-25 03:38","Leader.java","270561","186500","457061"
"2014-03-23 04:12","Leader.java","20327","4324","24651"
"2019-12-27 22:33","Leader.java","266454","186500","452954"
"2016-08-13 15:01","Leader.java","56156","18515","74671"
"2013-10-21 23:36","Leader.java","15934","3743","19677"
"2019-10-10 14:37","Leader.java","260217","185188","445405"
"2013-11-07 06:41","Leader.java","16455","3833","20288"
"2017-11-15 22:33","CommitProcessor.java","13871","9351","23222"
"2019-08-17 17:13","CommitProcessor.java","255887","220971","476858"
"2019-07-30 02:31","CommitProcessor.java","253808","220971","474779"
"2019-08-03 08:42","CommitProcessor.java","256595","220971","477566"
"2019-04-09 15:35","CommitProcessor.java","236650","220877","457527"
"2019-04-25 02:11","CommitProcessor.java","239588","220952","460540"
"2019-01-07 14:24","CommitProcessor.java","230598","220852","451450"
"2020-03-25 03:38","CommitProcessor.java","270252","222551","492803"
"2019-10-10 14:37","CommitProcessor.java","259640","220971","480611"
"2019-11-11 13:55","CommitProcessor.java","261643","221019","482662"
"2019-12-27 22:33","CommitProcessor.java","266144","222550","488694"
"2011-04-12 09:14","AsyncHammerTest.java","27920","17408","45328"
"2010-05-05 22:32","AsyncHammerTest.java","2522","2750","5272"
"2019-10-10 14:37","AsyncHammerTest.java","260768","167976","428744"
"2019-08-17 17:13","AsyncHammerTest.java","257015","167976","424991"
"2017-05-01 17:19","AsyncHammerTest.java","110706","39674","150380"
"2019-08-17 17:13","StatTest.java","257015","167976","424991"
"2011-04-12 09:14","ChrootAsyncTest.java","27920","17408","45328"
"2019-10-10 14:37","ChrootAsyncTest.java","260768","167976","428744"
"2019-08-17 17:13","ChrootAsyncTest.java","257015","167976","424991"
"2019-10-10 14:37","ZooKeeperSaslClient.java","259657","220856","480513"
"2016-03-05 01:03","ZooKeeperSaslClient.java","73","1180","1253"
"2020-02-04 10:39","ZooKeeperSaslClient.java","267952","222420","490372"
"2019-01-31 15:50","ZooKeeperSaslClient.java","233457","220742","454199"
"2019-08-03 08:42","ZooKeeperSaslClient.java","256612","220856","477468"
"2017-11-28 00:10","ZooKeeperSaslClient.java","21159","13126","34285"
"2016-05-02 18:15","ZooKeeperSaslClient.java","3044","3296","6340"
"2019-08-17 17:13","ZooKeeperSaslClient.java","255904","220856","476760"
"2017-09-11 18:55","ProviderRegistry.java","178200","20667","198867"
"2019-02-13 13:19","ProviderRegistry.java","236921","72726","309647"
"2016-11-16 06:21","ProviderRegistry.java","178704","20033","198737"
"2019-08-17 17:13","ProviderRegistry.java","257710","72747","330457"
"2019-10-10 14:37","ProviderRegistry.java","261463","72747","334210"
"2011-04-12 09:14","ProviderRegistry.java","121343","14907","136250"
"2019-10-10 14:37","ZooKeeperSaslClient.java","259641","219733","479374"
"2020-02-04 10:39","ZooKeeperSaslClient.java","267951","221312","489263"
"2019-01-31 15:50","ZooKeeperSaslClient.java","233437","219615","453052"
"2019-08-03 08:42","ZooKeeperSaslClient.java","256596","219733","476329"
"2017-11-28 00:10","ZooKeeperSaslClient.java","21091","11951","33042"
"2016-05-02 18:15","ZooKeeperSaslClient.java","2972","2117","5089"
"2019-08-17 17:13","ZooKeeperSaslClient.java","255888","219733","475621"
"2018-12-20 15:13","QuorumPeer.java","139229","147640","286869"
"2019-05-16 16:25","QuorumPeer.java","157102","154284","311386"
"2018-10-16 16:22","QuorumPeer.java","131078","114662","245740"
"2019-06-14 09:06","QuorumPeer.java","160324","154307","314631"
"2018-12-07 12:41","QuorumPeer.java","136238","147635","283873"
"2019-03-11 19:47","QuorumPeer.java","152089","154072","306161"
"2019-02-13 13:12","QuorumPeer.java","151032","154067","305099"
"2019-04-12 19:01","QuorumPeer.java","154086","154260","308346"
"2018-12-09 03:16","QuorumPeer.java","138312","147635","285947"
"2019-11-29 14:49","QuorumPeer.java","183968","159392","343360"
"2018-12-15 07:34","QuorumPeer.java","138228","147636","285864"
"2018-11-27 10:02","QuorumPeer.java","135988","147635","283623"
"2019-06-03 19:40","QuorumPeer.java","157657","154307","311964"
"2019-07-15 14:15","QuorumPeer.java","168979","155541","324520"
"2019-07-03 00:44","QuorumPeer.java","161572","155540","317112"
"2019-08-17 17:13","QuorumPeer.java","174230","156211","330441"
"2019-05-15 11:56","QuorumPeer.java","157057","154284","311341"
"2019-06-05 00:33","QuorumPeer.java","158047","154307","312354"
"2019-05-20 23:13","QuorumPeer.java","157178","154287","311465"
"2019-06-04 10:55","QuorumPeer.java","157810","154307","312117"
"2019-07-12 17:01","QuorumPeer.java","168873","155541","324414"
"2020-01-09 11:27","QuorumPeer.java","185530","159408","344938"
"2018-10-01 06:11","QuorumPeer.java","3284","705","3989"
"2019-12-17 13:48","QuorumPeer.java","184548","159400","343948"
"2020-01-23 13:43","QuorumPeer.java","187419","159473","346892"
"2018-12-06 10:56","QuorumPeer.java","136182","147635","283817"
"2019-10-10 14:37","QuorumPeer.java","178985","157213","336198"
"2019-04-18 19:17","QuorumPeer.java","154796","154260","309056"
"2020-02-16 10:25","QuorumPeer.java","188204","159545","347749"
"2018-09-07 02:49","ClientBase.java","112144","101532","213676"
"2019-07-31 19:06","ClientBase.java","254493","224314","478807"
"2019-08-17 17:13","ClientBase.java","255186","224314","479500"
"2019-06-07 14:13","ClientBase.java","241289","224313","465602"
"2018-04-24 00:20","ClientBase.java","7072","1296","8368"
"2018-08-08 06:21","ClientBase.java","80408","70661","151069"
"2018-05-09 23:57","ClientBase.java","8101","1540","9641"
"2019-06-24 11:05","ClientBase.java","242518","224313","466831"
"2019-11-14 16:44","ClientBase.java","263262","224363","487625"
"2019-10-10 14:37","ClientBase.java","258940","224315","483255"
"2019-01-14 19:38","MockServerCnxn.java","15870","8653","24523"
"2019-08-17 17:13","MockServerCnxn.java","68633","36708","105341"
"2019-07-03 00:44","MockServerCnxn.java","33552","13614","47166"
"2019-06-03 19:40","MockServerCnxn.java","27625","10369","37994"
"2019-11-18 09:05","MockServerCnxn.java","78674","43605","122279"
"2019-10-10 14:37","SnapStream.java","7470","3717","11187"
"2019-09-26 14:16","SnapStream.java","5798","2479","8277"
"2019-12-03 19:12","SnapStream.java","16397","9782","26179"
"2018-12-20 07:24","QuorumPeerInstance.java","228198","231427","459625"
"2019-07-12 17:01","QuorumPeerInstance.java","250160","231576","481736"
"2019-08-17 17:13","KerberosName.java","256464","180083","436547"
"2019-08-17 17:13","ClientCnxn.java","48965","29822","78787"
"2019-11-08 17:30","ClientCnxn.java","56833","32076","88909"
"2020-05-17 15:13","ClientCnxn.java","76286","43198","119484"
"2020-03-03 03:12","ClientCnxn.java","70112","39234","109346"
"2020-01-21 17:53","ClientCnxn.java","65999","38860","104859"
"2019-10-10 14:37","ClientCnxn.java","54806","31910","86716"
"2019-11-21 05:58","ClientCnxn.java","59365","37055","96420"
"2020-04-16 12:50","ClientCnxn.java","72641","39924","112565"
"2019-02-06 09:46","ZooKeeper.java","234624","218392","453016"
"2019-01-16 14:21","ZooKeeper.java","232900","218391","451291"
"2017-04-18 02:02","ZooKeeper.java","89349","68828","158177"
"2019-11-08 17:30","ZooKeeper.java","262599","218456","481055"
"2019-02-07 11:26","ZooKeeper.java","235253","218392","453645"
"2013-03-07 07:01","ZooKeeper.java","41894","55320","97214"
"2011-07-01 00:53","ZooKeeper.java","9319","44672","53991"
"2013-12-17 17:55","ZooKeeper.java","49342","55964","105306"
"2012-02-06 09:56","ZooKeeper.java","22962","50548","73510"
"2012-03-17 01:31","ZooKeeper.java","24749","50830","75579"
"2012-11-17 15:03","ZooKeeper.java","32561","53523","86084"
"2017-05-01 17:19","ZooKeeper.java","89487","68839","158326"
"2014-01-24 07:18","ZooKeeper.java","51349","56042","107391"
"2019-08-17 17:13","ZooKeeper.java","256985","218456","475441"
"2015-06-04 19:51","ZooKeeper.java","77165","63533","140698"
"2016-10-07 21:51","ZooKeeper.java","85406","66723","152129"
"2015-03-16 09:09","ZooKeeper.java","73831","63243","137074"
"2015-03-17 18:06","ZooKeeper.java","74622","63324","137946"
"2016-05-02 18:15","ZooKeeper.java","82148","66231","148379"
"2019-06-26 10:57","ZooKeeper.java","244835","218456","463291"
"2019-06-03 19:40","ZooKeeper.java","242316","218456","460772"
"2018-05-09 23:57","ZooKeeper.java","97208","70302","167510"
"2019-08-03 08:42","ZooKeeper.java","257693","218456","476149"
"2016-11-13 20:59","ZooKeeper.java","87677","66741","154418"
"2013-02-03 15:52","ZooKeeper.java","37404","54893","92297"
"2012-09-28 18:32","ZooKeeper.java","30425","53355","83780"
"2017-07-28 00:36","ZooKeeper.java","89458","69676","159134"
"2017-08-18 23:35","ZooKeeper.java","90019","69752","159771"
"2017-07-04 07:56","ZooKeeper.java","90051","69659","159710"
"2020-04-16 12:50","ZooKeeper.java","271632","219529","491161"
"2018-07-27 05:16","ZooKeeper.java","116077","87153","203230"
"2019-10-10 14:37","ZooKeeper.java","260738","218456","479194"
"2014-04-01 04:03","ZooKeeper.java","53201","56414","109615"
"2012-12-19 19:16","ZooKeeper.java","36859","54841","91700"
"2019-02-11 12:34","ZooKeeper.java","235616","218392","454008"
"2014-07-08 20:18","ZooKeeper.java","64328","62654","126982"
"2010-11-30 21:16","ZooKeeper.java","989","622","1611"
"2020-05-17 15:13","ZooKeeper.java","272005","219531","491536"
"2017-01-09 22:49","ZooKeeper.java","89795","67291","157086"
"2011-05-20 01:17","ZooKeeper.java","4012","43191","47203"
"2019-03-12 19:08","ZooKeeper.java","237056","218404","455460"
"2011-09-06 00:58","ZooKeeper.java","18013","44603","62616"
"2014-07-22 06:51","ZooKeeper.java","68816","62944","131760"
"2014-04-29 02:23","ZooKeeper.java","60669","62097","122766"
"2019-11-08 17:30","FinalRequestProcessor.java","55697","31890","87587"
"2019-07-08 23:26","FinalRequestProcessor.java","11448","4479","15927"
"2019-09-10 04:26","FinalRequestProcessor.java","50108","30870","80978"
"2019-08-17 17:13","FinalRequestProcessor.java","47813","29620","77433"
"2019-06-26 10:57","FinalRequestProcessor.java","10264","4221","14485"
"2019-08-01 07:28","FinalRequestProcessor.java","25608","7234","32842"
"2019-07-03 00:44","FinalRequestProcessor.java","10602","4396","14998"
"2019-08-06 17:11","FinalRequestProcessor.java","26902","7608","34510"
"2020-03-25 03:38","FinalRequestProcessor.java","70200","39222","109422"
"2019-09-16 23:26","FinalRequestProcessor.java","52124","30912","83036"
"2019-10-10 14:37","FinalRequestProcessor.java","53666","31720","85386"
"2019-11-21 05:58","FinalRequestProcessor.java","58317","36957","95274"
"2019-11-18 09:05","FinalRequestProcessor.java","58284","36947","95231"
"2019-11-11 13:59","FinalRequestProcessor.java","57524","31921","89445"
"2020-03-26 22:12","FinalRequestProcessor.java","70255","39275","109530"
"2019-08-17 17:13","FLEOutOfElectionTest.java","65934","36462","102396"
"2013-10-09 22:21","LearnerSessionTracker.java","29094","8193","37287"
"2015-03-08 23:07","LearnerSessionTracker.java","55620","16238","71858"
"2019-10-10 14:37","LearnerSessionTracker.java","260412","176310","436722"
"2019-09-20 10:02","LearnerSessionTracker.java","259579","176310","435889"
"2019-08-17 17:13","LearnerSessionTracker.java","256659","176310","432969"
"2018-08-08 06:21","LearnerSessionTracker.java","145484","86260","231744"
"2014-07-18 02:19","LearnerSessionTracker.java","50180","15723","65903"
"2019-09-18 11:20","MultiOperationTest.java","258878","218914","477792"
"2015-11-21 22:18","MultiOperationTest.java","1808","320","2128"
"2019-06-26 10:57","MultiOperationTest.java","243815","218913","462728"
"2019-08-17 17:13","MultiOperationTest.java","255966","218914","474880"
"2019-11-08 17:30","Request.java","262518","183022","445540"
"2019-01-16 14:21","Request.java","232819","182957","415776"
"2019-04-25 02:11","Request.java","240625","183023","423648"
"2019-07-08 23:26","Request.java","245680","183022","428702"
"2015-02-06 06:17","Request.java","66549","21113","87662"
"2013-03-07 07:01","Request.java","34896","12962","47858"
"2019-02-07 11:26","Request.java","235172","182958","418130"
"2019-08-06 17:11","Request.java","258005","183022","441027"
"2019-08-01 07:28","Request.java","257085","183022","440107"
"2019-06-26 10:57","Request.java","244754","183022","427776"
"2014-01-24 07:18","Request.java","44485","13818","58303"
"2016-10-07 21:51","Request.java","78972","24929","103901"
"2015-06-04 19:51","Request.java","70562","21570","92132"
"2019-08-17 17:13","Request.java","256904","183022","439926"
"2019-04-17 14:16","Request.java","238977","183023","422000"
"2019-05-03 00:44","Request.java","240902","183023","423925"
"2019-06-05 00:46","Request.java","242764","183022","425786"
"2019-05-10 12:22","Request.java","241412","183023","424435"
"2020-03-25 03:38","Request.java","270787","184120","454907"
"2019-09-20 10:06","Request.java","259767","183022","442789"
"2019-09-16 23:26","Request.java","259923","183022","442945"
"2019-12-27 22:33","Request.java","266680","184120","450800"
"2019-11-11 13:59","Request.java","264314","183022","447336"
"2011-10-20 20:02","Request.java","11479","6267","17746"
"2012-12-19 19:16","Request.java","29692","12314","42006"
"2014-04-29 02:23","Request.java","53849","19917","73766"
"2013-10-09 22:21","Request.java","40764","13635","54399"
"2020-05-05 21:20","Request.java","271818","184120","455938"
"2014-02-12 17:00","ZKDatabase.java","83857","29192","113049"
"2019-10-10 14:37","ZKDatabase.java","260786","158337","419123"
"2019-12-27 22:33","ZKDatabase.java","266740","159366","426106"
"2018-04-06 06:04","ZKDatabase.java","120824","36307","157131"
"2011-04-12 09:14","ZKDatabase.java","40932","20763","61695"
"2014-04-29 02:23","ZKDatabase.java","88348","30668","119016"
"2014-04-17 08:47","ZKDatabase.java","87639","30665","118304"
"2010-07-27 00:44","ZKDatabase.java","37420","14003","51423"
"2011-09-17 02:36","ZKDatabase.java","53396","22847","76243"
"2018-09-28 23:38","ZKDatabase.java","192464","97584","290048"
"2013-06-28 23:22","ZKDatabase.java","76271","28727","104998"
"2019-11-08 17:30","ZKDatabase.java","262647","158337","420984"
"2010-03-12 23:36","ZKDatabase.java","18624","9165","27789"
"2019-05-14 17:11","ZKDatabase.java","241701","158338","400039"
"2012-07-17 23:25","ZKDatabase.java","62153","26912","89065"
"2018-09-18 01:00","ZKDatabase.java","189743","97437","287180"
"2013-03-07 07:01","ZKDatabase.java","74205","28523","102728"
"2019-02-07 11:26","ZKDatabase.java","235309","158281","393590"
"2019-04-12 19:01","ZKDatabase.java","238841","158338","397179"
"2018-09-05 22:35","ZKDatabase.java","187433","97381","284814"
"2011-01-22 20:38","ZKDatabase.java","77602","16298","93900"
"2015-02-06 06:17","ZKDatabase.java","100714","31530","132244"
"2014-07-18 02:19","ZKDatabase.java","95732","31299","127031"
"2018-02-07 01:05","ZKDatabase.java","120447","36282","156729"
"2014-01-24 07:18","ZKDatabase.java","83574","29159","112733"
"2019-08-17 17:13","ZKDatabase.java","257033","158337","415370"
"2019-09-10 00:27","ZKDatabase.java","257973","158337","416310"
"2016-03-23 00:30","ZKDatabase.java","107797","33513","141310"
"2018-02-23 23:49","ZKDatabase.java","120812","36303","157115"
"2017-08-03 20:28","ZKDatabase.java","114868","35953","150821"
"2017-06-18 19:23","ZKDatabase.java","115022","35883","150905"
"2019-04-09 15:35","ZKDatabase.java","237849","158296","396145"
"2019-08-17 17:13","KerberosUtil.java","44894","29685","74579"
"2015-07-07 07:11","DatadirCleanupManagerTest.java","62770","20199","82969"
"2019-08-17 17:13","DatadirCleanupManagerTest.java","256742","177119","433861"
"2019-08-17 17:13","DeleteAllCommand.java","256502","178872","435374"
"2019-06-06 00:01","DeleteAllCommand.java","242639","178872","421511"
"2017-05-27 00:52","DeleteAllCommand.java","68500","22228","90728"
"2016-07-27 01:33","DeleteAllCommand.java","61514","17918","79432"
"2019-08-17 17:13","CreateTTLTest.java","254922","230611","485533"
"2019-12-28 16:17","CreateTTLTest.java","265370","232474","497844"
"2019-04-09 15:35","ClientCnxnSocketNetty.java","236650","220493","457143"
"2018-01-30 21:56","ClientCnxnSocketNetty.java","18816","10370","29186"
"2019-06-03 19:40","ClientCnxnSocketNetty.java","241217","220586","461803"
"2019-08-17 17:13","ClientCnxnSocketNetty.java","255887","220587","476474"
"2018-11-22 17:56","ClientCnxnSocketNetty.java","224464","220467","444931"
"2018-12-15 07:34","ClientCnxnSocketNetty.java","228340","220467","448807"
"2019-02-12 15:25","ClientCnxnSocketNetty.java","234595","220470","455065"
"2016-12-30 23:01","ClientCnxnSocketNetty.java","9168","2782","11950"
"2019-10-10 14:37","ClientCnxnSocketNetty.java","259640","220587","480227"
"2019-08-17 17:13","ConnectionMetricsTest.java","44894","29685","74579"
"2019-11-08 17:30","Request.java","261747","214992","476739"
"2019-01-16 14:21","Request.java","231975","214854","446829"
"2019-04-25 02:11","Request.java","239808","214947","454755"
"2019-07-08 23:26","Request.java","244880","214963","459843"
"2019-02-07 11:26","Request.java","234328","214855","449183"
"2019-08-06 17:11","Request.java","257205","214963","472168"
"2019-08-01 07:28","Request.java","256285","214963","471248"
"2019-06-26 10:57","Request.java","243954","214963","458917"
"2016-10-07 21:51","Request.java","16370","7763","24133"
"2015-06-04 19:51","Request.java","5071","1515","6586"
"2019-08-17 17:13","Request.java","256104","214963","471067"
"2019-04-17 14:16","Request.java","238160","214947","453107"
"2019-05-03 00:44","Request.java","240085","214947","455032"
"2019-06-05 00:46","Request.java","241964","214963","456927"
"2019-05-10 12:22","Request.java","240595","214947","455542"
"2020-03-25 03:38","Request.java","270337","216411","486748"
"2019-09-20 10:06","Request.java","258967","214963","473930"
"2019-09-16 23:26","Request.java","259123","214963","474086"
"2019-12-27 22:33","Request.java","266229","216410","482639"
"2019-11-11 13:59","Request.java","263543","214992","478535"
"2020-05-05 21:20","Request.java","271368","216411","487779"
"2019-11-21 05:58","NIOServerCnxn.java","8908","8760","17668"
"2019-11-18 09:05","NIOServerCnxn.java","8869","8744","17613"
"2019-10-10 14:37","NIOServerCnxn.java","4181","3447","7628"
"2020-02-11 06:50","NIOServerCnxn.java","19177","11677","30854"
"2009-07-17 00:09","CRCTest.java","41691","4942","46633"
"2009-06-18 18:37","CRCTest.java","31669","3011","34680"
"2019-08-17 17:13","CRCTest.java","257584","105419","363003"
"2009-05-22 09:43","CRCTest.java","26278","1681","27959"
"2010-03-31 06:26","CRCTest.java","76326","13200","89526"
"2010-08-18 08:24","CRCTest.java","96444","13851","110295"
"2011-04-12 09:14","CRCTest.java","91292","17654","108946"
"2016-08-24 01:36","CRCTest.java","153478","26095","179573"
"2019-10-10 14:37","CRCTest.java","261337","105419","366756"
"2013-12-21 22:05","CRCTest.java","125732","22227","147959"
"2019-08-17 17:13","StringUtilTest.java","256407","187266","443673"
"2015-07-07 07:11","StringUtilTest.java","45650","13561","59211"
"2019-04-09 15:35","ClientCnxnSocketNetty.java","236857","215033","451890"
"2018-01-30 21:56","ClientCnxnSocketNetty.java","29996","15883","45879"
"2019-06-03 19:40","ClientCnxnSocketNetty.java","241419","215121","456540"
"2016-05-02 18:15","ClientCnxnSocketNetty.java","11960","6293","18253"
"2015-03-17 18:06","ClientCnxnSocketNetty.java","1207","159","1366"
"2019-08-17 17:13","ClientCnxnSocketNetty.java","256089","215122","471211"
"2018-11-22 17:56","ClientCnxnSocketNetty.java","224674","215010","439684"
"2018-12-15 07:34","ClientCnxnSocketNetty.java","228550","215010","443560"
"2019-02-12 15:25","ClientCnxnSocketNetty.java","234805","215013","449818"
"2016-12-30 23:01","ClientCnxnSocketNetty.java","20811","8758","29569"
"2019-10-10 14:37","ClientCnxnSocketNetty.java","259842","215122","474964"
"2016-11-13 20:59","CliCommand.java","4977","1224","6201"
"2019-01-31 15:55","CliCommand.java","233428","221735","455163"
"2019-08-17 17:13","CliCommand.java","255887","221853","477740"
"2011-08-21 02:53","AuthTest.java","13186","1735","14921"
"2019-08-17 17:13","AuthTest.java","256932","178405","435337"
"2012-03-02 03:44","AuthTest.java","21020","8362","29382"
"2019-11-21 05:58","NIOServerCnxn.java","4737","5323","10060"
"2019-11-18 09:05","NIOServerCnxn.java","4698","5307","10005"
"2020-02-11 06:50","NIOServerCnxn.java","16712","9946","26658"
"2015-10-18 19:00","QuorumPeer.java","182697","18573","201270"
"2018-12-20 15:13","QuorumPeer.java","231396","57795","289191"
"2019-05-16 16:25","QuorumPeer.java","242641","57811","300452"
"2009-01-15 23:57","QuorumPeer.java","39697","7270","46967"
"2018-10-16 16:22","QuorumPeer.java","252841","54162","307003"
"2019-06-14 09:06","QuorumPeer.java","245840","57811","303651"
"2008-10-01 10:40","QuorumPeer.java","17400","2496","19896"
"2010-03-16 23:25","QuorumPeer.java","122193","11414","133607"
"2008-09-04 19:02","QuorumPeer.java","677","354","1031"
"2008-10-03 15:06","QuorumPeer.java","17688","2620","20308"
"2008-09-19 03:24","QuorumPeer.java","2457","631","3088"
"2018-12-07 12:41","QuorumPeer.java","228410","57795","286205"
"2012-04-23 01:20","QuorumPeer.java","139869","16068","155937"
"2012-07-17 23:19","QuorumPeer.java","140654","16081","156735"
"2019-03-11 19:47","QuorumPeer.java","237824","57795","295619"
"2012-02-27 03:41","QuorumPeer.java","137645","15929","153574"
"2014-07-18 02:19","QuorumPeer.java","172822","18432","191254"
"2019-02-13 13:12","QuorumPeer.java","236772","57795","294567"
"2011-04-29 18:12","QuorumPeer.java","134617","12778","147395"
"2019-04-12 19:01","QuorumPeer.java","239649","57811","297460"
"2018-12-09 03:16","QuorumPeer.java","230484","57795","288279"
"2018-09-11 15:23","QuorumPeer.java","225553","44545","270098"
"2019-11-29 14:49","QuorumPeer.java","264720","58132","322852"
"2013-03-07 07:01","QuorumPeer.java","152547","16908","169455"
"2018-12-15 07:34","QuorumPeer.java","230399","57795","288194"
"2018-11-27 10:02","QuorumPeer.java","228160","57795","285955"
"2018-09-18 01:00","QuorumPeer.java","226845","44582","271427"
"2009-11-18 18:47","QuorumPeer.java","105510","10811","116321"
"2012-02-06 09:40","QuorumPeer.java","137361","15886","153247"
"2019-06-03 19:40","QuorumPeer.java","243173","57811","300984"
"2019-07-15 14:15","QuorumPeer.java","253261","57811","311072"
"2015-03-17 18:06","QuorumPeer.java","178892","18529","197421"
"2019-07-03 00:44","QuorumPeer.java","245855","57811","303666"
"2009-06-18 18:37","QuorumPeer.java","85726","9202","94928"
"2019-08-17 17:13","QuorumPeer.java","257842","57811","315653"
"2015-06-27 02:03","QuorumPeer.java","181614","18562","200176"
"2009-11-18 20:06","QuorumPeer.java","107851","10818","118669"
"2017-11-28 00:10","QuorumPeer.java","192296","19029","211325"
"2014-01-21 04:50","QuorumPeer.java","159792","17003","176795"
"2014-06-04 22:07","QuorumPeer.java","166927","18337","185264"
"2018-01-30 08:02","QuorumPeer.java","192452","19032","211484"
"2019-05-15 11:56","QuorumPeer.java","242596","57811","300407"
"2019-06-05 00:33","QuorumPeer.java","243563","57811","301374"
"2009-02-06 22:19","QuorumPeer.java","54035","8122","62157"
"2019-05-20 23:13","QuorumPeer.java","242714","57811","300525"
"2019-06-04 10:55","QuorumPeer.java","243326","57811","301137"
"2019-07-12 17:01","QuorumPeer.java","253155","57811","310966"
"2020-01-09 11:27","QuorumPeer.java","266266","58132","324398"
"2017-02-09 11:40","QuorumPeer.java","190930","18887","209817"
"2011-06-14 07:14","QuorumPeer.java","136244","12790","149034"
"2009-04-17 00:59","QuorumPeer.java","56389","8673","65062"
"2008-12-09 06:14","QuorumPeer.java","35761","3596","39357"
"2017-07-06 18:48","QuorumPeer.java","188738","19009","207747"
"2018-10-01 06:11","QuorumPeer.java","229509","44667","274176"
"2015-04-09 20:16","QuorumPeer.java","179958","18532","198490"
"2013-10-07 21:08","QuorumPeer.java","155423","16968","172391"
"2013-09-30 22:20","QuorumPeer.java","154991","16967","171958"
"2018-07-04 17:11","QuorumPeer.java","196733","19752","216485"
"2019-12-17 13:48","QuorumPeer.java","265292","58132","323424"
"2015-12-07 05:59","QuorumPeer.java","183461","18579","202040"
"2020-01-23 13:43","QuorumPeer.java","268090","58132","326222"
"2016-06-23 23:45","QuorumPeer.java","184577","18625","203202"
"2011-05-03 19:57","QuorumPeer.java","134622","12779","147401"
"2016-06-23 23:25","QuorumPeer.java","184469","18625","203094"
"2010-03-09 05:44","QuorumPeer.java","121348","11344","132692"
"2010-03-12 19:26","QuorumPeer.java","122137","11403","133540"
"2014-03-23 04:12","QuorumPeer.java","162086","17077","179163"
"2013-09-26 00:13","QuorumPeer.java","154751","16971","171722"
"2011-06-17 01:34","QuorumPeer.java","136336","12811","149147"
"2011-06-14 14:11","QuorumPeer.java","136271","12790","149061"
"2010-03-10 02:27","QuorumPeer.java","121565","11347","132912"
"2010-03-10 19:52","QuorumPeer.java","121655","11351","133006"
"2014-07-18 20:48","QuorumPeer.java","173286","18437","191723"
"2014-07-04 04:19","QuorumPeer.java","168570","18337","186907"
"2018-12-06 10:56","QuorumPeer.java","228354","57795","286149"
"2014-06-25 15:04","QuorumPeer.java","167424","18337","185761"
"2014-03-28 01:58","QuorumPeer.java","162504","17077","179581"
"2009-10-30 17:19","QuorumPeer.java","98636","10476","109112"
"2009-11-20 23:28","QuorumPeer.java","108129","10817","118946"
"2009-12-18 03:19","QuorumPeer.java","108937","11052","119989"
"2009-12-15 23:23","QuorumPeer.java","108560","10949","119509"
"2013-10-21 23:36","QuorumPeer.java","158193","16996","175189"
"2019-10-10 14:37","QuorumPeer.java","261595","57811","319406"
"2013-11-07 06:41","QuorumPeer.java","158624","16996","175620"
"2017-07-27 23:09","QuorumPeer.java","187757","19014","206771"
"2014-05-18 05:49","QuorumPeer.java","166434","18333","184767"
"2011-10-25 08:09","QuorumPeer.java","134791","15820","150611"
"2014-03-25 22:13","QuorumPeer.java","162322","17077","179399"
"2011-04-12 09:14","QuorumPeer.java","134255","12751","147006"
"2011-11-01 08:15","QuorumPeer.java","135000","15840","150840"
"2011-03-16 19:49","QuorumPeer.java","175634","12657","188291"
"2018-06-26 11:18","QuorumPeer.java","196042","19079","215121"
"2018-07-27 12:32","QuorumPeer.java","197952","19771","217723"
"2019-04-18 19:17","QuorumPeer.java","240359","57811","298170"
"2011-10-27 23:25","QuorumPeer.java","134972","15841","150813"
"2011-08-30 08:37","QuorumPeer.java","134993","13136","148129"
"2011-08-30 08:29","QuorumPeer.java","134981","13136","148117"
"2010-08-18 08:24","QuorumPeer.java","142646","12187","154833"
"2013-10-09 22:21","QuorumPeer.java","157831","16997","174828"
"2016-12-20 14:47","QuorumPeer.java","189767","18859","208626"
"2011-05-20 01:17","QuorumPeer.java","135105","12782","147887"
"2010-05-05 22:32","QuorumPeer.java","122594","11830","134424"
"2017-05-11 16:59","QuorumPeer.java","187859","18997","206856"
"2014-07-03 06:01","QuorumPeer.java","168147","18336","186483"
"2014-08-14 08:08","QuorumPeer.java","174191","18481","192672"
"2014-08-01 07:38","QuorumPeer.java","173773","18484","192257"
"2009-04-24 20:26","QuorumPeer.java","65067","8749","73816"
"2014-07-20 04:50","QuorumPeer.java","173355","18444","191799"
"2008-10-01 08:26","QuorumPeer.java","16966","2163","19129"
"2016-06-02 00:59","QuorumPeer.java","184100","18625","202725"
"2020-02-16 10:25","QuorumPeer.java","268803","58132","326935"
"2019-08-17 17:13","ZKTestCase.java","23743","24844","48587"
"2019-10-10 14:37","ZKTestCase.java","30296","27644","57940"
"2019-11-14 16:44","ZKTestCase.java","34854","27928","62782"
"2019-11-28 12:24","ZKTestCase.java","36963","33158","70121"
"2019-11-08 17:30","FinalRequestProcessor.java","59706","32424","92130"
"2019-07-08 23:26","FinalRequestProcessor.java","15870","5426","21296"
"2019-04-12 19:01","FinalRequestProcessor.java","4537","1062","5599"
"2019-09-10 04:26","FinalRequestProcessor.java","54154","31441","85595"
"2019-08-17 17:13","FinalRequestProcessor.java","51869","30201","82070"
"2019-06-26 10:57","FinalRequestProcessor.java","14706","5188","19894"
"2019-08-01 07:28","FinalRequestProcessor.java","30022","8173","38195"
"2019-07-03 00:44","FinalRequestProcessor.java","15039","5358","20397"
"2019-08-06 17:11","FinalRequestProcessor.java","31310","8541","39851"
"2020-03-25 03:38","FinalRequestProcessor.java","73840","39387","113227"
"2019-09-16 23:26","FinalRequestProcessor.java","56170","31483","87653"
"2019-10-10 14:37","FinalRequestProcessor.java","57691","32270","89961"
"2019-11-21 05:58","FinalRequestProcessor.java","62168","37333","99501"
"2019-11-18 09:05","FinalRequestProcessor.java","62135","37323","99458"
"2019-11-11 13:59","FinalRequestProcessor.java","61533","32455","93988"
"2020-03-26 22:12","FinalRequestProcessor.java","73895","39440","113335"
"2019-02-12 15:25","NettyUtils.java","18618","8490","27108"
"2019-08-17 17:13","NettyUtils.java","67761","36458","104219"
"2019-10-10 14:37","NettyUtils.java","73487","38431","111918"
"2015-10-18 19:00","QuorumPeer.java","112176","31656","143832"
"2018-12-20 15:13","QuorumPeer.java","230707","151805","382512"
"2019-05-16 16:25","QuorumPeer.java","241986","151855","393841"
"2018-10-16 16:22","QuorumPeer.java","238928","123853","362781"
"2019-06-14 09:06","QuorumPeer.java","245185","151855","397040"
"2010-03-16 23:25","QuorumPeer.java","26558","10478","37036"
"2018-12-07 12:41","QuorumPeer.java","227721","151805","379526"
"2012-04-23 01:20","QuorumPeer.java","67079","26882","93961"
"2012-07-17 23:19","QuorumPeer.java","67918","26949","94867"
"2019-03-11 19:47","QuorumPeer.java","237148","151818","388966"
"2012-02-27 03:41","QuorumPeer.java","63540","25428","88968"
"2014-07-18 02:19","QuorumPeer.java","101876","31090","132966"
"2019-02-13 13:12","QuorumPeer.java","236093","151815","387908"
"2011-04-29 18:12","QuorumPeer.java","48357","21217","69574"
"2019-04-12 19:01","QuorumPeer.java","238994","151855","390849"
"2018-12-09 03:16","QuorumPeer.java","229795","151805","381600"
"2018-09-11 15:23","QuorumPeer.java","191142","93738","284880"
"2019-11-29 14:49","QuorumPeer.java","264683","152794","417477"
"2013-03-07 07:01","QuorumPeer.java","80494","28459","108953"
"2018-12-15 07:34","QuorumPeer.java","229710","151805","381515"
"2018-11-27 10:02","QuorumPeer.java","227471","151805","379276"
"2018-09-18 01:00","QuorumPeer.java","192450","93791","286241"
"2012-02-06 09:40","QuorumPeer.java","63023","25152","88175"
"2019-06-03 19:40","QuorumPeer.java","242518","151855","394373"
"2019-07-15 14:15","QuorumPeer.java","252606","151855","404461"
"2015-03-17 18:06","QuorumPeer.java","108109","31350","139459"
"2019-07-03 00:44","QuorumPeer.java","245200","151855","397055"
"2019-08-17 17:13","QuorumPeer.java","257187","151855","409042"
"2015-06-27 02:03","QuorumPeer.java","110994","31546","142540"
"2017-11-28 00:10","QuorumPeer.java","125321","35658","160979"
"2014-01-21 04:50","QuorumPeer.java","88247","29062","117309"
"2014-06-04 22:07","QuorumPeer.java","95626","30640","126266"
"2018-01-30 08:02","QuorumPeer.java","125507","35691","161198"
"2019-05-15 11:56","QuorumPeer.java","241941","151855","393796"
"2019-06-05 00:33","QuorumPeer.java","242908","151855","394763"
"2019-05-20 23:13","QuorumPeer.java","242059","151855","393914"
"2019-06-04 10:55","QuorumPeer.java","242671","151855","394526"
"2019-07-12 17:01","QuorumPeer.java","252500","151855","404355"
"2020-01-09 11:27","QuorumPeer.java","266229","152794","419023"
"2017-02-09 11:40","QuorumPeer.java","122491","34052","156543"
"2011-06-14 07:14","QuorumPeer.java","50078","21323","71401"
"2017-07-06 18:48","QuorumPeer.java","121533","35408","156941"
"2018-10-01 06:11","QuorumPeer.java","195127","93889","289016"
"2015-04-09 20:16","QuorumPeer.java","109179","31357","140536"
"2013-10-07 21:08","QuorumPeer.java","83667","28816","112483"
"2013-09-30 22:20","QuorumPeer.java","83104","28684","111788"
"2018-07-04 17:11","QuorumPeer.java","136381","43004","179385"
"2019-12-17 13:48","QuorumPeer.java","265255","152794","418049"
"2015-12-07 05:59","QuorumPeer.java","113013","31735","144748"
"2020-01-23 13:43","QuorumPeer.java","268053","152794","420847"
"2016-06-23 23:45","QuorumPeer.java","115650","33302","148952"
"2011-05-03 19:57","QuorumPeer.java","48362","21218","69580"
"2016-06-23 23:25","QuorumPeer.java","115542","33302","148844"
"2010-03-09 05:44","QuorumPeer.java","25580","10275","35855"
"2010-03-12 19:26","QuorumPeer.java","26435","10400","36835"
"2014-03-23 04:12","QuorumPeer.java","90624","29219","119843"
"2013-09-26 00:13","QuorumPeer.java","82848","28672","111520"
"2011-06-17 01:34","QuorumPeer.java","50203","21377","71580"
"2011-06-14 14:11","QuorumPeer.java","50103","21321","71424"
"2010-03-10 02:27","QuorumPeer.java","25801","10282","36083"
"2010-03-10 19:52","QuorumPeer.java","25896","10291","36187"
"2014-07-18 20:48","QuorumPeer.java","102344","31099","133443"
"2014-07-04 04:19","QuorumPeer.java","97277","30648","127925"
"2018-12-06 10:56","QuorumPeer.java","227665","151805","379470"
"2014-06-25 15:04","QuorumPeer.java","96124","30641","126765"
"2014-03-28 01:58","QuorumPeer.java","91046","29223","120269"
"2009-11-20 23:28","QuorumPeer.java","3359","746","4105"
"2009-12-18 03:19","QuorumPeer.java","4919","1733","6652"
"2009-12-15 23:23","QuorumPeer.java","4001","1089","5090"
"2013-10-21 23:36","QuorumPeer.java","86560","28967","115527"
"2019-10-10 14:37","QuorumPeer.java","260940","151855","412795"
"2013-11-07 06:41","QuorumPeer.java","87015","28991","116006"
"2017-07-27 23:09","QuorumPeer.java","120555","35416","155971"
"2014-05-18 05:49","QuorumPeer.java","95122","30625","125747"
"2011-10-25 08:09","QuorumPeer.java","60174","24807","84981"
"2014-03-25 22:13","QuorumPeer.java","90861","29220","120081"
"2011-04-12 09:14","QuorumPeer.java","47981","21176","69157"
"2011-11-01 08:15","QuorumPeer.java","60460","24904","85364"
"2011-03-16 19:49","QuorumPeer.java","85294","17016","102310"
"2018-06-26 11:18","QuorumPeer.java","129215","35856","165071"
"2018-07-27 12:32","QuorumPeer.java","146756","52179","198935"
"2019-04-18 19:17","QuorumPeer.java","239704","151855","391559"
"2011-10-27 23:25","QuorumPeer.java","60376","24849","85225"
"2011-08-30 08:37","QuorumPeer.java","58497","20244","78741"
"2011-08-30 08:29","QuorumPeer.java","58479","20238","78717"
"2010-08-18 08:24","QuorumPeer.java","51785","16025","67810"
"2013-10-09 22:21","QuorumPeer.java","86198","28968","115166"
"2016-12-20 14:47","QuorumPeer.java","121281","33977","155258"
"2011-05-20 01:17","QuorumPeer.java","48862","21238","70100"
"2010-05-05 22:32","QuorumPeer.java","30604","14539","45143"
"2017-05-11 16:59","QuorumPeer.java","120614","35356","155970"
"2014-07-03 06:01","QuorumPeer.java","96855","30648","127503"
"2014-08-14 08:08","QuorumPeer.java","103272","31166","134438"
"2014-08-01 07:38","QuorumPeer.java","102851","31166","134017"
"2014-07-20 04:50","QuorumPeer.java","102425","31118","133543"
"2016-06-02 00:59","QuorumPeer.java","115173","33302","148475"
"2020-02-16 10:25","QuorumPeer.java","268766","152794","421560"
"2014-02-12 17:00","LearnerHandler.java","99408","30232","129640"
"2014-03-23 04:12","LearnerHandler.java","99913","30350","130263"
"2010-01-25 04:28","LearnerHandler.java","19652","5250","24902"
"2019-10-10 14:37","LearnerHandler.java","261243","143983","405226"
"2015-06-05 20:38","LearnerHandler.java","119817","32563","152380"
"2015-06-05 20:51","LearnerHandler.java","119844","32563","152407"
"2015-06-12 23:02","LearnerHandler.java","119949","32570","152519"
"2010-03-11 15:05","LearnerHandler.java","36758","12927","49685"
"2009-10-30 17:19","LearnerHandler.java","3666","2030","5696"
"2009-11-30 13:03","LearnerHandler.java","14809","3970","18779"
"2011-04-12 09:14","LearnerHandler.java","57867","22887","80754"
"2013-09-26 14:05","LearnerHandler.java","92360","29875","122235"
"2019-07-03 20:54","LearnerHandler.java","245484","143983","389467"
"2011-09-14 08:56","LearnerHandler.java","69560","21940","91500"
"2011-08-30 08:37","LearnerHandler.java","68240","21829","90069"
"2010-07-29 23:10","LearnerHandler.java","55855","17110","72965"
"2011-09-17 02:36","LearnerHandler.java","69631","24571","94202"
"2012-04-23 01:20","LearnerHandler.java","76646","28291","104937"
"2013-06-28 23:22","LearnerHandler.java","91929","29874","121803"
"2018-09-18 01:00","LearnerHandler.java","195639","88822","284461"
"2010-11-04 17:01","LearnerHandler.java","92094","18077","110171"
"2012-02-06 09:40","LearnerHandler.java","72608","26579","99187"
"2013-05-14 14:27","LearnerHandler.java","90060","29742","119802"
"2018-08-03 18:52","LearnerHandler.java","151720","48479","200199"
"2011-01-22 20:38","LearnerHandler.java","94745","18630","113375"
"2018-12-09 03:16","LearnerHandler.java","230104","143939","374043"
"2019-04-12 19:01","LearnerHandler.java","239297","143983","383280"
"2013-03-07 07:01","LearnerHandler.java","89915","29722","119637"
"2009-11-18 20:06","LearnerHandler.java","13925","3416","17341"
"2017-11-28 00:10","LearnerHandler.java","134277","36456","170733"
"2019-06-29 00:33","LearnerHandler.java","245477","143983","389460"
"2013-05-11 15:35","LearnerHandler.java","89964","29723","119687"
"2019-07-25 21:41","LearnerHandler.java","253973","143983","397956"
"2019-08-23 19:43","LearnerHandler.java","258156","143983","402139"
"2019-08-17 17:13","LearnerHandler.java","257490","143983","401473"
"2017-06-26 00:16","LearnerHandler.java","130041","36263","166304"
"2017-08-03 20:28","LearnerHandler.java","129714","36288","166002"
"2012-07-29 07:02","LearnerHandler.java","78079","28321","106400"
"2019-05-06 17:48","LearnerHandler.java","241803","143983","385786"
"2019-08-03 08:42","LearnerHandler.java","258198","143983","402181"
"2019-04-22 19:15","LearnerHandler.java","240272","143983","384255"
"2011-06-14 07:14","LearnerHandler.java","59947","23017","82964"
"2014-03-25 22:13","QuorumPeerMainTest.java","5181","770","5951"
"2018-05-10 00:14","QuorumPeerMainTest.java","59324","24135","83459"
"2018-10-05 14:25","QuorumPeerMainTest.java","222284","177421","399705"
"2018-07-17 10:41","QuorumPeerMainTest.java","79406","42570","121976"
"2018-07-27 12:32","QuorumPeerMainTest.java","79989","42642","122631"
"2015-11-03 08:11","QuorumPeerMainTest.java","36080","12752","48832"
"2020-01-23 13:43","QuorumPeerMainTest.java","267642","198267","465909"
"2019-10-10 14:37","QuorumPeerMainTest.java","260120","196919","457039"
"2019-12-28 16:17","QuorumPeerMainTest.java","266300","198267","464567"
"2017-12-16 01:25","QuorumPeerMainTest.java","56325","23848","80173"
"2018-01-19 00:52","QuorumPeerMainTest.java","56485","23895","80380"
"2018-04-30 06:34","QuorumPeerMainTest.java","58690","24132","82822"
"2019-07-25 21:41","QuorumPeerMainTest.java","252850","196919","449769"
"2019-08-17 17:13","QuorumPeerMainTest.java","256367","196919","453286"
"2018-02-23 23:49","QuorumPeerMainTest.java","57612","23980","81592"
"2014-01-09 20:21","QuorumPeerMainTest.java","2144","298","2442"
"2019-07-02 07:34","QuorumPeerMainTest.java","244310","196919","441229"
"2019-05-20 17:18","QuorumPeerMainTest.java","241142","196903","438045"
"2018-10-16 16:22","QuorumPeerMainTest.java","235269","177424","412693"
"2015-02-06 06:17","QuorumPeerMainTest.java","29023","10716","39739"
"2018-08-29 06:26","QuorumPeerMainTest.java","145432","106573","252005"
"2018-08-03 18:52","QuorumPeerMainTest.java","80627","42774","123401"
"2018-09-11 15:23","QuorumPeerMainTest.java","151911","111737","263648"
"2013-09-18 12:58","ClientCnxn.java","7972","1908","9880"
"2015-01-31 08:05","ClientCnxn.java","38938","11568","50506"
"2016-05-02 18:15","ClientCnxn.java","50304","16898","67202"
"2014-01-24 07:18","ClientCnxn.java","15515","2719","18234"
"2019-08-17 17:13","ClientCnxn.java","256407","187701","444108"
"2015-05-10 00:27","ClientCnxn.java","41818","11909","53727"
"2017-12-19 19:27","ClientCnxn.java","65406","23671","89077"
"2019-01-31 15:50","ClientCnxn.java","233976","187603","421579"
"2019-04-09 15:35","ClientCnxn.java","237185","187622","424807"
"2014-12-20 15:29","ClientCnxn.java","38920","11561","50481"
"2019-11-08 17:30","ClientCnxn.java","262049","187729","449778"
"2017-06-08 17:59","ClientCnxn.java","59510","22065","81575"
"2019-01-16 14:21","ClientCnxn.java","232289","187603","419892"
"2019-01-07 14:24","ClientCnxn.java","231138","187602","418740"
"2019-03-06 03:32","ClientCnxn.java","236112","187621","423733"
"2015-02-06 06:17","ClientCnxn.java","39227","11662","50889"
"2019-02-07 11:26","ClientCnxn.java","234642","187604","422246"
"2018-11-05 19:40","ClientCnxn.java","235433","168241","403674"
"2020-05-17 15:13","ClientCnxn.java","271705","189054","460759"
"2018-06-25 12:30","ClientCnxn.java","69307","24046","93353"
"2020-03-03 03:12","ClientCnxn.java","269487","189046","458533"
"2018-09-10 11:44","ClientCnxn.java","157691","109245","266936"
"2015-06-13 02:42","ClientCnxn.java","43689","12318","56007"
"2014-03-23 04:12","ClientCnxn.java","16454","3021","19475"
"2015-11-09 00:05","ClientCnxn.java","46499","13636","60135"
"2015-12-06 19:58","ClientCnxn.java","46913","13745","60658"
"2020-01-21 17:53","ClientCnxn.java","265748","189046","454794"
"2015-12-05 22:43","ClientCnxn.java","46910","13745","60655"
"2015-12-05 22:32","ClientCnxn.java","46904","13744","60648"
"2019-10-10 14:37","ClientCnxn.java","260160","187701","447861"
"2014-04-01 04:03","ClientCnxn.java","17533","3257","20790"
"2013-09-18 15:14","ClientCnxn.java","7994","1912","9906"
"2013-09-18 04:08","ClientCnxn.java","7870","1892","9762"
"2019-11-21 05:58","ClientCnxn.java","260919","189046","449965"
"2020-04-16 12:50","ClientCnxn.java","271326","189046","460372"
"2018-07-27 05:16","ClientCnxn.java","88762","42349","131111"
"2014-03-25 22:13","QuorumPeerMainTest.java","75314","28750","104064"
"2011-09-03 01:07","QuorumPeerMainTest.java","41571","17771","59342"
"2018-05-10 00:14","QuorumPeerMainTest.java","118313","40971","159284"
"2018-10-05 14:25","QuorumPeerMainTest.java","224062","137046","361108"
"2018-07-17 10:41","QuorumPeerMainTest.java","136653","57664","194317"
"2018-07-27 12:32","QuorumPeerMainTest.java","137199","57699","194898"
"2013-10-09 22:21","QuorumPeerMainTest.java","70612","28459","99071"
"2011-09-17 02:13","QuorumPeerMainTest.java","42411","20558","62969"
"2010-05-21 18:22","QuorumPeerMainTest.java","4086","3146","7232"
"2015-11-03 08:11","QuorumPeerMainTest.java","101303","35822","137125"
"2020-01-23 13:43","QuorumPeerMainTest.java","267989","169023","437012"
"2011-06-14 14:11","QuorumPeerMainTest.java","30144","17655","47799"
"2019-10-10 14:37","QuorumPeerMainTest.java","260768","167976","428744"
"2019-12-28 16:17","QuorumPeerMainTest.java","266647","169023","435670"
"2017-12-16 01:25","QuorumPeerMainTest.java","115405","40775","156180"
"2018-01-19 00:52","QuorumPeerMainTest.java","115550","40807","156357"
"2018-04-30 06:34","QuorumPeerMainTest.java","117680","40969","158649"
"2019-07-25 21:41","QuorumPeerMainTest.java","253498","167976","421474"
"2019-08-17 17:13","QuorumPeerMainTest.java","257015","167976","424991"
"2018-02-23 23:49","QuorumPeerMainTest.java","116655","40870","157525"
"2011-06-14 07:14","QuorumPeerMainTest.java","30116","17654","47770"
"2012-04-23 01:20","QuorumPeerMainTest.java","51233","26113","77346"
"2014-01-09 20:21","QuorumPeerMainTest.java","72523","28524","101047"
"2019-07-02 07:34","QuorumPeerMainTest.java","244958","167976","412934"
"2019-05-20 17:18","QuorumPeerMainTest.java","241807","167977","409784"
"2018-10-16 16:22","QuorumPeerMainTest.java","237046","137048","374094"
"2015-02-06 06:17","QuorumPeerMainTest.java","95889","35429","131318"
"2018-08-29 06:26","QuorumPeerMainTest.java","179430","98418","277848"
"2018-08-03 18:52","QuorumPeerMainTest.java","137708","57702","195410"
"2018-09-11 15:23","QuorumPeerMainTest.java","185384","103057","288441"
"2019-08-17 17:13","ObserverMasterTest.java","45540","29662","75202"
"2020-05-05 21:20","ObserverMasterTest.java","72658","42964","115622"
"2019-10-10 14:37","ObserverMasterTest.java","51611","31980","83591"
"2019-09-18 11:20","ObserverMasterTest.java","50144","31354","81498"
"2019-12-28 16:17","ObserverMasterTest.java","62500","38037","100537"
"2019-04-09 15:35","ClientCnxnSocketNetty.java","236851","216075","452926"
"2018-01-30 21:56","ClientCnxnSocketNetty.java","28890","15825","44715"
"2019-06-03 19:40","ClientCnxnSocketNetty.java","241413","216163","457576"
"2016-05-02 18:15","ClientCnxnSocketNetty.java","10792","6173","16965"
"2019-08-17 17:13","ClientCnxnSocketNetty.java","256083","216164","472247"
"2018-11-22 17:56","ClientCnxnSocketNetty.java","224668","216052","440720"
"2018-12-15 07:34","ClientCnxnSocketNetty.java","228544","216052","444596"
"2019-02-12 15:25","ClientCnxnSocketNetty.java","234799","216055","450854"
"2016-12-30 23:01","ClientCnxnSocketNetty.java","19684","8679","28363"
"2019-10-10 14:37","ClientCnxnSocketNetty.java","259836","216164","476000"
"2019-10-10 14:37","ClientHammerTest.java","261237","144483","405720"
"2009-10-31 00:09","ClientHammerTest.java","3588","1608","5196"
"2011-04-12 09:14","ClientHammerTest.java","56963","22489","79452"
"2015-02-06 06:17","ClientHammerTest.java","115236","32047","147283"
"2019-08-17 17:13","ClientHammerTest.java","257484","144483","401967"
"2019-08-17 17:13","PortAssignment.java","256072","217720","473792"
"2018-12-20 07:24","PortAssignment.java","229460","217608","447068"
"2019-10-10 14:37","PortAssignment.java","259825","217720","477545"
"2011-08-21 02:53","AuthTest.java","17720","43618","61338"
"2011-04-12 09:14","AuthTest.java","5462","42742","48204"
"2019-08-17 17:13","AuthTest.java","256985","215738","472723"
"2010-10-27 00:30","AuthTest.java","3296","1598","4894"
"2012-03-02 03:44","AuthTest.java","25254","49945","75199"
"2019-08-17 17:13","Testable.java","52383","30086","82469"
"2019-09-30 22:26","SaslServerPrincipal.java","5847","2482","8329"
"2019-10-10 14:37","SaslServerPrincipal.java","7470","3717","11187"
"2019-08-17 17:13","TestByteBufAllocator.java","67761","36458","104219"
"2019-07-02 07:34","Follower.java","244915","219597","464512"
"2018-12-09 03:16","Follower.java","229564","219531","449095"
"2019-04-12 19:01","Follower.java","238780","219598","458378"
"2013-03-07 07:01","Follower.java","40422","55002","95424"
"2015-02-06 06:17","Follower.java","71849","62927","134776"
"2011-04-29 18:12","Follower.java","1737","42554","44291"
"2018-09-18 01:00","Follower.java","180798","148754","329552"
"2019-08-17 17:13","Follower.java","256972","219597","476569"
"2019-06-29 00:33","Follower.java","244959","219597","464556"
"2019-08-06 17:11","Follower.java","258073","219597","477670"
"2019-07-15 14:15","Follower.java","252391","219597","471988"
"2019-08-23 19:43","Follower.java","257638","219597","477235"
"2017-11-28 00:10","Follower.java","92846","69798","162644"
"2019-06-05 00:33","Follower.java","242693","219597","462290"
"2011-06-14 07:14","Follower.java","3769","42971","46740"
"2019-05-03 00:44","Follower.java","240970","219598","460568"
"2015-06-05 21:15","Follower.java","75795","63283","139078"
"2019-12-27 22:33","Follower.java","266723","220670","487393"
"2016-08-13 15:01","Follower.java","82689","66261","148950"
"2019-10-10 14:37","Follower.java","260725","219597","480322"
"2016-12-20 14:47","Follower.java","87732","67043","154775"
"2014-07-22 06:51","Follower.java","67384","62666","130050"
"2014-02-12 17:00","LearnerHandler.java","76599","30046","106645"
"2014-03-23 04:12","LearnerHandler.java","77114","30174","107288"
"2019-10-10 14:37","LearnerHandler.java","260768","167339","428107"
"2015-06-05 20:38","LearnerHandler.java","101643","37012","138655"
"2015-06-05 20:51","LearnerHandler.java","101670","37012","138682"
"2015-06-12 23:02","LearnerHandler.java","101780","37024","138804"
"2011-04-12 09:14","LearnerHandler.java","30858","19709","50567"
"2013-09-26 14:05","LearnerHandler.java","69468","29606","99074"
"2019-07-03 20:54","LearnerHandler.java","245009","167339","412348"
"2011-09-14 08:56","LearnerHandler.java","44424","19427","63851"
"2011-08-30 08:37","LearnerHandler.java","43073","19285","62358"
"2010-07-29 23:10","LearnerHandler.java","21272","6358","27630"
"2011-09-17 02:36","LearnerHandler.java","44699","22262","66961"
"2012-04-23 01:20","LearnerHandler.java","53336","27604","80940"
"2013-06-28 23:22","LearnerHandler.java","69009","29577","98586"
"2018-09-18 01:00","LearnerHandler.java","188087","103893","291980"
"2010-11-04 17:01","LearnerHandler.java","58212","8026","66238"
"2012-02-06 09:40","LearnerHandler.java","48438","25032","73470"
"2013-05-14 14:27","LearnerHandler.java","67093","29398","96491"
"2018-08-03 18:52","LearnerHandler.java","139480","58862","198342"
"2011-01-22 20:38","LearnerHandler.java","61079","8795","69874"
"2018-12-09 03:16","LearnerHandler.java","229615","167281","396896"
"2019-04-12 19:01","LearnerHandler.java","238823","167340","406163"
"2013-03-07 07:01","LearnerHandler.java","66941","29371","96312"
"2017-11-28 00:10","LearnerHandler.java","117168","41970","159138"
"2019-06-29 00:33","LearnerHandler.java","245002","167339","412341"
"2013-05-11 15:35","LearnerHandler.java","66994","29376","96370"
"2019-07-25 21:41","LearnerHandler.java","253498","167339","420837"
"2019-08-23 19:43","LearnerHandler.java","257681","167339","425020"
"2019-08-17 17:13","LearnerHandler.java","257015","167339","424354"
"2017-06-26 00:16","LearnerHandler.java","112831","41676","154507"
"2017-08-03 20:28","LearnerHandler.java","112504","41701","154205"
"2012-07-29 07:02","LearnerHandler.java","54836","27701","82537"
"2019-05-06 17:48","LearnerHandler.java","241329","167340","408669"
"2019-08-03 08:42","LearnerHandler.java","257723","167339","425062"
"2019-04-22 19:15","LearnerHandler.java","239798","167340","407138"
"2011-06-14 07:14","LearnerHandler.java","33050","19951","53001"
"2019-08-17 17:13","JsonOutputter.java","254920","230886","485806"
"2014-01-25 01:17","FourLetterWordsTest.java","40849","14427","55276"
"2019-10-10 14:37","FourLetterWordsTest.java","260657","174683","435340"
"2015-11-08 22:36","FourLetterWordsTest.java","69735","23436","93171"
"2015-07-05 06:05","FourLetterWordsTest.java","68280","23219","91499"
"2015-06-28 21:09","FourLetterWordsTest.java","68208","23217","91425"
"2015-03-28 20:08","FourLetterWordsTest.java","65284","21993","87277"
"2019-08-17 17:13","FourLetterWordsTest.java","256904","174683","431587"
"2019-05-08 21:54","FourLetterWordsTest.java","241407","174684","416091"
"2015-07-10 08:19","FourLetterWordsTest.java","68642","23326","91968"
"2012-02-11 00:34","FourLetterWordsTest.java","11858","8258","20116"
"2019-08-17 17:13","Leader.java","256367","194540","450907"
"2019-06-29 00:33","Leader.java","244354","194540","438894"
"2019-06-03 19:40","Leader.java","241698","194540","436238"
"2014-05-20 23:42","Leader.java","18182","8511","26693"
"2019-07-15 14:15","Leader.java","251786","194540","446326"
"2015-03-17 18:06","Leader.java","33051","11143","44194"
"2019-07-25 21:41","Leader.java","252850","194540","447390"
"2018-05-10 06:00","Leader.java","62197","24396","86593"
"2018-07-12 01:33","Leader.java","71242","32508","103750"
"2018-02-07 01:05","Leader.java","59766","24099","83865"
"2017-11-28 00:10","Leader.java","58479","23667","82146"
"2019-06-05 00:33","Leader.java","242088","194540","436628"
"2015-04-10 22:22","Leader.java","34161","11185","45346"
"2019-08-03 08:42","Leader.java","257075","194540","451615"
"2019-06-05 23:57","Leader.java","242357","194540","436897"
"2017-01-13 19:29","Leader.java","51579","18284","69863"
"2019-01-07 14:55","Leader.java","231159","194441","425600"
"2019-04-12 19:01","Leader.java","238158","194524","432682"
"2018-12-09 03:16","Leader.java","228925","194440","423365"
"2018-08-17 14:40","Leader.java","126301","85271","211572"
"2019-11-29 14:49","Leader.java","264272","195888","460160"
"2018-11-27 10:02","Leader.java","226601","194440","421041"
"2015-02-06 06:17","Leader.java","31626","10940","42566"
"2017-02-15 23:04","Leader.java","51126","20787","71913"
"2014-07-18 02:19","Leader.java","25765","9830","35595"
"2018-08-29 06:26","Leader.java","147757","106519","254276"
"2018-08-03 18:52","Leader.java","83140","42908","126048"
"2017-09-11 18:55","Leader.java","54203","23248","77451"
"2018-09-18 01:00","Leader.java","155561","111753","267314"
"2016-12-20 14:47","Leader.java","50714","18261","68975"
"2014-07-20 04:50","Leader.java","26544","10088","36632"
"2014-06-10 00:19","Leader.java","19136","8531","27667"
"2016-06-23 23:25","Leader.java","43844","16455","60299"
"2016-06-23 23:45","Leader.java","43983","16486","60469"
"2020-03-25 03:38","Leader.java","270500","195888","466388"
"2014-03-23 04:12","Leader.java","7577","1023","8600"
"2019-12-27 22:33","Leader.java","266393","195888","462281"
"2016-08-13 15:01","Leader.java","45151","16959","62110"
"2013-10-21 23:36","Leader.java","3025","283","3308"
"2019-10-10 14:37","Leader.java","260120","194540","454660"
"2013-11-07 06:41","Leader.java","3588","415","4003"
"2019-08-17 17:13","AtomicFileOutputStreamTest.java","255274","226742","482016"
"2019-11-29 14:49","ReadOnlyZooKeeperServer.java","264022","223830","487852"
"2019-08-17 17:13","ReadOnlyZooKeeperServer.java","255887","222252","478139"
"2015-07-07 07:11","ZxidRolloverTest.java","57108","16573","73681"
"2019-08-17 17:13","ZxidRolloverTest.java","256502","178915","435417"
"2015-05-14 18:40","ZxidRolloverTest.java","54568","15333","69901"
"2015-11-21 22:18","ZxidRolloverTest.java","58857","16834","75691"
"2012-03-30 03:05","ZxidRolloverTest.java","2497","2164","4661"
"2019-12-16 22:09","NettyServerCnxnFactoryTest.java","3002","746","3748"
"2019-02-13 13:12","ZabUtils.java","75030","94481","169511"
"2019-08-17 17:13","ZabUtils.java","111485","109882","221367"
"2019-07-03 00:44","ZabUtils.java","86740","97124","183864"
"2019-08-17 17:13","ObserverRequestProcessor.java","24433","25104","49537"
"2020-03-25 03:38","ObserverRequestProcessor.java","47727","35613","83340"
"2019-04-10 13:19","FileSnap.java","238284","167779","406063"
"2019-07-31 19:06","FileSnap.java","256322","167778","424100"
"2020-01-30 09:43","FileSnap.java","268536","168825","437361"
"2019-05-27 10:54","FileSnap.java","242336","167779","410115"
"2017-06-26 00:07","FileSnap.java","112466","41744","154210"
"2017-08-18 06:32","FileSnap.java","112562","41838","154400"
"2019-08-17 17:13","FileSnap.java","257015","167778","424793"
"2018-02-14 21:23","FileSnap.java","117927","42133","160060"
"2019-12-03 19:12","FileSnap.java","264677","168825","433502"
"2019-12-27 22:33","FileSnap.java","266740","168825","435565"
"2019-10-10 14:37","FileSnap.java","260768","167778","428546"
"2020-01-28 17:26","FileSnap.java","268460","168825","437285"
"2011-04-12 09:14","FileSnap.java","30384","19674","50058"
"2017-01-23 02:13","FileSnap.java","113158","39715","152873"
"2019-10-10 14:37","PortAssignment.java","7470","3717","11187"
"2011-04-12 09:14","Throughput.java","14937","15099","30036"
"2017-09-11 18:55","Throughput.java","99601","39489","139090"
"2011-07-01 00:53","PrepRequestProcessor.java","138970","13144","152114"
"2015-02-06 06:17","PrepRequestProcessor.java","177374","18556","195930"
"2012-02-06 10:39","PrepRequestProcessor.java","137109","15950","153059"
"2013-03-07 07:01","PrepRequestProcessor.java","152260","16944","169204"
"2019-02-07 11:26","PrepRequestProcessor.java","236158","58118","294276"
"2019-09-11 10:27","PrepRequestProcessor.java","259198","58134","317332"
"2018-07-19 05:59","PrepRequestProcessor.java","197228","19874","217102"
"2017-09-11 18:55","PrepRequestProcessor.java","188242","19155","207397"
"2019-01-16 14:21","PrepRequestProcessor.java","233806","58118","291924"
"2017-06-01 05:45","PrepRequestProcessor.java","187732","19109","206841"
"2012-04-14 02:32","PrepRequestProcessor.java","138801","16078","154879"
"2019-11-08 17:30","PrepRequestProcessor.java","263456","58134","321590"
"2016-11-13 20:59","PrepRequestProcessor.java","188420","18742","207162"
"2019-04-09 15:35","PrepRequestProcessor.java","238683","58118","296801"
"2019-04-17 14:16","PrepRequestProcessor.java","239914","58134","298048"
"2014-10-28 05:35","PrepRequestProcessor.java","175410","18531","193941"
"2019-05-10 12:22","PrepRequestProcessor.java","242349","58134","300483"
"2009-02-20 01:23","PrepRequestProcessor.java","53712","7982","61694"
"2017-06-26 00:16","PrepRequestProcessor.java","188012","19111","207123"
"2009-01-16 00:48","PrepRequestProcessor.java","39341","7218","46559"
"2019-02-07 11:22","PrepRequestProcessor.java","235820","58118","293938"
"2016-11-16 06:21","PrepRequestProcessor.java","188975","18750","207725"
"2019-08-01 07:31","PrepRequestProcessor.java","258513","58134","316647"
"2019-06-26 10:57","PrepRequestProcessor.java","245692","58134","303826"
"2009-11-12 23:48","PrepRequestProcessor.java","105066","10769","115835"
"2014-01-24 07:18","PrepRequestProcessor.java","161076","17027","178103"
"2009-06-15 22:52","PrepRequestProcessor.java","84087","8957","93044"
"2015-05-29 19:45","PrepRequestProcessor.java","180173","18564","198737"
"2016-10-07 21:51","PrepRequestProcessor.java","186165","18740","204905"
"2015-06-04 19:51","PrepRequestProcessor.java","180970","18596","199566"
"2009-06-26 22:29","PrepRequestProcessor.java","92998","9234","102232"
"2019-08-17 17:13","PrepRequestProcessor.java","257842","58134","315976"
"2009-06-18 18:37","PrepRequestProcessor.java","85198","8997","94195"
"2018-08-08 06:21","PrepRequestProcessor.java","207350","28516","235866"
"2018-05-09 23:57","PrepRequestProcessor.java","194821","19173","213994"
"2015-06-11 20:09","PrepRequestProcessor.java","181098","18598","199696"
"2019-12-27 22:33","PrepRequestProcessor.java","266841","58455","325296"
"2009-12-18 03:19","PrepRequestProcessor.java","108591","11029","119620"
"2009-12-11 21:24","PrepRequestProcessor.java","107960","10851","118811"
"2009-11-07 01:48","PrepRequestProcessor.java","99761","10669","110430"
"2014-04-01 01:47","PrepRequestProcessor.java","162487","17175","179662"
"2019-10-10 14:37","PrepRequestProcessor.java","261595","58134","319729"
"2020-03-25 03:38","PrepRequestProcessor.java","270948","58455","329403"
"2010-01-25 04:28","PrepRequestProcessor.java","111851","11248","123099"
"2011-08-15 02:35","PrepRequestProcessor.java","131100","13144","144244"
"2014-07-25 01:31","PrepRequestProcessor.java","173320","18517","191837"
"2013-10-09 22:21","PrepRequestProcessor.java","157539","17028","174567"
"2010-08-18 08:24","PrepRequestProcessor.java","142314","12178","154492"
"2011-09-17 02:36","PrepRequestProcessor.java","135890","15707","151597"
"2014-04-29 02:23","PrepRequestProcessor.java","165675","18361","184036"
"2015-03-08 23:07","PrepRequestProcessor.java","177557","18565","196122"
"2009-01-31 00:01","PrepRequestProcessor.java","48388","7262","55650"
"2014-07-22 06:51","PrepRequestProcessor.java","173090","18476","191566"
"2012-03-15 17:47","PrepRequestProcessor.java","138331","15959","154290"
"2011-04-12 09:14","PrepRequestProcessor.java","133947","12766","146713"
"2011-11-01 15:41","PrepRequestProcessor.java","134838","15863","150701"
"2011-10-28 00:58","PrepRequestProcessor.java","134677","15864","150541"
"2011-10-20 20:02","PrepRequestProcessor.java","134435","15841","150276"
"2011-10-17 16:59","PrepRequestProcessor.java","135744","15742","151486"
"2018-06-15 07:41","PrepRequestProcessor.java","195587","19187","214774"
"2012-12-19 19:16","PrepRequestProcessor.java","147474","16714","164188"
"2011-11-14 20:18","PrepRequestProcessor.java","135467","15857","151324"
"2009-07-17 00:09","CRCTest.java","16483","4331","20814"
"2009-06-18 18:37","CRCTest.java","5954","1893","7847"
"2019-08-17 17:13","CRCTest.java","257500","129932","387432"
"2010-03-31 06:26","CRCTest.java","52398","13869","66267"
"2010-08-18 08:24","CRCTest.java","74994","16998","91992"
"2011-04-12 09:14","CRCTest.java","70267","21226","91493"
"2016-08-24 01:36","CRCTest.java","133048","30200","163248"
"2019-10-10 14:37","CRCTest.java","261253","129932","391185"
"2013-12-21 22:05","CRCTest.java","105167","26197","131364"
"2011-04-29 18:12","QuorumCnxManager.java","134309","12793","147102"
"2011-12-28 01:26","QuorumCnxManager.java","136260","15898","152158"
"2019-11-29 14:49","QuorumCnxManager.java","264720","58455","323175"
"2013-03-07 07:01","QuorumCnxManager.java","152260","16944","169204"
"2018-07-11 06:04","QuorumCnxManager.java","196565","19868","216433"
"2018-08-06 14:11","QuorumCnxManager.java","198362","19892","218254"
"2010-11-17 15:59","QuorumCnxManager.java","173680","12521","186201"
"2012-06-29 22:08","QuorumCnxManager.java","139621","16100","155721"
"2008-12-12 21:21","QuorumCnxManager.java","36119","3479","39598"
"2018-10-16 16:22","QuorumCnxManager.java","252841","54485","307326"
"2019-06-14 09:06","QuorumCnxManager.java","245840","58134","303974"
"2008-10-01 10:40","QuorumCnxManager.java","16786","2205","18991"
"2019-08-03 08:42","QuorumCnxManager.java","258550","58134","316684"
"2019-11-13 20:41","QuorumCnxManager.java","265561","58134","323695"
"2019-04-09 16:08","QuorumCnxManager.java","238682","58118","296800"
"2019-08-06 12:52","QuorumCnxManager.java","258815","58134","316949"
"2017-02-09 11:40","QuorumCnxManager.java","190662","18942","209604"
"2019-05-20 23:13","QuorumCnxManager.java","242714","58134","300848"
"2009-01-16 00:48","QuorumCnxManager.java","39341","7218","46559"
"2015-04-09 20:16","QuorumCnxManager.java","179668","18565","198233"
"2017-08-23 02:16","QuorumCnxManager.java","188157","19133","207290"
"2019-07-27 20:04","QuorumCnxManager.java","254373","58134","312507"
"2009-06-30 22:47","QuorumCnxManager.java","93319","9244","102563"
"2015-05-29 23:46","QuorumCnxManager.java","180184","18565","198749"
"2015-05-14 07:10","QuorumCnxManager.java","179896","18573","198469"
"2020-03-12 14:47","QuorumCnxManager.java","270106","58455","328561"
"2019-08-17 17:13","QuorumCnxManager.java","257842","58134","315976"
"2009-05-20 22:16","QuorumCnxManager.java","80703","8688","89391"
"2017-11-28 00:10","QuorumCnxManager.java","192081","19137","211218"
"2009-04-04 00:01","QuorumCnxManager.java","54711","8096","62807"
"2009-11-18 20:06","QuorumCnxManager.java","107501","10791","118292"
"2009-10-27 22:14","QuorumCnxManager.java","97398","9807","107205"
"2009-12-15 23:23","QuorumCnxManager.java","108213","10925","119138"
"2009-08-11 00:24","QuorumCnxManager.java","94607","9323","103930"
"2009-08-03 23:27","QuorumCnxManager.java","93848","9310","103158"
"2019-10-10 14:37","QuorumCnxManager.java","261595","58134","319729"
"2014-07-23 19:36","QuorumCnxManager.java","173146","18476","191622"
"2017-06-09 18:37","QuorumCnxManager.java","187837","19109","206946"
"2020-01-23 13:43","QuorumCnxManager.java","268090","58455","326545"
"2014-03-23 04:12","QuorumCnxManager.java","161792","17106","178898"
"2010-01-19 21:06","QuorumCnxManager.java","111343","11039","122382"
"2010-01-21 04:08","QuorumCnxManager.java","111354","11044","122398"
"2014-07-08 05:25","QuorumCnxManager.java","168865","18465","187330"
"2019-11-28 12:24","QuorumCnxManager.java","263069","58455","321524"
"2014-06-25 15:04","QuorumCnxManager.java","167130","18366","185496"
"2011-08-15 02:44","QuorumCnxManager.java","131113","13144","144257"
"2016-06-08 17:43","QuorumCnxManager.java","183811","18660","202471"
"2020-03-23 16:20","QuorumCnxManager.java","270277","58455","328732"
"2020-02-16 10:25","QuorumCnxManager.java","268803","58455","327258"
"2014-07-22 06:45","QuorumCnxManager.java","173071","18476","191547"
"2011-04-12 09:14","QuorumCnxManager.java","133947","12766","146713"
"2010-10-06 19:01","QuorumCnxManager.java","170735","12183","182918"
"2018-07-27 12:32","QuorumCnxManager.java","197736","19878","217614"
"2010-10-20 00:32","QuorumCnxManager.java","172240","12195","184435"
"2011-03-16 19:49","QuorumCnxManager.java","175322","12668","187990"
"2019-11-28 12:24","DataTree.java","262428","220042","482470"
"2019-10-10 14:37","DataTree.java","259731","218498","478229"
"2019-12-27 22:33","DataTree.java","266201","220043","486244"
"2019-11-11 13:59","DataTree.java","263418","218528","481946"
"2018-07-10 13:29","DataTree.java","38803","24594","63397"
"2018-09-28 23:38","DataTree.java","134499","112464","246963"
"2019-11-08 17:30","DataTree.java","261622","218528","480150"
"2019-01-30 16:28","DataTree.java","232978","218387","451365"
"2019-01-30 17:02","DataTree.java","233522","218387","451909"
"2016-11-24 17:18","DataTree.java","15100","7333","22433"
"2017-09-11 18:55","DataTree.java","20577","13969","34546"
"2017-02-05 07:22","DataTree.java","16961","7755","24716"
"2019-02-07 11:26","DataTree.java","234200","218388","452588"
"2018-09-04 11:54","DataTree.java","128582","111631","240213"
"2018-09-05 22:35","DataTree.java","128857","111650","240507"
"2018-12-20 15:17","DataTree.java","229466","218386","447852"
"2019-09-10 09:53","DataTree.java","257027","218498","475525"
"2019-04-12 19:01","DataTree.java","237767","218480","456247"
"2019-07-31 19:06","DataTree.java","255285","218498","473783"
"2019-09-11 10:27","DataTree.java","257334","218498","475832"
"2016-03-23 00:30","DataTree.java","6168","4729","10897"
"2019-08-01 07:31","DataTree.java","256649","218498","475147"
"2019-08-17 17:13","DataTree.java","255978","218498","474476"
"2019-09-10 15:21","DataTree.java","257021","218498","475519"
"2016-10-07 21:51","DataTree.java","11417","6471","17888"
"2017-06-18 19:23","DataTree.java","18358","12064","30422"
"2019-04-12 12:29","DataTree.java","237336","218480","455816"
"2019-08-03 08:42","DataTree.java","256686","218498","475184"
"2019-08-09 16:15","DataTree.java","257434","218498","475932"
"2016-11-13 20:59","DataTree.java","13920","6721","20641"
"2019-04-29 16:49","DataTree.java","239797","218480","458277"
"2015-03-08 23:07","ReadOnlyRequestProcessor.java","24675","10369","35044"
"2016-10-07 21:51","ReadOnlyRequestProcessor.java","39817","17078","56895"
"2019-08-17 17:13","ReadOnlyRequestProcessor.java","256291","201018","457309"
"2015-06-04 19:51","ReadOnlyRequestProcessor.java","28928","11240","40168"
"2020-04-07 17:00","JRecord.java","51047","35259","86306"
"2019-11-08 17:30","FinalRequestProcessor.java","62383","32061","94444"
"2019-07-08 23:26","FinalRequestProcessor.java","19130","5646","24776"
"2019-01-16 23:23","FinalRequestProcessor.java","694","6","700"
"2019-04-12 19:01","FinalRequestProcessor.java","7832","1317","9149"
"2019-02-07 11:26","FinalRequestProcessor.java","3379","339","3718"
"2019-09-10 04:26","FinalRequestProcessor.java","56857","31104","87961"
"2019-08-17 17:13","FinalRequestProcessor.java","54619","29911","84530"
"2019-06-26 10:57","FinalRequestProcessor.java","17968","5410","23378"
"2019-08-01 07:28","FinalRequestProcessor.java","33278","8389","41667"
"2019-07-03 00:44","FinalRequestProcessor.java","18299","5578","23877"
"2019-08-06 17:11","FinalRequestProcessor.java","34556","8747","43303"
"2020-03-25 03:38","FinalRequestProcessor.java","76457","38964","115421"
"2019-09-16 23:26","FinalRequestProcessor.java","58873","31146","90019"
"2019-10-10 14:37","FinalRequestProcessor.java","60370","31909","92279"
"2019-11-21 05:58","FinalRequestProcessor.java","64829","36954","101783"
"2019-11-18 09:05","FinalRequestProcessor.java","64796","36944","101740"
"2019-11-11 13:59","FinalRequestProcessor.java","64210","32092","96302"
"2020-03-26 22:12","FinalRequestProcessor.java","76512","39017","115529"
"2012-12-20 06:50","StaticHostProvider.java","4455","1457","5912"
"2014-07-17 22:56","StaticHostProvider.java","36019","12499","48518"
"2019-08-17 17:13","StaticHostProvider.java","256464","184285","440749"
"2018-07-16 05:45","StaticHostProvider.java","92819","43278","136097"
"2017-08-03 20:32","StaticHostProvider.java","64649","23878","88527"
"2017-07-28 00:36","StaticHostProvider.java","64619","23875","88494"
"2014-06-27 23:47","StaticHostProvider.java","33150","11606","44756"
"2019-12-27 22:33","TxnLogSource.java","266704","179499","446203"
"2019-10-10 14:37","ZooKeeperSaslClient.java","259669","220370","480039"
"2016-03-02 07:46","ZooKeeperSaslClient.java","733","235","968"
"2016-03-05 01:03","ZooKeeperSaslClient.java","806","1415","2221"
"2020-02-04 10:39","ZooKeeperSaslClient.java","267953","221923","489876"
"2019-01-31 15:50","ZooKeeperSaslClient.java","233472","220259","453731"
"2019-08-03 08:42","ZooKeeperSaslClient.java","256624","220370","476994"
"2017-11-28 00:10","ZooKeeperSaslClient.java","21832","13301","35133"
"2016-05-02 18:15","ZooKeeperSaslClient.java","3762","3516","7278"
"2019-08-17 17:13","ZooKeeperSaslClient.java","255916","220370","476286"
"2019-11-08 17:30","FinalRequestProcessor.java","262048","191791","453839"
"2019-07-08 23:26","FinalRequestProcessor.java","245182","191763","436945"
"2019-01-16 23:23","FinalRequestProcessor.java","232288","191665","423953"
"2018-09-18 01:00","FinalRequestProcessor.java","158446","111822","270268"
"2019-04-12 19:01","FinalRequestProcessor.java","238197","191747","429944"
"2019-02-07 11:26","FinalRequestProcessor.java","234641","191666","426307"
"2019-01-14 19:38","FinalRequestProcessor.java","231599","191664","423263"
"2019-01-09 17:22","FinalRequestProcessor.java","234281","191666","425947"
"2015-06-04 19:51","FinalRequestProcessor.java","39784","12726","52510"
"2019-09-10 04:26","FinalRequestProcessor.java","257451","191763","449214"
"2019-08-17 17:13","FinalRequestProcessor.java","256406","191763","448169"
"2016-10-07 21:51","FinalRequestProcessor.java","50510","18401","68911"
"2014-01-24 07:18","FinalRequestProcessor.java","10640","1907","12547"
"2019-06-26 10:57","FinalRequestProcessor.java","244256","191763","436019"
"2019-08-01 07:28","FinalRequestProcessor.java","256587","191763","448350"
"2019-07-03 00:44","FinalRequestProcessor.java","244419","191763","436182"
"2016-03-23 00:30","FinalRequestProcessor.java","45785","17183","62968"
"2019-08-06 17:11","FinalRequestProcessor.java","257507","191763","449270"
"2015-03-17 18:06","FinalRequestProcessor.java","36957","12233","49190"
"2018-07-10 12:46","FinalRequestProcessor.java","74469","33075","107544"
"2020-03-25 03:38","FinalRequestProcessor.java","270537","193109","463646"
"2019-09-16 23:26","FinalRequestProcessor.java","259425","191763","451188"
"2019-10-10 14:37","FinalRequestProcessor.java","260159","191763","451922"
"2019-11-21 05:58","FinalRequestProcessor.java","260919","193109","454028"
"2019-11-18 09:05","FinalRequestProcessor.java","260896","193109","454005"
"2019-11-11 13:59","FinalRequestProcessor.java","263844","191791","455635"
"2020-03-26 22:12","FinalRequestProcessor.java","270539","193109","463648"
"2014-04-17 08:47","FinalRequestProcessor.java","20675","9383","30058"
"2014-04-29 02:23","FinalRequestProcessor.java","21387","9389","30776"
"2013-10-09 22:21","FinalRequestProcessor.java","6718","1523","8241"
"2019-06-03 19:40","FollowerZooKeeperServer.java","1896","562","2458"
"2019-08-17 17:13","FollowerZooKeeperServer.java","45764","29761","75525"
"2019-06-04 10:55","FollowerZooKeeperServer.java","2218","731","2949"
"2019-11-28 12:24","FollowerZooKeeperServer.java","58466","37557","96023"
"2019-12-27 22:33","FollowerZooKeeperServer.java","62666","37985","100651"
"2019-11-21 05:58","NIOServerCnxn.java","260882","195607","456489"
"2015-11-08 22:36","NIOServerCnxn.java","39195","13009","52204"
"2019-11-18 09:05","NIOServerCnxn.java","260859","195607","456466"
"2019-09-16 23:26","NIOServerCnxn.java","259386","194259","453645"
"2019-10-10 14:37","NIOServerCnxn.java","260120","194259","454379"
"2018-09-28 23:38","NIOServerCnxn.java","158601","111938","270539"
"2020-02-11 06:50","NIOServerCnxn.java","268234","195607","463841"
"2019-01-23 14:00","NIOServerCnxn.java","232996","194161","427157"
"2019-07-08 23:26","NIOServerCnxn.java","245143","194259","439402"
"2019-04-12 19:01","NIOServerCnxn.java","238158","194243","432401"
"2019-01-14 19:38","NIOServerCnxn.java","231560","194160","425720"
"2018-11-17 18:33","NIOServerCnxn.java","224341","194158","418499"
"2017-03-04 19:22","NIOServerCnxn.java","51907","20822","72729"
"2013-12-11 19:22","NIOServerCnxn.java","4564","510","5074"
"2016-12-22 23:23","NIOServerCnxn.java","51378","18303","69681"
"2018-09-18 01:00","NIOServerCnxn.java","155864","111775","267639"
"2019-08-17 17:13","NIOServerCnxn.java","256367","194259","450626"
"2015-06-28 21:09","NIOServerCnxn.java","37579","12701","50280"
"2015-03-28 20:08","NIOServerCnxn.java","34392","11214","45606"
"2019-07-03 00:44","NIOServerCnxn.java","244380","194259","438639"
"2019-08-03 08:42","NIOServerCnxn.java","257075","194259","451334"
"2016-11-16 06:21","NIOServerCnxn.java","49986","17612","67598"
"2017-09-11 18:55","QuorumBase.java","69115","23506","92621"
"2019-07-12 17:01","QuorumBase.java","251781","179987","431768"
"2012-12-11 08:42","QuorumBase.java","6435","1256","7691"
"2019-08-17 17:13","QuorumBase.java","256468","179987","436455"
"2019-08-01 07:31","QuorumBase.java","257139","179987","437126"
"2018-08-08 06:21","QuorumBase.java","140254","84898","225152"
"2019-10-10 14:37","QuorumBase.java","260221","179987","440208"
"2020-03-25 03:38","QuorumBase.java","270565","181299","451864"
"2014-07-18 19:46","QuorumBase.java","43286","12470","55756"
"2013-10-09 22:21","QuorumBase.java","21406","4373","25779"
"2014-06-25 19:25","QuorumBase.java","37462","11642","49104"
"2019-08-17 17:13","SimpleClient.java","257689","100735","358424"
"2015-08-23 19:12","SimpleClient.java","153570","24505","178075"
"2011-08-11 08:00","FourLetterWordsTest.java","24177","15587","39764"
"2014-01-25 01:17","FourLetterWordsTest.java","61752","26740","88492"
"2019-10-10 14:37","FourLetterWordsTest.java","260740","178795","439535"
"2015-11-08 22:36","FourLetterWordsTest.java","89403","34514","123917"
"2015-07-05 06:05","FourLetterWordsTest.java","88036","34385","122421"
"2015-06-28 21:09","FourLetterWordsTest.java","87966","34385","122351"
"2015-03-28 20:08","FourLetterWordsTest.java","85746","33865","119611"
"2019-08-17 17:13","FourLetterWordsTest.java","256987","178795","435782"
"2019-05-08 21:54","FourLetterWordsTest.java","241490","178796","420286"
"2015-07-10 08:19","FourLetterWordsTest.java","88360","34454","122814"
"2012-02-11 00:34","FourLetterWordsTest.java","34059","21869","55928"
"2019-08-03 08:42","WriteLock.java","33308","8666","41974"
"2019-10-10 14:37","WriteLock.java","59713","32026","91739"
"2019-08-27 09:23","WriteLock.java","55527","31000","86527"
"2019-08-17 17:13","Leader.java","256413","187258","443671"
"2019-06-29 00:33","Leader.java","244400","187258","431658"
"2019-06-03 19:40","Leader.java","241744","187258","429002"
"2014-05-20 23:42","Leader.java","27122","10123","37245"
"2019-07-15 14:15","Leader.java","251832","187258","439090"
"2015-03-17 18:06","Leader.java","41639","12403","54042"
"2019-07-25 21:41","Leader.java","252896","187258","440154"
"2018-05-10 06:00","Leader.java","69484","24355","93839"
"2018-07-12 01:33","Leader.java","78420","32358","110778"
"2018-02-07 01:05","Leader.java","67067","24072","91139"
"2017-11-28 00:10","Leader.java","65811","23671","89482"
"2019-06-05 00:33","Leader.java","242134","187258","429392"
"2015-04-10 22:22","Leader.java","42743","12439","55182"
"2019-08-03 08:42","Leader.java","257121","187258","444379"
"2019-06-05 23:57","Leader.java","242403","187258","429661"
"2013-10-07 21:08","Leader.java","9875","2547","12422"
"2017-01-13 19:29","Leader.java","59806","19183","78989"
"2019-01-07 14:55","Leader.java","231205","187159","418364"
"2019-04-12 19:01","Leader.java","238204","187242","425446"
"2018-12-09 03:16","Leader.java","228971","187158","416129"
"2018-08-17 14:40","Leader.java","133248","84890","218138"
"2019-11-29 14:49","Leader.java","264315","188603","452918"
"2013-03-07 07:01","Leader.java","5917","1405","7322"
"2018-11-27 10:02","Leader.java","226647","187158","413805"
"2015-02-06 06:17","Leader.java","40232","12218","52450"
"2017-02-15 23:04","Leader.java","59145","21478","80623"
"2014-07-18 02:19","Leader.java","34629","11366","45995"
"2018-08-29 06:26","Leader.java","152904","104338","257242"
"2018-08-03 18:52","Leader.java","90193","42633","132826"
"2013-05-14 14:27","Leader.java","6101","1464","7565"
"2017-09-11 18:55","Leader.java","61622","23339","84961"
"2018-09-18 01:00","Leader.java","160691","109555","270246"
"2016-12-20 14:47","Leader.java","58940","19159","78099"
"2014-07-20 04:50","Leader.java","35233","11449","46682"
"2014-06-10 00:19","Leader.java","28068","10135","38203"
"2016-06-23 23:25","Leader.java","52305","17588","69893"
"2016-06-23 23:45","Leader.java","52412","17587","69999"
"2020-03-25 03:38","Leader.java","270543","188603","459146"
"2014-03-23 04:12","Leader.java","17312","3430","20742"
"2019-12-27 22:33","Leader.java","266436","188603","455039"
"2016-08-13 15:01","Leader.java","53548","18028","71576"
"2013-10-21 23:36","Leader.java","12897","2827","15724"
"2019-10-10 14:37","Leader.java","260166","187258","447424"
"2013-11-07 06:41","Leader.java","13419","2918","16337"
"2019-07-29 17:15","BinaryOutputArchive.java","255100","129922","385022"
"2011-09-15 00:22","BinaryOutputArchive.java","79194","19819","99013"
"2011-04-29 18:12","QuorumCnxManager.java","122183","15248","137431"
"2011-12-28 01:26","QuorumCnxManager.java","126029","17041","143070"
"2019-11-29 14:49","QuorumCnxManager.java","264720","73036","337756"
"2013-03-07 07:01","QuorumCnxManager.java","142107","18165","160272"
"2018-07-11 06:04","QuorumCnxManager.java","189215","23892","213107"
"2018-08-06 14:11","QuorumCnxManager.java","191017","23921","214938"
"2010-11-17 15:59","QuorumCnxManager.java","161465","14887","176352"
"2012-06-29 22:08","QuorumCnxManager.java","129426","17279","146705"
"2008-12-12 21:21","QuorumCnxManager.java","22814","4755","27569"
"2018-10-16 16:22","QuorumCnxManager.java","248731","61749","310480"
"2019-06-14 09:06","QuorumCnxManager.java","245708","72583","318291"
"2019-08-03 08:42","QuorumCnxManager.java","258418","72583","331001"
"2019-11-13 20:41","QuorumCnxManager.java","265429","72583","338012"
"2019-04-09 16:08","QuorumCnxManager.java","238544","72561","311105"
"2019-08-06 12:52","QuorumCnxManager.java","258683","72583","331266"
"2017-02-09 11:40","QuorumCnxManager.java","180765","20419","201184"
"2019-05-20 23:13","QuorumCnxManager.java","242582","72583","315165"
"2009-01-16 00:48","QuorumCnxManager.java","26206","8664","34870"
"2015-04-09 20:16","QuorumCnxManager.java","169609","19880","189489"
"2017-08-23 02:16","QuorumCnxManager.java","178466","20816","199282"
"2019-07-27 20:04","QuorumCnxManager.java","254241","72583","326824"
"2009-06-30 22:47","QuorumCnxManager.java","80679","11185","91864"
"2015-05-29 23:46","QuorumCnxManager.java","170121","19876","189997"
"2015-05-14 07:10","QuorumCnxManager.java","169834","19885","189719"
"2020-03-12 14:47","QuorumCnxManager.java","270106","73036","343142"
"2019-08-17 17:13","QuorumCnxManager.java","257710","72583","330293"
"2009-05-20 22:16","QuorumCnxManager.java","67892","10458","78350"
"2017-11-28 00:10","QuorumCnxManager.java","182395","20825","203220"
"2009-04-04 00:01","QuorumCnxManager.java","41816","9782","51598"
"2009-11-18 20:06","QuorumCnxManager.java","94982","12853","107835"
"2009-10-27 22:14","QuorumCnxManager.java","84837","11827","96664"
"2009-12-15 23:23","QuorumCnxManager.java","95700","12993","108693"
"2009-08-11 00:24","QuorumCnxManager.java","82022","11319","93341"
"2009-08-03 23:27","QuorumCnxManager.java","81258","11301","92559"
"2019-10-10 14:37","QuorumCnxManager.java","261463","72583","334046"
"2014-07-23 19:36","QuorumCnxManager.java","163070","19774","182844"
"2017-06-09 18:37","QuorumCnxManager.java","178103","20749","198852"
"2020-01-23 13:43","QuorumCnxManager.java","268090","73036","341126"
"2014-03-23 04:12","QuorumCnxManager.java","151692","18380","170072"
"2010-01-19 21:06","QuorumCnxManager.java","98888","13165","112053"
"2010-01-21 04:08","QuorumCnxManager.java","98899","13170","112069"
"2014-07-08 05:25","QuorumCnxManager.java","158813","19787","178600"
"2019-11-28 12:24","QuorumCnxManager.java","263069","73036","336105"
"2014-06-25 15:04","QuorumCnxManager.java","157044","19654","176698"
"2011-08-15 02:44","QuorumCnxManager.java","120730","14135","134865"
"2016-06-08 17:43","QuorumCnxManager.java","173777","20000","193777"
"2020-03-23 16:20","QuorumCnxManager.java","270277","73036","343313"
"2020-02-16 10:25","QuorumCnxManager.java","268803","73036","341839"
"2014-07-22 06:45","QuorumCnxManager.java","162993","19772","182765"
"2011-04-12 09:14","QuorumCnxManager.java","121831","15231","137062"
"2010-10-06 19:01","QuorumCnxManager.java","158489","14518","173007"
"2018-07-27 12:32","QuorumCnxManager.java","190393","23909","214302"
"2010-10-20 00:32","QuorumCnxManager.java","159995","14531","174526"
"2011-03-16 19:49","QuorumCnxManager.java","163115","15042","178157"
"2019-08-17 17:13","ByteBufferInputStreamTest.java","256155","203003","459158"
"2019-07-12 17:01","QuorumPeerInstance.java","34564","12751","47315"
"2019-12-27 22:33","FileTxnSnapLog.java","266387","202049","468436"
"2019-10-10 14:37","FileTxnSnapLog.java","260045","200632","460677"
"2019-12-13 08:51","FileTxnSnapLog.java","264424","202049","466473"
"2017-01-07 01:09","FileTxnSnapLog.java","45058","18133","63191"
"2020-01-23 16:46","FileTxnSnapLog.java","267636","202049","469685"
"2020-01-28 17:26","FileTxnSnapLog.java","268107","202049","470156"
"2016-09-18 23:21","FileTxnSnapLog.java","39647","17194","56841"
"2017-01-23 02:13","FileTxnSnapLog.java","45497","18168","63665"
"2018-06-08 16:52","FileTxnSnapLog.java","56599","24501","81100"
"2019-09-02 08:23","FileTxnSnapLog.java","256949","200632","457581"
"2017-04-28 07:14","FileTxnSnapLog.java","45929","20859","66788"
"2019-07-31 19:06","FileTxnSnapLog.java","255599","200632","456231"
"2018-07-30 06:22","FileTxnSnapLog.java","76728","42975","119703"
"2020-01-30 09:43","FileTxnSnapLog.java","268183","202049","470232"
"2019-05-14 17:11","FileTxnSnapLog.java","240943","200616","441559"
"2019-05-21 23:34","FileTxnSnapLog.java","241264","200616","441880"
"2019-05-27 10:54","FileTxnSnapLog.java","241596","200616","442212"
"2017-01-13 19:29","FileTxnSnapLog.java","45275","18147","63422"
"2017-06-26 00:07","FileTxnSnapLog.java","46652","22044","68696"
"2018-02-23 23:49","FileTxnSnapLog.java","54060","24216","78276"
"2017-08-18 06:32","FileTxnSnapLog.java","47778","23168","70946"
"2019-08-17 17:13","FileTxnSnapLog.java","256292","200632","456924"
"2018-02-14 21:23","FileTxnSnapLog.java","53878","24198","78076"
"2018-09-15 00:08","ZooKeeperServer.java","128883","110650","239533"
"2019-04-12 19:01","ZooKeeperServer.java","237755","219043","456798"
"2019-07-31 19:06","ZooKeeperServer.java","255273","219061","474334"
"2019-09-11 10:27","ZooKeeperServer.java","257322","219061","476383"
"2019-01-14 19:38","ZooKeeperServer.java","231146","218949","450095"
"2019-01-07 15:34","ZooKeeperServer.java","230747","218949","449696"
"2018-11-21 17:56","ZooKeeperServer.java","223942","218947","442889"
"2017-04-28 07:14","ZooKeeperServer.java","16071","9756","25827"
"2017-02-12 00:12","ZooKeeperServer.java","15068","9652","24720"
"2019-02-13 13:12","ZooKeeperServer.java","234821","218970","453791"
"2016-11-24 17:18","ZooKeeperServer.java","13302","6110","19412"
"2018-07-19 05:59","ZooKeeperServer.java","48178","33878","82056"
"2018-09-18 01:00","ZooKeeperServer.java","129643","110757","240400"
"2019-03-04 08:07","ZooKeeperServer.java","235397","218969","454366"
"2019-07-08 23:26","ZooKeeperServer.java","244741","219060","463801"
"2019-01-23 14:00","ZooKeeperServer.java","232582","218950","451532"
"2019-02-13 13:19","ZooKeeperServer.java","235107","218970","454077"
"2019-05-14 17:11","ZooKeeperServer.java","240615","219043","459658"
"2019-06-04 10:55","ZooKeeperServer.java","241449","219060","460509"
"2019-04-09 15:35","ZooKeeperServer.java","236733","218971","455704"
"2019-08-03 08:42","ZooKeeperServer.java","256674","219061","475735"
"2019-05-15 11:56","ZooKeeperServer.java","240702","219043","459745"
"2019-05-22 11:39","ZooKeeperServer.java","241148","219043","460191"
"2019-04-22 19:15","ZooKeeperServer.java","238730","219043","457773"
"2018-02-23 23:49","ZooKeeperServer.java","24845","13756","38601"
"2016-11-16 06:21","ZooKeeperServer.java","12701","5530","18231"
"2017-08-18 06:32","ZooKeeperServer.java","18485","12630","31115"
"2017-06-26 00:16","ZooKeeperServer.java","16835","10988","27823"
"2019-09-10 04:26","ZooKeeperServer.java","257011","219061","476072"
"2019-08-17 17:13","ZooKeeperServer.java","255966","219061","475027"
"2019-09-05 23:12","ZooKeeperServer.java","256885","219061","475946"
"2019-09-10 15:21","ZooKeeperServer.java","257009","219061","476070"
"2019-08-01 07:31","ZooKeeperServer.java","256637","219061","475698"
"2019-08-01 07:28","ZooKeeperServer.java","256147","219061","475208"
"2019-06-03 19:40","ZooKeeperServer.java","241296","219060","460356"
"2019-11-23 17:08","ZooKeeperServer.java","262212","220606","482818"
"2019-10-09 16:49","ZooKeeperServer.java","259552","219061","478613"
"2019-07-03 00:44","ZooKeeperServer.java","243978","219060","463038"
"2018-01-19 01:12","ZooKeeperServer.java","23720","13673","37393"
"2019-07-24 18:00","ZooKeeperServer.java","252421","219061","471482"
"2018-08-08 06:21","ZooKeeperServer.java","97223","81443","178666"
"2018-05-09 23:57","ZooKeeperServer.java","26586","13992","40578"
"2019-12-27 22:33","ZooKeeperServer.java","266190","220607","486797"
"2016-08-13 15:01","ZooKeeperServer.java","7851","4581","12432"
"2018-09-11 00:17","ZooKeeperServer.java","127314","110630","237944"
"2019-11-18 09:05","ZooKeeperServer.java","260655","220606","481261"
"2019-10-10 14:37","ZooKeeperServer.java","259719","219061","478780"
"2019-09-16 23:26","ZooKeeperServer.java","258985","219061","478046"
"2017-06-23 18:39","ZooKeeperServer.java","16762","10895","27657"
"2019-12-03 10:01","ZooKeeperServer.java","264114","220606","484720"
"2020-03-25 03:38","ZooKeeperServer.java","270298","220608","490906"
"2019-11-28 12:24","ZooKeeperServer.java","262417","220606","483023"
"2019-11-06 15:21","ZooKeeperServer.java","259965","219091","479056"
"2020-04-12 11:14","ZooKeeperServer.java","271051","220608","491659"
"2018-06-08 16:52","ZooKeeperServer.java","27546","14203","41749"
"2018-06-15 07:41","ZooKeeperServer.java","27557","14211","41768"
"2018-07-28 04:37","ZooKeeperServer.java","48858","33982","82840"
"2019-04-18 19:17","ZooKeeperServer.java","238465","219043","457508"
"2011-04-12 09:14","Log4JEntry.java","14937","15099","30036"
"2019-07-12 17:01","QuorumPeerTest.java","250161","231529","481690"
"2019-08-17 17:13","QuorumPeerTest.java","254848","231529","486377"
"2019-08-17 17:13","AsyncOpsTest.java","257500","133993","391493"
"2010-03-31 06:26","AsyncOpsTest.java","49016","14548","63564"
"2011-04-12 09:14","AsyncOpsTest.java","67194","22214","89408"
"2012-12-19 19:16","AsyncOpsTest.java","90281","26763","117044"
"2014-06-25 19:06","AsyncOpsTest.java","111118","29069","140187"
"2019-10-10 14:37","AsyncOpsTest.java","261253","133993","395246"
"2009-10-31 00:09","AsyncOpsTest.java","17825","5339","23164"
"2018-07-10 12:46","QuorumTest.java","147071","43180","190251"
"2019-08-17 17:13","QuorumTest.java","257500","141556","399056"
"2009-07-17 00:09","QuorumTest.java","939","411","1350"
"2010-11-04 17:01","QuorumTest.java","94818","18364","113182"
"2012-12-13 08:14","QuorumTest.java","85086","29084","114170"
"2011-06-22 00:19","QuorumTest.java","62908","23422","86330"
"2010-03-19 07:46","QuorumTest.java","40808","13822","54630"
"2011-07-15 06:50","QuorumTest.java","64190","21880","86070"
"2010-08-18 08:24","QuorumTest.java","64582","18210","82792"
"2013-10-09 22:21","QuorumTest.java","97686","29994","127680"
"2010-03-31 06:26","QuorumTest.java","41780","14875","56655"
"2011-09-17 02:13","QuorumTest.java","72025","24633","96658"
"2010-07-29 23:10","QuorumTest.java","58633","17451","76084"
"2011-04-12 09:14","QuorumTest.java","60498","23081","83579"
"2009-08-11 07:44","QuorumTest.java","2245","653","2898"
"2009-08-07 01:23","QuorumTest.java","1968","609","2577"
"2019-10-10 14:37","QuorumTest.java","261253","141556","402809"
"2019-09-18 11:20","QuorumTest.java","260412","141556","401968"
"2009-09-16 02:09","QuorumTest.java","4664","1721","6385"
"2019-12-28 16:17","QuorumTest.java","266724","142195","408919"
"2009-08-25 07:45","QuorumTest.java","3707","1270","4977"
"2009-10-30 17:19","QuorumTest.java","7240","3167","10407"
"2015-11-03 08:11","QuorumTest.java","123405","32385","155790"
"2011-07-29 10:14","QuorumTest.java","66795","21953","88748"
"2010-03-13 01:06","QuorumTest.java","40232","13574","53806"
"2011-04-12 09:14","GetTest.java","10270","15865","26135"
"2015-07-07 07:11","GetTest.java","83925","35426","119351"
"2020-02-26 22:41","NettyServerCnxnFactory.java","19869","10332","30201"
"2019-10-10 14:37","NettyServerCnxnFactory.java","4703","2067","6770"
"2019-11-14 03:54","NettyServerCnxnFactory.java","9263","2371","11634"
"2019-11-23 17:08","NettyServerCnxnFactory.java","11190","7606","18796"
"2020-03-19 17:09","Learner.java","3503","1998","5501"
"2020-03-25 03:38","Learner.java","4420","2119","6539"
"2020-05-03 19:43","Learner.java","6167","2930","9097"
"2019-10-10 14:37","LeaderElectionSupportTest.java","260024","201566","461590"
"2019-08-27 09:23","LeaderElectionSupportTest.java","256864","201566","458430"
"2015-07-07 07:11","LeaderElectionSupportTest.java","30340","12687","43027"
"2019-12-27 22:33","TxnLog.java","266804","147534","414338"
"2018-06-08 16:52","TxnLog.java","134072","35713","169785"
"2013-06-28 23:22","TxnLog.java","87798","28658","116456"
"2019-05-14 17:11","TxnLog.java","241854","146595","388449"
"2017-04-28 07:14","TxnLog.java","126234","34903","161137"
"2019-08-17 17:13","TxnLog.java","257187","146595","403782"
"2017-06-26 00:07","TxnLog.java","126164","35295","161459"
"2019-04-12 19:06","TxnLog.java","238984","146595","385579"
"2019-08-17 17:13","ReconfigDuringLeaderSyncTest.java","255265","223776","479041"
"2020-01-25 18:48","ReconfigDuringLeaderSyncTest.java","266997","225391","492388"
"2017-07-27 23:09","ReconfigDuringLeaderSyncTest.java","2940","2990","5930"
"2019-08-17 17:13","QuorumStats.java","257706","90102","347808"
"2010-01-25 04:28","AsyncOps.java","15156","3240","18396"
"2014-06-25 19:06","AsyncOps.java","102297","30615","132912"
"2012-12-19 19:16","AsyncOps.java","81233","28082","109315"
"2014-03-23 22:03","AsyncOps.java","96273","29190","125463"
"2010-03-31 06:26","AsyncOps.java","34631","12649","47280"
"2019-06-03 19:40","AsyncOps.java","242578","146226","388804"
"2019-08-17 17:13","AsyncOps.java","257247","146226","403473"
"2014-05-09 23:37","Zab1_0Test.java","18176","8437","26613"
"2017-01-07 01:09","Zab1_0Test.java","52047","18431","70478"
"2015-12-06 21:30","Zab1_0Test.java","40189","13339","53528"
"2019-12-17 13:48","Zab1_0Test.java","264844","195364","460208"
"2013-11-19 02:03","Zab1_0Test.java","4430","685","5115"
"2015-07-07 07:11","Zab1_0Test.java","38282","12983","51265"
"2019-12-27 22:33","Zab1_0Test.java","266393","195364","461757"
"2013-10-24 20:41","Zab1_0Test.java","4199","592","4791"
"2019-10-10 14:37","Zab1_0Test.java","260122","194018","454140"
"2013-11-07 06:41","Zab1_0Test.java","4338","641","4979"
"2015-05-14 18:40","Zab1_0Test.java","35529","11530","47059"
"2019-08-17 17:13","Zab1_0Test.java","256369","194018","450387"
"2019-06-03 19:40","Zab1_0Test.java","241700","194018","435718"
"2018-05-10 06:00","Zab1_0Test.java","62821","24496","87317"
"2017-11-28 00:10","Zab1_0Test.java","59105","23769","82874"
"2013-10-07 21:08","Zab1_0Test.java","750","226","976"
"2017-08-18 06:32","Zab1_0Test.java","54524","23223","77747"
"2017-02-12 00:12","Zab1_0Test.java","51741","20879","72620"
"2020-03-26 22:16","SessionTrackerImpl.java","19332","10293","29625"
"2019-10-10 14:37","AsyncOpsTest.java","7470","3717","11187"
"2014-02-12 17:00","LearnerHandler.java","96534","28994","125528"
"2014-03-23 04:12","LearnerHandler.java","97038","29111","126149"
"2010-01-25 04:28","LearnerHandler.java","16091","3325","19416"
"2019-10-10 14:37","LearnerHandler.java","261000","145376","406376"
"2015-06-05 20:38","LearnerHandler.java","116999","31381","148380"
"2015-06-05 20:51","LearnerHandler.java","117026","31381","148407"
"2015-06-12 23:02","LearnerHandler.java","117134","31391","148525"
"2010-03-11 15:05","LearnerHandler.java","33214","11019","44233"
"2009-11-30 13:03","LearnerHandler.java","11188","1985","13173"
"2011-04-12 09:14","LearnerHandler.java","54664","21320","75984"
"2013-09-26 14:05","LearnerHandler.java","89425","28576","118001"
"2019-07-03 20:54","LearnerHandler.java","245241","145376","390617"
"2011-09-14 08:56","LearnerHandler.java","66422","20438","86860"
"2011-08-30 08:37","LearnerHandler.java","65084","20309","85393"
"2010-07-29 23:10","LearnerHandler.java","52506","15397","67903"
"2011-09-17 02:36","LearnerHandler.java","66512","23088","89600"
"2012-04-23 01:20","LearnerHandler.java","73559","26840","100399"
"2013-06-28 23:22","LearnerHandler.java","88988","28569","117557"
"2018-09-18 01:00","LearnerHandler.java","193912","88731","282643"
"2010-11-04 17:01","LearnerHandler.java","88805","16424","105229"
"2012-02-06 09:40","LearnerHandler.java","69511","25118","94629"
"2013-05-14 14:27","LearnerHandler.java","87076","28394","115470"
"2018-08-03 18:52","LearnerHandler.java","149062","47457","196519"
"2011-01-22 20:38","LearnerHandler.java","91515","17036","108551"
"2018-12-09 03:16","LearnerHandler.java","229857","145328","375185"
"2019-04-12 19:01","LearnerHandler.java","239054","145376","384430"
"2013-03-07 07:01","LearnerHandler.java","86927","28370","115297"
"2009-11-18 20:06","LearnerHandler.java","10303","1430","11733"
"2017-11-28 00:10","LearnerHandler.java","131551","35366","166917"
"2019-06-29 00:33","LearnerHandler.java","245234","145376","390610"
"2013-05-11 15:35","LearnerHandler.java","86980","28375","115355"
"2019-07-25 21:41","LearnerHandler.java","253730","145376","399106"
"2019-08-23 19:43","LearnerHandler.java","257913","145376","403289"
"2019-08-17 17:13","LearnerHandler.java","257247","145376","402623"
"2017-06-26 00:16","LearnerHandler.java","127286","35144","162430"
"2017-08-03 20:28","LearnerHandler.java","126959","35169","162128"
"2012-07-29 07:02","LearnerHandler.java","75042","26920","101962"
"2019-05-06 17:48","LearnerHandler.java","241560","145376","386936"
"2019-08-03 08:42","LearnerHandler.java","257955","145376","403331"
"2019-04-22 19:15","LearnerHandler.java","240029","145376","385405"
"2011-06-14 07:14","LearnerHandler.java","56758","21464","78222"
"2017-07-28 00:36","JRecord.java","136718","31428","168146"
"2019-06-20 20:25","JRecord.java","244819","129922","374741"
"2019-07-29 17:15","JRecord.java","255100","129922","385022"
"2016-11-24 17:18","JRecord.java","137276","30264","167540"
"2017-09-11 18:55","JRecord.java","137377","31524","168901"
"2016-11-25 07:08","JRecord.java","137269","30264","167533"
"2011-07-19 02:59","JRecord.java","73630","19513","93143"
"2020-04-07 17:00","JRecord.java","271527","130561","402088"
"2010-05-03 23:49","JRecord.java","54039","15900","69939"
"2011-09-02 22:53","JRecord.java","78339","19624","97963"
"2010-01-21 22:44","JRecord.java","36687","8213","44900"
"2010-01-25 04:28","JRecord.java","36781","8308","45089"
"2019-10-10 14:37","SessionTrackerImpl.java","3921","3088","7009"
"2020-03-26 22:16","SessionTrackerImpl.java","21527","11655","33182"
"2015-02-06 06:17","PrepRequestProcessor.java","49227","13132","62359"
"2013-03-07 07:01","PrepRequestProcessor.java","16342","3749","20091"
"2019-02-07 11:26","PrepRequestProcessor.java","234708","179140","413848"
"2019-09-11 10:27","PrepRequestProcessor.java","257824","179232","437056"
"2018-07-19 05:59","PrepRequestProcessor.java","97107","42476","139583"
"2017-09-11 18:55","PrepRequestProcessor.java","69724","23360","93084"
"2019-01-16 14:21","PrepRequestProcessor.java","232355","179139","411494"
"2017-06-01 05:45","PrepRequestProcessor.java","68363","22463","90826"
"2019-11-08 17:30","PrepRequestProcessor.java","262110","179260","441370"
"2016-11-13 20:59","PrepRequestProcessor.java","65708","18753","84461"
"2019-04-09 15:35","PrepRequestProcessor.java","237251","179158","416409"
"2019-04-17 14:16","PrepRequestProcessor.java","238524","179216","417740"
"2014-10-28 05:35","PrepRequestProcessor.java","47106","12950","60056"
"2019-05-10 12:22","PrepRequestProcessor.java","240959","179216","420175"
"2017-06-26 00:16","PrepRequestProcessor.java","68864","22686","91550"
"2019-02-07 11:22","PrepRequestProcessor.java","234370","179140","413510"
"2016-11-16 06:21","PrepRequestProcessor.java","66289","18787","85076"
"2019-08-01 07:31","PrepRequestProcessor.java","257139","179232","436371"
"2019-06-26 10:57","PrepRequestProcessor.java","244318","179232","423550"
"2014-01-24 07:18","PrepRequestProcessor.java","26283","4957","31240"
"2015-05-29 19:45","PrepRequestProcessor.java","52397","13511","65908"
"2016-10-07 21:51","PrepRequestProcessor.java","63429","18727","82156"
"2015-06-04 19:51","PrepRequestProcessor.java","53287","13636","66923"
"2019-08-17 17:13","PrepRequestProcessor.java","256468","179232","435700"
"2018-08-08 06:21","PrepRequestProcessor.java","140852","84741","225593"
"2018-05-09 23:57","PrepRequestProcessor.java","77176","24251","101427"
"2015-06-11 20:09","PrepRequestProcessor.java","53427","13650","67077"
"2019-12-27 22:33","PrepRequestProcessor.java","266458","180544","447002"
"2014-04-01 01:47","PrepRequestProcessor.java","28059","5470","33529"
"2019-10-10 14:37","PrepRequestProcessor.java","260221","179232","439453"
"2020-03-25 03:38","PrepRequestProcessor.java","270565","180544","451109"
"2014-07-25 01:31","PrepRequestProcessor.java","44876","12796","57672"
"2013-10-09 22:21","PrepRequestProcessor.java","22495","4707","27202"
"2014-04-29 02:23","PrepRequestProcessor.java","36316","11725","48041"
"2015-03-08 23:07","PrepRequestProcessor.java","49463","13194","62657"
"2014-07-22 06:51","PrepRequestProcessor.java","44629","12738","57367"
"2018-06-15 07:41","PrepRequestProcessor.java","78026","24349","102375"
"2012-12-19 19:16","PrepRequestProcessor.java","10483","2446","12929"
"2014-03-25 22:13","QuorumPeerMainTest.java","36456","11745","48201"
"2018-05-10 00:14","QuorumPeerMainTest.java","84925","29436","114361"
"2018-10-05 14:25","QuorumPeerMainTest.java","223336","158173","381509"
"2018-07-17 10:41","QuorumPeerMainTest.java","104526","47390","151916"
"2018-07-27 12:32","QuorumPeerMainTest.java","105081","47434","152515"
"2013-10-09 22:21","QuorumPeerMainTest.java","31563","11263","42826"
"2015-11-03 08:11","QuorumPeerMainTest.java","64213","20585","84798"
"2020-01-23 13:43","QuorumPeerMainTest.java","267898","178223","446121"
"2019-10-10 14:37","QuorumPeerMainTest.java","260503","177002","437505"
"2019-12-28 16:17","QuorumPeerMainTest.java","266556","178223","444779"
"2017-12-16 01:25","QuorumPeerMainTest.java","81952","29175","111127"
"2018-01-19 00:52","QuorumPeerMainTest.java","82112","29222","111334"
"2018-04-30 06:34","QuorumPeerMainTest.java","84293","29435","113728"
"2019-07-25 21:41","QuorumPeerMainTest.java","253233","177002","430235"
"2019-08-17 17:13","QuorumPeerMainTest.java","256750","177002","433752"
"2018-02-23 23:49","QuorumPeerMainTest.java","83220","29288","112508"
"2012-04-23 01:20","QuorumPeerMainTest.java","10821","7554","18375"
"2014-01-09 20:21","QuorumPeerMainTest.java","33573","11427","45000"
"2019-07-02 07:34","QuorumPeerMainTest.java","244693","177002","421695"
"2019-05-20 17:18","QuorumPeerMainTest.java","241542","177003","418545"
"2018-10-16 16:22","QuorumPeerMainTest.java","236319","158174","394493"
"2015-02-06 06:17","QuorumPeerMainTest.java","57573","18966","76539"
"2018-08-29 06:26","QuorumPeerMainTest.java","165657","106498","272155"
"2018-08-03 18:52","QuorumPeerMainTest.java","105600","47447","153047"
"2018-09-11 15:23","QuorumPeerMainTest.java","172098","111624","283722"
"2019-08-17 17:13","LsCommand.java","52428","30087","82515"
"2020-01-09 22:51","LsCommand.java","69177","38734","107911"
"2019-12-28 16:17","LsCommand.java","68886","37960","106846"
"2014-03-25 22:13","QuorumPeerMainTest.java","72543","26862","99405"
"2011-09-03 01:07","QuorumPeerMainTest.java","38686","15769","54455"
"2018-05-10 00:14","QuorumPeerMainTest.java","116083","39624","155707"
"2018-10-05 14:25","QuorumPeerMainTest.java","223897","137764","361661"
"2018-07-17 10:41","QuorumPeerMainTest.java","134480","56374","190854"
"2018-07-27 12:32","QuorumPeerMainTest.java","135026","56409","191435"
"2013-10-09 22:21","QuorumPeerMainTest.java","67841","26571","94412"
"2011-09-17 02:13","QuorumPeerMainTest.java","39539","18569","58108"
"2015-11-03 08:11","QuorumPeerMainTest.java","98823","34225","133048"
"2020-01-23 13:43","QuorumPeerMainTest.java","267989","169963","437952"
"2011-06-14 14:11","QuorumPeerMainTest.java","26852","15303","42155"
"2019-10-10 14:37","QuorumPeerMainTest.java","260743","168891","429634"
"2019-12-28 16:17","QuorumPeerMainTest.java","266647","169963","436610"
"2017-12-16 01:25","QuorumPeerMainTest.java","113172","39425","152597"
"2018-01-19 00:52","QuorumPeerMainTest.java","113317","39457","152774"
"2018-04-30 06:34","QuorumPeerMainTest.java","115450","39622","155072"
"2019-07-25 21:41","QuorumPeerMainTest.java","253473","168891","422364"
"2019-08-17 17:13","QuorumPeerMainTest.java","256990","168891","425881"
"2018-02-23 23:49","QuorumPeerMainTest.java","114422","39520","153942"
"2011-06-14 07:14","QuorumPeerMainTest.java","26824","15302","42126"
"2012-04-23 01:20","QuorumPeerMainTest.java","48453","24216","72669"
"2014-01-09 20:21","QuorumPeerMainTest.java","69750","26634","96384"
"2019-07-02 07:34","QuorumPeerMainTest.java","244933","168891","413824"
"2019-05-20 17:18","QuorumPeerMainTest.java","241782","168892","410674"
"2018-10-16 16:22","QuorumPeerMainTest.java","236881","137766","374647"
"2015-02-06 06:17","QuorumPeerMainTest.java","93152","33575","126727"
"2018-08-29 06:26","QuorumPeerMainTest.java","178490","98361","276851"
"2018-08-03 18:52","QuorumPeerMainTest.java","135535","56412","191947"
"2018-09-11 15:23","QuorumPeerMainTest.java","184808","103364","288172"
"2015-01-31 08:05","ClientCnxn.java","63","52","115"
"2016-05-02 18:15","ClientCnxn.java","12582","6535","19117"
"2019-08-17 17:13","ClientCnxn.java","256104","214757","470861"
"2015-05-10 00:27","ClientCnxn.java","3275","725","4000"
"2017-12-19 19:27","ClientCnxn.java","30399","16023","46422"
"2019-01-31 15:50","ClientCnxn.java","233662","214648","448310"
"2019-04-09 15:35","ClientCnxn.java","236873","214669","451542"
"2019-11-08 17:30","ClientCnxn.java","261747","214786","476533"
"2017-06-08 17:59","ClientCnxn.java","23359","13273","36632"
"2019-01-16 14:21","ClientCnxn.java","231975","214648","446623"
"2019-01-07 14:24","ClientCnxn.java","230824","214647","445471"
"2019-03-06 03:32","ClientCnxn.java","235799","214667","450466"
"2015-02-06 06:17","ClientCnxn.java","373","167","540"
"2019-02-07 11:26","ClientCnxn.java","234328","214649","448977"
"2018-11-05 19:40","ClientCnxn.java","233651","193818","427469"
"2020-05-17 15:13","ClientCnxn.java","271525","216233","487758"
"2018-06-25 12:30","ClientCnxn.java","34480","16578","51058"
"2020-03-03 03:12","ClientCnxn.java","269287","216205","485492"
"2018-09-10 11:44","ClientCnxn.java","133571","112484","246055"
"2015-06-13 02:42","ClientCnxn.java","5735","1723","7458"
"2015-11-09 00:05","ClientCnxn.java","8601","3097","11698"
"2015-12-06 19:58","ClientCnxn.java","9031","3222","12253"
"2020-01-21 17:53","ClientCnxn.java","265548","216205","481753"
"2015-12-05 22:43","ClientCnxn.java","9028","3222","12250"
"2015-12-05 22:32","ClientCnxn.java","9022","3221","12243"
"2019-10-10 14:37","ClientCnxn.java","259857","214757","474614"
"2019-11-21 05:58","ClientCnxn.java","260717","216203","476920"
"2020-04-16 12:50","ClientCnxn.java","271126","216205","487331"
"2018-07-27 05:16","ClientCnxn.java","55150","36096","91246"
"2017-06-26 00:07","Util.java","134874","33209","168083"
"2018-02-14 21:23","Util.java","140194","33457","173651"
"2019-08-17 17:13","Util.java","257500","133993","391493"
"2019-04-10 13:19","Util.java","238768","133993","372761"
"2011-04-12 09:14","Util.java","67194","22214","89408"
"2019-12-27 22:33","Util.java","266817","134632","401449"
"2019-06-26 10:57","ZooDefs.java","243083","223798","466881"
"2019-08-17 17:13","ZooDefs.java","255234","223799","479033"
"2019-01-16 14:21","ZooDefs.java","231096","223681","454777"
"2019-01-07 14:24","ZooDefs.java","229945","223680","453625"
"2019-11-08 17:30","ZooDefs.java","260896","223847","484743"
"2019-07-31 19:06","ZooDefs.java","254541","223799","478340"
"2019-02-07 11:26","ZooDefs.java","233449","223682","457131"
"2014-05-09 23:37","QuorumPeerInstance.java","58436","19833","78269"
"2014-08-14 14:33","QuorumPeerInstance.java","67435","20774","88209"
"2018-07-10 13:29","QuorumPeerInstance.java","103873","35929","139802"
"2018-12-20 07:24","QuorumPeerInstance.java","230366","178339","408705"
"2013-10-05 00:17","QuorumPeerInstance.java","42504","13399","55903"
"2015-12-06 21:30","QuorumPeerInstance.java","78177","22463","100640"
"2019-07-12 17:01","QuorumPeerInstance.java","252245","178405","430650"
"2014-11-29 16:53","QuorumPeerInstance.java","70144","20862","91006"
"2014-08-14 09:32","QuorumPeerInstance.java","67435","20774","88209"
"2015-05-10 00:27","QuorumPeerInstance.java","73557","21139","94696"
"2017-09-11 18:55","QuorumPeerInstance.java","88187","27844","116031"
"2019-01-23 14:00","NettyServerCnxn.java","148718","153972","302690"
"2019-02-18 17:05","NettyServerCnxn.java","151346","154068","305414"
"2019-02-12 15:25","NettyServerCnxn.java","150826","153982","304808"
"2019-04-12 19:01","NettyServerCnxn.java","154086","154260","308346"
"2018-11-22 17:56","NettyServerCnxn.java","134351","147635","281986"
"2018-10-24 04:03","NettyServerCnxn.java","130973","114656","245629"
"2018-11-17 18:33","NettyServerCnxn.java","133726","147632","281358"
"2019-01-14 19:38","NettyServerCnxn.java","147225","153914","301139"
"2019-08-17 17:13","NettyServerCnxn.java","174230","156211","330441"
"2019-07-03 00:44","NettyServerCnxn.java","161572","155540","317112"
"2019-11-23 17:08","NettyServerCnxn.java","182112","159392","341504"
"2019-07-23 15:55","NettyServerCnxn.java","169568","155541","325109"
"2019-05-06 18:32","NettyServerCnxn.java","156651","154278","310929"
"2019-04-22 19:15","NettyServerCnxn.java","155061","154260","309321"
"2019-08-03 08:42","NettyServerCnxn.java","174917","156190","331107"
"2019-11-18 09:05","NettyServerCnxn.java","180359","159196","339555"
"2019-11-21 05:58","NettyServerCnxn.java","180382","159196","339578"
"2019-09-16 23:26","NettyServerCnxn.java","178235","157197","335432"
"2019-10-10 14:37","NettyServerCnxn.java","178985","157213","336198"
"2018-09-28 23:38","NettyServerCnxn.java","3277","703","3980"
"2019-10-10 14:37","ClientHammerTest.java","261000","146226","407226"
"2011-04-12 09:14","ClientHammerTest.java","53804","21310","75114"
"2015-02-06 06:17","ClientHammerTest.java","112439","31230","143669"
"2019-08-17 17:13","ClientHammerTest.java","257247","146226","403473"
"2019-08-17 17:13","DigestLoginModule.java","256904","177112","434016"
"2019-09-16 23:26","ZooKeeperServerMXBean.java","257868","231287","489155"
"2019-11-14 03:54","ZooKeeperServerMXBean.java","262906","231335","494241"
"2020-03-25 03:38","ZooKeeperServerMXBean.java","269571","233224","502795"
"2019-05-22 11:39","ZooKeeperServerMXBean.java","240030","231268","471298"
"2019-07-30 02:31","ZooKeeperServerMXBean.java","252769","231286","484055"
"2018-07-12 01:33","ZooKeeperServerMXBean.java","11401","10932","22333"
"2019-08-17 17:13","ZooKeeperServerMXBean.java","254848","231286","486134"
"2019-01-14 19:38","ZooKeeperServerMXBean.java","229991","231137","461128"
"2019-07-08 23:26","ZooKeeperServerMXBean.java","243623","231285","474908"
"2019-01-23 14:00","ZooKeeperServerMXBean.java","231428","231139","462567"
"2019-08-17 17:13","MalformedCommandException.java","255887","221798","477685"
"2019-11-08 17:30","Request.java","262048","191791","453839"
"2019-01-16 14:21","Request.java","232288","191665","423953"
"2019-04-25 02:11","Request.java","240110","191747","431857"
"2019-07-08 23:26","Request.java","245182","191763","436945"
"2015-02-06 06:17","Request.java","35542","12040","47582"
"2019-02-07 11:26","Request.java","234641","191666","426307"
"2019-08-06 17:11","Request.java","257507","191763","449270"
"2019-08-01 07:28","Request.java","256587","191763","448350"
"2019-06-26 10:57","Request.java","244256","191763","436019"
"2014-01-24 07:18","Request.java","10640","1907","12547"
"2016-10-07 21:51","Request.java","50510","18401","68911"
"2015-06-04 19:51","Request.java","39784","12726","52510"
"2019-08-17 17:13","Request.java","256406","191763","448169"
"2019-04-17 14:16","Request.java","238462","191747","430209"
"2019-05-03 00:44","Request.java","240387","191747","432134"
"2019-06-05 00:46","Request.java","242266","191763","434029"
"2019-05-10 12:22","Request.java","240897","191747","432644"
"2020-03-25 03:38","Request.java","270537","193109","463646"
"2019-09-20 10:06","Request.java","259269","191763","451032"
"2019-09-16 23:26","Request.java","259425","191763","451188"
"2019-12-27 22:33","Request.java","266430","193109","459539"
"2019-11-11 13:59","Request.java","263844","191791","455635"
"2014-04-29 02:23","Request.java","21387","9389","30776"
"2013-10-09 22:21","Request.java","6718","1523","8241"
"2020-05-05 21:20","Request.java","271568","193109","464677"
"2019-10-10 14:37","WatcherCleaner.java","178973","159775","338748"
"2019-08-17 17:13","WatcherCleaner.java","174218","158773","332991"
"2019-03-05 00:04","WatcherCleaner.java","151785","156632","308417"
"2019-04-12 19:01","WatcherCleaner.java","154074","156822","310896"
"2018-11-28 23:43","WatcherCleaner.java","135980","150195","286175"
"2019-11-28 12:24","DataTree.java","262968","159366","422334"
"2011-07-13 15:48","DataTree.java","45165","19723","64888"
"2011-06-25 08:13","DataTree.java","43634","21333","64967"
"2011-07-28 07:49","DataTree.java","47721","19833","67554"
"2019-10-10 14:37","DataTree.java","260786","158337","419123"
"2019-12-27 22:33","DataTree.java","266740","159366","426106"
"2015-06-06 03:48","DataTree.java","104615","31770","136385"
"2019-11-11 13:59","DataTree.java","264443","158337","422780"
"2011-04-12 09:14","DataTree.java","40932","20763","61695"
"2018-07-10 13:29","DataTree.java","130816","43762","174578"
"2012-12-19 19:16","DataTree.java","69246","28120","97366"
"2014-04-17 08:47","DataTree.java","87639","30665","118304"
"2014-04-29 02:23","DataTree.java","88348","30668","119016"
"2010-07-05 20:20","DataTree.java","34208","13704","47912"
"2011-09-15 00:55","DataTree.java","53218","22597","75815"
"2011-09-28 22:17","DataTree.java","53684","22878","76562"
"2018-09-28 23:38","DataTree.java","192464","97584","290048"
"2011-09-17 02:36","DataTree.java","53396","22847","76243"
"2011-10-20 18:48","DataTree.java","53259","24293","77552"
"2019-11-08 17:30","DataTree.java","262647","158337","420984"
"2013-09-05 23:50","DataTree.java","76134","28736","104870"
"2019-01-30 16:28","DataTree.java","234087","158280","392367"
"2019-01-30 17:02","DataTree.java","234631","158280","392911"
"2016-11-24 17:18","DataTree.java","115017","34405","149422"
"2017-09-11 18:55","DataTree.java","115554","36101","151655"
"2011-07-01 00:53","DataTree.java","46605","21791","68396"
"2012-02-06 10:39","DataTree.java","56819","25294","82113"
"2011-12-21 21:39","DataTree.java","55494","24837","80331"
"2017-02-05 07:22","DataTree.java","116488","34437","150925"
"2014-07-18 02:19","DataTree.java","95732","31299","127031"
"2019-02-07 11:26","DataTree.java","235309","158281","393590"
"2013-03-07 07:01","DataTree.java","74205","28523","102728"
"2018-09-04 11:54","DataTree.java","187176","97380","284556"
"2018-09-05 22:35","DataTree.java","187433","97381","284814"
"2018-12-20 15:17","DataTree.java","230575","158279","388854"
"2019-09-10 09:53","DataTree.java","258082","158337","416419"
"2019-04-12 19:01","DataTree.java","238841","158338","397179"
"2019-07-31 19:06","DataTree.java","256340","158337","414677"
"2019-09-11 10:27","DataTree.java","258389","158337","416726"
"2013-10-22 12:54","DataTree.java","80547","29080","109627"
"2016-03-23 00:30","DataTree.java","107797","33513","141310"
"2019-08-01 07:31","DataTree.java","257704","158337","416041"
"2014-01-24 07:18","DataTree.java","83574","29159","112733"
"2019-08-17 17:13","DataTree.java","257033","158337","415370"
"2019-09-10 15:21","DataTree.java","258076","158337","416413"
"2015-06-04 19:51","DataTree.java","104505","31765","136270"
"2016-10-07 21:51","DataTree.java","111774","33983","145757"
"2017-06-18 19:23","DataTree.java","115022","35883","150905"
"2019-04-12 12:29","DataTree.java","238410","158338","396748"
"2019-08-03 08:42","DataTree.java","257741","158337","416078"
"2019-08-09 16:15","DataTree.java","258489","158337","416826"
"2016-11-13 20:59","DataTree.java","114041","33997","148038"
"2019-04-29 16:49","DataTree.java","240871","158338","399209"
"2019-08-17 17:13","Leader.java","255274","226742","482016"
"2019-06-29 00:33","Leader.java","243260","226741","470001"
"2019-06-03 19:40","Leader.java","240604","226741","467345"
"2019-07-15 14:15","Leader.java","250693","226742","477435"
"2019-07-25 21:41","Leader.java","251757","226742","478499"
"2018-05-10 06:00","Leader.java","12915","8409","21324"
"2018-07-12 01:33","Leader.java","24300","18861","43161"
"2018-02-07 01:05","Leader.java","10261","7889","18150"
"2017-11-28 00:10","Leader.java","8868","7351","16219"
"2019-06-05 00:33","Leader.java","240994","226741","467735"
"2019-08-03 08:42","Leader.java","255982","226742","482724"
"2019-06-05 23:57","Leader.java","241263","226741","468004"
"2019-01-07 14:55","Leader.java","230046","226623","456669"
"2019-04-12 19:01","Leader.java","237062","226723","463785"
"2018-12-09 03:16","Leader.java","227812","226622","454434"
"2018-08-17 14:40","Leader.java","84848","77113","161961"
"2019-11-29 14:49","Leader.java","263435","228346","491781"
"2018-11-27 10:02","Leader.java","225488","226622","452110"
"2017-02-15 23:04","Leader.java","675","3631","4306"
"2018-08-29 06:26","Leader.java","109693","101750","211443"
"2018-08-03 18:52","Leader.java","36398","29461","65859"
"2017-09-11 18:55","Leader.java","4480","6820","11300"
"2018-09-18 01:00","Leader.java","118080","107567","225647"
"2020-03-25 03:38","Leader.java","269665","228348","498013"
"2019-12-27 22:33","Leader.java","265557","228347","493904"
"2019-10-10 14:37","Leader.java","259027","226742","485769"
"2019-12-27 22:33","Util.java","18682","10004","28686"
"2019-10-10 14:37","QuorumTest.java","7470","3717","11187"
"2019-09-18 11:20","QuorumTest.java","5204","2292","7496"
"2019-12-28 16:17","QuorumTest.java","18815","10230","29045"
"2019-11-08 17:30","Request.java","59706","32424","92130"
"2019-04-25 02:11","Request.java","6497","1109","7606"
"2019-07-08 23:26","Request.java","15870","5426","21296"
"2019-08-06 17:11","Request.java","31310","8541","39851"
"2019-08-01 07:28","Request.java","30022","8173","38195"
"2019-06-26 10:57","Request.java","14706","5188","19894"
"2019-08-17 17:13","Request.java","51869","30201","82070"
"2019-04-17 14:16","Request.java","4818","1078","5896"
"2019-05-03 00:44","Request.java","6928","1263","8191"
"2019-06-05 00:46","Request.java","9518","1990","11508"
"2019-05-10 12:22","Request.java","7587","1412","8999"
"2020-03-25 03:38","Request.java","73840","39387","113227"
"2019-09-20 10:06","Request.java","56304","31773","88077"
"2019-09-16 23:26","Request.java","56170","31483","87653"
"2019-12-27 22:33","Request.java","68291","37945","106236"
"2019-11-11 13:59","Request.java","61533","32455","93988"
"2020-05-05 21:20","Request.java","78293","42809","121102"
"2019-08-17 17:13","ReconfigExceptionTest.java","255292","225011","480303"
"2017-07-06 18:48","ReconfigExceptionTest.java","5686","5958","11644"
"2017-02-12 00:34","ReconfigExceptionTest.java","3319","4527","7846"
"2019-11-29 14:49","ReconfigExceptionTest.java","263453","226615","490068"
"2019-07-02 07:34","Follower.java","161502","155540","317042"
"2018-12-09 03:16","Follower.java","138312","147635","285947"
"2019-04-12 19:01","Follower.java","154086","154260","308346"
"2019-08-17 17:13","Follower.java","174230","156211","330441"
"2019-06-29 00:33","Follower.java","161546","155540","317086"
"2019-08-06 17:11","Follower.java","175310","156190","331500"
"2019-07-15 14:15","Follower.java","168979","155541","324520"
"2019-08-23 19:43","Follower.java","174896","156211","331107"
"2019-06-05 00:33","Follower.java","158047","154307","312354"
"2019-05-03 00:44","Follower.java","156293","154277","310570"
"2019-12-27 22:33","Follower.java","186102","159405","345507"
"2019-10-10 14:37","Follower.java","178985","157213","336198"
"2019-08-17 17:13","FollowerZooKeeperServer.java","43884","29368","73252"
"2019-11-28 12:24","FollowerZooKeeperServer.java","56679","37257","93936"
"2019-12-27 22:33","FollowerZooKeeperServer.java","60880","37686","98566"
"2019-08-17 17:13","SnapStream.java","44192","29523","73715"
"2019-07-31 19:06","SnapStream.java","20570","6594","27164"
"2019-10-10 14:37","SnapStream.java","50347","31925","82272"
"2019-09-26 14:16","SnapStream.java","49423","31435","80858"
"2019-12-03 19:12","SnapStream.java","58976","37692","96668"
"2019-08-17 17:13","QuorumPeerConfigTest.java","254847","231546","486393"
"2018-09-22 06:43","QuorumPeerConfigTest.java","95379","90063","185442"
"2018-10-16 16:22","QuorumPeerConfigTest.java","220326","198628","418954"
"2018-12-15 07:34","QuorumPeerConfigTest.java","227270","231396","458666"
"2019-04-18 19:17","QuorumPeerConfigTest.java","237327","231509","468836"
"2020-05-14 18:18","QuorumPeerConfigTest.java","270744","233578","504322"
"2019-08-17 17:13","NullDataTest.java","256932","178405","435337"
"2019-08-17 17:13","SaslAuthRequiredFailWrongSASLTest.java","29313","25768","55081"
"2019-08-17 17:13","GetEphemeralsTest.java","54043","30023","84066"
"2019-12-28 16:17","GetEphemeralsTest.java","70436","37831","108267"
"2018-12-09 03:16","LeaderZooKeeperServer.java","230484","58118","288602"
"2018-11-21 17:56","LeaderZooKeeperServer.java","225916","58118","284034"
"2012-01-31 07:45","LeaderZooKeeperServer.java","136662","15909","152571"
"2009-01-15 23:57","LeaderZooKeeperServer.java","39154","7050","46204"
"2009-02-06 22:19","LeaderZooKeeperServer.java","53505","7915","61420"
"2019-06-04 10:55","LeaderZooKeeperServer.java","243326","58134","301460"
"2009-02-02 23:26","LeaderZooKeeperServer.java","51282","7771","59053"
"2015-06-04 19:51","LeaderZooKeeperServer.java","180970","18596","199566"
"2009-06-26 22:29","LeaderZooKeeperServer.java","92998","9234","102232"
"2019-08-17 17:13","LeaderZooKeeperServer.java","257842","58134","315976"
"2009-06-18 18:37","LeaderZooKeeperServer.java","85198","8997","94195"
"2009-05-20 22:16","LeaderZooKeeperServer.java","80703","8688","89391"
"2019-06-03 19:40","LeaderZooKeeperServer.java","243173","58134","301307"
"2009-12-18 03:19","LeaderZooKeeperServer.java","108591","11029","119620"
"2019-11-25 15:37","LeaderZooKeeperServer.java","262971","58455","321426"
"2019-12-27 22:33","LeaderZooKeeperServer.java","266841","58455","325296"
"2009-08-07 01:23","LeaderZooKeeperServer.java","94443","9320","103763"
"2010-03-12 19:26","LeaderZooKeeperServer.java","121792","11381","133173"
"2013-10-09 22:21","LeaderZooKeeperServer.java","157539","17028","174567"
"2008-10-01 08:26","LeaderZooKeeperServer.java","16350","1870","18220"
"2011-10-20 20:02","LeaderZooKeeperServer.java","134435","15841","150276"
"2019-04-12 19:01","AvgMinMaxPercentileCounterSet.java","5291","1177","6468"
"2019-08-17 17:13","AvgMinMaxPercentileCounterSet.java","52485","30178","82663"
"2019-10-10 14:37","ClientCnxnSocketNetty.java","7470","3717","11187"
"2019-10-10 14:37","Login.java","259669","220742","480411"
"2019-11-11 13:59","Login.java","263358","220774","484132"
"2017-11-28 00:10","Login.java","21415","13256","34671"
"2016-05-02 18:15","Login.java","3317","3443","6760"
"2019-08-17 17:13","Login.java","255916","220742","476658"
"2019-08-03 08:42","Login.java","256624","220742","477366"
"2019-12-27 22:33","PrepRequestProcessor.java","9297","6233","15530"
"2020-03-25 03:38","PrepRequestProcessor.java","17227","10056","27283"
"2018-09-15 00:08","ZooKeeperServer.java","218815","49082","267897"
"2019-04-12 19:01","ZooKeeperServer.java","239517","72747","312264"
"2019-07-31 19:06","ZooKeeperServer.java","257017","72747","329764"
"2019-09-11 10:27","ZooKeeperServer.java","259066","72747","331813"
"2019-01-14 19:38","ZooKeeperServer.java","232974","72719","305693"
"2019-01-07 15:34","ZooKeeperServer.java","232575","72719","305294"
"2018-11-21 17:56","ZooKeeperServer.java","225772","72719","298491"
"2012-01-31 07:45","ZooKeeperServer.java","126047","16848","142895"
"2017-04-28 07:14","ZooKeeperServer.java","178168","20353","198521"
"2011-08-19 00:05","ZooKeeperServer.java","122536","13923","136459"
"2017-02-12 00:12","ZooKeeperServer.java","177259","20343","197602"
"2014-07-18 02:19","ZooKeeperServer.java","162081","19568","181649"
"2013-12-11 19:22","ZooKeeperServer.java","148426","18075","166501"
"2019-02-13 13:12","ZooKeeperServer.java","236635","72726","309361"
"2012-02-11 00:34","ZooKeeperServer.java","126707","16923","143630"
"2016-11-24 17:18","ZooKeeperServer.java","178859","20167","199026"
"2018-07-19 05:59","ZooKeeperServer.java","189760","23960","213720"
"2018-09-18 01:00","ZooKeeperServer.java","219504","49118","268622"
"2008-10-07 20:51","ZooKeeperServer.java","2414","1494","3908"
"2019-03-04 08:07","ZooKeeperServer.java","237211","72725","309936"
"2019-07-08 23:26","ZooKeeperServer.java","246486","72747","319233"
"2019-01-23 14:00","ZooKeeperServer.java","234409","72719","307128"
"2019-02-13 13:19","ZooKeeperServer.java","236921","72726","309647"
"2019-05-14 17:11","ZooKeeperServer.java","242377","72747","315124"
"2009-01-15 23:57","ZooKeeperServer.java","25560","8201","33761"
"2013-01-25 02:17","ZooKeeperServer.java","137080","17717","154797"
"2015-07-10 08:19","ZooKeeperServer.java","171233","19733","190966"
"2009-02-20 01:23","ZooKeeperServer.java","40336","9351","49687"
"2009-02-06 22:19","ZooKeeperServer.java","40091","9246","49337"
"2019-06-04 10:55","ZooKeeperServer.java","243194","72747","315941"
"2011-06-14 07:14","ZooKeeperServer.java","123335","14949","138284"
"2009-02-27 20:00","ZooKeeperServer.java","40368","9357","49725"
"2019-04-09 15:35","ZooKeeperServer.java","238545","72725","311270"
"2019-08-03 08:42","ZooKeeperServer.java","258418","72747","331165"
"2019-05-15 11:56","ZooKeeperServer.java","242464","72747","315211"
"2019-05-22 11:39","ZooKeeperServer.java","242910","72747","315657"
"2019-04-22 19:15","ZooKeeperServer.java","240492","72747","313239"
"2018-02-23 23:49","ZooKeeperServer.java","183307","20718","204025"
"2016-11-16 06:21","ZooKeeperServer.java","178704","20033","198737"
"2012-12-19 19:07","ZooKeeperServer.java","135997","17672","153669"
"2017-08-18 06:32","ZooKeeperServer.java","177985","20630","198615"
"2009-01-16 00:48","ZooKeeperServer.java","25761","8383","34144"
"2017-06-26 00:16","ZooKeeperServer.java","177943","20596","198539"
"2009-02-02 23:26","ZooKeeperServer.java","37833","9067","46900"
"2019-09-10 04:26","ZooKeeperServer.java","258755","72747","331502"
"2019-08-17 17:13","ZooKeeperServer.java","257710","72747","330457"
"2019-09-05 23:12","ZooKeeperServer.java","258629","72747","331376"
"2019-09-10 15:21","ZooKeeperServer.java","258753","72747","331500"
"2009-05-20 20:48","ZooKeeperServer.java","67300","10098","77398"
"2009-06-15 22:52","ZooKeeperServer.java","70826","10441","81267"
"2019-08-01 07:31","ZooKeeperServer.java","258381","72747","331128"
"2019-08-01 07:28","ZooKeeperServer.java","257891","72747","330638"
"2019-06-03 19:40","ZooKeeperServer.java","243041","72747","315788"
"2015-03-17 18:06","ZooKeeperServer.java","168172","19686","187858"
"2019-11-23 17:08","ZooKeeperServer.java","262864","73200","336064"
"2019-10-09 16:49","ZooKeeperServer.java","261296","72747","334043"
"2019-07-03 00:44","ZooKeeperServer.java","245723","72747","318470"
"2018-01-19 01:12","ZooKeeperServer.java","182231","20684","202915"
"2019-07-24 18:00","ZooKeeperServer.java","254165","72747","326912"
"2013-05-16 18:49","ZooKeeperServer.java","141884","17971","159855"
"2018-08-08 06:21","ZooKeeperServer.java","200063","32783","232846"
"2018-05-09 23:57","ZooKeeperServer.java","184847","20753","205600"
"2009-11-07 01:48","ZooKeeperServer.java","86796","12449","99245"
"2009-12-18 03:19","ZooKeeperServer.java","95733","12916","108649"
"2010-01-26 01:17","ZooKeeperServer.java","99440","13173","112613"
"2019-12-27 22:33","ZooKeeperServer.java","266841","73200","340041"
"2016-08-13 15:01","ZooKeeperServer.java","174689","19919","194608"
"2018-09-11 00:17","ZooKeeperServer.java","217262","49078","266340"
"2019-11-18 09:05","ZooKeeperServer.java","261307","73200","334507"
"2019-10-10 14:37","ZooKeeperServer.java","261463","72747","334210"
"2019-09-16 23:26","ZooKeeperServer.java","260729","72747","333476"
"2013-10-08 01:35","ZooKeeperServer.java","144762","18045","162807"
"2017-06-23 18:39","ZooKeeperServer.java","177945","20578","198523"
"2009-08-07 01:23","ZooKeeperServer.java","81394","11016","92410"
"2011-12-28 07:07","ZooKeeperServer.java","125696","16836","142532"
"2019-12-03 10:01","ZooKeeperServer.java","264766","73200","337966"
"2020-03-25 03:38","ZooKeeperServer.java","270948","73200","344148"
"2010-03-12 19:26","ZooKeeperServer.java","108881","13215","122096"
"2019-11-28 12:24","ZooKeeperServer.java","263069","73200","336269"
"2019-11-06 15:21","ZooKeeperServer.java","261679","72747","334426"
"2011-05-20 01:17","ZooKeeperServer.java","122183","14928","137111"
"2010-07-29 23:10","ZooKeeperServer.java","124077","13876","137953"
"2011-09-17 02:36","ZooKeeperServer.java","125131","16502","141633"
"2020-04-12 11:14","ZooKeeperServer.java","271701","73200","344901"
"2011-09-14 08:56","ZooKeeperServer.java","125189","14000","139189"
"2011-08-21 02:53","ZooKeeperServer.java","122564","13923","136487"
"2010-08-18 08:24","ZooKeeperServer.java","129577","14186","143763"
"2013-10-09 22:21","ZooKeeperServer.java","147032","18075","165107"
"2008-10-22 01:49","ZooKeeperServer.java","14889","3150","18039"
"2008-12-02 01:13","ZooKeeperServer.java","21230","4143","25373"
"2015-03-08 23:07","ZooKeeperServer.java","167119","19681","186800"
"2018-06-08 16:52","ZooKeeperServer.java","185597","20754","206351"
"2018-06-15 07:41","ZooKeeperServer.java","185614","20768","206382"
"2018-07-28 04:37","ZooKeeperServer.java","190347","23971","214318"
"2019-04-18 19:17","ZooKeeperServer.java","240227","72747","312974"
"2012-03-15 17:47","ZooKeeperServer.java","127751","16933","144684"
"2014-03-25 22:13","ZooKeeperServer.java","151554","18186","169740"
"2011-04-12 09:14","ZooKeeperServer.java","121343","14907","136250"
"2019-10-10 14:37","ZKTestCase.java","7470","3717","11187"
"2019-11-14 16:44","ZKTestCase.java","12053","4026","16079"
"2019-11-28 12:24","ZKTestCase.java","14222","9316","23538"
"2019-08-17 17:13","ServerAdminClient.java","255234","223799","479033"
"2020-03-26 22:20","InstanceContainer.java","271004","176653","447657"
"2019-08-17 17:13","InstanceContainer.java","256659","175348","432007"
"2017-09-11 18:55","InstanceContainer.java","76202","25763","101965"
"2018-08-06 14:11","InstanceContainer.java","104455","44633","149088"
"2019-07-23 15:55","SSLAuthTest.java","15769","5092","20861"
"2019-08-17 17:13","SSLAuthTest.java","44192","29523","73715"
"2019-08-17 17:13","NioNettySuiteBase.java","67761","36458","104219"
"2018-12-15 07:34","X509AuthenticationProvider.java","61890","87714","149604"
"2018-11-07 02:29","X509AuthenticationProvider.java","55461","85982","141443"
"2019-06-03 19:40","X509AuthenticationProvider.java","82447","95513","177960"
"2019-08-17 17:13","X509AuthenticationProvider.java","111485","109882","221367"
"2019-07-29 17:15","JType.java","254590","167551","422141"
"2019-07-31 19:06","Commands.java","173503","156177","329680"
"2019-11-29 14:49","Commands.java","183968","159392","343360"
"2018-11-17 18:37","Commands.java","133726","147632","281358"
"2019-08-17 17:13","Commands.java","174230","156211","330441"
"2019-06-29 00:33","Commands.java","161546","155540","317086"
"2019-06-03 19:40","Commands.java","157657","154307","311964"
"2019-07-15 14:15","Commands.java","168979","155541","324520"
"2019-07-25 23:43","Commands.java","170098","155543","325641"
"2019-06-05 12:14","Commands.java","158184","154307","312491"
"2019-08-06 01:43","Commands.java","175091","156190","331281"
"2019-05-27 10:54","Commands.java","157626","154287","311913"
"2019-06-04 10:55","Commands.java","157810","154307","312117"
"2019-05-15 11:56","Commands.java","157057","154284","311341"
"2019-12-03 10:01","Commands.java","184014","159392","343406"
"2019-11-20 07:00","Commands.java","180371","159196","339567"
"2019-08-17 17:13","KeyStoreFileType.java","29979","25828","55807"
"2014-06-25 19:06","AsyncCallback.java","102297","30615","132912"
"2019-09-05 22:59","AsyncCallback.java","257879","146226","404105"
"2012-12-19 19:16","AsyncCallback.java","81233","28082","109315"
"2019-01-16 14:21","AsyncCallback.java","233179","146178","379357"
"2019-02-07 11:26","AsyncCallback.java","235532","146179","381711"
"2019-08-17 17:13","AsyncCallback.java","257247","146226","403473"
"2017-07-28 00:36","AsyncCallback.java","126174","35259","161433"
"2013-02-03 15:52","AsyncCallback.java","81771","28127","109898"
"2019-02-12 15:31","X509UtilTest.java","13105","6852","19957"
"2019-01-24 11:53","X509UtilTest.java","10990","6572","17562"
"2019-01-25 14:32","X509UtilTest.java","11052","6575","17627"
"2019-01-14 19:40","X509UtilTest.java","9240","6413","15653"
"2019-07-15 14:46","X509UtilTest.java","35920","12644","48564"
"2019-08-17 17:13","X509UtilTest.java","63127","35700","98827"
"2019-09-18 16:03","X509UtilTest.java","67468","37124","104592"
"2019-02-12 15:31","X509UtilTest.java","2230","395","2625"
"2019-01-25 14:32","X509UtilTest.java","63","4","67"
"2019-07-15 14:46","X509UtilTest.java","25410","6552","31962"
"2019-08-17 17:13","X509UtilTest.java","53052","30043","83095"
"2019-09-18 16:03","X509UtilTest.java","57439","31513","88952"
"2019-08-17 17:13","Emulate353TTLTest.java","111461","109885","221346"
"2020-03-25 03:38","ObserverRequestProcessor.java","24918","12133","37051"
"2019-02-12 15:31","X509UtilTest.java","16754","8262","25016"
"2018-12-15 07:34","X509UtilTest.java","3674","1435","5109"
"2019-01-24 11:53","X509UtilTest.java","14639","7982","22621"
"2019-01-25 14:32","X509UtilTest.java","14701","7985","22686"
"2019-01-14 19:40","X509UtilTest.java","12897","7831","20728"
"2019-07-15 14:46","X509UtilTest.java","39529","14014","53543"
"2019-08-17 17:13","X509UtilTest.java","66092","36426","102518"
"2019-09-18 16:03","X509UtilTest.java","70433","37850","108283"
"2019-02-12 15:31","X509UtilTest.java","20059","9109","29168"
"2018-12-15 07:34","X509UtilTest.java","7044","2347","9391"
"2019-01-24 11:53","X509UtilTest.java","17988","8873","26861"
"2018-11-27 10:02","X509UtilTest.java","3389","931","4320"
"2019-01-25 14:32","X509UtilTest.java","18050","8876","26926"
"2019-01-14 19:40","X509UtilTest.java","16267","8743","25010"
"2019-07-15 14:46","X509UtilTest.java","42763","14790","57553"
"2019-08-17 17:13","X509UtilTest.java","68806","36682","105488"
"2019-09-18 16:03","X509UtilTest.java","73147","38106","111253"
"2019-11-08 17:30","FinalRequestProcessor.java","59985","32343","92328"
"2019-07-08 23:26","FinalRequestProcessor.java","16226","5422","21648"
"2019-01-16 23:23","FinalRequestProcessor.java","312","2304","2616"
"2019-04-12 19:01","FinalRequestProcessor.java","4901","1066","5967"
"2019-02-07 11:26","FinalRequestProcessor.java","380","20","400"
"2019-01-14 19:38","FinalRequestProcessor.java","318","2998","3316"
"2019-09-10 04:26","FinalRequestProcessor.java","54437","31364","85801"
"2019-08-17 17:13","FinalRequestProcessor.java","52154","30126","82280"
"2019-06-26 10:57","FinalRequestProcessor.java","15062","5184","20246"
"2019-08-01 07:28","FinalRequestProcessor.java","30378","8169","38547"
"2019-07-03 00:44","FinalRequestProcessor.java","15395","5354","20749"
"2019-08-06 17:11","FinalRequestProcessor.java","31665","8536","40201"
"2020-03-25 03:38","FinalRequestProcessor.java","74112","39299","113411"
"2019-09-16 23:26","FinalRequestProcessor.java","56453","31406","87859"
"2019-10-10 14:37","FinalRequestProcessor.java","57970","32189","90159"
"2019-11-21 05:58","FinalRequestProcessor.java","62446","37251","99697"
"2019-11-18 09:05","FinalRequestProcessor.java","62413","37241","99654"
"2019-11-11 13:59","FinalRequestProcessor.java","61812","32374","94186"
"2020-03-26 22:12","FinalRequestProcessor.java","74167","39352","113519"
"2019-08-17 17:13","StandardTypeFileKeyStoreLoader.java","29979","25828","55807"
"2019-10-10 14:37","FastLeaderElection.java","3272","2899","6171"
"2020-04-07 09:07","FastLeaderElection.java","21721","11727","33448"
"2019-08-17 17:13","DatadirCleanupManagerTest.java","255966","218914","474880"
"2019-08-17 17:13","CommitProcessor.java","24190","24898","49088"
"2020-03-25 03:38","CommitProcessor.java","47565","35488","83053"
"2019-10-10 14:37","CommitProcessor.java","30687","27642","58329"
"2019-11-11 13:55","CommitProcessor.java","32828","27828","60656"
"2019-12-27 22:33","CommitProcessor.java","41627","33657","75284"
"2019-08-17 17:13","CommitProcessor.java","48965","29822","78787"
"2019-07-30 02:31","CommitProcessor.java","24578","7514","32092"
"2019-08-03 08:42","CommitProcessor.java","27789","7938","35727"
"2019-04-25 02:11","CommitProcessor.java","3319","456","3775"
"2020-03-25 03:38","CommitProcessor.java","71242","39314","110556"
"2019-10-10 14:37","CommitProcessor.java","54806","31910","86716"
"2019-11-11 13:55","CommitProcessor.java","56939","32088","89027"
"2019-12-27 22:33","CommitProcessor.java","65531","37710","103241"
"2015-07-07 07:11","GetTest.java","76443","22280","98723"
"2020-03-25 03:38","ZooKeeperServerBean.java","21686","11920","33606"
"2019-11-14 03:54","ZooKeeperServerBean.java","8742","3752","12494"
"2020-04-30 18:53","ZooKeeperServerBean.java","23302","12636","35938"
"2019-12-27 22:33","DataTreeTest.java","15166","9400","24566"
"2019-10-09 16:38","DataTreeTest.java","2409","1824","4233"
"2019-08-27 09:23","LockListener.java","257525","178405","435930"
"2019-11-11 13:59","GetAclCommand.java","263345","221901","485246"
"2017-05-27 00:52","GetAclCommand.java","9371","6695","16066"
"2019-01-31 15:55","GetAclCommand.java","233428","221735","455163"
"2019-08-17 17:13","GetAclCommand.java","255887","221853","477740"
"2019-07-23 15:55","SSLAuthTest.java","252091","217153","469244"
"2019-08-17 17:13","SSLAuthTest.java","256083","217153","473236"
"2019-06-03 19:40","SSLAuthTest.java","241413","217152","458565"
"2016-05-02 18:15","SSLAuthTest.java","9794","6164","15958"
"2018-12-15 07:34","SSLAuthTest.java","228544","217041","445585"
"2019-02-13 13:12","SSLAuthTest.java","234939","217063","452002"
"2018-10-16 16:22","SSLAuthTest.java","233540","196213","429753"
"2018-12-20 07:24","SSLAuthTest.java","229472","217042","446514"
"2016-06-23 19:42","SSLAuthTest.java","10671","6454","17125"
"2016-09-18 23:21","ZooKeeperServerMainTest.java","895","235","1130"
"2017-01-13 19:29","ZooKeeperServerMainTest.java","6892","1557","8449"
"2019-06-03 19:40","ZooKeeperServerMainTest.java","241217","222019","463236"
"2019-08-17 17:13","ZooKeeperServerMainTest.java","255887","222020","477907"
"2018-09-11 15:23","ZooKeeperServerMainTest.java","122021","107428","229449"
"2017-01-05 22:32","ZooKeeperServerMainTest.java","6437","1472","7909"
"2019-07-29 17:15","BinaryInputArchiveTest.java","253683","216214","469897"
"2019-09-26 08:55","BinaryInputArchiveTest.java","259407","216214","475621"
"2019-01-02 15:10","BinaryInputArchiveTest.java","230010","216103","446113"
"2015-07-07 07:11","BinaryInputArchiveTest.java","5325","2508","7833"
"2019-02-12 15:31","X509UtilTest.java","2167","391","2558"
"2019-07-15 14:46","X509UtilTest.java","25347","6548","31895"
"2019-08-17 17:13","X509UtilTest.java","52996","30046","83042"
"2019-09-18 16:03","X509UtilTest.java","57383","31516","88899"
"2017-05-27 00:52","CreateCommand.java","9371","6695","16066"
"2019-08-17 17:13","CreateCommand.java","255887","221853","477740"
"2018-05-09 23:57","CreateCommand.java","19827","10104","29931"
"2017-01-07 01:09","Zab1_0Test.java","34960","11083","46043"
"2015-12-06 21:30","Zab1_0Test.java","22714","5603","28317"
"2019-12-17 13:48","Zab1_0Test.java","264723","204982","469705"
"2015-07-07 07:11","Zab1_0Test.java","20792","5232","26024"
"2019-12-27 22:33","Zab1_0Test.java","266272","204982","471254"
"2019-10-10 14:37","Zab1_0Test.java","259908","203543","463451"
"2015-05-14 18:40","Zab1_0Test.java","18016","3756","21772"
"2019-08-17 17:13","Zab1_0Test.java","256155","203543","459698"
"2019-06-03 19:40","Zab1_0Test.java","241486","203543","445029"
"2018-05-10 06:00","Zab1_0Test.java","46336","17750","64086"
"2017-11-28 00:10","Zab1_0Test.java","42516","16919","59435"
"2017-08-18 06:32","Zab1_0Test.java","37912","16350","54262"
"2017-02-12 00:12","Zab1_0Test.java","35053","13930","48983"
"2019-11-08 17:30","FinalRequestProcessor.java","262518","183022","445540"
"2019-07-08 23:26","FinalRequestProcessor.java","245680","183022","428702"
"2019-01-16 23:23","FinalRequestProcessor.java","232819","182957","415776"
"2018-09-18 01:00","FinalRequestProcessor.java","177083","108525","285608"
"2019-04-12 19:01","FinalRequestProcessor.java","238712","183023","421735"
"2019-02-07 11:26","FinalRequestProcessor.java","235172","182958","418130"
"2019-01-14 19:38","FinalRequestProcessor.java","232130","182956","415086"
"2013-03-07 07:01","FinalRequestProcessor.java","34896","12962","47858"
"2019-01-09 17:22","FinalRequestProcessor.java","234812","182958","417770"
"2015-06-04 19:51","FinalRequestProcessor.java","70562","21570","92132"
"2019-09-10 04:26","FinalRequestProcessor.java","257949","183022","440971"
"2019-08-17 17:13","FinalRequestProcessor.java","256904","183022","439926"
"2016-10-07 21:51","FinalRequestProcessor.java","78972","24929","103901"
"2014-01-24 07:18","FinalRequestProcessor.java","44485","13818","58303"
"2019-06-26 10:57","FinalRequestProcessor.java","244754","183022","427776"
"2019-08-01 07:28","FinalRequestProcessor.java","257085","183022","440107"
"2019-07-03 00:44","FinalRequestProcessor.java","244917","183022","427939"
"2016-03-23 00:30","FinalRequestProcessor.java","74894","24358","99252"
"2019-08-06 17:11","FinalRequestProcessor.java","258005","183022","441027"
"2015-03-17 18:06","FinalRequestProcessor.java","67918","21260","89178"
"2018-07-10 12:46","FinalRequestProcessor.java","99877","36549","136426"
"2020-03-25 03:38","FinalRequestProcessor.java","270787","184120","454907"
"2019-09-16 23:26","FinalRequestProcessor.java","259923","183022","442945"
"2019-10-10 14:37","FinalRequestProcessor.java","260657","183022","443679"
"2019-11-21 05:58","FinalRequestProcessor.java","261169","184120","445289"
"2019-11-18 09:05","FinalRequestProcessor.java","261146","184120","445266"
"2012-12-19 19:16","FinalRequestProcessor.java","29692","12314","42006"
"2011-10-20 20:02","FinalRequestProcessor.java","11479","6267","17746"
"2011-10-28 18:59","FinalRequestProcessor.java","12150","6687","18837"
"2019-11-11 13:59","FinalRequestProcessor.java","264314","183022","447336"
"2020-03-26 22:12","FinalRequestProcessor.java","270789","184120","454909"
"2014-04-17 08:47","FinalRequestProcessor.java","53137","19911","73048"
"2014-04-29 02:23","FinalRequestProcessor.java","53849","19917","73766"
"2013-10-09 22:21","FinalRequestProcessor.java","40764","13635","54399"
"2011-09-14 08:56","FinalRequestProcessor.java","10546","1185","11731"
"2019-10-10 14:37","ZooTrace.java","7470","3717","11187"
"2019-10-10 14:37","ClientCnxnSocketNIO.java","260412","175780","436192"
"2012-10-31 18:24","ClientCnxnSocketNIO.java","11273","4539","15812"
"2014-12-20 15:29","ClientCnxnSocketNIO.java","55497","15965","71462"
"2019-04-09 15:35","ClientCnxnSocketNIO.java","237459","175723","413182"
"2019-08-03 08:42","ClientCnxnSocketNIO.java","257367","175780","433147"
"2014-07-17 22:56","ClientCnxnSocketNIO.java","47577","15357","62934"
"2019-08-17 17:13","ClientCnxnSocketNIO.java","256659","175780","432439"
"2016-05-02 18:15","ClientCnxnSocketNIO.java","66222","20643","86865"
"2018-11-22 17:56","ClientCnxnSocketNIO.java","225279","175703","400982"
"2012-09-09 20:24","ClientCnxnSocketNIO.java","11074","4523","15597"
"2011-04-12 09:14","LogSkipList.java","14937","15099","30036"
"2019-10-10 14:37","SaslAuthFailDesignatedClientTest.java","260119","197520","457639"
"2016-05-02 18:15","SaslAuthFailDesignatedClientTest.java","39830","16284","56114"
"2019-08-17 17:13","SaslAuthFailDesignatedClientTest.java","256366","197520","453886"
"2014-02-12 17:00","LearnerHandler.java","88401","29764","118165"
"2014-03-23 04:12","LearnerHandler.java","88911","29887","118798"
"2010-01-25 04:28","LearnerHandler.java","5407","1844","7251"
"2019-10-10 14:37","LearnerHandler.java","260932","154511","415443"
"2015-06-05 20:38","LearnerHandler.java","108916","32201","141117"
"2015-06-05 20:51","LearnerHandler.java","108943","32201","141144"
"2015-06-12 23:02","LearnerHandler.java","109051","32211","141262"
"2010-03-11 15:05","LearnerHandler.java","23902","10910","34812"
"2011-04-12 09:14","LearnerHandler.java","45800","21659","67459"
"2013-09-26 14:05","LearnerHandler.java","81283","29337","110620"
"2019-07-03 20:54","LearnerHandler.java","245173","154511","399684"
"2011-09-14 08:56","LearnerHandler.java","57944","20863","78807"
"2011-08-30 08:37","LearnerHandler.java","56594","20722","77316"
"2010-07-29 23:10","LearnerHandler.java","43251","15345","58596"
"2011-09-17 02:36","LearnerHandler.java","58087","23566","81653"
"2012-04-23 01:20","LearnerHandler.java","65301","27485","92786"
"2013-06-28 23:22","LearnerHandler.java","80836","29320","110156"
"2018-09-18 01:00","LearnerHandler.java","190965","94687","285652"
"2010-11-04 17:01","LearnerHandler.java","79835","16657","96492"
"2012-02-06 09:40","LearnerHandler.java","61196","25706","86902"
"2013-05-14 14:27","LearnerHandler.java","78923","29144","108067"
"2018-08-03 18:52","LearnerHandler.java","145773","53071","198844"
"2011-01-22 20:38","LearnerHandler.java","82600","17324","99924"
"2018-12-09 03:16","LearnerHandler.java","229785","154459","384244"
"2019-04-12 19:01","LearnerHandler.java","238986","154511","393497"
"2013-03-07 07:01","LearnerHandler.java","78772","29118","107890"
"2017-11-28 00:10","LearnerHandler.java","123671","36389","160060"
"2019-06-29 00:33","LearnerHandler.java","245166","154511","399677"
"2013-05-11 15:35","LearnerHandler.java","78825","29123","107948"
"2019-07-25 21:41","LearnerHandler.java","253662","154511","408173"
"2019-08-23 19:43","LearnerHandler.java","257845","154511","412356"
"2019-08-17 17:13","LearnerHandler.java","257179","154511","411690"
"2017-06-26 00:16","LearnerHandler.java","119368","36129","155497"
"2017-08-03 20:28","LearnerHandler.java","119041","36154","155195"
"2012-07-29 07:02","LearnerHandler.java","66787","27568","94355"
"2019-05-06 17:48","LearnerHandler.java","241492","154511","396003"
"2019-08-03 08:42","LearnerHandler.java","257887","154511","412398"
"2019-04-22 19:15","LearnerHandler.java","239961","154511","394472"
"2011-06-14 07:14","LearnerHandler.java","47912","21821","69733"
"2019-07-23 15:55","SSLAuthTest.java","251895","220587","472482"
"2019-08-17 17:13","SSLAuthTest.java","255887","220587","476474"
"2019-06-03 19:40","SSLAuthTest.java","241217","220586","461803"
"2018-12-15 07:34","SSLAuthTest.java","228340","220467","448807"
"2019-02-13 13:12","SSLAuthTest.java","234736","220490","455226"
"2018-10-16 16:22","SSLAuthTest.java","232847","199150","431997"
"2018-12-20 07:24","SSLAuthTest.java","229268","220468","449736"
"2016-06-23 19:42","SSLAuthTest.java","898","311","1209"
"2019-08-01 07:31","ObserverRequestProcessor.java","256649","218393","475042"
"2019-08-17 17:13","ObserverRequestProcessor.java","255978","218393","474371"
"2016-10-07 21:51","ObserverRequestProcessor.java","11533","6482","18015"
"2020-03-25 03:38","ObserverRequestProcessor.java","270309","219939","490248"
"2018-06-08 16:52","ZooKeeperServerMain.java","80773","25950","106723"
"2019-04-18 19:17","ZooKeeperServerMain.java","239145","178243","417388"
"2019-11-11 13:59","ZooKeeperServerMain.java","264066","178271","442337"
"2019-11-28 12:24","ZooKeeperServerMain.java","262844","179553","442397"
"2019-11-25 15:37","ZooKeeperServerMain.java","262746","179553","442299"
"2016-08-13 15:01","ZooKeeperServerMain.java","64775","20025","84800"
"2015-06-04 19:51","ZooKeeperServerMain.java","56305","15505","71810"
"2019-08-17 17:13","ZooKeeperServerMain.java","256628","178243","434871"
"2015-03-17 18:06","ZooKeeperServerMain.java","53636","15170","68806"
"2017-07-28 00:36","ZooKeeperServerMain.java","71714","24764","96478"
"2013-12-07 11:16","ZooKeeperServerMain.java","26788","6959","33747"
"2019-04-12 19:01","ZooKeeperServerMain.java","238435","178243","416678"
"2018-09-11 15:23","ZooKeeperServerMain.java","168201","109090","277291"
"2014-07-18 02:19","ZooKeeperServerMain.java","47038","14545","61583"
"2017-02-12 00:12","ZooKeeperServerMain.java","70034","23138","93172"
"2014-05-09 23:37","LearnerTest.java","44764","17628","62392"
"2020-02-16 10:25","LearnerTest.java","268611","178223","446834"
"2020-01-28 17:26","LearnerTest.java","268369","178223","446592"
"2015-03-15 08:54","LearnerTest.java","57917","19024","76941"
"2015-12-06 21:30","LearnerTest.java","64963","20716","85679"
"2019-08-17 17:13","LearnerTest.java","256750","177002","433752"
"2019-07-12 17:01","LearnerTest.java","252063","177002","429065"
"2019-02-13 13:12","LearnerTest.java","235648","176954","412602"
"2012-01-31 07:45","LearnerTest.java","5091","4549","9640"
"2019-11-29 14:49","LearnerTest.java","264528","178223","442751"
"2019-08-17 17:13","QuorumPeerConfigTest.java","174230","156245","330475"
"2018-10-16 16:22","QuorumPeerConfigTest.java","131078","114696","245774"
"2018-12-15 07:34","QuorumPeerConfigTest.java","138228","147670","285898"
"2019-04-18 19:17","QuorumPeerConfigTest.java","154796","154294","309090"
"2020-05-14 18:18","QuorumPeerConfigTest.java","191715","159865","351580"
"2015-10-18 19:00","QuorumPeer.java","59614","16965","76579"
"2018-12-20 15:13","QuorumPeer.java","230142","177765","407907"
"2019-05-16 16:25","QuorumPeer.java","241449","177843","419292"
"2018-10-16 16:22","QuorumPeer.java","236042","158838","394880"
"2019-06-14 09:06","QuorumPeer.java","244648","177843","422491"
"2018-12-07 12:41","QuorumPeer.java","227155","177764","404919"
"2012-04-23 01:20","QuorumPeer.java","5321","2995","8316"
"2012-07-17 23:19","QuorumPeer.java","6159","3061","9220"
"2019-03-11 19:47","QuorumPeer.java","236589","177784","414373"
"2012-02-27 03:41","QuorumPeer.java","637","396","1033"
"2014-07-18 02:19","QuorumPeer.java","47820","14905","62725"
"2019-02-13 13:12","QuorumPeer.java","235538","177785","413323"
"2019-04-12 19:01","QuorumPeer.java","238457","177843","416300"
"2018-12-09 03:16","QuorumPeer.java","229229","177764","406993"
"2018-09-11 15:23","QuorumPeer.java","168794","109261","278055"
"2019-11-29 14:49","QuorumPeer.java","264515","179151","443666"
"2013-03-07 07:01","QuorumPeer.java","20455","6291","26746"
"2018-12-15 07:34","QuorumPeer.java","229144","177764","406908"
"2018-11-27 10:02","QuorumPeer.java","226905","177764","404669"
"2018-09-18 01:00","QuorumPeer.java","170111","109323","279434"
"2019-06-03 19:40","QuorumPeer.java","241981","177843","419824"
"2019-07-15 14:15","QuorumPeer.java","252069","177843","429912"
"2015-03-17 18:06","QuorumPeer.java","54416","15528","69944"
"2019-07-03 00:44","QuorumPeer.java","244663","177843","422506"
"2019-08-17 17:13","QuorumPeer.java","256650","177843","434493"
"2015-06-27 02:03","QuorumPeer.java","57458","15881","73339"
"2017-11-28 00:10","QuorumPeer.java","77373","25581","102954"
"2014-01-21 04:50","QuorumPeer.java","28765","7451","36216"
"2014-06-04 22:07","QuorumPeer.java","41272","14157","55429"
"2018-01-30 08:02","QuorumPeer.java","77859","25914","103773"
"2019-05-15 11:56","QuorumPeer.java","241404","177843","419247"
"2019-06-05 00:33","QuorumPeer.java","242371","177843","420214"
"2019-05-20 23:13","QuorumPeer.java","241522","177843","419365"
"2019-06-04 10:55","QuorumPeer.java","242134","177843","419977"
"2019-07-12 17:01","QuorumPeer.java","251963","177843","429806"
"2020-01-09 11:27","QuorumPeer.java","266061","179151","445212"
"2017-02-09 11:40","QuorumPeer.java","72105","21537","93642"
"2017-07-06 18:48","QuorumPeer.java","72859","24605","97464"
"2018-10-01 06:11","QuorumPeer.java","172853","109486","282339"
"2015-04-09 20:16","QuorumPeer.java","55507","15556","71063"
"2013-10-07 21:08","QuorumPeer.java","23965","6985","30950"
"2013-09-30 22:20","QuorumPeer.java","23351","6802","30153"
"2018-07-04 17:11","QuorumPeer.java","89475","33969","123444"
"2019-12-17 13:48","QuorumPeer.java","265087","179151","444238"
"2015-12-07 05:59","QuorumPeer.java","60615","17208","77823"
"2020-01-23 13:43","QuorumPeer.java","267885","179151","447036"
"2016-06-23 23:45","QuorumPeer.java","64551","20074","84625"
"2016-06-23 23:25","QuorumPeer.java","64444","20075","84519"
"2014-03-23 04:12","QuorumPeer.java","31278","7744","39022"
"2013-09-26 00:13","QuorumPeer.java","23080","6775","29855"
"2014-07-18 20:48","QuorumPeer.java","48315","14941","63256"
"2014-07-04 04:19","QuorumPeer.java","42961","14203","57164"
"2018-12-06 10:56","QuorumPeer.java","227099","177764","404863"
"2014-06-25 15:04","QuorumPeer.java","41779","14167","55946"
"2014-03-28 01:58","QuorumPeer.java","31711","7759","39470"
"2013-10-21 23:36","QuorumPeer.java","26952","7230","34182"
"2019-10-10 14:37","QuorumPeer.java","260403","177843","438246"
"2013-11-07 06:41","QuorumPeer.java","27456","7303","34759"
"2017-07-27 23:09","QuorumPeer.java","72321","25053","97374"
"2014-05-18 05:49","QuorumPeer.java","40766","14140","54906"
"2014-03-25 22:13","QuorumPeer.java","31526","7756","39282"
"2018-06-26 11:18","QuorumPeer.java","81731","26243","107974"
"2018-07-27 12:32","QuorumPeer.java","101015","44309","145324"
"2019-04-18 19:17","QuorumPeer.java","239167","177843","417010"
"2013-10-09 22:21","QuorumPeer.java","26579","7220","33799"
"2016-12-20 14:47","QuorumPeer.java","70855","21422","92277"
"2017-05-11 16:59","QuorumPeer.java","71756","24369","96125"
"2014-07-03 06:01","QuorumPeer.java","42531","14195","56726"
"2014-08-14 08:08","QuorumPeer.java","49309","15074","64383"
"2014-08-01 07:38","QuorumPeer.java","48887","15073","63960"
"2014-07-20 04:50","QuorumPeer.java","48409","14973","63382"
"2016-06-02 00:59","QuorumPeer.java","64053","20053","84106"
"2020-02-16 10:25","QuorumPeer.java","268598","179151","447749"
"2019-08-17 17:13","JettyAdminServer.java","28338","25352","53690"
"2020-05-05 09:18","JettyAdminServer.java","55738","38990","94728"
"2019-10-10 14:37","JettyAdminServer.java","34559","27820","62379"
"2020-03-26 22:20","InstanceContainer.java","271066","179499","450565"
"2011-10-25 08:09","InstanceContainer.java","16828","6924","23752"
"2019-08-17 17:13","InstanceContainer.java","256932","178405","435337"
"2017-09-11 18:55","InstanceContainer.java","88187","27844","116031"
"2018-08-06 14:11","InstanceContainer.java","114997","45271","160268"
"2019-08-01 07:31","ObserverRequestProcessor.java","256498","223293","479791"
"2019-08-17 17:13","ObserverRequestProcessor.java","255827","223293","479120"
"2020-03-25 03:38","ObserverRequestProcessor.java","270200","224881","495081"
"2019-02-12 15:31","X509UtilTest.java","3969","543","4512"
"2019-01-24 11:53","X509UtilTest.java","1760","169","1929"
"2019-01-25 14:32","X509UtilTest.java","1822","172","1994"
"2019-07-15 14:46","X509UtilTest.java","27123","6674","33797"
"2019-08-17 17:13","X509UtilTest.java","54519","29919","84438"
"2019-09-18 16:03","X509UtilTest.java","58862","31345","90207"
"2019-08-17 17:13","ClientReconnectTest.java","44894","29685","74579"
"2020-05-17 15:13","ClientReconnectTest.java","72661","43507","116168"
"2018-06-08 16:52","ZooKeeperServerMain.java","99676","41047","140723"
"2019-04-18 19:17","ZooKeeperServerMain.java","239503","187414","426917"
"2011-04-12 09:14","ZooKeeperServerMain.java","5707","14662","20369"
"2019-11-11 13:59","ZooKeeperServerMain.java","264395","187413","451808"
"2012-03-06 09:20","ZooKeeperServerMain.java","25655","21849","47504"
"2019-11-28 12:24","ZooKeeperServerMain.java","262964","188486","451450"
"2019-11-25 15:37","ZooKeeperServerMain.java","262866","188486","451352"
"2016-08-13 15:01","ZooKeeperServerMain.java","85920","37364","123284"
"2015-06-04 19:51","ZooKeeperServerMain.java","79033","34427","113460"
"2019-08-17 17:13","ZooKeeperServerMain.java","256985","187413","444398"
"2015-03-17 18:06","ZooKeeperServerMain.java","76494","34222","110716"
"2017-07-28 00:36","ZooKeeperServerMain.java","91190","40434","131624"
"2013-12-07 11:16","ZooKeeperServerMain.java","50537","26902","77439"
"2019-04-12 19:01","ZooKeeperServerMain.java","238793","187414","426207"
"2018-09-11 15:23","ZooKeeperServerMain.java","182393","119476","301869"
"2014-07-18 02:19","ZooKeeperServerMain.java","70119","33820","103939"
"2017-02-12 00:12","ZooKeeperServerMain.java","90251","39549","129800"
"2011-04-12 09:14","AsyncHammerTest.java","25467","14727","40194"
"2019-10-10 14:37","AsyncHammerTest.java","260743","167723","428466"
"2019-08-17 17:13","AsyncHammerTest.java","256990","167723","424713"
"2017-05-01 17:19","AsyncHammerTest.java","108838","37578","146416"
"2018-07-10 12:46","QuorumTest.java","146586","43223","189809"
"2019-08-17 17:13","QuorumTest.java","257500","142084","399584"
"2010-11-04 17:01","QuorumTest.java","94032","18106","112138"
"2012-12-13 08:14","QuorumTest.java","84432","28958","113390"
"2011-06-22 00:19","QuorumTest.java","62161","23203","85364"
"2010-03-19 07:46","QuorumTest.java","39957","13499","53456"
"2011-07-15 06:50","QuorumTest.java","63445","21663","85108"
"2010-08-18 08:24","QuorumTest.java","63794","17950","81744"
"2013-10-09 22:21","QuorumTest.java","97035","29871","126906"
"2010-03-31 06:26","QuorumTest.java","40968","14591","55559"
"2011-09-17 02:13","QuorumTest.java","71315","24451","95766"
"2010-07-29 23:10","QuorumTest.java","57822","17168","74990"
"2011-04-12 09:14","QuorumTest.java","59741","22852","82593"
"2009-08-11 07:44","QuorumTest.java","1333","269","1602"
"2009-08-07 01:23","QuorumTest.java","1056","225","1281"
"2019-10-10 14:37","QuorumTest.java","261253","142084","403337"
"2019-09-18 11:20","QuorumTest.java","260412","142084","402496"
"2009-09-16 02:09","QuorumTest.java","3787","1372","5159"
"2019-12-28 16:17","QuorumTest.java","266724","142723","409447"
"2009-08-25 07:45","QuorumTest.java","2806","897","3703"
"2009-10-30 17:19","QuorumTest.java","6365","2820","9185"
"2015-11-03 08:11","QuorumTest.java","122806","32314","155120"
"2011-07-29 10:14","QuorumTest.java","66051","21737","87788"
"2010-03-13 01:06","QuorumTest.java","39382","13252","52634"
"2019-10-10 14:37","SaslServerCallbackHandler.java","260495","177213","437708"
"2019-08-03 08:42","SaslServerCallbackHandler.java","257450","177213","434663"
"2019-08-17 17:13","SaslServerCallbackHandler.java","256742","177213","433955"
"2017-11-28 00:10","SaslServerCallbackHandler.java","81118","28604","109722"
"2016-10-17 10:27","SaslServerCallbackHandler.java","70820","23774","94594"
"2012-08-28 21:51","SaslServerCallbackHandler.java","12252","7358","19610"
"2019-10-10 14:37","NIOConnectionFactoryFdLeakTest.java","7470","3717","11187"
"2019-08-17 17:13","EphemeralType.java","55054","29884","84938"
"2019-06-03 19:40","EphemeralType.java","12590","2089","14679"
"2019-06-07 14:13","TruncateTest.java","241337","224183","465520"
"2019-08-17 17:13","TruncateTest.java","255234","224184","479418"
"2018-05-09 23:57","TruncateTest.java","8453","1714","10167"
"2019-07-12 17:01","TruncateTest.java","250547","224184","474731"
"2017-09-11 18:55","TruncateTest.java","356","178","534"
"2020-01-28 17:26","TruncateTest.java","267275","225827","493102"
"2019-12-03 10:01","CommandsTest.java","184014","157190","341204"
"2019-01-07 14:39","CommandsTest.java","146776","151716","298492"
"2018-09-18 01:00","CommandsTest.java","2359","157","2516"
"2019-04-12 19:01","CommandsTest.java","154089","152061","306150"
"2019-11-29 14:49","CommandsTest.java","183968","157190","341158"
"2019-08-17 17:13","CommandsTest.java","174233","154012","328245"
"2019-06-03 19:40","CommandsTest.java","157660","152108","309768"
"2019-06-29 00:33","CommandsTest.java","161549","153341","314890"
"2019-11-23 17:08","CommandsTest.java","182112","157190","339302"
"2019-06-04 10:55","CommandsTest.java","157813","152108","309921"
"2019-05-27 10:54","CommandsTest.java","157629","152088","309717"
"2019-04-12 19:01","ServerStats.java","154086","154260","308346"
"2019-01-07 14:39","ServerStats.java","146772","153914","300686"
"2019-08-17 17:13","ServerStats.java","174230","156211","330441"
"2015-03-17 18:06","NIOServerCnxnFactory.java","4073","698","4771"
"2019-07-03 00:44","NIOServerCnxnFactory.java","244141","212834","456975"
"2019-08-17 17:13","NIOServerCnxnFactory.java","256128","212834","468962"
"2019-08-03 08:42","NIOServerCnxnFactory.java","256836","212834","469670"
"2019-04-22 19:15","NIOServerCnxnFactory.java","238894","212818","451712"
"2018-11-23 11:51","NIOServerCnxnFactory.java","224790","212723","437513"
"2019-02-13 13:12","NIOServerCnxnFactory.java","234985","212745","447730"
"2018-10-24 04:03","NIOServerCnxnFactory.java","234592","193000","427592"
"2019-04-12 19:01","NIOServerCnxnFactory.java","237919","212818","450737"
"2018-06-15 08:02","NIOServerCnxnFactory.java","36515","16777","53292"
"2016-06-23 23:45","NIOServerCnxnFactory.java","16080","7116","23196"
"2019-10-10 14:37","NIOServerCnxnFactory.java","259881","212834","472715"
"2019-11-14 03:54","NIOServerCnxnFactory.java","264166","212863","477029"
"2019-11-28 12:24","DataTree.java","263032","147105","410137"
"2011-07-13 15:48","DataTree.java","57634","20167","77801"
"2011-06-25 08:13","DataTree.java","56369","21743","78112"
"2011-07-28 07:49","DataTree.java","60178","20265","80443"
"2019-10-10 14:37","DataTree.java","261000","146226","407226"
"2019-12-27 22:33","DataTree.java","266804","147105","413909"
"2015-06-06 03:48","DataTree.java","116336","31466","147802"
"2010-01-26 01:17","DataTree.java","15624","3299","18923"
"2019-11-11 13:59","DataTree.java","264657","146226","410883"
"2011-04-12 09:14","DataTree.java","53804","21310","75114"
"2018-07-10 13:29","DataTree.java","141896","42817","184713"
"2012-12-19 19:16","DataTree.java","81233","28082","109315"
"2014-04-17 08:47","DataTree.java","99448","30449","129897"
"2014-04-29 02:23","DataTree.java","100158","30453","130611"
"2010-07-05 20:20","DataTree.java","48038","15209","63247"
"2011-09-15 00:55","DataTree.java","65635","22989","88624"
"2011-09-28 22:17","DataTree.java","65988","23157","89145"
"2018-09-28 23:38","DataTree.java","196135","89230","285365"
"2011-09-17 02:36","DataTree.java","65706","23132","88838"
"2011-10-20 18:48","DataTree.java","65549","24558","90107"
"2019-11-08 17:30","DataTree.java","262861","146226","409087"
"2013-09-05 23:50","DataTree.java","88079","28656","116735"
"2019-01-30 16:28","DataTree.java","234310","146178","380488"
"2019-01-30 17:02","DataTree.java","234854","146178","381032"
"2016-11-24 17:18","DataTree.java","126456","33819","160275"
"2017-09-11 18:55","DataTree.java","126850","35372","162222"
"2011-07-01 00:53","DataTree.java","59336","22197","81533"
"2012-02-06 10:39","DataTree.java","68972","25422","94394"
"2011-12-21 21:39","DataTree.java","67682","25000","92682"
"2017-02-05 07:22","DataTree.java","127990","33914","161904"
"2014-07-18 02:19","DataTree.java","107490","31032","138522"
"2019-02-07 11:26","DataTree.java","235532","146179","381711"
"2013-03-07 07:01","DataTree.java","86153","28446","114599"
"2018-09-04 11:54","DataTree.java","190908","89087","279995"
"2018-09-05 22:35","DataTree.java","191163","89086","280249"
"2018-12-20 15:17","DataTree.java","230799","146178","376977"
"2019-09-10 09:53","DataTree.java","258296","146226","404522"
"2019-04-12 19:01","DataTree.java","239054","146226","385280"
"2019-07-31 19:06","DataTree.java","256554","146226","402780"
"2019-09-11 10:27","DataTree.java","258603","146226","404829"
"2013-10-22 12:54","DataTree.java","92461","28969","121430"
"2016-03-23 00:30","DataTree.java","119451","33142","152593"
"2019-08-01 07:31","DataTree.java","257918","146226","404144"
"2014-01-24 07:18","DataTree.java","95487","29047","124534"
"2009-11-12 23:48","DataTree.java","6740","1130","7870"
"2019-08-17 17:13","DataTree.java","257247","146226","403473"
"2019-09-10 15:21","DataTree.java","258290","146226","404516"
"2015-06-04 19:51","DataTree.java","116226","31461","147687"
"2016-10-07 21:51","DataTree.java","123414","33598","157012"
"2017-06-18 19:23","DataTree.java","126356","35192","161548"
"2019-04-12 12:29","DataTree.java","238623","146226","384849"
"2019-08-03 08:42","DataTree.java","257955","146226","404181"
"2019-08-09 16:15","DataTree.java","258703","146226","404929"
"2016-11-13 20:59","DataTree.java","125682","33613","159295"
"2019-04-29 16:49","DataTree.java","241084","146226","387310"
"2019-08-17 17:13","FileKeyStoreLoader.java","68806","36682","105488"
"2011-09-17 02:36","RestoreCommittedLogTest.java","16385","5038","21423"
"2016-08-24 01:36","RestoreCommittedLogTest.java","81802","24546","106348"
"2013-12-21 22:05","RestoreCommittedLogTest.java","47076","13698","60774"
"2019-05-20 12:24","RestoreCommittedLogTest.java","241737","178498","420235"
"2019-04-09 15:35","RestoreCommittedLogTest.java","237738","178446","416184"
"2019-08-17 17:13","RestoreCommittedLogTest.java","256932","178497","435429"
"2015-11-21 22:18","RestoreCommittedLogTest.java","78008","22449","100457"
"2019-05-14 17:11","RestoreCommittedLogTest.java","241600","178498","420098"
"2019-09-20 10:06","TxnLogToolkit.java","257786","230885","488671"
"2019-12-27 22:33","TxnLogToolkit.java","265463","232747","498210"
"2018-09-12 13:32","TxnLogToolkit.java","105326","100388","205714"
"2019-11-28 12:24","TxnLogToolkit.java","261690","232746","494436"
"2019-04-12 19:08","TxnLogToolkit.java","236713","230847","467560"
"2019-07-09 13:34","TxnLogToolkit.java","243823","230883","474706"
"2019-08-17 17:13","TxnLogToolkit.java","254922","230884","485806"
"2018-08-06 14:11","TxnLogToolkit.java","24297","21748","46045"
"2018-09-15 00:03","TxnLogToolkit.java","105672","100395","206067"
"2019-10-10 14:37","FLETest.java","259907","204959","464866"
"2016-06-02 00:59","FLETest.java","25141","8753","33894"
"2017-09-11 18:55","FLETest.java","36703","16380","53083"
"2019-08-17 17:13","FLETest.java","256154","204959","461113"
"2020-02-26 22:41","NettyServerCnxnFactory.java","12478","9833","22311"
"2019-11-23 17:08","NettyServerCnxnFactory.java","2066","5374","7440"
"2019-09-18 11:20","DataTreeTest.java","258890","218498","477388"
"2019-12-27 22:33","DataTreeTest.java","266201","220043","486244"
"2019-10-09 16:38","DataTreeTest.java","259475","218498","477973"
"2019-01-30 16:28","DataTreeTest.java","232978","218387","451365"
"2019-02-07 11:26","DataTreeTest.java","234200","218388","452588"
"2018-12-20 15:17","DataTreeTest.java","229466","218386","447852"
"2018-09-04 11:54","DataTreeTest.java","128582","111631","240213"
"2019-07-31 19:06","DataTreeTest.java","255285","218498","473783"
"2019-04-12 19:01","DataTreeTest.java","237767","218480","456247"
"2019-09-10 15:21","DataTreeTest.java","257021","218498","475519"
"2019-08-17 17:13","DataTreeTest.java","255978","218498","474476"
"2017-06-18 19:23","DataTreeTest.java","18358","12064","30422"
"2019-04-12 12:29","DataTreeTest.java","237336","218480","455816"
"2016-11-13 20:59","DataTreeTest.java","13920","6721","20641"
"2019-12-27 22:33","DataTreeTest.java","12760","7579","20339"
"2019-02-07 11:26","PrepRequestProcessor.java","233507","224894","458401"
"2019-09-11 10:27","PrepRequestProcessor.java","256648","225011","481659"
"2018-07-19 05:59","PrepRequestProcessor.java","37612","29936","67548"
"2017-09-11 18:55","PrepRequestProcessor.java","7169","7760","14929"
"2019-01-16 14:21","PrepRequestProcessor.java","231154","224893","456047"
"2017-06-01 05:45","PrepRequestProcessor.java","4569","5624","10193"
"2019-11-08 17:30","PrepRequestProcessor.java","260954","225059","486013"
"2019-04-09 15:35","PrepRequestProcessor.java","236055","224917","460972"
"2019-04-17 14:16","PrepRequestProcessor.java","237345","224992","462337"
"2019-05-10 12:22","PrepRequestProcessor.java","239780","224992","464772"
"2017-06-26 00:16","PrepRequestProcessor.java","5153","5930","11083"
"2019-02-07 11:22","PrepRequestProcessor.java","233169","224894","458063"
"2016-11-16 06:21","PrepRequestProcessor.java","588","41","629"
"2019-08-01 07:31","PrepRequestProcessor.java","255963","225011","480974"
"2019-06-26 10:57","PrepRequestProcessor.java","243141","225010","468151"
"2019-08-17 17:13","PrepRequestProcessor.java","255292","225011","480303"
"2018-08-08 06:21","PrepRequestProcessor.java","87017","77861","164878"
"2018-05-09 23:57","PrepRequestProcessor.java","15103","9133","24236"
"2019-12-27 22:33","PrepRequestProcessor.java","265575","226616","492191"
"2019-10-10 14:37","PrepRequestProcessor.java","259045","225011","484056"
"2020-03-25 03:38","PrepRequestProcessor.java","269683","226617","496300"
"2018-06-15 07:41","PrepRequestProcessor.java","16086","9364","25450"
"2019-08-17 17:13","OpResult.java","39048","26898","65946"
"2018-09-15 00:08","ZooKeeperServer.java","205142","60751","265893"
"2019-04-12 19:01","ZooKeeperServer.java","239491","103706","343197"
"2019-07-31 19:06","ZooKeeperServer.java","256990","103705","360695"
"2019-09-11 10:27","ZooKeeperServer.java","259039","103705","362744"
"2019-01-14 19:38","ZooKeeperServer.java","232948","103678","336626"
"2019-01-07 15:34","ZooKeeperServer.java","232549","103678","336227"
"2018-11-21 17:56","ZooKeeperServer.java","225746","103678","329424"
"2012-01-31 07:45","ZooKeeperServer.java","104539","20682","125221"
"2017-04-28 07:14","ZooKeeperServer.java","159275","26802","186077"
"2011-08-19 00:05","ZooKeeperServer.java","99435","16164","115599"
"2017-02-12 00:12","ZooKeeperServer.java","158354","26780","185134"
"2014-07-18 02:19","ZooKeeperServer.java","141110","23939","165049"
"2013-12-11 19:22","ZooKeeperServer.java","127234","22225","149459"
"2019-02-13 13:12","ZooKeeperServer.java","236609","103685","340294"
"2012-02-11 00:34","ZooKeeperServer.java","105328","20886","126214"
"2016-11-24 17:18","ZooKeeperServer.java","159557","26207","185764"
"2018-07-19 05:59","ZooKeeperServer.java","174464","34006","208470"
"2018-09-18 01:00","ZooKeeperServer.java","205837","60793","266630"
"2019-03-04 08:07","ZooKeeperServer.java","237185","103684","340869"
"2019-07-08 23:26","ZooKeeperServer.java","246459","103705","350164"
"2019-01-23 14:00","ZooKeeperServer.java","234383","103678","338061"
"2019-02-13 13:19","ZooKeeperServer.java","236895","103685","340580"
"2019-05-14 17:11","ZooKeeperServer.java","242351","103706","346057"
"2013-01-25 02:17","ZooKeeperServer.java","115716","21695","137411"
"2015-07-10 08:19","ZooKeeperServer.java","150366","24208","174574"
"2019-06-04 10:55","ZooKeeperServer.java","243167","103705","346872"
"2011-06-14 07:14","ZooKeeperServer.java","95202","17801","113003"
"2009-02-27 20:00","ZooKeeperServer.java","36","10","46"
"2019-04-09 15:35","ZooKeeperServer.java","238519","103684","342203"
"2019-08-03 08:42","ZooKeeperServer.java","258391","103705","362096"
"2019-05-15 11:56","ZooKeeperServer.java","242438","103706","346144"
"2019-05-22 11:39","ZooKeeperServer.java","242884","103706","346590"
"2019-04-22 19:15","ZooKeeperServer.java","240466","103706","344172"
"2018-02-23 23:49","ZooKeeperServer.java","164499","27252","191751"
"2016-11-16 06:21","ZooKeeperServer.java","159402","26073","185475"
"2012-12-19 19:07","ZooKeeperServer.java","114634","21651","136285"
"2017-08-18 06:32","ZooKeeperServer.java","159120","27107","186227"
"2017-06-26 00:16","ZooKeeperServer.java","159052","27047","186099"
"2019-09-10 04:26","ZooKeeperServer.java","258728","103705","362433"
"2019-08-17 17:13","ZooKeeperServer.java","257683","103705","361388"
"2019-09-05 23:12","ZooKeeperServer.java","258602","103705","362307"
"2019-09-10 15:21","ZooKeeperServer.java","258726","103705","362431"
"2009-05-20 20:48","ZooKeeperServer.java","29117","2900","32017"
"2009-06-15 22:52","ZooKeeperServer.java","33256","3856","37112"
"2019-08-01 07:31","ZooKeeperServer.java","258354","103705","362059"
"2019-08-01 07:28","ZooKeeperServer.java","257864","103705","361569"
"2019-06-03 19:40","ZooKeeperServer.java","243014","103705","346719"
"2015-03-17 18:06","ZooKeeperServer.java","147276","24132","171408"
"2019-11-23 17:08","ZooKeeperServer.java","262842","104163","367005"
"2019-10-09 16:49","ZooKeeperServer.java","261269","103705","364974"
"2019-07-03 00:44","ZooKeeperServer.java","245696","103705","349401"
"2018-01-19 01:12","ZooKeeperServer.java","163420","27215","190635"
"2019-07-24 18:00","ZooKeeperServer.java","254138","103705","357843"
"2013-05-16 18:49","ZooKeeperServer.java","120591","22020","142611"
"2018-08-08 06:21","ZooKeeperServer.java","185075","43137","228212"
"2018-05-09 23:57","ZooKeeperServer.java","166047","27295","193342"
"2009-11-07 01:48","ZooKeeperServer.java","51398","8036","59434"
"2009-12-18 03:19","ZooKeeperServer.java","61050","9218","70268"
"2010-01-26 01:17","ZooKeeperServer.java","64766","9484","74250"
"2019-12-27 22:33","ZooKeeperServer.java","266819","104163","370982"
"2016-08-13 15:01","ZooKeeperServer.java","155376","25948","181324"
"2018-09-11 00:17","ZooKeeperServer.java","203587","60745","264332"
"2019-11-18 09:05","ZooKeeperServer.java","261285","104163","365448"
"2019-10-10 14:37","ZooKeeperServer.java","261436","103705","365141"
"2019-09-16 23:26","ZooKeeperServer.java","260702","103705","364407"
"2013-10-08 01:35","ZooKeeperServer.java","123519","22144","145663"
"2017-06-23 18:39","ZooKeeperServer.java","159050","27025","186075"
"2009-08-07 01:23","ZooKeeperServer.java","45463","6070","51533"
"2011-12-28 07:07","ZooKeeperServer.java","104184","20666","124850"
"2019-12-03 10:01","ZooKeeperServer.java","264744","104163","368907"
"2020-03-25 03:38","ZooKeeperServer.java","270926","104163","375089"
"2010-03-12 19:26","ZooKeeperServer.java","77322","12641","89963"
"2019-11-28 12:24","ZooKeeperServer.java","263047","104163","367210"
"2019-11-06 15:21","ZooKeeperServer.java","261652","103705","365357"
"2011-05-20 01:17","ZooKeeperServer.java","94038","17768","111806"
"2010-07-29 23:10","ZooKeeperServer.java","92969","13753","106722"
"2011-09-17 02:36","ZooKeeperServer.java","102127","18840","120967"
"2020-04-12 11:14","ZooKeeperServer.java","271679","104163","375842"
"2011-09-14 08:56","ZooKeeperServer.java","102135","16288","118423"
"2011-08-21 02:53","ZooKeeperServer.java","99463","16164","115627"
"2010-08-18 08:24","ZooKeeperServer.java","98550","14144","112694"
"2013-10-09 22:21","ZooKeeperServer.java","125810","22195","148005"
"2015-03-08 23:07","ZooKeeperServer.java","146221","24125","170346"
"2018-06-08 16:52","ZooKeeperServer.java","166797","27296","194093"
"2018-06-15 07:41","ZooKeeperServer.java","166816","27312","194128"
"2018-07-28 04:37","ZooKeeperServer.java","175051","34017","209068"
"2019-04-18 19:17","ZooKeeperServer.java","240201","103706","343907"
"2012-03-15 17:47","ZooKeeperServer.java","106379","20903","127282"
"2014-03-25 22:13","ZooKeeperServer.java","130385","22359","152744"
"2011-04-12 09:14","ZooKeeperServer.java","93189","17738","110927"
"2018-12-09 03:16","FollowerRequestProcessor.java","228365","223173","451538"
"2019-08-17 17:13","FollowerRequestProcessor.java","255827","223293","479120"
"2019-08-01 07:31","FollowerRequestProcessor.java","256498","223293","479791"
"2020-03-25 03:38","FollowerRequestProcessor.java","270200","224881","495081"
"2019-10-10 14:37","FollowerRequestProcessor.java","259580","223293","482873"
"2020-05-05 21:20","FollowerRequestProcessor.java","271231","224881","496112"
"2019-08-17 17:13","Counter.java","47813","29620","77433"
"2019-08-17 17:13","WatchesPathReport.java","256151","210259","466410"
"2018-09-28 23:38","WatchesPathReport.java","143477","113030","256507"
"2019-08-17 17:13","FollowerResyncConcurrencyTest.java","256377","193596","449973"
"2019-06-03 19:40","FollowerResyncConcurrencyTest.java","241708","193596","435304"
"2015-11-21 22:18","FollowerResyncConcurrencyTest.java","40867","13650","54517"
"2019-10-10 14:37","FollowerResyncConcurrencyTest.java","260130","193596","453726"
"2019-12-28 16:17","FollowerResyncConcurrencyTest.java","266308","194942","461250"
"2018-10-18 11:18","Emulate353TTLTest.java","231000","208265","439265"
"2019-08-17 17:13","Emulate353TTLTest.java","254922","230611","485533"
"2018-05-10 06:13","Emulate353TTLTest.java","500","223","723"
"2019-08-17 17:13","FollowerResyncConcurrencyTest.java","256502","179045","435547"
"2019-06-03 19:40","FollowerResyncConcurrencyTest.java","241833","179045","420878"
"2013-06-28 23:22","FollowerResyncConcurrencyTest.java","21013","6337","27350"
"2015-11-21 22:18","FollowerResyncConcurrencyTest.java","58727","16834","75561"
"2019-10-10 14:37","FollowerResyncConcurrencyTest.java","260255","179045","439300"
"2019-12-28 16:17","FollowerResyncConcurrencyTest.java","266397","180355","446752"
"2018-09-15 00:08","ZooKeeperServer.java","205251","60720","265971"
"2019-04-12 19:01","ZooKeeperServer.java","239495","103570","343065"
"2019-07-31 19:06","ZooKeeperServer.java","256994","103569","360563"
"2019-09-11 10:27","ZooKeeperServer.java","259043","103569","362612"
"2019-01-14 19:38","ZooKeeperServer.java","232952","103542","336494"
"2019-01-07 15:34","ZooKeeperServer.java","232553","103542","336095"
"2018-11-21 17:56","ZooKeeperServer.java","225750","103542","329292"
"2012-01-31 07:45","ZooKeeperServer.java","104692","20695","125387"
"2017-04-28 07:14","ZooKeeperServer.java","159388","26775","186163"
"2011-08-19 00:05","ZooKeeperServer.java","99608","16197","115805"
"2017-02-12 00:12","ZooKeeperServer.java","158467","26753","185220"
"2014-07-18 02:19","ZooKeeperServer.java","141227","23916","165143"
"2013-12-11 19:22","ZooKeeperServer.java","127351","22202","149553"
"2019-02-13 13:12","ZooKeeperServer.java","236613","103549","340162"
"2012-02-11 00:34","ZooKeeperServer.java","105471","20889","126360"
"2016-11-24 17:18","ZooKeeperServer.java","159671","26181","185852"
"2018-07-19 05:59","ZooKeeperServer.java","174573","33975","208548"
"2018-09-18 01:00","ZooKeeperServer.java","205946","60762","266708"
"2019-03-04 08:07","ZooKeeperServer.java","237189","103548","340737"
"2019-07-08 23:26","ZooKeeperServer.java","246463","103569","350032"
"2019-01-23 14:00","ZooKeeperServer.java","234387","103542","337929"
"2019-02-13 13:19","ZooKeeperServer.java","236899","103549","340448"
"2019-05-14 17:11","ZooKeeperServer.java","242355","103570","345925"
"2013-01-25 02:17","ZooKeeperServer.java","115860","21699","137559"
"2015-07-10 08:19","ZooKeeperServer.java","150479","24181","174660"
"2009-02-20 01:23","ZooKeeperServer.java","266","126","392"
"2019-06-04 10:55","ZooKeeperServer.java","243171","103569","346740"
"2011-06-14 07:14","ZooKeeperServer.java","95375","17834","113209"
"2009-02-27 20:00","ZooKeeperServer.java","302","136","438"
"2019-04-09 15:35","ZooKeeperServer.java","238523","103548","342071"
"2019-08-03 08:42","ZooKeeperServer.java","258395","103569","361964"
"2019-05-15 11:56","ZooKeeperServer.java","242442","103570","346012"
"2019-05-22 11:39","ZooKeeperServer.java","242888","103570","346458"
"2019-04-22 19:15","ZooKeeperServer.java","240470","103570","344040"
"2018-02-23 23:49","ZooKeeperServer.java","164605","27218","191823"
"2016-11-16 06:21","ZooKeeperServer.java","159516","26047","185563"
"2012-12-19 19:07","ZooKeeperServer.java","114778","21655","136433"
"2017-08-18 06:32","ZooKeeperServer.java","159227","27074","186301"
"2017-06-26 00:16","ZooKeeperServer.java","159165","27020","186185"
"2019-09-10 04:26","ZooKeeperServer.java","258732","103569","362301"
"2019-08-17 17:13","ZooKeeperServer.java","257687","103569","361256"
"2019-09-05 23:12","ZooKeeperServer.java","258606","103569","362175"
"2019-09-10 15:21","ZooKeeperServer.java","258730","103569","362299"
"2009-05-20 20:48","ZooKeeperServer.java","29347","2990","32337"
"2009-06-15 22:52","ZooKeeperServer.java","33488","3948","37436"
"2019-08-01 07:31","ZooKeeperServer.java","258358","103569","361927"
"2019-08-01 07:28","ZooKeeperServer.java","257868","103569","361437"
"2019-06-03 19:40","ZooKeeperServer.java","243018","103569","346587"
"2015-03-17 18:06","ZooKeeperServer.java","147389","24105","171494"
"2019-11-23 17:08","ZooKeeperServer.java","262846","104027","366873"
"2019-10-09 16:49","ZooKeeperServer.java","261273","103569","364842"
"2019-07-03 00:44","ZooKeeperServer.java","245700","103569","349269"
"2018-01-19 01:12","ZooKeeperServer.java","163527","27182","190709"
"2019-07-24 18:00","ZooKeeperServer.java","254142","103569","357711"
"2013-05-16 18:49","ZooKeeperServer.java","120719","22008","142727"
"2018-08-08 06:21","ZooKeeperServer.java","185184","43106","228290"
"2018-05-09 23:57","ZooKeeperServer.java","166156","27264","193420"
"2009-11-07 01:48","ZooKeeperServer.java","51579","8077","59656"
"2009-12-18 03:19","ZooKeeperServer.java","61229","9257","70486"
"2010-01-26 01:17","ZooKeeperServer.java","64945","9523","74468"
"2019-12-27 22:33","ZooKeeperServer.java","266823","104027","370850"
"2016-08-13 15:01","ZooKeeperServer.java","155490","25922","181412"
"2018-09-11 00:17","ZooKeeperServer.java","203696","60714","264410"
"2019-11-18 09:05","ZooKeeperServer.java","261289","104027","365316"
"2019-10-10 14:37","ZooKeeperServer.java","261440","103569","365009"
"2019-09-16 23:26","ZooKeeperServer.java","260706","103569","364275"
"2013-10-08 01:35","ZooKeeperServer.java","123639","22124","145763"
"2017-06-23 18:39","ZooKeeperServer.java","159163","26998","186161"
"2009-08-07 01:23","ZooKeeperServer.java","45691","6158","51849"
"2011-12-28 07:07","ZooKeeperServer.java","104337","20679","125016"
"2019-12-03 10:01","ZooKeeperServer.java","264748","104027","368775"
"2020-03-25 03:38","ZooKeeperServer.java","270930","104027","374957"
"2010-03-12 19:26","ZooKeeperServer.java","77501","12680","90181"
"2019-11-28 12:24","ZooKeeperServer.java","263051","104027","367078"
"2019-11-06 15:21","ZooKeeperServer.java","261656","103569","365225"
"2011-05-20 01:17","ZooKeeperServer.java","94212","17802","112014"
"2010-07-29 23:10","ZooKeeperServer.java","93146","13790","106936"
"2011-09-17 02:36","ZooKeeperServer.java","102284","18857","121141"
"2020-04-12 11:14","ZooKeeperServer.java","271683","104027","375710"
"2011-09-14 08:56","ZooKeeperServer.java","102292","16305","118597"
"2011-08-21 02:53","ZooKeeperServer.java","99636","16197","115833"
"2010-08-18 08:24","ZooKeeperServer.java","98726","14180","112906"
"2013-10-09 22:21","ZooKeeperServer.java","125929","22174","148103"
"2015-03-08 23:07","ZooKeeperServer.java","146334","24098","170432"
"2018-06-08 16:52","ZooKeeperServer.java","166906","27265","194171"
"2018-06-15 07:41","ZooKeeperServer.java","166925","27281","194206"
"2018-07-28 04:37","ZooKeeperServer.java","175160","33986","209146"
"2019-04-18 19:17","ZooKeeperServer.java","240205","103570","343775"
"2012-03-15 17:47","ZooKeeperServer.java","106522","20906","127428"
"2014-03-25 22:13","ZooKeeperServer.java","130502","22336","152838"
"2011-04-12 09:14","ZooKeeperServer.java","93363","17772","111135"
"2019-07-29 17:15","JLong.java","254590","167551","422141"
"2019-09-11 10:27","SerializeUtils.java","3093","1737","4830"
"2019-12-27 22:33","SerializeUtils.java","18682","10004","28686"
"2019-10-10 14:37","DeserializationPerfTest.java","7470","3717","11187"
"2014-04-29 02:23","RemoveWatchesCommand.java","8866","7536","16402"
"2016-07-27 01:33","RemoveWatchesCommand.java","36577","16636","53213"
"2019-08-17 17:13","RemoveWatchesCommand.java","256271","202296","458567"
"2019-01-31 15:55","RemoveWatchesCommand.java","233823","202189","436012"
"2017-05-27 00:52","RemoveWatchesCommand.java","44680","22063","66743"
"2018-10-16 16:22","QuorumPeerConfig.java","241711","108331","350042"
"2012-04-23 01:20","QuorumPeerConfig.java","84855","26353","111208"
"2018-12-09 03:16","QuorumPeerConfig.java","230114","131620","361734"
"2019-04-12 19:01","QuorumPeerConfig.java","239307","131664","370971"
"2018-09-11 15:23","QuorumPeerConfig.java","199346","83637","282983"
"2013-03-07 07:01","QuorumPeerConfig.java","97634","27294","124928"
"2018-12-15 07:34","QuorumPeerConfig.java","230029","131620","361649"
"2019-02-13 13:12","QuorumPeerConfig.java","236411","131629","368040"
"2019-08-17 17:13","QuorumPeerConfig.java","257500","131664","389164"
"2015-03-17 18:06","QuorumPeerConfig.java","124741","29677","154418"
"2014-01-21 04:50","QuorumPeerConfig.java","105211","27721","132932"
"2009-11-18 20:06","QuorumPeerConfig.java","29808","6970","36778"
"2012-12-16 07:43","QuorumPeerConfig.java","90704","26758","117462"
"2017-11-28 00:10","QuorumPeerConfig.java","141228","33260","174488"
"2019-06-05 00:29","QuorumPeerConfig.java","243167","131664","374831"
"2014-09-17 07:34","QuorumPeerConfig.java","121164","29553","150717"
"2020-01-09 11:27","QuorumPeerConfig.java","266242","132303","398545"
"2019-07-12 17:01","QuorumPeerConfig.java","252813","131664","384477"
"2016-11-13 20:59","QuorumPeerConfig.java","136436","31734","168170"
"2019-05-15 11:56","QuorumPeerConfig.java","242254","131664","373918"
"2014-08-19 22:50","QuorumPeerConfig.java","120078","29553","149631"
"2018-10-01 06:11","QuorumPeerConfig.java","203315","83772","287087"
"2017-07-28 00:36","QuorumPeerConfig.java","136659","33111","169770"
"2013-09-30 22:20","QuorumPeerConfig.java","100167","27442","127609"
"2017-07-06 18:48","QuorumPeerConfig.java","137523","33093","170616"
"2013-09-26 00:13","QuorumPeerConfig.java","99919","27438","127357"
"2010-03-09 05:44","QuorumPeerConfig.java","49893","14084","63977"
"2020-01-23 13:43","QuorumPeerConfig.java","268066","132303","400369"
"2011-04-06 18:17","QuorumPeerConfig.java","69443","22298","91741"
"2010-03-12 19:26","QuorumPeerConfig.java","50717","14178","64895"
"2014-05-17 13:23","QuorumPeerConfig.java","111510","29125","140635"
"2014-07-04 04:19","QuorumPeerConfig.java","114195","29261","143456"
"2011-09-17 02:42","QuorumPeerConfig.java","79273","23913","103186"
"2016-06-23 19:42","QuorumPeerConfig.java","131635","31365","163000"
"2015-09-06 20:02","QuorumPeerConfig.java","128378","29802","158180"
"2015-09-29 03:56","QuorumPeerConfig.java","128588","29831","158419"
"2019-10-10 14:37","QuorumPeerConfig.java","261253","131664","392917"
"2009-08-11 00:24","QuorumPeerConfig.java","15584","4172","19756"
"2018-07-27 12:32","QuorumPeerConfig.java","157681","44799","202480"
"2019-04-18 19:17","QuorumPeerConfig.java","240017","131664","371681"
"2016-11-03 16:07","QuorumPeerConfig.java","134756","31723","166479"
"2011-04-12 09:14","QuorumPeerConfig.java","70009","22700","92709"
"2014-03-25 22:13","QuorumPeerConfig.java","107799","27853","135652"
"2011-09-02 22:50","QuorumPeerConfig.java","78222","21252","99474"
"2013-10-09 22:21","QuorumPeerConfig.java","103180","27645","130825"
"2014-08-01 07:38","QuorumPeerConfig.java","119516","29526","149042"
"2014-08-14 08:08","QuorumPeerConfig.java","119937","29526","149463"
"2020-02-16 10:25","QuorumPeerConfig.java","268779","132303","401082"
"2020-05-14 18:18","QuorumPeerConfig.java","272005","132304","404309"
"2017-05-11 16:59","QuorumPeerConfig.java","136620","33057","169677"
"2020-02-12 15:48","JBuffer.java","47648","34755","82403"
"2020-02-12 15:52","JBuffer.java","47649","34756","82405"
"2019-07-29 17:15","TestWriter.java","38161","14599","52760"
"2019-11-23 17:08","NettyServerCnxn.java","13955","9254","23209"
"2019-11-18 09:05","NettyServerCnxn.java","12157","9013","21170"
"2019-11-21 05:58","NettyServerCnxn.java","12196","9029","21225"
"2019-09-16 23:26","NettyServerCnxn.java","4958","1939","6897"
"2019-10-10 14:37","NettyServerCnxn.java","7470","3717","11187"
"2019-02-06 09:46","ZooKeeper.java","233890","200277","434167"
"2019-01-16 14:21","ZooKeeper.java","232166","200276","432442"
"2017-04-18 02:02","ZooKeeper.java","46102","20888","66990"
"2019-11-08 17:30","ZooKeeper.java","261934","200410","462344"
"2019-02-07 11:26","ZooKeeper.java","234519","200277","434796"
"2017-05-01 17:19","ZooKeeper.java","46245","20904","67149"
"2019-08-17 17:13","ZooKeeper.java","256292","200382","456674"
"2015-06-04 19:51","ZooKeeper.java","29842","11517","41359"
"2016-10-07 21:51","ZooKeeper.java","40689","17313","58002"
"2015-03-16 09:09","ZooKeeper.java","25954","10673","36627"
"2015-03-17 18:06","ZooKeeper.java","26772","10781","37553"
"2016-05-02 18:15","ZooKeeper.java","36799","16189","52988"
"2019-06-26 10:57","ZooKeeper.java","244142","200382","444524"
"2019-06-03 19:40","ZooKeeper.java","241623","200382","442005"
"2018-05-09 23:57","ZooKeeper.java","55992","24393","80385"
"2019-08-03 08:42","ZooKeeper.java","257000","200382","457382"
"2016-11-13 20:59","ZooKeeper.java","43089","17460","60549"
"2017-07-28 00:36","ZooKeeper.java","47591","23116","70707"
"2017-08-18 23:35","ZooKeeper.java","48174","23214","71388"
"2017-07-04 07:56","ZooKeeper.java","47186","22101","69287"
"2020-04-16 12:50","ZooKeeper.java","271283","201799","473082"
"2018-07-27 05:16","ZooKeeper.java","76558","42941","119499"
"2019-10-10 14:37","ZooKeeper.java","260045","200382","460427"
"2014-04-01 04:03","ZooKeeper.java","2090","610","2700"
"2019-02-11 12:34","ZooKeeper.java","234882","200277","435159"
"2014-07-08 20:18","ZooKeeper.java","15386","9019","24405"
"2020-05-17 15:13","ZooKeeper.java","271665","201810","473475"
"2017-01-09 22:49","ZooKeeper.java","45387","18190","63577"
"2019-03-12 19:08","ZooKeeper.java","236327","200294","436621"
"2014-07-22 06:51","ZooKeeper.java","20201","9636","29837"
"2014-04-29 02:23","ZooKeeper.java","10994","7729","18723"
"2019-08-17 17:13","BaseTestMetricsProvider.java","43884","29368","73252"
"2019-08-17 17:13","HierarchicalQuorumTest.java","256154","204462","460616"
"2019-07-12 17:01","HierarchicalQuorumTest.java","251467","204462","455929"
"2019-10-10 14:37","HierarchicalQuorumTest.java","259907","204462","464369"
"2018-06-26 11:18","HierarchicalQuorumTest.java","46102","17729","63831"
"2017-05-11 16:59","HierarchicalQuorumTest.java","35087","14815","49902"
"2013-12-21 22:05","RepeatStartupTest.java","51384","26938","78322"
"2011-04-12 09:14","RepeatStartupTest.java","5707","14662","20369"
"2011-10-25 08:09","RepeatStartupTest.java","21389","20509","41898"
"2019-08-17 17:13","RepeatStartupTest.java","256985","187413","444398"
"2019-12-27 22:33","FileTxnLog.java","84827","44241","129068"
"2019-10-10 14:37","FileTxnLog.java","74404","38743","113147"
"2020-01-28 17:26","FileTxnLog.java","87758","45452","133210"
"2019-05-14 17:11","FileTxnLog.java","26690","10115","36805"
"2019-01-07 14:24","FileTxnLog.java","15364","8626","23990"
"2019-04-12 19:01","FileTxnLog.java","23526","9811","33337"
"2019-08-17 17:13","FileTxnLog.java","68678","36770","105448"
"2019-06-03 19:40","FileTxnLog.java","27674","10435","38109"
"2019-08-03 08:42","FileTxnLog.java","49283","16667","65950"
"2019-04-09 15:35","FileTxnLog.java","22269","9504","31773"
"2019-06-07 14:13","TruncateTest.java","242568","181380","423948"
"2015-05-14 18:40","TruncateTest.java","50563","13831","64394"
"2019-08-17 17:13","TruncateTest.java","256464","181380","437844"
"2018-05-09 23:57","TruncateTest.java","75546","24773","100319"
"2014-09-27 08:20","TruncateTest.java","44967","13250","58217"
"2019-07-12 17:01","TruncateTest.java","251777","181380","433157"
"2017-08-18 06:32","TruncateTest.java","67783","23749","91532"
"2017-09-11 18:55","TruncateTest.java","68091","23879","91970"
"2014-06-30 19:11","TruncateTest.java","36428","11945","48373"
"2016-08-24 01:36","TruncateTest.java","60201","18984","79185"
"2017-05-11 16:59","TruncateTest.java","66624","22960","89584"
"2020-01-28 17:26","TruncateTest.java","268174","182692","450866"
"2017-01-07 01:09","TruncateTest.java","66208","19859","86067"
"2014-02-12 17:00","TruncateTest.java","24445","5021","29466"
"2014-01-03 01:24","TruncateTest.java","22302","4840","27142"
"2019-09-11 10:27","PrepRequestProcessor.java","51612","31113","82725"
"2019-11-08 17:30","PrepRequestProcessor.java","56833","32076","88909"
"2019-04-17 14:16","PrepRequestProcessor.java","1627","412","2039"
"2019-05-10 12:22","PrepRequestProcessor.java","4443","793","5236"
"2019-08-01 07:31","PrepRequestProcessor.java","27483","7669","35152"
"2019-06-26 10:57","PrepRequestProcessor.java","11577","4584","16161"
"2019-08-17 17:13","PrepRequestProcessor.java","48965","29822","78787"
"2019-12-27 22:33","PrepRequestProcessor.java","65531","37710","103241"
"2019-10-10 14:37","PrepRequestProcessor.java","54806","31910","86716"
"2020-03-25 03:38","PrepRequestProcessor.java","71242","39314","110556"
"2019-06-04 10:55","DefaultMetricsProvider.java","4626","949","5575"
"2019-08-17 17:13","DefaultMetricsProvider.java","47813","29620","77433"
"2013-05-11 14:51","FLETest.java","64909","27913","92822"
"2019-10-10 14:37","FLETest.java","260768","167976","428744"
"2013-10-21 23:36","FLETest.java","70974","28458","99432"
"2013-10-02 20:19","FLETest.java","67692","28287","95979"
"2014-06-25 15:04","FLETest.java","85073","34667","119740"
"2011-09-17 02:13","FLETest.java","42411","20558","62969"
"2016-06-02 00:59","FLETest.java","104287","37493","141780"
"2011-04-12 09:14","FLETest.java","27920","17408","45328"
"2011-12-23 20:46","FLETest.java","45405","23427","68832"
"2011-04-29 18:12","FLETest.java","28347","17500","45847"
"2017-09-11 18:55","FLETest.java","111393","40664","152057"
"2012-04-23 01:20","FLETest.java","51233","26113","77346"
"2019-08-17 17:13","FLETest.java","257015","167976","424991"
"2019-08-17 17:13","RecoveryTest.java","257500","142084","399584"
"2013-12-21 22:05","RecoveryTest.java","98786","29919","128705"
"2019-10-10 14:37","RecoveryTest.java","261253","142084","403337"
"2011-04-12 09:14","RecoveryTest.java","59741","22852","82593"
"2010-03-31 06:26","RecoveryTest.java","40968","14591","55559"
"2010-08-18 08:24","RecoveryTest.java","63794","17950","81744"
"2012-08-28 21:51","ClientBase.java","80157","28180","108337"
"2017-06-08 17:51","ClientBase.java","131065","35783","166848"
"2012-07-17 23:19","ClientBase.java","79071","28168","107239"
"2017-04-18 01:37","ClientBase.java","131345","35431","166776"
"2010-03-16 22:23","ClientBase.java","39410","13255","52665"
"2018-09-07 02:49","ClientBase.java","194457","88105","282562"
"2019-07-31 19:06","ClientBase.java","256807","142084","398891"
"2012-02-06 09:47","ClientBase.java","74335","26553","100888"
"2015-02-06 06:17","ClientBase.java","117513","32042","149555"
"2017-09-11 18:55","ClientBase.java","131683","35943","167626"
"2019-08-17 17:13","ClientBase.java","257500","142084","399584"
"2015-03-28 20:08","ClientBase.java","119765","32083","151848"
"2019-06-07 14:13","ClientBase.java","243604","142084","385688"
"2018-04-24 00:20","ClientBase.java","137612","36096","173708"
"2018-08-08 06:21","ClientBase.java","175019","69532","244551"
"2018-05-09 23:57","ClientBase.java","138444","36143","174587"
"2019-06-24 11:05","ClientBase.java","244833","142084","386917"
"2012-12-11 08:42","ClientBase.java","84055","28745","112800"
"2017-01-13 19:29","ClientBase.java","132648","34568","167216"
"2010-01-25 04:28","ClientBase.java","21879","5568","27447"
"2010-03-09 05:44","ClientBase.java","38491","13102","51593"
"2016-06-23 23:25","ClientBase.java","126094","33920","160014"
"2014-01-03 01:40","ClientBase.java","98934","29927","128861"
"2014-01-25 01:17","ClientBase.java","100785","29972","130757"
"2009-11-20 23:28","ClientBase.java","17094","4397","21491"
"2009-11-25 20:06","ClientBase.java","17131","4401","21532"
"2009-11-12 20:53","ClientBase.java","8692","3305","11997"
"2009-08-25 07:45","ClientBase.java","2806","897","3703"
"2009-09-16 02:09","ClientBase.java","3787","1372","5159"
"2019-11-14 16:44","ClientBase.java","265527","142084","407611"
"2019-10-10 14:37","ClientBase.java","261253","142084","403337"
"2012-03-15 17:47","ClientBase.java","75792","26767","102559"
"2010-09-15 07:51","ClientBase.java","91971","17957","109928"
"2012-01-14 00:28","ClientBase.java","73725","26459","100184"
"2011-04-12 09:14","ClientBase.java","59741","22852","82593"
"2011-11-05 07:29","ClientBase.java","72118","26272","98390"
"2016-08-24 01:36","ClientBase.java","127020","34275","161295"
"2011-09-17 02:13","ClientBase.java","71315","24451","95766"
"2010-07-05 20:20","ClientBase.java","54246","17022","71268"
"2010-03-31 06:26","ClientBase.java","40968","14591","55559"
"2010-08-18 08:24","ClientBase.java","63794","17950","81744"
"2015-03-08 23:07","ClientBase.java","117713","32068","149781"
"2018-08-06 14:13","ZooInspectorManagerImpl.java","83378","73352","156730"
"2013-10-09 22:21","LearnerSessionTracker.java","79933","29056","108989"
"2015-03-08 23:07","LearnerSessionTracker.java","100919","31561","132480"
"2011-11-14 20:18","LearnerSessionTracker.java","54737","24761","79498"
"2019-10-10 14:37","LearnerSessionTracker.java","260786","158337","419123"
"2019-09-20 10:02","LearnerSessionTracker.java","259953","158337","418290"
"2019-08-17 17:13","LearnerSessionTracker.java","257033","158337","415370"
"2018-08-08 06:21","LearnerSessionTracker.java","167067","77867","244934"
"2014-07-18 02:19","LearnerSessionTracker.java","95732","31299","127031"
"2019-11-29 14:49","QuorumCnxManager.java","39319","33470","72789"
"2019-11-13 20:41","QuorumCnxManager.java","34932","27921","62853"
"2019-08-06 12:52","QuorumCnxManager.java","316","51","367"
"2020-03-12 14:47","QuorumCnxManager.java","46625","35390","82015"
"2019-08-17 17:13","QuorumCnxManager.java","24190","24898","49088"
"2019-10-10 14:37","QuorumCnxManager.java","30687","27642","58329"
"2020-01-23 13:43","QuorumCnxManager.java","44367","35148","79515"
"2019-11-28 12:24","QuorumCnxManager.java","37347","33149","70496"
"2020-03-23 16:20","QuorumCnxManager.java","46864","35458","82322"
"2020-02-16 10:25","QuorumCnxManager.java","45229","35297","80526"
"2019-09-11 10:27","SerializeUtils.java","257334","218393","475727"
"2019-08-17 17:13","SerializeUtils.java","255978","218393","474371"
"2016-10-07 21:51","SerializeUtils.java","11533","6482","18015"
"2018-02-07 01:05","SerializeUtils.java","26290","14865","41155"
"2019-12-27 22:33","SerializeUtils.java","266201","219938","486139"
"2011-04-12 09:14","InvalidSnapshotTest.java","37207","19682","56889"
"2016-08-24 01:36","InvalidSnapshotTest.java","108730","34042","142772"
"2010-08-18 08:24","InvalidSnapshotTest.java","34396","7916","42312"
"2010-03-31 06:26","InvalidSnapshotTest.java","10147","3134","13281"
"2013-12-21 22:05","InvalidSnapshotTest.java","80010","29200","109210"
"2013-10-02 01:45","InvalidSnapshotTest.java","75327","28978","104305"
"2019-10-10 14:37","InvalidSnapshotTest.java","260786","160981","421767"
"2019-08-17 17:13","InvalidSnapshotTest.java","257033","160981","418014"
"2012-03-18 21:06","InvalidSnapshotTest.java","57734","26653","84387"
"2012-02-06 09:47","InvalidSnapshotTest.java","54152","24427","78579"
"2019-08-17 17:13","LeaderMXBean.java","28807","25290","54097"
"2019-11-29 14:49","QuorumCnxManager.java","4784","5946","10730"
"2020-03-12 14:47","QuorumCnxManager.java","14154","9930","24084"
"2020-01-23 13:43","QuorumCnxManager.java","10256","8048","18304"
"2019-11-28 12:24","QuorumCnxManager.java","2624","5437","8061"
"2020-03-23 16:20","QuorumCnxManager.java","14415","10020","24435"
"2020-02-16 10:25","QuorumCnxManager.java","12746","9825","22571"
"2013-12-21 22:05","RepeatStartupTest.java","72367","28511","100878"
"2010-08-18 08:24","RepeatStartupTest.java","24450","4983","29433"
"2011-04-12 09:14","RepeatStartupTest.java","27920","17408","45328"
"2011-10-25 08:09","RepeatStartupTest.java","42821","22531","65352"
"2019-08-17 17:13","RepeatStartupTest.java","257015","167976","424991"
"2019-11-29 14:49","QuorumCnxManager.java","63274","37573","100847"
"2019-06-14 09:06","QuorumCnxManager.java","9111","1969","11080"
"2019-08-03 08:42","QuorumCnxManager.java","27787","7935","35722"
"2019-11-13 20:41","QuorumCnxManager.java","59037","32174","91211"
"2019-08-06 12:52","QuorumCnxManager.java","28074","7957","36031"
"2019-05-20 23:13","QuorumCnxManager.java","4973","957","5930"
"2019-07-27 20:04","QuorumCnxManager.java","22388","6713","29101"
"2020-03-12 14:47","QuorumCnxManager.java","70333","39246","109579"
"2019-08-17 17:13","QuorumCnxManager.java","48963","29819","78782"
"2019-10-10 14:37","QuorumCnxManager.java","54804","31907","86711"
"2020-01-23 13:43","QuorumCnxManager.java","68097","39026","107123"
"2019-11-28 12:24","QuorumCnxManager.java","61342","37292","98634"
"2020-03-23 16:20","QuorumCnxManager.java","70562","39304","109866"
"2020-02-16 10:25","QuorumCnxManager.java","68942","39158","108100"
"2019-06-03 19:40","Command.java","907","330","1237"
"2019-08-17 17:13","Command.java","44957","29711","74668"
"2018-12-09 03:16","LeaderZooKeeperServer.java","230318","103542","333860"
"2018-11-21 17:56","LeaderZooKeeperServer.java","225750","103542","329292"
"2012-01-31 07:45","LeaderZooKeeperServer.java","104692","20695","125387"
"2019-06-04 10:55","LeaderZooKeeperServer.java","243171","103569","346740"
"2015-06-04 19:51","LeaderZooKeeperServer.java","149775","24157","173932"
"2009-06-26 22:29","LeaderZooKeeperServer.java","44006","5832","49838"
"2019-08-17 17:13","LeaderZooKeeperServer.java","257687","103569","361256"
"2009-06-18 18:37","LeaderZooKeeperServer.java","34872","4261","39133"
"2009-05-20 22:16","LeaderZooKeeperServer.java","29473","3048","32521"
"2019-06-03 19:40","LeaderZooKeeperServer.java","243018","103569","346587"
"2009-12-18 03:19","LeaderZooKeeperServer.java","61229","9257","70486"
"2019-11-25 15:37","LeaderZooKeeperServer.java","262953","104027","366980"
"2019-12-27 22:33","LeaderZooKeeperServer.java","266823","104027","370850"
"2009-08-07 01:23","LeaderZooKeeperServer.java","45691","6158","51849"
"2010-03-12 19:26","LeaderZooKeeperServer.java","77501","12680","90181"
"2013-10-09 22:21","LeaderZooKeeperServer.java","125929","22174","148103"
"2011-10-20 20:02","LeaderZooKeeperServer.java","102205","20367","122572"
"2019-10-10 14:37","LeaderRequestProcessor.java","7470","3717","11187"
"2019-08-17 17:13","RequestThrottler.java","37963","26739","64702"
"2020-04-30 18:53","RequestThrottler.java","62373","37464","99837"
"2020-03-25 03:38","RequestThrottler.java","60801","36792","97593"
"2019-11-28 12:24","RequestThrottler.java","50805","34675","85480"
"2019-09-16 23:26","RequestThrottler.java","42576","28333","70909"
"2019-10-10 14:37","ClientTest.java","261285","129610","390895"
"2009-09-16 02:09","ClientTest.java","20183","5262","25445"
"2019-12-28 16:17","ClientTest.java","266724","130217","396941"
"2009-10-31 00:09","ClientTest.java","23598","6697","30295"
"2009-11-07 01:48","ClientTest.java","24277","6971","31248"
"2010-01-05 18:32","ClientTest.java","34261","8310","42571"
"2010-03-09 03:09","ClientTest.java","50504","12845","63349"
"2014-07-25 01:31","ClientTest.java","119960","28047","148007"
"2017-01-09 22:49","ClientTest.java","138790","30434","169224"
"2010-09-15 07:51","ClientTest.java","103599","17079","120678"
"2011-04-12 09:14","ClientTest.java","70679","21284","91963"
"2014-07-08 20:18","ClientTest.java","115442","27916","143358"
"2017-05-01 17:19","ClientTest.java","137630","31130","168760"
"2018-11-22 17:56","ClientTest.java","226185","129566","355751"
"2013-01-25 02:17","ClientTest.java","93534","25507","119041"
"2017-06-30 22:43","ClientTest.java","137500","31479","168979"
"2009-06-25 00:59","ClientTest.java","15174","3887","19061"
"2019-03-06 03:32","ClientTest.java","237281","129574","366855"
"2012-12-11 08:42","ClientTest.java","90845","25078","115923"
"2012-10-31 19:38","ClientTest.java","87866","24926","112792"
"2009-06-18 18:37","ClientTest.java","6460","2045","8505"
"2019-08-17 17:13","ClientTest.java","257532","129610","387142"
"2019-12-27 22:33","FileTxnLog.java","264780","234198","498978"
"2019-10-10 14:37","FileTxnLog.java","257917","232260","490177"
"2018-11-12 22:36","FileTxnLog.java","222096","232100","454196"
"2020-01-28 17:26","FileTxnLog.java","266501","234199","500700"
"2019-05-14 17:11","FileTxnLog.java","238809","232238","471047"
"2019-01-07 14:24","FileTxnLog.java","228838","232104","460942"
"2019-04-12 19:01","FileTxnLog.java","235932","232221","468153"
"2018-09-06 01:11","FileTxnLog.java","90450","88819","179269"
"2018-09-18 01:00","FileTxnLog.java","92873","88988","181861"
"2019-08-17 17:13","FileTxnLog.java","254163","232259","486422"
"2019-06-03 19:40","FileTxnLog.java","239493","232258","471751"
"2019-08-03 08:42","FileTxnLog.java","254871","232259","487130"
"2019-04-09 15:35","FileTxnLog.java","234903","232142","467045"
"2019-10-10 14:37","SessionTrackerImpl.java","260685","178405","439090"
"2019-09-20 10:02","SessionTrackerImpl.java","259852","178405","438257"
"2011-11-14 20:18","SessionTrackerImpl.java","17997","7131","25128"
"2013-10-09 22:21","SessionTrackerImpl.java","45363","13596","58959"
"2020-03-26 22:16","SessionTrackerImpl.java","270818","179499","450317"
"2015-03-08 23:07","SessionTrackerImpl.java","71263","21015","92278"
"2014-07-25 00:58","SessionTrackerImpl.java","66680","20710","87390"
"2014-07-23 20:17","SessionTrackerImpl.java","66674","20710","87384"
"2012-09-17 09:53","SessionTrackerImpl.java","27981","10941","38922"
"2015-02-06 06:17","SessionTrackerImpl.java","71041","20967","92008"
"2014-07-18 02:19","SessionTrackerImpl.java","65966","20643","86609"
"2018-09-18 01:00","SessionTrackerImpl.java","180418","107222","287640"
"2019-09-05 23:12","SessionTrackerImpl.java","257851","178405","436256"
"2019-08-17 17:13","SessionTrackerImpl.java","256932","178405","435337"
"2018-08-08 06:21","SessionTrackerImpl.java","156645","86555","243200"
"2018-05-09 23:57","SessionTrackerImpl.java","95212","28308","123520"
"2019-04-22 19:15","SessionTrackerImpl.java","239715","178406","418121"
"2012-12-19 19:07","SessionTrackerImpl.java","33539","12404","45943"
"2017-09-11 18:55","FatJarMain.java","166558","22986","189544"
"2019-10-10 14:37","SaslQuorumAuthLearner.java","7470","3717","11187"
"2020-02-04 10:39","SaslQuorumAuthLearner.java","22381","11897","34278"
"2019-08-17 17:13","KeeperException.java","256292","200382","456674"
"2014-04-30 04:30","KeeperException.java","11020","7741","18761"
"2019-07-24 18:00","KeeperException.java","252747","200382","453129"
"2016-11-13 20:59","KeeperException.java","43089","17460","60549"
"2017-07-28 00:36","KeeperException.java","47591","23116","70707"
"2020-03-25 03:38","KeeperException.java","270494","201799","472293"
"2018-07-27 05:16","KeeperException.java","76558","42941","119499"
"2019-10-10 14:37","ACLTest.java","260738","187413","448151"
"2013-12-21 22:05","ACLTest.java","51384","26938","78322"
"2011-04-12 09:14","ACLTest.java","5707","14662","20369"
"2016-08-24 01:36","ACLTest.java","85848","37524","123372"
"2017-09-11 18:55","ACLTest.java","91941","40622","132563"
"2016-11-13 20:59","ACLTest.java","89500","37590","127090"
"2019-05-06 18:32","ACLTest.java","241340","187414","428754"
"2017-08-18 23:35","ACLTest.java","91751","40510","132261"
"2019-08-17 17:13","ACLTest.java","256985","187413","444398"
"2014-04-25 23:40","ACLTest.java","61944","33050","94994"
"2019-08-17 17:13","ZooKeeperServerBeanTest.java","255250","224660","479910"
"2019-02-13 13:12","ZooKeeperServerBeanTest.java","234099","224563","458662"
"2019-11-29 14:49","Commands.java","16330","9773","26103"
"2019-12-03 10:01","Commands.java","16379","9776","26155"
"2019-11-20 07:00","Commands.java","12172","9016","21188"
"2020-03-25 03:38","FollowerRequestProcessor.java","24918","12133","37051"
"2019-10-10 14:37","FollowerRequestProcessor.java","7470","3717","11187"
"2020-05-05 21:20","FollowerRequestProcessor.java","29616","15800","45416"
"2019-08-17 17:13","SnapshotFormatter.java","23783","24861","48644"
"2019-12-27 22:33","SnapshotFormatter.java","41277","33677","74954"
"2019-11-28 12:24","SnapshotFormatter.java","36992","33164","70156"
"2019-10-10 14:37","ClientCnxnSocket.java","260685","178405","439090"
"2018-07-10 13:29","ClientCnxnSocket.java","103873","35929","139802"
"2016-12-30 23:01","ClientCnxnSocket.java","87463","25162","112625"
"2011-07-25 23:31","ClientCnxnSocket.java","10217","1581","11798"
"2011-05-20 01:17","ClientCnxnSocket.java","1007","188","1195"
"2012-09-09 20:24","ClientCnxnSocket.java","27821","10934","38755"
"2015-02-06 06:17","ClientCnxnSocket.java","71041","20967","92008"
"2018-11-22 17:56","ClientCnxnSocket.java","225563","178339","403902"
"2016-05-02 18:15","ClientCnxnSocket.java","79995","24080","104075"
"2019-08-17 17:13","ClientCnxnSocket.java","256932","178405","435337"
"2018-07-12 01:33","ClientCnxnSocket.java","104138","36016","140154"
"2019-04-09 15:35","ClientCnxnSocket.java","237738","178354","416092"
"2014-12-20 15:29","ClientCnxnSocket.java","70777","20909","91686"
"2020-03-12 14:47","CnxManagerTest.java","62869","38924","101793"
"2019-08-17 17:13","CnxManagerTest.java","41005","29003","70008"
"2019-07-12 17:01","CnxManagerTest.java","11168","3853","15021"
"2019-08-06 12:52","CnxManagerTest.java","19098","6123","25221"
"2019-11-29 14:49","CnxManagerTest.java","55762","37203","92965"
"2020-02-16 10:25","CnxManagerTest.java","61475","38833","100308"
"2019-10-10 14:37","CnxManagerTest.java","47176","31421","78597"
"2019-08-17 17:13","SyncRequestProcessor.java","43507","29367","72874"
"2019-10-10 14:37","SyncRequestProcessor.java","49667","31774","81441"
"2020-01-07 20:39","SyncRequestProcessor.java","61040","37847","98887"
"2020-03-25 03:38","SyncRequestProcessor.java","66252","39327","105579"
"2019-08-17 17:13","LeaderZooKeeperServer.java","43884","29368","73252"
"2019-11-25 15:37","LeaderZooKeeperServer.java","56542","37218","93760"
"2019-12-27 22:33","LeaderZooKeeperServer.java","60880","37686","98566"
"2014-07-17 22:56","StaticHostProvider.java","31673","11151","42824"
"2019-08-17 17:13","StaticHostProvider.java","256413","187232","443645"
"2018-07-16 05:45","StaticHostProvider.java","89120","42577","131697"
"2017-08-03 20:32","StaticHostProvider.java","60921","23148","84069"
"2017-07-28 00:36","StaticHostProvider.java","60891","23145","84036"
"2014-06-27 23:47","StaticHostProvider.java","28758","10212","38970"
"2019-09-11 10:27","SerializeUtils.java","257183","223293","480476"
"2019-08-17 17:13","SerializeUtils.java","255827","223293","479120"
"2018-02-07 01:05","SerializeUtils.java","15395","9021","24416"
"2019-12-27 22:33","SerializeUtils.java","266092","224880","490972"
"2019-08-17 17:13","SnapshotInfo.java","44402","29722","74124"
"2019-10-10 14:37","UnifiedServerSocketModeDetectionTest.java","7470","3717","11187"
"2018-09-18 01:00","UpgradeableSessionTracker.java","44209","41103","85312"
"2019-08-17 17:13","UpgradeableSessionTracker.java","212928","191803","404731"
"2019-09-05 23:12","UpgradeableSessionTracker.java","213848","191804","405652"
"2019-10-10 14:37","UpgradeableSessionTracker.java","216682","191804","408486"
"2019-08-17 17:13","SendAckRequestProcessor.java","256659","175294","431953"
"2019-05-03 00:44","SendAckRequestProcessor.java","240656","175294","415950"
"2018-12-09 03:16","FollowerRequestProcessor.java","230115","129702","359817"
"2013-03-07 07:01","FollowerRequestProcessor.java","98097","25838","123935"
"2016-10-07 21:51","FollowerRequestProcessor.java","134623","30255","164878"
"2019-08-17 17:13","FollowerRequestProcessor.java","257501","129746","387247"
"2015-06-04 19:51","FollowerRequestProcessor.java","127584","28267","155851"
"2009-06-15 22:52","FollowerRequestProcessor.java","4592","1415","6007"
"2019-08-01 07:31","FollowerRequestProcessor.java","258172","129746","387918"
"2014-03-23 04:12","FollowerRequestProcessor.java","108023","26394","134417"
"2020-03-25 03:38","FollowerRequestProcessor.java","270924","130384","401308"
"2014-07-18 19:46","FollowerRequestProcessor.java","119234","27997","147231"
"2019-10-10 14:37","FollowerRequestProcessor.java","261254","129746","391000"
"2011-10-28 18:37","FollowerRequestProcessor.java","79905","24118","104023"
"2011-04-12 09:14","FollowerRequestProcessor.java","70505","21277","91782"
"2011-07-15 06:50","FollowerRequestProcessor.java","71735","19663","91398"
"2020-05-05 21:20","FollowerRequestProcessor.java","271955","130384","402339"
"2013-10-09 22:21","FollowerRequestProcessor.java","103641","26187","129828"
"2010-08-18 08:24","FollowerRequestProcessor.java","75244","17061","92305"
"2015-03-08 23:07","FollowerRequestProcessor.java","124142","28207","152349"
"2019-08-17 17:13","PemReader.java","68806","36682","105488"
"2019-06-03 19:40","FollowerZooKeeperServer.java","243041","72747","315788"
"2009-05-20 20:48","FollowerZooKeeperServer.java","67300","10098","77398"
"2019-08-17 17:13","FollowerZooKeeperServer.java","257710","72747","330457"
"2009-05-20 22:16","FollowerZooKeeperServer.java","67424","10154","77578"
"2009-02-02 23:26","FollowerZooKeeperServer.java","37833","9067","46900"
"2019-05-03 00:44","FollowerZooKeeperServer.java","241707","72747","314454"
"2019-06-04 10:55","FollowerZooKeeperServer.java","243194","72747","315941"
"2009-01-15 23:57","FollowerZooKeeperServer.java","25560","8201","33761"
"2018-08-06 14:11","FollowerZooKeeperServer.java","190900","23984","214884"
"2018-12-09 03:16","FollowerZooKeeperServer.java","230340","72719","303059"
"2018-11-21 17:56","FollowerZooKeeperServer.java","225772","72719","298491"
"2011-10-20 20:02","FollowerZooKeeperServer.java","123704","16664","140368"
"2011-04-12 09:14","FollowerZooKeeperServer.java","121343","14907","136250"
"2010-08-18 08:24","FollowerZooKeeperServer.java","129577","14186","143763"
"2019-11-28 12:24","FollowerZooKeeperServer.java","263069","73200","336269"
"2019-12-27 22:33","FollowerZooKeeperServer.java","266841","73200","340041"
"2009-10-30 17:19","FollowerZooKeeperServer.java","85287","12195","97482"
"2009-12-18 03:19","FollowerZooKeeperServer.java","95733","12916","108649"
"2019-06-03 19:40","FollowerZooKeeperServer.java","243173","58134","301307"
"2009-05-20 20:48","FollowerZooKeeperServer.java","80592","8645","89237"
"2019-08-17 17:13","FollowerZooKeeperServer.java","257842","58134","315976"
"2009-05-20 22:16","FollowerZooKeeperServer.java","80703","8688","89391"
"2009-02-02 23:26","FollowerZooKeeperServer.java","51282","7771","59053"
"2019-05-03 00:44","FollowerZooKeeperServer.java","241839","58134","299973"
"2019-06-04 10:55","FollowerZooKeeperServer.java","243326","58134","301460"
"2008-10-03 15:06","FollowerZooKeeperServer.java","17086","2341","19427"
"2009-01-15 23:57","FollowerZooKeeperServer.java","39154","7050","46204"
"2018-08-06 14:11","FollowerZooKeeperServer.java","198362","19892","218254"
"2018-12-09 03:16","FollowerZooKeeperServer.java","230484","58118","288602"
"2018-11-21 17:56","FollowerZooKeeperServer.java","225916","58118","284034"
"2011-10-20 20:02","FollowerZooKeeperServer.java","134435","15841","150276"
"2011-04-12 09:14","FollowerZooKeeperServer.java","133947","12766","146713"
"2008-10-01 08:26","FollowerZooKeeperServer.java","16350","1870","18220"
"2010-08-18 08:24","FollowerZooKeeperServer.java","142314","12178","154492"
"2019-11-28 12:24","FollowerZooKeeperServer.java","263069","58455","321524"
"2019-12-27 22:33","FollowerZooKeeperServer.java","266841","58455","325296"
"2009-10-30 17:19","FollowerZooKeeperServer.java","98268","10431","108699"
"2009-12-18 03:19","FollowerZooKeeperServer.java","108591","11029","119620"
"2019-08-17 17:13","CreateModeTest.java","256659","175348","432007"
"2015-06-04 19:51","CreateModeTest.java","60365","16639","77004"
"2020-01-09 11:27","QuorumPeerConfig.java","19299","11196","30495"
"2020-01-23 13:43","QuorumPeerConfig.java","21704","11777","33481"
"2019-10-10 14:37","QuorumPeerConfig.java","7470","3717","11187"
"2020-02-16 10:25","QuorumPeerConfig.java","22565","11925","34490"
"2020-05-14 18:18","QuorumPeerConfig.java","29740","15875","45615"
"2020-03-26 22:20","BaseSysTest.java","84537","44997","129534"
"2019-07-12 17:01","BaseSysTest.java","34564","12751","47315"
"2019-09-11 10:27","PrepRequestProcessor.java","50247","30963","81210"
"2019-11-08 17:30","PrepRequestProcessor.java","55498","31956","87454"
"2019-05-10 12:22","PrepRequestProcessor.java","2822","387","3209"
"2019-08-01 07:31","PrepRequestProcessor.java","25913","7314","33227"
"2019-06-26 10:57","PrepRequestProcessor.java","9991","4213","14204"
"2019-08-17 17:13","PrepRequestProcessor.java","47598","29670","77268"
"2019-12-27 22:33","PrepRequestProcessor.java","64297","37691","101988"
"2019-10-10 14:37","PrepRequestProcessor.java","53466","31785","85251"
"2020-03-25 03:38","PrepRequestProcessor.java","70012","39299","109311"
"2012-08-28 21:51","ClientBase.java","80719","28306","109025"
"2017-06-08 17:51","ClientBase.java","131520","35802","167322"
"2012-07-17 23:19","ClientBase.java","79633","28294","107927"
"2017-04-18 01:37","ClientBase.java","131807","35457","167264"
"2010-03-16 22:23","ClientBase.java","40162","13571","53733"
"2018-09-07 02:49","ClientBase.java","194908","88120","283028"
"2019-07-31 19:06","ClientBase.java","256807","141648","398455"
"2012-02-06 09:47","ClientBase.java","74911","26693","101604"
"2015-02-06 06:17","ClientBase.java","118046","32139","150185"
"2017-09-11 18:55","ClientBase.java","132137","35961","168098"
"2009-07-17 00:09","ClientBase.java","820","384","1204"
"2019-08-17 17:13","ClientBase.java","257500","141648","399148"
"2015-03-28 20:08","ClientBase.java","120298","32180","152478"
"2019-06-07 14:13","ClientBase.java","243604","141648","385252"
"2018-04-24 00:20","ClientBase.java","138066","36114","174180"
"2018-08-08 06:21","ClientBase.java","175473","69550","245023"
"2018-05-09 23:57","ClientBase.java","138899","36162","175061"
"2019-06-24 11:05","ClientBase.java","244833","141648","386481"
"2012-12-11 08:42","ClientBase.java","84617","28871","113488"
"2017-01-13 19:29","ClientBase.java","133143","34627","167770"
"2010-01-25 04:28","ClientBase.java","22637","5890","28527"
"2010-03-09 05:44","ClientBase.java","39250","13425","52675"
"2016-06-23 23:25","ClientBase.java","126599","33989","160588"
"2014-01-03 01:40","ClientBase.java","99487","30044","129531"
"2014-01-25 01:17","ClientBase.java","101337","30088","131425"
"2009-11-20 23:28","ClientBase.java","17868","4735","22603"
"2009-11-25 20:06","ClientBase.java","17905","4739","22644"
"2009-11-12 20:53","ClientBase.java","9467","3644","13111"
"2009-08-25 07:45","ClientBase.java","3588","1243","4831"
"2009-09-16 02:09","ClientBase.java","4567","1716","6283"
"2019-11-14 16:44","ClientBase.java","265527","141648","407175"
"2019-10-10 14:37","ClientBase.java","261253","141648","402901"
"2012-03-15 17:47","ClientBase.java","76368","26907","103275"
"2010-09-15 07:51","ClientBase.java","92663","18213","110876"
"2012-01-14 00:28","ClientBase.java","74322","26620","100942"
"2011-04-12 09:14","ClientBase.java","60401","23076","83477"
"2011-11-05 07:29","ClientBase.java","72716","26434","99150"
"2016-08-24 01:36","ClientBase.java","127515","34334","161849"
"2011-09-17 02:13","ClientBase.java","71931","24631","96562"
"2010-07-05 20:20","ClientBase.java","54962","17302","72264"
"2010-03-31 06:26","ClientBase.java","41684","14871","56555"
"2010-08-18 08:24","ClientBase.java","64485","18205","82690"
"2015-03-08 23:07","ClientBase.java","118246","32165","150411"
"2019-10-10 14:37","ACLTest.java","260768","167976","428744"
"2013-12-21 22:05","ACLTest.java","72367","28511","100878"
"2010-08-18 08:24","ACLTest.java","24450","4983","29433"
"2011-04-12 09:14","ACLTest.java","27920","17408","45328"
"2016-08-24 01:36","ACLTest.java","105643","37909","143552"
"2017-09-11 18:55","ACLTest.java","111393","40664","152057"
"2016-11-13 20:59","ACLTest.java","109282","37962","147244"
"2019-05-06 18:32","ACLTest.java","241370","167977","409347"
"2017-08-18 23:35","ACLTest.java","111222","40571","151793"
"2019-08-17 17:13","ACLTest.java","257015","167976","424991"
"2014-04-25 23:40","ACLTest.java","82792","34488","117280"
"2019-08-23 19:43","Follower.java","669","3","672"
"2019-12-27 22:33","Follower.java","18682","10004","28686"
"2019-10-10 14:37","Follower.java","7470","3717","11187"
"2019-11-11 13:55","CommitProcessorTest.java","9619","3911","13530"
"2019-10-10 14:37","CommitProcessorTest.java","7470","3717","11187"
"2019-08-17 17:13","ClientCanonicalizeTest.java","70811","69297","140108"
"2019-09-30 22:26","ClientCanonicalizeTest.java","75711","70832","146543"
"2019-06-14 09:06","QuorumPeer.java","3563","896","4459"
"2019-11-29 14:49","QuorumPeer.java","58918","37692","96610"
"2019-07-15 14:15","QuorumPeer.java","14821","4733","19554"
"2019-07-03 00:44","QuorumPeer.java","6381","3699","10080"
"2019-08-17 17:13","QuorumPeer.java","44192","29523","73715"
"2019-06-05 00:33","QuorumPeer.java","690","300","990"
"2019-06-04 10:55","QuorumPeer.java","386","233","619"
"2019-07-12 17:01","QuorumPeer.java","14715","4733","19448"
"2020-01-09 11:27","QuorumPeer.java","61538","38766","100304"
"2019-12-17 13:48","QuorumPeer.java","59537","37739","97276"
"2020-01-23 13:43","QuorumPeer.java","63777","39181","102958"
"2019-10-10 14:37","QuorumPeer.java","50347","31925","82272"
"2020-02-16 10:25","QuorumPeer.java","64622","39313","103935"
"2019-11-29 14:49","QuorumCnxManager.java","39079","33495","72574"
"2019-11-13 20:41","QuorumCnxManager.java","34681","27935","62616"
"2020-03-12 14:47","QuorumCnxManager.java","46386","35416","81802"
"2019-08-17 17:13","QuorumCnxManager.java","23893","24866","48759"
"2019-10-10 14:37","QuorumCnxManager.java","30435","27655","58090"
"2020-01-23 13:43","QuorumCnxManager.java","44127","35173","79300"
"2019-11-28 12:24","QuorumCnxManager.java","37102","33169","70271"
"2020-03-23 16:20","QuorumCnxManager.java","46625","35484","82109"
"2020-02-16 10:25","QuorumCnxManager.java","44990","35323","80313"
"2019-08-17 17:13","DataNode.java","55054","29884","84938"
"2019-07-31 19:06","DataNode.java","32920","8443","41363"
"2019-12-27 22:33","DataNode.java","71342","37494","108836"
"2019-10-10 14:37","SessionUpgradeTest.java","260120","196919","457039"
"2019-08-17 17:13","SessionUpgradeTest.java","256367","196919","453286"
"2019-08-17 17:13","ZKTrustManager.java","111485","109882","221367"
"2018-11-27 21:04","ZKTrustManager.java","58568","86631","145199"
"2019-10-10 14:37","ZKTrustManager.java","116649","111293","227942"
"2019-07-31 19:06","ZooKeeperServer.java","20189","6366","26555"
"2019-09-11 10:27","ZooKeeperServer.java","46615","30743","77358"
"2019-07-08 23:26","ZooKeeperServer.java","6849","3557","10406"
"2019-08-03 08:42","ZooKeeperServer.java","21940","6716","28656"
"2019-09-10 04:26","ZooKeeperServer.java","46262","30701","76963"
"2019-08-17 17:13","ZooKeeperServer.java","43884","29368","73252"
"2019-09-05 23:12","ZooKeeperServer.java","46101","30666","76767"
"2019-09-10 15:21","ZooKeeperServer.java","46270","30711","76981"
"2019-08-01 07:31","ZooKeeperServer.java","21634","6447","28081"
"2019-08-01 07:28","ZooKeeperServer.java","21070","6373","27443"
"2019-11-23 17:08","ZooKeeperServer.java","56417","37200","93617"
"2019-10-09 16:49","ZooKeeperServer.java","49400","31298","80698"
"2019-07-03 00:44","ZooKeeperServer.java","5999","3470","9469"
"2019-07-24 18:00","ZooKeeperServer.java","15856","4885","20741"
"2019-12-27 22:33","ZooKeeperServer.java","60880","37686","98566"
"2019-11-18 09:05","ZooKeeperServer.java","54665","37005","91670"
"2019-10-10 14:37","ZooKeeperServer.java","50040","31771","81811"
"2019-09-16 23:26","ZooKeeperServer.java","48480","30945","79425"
"2019-12-03 10:01","ZooKeeperServer.java","58651","37532","96183"
"2020-03-25 03:38","ZooKeeperServer.java","66622","39321","105943"
"2019-11-28 12:24","ZooKeeperServer.java","56679","37257","93936"
"2019-11-06 15:21","ZooKeeperServer.java","50395","31910","82305"
"2020-04-12 11:14","ZooKeeperServer.java","68006","39952","107958"
"2018-12-09 03:16","FollowerRequestProcessor.java","228523","218280","446803"
"2016-10-07 21:51","FollowerRequestProcessor.java","11533","6482","18015"
"2019-08-17 17:13","FollowerRequestProcessor.java","255978","218393","474371"
"2019-08-01 07:31","FollowerRequestProcessor.java","256649","218393","475042"
"2020-03-25 03:38","FollowerRequestProcessor.java","270309","219939","490248"
"2019-10-10 14:37","FollowerRequestProcessor.java","259731","218393","478124"
"2020-05-05 21:20","FollowerRequestProcessor.java","271340","219939","491279"
"2016-10-07 21:51","ReadOnlyRequestProcessor.java","16146","7713","23859"
"2019-08-17 17:13","ReadOnlyRequestProcessor.java","256089","215122","471211"
"2015-06-04 19:51","ReadOnlyRequestProcessor.java","4815","1433","6248"
"2017-05-27 00:52","SetQuotaCommand.java","68500","22228","90728"
"2019-01-31 15:55","SetQuotaCommand.java","234068","178779","412847"
"2019-08-17 17:13","SetQuotaCommand.java","256502","178872","435374"
"2019-12-28 16:17","SetQuotaCommand.java","266397","180182","446579"
"2016-07-27 01:33","SetQuotaCommand.java","61514","17918","79432"
"2019-07-17 13:42","SetQuotaCommand.java","252266","178872","431138"
"2019-11-08 17:30","ZooKeeper.java","9522","3908","13430"
"2020-04-16 12:50","ZooKeeper.java","26415","12841","39256"
"2019-10-10 14:37","ZooKeeper.java","7470","3717","11187"
"2020-05-17 15:13","ZooKeeper.java","30333","16388","46721"
"2018-11-22 17:56","NettyNettySuiteBase.java","224464","220467","444931"
"2019-08-17 17:13","NettyNettySuiteBase.java","255887","220587","476474"
"2016-07-27 01:33","CreateCommand.java","41944","16530","58474"
"2014-03-29 04:33","CreateCommand.java","5681","991","6672"
"2017-05-27 00:52","CreateCommand.java","49679","21589","71268"
"2015-06-04 19:51","CreateCommand.java","33308","11445","44753"
"2019-08-17 17:13","CreateCommand.java","256367","196919","453286"
"2018-05-09 23:57","CreateCommand.java","59272","24135","83407"
"2019-12-27 22:33","FileTxnLog.java","265463","231776","497239"
"2019-10-10 14:37","FileTxnLog.java","258676","229914","488590"
"2018-11-12 22:36","FileTxnLog.java","222871","229770","452641"
"2018-08-01 21:19","FileTxnLog.java","24862","21757","46619"
"2018-06-08 16:52","FileTxnLog.java","1793","346","2139"
"2020-01-28 17:26","FileTxnLog.java","267184","231777","498961"
"2019-05-14 17:11","FileTxnLog.java","239569","229893","469462"
"2019-01-07 14:24","FileTxnLog.java","229613","229774","459387"
"2019-04-12 19:01","FileTxnLog.java","236692","229876","466568"
"2018-09-06 01:11","FileTxnLog.java","105301","100565","205866"
"2018-09-18 01:00","FileTxnLog.java","107713","100723","208436"
"2019-08-17 17:13","FileTxnLog.java","254922","229913","484835"
"2019-06-03 19:40","FileTxnLog.java","240252","229912","470164"
"2019-08-03 08:42","FileTxnLog.java","255630","229913","485543"
"2019-04-09 15:35","FileTxnLog.java","235670","229804","465474"
"2014-07-08 05:25","FLELostMessageTest.java","62059","20403","82462"
"2011-09-17 02:13","FLELostMessageTest.java","16250","4783","21033"
"2019-08-17 17:13","FLELostMessageTest.java","256932","178405","435337"
"2017-11-28 00:10","FLELostMessageTest.java","92166","27966","120132"
"2019-07-12 17:01","FLELostMessageTest.java","252245","178405","430650"
"2012-08-03 00:17","FLELostMessageTest.java","27253","10906","38159"
"2009-05-20 22:16","Leader.java","44192","4281","48473"
"2019-08-17 17:13","Leader.java","257706","90102","347808"
"2019-06-29 00:33","Leader.java","245693","90102","335795"
"2019-06-03 19:40","Leader.java","243037","90102","333139"
"2014-05-20 23:42","Leader.java","140481","16786","157267"
"2019-07-15 14:15","Leader.java","253125","90102","343227"
"2015-03-17 18:06","Leader.java","153076","17144","170220"
"2019-07-25 21:41","Leader.java","254189","90102","344291"
"2018-05-10 06:00","Leader.java","171957","20132","192089"
"2018-07-12 01:33","Leader.java","179111","26353","205464"
"2009-11-18 20:06","Leader.java","72463","7857","80320"
"2018-02-07 01:05","Leader.java","169766","20075","189841"
"2017-11-28 00:10","Leader.java","168856","20020","188876"
"2019-06-05 00:33","Leader.java","243427","90102","333529"
"2009-02-20 01:23","Leader.java","16536","2910","19446"
"2015-04-10 22:22","Leader.java","154147","17147","171294"
"2011-06-14 07:14","Leader.java","102061","11034","113095"
"2019-08-03 08:42","Leader.java","258414","90102","348516"
"2019-06-05 23:57","Leader.java","243696","90102","333798"
"2012-12-08 00:38","Leader.java","119035","14460","133495"
"2013-10-07 21:08","Leader.java","129310","15286","144596"
"2012-12-31 02:38","Leader.java","121582","14886","136468"
"2017-01-13 19:29","Leader.java","166517","19198","185715"
"2012-07-05 18:01","Leader.java","113927","14278","128205"
"2019-01-07 14:55","Leader.java","232570","90075","322645"
"2019-04-12 19:01","Leader.java","239514","90103","329617"
"2018-12-09 03:16","Leader.java","230337","90075","320412"
"2018-08-17 14:40","Leader.java","190519","35465","225984"
"2019-11-29 14:49","Leader.java","264719","90558","355277"
"2013-03-07 07:01","Leader.java","126374","15166","141540"
"2018-11-27 10:02","Leader.java","228013","90075","318088"
"2015-02-06 06:17","Leader.java","151831","17121","168952"
"2012-02-27 03:41","Leader.java","111383","14098","125481"
"2017-02-15 23:04","Leader.java","164007","19644","183651"
"2014-07-18 02:19","Leader.java","146940","16981","163921"
"2012-01-04 01:15","Leader.java","110319","13912","124231"
"2011-12-28 01:26","Leader.java","110164","13910","124074"
"2018-08-29 06:26","Leader.java","203831","48569","252400"
"2018-08-03 18:52","Leader.java","180621","26365","206986"
"2011-04-29 18:12","Leader.java","100406","10994","111400"
"2013-05-14 14:27","Leader.java","126513","15180","141693"
"2012-02-06 09:40","Leader.java","110979","13935","124914"
"2017-09-11 18:55","Leader.java","164980","20001","184981"
"2018-09-18 01:00","Leader.java","210749","52917","263666"
"2011-10-20 20:02","Leader.java","108133","13647","121780"
"2012-01-14 00:28","Leader.java","110421","13916","124337"
"2012-01-06 02:32","Leader.java","110320","13912","124232"
"2012-03-15 17:47","Leader.java","112374","14110","126484"
"2011-04-12 09:14","Leader.java","100048","10971","111019"
"2010-07-23 06:22","Leader.java","101842","9710","111552"
"2011-09-22 07:42","Leader.java","108434","12156","120590"
"2010-08-18 08:24","Leader.java","108101","10069","118170"
"2016-12-20 14:47","Leader.java","165672","19195","184867"
"2009-04-24 20:26","Leader.java","27992","4101","32093"
"2014-07-20 04:50","Leader.java","147475","16995","164470"
"2014-06-10 00:19","Leader.java","141418","16789","158207"
"2016-06-23 23:25","Leader.java","160122","18709","178831"
"2016-06-23 23:45","Leader.java","160230","18709","178939"
"2020-03-25 03:38","Leader.java","270947","90558","361505"
"2014-03-23 04:12","Leader.java","136072","15494","151566"
"2009-10-30 17:19","Leader.java","62986","7253","70239"
"2019-12-27 22:33","Leader.java","266840","90558","357398"
"2009-08-27 20:07","Leader.java","59885","5785","65670"
"2009-08-25 07:45","Leader.java","59878","5781","65659"
"2016-08-13 15:01","Leader.java","161125","18909","180034"
"2013-10-21 23:36","Leader.java","132102","15336","147438"
"2019-10-10 14:37","Leader.java","261459","90102","351561"
"2013-11-07 06:41","Leader.java","132560","15363","147923"
"2015-03-08 23:07","ObserverZooKeeperServer.java","28422","10748","39170"
"2019-10-10 14:37","ObserverZooKeeperServer.java","260113","197719","457832"
"2016-08-13 15:01","ObserverZooKeeperServer.java","41928","16922","58850"
"2019-06-04 10:55","ObserverZooKeeperServer.java","241844","197719","439563"
"2019-08-17 17:13","ObserverZooKeeperServer.java","256360","197719","454079"
"2019-06-03 19:40","ObserverZooKeeperServer.java","241691","197719","439410"
"2019-02-13 13:12","ObserverZooKeeperServer.java","235227","197640","432867"
"2019-06-26 10:57","ZooDefs.java","17279","5409","22688"
"2019-08-17 17:13","ZooDefs.java","54043","30023","84066"
"2019-11-08 17:30","ZooDefs.java","61814","32180","93994"
"2019-07-31 19:06","ZooDefs.java","31709","8382","40091"
"2019-02-07 11:26","ZooDefs.java","2688","336","3024"
"2013-09-18 12:58","ClientCnxn.java","154323","17006","171329"
"2015-01-31 08:05","ClientCnxn.java","177168","18545","195713"
"2016-05-02 18:15","ClientCnxn.java","183315","18656","201971"
"2014-01-24 07:18","ClientCnxn.java","161076","17027","178103"
"2009-07-17 00:09","ClientCnxn.java","93580","9288","102868"
"2009-05-20 20:48","ClientCnxn.java","80592","8645","89237"
"2019-08-17 17:13","ClientCnxn.java","257842","58134","315976"
"2009-06-25 22:41","ClientCnxn.java","92386","9222","101608"
"2015-05-10 00:27","ClientCnxn.java","179735","18573","198308"
"2009-01-16 00:48","ClientCnxn.java","39341","7218","46559"
"2008-12-22 23:23","ClientCnxn.java","36822","3816","40638"
"2009-01-28 01:15","ClientCnxn.java","39517","7244","46761"
"2017-12-19 19:27","ClientCnxn.java","192127","19139","211266"
"2019-01-31 15:50","ClientCnxn.java","235493","58118","293611"
"2012-08-02 00:24","ClientCnxn.java","140999","16107","157106"
"2019-04-09 15:35","ClientCnxn.java","238683","58118","296801"
"2013-02-03 15:52","ClientCnxn.java","147974","16721","164695"
"2014-12-20 15:29","ClientCnxn.java","177159","18547","195706"
"2008-10-03 15:06","ClientCnxn.java","17086","2341","19427"
"2008-09-24 23:05","ClientCnxn.java","1875","333","2208"
"2008-10-01 04:47","ClientCnxn.java","14459","867","15326"
"2012-03-15 18:01","ClientCnxn.java","138461","15959","154420"
"2019-11-08 17:30","ClientCnxn.java","263456","58134","321590"
"2017-06-08 17:59","ClientCnxn.java","187807","19109","206916"
"2012-09-09 20:24","ClientCnxn.java","141743","16112","157855"
"2019-01-16 14:21","ClientCnxn.java","233806","58118","291924"
"2019-01-07 14:24","ClientCnxn.java","232656","58118","290774"
"2008-11-19 11:20","ClientCnxn.java","34850","3254","38104"
"2009-06-25 00:59","ClientCnxn.java","92291","9218","101509"
"2019-03-06 03:32","ClientCnxn.java","237611","58118","295729"
"2010-11-11 18:11","ClientCnxn.java","173661","12486","186147"
"2010-11-10 23:36","ClientCnxn.java","173627","12448","186075"
"2011-09-14 07:43","ClientCnxn.java","135587","13200","148787"
"2011-08-19 00:05","ClientCnxn.java","133311","13144","146455"
"2015-02-06 06:17","ClientCnxn.java","177374","18556","195930"
"2019-02-07 11:26","ClientCnxn.java","236158","58118","294276"
"2018-11-05 19:40","ClientCnxn.java","252930","54485","307415"
"2008-09-05 22:30","ClientCnxn.java","967","117","1084"
"2011-04-12 09:14","ClientCnxn.java","133947","12766","146713"
"2010-10-06 18:14","ClientCnxn.java","170644","12183","182827"
"2010-11-30 21:16","ClientCnxn.java","174106","12560","186666"
"2020-05-17 15:13","ClientCnxn.java","272109","58456","330565"
"2018-06-25 12:30","ClientCnxn.java","195700","19186","214886"
"2012-12-19 19:16","ClientCnxn.java","147474","16714","164188"
"2020-03-03 03:12","ClientCnxn.java","269898","58455","328353"
"2018-09-10 11:44","ClientCnxn.java","224350","44651","269001"
"2008-10-22 01:49","ClientCnxn.java","28958","2474","31432"
"2011-09-28 22:17","ClientCnxn.java","136147","15707","151854"
"2015-06-13 02:42","ClientCnxn.java","181221","18597","199818"
"2010-10-21 02:44","ClientCnxn.java","172321","12209","184530"
"2010-08-05 09:09","ClientCnxn.java","136881","11881","148762"
"2011-05-20 01:17","ClientCnxn.java","134800","12800","147600"
"2014-03-23 04:12","ClientCnxn.java","161792","17106","178898"
"2015-11-09 00:05","ClientCnxn.java","182723","18607","201330"
"2015-12-06 19:58","ClientCnxn.java","183028","18607","201635"
"2020-01-21 17:53","ClientCnxn.java","266159","58455","324614"
"2015-12-05 22:43","ClientCnxn.java","183025","18607","201632"
"2015-12-05 22:32","ClientCnxn.java","183020","18607","201627"
"2010-03-04 02:28","ClientCnxn.java","114985","11314","126299"
"2010-01-25 04:28","ClientCnxn.java","111851","11248","123099"
"2019-10-10 14:37","ClientCnxn.java","261595","58134","319729"
"2014-04-01 04:03","ClientCnxn.java","162704","17175","179879"
"2013-09-18 15:14","ClientCnxn.java","154341","17006","171347"
"2013-09-18 04:08","ClientCnxn.java","154237","17006","171243"
"2019-11-21 05:58","ClientCnxn.java","261330","58455","319785"
"2020-04-16 12:50","ClientCnxn.java","271737","58455","330192"
"2018-07-27 05:16","ClientCnxn.java","197543","19877","217420"
"2010-01-26 03:22","ClientCnxn.java","112443","11292","123735"
"2009-10-31 00:09","ClientCnxn.java","99196","10509","109705"
"2009-11-07 01:48","ClientCnxn.java","99761","10669","110430"
"2010-01-05 18:32","ClientCnxn.java","108776","11039","119815"
"2013-09-18 12:58","ClientCnxn.java","143802","18039","161841"
"2015-01-31 08:05","ClientCnxn.java","166728","19659","186387"
"2016-05-02 18:15","ClientCnxn.java","172910","19805","192715"
"2014-01-24 07:18","ClientCnxn.java","150583","18088","168671"
"2009-07-17 00:09","ClientCnxn.java","80521","10974","91495"
"2009-05-20 20:48","ClientCnxn.java","67300","10098","77398"
"2019-08-17 17:13","ClientCnxn.java","257710","72747","330457"
"2009-06-25 22:41","ClientCnxn.java","79261","10842","90103"
"2015-05-10 00:27","ClientCnxn.java","169305","19697","189002"
"2009-01-16 00:48","ClientCnxn.java","25761","8383","34144"
"2008-12-22 23:23","ClientCnxn.java","23089","4828","27917"
"2009-01-28 01:15","ClientCnxn.java","25974","8446","34420"
"2017-12-19 19:27","ClientCnxn.java","182088","20654","202742"
"2019-01-31 15:50","ClientCnxn.java","235349","72719","308068"
"2012-08-02 00:24","ClientCnxn.java","130425","17087","147512"
"2019-04-09 15:35","ClientCnxn.java","238545","72725","311270"
"2013-02-03 15:52","ClientCnxn.java","137436","17737","155173"
"2014-12-20 15:29","ClientCnxn.java","166713","19655","186368"
"2012-03-15 18:01","ClientCnxn.java","127881","16933","144814"
"2019-11-08 17:30","ClientCnxn.java","263324","72747","336071"
"2017-06-08 17:59","ClientCnxn.java","177722","20578","198300"
"2012-09-09 20:24","ClientCnxn.java","131168","17091","148259"
"2019-01-16 14:21","ClientCnxn.java","233662","72719","306381"
"2019-01-07 14:24","ClientCnxn.java","232512","72719","305231"
"2008-11-19 11:20","ClientCnxn.java","20914","4063","24977"
"2009-06-25 00:59","ClientCnxn.java","79164","10836","90000"
"2019-03-06 03:32","ClientCnxn.java","237473","72725","310198"
"2010-11-11 18:11","ClientCnxn.java","160942","14512","175454"
"2010-11-10 23:36","ClientCnxn.java","160906","14472","175378"
"2011-09-14 07:43","ClientCnxn.java","124821","13988","138809"
"2011-08-19 00:05","ClientCnxn.java","122536","13923","136459"
"2015-02-06 06:17","ClientCnxn.java","166934","19670","186604"
"2019-02-07 11:26","ClientCnxn.java","236014","72719","308733"
"2018-11-05 19:40","ClientCnxn.java","248813","61922","310735"
"2011-04-12 09:14","ClientCnxn.java","121343","14907","136250"
"2010-10-06 18:14","ClientCnxn.java","157907","14191","172098"
"2010-11-30 21:16","ClientCnxn.java","161402","14601","176003"
"2020-05-17 15:13","ClientCnxn.java","272109","73201","345310"
"2018-06-25 12:30","ClientCnxn.java","185728","20768","206496"
"2012-12-19 19:16","ClientCnxn.java","136917","17711","154628"
"2020-03-03 03:12","ClientCnxn.java","269898","73200","343098"
"2018-09-10 11:44","ClientCnxn.java","217223","49078","266301"
"2008-10-22 01:49","ClientCnxn.java","14889","3150","18039"
"2011-09-28 22:17","ClientCnxn.java","125388","16502","141890"
"2015-06-13 02:42","ClientCnxn.java","170802","19732","190534"
"2010-10-21 02:44","ClientCnxn.java","159583","14216","173799"
"2010-08-05 09:09","ClientCnxn.java","124132","13877","138009"
"2011-05-20 01:17","ClientCnxn.java","122183","14928","137111"
"2014-03-23 04:12","ClientCnxn.java","151318","18186","169504"
"2015-11-09 00:05","ClientCnxn.java","172307","19745","192052"
"2015-12-06 19:58","ClientCnxn.java","172615","19748","192363"
"2020-01-21 17:53","ClientCnxn.java","266159","73200","339359"
"2015-12-05 22:43","ClientCnxn.java","172612","19748","192360"
"2015-12-05 22:32","ClientCnxn.java","172607","19748","192355"
"2010-03-04 02:28","ClientCnxn.java","102070","13144","115214"
"2010-01-25 04:28","ClientCnxn.java","98999","13141","112140"
"2019-10-10 14:37","ClientCnxn.java","261463","72747","334210"
"2014-04-01 04:03","ClientCnxn.java","152230","18255","170485"
"2013-09-18 15:14","ClientCnxn.java","143820","18039","161859"
"2013-09-18 04:08","ClientCnxn.java","143716","18039","161755"
"2019-11-21 05:58","ClientCnxn.java","261330","73200","334530"
"2020-04-16 12:50","ClientCnxn.java","271737","73200","344937"
"2018-07-27 05:16","ClientCnxn.java","190083","23971","214054"
"2010-01-26 03:22","ClientCnxn.java","99598","13192","112790"
"2009-10-31 00:09","ClientCnxn.java","86217","12275","98492"
"2009-11-07 01:48","ClientCnxn.java","86796","12449","99245"
"2010-01-05 18:32","ClientCnxn.java","95921","12929","108850"
"2013-09-18 12:58","ClientCnxn.java","152845","17070","169915"
"2015-01-31 08:05","ClientCnxn.java","175703","18622","194325"
"2016-05-02 18:15","ClientCnxn.java","181869","18752","200621"
"2014-01-24 07:18","ClientCnxn.java","159608","17101","176709"
"2009-07-17 00:09","ClientCnxn.java","91942","9192","101134"
"2009-05-20 20:48","ClientCnxn.java","78916","8511","87427"
"2019-08-17 17:13","ClientCnxn.java","257710","59544","317254"
"2009-06-25 22:41","ClientCnxn.java","90734","9112","99846"
"2015-05-10 00:27","ClientCnxn.java","178276","18656","196932"
"2009-01-16 00:48","ClientCnxn.java","37643","7062","44705"
"2008-12-22 23:23","ClientCnxn.java","35101","3637","38738"
"2009-01-28 01:15","ClientCnxn.java","37822","7091","44913"
"2017-12-19 19:27","ClientCnxn.java","190815","19369","210184"
"2019-01-31 15:50","ClientCnxn.java","235349","59516","294865"
"2012-08-02 00:24","ClientCnxn.java","139515","16165","155680"
"2019-04-09 15:35","ClientCnxn.java","238545","59522","298067"
"2013-02-03 15:52","ClientCnxn.java","146494","16783","163277"
"2014-12-20 15:29","ClientCnxn.java","175694","18624","194318"
"2008-10-03 15:06","ClientCnxn.java","15282","2079","17361"
"2008-10-01 04:47","ClientCnxn.java","12640","590","13230"
"2012-03-15 18:01","ClientCnxn.java","136978","16018","152996"
"2019-11-08 17:30","ClientCnxn.java","263324","59544","322868"
"2017-06-08 17:59","ClientCnxn.java","186485","19329","205814"
"2012-09-09 20:24","ClientCnxn.java","140259","16170","156429"
"2019-01-16 14:21","ClientCnxn.java","233662","59516","293178"
"2019-01-07 14:24","ClientCnxn.java","232512","59516","292028"
"2008-11-19 11:20","ClientCnxn.java","33102","3048","36150"
"2009-06-25 00:59","ClientCnxn.java","90639","9108","99747"
"2019-03-06 03:32","ClientCnxn.java","237473","59522","296995"
"2010-11-11 18:11","ClientCnxn.java","172150","12517","184667"
"2010-11-10 23:36","ClientCnxn.java","172116","12479","184595"
"2011-09-14 07:43","ClientCnxn.java","134100","13255","147355"
"2011-08-19 00:05","ClientCnxn.java","131821","13196","145017"
"2015-02-06 06:17","ClientCnxn.java","175909","18633","194542"
"2019-02-07 11:26","ClientCnxn.java","236014","59516","295530"
"2018-11-05 19:40","ClientCnxn.java","252785","55882","308667"
"2011-04-12 09:14","ClientCnxn.java","132447","12808","145255"
"2010-10-06 18:14","ClientCnxn.java","169119","12200","181319"
"2010-11-30 21:16","ClientCnxn.java","172594","12590","185184"
"2020-05-17 15:13","ClientCnxn.java","272109","59998","332107"
"2018-06-25 12:30","ClientCnxn.java","194393","19421","213814"
"2012-12-19 19:16","ClientCnxn.java","145994","16776","162770"
"2020-03-03 03:12","ClientCnxn.java","269898","59997","329895"
"2018-09-10 11:44","ClientCnxn.java","223188","45031","268219"
"2008-10-22 01:49","ClientCnxn.java","27200","2258","29458"
"2011-09-28 22:17","ClientCnxn.java","134661","15763","150424"
"2015-06-13 02:42","ClientCnxn.java","179771","18689","198460"
"2010-10-21 02:44","ClientCnxn.java","170795","12225","183020"
"2010-08-05 09:09","ClientCnxn.java","135355","11897","147252"
"2011-05-20 01:17","ClientCnxn.java","133296","12838","146134"
"2014-03-23 04:12","ClientCnxn.java","160325","17181","177506"
"2015-11-09 00:05","ClientCnxn.java","181277","18703","199980"
"2015-12-06 19:58","ClientCnxn.java","181582","18703","200285"
"2020-01-21 17:53","ClientCnxn.java","266159","59997","326156"
"2015-12-05 22:43","ClientCnxn.java","181579","18703","200282"
"2015-12-05 22:32","ClientCnxn.java","181574","18703","200277"
"2010-03-04 02:28","ClientCnxn.java","113378","11249","124627"
"2010-01-25 04:28","ClientCnxn.java","110242","11181","121423"
"2019-10-10 14:37","ClientCnxn.java","261463","59544","321007"
"2014-04-01 04:03","ClientCnxn.java","161237","17250","178487"
"2013-09-18 15:14","ClientCnxn.java","152863","17070","169933"
"2013-09-18 04:08","ClientCnxn.java","152759","17070","169829"
"2019-11-21 05:58","ClientCnxn.java","261330","59997","321327"
"2020-04-16 12:50","ClientCnxn.java","271737","59997","331734"
"2018-07-27 05:16","ClientCnxn.java","196240","20116","216356"
"2010-01-26 03:22","ClientCnxn.java","110834","11225","122059"
"2009-10-31 00:09","ClientCnxn.java","97578","10433","108011"
"2009-11-07 01:48","ClientCnxn.java","98149","10599","108748"
"2010-01-05 18:32","ClientCnxn.java","107166","10971","118137"
"2019-12-27 22:33","TxnLogProposalIterator.java","266387","202049","468436"
"2019-08-17 17:13","TxnLogProposalIterator.java","256292","200632","456924"
"2019-11-29 14:49","QuorumUtil.java","16330","9773","26103"
"2020-03-12 14:47","QuorumUtil.java","23968","12025","35993"
"2019-10-10 14:37","QuorumUtil.java","7470","3717","11187"
"2019-09-11 10:27","SerializeUtils.java","258856","132922","391778"
"2013-03-07 07:01","SerializeUtils.java","96497","27352","123849"
"2011-07-01 00:53","SerializeUtils.java","73781","23085","96866"
"2019-08-17 17:13","SerializeUtils.java","257500","132922","390422"
"2015-06-04 19:51","SerializeUtils.java","126195","29992","156187"
"2016-10-07 21:51","SerializeUtils.java","133286","32032","165318"
"2018-02-07 01:05","SerializeUtils.java","141271","33643","174914"
"2011-06-23 18:01","SerializeUtils.java","70898","22752","93650"
"2019-12-27 22:33","SerializeUtils.java","266817","133561","400378"
"2012-12-19 19:16","SerializeUtils.java","91619","27030","118649"
"2011-04-12 09:14","SerializeUtils.java","68582","22531","91113"
"2019-09-30 22:26","ZKClientConfig.java","5847","2482","8329"
"2019-11-22 23:42","ZKClientConfig.java","13750","9253","23003"
"2019-11-04 02:01","ZKClientConfig.java","7764","3854","11618"
"2019-11-29 14:49","QuorumPeer.java","45214","34076","79290"
"2019-08-17 17:13","QuorumPeer.java","30409","25828","56237"
"2020-01-09 11:27","QuorumPeer.java","47837","35153","82990"
"2019-12-17 13:48","QuorumPeer.java","45835","34125","79960"
"2020-01-23 13:43","QuorumPeer.java","50097","35589","85686"
"2019-10-10 14:37","QuorumPeer.java","36613","28279","64892"
"2020-02-16 10:25","QuorumPeer.java","50949","35728","86677"
"2019-08-17 17:13","DigestAuthenticationProvider.java","44192","29523","73715"
"2019-11-11 13:59","DigestAuthenticationProvider.java","54208","32129","86337"
"2018-09-11 15:23","ServerConfig.java","113792","101631","215423"
"2019-04-12 19:01","ServerConfig.java","237022","223780","460802"
"2019-02-13 13:12","ServerConfig.java","234083","223702","457785"
"2019-05-15 11:56","ServerConfig.java","239969","223780","463749"
"2019-08-17 17:13","ServerConfig.java","255234","223799","479033"
"2019-04-18 19:17","ServerConfig.java","237732","223780","461512"
"2015-10-18 19:00","QuorumPeer.java","6374","2613","8987"
"2018-12-20 15:13","QuorumPeer.java","229542","216053","445595"
"2019-05-16 16:25","QuorumPeer.java","240865","216147","457012"
"2018-10-16 16:22","QuorumPeer.java","233540","195224","428764"
"2019-06-14 09:06","QuorumPeer.java","244080","216163","460243"
"2018-12-07 12:41","QuorumPeer.java","226555","216052","442607"
"2019-03-11 19:47","QuorumPeer.java","235990","216073","452063"
"2019-02-13 13:12","QuorumPeer.java","234939","216074","451013"
"2019-04-12 19:01","QuorumPeer.java","237873","216147","454020"
"2018-12-09 03:16","QuorumPeer.java","228629","216052","444681"
"2018-09-11 15:23","QuorumPeer.java","132990","112345","245335"
"2019-11-29 14:49","QuorumPeer.java","264092","217616","481708"
"2018-12-15 07:34","QuorumPeer.java","228544","216052","444596"
"2018-11-27 10:02","QuorumPeer.java","226305","216052","442357"
"2018-09-18 01:00","QuorumPeer.java","134368","112468","246836"
"2019-06-03 19:40","QuorumPeer.java","241413","216163","457576"
"2019-07-15 14:15","QuorumPeer.java","251502","216164","467666"
"2019-07-03 00:44","QuorumPeer.java","244095","216163","460258"
"2019-08-17 17:13","QuorumPeer.java","256083","216164","472247"
"2015-06-27 02:03","QuorumPeer.java","4050","1361","5411"
"2017-11-28 00:10","QuorumPeer.java","28317","15413","43730"
"2018-01-30 08:02","QuorumPeer.java","28880","15823","44703"
"2019-05-15 11:56","QuorumPeer.java","240820","216147","456967"
"2019-06-05 00:33","QuorumPeer.java","241803","216163","457966"
"2019-05-20 23:13","QuorumPeer.java","240938","216147","457085"
"2019-06-04 10:55","QuorumPeer.java","241566","216163","457729"
"2019-07-12 17:01","QuorumPeer.java","251396","216164","467560"
"2020-01-09 11:27","QuorumPeer.java","265640","217618","483258"
"2017-02-09 11:40","QuorumPeer.java","20656","8976","29632"
"2017-07-06 18:48","QuorumPeer.java","22549","13183","35732"
"2018-10-01 06:11","QuorumPeer.java","137623","113144","250767"
"2015-04-09 20:16","QuorumPeer.java","1119","56","1175"
"2018-07-04 17:11","QuorumPeer.java","42068","25450","67518"
"2019-12-17 13:48","QuorumPeer.java","264664","217616","482280"
"2015-12-07 05:59","QuorumPeer.java","7429","2910","10339"
"2020-01-23 13:43","QuorumPeer.java","267464","217618","485082"
"2016-06-23 23:45","QuorumPeer.java","12096","6507","18603"
"2016-06-23 23:25","QuorumPeer.java","11953","6472","18425"
"2018-12-06 10:56","QuorumPeer.java","226499","216052","442551"
"2019-10-10 14:37","QuorumPeer.java","259836","216164","476000"
"2017-07-27 23:09","QuorumPeer.java","23077","14697","37774"
"2018-06-26 11:18","QuorumPeer.java","32961","16361","49322"
"2018-07-27 12:32","QuorumPeer.java","53791","35973","89764"
"2019-04-18 19:17","QuorumPeer.java","238583","216147","454730"
"2016-12-20 14:47","QuorumPeer.java","19216","8671","27887"
"2017-05-11 16:59","QuorumPeer.java","21345","12846","34191"
"2016-06-02 00:59","QuorumPeer.java","11527","6415","17942"
"2020-02-16 10:25","QuorumPeer.java","268177","217618","485795"
"2020-03-19 17:09","Learner.java","4181","2119","6300"
"2020-02-03 04:30","Learner.java","680","123","803"
"2020-03-25 03:38","Learner.java","5098","2240","7338"
"2020-01-25 18:48","Learner.java","197","7","204"
"2020-05-03 19:43","Learner.java","6838","3044","9882"
"2019-11-29 14:49","ReconfigTest.java","12799","9154","21953"
"2019-06-05 00:46","SyncRequestProcessor.java","1186","526","1712"
"2019-06-03 19:40","SyncRequestProcessor.java","364","233","597"
"2019-08-17 17:13","SyncRequestProcessor.java","44520","29720","74240"
"2019-10-10 14:37","SyncRequestProcessor.java","50658","32105","82763"
"2020-01-07 20:39","SyncRequestProcessor.java","62022","38169","100191"
"2020-03-25 03:38","SyncRequestProcessor.java","67231","39646","106877"
"2019-12-27 22:33","FileTxnLog.java","265463","233223","498686"
"2019-10-10 14:37","FileTxnLog.java","258602","231287","489889"
"2018-11-12 22:36","FileTxnLog.java","222787","231133","453920"
"2018-08-01 21:19","FileTxnLog.java","23117","21459","44576"
"2020-01-28 17:26","FileTxnLog.java","267184","233224","500408"
"2019-05-14 17:11","FileTxnLog.java","239495","231266","470761"
"2019-01-07 14:24","FileTxnLog.java","229529","231137","460666"
"2019-04-12 19:01","FileTxnLog.java","236618","231249","467867"
"2018-09-06 01:11","FileTxnLog.java","103789","100500","204289"
"2018-09-18 01:00","FileTxnLog.java","106205","100662","206867"
"2019-08-17 17:13","FileTxnLog.java","254848","231286","486134"
"2019-06-03 19:40","FileTxnLog.java","240178","231285","471463"
"2019-08-03 08:42","FileTxnLog.java","255556","231286","486842"
"2019-04-09 15:35","FileTxnLog.java","235589","231170","466759"
"2019-08-17 17:13","AsyncTest.java","257842","57679","315521"
"2017-09-11 18:55","AsyncTest.java","188534","18992","207526"
"2009-02-03 06:23","AsyncTest.java","53372","8131","61503"
"2010-03-31 06:26","AsyncTest.java","122885","11761","134646"
"2011-04-12 09:14","AsyncTest.java","134347","12711","147058"
"2016-08-24 01:36","AsyncTest.java","185164","18617","203781"
"2009-06-25 00:59","ZooKeeper.java","14970","3844","18814"
"2019-02-06 09:46","ZooKeeper.java","235163","129699","364862"
"2019-01-16 14:21","ZooKeeper.java","233440","129699","363139"
"2017-04-18 02:02","ZooKeeper.java","137359","31147","168506"
"2019-11-08 17:30","ZooKeeper.java","263117","129742","392859"
"2019-02-07 11:26","ZooKeeper.java","235792","129699","365491"
"2013-03-07 07:01","ZooKeeper.java","98094","25829","123923"
"2011-07-01 00:53","ZooKeeper.java","75694","21815","97509"
"2013-12-17 17:55","ZooKeeper.java","105285","26216","131501"
"2012-02-06 09:56","ZooKeeper.java","82494","24389","106883"
"2012-03-17 01:31","ZooKeeper.java","84174","24564","108738"
"2012-11-17 15:03","ZooKeeper.java","89788","25059","114847"
"2017-05-01 17:19","ZooKeeper.java","137489","31150","168639"
"2010-11-10 23:36","ZooKeeper.java","106724","17492","124216"
"2014-01-24 07:18","ZooKeeper.java","107260","26262","133522"
"2019-08-17 17:13","ZooKeeper.java","257503","129742","387245"
"2015-06-04 19:51","ZooKeeper.java","127583","28260","155843"
"2016-10-07 21:51","ZooKeeper.java","134622","30248","164870"
"2015-03-16 09:09","ZooKeeper.java","124476","28197","152673"
"2015-03-17 18:06","ZooKeeper.java","125191","28202","153393"
"2016-05-02 18:15","ZooKeeper.java","131496","29888","161384"
"2019-06-26 10:57","ZooKeeper.java","245353","129742","375095"
"2019-06-03 19:40","ZooKeeper.java","242834","129742","372576"
"2018-05-09 23:57","ZooKeeper.java","144382","31785","176167"
"2019-08-03 08:42","ZooKeeper.java","258211","129742","387953"
"2016-11-13 20:59","ZooKeeper.java","136886","30259","167145"
"2013-02-03 15:52","ZooKeeper.java","93754","25552","119306"
"2012-09-28 18:32","ZooKeeper.java","87691","24930","112621"
"2017-07-28 00:36","ZooKeeper.java","136996","31523","168519"
"2017-08-18 23:35","ZooKeeper.java","137520","31562","169082"
"2017-07-04 07:56","ZooKeeper.java","137588","31505","169093"
"2009-12-11 20:38","ZooKeeper.java","32639","7513","40152"
"2009-11-12 21:02","ZooKeeper.java","24783","7035","31818"
"2010-01-26 03:22","ZooKeeper.java","37850","8646","46496"
"2010-01-05 18:32","ZooKeeper.java","34061","8271","42332"
"2009-11-07 01:48","ZooKeeper.java","24075","6930","31005"
"2009-10-31 00:09","ZooKeeper.java","23395","6655","30050"
"2020-04-16 12:50","ZooKeeper.java","271713","130378","402091"
"2018-07-27 05:16","ZooKeeper.java","157795","43180","200975"
"2019-10-10 14:37","ZooKeeper.java","261256","129742","390998"
"2014-04-01 04:03","ZooKeeper.java","108990","26512","135502"
"2010-02-08 23:36","ZooKeeper.java","41184","12319","53503"
"2009-08-07 20:00","ZooKeeper.java","17818","4597","22415"
"2012-12-19 19:16","ZooKeeper.java","93218","25509","118727"
"2019-02-11 12:34","ZooKeeper.java","236155","129699","365854"
"2014-07-08 20:18","ZooKeeper.java","115293","27928","143221"
"2010-11-30 21:16","ZooKeeper.java","107245","17646","124891"
"2020-05-17 15:13","ZooKeeper.java","272085","130379","402464"
"2017-01-09 22:49","ZooKeeper.java","138644","30449","169093"
"2011-05-20 01:17","ZooKeeper.java","71362","21309","92671"
"2019-03-12 19:08","ZooKeeper.java","237591","129707","367298"
"2011-09-06 00:58","ZooKeeper.java","78954","19853","98807"
"2014-07-22 06:51","ZooKeeper.java","119582","28019","147601"
"2014-04-29 02:23","ZooKeeper.java","111907","27644","139551"
"2016-11-24 17:18","PurgeTxnLog.java","162271","26573","188844"
"2020-01-30 09:43","PurgeTxnLog.java","268619","101355","369974"
"2017-07-28 00:36","PurgeTxnLog.java","161371","27395","188766"
"2019-08-17 17:13","PurgeTxnLog.java","257689","100899","358588"
"2014-05-18 03:01","PurgeTxnLog.java","137214","24108","161322"
"2019-10-10 14:37","PurgeTxnLog.java","261442","100899","362341"
"2015-11-08 22:21","PurgeTxnLog.java","154078","24639","178717"
"2019-11-28 12:24","PurgeTxnLog.java","263051","101355","364406"
"2015-11-22 00:33","PurgeTxnLog.java","154523","24671","179194"
"2017-01-23 02:13","PurgeTxnLog.java","163699","26619","190318"
"2019-08-17 17:13","QuorumServerTest.java","44916","29715","74631"
"2020-02-16 10:25","QuorumServerTest.java","65318","39477","104795"
"2019-02-06 09:46","ZooKeeper.java","233571","218283","451854"
"2019-01-16 14:21","ZooKeeper.java","231847","218282","450129"
"2017-04-18 02:02","ZooKeeper.java","17785","10896","28681"
"2019-11-08 17:30","ZooKeeper.java","261622","218423","480045"
"2019-02-07 11:26","ZooKeeper.java","234200","218283","452483"
"2017-05-01 17:19","ZooKeeper.java","17928","10912","28840"
"2019-08-17 17:13","ZooKeeper.java","255978","218393","474371"
"2016-10-07 21:51","ZooKeeper.java","11533","6482","18015"
"2016-05-02 18:15","ZooKeeper.java","7253","4968","12221"
"2019-06-26 10:57","ZooKeeper.java","243827","218392","462219"
"2019-06-03 19:40","ZooKeeper.java","241308","218392","459700"
"2018-05-09 23:57","ZooKeeper.java","28407","15133","43540"
"2019-08-03 08:42","ZooKeeper.java","256686","218393","475079"
"2016-11-13 20:59","ZooKeeper.java","14016","6712","20728"
"2017-07-28 00:36","ZooKeeper.java","19842","13692","33534"
"2017-08-18 23:35","ZooKeeper.java","20425","13790","34215"
"2017-07-04 07:56","ZooKeeper.java","18911","12151","31062"
"2020-04-16 12:50","ZooKeeper.java","271098","219939","491037"
"2018-07-27 05:16","ZooKeeper.java","50318","35026","85344"
"2019-10-10 14:37","ZooKeeper.java","259731","218393","478124"
"2019-02-11 12:34","ZooKeeper.java","234563","218283","452846"
"2020-05-17 15:13","ZooKeeper.java","271497","219967","491464"
"2017-01-09 22:49","ZooKeeper.java","16425","7553","23978"
"2019-03-12 19:08","ZooKeeper.java","236009","218301","454310"
"2019-02-06 09:46","ZooKeeper.java","233413","223176","456589"
"2019-01-16 14:21","ZooKeeper.java","231689","223175","454864"
"2017-04-18 02:02","ZooKeeper.java","6734","4896","11630"
"2019-11-08 17:30","ZooKeeper.java","261489","223341","484830"
"2019-02-07 11:26","ZooKeeper.java","234042","223176","457218"
"2017-05-01 17:19","ZooKeeper.java","6879","4914","11793"
"2019-08-17 17:13","ZooKeeper.java","255827","223293","479120"
"2019-06-26 10:57","ZooKeeper.java","243676","223292","466968"
"2019-06-03 19:40","ZooKeeper.java","241157","223292","464449"
"2018-05-09 23:57","ZooKeeper.java","17557","9334","26891"
"2019-08-03 08:42","ZooKeeper.java","256535","223293","479828"
"2016-11-13 20:59","ZooKeeper.java","2518","265","2783"
"2017-07-28 00:36","ZooKeeper.java","8799","7700","16499"
"2017-08-18 23:35","ZooKeeper.java","9382","7798","17180"
"2017-07-04 07:56","ZooKeeper.java","7868","6159","14027"
"2020-04-16 12:50","ZooKeeper.java","270989","224881","495870"
"2018-07-27 05:16","ZooKeeper.java","40248","30007","70255"
"2019-10-10 14:37","ZooKeeper.java","259580","223293","482873"
"2019-02-11 12:34","ZooKeeper.java","234405","223176","457581"
"2020-05-17 15:13","ZooKeeper.java","271392","224913","496305"
"2017-01-09 22:49","ZooKeeper.java","4951","1130","6081"
"2019-03-12 19:08","ZooKeeper.java","235854","223197","459051"
"2020-03-19 17:09","Learner.java","268866","226052","494918"
"2020-02-03 04:30","Learner.java","267361","226052","493413"
"2020-01-23 13:43","Learner.java","266804","226052","492856"
"2020-03-25 03:38","Learner.java","269662","226052","495714"
"2019-11-28 12:24","Learner.java","261781","226050","487831"
"2019-12-27 22:33","Learner.java","265554","226051","491605"
"2020-01-25 18:48","Learner.java","266994","226052","493046"
"2020-05-03 19:43","Learner.java","270659","226113","496772"
"2019-10-10 14:37","Learner.java","259003","224425","483428"
"2019-06-03 19:40","Learner.java","240580","224424","465004"
"2019-07-15 14:15","Learner.java","250669","224425","475094"
"2019-08-23 19:43","Learner.java","255916","224425","480341"
"2019-08-17 17:13","Learner.java","255250","224425","479675"
"2017-11-28 00:10","Learner.java","6227","2417","8644"
"2018-05-09 00:54","Learner.java","9227","3289","12516"
"2019-04-09 15:35","Learner.java","236013","224331","460344"
"2019-07-12 17:01","Learner.java","250563","224425","474988"
"2017-07-06 18:48","Learner.java","296","24","320"
"2017-08-18 06:32","Learner.java","1438","1663","3101"
"2019-07-02 07:34","Learner.java","243192","224424","467616"
"2018-10-16 16:22","Learner.java","231628","202406","434034"
"2018-12-09 03:16","Learner.java","227788","224305","452093"
"2019-11-29 14:49","Learner.java","263432","226050","489482"
"2018-11-27 10:02","Learner.java","225464","224305","449769"
"2018-08-06 14:11","Learner.java","34046","24710","58756"
"2019-11-14 16:44","ClientBase.java","12053","4026","16079"
"2019-10-10 14:37","ClientBase.java","7470","3717","11187"
"2019-06-26 10:57","ZooDefs.java","18490","5470","23960"
"2019-08-17 17:13","ZooDefs.java","55054","29884","84938"
"2019-01-16 14:21","ZooDefs.java","1246","96","1342"
"2019-11-08 17:30","ZooDefs.java","62817","32033","94850"
"2019-07-31 19:06","ZooDefs.java","32920","8443","41363"
"2019-02-07 11:26","ZooDefs.java","3927","425","4352"
"2011-10-20 20:02","SendAckRequestProcessor.java","16601","6751","23352"
"2019-08-17 17:13","SendAckRequestProcessor.java","256932","178405","435337"
"2019-05-03 00:44","SendAckRequestProcessor.java","240930","178406","419336"
"2019-08-17 17:13","RemotePeerMXBean.java","254848","231529","486377"
"2019-08-17 17:13","SyncRequestProcessorMetricTest.java","43507","29367","72874"
"2019-12-27 22:33","FileTxnSnapLog.java","266616","179553","446169"
"2019-10-10 14:37","FileTxnSnapLog.java","260381","178243","438624"
"2019-12-13 08:51","FileTxnSnapLog.java","264653","179553","444206"
"2017-01-07 01:09","FileTxnSnapLog.java","70750","21100","91850"
"2014-02-12 17:00","FileTxnSnapLog.java","29922","7197","37119"
"2020-01-23 16:46","FileTxnSnapLog.java","267865","179553","447418"
"2020-01-28 17:26","FileTxnSnapLog.java","268336","179553","447889"
"2016-09-18 23:21","FileTxnSnapLog.java","65553","20375","85928"
"2017-01-23 02:13","FileTxnSnapLog.java","71187","21133","92320"
"2018-06-08 16:52","FileTxnSnapLog.java","80773","25950","106723"
"2019-09-02 08:23","FileTxnSnapLog.java","257285","178243","435528"
"2017-04-28 07:14","FileTxnSnapLog.java","70988","23193","94181"
"2019-07-31 19:06","FileTxnSnapLog.java","255935","178243","434178"
"2018-07-30 06:22","FileTxnSnapLog.java","100609","44131","144740"
"2012-07-17 23:25","FileTxnSnapLog.java","5983","2682","8665"
"2020-01-30 09:43","FileTxnSnapLog.java","268412","179553","447965"
"2019-05-14 17:11","FileTxnSnapLog.java","241295","178243","419538"
"2013-06-28 23:22","FileTxnSnapLog.java","21941","6337","28278"
"2014-02-10 21:50","FileTxnSnapLog.java","29774","7161","36935"
"2019-05-21 23:34","FileTxnSnapLog.java","241616","178243","419859"
"2019-05-27 10:54","FileTxnSnapLog.java","241948","178243","420191"
"2017-01-13 19:29","FileTxnSnapLog.java","70965","21112","92077"
"2017-06-26 00:07","FileTxnSnapLog.java","71617","24284","95901"
"2018-02-23 23:49","FileTxnSnapLog.java","78276","25707","103983"
"2017-08-18 06:32","FileTxnSnapLog.java","72175","24840","97015"
"2019-08-17 17:13","FileTxnSnapLog.java","256628","178243","434871"
"2018-02-14 21:23","FileTxnSnapLog.java","78097","25692","103789"
"2019-10-10 14:37","RecoveryTest.java","7470","3717","11187"
"2018-12-09 03:16","FollowerRequestProcessor.java","230114","132878","362992"
"2013-03-07 07:01","FollowerRequestProcessor.java","96497","27352","123849"
"2016-10-07 21:51","FollowerRequestProcessor.java","133286","32032","165318"
"2019-08-17 17:13","FollowerRequestProcessor.java","257500","132922","390422"
"2015-06-04 19:51","FollowerRequestProcessor.java","126195","29992","156187"
"2019-08-01 07:31","FollowerRequestProcessor.java","258171","132922","391093"
"2014-03-23 04:12","FollowerRequestProcessor.java","106447","27932","134379"
"2020-03-25 03:38","FollowerRequestProcessor.java","270924","133561","404485"
"2014-07-18 19:46","FollowerRequestProcessor.java","117788","29665","147453"
"2019-10-10 14:37","FollowerRequestProcessor.java","261253","132922","394175"
"2011-10-28 18:37","FollowerRequestProcessor.java","78252","25579","103831"
"2011-04-12 09:14","FollowerRequestProcessor.java","68582","22531","91113"
"2011-07-15 06:50","FollowerRequestProcessor.java","70049","21091","91140"
"2020-05-05 21:20","FollowerRequestProcessor.java","271955","133561","405516"
"2013-10-09 22:21","FollowerRequestProcessor.java","102061","27721","129782"
"2010-08-18 08:24","FollowerRequestProcessor.java","73137","18131","91268"
"2015-03-08 23:07","FollowerRequestProcessor.java","122703","29882","152585"
"2019-10-10 14:37","ConnectionBean.java","7470","3717","11187"
"2009-07-17 00:09","RecoveryTest.java","10922","2831","13753"
"2019-08-17 17:13","RecoveryTest.java","257500","133993","391493"
"2013-12-21 22:05","RecoveryTest.java","102462","27490","129952"
"2019-10-10 14:37","RecoveryTest.java","261253","133993","395246"
"2011-04-12 09:14","RecoveryTest.java","67194","22214","89408"
"2010-03-31 06:26","RecoveryTest.java","49016","14548","63564"
"2010-08-18 08:24","RecoveryTest.java","71740","17805","89545"
"2020-03-25 03:38","KeeperException.java","24918","12133","37051"
"2019-11-29 14:49","QuorumPeer.java","53505","34961","88466"
"2019-07-15 14:15","QuorumPeer.java","8453","1047","9500"
"2019-08-17 17:13","QuorumPeer.java","38727","26740","65467"
"2019-07-12 17:01","QuorumPeer.java","8347","1047","9394"
"2020-01-09 11:27","QuorumPeer.java","56128","36038","92166"
"2019-12-17 13:48","QuorumPeer.java","54126","35010","89136"
"2020-01-23 13:43","QuorumPeer.java","58390","36476","94866"
"2019-10-10 14:37","QuorumPeer.java","44915","29175","74090"
"2020-02-16 10:25","QuorumPeer.java","59242","36615","95857"
"2019-10-10 14:37","IntegrityCheck.java","259640","222020","481660"
"2017-09-11 18:55","IntegrityCheck.java","11244","8249","19493"
"2018-08-06 14:11","IntegrityCheck.java","42836","30458","73294"
"2019-08-17 17:13","IntegrityCheck.java","255887","222020","477907"
"2009-06-25 00:59","ClientBase.java","9035","2163","11198"
"2012-08-28 21:51","ClientBase.java","84249","26167","110416"
"2017-06-08 17:51","ClientBase.java","134563","33176","167739"
"2012-07-17 23:19","ClientBase.java","83163","26155","109318"
"2017-04-18 01:37","ClientBase.java","134850","32831","167681"
"2010-03-16 22:23","ClientBase.java","47740","13494","61234"
"2018-09-07 02:49","ClientBase.java","197583","85126","282709"
"2019-07-31 19:06","ClientBase.java","256807","133993","390800"
"2012-02-06 09:47","ClientBase.java","79473","25586","105059"
"2015-02-06 06:17","ClientBase.java","121160","29584","150744"
"2017-09-11 18:55","ClientBase.java","135178","33333","168511"
"2009-07-17 00:09","ClientBase.java","10922","2831","13753"
"2009-06-30 03:32","ClientBase.java","10146","2491","12637"
"2019-08-17 17:13","ClientBase.java","257500","133993","391493"
"2015-03-28 20:08","ClientBase.java","123411","29624","153035"
"2019-06-07 14:13","ClientBase.java","243604","133993","377597"
"2018-04-24 00:20","ClientBase.java","141105","33484","174589"
"2018-08-08 06:21","ClientBase.java","178330","66738","245068"
"2018-05-09 23:57","ClientBase.java","141932","33526","175458"
"2019-06-24 11:05","ClientBase.java","244833","133993","378826"
"2012-12-11 08:42","ClientBase.java","87753","26338","114091"
"2017-01-13 19:29","ClientBase.java","136249","32064","168313"
"2010-01-25 04:28","ClientBase.java","31739","7337","39076"
"2010-03-09 05:44","ClientBase.java","46827","13347","60174"
"2016-06-23 23:25","ClientBase.java","129712","31433","161145"
"2014-01-03 01:40","ClientBase.java","102608","27496","130104"
"2014-01-25 01:17","ClientBase.java","104454","27536","131990"
"2009-11-20 23:28","ClientBase.java","26977","6189","33166"
"2009-11-25 20:06","ClientBase.java","27014","6193","33207"
"2009-11-12 20:53","ClientBase.java","19206","5728","24934"
"2009-08-25 07:45","ClientBase.java","13394","3394","16788"
"2009-09-16 02:09","ClientBase.java","14339","3833","18172"
"2019-11-14 16:44","ClientBase.java","265527","133993","399520"
"2019-10-10 14:37","ClientBase.java","261253","133993","395246"
"2012-03-15 17:47","ClientBase.java","80894","25764","106658"
"2010-09-15 07:51","ClientBase.java","99917","17812","117729"
"2012-01-14 00:28","ClientBase.java","78884","25513","104397"
"2011-04-12 09:14","ClientBase.java","67194","22214","89408"
"2011-11-05 07:29","ClientBase.java","77274","25323","102597"
"2016-08-24 01:36","ClientBase.java","130628","31778","162406"
"2011-09-17 02:13","ClientBase.java","76501","23532","100033"
"2010-07-05 20:20","ClientBase.java","62226","16911","79137"
"2010-03-31 06:26","ClientBase.java","49016","14548","63564"
"2010-08-18 08:24","ClientBase.java","71740","17805","89545"
"2015-03-08 23:07","ClientBase.java","121360","29610","150970"
"2019-08-17 17:13","SessionTrackerTest.java","256464","182289","438753"
"2018-08-08 06:21","SessionTrackerTest.java","138544","85494","224038"
"2019-07-08 23:26","SessionTrackerTest.java","245240","182289","427529"
"2017-03-16 17:13","SessionTrackerTest.java","65386","22221","87607"
"2019-08-17 17:13","DeserializationPerfTest.java","257500","142084","399584"
"2014-04-25 21:35","DeserializationPerfTest.java","104645","31359","136004"
"2009-09-16 02:09","DeserializationPerfTest.java","3787","1372","5159"
"2019-10-10 14:37","DeserializationPerfTest.java","261253","142084","403337"
"2011-04-12 09:14","DeserializationPerfTest.java","59741","22852","82593"
"2010-03-31 06:26","DeserializationPerfTest.java","40968","14591","55559"
"2019-07-02 07:34","Follower.java","245443","132922","378365"
"2018-12-09 03:16","Follower.java","230114","132878","362992"
"2019-04-12 19:01","Follower.java","239307","132922","372229"
"2013-03-07 07:01","Follower.java","96497","27352","123849"
"2015-02-06 06:17","Follower.java","122503","29856","152359"
"2011-04-29 18:12","Follower.java","68952","22566","91518"
"2011-01-22 20:38","Follower.java","105913","18727","124640"
"2011-02-07 20:26","Follower.java","106024","18821","124845"
"2018-09-18 01:00","Follower.java","200266","84497","284763"
"2019-08-17 17:13","Follower.java","257500","132922","390422"
"2019-06-29 00:33","Follower.java","245487","132922","378409"
"2019-08-06 17:11","Follower.java","258601","132922","391523"
"2019-07-15 14:15","Follower.java","252919","132922","385841"
"2019-08-23 19:43","Follower.java","258166","132922","391088"
"2017-11-28 00:10","Follower.java","140360","33587","173947"
"2019-06-05 00:33","Follower.java","243221","132922","376143"
"2011-06-14 07:14","Follower.java","70641","22640","93281"
"2019-05-03 00:44","Follower.java","241497","132922","374419"
"2010-01-25 04:28","Follower.java","33271","7798","41069"
"2009-10-30 17:19","Follower.java","18467","5760","24227"
"2009-11-20 23:28","Follower.java","28517","6658","35175"
"2015-06-05 21:15","Follower.java","126229","29992","156221"
"2019-12-27 22:33","Follower.java","266817","133561","400378"
"2016-08-13 15:01","Follower.java","132062","31909","163971"
"2019-10-10 14:37","Follower.java","261253","132922","394175"
"2010-08-18 08:24","Follower.java","73137","18131","91268"
"2016-12-20 14:47","Follower.java","136692","32278","168970"
"2014-07-22 06:51","Follower.java","118137","29694","147831"
"2019-08-17 17:13","AdminServer.java","255234","223799","479033"
"2016-09-18 23:21","ZooKeeperServerMainTest.java","1002","574","1576"
"2016-08-24 01:36","ZooKeeperServerMainTest.java","111","343","454"
"2017-01-13 19:29","ZooKeeperServerMainTest.java","6994","1891","8885"
"2019-06-03 19:40","ZooKeeperServerMainTest.java","241217","222251","463468"
"2019-08-17 17:13","ZooKeeperServerMainTest.java","255887","222252","478139"
"2018-09-11 15:23","ZooKeeperServerMainTest.java","122111","107750","229861"
"2017-01-05 22:32","ZooKeeperServerMainTest.java","6542","1809","8351"
"2013-03-07 07:01","KeeperException.java","92116","29619","121735"
"2011-07-01 00:53","KeeperException.java","65910","23848","89758"
"2012-02-06 09:56","KeeperException.java","75032","26695","101727"
"2014-01-24 07:18","KeeperException.java","101316","30086","131402"
"2019-08-17 17:13","KeeperException.java","257500","141556","399056"
"2014-04-30 04:30","KeeperException.java","105978","31469","137447"
"2019-07-24 18:00","KeeperException.java","253955","141556","395511"
"2016-11-13 20:59","KeeperException.java","131242","34383","165625"
"2017-07-28 00:36","KeeperException.java","131527","35822","167349"
"2020-03-25 03:38","KeeperException.java","270924","142195","413119"
"2009-12-11 21:24","KeeperException.java","18172","4827","22999"
"2018-07-27 05:16","KeeperException.java","152696","47849","200545"
"2011-05-20 01:17","KeeperException.java","61364","23128","84492"
"2013-10-09 22:21","KeeperException.java","97686","29994","127680"
"2018-09-15 00:08","ZooKeeperServer.java","178047","107454","285501"
"2019-04-12 19:01","ZooKeeperServer.java","238714","180330","419044"
"2019-07-31 19:06","ZooKeeperServer.java","256213","180329","436542"
"2019-09-11 10:27","ZooKeeperServer.java","258262","180329","438591"
"2019-01-14 19:38","ZooKeeperServer.java","232132","180263","412395"
"2019-01-07 15:34","ZooKeeperServer.java","231733","180263","411996"
"2018-11-21 17:56","ZooKeeperServer.java","224929","180262","405191"
"2012-01-31 07:45","ZooKeeperServer.java","17890","7831","25721"
"2017-04-28 07:14","ZooKeeperServer.java","85650","26975","112625"
"2011-08-19 00:05","ZooKeeperServer.java","10729","1256","11985"
"2017-02-12 00:12","ZooKeeperServer.java","84705","26929","111634"
"2014-07-18 02:19","ZooKeeperServer.java","64029","20656","84685"
"2013-12-11 19:22","ZooKeeperServer.java","44826","13615","58441"
"2019-02-13 13:12","ZooKeeperServer.java","235799","180276","416075"
"2012-02-11 00:34","ZooKeeperServer.java","18837","8193","27030"
"2016-11-24 17:18","ZooKeeperServer.java","84875","25323","110198"
"2018-07-19 05:59","ZooKeeperServer.java","112128","45468","157596"
"2018-09-18 01:00","ZooKeeperServer.java","178757","107511","286268"
"2019-03-04 08:07","ZooKeeperServer.java","236377","180277","416654"
"2019-07-08 23:26","ZooKeeperServer.java","245682","180329","426011"
"2019-01-23 14:00","ZooKeeperServer.java","233568","180264","413832"
"2019-02-13 13:19","ZooKeeperServer.java","236085","180276","416361"
"2019-05-14 17:11","ZooKeeperServer.java","241574","180330","421904"
"2013-01-25 02:17","ZooKeeperServer.java","32614","12391","45005"
"2015-07-10 08:19","ZooKeeperServer.java","74760","22400","97160"
"2019-06-04 10:55","ZooKeeperServer.java","242390","180329","422719"
"2019-04-09 15:35","ZooKeeperServer.java","237712","180278","417990"
"2019-08-03 08:42","ZooKeeperServer.java","257614","180329","437943"
"2019-05-15 11:56","ZooKeeperServer.java","241661","180330","421991"
"2019-05-22 11:39","ZooKeeperServer.java","242107","180330","422437"
"2019-04-22 19:15","ZooKeeperServer.java","239689","180330","420019"
"2018-02-23 23:49","ZooKeeperServer.java","91876","28427","120303"
"2016-11-16 06:21","ZooKeeperServer.java","84304","24773","109077"
"2012-12-19 19:07","ZooKeeperServer.java","31498","12313","43811"
"2017-08-18 06:32","ZooKeeperServer.java","86129","27914","114043"
"2017-06-26 00:16","ZooKeeperServer.java","86021","27814","113835"
"2019-09-10 04:26","ZooKeeperServer.java","257951","180329","438280"
"2019-08-17 17:13","ZooKeeperServer.java","256906","180329","437235"
"2019-09-05 23:12","ZooKeeperServer.java","257825","180329","438154"
"2019-09-10 15:21","ZooKeeperServer.java","257949","180329","438278"
"2019-08-01 07:31","ZooKeeperServer.java","257577","180329","437906"
"2019-08-01 07:28","ZooKeeperServer.java","257087","180329","437416"
"2019-06-03 19:40","ZooKeeperServer.java","242237","180329","422566"
"2015-03-17 18:06","ZooKeeperServer.java","70497","21151","91648"
"2019-11-23 17:08","ZooKeeperServer.java","262705","181427","444132"
"2019-10-09 16:49","ZooKeeperServer.java","260492","180329","440821"
"2019-07-03 00:44","ZooKeeperServer.java","244919","180329","425248"
"2018-01-19 01:12","ZooKeeperServer.java","90772","28365","119137"
"2019-07-24 18:00","ZooKeeperServer.java","253361","180329","433690"
"2013-05-16 18:49","ZooKeeperServer.java","37723","12950","50673"
"2018-08-08 06:21","ZooKeeperServer.java","154966","86826","241792"
"2018-05-09 23:57","ZooKeeperServer.java","93527","28573","122100"
"2019-12-27 22:33","ZooKeeperServer.java","266682","181427","448109"
"2016-08-13 15:01","ZooKeeperServer.java","80118","24488","104606"
"2018-09-11 00:17","ZooKeeperServer.java","176494","107450","283944"
"2019-11-18 09:05","ZooKeeperServer.java","261148","181427","442575"
"2019-10-10 14:37","ZooKeeperServer.java","260659","180329","440988"
"2019-09-16 23:26","ZooKeeperServer.java","259925","180329","440254"
"2013-10-08 01:35","ZooKeeperServer.java","40947","13370","54317"
"2017-06-23 18:39","ZooKeeperServer.java","85982","27755","113737"
"2011-12-28 07:07","ZooKeeperServer.java","17489","7769","25258"
"2019-12-03 10:01","ZooKeeperServer.java","264607","181427","446034"
"2020-03-25 03:38","ZooKeeperServer.java","270789","181427","452216"
"2019-11-28 12:24","ZooKeeperServer.java","262910","181427","444337"
"2019-11-06 15:21","ZooKeeperServer.java","260875","180329","441204"
"2011-09-17 02:36","ZooKeeperServer.java","14216","4727","18943"
"2020-04-12 11:14","ZooKeeperServer.java","271542","181427","452969"
"2011-09-14 08:56","ZooKeeperServer.java","13624","1575","15199"
"2011-08-21 02:53","ZooKeeperServer.java","10761","1260","12021"
"2013-10-09 22:21","ZooKeeperServer.java","43371","13554","56925"
"2015-03-08 23:07","ZooKeeperServer.java","69354","21056","90410"
"2018-06-08 16:52","ZooKeeperServer.java","94281","28578","122859"
"2018-06-15 07:41","ZooKeeperServer.java","94301","28595","122896"
"2018-07-28 04:37","ZooKeeperServer.java","112741","45505","158246"
"2019-04-18 19:17","ZooKeeperServer.java","239424","180330","419754"
"2012-03-15 17:47","ZooKeeperServer.java","19936","8258","28194"
"2014-03-25 22:13","ZooKeeperServer.java","48185","13957","62142"
"2011-06-21 07:34","FileTxnLog.java","4672","43235","47907"
"2014-02-12 17:00","FileTxnLog.java","50718","55776","106494"
"2013-12-11 01:10","FileTxnLog.java","47690","55633","103323"
"2018-01-19 00:43","FileTxnLog.java","93641","69898","163539"
"2019-12-27 22:33","FileTxnLog.java","266723","220131","486854"
"2019-10-10 14:37","FileTxnLog.java","260725","219058","479783"
"2018-11-12 22:36","FileTxnLog.java","224997","218991","443988"
"2018-08-01 21:19","FileTxnLog.java","115692","86994","202686"
"2018-04-27 20:28","FileTxnLog.java","95685","70092","165777"
"2018-06-08 16:52","FileTxnLog.java","97150","70110","167260"
"2011-09-03 01:07","FileTxnLog.java","16979","44178","61157"
"2011-04-12 09:14","FileTxnLog.java","2004","42617","44621"
"2011-11-15 19:30","FileTxnLog.java","19528","49241","68769"
"2014-06-30 19:11","FileTxnLog.java","61983","61982","123965"
"2020-01-28 17:26","FileTxnLog.java","268443","220131","488574"
"2019-05-14 17:11","FileTxnLog.java","241640","219059","460699"
"2019-01-07 14:24","FileTxnLog.java","231736","218992","450728"
"2013-06-28 23:22","FileTxnLog.java","43055","55234","98289"
"2019-04-12 19:01","FileTxnLog.java","238780","219059","457839"
"2017-04-28 07:14","FileTxnLog.java","88622","68610","157232"
"2012-02-06 09:40","FileTxnLog.java","21899","50104","72003"
"2018-09-06 01:11","FileTxnLog.java","178973","148644","327617"
"2018-09-18 01:00","FileTxnLog.java","181291","148708","329999"
"2016-03-20 19:31","FileTxnLog.java","79609","64539","144148"
"2019-08-17 17:13","FileTxnLog.java","256972","219058","476030"
"2019-06-03 19:40","FileTxnLog.java","242303","219058","461361"
"2018-04-24 00:20","FileTxnLog.java","95495","69989","165484"
"2018-02-14 21:23","FileTxnLog.java","94575","69953","164528"
"2019-08-03 08:42","FileTxnLog.java","257680","219058","476738"
"2019-04-09 15:35","FileTxnLog.java","237778","219007","456785"
"2017-08-03 20:41","FileTxnLog.java","88706","69510","158216"
"2018-02-02 00:26","FileTxnLog.java","93650","69900","163550"
"2017-06-26 00:07","FileTxnLog.java","88973","69423","158396"
"2013-09-18 12:58","ClientCnxn.java","145633","18701","164334"
"2015-01-31 08:05","ClientCnxn.java","168496","20258","188754"
"2016-05-02 18:15","ClientCnxn.java","174677","20403","195080"
"2014-01-24 07:18","ClientCnxn.java","152395","18731","171126"
"2009-07-17 00:09","ClientCnxn.java","82770","12070","94840"
"2009-05-20 20:48","ClientCnxn.java","69698","11343","81041"
"2019-08-17 17:13","ClientCnxn.java","257710","71594","329304"
"2009-06-25 22:41","ClientCnxn.java","81532","11960","93492"
"2015-05-10 00:27","ClientCnxn.java","171074","20297","191371"
"2009-01-16 00:48","ClientCnxn.java","28248","9717","37965"
"2008-12-22 23:23","ClientCnxn.java","25704","6290","31994"
"2009-01-28 01:15","ClientCnxn.java","28466","9785","38251"
"2017-12-19 19:27","ClientCnxn.java","183775","21172","204947"
"2019-01-31 15:50","ClientCnxn.java","235349","71566","306915"
"2012-08-02 00:24","ClientCnxn.java","132276","17769","150045"
"2019-04-09 15:35","ClientCnxn.java","238545","71572","310117"
"2013-02-03 15:52","ClientCnxn.java","139276","18408","157684"
"2014-12-20 15:29","ClientCnxn.java","168482","20255","188737"
"2008-10-03 15:06","ClientCnxn.java","3592","2439","6031"
"2012-03-15 18:01","ClientCnxn.java","129735","17618","147353"
"2019-11-08 17:30","ClientCnxn.java","263324","71594","334918"
"2017-06-08 17:59","ClientCnxn.java","179453","21140","200593"
"2012-09-09 20:24","ClientCnxn.java","133020","17774","150794"
"2019-01-16 14:21","ClientCnxn.java","233662","71566","305228"
"2019-01-07 14:24","ClientCnxn.java","232512","71566","304078"
"2008-11-19 11:20","ClientCnxn.java","23567","5563","29130"
"2009-06-25 00:59","ClientCnxn.java","81439","11958","93397"
"2019-03-06 03:32","ClientCnxn.java","237473","71572","309045"
"2010-11-11 18:11","ClientCnxn.java","163059","15476","178535"
"2010-11-10 23:36","ClientCnxn.java","163025","15438","178463"
"2011-09-14 07:43","ClientCnxn.java","126798","14796","141594"
"2011-08-19 00:05","ClientCnxn.java","124518","14736","139254"
"2015-02-06 06:17","ClientCnxn.java","168702","20269","188971"
"2019-02-07 11:26","ClientCnxn.java","236014","71566","307580"
"2018-11-05 19:40","ClientCnxn.java","248821","60761","309582"
"2011-04-12 09:14","ClientCnxn.java","123430","15841","139271"
"2010-10-06 18:14","ClientCnxn.java","160026","15157","175183"
"2010-11-30 21:16","ClientCnxn.java","163504","15550","179054"
"2020-05-17 15:13","ClientCnxn.java","272109","72048","344157"
"2018-06-25 12:30","ClientCnxn.java","187354","21225","208579"
"2012-12-19 19:16","ClientCnxn.java","138758","18383","157141"
"2020-03-03 03:12","ClientCnxn.java","269898","72047","341945"
"2018-09-10 11:44","ClientCnxn.java","218605","49291","267896"
"2008-10-22 01:49","ClientCnxn.java","17566","4674","22240"
"2011-09-28 22:17","ClientCnxn.java","127362","17307","144669"
"2015-06-13 02:42","ClientCnxn.java","172569","20330","192899"
"2010-10-21 02:44","ClientCnxn.java","161701","15181","176882"
"2010-08-05 09:09","ClientCnxn.java","126254","14846","141100"
"2011-05-20 01:17","ClientCnxn.java","124279","15871","140150"
"2014-03-23 04:12","ClientCnxn.java","153113","18812","171925"
"2015-11-09 00:05","ClientCnxn.java","174075","20344","194419"
"2015-12-06 19:58","ClientCnxn.java","174383","20347","194730"
"2020-01-21 17:53","ClientCnxn.java","266159","72047","338206"
"2015-12-05 22:43","ClientCnxn.java","174380","20347","194727"
"2015-12-05 22:32","ClientCnxn.java","174375","20347","194722"
"2010-03-04 02:28","ClientCnxn.java","104229","14150","118379"
"2010-01-25 04:28","ClientCnxn.java","101070","14059","115129"
"2019-10-10 14:37","ClientCnxn.java","261463","71594","333057"
"2014-04-01 04:03","ClientCnxn.java","154025","18881","172906"
"2013-09-18 15:14","ClientCnxn.java","145651","18701","164352"
"2013-09-18 04:08","ClientCnxn.java","145547","18701","164248"
"2019-11-21 05:58","ClientCnxn.java","261330","72047","333377"
"2020-04-16 12:50","ClientCnxn.java","271737","72047","343784"
"2018-07-27 05:16","ClientCnxn.java","191470","24189","215659"
"2010-01-26 03:22","ClientCnxn.java","101675","14116","115791"
"2009-10-31 00:09","ClientCnxn.java","88413","13318","101731"
"2009-11-07 01:48","ClientCnxn.java","88985","13485","102470"
"2010-01-05 18:32","ClientCnxn.java","97992","13847","111839"
"2018-09-15 00:08","ZooKeeperServer.java","205138","60773","265911"
"2019-04-12 19:01","ZooKeeperServer.java","239491","103732","343223"
"2019-07-31 19:06","ZooKeeperServer.java","256990","103731","360721"
"2019-09-11 10:27","ZooKeeperServer.java","259039","103731","362770"
"2019-01-14 19:38","ZooKeeperServer.java","232948","103704","336652"
"2019-01-07 15:34","ZooKeeperServer.java","232549","103704","336253"
"2018-11-21 17:56","ZooKeeperServer.java","225746","103704","329450"
"2012-01-31 07:45","ZooKeeperServer.java","104533","20702","125235"
"2017-04-28 07:14","ZooKeeperServer.java","159271","26824","186095"
"2011-08-19 00:05","ZooKeeperServer.java","99429","16184","115613"
"2017-02-12 00:12","ZooKeeperServer.java","158350","26802","185152"
"2014-07-18 02:19","ZooKeeperServer.java","141104","23959","165063"
"2013-12-11 19:22","ZooKeeperServer.java","127228","22245","149473"
"2019-02-13 13:12","ZooKeeperServer.java","236609","103711","340320"
"2012-02-11 00:34","ZooKeeperServer.java","105322","20906","126228"
"2016-11-24 17:18","ZooKeeperServer.java","159551","26227","185778"
"2018-07-19 05:59","ZooKeeperServer.java","174460","34028","208488"
"2018-09-18 01:00","ZooKeeperServer.java","205833","60815","266648"
"2019-03-04 08:07","ZooKeeperServer.java","237185","103710","340895"
"2019-07-08 23:26","ZooKeeperServer.java","246459","103731","350190"
"2019-01-23 14:00","ZooKeeperServer.java","234383","103704","338087"
"2019-02-13 13:19","ZooKeeperServer.java","236895","103711","340606"
"2019-05-14 17:11","ZooKeeperServer.java","242351","103732","346083"
"2013-01-25 02:17","ZooKeeperServer.java","115710","21715","137425"
"2015-07-10 08:19","ZooKeeperServer.java","150360","24228","174588"
"2019-06-04 10:55","ZooKeeperServer.java","243167","103731","346898"
"2011-06-14 07:14","ZooKeeperServer.java","95196","17821","113017"
"2019-04-09 15:35","ZooKeeperServer.java","238519","103710","342229"
"2019-08-03 08:42","ZooKeeperServer.java","258391","103731","362122"
"2019-05-15 11:56","ZooKeeperServer.java","242438","103732","346170"
"2019-05-22 11:39","ZooKeeperServer.java","242884","103732","346616"
"2019-04-22 19:15","ZooKeeperServer.java","240466","103732","344198"
"2018-02-23 23:49","ZooKeeperServer.java","164495","27274","191769"
"2016-11-16 06:21","ZooKeeperServer.java","159396","26093","185489"
"2012-12-19 19:07","ZooKeeperServer.java","114628","21671","136299"
"2017-08-18 06:32","ZooKeeperServer.java","159116","27129","186245"
"2017-06-26 00:16","ZooKeeperServer.java","159048","27069","186117"
"2019-09-10 04:26","ZooKeeperServer.java","258728","103731","362459"
"2019-08-17 17:13","ZooKeeperServer.java","257683","103731","361414"
"2019-09-05 23:12","ZooKeeperServer.java","258602","103731","362333"
"2019-09-10 15:21","ZooKeeperServer.java","258726","103731","362457"
"2009-05-20 20:48","ZooKeeperServer.java","29111","2920","32031"
"2009-06-15 22:52","ZooKeeperServer.java","33249","3875","37124"
"2019-08-01 07:31","ZooKeeperServer.java","258354","103731","362085"
"2019-08-01 07:28","ZooKeeperServer.java","257864","103731","361595"
"2019-06-03 19:40","ZooKeeperServer.java","243014","103731","346745"
"2015-03-17 18:06","ZooKeeperServer.java","147270","24152","171422"
"2019-11-23 17:08","ZooKeeperServer.java","262842","104189","367031"
"2019-10-09 16:49","ZooKeeperServer.java","261269","103731","365000"
"2019-07-03 00:44","ZooKeeperServer.java","245696","103731","349427"
"2018-01-19 01:12","ZooKeeperServer.java","163416","27237","190653"
"2019-07-24 18:00","ZooKeeperServer.java","254138","103731","357869"
"2013-05-16 18:49","ZooKeeperServer.java","120585","22040","142625"
"2018-08-08 06:21","ZooKeeperServer.java","185071","43159","228230"
"2018-05-09 23:57","ZooKeeperServer.java","166043","27317","193360"
"2009-11-07 01:48","ZooKeeperServer.java","51391","8055","59446"
"2009-12-18 03:19","ZooKeeperServer.java","61043","9237","70280"
"2010-01-26 01:17","ZooKeeperServer.java","64759","9503","74262"
"2019-12-27 22:33","ZooKeeperServer.java","266819","104189","371008"
"2016-08-13 15:01","ZooKeeperServer.java","155370","25968","181338"
"2018-09-11 00:17","ZooKeeperServer.java","203583","60767","264350"
"2019-11-18 09:05","ZooKeeperServer.java","261285","104189","365474"
"2019-10-10 14:37","ZooKeeperServer.java","261436","103731","365167"
"2019-09-16 23:26","ZooKeeperServer.java","260702","103731","364433"
"2013-10-08 01:35","ZooKeeperServer.java","123513","22164","145677"
"2017-06-23 18:39","ZooKeeperServer.java","159046","27047","186093"
"2009-08-07 01:23","ZooKeeperServer.java","45456","6089","51545"
"2011-12-28 07:07","ZooKeeperServer.java","104178","20686","124864"
"2019-12-03 10:01","ZooKeeperServer.java","264744","104189","368933"
"2020-03-25 03:38","ZooKeeperServer.java","270926","104189","375115"
"2010-03-12 19:26","ZooKeeperServer.java","77317","12662","89979"
"2019-11-28 12:24","ZooKeeperServer.java","263047","104189","367236"
"2019-11-06 15:21","ZooKeeperServer.java","261652","103731","365383"
"2011-05-20 01:17","ZooKeeperServer.java","94032","17788","111820"
"2010-07-29 23:10","ZooKeeperServer.java","92963","13773","106736"
"2011-09-17 02:36","ZooKeeperServer.java","102121","18860","120981"
"2020-04-12 11:14","ZooKeeperServer.java","271679","104189","375868"
"2011-09-14 08:56","ZooKeeperServer.java","102129","16308","118437"
"2011-08-21 02:53","ZooKeeperServer.java","99457","16184","115641"
"2010-08-18 08:24","ZooKeeperServer.java","98544","14164","112708"
"2013-10-09 22:21","ZooKeeperServer.java","125804","22215","148019"
"2015-03-08 23:07","ZooKeeperServer.java","146215","24145","170360"
"2018-06-08 16:52","ZooKeeperServer.java","166793","27318","194111"
"2018-06-15 07:41","ZooKeeperServer.java","166812","27334","194146"
"2018-07-28 04:37","ZooKeeperServer.java","175047","34039","209086"
"2019-04-18 19:17","ZooKeeperServer.java","240201","103732","343933"
"2012-03-15 17:47","ZooKeeperServer.java","106373","20923","127296"
"2014-03-25 22:13","ZooKeeperServer.java","130379","22379","152758"
"2011-04-12 09:14","ZooKeeperServer.java","93183","17758","110941"
"2019-10-10 14:37","SaslAuthFailTest.java","7470","3717","11187"
"2019-08-17 17:13","QuorumBase.java","30536","25849","56385"
"2019-08-01 07:31","QuorumBase.java","7340","1982","9322"
"2019-10-10 14:37","QuorumBase.java","36740","28300","65040"
"2020-03-25 03:38","QuorumBase.java","53394","35922","89316"
"2019-08-17 17:13","ZooKeeperServerBeanTest.java","51153","30099","81252"
"2014-05-09 23:37","QuorumPeerInstance.java","17807","8309","26116"
"2014-08-14 14:33","QuorumPeerInstance.java","28095","10539","38634"
"2018-07-10 13:29","QuorumPeerInstance.java","71278","32439","103717"
"2018-12-20 07:24","QuorumPeerInstance.java","229768","194158","423926"
"2015-12-06 21:30","QuorumPeerInstance.java","39820","13211","53031"
"2019-07-12 17:01","QuorumPeerInstance.java","251680","194257","445937"
"2014-11-29 16:53","QuorumPeerInstance.java","30867","10690","41557"
"2014-08-14 09:32","QuorumPeerInstance.java","28095","10539","38634"
"2015-05-10 00:27","QuorumPeerInstance.java","34575","11262","45837"
"2017-09-11 18:55","QuorumPeerInstance.java","54521","23283","77804"
"2020-05-03 19:43","Learner.java","3381","2445","5826"
"2015-07-07 07:11","DeleteTest.java","129600","27714","157314"
"2010-04-22 07:42","DeleteTest.java","55038","15595","70633"
"2010-08-17 09:24","DeleteTest.java","73013","16154","89167"
"2011-04-12 09:14","DeleteTest.java","72010","20746","92756"
"2017-06-08 17:51","ClientBase.java","20489","12889","33378"
"2017-04-18 01:37","ClientBase.java","20162","11930","32092"
"2018-09-07 02:49","ClientBase.java","131085","112415","243500"
"2019-07-31 19:06","ClientBase.java","255390","217153","472543"
"2017-09-11 18:55","ClientBase.java","23030","14972","38002"
"2019-08-17 17:13","ClientBase.java","256083","217153","473236"
"2019-06-07 14:13","ClientBase.java","242186","217152","459338"
"2018-04-24 00:20","ClientBase.java","29795","15961","45756"
"2018-08-08 06:21","ClientBase.java","101208","83403","184611"
"2018-05-09 23:57","ClientBase.java","30767","16148","46915"
"2019-06-24 11:05","ClientBase.java","243415","217152","460567"
"2017-01-13 19:29","ClientBase.java","19156","8758","27914"
"2016-06-23 23:25","ClientBase.java","10957","6465","17422"
"2019-11-14 16:44","ClientBase.java","264139","217182","481321"
"2019-10-10 14:37","ClientBase.java","259836","217153","476989"
"2016-08-24 01:36","ClientBase.java","12408","7345","19753"
"2019-08-17 17:13","QuorumPeerConfigTest.java","111485","109882","221367"
"2018-12-15 07:34","QuorumPeerConfigTest.java","61890","87714","149604"
"2019-04-18 19:17","QuorumPeerConfigTest.java","79149","95029","174178"
"2020-05-14 18:18","QuorumPeerConfigTest.java","133656","118188","251844"
"2019-02-06 09:46","ZooKeeper.java","233683","215351","449034"
"2019-01-16 14:21","ZooKeeper.java","231959","215350","447309"
"2017-04-18 02:02","ZooKeeper.java","21914","11981","33895"
"2019-11-08 17:30","ZooKeeper.java","261732","215489","477221"
"2019-02-07 11:26","ZooKeeper.java","234312","215351","449663"
"2017-05-01 17:19","ZooKeeper.java","22057","11997","34054"
"2019-08-17 17:13","ZooKeeper.java","256089","215460","471549"
"2015-06-04 19:51","ZooKeeper.java","4438","1394","5832"
"2016-10-07 21:51","ZooKeeper.java","15778","7683","23461"
"2015-03-17 18:06","ZooKeeper.java","834","124","958"
"2016-05-02 18:15","ZooKeeper.java","11595","6266","17861"
"2019-06-26 10:57","ZooKeeper.java","243938","215459","459397"
"2019-06-03 19:40","ZooKeeper.java","241419","215459","456878"
"2018-05-09 23:57","ZooKeeper.java","32494","16176","48670"
"2019-08-03 08:42","ZooKeeper.java","256797","215460","472257"
"2016-11-13 20:59","ZooKeeper.java","18244","7896","26140"
"2017-07-28 00:36","ZooKeeper.java","23959","14765","38724"
"2017-08-18 23:35","ZooKeeper.java","24542","14863","39405"
"2017-07-04 07:56","ZooKeeper.java","23035","13231","36266"
"2020-04-16 12:50","ZooKeeper.java","271111","216908","488019"
"2018-07-27 05:16","ZooKeeper.java","54267","35931","90198"
"2019-10-10 14:37","ZooKeeper.java","259842","215460","475302"
"2019-02-11 12:34","ZooKeeper.java","234675","215351","450026"
"2020-05-17 15:13","ZooKeeper.java","271510","216936","488446"
"2017-01-09 22:49","ZooKeeper.java","20653","8737","29390"
"2019-03-12 19:08","ZooKeeper.java","236121","215369","451490"
"2019-10-10 14:37","ClientTest.java","261442","99107","360549"
"2009-09-16 02:09","ClientTest.java","53169","7588","60757"
"2019-12-28 16:17","ClientTest.java","266730","99563","366293"
"2009-10-31 00:09","ClientTest.java","56308","8747","65055"
"2009-11-07 01:48","ClientTest.java","56964","8998","65962"
"2010-01-05 18:32","ClientTest.java","66665","10054","76719"
"2010-03-09 03:09","ClientTest.java","81426","13107","94533"
"2014-07-25 01:31","ClientTest.java","146257","24210","170467"
"2009-05-14 22:15","ClientTest.java","35128","4468","39596"
"2017-01-09 22:49","ClientTest.java","164860","26370","191230"
"2010-09-15 07:51","ClientTest.java","131810","14630","146440"
"2011-04-12 09:14","ClientTest.java","98210","18155","116365"
"2014-07-08 20:18","ClientTest.java","141753","24093","165846"
"2017-05-01 17:19","ClientTest.java","163510","26876","190386"
"2018-11-22 17:56","ClientTest.java","226359","99080","325439"
"2013-01-25 02:17","ClientTest.java","120197","22036","142233"
"2017-06-30 22:43","ClientTest.java","163280","27125","190405"
"2009-06-25 00:59","ClientTest.java","48757","6810","55567"
"2019-03-06 03:32","ClientTest.java","237453","99086","336539"
"2012-12-11 08:42","ClientTest.java","117506","21605","139111"
"2012-10-31 19:38","ClientTest.java","114525","21451","135976"
"2009-04-09 23:02","ClientTest.java","9003","3124","12127"
"2009-06-18 18:37","ClientTest.java","40452","5377","45829"
"2019-08-17 17:13","ClientTest.java","257689","99107","356796"
"2019-10-10 14:37","ClientCnxnSocket.java","258601","231577","490178"
"2018-11-22 17:56","ClientCnxnSocket.java","223394","231426","454820"
"2019-08-17 17:13","ClientCnxnSocket.java","254847","231576","486423"
"2018-07-12 01:33","ClientCnxnSocket.java","426","248","674"
"2019-04-09 15:35","ClientCnxnSocket.java","235588","231460","467048"
"2018-12-20 15:13","LocalPeerBean.java","229615","204353","433968"
"2019-11-29 14:49","LocalPeerBean.java","264150","205901","470051"
"2019-08-17 17:13","LocalPeerBean.java","256154","204462","460616"
"2019-11-14 03:54","LocalPeerBean.java","264191","204490","468681"
"2015-08-05 22:16","LocalPeerBean.java","20225","5057","25282"
"2015-12-07 06:06","LocalPeerBean.java","21807","5426","27233"
"2018-07-27 12:32","LocalPeerBean.java","65847","36256","102103"
"2018-06-26 11:18","LocalPeerBean.java","46102","17729","63831"
"2019-08-17 17:13","FollowerRequestProcessor.java","24433","25104","49537"
"2020-03-25 03:38","FollowerRequestProcessor.java","47727","35613","83340"
"2019-10-10 14:37","FollowerRequestProcessor.java","30873","27791","58664"
"2020-05-05 21:20","FollowerRequestProcessor.java","52287","39142","91429"
"2014-02-12 17:00","FileTxnLog.java","36778","14637","51415"
"2013-12-11 01:10","FileTxnLog.java","33692","14436","48128"
"2018-01-19 00:43","FileTxnLog.java","82997","32055","115052"
"2019-12-27 22:33","FileTxnLog.java","266649","180170","446819"
"2019-10-10 14:37","FileTxnLog.java","260518","178964","439482"
"2018-11-12 22:36","FileTxnLog.java","224797","178904","403701"
"2018-08-01 21:19","FileTxnLog.java","106148","50251","156399"
"2018-04-27 20:28","FileTxnLog.java","85055","32263","117318"
"2018-06-08 16:52","FileTxnLog.java","86521","32282","118803"
"2011-11-15 19:30","FileTxnLog.java","4204","6718","10922"
"2014-06-30 19:11","FileTxnLog.java","48098","20898","68996"
"2020-01-28 17:26","FileTxnLog.java","268369","180170","448539"
"2019-05-14 17:11","FileTxnLog.java","241433","178965","420398"
"2019-01-07 14:24","FileTxnLog.java","231536","178905","410441"
"2013-06-28 23:22","FileTxnLog.java","28966","13946","42912"
"2019-04-12 19:01","FileTxnLog.java","238573","178965","417538"
"2017-04-28 07:14","FileTxnLog.java","76837","29626","106463"
"2012-02-06 09:40","FileTxnLog.java","6808","7814","14622"
"2018-09-06 01:11","FileTxnLog.java","171900","114372","286272"
"2018-09-18 01:00","FileTxnLog.java","174220","114438","288658"
"2016-03-20 19:31","FileTxnLog.java","67324","25055","92379"
"2019-08-17 17:13","FileTxnLog.java","256765","178964","435729"
"2019-06-03 19:40","FileTxnLog.java","242096","178964","421060"
"2018-04-24 00:20","FileTxnLog.java","84865","32160","117025"
"2018-02-14 21:23","FileTxnLog.java","83929","32108","116037"
"2019-08-03 08:42","FileTxnLog.java","257473","178964","436437"
"2019-04-09 15:35","FileTxnLog.java","237575","178917","416492"
"2017-08-03 20:41","FileTxnLog.java","77792","31397","109189"
"2018-02-02 00:26","FileTxnLog.java","83006","32057","115063"
"2017-06-26 00:07","FileTxnLog.java","77422","30673","108095"
"2019-07-03 00:44","NIOServerCnxnFactory.java","32391","13151","45542"
"2019-08-17 17:13","NIOServerCnxnFactory.java","67684","36457","104141"
"2019-08-03 08:42","NIOServerCnxnFactory.java","48106","16171","64277"
"2019-04-22 19:15","NIOServerCnxnFactory.java","23262","9253","32515"
"2019-02-13 13:12","NIOServerCnxnFactory.java","18815","8642","27457"
"2019-04-12 19:01","NIOServerCnxnFactory.java","22265","9231","31496"
"2019-10-10 14:37","NIOServerCnxnFactory.java","73411","38431","111842"
"2019-11-14 03:54","NIOServerCnxnFactory.java","77855","38619","116474"
"2019-01-14 19:38","MockServerCnxn.java","188016","191599","379615"
"2018-11-17 18:33","MockServerCnxn.java","174537","185337","359874"
"2019-08-17 17:13","MockServerCnxn.java","212928","191803","404731"
"2019-07-03 00:44","MockServerCnxn.java","200940","191802","392742"
"2019-06-03 19:40","MockServerCnxn.java","198253","191797","390050"
"2019-11-18 09:05","MockServerCnxn.java","218018","193749","411767"
"2019-07-02 07:34","Follower.java","36","80","116"
"2019-08-17 17:13","Follower.java","38871","26858","65729"
"2019-08-06 17:11","Follower.java","16630","3516","20146"
"2019-07-15 14:15","Follower.java","8608","1176","9784"
"2019-08-23 19:43","Follower.java","39539","26860","66399"
"2019-12-27 22:33","Follower.java","55919","35228","91147"
"2019-10-10 14:37","Follower.java","45059","29293","74352"
"2011-04-12 09:14","FLERestartTest.java","30345","19586","49931"
"2010-03-31 06:26","FLERestartTest.java","2961","2714","5675"
"2011-09-17 02:13","FLERestartTest.java","44077","22002","66079"
"2019-10-10 14:37","FLERestartTest.java","260768","167729","428497"
"2019-08-17 17:13","FLERestartTest.java","257015","167729","424744"
"2019-07-12 17:01","FLERestartTest.java","252328","167729","420057"
"2017-09-11 18:55","FLERestartTest.java","112814","41863","154677"
"2019-08-17 17:13","SetQuotaCommand.java","52428","30087","82515"
"2019-12-28 16:17","SetQuotaCommand.java","68886","37960","106846"
"2019-07-17 13:42","SetQuotaCommand.java","24801","6696","31497"
"2018-11-22 17:56","NettyNettySuiteBase.java","224656","217607","442263"
"2016-05-02 18:15","NettyNettySuiteBase.java","8330","5278","13608"
"2019-08-17 17:13","NettyNettySuiteBase.java","256072","217720","473792"
"2019-08-17 17:13","ZooKeeperThread.java","255265","223776","479041"
"2011-11-05 21:57","Learner.java","15548","6853","22401"
"2020-03-19 17:09","Learner.java","269993","181498","451491"
"2013-10-09 22:21","Learner.java","43231","13485","56716"
"2011-09-14 08:56","Learner.java","13461","1483","14944"
"2020-02-03 04:30","Learner.java","268488","181498","449986"
"2020-01-23 13:43","Learner.java","267931","181498","449429"
"2017-07-04 07:39","Learner.java","86182","27813","113995"
"2020-03-25 03:38","Learner.java","270789","181498","452287"
"2015-03-15 08:54","Learner.java","69332","20993","90325"
"2019-11-28 12:24","Learner.java","262910","181498","444408"
"2019-12-27 22:33","Learner.java","266682","181498","448180"
"2020-01-25 18:48","Learner.java","268121","181498","449619"
"2020-05-03 19:43","Learner.java","271725","181498","453223"
"2016-08-13 15:01","Learner.java","79980","24421","104401"
"2013-10-21 23:36","Learner.java","43603","13494","57097"
"2019-10-10 14:37","Learner.java","260659","180400","441059"
"2015-01-25 01:22","Learner.java","68713","20865","89578"
"2019-06-03 19:40","Learner.java","242237","180400","422637"
"2015-03-17 18:06","Learner.java","70359","21084","91443"
"2019-07-15 14:15","Learner.java","252325","180400","432725"
"2019-08-23 19:43","Learner.java","257572","180400","437972"
"2016-09-08 22:59","Learner.java","80415","24608","105023"
"2019-08-17 17:13","Learner.java","256906","180400","437306"
"2017-11-28 00:10","Learner.java","90336","28157","118493"
"2014-03-12 23:57","Learner.java","47440","13807","61247"
"2018-05-09 00:54","Learner.java","92875","28568","121443"
"2019-04-09 15:35","Learner.java","237712","180349","418061"
"2019-07-12 17:01","Learner.java","252219","180400","432619"
"2017-07-06 18:48","Learner.java","86461","27820","114281"
"2013-10-07 21:08","Learner.java","40663","13296","53959"
"2017-08-18 06:32","Learner.java","86055","27911","113966"
"2019-07-02 07:34","Learner.java","244849","180400","425249"
"2018-10-16 16:22","Learner.java","236735","149144","385879"
"2012-01-31 07:45","Learner.java","17743","7755","25498"
"2014-07-18 02:19","Learner.java","63889","20587","84476"
"2017-02-12 00:12","Learner.java","84571","26866","111437"
"2018-12-09 03:16","Learner.java","229498","180334","409832"
"2013-03-07 07:01","Learner.java","37400","12849","50249"
"2019-11-29 14:49","Learner.java","264561","181498","446059"
"2018-11-27 10:02","Learner.java","227174","180334","407508"
"2018-08-06 14:11","Learner.java","113244","45539","158783"
"2019-08-17 17:13","UnifiedServerSocket.java","111485","109882","221367"
"2019-03-11 19:47","UnifiedServerSocket.java","76146","94545","170691"
"2018-11-27 10:02","UnifiedServerSocket.java","58568","86631","145199"
"2018-11-22 17:56","UnifiedServerSocket.java","56761","86461","143222"
"2019-10-10 14:37","UnifiedServerSocket.java","116649","111293","227942"
"2019-10-10 14:37","StandaloneDisabledTest.java","259640","222020","481660"
"2018-05-21 20:11","StandaloneDisabledTest.java","19513","9679","29192"
"2017-03-14 17:06","StandaloneDisabledTest.java","7966","5109","13075"
"2017-02-12 00:34","StandaloneDisabledTest.java","7418","5040","12458"
"2019-06-03 19:40","StandaloneDisabledTest.java","241217","222019","463236"
"2019-08-17 17:13","StandaloneDisabledTest.java","255887","222020","477907"
"2016-11-13 20:59","StandaloneDisabledTest.java","4196","610","4806"
"2013-09-18 12:58","ClientCnxn.java","21206","6391","27597"
"2015-01-31 08:05","ClientCnxn.java","51046","14925","65971"
"2016-05-02 18:15","ClientCnxn.java","61889","19732","81621"
"2014-01-24 07:18","ClientCnxn.java","28643","7096","35739"
"2019-08-17 17:13","ClientCnxn.java","256502","179045","435547"
"2015-05-10 00:27","ClientCnxn.java","53890","15230","69120"
"2017-12-19 19:27","ClientCnxn.java","76125","25639","101764"
"2019-01-31 15:50","ClientCnxn.java","234076","178952","413028"
"2012-08-02 00:24","ClientCnxn.java","5122","2732","7854"
"2019-04-09 15:35","ClientCnxn.java","237285","178971","416256"
"2013-02-03 15:52","ClientCnxn.java","14014","5263","19277"
"2014-12-20 15:29","ClientCnxn.java","51028","14918","65946"
"2019-11-08 17:30","ClientCnxn.java","262144","179073","441217"
"2017-06-08 17:59","ClientCnxn.java","70463","24267","94730"
"2012-09-09 20:24","ClientCnxn.java","6084","2955","9039"
"2019-01-16 14:21","ClientCnxn.java","232389","178952","411341"
"2019-01-07 14:24","ClientCnxn.java","231238","178951","410189"
"2019-03-06 03:32","ClientCnxn.java","236212","178970","415182"
"2015-02-06 06:17","ClientCnxn.java","51327","15011","66338"
"2019-02-07 11:26","ClientCnxn.java","234742","178953","413695"
"2018-11-05 19:40","ClientCnxn.java","235789","159846","395635"
"2020-05-17 15:13","ClientCnxn.java","271761","180359","452120"
"2018-06-25 12:30","ClientCnxn.java","80008","25996","106004"
"2012-12-19 19:16","ClientCnxn.java","12867","4609","17476"
"2020-03-03 03:12","ClientCnxn.java","269547","180355","449902"
"2018-09-10 11:44","ClientCnxn.java","166325","109128","275453"
"2015-06-13 02:42","ClientCnxn.java","55648","15526","71174"
"2014-03-23 04:12","ClientCnxn.java","29560","7376","36936"
"2015-11-09 00:05","ClientCnxn.java","58347","16733","75080"
"2015-12-06 19:58","ClientCnxn.java","58755","16836","75591"
"2020-01-21 17:53","ClientCnxn.java","265808","180355","446163"
"2015-12-05 22:43","ClientCnxn.java","58752","16836","75588"
"2015-12-05 22:32","ClientCnxn.java","58746","16835","75581"
"2019-10-10 14:37","ClientCnxn.java","260255","179045","439300"
"2014-04-01 04:03","ClientCnxn.java","30603","7576","38179"
"2013-09-18 15:14","ClientCnxn.java","21228","6395","27623"
"2013-09-18 04:08","ClientCnxn.java","21116","6387","27503"
"2019-11-21 05:58","ClientCnxn.java","260979","180355","441334"
"2020-04-16 12:50","ClientCnxn.java","271386","180355","451741"
"2018-07-27 05:16","ClientCnxn.java","99299","44135","143434"
"2019-08-17 17:13","ZooTrace.java","255272","226950","482222"
"2019-10-10 14:37","ZooTrace.java","259025","226950","485975"
"2019-07-31 19:06","Commands.java","14394","3074","17468"
"2019-11-29 14:49","Commands.java","53648","35078","88726"
"2019-08-17 17:13","Commands.java","38871","26858","65729"
"2019-07-15 14:15","Commands.java","8608","1176","9784"
"2019-07-25 23:43","Commands.java","10679","2130","12809"
"2019-08-06 01:43","Commands.java","16354","3459","19813"
"2019-12-03 10:01","Commands.java","53688","35072","88760"
"2019-11-20 07:00","Commands.java","49701","34532","84233"
"2019-10-10 14:37","QuorumPeerMain.java","260381","178243","438624"
"2020-01-23 13:43","QuorumPeerMain.java","267865","179553","447418"
"2019-11-28 12:24","QuorumPeerMain.java","262844","179553","442397"
"2013-10-09 22:21","QuorumPeerMain.java","25786","6849","32635"
"2020-02-16 10:25","QuorumPeerMain.java","268578","179553","448131"
"2019-04-18 19:17","QuorumPeerMain.java","239145","178243","417388"
"2019-11-11 13:59","QuorumPeerMain.java","264066","178271","442337"
"2019-04-12 19:01","QuorumPeerMain.java","238435","178243","416678"
"2018-09-11 15:23","QuorumPeerMain.java","168201","109090","277291"
"2017-02-13 22:09","QuorumPeerMain.java","70035","23139","93174"
"2014-07-18 02:19","QuorumPeerMain.java","47038","14545","61583"
"2018-08-06 14:11","QuorumPeerMain.java","101050","44154","145204"
"2012-04-23 01:20","QuorumPeerMain.java","4472","2568","7040"
"2017-07-28 00:36","QuorumPeerMain.java","71714","24764","96478"
"2019-08-17 17:13","QuorumPeerMain.java","256628","178243","434871"
"2015-03-17 18:06","QuorumPeerMain.java","53636","15170","68806"
"2017-11-28 00:10","QuorumPeerMain.java","76655","25285","101940"
"2020-05-17 15:13","ClientCnxn.java","22782","14451","37233"
"2020-03-03 03:12","ClientCnxn.java","16039","9918","25957"
"2020-01-21 17:53","ClientCnxn.java","10115","7733","17848"
"2019-11-21 05:58","ClientCnxn.java","2713","5160","7873"
"2020-04-16 12:50","ClientCnxn.java","18730","10770","29500"
"2019-10-10 14:37","FourLetterWordsTest.java","260045","200493","460538"
"2015-11-08 22:36","FourLetterWordsTest.java","32723","12846","45569"
"2015-07-05 06:05","FourLetterWordsTest.java","31169","12530","43699"
"2015-06-28 21:09","FourLetterWordsTest.java","31097","12528","43625"
"2015-03-28 20:08","FourLetterWordsTest.java","27680","10811","38491"
"2019-08-17 17:13","FourLetterWordsTest.java","256292","200493","456785"
"2019-05-08 21:54","FourLetterWordsTest.java","240778","200477","441255"
"2015-07-10 08:19","FourLetterWordsTest.java","31577","12683","44260"
"2019-11-28 12:24","TraceFormatter.java","14222","9316","23538"
"2019-09-20 10:06","TraceFormatter.java","5302","2439","7741"
"2019-08-17 17:13","MockPacket.java","256360","198306","454666"
"2020-03-25 03:38","ZooKeeperServerBean.java","269571","233224","502795"
"2019-11-14 03:54","ZooKeeperServerBean.java","262906","231335","494241"
"2019-09-16 23:26","ZooKeeperServerBean.java","257868","231287","489155"
"2020-04-30 18:53","ZooKeeperServerBean.java","270532","233285","503817"
"2019-01-23 14:00","ZooKeeperServerBean.java","231428","231139","462567"
"2019-07-08 23:26","ZooKeeperServerBean.java","243623","231285","474908"
"2019-01-14 19:38","ZooKeeperServerBean.java","229991","231137","461128"
"2019-01-07 14:39","ZooKeeperServerBean.java","229538","231137","460675"
"2019-08-17 17:13","ZooKeeperServerBean.java","254848","231286","486134"
"2018-07-12 01:33","ZooKeeperServerBean.java","11401","10932","22333"
"2019-05-22 11:39","ZooKeeperServerBean.java","240030","231268","471298"
"2019-07-30 02:31","ZooKeeperServerBean.java","252769","231286","484055"
"2019-08-17 17:13","ClientCnxn.java","255250","223989","479239"
"2017-12-19 19:27","ClientCnxn.java","7305","3015","10320"
"2019-01-31 15:50","ClientCnxn.java","232799","223871","456670"
"2019-04-09 15:35","ClientCnxn.java","236013","223895","459908"
"2019-11-08 17:30","ClientCnxn.java","260912","224037","484949"
"2019-01-16 14:21","ClientCnxn.java","231112","223871","454983"
"2019-01-07 14:24","ClientCnxn.java","229961","223870","453831"
"2019-03-06 03:32","ClientCnxn.java","234939","223893","458832"
"2019-02-07 11:26","ClientCnxn.java","233465","223872","457337"
"2018-11-05 19:40","ClientCnxn.java","231711","201964","433675"
"2020-05-17 15:13","ClientCnxn.java","270915","225709","496624"
"2018-06-25 12:30","ClientCnxn.java","11557","3741","15298"
"2020-03-03 03:12","ClientCnxn.java","268612","225616","494228"
"2018-09-10 11:44","ClientCnxn.java","113764","102763","216527"
"2020-01-21 17:53","ClientCnxn.java","264873","225616","490489"
"2019-10-10 14:37","ClientCnxn.java","259003","223989","482992"
"2019-11-21 05:58","ClientCnxn.java","260042","225614","485656"
"2020-04-16 12:50","ClientCnxn.java","270512","225677","496189"
"2018-07-27 05:16","ClientCnxn.java","33501","24533","58034"
"2019-02-06 09:46","ZooKeeper.java","233677","216055","449732"
"2019-01-16 14:21","ZooKeeper.java","231953","216054","448007"
"2017-04-18 02:02","ZooKeeper.java","21151","11928","33079"
"2019-11-08 17:30","ZooKeeper.java","261726","216193","477919"
"2019-02-07 11:26","ZooKeeper.java","234306","216055","450361"
"2017-05-01 17:19","ZooKeeper.java","21294","11944","33238"
"2019-08-17 17:13","ZooKeeper.java","256083","216164","472247"
"2015-06-04 19:51","ZooKeeper.java","3613","1279","4892"
"2016-10-07 21:51","ZooKeeper.java","15009","7624","22633"
"2016-05-02 18:15","ZooKeeper.java","10792","6173","16965"
"2019-06-26 10:57","ZooKeeper.java","243932","216163","460095"
"2019-06-03 19:40","ZooKeeper.java","241413","216163","457576"
"2018-05-09 23:57","ZooKeeper.java","31736","16128","47864"
"2019-08-03 08:42","ZooKeeper.java","256791","216164","472955"
"2016-11-13 20:59","ZooKeeper.java","17479","7841","25320"
"2017-07-28 00:36","ZooKeeper.java","23199","14715","37914"
"2017-08-18 23:35","ZooKeeper.java","23782","14813","38595"
"2017-07-04 07:56","ZooKeeper.java","22275","13181","35456"
"2020-04-16 12:50","ZooKeeper.java","271111","217618","488729"
"2018-07-27 05:16","ZooKeeper.java","53566","35940","89506"
"2019-10-10 14:37","ZooKeeper.java","259836","216164","476000"
"2019-02-11 12:34","ZooKeeper.java","234669","216055","450724"
"2020-05-17 15:13","ZooKeeper.java","271510","217646","489156"
"2017-01-09 22:49","ZooKeeper.java","19888","8682","28570"
"2019-03-12 19:08","ZooKeeper.java","236115","216073","452188"
"2019-08-17 17:13","StaticHostProvider.java","256152","207493","463645"
"2018-07-16 05:45","StaticHostProvider.java","61923","35902","97825"
"2017-08-03 20:32","StaticHostProvider.java","33123","15872","48995"
"2017-07-28 00:36","StaticHostProvider.java","33089","15865","48954"
"2015-10-18 19:00","QuorumPeer.java","126395","29836","156231"
"2018-12-20 15:13","QuorumPeer.java","231026","133949","364975"
"2019-05-16 16:25","QuorumPeer.java","242299","133993","376292"
"2018-10-16 16:22","QuorumPeer.java","241551","110437","351988"
"2019-06-14 09:06","QuorumPeer.java","245498","133993","379491"
"2010-03-16 23:25","QuorumPeer.java","47749","13494","61243"
"2018-12-07 12:41","QuorumPeer.java","228040","133949","361989"
"2012-04-23 01:20","QuorumPeer.java","82374","26138","108512"
"2012-07-17 23:19","QuorumPeer.java","83163","26155","109318"
"2019-03-11 19:47","QuorumPeer.java","237462","133957","371419"
"2012-02-27 03:41","QuorumPeer.java","79900","25749","105649"
"2014-07-18 02:19","QuorumPeer.java","116217","29392","145609"
"2019-02-13 13:12","QuorumPeer.java","236411","133958","370369"
"2011-04-29 18:12","QuorumPeer.java","67564","22249","89813"
"2019-04-12 19:01","QuorumPeer.java","239307","133993","373300"
"2018-12-09 03:16","QuorumPeer.java","230114","133949","364063"
"2018-09-11 15:23","QuorumPeer.java","198569","85126","283695"
"2019-11-29 14:49","QuorumPeer.java","264696","134632","399328"
"2013-03-07 07:01","QuorumPeer.java","95155","27081","122236"
"2018-12-15 07:34","QuorumPeer.java","230029","133949","363978"
"2018-11-27 10:02","QuorumPeer.java","227790","133949","361739"
"2018-09-18 01:00","QuorumPeer.java","199870","85172","285042"
"2009-11-18 18:47","QuorumPeer.java","24220","6045","30265"
"2012-02-06 09:40","QuorumPeer.java","79457","25547","105004"
"2019-06-03 19:40","QuorumPeer.java","242831","133993","376824"
"2019-07-15 14:15","QuorumPeer.java","252919","133993","386912"
"2015-03-17 18:06","QuorumPeer.java","122419","29621","152040"
"2019-07-03 00:44","QuorumPeer.java","245513","133993","379506"
"2019-08-17 17:13","QuorumPeer.java","257500","133993","391493"
"2015-06-27 02:03","QuorumPeer.java","125238","29751","154989"
"2009-11-18 20:06","QuorumPeer.java","26648","6139","32787"
"2017-11-28 00:10","QuorumPeer.java","139089","33387","172476"
"2014-01-21 04:50","QuorumPeer.java","102753","27529","130282"
"2014-06-04 22:07","QuorumPeer.java","110091","29066","139157"
"2018-01-30 08:02","QuorumPeer.java","139275","33420","172695"
"2019-05-15 11:56","QuorumPeer.java","242254","133993","376247"
"2019-06-05 00:33","QuorumPeer.java","243221","133993","377214"
"2019-05-20 23:13","QuorumPeer.java","242372","133993","376365"
"2019-06-04 10:55","QuorumPeer.java","242984","133993","376977"
"2019-07-12 17:01","QuorumPeer.java","252813","133993","386806"
"2020-01-09 11:27","QuorumPeer.java","266242","134632","400874"
"2017-02-09 11:40","QuorumPeer.java","136594","32116","168710"
"2011-06-14 07:14","QuorumPeer.java","69253","22323","91576"
"2017-07-06 18:48","QuorumPeer.java","135382","33218","168600"
"2018-10-01 06:11","QuorumPeer.java","202545","85268","287813"
"2015-04-09 20:16","QuorumPeer.java","123485","29624","153109"
"2013-10-07 21:08","QuorumPeer.java","98256","27366","125622"
"2013-09-30 22:20","QuorumPeer.java","97694","27235","124929"
"2018-07-04 17:11","QuorumPeer.java","149846","40430","190276"
"2019-12-17 13:48","QuorumPeer.java","265268","134632","399900"
"2015-12-07 05:59","QuorumPeer.java","127230","29913","157143"
"2020-01-23 13:43","QuorumPeer.java","268066","134632","402698"
"2016-06-23 23:45","QuorumPeer.java","129820","31433","161253"
"2011-05-03 19:57","QuorumPeer.java","67569","22250","89819"
"2016-06-23 23:25","QuorumPeer.java","129712","31433","161145"
"2010-03-09 05:44","QuorumPeer.java","46827","13347","60174"
"2010-03-12 19:26","QuorumPeer.java","47655","13445","61100"
"2014-03-23 04:12","QuorumPeer.java","105107","27663","132770"
"2013-09-26 00:13","QuorumPeer.java","97446","27231","124677"
"2011-06-17 01:34","QuorumPeer.java","69372","22371","91743"
"2011-06-14 14:11","QuorumPeer.java","69278","22321","91599"
"2010-03-10 02:27","QuorumPeer.java","47048","13354","60402"
"2010-03-10 19:52","QuorumPeer.java","47141","13361","60502"
"2014-07-18 20:48","QuorumPeer.java","116685","29401","146086"
"2014-07-04 04:19","QuorumPeer.java","111743","29075","140818"
"2018-12-06 10:56","QuorumPeer.java","227984","133949","361933"
"2014-06-25 15:04","QuorumPeer.java","110590","29068","139658"
"2014-03-28 01:58","QuorumPeer.java","105528","27666","133194"
"2009-10-30 17:19","QuorumPeer.java","16896","5260","22156"
"2009-11-20 23:28","QuorumPeer.java","26977","6189","33166"
"2009-12-18 03:19","QuorumPeer.java","28415","7054","35469"
"2009-12-15 23:23","QuorumPeer.java","27558","6471","34029"
"2013-10-21 23:36","QuorumPeer.java","101080","27448","128528"
"2019-10-10 14:37","QuorumPeer.java","261253","133993","395246"
"2013-11-07 06:41","QuorumPeer.java","101538","27475","129013"
"2017-07-27 23:09","QuorumPeer.java","134404","33226","167630"
"2014-05-18 05:49","QuorumPeer.java","109587","29051","138638"
"2011-10-25 08:09","QuorumPeer.java","76648","25242","101890"
"2014-03-25 22:13","QuorumPeer.java","105344","27664","133008"
"2011-04-12 09:14","QuorumPeer.java","67194","22214","89408"
"2011-11-01 08:15","QuorumPeer.java","76918","25323","102241"
"2011-03-16 19:49","QuorumPeer.java","104971","18518","123489"
"2018-06-26 11:18","QuorumPeer.java","142943","33545","176488"
"2018-07-27 12:32","QuorumPeer.java","155728","45112","200840"
"2019-04-18 19:17","QuorumPeer.java","240017","133993","374010"
"2011-10-27 23:25","QuorumPeer.java","76840","25274","102114"
"2011-08-30 08:37","QuorumPeer.java","75205","20913","96118"
"2011-08-30 08:29","QuorumPeer.java","75193","20913","96106"
"2010-08-18 08:24","QuorumPeer.java","71740","17805","89545"
"2013-10-09 22:21","QuorumPeer.java","100718","27449","128167"
"2016-12-20 14:47","QuorumPeer.java","135399","32056","167455"
"2011-05-20 01:17","QuorumPeer.java","68060","22261","90321"
"2010-05-05 22:32","QuorumPeer.java","51102","16862","67964"
"2017-05-11 16:59","QuorumPeer.java","134473","33176","167649"
"2014-07-03 06:01","QuorumPeer.java","111321","29075","140396"
"2014-08-14 08:08","QuorumPeer.java","117612","29467","147079"
"2014-08-01 07:38","QuorumPeer.java","117191","29467","146658"
"2014-07-20 04:50","QuorumPeer.java","116766","29420","146186"
"2016-06-02 00:59","QuorumPeer.java","129342","31432","160774"
"2020-02-16 10:25","QuorumPeer.java","268779","134632","403411"
"2016-05-02 18:15","WatcherTest.java","162882","21832","184714"
"2009-07-17 00:09","WatcherTest.java","62732","9809","72541"
"2019-08-17 17:13","WatcherTest.java","257706","89367","347073"
"2013-02-19 08:55","WatcherTest.java","125963","18264","144227"
"2008-11-19 11:20","WatcherTest.java","639","412","1051"
"2017-02-16 01:16","WatcherTest.java","167517","22641","190158"
"2011-04-12 09:14","WatcherTest.java","104167","14355","118522"
"2010-07-05 20:20","WatcherTest.java","103225","13078","116303"
"2011-09-17 02:13","WatcherTest.java","112159","15557","127716"
"2009-09-16 02:09","WatcherTest.java","65654","10316","75970"
"2019-09-18 11:20","WatcherTest.java","260618","89367","349985"
"2019-10-10 14:37","QuorumPeerMain.java","260738","187413","448151"
"2020-01-23 13:43","QuorumPeerMain.java","267985","188486","456471"
"2019-11-28 12:24","QuorumPeerMain.java","262964","188486","451450"
"2012-03-06 09:20","QuorumPeerMain.java","25655","21849","47504"
"2013-10-09 22:21","QuorumPeerMain.java","49599","26856","76455"
"2011-09-02 22:50","QuorumPeerMain.java","19807","15629","35436"
"2020-02-16 10:25","QuorumPeerMain.java","268698","188486","457184"
"2019-04-18 19:17","QuorumPeerMain.java","239503","187414","426917"
"2011-04-12 09:14","QuorumPeerMain.java","5707","14662","20369"
"2019-11-11 13:59","QuorumPeerMain.java","264395","187413","451808"
"2019-04-12 19:01","QuorumPeerMain.java","238793","187414","426207"
"2018-09-11 15:23","QuorumPeerMain.java","182393","119476","301869"
"2017-02-13 22:09","QuorumPeerMain.java","90252","39550","129802"
"2014-07-18 02:19","QuorumPeerMain.java","70119","33820","103939"
"2018-08-06 14:11","QuorumPeerMain.java","118619","57917","176536"
"2012-04-23 01:20","QuorumPeerMain.java","29940","24230","54170"
"2017-07-28 00:36","QuorumPeerMain.java","91190","40434","131624"
"2019-08-17 17:13","QuorumPeerMain.java","256985","187413","444398"
"2015-03-17 18:06","QuorumPeerMain.java","76494","34222","110716"
"2017-11-28 00:10","QuorumPeerMain.java","95905","40729","136634"
"2015-06-04 18:26","DataNode.java","158259","20281","178540"
"2009-11-12 23:48","DataNode.java","74340","11488","85828"
"2009-06-18 18:37","DataNode.java","53763","9007","62770"
"2019-08-17 17:13","DataNode.java","257706","89443","347149"
"2015-06-04 19:51","DataNode.java","159028","20339","179367"
"2016-10-07 21:51","DataNode.java","165784","22044","187828"
"2019-01-07 14:24","DataNode.java","232509","89416","321925"
"2009-02-03 06:23","DataNode.java","20456","7115","27571"
"2017-02-05 07:22","DataNode.java","170268","22268","192536"
"2019-07-31 19:06","DataNode.java","257013","89443","346456"
"2011-06-23 18:01","DataNode.java","106287","14456","120743"
"2019-12-27 22:33","DataNode.java","266840","89899","356739"
"2019-08-17 17:13","WatcherOrBitSet.java","174218","158773","332991"
"2019-08-17 17:13","ObserverHierarchicalQuorumTest.java","256932","178405","435337"
"2019-08-17 17:13","RemoveWatchesCommand.java","255887","221853","477740"
"2019-01-31 15:55","RemoveWatchesCommand.java","233428","221735","455163"
"2017-05-27 00:52","RemoveWatchesCommand.java","9371","6695","16066"
"2019-10-10 14:37","QuorumPeerMain.java","260120","196919","457039"
"2020-01-23 13:43","QuorumPeerMain.java","267642","198267","465909"
"2019-11-28 12:24","QuorumPeerMain.java","262621","198267","460888"
"2020-02-16 10:25","QuorumPeerMain.java","268355","198267","466622"
"2019-04-18 19:17","QuorumPeerMain.java","238868","196903","435771"
"2019-11-11 13:59","QuorumPeerMain.java","263805","196947","460752"
"2019-04-12 19:01","QuorumPeerMain.java","238158","196903","435061"
"2018-09-11 15:23","QuorumPeerMain.java","151911","111737","263648"
"2017-02-13 22:09","QuorumPeerMain.java","48560","20601","69161"
"2014-07-18 02:19","QuorumPeerMain.java","23155","9599","32754"
"2018-08-06 14:11","QuorumPeerMain.java","80768","42809","123577"
"2017-07-28 00:36","QuorumPeerMain.java","50887","22874","73761"
"2019-08-17 17:13","QuorumPeerMain.java","256367","196919","453286"
"2015-03-17 18:06","QuorumPeerMain.java","30466","10937","41403"
"2017-11-28 00:10","QuorumPeerMain.java","55949","23516","79465"
"2011-06-21 07:34","FileTxnLog.java","2676","626","3302"
"2014-02-12 17:00","FileTxnLog.java","49357","13802","63159"
"2013-12-11 01:10","FileTxnLog.java","46316","13646","59962"
"2018-01-19 00:43","FileTxnLog.java","92459","28103","120562"
"2019-12-27 22:33","FileTxnLog.java","266704","179499","446203"
"2019-10-10 14:37","FileTxnLog.java","260685","178405","439090"
"2018-11-12 22:36","FileTxnLog.java","224957","178338","403295"
"2018-08-01 21:19","FileTxnLog.java","114548","45237","159785"
"2018-04-27 20:28","FileTxnLog.java","94501","28295","122796"
"2018-06-08 16:52","FileTxnLog.java","95966","28313","124279"
"2011-09-03 01:07","FileTxnLog.java","15277","1863","17140"
"2011-11-15 19:30","FileTxnLog.java","18031","7131","25162"
"2014-06-30 19:11","FileTxnLog.java","60636","20022","80658"
"2020-01-28 17:26","FileTxnLog.java","268424","179499","447923"
"2019-05-14 17:11","FileTxnLog.java","241600","178406","420006"
"2019-01-07 14:24","FileTxnLog.java","231696","178339","410035"
"2013-06-28 23:22","FileTxnLog.java","41662","13228","54890"
"2019-04-12 19:01","FileTxnLog.java","238740","178406","417146"
"2017-04-28 07:14","FileTxnLog.java","87420","26795","114215"
"2012-02-06 09:40","FileTxnLog.java","20421","8013","28434"
"2018-09-06 01:11","FileTxnLog.java","178099","107157","285256"
"2018-09-18 01:00","FileTxnLog.java","180418","107222","287640"
"2016-03-20 19:31","FileTxnLog.java","78341","22658","100999"
"2019-08-17 17:13","FileTxnLog.java","256932","178405","435337"
"2019-06-03 19:40","FileTxnLog.java","242263","178405","420668"
"2018-04-24 00:20","FileTxnLog.java","94311","28192","122503"
"2018-02-14 21:23","FileTxnLog.java","93391","28156","121547"
"2019-08-03 08:42","FileTxnLog.java","257640","178405","436045"
"2019-04-09 15:35","FileTxnLog.java","237738","178354","416092"
"2017-08-03 20:41","FileTxnLog.java","87518","27709","115227"
"2018-02-02 00:26","FileTxnLog.java","92468","28105","120573"
"2017-06-26 00:07","FileTxnLog.java","87784","27621","115405"
"2019-08-17 17:13","AtomicFileOutputStream.java","256464","180755","437219"
"2017-08-10 22:14","AtomicFileOutputStream.java","68080","23438","91518"
"2014-07-04 04:19","AtomicFileOutputStream.java","37420","11760","49180"
"2019-10-10 14:37","AtomicFileOutputStream.java","260217","180755","440972"
"2019-08-17 17:13","Leader.java","256464","180262","436726"
"2019-06-29 00:33","Leader.java","244451","180262","424713"
"2019-06-03 19:40","Leader.java","241795","180262","422057"
"2014-05-20 23:42","Leader.java","35671","11625","47296"
"2019-07-15 14:15","Leader.java","251883","180262","432145"
"2015-03-17 18:06","Leader.java","49644","13361","63005"
"2019-07-25 21:41","Leader.java","252947","180262","433209"
"2018-05-10 06:00","Leader.java","76731","24555","101286"
"2018-07-12 01:33","Leader.java","85615","32506","118121"
"2018-02-07 01:05","Leader.java","74323","24281","98604"
"2017-11-28 00:10","Leader.java","73072","23885","96957"
"2019-06-05 00:33","Leader.java","242185","180262","422447"
"2015-04-10 22:22","Leader.java","50743","13392","64135"
"2019-08-03 08:42","Leader.java","257172","180262","437434"
"2019-06-05 23:57","Leader.java","242454","180262","422716"
"2012-12-08 00:38","Leader.java","6072","1146","7218"
"2013-10-07 21:08","Leader.java","18488","4113","22601"
"2012-12-31 02:38","Leader.java","9062","2015","11077"
"2017-01-13 19:29","Leader.java","67236","19566","86802"
"2019-01-07 14:55","Leader.java","231261","180168","411429"
"2019-04-12 19:01","Leader.java","238255","180246","418501"
"2018-12-09 03:16","Leader.java","229027","180167","409194"
"2018-08-17 14:40","Leader.java","140384","84979","225363"
"2019-11-29 14:49","Leader.java","264333","181574","445907"
"2013-03-07 07:01","Leader.java","14933","3374","18307"
"2018-11-27 10:02","Leader.java","226703","180167","406870"
"2015-02-06 06:17","Leader.java","48246","13185","61431"
"2017-02-15 23:04","Leader.java","66438","21724","88162"
"2014-07-18 02:19","Leader.java","42760","12450","55210"
"2018-08-29 06:26","Leader.java","158215","102602","260817"
"2018-08-03 18:52","Leader.java","97342","42735","140077"
"2013-05-14 14:27","Leader.java","15117","3433","18550"
"2017-09-11 18:55","Leader.java","68897","23567","92464"
"2018-09-18 01:00","Leader.java","165992","107809","273801"
"2016-12-20 14:47","Leader.java","66366","19538","85904"
"2014-07-20 04:50","Leader.java","43362","12531","55893"
"2014-06-10 00:19","Leader.java","36617","11637","48254"
"2016-06-23 23:25","Leader.java","59778","18014","77792"
"2016-06-23 23:45","Leader.java","59885","18013","77898"
"2020-03-25 03:38","Leader.java","270561","181574","452135"
"2014-03-23 04:12","Leader.java","25866","4937","30803"
"2019-12-27 22:33","Leader.java","266454","181574","448028"
"2016-08-13 15:01","Leader.java","61021","18454","79475"
"2013-10-21 23:36","Leader.java","21491","4374","25865"
"2019-10-10 14:37","Leader.java","260217","180262","440479"
"2013-11-07 06:41","Leader.java","22003","4455","26458"
"2019-11-29 14:49","QuorumPeer.java","16330","9773","26103"
"2020-01-09 11:27","QuorumPeer.java","19299","11196","30495"
"2019-12-17 13:48","QuorumPeer.java","16973","9844","26817"
"2020-01-23 13:43","QuorumPeer.java","21704","11777","33481"
"2019-10-10 14:37","QuorumPeer.java","7470","3717","11187"
"2020-02-16 10:25","QuorumPeer.java","22565","11925","34490"
"2019-11-29 14:49","QuorumCnxManager.java","263435","228639","492074"
"2018-07-11 06:04","QuorumCnxManager.java","23573","18596","42169"
"2018-08-06 14:11","QuorumCnxManager.java","36043","29293","65336"
"2018-10-16 16:22","QuorumCnxManager.java","231772","205136","436908"
"2019-06-14 09:06","QuorumCnxManager.java","243262","227025","470287"
"2019-08-03 08:42","QuorumCnxManager.java","255973","227026","482999"
"2019-11-13 20:41","QuorumCnxManager.java","263032","227074","490106"
"2019-04-09 16:08","QuorumCnxManager.java","236027","226932","462959"
"2019-08-06 12:52","QuorumCnxManager.java","256238","227026","483264"
"2019-05-20 23:13","QuorumCnxManager.java","240119","227008","467127"
"2017-08-23 02:16","QuorumCnxManager.java","3771","6467","10238"
"2019-07-27 20:04","QuorumCnxManager.java","251796","227026","478822"
"2020-03-12 14:47","QuorumCnxManager.java","268823","228641","497464"
"2019-08-17 17:13","QuorumCnxManager.java","255265","227026","482291"
"2017-11-28 00:10","QuorumCnxManager.java","8361","7137","15498"
"2019-10-10 14:37","QuorumCnxManager.java","259018","227026","486044"
"2017-06-09 18:37","QuorumCnxManager.java","1653","4645","6298"
"2020-01-23 13:43","QuorumCnxManager.java","266807","228641","495448"
"2019-11-28 12:24","QuorumCnxManager.java","261784","228639","490423"
"2020-03-23 16:20","QuorumCnxManager.java","268994","228641","497635"
"2020-02-16 10:25","QuorumCnxManager.java","267520","228641","496161"
"2018-07-27 12:32","QuorumCnxManager.java","35217","29079","64296"
"2017-11-15 22:33","CommitProcessor.java","178671","20662","199333"
"2019-08-17 17:13","CommitProcessor.java","257710","72747","330457"
"2012-12-08 00:38","CommitProcessor.java","134419","17290","151709"
"2009-01-16 00:48","CommitProcessor.java","25761","8383","34144"
"2009-02-20 01:23","CommitProcessor.java","40336","9351","49687"
"2019-07-30 02:31","CommitProcessor.java","255631","72747","328378"
"2016-05-15 23:31","CommitProcessor.java","173300","19811","193111"
"2019-08-03 08:42","CommitProcessor.java","258418","72747","331165"
"2019-04-09 15:35","CommitProcessor.java","238545","72725","311270"
"2019-04-25 02:11","CommitProcessor.java","241430","72747","314177"
"2019-01-07 14:24","CommitProcessor.java","232512","72719","305231"
"2011-04-12 09:14","CommitProcessor.java","121343","14907","136250"
"2011-10-28 18:37","CommitProcessor.java","124008","16718","140726"
"2015-03-08 23:07","CommitProcessor.java","167119","19681","186800"
"2010-08-18 08:24","CommitProcessor.java","129577","14186","143763"
"2014-07-15 23:54","CommitProcessor.java","159152","19591","178743"
"2014-03-23 04:12","CommitProcessor.java","151318","18186","169504"
"2020-03-25 03:38","CommitProcessor.java","270948","73200","344148"
"2019-10-10 14:37","CommitProcessor.java","261463","72747","334210"
"2019-11-11 13:55","CommitProcessor.java","263418","72747","336165"
"2009-12-03 03:12","CommitProcessor.java","94941","12632","107573"
"2019-12-27 22:33","CommitProcessor.java","266841","73200","340041"
"2019-11-28 12:24","Version.java","261784","228558","490342"
"2020-04-07 15:40","Version.java","270325","228618","498943"
"2018-08-06 14:11","Version.java","36275","29444","65719"
"2019-08-17 17:13","Version.java","255272","226952","482224"
"2019-07-01 15:16","Version.java","243251","226951","470202"
"2019-04-12 21:47","Version.java","237122","226933","464055"
"2017-11-15 22:33","CommitProcessor.java","188718","19155","207873"
"2019-08-17 17:13","CommitProcessor.java","257842","58134","315976"
"2012-12-08 00:38","CommitProcessor.java","144984","16301","161285"
"2009-01-16 00:48","CommitProcessor.java","39341","7218","46559"
"2009-02-20 01:23","CommitProcessor.java","53712","7982","61694"
"2019-07-30 02:31","CommitProcessor.java","255763","58134","313897"
"2016-05-15 23:31","CommitProcessor.java","183701","18658","202359"
"2019-08-03 08:42","CommitProcessor.java","258550","58134","316684"
"2019-04-09 15:35","CommitProcessor.java","238683","58118","296801"
"2008-10-03 15:06","CommitProcessor.java","17086","2341","19427"
"2019-04-25 02:11","CommitProcessor.java","241562","58134","299696"
"2019-01-07 14:24","CommitProcessor.java","232656","58118","290774"
"2011-04-12 09:14","CommitProcessor.java","133947","12766","146713"
"2011-10-28 18:37","CommitProcessor.java","134707","15863","150570"
"2015-03-08 23:07","CommitProcessor.java","177557","18565","196122"
"2010-08-18 08:24","CommitProcessor.java","142314","12178","154492"
"2014-07-15 23:54","CommitProcessor.java","169579","18464","188043"
"2014-03-23 04:12","CommitProcessor.java","161792","17106","178898"
"2020-03-25 03:38","CommitProcessor.java","270948","58455","329403"
"2019-10-10 14:37","CommitProcessor.java","261595","58134","319729"
"2019-11-11 13:55","CommitProcessor.java","263550","58134","321684"
"2009-12-03 03:12","CommitProcessor.java","107878","10824","118702"
"2019-12-27 22:33","CommitProcessor.java","266841","58455","325296"
"2019-02-06 09:46","ZooKeeper.java","233473","220470","453943"
"2019-01-16 14:21","ZooKeeper.java","231749","220469","452218"
"2017-04-18 02:02","ZooKeeper.java","11005","6401","17406"
"2019-11-08 17:30","ZooKeeper.java","261549","220635","482184"
"2019-02-07 11:26","ZooKeeper.java","234102","220470","454572"
"2017-05-01 17:19","ZooKeeper.java","11148","6417","17565"
"2019-08-17 17:13","ZooKeeper.java","255887","220587","476474"
"2016-10-07 21:51","ZooKeeper.java","4439","1673","6112"
"2019-06-26 10:57","ZooKeeper.java","243736","220586","464322"
"2019-06-03 19:40","ZooKeeper.java","241217","220586","461803"
"2018-05-09 23:57","ZooKeeper.java","21678","10689","32367"
"2019-08-03 08:42","ZooKeeper.java","256595","220587","477182"
"2016-11-13 20:59","ZooKeeper.java","6942","1923","8865"
"2017-07-28 00:36","ZooKeeper.java","13062","9197","22259"
"2017-08-18 23:35","ZooKeeper.java","13645","9295","22940"
"2017-07-04 07:56","ZooKeeper.java","12131","7656","19787"
"2020-04-16 12:50","ZooKeeper.java","271041","222167","493208"
"2018-07-27 05:16","ZooKeeper.java","44217","31210","75427"
"2019-10-10 14:37","ZooKeeper.java","259640","220587","480227"
"2019-02-11 12:34","ZooKeeper.java","234465","220470","454935"
"2020-05-17 15:13","ZooKeeper.java","271444","222199","493643"
"2017-01-09 22:49","ZooKeeper.java","9372","2785","12157"
"2019-03-12 19:08","ZooKeeper.java","235914","220491","456405"
"2019-12-28 16:17","SetAclCommand.java","186008","162027","348035"
"2019-01-31 15:55","SetAclCommand.java","149641","156586","306227"
"2019-08-17 17:13","SetAclCommand.java","174218","158822","333040"
"2019-08-17 17:13","DelQuotaCommand.java","254847","231576","486423"
"2019-01-31 15:55","DelQuotaCommand.java","232363","231433","463796"
"2019-08-17 17:13","AdHashTest.java","25455","24762","50217"
"2019-12-27 22:33","AdHashTest.java","42830","33459","76289"
"2019-07-31 19:06","Commands.java","20570","6594","27164"
"2019-11-29 14:49","Commands.java","58918","37692","96610"
"2019-08-17 17:13","Commands.java","44192","29523","73715"
"2019-06-29 00:33","Commands.java","6225","3569","9794"
"2019-07-15 14:15","Commands.java","14821","4733","19554"
"2019-07-25 23:43","Commands.java","16884","5679","22563"
"2019-06-05 12:14","Commands.java","829","302","1131"
"2019-08-06 01:43","Commands.java","22498","6947","29445"
"2019-06-04 10:55","Commands.java","386","233","619"
"2019-12-03 10:01","Commands.java","58958","37686","96644"
"2019-11-20 07:00","Commands.java","54984","37159","92143"
"2013-09-18 12:58","ClientCnxn.java","15654","3968","19622"
"2015-01-31 08:05","ClientCnxn.java","46503","13511","60014"
"2016-05-02 18:15","ClientCnxn.java","57450","18422","75872"
"2014-01-24 07:18","ClientCnxn.java","23156","4738","27894"
"2019-08-17 17:13","ClientCnxn.java","256464","182136","438600"
"2015-05-10 00:27","ClientCnxn.java","49361","13830","63191"
"2017-12-19 19:27","ClientCnxn.java","72062","24705","96767"
"2019-01-31 15:50","ClientCnxn.java","234038","182043","416081"
"2019-04-09 15:35","ClientCnxn.java","237247","182062","419309"
"2013-02-03 15:52","ClientCnxn.java","8015","2393","10408"
"2014-12-20 15:29","ClientCnxn.java","46485","13504","59989"
"2019-11-08 17:30","ClientCnxn.java","262106","182164","444270"
"2017-06-08 17:59","ClientCnxn.java","66377","23310","89687"
"2019-01-16 14:21","ClientCnxn.java","232351","182043","414394"
"2019-01-07 14:24","ClientCnxn.java","231200","182042","413242"
"2019-03-06 03:32","ClientCnxn.java","236174","182061","418235"
"2015-02-06 06:17","ClientCnxn.java","46784","13597","60381"
"2019-02-07 11:26","ClientCnxn.java","234704","182044","416748"
"2018-11-05 19:40","ClientCnxn.java","235751","162937","398688"
"2020-05-17 15:13","ClientCnxn.java","271725","183452","455177"
"2018-06-25 12:30","ClientCnxn.java","75952","25069","101021"
"2012-12-19 19:16","ClientCnxn.java","6859","1730","8589"
"2020-03-03 03:12","ClientCnxn.java","269511","183448","452959"
"2018-09-10 11:44","ClientCnxn.java","162374","108306","270680"
"2015-06-13 02:42","ClientCnxn.java","51136","14143","65279"
"2014-03-23 04:12","ClientCnxn.java","24086","5031","29117"
"2015-11-09 00:05","ClientCnxn.java","53870","15385","69255"
"2015-12-06 19:58","ClientCnxn.java","54281","15491","69772"
"2020-01-21 17:53","ClientCnxn.java","265772","183448","449220"
"2015-12-05 22:43","ClientCnxn.java","54278","15491","69769"
"2015-12-05 22:32","ClientCnxn.java","54272","15490","69762"
"2019-10-10 14:37","ClientCnxn.java","260217","182136","442353"
"2014-04-01 04:03","ClientCnxn.java","25164","5266","30430"
"2013-09-18 15:14","ClientCnxn.java","15676","3972","19648"
"2013-09-18 04:08","ClientCnxn.java","15552","3952","19504"
"2019-11-21 05:58","ClientCnxn.java","260943","183448","444391"
"2020-04-16 12:50","ClientCnxn.java","271350","183448","454798"
"2018-07-27 05:16","ClientCnxn.java","95252","43217","138469"
"2016-05-02 18:15","WatcherTest.java","162622","21799","184421"
"2009-07-17 00:09","WatcherTest.java","62317","9621","71938"
"2019-08-17 17:13","WatcherTest.java","257706","89594","347300"
"2013-02-19 08:55","WatcherTest.java","125667","18195","143862"
"2017-02-16 01:16","WatcherTest.java","167267","22618","189885"
"2011-04-12 09:14","WatcherTest.java","103862","14277","118139"
"2010-07-05 20:20","WatcherTest.java","102842","12922","115764"
"2011-09-17 02:13","WatcherTest.java","111863","15488","127351"
"2009-09-16 02:09","WatcherTest.java","65241","10130","75371"
"2019-09-18 11:20","WatcherTest.java","260618","89594","350212"
"2018-08-08 06:21","LocalSessionTracker.java","103220","83378","186598"
"2019-08-17 17:13","LocalSessionTracker.java","256089","215122","471211"
"2019-08-17 17:13","LeaderRequestProcessor.java","24433","25104","49537"
"2019-10-10 14:37","LeaderRequestProcessor.java","30873","27791","58664"
"2019-08-17 17:13","SessionTrackerTest.java","37963","26739","64702"
"2018-05-10 00:14","QuorumPeerMainTest.java","25944","14083","40027"
"2018-10-05 14:25","QuorumPeerMainTest.java","220397","198862","419259"
"2018-07-17 10:41","QuorumPeerMainTest.java","47464","33956","81420"
"2018-07-27 12:32","QuorumPeerMainTest.java","48104","34085","82189"
"2020-01-23 13:43","QuorumPeerMainTest.java","267399","221352","488751"
"2019-10-10 14:37","QuorumPeerMainTest.java","259674","219801","479475"
"2019-12-28 16:17","QuorumPeerMainTest.java","266056","221351","487407"
"2017-12-16 01:25","QuorumPeerMainTest.java","22863","13714","36577"
"2018-01-19 00:52","QuorumPeerMainTest.java","23023","13761","36784"
"2018-04-30 06:34","QuorumPeerMainTest.java","25296","14066","39362"
"2019-07-25 21:41","QuorumPeerMainTest.java","252404","219801","472205"
"2019-08-17 17:13","QuorumPeerMainTest.java","255921","219801","475722"
"2018-02-23 23:49","QuorumPeerMainTest.java","24151","13847","37998"
"2019-07-02 07:34","QuorumPeerMainTest.java","243863","219800","463663"
"2019-05-20 17:18","QuorumPeerMainTest.java","240694","219783","460477"
"2018-10-16 16:22","QuorumPeerMainTest.java","233382","198865","432247"
"2018-08-29 06:26","QuorumPeerMainTest.java","121068","105537","226605"
"2018-08-03 18:52","QuorumPeerMainTest.java","48777","34252","83029"
"2018-09-11 15:23","QuorumPeerMainTest.java","127633","110787","238420"
"2019-09-30 22:26","ZKClientConfig.java","259252","220587","479839"
"2018-11-05 19:40","ZKClientConfig.java","232930","199144","432074"
"2019-08-17 17:13","ZKClientConfig.java","255887","220587","476474"
"2017-07-28 00:36","ZKClientConfig.java","13062","9197","22259"
"2018-07-27 05:16","ZKClientConfig.java","44217","31210","75427"
"2019-11-22 23:42","ZKClientConfig.java","261962","222165","484127"
"2019-11-04 02:01","ZKClientConfig.java","259845","220635","480480"
"2019-05-14 17:11","SyncRequestProcessor.java","242351","103706","346057"
"2010-03-14 05:01","SyncRequestProcessor.java","77366","12666","90032"
"2019-06-05 00:46","SyncRequestProcessor.java","243543","103705","347248"
"2019-05-22 11:39","SyncRequestProcessor.java","242884","103706","346590"
"2013-09-30 22:20","SyncRequestProcessor.java","122937","22132","145069"
"2019-06-03 19:40","SyncRequestProcessor.java","243014","103705","346719"
"2019-08-17 17:13","SyncRequestProcessor.java","257683","103705","361388"
"2009-06-18 18:37","SyncRequestProcessor.java","34643","4172","38815"
"2009-11-07 08:16","SyncRequestProcessor.java","51448","8062","59510"
"2019-10-10 14:37","SyncRequestProcessor.java","261436","103705","365141"
"2013-10-24 20:41","SyncRequestProcessor.java","126541","22222","148763"
"2020-01-07 20:39","SyncRequestProcessor.java","267194","104163","371357"
"2020-03-25 03:38","SyncRequestProcessor.java","270926","104163","375089"
"2010-08-18 08:24","SyncRequestProcessor.java","98550","14144","112694"
"2015-03-08 23:07","SyncRequestProcessor.java","146221","24125","170346"
"2011-04-12 09:14","SyncRequestProcessor.java","93189","17738","110927"
"2019-04-30 18:08","SyncRequestProcessor.java","241520","103706","345226"
"2015-06-04 18:26","DataNode.java","149674","24228","173902"
"2009-11-12 23:48","DataNode.java","58134","8623","66757"
"2009-06-18 18:37","DataNode.java","35900","4485","40385"
"2019-08-17 17:13","DataNode.java","257687","102765","360452"
"2015-06-04 19:51","DataNode.java","150432","24275","174707"
"2016-10-07 21:51","DataNode.java","157350","26142","183492"
"2019-01-07 14:24","DataNode.java","232490","102738","335228"
"2017-02-05 07:22","DataNode.java","161850","26382","188232"
"2019-07-31 19:06","DataNode.java","256994","102765","359759"
"2011-06-23 18:01","DataNode.java","96606","18116","114722"
"2019-12-27 22:33","DataNode.java","266823","103223","370046"
"2019-06-04 10:55","Gauge.java","198406","192094","390500"
"2019-08-17 17:13","Gauge.java","212928","192100","405028"
"2019-08-17 17:13","CommandResponseTest.java","255966","218914","474880"
"2020-02-16 10:25","LearnerTest.java","268177","216682","484859"
"2020-01-28 17:26","LearnerTest.java","267935","216682","484617"
"2015-12-06 21:30","LearnerTest.java","8379","3025","11404"
"2019-08-17 17:13","LearnerTest.java","256089","215234","471323"
"2019-07-12 17:01","LearnerTest.java","251402","215234","466636"
"2019-02-13 13:12","LearnerTest.java","234945","215144","450089"
"2019-11-29 14:49","LearnerTest.java","264092","216680","480772"
"2019-07-31 19:06","Commands.java","5798","1910","7708"
"2019-11-29 14:49","Commands.java","45214","34076","79290"
"2019-08-17 17:13","Commands.java","30409","25828","56237"
"2019-07-25 23:43","Commands.java","2083","966","3049"
"2019-08-06 01:43","Commands.java","7760","2297","10057"
"2019-12-03 10:01","Commands.java","45254","34070","79324"
"2019-11-20 07:00","Commands.java","41251","33514","74765"
"2012-04-23 01:20","HierarchicalQuorumTest.java","65566","27414","92980"
"2014-06-04 22:07","HierarchicalQuorumTest.java","94175","31234","125409"
"2019-08-17 17:13","HierarchicalQuorumTest.java","257187","154189","411376"
"2019-07-12 17:01","HierarchicalQuorumTest.java","252500","154189","406689"
"2010-03-13 01:06","HierarchicalQuorumTest.java","24575","10863","35438"
"2019-10-10 14:37","HierarchicalQuorumTest.java","260940","154189","415129"
"2018-06-26 11:18","HierarchicalQuorumTest.java","127800","36486","164286"
"2011-04-12 09:14","HierarchicalQuorumTest.java","46141","21670","67811"
"2017-05-11 16:59","HierarchicalQuorumTest.java","119193","35980","155173"
"2010-05-05 22:32","HierarchicalQuorumTest.java","28701","14970","43671"
"2010-03-31 06:26","HierarchicalQuorumTest.java","26483","12524","39007"
"2019-07-31 19:06","ClientBase.java","19453","6250","25703"
"2019-08-17 17:13","ClientBase.java","43284","29388","72672"
"2019-06-24 11:05","ClientBase.java","3279","2050","5329"
"2019-11-14 16:44","ClientBase.java","53999","32076","86075"
"2019-10-10 14:37","ClientBase.java","49445","31796","81241"
"2017-02-12 00:34","ReconfigDuringLeaderSyncTest.java","6857","4959","11816"
"2019-08-17 17:13","ReconfigDuringLeaderSyncTest.java","255885","222498","478383"
"2016-11-13 20:59","ReconfigDuringLeaderSyncTest.java","3604","498","4102"
"2020-01-25 18:48","ReconfigDuringLeaderSyncTest.java","267583","224079","491662"
"2017-07-27 23:09","ReconfigDuringLeaderSyncTest.java","9736","7888","17624"
"2019-08-17 17:13","Follower.java","23743","24844","48587"
"2019-08-23 19:43","Follower.java","24412","24847","49259"
"2019-12-27 22:33","Follower.java","41248","33671","74919"
"2019-10-10 14:37","Follower.java","30296","27644","57940"
"2019-12-17 13:48","Zab1_0Test.java","264009","228145","492154"
"2019-12-27 22:33","Zab1_0Test.java","265559","228146","493705"
"2019-10-10 14:37","Zab1_0Test.java","259029","226541","485570"
"2019-08-17 17:13","Zab1_0Test.java","255276","226541","481817"
"2019-06-03 19:40","Zab1_0Test.java","240606","226540","467146"
"2018-05-10 06:00","Zab1_0Test.java","13142","8433","21575"
"2017-11-28 00:10","Zab1_0Test.java","9159","7439","16598"
"2017-08-18 06:32","Zab1_0Test.java","4418","6733","11151"
"2017-02-12 00:12","Zab1_0Test.java","884","3638","4522"
"2017-07-28 00:36","JRecord.java","5356","7078","12434"
"2019-06-20 20:25","JRecord.java","242594","225562","468156"
"2019-07-29 17:15","JRecord.java","252876","225563","478439"
"2017-09-11 18:55","JRecord.java","6182","7341","13523"
"2016-11-25 07:08","JRecord.java","98","105","203"
"2020-04-07 17:00","JRecord.java","270328","227227","497555"
"2019-08-17 17:13","NioNettySuiteTest.java","256985","187413","444398"
"2020-01-30 09:43","PurgeTxnLog.java","267351","225442","492793"
"2019-08-17 17:13","PurgeTxnLog.java","255234","223799","479033"
"2019-10-10 14:37","PurgeTxnLog.java","258987","223799","482786"
"2019-11-28 12:24","PurgeTxnLog.java","261781","225440","487221"
"2019-11-14 03:54","ZooKeeperServerMXBean.java","8742","3752","12494"
"2020-03-25 03:38","ZooKeeperServerMXBean.java","21686","11920","33606"
"2019-10-10 14:37","DuplicateLocalSessionUpgradeTest.java","7470","3717","11187"
"2019-12-27 22:33","TxnLogToolkit.java","15068","9253","24321"
"2019-11-28 12:24","TxnLogToolkit.java","10591","8548","19139"
"2019-04-12 19:01","ZooKeeperServer.java","1347","397","1744"
"2019-07-31 19:06","ZooKeeperServer.java","26039","7589","33628"
"2019-09-11 10:27","ZooKeeperServer.java","51612","31113","82725"
"2019-07-08 23:26","ZooKeeperServer.java","12761","4842","17603"
"2019-05-14 17:11","ZooKeeperServer.java","4619","809","5428"
"2019-06-04 10:55","ZooKeeperServer.java","5939","1312","7251"
"2019-08-03 08:42","ZooKeeperServer.java","27789","7938","35727"
"2019-05-15 11:56","ZooKeeperServer.java","4779","882","5661"
"2019-05-22 11:39","ZooKeeperServer.java","5310","967","6277"
"2019-04-22 19:15","ZooKeeperServer.java","2343","418","2761"
"2019-09-10 04:26","ZooKeeperServer.java","51259","31071","82330"
"2019-08-17 17:13","ZooKeeperServer.java","48965","29822","78787"
"2019-09-05 23:12","ZooKeeperServer.java","51099","31037","82136"
"2019-09-10 15:21","ZooKeeperServer.java","51267","31081","82348"
"2019-08-01 07:31","ZooKeeperServer.java","27483","7669","35152"
"2019-08-01 07:28","ZooKeeperServer.java","26920","7596","34516"
"2019-06-03 19:40","ZooKeeperServer.java","5644","1170","6814"
"2019-11-23 17:08","ZooKeeperServer.java","61083","37239","98322"
"2019-10-09 16:49","ZooKeeperServer.java","54174","31445","85619"
"2019-07-03 00:44","ZooKeeperServer.java","11915","4759","16674"
"2019-07-24 18:00","ZooKeeperServer.java","21762","6164","27926"
"2019-12-27 22:33","ZooKeeperServer.java","65531","37710","103241"
"2019-11-18 09:05","ZooKeeperServer.java","59332","37045","96377"
"2019-10-10 14:37","ZooKeeperServer.java","54806","31910","86716"
"2019-09-16 23:26","ZooKeeperServer.java","53275","31113","84388"
"2019-12-03 10:01","ZooKeeperServer.java","63316","37570","100886"
"2020-03-25 03:38","ZooKeeperServer.java","71242","39314","110556"
"2019-11-28 12:24","ZooKeeperServer.java","61344","37295","98639"
"2019-11-06 15:21","ZooKeeperServer.java","55158","32046","87204"
"2020-04-12 11:14","ZooKeeperServer.java","72584","39903","112487"
"2019-04-18 19:17","ZooKeeperServer.java","2078","418","2496"
"2019-08-17 17:13","AvgMinMaxPercentileCounter.java","47813","29620","77433"
"2019-08-17 17:13","ZooKeeperCriticalThread.java","254163","232674","486837"
"2019-04-12 19:01","ZooKeeperCriticalThread.java","235932","232636","468568"
"2019-09-11 10:27","ZooKeeperServer.java","27164","26516","53680"
"2019-09-10 04:26","ZooKeeperServer.java","26611","26274","52885"
"2019-08-17 17:13","ZooKeeperServer.java","24190","24898","49088"
"2019-09-05 23:12","ZooKeeperServer.java","26450","26239","52689"
"2019-09-10 15:21","ZooKeeperServer.java","26811","26476","53287"
"2019-11-23 17:08","ZooKeeperServer.java","37084","33091","70175"
"2019-10-09 16:49","ZooKeeperServer.java","29967","27089","57056"
"2019-12-27 22:33","ZooKeeperServer.java","41627","33657","75284"
"2019-11-18 09:05","ZooKeeperServer.java","35320","32884","68204"
"2019-10-10 14:37","ZooKeeperServer.java","30687","27642","58329"
"2019-09-16 23:26","ZooKeeperServer.java","29036","26725","55761"
"2019-12-03 10:01","ZooKeeperServer.java","39359","33464","72823"
"2020-03-25 03:38","ZooKeeperServer.java","47565","35488","83053"
"2019-11-28 12:24","ZooKeeperServer.java","37347","33149","70496"
"2019-11-06 15:21","ZooKeeperServer.java","31043","27782","58825"
"2020-04-12 11:14","ZooKeeperServer.java","48947","36117","85064"
"2019-08-17 17:13","TestByteBufAllocatorTestHelper.java","67761","36458","104219"
"2019-08-17 17:13","NettyServerCnxn.java","38727","26740","65467"
"2019-11-23 17:08","NettyServerCnxn.java","51297","34609","85906"
"2019-07-23 15:55","NettyServerCnxn.java","9404","1409","10813"
"2019-08-03 08:42","NettyServerCnxn.java","15997","3302","19299"
"2019-11-18 09:05","NettyServerCnxn.java","49545","34414","83959"
"2019-11-21 05:58","NettyServerCnxn.java","49578","34424","84002"
"2019-09-16 23:26","NettyServerCnxn.java","43333","28327","71660"
"2019-10-10 14:37","NettyServerCnxn.java","44915","29175","74090"
"2019-10-10 14:37","SaslQuorumAuthServer.java","7470","3717","11187"
"2013-05-11 14:51","FLETest.java","25648","10505","36153"
"2019-10-10 14:37","FLETest.java","260503","177002","437505"
"2013-10-21 23:36","FLETest.java","31936","11273","43209"
"2013-10-02 20:19","FLETest.java","28610","11058","39668"
"2014-06-25 15:04","FLETest.java","46359","17806","64165"
"2016-06-02 00:59","FLETest.java","68431","23490","91921"
"2011-12-23 20:46","FLETest.java","4522","4397","8919"
"2017-09-11 18:55","FLETest.java","77503","28627","106130"
"2012-04-23 01:20","FLETest.java","10821","7554","18375"
"2019-08-17 17:13","FLETest.java","256750","177002","433752"
"2019-10-10 14:37","ClientTest.java","261641","48047","309688"
"2009-09-16 02:09","ClientTest.java","106774","9934","116708"
"2019-12-28 16:17","ClientTest.java","266748","48322","315070"
"2009-10-31 00:09","ClientTest.java","109550","10730","120280"
"2009-11-07 01:48","ClientTest.java","110095","10870","120965"
"2010-01-05 18:32","ClientTest.java","119038","11168","130206"
"2010-03-09 03:09","ClientTest.java","131011","11433","142444"
"2014-07-25 01:31","ClientTest.java","183234","18298","201532"
"2009-05-14 22:15","ClientTest.java","91060","9141","100201"
"2009-01-31 00:01","ClientTest.java","59290","8031","67321"
"2017-01-09 22:49","ClientTest.java","200035","18656","218691"
"2010-09-15 07:51","ClientTest.java","180601","12162","192763"
"2011-04-12 09:14","ClientTest.java","144025","12711","156736"
"2014-07-08 20:18","ClientTest.java","178803","18254","197057"
"2017-05-01 17:19","ClientTest.java","198208","18685","216893"
"2008-08-16 00:02","ClientTest.java","11070","1392","12462"
"2018-11-22 17:56","ClientTest.java","226570","48032","274602"
"2008-09-05 16:39","ClientTest.java","11852","1591","13443"
"2013-01-25 02:17","ClientTest.java","157561","16511","174072"
"2017-06-30 22:43","ClientTest.java","197834","18790","216624"
"2009-06-25 00:59","ClientTest.java","102935","9729","112664"
"2019-03-06 03:32","ClientTest.java","237658","48032","285690"
"2008-12-22 23:23","ClientTest.java","48029","4890","52919"
"2012-12-11 08:42","ClientTest.java","154888","16098","170986"
"2012-10-31 19:38","ClientTest.java","151880","15917","167797"
"2009-04-09 23:02","ClientTest.java","66010","8872","74882"
"2009-06-18 18:37","ClientTest.java","95846","9512","105358"
"2019-08-17 17:13","ClientTest.java","257888","48047","305935"
"2018-10-16 16:22","QuorumPeerConfig.java","233540","195224","428764"
"2018-12-09 03:16","QuorumPeerConfig.java","228629","216052","444681"
"2019-04-12 19:01","QuorumPeerConfig.java","237873","216147","454020"
"2018-09-11 15:23","QuorumPeerConfig.java","132990","112345","245335"
"2018-12-15 07:34","QuorumPeerConfig.java","228544","216052","444596"
"2019-02-13 13:12","QuorumPeerConfig.java","234939","216074","451013"
"2019-08-17 17:13","QuorumPeerConfig.java","256083","216164","472247"
"2017-11-28 00:10","QuorumPeerConfig.java","28317","15413","43730"
"2019-06-05 00:29","QuorumPeerConfig.java","241749","216163","457912"
"2020-01-09 11:27","QuorumPeerConfig.java","265640","217618","483258"
"2019-07-12 17:01","QuorumPeerConfig.java","251396","216164","467560"
"2016-11-13 20:59","QuorumPeerConfig.java","17479","7841","25320"
"2019-05-15 11:56","QuorumPeerConfig.java","240820","216147","456967"
"2018-10-01 06:11","QuorumPeerConfig.java","137623","113144","250767"
"2017-07-28 00:36","QuorumPeerConfig.java","23199","14715","37914"
"2017-07-06 18:48","QuorumPeerConfig.java","22549","13183","35732"
"2020-01-23 13:43","QuorumPeerConfig.java","267464","217618","485082"
"2016-06-23 19:42","QuorumPeerConfig.java","11667","6461","18128"
"2015-09-06 20:02","QuorumPeerConfig.java","6067","2555","8622"
"2015-09-29 03:56","QuorumPeerConfig.java","6295","2602","8897"
"2019-10-10 14:37","QuorumPeerConfig.java","259836","216164","476000"
"2018-07-27 12:32","QuorumPeerConfig.java","53791","35973","89764"
"2019-04-18 19:17","QuorumPeerConfig.java","238583","216147","454730"
"2016-11-03 16:07","QuorumPeerConfig.java","15610","7641","23251"
"2020-02-16 10:25","QuorumPeerConfig.java","268177","217618","485795"
"2020-05-14 18:18","QuorumPeerConfig.java","271430","217646","489076"
"2017-05-11 16:59","QuorumPeerConfig.java","21345","12846","34191"
"2014-11-29 16:53","RandomAccessFileReader.java","70144","20862","91006"
"2019-08-17 17:13","ClientRetryTest.java","257015","167976","424991"
"2015-05-10 23:29","ClientRetryTest.java","98398","35591","133989"
"2019-08-17 17:13","QuorumServerTest.java","255921","219763","475684"
"2019-05-16 16:25","QuorumServerTest.java","240702","219745","460447"
"2020-02-16 10:25","QuorumServerTest.java","268112","221314","489426"
"2019-07-31 19:06","ZooKeeperServer.java","21463","6910","28373"
"2019-09-11 10:27","ZooKeeperServer.java","47671","31069","78740"
"2019-07-08 23:26","ZooKeeperServer.java","8127","4105","12232"
"2019-06-04 10:55","ZooKeeperServer.java","1284","554","1838"
"2019-08-03 08:42","ZooKeeperServer.java","23214","7260","30474"
"2019-05-22 11:39","ZooKeeperServer.java","550","104","654"
"2019-09-10 04:26","ZooKeeperServer.java","47318","31027","78345"
"2019-08-17 17:13","ZooKeeperServer.java","44957","29711","74668"
"2019-09-05 23:12","ZooKeeperServer.java","47157","30992","78149"
"2019-09-10 15:21","ZooKeeperServer.java","47326","31037","78363"
"2019-08-01 07:31","ZooKeeperServer.java","22908","6991","29899"
"2019-08-01 07:28","ZooKeeperServer.java","22344","6917","29261"
"2019-06-03 19:40","ZooKeeperServer.java","907","330","1237"
"2019-11-23 17:08","ZooKeeperServer.java","57465","37518","94983"
"2019-10-09 16:49","ZooKeeperServer.java","50455","31623","82078"
"2019-07-03 00:44","ZooKeeperServer.java","7278","4019","11297"
"2019-07-24 18:00","ZooKeeperServer.java","17130","5429","22559"
"2019-12-27 22:33","ZooKeeperServer.java","61926","38002","99928"
"2019-11-18 09:05","ZooKeeperServer.java","55713","37323","93036"
"2019-10-10 14:37","ZooKeeperServer.java","51093","32094","83187"
"2019-09-16 23:26","ZooKeeperServer.java","49536","31271","80807"
"2019-12-03 10:01","ZooKeeperServer.java","59697","37848","97545"
"2020-03-25 03:38","ZooKeeperServer.java","67664","39633","107297"
"2019-11-28 12:24","ZooKeeperServer.java","57726","37574","95300"
"2019-11-06 15:21","ZooKeeperServer.java","51448","32233","83681"
"2020-04-12 11:14","ZooKeeperServer.java","69011","40227","109238"
"2019-08-17 17:13","QuorumAuthServer.java","255079","228064","483143"
"2011-04-12 09:14","FilterParser.java","14937","15099","30036"
"2019-11-08 17:30","ZooKeeper.java","47271","29507","76778"
"2019-08-17 17:13","ZooKeeper.java","39048","26898","65946"
"2019-08-03 08:42","ZooKeeper.java","16352","3494","19846"
"2020-04-16 12:50","ZooKeeper.java","63317","37593","100910"
"2019-10-10 14:37","ZooKeeper.java","45236","29333","74569"
"2020-05-17 15:13","ZooKeeper.java","66975","40880","107855"
"2019-06-20 20:25","JRecord.java","242504","224313","466817"
"2019-07-29 17:15","JRecord.java","252786","224314","477100"
"2020-04-07 17:00","JRecord.java","270297","226037","496334"
"2019-11-08 17:30","ZooKeeper.java","52381","32098","84479"
"2019-08-17 17:13","ZooKeeper.java","44192","29523","73715"
"2019-06-26 10:57","ZooKeeper.java","6028","3509","9537"
"2019-08-03 08:42","ZooKeeper.java","22321","6944","29265"
"2020-04-16 12:50","ZooKeeper.java","68370","40127","108497"
"2019-10-10 14:37","ZooKeeper.java","50347","31925","82272"
"2020-05-17 15:13","ZooKeeper.java","72025","43411","115436"
"2019-11-29 14:49","QuorumCnxManager.java","59517","37832","97349"
"2019-06-14 09:06","QuorumCnxManager.java","4257","1131","5388"
"2019-08-03 08:42","QuorumCnxManager.java","23011","7175","30186"
"2019-11-13 20:41","QuorumCnxManager.java","55191","32344","87535"
"2019-08-06 12:52","QuorumCnxManager.java","23299","7198","30497"
"2019-07-27 20:04","QuorumCnxManager.java","17578","5919","23497"
"2020-03-12 14:47","QuorumCnxManager.java","66611","39540","106151"
"2019-08-17 17:13","QuorumCnxManager.java","44815","29687","74502"
"2019-10-10 14:37","QuorumCnxManager.java","50951","32070","83021"
"2020-01-23 13:43","QuorumCnxManager.java","64374","39319","103693"
"2019-11-28 12:24","QuorumCnxManager.java","57586","37552","95138"
"2020-03-23 16:20","QuorumCnxManager.java","66841","39599","106440"
"2020-02-16 10:25","QuorumCnxManager.java","65219","39451","104670"
"2017-07-28 00:36","JRecord.java","5258","6973","12231"
"2019-06-20 20:25","JRecord.java","242594","225555","468149"
"2019-07-29 17:15","JRecord.java","252876","225556","478432"
"2017-09-11 18:55","JRecord.java","6084","7236","13320"
"2020-04-07 17:00","JRecord.java","270328","227220","497548"
"2014-02-12 17:00","FileTxnLog.java","33166","8511","41677"
"2013-12-11 01:10","FileTxnLog.java","30073","8303","38376"
"2018-01-19 00:43","FileTxnLog.java","79954","26498","106452"
"2019-12-27 22:33","FileTxnLog.java","266642","177649","444291"
"2019-10-10 14:37","FileTxnLog.java","260412","176344","436756"
"2018-11-12 22:36","FileTxnLog.java","224673","176266","400939"
"2018-08-01 21:19","FileTxnLog.java","103221","44810","148031"
"2018-04-27 20:28","FileTxnLog.java","82012","26706","108718"
"2018-06-08 16:52","FileTxnLog.java","83532","26779","110311"
"2014-06-30 19:11","FileTxnLog.java","44726","15012","59738"
"2020-01-28 17:26","FileTxnLog.java","268362","177649","446011"
"2019-05-14 17:11","FileTxnLog.java","241326","176344","417670"
"2019-01-07 14:24","FileTxnLog.java","231412","176267","407679"
"2013-06-28 23:22","FileTxnLog.java","25276","7742","33018"
"2019-04-12 19:01","FileTxnLog.java","238466","176344","414810"
"2017-04-28 07:14","FileTxnLog.java","73849","24124","97973"
"2012-02-06 09:40","FileTxnLog.java","2699","1191","3890"
"2018-09-06 01:11","FileTxnLog.java","169032","108990","278022"
"2018-09-18 01:00","FileTxnLog.java","171351","109055","280406"
"2016-03-20 19:31","FileTxnLog.java","64108","19325","83433"
"2019-08-17 17:13","FileTxnLog.java","256659","176344","433003"
"2019-06-03 19:40","FileTxnLog.java","241990","176344","418334"
"2018-04-24 00:20","FileTxnLog.java","81821","26602","108423"
"2018-02-14 21:23","FileTxnLog.java","80894","26559","107453"
"2019-08-03 08:42","FileTxnLog.java","257367","176344","433711"
"2019-04-09 15:35","FileTxnLog.java","237459","176287","413746"
"2017-08-03 20:41","FileTxnLog.java","74662","25753","100415"
"2018-02-02 00:26","FileTxnLog.java","79963","26500","106463"
"2017-06-26 00:07","FileTxnLog.java","74478","25215","99693"
"2011-04-12 09:14","QuorumVerifier.java","83159","17973","101132"
"2013-03-07 07:01","QuorumVerifier.java","110655","22438","133093"
"2012-04-23 01:20","QuorumVerifier.java","97889","21510","119399"
"2009-08-04 00:28","QuorumVerifier.java","33461","4875","38336"
"2019-08-17 17:13","QuorumVerifier.java","257558","113845","371403"
"2019-08-17 17:13","Counter.java","212928","192100","405028"
"2019-04-12 19:01","Counter.java","194686","192051","386737"
"2019-08-17 17:13","Follower.java","30409","25828","56237"
"2019-08-06 17:11","Follower.java","8036","2354","10390"
"2019-08-23 19:43","Follower.java","31077","25830","56907"
"2019-12-27 22:33","Follower.java","47485","34226","81711"
"2019-10-10 14:37","Follower.java","36613","28279","64892"
"2019-11-11 13:59","DigestAuthenticationProvider.java","11345","3935","15280"
"2019-08-17 17:13","NIOServerCnxnTest.java","38727","26740","65467"
"2015-02-06 06:17","PrepRequestProcessor.java","2281","342","2623"
"2019-02-07 11:26","PrepRequestProcessor.java","234329","212917","447246"
"2019-09-11 10:27","PrepRequestProcessor.java","257461","213025","470486"
"2018-07-19 05:59","PrepRequestProcessor.java","56657","36182","92839"
"2017-09-11 18:55","PrepRequestProcessor.java","27555","15347","42902"
"2019-01-16 14:21","PrepRequestProcessor.java","231976","212916","444892"
"2017-06-01 05:45","PrepRequestProcessor.java","24991","13247","38238"
"2019-11-08 17:30","PrepRequestProcessor.java","261748","213054","474802"
"2016-11-13 20:59","PrepRequestProcessor.java","21087","8288","29375"
"2019-04-09 15:35","PrepRequestProcessor.java","236874","212937","449811"
"2019-04-17 14:16","PrepRequestProcessor.java","238161","213009","451170"
"2019-05-10 12:22","PrepRequestProcessor.java","240596","213009","453605"
"2017-06-26 00:16","PrepRequestProcessor.java","25571","13549","39120"
"2019-02-07 11:22","PrepRequestProcessor.java","233991","212917","446908"
"2016-11-16 06:21","PrepRequestProcessor.java","21671","8325","29996"
"2019-08-01 07:31","PrepRequestProcessor.java","256776","213025","469801"
"2019-06-26 10:57","PrepRequestProcessor.java","243955","213025","456980"
"2015-05-29 19:45","PrepRequestProcessor.java","6434","1704","8138"
"2016-10-07 21:51","PrepRequestProcessor.java","18623","8077","26700"
"2015-06-04 19:51","PrepRequestProcessor.java","7343","1848","9191"
"2019-08-17 17:13","PrepRequestProcessor.java","256105","213025","469130"
"2018-08-08 06:21","PrepRequestProcessor.java","105595","83640","189235"
"2018-05-09 23:57","PrepRequestProcessor.java","35265","16496","51761"
"2015-06-11 20:09","PrepRequestProcessor.java","7501","1880","9381"
"2019-12-27 22:33","PrepRequestProcessor.java","266230","214472","480702"
"2019-10-10 14:37","PrepRequestProcessor.java","259858","213025","472883"
"2020-03-25 03:38","PrepRequestProcessor.java","270338","214473","484811"
"2015-03-08 23:07","PrepRequestProcessor.java","2560","447","3007"
"2018-06-15 07:41","PrepRequestProcessor.java","36229","16708","52937"
"2019-09-11 10:27","PrepRequestProcessor.java","47891","31042","78933"
"2019-11-08 17:30","PrepRequestProcessor.java","53346","32239","85585"
"2019-08-01 07:31","PrepRequestProcessor.java","23170","7006","30176"
"2019-06-26 10:57","PrepRequestProcessor.java","7210","3867","11077"
"2019-08-17 17:13","PrepRequestProcessor.java","45177","29684","74861"
"2019-12-27 22:33","PrepRequestProcessor.java","62146","37975","100121"
"2019-10-10 14:37","PrepRequestProcessor.java","51313","32067","83380"
"2020-03-25 03:38","PrepRequestProcessor.java","67884","39606","107490"
"2011-07-01 00:53","PrepRequestProcessor.java","98369","18273","116642"
"2015-02-06 06:17","PrepRequestProcessor.java","146030","24108","170138"
"2012-02-06 10:39","PrepRequestProcessor.java","105146","20883","126029"
"2013-03-07 07:01","PrepRequestProcessor.java","120426","22006","142432"
"2019-02-07 11:26","PrepRequestProcessor.java","235988","103678","339666"
"2019-09-11 10:27","PrepRequestProcessor.java","259039","103705","362744"
"2018-07-19 05:59","PrepRequestProcessor.java","174464","34006","208470"
"2017-09-11 18:55","PrepRequestProcessor.java","159342","27151","186493"
"2019-01-16 14:21","PrepRequestProcessor.java","233636","103678","337314"
"2017-06-01 05:45","PrepRequestProcessor.java","158761","27034","185795"
"2012-04-14 02:32","PrepRequestProcessor.java","106883","21056","127939"
"2019-11-08 17:30","PrepRequestProcessor.java","263297","103705","367002"
"2016-11-13 20:59","PrepRequestProcessor.java","158845","26063","184908"
"2019-04-09 15:35","PrepRequestProcessor.java","238519","103684","342203"
"2019-04-17 14:16","PrepRequestProcessor.java","239756","103706","343462"
"2014-10-28 05:35","PrepRequestProcessor.java","144031","24048","168079"
"2019-05-10 12:22","PrepRequestProcessor.java","242191","103706","345897"
"2017-06-26 00:16","PrepRequestProcessor.java","159052","27047","186099"
"2019-02-07 11:22","PrepRequestProcessor.java","235650","103678","339328"
"2016-11-16 06:21","PrepRequestProcessor.java","159402","26073","185475"
"2019-08-01 07:31","PrepRequestProcessor.java","258354","103705","362059"
"2019-06-26 10:57","PrepRequestProcessor.java","245533","103705","349238"
"2009-11-12 23:48","PrepRequestProcessor.java","56984","8417","65401"
"2014-01-24 07:18","PrepRequestProcessor.java","129396","22243","151639"
"2009-06-15 22:52","PrepRequestProcessor.java","33256","3856","37112"
"2015-05-29 19:45","PrepRequestProcessor.java","148847","24134","172981"
"2016-10-07 21:51","PrepRequestProcessor.java","156581","26052","182633"
"2015-06-04 19:51","PrepRequestProcessor.java","149662","24184","173846"
"2009-06-26 22:29","PrepRequestProcessor.java","43777","5743","49520"
"2019-08-17 17:13","PrepRequestProcessor.java","257683","103705","361388"
"2009-06-18 18:37","PrepRequestProcessor.java","34643","4172","38815"
"2018-08-08 06:21","PrepRequestProcessor.java","185075","43137","228212"
"2018-05-09 23:57","PrepRequestProcessor.java","166047","27295","193342"
"2015-06-11 20:09","PrepRequestProcessor.java","149790","24186","173976"
"2019-12-27 22:33","PrepRequestProcessor.java","266819","104163","370982"
"2009-12-18 03:19","PrepRequestProcessor.java","61050","9218","70268"
"2009-12-11 21:24","PrepRequestProcessor.java","59964","8585","68549"
"2009-11-07 01:48","PrepRequestProcessor.java","51398","8036","59434"
"2014-04-01 01:47","PrepRequestProcessor.java","130892","22476","153368"
"2019-10-10 14:37","PrepRequestProcessor.java","261436","103705","365141"
"2020-03-25 03:38","PrepRequestProcessor.java","270926","104163","375089"
"2010-01-25 04:28","PrepRequestProcessor.java","64348","9475","73823"
"2011-08-15 02:35","PrepRequestProcessor.java","97224","16164","113388"
"2014-07-25 01:31","PrepRequestProcessor.java","141903","23996","165899"
"2013-10-09 22:21","PrepRequestProcessor.java","125810","22195","148005"
"2010-08-18 08:24","PrepRequestProcessor.java","98550","14144","112694"
"2011-09-17 02:36","PrepRequestProcessor.java","102127","18840","120967"
"2014-04-29 02:23","PrepRequestProcessor.java","134033","23615","157648"
"2015-03-08 23:07","PrepRequestProcessor.java","146221","24125","170346"
"2014-07-22 06:51","PrepRequestProcessor.java","141672","23954","165626"
"2012-03-15 17:47","PrepRequestProcessor.java","106379","20903","127282"
"2011-04-12 09:14","PrepRequestProcessor.java","93189","17738","110927"
"2011-11-01 15:41","PrepRequestProcessor.java","102585","20506","123091"
"2011-10-28 00:58","PrepRequestProcessor.java","102374","20457","122831"
"2011-10-20 20:02","PrepRequestProcessor.java","102052","20354","122406"
"2011-10-17 16:59","PrepRequestProcessor.java","101986","18880","120866"
"2018-06-15 07:41","PrepRequestProcessor.java","166816","27312","194128"
"2012-12-19 19:16","PrepRequestProcessor.java","115559","21695","137254"
"2011-11-14 20:18","PrepRequestProcessor.java","103213","20499","123712"
"2019-07-31 19:06","FileSnap.java","20796","6809","27605"
"2020-01-30 09:43","FileSnap.java","64614","39460","104074"
"2019-08-17 17:13","FileSnap.java","44402","29722","74124"
"2019-12-03 19:12","FileSnap.java","59164","37869","97033"
"2019-12-27 22:33","FileSnap.java","61375","38017","99392"
"2019-10-10 14:37","FileSnap.java","50540","32107","82647"
"2020-01-28 17:26","FileSnap.java","64514","39436","103950"
"2019-09-02 08:23","EmptiedSnapshotRecoveryTest.java","255933","226541","482474"
"2019-12-13 08:51","EmptiedSnapshotRecoveryTest.java","263595","228145","491740"
"2019-10-10 14:37","EmptiedSnapshotRecoveryTest.java","259029","226541","485570"
"2019-08-17 17:13","EmptiedSnapshotRecoveryTest.java","255276","226541","481817"
"2017-01-07 01:09","Zab1_0Test.java","12964","6198","19162"
"2019-12-17 13:48","Zab1_0Test.java","264596","221966","486562"
"2019-12-27 22:33","Zab1_0Test.java","266146","221967","488113"
"2019-10-10 14:37","Zab1_0Test.java","259669","220415","480084"
"2019-08-17 17:13","Zab1_0Test.java","255916","220415","476331"
"2019-06-03 19:40","Zab1_0Test.java","241246","220414","461660"
"2018-05-10 06:00","Zab1_0Test.java","25616","14141","39757"
"2017-11-28 00:10","Zab1_0Test.java","21734","13248","34982"
"2017-08-18 06:32","Zab1_0Test.java","17063","12612","29675"
"2017-02-12 00:12","Zab1_0Test.java","13619","9607","23226"
"2019-12-27 22:33","Zab1_0Test.java","1737","188","1925"
"2019-09-18 11:20","SessionTimeoutTest.java","5204","2292","7496"
"2019-08-17 17:13","OSMXBean.java","256464","184336","440800"
"2013-10-05 00:57","OSMXBean.java","13611","3591","17202"
"2015-10-18 19:00","QuorumPeer.java","2340","1268","3608"
"2018-12-20 15:13","QuorumPeer.java","229425","218625","448050"
"2019-05-16 16:25","QuorumPeer.java","240748","218719","459467"
"2018-10-16 16:22","QuorumPeer.java","233429","197802","431231"
"2019-06-14 09:06","QuorumPeer.java","243964","218736","462700"
"2018-12-07 12:41","QuorumPeer.java","226438","218624","445062"
"2019-03-11 19:47","QuorumPeer.java","235873","218645","454518"
"2019-02-13 13:12","QuorumPeer.java","234822","218646","453468"
"2019-04-12 19:01","QuorumPeer.java","237756","218719","456475"
"2018-12-09 03:16","QuorumPeer.java","228512","218624","447136"
"2018-09-11 15:23","QuorumPeer.java","129607","111651","241258"
"2019-11-29 14:49","QuorumPeer.java","264068","220281","484349"
"2018-12-15 07:34","QuorumPeer.java","228427","218624","447051"
"2018-11-27 10:02","QuorumPeer.java","226188","218624","444812"
"2018-09-18 01:00","QuorumPeer.java","130987","111776","242763"
"2019-06-03 19:40","QuorumPeer.java","241297","218736","460033"
"2019-07-15 14:15","QuorumPeer.java","251386","218737","470123"
"2019-07-03 00:44","QuorumPeer.java","243979","218736","462715"
"2019-08-17 17:13","QuorumPeer.java","255967","218737","474704"
"2017-11-28 00:10","QuorumPeer.java","24602","14387","38989"
"2018-01-30 08:02","QuorumPeer.java","25165","14797","39962"
"2019-05-15 11:56","QuorumPeer.java","240703","218719","459422"
"2019-06-05 00:33","QuorumPeer.java","241687","218736","460423"
"2019-05-20 23:13","QuorumPeer.java","240821","218719","459540"
"2019-06-04 10:55","QuorumPeer.java","241450","218736","460186"
"2019-07-12 17:01","QuorumPeer.java","251280","218737","470017"
"2020-01-09 11:27","QuorumPeer.java","265616","220283","485899"
"2017-02-09 11:40","QuorumPeer.java","16782","7791","24573"
"2017-07-06 18:48","QuorumPeer.java","18805","12128","30933"
"2018-10-01 06:11","QuorumPeer.java","134242","112452","246694"
"2018-07-04 17:11","QuorumPeer.java","38446","24517","62963"
"2019-12-17 13:48","QuorumPeer.java","264640","220281","484921"
"2015-12-07 05:59","QuorumPeer.java","3400","1570","4970"
"2020-01-23 13:43","QuorumPeer.java","267440","220283","487723"
"2016-06-23 23:45","QuorumPeer.java","8137","5237","13374"
"2016-06-23 23:25","QuorumPeer.java","7994","5202","13196"
"2018-12-06 10:56","QuorumPeer.java","226382","218624","445006"
"2019-10-10 14:37","QuorumPeer.java","259720","218737","478457"
"2017-07-27 23:09","QuorumPeer.java","19338","13647","32985"
"2018-06-26 11:18","QuorumPeer.java","29253","15342","44595"
"2018-07-27 12:32","QuorumPeer.java","50182","35053","85235"
"2019-04-18 19:17","QuorumPeer.java","238466","218719","457185"
"2016-12-20 14:47","QuorumPeer.java","15337","7481","22818"
"2017-05-11 16:59","QuorumPeer.java","17599","11789","29388"
"2016-06-02 00:59","QuorumPeer.java","7566","5143","12709"
"2020-02-16 10:25","QuorumPeer.java","268153","220283","488436"
"2019-08-17 17:13","IPAuthenticationProvider.java","256985","187413","444398"
"2014-04-25 23:40","IPAuthenticationProvider.java","61944","33050","94994"
"2019-06-03 19:40","DigestAuthenticationProvider.java","242831","131919","374750"
"2019-08-17 17:13","DigestAuthenticationProvider.java","257500","131919","389419"
"2010-01-25 04:28","DigestAuthenticationProvider.java","34480","8004","42484"
"2019-11-11 13:59","DigestAuthenticationProvider.java","264910","131919","396829"
"2010-08-18 08:24","DigestAuthenticationProvider.java","74283","18274","92557"
"2020-01-25 18:48","ReconfigDuringLeaderSyncTest.java","21900","11783","33683"
"2019-05-06 17:48","LearnerHandlerTest.java","239480","224295","463775"
"2017-11-28 00:10","LearnerHandlerTest.java","4448","591","5039"
"2019-08-17 17:13","LearnerHandlerTest.java","255186","224314","479500"
"2018-12-09 03:16","LearnerHandlerTest.java","227703","224173","451876"
"2019-05-20 17:18","LearnerHandlerTest.java","239959","224296","464255"
"2019-07-03 20:54","LearnerHandlerTest.java","243179","224313","467492"
"2019-12-27 22:33","Follower.java","18027","10015","28042"
"2019-10-10 14:37","Follower.java","6813","3726","10539"
"2019-01-23 14:00","NettyServerCnxn.java","232700","217043","449743"
"2019-02-18 17:05","NettyServerCnxn.java","235250","217061","452311"
"2019-02-12 15:25","NettyServerCnxn.java","234799","217044","451843"
"2017-08-09 20:31","NettyServerCnxn.java","22439","14791","37230"
"2017-04-10 19:19","NettyServerCnxn.java","20116","11923","32039"
"2018-09-07 02:34","NettyServerCnxn.java","131081","112415","243496"
"2019-04-12 19:01","NettyServerCnxn.java","237873","217136","455009"
"2018-11-22 17:56","NettyServerCnxn.java","224668","217041","441709"
"2018-10-24 04:03","NettyServerCnxn.java","233441","196213","429654"
"2018-11-17 18:33","NettyServerCnxn.java","224045","217040","441085"
"2019-01-14 19:38","NettyServerCnxn.java","231264","217042","448306"
"2017-03-04 19:22","NettyServerCnxn.java","19782","11875","31657"
"2018-09-18 01:00","NettyServerCnxn.java","133455","112544","245999"
"2019-08-17 17:13","NettyServerCnxn.java","256083","217153","473236"
"2019-07-03 00:44","NettyServerCnxn.java","244095","217152","461247"
"2019-11-23 17:08","NettyServerCnxn.java","262236","218605","480841"
"2015-06-28 21:09","NettyServerCnxn.java","3989","2289","6278"
"2019-07-23 15:55","NettyServerCnxn.java","252091","217153","469244"
"2019-05-06 18:32","NettyServerCnxn.java","240420","217136","457556"
"2019-04-22 19:15","NettyServerCnxn.java","238848","217136","455984"
"2019-08-03 08:42","NettyServerCnxn.java","256791","217153","473944"
"2016-12-21 23:32","NettyServerCnxn.java","18505","8671","27176"
"2019-11-18 09:05","NettyServerCnxn.java","260679","218605","479284"
"2015-11-08 22:36","NettyServerCnxn.java","5660","2652","8312"
"2019-11-21 05:58","NettyServerCnxn.java","260702","218605","479307"
"2019-09-16 23:26","NettyServerCnxn.java","259102","217153","476255"
"2019-10-10 14:37","NettyServerCnxn.java","259836","217153","476989"
"2018-09-28 23:38","NettyServerCnxn.java","136703","113218","249921"
"2019-08-17 17:13","KeeperException.java","256155","203524","459679"
"2019-07-24 18:00","KeeperException.java","252610","203524","456134"
"2016-11-13 20:59","KeeperException.java","32626","10276","42902"
"2017-07-28 00:36","KeeperException.java","37467","16271","53738"
"2020-03-25 03:38","KeeperException.java","270379","204963","475342"
"2018-07-27 05:16","KeeperException.java","66664","36326","102990"
"2017-09-11 18:55","Environment.java","37686","16390","54076"
"2019-08-17 17:13","Environment.java","256154","203986","460140"
"2019-07-31 19:06","ZooKeeperServer.java","20922","6815","27737"
"2019-09-11 10:27","ZooKeeperServer.java","47234","31078","78312"
"2019-07-08 23:26","ZooKeeperServer.java","7586","4010","11596"
"2019-06-04 10:55","ZooKeeperServer.java","743","459","1202"
"2019-08-03 08:42","ZooKeeperServer.java","22673","7165","29838"
"2019-09-10 04:26","ZooKeeperServer.java","46881","31036","77917"
"2019-08-17 17:13","ZooKeeperServer.java","44520","29720","74240"
"2019-09-05 23:12","ZooKeeperServer.java","46720","31001","77721"
"2019-09-10 15:21","ZooKeeperServer.java","46889","31046","77935"
"2019-08-01 07:31","ZooKeeperServer.java","22367","6896","29263"
"2019-08-01 07:28","ZooKeeperServer.java","21803","6822","28625"
"2019-06-03 19:40","ZooKeeperServer.java","364","233","597"
"2019-11-23 17:08","ZooKeeperServer.java","57032","37531","94563"
"2019-10-09 16:49","ZooKeeperServer.java","50018","31632","81650"
"2019-07-03 00:44","ZooKeeperServer.java","6737","3924","10661"
"2019-07-24 18:00","ZooKeeperServer.java","16589","5334","21923"
"2019-12-27 22:33","ZooKeeperServer.java","61493","38015","99508"
"2019-11-18 09:05","ZooKeeperServer.java","55280","37336","92616"
"2019-10-10 14:37","ZooKeeperServer.java","50658","32105","82763"
"2019-09-16 23:26","ZooKeeperServer.java","49099","31280","80379"
"2019-12-03 10:01","ZooKeeperServer.java","59264","37861","97125"
"2020-03-25 03:38","ZooKeeperServer.java","67231","39646","106877"
"2019-11-28 12:24","ZooKeeperServer.java","57293","37587","94880"
"2019-11-06 15:21","ZooKeeperServer.java","51013","32244","83257"
"2020-04-12 11:14","ZooKeeperServer.java","68579","40241","108820"
"2019-08-17 17:13","QuorumHammerTest.java","257187","154189","411376"
"2011-07-29 10:14","QuorumHammerTest.java","52909","20574","73483"
"2011-04-12 09:14","QuorumHammerTest.java","46141","21670","67811"
"2010-03-31 06:26","QuorumHammerTest.java","26483","12524","39007"
"2019-10-10 14:37","JMXEnv.java","261285","129610","390895"
"2019-12-27 22:33","JMXEnv.java","266817","130217","397034"
"2014-01-25 01:17","JMXEnv.java","107523","26253","133776"
"2015-11-03 08:11","JMXEnv.java","129288","28339","157627"
"2013-11-19 02:03","JMXEnv.java","104661","26198","130859"
"2014-01-16 23:59","JMXEnv.java","105778","26244","132022"
"2011-07-19 23:38","JMXEnv.java","74188","19724","93912"
"2011-09-01 19:15","JMXEnv.java","78484","19803","98287"
"2011-04-12 09:14","JMXEnv.java","70679","21284","91963"
"2019-01-14 19:38","JMXEnv.java","232780","129566","362346"
"2014-06-04 22:07","JMXEnv.java","113153","27776","140929"
"2019-08-17 17:13","JMXEnv.java","257532","129610","387142"
"2019-06-03 19:40","JMXEnv.java","242863","129610","372473"
"2019-08-17 17:13","Leader.java","54988","29879","84867"
"2019-06-29 00:33","Leader.java","18605","5509","24114"
"2019-06-03 19:40","Leader.java","12506","2066","14572"
"2019-07-15 14:15","Leader.java","27158","6630","33788"
"2019-07-25 21:41","Leader.java","29140","7548","36688"
"2019-06-05 00:33","Leader.java","13098","2268","15366"
"2019-08-03 08:42","Leader.java","34574","8757","43331"
"2019-06-05 23:57","Leader.java","13369","2270","15639"
"2019-04-12 19:01","Leader.java","8283","1367","9650"
"2019-11-29 14:49","Leader.java","69048","37382","106430"
"2020-03-25 03:38","Leader.java","76781","38887","115668"
"2019-12-27 22:33","Leader.java","71275","37488","108763"
"2019-10-10 14:37","Leader.java","60738","31876","92614"
"2019-10-10 14:37","QuorumPeerMain.java","260518","178752","439270"
"2020-01-23 13:43","QuorumPeerMain.java","267898","179958","447856"
"2019-11-28 12:24","QuorumPeerMain.java","262877","179958","442835"
"2012-03-06 09:20","QuorumPeerMain.java","7810","8182","15992"
"2013-10-09 22:21","QuorumPeerMain.java","32835","14270","47105"
"2020-02-16 10:25","QuorumPeerMain.java","268611","179958","448569"
"2019-04-18 19:17","QuorumPeerMain.java","239283","178753","418036"
"2019-11-11 13:59","QuorumPeerMain.java","264203","178780","442983"
"2019-04-12 19:01","QuorumPeerMain.java","238573","178753","417326"
"2018-09-11 15:23","QuorumPeerMain.java","173009","114270","287279"
"2017-02-13 22:09","QuorumPeerMain.java","76006","29482","105488"
"2014-07-18 02:19","QuorumPeerMain.java","53632","21511","75143"
"2018-08-06 14:11","QuorumPeerMain.java","106723","50199","156922"
"2012-04-23 01:20","QuorumPeerMain.java","12167","10635","22802"
"2017-07-28 00:36","QuorumPeerMain.java","77820","31242","109062"
"2019-08-17 17:13","QuorumPeerMain.java","256765","178752","435517"
"2015-03-17 18:06","QuorumPeerMain.java","60165","22071","82236"
"2017-11-28 00:10","QuorumPeerMain.java","82740","31742","114482"
"2019-08-17 17:13","SyncCommand.java","44490","29719","74209"
"2019-12-28 16:17","SyncCommand.java","61522","38166","99688"
"2019-08-17 17:13","WatchLeakTest.java","44894","29685","74579"
"2019-11-21 05:58","WatchLeakTest.java","55685","37309","92994"
"2018-07-10 12:46","QuorumTest.java","106989","78060","185049"
"2019-08-17 17:13","QuorumTest.java","256985","217495","474480"
"2012-12-13 08:14","QuorumTest.java","35591","54551","90142"
"2011-06-22 00:19","QuorumTest.java","7518","44486","52004"
"2011-07-15 06:50","QuorumTest.java","11885","44537","56422"
"2013-10-09 22:21","QuorumTest.java","48888","56158","105046"
"2011-09-17 02:13","QuorumTest.java","20159","47729","67888"
"2011-04-12 09:14","QuorumTest.java","4399","43436","47835"
"2019-10-10 14:37","QuorumTest.java","260738","217495","478233"
"2019-09-18 11:20","QuorumTest.java","259897","217495","477392"
"2019-12-28 16:17","QuorumTest.java","266643","218568","485211"
"2015-11-03 08:11","QuorumTest.java","80831","64773","145604"
"2011-07-29 10:14","QuorumTest.java","14521","44641","59162"
"2019-08-17 17:13","SessionTrackerCheckTest.java","212928","191803","404731"
"2019-01-23 14:00","NettyServerCnxn.java","232583","218626","451209"
"2019-02-18 17:05","NettyServerCnxn.java","235133","218644","453777"
"2019-02-12 15:25","NettyServerCnxn.java","234682","218627","453309"
"2017-08-09 20:31","NettyServerCnxn.java","18727","12779","31506"
"2017-04-10 19:19","NettyServerCnxn.java","16395","9902","26297"
"2018-09-07 02:34","NettyServerCnxn.java","127657","110691","238348"
"2019-04-12 19:01","NettyServerCnxn.java","237756","218719","456475"
"2018-11-22 17:56","NettyServerCnxn.java","224551","218624","443175"
"2018-10-24 04:03","NettyServerCnxn.java","233324","197796","431120"
"2018-11-17 18:33","NettyServerCnxn.java","223928","218623","442551"
"2019-01-14 19:38","NettyServerCnxn.java","231147","218625","449772"
"2017-03-04 19:22","NettyServerCnxn.java","16060","9853","25913"
"2018-09-18 01:00","NettyServerCnxn.java","130033","110822","240855"
"2019-08-17 17:13","NettyServerCnxn.java","255967","218737","474704"
"2019-07-03 00:44","NettyServerCnxn.java","243979","218736","462715"
"2019-11-23 17:08","NettyServerCnxn.java","262212","220281","482493"
"2019-07-23 15:55","NettyServerCnxn.java","251975","218737","470712"
"2019-05-06 18:32","NettyServerCnxn.java","240303","218719","459022"
"2019-04-22 19:15","NettyServerCnxn.java","238731","218719","457450"
"2019-08-03 08:42","NettyServerCnxn.java","256675","218737","475412"
"2016-12-21 23:32","NettyServerCnxn.java","14654","6520","21174"
"2019-11-18 09:05","NettyServerCnxn.java","260655","220281","480936"
"2015-11-08 22:36","NettyServerCnxn.java","1679","371","2050"
"2019-11-21 05:58","NettyServerCnxn.java","260678","220281","480959"
"2019-09-16 23:26","NettyServerCnxn.java","258986","218737","477723"
"2019-10-10 14:37","NettyServerCnxn.java","259720","218737","478457"
"2018-09-28 23:38","NettyServerCnxn.java","133283","111498","244781"
"2019-08-17 17:13","ZKParameterized.java","44192","29523","73715"
"2019-07-31 19:06","ZooKeeperServer.java","23760","7235","30995"
"2019-09-11 10:27","ZooKeeperServer.java","49624","31050","80674"
"2019-07-08 23:26","ZooKeeperServer.java","10479","4485","14964"
"2019-05-14 17:11","ZooKeeperServer.java","2283","398","2681"
"2019-06-04 10:55","ZooKeeperServer.java","3642","940","4582"
"2019-08-03 08:42","ZooKeeperServer.java","25511","7585","33096"
"2019-05-15 11:56","ZooKeeperServer.java","2445","473","2918"
"2019-05-22 11:39","ZooKeeperServer.java","2982","564","3546"
"2019-09-10 04:26","ZooKeeperServer.java","49271","31008","80279"
"2019-08-17 17:13","ZooKeeperServer.java","46975","29757","76732"
"2019-09-05 23:12","ZooKeeperServer.java","49110","30973","80083"
"2019-09-10 15:21","ZooKeeperServer.java","49279","31018","80297"
"2019-08-01 07:31","ZooKeeperServer.java","25205","7316","32521"
"2019-08-01 07:28","ZooKeeperServer.java","24641","7242","31883"
"2019-06-03 19:40","ZooKeeperServer.java","3320","771","4091"
"2019-11-23 17:08","ZooKeeperServer.java","59214","37295","96509"
"2019-10-09 16:49","ZooKeeperServer.java","52206","31402","83608"
"2019-07-03 00:44","ZooKeeperServer.java","9630","4399","14029"
"2019-07-24 18:00","ZooKeeperServer.java","19482","5809","25291"
"2019-12-27 22:33","ZooKeeperServer.java","63674","37778","101452"
"2019-11-18 09:05","ZooKeeperServer.java","57462","37100","94562"
"2019-10-10 14:37","ZooKeeperServer.java","52843","31872","84715"
"2019-09-16 23:26","ZooKeeperServer.java","51287","31050","82337"
"2019-12-03 10:01","ZooKeeperServer.java","61446","37625","99071"
"2020-03-25 03:38","ZooKeeperServer.java","69389","39386","108775"
"2019-11-28 12:24","ZooKeeperServer.java","59475","37351","96826"
"2019-11-06 15:21","ZooKeeperServer.java","53196","32009","85205"
"2020-04-12 11:14","ZooKeeperServer.java","70731","39975","110706"
"2019-10-10 14:37","JUnit4ZKTestRunner.java","260503","177002","437505"
"2015-07-07 07:11","JUnit4ZKTestRunner.java","63159","20463","83622"
"2013-12-21 22:05","JUnit4ZKTestRunner.java","33411","11408","44819"
"2019-05-08 21:54","JUnit4ZKTestRunner.java","241253","177003","418256"
"2019-08-17 17:13","JUnit4ZKTestRunner.java","256750","177002","433752"
"2015-05-03 19:55","JUnit4ZKTestRunner.java","60142","19148","79290"
"2018-01-19 00:43","FileTxnLog.java","40946","17204","58150"
"2019-12-27 22:33","FileTxnLog.java","266271","206992","473263"
"2019-10-10 14:37","FileTxnLog.java","259907","205553","465460"
"2018-11-12 22:36","FileTxnLog.java","224135","205442","429577"
"2018-08-01 21:19","FileTxnLog.java","64981","36284","101265"
"2018-04-27 20:28","FileTxnLog.java","43076","17484","60560"
"2018-06-08 16:52","FileTxnLog.java","44731","17692","62423"
"2020-01-28 17:26","FileTxnLog.java","267992","206993","474985"
"2019-05-14 17:11","FileTxnLog.java","240805","205537","446342"
"2019-01-07 14:24","FileTxnLog.java","230875","205444","436319"
"2019-04-12 19:01","FileTxnLog.java","237945","205537","443482"
"2017-04-28 07:14","FileTxnLog.java","33904","13893","47797"
"2018-09-06 01:11","FileTxnLog.java","142033","111705","253738"
"2018-09-18 01:00","FileTxnLog.java","144402","111820","256222"
"2016-03-20 19:31","FileTxnLog.java","22120","7051","29171"
"2019-08-17 17:13","FileTxnLog.java","256154","205553","461707"
"2019-06-03 19:40","FileTxnLog.java","241485","205553","447038"
"2018-04-24 00:20","FileTxnLog.java","42825","17320","60145"
"2018-02-14 21:23","FileTxnLog.java","41892","17271","59163"
"2019-08-03 08:42","FileTxnLog.java","256862","205553","462415"
"2019-04-09 15:35","FileTxnLog.java","236923","205465","442388"
"2017-08-03 20:41","FileTxnLog.java","35409","16214","51623"
"2018-02-02 00:26","FileTxnLog.java","40957","17208","58165"
"2017-06-26 00:07","FileTxnLog.java","34630","15081","49711"
"2019-11-28 12:24","DataTree.java","3023","5527","8550"
"2019-12-27 22:33","DataTree.java","7578","6310","13888"
"2019-01-14 15:36","ClientSSLTest.java","7858","6459","14317"
"2019-08-17 17:13","ClientSSLTest.java","62404","35904","98308"
"2019-06-03 19:40","ClientSSLTest.java","20246","8415","28661"
"2019-06-05 00:29","ClientSSLTest.java","20773","8606","29379"
"2019-11-08 17:30","FinalRequestProcessor.java","261622","218423","480045"
"2019-07-08 23:26","FinalRequestProcessor.java","244753","218392","463145"
"2019-01-16 23:23","FinalRequestProcessor.java","231847","218282","450129"
"2018-09-18 01:00","FinalRequestProcessor.java","131330","111764","243094"
"2019-04-12 19:01","FinalRequestProcessor.java","237767","218375","456142"
"2019-02-07 11:26","FinalRequestProcessor.java","234200","218283","452483"
"2019-01-14 19:38","FinalRequestProcessor.java","231158","218281","449439"
"2019-01-09 17:22","FinalRequestProcessor.java","233840","218283","452123"
"2019-09-10 04:26","FinalRequestProcessor.java","257023","218393","475416"
"2019-08-17 17:13","FinalRequestProcessor.java","255978","218393","474371"
"2016-10-07 21:51","FinalRequestProcessor.java","11533","6482","18015"
"2019-06-26 10:57","FinalRequestProcessor.java","243827","218392","462219"
"2019-08-01 07:28","FinalRequestProcessor.java","256159","218393","474552"
"2019-07-03 00:44","FinalRequestProcessor.java","243990","218392","462382"
"2016-03-23 00:30","FinalRequestProcessor.java","6284","4740","11024"
"2019-08-06 17:11","FinalRequestProcessor.java","257079","218393","475472"
"2018-07-10 12:46","FinalRequestProcessor.java","38871","24535","63406"
"2020-03-25 03:38","FinalRequestProcessor.java","270309","219939","490248"
"2019-09-16 23:26","FinalRequestProcessor.java","258997","218393","477390"
"2019-10-10 14:37","FinalRequestProcessor.java","259731","218393","478124"
"2019-11-21 05:58","FinalRequestProcessor.java","260689","219937","480626"
"2019-11-18 09:05","FinalRequestProcessor.java","260666","219937","480603"
"2019-11-11 13:59","FinalRequestProcessor.java","263418","218423","481841"
"2020-03-26 22:12","FinalRequestProcessor.java","270311","219939","490250"
"2019-11-08 17:30","FinalRequestProcessor.java","263114","141556","404670"
"2019-07-08 23:26","FinalRequestProcessor.java","246276","141556","387832"
"2019-01-16 23:23","FinalRequestProcessor.java","233436","141512","374948"
"2018-09-18 01:00","FinalRequestProcessor.java","197222","88101","285323"
"2019-04-12 19:01","FinalRequestProcessor.java","239307","141556","380863"
"2019-02-07 11:26","FinalRequestProcessor.java","235788","141512","377300"
"2019-01-14 19:38","FinalRequestProcessor.java","232748","141512","374260"
"2013-03-07 07:01","FinalRequestProcessor.java","92116","29619","121735"
"2019-01-09 17:22","FinalRequestProcessor.java","235428","141512","376940"
"2011-07-01 00:53","FinalRequestProcessor.java","65910","23848","89758"
"2015-06-04 19:51","FinalRequestProcessor.java","121844","32289","154133"
"2019-09-10 04:26","FinalRequestProcessor.java","258545","141556","400101"
"2019-08-17 17:13","FinalRequestProcessor.java","257500","141556","399056"
"2016-10-07 21:51","FinalRequestProcessor.java","128974","34368","163342"
"2014-01-24 07:18","FinalRequestProcessor.java","101316","30086","131402"
"2019-06-26 10:57","FinalRequestProcessor.java","245350","141556","386906"
"2019-08-01 07:28","FinalRequestProcessor.java","257681","141556","399237"
"2019-07-03 00:44","FinalRequestProcessor.java","245513","141556","387069"
"2016-03-23 00:30","FinalRequestProcessor.java","125052","33953","159005"
"2019-08-06 17:11","FinalRequestProcessor.java","258601","141556","400157"
"2015-03-17 18:06","FinalRequestProcessor.java","119396","32175","151571"
"2018-07-10 12:46","FinalRequestProcessor.java","147071","43180","190251"
"2010-01-25 04:28","FinalRequestProcessor.java","22734","5895","28629"
"2020-03-25 03:38","FinalRequestProcessor.java","270924","142195","413119"
"2019-09-16 23:26","FinalRequestProcessor.java","260519","141556","402075"
"2019-10-10 14:37","FinalRequestProcessor.java","261253","141556","402809"
"2009-11-07 01:48","FinalRequestProcessor.java","8865","3537","12402"
"2009-10-31 00:09","FinalRequestProcessor.java","8177","3254","11431"
"2010-01-26 01:17","FinalRequestProcessor.java","23202","5954","29156"
"2009-11-12 20:53","FinalRequestProcessor.java","9564","3649","13213"
"2019-11-21 05:58","FinalRequestProcessor.java","261306","142195","403501"
"2019-11-18 09:05","FinalRequestProcessor.java","261283","142195","403478"
"2012-12-19 19:16","FinalRequestProcessor.java","87238","29297","116535"
"2011-10-20 20:02","FinalRequestProcessor.java","72024","26249","98273"
"2011-04-12 09:14","FinalRequestProcessor.java","60498","23081","83579"
"2011-10-28 18:59","FinalRequestProcessor.java","72414","26388","98802"
"2019-11-11 13:59","FinalRequestProcessor.java","264910","141556","406466"
"2020-03-26 22:12","FinalRequestProcessor.java","270926","142195","413121"
"2014-04-17 08:47","FinalRequestProcessor.java","105259","31470","136729"
"2014-04-29 02:23","FinalRequestProcessor.java","105964","31469","137433"
"2010-03-19 07:46","FinalRequestProcessor.java","40808","13822","54630"
"2010-08-18 08:24","FinalRequestProcessor.java","64582","18210","82792"
"2013-10-09 22:21","FinalRequestProcessor.java","97686","29994","127680"
"2011-09-14 08:56","FinalRequestProcessor.java","72037","22113","94150"
"2019-10-10 14:37","MessageTracker.java","6813","3726","10539"
"2019-08-17 17:13","ClientCnxn.java","54043","30023","84066"
"2019-01-31 15:50","ClientCnxn.java","1956","269","2225"
"2019-04-09 15:35","ClientCnxn.java","5874","997","6871"
"2019-11-08 17:30","ClientCnxn.java","61814","32180","93994"
"2019-03-06 03:32","ClientCnxn.java","4520","715","5235"
"2019-02-07 11:26","ClientCnxn.java","2688","336","3024"
"2020-05-17 15:13","ClientCnxn.java","80920","42955","123875"
"2020-03-03 03:12","ClientCnxn.java","74792","39037","113829"
"2020-01-21 17:53","ClientCnxn.java","70716","38700","109416"
"2019-10-10 14:37","ClientCnxn.java","59801","32028","91829"
"2019-11-21 05:58","ClientCnxn.java","64262","37075","101337"
"2020-04-16 12:50","ClientCnxn.java","77310","39716","117026"
"2019-02-07 11:26","PrepRequestProcessor.java","233465","224075","457540"
"2019-09-11 10:27","PrepRequestProcessor.java","256606","224192","480798"
"2018-07-19 05:59","PrepRequestProcessor.java","32840","24387","57227"
"2017-09-11 18:55","PrepRequestProcessor.java","2034","1848","3882"
"2019-01-16 14:21","PrepRequestProcessor.java","231112","224074","455186"
"2019-11-08 17:30","PrepRequestProcessor.java","260912","224240","485152"
"2019-04-09 15:35","PrepRequestProcessor.java","236013","224098","460111"
"2019-04-17 14:16","PrepRequestProcessor.java","237303","224173","461476"
"2019-05-10 12:22","PrepRequestProcessor.java","239738","224173","463911"
"2019-02-07 11:22","PrepRequestProcessor.java","233127","224075","457202"
"2019-08-01 07:31","PrepRequestProcessor.java","255921","224192","480113"
"2019-06-26 10:57","PrepRequestProcessor.java","243099","224191","467290"
"2019-08-17 17:13","PrepRequestProcessor.java","255250","224192","479442"
"2018-08-08 06:21","PrepRequestProcessor.java","82258","72325","154583"
"2018-05-09 23:57","PrepRequestProcessor.java","10099","3352","13451"
"2019-12-27 22:33","PrepRequestProcessor.java","265554","225818","491372"
"2019-10-10 14:37","PrepRequestProcessor.java","259003","224192","483195"
"2020-03-25 03:38","PrepRequestProcessor.java","269662","225819","495481"
"2018-06-15 07:41","PrepRequestProcessor.java","11099","3600","14699"
"2015-07-07 07:11","GetChildrenTest.java","76443","22280","98723"
"2011-04-12 09:14","LogIterator.java","14937","15099","30036"
"2019-09-18 11:20","RemoveWatchesCmdTest.java","5204","2292","7496"
"2018-09-15 00:08","ZooKeeperServer.java","107937","100793","208730"
"2019-04-12 19:01","ZooKeeperServer.java","236845","229222","466067"
"2019-07-31 19:06","ZooKeeperServer.java","254382","229259","483641"
"2019-09-11 10:27","ZooKeeperServer.java","256432","229260","485692"
"2019-01-14 19:38","ZooKeeperServer.java","230227","229119","459346"
"2019-01-07 15:34","ZooKeeperServer.java","229828","229119","458947"
"2018-11-21 17:56","ZooKeeperServer.java","223022","229116","452138"
"2019-02-13 13:12","ZooKeeperServer.java","233908","229146","463054"
"2018-07-19 05:59","ZooKeeperServer.java","25027","21816","46843"
"2018-09-18 01:00","ZooKeeperServer.java","108703","100906","209609"
"2019-03-04 08:07","ZooKeeperServer.java","234486","229147","463633"
"2019-07-08 23:26","ZooKeeperServer.java","243850","229258","473108"
"2019-01-23 14:00","ZooKeeperServer.java","231664","229121","460785"
"2019-02-13 13:19","ZooKeeperServer.java","234194","229146","463340"
"2019-05-14 17:11","ZooKeeperServer.java","239722","229239","468961"
"2019-06-04 10:55","ZooKeeperServer.java","240558","229258","469816"
"2019-04-09 15:35","ZooKeeperServer.java","235822","229149","464971"
"2019-08-03 08:42","ZooKeeperServer.java","255783","229259","485042"
"2019-05-15 11:56","ZooKeeperServer.java","239809","229239","469048"
"2019-05-22 11:39","ZooKeeperServer.java","240257","229241","469498"
"2019-04-22 19:15","ZooKeeperServer.java","237820","229222","467042"
"2019-09-10 04:26","ZooKeeperServer.java","256121","229260","485381"
"2019-08-17 17:13","ZooKeeperServer.java","255075","229259","484334"
"2019-09-05 23:12","ZooKeeperServer.java","255995","229260","485255"
"2019-09-10 15:21","ZooKeeperServer.java","256119","229260","485379"
"2019-08-01 07:31","ZooKeeperServer.java","255746","229259","485005"
"2019-08-01 07:28","ZooKeeperServer.java","255256","229259","484515"
"2019-06-03 19:40","ZooKeeperServer.java","240405","229258","469663"
"2019-11-23 17:08","ZooKeeperServer.java","261547","231030","492577"
"2019-10-09 16:49","ZooKeeperServer.java","258662","229260","487922"
"2019-07-03 00:44","ZooKeeperServer.java","243087","229258","472345"
"2019-07-24 18:00","ZooKeeperServer.java","251530","229259","480789"
"2018-08-08 06:21","ZooKeeperServer.java","74487","69796","144283"
"2018-05-09 23:57","ZooKeeperServer.java","1889","384","2273"
"2019-12-27 22:33","ZooKeeperServer.java","265525","231031","496556"
"2018-09-11 00:17","ZooKeeperServer.java","106364","100769","207133"
"2019-11-18 09:05","ZooKeeperServer.java","259990","231030","491020"
"2019-10-10 14:37","ZooKeeperServer.java","258829","229260","488089"
"2019-09-16 23:26","ZooKeeperServer.java","258095","229260","487355"
"2019-12-03 10:01","ZooKeeperServer.java","263449","231030","494479"
"2020-03-25 03:38","ZooKeeperServer.java","269633","231032","500665"
"2019-11-28 12:24","ZooKeeperServer.java","261752","231030","492782"
"2019-11-06 15:21","ZooKeeperServer.java","259093","229308","488401"
"2020-04-12 11:14","ZooKeeperServer.java","270447","231093","501540"
"2018-06-08 16:52","ZooKeeperServer.java","2880","626","3506"
"2018-06-15 07:41","ZooKeeperServer.java","2892","635","3527"
"2018-07-28 04:37","ZooKeeperServer.java","25739","21952","47691"
"2019-04-18 19:17","ZooKeeperServer.java","237555","229222","466777"
"2019-05-14 17:11","SyncRequestProcessor.java","242374","90122","332496"
"2010-03-14 05:01","SyncRequestProcessor.java","86990","8683","95673"
"2019-06-05 00:46","SyncRequestProcessor.java","243566","90121","333687"
"2019-05-22 11:39","SyncRequestProcessor.java","242907","90122","333029"
"2009-02-20 01:23","SyncRequestProcessor.java","16310","2703","19013"
"2013-09-30 22:20","SyncRequestProcessor.java","128795","15221","144016"
"2019-06-03 19:40","SyncRequestProcessor.java","243037","90121","333158"
"2019-08-17 17:13","SyncRequestProcessor.java","257706","90121","347827"
"2009-06-18 18:37","SyncRequestProcessor.java","48749","4671","53420"
"2009-11-07 08:16","SyncRequestProcessor.java","64425","7432","71857"
"2019-10-10 14:37","SyncRequestProcessor.java","261459","90121","351580"
"2013-10-24 20:41","SyncRequestProcessor.java","132394","15306","147700"
"2020-01-07 20:39","SyncRequestProcessor.java","267215","90577","357792"
"2020-03-25 03:38","SyncRequestProcessor.java","270947","90577","361524"
"2010-08-18 08:24","SyncRequestProcessor.java","107970","9957","117927"
"2015-03-08 23:07","SyncRequestProcessor.java","151952","17087","169039"
"2011-04-12 09:14","SyncRequestProcessor.java","99928","10870","110798"
"2019-04-30 18:08","SyncRequestProcessor.java","241543","90122","331665"
"2015-11-21 22:18","ManagedUtil.java","159532","20271","179803"
"2009-01-15 23:57","ManagedUtil.java","2775","3801","6576"
"2018-11-27 09:57","ManagedUtil.java","226376","91101","317477"
"2019-08-17 17:13","ManagedUtil.java","257706","91128","348834"
"2020-03-01 06:42","ManagedUtil.java","269545","91584","361129"
"2019-08-17 17:13","FLEPredicateTest.java","255079","228064","483143"
"2019-11-08 17:30","Request.java","32331","27818","60149"
"2019-08-17 17:13","Request.java","23743","24844","48587"
"2020-03-25 03:38","Request.java","47173","35489","82662"
"2019-09-20 10:06","Request.java","28787","27025","55812"
"2019-09-16 23:26","Request.java","28627","26709","55336"
"2019-12-27 22:33","Request.java","41248","33671","74919"
"2019-11-11 13:59","Request.java","34159","27850","62009"
"2020-05-05 21:20","Request.java","51741","39026","90767"
"2019-10-10 14:37","FilePadding.java","258676","229914","488590"
"2019-08-17 17:13","FilePadding.java","254922","229913","484835"
"2019-06-03 19:40","FilePadding.java","240252","229912","470164"
"2019-08-17 17:13","RateLogger.java","256104","214963","471067"
"2019-07-31 19:06","RateLogger.java","255411","214963","470374"
"2019-08-17 17:13","SnapStream.java","25455","24762","50217"
"2019-10-10 14:37","SnapStream.java","31893","27447","59340"
"2019-09-26 14:16","SnapStream.java","30944","26932","57876"
"2019-12-03 19:12","SnapStream.java","40580","33272","73852"
"2018-09-11 15:23","ServerConfig.java","199335","83710","283045"
"2019-04-12 19:01","ServerConfig.java","239307","131748","371055"
"2019-02-13 13:12","ServerConfig.java","236411","131713","368124"
"2017-07-28 00:36","ServerConfig.java","136635","33171","169806"
"2019-05-15 11:56","ServerConfig.java","242254","131748","374002"
"2019-08-17 17:13","ServerConfig.java","257500","131748","389248"
"2015-03-17 18:06","ServerConfig.java","124703","29723","154426"
"2011-09-17 02:42","ServerConfig.java","79229","23953","103182"
"2010-03-12 19:26","ServerConfig.java","50586","14131","64717"
"2010-03-09 05:44","ServerConfig.java","49758","14033","63791"
"2016-12-22 04:10","ServerConfig.java","137884","32024","169908"
"2019-04-18 19:17","ServerConfig.java","240017","131748","371765"
"2019-08-17 17:13","GetEphemeralsCommand.java","54043","30023","84066"
"2019-08-17 17:13","MockSelectorThread.java","256360","198306","454666"
"2019-11-08 17:30","FinalRequestProcessor.java","7042","2473","9515"
"2020-03-25 03:38","FinalRequestProcessor.java","22478","10738","33216"
"2019-09-16 23:26","FinalRequestProcessor.java","2435","461","2896"
"2019-10-10 14:37","FinalRequestProcessor.java","4990","2282","7272"
"2019-11-21 05:58","FinalRequestProcessor.java","9716","7594","17310"
"2019-11-18 09:05","FinalRequestProcessor.java","9677","7578","17255"
"2019-11-11 13:59","FinalRequestProcessor.java","8865","2500","11365"
"2020-03-26 22:12","FinalRequestProcessor.java","22534","10792","33326"
"2019-11-28 12:24","DataTree.java","262932","179499","442431"
"2011-07-13 15:48","DataTree.java","7777","1445","9222"
"2011-06-25 08:13","DataTree.java","3361","1229","4590"
"2011-07-28 07:49","DataTree.java","10368","1590","11958"
"2019-10-10 14:37","DataTree.java","260685","178405","439090"
"2019-12-27 22:33","DataTree.java","266704","179499","446203"
"2015-06-06 03:48","DataTree.java","75072","21337","96409"
"2019-11-11 13:59","DataTree.java","264342","178405","442747"
"2018-07-10 13:29","DataTree.java","103873","35929","139802"
"2012-12-19 19:16","DataTree.java","34481","12465","46946"
"2014-04-17 08:47","DataTree.java","57687","19823","77510"
"2014-04-29 02:23","DataTree.java","58398","19828","78226"
"2011-09-15 00:55","DataTree.java","16059","4548","20607"
"2011-09-28 22:17","DataTree.java","16764","5068","21832"
"2018-09-28 23:38","DataTree.java","183147","107377","290524"
"2011-09-17 02:36","DataTree.java","16472","5033","21505"
"2011-10-20 18:48","DataTree.java","16371","6515","22886"
"2019-11-08 17:30","DataTree.java","262546","178405","440951"
"2013-09-05 23:50","DataTree.java","41525","13237","54762"
"2019-01-30 16:28","DataTree.java","233978","178340","412318"
"2019-01-30 17:02","DataTree.java","234522","178340","412862"
"2016-11-24 17:18","DataTree.java","86685","25183","111868"
"2017-09-11 18:55","DataTree.java","88187","27844","116031"
"2011-07-01 00:53","DataTree.java","6351","1706","8057"
"2012-02-06 10:39","DataTree.java","20728","8313","29041"
"2011-12-21 21:39","DataTree.java","19329","7782","27111"
"2017-02-05 07:22","DataTree.java","88190","25249","113439"
"2014-07-18 02:19","DataTree.java","65966","20643","86609"
"2019-02-07 11:26","DataTree.java","235200","178341","413541"
"2013-03-07 07:01","DataTree.java","39549","12977","52526"
"2018-09-04 11:54","DataTree.java","177841","107155","284996"
"2018-09-05 22:35","DataTree.java","178098","107156","285254"
"2018-12-20 15:17","DataTree.java","230466","178339","408805"
"2019-09-10 09:53","DataTree.java","257981","178405","436386"
"2019-04-12 19:01","DataTree.java","238740","178406","417146"
"2019-07-31 19:06","DataTree.java","256239","178405","434644"
"2019-09-11 10:27","DataTree.java","258288","178405","436693"
"2013-10-22 12:54","DataTree.java","45982","13625","59607"
"2016-03-23 00:30","DataTree.java","79204","24030","103234"
"2019-08-01 07:31","DataTree.java","257603","178405","436008"
"2014-01-24 07:18","DataTree.java","49071","13766","62837"
"2019-08-17 17:13","DataTree.java","256932","178405","435337"
"2019-09-10 15:21","DataTree.java","257975","178405","436380"
"2015-06-04 19:51","DataTree.java","74960","21330","96290"
"2016-10-07 21:51","DataTree.java","83275","24594","107869"
"2017-06-18 19:23","DataTree.java","87597","27568","115165"
"2019-04-12 12:29","DataTree.java","238309","178406","416715"
"2019-08-03 08:42","DataTree.java","257640","178405","436045"
"2019-08-09 16:15","DataTree.java","258388","178405","436793"
"2016-11-13 20:59","DataTree.java","85548","24614","110162"
"2019-04-29 16:49","DataTree.java","240770","178406","419176"
"2017-09-11 18:55","JavaGenerator.java","137377","31524","168901"
"2019-07-29 17:15","JavaGenerator.java","255100","129922","385022"
"2019-08-03 08:42","SaslServerPrincipal.java","52118","49896","102014"
"2019-08-17 17:13","SaslServerPrincipal.java","70811","69297","140108"
"2019-09-30 22:26","SaslServerPrincipal.java","75711","70832","146543"
"2019-10-10 14:37","SaslServerPrincipal.java","76537","71270","147807"
"2019-04-10 13:19","FileSnap.java","236499","224179","460678"
"2019-07-31 19:06","FileSnap.java","254557","224198","478755"
"2020-01-30 09:43","FileSnap.java","267351","225825","493176"
"2019-05-27 10:54","FileSnap.java","240552","224180","464732"
"2017-08-18 06:32","FileSnap.java","1709","1707","3416"
"2019-08-17 17:13","FileSnap.java","255250","224198","479448"
"2018-02-14 21:23","FileSnap.java","8149","3077","11226"
"2019-12-03 19:12","FileSnap.java","263490","225823","489313"
"2019-12-27 22:33","FileSnap.java","265554","225824","491378"
"2019-10-10 14:37","FileSnap.java","259003","224198","483201"
"2020-01-28 17:26","FileSnap.java","267275","225825","493100"
"2019-05-08 21:54","ZKTestCase.java","239748","224223","463971"
"2019-08-06 17:11","ZKTestCase.java","256366","224242","480608"
"2019-08-17 17:13","ZKTestCase.java","255265","224242","479507"
"2018-12-09 03:16","ZKTestCase.java","227803","224122","451925"
"2019-10-10 14:37","ZKTestCase.java","259018","224242","483260"
"2019-11-14 16:44","ZKTestCase.java","263340","224290","487630"
"2019-11-28 12:24","ZKTestCase.java","261784","225855","487639"
"2018-09-15 00:08","ZooKeeperServer.java","118583","107521","226104"
"2019-04-12 19:01","ZooKeeperServer.java","237080","225539","462619"
"2019-07-31 19:06","ZooKeeperServer.java","254599","225558","480157"
"2019-09-11 10:27","ZooKeeperServer.java","256648","225558","482206"
"2019-01-14 19:38","ZooKeeperServer.java","230465","225439","455904"
"2019-01-07 15:34","ZooKeeperServer.java","230066","225439","455505"
"2018-11-21 17:56","ZooKeeperServer.java","223261","225437","448698"
"2017-04-28 07:14","ZooKeeperServer.java","3792","4648","8440"
"2017-02-12 00:12","ZooKeeperServer.java","2703","4458","7161"
"2019-02-13 13:12","ZooKeeperServer.java","234141","225461","459602"
"2016-11-24 17:18","ZooKeeperServer.java","605","584","1189"
"2018-07-19 05:59","ZooKeeperServer.java","37079","29950","67029"
"2018-09-18 01:00","ZooKeeperServer.java","119343","107628","226971"
"2019-03-04 08:07","ZooKeeperServer.java","234719","225462","460181"
"2019-07-08 23:26","ZooKeeperServer.java","244067","225557","469624"
"2019-01-23 14:00","ZooKeeperServer.java","231901","225440","457341"
"2019-02-13 13:19","ZooKeeperServer.java","234427","225461","459888"
"2019-05-14 17:11","ZooKeeperServer.java","239940","225539","465479"
"2019-06-04 10:55","ZooKeeperServer.java","240775","225557","466332"
"2019-04-09 15:35","ZooKeeperServer.java","236055","225464","461519"
"2019-08-03 08:42","ZooKeeperServer.java","256000","225558","481558"
"2019-05-15 11:56","ZooKeeperServer.java","240027","225539","465566"
"2019-05-22 11:39","ZooKeeperServer.java","240474","225540","466014"
"2019-04-22 19:15","ZooKeeperServer.java","238055","225539","463594"
"2018-02-23 23:49","ZooKeeperServer.java","12737","8819","21556"
"2017-08-18 06:32","ZooKeeperServer.java","6229","7545","13774"
"2017-06-26 00:16","ZooKeeperServer.java","4565","5889","10454"
"2019-09-10 04:26","ZooKeeperServer.java","256337","225558","481895"
"2019-08-17 17:13","ZooKeeperServer.java","255292","225558","480850"
"2019-09-05 23:12","ZooKeeperServer.java","256211","225558","481769"
"2019-09-10 15:21","ZooKeeperServer.java","256335","225558","481893"
"2019-08-01 07:31","ZooKeeperServer.java","255963","225558","481521"
"2019-08-01 07:28","ZooKeeperServer.java","255473","225558","481031"
"2019-06-03 19:40","ZooKeeperServer.java","240622","225557","466179"
"2019-11-23 17:08","ZooKeeperServer.java","261597","227162","488759"
"2019-10-09 16:49","ZooKeeperServer.java","258878","225558","484436"
"2019-07-03 00:44","ZooKeeperServer.java","243304","225557","468861"
"2018-01-19 01:12","ZooKeeperServer.java","11611","8735","20346"
"2019-07-24 18:00","ZooKeeperServer.java","251747","225558","477305"
"2018-08-08 06:21","ZooKeeperServer.java","86484","77875","164359"
"2018-05-09 23:57","ZooKeeperServer.java","14522","9099","23621"
"2019-12-27 22:33","ZooKeeperServer.java","265575","227163","492738"
"2018-09-11 00:17","ZooKeeperServer.java","117011","107498","224509"
"2019-11-18 09:05","ZooKeeperServer.java","260040","227162","487202"
"2019-10-10 14:37","ZooKeeperServer.java","259045","225558","484603"
"2019-09-16 23:26","ZooKeeperServer.java","258311","225558","483869"
"2017-06-23 18:39","ZooKeeperServer.java","4491","5795","10286"
"2019-12-03 10:01","ZooKeeperServer.java","263499","227162","490661"
"2020-03-25 03:38","ZooKeeperServer.java","269683","227164","496847"
"2019-11-28 12:24","ZooKeeperServer.java","261802","227162","488964"
"2019-11-06 15:21","ZooKeeperServer.java","259309","225606","484915"
"2020-04-12 11:14","ZooKeeperServer.java","270496","227224","497720"
"2018-06-08 16:52","ZooKeeperServer.java","15494","9322","24816"
"2018-06-15 07:41","ZooKeeperServer.java","15505","9330","24835"
"2018-07-28 04:37","ZooKeeperServer.java","37787","30082","67869"
"2019-04-18 19:17","ZooKeeperServer.java","237790","225539","463329"
"2019-10-10 14:37","Login.java","260412","175348","435760"
"2015-12-09 05:05","Login.java","64102","17965","82067"
"2019-11-11 13:59","Login.java","264097","175376","439473"
"2015-11-21 22:18","Login.java","63656","17909","81565"
"2015-02-06 06:17","Login.java","56332","16162","72494"
"2017-11-28 00:10","Login.java","80366","26070","106436"
"2016-05-02 18:15","Login.java","66748","20737","87485"
"2019-08-17 17:13","Login.java","256659","175348","432007"
"2012-09-28 18:32","Login.java","11942","4778","16720"
"2019-08-03 08:42","Login.java","257367","175348","432715"
"2010-03-31 06:26","GetChildren2Test.java","34631","12649","47280"
"2019-08-17 17:13","GetChildren2Test.java","257247","146226","403473"
"2019-08-17 17:13","ReconfigBackupTest.java","44192","29523","73715"
"2019-08-17 17:13","CommitProcessor.java","46141","29861","76002"
"2019-07-30 02:31","CommitProcessor.java","21352","7151","28503"
"2019-08-03 08:42","CommitProcessor.java","24565","7577","32142"
"2020-03-25 03:38","CommitProcessor.java","68771","39706","108477"
"2019-10-10 14:37","CommitProcessor.java","52211","32178","84389"
"2019-11-11 13:55","CommitProcessor.java","54349","32361","86710"
"2019-12-27 22:33","CommitProcessor.java","63042","38084","101126"
"2019-08-17 17:13","NIOServerCnxnTest.java","254847","231754","486601"
"2019-07-03 00:44","NIOServerCnxnTest.java","242859","231753","474612"
"2019-11-08 17:30","FinalRequestProcessor.java","9522","3908","13430"
"2019-09-10 04:26","FinalRequestProcessor.java","2523","1478","4001"
"2020-03-25 03:38","FinalRequestProcessor.java","24918","12133","37051"
"2019-09-16 23:26","FinalRequestProcessor.java","4958","1939","6897"
"2019-10-10 14:37","FinalRequestProcessor.java","7470","3717","11187"
"2019-11-21 05:58","FinalRequestProcessor.java","12196","9029","21225"
"2019-11-18 09:05","FinalRequestProcessor.java","12157","9013","21170"
"2019-11-11 13:59","FinalRequestProcessor.java","11345","3935","15280"
"2020-03-26 22:12","FinalRequestProcessor.java","24974","12187","37161"
"2018-09-11 15:23","ServerConfig.java","204532","60769","265301"
"2019-04-12 19:01","ServerConfig.java","239491","103732","343223"
"2019-02-13 13:12","ServerConfig.java","236609","103711","340320"
"2017-07-28 00:36","ServerConfig.java","158695","27093","185788"
"2009-06-09 07:04","ServerConfig.java","31723","3523","35246"
"2009-04-07 00:19","ServerConfig.java","2007","824","2831"
"2019-05-15 11:56","ServerConfig.java","242438","103732","346170"
"2019-08-17 17:13","ServerConfig.java","257683","103731","361414"
"2009-06-05 06:44","ServerConfig.java","31441","3325","34766"
"2015-03-17 18:06","ServerConfig.java","147270","24152","171422"
"2011-09-17 02:42","ServerConfig.java","102277","18863","121140"
"2010-03-12 19:26","ServerConfig.java","77317","12662","89979"
"2010-03-09 05:44","ServerConfig.java","76496","12571","89067"
"2016-12-22 04:10","ServerConfig.java","160258","26260","186518"
"2019-04-18 19:17","ServerConfig.java","240201","103732","343933"
"2019-08-17 17:13","ReadOnlyModeTest.java","256104","214963","471067"
"2017-04-18 01:37","ReadOnlyModeTest.java","22467","12024","34491"
"2017-06-08 17:51","ReadOnlyModeTest.java","22790","12979","35769"
"2019-07-31 19:06","Commands.java","254154","231754","485908"
"2019-11-29 14:49","Commands.java","263341","233691","497032"
"2018-11-17 18:37","Commands.java","222769","231601","454370"
"2018-09-18 01:00","Commands.java","94873","89799","184672"
"2019-08-17 17:13","Commands.java","254847","231754","486601"
"2019-06-29 00:33","Commands.java","242833","231753","474586"
"2019-06-03 19:40","Commands.java","240177","231753","471930"
"2019-07-15 14:15","Commands.java","250266","231754","482020"
"2019-07-25 23:43","Commands.java","251383","231754","483137"
"2019-06-05 12:14","Commands.java","240704","231753","472457"
"2019-08-06 01:43","Commands.java","255729","231754","487483"
"2019-05-27 10:54","Commands.java","240149","231736","471885"
"2019-06-04 10:55","Commands.java","240330","231753","472083"
"2019-05-15 11:56","Commands.java","239581","231734","471315"
"2019-12-03 10:01","Commands.java","263387","233691","497078"
"2018-09-11 00:17","Commands.java","92517","89645","182162"
"2019-11-20 07:00","Commands.java","259940","233691","493631"
"2019-08-17 17:13","ClientCnxn.java","55054","29884","84938"
"2019-01-31 15:50","ClientCnxn.java","3197","360","3557"
"2019-04-09 15:35","ClientCnxn.java","7111","1084","8195"
"2019-11-08 17:30","ClientCnxn.java","62817","32033","94850"
"2019-01-16 14:21","ClientCnxn.java","1246","96","1342"
"2019-03-06 03:32","ClientCnxn.java","5757","802","6559"
"2019-02-07 11:26","ClientCnxn.java","3927","425","4352"
"2020-05-17 15:13","ClientCnxn.java","81845","42730","124575"
"2020-03-03 03:12","ClientCnxn.java","75718","38813","114531"
"2020-01-21 17:53","ClientCnxn.java","71647","38481","110128"
"2019-10-10 14:37","ClientCnxn.java","60804","31881","92685"
"2019-11-21 05:58","ClientCnxn.java","65219","36882","102101"
"2020-04-16 12:50","ClientCnxn.java","78235","39491","117726"
"2018-09-11 15:23","ServerConfig.java","203721","61141","264862"
"2019-04-12 19:01","ServerConfig.java","239404","104828","344232"
"2019-02-13 13:12","ServerConfig.java","236514","104799","341313"
"2017-07-28 00:36","ServerConfig.java","157759","27340","185099"
"2009-06-09 07:04","ServerConfig.java","29816","2799","32615"
"2019-05-15 11:56","ServerConfig.java","242351","104828","347179"
"2019-08-17 17:13","ServerConfig.java","257596","104827","362423"
"2009-06-05 06:44","ServerConfig.java","29527","2594","32121"
"2015-03-17 18:06","ServerConfig.java","146232","24297","170529"
"2011-09-17 02:42","ServerConfig.java","101209","18978","120187"
"2010-03-12 19:26","ServerConfig.java","75998","12526","88524"
"2010-03-09 05:44","ServerConfig.java","75177","12435","87612"
"2016-12-22 04:10","ServerConfig.java","159266","26451","185717"
"2019-04-18 19:17","ServerConfig.java","240114","104828","344942"
"2019-08-17 17:13","SaslQuorumAuthServer.java","255079","228064","483143"
"2019-10-10 14:37","SaslQuorumAuthServer.java","258833","228065","486898"
"2019-05-08 21:54","ZKTestCase.java","240637","210243","450880"
"2019-08-06 17:11","ZKTestCase.java","257252","210259","467511"
"2019-08-17 17:13","ZKTestCase.java","256151","210259","466410"
"2017-03-04 19:22","ZKTestCase.java","27703","12834","40537"
"2018-12-09 03:16","ZKTestCase.java","228699","210149","438848"
"2019-10-10 14:37","ZKTestCase.java","259904","210259","470163"
"2019-11-14 16:44","ZKTestCase.java","264206","210287","474493"
"2019-11-28 12:24","ZKTestCase.java","262497","211699","474196"
"2020-01-20 08:39","ZKConfig.java","264782","227968","492750"
"2020-01-20 09:06","ZKConfig.java","264878","227968","492846"
"2019-10-10 14:37","ZKConfig.java","259029","226362","485391"
"2018-10-16 16:22","ZKConfig.java","231792","204481","436273"
"2018-12-15 07:34","ZKConfig.java","227729","226242","453971"
"2019-08-17 17:13","ZKConfig.java","255276","226362","481638"
"2015-10-18 19:00","QuorumPeer.java","110733","32258","142991"
"2018-12-20 15:13","QuorumPeer.java","230707","154139","384846"
"2019-05-16 16:25","QuorumPeer.java","241986","154189","396175"
"2018-10-16 16:22","QuorumPeer.java","238538","125508","364046"
"2019-06-14 09:06","QuorumPeer.java","245185","154189","399374"
"2010-03-16 23:25","QuorumPeer.java","24613","10867","35480"
"2018-12-07 12:41","QuorumPeer.java","227721","154139","381860"
"2012-04-23 01:20","QuorumPeer.java","65566","27414","92980"
"2012-07-17 23:19","QuorumPeer.java","66405","27481","93886"
"2019-03-11 19:47","QuorumPeer.java","237148","154152","391300"
"2012-02-27 03:41","QuorumPeer.java","61995","25928","87923"
"2014-07-18 02:19","QuorumPeer.java","100425","31684","132109"
"2019-02-13 13:12","QuorumPeer.java","236093","154149","390242"
"2011-04-29 18:12","QuorumPeer.java","46517","21711","68228"
"2019-04-12 19:01","QuorumPeer.java","238994","154189","393183"
"2018-12-09 03:16","QuorumPeer.java","229795","154139","383934"
"2018-09-11 15:23","QuorumPeer.java","189881","94522","284403"
"2019-11-29 14:49","QuorumPeer.java","264683","155128","419811"
"2013-03-07 07:01","QuorumPeer.java","79033","29043","108076"
"2018-12-15 07:34","QuorumPeer.java","229710","154139","383849"
"2018-11-27 10:02","QuorumPeer.java","227471","154139","381610"
"2018-09-18 01:00","QuorumPeer.java","191188","94574","285762"
"2012-02-06 09:40","QuorumPeer.java","61461","25635","87096"
"2019-06-03 19:40","QuorumPeer.java","242518","154189","396707"
"2019-07-15 14:15","QuorumPeer.java","252606","154189","406795"
"2015-03-17 18:06","QuorumPeer.java","106663","31949","138612"
"2019-07-03 00:44","QuorumPeer.java","245200","154189","399389"
"2019-08-17 17:13","QuorumPeer.java","257187","154189","411376"
"2015-06-27 02:03","QuorumPeer.java","109550","32147","141697"
"2017-11-28 00:10","QuorumPeer.java","123903","36285","160188"
"2014-01-21 04:50","QuorumPeer.java","86792","29652","116444"
"2014-06-04 22:07","QuorumPeer.java","94175","31234","125409"
"2018-01-30 08:02","QuorumPeer.java","124089","36318","160407"
"2019-05-15 11:56","QuorumPeer.java","241941","154189","396130"
"2019-06-05 00:33","QuorumPeer.java","242908","154189","397097"
"2019-05-20 23:13","QuorumPeer.java","242059","154189","396248"
"2019-06-04 10:55","QuorumPeer.java","242671","154189","396860"
"2019-07-12 17:01","QuorumPeer.java","252500","154189","406689"
"2020-01-09 11:27","QuorumPeer.java","266229","155128","421357"
"2017-02-09 11:40","QuorumPeer.java","121054","34660","155714"
"2011-06-14 07:14","QuorumPeer.java","48248","21827","70075"
"2017-07-06 18:48","QuorumPeer.java","120113","36033","156146"
"2018-10-01 06:11","QuorumPeer.java","193865","94672","288537"
"2015-04-09 20:16","QuorumPeer.java","107733","31956","139689"
"2013-10-07 21:08","QuorumPeer.java","82211","29405","111616"
"2013-09-30 22:20","QuorumPeer.java","81648","29273","110921"
"2018-07-04 17:11","QuorumPeer.java","135111","43779","178890"
"2019-12-17 13:48","QuorumPeer.java","265255","155128","420383"
"2015-12-07 05:59","QuorumPeer.java","111573","32340","143913"
"2020-01-23 13:43","QuorumPeer.java","268053","155128","423181"
"2016-06-23 23:45","QuorumPeer.java","114212","33909","148121"
"2011-05-03 19:57","QuorumPeer.java","46523","21713","68236"
"2016-06-23 23:25","QuorumPeer.java","114104","33909","148013"
"2010-03-09 05:44","QuorumPeer.java","23607","10636","34243"
"2010-03-12 19:26","QuorumPeer.java","24467","10766","35233"
"2014-03-23 04:12","QuorumPeer.java","89174","29814","118988"
"2013-09-26 00:13","QuorumPeer.java","81388","29257","110645"
"2011-06-17 01:34","QuorumPeer.java","48377","21885","70262"
"2011-06-14 14:11","QuorumPeer.java","48276","21828","70104"
"2010-03-10 02:27","QuorumPeer.java","23829","10644","34473"
"2010-03-10 19:52","QuorumPeer.java","23925","10654","34579"
"2014-07-18 20:48","QuorumPeer.java","100893","31693","132586"
"2014-07-04 04:19","QuorumPeer.java","95827","31243","127070"
"2018-12-06 10:56","QuorumPeer.java","227665","154139","381804"
"2014-06-25 15:04","QuorumPeer.java","94673","31235","125908"
"2014-03-28 01:58","QuorumPeer.java","89595","29817","119412"
"2009-11-20 23:28","QuorumPeer.java","836","557","1393"
"2009-12-18 03:19","QuorumPeer.java","2715","1863","4578"
"2009-12-15 23:23","QuorumPeer.java","1552","974","2526"
"2013-10-21 23:36","QuorumPeer.java","85105","29557","114662"
"2019-10-10 14:37","QuorumPeer.java","260940","154189","415129"
"2013-11-07 06:41","QuorumPeer.java","85560","29581","115141"
"2017-07-27 23:09","QuorumPeer.java","119135","36041","155176"
"2014-05-18 05:49","QuorumPeer.java","93671","31219","124890"
"2011-10-25 08:09","QuorumPeer.java","58602","25280","83882"
"2014-03-25 22:13","QuorumPeer.java","89410","29814","119224"
"2011-04-12 09:14","QuorumPeer.java","46141","21670","67811"
"2011-11-01 08:15","QuorumPeer.java","58899","25388","84287"
"2011-03-16 19:49","QuorumPeer.java","83404","17460","100864"
"2018-06-26 11:18","QuorumPeer.java","127800","36486","164286"
"2018-07-27 12:32","QuorumPeer.java","145488","52956","198444"
"2019-04-18 19:17","QuorumPeer.java","239704","154189","393893"
"2011-10-27 23:25","QuorumPeer.java","58807","25325","84132"
"2011-08-30 08:37","QuorumPeer.java","56861","20653","77514"
"2011-08-30 08:29","QuorumPeer.java","56843","20647","77490"
"2010-08-18 08:24","QuorumPeer.java","49884","16458","66342"
"2013-10-09 22:21","QuorumPeer.java","84743","29558","114301"
"2016-12-20 14:47","QuorumPeer.java","119844","34585","154429"
"2011-05-20 01:17","QuorumPeer.java","47023","21733","68756"
"2010-05-05 22:32","QuorumPeer.java","28701","14970","43671"
"2017-05-11 16:59","QuorumPeer.java","119193","35980","155173"
"2014-07-03 06:01","QuorumPeer.java","95405","31243","126648"
"2014-08-14 08:08","QuorumPeer.java","101822","31761","133583"
"2014-08-01 07:38","QuorumPeer.java","101401","31761","133162"
"2014-07-20 04:50","QuorumPeer.java","100974","31712","132686"
"2016-06-02 00:59","QuorumPeer.java","113734","33908","147642"
"2020-02-16 10:25","QuorumPeer.java","268766","155128","423894"
"2019-06-07 14:13","TruncateTest.java","243119","167754","410873"
"2015-05-14 18:40","TruncateTest.java","100353","36907","137260"
"2019-08-17 17:13","TruncateTest.java","257015","167754","424769"
"2018-05-09 23:57","TruncateTest.java","119663","42176","161839"
"2014-09-27 08:20","TruncateTest.java","95079","36648","131727"
"2019-07-12 17:01","TruncateTest.java","252328","167754","420082"
"2017-08-18 06:32","TruncateTest.java","112524","41776","154300"
"2012-07-17 23:25","TruncateTest.java","54327","27613","81940"
"2017-09-11 18:55","TruncateTest.java","112800","41874","154674"
"2014-06-30 19:11","TruncateTest.java","87218","36021","123239"
"2016-08-24 01:36","TruncateTest.java","107129","39198","146327"
"2010-03-31 06:26","TruncateTest.java","2938","2716","5654"
"2010-08-18 08:24","TruncateTest.java","27359","7670","35029"
"2017-05-11 16:59","TruncateTest.java","112002","41624","153626"
"2020-01-28 17:26","TruncateTest.java","268460","168801","437261"
"2017-01-07 01:09","TruncateTest.java","112675","39612","152287"
"2014-02-12 17:00","TruncateTest.java","76111","29973","106084"
"2014-01-03 01:24","TruncateTest.java","74069","29893","103962"
"2019-08-17 17:13","QuorumBean.java","257706","90102","347808"
"2018-10-16 16:22","QuorumBean.java","242954","68706","311660"
"2018-12-20 15:13","QuorumBean.java","231249","90075","321324"
"2013-03-07 07:01","QuorumBean.java","126374","15166","141540"
"2019-12-27 22:33","QuorumBean.java","266840","90558","357398"
"2019-08-17 17:13","QuorumBean.java","111485","109882","221367"
"2018-12-20 15:13","QuorumBean.java","62905","87732","150637"
"2019-12-27 22:33","QuorumBean.java","124281","114000","238281"
"2011-08-19 00:05","Watcher.java","107608","12653","120261"
"2019-11-08 17:30","Watcher.java","263320","91206","354526"
"2017-07-28 00:36","Watcher.java","166260","22948","189208"
"2019-08-17 17:13","Watcher.java","257706","91206","348912"
"2015-05-29 21:48","Watcher.java","156606","20207","176813"
"2014-01-24 07:18","Watcher.java","137314","18477","155791"
"2011-05-20 01:17","Watcher.java","102934","14142","117076"
"2019-08-17 17:13","X509KeyType.java","68806","36682","105488"
"2018-10-16 16:22","RaceConditionTest.java","231194","205782","436976"
"2019-08-17 17:13","RaceConditionTest.java","255079","228064","483143"
"2019-01-07 14:55","LeaderMXBean.java","229826","228775","458601"
"2019-07-25 21:41","LeaderMXBean.java","251558","228915","480473"
"2019-08-17 17:13","LeaderMXBean.java","255075","228915","483990"
"2019-10-10 14:37","FLENewEpochTest.java","260685","178405","439090"
"2019-08-17 17:13","FLENewEpochTest.java","256932","178405","435337"
"2019-08-17 17:13","FourLetterWordsQuorumTest.java","255966","219061","475027"
"2019-10-10 14:37","FourLetterWordsQuorumTest.java","259719","219061","478780"
"2019-08-17 17:13","KeyStoreFileType.java","68806","36682","105488"
"2019-07-15 14:46","KeyStoreFileType.java","42763","14790","57553"
"2018-09-07 02:49","ClientBase.java","105610","100774","206384"
"2019-07-31 19:06","ClientBase.java","254317","229914","484231"
"2019-08-17 17:13","ClientBase.java","255010","229914","484924"
"2019-06-07 14:13","ClientBase.java","241113","229913","471026"
"2018-08-08 06:21","ClientBase.java","73766","69795","143561"
"2018-05-09 23:57","ClientBase.java","1071","286","1357"
"2019-06-24 11:05","ClientBase.java","242342","229913","472255"
"2019-11-14 16:44","ClientBase.java","263086","229963","493049"
"2019-10-10 14:37","ClientBase.java","258764","229915","488679"
"2019-08-17 17:13","Time.java","256104","214963","471067"
"2019-01-31 15:55","GetConfigCommand.java","233967","191665","425632"
"2019-08-17 17:13","GetConfigCommand.java","256406","191763","448169"
"2016-07-27 01:33","GetConfigCommand.java","48352","17743","66095"
"2013-01-25 07:46","NIOServerCnxnFactory.java","7738","2337","10075"
"2015-03-17 18:06","NIOServerCnxnFactory.java","48475","13759","62234"
"2019-07-03 00:44","NIOServerCnxnFactory.java","244477","181829","426306"
"2019-08-17 17:13","NIOServerCnxnFactory.java","256464","181829","438293"
"2012-12-19 19:07","NIOServerCnxnFactory.java","6287","1732","8019"
"2019-08-03 08:42","NIOServerCnxnFactory.java","257172","181829","439001"
"2019-04-22 19:15","NIOServerCnxnFactory.java","239230","181813","421043"
"2014-09-28 19:15","NIOServerCnxnFactory.java","44691","13350","58041"
"2018-11-23 11:51","NIOServerCnxnFactory.java","225142","181734","406876"
"2019-02-13 13:12","NIOServerCnxnFactory.java","235336","181755","417091"
"2014-07-18 02:19","NIOServerCnxnFactory.java","41584","12841","54425"
"2013-03-07 07:01","NIOServerCnxnFactory.java","13141","3149","16290"
"2018-10-24 04:03","NIOServerCnxnFactory.java","235563","162630","398193"
"2019-04-12 19:01","NIOServerCnxnFactory.java","238255","181813","420068"
"2018-06-15 08:02","NIOServerCnxnFactory.java","76101","25022","101123"
"2016-06-23 23:45","NIOServerCnxnFactory.java","58734","18429","77163"
"2014-03-23 04:12","NIOServerCnxnFactory.java","24417","5055","29472"
"2019-10-10 14:37","NIOServerCnxnFactory.java","260217","181829","442046"
"2019-11-14 03:54","NIOServerCnxnFactory.java","264501","181857","446358"
"2019-08-17 17:13","ChrootClientTest.java","257500","142084","399584"
"2019-10-10 14:37","ChrootClientTest.java","261253","142084","403337"
"2009-09-16 02:09","ChrootClientTest.java","3787","1372","5159"
"2011-04-12 09:14","ChrootClientTest.java","59741","22852","82593"
"2010-03-31 06:26","ChrootClientTest.java","40968","14591","55559"
"2019-10-10 14:37","LearnerSessionTracker.java","3921","3088","7009"
"2015-07-07 07:11","MultiOperationTest.java","61900","17683","79583"
"2019-09-18 11:20","MultiOperationTest.java","259571","175390","434961"
"2012-12-19 19:16","MultiOperationTest.java","18453","6383","24836"
"2013-12-17 17:55","MultiOperationTest.java","31992","8562","40554"
"2015-11-21 22:18","MultiOperationTest.java","63629","17924","81553"
"2012-01-16 03:32","MultiOperationTest.java","3277","1357","4634"
"2012-03-17 01:31","MultiOperationTest.java","5912","1941","7853"
"2012-02-06 10:58","MultiOperationTest.java","4395","1832","6227"
"2012-02-06 11:13","MultiOperationTest.java","4447","1840","6287"
"2019-06-26 10:57","MultiOperationTest.java","244509","175390","419899"
"2019-08-17 17:13","MultiOperationTest.java","256659","175390","432049"
"2013-02-03 15:52","MultiOperationTest.java","19577","7014","26591"
"2014-10-28 05:35","MultiOperationTest.java","54193","16004","70197"
"2018-09-15 00:08","ZooKeeperServer.java","160520","109112","269632"
"2019-04-12 19:01","ZooKeeperServer.java","238204","186317","424521"
"2019-07-31 19:06","ZooKeeperServer.java","255720","186333","442053"
"2019-09-11 10:27","ZooKeeperServer.java","257769","186333","444102"
"2019-01-14 19:38","ZooKeeperServer.java","231606","186234","417840"
"2019-01-07 15:34","ZooKeeperServer.java","231207","186234","417441"
"2018-11-21 17:56","ZooKeeperServer.java","224402","186232","410634"
"2017-04-28 07:14","ZooKeeperServer.java","60956","21466","82422"
"2017-02-12 00:12","ZooKeeperServer.java","59999","21408","81407"
"2014-07-18 02:19","ZooKeeperServer.java","35645","11457","47102"
"2013-12-11 19:22","ZooKeeperServer.java","15099","3073","18172"
"2019-02-13 13:12","ZooKeeperServer.java","235280","186254","421534"
"2016-11-24 17:18","ZooKeeperServer.java","59400","19033","78433"
"2018-07-19 05:59","ZooKeeperServer.java","89971","42496","132467"
"2018-09-18 01:00","ZooKeeperServer.java","161232","109171","270403"
"2019-03-04 08:07","ZooKeeperServer.java","235856","186253","422109"
"2019-07-08 23:26","ZooKeeperServer.java","245189","186333","431522"
"2019-01-23 14:00","ZooKeeperServer.java","233042","186235","419277"
"2019-02-13 13:19","ZooKeeperServer.java","235566","186254","421820"
"2019-05-14 17:11","ZooKeeperServer.java","241064","186317","427381"
"2013-01-25 02:17","ZooKeeperServer.java","1166","128","1294"
"2015-07-10 08:19","ZooKeeperServer.java","47185","14010","61195"
"2019-06-04 10:55","ZooKeeperServer.java","241897","186333","428230"
"2019-04-09 15:35","ZooKeeperServer.java","237191","186254","423445"
"2019-08-03 08:42","ZooKeeperServer.java","257121","186333","443454"
"2019-05-15 11:56","ZooKeeperServer.java","241151","186317","427468"
"2019-05-22 11:39","ZooKeeperServer.java","241597","186317","427914"
"2019-04-22 19:15","ZooKeeperServer.java","239179","186317","425496"
"2018-02-23 23:49","ZooKeeperServer.java","68294","24030","92324"
"2016-11-16 06:21","ZooKeeperServer.java","58812","18466","77278"
"2017-08-18 06:32","ZooKeeperServer.java","62173","23143","85316"
"2017-06-26 00:16","ZooKeeperServer.java","61608","22586","84194"
"2019-09-10 04:26","ZooKeeperServer.java","257458","186333","443791"
"2019-08-17 17:13","ZooKeeperServer.java","256413","186333","442746"
"2019-09-05 23:12","ZooKeeperServer.java","257332","186333","443665"
"2019-09-10 15:21","ZooKeeperServer.java","257456","186333","443789"
"2019-08-01 07:31","ZooKeeperServer.java","257084","186333","443417"
"2019-08-01 07:28","ZooKeeperServer.java","256594","186333","442927"
"2019-06-03 19:40","ZooKeeperServer.java","241744","186333","428077"
"2015-03-17 18:06","ZooKeeperServer.java","42648","12487","55135"
"2019-11-23 17:08","ZooKeeperServer.java","262459","187678","450137"
"2019-10-09 16:49","ZooKeeperServer.java","259999","186333","446332"
"2019-07-03 00:44","ZooKeeperServer.java","244426","186333","430759"
"2018-01-19 01:12","ZooKeeperServer.java","67171","23949","91120"
"2019-07-24 18:00","ZooKeeperServer.java","252868","186333","439201"
"2013-05-16 18:49","ZooKeeperServer.java","7172","1584","8756"
"2018-08-08 06:21","ZooKeeperServer.java","133759","84804","218563"
"2018-05-09 23:57","ZooKeeperServer.java","69949","24180","94129"
"2019-12-27 22:33","ZooKeeperServer.java","266436","187678","454114"
"2016-08-13 15:01","ZooKeeperServer.java","54461","18016","72477"
"2018-09-11 00:17","ZooKeeperServer.java","158966","109107","268073"
"2019-11-18 09:05","ZooKeeperServer.java","260902","187678","448580"
"2019-10-10 14:37","ZooKeeperServer.java","260166","186333","446499"
"2019-09-16 23:26","ZooKeeperServer.java","259432","186333","445765"
"2013-10-08 01:35","ZooKeeperServer.java","11059","2667","13726"
"2017-06-23 18:39","ZooKeeperServer.java","61562","22520","84082"
"2019-12-03 10:01","ZooKeeperServer.java","264361","187678","452039"
"2020-03-25 03:38","ZooKeeperServer.java","270543","187678","458221"
"2019-11-28 12:24","ZooKeeperServer.java","262664","187678","450342"
"2019-11-06 15:21","ZooKeeperServer.java","260410","186361","446771"
"2020-04-12 11:14","ZooKeeperServer.java","271296","187678","458974"
"2013-10-09 22:21","ZooKeeperServer.java","13556","2924","16480"
"2015-03-08 23:07","ZooKeeperServer.java","41481","12368","53849"
"2018-06-08 16:52","ZooKeeperServer.java","70805","24287","95092"
"2018-06-15 07:41","ZooKeeperServer.java","70814","24293","95107"
"2018-07-28 04:37","ZooKeeperServer.java","90607","42556","133163"
"2019-04-18 19:17","ZooKeeperServer.java","238914","186317","425231"
"2014-03-25 22:13","ZooKeeperServer.java","18595","3552","22147"
"2019-07-25 21:41","LeaderBean.java","29140","7548","36688"
"2019-08-17 17:13","LeaderBean.java","54988","29879","84867"
"2019-11-08 17:30","FinalRequestProcessor.java","261489","223341","484830"
"2019-07-08 23:26","FinalRequestProcessor.java","244602","223292","467894"
"2019-01-16 23:23","FinalRequestProcessor.java","231689","223175","454864"
"2018-09-18 01:00","FinalRequestProcessor.java","121973","107458","229431"
"2019-04-12 19:01","FinalRequestProcessor.java","237615","223274","460889"
"2019-02-07 11:26","FinalRequestProcessor.java","234042","223176","457218"
"2019-01-14 19:38","FinalRequestProcessor.java","231000","223174","454174"
"2019-01-09 17:22","FinalRequestProcessor.java","233682","223176","456858"
"2019-09-10 04:26","FinalRequestProcessor.java","256872","223293","480165"
"2019-08-17 17:13","FinalRequestProcessor.java","255827","223293","479120"
"2019-06-26 10:57","FinalRequestProcessor.java","243676","223292","466968"
"2019-08-01 07:28","FinalRequestProcessor.java","256008","223293","479301"
"2019-07-03 00:44","FinalRequestProcessor.java","243839","223292","467131"
"2019-08-06 17:11","FinalRequestProcessor.java","256928","223293","480221"
"2018-07-10 12:46","FinalRequestProcessor.java","28792","19507","48299"
"2020-03-25 03:38","FinalRequestProcessor.java","270200","224881","495081"
"2019-09-16 23:26","FinalRequestProcessor.java","258846","223293","482139"
"2019-10-10 14:37","FinalRequestProcessor.java","259580","223293","482873"
"2019-11-21 05:58","FinalRequestProcessor.java","260580","224879","485459"
"2019-11-18 09:05","FinalRequestProcessor.java","260557","224879","485436"
"2019-11-11 13:59","FinalRequestProcessor.java","263285","223341","486626"
"2020-03-26 22:12","FinalRequestProcessor.java","270202","224881","495083"
"2019-08-17 17:13","ZooKeeperServerConfTest.java","255966","218914","474880"
"2019-02-13 13:12","ZooKeeperServerConfTest.java","234821","218823","453644"
"2019-08-17 17:13","AvgMinMaxPercentileCounterTest.java","52485","30178","82663"
"2019-06-04 10:55","MetricsContext.java","4626","949","5575"
"2019-08-17 17:13","MetricsContext.java","47813","29620","77433"
"2019-08-17 17:13","MultiResponseTest.java","255966","218914","474880"
"2012-04-23 01:20","HierarchicalQuorumTest.java","78282","28151","106433"
"2014-06-04 22:07","HierarchicalQuorumTest.java","106440","31520","137960"
"2009-11-18 20:06","HierarchicalQuorumTest.java","16265","3847","20112"
"2019-08-17 17:13","HierarchicalQuorumTest.java","257500","142084","399584"
"2019-07-12 17:01","HierarchicalQuorumTest.java","252813","142084","394897"
"2010-03-13 01:06","HierarchicalQuorumTest.java","39382","13252","52634"
"2019-10-10 14:37","HierarchicalQuorumTest.java","261253","142084","403337"
"2009-08-11 23:09","HierarchicalQuorumTest.java","2489","862","3351"
"2009-11-07 01:48","HierarchicalQuorumTest.java","7993","3193","11186"
"2009-09-16 02:09","HierarchicalQuorumTest.java","3787","1372","5159"
"2018-06-26 11:18","HierarchicalQuorumTest.java","139455","36162","175617"
"2011-04-12 09:14","HierarchicalQuorumTest.java","59741","22852","82593"
"2017-05-11 16:59","HierarchicalQuorumTest.java","130975","35783","166758"
"2010-05-05 22:32","HierarchicalQuorumTest.java","43054","16905","59959"
"2010-03-31 06:26","HierarchicalQuorumTest.java","40968","14591","55559"
"2019-08-17 17:13","ZooTrace.java","256151","210259","466410"
"2017-01-28 06:43","ZooTrace.java","27557","9987","37544"
"2019-10-10 14:37","ZooTrace.java","259904","210259","470163"
"2019-08-17 17:13","ZxidRolloverTest.java","255966","218914","474880"
"2015-11-21 22:18","ZxidRolloverTest.java","1808","320","2128"
"2019-10-10 14:37","ChrootClientTest.java","7470","3717","11187"
"2019-08-17 17:13","AtomicFileWritingIdiom.java","256154","206105","462259"
"2020-05-05 21:20","ServerMetrics.java","8797","5635","14432"
"2020-03-25 03:38","ServerMetrics.java","2367","236","2603"
"2020-05-03 19:43","ServerMetrics.java","5737","2670","8407"
"2020-05-05 21:20","ServerMetrics.java","6441","5410","11851"
"2020-05-03 19:43","ServerMetrics.java","3381","2445","5826"
"2012-04-23 01:20","HierarchicalQuorumTest.java","82374","26138","108512"
"2014-06-04 22:07","HierarchicalQuorumTest.java","110091","29066","139157"
"2009-11-18 20:06","HierarchicalQuorumTest.java","26648","6139","32787"
"2009-07-17 00:09","HierarchicalQuorumTest.java","10922","2831","13753"
"2019-08-17 17:13","HierarchicalQuorumTest.java","257500","133993","391493"
"2019-07-12 17:01","HierarchicalQuorumTest.java","252813","133993","386806"
"2010-03-13 01:06","HierarchicalQuorumTest.java","47712","13491","61203"
"2019-10-10 14:37","HierarchicalQuorumTest.java","261253","133993","395246"
"2009-08-11 23:09","HierarchicalQuorumTest.java","13078","3360","16438"
"2009-11-07 01:48","HierarchicalQuorumTest.java","18508","5617","24125"
"2009-09-16 02:09","HierarchicalQuorumTest.java","14339","3833","18172"
"2018-06-26 11:18","HierarchicalQuorumTest.java","142943","33545","176488"
"2011-04-12 09:14","HierarchicalQuorumTest.java","67194","22214","89408"
"2017-05-11 16:59","HierarchicalQuorumTest.java","134473","33176","167649"
"2010-05-05 22:32","HierarchicalQuorumTest.java","51102","16862","67964"
"2010-03-31 06:26","HierarchicalQuorumTest.java","49016","14548","63564"
"2019-10-10 14:37","HierarchicalQuorumTest.java","7470","3717","11187"
"2019-08-17 17:13","KeeperException.java","29313","25768","55081"
"2020-03-25 03:38","KeeperException.java","52315","35985","88300"
"2017-09-11 18:55","QuorumBase.java","64111","23681","87792"
"2019-07-12 17:01","QuorumBase.java","251777","185162","436939"
"2019-08-17 17:13","QuorumBase.java","256464","185162","441626"
"2019-08-01 07:31","QuorumBase.java","257135","185162","442297"
"2018-08-08 06:21","QuorumBase.java","135373","85196","220569"
"2019-10-10 14:37","QuorumBase.java","260217","185162","445379"
"2020-03-25 03:38","QuorumBase.java","270561","186474","457035"
"2014-07-18 19:46","QuorumBase.java","37849","12212","50061"
"2013-10-09 22:21","QuorumBase.java","15530","3676","19206"
"2014-06-25 19:25","QuorumBase.java","31631","10990","42621"
"2019-08-17 17:13","QuorumQuotaTest.java","29856","25620","55476"
"2020-01-28 17:26","FileTxnSnapLog.java","558","87","645"
"2020-01-30 09:43","FileTxnSnapLog.java","661","114","775"
"2015-07-07 07:11","GetChildrenTest.java","83925","35426","119351"
"2011-04-12 09:14","GetChildrenTest.java","10270","15865","26135"
"2019-08-17 17:13","X509UtilTest.java","29979","25828","55807"
"2019-09-18 16:03","X509UtilTest.java","34696","27628","62324"
"2019-11-08 17:30","Request.java","33336","27903","61239"
"2019-08-06 17:11","Request.java","1370","450","1820"
"2019-08-17 17:13","Request.java","24863","25044","49907"
"2020-03-25 03:38","Request.java","48155","35551","83706"
"2019-09-20 10:06","Request.java","29867","27185","57052"
"2019-09-16 23:26","Request.java","29707","26869","56576"
"2019-12-27 22:33","Request.java","42238","33741","75979"
"2019-11-11 13:59","Request.java","35164","27935","63099"
"2020-05-05 21:20","Request.java","52715","39080","91795"
"2018-10-16 16:22","QuorumPeerConfig.java","235186","179296","414482"
"2018-12-09 03:16","QuorumPeerConfig.java","228842","198691","427533"
"2019-04-12 19:01","QuorumPeerConfig.java","238083","198783","436866"
"2018-09-11 15:23","QuorumPeerConfig.java","150329","112110","262439"
"2018-12-15 07:34","QuorumPeerConfig.java","228757","198691","427448"
"2019-02-13 13:12","QuorumPeerConfig.java","235151","198712","433863"
"2019-08-17 17:13","QuorumPeerConfig.java","256292","198799","455091"
"2015-03-17 18:06","QuorumPeerConfig.java","28297","10723","39020"
"2017-11-28 00:10","QuorumPeerConfig.java","54157","23679","77836"
"2019-06-05 00:29","QuorumPeerConfig.java","241959","198799","440758"
"2014-09-17 07:34","QuorumPeerConfig.java","24213","10092","34305"
"2020-01-09 11:27","QuorumPeerConfig.java","265812","200216","466028"
"2019-07-12 17:01","QuorumPeerConfig.java","251605","198799","450404"
"2016-11-13 20:59","QuorumPeerConfig.java","44592","17380","61972"
"2019-05-15 11:56","QuorumPeerConfig.java","241030","198783","439813"
"2014-08-19 22:50","QuorumPeerConfig.java","23127","10092","33219"
"2018-10-01 06:11","QuorumPeerConfig.java","154403","112350","266753"
"2017-07-28 00:36","QuorumPeerConfig.java","49088","23030","72118"
"2017-07-06 18:48","QuorumPeerConfig.java","48956","22016","70972"
"2020-01-23 13:43","QuorumPeerConfig.java","267636","200216","467852"
"2014-05-17 13:23","QuorumPeerConfig.java","12637","7742","20379"
"2014-07-04 04:19","QuorumPeerConfig.java","15577","8133","23710"
"2016-06-23 19:42","QuorumPeerConfig.java","39042","16262","55304"
"2015-09-06 20:02","QuorumPeerConfig.java","33727","12641","46368"
"2015-09-29 03:56","QuorumPeerConfig.java","33954","12687","46641"
"2019-10-10 14:37","QuorumPeerConfig.java","260045","198799","458844"
"2018-07-27 12:32","QuorumPeerConfig.java","78268","42876","121144"
"2019-04-18 19:17","QuorumPeerConfig.java","238793","198783","437576"
"2016-11-03 16:07","QuorumPeerConfig.java","42781","17238","60019"
"2014-03-25 22:13","QuorumPeerConfig.java","2851","395","3246"
"2014-08-01 07:38","QuorumPeerConfig.java","22403","9903","32306"
"2014-08-14 08:08","QuorumPeerConfig.java","22920","9999","32919"
"2020-02-16 10:25","QuorumPeerConfig.java","268349","200216","468565"
"2020-05-14 18:18","QuorumPeerConfig.java","271585","200227","471812"
"2017-05-11 16:59","QuorumPeerConfig.java","47790","21717","69507"
"2019-11-08 17:30","FinalRequestProcessor.java","261934","200410","462344"
"2019-07-08 23:26","FinalRequestProcessor.java","245068","200382","445450"
"2019-01-16 23:23","FinalRequestProcessor.java","232166","200276","432442"
"2018-09-18 01:00","FinalRequestProcessor.java","150170","112279","262449"
"2019-04-12 19:01","FinalRequestProcessor.java","238083","200366","438449"
"2019-02-07 11:26","FinalRequestProcessor.java","234519","200277","434796"
"2019-01-14 19:38","FinalRequestProcessor.java","231477","200275","431752"
"2019-01-09 17:22","FinalRequestProcessor.java","234159","200277","434436"
"2015-06-04 19:51","FinalRequestProcessor.java","29842","11517","41359"
"2019-09-10 04:26","FinalRequestProcessor.java","257337","200382","457719"
"2019-08-17 17:13","FinalRequestProcessor.java","256292","200382","456674"
"2016-10-07 21:51","FinalRequestProcessor.java","40689","17313","58002"
"2019-06-26 10:57","FinalRequestProcessor.java","244142","200382","444524"
"2019-08-01 07:28","FinalRequestProcessor.java","256473","200382","456855"
"2019-07-03 00:44","FinalRequestProcessor.java","244305","200382","444687"
"2016-03-23 00:30","FinalRequestProcessor.java","35894","16025","51919"
"2019-08-06 17:11","FinalRequestProcessor.java","257393","200382","457775"
"2015-03-17 18:06","FinalRequestProcessor.java","26772","10781","37553"
"2018-07-10 12:46","FinalRequestProcessor.java","65215","32554","97769"
"2020-03-25 03:38","FinalRequestProcessor.java","270494","201799","472293"
"2019-09-16 23:26","FinalRequestProcessor.java","259311","200382","459693"
"2019-10-10 14:37","FinalRequestProcessor.java","260045","200382","460427"
"2019-11-21 05:58","FinalRequestProcessor.java","260876","201799","462675"
"2019-11-18 09:05","FinalRequestProcessor.java","260853","201799","462652"
"2019-11-11 13:59","FinalRequestProcessor.java","263730","200410","464140"
"2020-03-26 22:12","FinalRequestProcessor.java","270496","201799","472295"
"2014-04-17 08:47","FinalRequestProcessor.java","10230","7671","17901"
"2014-04-29 02:23","FinalRequestProcessor.java","10994","7729","18723"
"2019-08-17 17:13","SnapStream.java","48462","29730","78192"
"2019-06-03 19:40","SnapStream.java","5052","989","6041"
"2019-07-31 19:06","SnapStream.java","25448","7409","32857"
"2019-10-10 14:37","SnapStream.java","54314","31829","86143"
"2019-09-26 14:16","SnapStream.java","53393","31342","84735"
"2019-12-03 19:12","SnapStream.java","62927","37580","100507"
"2020-02-16 10:25","LearnerTest.java","268109","221968","490077"
"2020-01-28 17:26","LearnerTest.java","267867","221968","489835"
"2019-08-17 17:13","LearnerTest.java","255916","220415","476331"
"2019-07-12 17:01","LearnerTest.java","251229","220415","471644"
"2019-02-13 13:12","LearnerTest.java","234771","220324","455095"
"2019-11-29 14:49","LearnerTest.java","264024","221966","485990"
"2014-06-04 22:07","RemotePeerBean.java","140948","16789","157737"
"2019-08-17 17:13","RemotePeerBean.java","257706","90102","347808"
"2019-11-29 14:49","RemotePeerBean.java","264719","90558","355277"
"2018-06-26 11:18","RemotePeerBean.java","172683","20151","192834"
"2015-09-10 06:35","RemotePeerBean.java","156726","17218","173944"
"2011-08-11 08:00","FourLetterWordsTest.java","38780","19167","57947"
"2010-07-05 20:20","FourLetterWordsTest.java","17077","5972","23049"
"2014-01-25 01:17","FourLetterWordsTest.java","76066","30031","106097"
"2019-10-10 14:37","FourLetterWordsTest.java","260768","167718","428486"
"2015-11-08 22:36","FourLetterWordsTest.java","103129","37217","140346"
"2015-07-05 06:05","FourLetterWordsTest.java","101782","37108","138890"
"2015-06-28 21:09","FourLetterWordsTest.java","101712","37108","138820"
"2015-03-28 20:08","FourLetterWordsTest.java","99807","36903","136710"
"2019-08-17 17:13","FourLetterWordsTest.java","257015","167718","424733"
"2019-05-08 21:54","FourLetterWordsTest.java","241518","167719","409237"
"2015-07-10 08:19","FourLetterWordsTest.java","102091","37162","139253"
"2012-02-11 00:34","FourLetterWordsTest.java","48532","25319","73851"
"2018-12-20 15:13","QuorumPeer.java","228509","227924","456433"
"2019-05-16 16:25","QuorumPeer.java","239858","228044","467902"
"2018-10-16 16:22","QuorumPeer.java","231194","205782","436976"
"2019-06-14 09:06","QuorumPeer.java","243076","228063","471139"
"2018-12-07 12:41","QuorumPeer.java","225522","227923","453445"
"2019-03-11 19:47","QuorumPeer.java","234965","227952","462917"
"2019-02-13 13:12","QuorumPeer.java","233912","227951","461863"
"2019-04-12 19:01","QuorumPeer.java","236849","228027","464876"
"2018-12-09 03:16","QuorumPeer.java","227596","227923","455519"
"2018-09-11 15:23","QuorumPeer.java","108867","101126","209993"
"2019-11-29 14:49","QuorumPeer.java","263406","229834","493240"
"2018-12-15 07:34","QuorumPeer.java","227511","227923","455434"
"2018-11-27 10:02","QuorumPeer.java","225272","227923","453195"
"2018-09-18 01:00","QuorumPeer.java","110256","101260","211516"
"2019-06-03 19:40","QuorumPeer.java","240409","228063","468472"
"2019-07-15 14:15","QuorumPeer.java","250498","228064","478562"
"2019-07-03 00:44","QuorumPeer.java","243091","228063","471154"
"2019-08-17 17:13","QuorumPeer.java","255079","228064","483143"
"2018-01-30 08:02","QuorumPeer.java","648","495","1143"
"2019-05-15 11:56","QuorumPeer.java","239813","228044","467857"
"2019-06-05 00:33","QuorumPeer.java","240799","228063","468862"
"2019-05-20 23:13","QuorumPeer.java","239933","228046","467979"
"2019-06-04 10:55","QuorumPeer.java","240562","228063","468625"
"2019-07-12 17:01","QuorumPeer.java","250392","228064","478456"
"2020-01-09 11:27","QuorumPeer.java","264954","229836","494790"
"2018-10-01 06:11","QuorumPeer.java","113538","101963","215501"
"2018-07-04 17:11","QuorumPeer.java","15470","11756","27226"
"2019-12-17 13:48","QuorumPeer.java","263978","229834","493812"
"2020-01-23 13:43","QuorumPeer.java","266778","229836","496614"
"2018-12-06 10:56","QuorumPeer.java","225466","227923","453389"
"2019-10-10 14:37","QuorumPeer.java","258833","228065","486898"
"2018-06-26 11:18","QuorumPeer.java","4953","1257","6210"
"2018-07-27 12:32","QuorumPeer.java","27296","22382","49678"
"2019-04-18 19:17","QuorumPeer.java","237559","228027","465586"
"2020-02-16 10:25","QuorumPeer.java","267491","229836","497327"
"2019-06-05 00:29","SSLContextAndOptions.java","10765","2089","12854"
"2019-08-17 17:13","SSLContextAndOptions.java","53052","30043","83095"
"2019-10-10 14:37","SSLContextAndOptions.java","58859","32097","90956"
"2019-08-17 17:13","WatchesReportTest.java","174218","158773","332991"
"2019-08-17 17:13","SaslAuthDesignatedClientTest.java","255887","220587","476474"
"2019-08-17 17:13","VerifyingFileFactory.java","256742","177119","433861"
"2016-05-02 18:15","VerifyingFileFactory.java","67552","23229","90781"
"2015-03-08 23:07","ObserverZooKeeperServer.java","104278","31470","135748"
"2011-10-27 23:25","ObserverZooKeeperServer.java","57385","24761","82146"
"2013-11-14 05:34","ObserverZooKeeperServer.java","84236","29102","113338"
"2019-10-10 14:37","ObserverZooKeeperServer.java","260868","154969","415837"
"2016-08-13 15:01","ObserverZooKeeperServer.java","113877","33737","147614"
"2013-09-30 22:20","ObserverZooKeeperServer.java","80310","28793","109103"
"2019-06-04 10:55","ObserverZooKeeperServer.java","242599","154969","397568"
"2019-08-17 17:13","ObserverZooKeeperServer.java","257115","154969","412084"
"2019-06-03 19:40","ObserverZooKeeperServer.java","242446","154969","397415"
"2019-02-13 13:12","ObserverZooKeeperServer.java","236019","154927","390946"
"2019-10-10 14:37","QuorumPeerMain.java","261463","72482","333945"
"2010-03-13 01:06","QuorumPeerMain.java","109645","13703","123348"
"2020-01-23 13:43","QuorumPeerMain.java","268090","72935","341025"
"2019-11-28 12:24","QuorumPeerMain.java","263069","72935","336004"
"2012-03-06 09:20","QuorumPeerMain.java","127521","17220","144741"
"2010-08-18 08:24","QuorumPeerMain.java","130287","14631","144918"
"2013-10-09 22:21","QuorumPeerMain.java","147585","18347","165932"
"2011-09-02 22:50","QuorumPeerMain.java","124929","14256","139185"
"2020-02-16 10:25","QuorumPeerMain.java","268803","72935","341738"
"2019-04-18 19:17","QuorumPeerMain.java","240227","72482","312709"
"2011-04-12 09:14","QuorumPeerMain.java","122033","15332","137365"
"2019-11-11 13:59","QuorumPeerMain.java","265120","72482","337602"
"2019-04-12 19:01","QuorumPeerMain.java","239517","72482","311999"
"2018-09-11 15:23","QuorumPeerMain.java","218466","49054","267520"
"2017-02-13 22:09","QuorumPeerMain.java","177763","20566","198329"
"2014-07-18 02:19","QuorumPeerMain.java","162615","19821","182436"
"2018-08-06 14:11","QuorumPeerMain.java","191154","23957","215111"
"2009-01-15 23:57","QuorumPeerMain.java","26401","8777","35178"
"2008-11-18 18:22","QuorumPeerMain.java","21501","4597","26098"
"2012-04-23 01:20","QuorumPeerMain.java","129568","17363","146931"
"2009-04-07 00:19","QuorumPeerMain.java","42642","10183","52825"
"2017-07-28 00:36","QuorumPeerMain.java","178088","20837","198925"
"2009-06-05 06:44","QuorumPeerMain.java","70233","10841","81074"
"2019-08-17 17:13","QuorumPeerMain.java","257710","72482","330192"
"2015-03-17 18:06","QuorumPeerMain.java","168704","19937","188641"
"2017-11-28 00:10","QuorumPeerMain.java","182538","20867","203405"
"2019-11-08 17:30","Request.java","47271","29507","76778"
"2019-07-08 23:26","Request.java","1210","284","1494"
"2019-08-06 17:11","Request.java","16831","3580","20411"
"2019-08-01 07:28","Request.java","15476","3145","18621"
"2019-08-17 17:13","Request.java","39048","26898","65946"
"2020-03-25 03:38","Request.java","61874","36939","98813"
"2019-09-20 10:06","Request.java","43812","28799","72611"
"2019-09-16 23:26","Request.java","43654","28485","72139"
"2019-12-27 22:33","Request.java","56096","35268","91364"
"2019-11-11 13:59","Request.java","49098","29538","78636"
"2020-05-05 21:20","Request.java","66404","40438","106842"
"2019-01-14 19:43","ZKUtil.java","231288","222120","453408"
"2020-03-22 14:47","ZKUtil.java","269486","223820","493306"
"2019-11-11 13:59","ZKUtil.java","263343","222287","485630"
"2019-04-09 15:35","ZKUtil.java","236648","222145","458793"
"2019-08-03 08:42","ZKUtil.java","256593","222239","478832"
"2019-06-06 00:01","ZKUtil.java","242021","222238","464259"
"2019-08-17 17:13","ZKUtil.java","255885","222239","478124"
"2014-05-20 17:10","Environment.java","143724","20005","163729"
"2011-04-12 09:14","Environment.java","103630","14281","117911"
"2017-09-11 18:55","Environment.java","168036","23021","191057"
"2012-09-03 07:56","Environment.java","118889","17587","136476"
"2012-08-28 21:51","Environment.java","118839","17587","136426"
"2019-08-17 17:13","Environment.java","257706","89830","347536"
"2010-03-31 06:26","QuorumZxidSyncTest.java","26198","12518","38716"
"2019-09-18 11:20","QuorumZxidSyncTest.java","260099","154468","414567"
"2017-01-13 19:29","QuorumZxidSyncTest.java","120484","34668","155152"
"2019-08-17 17:13","QuorumZxidSyncTest.java","257187","154468","411655"
"2019-08-17 17:13","SummarySet.java","47813","29620","77433"
"2020-03-25 03:38","ZooKeeperServerMXBean.java","14819","10043","24862"
"2019-08-17 17:13","DataTreeBean.java","174233","153704","327937"
"2011-07-01 00:53","PrepRequestProcessor.java","105124","11421","116545"
"2015-02-06 06:17","PrepRequestProcessor.java","151762","17071","168833"
"2012-02-06 10:39","PrepRequestProcessor.java","111056","14024","125080"
"2013-03-07 07:01","PrepRequestProcessor.java","126288","15099","141387"
"2019-02-07 11:26","PrepRequestProcessor.java","236011","90094","326105"
"2019-09-11 10:27","PrepRequestProcessor.java","259062","90121","349183"
"2018-07-19 05:59","PrepRequestProcessor.java","179539","26312","205851"
"2017-09-11 18:55","PrepRequestProcessor.java","164915","19955","184870"
"2019-01-16 14:21","PrepRequestProcessor.java","233659","90094","323753"
"2017-06-01 05:45","PrepRequestProcessor.java","164344","19848","184192"
"2012-04-14 02:32","PrepRequestProcessor.java","112764","14168","126932"
"2019-11-08 17:30","PrepRequestProcessor.java","263320","90121","353441"
"2016-11-13 20:59","PrepRequestProcessor.java","164521","18970","183491"
"2019-04-09 15:35","PrepRequestProcessor.java","238542","90100","328642"
"2019-04-17 14:16","PrepRequestProcessor.java","239779","90122","329901"
"2014-10-28 05:35","PrepRequestProcessor.java","149783","17031","166814"
"2019-05-10 12:22","PrepRequestProcessor.java","242214","90122","332336"
"2009-02-20 01:23","PrepRequestProcessor.java","16310","2703","19013"
"2017-06-26 00:16","PrepRequestProcessor.java","164641","19867","184508"
"2019-02-07 11:22","PrepRequestProcessor.java","235673","90094","325767"
"2016-11-16 06:21","PrepRequestProcessor.java","165078","18980","184058"
"2019-08-01 07:31","PrepRequestProcessor.java","258377","90121","348498"
"2019-06-26 10:57","PrepRequestProcessor.java","245556","90121","335677"
"2009-11-12 23:48","PrepRequestProcessor.java","69852","7678","77530"
"2014-01-24 07:18","PrepRequestProcessor.java","135245","15323","150568"
"2009-06-15 22:52","PrepRequestProcessor.java","47429","4422","51851"
"2015-05-29 19:45","PrepRequestProcessor.java","154579","17097","171676"
"2016-10-07 21:51","PrepRequestProcessor.java","162258","18960","181218"
"2015-06-04 19:51","PrepRequestProcessor.java","155405","17158","172563"
"2009-06-26 22:29","PrepRequestProcessor.java","56917","5276","62193"
"2019-08-17 17:13","PrepRequestProcessor.java","257706","90121","347827"
"2009-06-18 18:37","PrepRequestProcessor.java","48749","4671","53420"
"2018-08-08 06:21","PrepRequestProcessor.java","190125","35418","225543"
"2018-05-09 23:57","PrepRequestProcessor.java","171611","20090","191701"
"2015-06-11 20:09","PrepRequestProcessor.java","155533","17160","172693"
"2019-12-27 22:33","PrepRequestProcessor.java","266840","90577","357417"
"2009-12-18 03:19","PrepRequestProcessor.java","73537","8098","81635"
"2009-12-11 21:24","PrepRequestProcessor.java","72815","7829","80644"
"2009-11-07 01:48","PrepRequestProcessor.java","64375","7406","71781"
"2014-04-01 01:47","PrepRequestProcessor.java","136698","15513","152211"
"2019-10-10 14:37","PrepRequestProcessor.java","261459","90121","351580"
"2020-03-25 03:38","PrepRequestProcessor.java","270947","90577","361524"
"2010-01-25 04:28","PrepRequestProcessor.java","76831","8351","85182"
"2011-08-15 02:35","PrepRequestProcessor.java","103258","9429","112687"
"2014-07-25 01:31","PrepRequestProcessor.java","147665","16989","164654"
"2013-10-09 22:21","PrepRequestProcessor.java","131663","15279","146942"
"2010-08-18 08:24","PrepRequestProcessor.java","107970","9957","117927"
"2011-09-17 02:36","PrepRequestProcessor.java","108126","12070","120196"
"2014-04-29 02:23","PrepRequestProcessor.java","139882","16695","156577"
"2015-03-08 23:07","PrepRequestProcessor.java","151952","17087","169039"
"2009-01-31 00:01","PrepRequestProcessor.java","10420","1417","11837"
"2014-07-22 06:51","PrepRequestProcessor.java","147434","16947","164381"
"2012-03-15 17:47","PrepRequestProcessor.java","112288","14043","126331"
"2011-04-12 09:14","PrepRequestProcessor.java","99928","10870","110798"
"2011-11-01 15:41","PrepRequestProcessor.java","108533","13685","122218"
"2011-10-28 00:58","PrepRequestProcessor.java","108322","13636","121958"
"2011-10-20 20:02","PrepRequestProcessor.java","108045","13578","121623"
"2011-10-17 16:59","PrepRequestProcessor.java","107985","12110","120095"
"2018-06-15 07:41","PrepRequestProcessor.java","172380","20107","192487"
"2012-12-19 19:16","PrepRequestProcessor.java","121446","14813","136259"
"2011-11-14 20:18","PrepRequestProcessor.java","109161","13678","122839"
"2019-04-12 19:01","ServerStats.java","236617","231717","468334"
"2019-01-07 14:39","ServerStats.java","229537","231605","461142"
"2018-09-18 01:00","ServerStats.java","94873","89799","184672"
"2019-08-17 17:13","ServerStats.java","254847","231754","486601"
"2019-07-30 02:31","CommitProcessorConcurrencyTest.java","253107","224314","477421"
"2019-08-17 17:13","CommitProcessorConcurrencyTest.java","255186","224314","479500"
"2019-10-10 14:37","CommitProcessorConcurrencyTest.java","258940","224315","483255"
"2011-04-29 18:12","QuorumCnxManager.java","100289","10896","111185"
"2011-12-28 01:26","QuorumCnxManager.java","110078","13843","123921"
"2019-11-29 14:49","QuorumCnxManager.java","264719","90577","355296"
"2013-03-07 07:01","QuorumCnxManager.java","126288","15099","141387"
"2018-07-11 06:04","QuorumCnxManager.java","178875","26305","205180"
"2018-08-06 14:11","QuorumCnxManager.java","180684","26341","207025"
"2010-11-17 15:59","QuorumCnxManager.java","139436","10400","149836"
"2012-06-29 22:08","QuorumCnxManager.java","113599","14205","127804"
"2018-10-16 16:22","QuorumCnxManager.java","242954","68725","311679"
"2019-06-14 09:06","QuorumCnxManager.java","245704","90121","335825"
"2019-08-03 08:42","QuorumCnxManager.java","258414","90121","348535"
"2019-11-13 20:41","QuorumCnxManager.java","265425","90121","355546"
"2019-04-09 16:08","QuorumCnxManager.java","238541","90100","328641"
"2019-08-06 12:52","QuorumCnxManager.java","258679","90121","348800"
"2017-02-09 11:40","QuorumCnxManager.java","166783","19190","185973"
"2019-05-20 23:13","QuorumCnxManager.java","242579","90122","332701"
"2015-04-09 20:16","QuorumCnxManager.java","154074","17098","171172"
"2017-08-23 02:16","QuorumCnxManager.java","164821","19924","184745"
"2019-07-27 20:04","QuorumCnxManager.java","254237","90121","344358"
"2009-06-30 22:47","QuorumCnxManager.java","57249","5297","62546"
"2015-05-29 23:46","QuorumCnxManager.java","154589","17097","171686"
"2015-05-14 07:10","QuorumCnxManager.java","154302","17106","171408"
"2020-03-12 14:47","QuorumCnxManager.java","270105","90577","360682"
"2019-08-17 17:13","QuorumCnxManager.java","257706","90121","347827"
"2009-05-20 22:16","QuorumCnxManager.java","43972","4080","48052"
"2017-11-28 00:10","QuorumCnxManager.java","168795","19978","188773"
"2009-04-04 00:01","QuorumCnxManager.java","17380","2888","20268"
"2009-11-18 20:06","QuorumCnxManager.java","72299","7712","80011"
"2009-10-27 22:14","QuorumCnxManager.java","61641","6173","67814"
"2009-12-15 23:23","QuorumCnxManager.java","73084","7919","81003"
"2009-08-11 00:24","QuorumCnxManager.java","58707","5546","64253"
"2009-08-03 23:27","QuorumCnxManager.java","57919","5504","63423"
"2019-10-10 14:37","QuorumCnxManager.java","261459","90121","351580"
"2014-07-23 19:36","QuorumCnxManager.java","147490","16947","164437"
"2017-06-09 18:37","QuorumCnxManager.java","164449","19848","184297"
"2020-01-23 13:43","QuorumCnxManager.java","268089","90577","358666"
"2014-03-23 04:12","QuorumCnxManager.java","135998","15439","151437"
"2010-01-19 21:06","QuorumCnxManager.java","76292","8111","84403"
"2010-01-21 04:08","QuorumCnxManager.java","76305","8118","84423"
"2014-07-08 05:25","QuorumCnxManager.java","143143","16870","160013"
"2019-11-28 12:24","QuorumCnxManager.java","263068","90577","353645"
"2014-06-25 15:04","QuorumCnxManager.java","141373","16736","158109"
"2011-08-15 02:44","QuorumCnxManager.java","103271","9429","112700"
"2016-06-08 17:43","QuorumCnxManager.java","159684","18660","178344"
"2020-03-23 16:20","QuorumCnxManager.java","270276","90577","360853"
"2020-02-16 10:25","QuorumCnxManager.java","268802","90577","359379"
"2014-07-22 06:45","QuorumCnxManager.java","147413","16945","164358"
"2011-04-12 09:14","QuorumCnxManager.java","99928","10870","110798"
"2010-10-06 19:01","QuorumCnxManager.java","136395","9966","146361"
"2018-07-27 12:32","QuorumCnxManager.java","180054","26323","206377"
"2010-10-20 00:32","QuorumCnxManager.java","137868","9946","147814"
"2011-03-16 19:49","QuorumCnxManager.java","141092","10561","151653"
"2019-08-17 17:13","NodeHashMap.java","25455","24762","50217"
"2019-11-18 09:05","MockServerCnxn.java","12157","9013","21170"
"2019-10-10 14:37","WriteLock.java","30687","27642","58329"
"2019-08-27 09:23","WriteLock.java","25905","26020","51925"
"2019-08-17 17:13","ZooKeeperCriticalThread.java","47813","29620","77433"
"2018-11-22 17:56","NettyServerCnxnTest.java","224881","198546","423427"
"2018-09-07 02:34","NettyServerCnxnTest.java","149501","112127","261628"
"2019-02-12 15:25","NettyServerCnxnTest.java","235012","198549","433561"
"2015-01-30 03:23","NettyServerCnxnTest.java","26786","10495","37281"
"2019-06-24 11:05","NettyServerCnxnTest.java","243625","198654","442279"
"2019-07-23 15:55","NettyServerCnxnTest.java","252300","198654","450954"
"2018-07-12 01:33","NettyServerCnxnTest.java","67177","32632","99809"
"2019-08-17 17:13","NettyServerCnxnTest.java","256292","198654","454946"
"2019-06-07 14:13","NettyServerCnxnTest.java","242396","198654","441050"
"2015-07-07 07:11","DeleteTest.java","99820","33962","133782"
"2010-08-17 09:24","DeleteTest.java","19284","1868","21152"
"2011-04-12 09:14","DeleteTest.java","27319","15498","42817"
"2019-07-23 15:55","SSLAuthTest.java","36348","12913","49261"
"2019-08-17 17:13","SSLAuthTest.java","63127","35700","98827"
"2019-06-03 19:40","SSLAuthTest.java","20982","8224","29206"
"2019-02-13 13:12","SSLAuthTest.java","13366","6993","20359"
"2018-12-20 07:24","SSLAuthTest.java","948","21","969"
"2019-08-17 17:13","ServerConfigTest.java","47204","29721","76925"
"2019-10-10 14:37","NettyUtils.java","7470","3717","11187"
"2019-10-10 14:37","ClientHammerTest.java","260685","178405","439090"
"2015-02-06 06:17","ClientHammerTest.java","71041","20967","92008"
"2019-08-17 17:13","ClientHammerTest.java","256932","178405","435337"
"2019-04-10 13:19","FileSnap.java","238958","100900","339858"
"2019-07-31 19:06","FileSnap.java","256996","100899","357895"
"2020-01-30 09:43","FileSnap.java","268619","101355","369974"
"2010-03-12 23:36","FileSnap.java","80834","13281","94115"
"2019-05-27 10:54","FileSnap.java","243010","100900","343910"
"2017-06-26 00:07","FileSnap.java","161727","27368","189095"
"2017-08-18 06:32","FileSnap.java","161785","27424","189209"
"2019-08-17 17:13","FileSnap.java","257689","100899","358588"
"2009-04-17 20:11","FileSnap.java","8127","3502","11629"
"2018-02-14 21:23","FileSnap.java","166989","27558","194547"
"2019-12-03 19:12","FileSnap.java","264760","101355","366115"
"2019-12-27 22:33","FileSnap.java","266823","101355","368178"
"2019-10-10 14:37","FileSnap.java","261442","100899","362341"
"2020-01-28 17:26","FileSnap.java","268543","101355","369898"
"2011-04-12 09:14","FileSnap.java","96496","18233","114729"
"2017-01-23 02:13","FileSnap.java","163699","26619","190318"
"2019-08-17 17:13","AsyncTest.java","255186","224314","479500"
"2017-07-28 00:36","JRecord.java","80765","29592","110357"
"2019-06-20 20:25","JRecord.java","244223","174296","418519"
"2019-07-29 17:15","JRecord.java","254504","174296","428800"
"2016-11-24 17:18","JRecord.java","79142","26247","105389"
"2017-09-11 18:55","JRecord.java","81520","29784","111304"
"2016-11-25 07:08","JRecord.java","79044","26156","105200"
"2020-04-07 17:00","JRecord.java","271390","175394","446784"
"2011-09-02 22:53","JRecord.java","5233","635","5868"
"2020-03-26 18:41","ZooKeeperMain.java","270503","195487","465990"
"2016-10-16 14:21","ZooKeeperMain.java","47174","17432","64606"
"2020-04-01 17:02","ZooKeeperMain.java","270827","195487","466314"
"2019-10-10 14:37","ZooKeeperMain.java","260122","194141","454263"
"2015-11-22 00:33","ZooKeeperMain.java","39813","13144","52957"
"2020-03-26 22:19","ZooKeeperMain.java","270572","195487","466059"
"2015-11-08 22:54","ZooKeeperMain.java","39395","13019","52414"
"2016-07-27 01:33","ZooKeeperMain.java","44950","16756","61706"
"2014-04-04 00:39","ZooKeeperMain.java","9160","1341","10501"
"2019-11-28 12:24","ZooKeeperMain.java","262621","195487","458108"
"2016-11-13 20:59","ZooKeeperMain.java","49515","17568","67083"
"2019-08-03 08:42","ZooKeeperMain.java","257077","194141","451218"
"2017-07-28 00:36","ZooKeeperMain.java","53804","23011","76815"
"2016-05-02 18:15","ZooKeeperMain.java","43260","16332","59592"
"2015-03-28 20:08","ZooKeeperMain.java","34513","11215","45728"
"2019-08-17 17:13","ZooKeeperMain.java","256369","194141","450510"
"2018-08-06 14:11","ZooKeeperMain.java","83657","42918","126575"
"2019-10-10 14:37","LeaderSessionTrackerTest.java","260120","196919","457039"
"2016-08-24 01:36","LeaderSessionTrackerTest.java","42599","17018","59617"
"2019-08-17 17:13","LeaderSessionTrackerTest.java","256367","196919","453286"
"2018-11-17 18:33","ServerCnxn.java","223246","225437","448683"
"2019-01-14 19:38","ServerCnxn.java","230465","225439","455904"
"2019-04-12 19:01","ServerCnxn.java","237080","225539","462619"
"2018-09-18 01:00","ServerCnxn.java","119343","107628","226971"
"2019-07-08 23:26","ServerCnxn.java","244067","225557","469624"
"2019-08-17 17:13","ServerCnxn.java","255292","225558","480850"
"2019-07-03 00:44","ServerCnxn.java","243304","225557","468861"
"2018-07-12 01:33","ServerCnxn.java","26274","19633","45907"
"2018-08-08 06:21","ServerCnxn.java","86484","77875","164359"
"2017-11-28 00:10","ServerCnxn.java","10969","8250","19219"
"2019-11-18 09:05","ServerCnxn.java","260040","227162","487202"
"2020-02-26 22:41","ServerCnxn.java","267552","227164","494716"
"2018-09-28 23:38","ServerCnxn.java","122599","108310","230909"
"2019-11-11 13:59","ServerCnxn.java","262750","225606","488356"
"2014-02-12 17:00","LearnerHandler.java","49357","13802","63159"
"2014-03-23 04:12","LearnerHandler.java","49887","13945","63832"
"2019-10-10 14:37","LearnerHandler.java","260685","178405","439090"
"2015-06-05 20:38","LearnerHandler.java","74965","21332","96297"
"2015-06-05 20:51","LearnerHandler.java","74992","21332","96324"
"2015-06-12 23:02","LearnerHandler.java","75104","21346","96450"
"2013-09-26 14:05","LearnerHandler.java","42122","13258","55380"
"2019-07-03 20:54","LearnerHandler.java","244926","178405","423331"
"2011-09-14 08:56","LearnerHandler.java","15987","1988","17975"
"2011-08-30 08:37","LearnerHandler.java","14607","1817","16424"
"2011-09-17 02:36","LearnerHandler.java","16472","5033","21505"
"2012-04-23 01:20","LearnerHandler.java","25525","10791","36316"
"2013-06-28 23:22","LearnerHandler.java","41662","13228","54890"
"2018-09-18 01:00","LearnerHandler.java","180418","107222","287640"
"2012-02-06 09:40","LearnerHandler.java","20421","8013","28434"
"2013-05-14 14:27","LearnerHandler.java","39704","13007","52711"
"2018-08-03 18:52","LearnerHandler.java","114860","45240","160100"
"2018-12-09 03:16","LearnerHandler.java","229524","178339","407863"
"2019-04-12 19:01","LearnerHandler.java","238740","178406","417146"
"2013-03-07 07:01","LearnerHandler.java","39549","12977","52526"
"2017-11-28 00:10","LearnerHandler.java","92166","27966","120132"
"2019-06-29 00:33","LearnerHandler.java","244919","178405","423324"
"2013-05-11 15:35","LearnerHandler.java","39604","12984","52588"
"2019-07-25 21:41","LearnerHandler.java","253415","178405","431820"
"2019-08-23 19:43","LearnerHandler.java","257598","178405","436003"
"2019-08-17 17:13","LearnerHandler.java","256932","178405","435337"
"2017-06-26 00:16","LearnerHandler.java","87784","27627","115411"
"2017-08-03 20:28","LearnerHandler.java","87458","27653","115111"
"2012-07-29 07:02","LearnerHandler.java","26984","10847","37831"
"2019-05-06 17:48","LearnerHandler.java","241246","178406","419652"
"2019-08-03 08:42","LearnerHandler.java","257640","178405","436045"
"2019-04-22 19:15","LearnerHandler.java","239715","178406","418121"
"2011-06-14 07:14","LearnerHandler.java","2489","539","3028"
"2019-10-10 14:37","ZKDatabase.java","258828","229267","488095"
"2019-12-27 22:33","ZKDatabase.java","265525","231039","496564"
"2018-09-28 23:38","ZKDatabase.java","111956","101593","213549"
"2019-11-08 17:30","ZKDatabase.java","260737","229315","490052"
"2019-05-14 17:11","ZKDatabase.java","239721","229246","468967"
"2018-09-18 01:00","ZKDatabase.java","108681","100892","209573"
"2019-02-07 11:26","ZKDatabase.java","233272","229132","462404"
"2019-04-12 19:01","ZKDatabase.java","236844","229229","466073"
"2018-09-05 22:35","ZKDatabase.java","106276","100741","207017"
"2019-08-17 17:13","ZKDatabase.java","255074","229266","484340"
"2019-09-10 00:27","ZKDatabase.java","256015","229267","485282"
"2019-04-09 15:35","ZKDatabase.java","235821","229156","464977"
"2018-09-15 00:08","ZooKeeperServer.java","114063","101685","215748"
"2019-04-12 19:01","ZooKeeperServer.java","237022","224165","461187"
"2019-07-31 19:06","ZooKeeperServer.java","254541","224184","478725"
"2019-09-11 10:27","ZooKeeperServer.java","256590","224184","480774"
"2019-01-14 19:38","ZooKeeperServer.java","230407","224065","454472"
"2019-01-07 15:34","ZooKeeperServer.java","230008","224065","454073"
"2018-11-21 17:56","ZooKeeperServer.java","223203","224063","447266"
"2019-02-13 13:12","ZooKeeperServer.java","234083","224087","458170"
"2018-07-19 05:59","ZooKeeperServer.java","31312","22867","54179"
"2018-09-18 01:00","ZooKeeperServer.java","114828","101797","216625"
"2019-03-04 08:07","ZooKeeperServer.java","234661","224088","458749"
"2019-07-08 23:26","ZooKeeperServer.java","244009","224183","468192"
"2019-01-23 14:00","ZooKeeperServer.java","231843","224066","455909"
"2019-02-13 13:19","ZooKeeperServer.java","234369","224087","458456"
"2019-05-14 17:11","ZooKeeperServer.java","239882","224165","464047"
"2019-06-04 10:55","ZooKeeperServer.java","240717","224183","464900"
"2019-04-09 15:35","ZooKeeperServer.java","235997","224090","460087"
"2019-08-03 08:42","ZooKeeperServer.java","255942","224184","480126"
"2019-05-15 11:56","ZooKeeperServer.java","239969","224165","464134"
"2019-05-22 11:39","ZooKeeperServer.java","240416","224166","464582"
"2019-04-22 19:15","ZooKeeperServer.java","237997","224165","462162"
"2018-02-23 23:49","ZooKeeperServer.java","6648","1414","8062"
"2019-09-10 04:26","ZooKeeperServer.java","256279","224184","480463"
"2019-08-17 17:13","ZooKeeperServer.java","255234","224184","479418"
"2019-09-05 23:12","ZooKeeperServer.java","256153","224184","480337"
"2019-09-10 15:21","ZooKeeperServer.java","256277","224184","480461"
"2019-08-01 07:31","ZooKeeperServer.java","255905","224184","480089"
"2019-08-01 07:28","ZooKeeperServer.java","255415","224184","479599"
"2019-06-03 19:40","ZooKeeperServer.java","240564","224183","464747"
"2019-11-23 17:08","ZooKeeperServer.java","261576","225825","487401"
"2019-10-09 16:49","ZooKeeperServer.java","258820","224184","483004"
"2019-07-03 00:44","ZooKeeperServer.java","243246","224183","467429"
"2018-01-19 01:12","ZooKeeperServer.java","5443","1251","6694"
"2019-07-24 18:00","ZooKeeperServer.java","251689","224184","475873"
"2018-08-08 06:21","ZooKeeperServer.java","80735","70810","151545"
"2018-05-09 23:57","ZooKeeperServer.java","8453","1714","10167"
"2019-12-27 22:33","ZooKeeperServer.java","265554","225826","491380"
"2018-09-11 00:17","ZooKeeperServer.java","112490","101661","214151"
"2019-11-18 09:05","ZooKeeperServer.java","260019","225825","485844"
"2019-10-10 14:37","ZooKeeperServer.java","258987","224184","483171"
"2019-09-16 23:26","ZooKeeperServer.java","258253","224184","482437"
"2019-12-03 10:01","ZooKeeperServer.java","263478","225825","489303"
"2020-03-25 03:38","ZooKeeperServer.java","269662","225827","495489"
"2019-11-28 12:24","ZooKeeperServer.java","261781","225825","487606"
"2019-11-06 15:21","ZooKeeperServer.java","259251","224232","483483"
"2020-04-12 11:14","ZooKeeperServer.java","270476","225888","496364"
"2018-06-08 16:52","ZooKeeperServer.java","9441","1953","11394"
"2018-06-15 07:41","ZooKeeperServer.java","9453","1962","11415"
"2018-07-28 04:37","ZooKeeperServer.java","32023","23002","55025"
"2019-04-18 19:17","ZooKeeperServer.java","237732","224165","461897"
"2016-11-13 20:59","TestableZooKeeper.java","87677","66741","154418"
"2019-08-17 17:13","TestableZooKeeper.java","256985","218456","475441"
"2019-03-06 03:32","TestableZooKeeper.java","236718","218404","455122"
"2013-01-25 02:17","TestableZooKeeper.java","37023","54848","91871"
"2012-03-15 18:01","TestableZooKeeper.java","24593","50833","75426"
"2018-04-25 01:41","TestableZooKeeper.java","96386","70252","166638"
"2014-03-26 22:13","TestableZooKeeper.java","52427","56232","108659"
"2020-05-17 15:13","TestableZooKeeper.java","272005","219531","491536"
"2019-10-10 14:37","LocalSessionRequestTest.java","260120","196919","457039"
"2019-09-20 10:06","LocalSessionRequestTest.java","259230","196919","456149"
"2019-08-17 17:13","LocalSessionRequestTest.java","256367","196919","453286"
"2019-08-17 17:13","ZookeeperBanner.java","50498","30021","80519"
"2018-07-19 05:59","MBeanRegistry.java","174573","33975","208548"
"2019-05-03 17:37","MBeanRegistry.java","241810","103570","345380"
"2019-08-17 17:13","MBeanRegistry.java","257687","103569","361256"
"2019-10-10 14:37","MBeanRegistry.java","261440","103569","365009"
"2015-09-10 06:07","MBeanRegistry.java","150996","24188","175184"
"2011-09-01 19:15","MBeanRegistry.java","101040","16225","117265"
"2011-04-12 09:14","MBeanRegistry.java","93363","17772","111135"
"2014-05-18 05:49","MBeanRegistry.java","134729","23707","158436"
"2019-09-11 10:27","PrepRequestProcessor.java","54765","31403","86168"
"2019-11-08 17:30","PrepRequestProcessor.java","59960","32340","92300"
"2019-04-09 15:35","PrepRequestProcessor.java","3572","709","4281"
"2019-04-17 14:16","PrepRequestProcessor.java","5155","1077","6232"
"2019-05-10 12:22","PrepRequestProcessor.java","7924","1411","9335"
"2019-08-01 07:31","PrepRequestProcessor.java","30912","8235","39147"
"2019-06-26 10:57","PrepRequestProcessor.java","15034","5178","20212"
"2019-08-17 17:13","PrepRequestProcessor.java","52129","30123","82252"
"2019-12-27 22:33","PrepRequestProcessor.java","68545","37861","106406"
"2019-10-10 14:37","PrepRequestProcessor.java","57945","32186","90131"
"2020-03-25 03:38","PrepRequestProcessor.java","74088","39297","113385"
"2019-08-17 17:13","QuorumHierarchical.java","24190","24898","49088"
"2019-10-10 14:37","QuorumHierarchical.java","30687","27642","58329"
"2017-09-11 18:55","ProviderRegistry.java","6581","7719","14300"
"2019-02-13 13:19","ProviderRegistry.java","234427","225461","459888"
"2019-08-17 17:13","ProviderRegistry.java","255292","225558","480850"
"2019-10-10 14:37","ProviderRegistry.java","259045","225558","484603"
"2019-08-17 17:13","RateLogger.java","25455","24762","50217"
"2011-05-21 00:43","DataTreeTest.java","1721","202","1923"
"2019-09-18 11:20","DataTreeTest.java","259844","178405","438249"
"2019-12-27 22:33","DataTreeTest.java","266704","179499","446203"
"2015-06-06 03:48","DataTreeTest.java","75072","21337","96409"
"2019-10-09 16:38","DataTreeTest.java","260429","178405","438834"
"2013-09-05 23:50","DataTreeTest.java","41525","13237","54762"
"2019-01-30 16:28","DataTreeTest.java","233978","178340","412318"
"2019-02-07 11:26","DataTreeTest.java","235200","178341","413541"
"2018-12-20 15:17","DataTreeTest.java","230466","178339","408805"
"2018-09-04 11:54","DataTreeTest.java","177841","107155","284996"
"2019-07-31 19:06","DataTreeTest.java","256239","178405","434644"
"2019-04-12 19:01","DataTreeTest.java","238740","178406","417146"
"2019-09-10 15:21","DataTreeTest.java","257975","178405","436380"
"2019-08-17 17:13","DataTreeTest.java","256932","178405","435337"
"2017-06-18 19:23","DataTreeTest.java","87597","27568","115165"
"2019-04-12 12:29","DataTreeTest.java","238309","178406","416715"
"2016-11-13 20:59","DataTreeTest.java","85548","24614","110162"
"2019-02-06 09:46","ZooKeeper.java","232492","230478","462970"
"2019-01-16 14:21","ZooKeeper.java","230765","230474","461239"
"2019-11-08 17:30","ZooKeeper.java","260585","230660","491245"
"2019-02-07 11:26","ZooKeeper.java","233121","230478","463599"
"2019-08-17 17:13","ZooKeeper.java","254922","230611","485533"
"2019-06-26 10:57","ZooKeeper.java","242771","230610","473381"
"2019-06-03 19:40","ZooKeeper.java","240252","230610","470862"
"2019-08-03 08:42","ZooKeeper.java","255630","230611","486241"
"2020-04-16 12:50","ZooKeeper.java","270421","232536","502957"
"2018-07-27 05:16","ZooKeeper.java","23714","21696","45410"
"2019-10-10 14:37","ZooKeeper.java","258676","230612","489288"
"2019-02-11 12:34","ZooKeeper.java","233485","230479","463964"
"2020-05-17 15:13","ZooKeeper.java","270824","232568","503392"
"2019-03-12 19:08","ZooKeeper.java","234934","230500","465434"
"2014-06-25 19:06","AsyncCallback.java","28755","10224","38979"
"2019-09-05 22:59","AsyncCallback.java","257045","187214","444259"
"2019-01-16 14:21","AsyncCallback.java","232295","187116","419411"
"2019-02-07 11:26","AsyncCallback.java","234648","187117","421765"
"2019-08-17 17:13","AsyncCallback.java","256413","187214","443627"
"2017-07-28 00:36","AsyncCallback.java","60935","23171","84106"
"2013-02-03 15:52","AsyncCallback.java","1218","725","1943"
"2019-10-10 14:37","StandaloneDisabledTest.java","258676","230890","489566"
"2019-06-03 19:40","StandaloneDisabledTest.java","240252","230888","471140"
"2019-08-17 17:13","StandaloneDisabledTest.java","254922","230889","485811"
"2018-09-07 02:49","ClientBase.java","41807","40942","82749"
"2019-07-31 19:06","ClientBase.java","212235","191803","404038"
"2019-08-17 17:13","ClientBase.java","212928","191803","404731"
"2019-06-07 14:13","ClientBase.java","199026","191797","390823"
"2019-06-24 11:05","ClientBase.java","200257","191799","392056"
"2019-11-14 16:44","ClientBase.java","221004","191852","412856"
"2019-10-10 14:37","ClientBase.java","216682","191804","408486"
"2019-10-10 14:37","LeaderElectionSupportTest.java","5697","2537","8234"
"2019-11-08 17:30","Watcher.java","260896","223847","484743"
"2019-08-17 17:13","Watcher.java","255234","223799","479033"
"2019-08-17 17:13","UnifiedConnectionFactory.java","28338","25352","53690"
"2019-11-08 17:30","FinalRequestProcessor.java","47271","29507","76778"
"2019-07-08 23:26","FinalRequestProcessor.java","1210","284","1494"
"2019-09-10 04:26","FinalRequestProcessor.java","41428","28233","69661"
"2019-08-17 17:13","FinalRequestProcessor.java","39048","26898","65946"
"2019-08-01 07:28","FinalRequestProcessor.java","15476","3145","18621"
"2019-07-03 00:44","FinalRequestProcessor.java","360","197","557"
"2019-08-06 17:11","FinalRequestProcessor.java","16831","3580","20411"
"2020-03-25 03:38","FinalRequestProcessor.java","61874","36939","98813"
"2019-09-16 23:26","FinalRequestProcessor.java","43654","28485","72139"
"2019-10-10 14:37","FinalRequestProcessor.java","45236","29333","74569"
"2019-11-21 05:58","FinalRequestProcessor.java","49899","34582","84481"
"2019-11-18 09:05","FinalRequestProcessor.java","49866","34572","84438"
"2019-11-11 13:59","FinalRequestProcessor.java","49098","29538","78636"
"2020-03-26 22:12","FinalRequestProcessor.java","61929","36992","98921"
"2019-12-27 22:33","QuorumPeerTestBase.java","11303","6378","17681"
"2019-09-11 10:27","SerializeUtils.java","258940","105419","364359"
"2013-03-07 07:01","SerializeUtils.java","118609","22002","140611"
"2011-07-01 00:53","SerializeUtils.java","96489","18206","114695"
"2019-08-17 17:13","SerializeUtils.java","257584","105419","363003"
"2015-06-04 19:51","SerializeUtils.java","147871","24206","172077"
"2016-10-07 21:51","SerializeUtils.java","154840","26124","180964"
"2009-06-15 22:52","SerializeUtils.java","30264","2677","32941"
"2018-02-07 01:05","SerializeUtils.java","162613","27523","190136"
"2011-06-23 18:01","SerializeUtils.java","93614","17881","111495"
"2019-12-27 22:33","SerializeUtils.java","266819","105976","372795"
"2012-12-19 19:16","SerializeUtils.java","113739","21688","135427"
"2011-04-12 09:14","SerializeUtils.java","91292","17654","108946"
"2013-09-18 01:14","ReadOnlyRequestProcessor.java","40272","13135","53407"
"2014-03-23 04:12","ReadOnlyRequestProcessor.java","48459","13860","62319"
"2015-03-08 23:07","ReadOnlyRequestProcessor.java","69854","20949","90803"
"2012-03-15 17:47","ReadOnlyRequestProcessor.java","20544","8259","28803"
"2011-10-28 18:37","ReadOnlyRequestProcessor.java","15696","6939","22635"
"2013-03-07 07:01","ReadOnlyRequestProcessor.java","38091","12862","50953"
"2016-10-07 21:51","ReadOnlyRequestProcessor.java","81965","24627","106592"
"2019-08-17 17:13","ReadOnlyRequestProcessor.java","256910","179726","436636"
"2015-06-04 19:51","ReadOnlyRequestProcessor.java","73565","21278","94843"
"2019-04-09 15:35","ClientCnxnSocketNetty.java","21091","8931","30022"
"2019-06-03 19:40","ClientCnxnSocketNetty.java","26499","9865","36364"
"2019-08-17 17:13","ClientCnxnSocketNetty.java","67761","36458","104219"
"2018-12-15 07:34","ClientCnxnSocketNetty.java","5581","1705","7286"
"2019-02-12 15:25","ClientCnxnSocketNetty.java","18618","8490","27108"
"2019-10-10 14:37","ClientCnxnSocketNetty.java","73487","38431","111918"
"2019-10-10 14:37","SessionTrackerImpl.java","260412","176310","436722"
"2019-09-20 10:02","SessionTrackerImpl.java","259579","176310","435889"
"2013-10-09 22:21","SessionTrackerImpl.java","29094","8193","37287"
"2020-03-26 22:16","SessionTrackerImpl.java","270756","177615","448371"
"2015-03-08 23:07","SessionTrackerImpl.java","55620","16238","71858"
"2014-07-25 00:58","SessionTrackerImpl.java","50903","15799","66702"
"2014-07-23 20:17","SessionTrackerImpl.java","50900","15802","66702"
"2012-09-17 09:53","SessionTrackerImpl.java","10675","4501","15176"
"2015-02-06 06:17","SessionTrackerImpl.java","55388","16180","71568"
"2014-07-18 02:19","SessionTrackerImpl.java","50180","15723","65903"
"2018-09-18 01:00","SessionTrackerImpl.java","171365","109035","280400"
"2019-09-05 23:12","SessionTrackerImpl.java","257578","176310","433888"
"2019-08-17 17:13","SessionTrackerImpl.java","256659","176310","432969"
"2018-08-08 06:21","SessionTrackerImpl.java","145484","86260","231744"
"2018-05-09 23:57","SessionTrackerImpl.java","82755","26717","109472"
"2019-04-22 19:15","SessionTrackerImpl.java","239441","176310","415751"
"2012-12-19 19:07","SessionTrackerImpl.java","16333","6064","22397"
"2019-01-14 19:38","MockServerCnxn.java","231264","217042","448306"
"2018-11-17 18:33","MockServerCnxn.java","224045","217040","441085"
"2018-08-08 06:21","MockServerCnxn.java","101208","83403","184611"
"2019-08-17 17:13","MockServerCnxn.java","256083","217153","473236"
"2019-07-03 00:44","MockServerCnxn.java","244095","217152","461247"
"2019-06-03 19:40","MockServerCnxn.java","241413","217152","458565"
"2019-11-18 09:05","MockServerCnxn.java","260679","218605","479284"
"2019-10-10 14:37","LocalSessionsOnlyTest.java","7470","3717","11187"
"2018-02-07 01:05","LeaderBean.java","169766","20075","189841"
"2018-07-12 01:33","LeaderBean.java","179111","26353","205464"
"2019-07-25 21:41","LeaderBean.java","254189","90102","344291"
"2019-08-17 17:13","LeaderBean.java","257706","90102","347808"
"2019-01-07 14:55","LeaderBean.java","232570","90075","322645"
"2012-02-27 03:41","LeaderBean.java","111383","14098","125481"
"2018-08-17 14:40","LeaderBean.java","190519","35465","225984"
"2016-12-20 14:47","LeaderBean.java","165672","19195","184867"
"2010-01-25 04:28","LeaderBean.java","76980","8481","85461"
"2019-12-27 22:33","FileTxnSnapLog.java","266841","72935","339776"
"2009-11-07 08:16","FileTxnSnapLog.java","87520","12884","100404"
"2019-10-10 14:37","FileTxnSnapLog.java","261463","72482","333945"
"2019-12-13 08:51","FileTxnSnapLog.java","264878","72935","337813"
"2017-01-07 01:09","FileTxnSnapLog.java","180388","20437","200825"
"2011-07-13 15:48","FileTxnSnapLog.java","117975","14172","132147"
"2014-02-12 17:00","FileTxnSnapLog.java","151398","18372","169770"
"2012-03-06 09:20","FileTxnSnapLog.java","127521","17220","144741"
"2020-01-23 16:46","FileTxnSnapLog.java","268090","72935","341025"
"2020-01-28 17:26","FileTxnSnapLog.java","268561","72935","341496"
"2011-10-20 20:02","FileTxnSnapLog.java","124302","16981","141283"
"2016-09-18 23:21","FileTxnSnapLog.java","175720","20241","195961"
"2017-01-23 02:13","FileTxnSnapLog.java","180802","20447","201249"
"2011-04-12 09:14","FileTxnSnapLog.java","122033","15332","137365"
"2018-06-08 16:52","FileTxnSnapLog.java","186091","20967","207058"
"2019-09-02 08:23","FileTxnSnapLog.java","258367","72482","330849"
"2011-12-21 21:39","FileTxnSnapLog.java","126147","17129","143276"
"2017-04-28 07:14","FileTxnSnapLog.java","178673","20577","199250"
"2019-07-31 19:06","FileTxnSnapLog.java","257017","72482","329499"
"2018-07-30 06:22","FileTxnSnapLog.java","190722","23943","214665"
"2008-10-17 02:21","FileTxnSnapLog.java","15087","3699","18786"
"2012-02-06 09:40","FileTxnSnapLog.java","127029","17150","144179"
"2012-07-17 23:25","FileTxnSnapLog.java","130983","17381","148364"
"2020-01-30 09:43","FileTxnSnapLog.java","268637","72935","341572"
"2019-05-14 17:11","FileTxnSnapLog.java","242377","72482","314859"
"2010-03-12 23:36","FileTxnSnapLog.java","109693","13702","123395"
"2008-10-21 06:36","FileTxnSnapLog.java","15306","3710","19016"
"2013-06-28 23:22","FileTxnSnapLog.java","144228","18323","162551"
"2014-02-10 21:50","FileTxnSnapLog.java","151269","18355","169624"
"2019-05-21 23:34","FileTxnSnapLog.java","242698","72482","315180"
"2009-02-20 01:23","FileTxnSnapLog.java","41172","9922","51094"
"2019-05-27 10:54","FileTxnSnapLog.java","243030","72482","315512"
"2009-01-31 02:18","FileTxnSnapLog.java","37514","9076","46590"
"2008-12-10 22:55","FileTxnSnapLog.java","23002","5001","28003"
"2017-01-13 19:29","FileTxnSnapLog.java","180595","20441","201036"
"2017-06-26 00:07","FileTxnSnapLog.java","178449","20815","199264"
"2018-02-23 23:49","FileTxnSnapLog.java","183802","20932","204734"
"2017-08-18 06:32","FileTxnSnapLog.java","178487","20851","199338"
"2009-06-18 18:37","FileTxnSnapLog.java","72814","11093","83907"
"2019-08-17 17:13","FileTxnSnapLog.java","257710","72482","330192"
"2009-06-15 22:52","FileTxnSnapLog.java","71604","10954","82558"
"2018-02-14 21:23","FileTxnSnapLog.java","183638","20932","204570"
"2019-08-17 17:13","AtomicFileOutputStreamTest.java","256464","180755","437219"
"2017-01-13 19:29","AtomicFileOutputStreamTest.java","66756","19579","86335"
"2014-03-25 22:13","QuorumPeerMainTest.java","48160","13959","62119"
"2011-09-03 01:07","QuorumPeerMainTest.java","12848","1411","14259"
"2018-05-10 00:14","QuorumPeerMainTest.java","93558","28579","122137"
"2018-10-05 14:25","QuorumPeerMainTest.java","223751","149098","372849"
"2018-07-17 10:41","QuorumPeerMainTest.java","112092","45466","157558"
"2018-07-27 12:32","QuorumPeerMainTest.java","112645","45508","158153"
"2013-10-09 22:21","QuorumPeerMainTest.java","43346","13556","56902"
"2011-09-17 02:13","QuorumPeerMainTest.java","13958","4468","18426"
"2015-11-03 08:11","QuorumPeerMainTest.java","75607","22489","98096"
"2020-01-23 13:43","QuorumPeerMainTest.java","267931","181454","449385"
"2019-10-10 14:37","QuorumPeerMainTest.java","260659","180356","441015"
"2019-12-28 16:17","QuorumPeerMainTest.java","266589","181454","448043"
"2017-12-16 01:25","QuorumPeerMainTest.java","90594","28327","118921"
"2018-01-19 00:52","QuorumPeerMainTest.java","90753","28373","119126"
"2018-04-30 06:34","QuorumPeerMainTest.java","92925","28577","121502"
"2019-07-25 21:41","QuorumPeerMainTest.java","253389","180356","433745"
"2019-08-17 17:13","QuorumPeerMainTest.java","256906","180356","437262"
"2018-02-23 23:49","QuorumPeerMainTest.java","91855","28433","120288"
"2012-04-23 01:20","QuorumPeerMainTest.java","23431","10674","34105"
"2014-01-09 20:21","QuorumPeerMainTest.java","45317","13681","58998"
"2019-07-02 07:34","QuorumPeerMainTest.java","244849","180356","425205"
"2019-05-20 17:18","QuorumPeerMainTest.java","241698","180357","422055"
"2018-10-16 16:22","QuorumPeerMainTest.java","236735","149100","385835"
"2015-02-06 06:17","QuorumPeerMainTest.java","69105","21008","90113"
"2018-08-29 06:26","QuorumPeerMainTest.java","171093","102444","273537"
"2018-08-03 18:52","QuorumPeerMainTest.java","113160","45517","158677"
"2018-09-11 15:23","QuorumPeerMainTest.java","177420","107456","284876"
"2019-08-17 17:13","ManagedUtil.java","67655","36352","104007"
"2020-03-01 06:42","ManagedUtil.java","87791","45105","132896"
"2019-08-17 17:13","DirsCommand.java","255276","226243","481519"
"2019-05-06 17:48","LearnerHandlerTest.java","20396","8741","29137"
"2019-08-17 17:13","LearnerHandlerTest.java","63823","36481","100304"
"2019-05-20 17:18","LearnerHandlerTest.java","21057","8924","29981"
"2019-07-03 20:54","LearnerHandlerTest.java","27848","12512","40360"
"2011-04-12 09:14","RestMain.java","10270","15865","26135"
"2019-05-08 21:54","ZKTestCase.java","20624","8780","29404"
"2019-08-06 17:11","ZKTestCase.java","44013","15570","59583"
"2019-08-17 17:13","ZKTestCase.java","63823","36481","100304"
"2019-10-10 14:37","ZKTestCase.java","69561","38466","108027"
"2019-11-14 16:44","ZKTestCase.java","74027","38658","112685"
"2019-11-28 12:24","ZKTestCase.java","75871","43623","119494"
"2013-09-18 12:58","ClientCnxn.java","131985","18504","150489"
"2015-01-31 08:05","ClientCnxn.java","155058","20271","175329"
"2016-05-02 18:15","ClientCnxn.java","162622","21799","184421"
"2014-01-24 07:18","ClientCnxn.java","138803","18590","157393"
"2009-07-17 00:09","ClientCnxn.java","62317","9621","71938"
"2009-05-20 20:48","ClientCnxn.java","48641","8290","56931"
"2019-08-17 17:13","ClientCnxn.java","257706","89594","347300"
"2009-06-25 22:41","ClientCnxn.java","60994","9426","70420"
"2015-05-10 00:27","ClientCnxn.java","157639","20313","177952"
"2009-01-16 00:48","ClientCnxn.java","6344","5817","12161"
"2008-12-22 23:23","ClientCnxn.java","3450","2040","5490"
"2009-01-28 01:15","ClientCnxn.java","6532","5855","12387"
"2017-12-19 19:27","ClientCnxn.java","172141","22989","195130"
"2019-01-31 15:50","ClientCnxn.java","235346","89567","324913"
"2012-08-02 00:24","ClientCnxn.java","118625","17569","136194"
"2019-04-09 15:35","ClientCnxn.java","238542","89573","328115"
"2013-02-03 15:52","ClientCnxn.java","125612","18195","143807"
"2014-12-20 15:29","ClientCnxn.java","155038","20262","175300"
"2012-03-15 18:01","ClientCnxn.java","116065","17399","133464"
"2019-11-08 17:30","ClientCnxn.java","263320","89594","352914"
"2017-06-08 17:59","ClientCnxn.java","167726","22864","190590"
"2012-09-09 20:24","ClientCnxn.java","119373","17578","136951"
"2019-01-16 14:21","ClientCnxn.java","233659","89567","323226"
"2019-01-07 14:24","ClientCnxn.java","232509","89567","322076"
"2009-06-25 00:59","ClientCnxn.java","60889","9412","70301"
"2019-03-06 03:32","ClientCnxn.java","237470","89573","327043"
"2010-11-11 18:11","ClientCnxn.java","143353","13774","157127"
"2010-11-10 23:36","ClientCnxn.java","143314","13731","157045"
"2011-09-14 07:43","ClientCnxn.java","111516","12965","124481"
"2011-08-19 00:05","ClientCnxn.java","109222","12891","122113"
"2015-02-06 06:17","ClientCnxn.java","155268","20286","175554"
"2019-02-07 11:26","ClientCnxn.java","236011","89567","325578"
"2018-11-05 19:40","ClientCnxn.java","243309","68700","312009"
"2011-04-12 09:14","ClientCnxn.java","103862","14277","118139"
"2010-10-06 18:14","ClientCnxn.java","140233","13368","153601"
"2010-11-30 21:16","ClientCnxn.java","143814","13864","157678"
"2020-05-17 15:13","ClientCnxn.java","272108","90051","362159"
"2018-06-25 12:30","ClientCnxn.java","175784","23106","198890"
"2012-12-19 19:16","ClientCnxn.java","125077","18153","143230"
"2020-03-03 03:12","ClientCnxn.java","269897","90050","359947"
"2018-09-10 11:44","ClientCnxn.java","210870","55007","265877"
"2011-09-28 22:17","ClientCnxn.java","112121","15517","127638"
"2015-06-13 02:42","ClientCnxn.java","159155","20367","179522"
"2010-10-21 02:44","ClientCnxn.java","141981","13465","155446"
"2010-08-05 09:09","ClientCnxn.java","106419","13015","119434"
"2011-05-20 01:17","ClientCnxn.java","104704","14300","119004"
"2014-03-23 04:12","ClientCnxn.java","139545","18695","158240"
"2015-11-09 00:05","ClientCnxn.java","160679","20399","181078"
"2015-12-06 19:58","ClientCnxn.java","160993","20408","181401"
"2020-01-21 17:53","ClientCnxn.java","266158","90050","356208"
"2015-12-05 22:43","ClientCnxn.java","160990","20408","181398"
"2015-12-05 22:32","ClientCnxn.java","160985","20408","181393"
"2010-03-04 02:28","ClientCnxn.java","84211","12136","96347"
"2010-01-25 04:28","ClientCnxn.java","80994","11987","92981"
"2019-10-10 14:37","ClientCnxn.java","261459","89594","351053"
"2014-04-01 04:03","ClientCnxn.java","140460","18767","159227"
"2013-09-18 15:14","ClientCnxn.java","132003","18504","150507"
"2013-09-18 04:08","ClientCnxn.java","131899","18504","150403"
"2019-11-21 05:58","ClientCnxn.java","261329","90050","351379"
"2020-04-16 12:50","ClientCnxn.java","271736","90050","361786"
"2018-07-27 05:16","ClientCnxn.java","182900","29070","211970"
"2010-01-26 03:22","ClientCnxn.java","81600","12045","93645"
"2009-10-31 00:09","ClientCnxn.java","68113","11022","79135"
"2009-11-07 01:48","ClientCnxn.java","68694","11198","79892"
"2010-01-05 18:32","ClientCnxn.java","77893","11752","89645"
"2019-09-18 16:03","X509UtilTest.java","5209","2292","7501"
"2019-08-17 17:13","NullMetricsProvider.java","43884","29368","73252"
"2019-11-14 03:54","LocalPeerMXBean.java","262906","231578","494484"
"2018-12-20 15:13","LocalPeerMXBean.java","228269","231380","459649"
"2019-08-17 17:13","LocalPeerMXBean.java","254848","231529","486377"
"2019-08-17 17:13","ZooKeeperServerShutdownHandler.java","255887","222252","478139"
"2019-08-17 17:13","LsCommand.java","256271","201513","457784"
"2019-01-31 15:55","LsCommand.java","233823","201406","435229"
"2017-05-27 00:52","LsCommand.java","45427","22027","67454"
"2016-09-08 22:52","LsCommand.java","38322","17210","55532"
"2020-01-09 22:51","LsCommand.java","265811","202951","468762"
"2016-07-27 01:33","LsCommand.java","37360","16636","53996"
"2019-12-28 16:17","LsCommand.java","266294","202951","469245"
"2014-05-09 23:37","Zab1_0Test.java","13875","7881","21756"
"2017-01-07 01:09","Zab1_0Test.java","48098","18227","66325"
"2015-12-06 21:30","Zab1_0Test.java","36208","13103","49311"
"2019-12-17 13:48","Zab1_0Test.java","264838","199103","463941"
"2015-07-07 07:11","Zab1_0Test.java","34292","12738","47030"
"2019-12-27 22:33","Zab1_0Test.java","266387","199103","465490"
"2019-10-10 14:37","Zab1_0Test.java","260113","197754","457867"
"2015-05-14 18:40","Zab1_0Test.java","31536","11282","42818"
"2019-08-17 17:13","Zab1_0Test.java","256360","197754","454114"
"2019-06-03 19:40","Zab1_0Test.java","241691","197754","439445"
"2018-05-10 06:00","Zab1_0Test.java","59049","24469","83518"
"2017-11-28 00:10","Zab1_0Test.java","55323","23732","79055"
"2017-08-18 06:32","Zab1_0Test.java","50731","23175","73906"
"2017-02-12 00:12","Zab1_0Test.java","47912","20795","68707"
"2020-03-19 17:09","Learner.java","269526","216682","486208"
"2020-02-03 04:30","Learner.java","268021","216682","484703"
"2020-01-23 13:43","Learner.java","267464","216682","484146"
"2017-07-04 07:39","Learner.java","23261","13231","36492"
"2020-03-25 03:38","Learner.java","270322","216682","487004"
"2019-11-28 12:24","Learner.java","262441","216680","479121"
"2019-12-27 22:33","Learner.java","266214","216681","482895"
"2020-01-25 18:48","Learner.java","267654","216682","484336"
"2020-05-03 19:43","Learner.java","271258","216682","487940"
"2016-08-13 15:01","Learner.java","14346","7126","21472"
"2019-10-10 14:37","Learner.java","259842","215234","475076"
"2019-06-03 19:40","Learner.java","241419","215233","456652"
"2015-03-17 18:06","Learner.java","1078","142","1220"
"2019-07-15 14:15","Learner.java","251508","215234","466742"
"2019-08-23 19:43","Learner.java","256755","215234","471989"
"2016-09-08 22:59","Learner.java","14990","7522","22512"
"2019-08-17 17:13","Learner.java","256089","215234","471323"
"2017-11-28 00:10","Learner.java","29311","15471","44782"
"2018-05-09 00:54","Learner.java","32148","16180","48328"
"2019-04-09 15:35","Learner.java","236857","215145","452002"
"2019-07-12 17:01","Learner.java","251402","215234","466636"
"2017-07-06 18:48","Learner.java","23544","13242","36786"
"2017-08-18 06:32","Learner.java","24667","14862","39529"
"2019-07-02 07:34","Learner.java","244031","215233","459264"
"2018-10-16 16:22","Learner.java","233546","194294","427840"
"2017-02-12 00:12","Learner.java","21266","11900","33166"
"2018-12-09 03:16","Learner.java","228635","215122","443757"
"2019-11-29 14:49","Learner.java","264092","216680","480772"
"2018-11-27 10:02","Learner.java","226311","215122","441433"
"2018-08-06 14:11","Learner.java","55543","36177","91720"
"2019-11-08 17:30","FinalRequestProcessor.java","33336","27903","61239"
"2019-09-10 04:26","FinalRequestProcessor.java","27282","26418","53700"
"2019-08-17 17:13","FinalRequestProcessor.java","24863","25044","49907"
"2019-08-06 17:11","FinalRequestProcessor.java","1370","450","1820"
"2020-03-25 03:38","FinalRequestProcessor.java","48155","35551","83706"
"2019-09-16 23:26","FinalRequestProcessor.java","29707","26869","56576"
"2019-10-10 14:37","FinalRequestProcessor.java","31301","27729","59030"
"2019-11-21 05:58","FinalRequestProcessor.java","35961","32975","68936"
"2019-11-18 09:05","FinalRequestProcessor.java","35933","32970","68903"
"2019-11-11 13:59","FinalRequestProcessor.java","35164","27935","63099"
"2020-03-26 22:12","FinalRequestProcessor.java","48210","35604","83814"
"2009-05-20 22:16","Leader.java","67424","10154","77578"
"2019-08-17 17:13","Leader.java","257710","72747","330457"
"2019-06-29 00:33","Leader.java","245697","72747","318444"
"2019-06-03 19:40","Leader.java","243041","72747","315788"
"2014-05-20 23:42","Leader.java","155706","19457","175163"
"2019-07-15 14:15","Leader.java","253129","72747","325876"
"2015-03-17 18:06","Leader.java","168172","19686","187858"
"2019-07-25 21:41","Leader.java","254193","72747","326940"
"2018-05-10 06:00","Leader.java","185132","20753","205885"
"2018-07-12 01:33","Leader.java","189272","23960","213232"
"2009-11-18 20:06","Leader.java","94561","12596","107157"
"2018-02-07 01:05","Leader.java","182951","20706","203657"
"2017-11-28 00:10","Leader.java","182042","20652","202694"
"2019-06-05 00:33","Leader.java","243431","72747","316178"
"2009-02-20 01:23","Leader.java","40336","9351","49687"
"2015-04-10 22:22","Leader.java","169243","19689","188932"
"2011-06-14 07:14","Leader.java","123335","14949","138284"
"2019-08-03 08:42","Leader.java","258418","72747","331165"
"2019-06-05 23:57","Leader.java","243700","72747","316447"
"2012-12-08 00:38","Leader.java","134419","17290","151709"
"2013-10-07 21:08","Leader.java","144622","18044","162666"
"2012-12-31 02:38","Leader.java","136965","17715","154680"
"2017-01-13 19:29","Leader.java","180079","20206","200285"
"2009-01-15 23:57","Leader.java","25560","8201","33761"
"2012-07-05 18:01","Leader.java","129285","17082","146367"
"2019-01-07 14:55","Leader.java","232573","72719","305292"
"2019-04-12 19:01","Leader.java","239517","72747","312264"
"2018-12-09 03:16","Leader.java","230340","72719","303059"
"2018-08-17 14:40","Leader.java","200393","32785","233178"
"2019-11-29 14:49","Leader.java","264720","73200","337920"
"2013-03-07 07:01","Leader.java","141732","17970","159702"
"2018-11-27 10:02","Leader.java","228016","72719","300735"
"2015-02-06 06:17","Leader.java","166934","19670","186604"
"2012-02-27 03:41","Leader.java","126763","16924","143687"
"2017-02-15 23:04","Leader.java","177265","20348","197613"
"2014-07-18 02:19","Leader.java","162081","19568","181649"
"2012-01-04 01:15","Leader.java","125797","16836","142633"
"2011-12-28 01:26","Leader.java","125642","16834","142476"
"2018-08-29 06:26","Leader.java","212645","44829","257474"
"2018-08-03 18:52","Leader.java","190778","23968","214746"
"2011-04-29 18:12","Leader.java","121696","14925","136621"
"2013-05-14 14:27","Leader.java","141858","17971","159829"
"2012-02-06 09:40","Leader.java","126453","16855","143308"
"2017-09-11 18:55","Leader.java","178200","20667","198867"
"2018-09-18 01:00","Leader.java","219504","49118","268622"
"2011-10-20 20:02","Leader.java","123704","16664","140368"
"2012-01-14 00:28","Leader.java","125895","16836","142731"
"2012-01-06 02:32","Leader.java","125798","16836","142634"
"2012-03-15 17:47","Leader.java","127751","16933","144684"
"2011-04-12 09:14","Leader.java","121343","14907","136250"
"2010-07-23 06:22","Leader.java","123367","13876","137243"
"2011-09-22 07:42","Leader.java","125333","16501","141834"
"2010-08-18 08:24","Leader.java","129577","14186","143763"
"2016-12-20 14:47","Leader.java","179228","20197","199425"
"2009-04-24 20:26","Leader.java","51242","9992","61234"
"2014-07-20 04:50","Leader.java","162612","19578","182190"
"2014-06-10 00:19","Leader.java","156641","19458","176099"
"2016-06-23 23:25","Leader.java","173778","19811","193589"
"2016-06-23 23:45","Leader.java","173886","19811","193697"
"2020-03-25 03:38","Leader.java","270948","73200","344148"
"2014-03-23 04:12","Leader.java","151318","18186","169504"
"2009-10-30 17:19","Leader.java","85287","12195","97482"
"2019-12-27 22:33","Leader.java","266841","73200","340041"
"2009-08-27 20:07","Leader.java","82523","11064","93587"
"2009-08-25 07:45","Leader.java","82516","11060","93576"
"2016-08-13 15:01","Leader.java","174689","19919","194608"
"2013-10-21 23:36","Leader.java","147394","18074","165468"
"2019-10-10 14:37","Leader.java","261463","72747","334210"
"2013-11-07 06:41","Leader.java","147825","18074","165899"
"2016-08-24 01:36","InvalidSnapshotTest.java","40970","17092","58062"
"2019-10-10 14:37","InvalidSnapshotTest.java","260045","198547","458592"
"2019-08-17 17:13","InvalidSnapshotTest.java","256292","198547","454839"
"2009-05-20 22:16","Leader.java","80703","8688","89391"
"2019-08-17 17:13","Leader.java","257842","58134","315976"
"2019-06-29 00:33","Leader.java","245829","58134","303963"
"2019-06-03 19:40","Leader.java","243173","58134","301307"
"2014-05-20 23:42","Leader.java","166169","18366","184535"
"2019-07-15 14:15","Leader.java","253261","58134","311395"
"2015-03-17 18:06","Leader.java","178602","18562","197164"
"2019-07-25 21:41","Leader.java","254325","58134","312459"
"2018-05-10 06:00","Leader.java","195106","19173","214279"
"2018-07-12 01:33","Leader.java","196740","19874","216614"
"2009-11-18 20:06","Leader.java","107501","10791","118292"
"2018-02-07 01:05","Leader.java","192945","19146","212091"
"2017-11-28 00:10","Leader.java","192081","19137","211218"
"2019-06-05 00:33","Leader.java","243563","58134","301697"
"2009-02-20 01:23","Leader.java","53712","7982","61694"
"2015-04-10 22:22","Leader.java","179673","18565","198238"
"2011-06-14 07:14","Leader.java","135939","12808","148747"
"2019-08-03 08:42","Leader.java","258550","58134","316684"
"2019-06-05 23:57","Leader.java","243832","58134","301966"
"2012-12-08 00:38","Leader.java","144984","16301","161285"
"2013-10-07 21:08","Leader.java","155136","17004","172140"
"2012-12-31 02:38","Leader.java","147522","16718","164240"
"2017-01-13 19:29","Leader.java","190342","18915","209257"
"2009-01-15 23:57","Leader.java","39154","7050","46204"
"2012-07-05 18:01","Leader.java","139865","16108","155973"
"2019-01-07 14:55","Leader.java","232717","58118","290835"
"2008-10-03 15:06","Leader.java","17086","2341","19427"
"2008-09-10 19:49","Leader.java","1626","285","1911"
"2019-04-12 19:01","Leader.java","239649","58134","297783"
"2018-12-09 03:16","Leader.java","230484","58118","288602"
"2018-08-17 14:40","Leader.java","207680","28518","236198"
"2008-09-24 23:27","Leader.java","2095","353","2448"
"2019-11-29 14:49","Leader.java","264720","58455","323175"
"2013-03-07 07:01","Leader.java","152260","16944","169204"
"2018-11-27 10:02","Leader.java","228160","58118","286278"
"2015-02-06 06:17","Leader.java","177374","18556","195930"
"2012-02-27 03:41","Leader.java","137345","15952","153297"
"2017-02-15 23:04","Leader.java","187467","18996","206463"
"2014-07-18 02:19","Leader.java","172531","18464","190995"
"2012-01-04 01:15","Leader.java","136413","15898","152311"
"2011-12-28 01:26","Leader.java","136260","15898","152158"
"2018-08-29 06:26","Leader.java","219784","40414","260198"
"2018-08-03 18:52","Leader.java","198240","19876","218116"
"2011-04-29 18:12","Leader.java","134309","12793","147102"
"2013-05-14 14:27","Leader.java","152387","16946","169333"
"2012-02-06 09:40","Leader.java","137061","15909","152970"
"2017-09-11 18:55","Leader.java","188242","19155","207397"
"2018-09-18 01:00","Leader.java","226629","44689","271318"
"2011-10-20 20:02","Leader.java","134435","15841","150276"
"2012-01-14 00:28","Leader.java","136511","15898","152409"
"2012-01-06 02:32","Leader.java","136414","15898","152312"
"2012-03-15 17:47","Leader.java","138331","15959","154290"
"2011-04-12 09:14","Leader.java","133947","12766","146713"
"2010-07-23 06:22","Leader.java","136116","11880","147996"
"2011-09-22 07:42","Leader.java","136092","15706","151798"
"2010-08-18 08:24","Leader.java","142314","12178","154492"
"2016-12-20 14:47","Leader.java","189499","18914","208413"
"2009-04-24 20:26","Leader.java","64538","8543","73081"
"2014-07-20 04:50","Leader.java","173064","18476","191540"
"2014-06-10 00:19","Leader.java","167103","18366","185469"
"2016-06-23 23:25","Leader.java","184179","18658","202837"
"2016-06-23 23:45","Leader.java","184287","18658","202945"
"2020-03-25 03:38","Leader.java","270948","58455","329403"
"2014-03-23 04:12","Leader.java","161792","17106","178898"
"2009-10-30 17:19","Leader.java","98268","10431","108699"
"2019-12-27 22:33","Leader.java","266841","58455","325296"
"2009-08-27 20:07","Leader.java","95560","9356","104916"
"2009-08-25 07:45","Leader.java","95557","9356","104913"
"2016-08-13 15:01","Leader.java","184991","18667","203658"
"2013-10-21 23:36","Leader.java","157901","17027","174928"
"2019-10-10 14:37","Leader.java","261595","58134","319729"
"2013-11-07 06:41","Leader.java","158332","17027","175359"
"2018-09-07 02:49","ClientBase.java","104665","100614","205279"
"2019-07-31 19:06","ClientBase.java","254229","230611","484840"
"2019-08-17 17:13","ClientBase.java","254922","230611","485533"
"2019-06-07 14:13","ClientBase.java","241025","230610","471635"
"2018-08-08 06:21","ClientBase.java","72820","69634","142454"
"2019-06-24 11:05","ClientBase.java","242254","230610","472864"
"2019-11-14 16:44","ClientBase.java","262998","230660","493658"
"2019-10-10 14:37","ClientBase.java","258676","230612","489288"
"2019-08-17 17:13","UnifiedServerSocket.java","50067","30065","80132"
"2019-10-10 14:37","UnifiedServerSocket.java","55907","32152","88059"
"2019-08-17 17:13","SessionTrackerTest.java","255265","224255","479520"
"2018-08-08 06:21","SessionTrackerTest.java","83449","73564","157013"
"2019-07-08 23:26","SessionTrackerTest.java","244040","224254","468294"
"2019-08-17 17:13","MBeanRegistry.java","45540","29662","75202"
"2019-10-10 14:37","MBeanRegistry.java","51611","31980","83591"
"2019-08-01 07:31","ObserverRequestProcessor.java","257077","191763","448840"
"2019-08-17 17:13","ObserverRequestProcessor.java","256406","191763","448169"
"2015-06-04 19:51","ObserverRequestProcessor.java","39784","12726","52510"
"2016-10-07 21:51","ObserverRequestProcessor.java","50510","18401","68911"
"2015-03-08 23:07","ObserverRequestProcessor.java","35780","12104","47884"
"2013-10-09 22:21","ObserverRequestProcessor.java","6718","1523","8241"
"2014-07-18 19:46","ObserverRequestProcessor.java","29959","10981","40940"
"2014-03-23 04:12","ObserverRequestProcessor.java","11589","2219","13808"
"2020-03-25 03:38","ObserverRequestProcessor.java","270537","193109","463646"
"2019-08-17 17:13","MockServerCnxn.java","38727","26740","65467"
"2019-11-18 09:05","MockServerCnxn.java","49545","34414","83959"
"2013-09-18 12:58","ClientCnxn.java","94452","29668","124120"
"2015-01-31 08:05","ClientCnxn.java","118089","31999","150088"
"2016-05-02 18:15","ClientCnxn.java","126007","33881","159888"
"2014-01-24 07:18","ClientCnxn.java","101496","29980","131476"
"2009-07-17 00:09","ClientCnxn.java","2463","1244","3707"
"2019-08-17 17:13","ClientCnxn.java","257500","140865","398365"
"2015-05-10 00:27","ClientCnxn.java","120717","32088","152805"
"2017-12-19 19:27","ClientCnxn.java","136312","35857","172169"
"2019-01-31 15:50","ClientCnxn.java","235123","140821","375944"
"2012-08-02 00:24","ClientCnxn.java","80563","28204","108767"
"2019-04-09 15:35","ClientCnxn.java","238321","140829","379150"
"2013-02-03 15:52","ClientCnxn.java","87965","29245","117210"
"2014-12-20 15:29","ClientCnxn.java","118068","31989","150057"
"2012-03-15 18:01","ClientCnxn.java","76782","26813","103595"
"2019-11-08 17:30","ClientCnxn.java","263114","140865","403979"
"2017-06-08 17:59","ClientCnxn.java","131806","35641","167447"
"2012-09-09 20:24","ClientCnxn.java","81316","28218","109534"
"2019-01-16 14:21","ClientCnxn.java","233436","140821","374257"
"2019-01-07 14:24","ClientCnxn.java","232286","140821","373107"
"2019-03-06 03:32","ClientCnxn.java","237249","140829","378078"
"2010-11-11 18:11","ClientCnxn.java","96967","18865","115832"
"2010-11-10 23:36","ClientCnxn.java","96924","18818","115742"
"2011-09-14 07:43","ClientCnxn.java","71861","22007","93868"
"2011-08-19 00:05","ClientCnxn.java","69510","21876","91386"
"2015-02-06 06:17","ClientCnxn.java","118317","32032","150349"
"2019-02-07 11:26","ClientCnxn.java","235788","140821","376609"
"2018-11-05 19:40","ClientCnxn.java","239654","113742","353396"
"2011-04-12 09:14","ClientCnxn.java","61368","23260","84628"
"2010-10-06 18:14","ClientCnxn.java","93785","18397","112182"
"2010-11-30 21:16","ClientCnxn.java","97469","18996","116465"
"2020-05-17 15:13","ClientCnxn.java","272085","141505","413590"
"2018-06-25 12:30","ClientCnxn.java","139994","36013","176007"
"2012-12-19 19:16","ClientCnxn.java","87428","29201","116629"
"2020-03-03 03:12","ClientCnxn.java","269874","141504","411378"
"2018-09-10 11:44","ClientCnxn.java","195067","87901","282968"
"2011-09-28 22:17","ClientCnxn.java","72515","24608","97123"
"2015-06-13 02:42","ClientCnxn.java","122287","32196","154483"
"2010-10-21 02:44","ClientCnxn.java","95568","18529","114097"
"2010-08-05 09:09","ClientCnxn.java","59570","17643","77213"
"2011-05-20 01:17","ClientCnxn.java","62234","23307","85541"
"2014-03-23 04:12","ClientCnxn.java","102260","30107","132367"
"2015-11-09 00:05","ClientCnxn.java","123882","32299","156181"
"2015-12-06 19:58","ClientCnxn.java","124222","32334","156556"
"2020-01-21 17:53","ClientCnxn.java","266135","141504","407639"
"2015-12-05 22:43","ClientCnxn.java","124219","32334","156553"
"2015-12-05 22:32","ClientCnxn.java","124214","32334","156548"
"2010-03-04 02:28","ClientCnxn.java","34351","13753","48104"
"2010-01-25 04:28","ClientCnxn.java","23678","6148","29826"
"2019-10-10 14:37","ClientCnxn.java","261253","140865","402118"
"2014-04-01 04:03","ClientCnxn.java","103228","30232","133460"
"2013-09-18 15:14","ClientCnxn.java","94470","29668","124138"
"2013-09-18 04:08","ClientCnxn.java","94366","29668","124034"
"2019-11-21 05:58","ClientCnxn.java","261306","141504","402810"
"2020-04-16 12:50","ClientCnxn.java","271713","141504","413217"
"2018-07-27 05:16","ClientCnxn.java","152828","47695","200523"
"2010-01-26 03:22","ClientCnxn.java","24321","6243","30564"
"2009-10-31 00:09","ClientCnxn.java","9670","4056","13726"
"2009-11-07 01:48","ClientCnxn.java","10353","4334","14687"
"2010-01-05 18:32","ClientCnxn.java","20539","5875","26414"
"2019-10-10 14:37","JMXEnv.java","260657","174299","434956"
"2019-12-27 22:33","JMXEnv.java","266680","175397","442077"
"2014-01-25 01:17","JMXEnv.java","41261","14455","55716"
"2015-11-03 08:11","JMXEnv.java","69894","23409","93303"
"2013-11-19 02:03","JMXEnv.java","38319","14320","52639"
"2014-01-16 23:59","JMXEnv.java","39495","14425","53920"
"2011-09-01 19:15","JMXEnv.java","4822","605","5427"
"2019-01-14 19:38","JMXEnv.java","232130","174233","406363"
"2014-06-04 22:07","JMXEnv.java","51640","20727","72367"
"2019-08-17 17:13","JMXEnv.java","256904","174299","431203"
"2019-06-03 19:40","JMXEnv.java","242235","174299","416534"
"2009-05-20 22:16","Leader.java","79250","8576","87826"
"2019-08-17 17:13","Leader.java","257710","59343","317053"
"2019-06-29 00:33","Leader.java","245697","59343","305040"
"2019-06-03 19:40","Leader.java","243041","59343","302384"
"2014-05-20 23:42","Leader.java","164877","18415","183292"
"2019-07-15 14:15","Leader.java","253129","59343","312472"
"2015-03-17 18:06","Leader.java","177314","18615","195929"
"2019-07-25 21:41","Leader.java","254193","59343","313536"
"2018-05-10 06:00","Leader.java","193858","19266","213124"
"2018-07-12 01:33","Leader.java","195492","19967","215459"
"2009-11-18 20:06","Leader.java","106097","10728","116825"
"2018-02-07 01:05","Leader.java","191694","19236","210930"
"2017-11-28 00:10","Leader.java","190828","19225","210053"
"2019-06-05 00:33","Leader.java","243431","59343","302774"
"2009-02-20 01:23","Leader.java","52253","7864","60117"
"2015-04-10 22:22","Leader.java","178385","18618","197003"
"2011-06-14 07:14","Leader.java","134637","12847","147484"
"2019-08-03 08:42","Leader.java","258418","59343","317761"
"2019-06-05 23:57","Leader.java","243700","59343","303043"
"2012-12-08 00:38","Leader.java","143688","16346","160034"
"2013-10-07 21:08","Leader.java","153844","17053","170897"
"2012-12-31 02:38","Leader.java","146230","16767","162997"
"2017-01-13 19:29","Leader.java","189070","18984","208054"
"2009-01-15 23:57","Leader.java","37687","6924","44611"
"2012-07-05 18:01","Leader.java","138569","16153","154722"
"2019-01-07 14:55","Leader.java","232573","59315","291888"
"2008-10-03 15:06","Leader.java","15544","2140","17684"
"2019-04-12 19:01","Leader.java","239517","59343","298860"
"2018-12-09 03:16","Leader.java","230340","59315","289655"
"2018-08-17 14:40","Leader.java","206571","28750","235321"
"2008-09-24 23:27","Leader.java","504","103","607"
"2019-11-29 14:49","Leader.java","264720","59796","324516"
"2013-03-07 07:01","Leader.java","150968","16993","167961"
"2018-11-27 10:02","Leader.java","228016","59315","287331"
"2015-02-06 06:17","Leader.java","176085","18608","194693"
"2012-02-27 03:41","Leader.java","136050","15998","152048"
"2017-02-15 23:04","Leader.java","186204","19074","205278"
"2014-07-18 02:19","Leader.java","171241","18515","189756"
"2012-01-04 01:15","Leader.java","135118","15944","151062"
"2011-12-28 01:26","Leader.java","134965","15944","150909"
"2018-08-29 06:26","Leader.java","218677","40648","259325"
"2018-08-03 18:52","Leader.java","196992","19969","216961"
"2011-04-29 18:12","Leader.java","133007","12832","145839"
"2013-05-14 14:27","Leader.java","151095","16995","168090"
"2012-02-06 09:40","Leader.java","135766","15955","151721"
"2017-09-11 18:55","Leader.java","186989","19243","206232"
"2018-09-18 01:00","Leader.java","225522","44923","270445"
"2011-10-20 20:02","Leader.java","133136","15883","149019"
"2012-01-14 00:28","Leader.java","135216","15944","151160"
"2012-01-06 02:32","Leader.java","135119","15944","151063"
"2012-03-15 17:47","Leader.java","137036","16005","153041"
"2011-04-12 09:14","Leader.java","132645","12805","145450"
"2010-07-23 06:22","Leader.java","134791","11896","146687"
"2011-09-22 07:42","Leader.java","134796","15751","150547"
"2010-08-18 08:24","Leader.java","140991","12196","153187"
"2016-12-20 14:47","Leader.java","188227","18983","207210"
"2009-04-24 20:26","Leader.java","63087","8433","71520"
"2014-07-20 04:50","Leader.java","171774","18527","190301"
"2014-06-10 00:19","Leader.java","165811","18415","184226"
"2016-06-23 23:25","Leader.java","182905","18725","201630"
"2016-06-23 23:45","Leader.java","183013","18725","201738"
"2020-03-25 03:38","Leader.java","270948","59796","330744"
"2014-03-23 04:12","Leader.java","160501","17156","177657"
"2009-10-30 17:19","Leader.java","96855","10359","107214"
"2019-12-27 22:33","Leader.java","266841","59796","326637"
"2009-08-27 20:07","Leader.java","94131","9268","103399"
"2009-08-25 07:45","Leader.java","94128","9268","103396"
"2016-08-13 15:01","Leader.java","183717","18734","202451"
"2013-10-21 23:36","Leader.java","156609","17076","173685"
"2019-10-10 14:37","Leader.java","261463","59343","320806"
"2013-11-07 06:41","Leader.java","157040","17076","174116"
"2019-10-10 14:37","FLETest.java","259640","221080","480720"
"2017-09-11 18:55","FLETest.java","13145","9210","22355"
"2019-08-17 17:13","FLETest.java","255887","221080","476967"
"2017-09-11 18:55","InstanceManager.java","76202","25763","101965"
"2015-02-06 06:17","InstanceManager.java","56332","16162","72494"
"2019-08-17 17:13","InstanceManager.java","256659","175348","432007"
"2019-10-10 14:37","ClientCnxnSocket.java","259029","226362","485391"
"2018-07-10 13:29","ClientCnxnSocket.java","24379","18736","43115"
"2018-11-22 17:56","ClientCnxnSocket.java","223853","226242","450095"
"2019-08-17 17:13","ClientCnxnSocket.java","255276","226362","481638"
"2018-07-12 01:33","ClientCnxnSocket.java","24657","18836","43493"
"2019-04-09 15:35","ClientCnxnSocket.java","236039","226268","462307"
"2019-10-10 14:37","QuorumPeerMain.java","261603","57537","319140"
"2010-03-13 01:06","QuorumPeerMain.java","122815","11788","134603"
"2020-01-23 13:43","QuorumPeerMain.java","268090","57850","325940"
"2019-11-28 12:24","QuorumPeerMain.java","263069","57850","320919"
"2012-03-06 09:20","QuorumPeerMain.java","138331","16152","154483"
"2010-08-18 08:24","QuorumPeerMain.java","143198","12457","155655"
"2013-10-09 22:21","QuorumPeerMain.java","158346","17230","175576"
"2011-09-02 22:50","QuorumPeerMain.java","135930","13379","149309"
"2020-02-16 10:25","QuorumPeerMain.java","268803","57850","326653"
"2008-10-01 08:26","QuorumPeerMain.java","17980","2895","20875"
"2019-04-18 19:17","QuorumPeerMain.java","240367","57537","297904"
"2011-04-12 09:14","QuorumPeerMain.java","134793","13007","147800"
"2019-11-11 13:59","QuorumPeerMain.java","265260","57537","322797"
"2019-04-12 19:01","QuorumPeerMain.java","239657","57537","297194"
"2018-09-11 15:23","QuorumPeerMain.java","226030","44740","270770"
"2017-02-13 22:09","QuorumPeerMain.java","188171","19096","207267"
"2014-07-18 02:19","QuorumPeerMain.java","173334","18662","191996"
"2018-08-06 14:11","QuorumPeerMain.java","199065","19990","219055"
"2009-01-15 23:57","QuorumPeerMain.java","40656","7947","48603"
"2008-11-18 18:22","QuorumPeerMain.java","36151","4162","40313"
"2012-04-23 01:20","QuorumPeerMain.java","140375","16292","156667"
"2009-04-07 00:19","QuorumPeerMain.java","56563","9019","65582"
"2017-07-28 00:36","QuorumPeerMain.java","188350","19221","207571"
"2009-06-05 06:44","QuorumPeerMain.java","84122","9645","93767"
"2019-08-17 17:13","QuorumPeerMain.java","257850","57537","315387"
"2015-03-17 18:06","QuorumPeerMain.java","179397","18752","198149"
"2017-11-28 00:10","QuorumPeerMain.java","192784","19235","212019"
"2019-08-17 17:13","QuorumBean.java","62348","35918","98266"
"2019-12-27 22:33","QuorumBean.java","78553","43445","121998"
"2018-06-26 11:18","RemotePeerBeanTest.java","27205","14369","41574"
"2019-08-17 17:13","RemotePeerBeanTest.java","255921","219766","475687"
"2019-11-28 12:24","DataTree.java","261690","233513","495203"
"2019-10-10 14:37","DataTree.java","258601","231577","490178"
"2019-12-27 22:33","DataTree.java","265463","233514","498977"
"2019-11-11 13:59","DataTree.java","262306","231625","493931"
"2018-09-28 23:38","DataTree.java","98554","90728","189282"
"2019-11-08 17:30","DataTree.java","260510","231625","492135"
"2019-01-30 16:28","DataTree.java","231813","231431","463244"
"2019-01-30 17:02","DataTree.java","232359","231433","463792"
"2019-02-07 11:26","DataTree.java","233039","231436","464475"
"2018-09-04 11:54","DataTree.java","92584","89842","182426"
"2018-09-05 22:35","DataTree.java","92860","89862","182722"
"2018-12-20 15:17","DataTree.java","228298","231427","459725"
"2019-09-10 09:53","DataTree.java","255897","231577","487474"
"2019-04-12 19:01","DataTree.java","236617","231539","468156"
"2019-07-31 19:06","DataTree.java","254154","231576","485730"
"2019-09-11 10:27","DataTree.java","256204","231577","487781"
"2019-08-01 07:31","DataTree.java","255518","231576","487094"
"2019-08-17 17:13","DataTree.java","254847","231576","486423"
"2019-09-10 15:21","DataTree.java","255891","231577","487468"
"2019-04-12 12:29","DataTree.java","236186","231539","467725"
"2019-08-03 08:42","DataTree.java","255555","231576","487131"
"2019-08-09 16:15","DataTree.java","256303","231576","487879"
"2019-04-29 16:49","DataTree.java","238664","231556","470220"
"2014-02-12 17:00","ZKDatabase.java","49357","13802","63159"
"2019-10-10 14:37","ZKDatabase.java","260685","178405","439090"
"2019-12-27 22:33","ZKDatabase.java","266704","179499","446203"
"2018-04-06 06:04","ZKDatabase.java","93576","28169","121745"
"2014-04-29 02:23","ZKDatabase.java","58398","19828","78226"
"2014-04-17 08:47","ZKDatabase.java","57687","19823","77510"
"2011-09-17 02:36","ZKDatabase.java","16472","5033","21505"
"2018-09-28 23:38","ZKDatabase.java","183147","107377","290524"
"2013-06-28 23:22","ZKDatabase.java","41662","13228","54890"
"2019-11-08 17:30","ZKDatabase.java","262546","178405","440951"
"2019-05-14 17:11","ZKDatabase.java","241600","178406","420006"
"2012-07-17 23:25","ZKDatabase.java","26978","10847","37825"
"2018-09-18 01:00","ZKDatabase.java","180418","107222","287640"
"2013-03-07 07:01","ZKDatabase.java","39549","12977","52526"
"2019-02-07 11:26","ZKDatabase.java","235200","178341","413541"
"2019-04-12 19:01","ZKDatabase.java","238740","178406","417146"
"2018-09-05 22:35","ZKDatabase.java","178098","107156","285254"
"2015-02-06 06:17","ZKDatabase.java","71041","20967","92008"
"2014-07-18 02:19","ZKDatabase.java","65966","20643","86609"
"2018-02-07 01:05","ZKDatabase.java","93197","28142","121339"
"2014-01-24 07:18","ZKDatabase.java","49071","13766","62837"
"2019-08-17 17:13","ZKDatabase.java","256932","178405","435337"
"2019-09-10 00:27","ZKDatabase.java","257872","178405","436277"
"2016-03-23 00:30","ZKDatabase.java","79204","24030","103234"
"2018-02-23 23:49","ZKDatabase.java","93563","28164","121727"
"2017-08-03 20:28","ZKDatabase.java","87458","27653","115111"
"2017-06-18 19:23","ZKDatabase.java","87597","27568","115165"
"2019-04-09 15:35","ZKDatabase.java","237738","178354","416092"
"2014-06-25 19:06","AsyncOps.java","28755","10224","38979"
"2014-03-23 22:03","AsyncOps.java","17435","3503","20938"
"2019-06-03 19:40","AsyncOps.java","241744","187214","428958"
"2019-08-17 17:13","AsyncOps.java","256413","187214","443627"
"2019-04-10 13:19","FileSnap.java","236483","224165","460648"
"2019-07-31 19:06","FileSnap.java","254541","224184","478725"
"2020-01-30 09:43","FileSnap.java","267351","225827","493178"
"2019-05-27 10:54","FileSnap.java","240536","224166","464702"
"2019-08-17 17:13","FileSnap.java","255234","224184","479418"
"2018-02-14 21:23","FileSnap.java","6458","1388","7846"
"2019-12-03 19:12","FileSnap.java","263490","225825","489315"
"2019-12-27 22:33","FileSnap.java","265554","225826","491380"
"2019-10-10 14:37","FileSnap.java","258987","224184","483171"
"2020-01-28 17:26","FileSnap.java","267275","225827","493102"
"2020-01-21 18:14","ZNodeNameTest.java","264975","226469","491444"
"2019-08-27 09:23","ZNodeNameTest.java","255710","224735","480445"
"2018-09-15 00:08","ZooKeeperServer.java","209998","52838","262836"
"2019-04-12 19:01","ZooKeeperServer.java","239514","90122","329636"
"2019-07-31 19:06","ZooKeeperServer.java","257013","90121","347134"
"2019-09-11 10:27","ZooKeeperServer.java","259062","90121","349183"
"2019-01-14 19:38","ZooKeeperServer.java","232971","90094","323065"
"2019-01-07 15:34","ZooKeeperServer.java","232572","90094","322666"
"2018-11-21 17:56","ZooKeeperServer.java","225769","90094","315863"
"2012-01-31 07:45","ZooKeeperServer.java","110487","13861","124348"
"2017-04-28 07:14","ZooKeeperServer.java","164860","19618","184478"
"2011-08-19 00:05","ZooKeeperServer.java","105469","9429","114898"
"2017-02-12 00:12","ZooKeeperServer.java","163934","19591","183525"
"2014-07-18 02:19","ZooKeeperServer.java","146871","16931","163802"
"2013-12-11 19:22","ZooKeeperServer.java","133085","15307","148392"
"2019-02-13 13:12","ZooKeeperServer.java","236632","90101","326733"
"2012-02-11 00:34","ZooKeeperServer.java","111238","14027","125265"
"2016-11-24 17:18","ZooKeeperServer.java","165233","19114","184347"
"2018-07-19 05:59","ZooKeeperServer.java","179539","26312","205851"
"2018-09-18 01:00","ZooKeeperServer.java","210693","52880","263573"
"2019-03-04 08:07","ZooKeeperServer.java","237208","90100","327308"
"2019-07-08 23:26","ZooKeeperServer.java","246482","90121","336603"
"2019-01-23 14:00","ZooKeeperServer.java","234406","90094","324500"
"2019-02-13 13:19","ZooKeeperServer.java","236918","90101","327019"
"2019-05-14 17:11","ZooKeeperServer.java","242374","90122","332496"
"2013-01-25 02:17","ZooKeeperServer.java","121611","14821","136432"
"2015-07-10 08:19","ZooKeeperServer.java","156095","17168","173263"
"2009-02-20 01:23","ZooKeeperServer.java","16310","2703","19013"
"2009-02-06 22:19","ZooKeeperServer.java","16060","2593","18653"
"2019-06-04 10:55","ZooKeeperServer.java","243190","90121","333311"
"2011-06-14 07:14","ZooKeeperServer.java","101945","10937","112882"
"2009-02-27 20:00","ZooKeeperServer.java","16346","2713","19059"
"2019-04-09 15:35","ZooKeeperServer.java","238542","90100","328642"
"2019-08-03 08:42","ZooKeeperServer.java","258414","90121","348535"
"2019-05-15 11:56","ZooKeeperServer.java","242461","90122","332583"
"2019-05-22 11:39","ZooKeeperServer.java","242907","90122","333029"
"2019-04-22 19:15","ZooKeeperServer.java","240489","90122","330611"
"2018-02-23 23:49","ZooKeeperServer.java","170061","20045","190106"
"2016-11-16 06:21","ZooKeeperServer.java","165078","18980","184058"
"2012-12-19 19:07","ZooKeeperServer.java","120523","14771","135294"
"2017-08-18 06:32","ZooKeeperServer.java","164702","19920","184622"
"2017-06-26 00:16","ZooKeeperServer.java","164641","19867","184508"
"2009-02-02 23:26","ZooKeeperServer.java","13593","2205","15798"
"2019-09-10 04:26","ZooKeeperServer.java","258751","90121","348872"
"2019-08-17 17:13","ZooKeeperServer.java","257706","90121","347827"
"2019-09-05 23:12","ZooKeeperServer.java","258625","90121","348746"
"2019-09-10 15:21","ZooKeeperServer.java","258749","90121","348870"
"2009-05-20 20:48","ZooKeeperServer.java","43846","4022","47868"
"2009-06-15 22:52","ZooKeeperServer.java","47429","4422","51851"
"2019-08-01 07:31","ZooKeeperServer.java","258377","90121","348498"
"2019-08-01 07:28","ZooKeeperServer.java","257887","90121","348008"
"2019-06-03 19:40","ZooKeeperServer.java","243037","90121","333158"
"2015-03-17 18:06","ZooKeeperServer.java","153009","17096","170105"
"2019-11-23 17:08","ZooKeeperServer.java","262863","90577","353440"
"2019-10-09 16:49","ZooKeeperServer.java","261292","90121","351413"
"2019-07-03 00:44","ZooKeeperServer.java","245719","90121","335840"
"2018-01-19 01:12","ZooKeeperServer.java","168984","20010","188994"
"2019-07-24 18:00","ZooKeeperServer.java","254161","90121","344282"
"2013-05-16 18:49","ZooKeeperServer.java","126453","15113","141566"
"2018-08-08 06:21","ZooKeeperServer.java","190125","35418","225543"
"2018-05-09 23:57","ZooKeeperServer.java","171611","20090","191701"
"2009-11-07 01:48","ZooKeeperServer.java","64375","7406","71781"
"2009-12-18 03:19","ZooKeeperServer.java","73537","8098","81635"
"2010-01-26 01:17","ZooKeeperServer.java","77284","8395","85679"
"2019-12-27 22:33","ZooKeeperServer.java","266840","90577","357417"
"2016-08-13 15:01","ZooKeeperServer.java","161057","18860","179917"
"2018-09-11 00:17","ZooKeeperServer.java","208443","52832","261275"
"2019-11-18 09:05","ZooKeeperServer.java","261306","90577","351883"
"2019-10-10 14:37","ZooKeeperServer.java","261459","90121","351580"
"2019-09-16 23:26","ZooKeeperServer.java","260725","90121","350846"
"2013-10-08 01:35","ZooKeeperServer.java","129371","15227","144598"
"2017-06-23 18:39","ZooKeeperServer.java","164640","19846","184486"
"2009-08-07 01:23","ZooKeeperServer.java","58535","5535","64070"
"2011-12-28 07:07","ZooKeeperServer.java","110132","13845","123977"
"2019-12-03 10:01","ZooKeeperServer.java","264765","90577","355342"
"2020-03-25 03:38","ZooKeeperServer.java","270947","90577","361524"
"2010-03-12 19:26","ZooKeeperServer.java","86949","8661","95610"
"2019-11-28 12:24","ZooKeeperServer.java","263068","90577","353645"
"2019-11-06 15:21","ZooKeeperServer.java","261675","90121","351796"
"2011-05-20 01:17","ZooKeeperServer.java","100778","10901","111679"
"2010-07-29 23:10","ZooKeeperServer.java","102408","9585","111993"
"2011-09-17 02:36","ZooKeeperServer.java","108126","12070","120196"
"2020-04-12 11:14","ZooKeeperServer.java","271700","90577","362277"
"2011-09-14 08:56","ZooKeeperServer.java","108143","9527","117670"
"2011-08-21 02:53","ZooKeeperServer.java","105497","9429","114926"
"2010-08-18 08:24","ZooKeeperServer.java","107970","9957","117927"
"2013-10-09 22:21","ZooKeeperServer.java","131663","15279","146942"
"2015-03-08 23:07","ZooKeeperServer.java","151952","17087","169039"
"2018-06-08 16:52","ZooKeeperServer.java","172361","20091","192452"
"2018-06-15 07:41","ZooKeeperServer.java","172380","20107","192487"
"2018-07-28 04:37","ZooKeeperServer.java","180126","26323","206449"
"2019-04-18 19:17","ZooKeeperServer.java","240224","90122","330346"
"2012-03-15 17:47","ZooKeeperServer.java","112288","14043","126331"
"2014-03-25 22:13","ZooKeeperServer.java","136234","15439","151673"
"2011-04-12 09:14","ZooKeeperServer.java","99928","10870","110798"
"2019-08-17 17:13","ServerConfig.java","44957","29711","74668"
"2020-01-30 09:43","FileTxnSnapLog.java","103","27","130"
"2018-10-16 16:22","QuorumPeerConfig.java","238538","125508","364046"
"2012-04-23 01:20","QuorumPeerConfig.java","65566","27414","92980"
"2018-12-09 03:16","QuorumPeerConfig.java","229795","154139","383934"
"2019-04-12 19:01","QuorumPeerConfig.java","238994","154189","393183"
"2018-09-11 15:23","QuorumPeerConfig.java","189881","94522","284403"
"2013-03-07 07:01","QuorumPeerConfig.java","79033","29043","108076"
"2018-12-15 07:34","QuorumPeerConfig.java","229710","154139","383849"
"2019-02-13 13:12","QuorumPeerConfig.java","236093","154149","390242"
"2019-08-17 17:13","QuorumPeerConfig.java","257187","154189","411376"
"2015-03-17 18:06","QuorumPeerConfig.java","106663","31949","138612"
"2014-01-21 04:50","QuorumPeerConfig.java","86792","29652","116444"
"2012-12-16 07:43","QuorumPeerConfig.java","72008","28412","100420"
"2017-11-28 00:10","QuorumPeerConfig.java","123903","36285","160188"
"2019-06-05 00:29","QuorumPeerConfig.java","242854","154189","397043"
"2014-09-17 07:34","QuorumPeerConfig.java","103050","31789","134839"
"2020-01-09 11:27","QuorumPeerConfig.java","266229","155128","421357"
"2019-07-12 17:01","QuorumPeerConfig.java","252500","154189","406689"
"2016-11-13 20:59","QuorumPeerConfig.java","118693","34341","153034"
"2019-05-15 11:56","QuorumPeerConfig.java","241941","154189","396130"
"2014-08-19 22:50","QuorumPeerConfig.java","101964","31789","133753"
"2018-10-01 06:11","QuorumPeerConfig.java","193865","94672","288537"
"2017-07-28 00:36","QuorumPeerConfig.java","119248","36050","155298"
"2013-09-30 22:20","QuorumPeerConfig.java","81648","29273","110921"
"2017-07-06 18:48","QuorumPeerConfig.java","120113","36033","156146"
"2013-09-26 00:13","QuorumPeerConfig.java","81388","29257","110645"
"2010-03-09 05:44","QuorumPeerConfig.java","23607","10636","34243"
"2020-01-23 13:43","QuorumPeerConfig.java","268053","155128","423181"
"2011-04-06 18:17","QuorumPeerConfig.java","45426","21119","66545"
"2010-03-12 19:26","QuorumPeerConfig.java","24467","10766","35233"
"2014-05-17 13:23","QuorumPeerConfig.java","93127","31092","124219"
"2014-07-04 04:19","QuorumPeerConfig.java","95827","31243","127070"
"2011-09-17 02:42","QuorumPeerConfig.java","58532","23522","82054"
"2016-06-23 19:42","QuorumPeerConfig.java","113828","33908","147736"
"2015-09-06 20:02","QuorumPeerConfig.java","110453","32227","142680"
"2015-09-29 03:56","QuorumPeerConfig.java","110663","32256","142919"
"2019-10-10 14:37","QuorumPeerConfig.java","260940","154189","415129"
"2018-07-27 12:32","QuorumPeerConfig.java","145488","52956","198444"
"2019-04-18 19:17","QuorumPeerConfig.java","239704","154189","393893"
"2016-11-03 16:07","QuorumPeerConfig.java","117010","34327","151337"
"2011-04-12 09:14","QuorumPeerConfig.java","46141","21670","67811"
"2014-03-25 22:13","QuorumPeerConfig.java","89410","29814","119224"
"2011-09-02 22:50","QuorumPeerConfig.java","57291","20671","77962"
"2013-10-09 22:21","QuorumPeerConfig.java","84743","29558","114301"
"2014-08-01 07:38","QuorumPeerConfig.java","101401","31761","133162"
"2014-08-14 08:08","QuorumPeerConfig.java","101822","31761","133583"
"2020-02-16 10:25","QuorumPeerConfig.java","268766","155128","423894"
"2020-05-14 18:18","QuorumPeerConfig.java","271992","155129","427121"
"2017-05-11 16:59","QuorumPeerConfig.java","119193","35980","155173"
"2018-11-22 17:56","NioNettySuiteBase.java","224656","217607","442263"
"2019-08-17 17:13","NioNettySuiteBase.java","256072","217720","473792"
"2019-11-08 17:30","Request.java","261934","200410","462344"
"2019-01-16 14:21","Request.java","232166","200276","432442"
"2019-04-25 02:11","Request.java","239996","200366","440362"
"2019-07-08 23:26","Request.java","245068","200382","445450"
"2015-02-06 06:17","Request.java","25332","10563","35895"
"2019-02-07 11:26","Request.java","234519","200277","434796"
"2019-08-06 17:11","Request.java","257393","200382","457775"
"2019-08-01 07:28","Request.java","256473","200382","456855"
"2019-06-26 10:57","Request.java","244142","200382","444524"
"2016-10-07 21:51","Request.java","40689","17313","58002"
"2015-06-04 19:51","Request.java","29842","11517","41359"
"2019-08-17 17:13","Request.java","256292","200382","456674"
"2019-04-17 14:16","Request.java","238348","200366","438714"
"2019-05-03 00:44","Request.java","240273","200366","440639"
"2019-06-05 00:46","Request.java","242152","200382","442534"
"2019-05-10 12:22","Request.java","240783","200366","441149"
"2020-03-25 03:38","Request.java","270494","201799","472293"
"2019-09-20 10:06","Request.java","259155","200382","459537"
"2019-09-16 23:26","Request.java","259311","200382","459693"
"2019-12-27 22:33","Request.java","266387","201799","468186"
"2019-11-11 13:59","Request.java","263730","200410","464140"
"2014-04-29 02:23","Request.java","10994","7729","18723"
"2020-05-05 21:20","Request.java","271525","201799","473324"
"2019-05-20 17:18","ConnectionMetricsTest.java","2563","554","3117"
"2019-08-17 17:13","ConnectionMetricsTest.java","46975","29757","76732"
"2014-06-25 15:04","FastLeaderElection.java","60026","20006","80032"
"2018-12-06 10:56","FastLeaderElection.java","227394","178339","405733"
"2014-07-08 05:25","FastLeaderElection.java","62059","20403","82462"
"2014-07-18 20:48","FastLeaderElection.java","66460","20678","87138"
"2014-03-23 04:12","FastLeaderElection.java","49887","13945","63832"
"2019-10-10 14:37","FastLeaderElection.java","260685","178405","439090"
"2013-10-21 23:36","FastLeaderElection.java","45730","13600","59330"
"2019-09-30 23:22","FastLeaderElection.java","260312","178405","438717"
"2014-07-20 04:50","FastLeaderElection.java","66544","20700","87244"
"2020-04-07 09:07","FastLeaderElection.java","271400","179499","450899"
"2012-03-20 01:33","FastLeaderElection.java","24302","10443","34745"
"2019-01-18 03:42","FastLeaderElection.java","232892","178340","411232"
"2012-02-06 09:40","FastLeaderElection.java","20421","8013","28434"
"2017-09-11 18:55","FastLeaderElection.java","88187","27844","116031"
"2013-03-07 07:01","FastLeaderElection.java","39549","12977","52526"
"2018-08-29 06:26","FastLeaderElection.java","172781","102155","274936"
"2011-04-29 18:12","FastLeaderElection.java","453","118","571"
"2015-02-06 06:17","FastLeaderElection.java","71041","20967","92008"
"2018-04-30 06:34","FastLeaderElection.java","94631","28306","122937"
"2019-08-17 17:13","FastLeaderElection.java","256932","178405","435337"
"2019-08-02 20:08","FastLeaderElection.java","257713","178405","436118"
"2012-08-03 00:17","FastLeaderElection.java","27253","10906","38159"
"2017-01-13 19:29","FastLeaderElection.java","87856","25173","113029"
"2011-06-14 07:14","FastLeaderElection.java","2489","539","3028"
"2019-08-03 08:42","FastLeaderElection.java","257640","178405","436045"
"2019-08-17 17:13","EnsembleAuthTest.java","50898","30130","81028"
"2019-11-29 14:49","LocalPeerBean.java","16330","9773","26103"
"2019-11-14 03:54","LocalPeerBean.java","12030","4021","16051"
"2020-03-19 17:09","Learner.java","11703","4620","16323"
"2020-02-03 04:30","Learner.java","8430","2852","11282"
"2020-01-23 13:43","Learner.java","7752","2731","10483"
"2020-03-25 03:38","Learner.java","12607","4728","17335"
"2019-12-27 22:33","Learner.java","4647","875","5522"
"2020-01-25 18:48","Learner.java","7949","2738","10687"
"2020-05-03 19:43","Learner.java","14292","5477","19769"
"2019-11-29 14:49","Learner.java","2160","509","2669"
"2019-10-10 14:37","LeaderElectionSupportTest.java","259719","218914","478633"
"2019-08-27 09:23","LeaderElectionSupportTest.java","256559","218914","475473"
"2019-08-17 17:13","LsCommand.java","255250","223892","479142"
"2019-01-31 15:55","LsCommand.java","232791","223774","456565"
"2020-01-09 22:51","LsCommand.java","264979","225519","490498"
"2019-12-28 16:17","LsCommand.java","265461","225518","490979"
"2019-10-10 14:37","JUnit4ZKTestRunner.java","260768","168109","428877"
"2015-07-07 07:11","JUnit4ZKTestRunner.java","100198","35782","135980"
"2013-12-21 22:05","JUnit4ZKTestRunner.java","72239","28516","100755"
"2011-09-17 02:13","JUnit4ZKTestRunner.java","42283","20563","62846"
"2011-04-12 09:14","JUnit4ZKTestRunner.java","27791","17412","45203"
"2019-05-08 21:54","JUnit4ZKTestRunner.java","241518","168110","409628"
"2019-08-17 17:13","JUnit4ZKTestRunner.java","257015","168109","425124"
"2015-05-03 19:55","JUnit4ZKTestRunner.java","98237","35523","133760"
"2019-02-07 11:26","PrepRequestProcessor.java","233507","225441","458948"
"2019-09-11 10:27","PrepRequestProcessor.java","256648","225558","482206"
"2018-07-19 05:59","PrepRequestProcessor.java","37079","29950","67029"
"2017-09-11 18:55","PrepRequestProcessor.java","6581","7719","14300"
"2019-01-16 14:21","PrepRequestProcessor.java","231154","225440","456594"
"2017-06-01 05:45","PrepRequestProcessor.java","3981","5583","9564"
"2019-11-08 17:30","PrepRequestProcessor.java","260954","225606","486560"
"2019-04-09 15:35","PrepRequestProcessor.java","236055","225464","461519"
"2019-04-17 14:16","PrepRequestProcessor.java","237345","225539","462884"
"2019-05-10 12:22","PrepRequestProcessor.java","239780","225539","465319"
"2017-06-26 00:16","PrepRequestProcessor.java","4565","5889","10454"
"2019-02-07 11:22","PrepRequestProcessor.java","233169","225441","458610"
"2019-08-01 07:31","PrepRequestProcessor.java","255963","225558","481521"
"2019-06-26 10:57","PrepRequestProcessor.java","243141","225557","468698"
"2019-08-17 17:13","PrepRequestProcessor.java","255292","225558","480850"
"2018-08-08 06:21","PrepRequestProcessor.java","86484","77875","164359"
"2018-05-09 23:57","PrepRequestProcessor.java","14522","9099","23621"
"2019-12-27 22:33","PrepRequestProcessor.java","265575","227163","492738"
"2019-10-10 14:37","PrepRequestProcessor.java","259045","225558","484603"
"2020-03-25 03:38","PrepRequestProcessor.java","269683","227164","496847"
"2018-06-15 07:41","PrepRequestProcessor.java","15505","9330","24835"
"2018-10-16 16:22","QuorumPeerConfig.java","235443","166009","401452"
"2018-12-09 03:16","QuorumPeerConfig.java","228986","185291","414277"
"2019-04-12 19:01","QuorumPeerConfig.java","238219","185375","423594"
"2018-09-11 15:23","QuorumPeerConfig.java","161298","109535","270833"
"2013-03-07 07:01","QuorumPeerConfig.java","8446","2052","10498"
"2018-12-15 07:34","QuorumPeerConfig.java","228901","185291","414192"
"2019-02-13 13:12","QuorumPeerConfig.java","235295","185312","420607"
"2019-08-17 17:13","QuorumPeerConfig.java","256428","185391","441819"
"2015-03-17 18:06","QuorumPeerConfig.java","44101","12983","57084"
"2014-01-21 04:50","QuorumPeerConfig.java","17285","3741","21026"
"2017-11-28 00:10","QuorumPeerConfig.java","68053","24031","92084"
"2019-06-05 00:29","QuorumPeerConfig.java","242095","185391","427486"
"2014-09-17 07:34","QuorumPeerConfig.java","40131","12466","52597"
"2020-01-09 11:27","QuorumPeerConfig.java","265876","186736","452612"
"2019-07-12 17:01","QuorumPeerConfig.java","251741","185391","437132"
"2016-11-13 20:59","QuorumPeerConfig.java","59625","18869","78494"
"2019-05-15 11:56","QuorumPeerConfig.java","241166","185375","426541"
"2014-08-19 22:50","QuorumPeerConfig.java","39045","12466","51511"
"2018-10-01 06:11","QuorumPeerConfig.java","165359","109762","275121"
"2017-07-28 00:36","QuorumPeerConfig.java","63095","23493","86588"
"2013-09-30 22:20","QuorumPeerConfig.java","11778","2999","14777"
"2017-07-06 18:48","QuorumPeerConfig.java","63511","23027","86538"
"2013-09-26 00:13","QuorumPeerConfig.java","11513","2978","14491"
"2020-01-23 13:43","QuorumPeerConfig.java","267700","186736","454436"
"2014-05-17 13:23","QuorumPeerConfig.java","29019","10580","39599"
"2014-07-04 04:19","QuorumPeerConfig.java","31880","10892","42772"
"2016-06-23 19:42","QuorumPeerConfig.java","54334","18010","72344"
"2015-09-06 20:02","QuorumPeerConfig.java","49098","14468","63566"
"2015-09-29 03:56","QuorumPeerConfig.java","49322","14511","63833"
"2019-10-10 14:37","QuorumPeerConfig.java","260181","185391","445572"
"2018-07-27 12:32","QuorumPeerConfig.java","91907","42971","134878"
"2019-04-18 19:17","QuorumPeerConfig.java","238929","185375","424304"
"2016-11-03 16:07","QuorumPeerConfig.java","57929","18842","76771"
"2014-03-25 22:13","QuorumPeerConfig.java","20061","4061","24122"
"2013-10-09 22:21","QuorumPeerConfig.java","15031","3442","18473"
"2014-08-01 07:38","QuorumPeerConfig.java","38384","12340","50724"
"2014-08-14 08:08","QuorumPeerConfig.java","38850","12385","51235"
"2020-02-16 10:25","QuorumPeerConfig.java","268413","186736","455149"
"2020-05-14 18:18","QuorumPeerConfig.java","271642","186740","458382"
"2017-05-11 16:59","QuorumPeerConfig.java","62397","22780","85177"
"2018-10-16 16:22","QuorumPeerConfig.java","231194","205782","436976"
"2018-12-09 03:16","QuorumPeerConfig.java","227596","227923","455519"
"2019-04-12 19:01","QuorumPeerConfig.java","236849","228027","464876"
"2018-09-11 15:23","QuorumPeerConfig.java","108867","101126","209993"
"2018-12-15 07:34","QuorumPeerConfig.java","227511","227923","455434"
"2019-02-13 13:12","QuorumPeerConfig.java","233912","227951","461863"
"2019-08-17 17:13","QuorumPeerConfig.java","255079","228064","483143"
"2019-06-05 00:29","QuorumPeerConfig.java","240745","228063","468808"
"2020-01-09 11:27","QuorumPeerConfig.java","264954","229836","494790"
"2019-07-12 17:01","QuorumPeerConfig.java","250392","228064","478456"
"2019-05-15 11:56","QuorumPeerConfig.java","239813","228044","467857"
"2018-10-01 06:11","QuorumPeerConfig.java","113538","101963","215501"
"2020-01-23 13:43","QuorumPeerConfig.java","266778","229836","496614"
"2019-10-10 14:37","QuorumPeerConfig.java","258833","228065","486898"
"2018-07-27 12:32","QuorumPeerConfig.java","27296","22382","49678"
"2019-04-18 19:17","QuorumPeerConfig.java","237559","228027","465586"
"2020-02-16 10:25","QuorumPeerConfig.java","267491","229836","497327"
"2020-05-14 18:18","QuorumPeerConfig.java","270809","229929","500738"
"2019-10-10 14:37","ObserverZooKeeperServer.java","259640","222252","481892"
"2019-06-04 10:55","ObserverZooKeeperServer.java","241370","222251","463621"
"2019-08-17 17:13","ObserverZooKeeperServer.java","255887","222252","478139"
"2019-06-03 19:40","ObserverZooKeeperServer.java","241217","222251","463468"
"2019-02-13 13:12","ObserverZooKeeperServer.java","234736","222155","456891"
"2019-11-14 03:54","ServerCnxnFactory.java","689","90","779"
"2020-03-03 10:53","PurgeTxnTest.java","3249","1982","5231"
"2020-01-31 12:01","PurgeTxnTest.java","2","2","4"
"2017-07-28 00:36","ZooKeeperAdmin.java","3065","3011","6076"
"2019-08-17 17:13","ZooKeeperAdmin.java","255265","223776","479041"
"2017-04-18 01:56","ZooKeeperAdmin.java","979","186","1165"
"2020-03-26 22:19","ZooKeeperAdmin.java","269737","225391","495128"
"2019-08-17 17:13","ZooKeeperQuotaTest.java","43284","29388","72672"
"2019-07-17 13:42","ZooKeeperQuotaTest.java","14370","4710","19080"
"2019-06-03 19:40","FollowerZooKeeperServer.java","243037","90102","333139"
"2009-05-20 20:48","FollowerZooKeeperServer.java","44067","4224","48291"
"2019-08-17 17:13","FollowerZooKeeperServer.java","257706","90102","347808"
"2009-05-20 22:16","FollowerZooKeeperServer.java","44192","4281","48473"
"2009-02-02 23:26","FollowerZooKeeperServer.java","13821","2414","16235"
"2019-05-03 00:44","FollowerZooKeeperServer.java","241704","90103","331807"
"2019-06-04 10:55","FollowerZooKeeperServer.java","243190","90102","333292"
"2018-08-06 14:11","FollowerZooKeeperServer.java","180744","26382","207126"
"2018-12-09 03:16","FollowerZooKeeperServer.java","230337","90075","320412"
"2018-11-21 17:56","FollowerZooKeeperServer.java","225769","90075","315844"
"2011-10-20 20:02","FollowerZooKeeperServer.java","108133","13647","121780"
"2011-04-12 09:14","FollowerZooKeeperServer.java","100048","10971","111019"
"2010-08-18 08:24","FollowerZooKeeperServer.java","108101","10069","118170"
"2019-11-28 12:24","FollowerZooKeeperServer.java","263068","90558","353626"
"2019-12-27 22:33","FollowerZooKeeperServer.java","266840","90558","357398"
"2009-10-30 17:19","FollowerZooKeeperServer.java","62986","7253","70239"
"2009-12-18 03:19","FollowerZooKeeperServer.java","73688","8230","81918"
"2019-08-17 17:13","ClientCnxn.java","50310","30095","80405"
"2019-04-09 15:35","ClientCnxn.java","1433","361","1794"
"2019-11-08 17:30","ClientCnxn.java","58172","32343","90515"
"2020-05-17 15:13","ClientCnxn.java","77569","43409","120978"
"2020-03-03 03:12","ClientCnxn.java","71406","39456","110862"
"2020-01-21 17:53","ClientCnxn.java","67293","39082","106375"
"2019-10-10 14:37","ClientCnxn.java","56145","32177","88322"
"2019-11-21 05:58","ClientCnxn.java","60700","37318","98018"
"2020-04-16 12:50","ClientCnxn.java","73935","40146","114081"
"2019-07-02 07:34","Follower.java","243021","228063","471084"
"2018-12-09 03:16","Follower.java","227596","227923","455519"
"2019-04-12 19:01","Follower.java","236849","228027","464876"
"2018-09-18 01:00","Follower.java","110256","101260","211516"
"2019-08-17 17:13","Follower.java","255079","228064","483143"
"2019-06-29 00:33","Follower.java","243065","228063","471128"
"2019-08-06 17:11","Follower.java","256180","228064","484244"
"2019-07-15 14:15","Follower.java","250498","228064","478562"
"2019-08-23 19:43","Follower.java","255745","228064","483809"
"2019-06-05 00:33","Follower.java","240799","228063","468862"
"2019-05-03 00:44","Follower.java","239056","228044","467100"
"2019-12-27 22:33","Follower.java","265528","229835","495363"
"2019-10-10 14:37","Follower.java","258833","228065","486898"
"2019-09-05 23:12","UpgradeableSessionTracker.java","2357","1438","3795"
"2019-10-10 14:37","UpgradeableSessionTracker.java","7470","3717","11187"
"2019-11-11 13:59","AuthenticationProvider.java","11345","3935","15280"
"2019-11-28 12:24","DataTree.java","262664","188559","451223"
"2019-10-10 14:37","DataTree.java","260166","187214","447380"
"2019-12-27 22:33","DataTree.java","266436","188559","454995"
"2015-06-06 03:48","DataTree.java","44641","12922","57563"
"2019-11-11 13:59","DataTree.java","263851","187242","451093"
"2018-07-10 13:29","DataTree.java","78241","32313","110554"
"2014-04-17 08:47","DataTree.java","25835","9987","35822"
"2014-04-29 02:23","DataTree.java","26547","9993","36540"
"2018-09-28 23:38","DataTree.java","163467","109713","273180"
"2019-11-08 17:30","DataTree.java","262055","187242","449297"
"2013-09-05 23:50","DataTree.java","8613","2341","10954"
"2019-01-30 16:28","DataTree.java","233426","187116","420542"
"2019-01-30 17:02","DataTree.java","233970","187116","421086"
"2016-11-24 17:18","DataTree.java","58600","19114","77714"
"2017-09-11 18:55","DataTree.java","61713","23386","85099"
"2017-02-05 07:22","DataTree.java","60247","19322","79569"
"2014-07-18 02:19","DataTree.java","34729","11422","46151"
"2019-02-07 11:26","DataTree.java","234648","187117","421765"
"2013-03-07 07:01","DataTree.java","6034","1478","7512"
"2018-09-04 11:54","DataTree.java","158131","109461","267592"
"2018-09-05 22:35","DataTree.java","158406","109480","267886"
"2018-12-20 15:17","DataTree.java","229914","187115","417029"
"2019-09-10 09:53","DataTree.java","257462","187214","444676"
"2019-04-12 19:01","DataTree.java","238204","187198","425402"
"2019-07-31 19:06","DataTree.java","255720","187214","442934"
"2019-09-11 10:27","DataTree.java","257769","187214","444983"
"2013-10-22 12:54","DataTree.java","13280","2939","16219"
"2016-03-23 00:30","DataTree.java","50521","17363","67884"
"2019-08-01 07:31","DataTree.java","257084","187214","444298"
"2014-01-24 07:18","DataTree.java","16490","3201","19691"
"2019-08-17 17:13","DataTree.java","256413","187214","443627"
"2019-09-10 15:21","DataTree.java","257456","187214","444670"
"2015-06-04 19:51","DataTree.java","44529","12915","57444"
"2016-10-07 21:51","DataTree.java","55150","18485","73635"
"2017-06-18 19:23","DataTree.java","60642","22629","83271"
"2019-04-12 12:29","DataTree.java","237773","187198","424971"
"2019-08-03 08:42","DataTree.java","257121","187214","444335"
"2019-08-09 16:15","DataTree.java","257869","187214","445083"
"2016-11-13 20:59","DataTree.java","57431","18513","75944"
"2019-04-29 16:49","DataTree.java","240234","187198","427432"
"2013-10-09 22:21","SessionTracker.java","29094","8193","37287"
"2014-07-18 02:19","SessionTracker.java","50180","15723","65903"
"2018-09-18 01:00","SessionTracker.java","171365","109035","280400"
"2019-09-05 23:12","SessionTracker.java","257578","176310","433888"
"2019-08-17 17:13","SessionTracker.java","256659","176310","432969"
"2018-08-08 06:21","SessionTracker.java","145484","86260","231744"
"2019-08-17 17:13","WatchesReport.java","174218","158773","332991"
"2019-11-08 17:30","Request.java","261489","223341","484830"
"2019-01-16 14:21","Request.java","231689","223175","454864"
"2019-04-25 02:11","Request.java","239528","223274","462802"
"2019-07-08 23:26","Request.java","244602","223292","467894"
"2019-02-07 11:26","Request.java","234042","223176","457218"
"2019-08-06 17:11","Request.java","256928","223293","480221"
"2019-08-01 07:28","Request.java","256008","223293","479301"
"2019-06-26 10:57","Request.java","243676","223292","466968"
"2019-08-17 17:13","Request.java","255827","223293","479120"
"2019-04-17 14:16","Request.java","237880","223274","461154"
"2019-05-03 00:44","Request.java","239805","223274","463079"
"2019-06-05 00:46","Request.java","241686","223292","464978"
"2019-05-10 12:22","Request.java","240315","223274","463589"
"2020-03-25 03:38","Request.java","270200","224881","495081"
"2019-09-20 10:06","Request.java","258690","223293","481983"
"2019-09-16 23:26","Request.java","258846","223293","482139"
"2019-12-27 22:33","Request.java","266092","224880","490972"
"2019-11-11 13:59","Request.java","263285","223341","486626"
"2020-05-05 21:20","Request.java","271231","224881","496112"
"2015-10-18 19:00","QuorumPeer.java","34031","12696","46727"
"2018-12-20 15:13","QuorumPeer.java","229755","198692","428447"
"2019-05-16 16:25","QuorumPeer.java","241075","198783","439858"
"2018-10-16 16:22","QuorumPeer.java","235186","179296","414482"
"2019-06-14 09:06","QuorumPeer.java","244290","198799","443089"
"2018-12-07 12:41","QuorumPeer.java","226768","198691","425459"
"2019-03-11 19:47","QuorumPeer.java","236202","198711","434913"
"2014-07-18 02:19","QuorumPeer.java","20921","9320","30241"
"2019-02-13 13:12","QuorumPeer.java","235151","198712","433863"
"2019-04-12 19:01","QuorumPeer.java","238083","198783","436866"
"2018-12-09 03:16","QuorumPeer.java","228842","198691","427533"
"2018-09-11 15:23","QuorumPeer.java","150329","112110","262439"
"2019-11-29 14:49","QuorumPeer.java","264266","200216","464482"
"2018-12-15 07:34","QuorumPeer.java","228757","198691","427448"
"2018-11-27 10:02","QuorumPeer.java","226518","198691","425209"
"2018-09-18 01:00","QuorumPeer.java","151660","112186","263846"
"2019-06-03 19:40","QuorumPeer.java","241623","198799","440422"
"2019-07-15 14:15","QuorumPeer.java","251711","198799","450510"
"2015-03-17 18:06","QuorumPeer.java","28297","10723","39020"
"2019-07-03 00:44","QuorumPeer.java","244305","198799","443104"
"2019-08-17 17:13","QuorumPeer.java","256292","198799","455091"
"2015-06-27 02:03","QuorumPeer.java","31748","11485","43233"
"2017-11-28 00:10","QuorumPeer.java","54157","23679","77836"
"2014-06-04 22:07","QuorumPeer.java","13776","7975","21751"
"2018-01-30 08:02","QuorumPeer.java","54694","24063","78757"
"2019-05-15 11:56","QuorumPeer.java","241030","198783","439813"
"2019-06-05 00:33","QuorumPeer.java","242013","198799","440812"
"2019-05-20 23:13","QuorumPeer.java","241148","198783","439931"
"2019-06-04 10:55","QuorumPeer.java","241776","198799","440575"
"2019-07-12 17:01","QuorumPeer.java","251605","198799","450404"
"2020-01-09 11:27","QuorumPeer.java","265812","200216","466028"
"2017-02-09 11:40","QuorumPeer.java","47529","18275","65804"
"2017-07-06 18:48","QuorumPeer.java","48956","22016","70972"
"2018-10-01 06:11","QuorumPeer.java","154403","112350","266753"
"2015-04-09 20:16","QuorumPeer.java","29402","10765","40167"
"2018-07-04 17:11","QuorumPeer.java","66651","32459","99110"
"2019-12-17 13:48","QuorumPeer.java","264838","200216","465054"
"2015-12-07 05:59","QuorumPeer.java","35077","12984","48061"
"2020-01-23 13:43","QuorumPeer.java","267636","200216","467852"
"2016-06-23 23:45","QuorumPeer.java","39461","16298","55759"
"2016-06-23 23:25","QuorumPeer.java","39322","16267","55589"
"2014-03-23 04:12","QuorumPeer.java","2603","383","2986"
"2014-07-18 20:48","QuorumPeer.java","21600","9540","31140"
"2014-07-04 04:19","QuorumPeer.java","15577","8133","23710"
"2018-12-06 10:56","QuorumPeer.java","226712","198691","425403"
"2014-06-25 15:04","QuorumPeer.java","14296","7998","22294"
"2014-03-28 01:58","QuorumPeer.java","3037","399","3436"
"2019-10-10 14:37","QuorumPeer.java","260045","198799","458844"
"2017-07-27 23:09","QuorumPeer.java","48968","23014","71982"
"2014-05-18 05:49","QuorumPeer.java","13199","7887","21086"
"2014-03-25 22:13","QuorumPeer.java","2851","395","3246"
"2018-06-26 11:18","QuorumPeer.java","58620","24446","83066"
"2018-07-27 12:32","QuorumPeer.java","78268","42876","121144"
"2019-04-18 19:17","QuorumPeer.java","238793","198783","437576"
"2016-12-20 14:47","QuorumPeer.java","46221","18102","64323"
"2017-05-11 16:59","QuorumPeer.java","47790","21717","69507"
"2014-07-03 06:01","QuorumPeer.java","15065","8043","23108"
"2014-08-14 08:08","QuorumPeer.java","22920","9999","32919"
"2014-08-01 07:38","QuorumPeer.java","22403","9903","32306"
"2014-07-20 04:50","QuorumPeer.java","21701","9579","31280"
"2016-06-02 00:59","QuorumPeer.java","38920","16234","55154"
"2020-02-16 10:25","QuorumPeer.java","268349","200216","468565"
"2019-10-10 14:37","ZooKeeperSaslClient.java","260495","177207","437702"
"2016-03-02 07:46","ZooKeeperSaslClient.java","65038","20551","85589"
"2016-03-05 01:03","ZooKeeperSaslClient.java","65071","21691","86762"
"2015-12-05 22:32","ZooKeeperSaslClient.java","64393","20404","84797"
"2020-02-04 10:39","ZooKeeperSaslClient.java","268455","178436","446891"
"2012-02-06 09:34","ZooKeeperSaslClient.java","4941","4232","9173"
"2012-09-09 20:24","ZooKeeperSaslClient.java","12758","7551","20309"
"2012-09-28 18:32","ZooKeeperSaslClient.java","12947","7559","20506"
"2019-01-31 15:50","ZooKeeperSaslClient.java","234349","177147","411496"
"2012-08-02 00:24","ZooKeeperSaslClient.java","11827","7359","19186"
"2019-08-03 08:42","ZooKeeperSaslClient.java","257450","177207","434657"
"2014-12-20 15:29","ZooKeeperSaslClient.java","56799","18611","75410"
"2017-11-28 00:10","ZooKeeperSaslClient.java","81218","28698","109916"
"2013-09-18 12:58","ZooKeeperSaslClient.java","27500","10607","38107"
"2013-10-11 21:18","ZooKeeperSaslClient.java","31268","10967","42235"
"2016-05-02 18:15","ZooKeeperSaslClient.java","67457","23222","90679"
"2013-09-28 01:24","ZooKeeperSaslClient.java","27815","10627","38442"
"2019-08-17 17:13","ZooKeeperSaslClient.java","256742","177207","433949"
"2011-12-28 07:07","ServerCnxnFactory.java","19611","7941","27552"
"2013-10-05 00:57","ServerCnxnFactory.java","42511","13404","55915"
"2019-11-14 03:54","ServerCnxnFactory.java","264941","178405","443346"
"2019-11-11 13:59","ServerCnxnFactory.java","264342","178405","442747"
"2012-08-28 21:51","ServerCnxnFactory.java","27493","10913","38406"
"2017-04-19 01:19","ServerCnxnFactory.java","87312","26792","114104"
"2012-02-11 00:34","ServerCnxnFactory.java","20914","8320","29234"
"2018-10-24 04:03","ServerCnxnFactory.java","236662","147149","383811"
"2013-03-07 07:01","ServerCnxnFactory.java","39549","12977","52526"
"2011-08-19 00:05","ServerCnxnFactory.java","13154","1731","14885"
"2014-07-18 02:19","ServerCnxnFactory.java","65966","20643","86609"
"2019-02-13 13:12","ServerCnxnFactory.java","235825","178352","414177"
"2017-10-07 21:22","ServerCnxnFactory.java","88253","27853","116106"
"2019-08-17 17:13","ServerCnxnFactory.java","256932","178405","435337"
"2019-06-07 14:13","ServerCnxnFactory.java","243036","178405","421441"
"2019-07-03 00:44","ServerCnxnFactory.java","244945","178405","423350"
"2015-03-17 18:06","ServerCnxnFactory.java","72397","21101","93498"
"2015-03-28 20:08","ServerCnxnFactory.java","73399","21114","94513"
"2016-05-02 18:15","ServerCnxnFactory.java","79995","24080","104075"
"2012-12-08 00:38","ServerCnxnFactory.java","31560","11621","43181"
"2012-12-19 19:07","ServerCnxnFactory.java","33539","12404","45943"
"2019-10-10 14:37","UpgradeableSessionTracker.java","5160","2326","7486"
"2017-02-12 00:34","ReconfigFailureCasesTest.java","25035","12309","37344"
"2017-09-11 18:55","ReconfigFailureCasesTest.java","28759","15416","44175"
"2019-11-29 14:49","ReconfigFailureCasesTest.java","264130","213358","477488"
"2016-11-13 20:59","ReconfigFailureCasesTest.java","22335","8401","30736"
"2015-05-10 23:29","ReconfigFailureCasesTest.java","6989","1568","8557"
"2019-08-17 17:13","ReconfigFailureCasesTest.java","256128","211913","468041"
"2014-03-25 22:13","QuorumPeerMainTest.java","82813","29375","112188"
"2011-09-03 01:07","QuorumPeerMainTest.java","49912","19238","69150"
"2018-05-10 00:14","QuorumPeerMainTest.java","120922","36706","157628"
"2018-10-05 14:25","QuorumPeerMainTest.java","224228","130338","354566"
"2018-07-17 10:41","QuorumPeerMainTest.java","139138","53275","192413"
"2018-07-27 12:32","QuorumPeerMainTest.java","139696","53322","193018"
"2013-10-09 22:21","QuorumPeerMainTest.java","78136","29109","107245"
"2010-03-31 06:26","QuorumPeerMainTest.java","10016","3083","13099"
"2011-09-17 02:13","QuorumPeerMainTest.java","50737","22010","72747"
"2010-05-21 18:22","QuorumPeerMainTest.java","14069","6196","20265"
"2015-11-03 08:11","QuorumPeerMainTest.java","104301","31946","136247"
"2020-01-23 13:43","QuorumPeerMainTest.java","267989","162090","430079"
"2011-06-14 14:11","QuorumPeerMainTest.java","39298","19876","59174"
"2019-10-10 14:37","QuorumPeerMainTest.java","260769","161044","421813"
"2019-12-28 16:17","QuorumPeerMainTest.java","266647","162090","428737"
"2017-12-16 01:25","QuorumPeerMainTest.java","118020","36516","154536"
"2018-01-19 00:52","QuorumPeerMainTest.java","118165","36548","154713"
"2018-04-30 06:34","QuorumPeerMainTest.java","120290","36705","156995"
"2019-07-25 21:41","QuorumPeerMainTest.java","253499","161044","414543"
"2019-08-17 17:13","QuorumPeerMainTest.java","257016","161044","418060"
"2018-02-23 23:49","QuorumPeerMainTest.java","119269","36610","155879"
"2011-06-14 07:14","QuorumPeerMainTest.java","39270","19875","59145"
"2012-04-23 01:20","QuorumPeerMainTest.java","58857","26863","85720"
"2014-01-09 20:21","QuorumPeerMainTest.java","80043","29170","109213"
"2019-07-02 07:34","QuorumPeerMainTest.java","244959","161044","406003"
"2019-05-20 17:18","QuorumPeerMainTest.java","241808","161045","402853"
"2018-10-16 16:22","QuorumPeerMainTest.java","237212","130340","367552"
"2015-02-06 06:17","QuorumPeerMainTest.java","98919","31585","130504"
"2018-08-29 06:26","QuorumPeerMainTest.java","181172","93286","274458"
"2018-08-03 18:52","QuorumPeerMainTest.java","140204","53324","193528"
"2018-09-11 15:23","QuorumPeerMainTest.java","187126","97925","285051"
"2019-04-10 13:19","SnapshotFormatter.java","236483","223780","460263"
"2018-09-15 01:09","SnapshotFormatter.java","114565","101686","216251"
"2019-08-06 12:57","SnapshotFormatter.java","256312","223799","480111"
"2019-08-17 17:13","SnapshotFormatter.java","255234","223799","479033"
"2019-12-27 22:33","SnapshotFormatter.java","265554","225441","490995"
"2019-01-14 19:43","SnapshotFormatter.java","230637","223680","454317"
"2019-11-28 12:24","SnapshotFormatter.java","261781","225440","487221"
"2019-08-17 17:13","SaslQuorumAuthLearner.java","255079","228064","483143"
"2019-10-10 14:37","SaslQuorumAuthLearner.java","258833","228065","486898"
"2020-02-04 10:39","SaslQuorumAuthLearner.java","267335","229836","497171"
"2019-07-29 17:15","ToStringOutputArchive.java","255100","129922","385022"
"2019-06-20 20:25","ToStringOutputArchive.java","244819","129922","374741"
"2011-09-15 00:22","ToStringOutputArchive.java","79194","19819","99013"
"2017-02-12 00:34","ReconfigFailureCasesTest.java","3319","4527","7846"
"2017-09-11 18:55","ReconfigFailureCasesTest.java","7169","7760","14929"
"2019-11-29 14:49","ReconfigFailureCasesTest.java","263453","226615","490068"
"2019-08-17 17:13","ReconfigFailureCasesTest.java","255292","225011","480303"
"2019-08-17 17:13","ConfCommand.java","255276","226243","481519"
"2019-08-17 17:13","FileChangeWatcherTest.java","62398","35912","98310"
"2020-05-04 14:17","FileChangeWatcherTest.java","85652","45438","131090"
"2019-10-10 14:37","FileChangeWatcherTest.java","68144","37905","106049"
"2015-02-06 06:17","StaticHostProviderTest.java","12132","2638","14770"
"2014-07-17 22:56","StaticHostProviderTest.java","3019","1043","4062"
"2019-08-17 17:13","StaticHostProviderTest.java","256154","205519","461673"
"2018-07-16 05:45","StaticHostProviderTest.java","64160","36163","100323"
"2015-05-10 00:27","StaticHostProviderTest.java","14999","3161","18160"
"2018-09-15 00:08","ZooKeeperServer.java","115076","102690","217766"
"2019-04-12 19:01","ZooKeeperServer.java","237038","224173","461211"
"2019-07-31 19:06","ZooKeeperServer.java","254557","224192","478749"
"2019-09-11 10:27","ZooKeeperServer.java","256606","224192","480798"
"2019-01-14 19:38","ZooKeeperServer.java","230423","224073","454496"
"2019-01-07 15:34","ZooKeeperServer.java","230024","224073","454097"
"2018-11-21 17:56","ZooKeeperServer.java","223219","224071","447290"
"2019-02-13 13:12","ZooKeeperServer.java","234099","224095","458194"
"2018-07-19 05:59","ZooKeeperServer.java","32840","24387","57227"
"2018-09-18 01:00","ZooKeeperServer.java","115841","102802","218643"
"2019-03-04 08:07","ZooKeeperServer.java","234677","224096","458773"
"2019-07-08 23:26","ZooKeeperServer.java","244025","224191","468216"
"2019-01-23 14:00","ZooKeeperServer.java","231859","224074","455933"
"2019-02-13 13:19","ZooKeeperServer.java","234385","224095","458480"
"2019-05-14 17:11","ZooKeeperServer.java","239898","224173","464071"
"2019-06-04 10:55","ZooKeeperServer.java","240733","224191","464924"
"2019-04-09 15:35","ZooKeeperServer.java","236013","224098","460111"
"2019-08-03 08:42","ZooKeeperServer.java","255958","224192","480150"
"2019-05-15 11:56","ZooKeeperServer.java","239985","224173","464158"
"2019-05-22 11:39","ZooKeeperServer.java","240432","224174","464606"
"2019-04-22 19:15","ZooKeeperServer.java","238013","224173","462186"
"2018-02-23 23:49","ZooKeeperServer.java","8312","3070","11382"
"2017-08-18 06:32","ZooKeeperServer.java","1678","1670","3348"
"2019-09-10 04:26","ZooKeeperServer.java","256295","224192","480487"
"2019-08-17 17:13","ZooKeeperServer.java","255250","224192","479442"
"2019-09-05 23:12","ZooKeeperServer.java","256169","224192","480361"
"2019-09-10 15:21","ZooKeeperServer.java","256293","224192","480485"
"2019-08-01 07:31","ZooKeeperServer.java","255921","224192","480113"
"2019-08-01 07:28","ZooKeeperServer.java","255431","224192","479623"
"2019-06-03 19:40","ZooKeeperServer.java","240580","224191","464771"
"2019-11-23 17:08","ZooKeeperServer.java","261576","225817","487393"
"2019-10-09 16:49","ZooKeeperServer.java","258836","224192","483028"
"2019-07-03 00:44","ZooKeeperServer.java","243262","224191","467453"
"2018-01-19 01:12","ZooKeeperServer.java","7111","2911","10022"
"2019-07-24 18:00","ZooKeeperServer.java","251705","224192","475897"
"2018-08-08 06:21","ZooKeeperServer.java","82258","72325","154583"
"2018-05-09 23:57","ZooKeeperServer.java","10099","3352","13451"
"2019-12-27 22:33","ZooKeeperServer.java","265554","225818","491372"
"2018-09-11 00:17","ZooKeeperServer.java","113503","102666","216169"
"2019-11-18 09:05","ZooKeeperServer.java","260019","225817","485836"
"2019-10-10 14:37","ZooKeeperServer.java","259003","224192","483195"
"2019-09-16 23:26","ZooKeeperServer.java","258269","224192","482461"
"2019-12-03 10:01","ZooKeeperServer.java","263478","225817","489295"
"2020-03-25 03:38","ZooKeeperServer.java","269662","225819","495481"
"2019-11-28 12:24","ZooKeeperServer.java","261781","225817","487598"
"2019-11-06 15:21","ZooKeeperServer.java","259267","224240","483507"
"2020-04-12 11:14","ZooKeeperServer.java","270476","225880","496356"
"2018-06-08 16:52","ZooKeeperServer.java","11087","3591","14678"
"2018-06-15 07:41","ZooKeeperServer.java","11099","3600","14699"
"2018-07-28 04:37","ZooKeeperServer.java","33549","24520","58069"
"2019-04-18 19:17","ZooKeeperServer.java","237748","224173","461921"
"2019-08-17 17:13","CommitProcessor.java","55054","29884","84938"
"2019-07-30 02:31","CommitProcessor.java","31461","8370","39831"
"2019-08-03 08:42","CommitProcessor.java","34653","8775","43428"
"2019-04-09 15:35","CommitProcessor.java","7111","1084","8195"
"2019-04-25 02:11","CommitProcessor.java","10329","1439","11768"
"2020-03-25 03:38","CommitProcessor.java","76848","38893","115741"
"2019-10-10 14:37","CommitProcessor.java","60804","31881","92685"
"2019-11-11 13:55","CommitProcessor.java","62923","32045","94968"
"2019-12-27 22:33","CommitProcessor.java","71342","37494","108836"
"2019-08-17 17:13","DeleteAllCommand.java","255250","223892","479142"
"2019-06-06 00:01","DeleteAllCommand.java","241386","223891","465277"
"2019-07-15 14:15","QuorumZooKeeperServer.java","250672","224387","475059"
"2019-06-26 10:57","QuorumZooKeeperServer.java","243102","224386","467488"
"2019-08-17 17:13","QuorumZooKeeperServer.java","255253","224387","479640"
"2019-05-15 11:56","QuorumZooKeeperServer.java","239988","224368","464356"
"2019-06-04 10:55","QuorumZooKeeperServer.java","240736","224386","465122"
"2019-11-29 14:49","QuorumZooKeeperServer.java","263435","226012","489447"
"2020-03-25 03:38","QuorumZooKeeperServer.java","269665","226014","495679"
"2019-10-10 14:37","QuorumZooKeeperServer.java","259006","224387","483393"
"2016-07-27 01:33","ZooKeeperTest.java","73262","25121","98383"
"2015-11-08 22:54","ZooKeeperTest.java","69679","23356","93035"
"2011-08-18 22:05","ZooKeeperTest.java","260","27","287"
"2011-10-27 18:11","ZooKeeperTest.java","7632","6563","14195"
"2016-09-08 22:52","ZooKeeperTest.java","74095","25566","99661"
"2018-10-04 15:46","ZooKeeperTest.java","179299","112520","291819"
"2016-10-16 14:21","ZooKeeperTest.java","75365","25676","101041"
"2019-03-12 19:08","ZooKeeperTest.java","236975","174677","411652"
"2017-04-29 20:17","ZooKeeperTest.java","79678","28091","107769"
"2014-03-29 04:33","ZooKeeperTest.java","42198","14781","56979"
"2017-05-30 19:43","ZooKeeperTest.java","79736","28919","108655"
"2011-12-28 00:53","ZooKeeperTest.java","10204","7632","17836"
"2012-03-17 01:39","ZooKeeperTest.java","13175","8257","21432"
"2013-09-02 23:04","ZooKeeperTest.java","32977","13790","46767"
"2019-05-23 18:42","ZooKeeperTest.java","242134","174730","416864"
"2019-08-17 17:13","ZooKeeperTest.java","256904","174729","431633"
"2016-08-10 19:32","ZooKeeperTest.java","73436","25340","98776"
"2019-06-06 00:01","ZooKeeperTest.java","243041","174729","417770"
"2019-11-08 17:30","FinalRequestProcessor.java","46950","29349","76299"
"2019-07-08 23:26","FinalRequestProcessor.java","854","91","945"
"2019-09-10 04:26","FinalRequestProcessor.java","41107","28075","69182"
"2019-08-17 17:13","FinalRequestProcessor.java","38727","26740","65467"
"2019-08-01 07:28","FinalRequestProcessor.java","15121","2953","18074"
"2019-08-06 17:11","FinalRequestProcessor.java","16476","3388","19864"
"2020-03-25 03:38","FinalRequestProcessor.java","61555","36783","98338"
"2019-09-16 23:26","FinalRequestProcessor.java","43333","28327","71660"
"2019-10-10 14:37","FinalRequestProcessor.java","44915","29175","74090"
"2019-11-21 05:58","FinalRequestProcessor.java","49578","34424","84002"
"2019-11-18 09:05","FinalRequestProcessor.java","49545","34414","83959"
"2019-11-11 13:59","FinalRequestProcessor.java","48777","29380","78157"
"2020-03-26 22:12","FinalRequestProcessor.java","61610","36836","98446"
"2019-10-10 14:37","ACLTest.java","261463","80815","342278"
"2013-12-21 22:05","ACLTest.java","143301","18408","161709"
"2010-08-18 08:24","ACLTest.java","122004","14681","136685"
"2010-03-31 06:26","ACLTest.java","102015","14159","116174"
"2011-04-12 09:14","ACLTest.java","113849","15481","129330"
"2016-08-24 01:36","ACLTest.java","169281","20510","189791"
"2017-09-11 18:55","ACLTest.java","172989","21223","194212"
"2009-01-15 23:57","ACLTest.java","17404","8113","25517"
"2016-11-13 20:59","ACLTest.java","172894","20537","193431"
"2019-05-06 18:32","ACLTest.java","242064","80815","322879"
"2017-08-18 23:35","ACLTest.java","172877","21189","194066"
"2009-07-17 00:09","ACLTest.java","72686","11207","83893"
"2009-06-25 22:41","ACLTest.java","71403","11052","82455"
"2009-06-18 18:37","ACLTest.java","64161","10773","74934"
"2019-08-17 17:13","ACLTest.java","257710","80815","338525"
"2014-04-25 23:40","ACLTest.java","149106","19765","168871"
"2019-11-29 14:49","QuorumCnxManager.java","264092","218679","482771"
"2018-07-11 06:04","QuorumCnxManager.java","41157","25563","66720"
"2018-08-06 14:11","QuorumCnxManager.java","53573","36206","89779"
"2018-10-16 16:22","QuorumCnxManager.java","233537","196284","429821"
"2019-06-14 09:06","QuorumCnxManager.java","244078","217224","461302"
"2019-08-03 08:42","QuorumCnxManager.java","256789","217225","474014"
"2019-11-13 20:41","QuorumCnxManager.java","263829","217254","481083"
"2019-04-09 16:08","QuorumCnxManager.java","236847","217135","453982"
"2019-08-06 12:52","QuorumCnxManager.java","257054","217225","474279"
"2017-02-09 11:40","QuorumCnxManager.java","19584","8967","28551"
"2019-05-20 23:13","QuorumCnxManager.java","240935","217207","458142"
"2017-08-23 02:16","QuorumCnxManager.java","22750","14829","37579"
"2019-07-27 20:04","QuorumCnxManager.java","252612","217225","469837"
"2015-05-29 23:46","QuorumCnxManager.java","1597","1081","2678"
"2015-05-14 07:10","QuorumCnxManager.java","1074","854","1928"
"2020-03-12 14:47","QuorumCnxManager.java","269480","218681","488161"
"2019-08-17 17:13","QuorumCnxManager.java","256081","217225","473306"
"2017-11-28 00:10","QuorumCnxManager.java","27278","15437","42715"
"2019-10-10 14:37","QuorumCnxManager.java","259834","217225","477059"
"2017-06-09 18:37","QuorumCnxManager.java","20664","13039","33703"
"2020-01-23 13:43","QuorumCnxManager.java","267464","218681","486145"
"2019-11-28 12:24","QuorumCnxManager.java","262441","218679","481120"
"2016-06-08 17:43","QuorumCnxManager.java","10471","6423","16894"
"2020-03-23 16:20","QuorumCnxManager.java","269651","218681","488332"
"2020-02-16 10:25","QuorumCnxManager.java","268177","218681","486858"
"2018-07-27 12:32","QuorumCnxManager.java","52752","35997","88749"
"2019-11-29 14:49","QuorumCnxManager.java","263432","225940","489372"
"2018-07-11 06:04","QuorumCnxManager.java","20160","12487","32647"
"2018-08-06 14:11","QuorumCnxManager.java","32635","23189","55824"
"2018-10-16 16:22","QuorumCnxManager.java","231606","202274","433880"
"2019-06-14 09:06","QuorumCnxManager.java","243229","224296","467525"
"2019-08-03 08:42","QuorumCnxManager.java","255940","224297","480237"
"2019-11-13 20:41","QuorumCnxManager.java","262999","224345","487344"
"2019-04-09 16:08","QuorumCnxManager.java","235994","224203","460197"
"2019-08-06 12:52","QuorumCnxManager.java","256205","224297","480502"
"2019-05-20 23:13","QuorumCnxManager.java","240086","224279","464365"
"2019-07-27 20:04","QuorumCnxManager.java","251763","224297","476060"
"2020-03-12 14:47","QuorumCnxManager.java","268820","225942","494762"
"2019-08-17 17:13","QuorumCnxManager.java","255232","224297","479529"
"2017-11-28 00:10","QuorumCnxManager.java","4674","754","5428"
"2019-10-10 14:37","QuorumCnxManager.java","258985","224297","483282"
"2020-01-23 13:43","QuorumCnxManager.java","266804","225942","492746"
"2019-11-28 12:24","QuorumCnxManager.java","261781","225940","487721"
"2020-03-23 16:20","QuorumCnxManager.java","268991","225942","494933"
"2020-02-16 10:25","QuorumCnxManager.java","267517","225942","493459"
"2018-07-27 12:32","QuorumCnxManager.java","31806","22972","54778"
"2019-06-04 10:55","MetricsContext.java","198406","192094","390500"
"2019-08-17 17:13","MetricsContext.java","212928","192100","405028"
"2019-04-12 19:01","MetricsContext.java","194686","192051","386737"
"2019-10-10 14:37","FLEZeroWeightTest.java","260685","178405","439090"
"2012-04-23 01:20","FLEZeroWeightTest.java","25525","10791","36316"
"2017-09-11 18:55","FLEZeroWeightTest.java","88187","27844","116031"
"2019-08-17 17:13","FLEZeroWeightTest.java","256932","178405","435337"
"2019-07-12 17:01","FLEZeroWeightTest.java","252245","178405","430650"
"2018-07-10 12:46","QuorumTest.java","196862","19697","216559"
"2009-06-26 22:29","QuorumTest.java","93670","9451","103121"
"2019-08-17 17:13","QuorumTest.java","257842","57679","315521"
"2009-07-17 00:09","QuorumTest.java","94241","9494","103735"
"2010-11-04 17:01","QuorumTest.java","172858","12185","185043"
"2008-09-05 16:39","QuorumTest.java","993","410","1403"
"2012-12-13 08:14","QuorumTest.java","145710","16434","162144"
"2009-02-03 06:23","QuorumTest.java","53372","8131","61503"
"2011-06-22 00:19","QuorumTest.java","136476","12771","149247"
"2010-03-19 07:46","QuorumTest.java","122711","11506","134217"
"2011-07-15 06:50","QuorumTest.java","128601","13017","141618"
"2010-08-18 08:24","QuorumTest.java","142742","12151","154893"
"2013-10-09 22:21","QuorumTest.java","157909","16943","174852"
"2010-03-31 06:26","QuorumTest.java","122885","11761","134646"
"2011-09-17 02:13","QuorumTest.java","136295","15629","151924"
"2010-07-29 23:10","QuorumTest.java","137260","11859","149119"
"2011-04-12 09:14","QuorumTest.java","134347","12711","147058"
"2009-08-11 07:44","QuorumTest.java","95338","9527","104865"
"2009-08-07 01:23","QuorumTest.java","95101","9523","104624"
"2019-10-10 14:37","QuorumTest.java","261595","57679","319274"
"2019-09-18 11:20","QuorumTest.java","260754","57679","318433"
"2009-09-16 02:09","QuorumTest.java","96902","9740","106642"
"2019-12-28 16:17","QuorumTest.java","266748","58000","324748"
"2009-08-25 07:45","QuorumTest.java","96212","9556","105768"
"2009-10-30 17:19","QuorumTest.java","98778","10486","109264"
"2015-11-03 08:11","QuorumTest.java","182813","18519","201332"
"2011-07-29 10:14","QuorumTest.java","131192","13076","144268"
"2010-03-13 01:06","QuorumTest.java","122278","11401","133679"
"2019-11-08 17:30","FinalRequestProcessor.java","261549","219894","481443"
"2019-07-08 23:26","FinalRequestProcessor.java","244662","219845","464507"
"2019-01-16 23:23","FinalRequestProcessor.java","231749","219728","451477"
"2018-09-18 01:00","FinalRequestProcessor.java","126837","108815","235652"
"2019-04-12 19:01","FinalRequestProcessor.java","237675","219827","457502"
"2019-02-07 11:26","FinalRequestProcessor.java","234102","219729","453831"
"2019-01-14 19:38","FinalRequestProcessor.java","231060","219727","450787"
"2019-01-09 17:22","FinalRequestProcessor.java","233742","219729","453471"
"2019-09-10 04:26","FinalRequestProcessor.java","256932","219846","476778"
"2019-08-17 17:13","FinalRequestProcessor.java","255887","219846","475733"
"2016-10-07 21:51","FinalRequestProcessor.java","5458","1951","7409"
"2019-06-26 10:57","FinalRequestProcessor.java","243736","219845","463581"
"2019-08-01 07:28","FinalRequestProcessor.java","256068","219846","475914"
"2019-07-03 00:44","FinalRequestProcessor.java","243899","219845","463744"
"2019-08-06 17:11","FinalRequestProcessor.java","256988","219846","476834"
"2018-07-10 12:46","FinalRequestProcessor.java","33761","20969","54730"
"2020-03-25 03:38","FinalRequestProcessor.java","270252","221426","491678"
"2019-09-16 23:26","FinalRequestProcessor.java","258906","219846","478752"
"2019-10-10 14:37","FinalRequestProcessor.java","259640","219846","479486"
"2019-11-21 05:58","FinalRequestProcessor.java","260632","221424","482056"
"2019-11-18 09:05","FinalRequestProcessor.java","260609","221424","482033"
"2019-11-11 13:59","FinalRequestProcessor.java","263345","219894","483239"
"2020-03-26 22:12","FinalRequestProcessor.java","270254","221426","491680"
"2014-06-30 19:11","Observer.java","90792","30659","121451"
"2011-10-20 20:02","Observer.java","53726","24357","78083"
"2019-10-10 14:37","Observer.java","260786","157928","418714"
"2015-06-05 21:25","Observer.java","104751","31565","136316"
"2019-12-27 22:33","Observer.java","266740","158957","425697"
"2017-11-28 00:10","Observer.java","119723","36004","155727"
"2019-07-15 14:15","Observer.java","252452","157928","410380"
"2019-08-23 19:43","Observer.java","257699","157928","415627"
"2019-08-17 17:13","Observer.java","257033","157928","414961"
"2019-05-03 00:44","Observer.java","241031","157929","398960"
"2019-06-05 00:33","Observer.java","242754","157928","400682"
"2019-07-02 07:34","Observer.java","244976","157928","402904"
"2011-02-07 20:26","Observer.java","77989","16259","94248"
"2011-01-22 20:38","Observer.java","77858","16145","94003"
"2013-03-07 07:01","Observer.java","74442","28351","102793"
"2018-12-09 03:16","Observer.java","229633","157870","387503"
"2019-11-08 17:30","FinalRequestProcessor.java","32331","27818","60149"
"2019-09-10 04:26","FinalRequestProcessor.java","26202","26258","52460"
"2019-08-17 17:13","FinalRequestProcessor.java","23743","24844","48587"
"2020-03-25 03:38","FinalRequestProcessor.java","47173","35489","82662"
"2019-09-16 23:26","FinalRequestProcessor.java","28627","26709","55336"
"2019-10-10 14:37","FinalRequestProcessor.java","30296","27644","57940"
"2019-11-21 05:58","FinalRequestProcessor.java","34963","32897","67860"
"2019-11-18 09:05","FinalRequestProcessor.java","34935","32892","67827"
"2019-11-11 13:59","FinalRequestProcessor.java","34159","27850","62009"
"2020-03-26 22:12","FinalRequestProcessor.java","47228","35542","82770"
"2019-12-27 22:33","FuzzySnapshotRelatedTest.java","11303","6378","17681"
"2018-09-15 00:08","ZooKeeperServer.java","206764","60419","267183"
"2019-04-12 19:01","ZooKeeperServer.java","239495","101491","340986"
"2019-07-31 19:06","ZooKeeperServer.java","256994","101490","358484"
"2019-09-11 10:27","ZooKeeperServer.java","259043","101490","360533"
"2019-01-14 19:38","ZooKeeperServer.java","232952","101463","334415"
"2019-01-07 15:34","ZooKeeperServer.java","232553","101463","334016"
"2018-11-21 17:56","ZooKeeperServer.java","225750","101463","327213"
"2012-01-31 07:45","ZooKeeperServer.java","106445","20634","127079"
"2017-04-28 07:14","ZooKeeperServer.java","161052","26625","187677"
"2011-08-19 00:05","ZooKeeperServer.java","101377","16152","117529"
"2017-02-12 00:12","ZooKeeperServer.java","160131","26603","186734"
"2014-07-18 02:19","ZooKeeperServer.java","142929","23804","166733"
"2013-12-11 19:22","ZooKeeperServer.java","129067","22104","151171"
"2019-02-13 13:12","ZooKeeperServer.java","236613","101470","338083"
"2012-02-11 00:34","ZooKeeperServer.java","107216","20820","128036"
"2016-11-24 17:18","ZooKeeperServer.java","161375","26071","187446"
"2018-07-19 05:59","ZooKeeperServer.java","176156","33744","209900"
"2018-09-18 01:00","ZooKeeperServer.java","207459","60461","267920"
"2019-03-04 08:07","ZooKeeperServer.java","237189","101469","338658"
"2019-07-08 23:26","ZooKeeperServer.java","246463","101490","347953"
"2019-01-23 14:00","ZooKeeperServer.java","234387","101463","335850"
"2019-02-13 13:19","ZooKeeperServer.java","236899","101470","338369"
"2019-05-14 17:11","ZooKeeperServer.java","242355","101491","343846"
"2013-01-25 02:17","ZooKeeperServer.java","117589","21614","139203"
"2015-07-10 08:19","ZooKeeperServer.java","152196","24084","176280"
"2009-02-20 01:23","ZooKeeperServer.java","3037","818","3855"
"2009-02-06 22:19","ZooKeeperServer.java","2772","693","3465"
"2019-06-04 10:55","ZooKeeperServer.java","243171","101490","344661"
"2011-06-14 07:14","ZooKeeperServer.java","97416","17796","115212"
"2009-02-27 20:00","ZooKeeperServer.java","3073","828","3901"
"2019-04-09 15:35","ZooKeeperServer.java","238523","101469","339992"
"2019-08-03 08:42","ZooKeeperServer.java","258395","101490","359885"
"2019-05-15 11:56","ZooKeeperServer.java","242442","101491","343933"
"2019-05-22 11:39","ZooKeeperServer.java","242888","101491","344379"
"2019-04-22 19:15","ZooKeeperServer.java","240470","101491","341961"
"2018-02-23 23:49","ZooKeeperServer.java","166275","27074","193349"
"2016-11-16 06:21","ZooKeeperServer.java","161220","25937","187157"
"2012-12-19 19:07","ZooKeeperServer.java","116499","21562","138061"
"2017-08-18 06:32","ZooKeeperServer.java","160898","26931","187829"
"2017-06-26 00:16","ZooKeeperServer.java","160836","26877","187713"
"2019-09-10 04:26","ZooKeeperServer.java","258732","101490","360222"
"2019-08-17 17:13","ZooKeeperServer.java","257687","101490","359177"
"2019-09-05 23:12","ZooKeeperServer.java","258606","101490","360096"
"2019-09-10 15:21","ZooKeeperServer.java","258730","101490","360220"
"2009-05-20 20:48","ZooKeeperServer.java","32013","3577","35590"
"2009-06-15 22:52","ZooKeeperServer.java","35983","4364","40347"
"2019-08-01 07:31","ZooKeeperServer.java","258358","101490","359848"
"2019-08-01 07:28","ZooKeeperServer.java","257868","101490","359358"
"2019-06-03 19:40","ZooKeeperServer.java","243018","101490","344508"
"2015-03-17 18:06","ZooKeeperServer.java","149095","23997","173092"
"2019-11-23 17:08","ZooKeeperServer.java","262846","101948","364794"
"2019-10-09 16:49","ZooKeeperServer.java","261273","101490","362763"
"2019-07-03 00:44","ZooKeeperServer.java","245700","101490","347190"
"2018-01-19 01:12","ZooKeeperServer.java","165197","27038","192235"
"2019-07-24 18:00","ZooKeeperServer.java","254142","101490","355632"
"2013-05-16 18:49","ZooKeeperServer.java","122434","21909","144343"
"2018-08-08 06:21","ZooKeeperServer.java","186766","42874","229640"
"2018-05-09 23:57","ZooKeeperServer.java","167826","27120","194946"
"2009-11-07 01:48","ZooKeeperServer.java","53867","8286","62153"
"2009-12-18 03:19","ZooKeeperServer.java","63355","9304","72659"
"2010-01-26 01:17","ZooKeeperServer.java","67069","9568","76637"
"2019-12-27 22:33","ZooKeeperServer.java","266823","101948","368771"
"2016-08-13 15:01","ZooKeeperServer.java","157198","25816","183014"
"2018-09-11 00:17","ZooKeeperServer.java","205209","60413","265622"
"2019-11-18 09:05","ZooKeeperServer.java","261289","101948","363237"
"2019-10-10 14:37","ZooKeeperServer.java","261440","101490","362930"
"2019-09-16 23:26","ZooKeeperServer.java","260706","101490","362196"
"2013-10-08 01:35","ZooKeeperServer.java","125353","22024","147377"
"2017-06-23 18:39","ZooKeeperServer.java","160834","26855","187689"
"2009-08-07 01:23","ZooKeeperServer.java","47999","6387","54386"
"2011-12-28 07:07","ZooKeeperServer.java","106090","20618","126708"
"2019-12-03 10:01","ZooKeeperServer.java","264748","101948","366696"
"2020-03-25 03:38","ZooKeeperServer.java","270930","101948","372878"
"2010-03-12 19:26","ZooKeeperServer.java","79629","12729","92358"
"2019-11-28 12:24","ZooKeeperServer.java","263051","101948","364999"
"2019-11-06 15:21","ZooKeeperServer.java","261656","101490","363146"
"2011-05-20 01:17","ZooKeeperServer.java","96253","17764","114017"
"2010-07-29 23:10","ZooKeeperServer.java","95214","13779","108993"
"2011-09-17 02:36","ZooKeeperServer.java","104044","18803","122847"
"2020-04-12 11:14","ZooKeeperServer.java","271683","101948","373631"
"2011-09-14 08:56","ZooKeeperServer.java","104061","16260","120321"
"2011-08-21 02:53","ZooKeeperServer.java","101405","16152","117557"
"2010-08-18 08:24","ZooKeeperServer.java","100784","14159","114943"
"2013-10-09 22:21","ZooKeeperServer.java","127645","22076","149721"
"2015-03-08 23:07","ZooKeeperServer.java","148043","23993","172036"
"2018-06-08 16:52","ZooKeeperServer.java","168576","27121","195697"
"2018-06-15 07:41","ZooKeeperServer.java","168595","27137","195732"
"2018-07-28 04:37","ZooKeeperServer.java","176743","33755","210498"
"2019-04-18 19:17","ZooKeeperServer.java","240205","101491","341696"
"2012-03-15 17:47","ZooKeeperServer.java","108267","20837","129104"
"2014-03-25 22:13","ZooKeeperServer.java","132218","22238","154456"
"2011-04-12 09:14","ZooKeeperServer.java","95404","17734","113138"
"2020-03-26 18:41","ZooKeeperMain.java","19288","10253","29541"
"2020-04-01 17:02","ZooKeeperMain.java","19852","10493","30345"
"2020-03-26 22:19","ZooKeeperMain.java","19399","10295","29694"
"2019-11-28 12:24","ZooKeeperMain.java","6767","5614","12381"
"2020-02-16 10:25","QuorumAuthUpgradeTest.java","16868","9981","26849"
"2015-10-18 19:00","QuorumPeer.java","20668","5134","25802"
"2018-12-20 15:13","QuorumPeer.java","229615","204353","433968"
"2019-05-16 16:25","QuorumPeer.java","240937","204446","445383"
"2018-10-16 16:22","QuorumPeer.java","235046","184957","420003"
"2019-06-14 09:06","QuorumPeer.java","244152","204462","448614"
"2018-12-07 12:41","QuorumPeer.java","226628","204352","430980"
"2019-03-11 19:47","QuorumPeer.java","236062","204372","440434"
"2014-07-18 02:19","QuorumPeer.java","7168","1368","8536"
"2019-02-13 13:12","QuorumPeer.java","235011","204373","439384"
"2019-04-12 19:01","QuorumPeer.java","237945","204446","442391"
"2018-12-09 03:16","QuorumPeer.java","228702","204352","433054"
"2018-09-11 15:23","QuorumPeer.java","144108","111690","255798"
"2019-11-29 14:49","QuorumPeer.java","264150","205901","470051"
"2018-12-15 07:34","QuorumPeer.java","228617","204352","432969"
"2018-11-27 10:02","QuorumPeer.java","226378","204352","430730"
"2018-09-18 01:00","QuorumPeer.java","145467","111794","257261"
"2019-06-03 19:40","QuorumPeer.java","241485","204462","445947"
"2019-07-15 14:15","QuorumPeer.java","251573","204462","456035"
"2015-03-17 18:06","QuorumPeer.java","14704","2931","17635"
"2019-07-03 00:44","QuorumPeer.java","244167","204462","448629"
"2019-08-17 17:13","QuorumPeer.java","256154","204462","460616"
"2015-06-27 02:03","QuorumPeer.java","18376","3914","22290"
"2017-11-28 00:10","QuorumPeer.java","41497","16820","58317"
"2018-01-30 08:02","QuorumPeer.java","42053","17223","59276"
"2019-05-15 11:56","QuorumPeer.java","240892","204446","445338"
"2019-06-05 00:33","QuorumPeer.java","241875","204462","446337"
"2019-05-20 23:13","QuorumPeer.java","241010","204446","445456"
"2019-06-04 10:55","QuorumPeer.java","241638","204462","446100"
"2019-07-12 17:01","QuorumPeer.java","251467","204462","455929"
"2020-01-09 11:27","QuorumPeer.java","265697","205902","471599"
"2017-02-09 11:40","QuorumPeer.java","34639","11186","45825"
"2017-07-06 18:48","QuorumPeer.java","36286","15147","51433"
"2018-10-01 06:11","QuorumPeer.java","148251","111999","260250"
"2015-04-09 20:16","QuorumPeer.java","15809","2973","18782"
"2018-07-04 17:11","QuorumPeer.java","54163","25772","79935"
"2019-12-17 13:48","QuorumPeer.java","264722","205901","470623"
"2015-12-07 05:59","QuorumPeer.java","21718","5426","27144"
"2020-01-23 13:43","QuorumPeer.java","267521","205902","473423"
"2016-06-23 23:45","QuorumPeer.java","26227","8865","35092"
"2016-06-23 23:25","QuorumPeer.java","26085","8831","34916"
"2014-07-18 20:48","QuorumPeer.java","7847","1588","9435"
"2014-07-04 04:19","QuorumPeer.java","1811","168","1979"
"2018-12-06 10:56","QuorumPeer.java","226572","204352","430924"
"2014-06-25 15:04","QuorumPeer.java","525","28","553"
"2019-10-10 14:37","QuorumPeer.java","259907","204462","464369"
"2017-07-27 23:09","QuorumPeer.java","36298","16145","52443"
"2018-06-26 11:18","QuorumPeer.java","46102","17729","63831"
"2018-07-27 12:32","QuorumPeer.java","65847","36256","102103"
"2019-04-18 19:17","QuorumPeer.java","238655","204446","443101"
"2016-12-20 14:47","QuorumPeer.java","33229","10911","44140"
"2017-05-11 16:59","QuorumPeer.java","35087","14815","49902"
"2014-07-03 06:01","QuorumPeer.java","1299","78","1377"
"2014-08-14 08:08","QuorumPeer.java","9183","2063","11246"
"2014-08-01 07:38","QuorumPeer.java","8660","1961","10621"
"2014-07-20 04:50","QuorumPeer.java","7949","1628","9577"
"2016-06-02 00:59","QuorumPeer.java","25659","8774","34433"
"2020-02-16 10:25","QuorumPeer.java","268234","205902","474136"
"2019-12-27 22:33","TxnLog.java","265463","233223","498686"
"2019-05-14 17:11","TxnLog.java","239495","231266","470761"
"2019-08-17 17:13","TxnLog.java","254848","231286","486134"
"2019-04-12 19:06","TxnLog.java","236608","231249","467857"
"2019-05-03 17:37","QuorumMajorityTest.java","240512","191747","432259"
"2019-08-17 17:13","QuorumMajorityTest.java","256406","191763","448169"
"2016-12-20 14:47","QuorumMajorityTest.java","54518","19249","73767"
"2019-04-09 15:35","ClientCnxnSocketNetty.java","15559","7275","22834"
"2019-06-03 19:40","ClientCnxnSocketNetty.java","20982","8224","29206"
"2019-08-17 17:13","ClientCnxnSocketNetty.java","63127","35700","98827"
"2019-02-12 15:25","ClientCnxnSocketNetty.java","13086","6834","19920"
"2019-10-10 14:37","ClientCnxnSocketNetty.java","68872","37692","106564"
"2019-11-08 17:30","Request.java","261622","218423","480045"
"2019-01-16 14:21","Request.java","231847","218282","450129"
"2019-04-25 02:11","Request.java","239680","218375","458055"
"2019-07-08 23:26","Request.java","244753","218392","463145"
"2019-02-07 11:26","Request.java","234200","218283","452483"
"2019-08-06 17:11","Request.java","257079","218393","475472"
"2019-08-01 07:28","Request.java","256159","218393","474552"
"2019-06-26 10:57","Request.java","243827","218392","462219"
"2016-10-07 21:51","Request.java","11533","6482","18015"
"2019-08-17 17:13","Request.java","255978","218393","474371"
"2019-04-17 14:16","Request.java","238032","218375","456407"
"2019-05-03 00:44","Request.java","239957","218375","458332"
"2019-06-05 00:46","Request.java","241837","218392","460229"
"2019-05-10 12:22","Request.java","240467","218375","458842"
"2020-03-25 03:38","Request.java","270309","219939","490248"
"2019-09-20 10:06","Request.java","258841","218393","477234"
"2019-09-16 23:26","Request.java","258997","218393","477390"
"2019-12-27 22:33","Request.java","266201","219938","486139"
"2019-11-11 13:59","Request.java","263418","218423","481841"
"2020-05-05 21:20","Request.java","271340","219939","491279"
"2019-11-08 17:30","Request.java","263114","141556","404670"
"2019-01-16 14:21","Request.java","233436","141512","374948"
"2019-04-25 02:11","Request.java","241220","141556","382776"
"2019-07-08 23:26","Request.java","246276","141556","387832"
"2011-07-01 00:53","Request.java","65910","23848","89758"
"2015-02-06 06:17","Request.java","118136","32137","150273"
"2013-03-07 07:01","Request.java","92116","29619","121735"
"2019-02-07 11:26","Request.java","235788","141512","377300"
"2019-08-06 17:11","Request.java","258601","141556","400157"
"2019-08-01 07:28","Request.java","257681","141556","399237"
"2019-06-26 10:57","Request.java","245350","141556","386906"
"2014-01-24 07:18","Request.java","101316","30086","131402"
"2016-10-07 21:51","Request.java","128974","34368","163342"
"2015-06-04 19:51","Request.java","121844","32289","154133"
"2019-08-17 17:13","Request.java","257500","141556","399056"
"2019-04-17 14:16","Request.java","239572","141556","381128"
"2019-05-03 00:44","Request.java","241497","141556","383053"
"2019-06-05 00:46","Request.java","243360","141556","384916"
"2019-05-10 12:22","Request.java","242007","141556","383563"
"2020-03-25 03:38","Request.java","270924","142195","413119"
"2010-01-25 04:28","Request.java","22734","5895","28629"
"2019-09-20 10:06","Request.java","260363","141556","401919"
"2019-09-16 23:26","Request.java","260519","141556","402075"
"2019-12-27 22:33","Request.java","266817","142195","409012"
"2009-12-11 21:24","Request.java","18172","4827","22999"
"2009-10-31 00:09","Request.java","8177","3254","11431"
"2019-11-11 13:59","Request.java","264910","141556","406466"
"2011-10-20 20:02","Request.java","72024","26249","98273"
"2012-12-19 19:16","Request.java","87238","29297","116535"
"2014-04-29 02:23","Request.java","105964","31469","137433"
"2013-10-09 22:21","Request.java","97686","29994","127680"
"2020-05-05 21:20","Request.java","271955","142195","414150"
"2019-08-17 17:13","StaticHostProvider.java","254163","231525","485688"
"2019-11-08 17:30","Request.java","9522","3908","13430"
"2020-03-25 03:38","Request.java","24918","12133","37051"
"2019-09-20 10:06","Request.java","5302","2439","7741"
"2019-09-16 23:26","Request.java","4958","1939","6897"
"2019-12-27 22:33","Request.java","18682","10004","28686"
"2019-11-11 13:59","Request.java","11345","3935","15280"
"2020-05-05 21:20","Request.java","29616","15800","45416"
"2019-05-14 17:11","SyncRequestProcessor.java","241020","194095","435115"
"2019-06-05 00:46","SyncRequestProcessor.java","242229","194111","436340"
"2019-05-22 11:39","SyncRequestProcessor.java","241553","194095","435648"
"2019-06-03 19:40","SyncRequestProcessor.java","241700","194111","435811"
"2019-08-17 17:13","SyncRequestProcessor.java","256369","194111","450480"
"2019-10-10 14:37","SyncRequestProcessor.java","260122","194111","454233"
"2013-10-24 20:41","SyncRequestProcessor.java","4083","569","4652"
"2020-01-07 20:39","SyncRequestProcessor.java","266768","195457","462225"
"2020-03-25 03:38","SyncRequestProcessor.java","270500","195457","465957"
"2015-03-08 23:07","SyncRequestProcessor.java","32456","11165","43621"
"2019-04-30 18:08","SyncRequestProcessor.java","240189","194095","434284"
"2018-12-09 03:16","LeaderZooKeeperServer.java","230318","101463","331781"
"2018-11-21 17:56","LeaderZooKeeperServer.java","225750","101463","327213"
"2012-01-31 07:45","LeaderZooKeeperServer.java","106445","20634","127079"
"2009-02-06 22:19","LeaderZooKeeperServer.java","2772","693","3465"
"2019-06-04 10:55","LeaderZooKeeperServer.java","243171","101490","344661"
"2015-06-04 19:51","LeaderZooKeeperServer.java","151492","24060","175552"
"2009-06-26 22:29","LeaderZooKeeperServer.java","46355","6102","52457"
"2019-08-17 17:13","LeaderZooKeeperServer.java","257687","101490","359177"
"2009-06-18 18:37","LeaderZooKeeperServer.java","37352","4662","42014"
"2009-05-20 22:16","LeaderZooKeeperServer.java","32139","3635","35774"
"2019-06-03 19:40","LeaderZooKeeperServer.java","243018","101490","344508"
"2009-12-18 03:19","LeaderZooKeeperServer.java","63355","9304","72659"
"2019-11-25 15:37","LeaderZooKeeperServer.java","262953","101948","364901"
"2019-12-27 22:33","LeaderZooKeeperServer.java","266823","101948","368771"
"2009-08-07 01:23","LeaderZooKeeperServer.java","47999","6387","54386"
"2010-03-12 19:26","LeaderZooKeeperServer.java","79629","12729","92358"
"2013-10-09 22:21","LeaderZooKeeperServer.java","127645","22076","149721"
"2011-10-20 20:02","LeaderZooKeeperServer.java","103965","20313","124278"
"2019-09-11 10:27","SerializeUtils.java","256432","228916","485348"
"2019-08-17 17:13","SerializeUtils.java","255075","228915","483990"
"2019-12-27 22:33","SerializeUtils.java","265525","230687","496212"
"2019-10-10 14:37","IntegrityCheck.java","260685","178405","439090"
"2016-08-24 01:36","IntegrityCheck.java","81876","24528","106404"
"2017-09-11 18:55","IntegrityCheck.java","88187","27844","116031"
"2018-08-06 14:11","IntegrityCheck.java","114997","45271","160268"
"2019-08-17 17:13","IntegrityCheck.java","256932","178405","435337"
"2016-07-27 01:33","ZooKeeperTest.java","67940","20868","88808"
"2015-11-08 22:54","ZooKeeperTest.java","63110","17856","80966"
"2016-09-08 22:52","ZooKeeperTest.java","68802","21342","90144"
"2018-10-04 15:46","ZooKeeperTest.java","174793","109083","283876"
"2016-10-16 14:21","ZooKeeperTest.java","70075","21455","91530"
"2019-03-12 19:08","ZooKeeperTest.java","236724","175495","412219"
"2017-04-29 20:17","ZooKeeperTest.java","74583","24065","98648"
"2014-03-29 04:33","ZooKeeperTest.java","35526","9178","44704"
"2017-05-30 19:43","ZooKeeperTest.java","74689","24941","99630"
"2011-12-28 00:53","ZooKeeperTest.java","2716","1213","3929"
"2012-03-17 01:39","ZooKeeperTest.java","5791","1942","7733"
"2013-09-02 23:04","ZooKeeperTest.java","26220","8102","34322"
"2019-05-23 18:42","ZooKeeperTest.java","241888","175553","417441"
"2019-08-17 17:13","ZooKeeperTest.java","256659","175553","432212"
"2016-08-10 19:32","ZooKeeperTest.java","68114","21087","89201"
"2019-06-06 00:01","ZooKeeperTest.java","242796","175553","418349"
"2015-03-08 23:07","LocalSessionTracker.java","29285","10804","40089"
"2018-08-08 06:21","LocalSessionTracker.java","123640","85317","208957"
"2019-08-17 17:13","LocalSessionTracker.java","256367","196919","453286"
"2011-10-25 08:09","InstanceManager.java","16828","6924","23752"
"2017-09-11 18:55","InstanceManager.java","88187","27844","116031"
"2015-02-06 06:17","InstanceManager.java","71041","20967","92008"
"2019-08-17 17:13","InstanceManager.java","256932","178405","435337"
"2019-06-07 14:13","SessionTest.java","243810","90102","333912"
"2019-08-17 17:13","SessionTest.java","257706","90102","347808"
"2009-06-26 22:29","SessionTest.java","57136","5476","62612"
"2009-06-30 03:32","SessionTest.java","57235","5483","62718"
"2009-07-17 00:09","SessionTest.java","57857","5669","63526"
"2009-01-28 01:15","SessionTest.java","1126","957","2083"
"2017-09-11 18:55","SessionTest.java","164980","20001","184981"
"2010-11-04 17:01","SessionTest.java","138261","10147","148408"
"2018-09-22 06:48","SessionTest.java","210818","52917","263735"
"2011-10-25 08:09","SessionTest.java","108219","13679","121898"
"2010-08-17 09:24","SessionTest.java","104383","9711","114094"
"2011-04-12 09:14","SessionTest.java","100048","10971","111019"
"2010-03-31 06:26","SessionTest.java","88090","9525","97615"
"2010-08-18 08:24","SessionTest.java","108101","10069","118170"
"2010-10-21 02:44","SessionTest.java","138149","10141","148290"
"2010-08-05 09:09","SessionTest.java","102607","9711","112318"
"2013-12-21 22:05","SessionTest.java","133476","15370","148846"
"2010-03-12 19:26","SessionTest.java","87093","8786","95879"
"2009-08-07 01:23","SessionTest.java","58753","5734","64487"
"2019-10-10 14:37","SessionTest.java","261459","90102","351561"
"2015-07-07 07:11","SessionTest.java","156017","17218","173235"
"2019-12-28 16:17","SessionTest.java","266747","90558","357305"
"2009-09-16 02:09","SessionTest.java","60808","6205","67013"
"2010-01-26 03:22","SessionTest.java","77606","8559","86165"
"2019-07-23 15:55","SSLAuthTest.java","23627","6565","30192"
"2019-08-17 17:13","SSLAuthTest.java","51153","30099","81252"
"2019-06-03 19:40","SSLAuthTest.java","8001","1616","9617"
"2019-01-31 15:55","ReconfigCommand.java","233967","191665","425632"
"2016-11-13 20:59","ReconfigCommand.java","52898","18536","71434"
"2014-01-21 04:50","ReconfigCommand.java","9042","1892","10934"
"2013-03-20 07:17","ReconfigCommand.java","25","6","31"
"2019-08-17 17:13","ReconfigCommand.java","256406","191763","448169"
"2016-07-27 01:33","ReconfigCommand.java","48352","17743","66095"
"2015-07-07 07:11","MultiOperationTest.java","46219","14072","60291"
"2019-09-18 11:20","MultiOperationTest.java","259325","187214","446539"
"2013-12-17 17:55","MultiOperationTest.java","14427","3067","17494"
"2015-11-21 22:18","MultiOperationTest.java","47980","14345","62325"
"2019-06-26 10:57","MultiOperationTest.java","244263","187214","431477"
"2019-08-17 17:13","MultiOperationTest.java","256413","187214","443627"
"2013-02-03 15:52","MultiOperationTest.java","1218","725","1943"
"2014-10-28 05:35","MultiOperationTest.java","38116","11997","50113"
"2019-10-10 14:37","JMXEnv.java","260529","178388","438917"
"2019-12-27 22:33","JMXEnv.java","266660","179594","446254"
"2014-01-25 01:17","JMXEnv.java","37067","14478","51545"
"2015-11-03 08:11","JMXEnv.java","65775","23507","89282"
"2013-11-19 02:03","JMXEnv.java","34122","14340","48462"
"2014-01-16 23:59","JMXEnv.java","35301","14448","49749"
"2019-01-14 19:38","JMXEnv.java","232009","178329","410338"
"2014-06-04 22:07","JMXEnv.java","47478","20782","68260"
"2019-08-17 17:13","JMXEnv.java","256776","178388","435164"
"2019-06-03 19:40","JMXEnv.java","242107","178388","420495"
"2019-11-08 17:30","FinalRequestProcessor.java","261726","216193","477919"
"2019-07-08 23:26","FinalRequestProcessor.java","244858","216163","461021"
"2019-01-16 23:23","FinalRequestProcessor.java","231953","216054","448007"
"2018-09-18 01:00","FinalRequestProcessor.java","134368","112468","246836"
"2019-04-12 19:01","FinalRequestProcessor.java","237873","216147","454020"
"2019-02-07 11:26","FinalRequestProcessor.java","234306","216055","450361"
"2019-01-14 19:38","FinalRequestProcessor.java","231264","216053","447317"
"2019-01-09 17:22","FinalRequestProcessor.java","233946","216055","450001"
"2015-06-04 19:51","FinalRequestProcessor.java","3613","1279","4892"
"2019-09-10 04:26","FinalRequestProcessor.java","257128","216164","473292"
"2019-08-17 17:13","FinalRequestProcessor.java","256083","216164","472247"
"2016-10-07 21:51","FinalRequestProcessor.java","15009","7624","22633"
"2019-06-26 10:57","FinalRequestProcessor.java","243932","216163","460095"
"2019-08-01 07:28","FinalRequestProcessor.java","256264","216164","472428"
"2019-07-03 00:44","FinalRequestProcessor.java","244095","216163","460258"
"2016-03-23 00:30","FinalRequestProcessor.java","9855","5977","15832"
"2019-08-06 17:11","FinalRequestProcessor.java","257184","216164","473348"
"2018-07-10 12:46","FinalRequestProcessor.java","42126","25456","67582"
"2020-03-25 03:38","FinalRequestProcessor.java","270322","217618","487940"
"2019-09-16 23:26","FinalRequestProcessor.java","259102","216164","475266"
"2019-10-10 14:37","FinalRequestProcessor.java","259836","216164","476000"
"2019-11-21 05:58","FinalRequestProcessor.java","260702","217616","478318"
"2019-11-18 09:05","FinalRequestProcessor.java","260679","217616","478295"
"2019-11-11 13:59","FinalRequestProcessor.java","263522","216193","479715"
"2020-03-26 22:12","FinalRequestProcessor.java","270324","217618","487942"
"2019-08-17 17:13","MockServerCnxn.java","44192","29523","73715"
"2019-07-03 00:44","MockServerCnxn.java","6381","3699","10080"
"2019-11-18 09:05","MockServerCnxn.java","54972","37159","92131"
"2019-08-17 17:13","Util.java","48462","29730","78192"
"2019-12-27 22:33","Util.java","65130","37720","102850"
"2019-08-17 17:13","Metric.java","52485","30178","82663"
"2016-11-03 16:07","QuorumPeerTestBase.java","3856","1368","5224"
"2019-12-27 22:33","QuorumPeerTestBase.java","266144","223028","489172"
"2019-10-10 14:37","QuorumPeerTestBase.java","259640","221449","481089"
"2019-07-12 17:01","QuorumPeerTestBase.java","251200","221449","472649"
"2017-01-13 19:29","QuorumPeerTestBase.java","8453","2547","11000"
"2019-08-17 17:13","QuorumPeerTestBase.java","255887","221449","477336"
"2017-11-28 00:10","QuorumPeerTestBase.java","17134","9711","26845"
"2017-12-16 01:25","QuorumPeerTestBase.java","17562","10095","27657"
"2018-10-12 10:25","QuorumPeerTestBase.java","229881","200008","429889"
"2019-08-17 17:13","QuorumPeerConfig.java","43666","29333","72999"
"2020-01-09 11:27","QuorumPeerConfig.java","61017","38581","99598"
"2019-07-12 17:01","QuorumPeerConfig.java","14092","4446","18538"
"2020-01-23 13:43","QuorumPeerConfig.java","63257","38997","102254"
"2019-10-10 14:37","QuorumPeerConfig.java","49826","31740","81566"
"2020-02-16 10:25","QuorumPeerConfig.java","64102","39129","103231"
"2020-05-14 18:18","QuorumPeerConfig.java","71051","42853","113904"
"2019-08-17 17:13","ConnectStringParser.java","112838","108278","221116"
"2019-06-05 00:46","SyncRequestProcessor.java","829","300","1129"
"2019-08-17 17:13","SyncRequestProcessor.java","44192","29523","73715"
"2019-10-10 14:37","SyncRequestProcessor.java","50347","31925","82272"
"2020-01-07 20:39","SyncRequestProcessor.java","61718","37996","99714"
"2020-03-25 03:38","SyncRequestProcessor.java","66929","39475","106404"
"2018-07-10 12:46","QuorumTest.java","196464","19882","216346"
"2009-06-26 22:29","QuorumTest.java","92878","9242","102120"
"2019-08-17 17:13","QuorumTest.java","257842","58262","316104"
"2009-07-17 00:09","QuorumTest.java","93459","9295","102754"
"2010-11-04 17:01","QuorumTest.java","172328","12238","184566"
"2012-12-13 08:14","QuorumTest.java","145230","16537","161767"
"2009-02-03 06:23","QuorumTest.java","52567","7909","60476"
"2011-06-22 00:19","QuorumTest.java","135980","12858","148838"
"2010-03-19 07:46","QuorumTest.java","122128","11506","133634"
"2011-07-15 06:50","QuorumTest.java","128105","13104","141209"
"2010-08-18 08:24","QuorumTest.java","142210","12202","154412"
"2013-10-09 22:21","QuorumTest.java","157434","17051","174485"
"2010-03-31 06:26","QuorumTest.java","122320","11779","134099"
"2011-09-17 02:13","QuorumTest.java","135805","15722","151527"
"2010-07-29 23:10","QuorumTest.java","136722","11904","148626"
"2011-04-12 09:14","QuorumTest.java","133842","12789","146631"
"2009-08-11 07:44","QuorumTest.java","94561","9333","103894"
"2009-08-07 01:23","QuorumTest.java","94322","9327","103649"
"2019-10-10 14:37","QuorumTest.java","261595","58262","319857"
"2019-09-18 11:20","QuorumTest.java","260754","58262","319016"
"2009-09-16 02:09","QuorumTest.java","96275","9696","105971"
"2019-12-28 16:17","QuorumTest.java","266748","58583","325331"
"2009-08-25 07:45","QuorumTest.java","95437","9364","104801"
"2009-10-30 17:19","QuorumTest.java","98149","10440","108589"
"2015-11-03 08:11","QuorumTest.java","182341","18630","200971"
"2011-07-29 10:14","QuorumTest.java","130695","13162","143857"
"2010-03-13 01:06","QuorumTest.java","121693","11399","133092"
"2013-05-11 14:51","FLETest.java","39588","12978","52566"
"2019-10-10 14:37","FLETest.java","260685","178405","439090"
"2013-10-21 23:36","FLETest.java","45730","13600","59330"
"2013-10-02 20:19","FLETest.java","42411","13392","55803"
"2014-06-25 15:04","FLETest.java","60026","20006","80032"
"2011-09-17 02:13","FLETest.java","16250","4783","21033"
"2016-06-02 00:59","FLETest.java","80489","24081","104570"
"2011-12-23 20:46","FLETest.java","19489","7897","27386"
"2011-04-29 18:12","FLETest.java","453","118","571"
"2017-09-11 18:55","FLETest.java","88187","27844","116031"
"2012-04-23 01:20","FLETest.java","25525","10791","36316"
"2019-08-17 17:13","FLETest.java","256932","178405","435337"
"2014-03-25 22:13","QuorumPeerMainTest.java","100891","30308","131199"
"2011-09-03 01:07","QuorumPeerMainTest.java","69708","21889","91597"
"2018-05-10 00:14","QuorumPeerMainTest.java","137860","36499","174359"
"2018-10-05 14:25","QuorumPeerMainTest.java","226525","115490","342015"
"2018-07-17 10:41","QuorumPeerMainTest.java","151262","48254","199516"
"2018-07-27 12:32","QuorumPeerMainTest.java","151804","48285","200089"
"2013-10-09 22:21","QuorumPeerMainTest.java","96233","30061","126294"
"2010-03-31 06:26","QuorumPeerMainTest.java","39929","14544","54473"
"2011-09-17 02:13","QuorumPeerMainTest.java","70420","24548","94968"
"2010-05-21 18:22","QuorumPeerMainTest.java","43286","16961","60247"
"2015-11-03 08:11","QuorumPeerMainTest.java","122104","32604","154708"
"2020-01-23 13:43","QuorumPeerMainTest.java","268057","143706","411763"
"2011-06-14 14:11","QuorumPeerMainTest.java","60884","23010","83894"
"2010-03-04 23:55","QuorumPeerMainTest.java","31499","13047","44546"
"2019-10-10 14:37","QuorumPeerMainTest.java","261243","143066","404309"
"2019-12-28 16:17","QuorumPeerMainTest.java","266715","143706","410421"
"2009-11-18 00:38","QuorumPeerMainTest.java","12625","3545","16170"
"2009-11-18 20:06","QuorumPeerMainTest.java","15100","3674","18774"
"2017-12-16 01:25","QuorumPeerMainTest.java","135002","36353","171355"
"2018-01-19 00:52","QuorumPeerMainTest.java","135147","36385","171532"
"2018-04-30 06:34","QuorumPeerMainTest.java","137228","36498","173726"
"2019-07-25 21:41","QuorumPeerMainTest.java","253973","143066","397039"
"2019-08-17 17:13","QuorumPeerMainTest.java","257490","143066","400556"
"2018-02-23 23:49","QuorumPeerMainTest.java","136227","36423","172650"
"2011-06-14 07:14","QuorumPeerMainTest.java","60859","23012","83871"
"2012-04-23 01:20","QuorumPeerMainTest.java","77420","28281","105701"
"2014-01-09 20:21","QuorumPeerMainTest.java","98141","30123","128264"
"2019-07-02 07:34","QuorumPeerMainTest.java","245433","143066","388499"
"2019-05-20 17:18","QuorumPeerMainTest.java","242281","143066","385347"
"2018-10-16 16:22","QuorumPeerMainTest.java","239509","115492","355001"
"2015-02-06 06:17","QuorumPeerMainTest.java","116806","32327","149133"
"2018-08-29 06:26","QuorumPeerMainTest.java","189208","84177","273385"
"2018-08-03 18:52","QuorumPeerMainTest.java","152312","48287","200599"
"2018-09-11 15:23","QuorumPeerMainTest.java","194930","88584","283514"
"2009-06-18 18:37","AsyncOpsTest.java","84441","9033","93474"
"2019-08-17 17:13","AsyncOpsTest.java","257842","58927","316769"
"2008-10-03 15:06","AsyncOpsTest.java","16294","2342","18636"
"2010-03-31 06:26","AsyncOpsTest.java","121721","11845","133566"
"2011-04-12 09:14","AsyncOpsTest.java","133245","12857","146102"
"2012-12-19 19:16","AsyncOpsTest.java","146772","16805","163577"
"2014-06-25 19:06","AsyncOpsTest.java","166956","18458","185414"
"2019-10-10 14:37","AsyncOpsTest.java","261595","58927","320522"
"2009-10-31 00:09","AsyncOpsTest.java","98446","10552","108998"
"2019-02-13 13:12","ZabUtils.java","233756","230784","464540"
"2018-10-16 16:22","ZabUtils.java","230973","208550","439523"
"2019-08-17 17:13","ZabUtils.java","254922","230896","485818"
"2019-07-03 00:44","ZabUtils.java","242934","230895","473829"
"2019-08-17 17:13","NettyServerCnxn.java","29608","25616","55224"
"2019-11-23 17:08","NettyServerCnxn.java","42193","33500","75693"
"2019-08-03 08:42","NettyServerCnxn.java","6613","1913","8526"
"2019-11-18 09:05","NettyServerCnxn.java","40446","33310","73756"
"2019-11-21 05:58","NettyServerCnxn.java","40474","33315","73789"
"2019-09-16 23:26","NettyServerCnxn.java","34229","27218","61447"
"2019-10-10 14:37","NettyServerCnxn.java","35815","28070","63885"
"2015-02-06 06:17","StaticHostProviderTest.java","28224","10663","38887"
"2014-06-27 23:47","StaticHostProviderTest.java","16337","8270","24607"
"2014-07-17 22:56","StaticHostProviderTest.java","19323","9280","28603"
"2019-08-17 17:13","StaticHostProviderTest.java","256360","197658","454018"
"2018-07-16 05:45","StaticHostProviderTest.java","78900","42836","121736"
"2015-05-10 00:27","StaticHostProviderTest.java","30862","10957","41819"
"2019-07-31 19:06","Commands.java","3715","944","4659"
"2019-11-29 14:49","Commands.java","43574","33553","77127"
"2019-08-17 17:13","Commands.java","28736","25272","54008"
"2019-08-06 01:43","Commands.java","5684","1338","7022"
"2019-12-03 10:01","Commands.java","43614","33547","77161"
"2019-11-20 07:00","Commands.java","39584","32964","72548"
"2019-11-29 14:49","QuorumUtil.java","45346","34102","79448"
"2019-08-17 17:13","QuorumUtil.java","30536","25849","56385"
"2020-03-12 14:47","QuorumUtil.java","52475","35845","88320"
"2019-10-10 14:37","QuorumUtil.java","36740","28300","65040"
"2019-07-31 19:06","Commands.java","19749","6300","26049"
"2019-11-29 14:49","Commands.java","58240","37541","95781"
"2019-08-17 17:13","Commands.java","43507","29365","72872"
"2019-06-29 00:33","Commands.java","5400","3271","8671"
"2019-07-15 14:15","Commands.java","13999","4438","18437"
"2019-07-25 23:43","Commands.java","16063","5385","21448"
"2019-08-06 01:43","Commands.java","21677","6653","28330"
"2019-12-03 10:01","Commands.java","58280","37535","95815"
"2019-11-20 07:00","Commands.java","54304","37006","91310"
"2019-08-17 17:13","DisconnectedWatcherTest.java","256761","179189","435950"
"2019-03-11 21:56","DisconnectedWatcherTest.java","236729","179141","415870"
"2015-06-13 02:42","DisconnectedWatcherTest.java","62660","22423","85083"
"2019-06-26 10:57","ZooDefs.java","244754","177112","421866"
"2015-06-04 19:51","ZooDefs.java","64602","22395","86997"
"2019-08-17 17:13","ZooDefs.java","256904","177112","434016"
"2016-10-07 21:51","ZooDefs.java","73186","25928","99114"
"2014-01-24 07:18","ZooDefs.java","38396","14514","52910"
"2017-07-28 00:36","ZooDefs.java","78438","30081","108519"
"2019-01-16 14:21","ZooDefs.java","232817","177045","409862"
"2019-01-07 14:24","ZooDefs.java","231666","177044","408710"
"2019-11-08 17:30","ZooDefs.java","262518","177112","439630"
"2019-07-31 19:06","ZooDefs.java","256211","177112","433323"
"2019-02-07 11:26","ZooDefs.java","235170","177046","412216"
"2014-04-29 02:23","ZooDefs.java","47793","20646","68439"
"2013-12-21 22:05","RepeatStartupTest.java","47163","13693","60856"
"2011-10-25 08:09","RepeatStartupTest.java","16828","6924","23752"
"2019-08-17 17:13","RepeatStartupTest.java","256932","178405","435337"
"2019-08-17 17:13","Leader.java","47813","29620","77433"
"2019-06-29 00:33","Leader.java","10459","4279","14738"
"2019-06-03 19:40","Leader.java","4304","780","5084"
"2019-07-15 14:15","Leader.java","19034","5422","24456"
"2019-07-25 21:41","Leader.java","21019","6343","27362"
"2019-06-05 00:33","Leader.java","4930","1016","5946"
"2019-08-03 08:42","Leader.java","26477","7576","34053"
"2019-06-05 23:57","Leader.java","5201","1018","6219"
"2019-11-29 14:49","Leader.java","62228","37478","99706"
"2020-03-25 03:38","Leader.java","70200","39222","109422"
"2019-12-27 22:33","Leader.java","64489","37618","102107"
"2019-10-10 14:37","Leader.java","53666","31720","85386"
"2013-03-07 07:01","KeeperException.java","119789","21937","141726"
"2011-07-01 00:53","KeeperException.java","97736","18208","115944"
"2012-02-06 09:56","KeeperException.java","104362","20670","125032"
"2014-01-24 07:18","KeeperException.java","128759","22174","150933"
"2019-08-17 17:13","KeeperException.java","257616","104206","361822"
"2009-06-26 22:29","KeeperException.java","43089","5623","48712"
"2014-04-30 04:30","KeeperException.java","133413","23549","156962"
"2019-07-24 18:00","KeeperException.java","254071","104206","358277"
"2016-11-13 20:59","KeeperException.java","158253","26039","184292"
"2017-07-28 00:36","KeeperException.java","158153","27093","185246"
"2020-03-25 03:38","KeeperException.java","270926","104731","375657"
"2009-12-11 21:24","KeeperException.java","59281","8470","67751"
"2018-07-27 05:16","KeeperException.java","174239","34037","208276"
"2011-05-20 01:17","KeeperException.java","93405","17703","111108"
"2013-10-09 22:21","KeeperException.java","125173","22126","147299"
"2011-04-12 09:14","RandomAccessFileReader.java","14937","15099","30036"
"2014-11-29 16:53","RandomAccessFileReader.java","82724","33673","116397"
"2020-05-17 15:13","RemoveWatchesTest.java","26854","15821","42675"
"2019-10-10 14:37","RemoveWatchesTest.java","3934","3093","7027"
"2019-08-17 17:13","TestableZooKeeper.java","50310","30095","80405"
"2020-05-17 15:13","TestableZooKeeper.java","77569","43409","120978"
"2010-08-17 09:24","RestMain.java","73013","16154","89167"
"2011-04-12 09:14","RestMain.java","72010","20746","92756"
"2019-08-17 17:13","WatchLeakTest.java","256360","198306","454666"
"2015-05-14 18:40","WatchLeakTest.java","30974","11272","42246"
"2019-05-20 17:18","WatchLeakTest.java","241135","198290","439425"
"2019-11-21 05:58","WatchLeakTest.java","260876","199655","460531"
"2015-07-07 07:11","WatchLeakTest.java","33730","12728","46458"
"2019-08-17 17:13","Leader.java","63823","36481","100304"
"2019-06-29 00:33","Leader.java","27672","12343","40015"
"2019-06-03 19:40","Leader.java","21803","9130","30933"
"2019-07-15 14:15","Leader.java","36225","13464","49689"
"2019-07-25 21:41","Leader.java","38206","14381","52587"
"2019-06-05 00:33","Leader.java","22389","9326","31715"
"2019-08-03 08:42","Leader.java","43591","15541","59132"
"2019-06-05 23:57","Leader.java","22660","9328","31988"
"2019-01-07 14:55","Leader.java","9497","7264","16761"
"2019-04-12 19:01","Leader.java","17638","8489","26127"
"2019-11-29 14:49","Leader.java","77796","43897","121693"
"2020-03-25 03:38","Leader.java","85493","45366","130859"
"2019-12-27 22:33","Leader.java","80018","43998","124016"
"2019-10-10 14:37","Leader.java","69561","38466","108027"
"2015-05-14 07:10","CnxManagerTest.java","38414","12407","50821"
"2020-03-12 14:47","CnxManagerTest.java","269695","193109","462804"
"2019-08-17 17:13","CnxManagerTest.java","256406","191763","448169"
"2019-06-03 19:40","CnxManagerTest.java","241737","191763","433500"
"2017-11-28 00:10","CnxManagerTest.java","62058","24430","86488"
"2019-07-12 17:01","CnxManagerTest.java","251719","191763","443482"
"2019-05-08 21:54","CnxManagerTest.java","240892","191747","432639"
"2019-08-06 12:52","CnxManagerTest.java","257379","191763","449142"
"2019-06-14 09:06","CnxManagerTest.java","244404","191763","436167"
"2019-11-29 14:49","CnxManagerTest.java","264309","193109","457418"
"2015-02-06 06:17","CnxManagerTest.java","35542","12040","47582"
"2017-09-11 18:55","CnxManagerTest.java","57866","24095","81961"
"2020-02-16 10:25","CnxManagerTest.java","268392","193109","461501"
"2014-06-25 15:04","CnxManagerTest.java","23116","9668","32784"
"2015-11-03 08:11","CnxManagerTest.java","42546","14023","56569"
"2019-10-10 14:37","CnxManagerTest.java","260159","191763","451922"
"2014-07-23 19:36","CnxManagerTest.java","30569","11215","41784"
"2020-03-12 14:47","CnxManagerTest.java","9524","4138","13662"
"2020-02-16 10:25","CnxManagerTest.java","8112","4029","12141"
"2009-06-18 18:37","AsyncOpsTest.java","72053","10597","82650"
"2019-08-17 17:13","AsyncOpsTest.java","257710","72747","330457"
"2010-03-31 06:26","AsyncOpsTest.java","109646","13722","123368"
"2011-04-12 09:14","AsyncOpsTest.java","121343","14907","136250"
"2012-12-19 19:16","AsyncOpsTest.java","136917","17711","154628"
"2014-06-25 19:06","AsyncOpsTest.java","157198","19461","176659"
"2019-10-10 14:37","AsyncOpsTest.java","261463","72747","334210"
"2009-10-31 00:09","AsyncOpsTest.java","86217","12275","98492"
"2019-11-29 14:49","QuorumCnxManager.java","43572","33546","77118"
"2019-08-03 08:42","QuorumCnxManager.java","5477","1300","6777"
"2019-11-13 20:41","QuorumCnxManager.java","39188","28000","67188"
"2019-08-06 12:52","QuorumCnxManager.java","5791","1349","7140"
"2020-03-12 14:47","QuorumCnxManager.java","50828","35416","86244"
"2019-08-17 17:13","QuorumCnxManager.java","28734","25265","53999"
"2019-10-10 14:37","QuorumCnxManager.java","34944","27722","62666"
"2020-01-23 13:43","QuorumCnxManager.java","48582","35186","83768"
"2019-11-28 12:24","QuorumCnxManager.java","41602","33227","74829"
"2020-03-23 16:20","QuorumCnxManager.java","51064","35481","86545"
"2020-02-16 10:25","QuorumCnxManager.java","49434","35325","84759"
"2019-07-02 07:34","Follower.java","5575","3353","8928"
"2019-08-17 17:13","Follower.java","43606","29327","72933"
"2019-06-29 00:33","Follower.java","5539","3273","8812"
"2019-08-06 17:11","Follower.java","22092","6712","28804"
"2019-07-15 14:15","Follower.java","14138","4440","18578"
"2019-08-23 19:43","Follower.java","44274","29329","73603"
"2019-12-27 22:33","Follower.java","60608","37651","98259"
"2019-10-10 14:37","Follower.java","49766","31734","81500"
"2019-07-02 07:34","Follower.java","245626","103705","349331"
"2018-12-09 03:16","Follower.java","230314","103678","333992"
"2019-04-12 19:01","Follower.java","239491","103706","343197"
"2013-03-07 07:01","Follower.java","120426","22006","142432"
"2015-02-06 06:17","Follower.java","146030","24108","170138"
"2011-04-29 18:12","Follower.java","93549","17763","111312"
"2011-01-22 20:38","Follower.java","131305","14719","146024"
"2011-02-07 20:26","Follower.java","131397","14794","146191"
"2018-09-18 01:00","Follower.java","205837","60793","266630"
"2019-08-17 17:13","Follower.java","257683","103705","361388"
"2009-06-15 22:52","Follower.java","33256","3856","37112"
"2019-06-29 00:33","Follower.java","245670","103705","349375"
"2019-08-06 17:11","Follower.java","258784","103705","362489"
"2019-07-15 14:15","Follower.java","253102","103705","356807"
"2019-08-23 19:43","Follower.java","258349","103705","362054"
"2017-11-28 00:10","Follower.java","163231","27183","190414"
"2019-06-05 00:33","Follower.java","243404","103705","347109"
"2011-06-14 07:14","Follower.java","95202","17801","113003"
"2019-05-03 00:44","Follower.java","241681","103706","345387"
"2010-01-25 04:28","Follower.java","64348","9475","73823"
"2009-10-30 17:19","Follower.java","49792","7685","57477"
"2009-11-20 23:28","Follower.java","59761","8502","68263"
"2015-06-05 21:15","Follower.java","149696","24184","173880"
"2019-12-27 22:33","Follower.java","266819","104163","370982"
"2016-08-13 15:01","Follower.java","155376","25948","181324"
"2019-10-10 14:37","Follower.java","261436","103705","365141"
"2010-08-18 08:24","Follower.java","98550","14144","112694"
"2016-12-20 14:47","Follower.java","159929","26240","186169"
"2014-07-22 06:51","Follower.java","141672","23954","165626"
"2016-08-13 15:01","ReadOnlyZooKeeperServer.java","14473","7141","21614"
"2019-11-29 14:49","ReadOnlyZooKeeperServer.java","264092","216568","480660"
"2015-03-17 18:06","ReadOnlyZooKeeperServer.java","1211","163","1374"
"2019-08-17 17:13","ReadOnlyZooKeeperServer.java","256089","215122","471211"
"2019-09-16 23:26","RequestThrottlerTest.java","4958","1939","6897"
"2020-04-12 11:14","RequestThrottlerTest.java","26355","12817","39172"
"2017-02-12 00:34","ReconfigDuringLeaderSyncTest.java","3319","4527","7846"
"2019-08-17 17:13","ReconfigDuringLeaderSyncTest.java","255292","225011","480303"
"2020-01-25 18:48","ReconfigDuringLeaderSyncTest.java","267015","226617","493632"
"2017-07-27 23:09","ReconfigDuringLeaderSyncTest.java","6219","7477","13696"
"2019-12-27 22:33","FileTxnSnapLog.java","266642","176599","443241"
"2019-10-10 14:37","FileTxnSnapLog.java","260412","175294","435706"
"2019-12-13 08:51","FileTxnSnapLog.java","264679","176599","441278"
"2017-01-07 01:09","FileTxnSnapLog.java","75049","22419","97468"
"2014-02-12 17:00","FileTxnSnapLog.java","34804","9099","43903"
"2012-03-06 09:20","FileTxnSnapLog.java","5287","2307","7594"
"2020-01-23 16:46","FileTxnSnapLog.java","267891","176599","444490"
"2020-01-28 17:26","FileTxnSnapLog.java","268362","176599","444961"
"2016-09-18 23:21","FileTxnSnapLog.java","69860","21702","91562"
"2017-01-23 02:13","FileTxnSnapLog.java","75485","22451","97936"
"2018-06-08 16:52","FileTxnSnapLog.java","84756","26953","111709"
"2019-09-02 08:23","FileTxnSnapLog.java","257316","175294","432610"
"2011-12-21 21:39","FileTxnSnapLog.java","3207","1510","4717"
"2017-04-28 07:14","FileTxnSnapLog.java","75095","24320","99415"
"2019-07-31 19:06","FileTxnSnapLog.java","255966","175294","431260"
"2018-07-30 06:22","FileTxnSnapLog.java","104397","44939","149336"
"2012-02-06 09:40","FileTxnSnapLog.java","4457","1899","6356"
"2012-07-17 23:25","FileTxnSnapLog.java","11200","4919","16119"
"2020-01-30 09:43","FileTxnSnapLog.java","268438","176599","445037"
"2019-05-14 17:11","FileTxnSnapLog.java","241326","175294","416620"
"2013-06-28 23:22","FileTxnSnapLog.java","26964","8380","35344"
"2014-02-10 21:50","FileTxnSnapLog.java","34657","9064","43721"
"2019-05-21 23:34","FileTxnSnapLog.java","241647","175294","416941"
"2019-05-27 10:54","FileTxnSnapLog.java","241979","175294","417273"
"2017-01-13 19:29","FileTxnSnapLog.java","75263","22430","97693"
"2017-06-26 00:07","FileTxnSnapLog.java","75724","25411","101135"
"2018-02-23 23:49","FileTxnSnapLog.java","82309","26760","109069"
"2017-08-18 06:32","FileTxnSnapLog.java","76280","25965","102245"
"2019-08-17 17:13","FileTxnSnapLog.java","256659","175294","431953"
"2018-02-14 21:23","FileTxnSnapLog.java","82130","26745","108875"
"2019-11-29 14:49","Commands.java","39153","33478","72631"
"2019-08-17 17:13","Commands.java","23986","24868","48854"
"2019-12-03 10:01","Commands.java","39193","33472","72665"
"2019-11-20 07:00","Commands.java","35161","32887","68048"
"2019-07-31 19:06","Commands.java","20796","6809","27605"
"2019-11-29 14:49","Commands.java","59106","37869","96975"
"2019-08-17 17:13","Commands.java","44402","29722","74124"
"2019-06-29 00:33","Commands.java","6455","3788","10243"
"2019-06-03 19:40","Commands.java","238","227","465"
"2019-07-15 14:15","Commands.java","15048","4949","19997"
"2019-07-25 23:43","Commands.java","17110","5894","23004"
"2019-06-05 12:14","Commands.java","1060","522","1582"
"2019-08-06 01:43","Commands.java","22724","7162","29886"
"2019-06-04 10:55","Commands.java","617","453","1070"
"2019-12-03 10:01","Commands.java","59146","37863","97009"
"2019-11-20 07:00","Commands.java","55174","37338","92512"
"2018-12-20 15:13","QuorumPeer.java","228506","228074","456580"
"2019-05-16 16:25","QuorumPeer.java","239855","228194","468049"
"2018-10-16 16:22","QuorumPeer.java","231191","205932","437123"
"2019-06-14 09:06","QuorumPeer.java","243073","228213","471286"
"2018-12-07 12:41","QuorumPeer.java","225519","228073","453592"
"2019-03-11 19:47","QuorumPeer.java","234962","228102","463064"
"2019-02-13 13:12","QuorumPeer.java","233909","228101","462010"
"2019-04-12 19:01","QuorumPeer.java","236846","228177","465023"
"2018-12-09 03:16","QuorumPeer.java","227593","228073","455666"
"2018-09-11 15:23","QuorumPeer.java","108386","100798","209184"
"2019-11-29 14:49","QuorumPeer.java","263403","229984","493387"
"2018-12-15 07:34","QuorumPeer.java","227508","228073","455581"
"2018-11-27 10:02","QuorumPeer.java","225269","228073","453342"
"2018-09-18 01:00","QuorumPeer.java","109775","100932","210707"
"2019-06-03 19:40","QuorumPeer.java","240406","228213","468619"
"2019-07-15 14:15","QuorumPeer.java","250495","228214","478709"
"2019-07-03 00:44","QuorumPeer.java","243088","228213","471301"
"2019-08-17 17:13","QuorumPeer.java","255076","228214","483290"
"2019-05-15 11:56","QuorumPeer.java","239810","228194","468004"
"2019-06-05 00:33","QuorumPeer.java","240796","228213","469009"
"2019-05-20 23:13","QuorumPeer.java","239930","228196","468126"
"2019-06-04 10:55","QuorumPeer.java","240559","228213","468772"
"2019-07-12 17:01","QuorumPeer.java","250389","228214","478603"
"2020-01-09 11:27","QuorumPeer.java","264951","229986","494937"
"2018-10-01 06:11","QuorumPeer.java","113057","101635","214692"
"2018-07-04 17:11","QuorumPeer.java","14894","11333","26227"
"2019-12-17 13:48","QuorumPeer.java","263975","229984","493959"
"2020-01-23 13:43","QuorumPeer.java","266775","229986","496761"
"2018-12-06 10:56","QuorumPeer.java","225463","228073","453536"
"2019-10-10 14:37","QuorumPeer.java","258830","228215","487045"
"2018-06-26 11:18","QuorumPeer.java","4377","834","5211"
"2018-07-27 12:32","QuorumPeer.java","26720","21959","48679"
"2019-04-18 19:17","QuorumPeer.java","237556","228177","465733"
"2020-02-16 10:25","QuorumPeer.java","267488","229986","497474"
"2013-05-11 14:51","FLETest.java","21523","6505","28028"
"2019-10-10 14:37","FLETest.java","260409","177033","437442"
"2013-10-21 23:36","FLETest.java","27930","7392","35322"
"2013-10-02 20:19","FLETest.java","24542","7115","31657"
"2014-06-25 15:04","FLETest.java","42751","14323","57074"
"2016-06-02 00:59","FLETest.java","64934","20118","85052"
"2017-09-11 18:55","FLETest.java","74025","25274","99299"
"2012-04-23 01:20","FLETest.java","6425","3283","9708"
"2019-08-17 17:13","FLETest.java","256656","177033","433689"
"2019-08-17 17:13","NetUtils.java","254163","232062","486225"
"2019-08-17 17:13","FollowerResyncConcurrencyTest.java","256656","176624","433280"
"2019-06-03 19:40","FollowerResyncConcurrencyTest.java","241987","176624","418611"
"2013-06-28 23:22","FollowerResyncConcurrencyTest.java","24965","7714","32679"
"2012-03-15 18:01","FollowerResyncConcurrencyTest.java","4139","1564","5703"
"2015-11-21 22:18","FollowerResyncConcurrencyTest.java","62388","17920","80308"
"2019-10-10 14:37","FollowerResyncConcurrencyTest.java","260409","176624","437033"
"2019-12-28 16:17","FollowerResyncConcurrencyTest.java","266549","177932","444481"
"2019-10-10 14:37","SessionTrackerImpl.java","260738","187413","448151"
"2019-09-20 10:02","SessionTrackerImpl.java","259905","187413","447318"
"2011-04-12 09:14","SessionTrackerImpl.java","5707","14662","20369"
"2011-11-14 20:18","SessionTrackerImpl.java","22494","20652","43146"
"2013-10-09 22:21","SessionTrackerImpl.java","49599","26856","76455"
"2020-03-26 22:16","SessionTrackerImpl.java","270850","188486","459336"
"2015-03-08 23:07","SessionTrackerImpl.java","75362","34138","109500"
"2014-07-25 00:58","SessionTrackerImpl.java","70829","33883","104712"
"2014-07-23 20:17","SessionTrackerImpl.java","70823","33883","104706"
"2012-09-17 09:53","SessionTrackerImpl.java","32363","24347","56710"
"2015-02-06 06:17","SessionTrackerImpl.java","75142","34092","109234"
"2014-07-18 02:19","SessionTrackerImpl.java","70119","33820","103939"
"2018-09-18 01:00","SessionTrackerImpl.java","183707","119535","303242"
"2019-09-05 23:12","SessionTrackerImpl.java","257904","187413","445317"
"2019-08-17 17:13","SessionTrackerImpl.java","256985","187413","444398"
"2018-08-08 06:21","SessionTrackerImpl.java","160019","98953","258972"
"2018-05-09 23:57","SessionTrackerImpl.java","98922","41042","139964"
"2019-04-22 19:15","SessionTrackerImpl.java","239768","187414","427182"
"2012-12-19 19:07","SessionTrackerImpl.java","37882","25771","63653"
"2019-09-11 10:27","ZooKeeperServer.java","570","259","829"
"2019-11-23 17:08","ZooKeeperServer.java","11476","7820","19296"
"2019-10-09 16:49","ZooKeeperServer.java","3569","1028","4597"
"2019-12-27 22:33","ZooKeeperServer.java","16212","8579","24791"
"2019-11-18 09:05","ZooKeeperServer.java","9677","7578","17255"
"2019-10-10 14:37","ZooKeeperServer.java","4990","2282","7272"
"2019-09-16 23:26","ZooKeeperServer.java","2435","461","2896"
"2019-12-03 10:01","ZooKeeperServer.java","13902","8344","22246"
"2020-03-25 03:38","ZooKeeperServer.java","22478","10738","33216"
"2019-11-28 12:24","ZooKeeperServer.java","11743","7882","19625"
"2019-11-06 15:21","ZooKeeperServer.java","5346","2422","7768"
"2020-04-12 11:14","ZooKeeperServer.java","23915","11422","35337"
"2019-09-18 11:20","ReconfigTest.java","258799","221557","480356"
"2016-11-13 20:59","ReconfigTest.java","5623","1574","7197"
"2019-05-03 17:37","ReconfigTest.java","239990","221538","461528"
"2019-05-08 21:54","ReconfigTest.java","240370","221538","461908"
"2018-07-04 17:11","ReconfigTest.java","31596","20567","52163"
"2019-08-17 17:13","ReconfigTest.java","255887","221557","477444"
"2019-11-29 14:49","ReconfigTest.java","264022","223135","487157"
"2018-12-09 03:16","ReconfigTest.java","228425","221437","449862"
"2018-11-22 17:56","ReconfigTest.java","224464","221437","445901"
"2017-09-11 18:55","ReconfigTest.java","12624","9166","21790"
"2017-02-12 00:34","ReconfigTest.java","8803","5962","14765"
"2019-10-10 14:37","ACLTest.java","260685","178405","439090"
"2013-12-21 22:05","ACLTest.java","47163","13693","60856"
"2016-08-24 01:36","ACLTest.java","81876","24528","106404"
"2017-09-11 18:55","ACLTest.java","88187","27844","116031"
"2016-11-13 20:59","ACLTest.java","85548","24614","110162"
"2019-05-06 18:32","ACLTest.java","241287","178406","419693"
"2017-08-18 23:35","ACLTest.java","87994","27729","115723"
"2019-08-17 17:13","ACLTest.java","256932","178405","435337"
"2014-04-25 23:40","ACLTest.java","57743","19825","77568"
"2019-04-12 19:01","WatchManager.java","239307","132922","372229"
"2014-07-18 02:19","WatchManager.java","117562","29666","147228"
"2017-09-11 18:55","WatchManager.java","136449","33533","169982"
"2019-03-05 00:04","WatchManager.java","237172","132886","370058"
"2019-11-08 17:30","WatchManager.java","263114","132922","396036"
"2014-01-24 07:18","WatchManager.java","105686","27808","133494"
"2019-08-17 17:13","WatchManager.java","257500","132922","390422"
"2010-01-26 01:17","WatchManager.java","33728","7846","41574"
"2018-09-28 23:38","WatchManager.java","202934","84591","287525"
"2010-07-05 20:20","WatchManager.java","63628","17242","80870"
"2011-07-25 23:31","WatchManager.java","72365","21156","93521"
"2014-04-29 02:23","WatchManager.java","110332","29189","139521"
"2014-04-17 08:47","WatchManager.java","109626","29189","138815"
"2011-04-12 09:14","WatchManager.java","68582","22531","91113"
"2019-04-12 19:01","WatchManager.java","238083","200366","438449"
"2014-07-18 02:19","WatchManager.java","19392","9374","28766"
"2017-09-11 18:55","WatchManager.java","48379","23341","71720"
"2019-03-05 00:04","WatchManager.java","235912","200294","436206"
"2019-11-08 17:30","WatchManager.java","261934","200410","462344"
"2019-08-17 17:13","WatchManager.java","256292","200382","456674"
"2018-09-28 23:38","WatchManager.java","152914","112449","265363"
"2014-04-29 02:23","WatchManager.java","10994","7729","18723"
"2014-04-17 08:47","WatchManager.java","10230","7671","17901"
"2014-06-25 19:06","AsyncOps.java","12361","7762","20123"
"2019-06-03 19:40","AsyncOps.java","241622","201024","442646"
"2019-08-17 17:13","AsyncOps.java","256291","201024","457315"
"2015-02-06 06:17","StaticHostProviderTest.java","9156","1638","10794"
"2019-08-17 17:13","StaticHostProviderTest.java","256152","207493","463645"
"2018-07-16 05:45","StaticHostProviderTest.java","61923","35902","97825"
"2015-05-10 00:27","StaticHostProviderTest.java","12038","2176","14214"
"2019-11-18 09:05","ResponseCacheTest.java","12157","9013","21170"
"2019-10-10 14:37","SessionTrackerImpl.java","260120","196919","457039"
"2019-09-20 10:02","SessionTrackerImpl.java","259287","196919","456206"
"2020-03-26 22:16","SessionTrackerImpl.java","270507","198267","468774"
"2015-03-08 23:07","SessionTrackerImpl.java","29285","10804","40089"
"2014-07-25 00:58","SessionTrackerImpl.java","24085","9882","33967"
"2014-07-23 20:17","SessionTrackerImpl.java","24080","9883","33963"
"2015-02-06 06:17","SessionTrackerImpl.java","29023","10716","39739"
"2014-07-18 02:19","SessionTrackerImpl.java","23155","9599","32754"
"2018-09-18 01:00","SessionTrackerImpl.java","153242","111813","265055"
"2019-09-05 23:12","SessionTrackerImpl.java","257286","196919","454205"
"2019-08-17 17:13","SessionTrackerImpl.java","256367","196919","453286"
"2018-08-08 06:21","SessionTrackerImpl.java","123640","85317","208957"
"2018-05-09 23:57","SessionTrackerImpl.java","59272","24135","83407"
"2019-04-22 19:15","SessionTrackerImpl.java","239133","196903","436036"
"2019-10-10 14:37","OSMXBeanTest.java","259719","218914","478633"
"2019-08-17 17:13","OSMXBeanTest.java","255966","218914","474880"
"2018-12-09 03:16","LeaderZooKeeperServer.java","228523","218280","446803"
"2018-11-21 17:56","LeaderZooKeeperServer.java","223954","218279","442233"
"2019-06-04 10:55","LeaderZooKeeperServer.java","241461","218392","459853"
"2019-08-17 17:13","LeaderZooKeeperServer.java","255978","218393","474371"
"2019-06-03 19:40","LeaderZooKeeperServer.java","241308","218392","459700"
"2019-11-25 15:37","LeaderZooKeeperServer.java","262330","219937","482267"
"2019-12-27 22:33","LeaderZooKeeperServer.java","266201","219938","486139"
"2018-12-09 03:16","LeaderZooKeeperServer.java","230114","141512","371626"
"2018-11-21 17:56","LeaderZooKeeperServer.java","225546","141512","367058"
"2012-01-31 07:45","LeaderZooKeeperServer.java","74568","26634","101202"
"2019-06-04 10:55","LeaderZooKeeperServer.java","242984","141556","384540"
"2015-06-04 19:51","LeaderZooKeeperServer.java","121844","32289","154133"
"2019-08-17 17:13","LeaderZooKeeperServer.java","257500","141556","399056"
"2019-06-03 19:40","LeaderZooKeeperServer.java","242831","141556","384387"
"2009-12-18 03:19","LeaderZooKeeperServer.java","19407","5609","25016"
"2019-11-25 15:37","LeaderZooKeeperServer.java","262947","142195","405142"
"2019-12-27 22:33","LeaderZooKeeperServer.java","266817","142195","409012"
"2009-08-07 01:23","LeaderZooKeeperServer.java","1968","609","2577"
"2010-03-12 19:26","LeaderZooKeeperServer.java","40175","13528","53703"
"2013-10-09 22:21","LeaderZooKeeperServer.java","97686","29994","127680"
"2011-10-20 20:02","LeaderZooKeeperServer.java","72024","26249","98273"
"2019-01-14 19:43","ZKUtil.java","232358","174661","407019"
"2020-03-22 14:47","ZKUtil.java","270022","175827","445849"
"2016-09-08 22:52","ZKUtil.java","74095","25566","99661"
"2019-11-11 13:59","ZKUtil.java","264314","174729","439043"
"2019-04-09 15:35","ZKUtil.java","237710","174678","412388"
"2019-08-03 08:42","ZKUtil.java","257612","174729","432341"
"2019-06-06 00:01","ZKUtil.java","243041","174729","417770"
"2019-08-17 17:13","ZKUtil.java","256904","174729","431633"
"2019-09-11 10:27","ZooKeeperServer.java","3093","1737","4830"
"2019-09-10 04:26","ZooKeeperServer.java","2523","1478","4001"
"2019-09-05 23:12","ZooKeeperServer.java","2357","1438","3795"
"2019-09-10 15:21","ZooKeeperServer.java","2737","1694","4431"
"2019-11-23 17:08","ZooKeeperServer.java","13955","9254","23209"
"2019-10-09 16:49","ZooKeeperServer.java","6090","2504","8594"
"2019-12-27 22:33","ZooKeeperServer.java","18682","10004","28686"
"2019-11-18 09:05","ZooKeeperServer.java","12157","9013","21170"
"2019-10-10 14:37","ZooKeeperServer.java","7470","3717","11187"
"2019-09-16 23:26","ZooKeeperServer.java","4958","1939","6897"
"2019-12-03 10:01","ZooKeeperServer.java","16379","9776","26155"
"2020-03-25 03:38","ZooKeeperServer.java","24918","12133","37051"
"2019-11-28 12:24","ZooKeeperServer.java","14222","9316","23538"
"2019-11-06 15:21","ZooKeeperServer.java","7826","3857","11683"
"2020-04-12 11:14","ZooKeeperServer.java","26355","12817","39172"
"2019-08-17 17:13","WatchesSummaryTest.java","174218","158773","332991"
"2017-05-27 00:52","GetCommand.java","68500","22228","90728"
"2019-08-17 17:13","GetCommand.java","256502","178872","435374"
"2019-01-31 15:55","GetCommand.java","234068","178779","412847"
"2016-07-27 01:33","GetCommand.java","61514","17918","79432"
"2019-09-11 10:27","ZooKeeperServer.java","747","310","1057"
"2019-09-10 04:26","ZooKeeperServer.java","177","51","228"
"2019-09-10 15:21","ZooKeeperServer.java","391","267","658"
"2019-11-23 17:08","ZooKeeperServer.java","11646","7864","19510"
"2019-10-09 16:49","ZooKeeperServer.java","3746","1079","4825"
"2019-12-27 22:33","ZooKeeperServer.java","16376","8617","24993"
"2019-11-18 09:05","ZooKeeperServer.java","9847","7622","17469"
"2019-10-10 14:37","ZooKeeperServer.java","5160","2326","7486"
"2019-09-16 23:26","ZooKeeperServer.java","2612","512","3124"
"2019-12-03 10:01","ZooKeeperServer.java","14072","8388","22460"
"2020-03-25 03:38","ZooKeeperServer.java","22642","10776","33418"
"2019-11-28 12:24","ZooKeeperServer.java","11913","7926","19839"
"2019-11-06 15:21","ZooKeeperServer.java","5516","2466","7982"
"2020-04-12 11:14","ZooKeeperServer.java","24079","11460","35539"
"2019-11-21 05:58","NIOServerCnxn.java","180381","161769","342150"
"2019-11-18 09:05","NIOServerCnxn.java","180358","161769","342127"
"2019-09-16 23:26","NIOServerCnxn.java","178223","159759","337982"
"2019-10-10 14:37","NIOServerCnxn.java","178973","159775","338748"
"2020-02-11 06:50","NIOServerCnxn.java","188063","162099","350162"
"2019-01-23 14:00","NIOServerCnxn.java","148704","156532","305236"
"2019-07-08 23:26","NIOServerCnxn.java","162323","158102","320425"
"2019-04-12 19:01","NIOServerCnxn.java","154074","156822","310896"
"2019-01-14 19:38","NIOServerCnxn.java","147211","156474","303685"
"2018-11-17 18:33","NIOServerCnxn.java","133712","150192","283904"
"2019-08-17 17:13","NIOServerCnxn.java","174218","158773","332991"
"2019-07-03 00:44","NIOServerCnxn.java","161560","158102","319662"
"2019-08-03 08:42","NIOServerCnxn.java","174905","158752","333657"
"2020-03-19 17:09","Learner.java","7104","3793","10897"
"2020-02-03 04:30","Learner.java","3820","2014","5834"
"2020-01-23 13:43","Learner.java","3141","1892","5033"
"2020-03-25 03:38","Learner.java","8020","3913","11933"
"2020-01-25 18:48","Learner.java","3338","1899","5237"
"2020-05-03 19:43","Learner.java","9736","4693","14429"
"2019-09-11 10:27","ZooKeeperServer.java","356","43","399"
"2019-11-23 17:08","ZooKeeperServer.java","11264","7606","18870"
"2019-10-09 16:49","ZooKeeperServer.java","3356","813","4169"
"2019-12-27 22:33","ZooKeeperServer.java","16008","8373","24381"
"2019-11-18 09:05","ZooKeeperServer.java","9465","7364","16829"
"2019-10-10 14:37","ZooKeeperServer.java","4778","2068","6846"
"2019-09-16 23:26","ZooKeeperServer.java","2221","245","2466"
"2019-12-03 10:01","ZooKeeperServer.java","13690","8130","21820"
"2020-03-25 03:38","ZooKeeperServer.java","22274","10532","32806"
"2019-11-28 12:24","ZooKeeperServer.java","11531","7668","19199"
"2019-11-06 15:21","ZooKeeperServer.java","5134","2208","7342"
"2020-04-12 11:14","ZooKeeperServer.java","23711","11216","34927"
"2019-07-31 19:06","Commands.java","20189","6366","26555"
"2019-11-29 14:49","Commands.java","58611","37538","96149"
"2019-08-17 17:13","Commands.java","43884","29368","73252"
"2019-06-29 00:33","Commands.java","5843","3340","9183"
"2019-07-15 14:15","Commands.java","14439","4504","18943"
"2019-07-25 23:43","Commands.java","16503","5451","21954"
"2019-06-05 12:14","Commands.java","445","71","516"
"2019-08-06 01:43","Commands.java","22117","6719","28836"
"2019-12-03 10:01","Commands.java","58651","37532","96183"
"2019-11-20 07:00","Commands.java","54677","37005","91682"
"2019-11-25 15:37","LeaderZooKeeperServer.java","14083","9275","23358"
"2019-12-27 22:33","LeaderZooKeeperServer.java","18682","10004","28686"
"2017-09-11 18:55","QuorumBase.java","135178","33333","168511"
"2012-04-23 01:20","QuorumBase.java","82374","26138","108512"
"2019-07-12 17:01","QuorumBase.java","252813","133993","386806"
"2012-12-11 08:42","QuorumBase.java","87753","26338","114091"
"2019-08-17 17:13","QuorumBase.java","257500","133993","391493"
"2009-07-17 00:09","QuorumBase.java","10922","2831","13753"
"2019-08-01 07:31","QuorumBase.java","258171","133993","392164"
"2009-11-18 20:06","QuorumBase.java","26648","6139","32787"
"2018-08-08 06:21","QuorumBase.java","178330","66738","245068"
"2009-11-07 01:48","QuorumBase.java","18508","5617","24125"
"2009-12-15 23:23","QuorumBase.java","27558","6471","34029"
"2009-11-20 23:28","QuorumBase.java","26977","6189","33166"
"2009-09-16 02:09","QuorumBase.java","14339","3833","18172"
"2019-10-10 14:37","QuorumBase.java","261253","133993","395246"
"2010-03-13 01:06","QuorumBase.java","47712","13491","61203"
"2020-03-25 03:38","QuorumBase.java","270924","134632","405556"
"2014-07-18 19:46","QuorumBase.java","116444","29392","145836"
"2010-07-23 06:22","QuorumBase.java","65103","17068","82171"
"2011-05-20 01:17","QuorumBase.java","68060","22261","90321"
"2010-05-05 22:32","QuorumBase.java","51102","16862","67964"
"2010-08-18 08:24","QuorumBase.java","71740","17805","89545"
"2013-10-09 22:21","QuorumBase.java","100718","27449","128167"
"2010-03-31 06:26","QuorumBase.java","49016","14548","63564"
"2014-06-25 19:25","QuorumBase.java","111126","29070","140196"
"2011-04-12 09:14","QuorumBase.java","67194","22214","89408"
"2019-03-05 00:04","WatchManagerTest.java","151785","156632","308417"
"2019-11-08 17:30","WatchManagerTest.java","180888","159829","340717"
"2019-04-12 19:01","WatchManagerTest.java","154074","156822","310896"
"2019-08-17 17:13","WatchManagerTest.java","174218","158773","332991"
"2019-08-17 17:13","ZooKeeperTestClient.java","256104","214963","471067"
"2018-09-15 00:08","ZooKeeperServer.java","200099","81863","281962"
"2019-04-12 19:01","ZooKeeperServer.java","239310","129742","369052"
"2019-07-31 19:06","ZooKeeperServer.java","256810","129742","386552"
"2019-09-11 10:27","ZooKeeperServer.java","258859","129742","388601"
"2019-01-14 19:38","ZooKeeperServer.java","232752","129699","362451"
"2019-01-07 15:34","ZooKeeperServer.java","232353","129699","362052"
"2018-11-21 17:56","ZooKeeperServer.java","225550","129699","355249"
"2012-01-31 07:45","ZooKeeperServer.java","82035","24333","106368"
"2017-04-28 07:14","ZooKeeperServer.java","137467","31149","168616"
"2011-08-19 00:05","ZooKeeperServer.java","76858","19742","96600"
"2017-02-12 00:12","ZooKeeperServer.java","136545","31126","167671"
"2014-07-18 02:19","ZooKeeperServer.java","119007","27991","146998"
"2013-12-11 19:22","ZooKeeperServer.java","105066","26212","131278"
"2019-02-13 13:12","ZooKeeperServer.java","236415","129708","366123"
"2012-02-11 00:34","ZooKeeperServer.java","82833","24546","107379"
"2016-11-24 17:18","ZooKeeperServer.java","137603","30408","168011"
"2018-07-19 05:59","ZooKeeperServer.java","157473","43170","200643"
"2018-09-18 01:00","ZooKeeperServer.java","200794","81905","282699"
"2019-03-04 08:07","ZooKeeperServer.java","236991","129707","366698"
"2019-07-08 23:26","ZooKeeperServer.java","246279","129742","376021"
"2019-01-23 14:00","ZooKeeperServer.java","234187","129699","363886"
"2019-02-13 13:19","ZooKeeperServer.java","236701","129708","366409"
"2019-05-14 17:11","ZooKeeperServer.java","242170","129742","371912"
"2013-01-25 02:17","ZooKeeperServer.java","93380","25514","118894"
"2015-07-10 08:19","ZooKeeperServer.java","128324","28321","156645"
"2019-06-04 10:55","ZooKeeperServer.java","242987","129742","372729"
"2011-06-14 07:14","ZooKeeperServer.java","72549","21365","93914"
"2019-04-09 15:35","ZooKeeperServer.java","238325","129707","368032"
"2019-08-03 08:42","ZooKeeperServer.java","258211","129742","387953"
"2019-05-15 11:56","ZooKeeperServer.java","242257","129742","371999"
"2019-05-22 11:39","ZooKeeperServer.java","242703","129742","372445"
"2019-04-22 19:15","ZooKeeperServer.java","240285","129742","370027"
"2018-02-23 23:49","ZooKeeperServer.java","142824","31732","174556"
"2016-11-16 06:21","ZooKeeperServer.java","137443","30269","167712"
"2012-12-19 19:07","ZooKeeperServer.java","92288","25460","117748"
"2017-08-18 06:32","ZooKeeperServer.java","137417","31559","168976"
"2017-06-26 00:16","ZooKeeperServer.java","137349","31499","168848"
"2019-09-10 04:26","ZooKeeperServer.java","258548","129742","388290"
"2019-08-17 17:13","ZooKeeperServer.java","257503","129742","387245"
"2019-09-05 23:12","ZooKeeperServer.java","258422","129742","388164"
"2019-09-10 15:21","ZooKeeperServer.java","258546","129742","388288"
"2009-06-15 22:52","ZooKeeperServer.java","4603","1420","6023"
"2019-08-01 07:31","ZooKeeperServer.java","258174","129742","387916"
"2019-08-01 07:28","ZooKeeperServer.java","257684","129742","387426"
"2019-06-03 19:40","ZooKeeperServer.java","242834","129742","372576"
"2015-03-17 18:06","ZooKeeperServer.java","125191","28202","153393"
"2019-11-23 17:08","ZooKeeperServer.java","262840","130378","393218"
"2019-10-09 16:49","ZooKeeperServer.java","261089","129742","390831"
"2019-07-03 00:44","ZooKeeperServer.java","245516","129742","375258"
"2018-01-19 01:12","ZooKeeperServer.java","141745","31695","173440"
"2019-07-24 18:00","ZooKeeperServer.java","253958","129742","383700"
"2013-05-16 18:49","ZooKeeperServer.java","98264","25848","124112"
"2018-08-08 06:21","ZooKeeperServer.java","179736","63953","243689"
"2018-05-09 23:57","ZooKeeperServer.java","144382","31785","176167"
"2009-11-07 01:48","ZooKeeperServer.java","24075","6930","31005"
"2009-12-18 03:19","ZooKeeperServer.java","33873","8258","42131"
"2010-01-26 01:17","ZooKeeperServer.java","37670","8605","46275"
"2019-12-27 22:33","ZooKeeperServer.java","266817","130378","397195"
"2016-08-13 15:01","ZooKeeperServer.java","133398","30125","163523"
"2018-09-11 00:17","ZooKeeperServer.java","198546","81859","280405"
"2019-11-18 09:05","ZooKeeperServer.java","261283","130378","391661"
"2019-10-10 14:37","ZooKeeperServer.java","261256","129742","390998"
"2019-09-16 23:26","ZooKeeperServer.java","260522","129742","390264"
"2013-10-08 01:35","ZooKeeperServer.java","101329","26109","127438"
"2017-06-23 18:39","ZooKeeperServer.java","137331","31461","168792"
"2009-08-07 01:23","ZooKeeperServer.java","17763","4587","22350"
"2011-12-28 07:07","ZooKeeperServer.java","81680","24317","105997"
"2019-12-03 10:01","ZooKeeperServer.java","264742","130378","395120"
"2020-03-25 03:38","ZooKeeperServer.java","270924","130378","401302"
"2010-03-12 19:26","ZooKeeperServer.java","51433","12969","64402"
"2019-11-28 12:24","ZooKeeperServer.java","263045","130378","393423"
"2019-11-06 15:21","ZooKeeperServer.java","261472","129742","391214"
"2011-05-20 01:17","ZooKeeperServer.java","71362","21309","92671"
"2010-07-29 23:10","ZooKeeperServer.java","69361","16362","85723"
"2011-09-17 02:36","ZooKeeperServer.java","79569","22437","102006"
"2020-04-12 11:14","ZooKeeperServer.java","271677","130378","402055"
"2011-09-14 08:56","ZooKeeperServer.java","79571","19879","99450"
"2011-08-21 02:53","ZooKeeperServer.java","76886","19742","96628"
"2010-08-18 08:24","ZooKeeperServer.java","75252","17063","92315"
"2013-10-09 22:21","ZooKeeperServer.java","103638","26178","129816"
"2015-03-08 23:07","ZooKeeperServer.java","124141","28200","152341"
"2018-06-08 16:52","ZooKeeperServer.java","145133","31787","176920"
"2018-06-15 07:41","ZooKeeperServer.java","145153","31804","176957"
"2018-07-28 04:37","ZooKeeperServer.java","158072","43193","201265"
"2019-04-18 19:17","ZooKeeperServer.java","240020","129742","369762"
"2012-03-15 17:47","ZooKeeperServer.java","83884","24563","108447"
"2014-03-25 22:13","ZooKeeperServer.java","108258","26387","134645"
"2011-04-12 09:14","ZooKeeperServer.java","70513","21279","91792"
"2019-08-17 17:13","ReconfigExceptionTest.java","255265","223776","479041"
"2017-07-06 18:48","ReconfigExceptionTest.java","2405","1469","3874"
"2019-11-29 14:49","ReconfigExceptionTest.java","263435","225389","488824"
"2019-12-27 22:33","FileTxnSnapLog.java","266092","224207","490299"
"2019-10-10 14:37","FileTxnSnapLog.java","259584","222624","482208"
"2019-12-13 08:51","FileTxnSnapLog.java","264128","224206","488334"
"2017-01-07 01:09","FileTxnSnapLog.java","5714","1242","6956"
"2020-01-23 16:46","FileTxnSnapLog.java","267342","224208","491550"
"2020-01-28 17:26","FileTxnSnapLog.java","267813","224208","492021"
"2017-01-23 02:13","FileTxnSnapLog.java","6257","1381","7638"
"2018-06-08 16:52","FileTxnSnapLog.java","19261","9616","28877"
"2019-09-02 08:23","FileTxnSnapLog.java","256488","222624","479112"
"2017-04-28 07:14","FileTxnSnapLog.java","7630","5013","12643"
"2019-07-31 19:06","FileTxnSnapLog.java","255138","222624","477762"
"2018-07-30 06:22","FileTxnSnapLog.java","41454","30154","71608"
"2020-01-30 09:43","FileTxnSnapLog.java","267889","224208","492097"
"2019-05-14 17:11","FileTxnSnapLog.java","240479","222605","463084"
"2019-05-21 23:34","FileTxnSnapLog.java","240801","222606","463407"
"2019-05-27 10:54","FileTxnSnapLog.java","241133","222606","463739"
"2017-01-13 19:29","FileTxnSnapLog.java","6001","1326","7327"
"2017-06-26 00:07","FileTxnSnapLog.java","8370","6215","14585"
"2018-02-23 23:49","FileTxnSnapLog.java","16549","9158","25707"
"2017-08-18 06:32","FileTxnSnapLog.java","10049","7892","17941"
"2019-08-17 17:13","FileTxnSnapLog.java","255831","222624","478455"
"2018-02-14 21:23","FileTxnSnapLog.java","16366","9139","25505"
"2019-08-17 17:13","CommitProcessorTest.java","255887","220971","476858"
"2019-11-11 13:55","CommitProcessorTest.java","261643","221019","482662"
"2019-10-10 14:37","CommitProcessorTest.java","259640","220971","480611"
"2019-08-17 17:13","MetricsProvider.java","44192","29523","73715"
"2019-08-17 17:13","ZKTrustManager.java","66091","36425","102516"
"2019-10-10 14:37","ZKTrustManager.java","71821","38402","110223"
"2019-10-10 14:37","ClientCnxnSocket.java","260657","174325","434982"
"2018-07-10 13:29","ClientCnxnSocket.java","97277","37969","135246"
"2016-12-30 23:01","ClientCnxnSocket.java","79984","26319","106303"
"2012-09-09 20:24","ClientCnxnSocket.java","19196","10945","30141"
"2015-02-06 06:17","ClientCnxnSocket.java","63256","21818","85074"
"2018-11-22 17:56","ClientCnxnSocket.java","225535","174259","399794"
"2016-05-02 18:15","ClientCnxnSocket.java","72399","25120","97519"
"2019-08-17 17:13","ClientCnxnSocket.java","256904","174325","431229"
"2018-07-12 01:33","ClientCnxnSocket.java","97545","38059","135604"
"2019-04-09 15:35","ClientCnxnSocket.java","237710","174274","411984"
"2014-12-20 15:29","ClientCnxnSocket.java","62979","21747","84726"
"2009-06-25 00:59","ClientBase.java","12371","3254","15625"
"2012-08-28 21:51","ClientBase.java","86686","26422","113108"
"2017-06-08 17:51","ClientBase.java","136687","33118","169805"
"2012-07-17 23:19","ClientBase.java","85600","26410","112010"
"2017-04-18 01:37","ClientBase.java","136977","32776","169753"
"2010-03-16 22:23","ClientBase.java","50673","14182","64855"
"2018-09-07 02:49","ClientBase.java","198349","83710","282059"
"2019-07-31 19:06","ClientBase.java","256807","131748","388555"
"2012-02-06 09:47","ClientBase.java","81957","25888","107845"
"2015-02-06 06:17","ClientBase.java","123446","29688","153134"
"2017-09-11 18:55","ClientBase.java","137294","33267","170561"
"2009-07-17 00:09","ClientBase.java","14215","3879","18094"
"2009-06-30 03:32","ClientBase.java","13474","3574","17048"
"2019-08-17 17:13","ClientBase.java","257500","131748","389248"
"2009-06-18 18:37","ClientBase.java","3624","1379","5003"
"2015-03-28 20:08","ClientBase.java","125695","29726","155421"
"2019-06-07 14:13","ClientBase.java","243604","131748","375352"
"2018-04-24 00:20","ClientBase.java","143202","33399","176601"
"2018-08-08 06:21","ClientBase.java","179433","65659","245092"
"2018-05-09 23:57","ClientBase.java","144030","33442","177472"
"2019-06-24 11:05","ClientBase.java","244833","131748","376581"
"2012-12-11 08:42","ClientBase.java","90188","26591","116779"
"2017-01-13 19:29","ClientBase.java","138395","32028","170423"
"2010-01-25 04:28","ClientBase.java","34687","8040","42727"
"2010-03-09 05:44","ClientBase.java","49758","14033","63791"
"2016-06-23 23:25","ClientBase.java","131879","31418","163297"
"2014-01-03 01:40","ClientBase.java","105027","27733","132760"
"2014-01-25 01:17","ClientBase.java","106873","27773","134646"
"2009-11-20 23:28","ClientBase.java","29922","6889","36811"
"2009-11-25 20:06","ClientBase.java","29959","6893","36852"
"2009-11-12 20:53","ClientBase.java","22180","6457","28637"
"2009-08-25 07:45","ClientBase.java","16443","4198","20641"
"2009-09-16 02:09","ClientBase.java","17386","4635","22021"
"2019-11-14 16:44","ClientBase.java","265527","131748","397275"
"2019-10-10 14:37","ClientBase.java","261253","131748","393001"
"2012-03-15 17:47","ClientBase.java","83374","26062","109436"
"2010-09-15 07:51","ClientBase.java","102661","18311","120972"
"2012-01-14 00:28","ClientBase.java","81373","25820","107193"
"2011-04-12 09:14","ClientBase.java","69943","22718","92661"
"2011-11-05 07:29","ClientBase.java","79789","25656","105445"
"2016-08-24 01:36","ClientBase.java","132781","31749","164530"
"2011-09-17 02:13","ClientBase.java","79040","23889","102929"
"2010-07-05 20:20","ClientBase.java","64976","17416","82392"
"2010-03-31 06:26","ClientBase.java","51852","15139","66991"
"2010-08-18 08:24","ClientBase.java","74485","18305","92790"
"2015-03-08 23:07","ClientBase.java","123646","29714","153360"
"2019-10-10 14:37","QuorumPeerMain.java","53072","31836","84908"
"2020-01-23 13:43","QuorumPeerMain.java","66474","39064","105538"
"2019-11-28 12:24","QuorumPeerMain.java","59704","37315","97019"
"2020-02-16 10:25","QuorumPeerMain.java","67319","39196","106515"
"2019-11-11 13:59","QuorumPeerMain.java","56931","32038","88969"
"2019-08-17 17:13","QuorumPeerMain.java","47204","29721","76925"
"2018-12-09 03:16","LeaderZooKeeperServer.java","230114","133949","364063"
"2018-11-21 17:56","LeaderZooKeeperServer.java","225546","133949","359495"
"2012-01-31 07:45","LeaderZooKeeperServer.java","79036","25525","104561"
"2019-06-04 10:55","LeaderZooKeeperServer.java","242984","133993","376977"
"2015-06-04 19:51","LeaderZooKeeperServer.java","124868","29736","154604"
"2009-06-26 22:29","LeaderZooKeeperServer.java","10034","2471","12505"
"2019-08-17 17:13","LeaderZooKeeperServer.java","257500","133993","391493"
"2019-06-03 19:40","LeaderZooKeeperServer.java","242831","133993","376824"
"2009-12-18 03:19","LeaderZooKeeperServer.java","28415","7054","35469"
"2019-11-25 15:37","LeaderZooKeeperServer.java","262947","134632","397579"
"2019-12-27 22:33","LeaderZooKeeperServer.java","266817","134632","401449"
"2009-08-07 01:23","LeaderZooKeeperServer.java","11937","3015","14952"
"2010-03-12 19:26","LeaderZooKeeperServer.java","47655","13445","61100"
"2013-10-09 22:21","LeaderZooKeeperServer.java","100718","27449","128167"
"2011-10-20 20:02","LeaderZooKeeperServer.java","76498","25146","101644"
"2009-06-25 00:59","ZooKeeper.java","41019","4951","45970"
"2019-02-06 09:46","ZooKeeper.java","235264","104858","340122"
"2019-01-16 14:21","ZooKeeper.java","233541","104858","338399"
"2017-04-18 02:02","ZooKeeper.java","158170","27078","185248"
"2019-11-08 17:30","ZooKeeper.java","263210","104893","368103"
"2019-02-07 11:26","ZooKeeper.java","235893","104858","340751"
"2013-03-07 07:01","ZooKeeper.java","119307","22162","141469"
"2011-07-01 00:53","ZooKeeper.java","97200","18379","115579"
"2013-12-17 17:55","ZooKeeper.java","126334","22385","148719"
"2012-02-06 09:56","ZooKeeper.java","103852","20867","124719"
"2012-03-17 01:31","ZooKeeper.java","105526","21036","126562"
"2012-11-17 15:03","ZooKeeper.java","111013","21404","132417"
"2017-05-01 17:19","ZooKeeper.java","158300","27081","185381"
"2010-11-10 23:36","ZooKeeper.java","128644","14470","143114"
"2014-01-24 07:18","ZooKeeper.java","128280","22402","150682"
"2019-08-17 17:13","ZooKeeper.java","257596","104893","362489"
"2009-05-20 20:48","ZooKeeper.java","26927","1985","28912"
"2015-06-04 19:51","ZooKeeper.java","148560","24357","172917"
"2016-10-07 21:51","ZooKeeper.java","155515","26261","181776"
"2015-03-16 09:09","ZooKeeper.java","145459","24300","169759"
"2015-03-17 18:06","ZooKeeper.java","146172","24303","170475"
"2016-05-02 18:15","ZooKeeper.java","152431","25943","178374"
"2019-06-26 10:57","ZooKeeper.java","245446","104893","350339"
"2019-06-03 19:40","ZooKeeper.java","242927","104893","347820"
"2018-05-09 23:57","ZooKeeper.java","165057","27580","192637"
"2019-08-03 08:42","ZooKeeper.java","258304","104893","363197"
"2016-11-13 20:59","ZooKeeper.java","157779","26272","184051"
"2013-02-03 15:52","ZooKeeper.java","114968","21886","136854"
"2012-09-28 18:32","ZooKeeper.java","108917","21276","130193"
"2017-07-28 00:36","ZooKeeper.java","157700","27347","185047"
"2017-08-18 23:35","ZooKeeper.java","158224","27386","185610"
"2017-07-04 07:56","ZooKeeper.java","158292","27329","185621"
"2009-12-11 20:38","ZooKeeper.java","58001","7933","65934"
"2009-11-12 21:02","ZooKeeper.java","50156","7466","57622"
"2010-01-26 03:22","ZooKeeper.java","63063","8917","71980"
"2010-01-05 18:32","ZooKeeper.java","59348","8616","67964"
"2009-11-07 01:48","ZooKeeper.java","49447","7360","56807"
"2009-10-31 00:09","ZooKeeper.java","48768","7086","55854"
"2020-04-16 12:50","ZooKeeper.java","271715","105438","377153"
"2018-07-27 05:16","ZooKeeper.java","173794","34299","208093"
"2019-10-10 14:37","ZooKeeper.java","261349","104893","366242"
"2014-04-01 04:03","ZooKeeper.java","130006","22648","152654"
"2010-02-08 23:36","ZooKeeper.java","65682","11875","77557"
"2009-08-07 20:00","ZooKeeper.java","43551","5388","48939"
"2012-12-19 19:16","ZooKeeper.java","114441","21852","136293"
"2019-02-11 12:34","ZooKeeper.java","236256","104858","341114"
"2014-07-08 20:18","ZooKeeper.java","136292","24047","160339"
"2010-11-30 21:16","ZooKeeper.java","129163","14622","143785"
"2020-05-17 15:13","ZooKeeper.java","272087","105439","377526"
"2017-01-09 22:49","ZooKeeper.java","159532","26457","185989"
"2011-05-20 01:17","ZooKeeper.java","92868","17873","110741"
"2019-03-12 19:08","ZooKeeper.java","237690","104864","342554"
"2011-09-06 00:58","ZooKeeper.java","100350","16369","116719"
"2014-07-22 06:51","ZooKeeper.java","140570","24127","164697"
"2014-04-29 02:23","ZooKeeper.java","132925","23782","156707"
"2019-10-10 14:37","QuorumBase.java","7470","3717","11187"
"2020-03-25 03:38","QuorumBase.java","24918","12133","37051"
"2019-06-03 19:40","FollowerZooKeeperServer.java","239493","232673","472166"
"2019-08-17 17:13","FollowerZooKeeperServer.java","254163","232674","486837"
"2019-05-03 00:44","FollowerZooKeeperServer.java","238139","232653","470792"
"2019-06-04 10:55","FollowerZooKeeperServer.java","239646","232673","472319"
"2018-12-09 03:16","FollowerZooKeeperServer.java","226665","232518","459183"
"2018-11-21 17:56","FollowerZooKeeperServer.java","222094","232515","454609"
"2019-11-28 12:24","FollowerZooKeeperServer.java","261007","234612","495619"
"2019-12-27 22:33","FollowerZooKeeperServer.java","264780","234613","499393"
"2018-12-09 03:16","LeaderZooKeeperServer.java","230115","129764","359879"
"2018-11-21 17:56","LeaderZooKeeperServer.java","225547","129764","355311"
"2012-01-31 07:45","LeaderZooKeeperServer.java","81967","24333","106300"
"2019-06-04 10:55","LeaderZooKeeperServer.java","242985","129808","372793"
"2015-06-04 19:51","LeaderZooKeeperServer.java","127515","28260","155775"
"2009-06-26 22:29","LeaderZooKeeperServer.java","15832","4083","19915"
"2019-08-17 17:13","LeaderZooKeeperServer.java","257501","129808","387309"
"2009-06-18 18:37","LeaderZooKeeperServer.java","6120","1934","8054"
"2019-06-03 19:40","LeaderZooKeeperServer.java","242832","129808","372640"
"2009-12-18 03:19","LeaderZooKeeperServer.java","33760","8213","41973"
"2019-11-25 15:37","LeaderZooKeeperServer.java","262947","130446","393393"
"2019-12-27 22:33","LeaderZooKeeperServer.java","266817","130446","397263"
"2009-08-07 01:23","LeaderZooKeeperServer.java","17641","4533","22174"
"2010-03-12 19:26","LeaderZooKeeperServer.java","51326","12930","64256"
"2013-10-09 22:21","LeaderZooKeeperServer.java","103570","26178","129748"
"2011-10-20 20:02","LeaderZooKeeperServer.java","79456","23981","103437"
"2020-03-26 18:41","ZooKeeperMain.java","270257","221910","492167"
"2016-10-16 14:21","ZooKeeperMain.java","8234","5161","13395"
"2020-04-01 17:02","ZooKeeperMain.java","270581","221910","492491"
"2019-10-10 14:37","ZooKeeperMain.java","259669","220357","480026"
"2020-03-26 22:19","ZooKeeperMain.java","270326","221910","492236"
"2016-07-27 01:33","ZooKeeperMain.java","5754","4229","9983"
"2019-11-28 12:24","ZooKeeperMain.java","262373","221908","484281"
"2016-11-13 20:59","ZooKeeperMain.java","10686","5408","16094"
"2019-08-03 08:42","ZooKeeperMain.java","256624","220357","476981"
"2017-07-28 00:36","ZooKeeperMain.java","16698","12574","29272"
"2016-05-02 18:15","ZooKeeperMain.java","3775","3516","7291"
"2019-08-17 17:13","ZooKeeperMain.java","255916","220357","476273"
"2018-08-06 14:11","ZooKeeperMain.java","48455","34385","82840"
"2019-12-27 22:33","FileTxnSnapLog.java","265557","228548","494105"
"2019-10-10 14:37","FileTxnSnapLog.java","259027","226943","485970"
"2019-12-13 08:51","FileTxnSnapLog.java","263593","228547","492140"
"2020-01-23 16:46","FileTxnSnapLog.java","266807","228549","495356"
"2020-01-28 17:26","FileTxnSnapLog.java","267278","228549","495827"
"2018-06-08 16:52","FileTxnSnapLog.java","13232","8463","21695"
"2019-09-02 08:23","FileTxnSnapLog.java","255931","226943","482874"
"2017-04-28 07:14","FileTxnSnapLog.java","1462","3721","5183"
"2019-07-31 19:06","FileTxnSnapLog.java","254581","226943","481524"
"2018-07-30 06:22","FileTxnSnapLog.java","35703","29279","64982"
"2020-01-30 09:43","FileTxnSnapLog.java","267354","228549","495903"
"2019-05-14 17:11","FileTxnSnapLog.java","239922","226924","466846"
"2019-05-21 23:34","FileTxnSnapLog.java","240244","226925","467169"
"2019-05-27 10:54","FileTxnSnapLog.java","240576","226925","467501"
"2017-06-26 00:07","FileTxnSnapLog.java","2207","4928","7135"
"2018-02-23 23:49","FileTxnSnapLog.java","10459","7944","18403"
"2017-08-18 06:32","FileTxnSnapLog.java","3903","6622","10525"
"2019-08-17 17:13","FileTxnSnapLog.java","255274","226943","482217"
"2018-02-14 21:23","FileTxnSnapLog.java","10276","7925","18201"
"2009-06-25 00:59","ZooKeeper.java","42331","5556","47887"
"2019-02-06 09:46","ZooKeeper.java","235287","104174","339461"
"2019-01-16 14:21","ZooKeeper.java","233564","104174","337738"
"2017-04-18 02:02","ZooKeeper.java","158619","26820","185439"
"2019-11-08 17:30","ZooKeeper.java","263230","104206","367436"
"2019-02-07 11:26","ZooKeeper.java","235916","104174","340090"
"2013-03-07 07:01","ZooKeeper.java","119789","21937","141726"
"2011-07-01 00:53","ZooKeeper.java","97736","18208","115944"
"2013-12-17 17:55","ZooKeeper.java","126816","22160","148976"
"2012-02-06 09:56","ZooKeeper.java","104362","20670","125032"
"2012-03-17 01:31","ZooKeeper.java","106036","20839","126875"
"2012-11-17 15:03","ZooKeeper.java","111505","21189","132694"
"2017-05-01 17:19","ZooKeeper.java","158749","26823","185572"
"2010-11-10 23:36","ZooKeeper.java","129334","14453","143787"
"2014-01-24 07:18","ZooKeeper.java","128759","22174","150933"
"2019-08-17 17:13","ZooKeeper.java","257616","104206","361822"
"2009-05-20 20:48","ZooKeeper.java","28378","2729","31107"
"2015-06-04 19:51","ZooKeeper.java","149031","24121","173152"
"2016-10-07 21:51","ZooKeeper.java","155989","26028","182017"
"2015-03-16 09:09","ZooKeeper.java","145930","24064","169994"
"2015-03-17 18:06","ZooKeeper.java","146645","24069","170714"
"2016-05-02 18:15","ZooKeeper.java","152903","25708","178611"
"2019-06-26 10:57","ZooKeeper.java","245466","104206","349672"
"2019-06-03 19:40","ZooKeeper.java","242947","104206","347153"
"2018-05-09 23:57","ZooKeeper.java","165501","27317","192818"
"2009-04-09 23:02","ZooKeeper.java","1506","799","2305"
"2019-08-03 08:42","ZooKeeper.java","258324","104206","362530"
"2016-11-13 20:59","ZooKeeper.java","158253","26039","184292"
"2013-02-03 15:52","ZooKeeper.java","115450","21661","137111"
"2012-09-28 18:32","ZooKeeper.java","109409","21061","130470"
"2017-07-28 00:36","ZooKeeper.java","158153","27093","185246"
"2017-08-18 23:35","ZooKeeper.java","158677","27132","185809"
"2017-07-04 07:56","ZooKeeper.java","158745","27075","185820"
"2009-12-11 20:38","ZooKeeper.java","59209","8434","67643"
"2009-11-12 21:02","ZooKeeper.java","51424","8027","59451"
"2010-01-26 03:22","ZooKeeper.java","64270","9417","73687"
"2010-01-05 18:32","ZooKeeper.java","60555","9116","69671"
"2009-11-07 01:48","ZooKeeper.java","50715","7921","58636"
"2009-10-31 00:09","ZooKeeper.java","50037","7648","57685"
"2020-04-16 12:50","ZooKeeper.java","271715","104731","376446"
"2018-07-27 05:16","ZooKeeper.java","174239","34037","208276"
"2019-10-10 14:37","ZooKeeper.java","261369","104206","365575"
"2014-04-01 04:03","ZooKeeper.java","130472","22407","152879"
"2010-02-08 23:36","ZooKeeper.java","66436","11922","78358"
"2009-08-07 20:00","ZooKeeper.java","44830","5960","50790"
"2012-12-19 19:16","ZooKeeper.java","114923","21627","136550"
"2019-02-11 12:34","ZooKeeper.java","236279","104174","340453"
"2014-07-08 20:18","ZooKeeper.java","136765","23813","160578"
"2010-11-30 21:16","ZooKeeper.java","129851","14603","144454"
"2020-05-17 15:13","ZooKeeper.java","272087","104732","376819"
"2017-01-09 22:49","ZooKeeper.java","160002","26220","186222"
"2011-05-20 01:17","ZooKeeper.java","93405","17703","111108"
"2019-03-12 19:08","ZooKeeper.java","237713","104180","341893"
"2011-09-06 00:58","ZooKeeper.java","100885","16197","117082"
"2014-07-22 06:51","ZooKeeper.java","141041","23891","164932"
"2014-04-29 02:23","ZooKeeper.java","133399","23549","156948"
"2013-03-07 07:01","QuorumMaj.java","91184","29504","120688"
"2017-09-11 18:55","QuorumMaj.java","131446","35995","167441"
"2012-04-23 01:20","QuorumMaj.java","78002","28160","106162"
"2019-08-17 17:13","QuorumMaj.java","257499","142372","399871"
"2011-04-12 09:14","QuorumMaj.java","59432","22832","82264"
"2019-08-17 17:13","Leader.java","203477","182680","386157"
"2019-06-29 00:33","Leader.java","191429","182645","374074"
"2019-06-03 19:40","Leader.java","188768","182640","371408"
"2019-07-15 14:15","Leader.java","198862","182646","381508"
"2019-07-25 21:41","Leader.java","199926","182646","382572"
"2019-06-05 00:33","Leader.java","189158","182640","371798"
"2019-08-03 08:42","Leader.java","204164","182659","386823"
"2019-06-05 23:57","Leader.java","189427","182640","372067"
"2019-01-07 14:55","Leader.java","178054","182366","360420"
"2019-04-12 19:01","Leader.java","185197","182593","367790"
"2018-12-09 03:16","Leader.java","169561","176106","345667"
"2019-11-29 14:49","Leader.java","212974","185620","398594"
"2018-11-27 10:02","Leader.java","167237","176106","343343"
"2018-08-29 06:26","Leader.java","25845","25637","51482"
"2018-09-18 01:00","Leader.java","34296","31518","65814"
"2020-03-25 03:38","Leader.java","219297","185715","405012"
"2019-12-27 22:33","Leader.java","215107","185632","400739"
"2019-10-10 14:37","Leader.java","208225","183675","391900"
"2018-10-16 16:22","QuorumPeerConfig.java","234691","192922","427613"
"2018-12-09 03:16","QuorumPeerConfig.java","228675","212645","441320"
"2019-04-12 19:01","QuorumPeerConfig.java","237919","212740","450659"
"2018-09-11 15:23","QuorumPeerConfig.java","136745","112647","249392"
"2018-12-15 07:34","QuorumPeerConfig.java","228590","212645","441235"
"2019-02-13 13:12","QuorumPeerConfig.java","234985","212667","447652"
"2019-08-17 17:13","QuorumPeerConfig.java","256128","212756","468884"
"2015-03-17 18:06","QuorumPeerConfig.java","4162","709","4871"
"2017-11-28 00:10","QuorumPeerConfig.java","32222","15865","48087"
"2019-06-05 00:29","QuorumPeerConfig.java","241795","212756","454551"
"2020-01-09 11:27","QuorumPeerConfig.java","265677","214202","479879"
"2019-07-12 17:01","QuorumPeerConfig.java","251441","212756","464197"
"2016-11-13 20:59","QuorumPeerConfig.java","21490","8399","29889"
"2019-05-15 11:56","QuorumPeerConfig.java","240866","212740","453606"
"2018-10-01 06:11","QuorumPeerConfig.java","141374","113442","254816"
"2017-07-28 00:36","QuorumPeerConfig.java","27116","15179","42295"
"2017-07-06 18:48","QuorumPeerConfig.java","26466","13647","40113"
"2020-01-23 13:43","QuorumPeerConfig.java","267501","214202","481703"
"2016-06-23 19:42","QuorumPeerConfig.java","15741","7082","22823"
"2015-09-06 20:02","QuorumPeerConfig.java","10169","3204","13373"
"2015-09-29 03:56","QuorumPeerConfig.java","10397","3251","13648"
"2019-10-10 14:37","QuorumPeerConfig.java","259881","212756","472637"
"2018-07-27 12:32","QuorumPeerConfig.java","57595","36324","93919"
"2019-04-18 19:17","QuorumPeerConfig.java","238629","212740","451369"
"2016-11-03 16:07","QuorumPeerConfig.java","19623","8201","27824"
"2020-02-16 10:25","QuorumPeerConfig.java","268214","214202","482416"
"2020-05-14 18:18","QuorumPeerConfig.java","271467","214230","485697"
"2017-05-11 16:59","QuorumPeerConfig.java","25266","13314","38580"
"2019-08-17 17:13","QuorumRequestPipelineTest.java","255186","224314","479500"
"2009-07-17 00:09","RecoveryTest.java","41875","4976","46851"
"2019-08-17 17:13","RecoveryTest.java","257589","105274","362863"
"2009-06-18 18:37","RecoveryTest.java","31870","3062","34932"
"2013-12-21 22:05","RecoveryTest.java","125899","22244","148143"
"2019-10-10 14:37","RecoveryTest.java","261342","105274","366616"
"2011-04-12 09:14","RecoveryTest.java","91461","17673","109134"
"2010-03-31 06:26","RecoveryTest.java","76499","13223","89722"
"2010-08-18 08:24","RecoveryTest.java","96616","13873","110489"
"2015-07-07 07:11","ZooKeeperThreadTest.java","6581","2666","9247"
"2019-08-17 17:13","ZooKeeperThreadTest.java","256089","215122","471211"
"2019-09-10 15:21","NodeHashMapImplTest.java","28074","26338","54412"
"2019-08-17 17:13","NodeHashMapImplTest.java","25455","24762","50217"
"2015-02-06 06:17","ConnectionBean.java","146143","24081","170224"
"2019-08-17 17:13","ConnectionBean.java","257687","103569","361256"
"2010-03-11 04:17","ConnectionBean.java","77097","12666","89763"
"2009-11-12 20:53","ConnectionBean.java","52272","8183","60455"
"2009-11-07 01:48","ConnectionBean.java","51579","8077","59656"
"2019-10-10 14:37","ConnectionBean.java","261440","103569","365009"
"2011-04-12 09:14","ConnectionBean.java","93363","17772","111135"
"2010-08-18 08:24","ConnectionBean.java","98726","14180","112906"
"2020-05-17 15:13","RemoveWatchesTest.java","271486","220489","491975"
"2019-09-18 11:20","RemoveWatchesTest.java","258878","218914","477792"
"2019-10-10 14:37","RemoveWatchesTest.java","259719","218914","478633"
"2019-06-03 19:40","RemoveWatchesTest.java","241296","218913","460209"
"2016-05-02 18:15","RemoveWatchesTest.java","5473","3721","9194"
"2019-08-17 17:13","RemoveWatchesTest.java","255966","218914","474880"
"2019-07-29 17:15","JVector.java","255100","129922","385022"
"2010-01-25 04:28","JVector.java","36781","8308","45089"
"2010-05-03 23:49","JVector.java","54039","15900","69939"
"2019-08-17 17:13","AuthenticationProvider.java","257706","91004","348710"
"2019-11-11 13:59","AuthenticationProvider.java","265116","91004","356120"
"2016-11-13 20:59","TestableZooKeeper.java","167923","22081","190004"
"2019-08-17 17:13","TestableZooKeeper.java","257706","89594","347300"
"2010-11-10 23:36","TestableZooKeeper.java","143314","13731","157045"
"2019-03-06 03:32","TestableZooKeeper.java","237470","89573","327043"
"2008-11-24 21:48","TestableZooKeeper.java","73","71","144"
"2013-01-25 02:17","TestableZooKeeper.java","125244","18163","143407"
"2012-03-15 18:01","TestableZooKeeper.java","116065","17399","133464"
"2018-04-25 01:41","TestableZooKeeper.java","174102","23062","197164"
"2014-03-26 22:13","TestableZooKeeper.java","139798","18697","158495"
"2020-05-17 15:13","TestableZooKeeper.java","272108","90051","362159"
"2010-01-05 18:32","TestableZooKeeper.java","77893","11752","89645"
"2009-05-20 22:16","Leader.java","78845","8572","87417"
"2019-08-17 17:13","Leader.java","257710","59744","317454"
"2019-06-29 00:33","Leader.java","245697","59744","305441"
"2019-06-03 19:40","Leader.java","243041","59744","302785"
"2014-05-20 23:42","Leader.java","164532","18471","183003"
"2019-07-15 14:15","Leader.java","253129","59744","312873"
"2015-03-17 18:06","Leader.java","176974","18676","195650"
"2019-07-25 21:41","Leader.java","254193","59744","313937"
"2018-05-10 06:00","Leader.java","193632","19441","213073"
"2018-07-12 01:33","Leader.java","195266","20142","215408"
"2009-11-18 20:06","Leader.java","105710","10742","116452"
"2018-02-07 01:05","Leader.java","191468","19411","210879"
"2017-11-28 00:10","Leader.java","190602","19400","210002"
"2019-06-05 00:33","Leader.java","243431","59744","303175"
"2009-02-20 01:23","Leader.java","51837","7849","59686"
"2015-04-10 22:22","Leader.java","178046","18680","196726"
"2011-06-14 07:14","Leader.java","134261","12872","147133"
"2019-08-03 08:42","Leader.java","258418","59744","318162"
"2019-06-05 23:57","Leader.java","243700","59744","303444"
"2012-12-08 00:38","Leader.java","143331","16390","159721"
"2013-10-07 21:08","Leader.java","153488","17098","170586"
"2012-12-31 02:38","Leader.java","145873","16811","162684"
"2017-01-13 19:29","Leader.java","188731","19046","207777"
"2009-01-15 23:57","Leader.java","37269","6907","44176"
"2012-07-05 18:01","Leader.java","138211","16196","154407"
"2019-01-07 14:55","Leader.java","232573","59716","292289"
"2008-10-03 15:06","Leader.java","15075","2072","17147"
"2019-04-12 19:01","Leader.java","239517","59744","299261"
"2018-12-09 03:16","Leader.java","230340","59716","290056"
"2018-08-17 14:40","Leader.java","206349","28929","235278"
"2019-11-29 14:49","Leader.java","264720","60197","324917"
"2013-03-07 07:01","Leader.java","150613","17039","167652"
"2018-11-27 10:02","Leader.java","228016","59716","287732"
"2015-02-06 06:17","Leader.java","175740","18664","194404"
"2012-02-27 03:41","Leader.java","135692","16041","151733"
"2017-02-15 23:04","Leader.java","185871","19142","205013"
"2014-07-18 02:19","Leader.java","170896","18571","189467"
"2012-01-04 01:15","Leader.java","134760","15987","150747"
"2011-12-28 01:26","Leader.java","134607","15987","150594"
"2018-08-29 06:26","Leader.java","218455","40827","259282"
"2018-08-03 18:52","Leader.java","196770","20148","216918"
"2011-04-29 18:12","Leader.java","132633","12859","145492"
"2013-05-14 14:27","Leader.java","150739","17040","167779"
"2012-02-06 09:40","Leader.java","135408","15998","151406"
"2017-09-11 18:55","Leader.java","186763","19418","206181"
"2018-09-18 01:00","Leader.java","225300","45102","270402"
"2011-10-20 20:02","Leader.java","132776","15924","148700"
"2012-01-14 00:28","Leader.java","134858","15987","150845"
"2012-01-06 02:32","Leader.java","134761","15987","150748"
"2012-03-15 17:47","Leader.java","136678","16048","152726"
"2011-04-12 09:14","Leader.java","132271","12832","145103"
"2010-07-23 06:22","Leader.java","134412","11918","146330"
"2011-09-22 07:42","Leader.java","134431","15787","150218"
"2010-08-18 08:24","Leader.java","140612","12218","152830"
"2016-12-20 14:47","Leader.java","187888","19045","206933"
"2009-04-24 20:26","Leader.java","62677","8424","71101"
"2014-07-20 04:50","Leader.java","171429","18583","190012"
"2014-06-10 00:19","Leader.java","165466","18471","183937"
"2016-06-23 23:25","Leader.java","182565","18786","201351"
"2016-06-23 23:45","Leader.java","182673","18786","201459"
"2020-03-25 03:38","Leader.java","270948","60197","331145"
"2014-03-23 04:12","Leader.java","160155","17211","177366"
"2009-10-30 17:19","Leader.java","96467","10372","106839"
"2019-12-27 22:33","Leader.java","266841","60197","327038"
"2009-08-27 20:07","Leader.java","93740","9278","103018"
"2009-08-25 07:45","Leader.java","93737","9278","103015"
"2016-08-13 15:01","Leader.java","183377","18795","202172"
"2013-10-21 23:36","Leader.java","156253","17121","173374"
"2019-10-10 14:37","Leader.java","261463","59744","321207"
"2013-11-07 06:41","Leader.java","156684","17121","173805"
"2014-02-12 17:00","LearnerHandler.java","7683","992","8675"
"2014-03-23 04:12","LearnerHandler.java","8323","1245","9568"
"2019-10-10 14:37","LearnerHandler.java","260122","194018","454140"
"2015-06-05 20:38","LearnerHandler.java","36595","11826","48421"
"2015-06-05 20:51","LearnerHandler.java","36622","11826","48448"
"2015-06-12 23:02","LearnerHandler.java","36735","11841","48576"
"2019-07-03 20:54","LearnerHandler.java","244363","194018","438381"
"2018-09-18 01:00","LearnerHandler.java","156162","111830","267992"
"2018-08-03 18:52","LearnerHandler.java","83749","42993","126742"
"2018-12-09 03:16","LearnerHandler.java","228927","193918","422845"
"2019-04-12 19:01","LearnerHandler.java","238160","194002","432162"
"2017-11-28 00:10","LearnerHandler.java","59105","23769","82874"
"2019-06-29 00:33","LearnerHandler.java","244356","194018","438374"
"2019-07-25 21:41","LearnerHandler.java","252852","194018","446870"
"2019-08-23 19:43","LearnerHandler.java","257035","194018","451053"
"2019-08-17 17:13","LearnerHandler.java","256369","194018","450387"
"2017-06-26 00:16","LearnerHandler.java","53403","22110","75513"
"2017-08-03 20:28","LearnerHandler.java","54081","23140","77221"
"2019-05-06 17:48","LearnerHandler.java","240666","194002","434668"
"2019-08-03 08:42","LearnerHandler.java","257077","194018","451095"
"2019-04-22 19:15","LearnerHandler.java","239135","194002","433137"
"2009-07-17 00:09","RecoveryTest.java","44562","6000","50562"
"2019-08-17 17:13","RecoveryTest.java","257683","103705","361388"
"2009-06-18 18:37","RecoveryTest.java","34643","4172","38815"
"2009-04-17 00:59","RecoveryTest.java","2972","1309","4281"
"2013-12-21 22:05","RecoveryTest.java","127548","22230","149778"
"2019-10-10 14:37","RecoveryTest.java","261436","103705","365141"
"2011-04-12 09:14","RecoveryTest.java","93189","17738","110927"
"2010-03-31 06:26","RecoveryTest.java","78482","13543","92025"
"2010-08-18 08:24","RecoveryTest.java","98550","14144","112694"
"2019-10-10 14:37","LearnerHandlerBean.java","7470","3717","11187"
"2019-10-10 14:37","ZkDatabaseCorruptionTest.java","7470","3717","11187"
"2020-04-01 17:02","ZooKeeperMain.java","455","200","655"
"2019-08-17 17:13","QuorumMXBean.java","44192","29523","73715"
"2019-12-27 22:33","QuorumMXBean.java","61187","37840","99027"
"2019-11-18 09:05","ServerCnxn.java","12157","9013","21170"
"2020-02-26 22:41","ServerCnxn.java","22587","11933","34520"
"2019-11-11 13:59","ServerCnxn.java","11345","3935","15280"
"2020-03-26 18:41","ZooKeeperMain.java","270790","176060","446850"
"2016-10-16 14:21","ZooKeeperMain.java","75162","25706","100868"
"2020-04-01 17:02","ZooKeeperMain.java","271114","176060","447174"
"2013-10-01 23:18","ZooKeeperMain.java","33645","13931","47576"
"2019-10-10 14:37","ZooKeeperMain.java","260657","174962","435619"
"2015-11-22 00:33","ZooKeeperMain.java","69798","23415","93213"
"2020-03-26 22:19","ZooKeeperMain.java","270859","176060","446919"
"2015-11-08 22:54","ZooKeeperMain.java","69447","23357","92804"
"2016-07-27 01:33","ZooKeeperMain.java","73031","25123","98154"
"2014-04-04 00:39","ZooKeeperMain.java","42300","14767","57067"
"2019-11-28 12:24","ZooKeeperMain.java","262908","176060","438968"
"2016-11-13 20:59","ZooKeeperMain.java","77386","25725","103111"
"2019-08-03 08:42","ZooKeeperMain.java","257612","174962","432574"
"2012-03-18 07:03","ZooKeeperMain.java","14614","10302","24916"
"2017-07-28 00:36","ZooKeeperMain.java","80216","29709","109925"
"2016-05-02 18:15","ZooKeeperMain.java","71700","25058","96758"
"2015-03-28 20:08","ZooKeeperMain.java","64918","21906","86824"
"2019-08-17 17:13","ZooKeeperMain.java","256904","174962","431866"
"2013-09-02 23:04","ZooKeeperMain.java","32725","13771","46496"
"2018-08-06 14:11","ZooKeeperMain.java","108882","48429","157311"
"2017-09-11 18:55","QuorumBase.java","131683","35943","167626"
"2012-04-23 01:20","QuorumBase.java","78282","28151","106433"
"2019-07-12 17:01","QuorumBase.java","252813","142084","394897"
"2012-12-11 08:42","QuorumBase.java","84055","28745","112800"
"2019-08-17 17:13","QuorumBase.java","257500","142084","399584"
"2019-08-01 07:31","QuorumBase.java","258171","142084","400255"
"2009-11-18 20:06","QuorumBase.java","16265","3847","20112"
"2018-08-08 06:21","QuorumBase.java","175019","69532","244551"
"2009-11-07 01:48","QuorumBase.java","7993","3193","11186"
"2009-12-15 23:23","QuorumBase.java","17693","4697","22390"
"2009-11-20 23:28","QuorumBase.java","17094","4397","21491"
"2009-09-16 02:09","QuorumBase.java","3787","1372","5159"
"2019-10-10 14:37","QuorumBase.java","261253","142084","403337"
"2010-03-13 01:06","QuorumBase.java","39382","13252","52634"
"2020-03-25 03:38","QuorumBase.java","270924","142723","413647"
"2014-07-18 19:46","QuorumBase.java","112794","31847","144641"
"2010-07-23 06:22","QuorumBase.java","57110","17166","74276"
"2011-05-20 01:17","QuorumBase.java","60613","22905","83518"
"2010-05-05 22:32","QuorumBase.java","43054","16905","59959"
"2010-08-18 08:24","QuorumBase.java","63794","17950","81744"
"2013-10-09 22:21","QuorumBase.java","97035","29871","126906"
"2010-03-31 06:26","QuorumBase.java","40968","14591","55559"
"2014-06-25 19:25","QuorumBase.java","107475","31524","138999"
"2011-04-12 09:14","QuorumBase.java","59741","22852","82593"
"2020-03-19 17:09","Learner.java","3984","2112","6096"
"2020-02-03 04:30","Learner.java","483","116","599"
"2020-03-25 03:38","Learner.java","4901","2233","7134"
"2020-05-03 19:43","Learner.java","6641","3037","9678"
"2019-08-17 17:13","WatcherTest.java","255265","223791","479056"
"2019-09-18 11:20","WatcherTest.java","258177","223791","481968"
"2019-12-27 22:33","FileTxnSnapLog.java","266704","179499","446203"
"2019-10-10 14:37","FileTxnSnapLog.java","260685","178405","439090"
"2019-12-13 08:51","FileTxnSnapLog.java","264741","179499","444240"
"2017-01-07 01:09","FileTxnSnapLog.java","87643","25163","112806"
"2011-07-13 15:48","FileTxnSnapLog.java","7777","1445","9222"
"2014-02-12 17:00","FileTxnSnapLog.java","49357","13802","63159"
"2012-03-06 09:20","FileTxnSnapLog.java","21202","8372","29574"
"2020-01-23 16:46","FileTxnSnapLog.java","267953","179499","447452"
"2020-01-28 17:26","FileTxnSnapLog.java","268424","179499","447923"
"2011-10-20 20:02","FileTxnSnapLog.java","16601","6751","23352"
"2016-09-18 23:21","FileTxnSnapLog.java","82566","24558","107124"
"2017-01-23 02:13","FileTxnSnapLog.java","88076","25192","113268"
"2018-06-08 16:52","FileTxnSnapLog.java","95966","28313","124279"
"2019-09-02 08:23","FileTxnSnapLog.java","257589","178405","435994"
"2011-12-21 21:39","FileTxnSnapLog.java","19329","7782","27111"
"2017-04-28 07:14","FileTxnSnapLog.java","87420","26795","114215"
"2019-07-31 19:06","FileTxnSnapLog.java","256239","178405","434644"
"2018-07-30 06:22","FileTxnSnapLog.java","114545","45237","159782"
"2012-02-06 09:40","FileTxnSnapLog.java","20421","8013","28434"
"2012-07-17 23:25","FileTxnSnapLog.java","26978","10847","37825"
"2020-01-30 09:43","FileTxnSnapLog.java","268500","179499","447999"
"2019-05-14 17:11","FileTxnSnapLog.java","241600","178406","420006"
"2013-06-28 23:22","FileTxnSnapLog.java","41662","13228","54890"
"2014-02-10 21:50","FileTxnSnapLog.java","49219","13776","62995"
"2019-05-21 23:34","FileTxnSnapLog.java","241921","178406","420327"
"2019-05-27 10:54","FileTxnSnapLog.java","242253","178406","420659"
"2017-01-13 19:29","FileTxnSnapLog.java","87856","25173","113029"
"2017-06-26 00:07","FileTxnSnapLog.java","87784","27621","115405"
"2018-02-23 23:49","FileTxnSnapLog.java","93563","28164","121727"
"2017-08-18 06:32","FileTxnSnapLog.java","87889","27724","115613"
"2019-08-17 17:13","FileTxnSnapLog.java","256932","178405","435337"
"2018-02-14 21:23","FileTxnSnapLog.java","93391","28156","121547"
"2020-03-25 03:38","Leader.java","10492","4264","14756"
"2019-12-27 22:33","Leader.java","2487","366","2853"
"2019-05-16 16:25","QuorumPeer.java","68","23","91"
"2019-06-14 09:06","QuorumPeer.java","4460","1216","5676"
"2019-11-29 14:49","QuorumPeer.java","59657","37854","97511"
"2019-06-03 19:40","QuorumPeer.java","907","330","1237"
"2019-07-15 14:15","QuorumPeer.java","15715","5050","20765"
"2019-07-03 00:44","QuorumPeer.java","7278","4019","11297"
"2019-08-17 17:13","QuorumPeer.java","44957","29711","74668"
"2019-06-05 00:33","QuorumPeer.java","1588","621","2209"
"2019-05-20 23:13","QuorumPeer.java","209","91","300"
"2019-06-04 10:55","QuorumPeer.java","1284","554","1838"
"2019-07-12 17:01","QuorumPeer.java","15609","5050","20659"
"2020-01-09 11:27","QuorumPeer.java","62275","38926","101201"
"2019-12-17 13:48","QuorumPeer.java","60276","37901","98177"
"2020-01-23 13:43","QuorumPeer.java","64514","39341","103855"
"2019-10-10 14:37","QuorumPeer.java","51093","32094","83187"
"2020-02-16 10:25","QuorumPeer.java","65359","39473","104832"
"2020-03-19 17:09","Learner.java","269456","223832","493288"
"2020-02-03 04:30","Learner.java","267951","223832","491783"
"2020-01-23 13:43","Learner.java","267394","223832","491226"
"2017-07-04 07:39","Learner.java","9573","6763","16336"
"2020-03-25 03:38","Learner.java","270252","223832","494084"
"2019-11-28 12:24","Learner.java","262371","223830","486201"
"2019-12-27 22:33","Learner.java","266144","223831","489975"
"2020-01-25 18:48","Learner.java","267584","223832","491416"
"2020-05-03 19:43","Learner.java","271188","223832","495020"
"2019-10-10 14:37","Learner.java","259640","222252","481892"
"2019-06-03 19:40","Learner.java","241217","222251","463468"
"2019-07-15 14:15","Learner.java","251306","222252","473558"
"2019-08-23 19:43","Learner.java","256553","222252","478805"
"2016-09-08 22:59","Learner.java","707","459","1166"
"2019-08-17 17:13","Learner.java","255887","222252","478139"
"2017-11-28 00:10","Learner.java","15716","9096","24812"
"2018-05-09 00:54","Learner.java","18586","9838","28424"
"2019-04-09 15:35","Learner.java","236650","222158","458808"
"2019-07-12 17:01","Learner.java","251200","222252","473452"
"2017-07-06 18:48","Learner.java","9856","6774","16630"
"2017-08-18 06:32","Learner.java","10986","8401","19387"
"2019-07-02 07:34","Learner.java","243829","222251","466080"
"2018-10-16 16:22","Learner.java","232706","200674","433380"
"2017-02-12 00:12","Learner.java","7513","5367","12880"
"2018-12-09 03:16","Learner.java","228425","222132","450557"
"2019-11-29 14:49","Learner.java","264022","223830","487852"
"2018-11-27 10:02","Learner.java","226101","222132","448233"
"2018-08-06 14:11","Learner.java","42928","30782","73710"
"2010-05-15 01:32","DistributedQueueTest.java","32269","15032","47301"
"2019-08-27 09:23","DistributedQueueTest.java","257780","151687","409467"
"2019-08-17 17:13","DistributedQueueTest.java","257187","151687","408874"
"2019-09-11 10:27","PrepRequestProcessor.java","27405","26720","54125"
"2019-11-08 17:30","PrepRequestProcessor.java","32908","27965","60873"
"2019-08-17 17:13","PrepRequestProcessor.java","24433","25104","49537"
"2019-12-27 22:33","PrepRequestProcessor.java","41810","33803","75613"
"2019-10-10 14:37","PrepRequestProcessor.java","30873","27791","58664"
"2020-03-25 03:38","PrepRequestProcessor.java","47727","35613","83340"
"2019-08-17 17:13","DataNode.java","255272","226998","482270"
"2019-01-07 14:24","DataNode.java","229983","226879","456862"
"2019-07-31 19:06","DataNode.java","254579","226998","481577"
"2019-12-27 22:33","DataNode.java","265557","228605","494162"
"2019-06-26 10:57","MultiOperationRecordTest.java","244754","174566","419320"
"2019-08-17 17:13","MultiOperationRecordTest.java","256904","174566","431470"
"2019-08-17 17:13","Leader.java","256406","191763","448169"
"2019-06-29 00:33","Leader.java","244393","191763","436156"
"2019-06-03 19:40","Leader.java","241737","191763","433500"
"2014-05-20 23:42","Leader.java","22131","9644","31775"
"2019-07-15 14:15","Leader.java","251825","191763","443588"
"2015-03-17 18:06","Leader.java","36957","12233","49190"
"2019-07-25 21:41","Leader.java","252889","191763","444652"
"2018-05-10 06:00","Leader.java","65739","25122","90861"
"2018-07-12 01:33","Leader.java","74753","33203","107956"
"2018-02-07 01:05","Leader.java","63319","24836","88155"
"2017-11-28 00:10","Leader.java","62058","24430","86488"
"2019-06-05 00:33","Leader.java","242127","191763","433890"
"2015-04-10 22:22","Leader.java","38067","12275","50342"
"2019-08-03 08:42","Leader.java","257114","191763","448877"
"2019-06-05 23:57","Leader.java","242396","191763","434159"
"2013-10-07 21:08","Leader.java","4073","1257","5330"
"2017-01-13 19:29","Leader.java","55383","19272","74655"
"2019-01-07 14:55","Leader.java","231198","191664","422862"
"2019-04-12 19:01","Leader.java","238197","191747","429944"
"2018-12-09 03:16","Leader.java","228964","191663","420627"
"2018-08-17 14:40","Leader.java","129736","85890","215626"
"2019-11-29 14:49","Leader.java","264309","193109","457418"
"2018-11-27 10:02","Leader.java","226640","191663","418303"
"2015-02-06 06:17","Leader.java","35542","12040","47582"
"2017-02-15 23:04","Leader.java","54809","21654","76463"
"2014-07-18 02:19","Leader.java","29702","10951","40653"
"2018-08-29 06:26","Leader.java","150648","106594","257242"
"2018-08-03 18:52","Leader.java","86604","43556","130160"
"2013-05-14 14:27","Leader.java","269","144","413"
"2017-09-11 18:55","Leader.java","57866","24095","81961"
"2018-09-18 01:00","Leader.java","158446","111822","270268"
"2016-12-20 14:47","Leader.java","54518","19249","73767"
"2014-07-20 04:50","Leader.java","30477","11205","41682"
"2014-06-10 00:19","Leader.java","23079","9658","32737"
"2016-06-23 23:25","Leader.java","47680","17475","65155"
"2016-06-23 23:45","Leader.java","47817","17504","65321"
"2020-03-25 03:38","Leader.java","270537","193109","463646"
"2014-03-23 04:12","Leader.java","11589","2219","13808"
"2019-12-27 22:33","Leader.java","266430","193109","459539"
"2016-08-13 15:01","Leader.java","48980","17972","66952"
"2013-10-21 23:36","Leader.java","7098","1540","8638"
"2019-10-10 14:37","Leader.java","260159","191763","451922"
"2013-11-07 06:41","Leader.java","7661","1672","9333"
"2019-11-28 12:24","DataTree.java","262500","204243","466743"
"2019-10-10 14:37","DataTree.java","259909","202805","462714"
"2019-12-27 22:33","DataTree.java","266272","204243","470515"
"2015-06-06 03:48","DataTree.java","20013","4142","24155"
"2019-11-11 13:59","DataTree.java","263594","202833","466427"
"2018-07-10 13:29","DataTree.java","56025","25945","81970"
"2014-04-29 02:23","DataTree.java","770","64","834"
"2018-09-28 23:38","DataTree.java","149966","112060","262026"
"2019-11-08 17:30","DataTree.java","261798","202833","464631"
"2019-01-30 16:28","DataTree.java","233159","202697","435856"
"2019-01-30 17:02","DataTree.java","233703","202697","436400"
"2016-11-24 17:18","DataTree.java","34574","10936","45510"
"2017-09-11 18:55","DataTree.java","39011","16532","55543"
"2017-02-05 07:22","DataTree.java","36397","11320","47717"
"2014-07-18 02:19","DataTree.java","9178","1719","10897"
"2019-02-07 11:26","DataTree.java","234381","202698","437079"
"2018-09-04 11:54","DataTree.java","144568","111746","256314"
"2018-09-05 22:35","DataTree.java","144843","111765","256608"
"2018-12-20 15:17","DataTree.java","229647","202696","432343"
"2019-09-10 09:53","DataTree.java","257205","202805","460010"
"2019-04-12 19:01","DataTree.java","237947","202789","440736"
"2019-07-31 19:06","DataTree.java","255463","202805","458268"
"2019-09-11 10:27","DataTree.java","257512","202805","460317"
"2016-03-23 00:30","DataTree.java","26054","8744","34798"
"2019-08-01 07:31","DataTree.java","256827","202805","459632"
"2019-08-17 17:13","DataTree.java","256156","202805","458961"
"2019-09-10 15:21","DataTree.java","257199","202805","460004"
"2015-06-04 19:51","DataTree.java","19898","4132","24030"
"2016-10-07 21:51","DataTree.java","30964","10147","41111"
"2017-06-18 19:23","DataTree.java","37344","15179","52523"
"2019-04-12 12:29","DataTree.java","237516","202789","440305"
"2019-08-03 08:42","DataTree.java","256864","202805","459669"
"2019-08-09 16:15","DataTree.java","257612","202805","460417"
"2016-11-13 20:59","DataTree.java","33400","10330","43730"
"2019-04-29 16:49","DataTree.java","239977","202789","442766"
"2019-06-26 10:57","MultiResponse.java","244754","183022","427776"
"2019-08-17 17:13","MultiResponse.java","256904","183022","439926"
"2012-12-19 19:16","MultiResponse.java","29692","12314","42006"
"2014-07-08 05:25","FLELostMessageTest.java","87073","35031","122104"
"2011-04-12 09:14","FLELostMessageTest.java","27920","17408","45328"
"2011-09-17 02:13","FLELostMessageTest.java","42411","20558","62969"
"2019-08-17 17:13","FLELostMessageTest.java","257015","167976","424991"
"2017-11-28 00:10","FLELostMessageTest.java","115361","40775","156136"
"2019-07-12 17:01","FLELostMessageTest.java","252328","167976","420304"
"2012-08-03 00:17","FLELostMessageTest.java","52996","26263","79259"
"2013-12-21 22:05","RepeatStartupTest.java","32137","8571","40708"
"2019-08-17 17:13","RepeatStartupTest.java","256659","175348","432007"
"2018-10-16 16:22","QuorumPeerConfig.java","241879","81628","323507"
"2012-04-23 01:20","QuorumPeerConfig.java","106618","21245","127863"
"2009-05-22 21:02","QuorumPeerConfig.java","27428","2225","29653"
"2018-12-09 03:16","QuorumPeerConfig.java","230219","104792","335011"
"2019-04-12 19:01","QuorumPeerConfig.java","239404","104828","344232"
"2018-09-11 15:23","QuorumPeerConfig.java","203721","61141","264862"
"2013-03-07 07:01","QuorumPeerConfig.java","119368","22157","141525"
"2018-12-15 07:34","QuorumPeerConfig.java","230134","104792","334926"
"2019-02-13 13:12","QuorumPeerConfig.java","236514","104799","341313"
"2009-06-05 06:44","QuorumPeerConfig.java","29527","2594","32121"
"2019-08-17 17:13","QuorumPeerConfig.java","257596","104827","362423"
"2015-03-17 18:06","QuorumPeerConfig.java","146232","24297","170529"
"2014-01-21 04:50","QuorumPeerConfig.java","126751","22390","149141"
"2009-11-18 20:06","QuorumPeerConfig.java","57706","7935","65641"
"2012-12-16 07:43","QuorumPeerConfig.java","112460","21643","134103"
"2017-11-28 00:10","QuorumPeerConfig.java","162292","27453","189745"
"2019-06-05 00:29","QuorumPeerConfig.java","243263","104827","348090"
"2014-09-17 07:34","QuorumPeerConfig.java","142669","24187","166856"
"2020-01-09 11:27","QuorumPeerConfig.java","266244","105372","371616"
"2019-07-12 17:01","QuorumPeerConfig.java","252909","104827","357736"
"2016-11-13 20:59","QuorumPeerConfig.java","157839","26266","184105"
"2019-05-15 11:56","QuorumPeerConfig.java","242351","104828","347179"
"2014-08-19 22:50","QuorumPeerConfig.java","141583","24187","165770"
"2018-10-01 06:11","QuorumPeerConfig.java","207690","61276","268966"
"2017-07-28 00:36","QuorumPeerConfig.java","157759","27340","185099"
"2013-09-30 22:20","QuorumPeerConfig.java","121881","22285","144166"
"2017-07-06 18:48","QuorumPeerConfig.java","158623","27322","185945"
"2013-09-26 00:13","QuorumPeerConfig.java","121633","22281","143914"
"2010-03-09 05:44","QuorumPeerConfig.java","75177","12435","87612"
"2020-01-23 13:43","QuorumPeerConfig.java","268068","105372","373440"
"2011-04-06 18:17","QuorumPeerConfig.java","91567","17489","109056"
"2010-03-12 19:26","QuorumPeerConfig.java","75998","12526","88524"
"2014-05-17 13:23","QuorumPeerConfig.java","133036","23780","156816"
"2014-07-04 04:19","QuorumPeerConfig.java","135715","23910","159625"
"2011-09-17 02:42","QuorumPeerConfig.java","101209","18978","120187"
"2016-06-23 19:42","QuorumPeerConfig.java","153076","25935","179011"
"2015-09-06 20:02","QuorumPeerConfig.java","149828","24381","174209"
"2015-09-29 03:56","QuorumPeerConfig.java","150038","24410","174448"
"2019-10-10 14:37","QuorumPeerConfig.java","261349","104827","366176"
"2009-08-11 00:24","QuorumPeerConfig.java","43848","5503","49351"
"2018-07-27 12:32","QuorumPeerConfig.java","174047","34294","208341"
"2019-04-18 19:17","QuorumPeerConfig.java","240114","104828","344942"
"2016-11-03 16:07","QuorumPeerConfig.java","156159","26255","182414"
"2011-04-12 09:14","QuorumPeerConfig.java","92095","17853","109948"
"2014-03-25 22:13","QuorumPeerConfig.java","129334","22517","151851"
"2011-09-02 22:50","QuorumPeerConfig.java","100170","16329","116499"
"2013-10-09 22:21","QuorumPeerConfig.java","124750","22344","147094"
"2014-08-01 07:38","QuorumPeerConfig.java","141022","24161","165183"
"2014-08-14 08:08","QuorumPeerConfig.java","141443","24161","165604"
"2009-04-24 20:26","QuorumPeerConfig.java","10504","1448","11952"
"2020-02-16 10:25","QuorumPeerConfig.java","268781","105372","374153"
"2020-05-14 18:18","QuorumPeerConfig.java","272007","105373","377380"
"2017-05-11 16:59","QuorumPeerConfig.java","157732","27298","185030"
"2019-06-26 10:57","ZooDefs.java","244754","183022","427776"
"2015-06-04 19:51","ZooDefs.java","70562","21570","92132"
"2019-08-17 17:13","ZooDefs.java","256904","183022","439926"
"2016-10-07 21:51","ZooDefs.java","78972","24929","103901"
"2014-01-24 07:18","ZooDefs.java","44485","13818","58303"
"2017-07-28 00:36","ZooDefs.java","83365","28223","111588"
"2019-01-16 14:21","ZooDefs.java","232819","182957","415776"
"2019-01-07 14:24","ZooDefs.java","231668","182956","414624"
"2019-11-08 17:30","ZooDefs.java","262518","183022","445540"
"2011-08-19 00:05","ZooDefs.java","7643","858","8501"
"2019-07-31 19:06","ZooDefs.java","256211","183022","439233"
"2019-02-07 11:26","ZooDefs.java","235172","182958","418130"
"2014-04-29 02:23","ZooDefs.java","53849","19917","73766"
"2019-08-17 17:13","AsyncTest.java","257687","102765","360452"
"2017-09-11 18:55","AsyncTest.java","160071","27201","187272"
"2010-03-31 06:26","AsyncTest.java","79617","13734","93351"
"2011-04-12 09:14","AsyncTest.java","94301","17906","112207"
"2016-08-24 01:36","AsyncTest.java","155993","26118","182111"
"2016-09-09 00:10","LoadFromLogTest.java","81021","24666","105687"
"2012-03-06 09:20","LoadFromLogTest.java","19594","8312","27906"
"2019-10-10 14:37","LoadFromLogTest.java","260663","179931","440594"
"2011-07-28 07:49","LoadFromLogTest.java","8671","1441","10112"
"2014-02-10 21:50","LoadFromLogTest.java","47644","13749","61393"
"2019-08-17 17:13","LoadFromLogTest.java","256910","179931","436841"
"2019-06-07 14:13","LoadFromLogTest.java","243014","179931","422945"
"2017-12-06 23:14","LoadFromLogTest.java","90798","28215","119013"
"2011-12-21 21:39","LoadFromLogTest.java","17710","7711","25421"
"2013-06-28 23:22","LoadFromLogTest.java","40069","13183","53252"
"2020-03-22 14:47","ZKUtil.java","14639","10029","24668"
"2019-07-02 07:34","Follower.java","244849","180329","425178"
"2018-12-09 03:16","Follower.java","229498","180263","409761"
"2019-04-12 19:01","Follower.java","238714","180330","419044"
"2013-03-07 07:01","Follower.java","37540","12918","50458"
"2015-02-06 06:17","Follower.java","69128","21004","90132"
"2018-09-18 01:00","Follower.java","178757","107511","286268"
"2019-08-17 17:13","Follower.java","256906","180329","437235"
"2019-06-29 00:33","Follower.java","244893","180329","425222"
"2019-08-06 17:11","Follower.java","258007","180329","438336"
"2019-07-15 14:15","Follower.java","252325","180329","432654"
"2019-08-23 19:43","Follower.java","257572","180329","437901"
"2017-11-28 00:10","Follower.java","90410","28160","118570"
"2019-06-05 00:33","Follower.java","242627","180329","422956"
"2019-05-03 00:44","Follower.java","240904","180330","421234"
"2015-06-05 21:15","Follower.java","73104","21390","94494"
"2019-12-27 22:33","Follower.java","266682","181427","448109"
"2016-08-13 15:01","Follower.java","80118","24488","104606"
"2019-10-10 14:37","Follower.java","260659","180329","440988"
"2016-12-20 14:47","Follower.java","85180","25289","110469"
"2014-07-22 06:51","Follower.java","64644","20724","85368"
"2019-08-17 17:13","Leader.java","66092","36426","102518"
"2019-06-29 00:33","Leader.java","30466","12813","43279"
"2019-06-03 19:40","Leader.java","24616","9619","34235"
"2019-07-15 14:15","Leader.java","39013","13928","52941"
"2019-07-25 21:41","Leader.java","40936","14787","55723"
"2019-06-05 00:33","Leader.java","25184","9797","34981"
"2019-08-03 08:42","Leader.java","46321","15947","62268"
"2019-06-05 23:57","Leader.java","25452","9796","35248"
"2019-01-07 14:55","Leader.java","12328","7771","20099"
"2019-04-12 19:01","Leader.java","20465","8992","29457"
"2018-12-09 03:16","Leader.java","2831","507","3338"
"2019-11-29 14:49","Leader.java","80044","43821","123865"
"2020-03-25 03:38","Leader.java","87739","45288","133027"
"2019-12-27 22:33","Leader.java","82265","43921","126186"
"2019-10-10 14:37","Leader.java","71822","38403","110225"
"2019-09-11 10:27","PrepRequestProcessor.java","41789","28283","70072"
"2019-11-08 17:30","PrepRequestProcessor.java","47271","29507","76778"
"2019-08-01 07:31","PrepRequestProcessor.java","16042","3221","19263"
"2019-08-17 17:13","PrepRequestProcessor.java","39048","26898","65946"
"2019-12-27 22:33","PrepRequestProcessor.java","56096","35268","91364"
"2019-10-10 14:37","PrepRequestProcessor.java","45236","29333","74569"
"2020-03-25 03:38","PrepRequestProcessor.java","61874","36939","98813"
"2011-10-25 08:09","CreateModeTest.java","42821","22531","65352"
"2019-08-17 17:13","CreateModeTest.java","257015","167976","424991"
"2015-06-04 19:51","CreateModeTest.java","99705","35689","135394"
"2019-08-17 17:13","ACLRootTest.java","257500","133846","391346"
"2019-08-17 17:13","CreateContainerTest.java","255978","218393","474371"
"2018-05-09 23:57","CreateContainerTest.java","28407","15133","43540"
"2019-12-28 16:17","CreateContainerTest.java","266108","219938","486046"
"2019-11-25 15:37","CreateContainerTest.java","262330","219937","482267"
"2018-09-15 00:08","ZooKeeperServer.java","199571","84455","284026"
"2019-04-12 19:01","ZooKeeperServer.java","239307","132922","372229"
"2019-07-31 19:06","ZooKeeperServer.java","256807","132922","389729"
"2019-09-11 10:27","ZooKeeperServer.java","258856","132922","391778"
"2019-01-14 19:38","ZooKeeperServer.java","232748","132878","365626"
"2019-01-07 15:34","ZooKeeperServer.java","232349","132878","365227"
"2018-11-21 17:56","ZooKeeperServer.java","225546","132878","358424"
"2012-01-31 07:45","ZooKeeperServer.java","80385","25803","106188"
"2017-04-28 07:14","ZooKeeperServer.java","136245","33047","169292"
"2011-08-19 00:05","ZooKeeperServer.java","75174","21178","96352"
"2017-02-12 00:12","ZooKeeperServer.java","135324","33025","168349"
"2014-07-18 02:19","ZooKeeperServer.java","117562","29666","147228"
"2013-12-11 19:22","ZooKeeperServer.java","103488","27754","131242"
"2019-02-13 13:12","ZooKeeperServer.java","236411","132887","369298"
"2012-02-11 00:34","ZooKeeperServer.java","81186","26019","107205"
"2016-11-24 17:18","ZooKeeperServer.java","136316","32241","168557"
"2018-07-19 05:59","ZooKeeperServer.java","156453","45270","201723"
"2018-09-18 01:00","ZooKeeperServer.java","200266","84497","284763"
"2019-03-04 08:07","ZooKeeperServer.java","236987","132886","369873"
"2019-07-08 23:26","ZooKeeperServer.java","246276","132922","379198"
"2019-01-23 14:00","ZooKeeperServer.java","234183","132878","367061"
"2019-02-13 13:19","ZooKeeperServer.java","236697","132887","369584"
"2019-05-14 17:11","ZooKeeperServer.java","242167","132922","375089"
"2013-01-25 02:17","ZooKeeperServer.java","91781","27035","118816"
"2015-07-10 08:19","ZooKeeperServer.java","126939","30056","156995"
"2019-06-04 10:55","ZooKeeperServer.java","242984","132922","375906"
"2011-06-14 07:14","ZooKeeperServer.java","70641","22640","93281"
"2019-04-09 15:35","ZooKeeperServer.java","238321","132886","371207"
"2019-08-03 08:42","ZooKeeperServer.java","258208","132922","391130"
"2019-05-15 11:56","ZooKeeperServer.java","242254","132922","375176"
"2019-05-22 11:39","ZooKeeperServer.java","242700","132922","375622"
"2019-04-22 19:15","ZooKeeperServer.java","240282","132922","373204"
"2018-02-23 23:49","ZooKeeperServer.java","141628","33656","175284"
"2016-11-16 06:21","ZooKeeperServer.java","136111","32057","168168"
"2012-12-19 19:07","ZooKeeperServer.java","90689","26981","117670"
"2017-08-18 06:32","ZooKeeperServer.java","136211","33473","169684"
"2017-06-26 00:16","ZooKeeperServer.java","136143","33413","169556"
"2019-09-10 04:26","ZooKeeperServer.java","258545","132922","391467"
"2019-08-17 17:13","ZooKeeperServer.java","257500","132922","390422"
"2019-09-05 23:12","ZooKeeperServer.java","258419","132922","391341"
"2019-09-10 15:21","ZooKeeperServer.java","258543","132922","391465"
"2019-08-01 07:31","ZooKeeperServer.java","258171","132922","391093"
"2019-08-01 07:28","ZooKeeperServer.java","257681","132922","390603"
"2019-06-03 19:40","ZooKeeperServer.java","242831","132922","375753"
"2015-03-17 18:06","ZooKeeperServer.java","123762","29893","153655"
"2019-11-23 17:08","ZooKeeperServer.java","262840","133561","396401"
"2019-10-09 16:49","ZooKeeperServer.java","261086","132922","394008"
"2019-07-03 00:44","ZooKeeperServer.java","245513","132922","378435"
"2018-01-19 01:12","ZooKeeperServer.java","140549","33619","174168"
"2019-07-24 18:00","ZooKeeperServer.java","253955","132922","386877"
"2013-05-16 18:49","ZooKeeperServer.java","96667","27371","124038"
"2018-08-08 06:21","ZooKeeperServer.java","178748","66085","244833"
"2018-05-09 23:57","ZooKeeperServer.java","143186","33709","176895"
"2009-11-07 01:48","ZooKeeperServer.java","20076","6114","26190"
"2009-12-18 03:19","ZooKeeperServer.java","29948","7516","37464"
"2010-01-26 01:17","ZooKeeperServer.java","33728","7846","41574"
"2019-12-27 22:33","ZooKeeperServer.java","266817","133561","400378"
"2016-08-13 15:01","ZooKeeperServer.java","132062","31909","163971"
"2018-09-11 00:17","ZooKeeperServer.java","198018","84451","282469"
"2019-11-18 09:05","ZooKeeperServer.java","261283","133561","394844"
"2019-10-10 14:37","ZooKeeperServer.java","261253","132922","394175"
"2019-09-16 23:26","ZooKeeperServer.java","260519","132922","393441"
"2013-10-08 01:35","ZooKeeperServer.java","99738","27638","127376"
"2017-06-23 18:39","ZooKeeperServer.java","136125","33375","169500"
"2009-08-07 01:23","ZooKeeperServer.java","13567","3574","17141"
"2011-12-28 07:07","ZooKeeperServer.java","80030","25787","105817"
"2019-12-03 10:01","ZooKeeperServer.java","264742","133561","398303"
"2020-03-25 03:38","ZooKeeperServer.java","270924","133561","404485"
"2010-03-12 19:26","ZooKeeperServer.java","49180","13899","63079"
"2019-11-28 12:24","ZooKeeperServer.java","263045","133561","396606"
"2019-11-06 15:21","ZooKeeperServer.java","261469","132922","394391"
"2011-05-20 01:17","ZooKeeperServer.java","69448","22578","92026"
"2010-07-29 23:10","ZooKeeperServer.java","67215","17399","84614"
"2011-09-17 02:36","ZooKeeperServer.java","77894","23882","101776"
"2020-04-12 11:14","ZooKeeperServer.java","271677","133561","405238"
"2011-09-14 08:56","ZooKeeperServer.java","77894","21322","99216"
"2011-08-21 02:53","ZooKeeperServer.java","75203","21179","96382"
"2010-08-18 08:24","ZooKeeperServer.java","73137","18131","91268"
"2013-10-09 22:21","ZooKeeperServer.java","102061","27721","129782"
"2015-03-08 23:07","ZooKeeperServer.java","122703","29882","152585"
"2018-06-08 16:52","ZooKeeperServer.java","143937","33711","177648"
"2018-06-15 07:41","ZooKeeperServer.java","143957","33728","177685"
"2018-07-28 04:37","ZooKeeperServer.java","157053","45294","202347"
"2019-04-18 19:17","ZooKeeperServer.java","240017","132922","372939"
"2012-03-15 17:47","ZooKeeperServer.java","82238","26037","108275"
"2014-03-25 22:13","ZooKeeperServer.java","106684","27933","134617"
"2011-04-12 09:14","ZooKeeperServer.java","68582","22531","91113"
"2018-12-06 10:56","FastLeaderElection.java","226564","210665","437229"
"2019-10-10 14:37","FastLeaderElection.java","259900","210776","470676"
"2019-09-30 23:22","FastLeaderElection.java","259527","210776","470303"
"2020-04-07 09:07","FastLeaderElection.java","270966","212221","483187"
"2019-01-18 03:42","FastLeaderElection.java","232063","210667","442730"
"2017-09-11 18:55","FastLeaderElection.java","30216","15717","45933"
"2018-08-29 06:26","FastLeaderElection.java","131722","106940","238662"
"2015-02-06 06:17","FastLeaderElection.java","5399","1169","6568"
"2018-04-30 06:34","FastLeaderElection.java","37334","16853","54187"
"2019-08-17 17:13","FastLeaderElection.java","256147","210776","466923"
"2019-08-02 20:08","FastLeaderElection.java","256928","210776","467704"
"2017-01-13 19:29","FastLeaderElection.java","26546","9707","36253"
"2019-08-03 08:42","FastLeaderElection.java","256855","210776","467631"
"2014-07-18 02:19","SessionTracker.java","23155","9599","32754"
"2018-09-18 01:00","SessionTracker.java","153242","111813","265055"
"2019-09-05 23:12","SessionTracker.java","257286","196919","454205"
"2019-08-17 17:13","SessionTracker.java","256367","196919","453286"
"2018-08-08 06:21","SessionTracker.java","123640","85317","208957"
"2019-08-17 17:13","CreateTTLTest.java","255250","223914","479164"
"2018-05-09 23:57","CreateTTLTest.java","10677","3652","14329"
"2019-12-28 16:17","CreateTTLTest.java","265461","225540","491001"
"2014-06-25 15:04","FastLeaderElection.java","125879","24214","150093"
"2018-12-06 10:56","FastLeaderElection.java","228043","113802","341845"
"2014-07-08 05:25","FastLeaderElection.java","127650","24349","151999"
"2014-07-18 20:48","FastLeaderElection.java","131849","24422","156271"
"2010-03-13 01:06","FastLeaderElection.java","66980","12553","79533"
"2014-03-23 04:12","FastLeaderElection.java","120407","22820","143227"
"2019-10-10 14:37","FastLeaderElection.java","261311","113845","375156"
"2013-10-21 23:36","FastLeaderElection.java","116421","22646","139067"
"2009-08-04 19:59","FastLeaderElection.java","33699","4881","38580"
"2009-08-11 23:09","FastLeaderElection.java","34986","5062","40048"
"2009-12-15 23:23","FastLeaderElection.java","49190","7897","57087"
"2019-09-30 23:22","FastLeaderElection.java","260938","113845","374783"
"2011-04-12 09:14","FastLeaderElection.java","83159","17973","101132"
"2014-07-20 04:50","FastLeaderElection.java","131929","24440","156369"
"2010-07-05 21:50","FastLeaderElection.java","79244","13716","92960"
"2020-04-07 09:07","FastLeaderElection.java","271513","114426","385939"
"2012-03-20 01:33","FastLeaderElection.java","96863","21359","118222"
"2019-01-18 03:42","FastLeaderElection.java","233540","113802","347342"
"2012-02-06 09:40","FastLeaderElection.java","95072","21019","116091"
"2017-09-11 18:55","FastLeaderElection.java","149912","27924","177836"
"2013-03-07 07:01","FastLeaderElection.java","110655","22438","133093"
"2018-08-29 06:26","FastLeaderElection.java","194430","62159","256589"
"2011-04-29 18:12","FastLeaderElection.java","83513","17992","101505"
"2015-02-06 06:17","FastLeaderElection.java","136316","24597","160913"
"2018-04-30 06:34","FastLeaderElection.java","156068","28098","184166"
"2009-06-30 22:47","FastLeaderElection.java","32607","4527","37134"
"2019-08-17 17:13","FastLeaderElection.java","257558","113845","371403"
"2019-08-02 20:08","FastLeaderElection.java","258339","113845","372184"
"2012-08-03 00:17","FastLeaderElection.java","99523","21531","121054"
"2017-01-13 19:29","FastLeaderElection.java","151137","26809","177946"
"2011-06-14 07:14","FastLeaderElection.java","85194","18058","103252"
"2019-08-03 08:42","FastLeaderElection.java","258266","113845","372111"
"2019-09-20 10:06","TxnLogToolkit.java","178082","156119","334201"
"2019-12-27 22:33","TxnLogToolkit.java","186102","158324","344426"
"2019-11-28 12:24","TxnLogToolkit.java","182317","158311","340628"
"2019-04-12 19:08","TxnLogToolkit.java","154110","153182","307292"
"2019-07-09 13:34","TxnLogToolkit.java","162464","154462","316926"
"2019-08-17 17:13","TxnLogToolkit.java","174233","155133","329366"
"2018-09-15 00:03","TxnLogToolkit.java","347","8","355"
"2019-11-28 12:24","DataTree.java","262500","204949","467449"
"2019-10-10 14:37","DataTree.java","259908","203510","463418"
"2019-12-27 22:33","DataTree.java","266272","204949","471221"
"2015-06-06 03:48","DataTree.java","19265","4100","23365"
"2019-11-11 13:59","DataTree.java","263593","203538","467131"
"2018-07-10 13:29","DataTree.java","55296","25922","81218"
"2018-09-28 23:38","DataTree.java","149282","112082","261364"
"2019-11-08 17:30","DataTree.java","261797","203538","465335"
"2019-01-30 16:28","DataTree.java","233158","203402","436560"
"2019-01-30 17:02","DataTree.java","233702","203402","437104"
"2016-11-24 17:18","DataTree.java","33826","10894","44720"
"2017-09-11 18:55","DataTree.java","38282","16509","54791"
"2017-02-05 07:22","DataTree.java","35649","11278","46927"
"2014-07-18 02:19","DataTree.java","8408","1655","10063"
"2019-02-07 11:26","DataTree.java","234380","203403","437783"
"2018-09-04 11:54","DataTree.java","143859","111743","255602"
"2018-09-05 22:35","DataTree.java","144134","111762","255896"
"2018-12-20 15:17","DataTree.java","229646","203401","433047"
"2019-09-10 09:53","DataTree.java","257204","203510","460714"
"2019-04-12 19:01","DataTree.java","237946","203494","441440"
"2019-07-31 19:06","DataTree.java","255462","203510","458972"
"2019-09-11 10:27","DataTree.java","257511","203510","461021"
"2016-03-23 00:30","DataTree.java","25306","8702","34008"
"2019-08-01 07:31","DataTree.java","256826","203510","460336"
"2019-08-17 17:13","DataTree.java","256155","203510","459665"
"2019-09-10 15:21","DataTree.java","257198","203510","460708"
"2015-06-04 19:51","DataTree.java","19150","4090","23240"
"2016-10-07 21:51","DataTree.java","30216","10105","40321"
"2017-06-18 19:23","DataTree.java","36613","15154","51767"
"2019-04-12 12:29","DataTree.java","237515","203494","441009"
"2019-08-03 08:42","DataTree.java","256863","203510","460373"
"2019-08-09 16:15","DataTree.java","257611","203510","461121"
"2016-11-13 20:59","DataTree.java","32652","10288","42940"
"2019-04-29 16:49","DataTree.java","239976","203494","443470"
"2020-01-23 13:43","QuorumPeerConfig.java","2501","677","3178"
"2020-02-16 10:25","QuorumPeerConfig.java","5000","2463","7463"
"2020-05-14 18:18","QuorumPeerConfig.java","12486","6724","19210"
"2019-11-08 17:30","WatchManager.java","9522","3908","13430"
"2019-06-26 10:57","PrepRequestProcessorTest.java","244001","210259","454260"
"2019-09-05 23:12","PrepRequestProcessorTest.java","257070","210259","467329"
"2019-08-17 17:13","PrepRequestProcessorTest.java","256151","210259","466410"
"2018-08-08 06:21","PrepRequestProcessorTest.java","108138","83371","191509"
"2014-10-28 05:35","PrepRequestProcessorTest.java","3866","1054","4920"
"2019-09-11 10:27","PrepRequestProcessorTest.java","257507","210259","467766"
"2018-09-18 01:00","PrepRequestProcessorTest.java","140229","112356","252585"
"2015-06-11 20:09","PrepRequestProcessorTest.java","11049","2616","13665"
"2019-12-27 22:33","PrepRequestProcessorTest.java","266269","211699","477968"
"2019-08-17 17:13","QuorumPeerConfig.java","30536","25849","56385"
"2020-01-09 11:27","QuorumPeerConfig.java","47969","35179","83148"
"2020-01-23 13:43","QuorumPeerConfig.java","50229","35615","85844"
"2019-10-10 14:37","QuorumPeerConfig.java","36740","28300","65040"
"2020-02-16 10:25","QuorumPeerConfig.java","51081","35754","86835"
"2020-05-14 18:18","QuorumPeerConfig.java","58069","39517","97586"
"2019-07-31 19:06","ClientBase.java","16214","4240","20454"
"2019-08-17 17:13","ClientBase.java","40216","27549","67765"
"2019-11-14 16:44","ClientBase.java","50941","30247","81188"
"2019-10-10 14:37","ClientBase.java","46387","29967","76354"
"2019-08-17 17:13","Command.java","44192","29523","73715"
"2016-11-13 20:59","TestableZooKeeper.java","167883","22043","189926"
"2019-08-17 17:13","TestableZooKeeper.java","257706","89596","347302"
"2010-11-10 23:36","TestableZooKeeper.java","143262","13681","156943"
"2019-03-06 03:32","TestableZooKeeper.java","237470","89575","327045"
"2013-01-25 02:17","TestableZooKeeper.java","125204","18125","143329"
"2012-03-15 18:01","TestableZooKeeper.java","116013","17349","133362"
"2018-04-25 01:41","TestableZooKeeper.java","174063","23025","197088"
"2014-03-26 22:13","TestableZooKeeper.java","139758","18659","158417"
"2020-05-17 15:13","TestableZooKeeper.java","272108","90053","362161"
"2010-01-05 18:32","TestableZooKeeper.java","77827","11688","89515"
"2016-09-09 00:10","LoadFromLogTest.java","74836","25711","100547"
"2012-03-06 09:20","LoadFromLogTest.java","12380","8328","20708"
"2019-10-10 14:37","LoadFromLogTest.java","260657","174467","435124"
"2014-02-10 21:50","LoadFromLogTest.java","41148","14483","55631"
"2019-08-17 17:13","LoadFromLogTest.java","256904","174467","431371"
"2019-06-07 14:13","LoadFromLogTest.java","243008","174467","417475"
"2017-12-06 23:14","LoadFromLogTest.java","85497","30144","115641"
"2011-12-21 21:39","LoadFromLogTest.java","10367","7598","17965"
"2013-06-28 23:22","LoadFromLogTest.java","33517","13861","47378"
"2019-11-08 17:30","FinalRequestProcessor.java","260510","231647","492157"
"2019-07-08 23:26","FinalRequestProcessor.java","243622","231597","475219"
"2019-01-16 23:23","FinalRequestProcessor.java","230680","231451","462131"
"2018-09-18 01:00","FinalRequestProcessor.java","95287","90057","185344"
"2019-04-12 19:01","FinalRequestProcessor.java","236617","231561","468178"
"2019-02-07 11:26","FinalRequestProcessor.java","233039","231458","464497"
"2019-01-14 19:38","FinalRequestProcessor.java","229990","231449","461439"
"2019-01-09 17:22","FinalRequestProcessor.java","232679","231458","464137"
"2019-09-10 04:26","FinalRequestProcessor.java","255893","231599","487492"
"2019-08-17 17:13","FinalRequestProcessor.java","254847","231598","486445"
"2019-06-26 10:57","FinalRequestProcessor.java","242696","231597","474293"
"2019-08-01 07:28","FinalRequestProcessor.java","255028","231598","486626"
"2019-07-03 00:44","FinalRequestProcessor.java","242859","231597","474456"
"2019-08-06 17:11","FinalRequestProcessor.java","255948","231598","487546"
"2020-03-25 03:38","FinalRequestProcessor.java","269571","233537","503108"
"2019-09-16 23:26","FinalRequestProcessor.java","257867","231599","489466"
"2019-10-10 14:37","FinalRequestProcessor.java","258601","231599","490200"
"2019-11-21 05:58","FinalRequestProcessor.java","259951","233535","493486"
"2019-11-18 09:05","FinalRequestProcessor.java","259928","233535","493463"
"2019-11-11 13:59","FinalRequestProcessor.java","262306","231647","493953"
"2020-03-26 22:12","FinalRequestProcessor.java","269573","233537","503110"
"2019-12-28 16:17","CreateContainerTest.java","18815","10230","29045"
"2019-11-25 15:37","CreateContainerTest.java","14083","9275","23358"
"2019-08-17 17:13","ListQuotaCommand.java","52428","30087","82515"
"2019-08-17 17:13","Metric.java","174230","156211","330441"
"2019-01-30 16:43","Metric.java","149688","153976","303664"
"2019-08-17 17:13","PrepRequestProcessorMetricsTest.java","44894","29685","74579"
"2019-08-01 07:31","PrepRequestProcessorMetricsTest.java","22789","6909","29698"
"2019-12-27 22:33","PrepRequestProcessorMetricsTest.java","61865","37978","99843"
"2019-11-08 17:30","Watcher.java","9522","3908","13430"
"2019-06-14 09:06","QuorumPeer.java","2875","598","3473"
"2019-11-29 14:49","QuorumPeer.java","58339","37503","95842"
"2019-07-15 14:15","QuorumPeer.java","14138","4440","18578"
"2019-07-03 00:44","QuorumPeer.java","5698","3406","9104"
"2019-08-17 17:13","QuorumPeer.java","43606","29327","72933"
"2019-07-12 17:01","QuorumPeer.java","14032","4440","18472"
"2020-01-09 11:27","QuorumPeer.java","60959","38577","99536"
"2019-12-17 13:48","QuorumPeer.java","58958","37550","96508"
"2020-01-23 13:43","QuorumPeer.java","63199","38993","102192"
"2019-10-10 14:37","QuorumPeer.java","49766","31734","81500"
"2020-02-16 10:25","QuorumPeer.java","64044","39125","103169"
"2019-11-08 17:30","FinalRequestProcessor.java","263320","90121","353441"
"2019-07-08 23:26","FinalRequestProcessor.java","246482","90121","336603"
"2019-01-16 23:23","FinalRequestProcessor.java","233659","90094","323753"
"2018-09-18 01:00","FinalRequestProcessor.java","210693","52880","263573"
"2019-04-12 19:01","FinalRequestProcessor.java","239514","90122","329636"
"2019-02-07 11:26","FinalRequestProcessor.java","236011","90094","326105"
"2019-01-14 19:38","FinalRequestProcessor.java","232971","90094","323065"
"2013-03-07 07:01","FinalRequestProcessor.java","126288","15099","141387"
"2019-01-09 17:22","FinalRequestProcessor.java","235651","90094","325745"
"2011-07-01 00:53","FinalRequestProcessor.java","105124","11421","116545"
"2015-06-04 19:51","FinalRequestProcessor.java","155405","17158","172563"
"2009-06-26 22:29","FinalRequestProcessor.java","56917","5276","62193"
"2019-09-10 04:26","FinalRequestProcessor.java","258751","90121","348872"
"2019-08-17 17:13","FinalRequestProcessor.java","257706","90121","347827"
"2016-10-07 21:51","FinalRequestProcessor.java","162258","18960","181218"
"2014-01-24 07:18","FinalRequestProcessor.java","135245","15323","150568"
"2019-06-26 10:57","FinalRequestProcessor.java","245556","90121","335677"
"2019-08-01 07:28","FinalRequestProcessor.java","257887","90121","348008"
"2019-07-03 00:44","FinalRequestProcessor.java","245719","90121","335840"
"2016-03-23 00:30","FinalRequestProcessor.java","158445","18654","177099"
"2019-08-06 17:11","FinalRequestProcessor.java","258807","90121","348928"
"2015-03-17 18:06","FinalRequestProcessor.java","153009","17096","170105"
"2018-07-10 12:46","FinalRequestProcessor.java","178861","26278","205139"
"2010-01-25 04:28","FinalRequestProcessor.java","76831","8351","85182"
"2020-03-25 03:38","FinalRequestProcessor.java","270947","90577","361524"
"2019-09-16 23:26","FinalRequestProcessor.java","260725","90121","350846"
"2019-10-10 14:37","FinalRequestProcessor.java","261459","90121","351580"
"2009-11-07 01:48","FinalRequestProcessor.java","64375","7406","71781"
"2009-10-31 00:09","FinalRequestProcessor.java","63723","7159","70882"
"2010-01-26 01:17","FinalRequestProcessor.java","77284","8395","85679"
"2009-11-12 20:53","FinalRequestProcessor.java","65068","7512","72580"
"2019-11-21 05:58","FinalRequestProcessor.java","261329","90577","351906"
"2019-11-18 09:05","FinalRequestProcessor.java","261306","90577","351883"
"2012-12-19 19:16","FinalRequestProcessor.java","121446","14813","136259"
"2011-10-20 20:02","FinalRequestProcessor.java","108045","13578","121623"
"2011-04-12 09:14","FinalRequestProcessor.java","99928","10870","110798"
"2011-10-28 18:59","FinalRequestProcessor.java","108355","13637","121992"
"2019-11-11 13:59","FinalRequestProcessor.java","265116","90121","355237"
"2020-03-26 22:12","FinalRequestProcessor.java","270949","90577","361526"
"2014-04-17 08:47","FinalRequestProcessor.java","139174","16693","155867"
"2014-04-29 02:23","FinalRequestProcessor.java","139882","16695","156577"
"2010-03-19 07:46","FinalRequestProcessor.java","87453","8826","96279"
"2010-08-18 08:24","FinalRequestProcessor.java","107970","9957","117927"
"2013-10-09 22:21","FinalRequestProcessor.java","131663","15279","146942"
"2011-09-14 08:56","FinalRequestProcessor.java","108143","9527","117670"
"2019-08-17 17:13","ZKTrustManagerTest.java","111485","109882","221367"
"2011-07-01 00:53","PrepRequestProcessor.java","53622","22093","75715"
"2015-02-06 06:17","PrepRequestProcessor.java","106883","31267","138150"
"2012-02-06 10:39","PrepRequestProcessor.java","63344","25387","88731"
"2013-03-07 07:01","PrepRequestProcessor.java","80549","28435","108984"
"2019-02-07 11:26","PrepRequestProcessor.java","235470","151727","387197"
"2019-09-11 10:27","PrepRequestProcessor.java","258543","151776","410319"
"2018-07-19 05:59","PrepRequestProcessor.java","146263","52111","198374"
"2017-09-11 18:55","PrepRequestProcessor.java","121415","35530","156945"
"2019-01-16 14:21","PrepRequestProcessor.java","233117","151726","384843"
"2017-06-01 05:45","PrepRequestProcessor.java","120746","35325","156071"
"2012-04-14 02:32","PrepRequestProcessor.java","66181","26660","92841"
"2019-11-08 17:30","PrepRequestProcessor.java","262801","151776","414577"
"2016-11-13 20:59","PrepRequestProcessor.java","120182","33706","153888"
"2019-04-09 15:35","PrepRequestProcessor.java","238007","151739","389746"
"2019-04-17 14:16","PrepRequestProcessor.java","239259","151776","391035"
"2014-10-28 05:35","PrepRequestProcessor.java","104873","31196","136069"
"2019-05-10 12:22","PrepRequestProcessor.java","241694","151776","393470"
"2017-06-26 00:16","PrepRequestProcessor.java","121066","35367","156433"
"2019-02-07 11:22","PrepRequestProcessor.java","235132","151727","386859"
"2016-11-16 06:21","PrepRequestProcessor.java","120743","33720","154463"
"2019-08-01 07:31","PrepRequestProcessor.java","257858","151776","409634"
"2019-06-26 10:57","PrepRequestProcessor.java","245037","151776","396813"
"2014-01-24 07:18","PrepRequestProcessor.java","89895","29048","118943"
"2015-05-29 19:45","PrepRequestProcessor.java","109847","31440","141287"
"2016-10-07 21:51","PrepRequestProcessor.java","117914","33691","151605"
"2015-06-04 19:51","PrepRequestProcessor.java","110671","31499","142170"
"2019-08-17 17:13","PrepRequestProcessor.java","257187","151776","408963"
"2018-08-08 06:21","PrepRequestProcessor.java","170049","74417","244466"
"2018-05-09 23:57","PrepRequestProcessor.java","128241","35795","164036"
"2015-06-11 20:09","PrepRequestProcessor.java","110807","31509","142316"
"2019-12-27 22:33","PrepRequestProcessor.java","266804","152715","419519"
"2009-12-18 03:19","PrepRequestProcessor.java","5009","1744","6753"
"2009-12-11 21:24","PrepRequestProcessor.java","3679","867","4546"
"2014-04-01 01:47","PrepRequestProcessor.java","91433","29323","120756"
"2019-10-10 14:37","PrepRequestProcessor.java","260940","151776","412716"
"2020-03-25 03:38","PrepRequestProcessor.java","270911","152715","423626"
"2010-01-25 04:28","PrepRequestProcessor.java","8561","2255","10816"
"2011-08-15 02:35","PrepRequestProcessor.java","54918","20164","75082"
"2014-07-25 01:31","PrepRequestProcessor.java","102741","31140","133881"
"2013-10-09 22:21","PrepRequestProcessor.java","86253","28944","115197"
"2010-08-18 08:24","PrepRequestProcessor.java","51860","16021","67881"
"2011-09-17 02:36","PrepRequestProcessor.java","60041","23060","83101"
"2014-04-29 02:23","PrepRequestProcessor.java","94568","30456","125024"
"2015-03-08 23:07","PrepRequestProcessor.java","107086","31296","138382"
"2014-07-22 06:51","PrepRequestProcessor.java","102506","31094","133600"
"2012-03-15 17:47","PrepRequestProcessor.java","64588","25418","90006"
"2011-04-12 09:14","PrepRequestProcessor.java","48053","21169","69222"
"2011-11-01 15:41","PrepRequestProcessor.java","60652","24879","85531"
"2011-10-28 00:58","PrepRequestProcessor.java","60435","24824","85259"
"2011-10-20 20:02","PrepRequestProcessor.java","60069","24677","84746"
"2011-10-17 16:59","PrepRequestProcessor.java","59925","23125","83050"
"2018-06-15 07:41","PrepRequestProcessor.java","129012","35814","164826"
"2012-12-19 19:16","PrepRequestProcessor.java","75631","28073","103704"
"2011-11-14 20:18","PrepRequestProcessor.java","61276","24868","86144"
"2015-10-18 19:00","QuorumPeer.java","151263","24218","175481"
"2018-12-20 15:13","QuorumPeer.java","231230","103542","334772"
"2019-05-16 16:25","QuorumPeer.java","242487","103570","346057"
"2018-10-16 16:22","QuorumPeer.java","241982","80382","322364"
"2019-06-14 09:06","QuorumPeer.java","245685","103569","349254"
"2010-03-16 23:25","QuorumPeer.java","77573","12707","90280"
"2018-12-07 12:41","QuorumPeer.java","228244","103542","331786"
"2012-04-23 01:20","QuorumPeer.java","107812","21090","128902"
"2012-07-17 23:19","QuorumPeer.java","108600","21106","129706"
"2019-03-11 19:47","QuorumPeer.java","237664","103548","341212"
"2012-02-27 03:41","QuorumPeer.java","105531","20894","126425"
"2014-07-18 02:19","QuorumPeer.java","141227","23916","165143"
"2019-02-13 13:12","QuorumPeer.java","236613","103549","340162"
"2011-04-29 18:12","QuorumPeer.java","93723","17797","111520"
"2019-04-12 19:01","QuorumPeer.java","239495","103570","343065"
"2018-12-09 03:16","QuorumPeer.java","230318","103542","333860"
"2018-09-11 15:23","QuorumPeer.java","204645","60716","265361"
"2019-11-29 14:49","QuorumPeer.java","264702","104027","368729"
"2013-03-07 07:01","QuorumPeer.java","120554","21994","142548"
"2018-12-15 07:34","QuorumPeer.java","230233","103542","333775"
"2018-11-27 10:02","QuorumPeer.java","227994","103542","331536"
"2018-09-18 01:00","QuorumPeer.java","205946","60762","266708"
"2009-11-18 18:47","QuorumPeer.java","57260","8474","65734"
"2012-02-06 09:40","QuorumPeer.java","105098","20702","125800"
"2019-06-03 19:40","QuorumPeer.java","243018","103569","346587"
"2019-07-15 14:15","QuorumPeer.java","253106","103569","356675"
"2015-03-17 18:06","QuorumPeer.java","147389","24105","171494"
"2019-07-03 00:44","QuorumPeer.java","245700","103569","349269"
"2009-06-18 18:37","QuorumPeer.java","34872","4261","39133"
"2019-08-17 17:13","QuorumPeer.java","257687","103569","361256"
"2015-06-27 02:03","QuorumPeer.java","150140","24167","174307"
"2009-11-18 20:06","QuorumPeer.java","59614","8494","68108"
"2017-11-28 00:10","QuorumPeer.java","163338","27150","190488"
"2014-01-21 04:50","QuorumPeer.java","127924","22214","150138"
"2014-06-04 22:07","QuorumPeer.java","135228","23717","158945"
"2018-01-30 08:02","QuorumPeer.java","163524","27183","190707"
"2019-05-15 11:56","QuorumPeer.java","242442","103570","346012"
"2019-06-05 00:33","QuorumPeer.java","243408","103569","346977"
"2019-05-20 23:13","QuorumPeer.java","242560","103570","346130"
"2019-06-04 10:55","QuorumPeer.java","243171","103569","346740"
"2019-07-12 17:01","QuorumPeer.java","253000","103569","356569"
"2020-01-09 11:27","QuorumPeer.java","266248","104027","370275"
"2017-02-09 11:40","QuorumPeer.java","161234","26270","187504"
"2011-06-14 07:14","QuorumPeer.java","95375","17834","113209"
"2009-04-17 00:59","QuorumPeer.java","3235","1432","4667"
"2017-07-06 18:48","QuorumPeer.java","159676","27026","186702"
"2018-10-01 06:11","QuorumPeer.java","208614","60851","269465"
"2015-04-09 20:16","QuorumPeer.java","148454","24107","172561"
"2013-10-07 21:08","QuorumPeer.java","123499","22123","145622"
"2013-09-30 22:20","QuorumPeer.java","123062","22117","145179"
"2018-07-04 17:11","QuorumPeer.java","173840","33938","207778"
"2019-12-17 13:48","QuorumPeer.java","265274","104027","369301"
"2015-12-07 05:59","QuorumPeer.java","152096","24293","176389"
"2020-01-23 13:43","QuorumPeer.java","268072","104027","372099"
"2016-06-23 23:45","QuorumPeer.java","154589","25716","180305"
"2011-05-03 19:57","QuorumPeer.java","93728","17798","111526"
"2016-06-23 23:25","QuorumPeer.java","154481","25716","180197"
"2010-03-09 05:44","QuorumPeer.java","76682","12591","89273"
"2010-03-12 19:26","QuorumPeer.java","77501","12680","90181"
"2014-03-23 04:12","QuorumPeer.java","130266","22336","152602"
"2013-09-26 00:13","QuorumPeer.java","122816","22115","144931"
"2011-06-17 01:34","QuorumPeer.java","95492","17880","113372"
"2011-06-14 14:11","QuorumPeer.java","95402","17834","113236"
"2010-03-10 02:27","QuorumPeer.java","76901","12596","89497"
"2010-03-10 19:52","QuorumPeer.java","76994","12603","89597"
"2014-07-18 20:48","QuorumPeer.java","141690","23920","165610"
"2014-07-04 04:19","QuorumPeer.java","136880","23726","160606"
"2018-12-06 10:56","QuorumPeer.java","228188","103542","331730"
"2014-06-25 15:04","QuorumPeer.java","135727","23719","159446"
"2014-03-28 01:58","QuorumPeer.java","130686","22338","153024"
"2009-10-30 17:19","QuorumPeer.java","49984","7737","57721"
"2009-11-20 23:28","QuorumPeer.java","59942","8543","68485"
"2009-12-18 03:19","QuorumPeer.java","61229","9257","70486"
"2009-12-15 23:23","QuorumPeer.java","60417","8719","69136"
"2013-10-21 23:36","QuorumPeer.java","126291","22173","148464"
"2019-10-10 14:37","QuorumPeer.java","261440","103569","365009"
"2013-11-07 06:41","QuorumPeer.java","126749","22200","148949"
"2017-07-27 23:09","QuorumPeer.java","158698","27034","185732"
"2014-05-18 05:49","QuorumPeer.java","134729","23707","158436"
"2011-10-25 08:09","QuorumPeer.java","102335","20443","122778"
"2014-03-25 22:13","QuorumPeer.java","130502","22336","152838"
"2011-04-12 09:14","QuorumPeer.java","93363","17772","111135"
"2011-11-01 08:15","QuorumPeer.java","102600","20519","123119"
"2011-03-16 19:49","QuorumPeer.java","131907","14843","146750"
"2018-06-26 11:18","QuorumPeer.java","167167","27283","194450"
"2018-07-27 12:32","QuorumPeer.java","175088","33986","209074"
"2019-04-18 19:17","QuorumPeer.java","240205","103570","343775"
"2011-10-27 23:25","QuorumPeer.java","102522","20470","122992"
"2011-08-30 08:37","QuorumPeer.java","100990","16212","117202"
"2011-08-30 08:29","QuorumPeer.java","100978","16212","117190"
"2010-08-18 08:24","QuorumPeer.java","98726","14180","112906"
"2013-10-09 22:21","QuorumPeer.java","125929","22174","148103"
"2016-12-20 14:47","QuorumPeer.java","160043","26214","186257"
"2011-05-20 01:17","QuorumPeer.java","94212","17802","112014"
"2010-05-05 22:32","QuorumPeer.java","78494","13643","92137"
"2017-05-11 16:59","QuorumPeer.java","158785","27002","185787"
"2014-07-03 06:01","QuorumPeer.java","136457","23725","160182"
"2014-08-14 08:08","QuorumPeer.java","142605","23974","166579"
"2014-08-01 07:38","QuorumPeer.java","142183","23973","166156"
"2009-04-24 20:26","QuorumPeer.java","12711","2306","15017"
"2014-07-20 04:50","QuorumPeer.java","141761","23929","165690"
"2016-06-02 00:59","QuorumPeer.java","154110","25714","179824"
"2020-02-16 10:25","QuorumPeer.java","268785","104027","372812"
"2014-05-20 17:10","Environment.java","59034","19987","79021"
"2017-09-11 18:55","Environment.java","88187","27844","116031"
"2012-09-03 07:56","Environment.java","27544","10914","38458"
"2012-08-28 21:51","Environment.java","27493","10913","38406"
"2019-08-17 17:13","Environment.java","256932","178405","435337"
"2019-09-11 10:27","ZooKeeperServer.java","27405","26720","54125"
"2019-08-03 08:42","ZooKeeperServer.java","323","286","609"
"2019-09-10 04:26","ZooKeeperServer.java","26852","26478","53330"
"2019-08-17 17:13","ZooKeeperServer.java","24433","25104","49537"
"2019-09-05 23:12","ZooKeeperServer.java","26691","26443","53134"
"2019-09-10 15:21","ZooKeeperServer.java","27052","26680","53732"
"2019-11-23 17:08","ZooKeeperServer.java","37269","33239","70508"
"2019-10-09 16:49","ZooKeeperServer.java","30208","27293","57501"
"2019-12-27 22:33","ZooKeeperServer.java","41810","33803","75613"
"2019-11-18 09:05","ZooKeeperServer.java","35505","33032","68537"
"2019-10-10 14:37","ZooKeeperServer.java","30873","27791","58664"
"2019-09-16 23:26","ZooKeeperServer.java","29277","26929","56206"
"2019-12-03 10:01","ZooKeeperServer.java","39542","33610","73152"
"2020-03-25 03:38","ZooKeeperServer.java","47727","35613","83340"
"2019-11-28 12:24","ZooKeeperServer.java","37532","33297","70829"
"2019-11-06 15:21","ZooKeeperServer.java","31229","27931","59160"
"2020-04-12 11:14","ZooKeeperServer.java","49123","36256","85379"
"2019-07-08 23:26","ServerCnxn.java","854","91","945"
"2019-08-17 17:13","ServerCnxn.java","38727","26740","65467"
"2019-11-18 09:05","ServerCnxn.java","49545","34414","83959"
"2020-02-26 22:41","ServerCnxn.java","59263","36622","95885"
"2019-11-11 13:59","ServerCnxn.java","48777","29380","78157"
"2019-12-27 22:33","Observer.java","11303","6378","17681"
"2019-07-31 19:06","FourLetterCommands.java","255274","218737","474011"
"2017-03-04 19:22","FourLetterCommands.java","16060","9853","25913"
"2016-11-24 17:18","FourLetterCommands.java","13806","6289","20095"
"2015-07-10 08:19","FourLetterCommands.java","519","194","713"
"2019-08-17 17:13","FourLetterCommands.java","255967","218737","474704"
"2019-08-17 17:13","FLETestUtils.java","256464","181596","438060"
"2014-07-08 05:25","FLETestUtils.java","37947","12638","50585"
"2015-07-07 07:11","FLETestUtils.java","53056","15240","68296"
"2019-08-17 17:13","ReadOnlyModeTest.java","255250","224552","479802"
"2017-06-08 17:51","ReadOnlyModeTest.java","334","966","1300"
"2019-08-17 17:13","Leader.java","256104","214963","471067"
"2019-06-29 00:33","Leader.java","244091","214963","459054"
"2019-06-03 19:40","Leader.java","241435","214963","456398"
"2019-07-15 14:15","Leader.java","251523","214963","466486"
"2015-03-17 18:06","Leader.java","1478","256","1734"
"2019-07-25 21:41","Leader.java","252587","214963","467550"
"2018-05-10 06:00","Leader.java","33473","16358","49831"
"2018-07-12 01:33","Leader.java","43669","25621","69290"
"2018-02-07 01:05","Leader.java","30948","15967","46915"
"2017-11-28 00:10","Leader.java","29632","15506","45138"
"2019-06-05 00:33","Leader.java","241825","214963","456788"
"2015-04-10 22:22","Leader.java","2592","302","2894"
"2019-08-03 08:42","Leader.java","256812","214963","471775"
"2019-06-05 23:57","Leader.java","242094","214963","457057"
"2017-01-13 19:29","Leader.java","21504","8895","30399"
"2019-01-07 14:55","Leader.java","230885","214853","445738"
"2019-04-12 19:01","Leader.java","237895","214947","452842"
"2018-12-09 03:16","Leader.java","228651","214852","443503"
"2018-08-17 14:40","Leader.java","103753","83409","187162"
"2019-11-29 14:49","Leader.java","264107","216409","480516"
"2018-11-27 10:02","Leader.java","226327","214852","441179"
"2017-02-15 23:04","Leader.java","21614","11961","33575"
"2018-08-29 06:26","Leader.java","127721","107169","234890"
"2018-08-03 18:52","Leader.java","55709","36163","91872"
"2017-09-11 18:55","Leader.java","25332","15063","40395"
"2018-09-18 01:00","Leader.java","135605","112483","248088"
"2016-12-20 14:47","Leader.java","20571","8804","29375"
"2016-06-23 23:25","Leader.java","13369","6666","20035"
"2016-06-23 23:45","Leader.java","13511","6700","20211"
"2020-03-25 03:38","Leader.java","270337","216411","486748"
"2019-12-27 22:33","Leader.java","266229","216410","482639"
"2016-08-13 15:01","Leader.java","14694","7188","21882"
"2019-10-10 14:37","Leader.java","259857","214963","474820"
"2019-06-14 09:06","QuorumPeer.java","4257","1131","5388"
"2019-11-29 14:49","QuorumPeer.java","59517","37832","97349"
"2019-06-03 19:40","QuorumPeer.java","704","245","949"
"2019-07-15 14:15","QuorumPeer.java","15512","4965","20477"
"2019-07-03 00:44","QuorumPeer.java","7075","3934","11009"
"2019-08-17 17:13","QuorumPeer.java","44815","29687","74502"
"2019-06-05 00:33","QuorumPeer.java","1385","536","1921"
"2019-06-04 10:55","QuorumPeer.java","1081","469","1550"
"2019-07-12 17:01","QuorumPeer.java","15406","4965","20371"
"2020-01-09 11:27","QuorumPeer.java","62135","38904","101039"
"2019-12-17 13:48","QuorumPeer.java","60136","37879","98015"
"2020-01-23 13:43","QuorumPeer.java","64374","39319","103693"
"2019-10-10 14:37","QuorumPeer.java","50951","32070","83021"
"2020-02-16 10:25","QuorumPeer.java","65219","39451","104670"
"2018-10-04 15:46","ZooKeeperTest.java","126477","108227","234704"
"2016-10-16 14:21","ZooKeeperTest.java","1406","246","1652"
"2019-03-12 19:08","ZooKeeperTest.java","235912","222143","458055"
"2017-04-29 20:17","ZooKeeperTest.java","8178","5120","13298"
"2017-05-30 19:43","ZooKeeperTest.java","8332","6044","14376"
"2019-05-23 18:42","ZooKeeperTest.java","241096","222221","463317"
"2019-08-17 17:13","ZooKeeperTest.java","255885","222239","478124"
"2019-06-06 00:01","ZooKeeperTest.java","242021","222238","464259"
"2019-07-15 14:15","QuorumZooKeeperServer.java","251825","191763","443588"
"2019-06-26 10:57","QuorumZooKeeperServer.java","244256","191763","436019"
"2019-08-17 17:13","QuorumZooKeeperServer.java","256406","191763","448169"
"2019-05-15 11:56","QuorumZooKeeperServer.java","241144","191747","432891"
"2019-06-04 10:55","QuorumZooKeeperServer.java","241890","191763","433653"
"2017-03-21 17:49","QuorumZooKeeperServer.java","55449","21672","77121"
"2019-11-29 14:49","QuorumZooKeeperServer.java","264309","193109","457418"
"2013-10-09 22:21","QuorumZooKeeperServer.java","6718","1523","8241"
"2020-03-25 03:38","QuorumZooKeeperServer.java","270537","193109","463646"
"2016-08-13 15:01","QuorumZooKeeperServer.java","48980","17972","66952"
"2019-10-10 14:37","QuorumZooKeeperServer.java","260159","191763","451922"
"2019-08-17 17:13","StaticHostProvider.java","255234","223826","479060"
"2018-07-16 05:45","StaticHostProvider.java","31590","22820","54410"
"2019-08-17 17:13","Leader.java","256646","178080","434726"
"2019-06-29 00:33","Leader.java","244633","178080","422713"
"2019-06-03 19:40","Leader.java","241977","178080","420057"
"2014-05-20 23:42","Leader.java","40233","13823","54056"
"2019-07-15 14:15","Leader.java","252065","178080","430145"
"2015-03-17 18:06","Leader.java","53847","15200","69047"
"2019-07-25 21:41","Leader.java","253129","178080","431209"
"2018-05-10 06:00","Leader.java","80487","25947","106434"
"2018-07-12 01:33","Leader.java","89312","33839","123151"
"2018-02-07 01:05","Leader.java","78086","25680","103766"
"2017-11-28 00:10","Leader.java","76852","25301","102153"
"2019-06-05 00:33","Leader.java","242367","178080","420447"
"2015-04-10 22:22","Leader.java","54944","15229","70173"
"2019-08-03 08:42","Leader.java","257354","178080","435434"
"2019-06-05 23:57","Leader.java","242636","178080","420716"
"2012-12-08 00:38","Leader.java","11089","3799","14888"
"2013-10-07 21:08","Leader.java","23383","6644","30027"
"2012-12-31 02:38","Leader.java","14074","4663","18737"
"2017-01-13 19:29","Leader.java","71165","21131","92296"
"2012-07-05 18:01","Leader.java","5029","2665","7694"
"2019-01-07 14:55","Leader.java","231459","178002","409461"
"2019-04-12 19:01","Leader.java","238453","178080","416533"
"2018-12-09 03:16","Leader.java","229225","178001","407226"
"2018-08-17 14:40","Leader.java","144063","86294","230357"
"2019-11-29 14:49","Leader.java","264513","179390","443903"
"2013-03-07 07:01","Leader.java","19868","5945","25813"
"2018-11-27 10:02","Leader.java","226901","178001","404902"
"2015-02-06 06:17","Leader.java","52465","15040","67505"
"2017-02-15 23:04","Leader.java","70249","23171","93420"
"2014-07-18 02:19","Leader.java","47249","14575","61824"
"2018-08-29 06:26","Leader.java","161874","103897","265771"
"2018-08-03 18:52","Leader.java","101033","44062","145095"
"2013-05-14 14:27","Leader.java","20042","5994","26036"
"2017-09-11 18:55","Leader.java","72677","24983","97660"
"2018-09-18 01:00","Leader.java","169640","109093","278733"
"2012-03-15 17:47","Leader.java","1035","56","1091"
"2016-12-20 14:47","Leader.java","70295","21103","91398"
"2014-07-20 04:50","Leader.java","47838","14643","62481"
"2014-06-10 00:19","Leader.java","41179","13835","55014"
"2016-06-23 23:25","Leader.java","63884","19756","83640"
"2016-06-23 23:45","Leader.java","63991","19755","83746"
"2020-03-25 03:38","Leader.java","270741","179390","450131"
"2014-03-23 04:12","Leader.java","30698","7405","38103"
"2019-12-27 22:33","Leader.java","266634","179390","446024"
"2016-08-13 15:01","Leader.java","64984","20053","85037"
"2013-10-21 23:36","Leader.java","26371","6890","33261"
"2019-10-10 14:37","Leader.java","260399","178080","438479"
"2013-11-07 06:41","Leader.java","26875","6963","33838"
"2019-11-08 17:30","FinalRequestProcessor.java","263320","91004","354324"
"2019-07-08 23:26","FinalRequestProcessor.java","246482","91004","337486"
"2019-01-16 23:23","FinalRequestProcessor.java","233659","90977","324636"
"2018-09-18 01:00","FinalRequestProcessor.java","212364","55468","267832"
"2019-04-12 19:01","FinalRequestProcessor.java","239514","91005","330519"
"2019-02-07 11:26","FinalRequestProcessor.java","236011","90977","326988"
"2019-01-14 19:38","FinalRequestProcessor.java","232971","90977","323948"
"2013-03-07 07:01","FinalRequestProcessor.java","128422","18150","146572"
"2019-01-09 17:22","FinalRequestProcessor.java","235651","90977","326628"
"2011-07-01 00:53","FinalRequestProcessor.java","107372","14552","121924"
"2015-06-04 19:51","FinalRequestProcessor.java","157468","20138","177606"
"2009-06-26 22:29","FinalRequestProcessor.java","59646","8888","68534"
"2019-09-10 04:26","FinalRequestProcessor.java","258751","91004","349755"
"2019-08-17 17:13","FinalRequestProcessor.java","257706","91004","348710"
"2016-10-07 21:51","FinalRequestProcessor.java","164293","21912","186205"
"2014-01-24 07:18","FinalRequestProcessor.java","137360","18355","155715"
"2019-06-26 10:57","FinalRequestProcessor.java","245556","91004","336560"
"2019-08-01 07:28","FinalRequestProcessor.java","257887","91004","348891"
"2019-07-03 00:44","FinalRequestProcessor.java","245719","91004","336723"
"2016-03-23 00:30","FinalRequestProcessor.java","160475","21601","182076"
"2019-08-06 17:11","FinalRequestProcessor.java","258807","91004","349811"
"2015-03-17 18:06","FinalRequestProcessor.java","155076","20080","175156"
"2018-07-10 12:46","FinalRequestProcessor.java","180832","29166","209998"
"2009-01-16 00:48","FinalRequestProcessor.java","3448","4331","7779"
"2010-01-25 04:28","FinalRequestProcessor.java","79118","11521","90639"
"2020-03-25 03:38","FinalRequestProcessor.java","270947","91460","362407"
"2019-09-16 23:26","FinalRequestProcessor.java","260725","91004","351729"
"2019-10-10 14:37","FinalRequestProcessor.java","261459","91004","352463"
"2009-11-07 01:48","FinalRequestProcessor.java","66788","10702","77490"
"2009-10-31 00:09","FinalRequestProcessor.java","66190","10509","76699"
"2010-01-26 01:17","FinalRequestProcessor.java","79563","11557","91120"
"2009-11-12 20:53","FinalRequestProcessor.java","67458","10785","78243"
"2019-11-21 05:58","FinalRequestProcessor.java","261329","91460","352789"
"2019-11-18 09:05","FinalRequestProcessor.java","261306","91460","352766"
"2012-12-19 19:16","FinalRequestProcessor.java","123590","17874","141464"
"2011-10-20 20:02","FinalRequestProcessor.java","110200","16650","126850"
"2011-04-12 09:14","FinalRequestProcessor.java","102199","14024","116223"
"2011-10-28 18:59","FinalRequestProcessor.java","110510","16709","127219"
"2019-11-11 13:59","FinalRequestProcessor.java","265116","91004","356120"
"2020-03-26 22:12","FinalRequestProcessor.java","270949","91460","362409"
"2014-04-17 08:47","FinalRequestProcessor.java","141279","19715","160994"
"2014-04-29 02:23","FinalRequestProcessor.java","141987","19717","161704"
"2010-03-19 07:46","FinalRequestProcessor.java","89788","12044","101832"
"2010-08-18 08:24","FinalRequestProcessor.java","110256","13126","123382"
"2013-10-09 22:21","FinalRequestProcessor.java","133777","18310","152087"
"2011-09-14 08:56","FinalRequestProcessor.java","110320","12621","122941"
"2020-03-01 06:42","ManagedUtil.java","23330","11947","35277"
"2019-10-10 14:37","SyncRequestProcessor.java","7470","3717","11187"
"2020-01-07 20:39","SyncRequestProcessor.java","19289","10236","29525"
"2020-03-25 03:38","SyncRequestProcessor.java","24918","12133","37051"
"2019-09-11 10:27","ZooKeeperServer.java","27835","26660","54495"
"2019-08-03 08:42","ZooKeeperServer.java","889","362","1251"
"2019-09-10 04:26","ZooKeeperServer.java","27282","26418","53700"
"2019-08-17 17:13","ZooKeeperServer.java","24863","25044","49907"
"2019-09-05 23:12","ZooKeeperServer.java","27121","26383","53504"
"2019-09-10 15:21","ZooKeeperServer.java","27482","26620","54102"
"2019-11-23 17:08","ZooKeeperServer.java","37697","33177","70874"
"2019-10-09 16:49","ZooKeeperServer.java","30638","27233","57871"
"2019-12-27 22:33","ZooKeeperServer.java","42238","33741","75979"
"2019-11-18 09:05","ZooKeeperServer.java","35933","32970","68903"
"2019-10-10 14:37","ZooKeeperServer.java","31301","27729","59030"
"2019-09-16 23:26","ZooKeeperServer.java","29707","26869","56576"
"2019-12-03 10:01","ZooKeeperServer.java","39970","33548","73518"
"2020-03-25 03:38","ZooKeeperServer.java","48155","35551","83706"
"2019-11-28 12:24","ZooKeeperServer.java","37960","33235","71195"
"2019-11-06 15:21","ZooKeeperServer.java","31657","27869","59526"
"2020-04-12 11:14","ZooKeeperServer.java","49551","36194","85745"
"2019-08-17 17:13","ToStringTest.java","257015","167976","424991"
"2019-07-15 14:46","FileKeyStoreLoaderBuilderProviderTest.java","42763","14790","57553"
"2019-08-17 17:13","FileKeyStoreLoaderBuilderProviderTest.java","68806","36682","105488"
"2014-07-08 05:25","FLELostMessageTest.java","48477","18288","66765"
"2019-08-17 17:13","FLELostMessageTest.java","256750","177002","433752"
"2017-11-28 00:10","FLELostMessageTest.java","81670","28937","110607"
"2019-07-12 17:01","FLELostMessageTest.java","252063","177002","429065"
"2012-08-03 00:17","FLELostMessageTest.java","12640","7760","20400"
"2020-03-25 03:38","QuorumZooKeeperServer.java","10492","4264","14756"
"2019-08-17 17:13","KeeperException.java","255292","225011","480303"
"2019-07-24 18:00","KeeperException.java","251747","225011","476758"
"2017-07-28 00:36","KeeperException.java","6344","7498","13842"
"2020-03-25 03:38","KeeperException.java","269683","226617","496300"
"2018-07-27 05:16","KeeperException.java","37971","29983","67954"
"2019-08-17 17:13","CliParseException.java","255887","221798","477685"
"2019-08-17 17:13","GetCommand.java","52428","30087","82515"
"2019-08-17 17:13","Leader.java","255265","223777","479042"
"2019-06-29 00:33","Leader.java","243251","223776","467027"
"2019-06-03 19:40","Leader.java","240595","223776","464371"
"2019-07-15 14:15","Leader.java","250684","223777","474461"
"2019-07-25 21:41","Leader.java","251748","223777","475525"
"2018-05-10 06:00","Leader.java","12269","4807","17076"
"2018-07-12 01:33","Leader.java","23656","15261","38917"
"2018-02-07 01:05","Leader.java","9607","4279","13886"
"2017-11-28 00:10","Leader.java","8214","3741","11955"
"2019-06-05 00:33","Leader.java","240985","223776","464761"
"2019-08-03 08:42","Leader.java","255973","223777","479750"
"2019-06-05 23:57","Leader.java","241254","223776","465030"
"2019-01-07 14:55","Leader.java","230037","223658","453695"
"2019-04-12 19:01","Leader.java","237053","223758","460811"
"2018-12-09 03:16","Leader.java","227803","223657","451460"
"2018-08-17 14:40","Leader.java","84216","73525","157741"
"2019-11-29 14:49","Leader.java","263435","225390","488825"
"2018-11-27 10:02","Leader.java","225479","223657","449136"
"2018-08-29 06:26","Leader.java","109068","98169","207237"
"2018-08-03 18:52","Leader.java","35754","25861","61615"
"2017-09-11 18:55","Leader.java","3842","3226","7068"
"2018-09-18 01:00","Leader.java","117460","103991","221451"
"2020-03-25 03:38","Leader.java","269665","225392","495057"
"2019-12-27 22:33","Leader.java","265557","225391","490948"
"2019-10-10 14:37","Leader.java","259018","223777","482795"
"2020-03-26 18:41","ZooKeeperMain.java","270792","179868","450660"
"2016-10-16 14:21","ZooKeeperMain.java","82879","24541","107420"
"2011-05-20 01:17","ZooKeeperMain.java","483","55","538"
"2020-04-01 17:02","ZooKeeperMain.java","271116","179868","450984"
"2013-10-01 23:18","ZooKeeperMain.java","41886","13290","55176"
"2019-10-10 14:37","ZooKeeperMain.java","260663","178774","439437"
"2015-11-22 00:33","ZooKeeperMain.java","77634","22369","100003"
"2020-03-26 22:19","ZooKeeperMain.java","270861","179868","450729"
"2011-08-18 22:05","ZooKeeperMain.java","10471","1589","12060"
"2015-11-08 22:54","ZooKeeperMain.java","77287","22315","99602"
"2016-07-27 01:33","ZooKeeperMain.java","80864","24074","104938"
"2014-04-04 00:39","ZooKeeperMain.java","50471","14056","64527"
"2019-11-28 12:24","ZooKeeperMain.java","262910","179868","442778"
"2016-11-13 20:59","ZooKeeperMain.java","85104","24561","109665"
"2019-08-03 08:42","ZooKeeperMain.java","257618","178774","436392"
"2012-03-18 07:03","ZooKeeperMain.java","23526","10332","33858"
"2017-07-28 00:36","ZooKeeperMain.java","87007","27618","114625"
"2016-05-02 18:15","ZooKeeperMain.java","79534","24010","103544"
"2015-03-28 20:08","ZooKeeperMain.java","72931","21037","93968"
"2019-08-17 17:13","ZooKeeperMain.java","256910","178774","435684"
"2013-09-02 23:04","ZooKeeperMain.java","40974","13138","54112"
"2018-08-06 14:11","ZooKeeperMain.java","114576","45241","159817"
"2019-08-17 17:13","QuorumBase.java","24433","25104","49537"
"2019-10-10 14:37","QuorumBase.java","30873","27791","58664"
"2020-03-25 03:38","QuorumBase.java","47727","35613","83340"
"2011-11-05 21:57","Learner.java","67591","24890","92481"
"2011-04-12 09:14","Learner.java","54664","21320","75984"
"2020-03-19 17:09","Learner.java","270115","146255","416370"
"2013-10-09 22:21","Learner.java","92615","28863","121478"
"2011-09-14 08:56","Learner.java","66422","20438","86860"
"2020-02-03 04:30","Learner.java","268610","146255","414865"
"2020-01-23 13:43","Learner.java","268053","146255","414308"
"2017-07-04 07:39","Learner.java","127520","35145","162665"
"2020-03-25 03:38","Learner.java","270911","146255","417166"
"2011-06-17 01:34","Learner.java","56883","21518","78401"
"2015-03-15 08:54","Learner.java","113525","31180","144705"
"2019-11-28 12:24","Learner.java","263032","146255","409287"
"2019-12-27 22:33","Learner.java","266804","146255","413059"
"2020-01-25 18:48","Learner.java","268243","146255","414498"
"2020-05-03 19:43","Learner.java","271847","146255","418102"
"2016-08-13 15:01","Learner.java","122915","33350","156265"
"2009-12-18 03:19","Learner.java","12655","2930","15585"
"2013-10-21 23:36","Learner.java","92977","28862","121839"
"2019-10-10 14:37","Learner.java","261000","145376","406376"
"2015-01-25 01:22","Learner.java","112958","31104","144062"
"2019-06-03 19:40","Learner.java","242578","145376","387954"
"2015-03-17 18:06","Learner.java","114479","31198","145677"
"2019-07-15 14:15","Learner.java","252666","145376","398042"
"2019-08-23 19:43","Learner.java","257913","145376","403289"
"2016-09-08 22:59","Learner.java","123292","33479","156771"
"2019-08-17 17:13","Learner.java","257247","145376","402623"
"2017-11-28 00:10","Learner.java","131551","35366","166917"
"2014-03-12 23:57","Learner.java","96694","29055","125749"
"2018-05-09 00:54","Learner.java","133847","35534","169381"
"2019-04-09 15:35","Learner.java","238071","145343","383414"
"2011-06-14 07:14","Learner.java","56758","21464","78222"
"2019-07-12 17:01","Learner.java","252560","145376","397936"
"2017-07-06 18:48","Learner.java","127799","35152","162951"
"2013-10-07 21:08","Learner.java","90085","28712","118797"
"2017-08-18 06:32","Learner.java","127362","35212","162574"
"2019-07-02 07:34","Learner.java","245190","145376","390566"
"2018-10-16 16:22","Learner.java","239011","117414","356425"
"2012-01-31 07:45","Learner.java","69086","25092","94178"
"2014-07-18 02:19","Learner.java","108260","30952","139212"
"2017-02-12 00:12","Learner.java","126435","34724","161159"
"2011-01-22 20:38","Learner.java","91515","17036","108551"
"2018-12-09 03:16","Learner.java","229857","145328","375185"
"2013-03-07 07:01","Learner.java","86927","28370","115297"
"2019-11-29 14:49","Learner.java","264683","146255","410938"
"2018-11-27 10:02","Learner.java","227533","145328","372861"
"2018-08-06 14:11","Learner.java","149198","47487","196685"
"2011-02-07 20:26","Learner.java","91636","17140","108776"
"2019-05-14 17:11","SyncRequestProcessor.java","242167","133993","376160"
"2010-03-14 05:01","SyncRequestProcessor.java","47720","13491","61211"
"2019-06-05 00:46","SyncRequestProcessor.java","243360","133993","377353"
"2019-05-22 11:39","SyncRequestProcessor.java","242700","133993","376693"
"2013-09-30 22:20","SyncRequestProcessor.java","97694","27235","124929"
"2019-06-03 19:40","SyncRequestProcessor.java","242831","133993","376824"
"2019-08-17 17:13","SyncRequestProcessor.java","257500","133993","391493"
"2009-11-07 08:16","SyncRequestProcessor.java","18564","5649","24213"
"2019-10-10 14:37","SyncRequestProcessor.java","261253","133993","395246"
"2013-10-24 20:41","SyncRequestProcessor.java","101449","27476","128925"
"2020-01-07 20:39","SyncRequestProcessor.java","267192","134632","401824"
"2020-03-25 03:38","SyncRequestProcessor.java","270924","134632","405556"
"2010-08-18 08:24","SyncRequestProcessor.java","71740","17805","89545"
"2015-03-08 23:07","SyncRequestProcessor.java","121360","29610","150970"
"2011-04-12 09:14","SyncRequestProcessor.java","67194","22214","89408"
"2019-04-30 18:08","SyncRequestProcessor.java","241336","133993","375329"
"2013-09-18 12:58","ClientCnxn.java","44086","55507","99593"
"2015-01-31 08:05","ClientCnxn.java","72991","63106","136097"
"2016-05-02 18:15","ClientCnxn.java","82110","66189","148299"
"2014-01-24 07:18","ClientCnxn.java","51306","55995","107301"
"2019-08-17 17:13","ClientCnxn.java","256985","218452","475437"
"2015-05-10 00:27","ClientCnxn.java","75739","63315","139054"
"2017-12-19 19:27","ClientCnxn.java","94276","70026","164302"
"2019-01-31 15:50","ClientCnxn.java","234587","218387","452974"
"2012-08-02 00:24","ClientCnxn.java","29374","53220","82594"
"2019-04-09 15:35","ClientCnxn.java","237791","218401","456192"
"2013-02-03 15:52","ClientCnxn.java","37361","54846","92207"
"2014-12-20 15:29","ClientCnxn.java","72973","63099","136072"
"2012-03-15 18:01","ClientCnxn.java","24549","50785","75334"
"2019-11-08 17:30","ClientCnxn.java","262599","218452","481051"
"2017-06-08 17:59","ClientCnxn.java","89512","69552","159064"
"2012-09-09 20:24","ClientCnxn.java","30194","53301","83495"
"2019-01-16 14:21","ClientCnxn.java","232900","218387","451287"
"2019-01-07 14:24","ClientCnxn.java","231749","218386","450135"
"2019-03-06 03:32","ClientCnxn.java","236718","218400","455118"
"2011-09-14 07:43","ClientCnxn.java","18244","44595","62839"
"2011-08-19 00:05","ClientCnxn.java","15812","44383","60195"
"2015-02-06 06:17","ClientCnxn.java","73230","63150","136380"
"2019-02-07 11:26","ClientCnxn.java","235253","218388","453641"
"2018-11-05 19:40","ClientCnxn.java","236904","187197","424101"
"2011-04-12 09:14","ClientCnxn.java","2974","42968","45942"
"2010-11-30 21:16","ClientCnxn.java","941","570","1511"
"2020-05-17 15:13","ClientCnxn.java","272005","219527","491532"
"2018-06-25 12:30","ClientCnxn.java","98061","70285","168346"
"2012-12-19 19:16","ClientCnxn.java","36816","54794","91610"
"2020-03-03 03:12","ClientCnxn.java","269793","219525","489318"
"2018-09-10 11:44","ClientCnxn.java","179753","148792","328545"
"2011-09-28 22:17","ClientCnxn.java","19307","47605","66912"
"2015-06-13 02:42","ClientCnxn.java","77396","63510","140906"
"2011-05-20 01:17","ClientCnxn.java","3967","43142","47109"
"2014-03-23 04:12","ClientCnxn.java","52120","56172","108292"
"2015-11-09 00:05","ClientCnxn.java","79893","64515","144408"
"2015-12-06 19:58","ClientCnxn.java","80236","64553","144789"
"2020-01-21 17:53","ClientCnxn.java","266054","219525","485579"
"2015-12-05 22:43","ClientCnxn.java","80233","64553","144786"
"2015-12-05 22:32","ClientCnxn.java","80227","64552","144779"
"2019-10-10 14:37","ClientCnxn.java","260738","218452","479190"
"2014-04-01 04:03","ClientCnxn.java","53158","56367","109525"
"2013-09-18 15:14","ClientCnxn.java","44104","55507","99611"
"2013-09-18 04:08","ClientCnxn.java","44000","55507","99507"
"2019-11-21 05:58","ClientCnxn.java","261225","219525","480750"
"2020-04-16 12:50","ClientCnxn.java","271632","219525","491157"
"2018-07-27 05:16","ClientCnxn.java","116042","87114","203156"
"2019-06-04 10:55","LeaderZooKeeperServer.java","386","233","619"
"2019-08-17 17:13","LeaderZooKeeperServer.java","44192","29523","73715"
"2019-11-25 15:37","LeaderZooKeeperServer.java","56849","37372","94221"
"2019-12-27 22:33","LeaderZooKeeperServer.java","61187","37840","99027"
"2019-10-10 14:37","QuorumPeerMain.java","260685","178405","439090"
"2020-01-23 13:43","QuorumPeerMain.java","267953","179499","447452"
"2019-11-28 12:24","QuorumPeerMain.java","262932","179499","442431"
"2012-03-06 09:20","QuorumPeerMain.java","21202","8372","29574"
"2013-10-09 22:21","QuorumPeerMain.java","45363","13596","58959"
"2011-09-02 22:50","QuorumPeerMain.java","15039","1837","16876"
"2020-02-16 10:25","QuorumPeerMain.java","268666","179499","448165"
"2019-04-18 19:17","QuorumPeerMain.java","239450","178406","417856"
"2019-11-11 13:59","QuorumPeerMain.java","264342","178405","442747"
"2019-04-12 19:01","QuorumPeerMain.java","238740","178406","417146"
"2018-09-11 15:23","QuorumPeerMain.java","179103","107162","286265"
"2017-02-13 22:09","QuorumPeerMain.java","86480","26754","113234"
"2014-07-18 02:19","QuorumPeerMain.java","65966","20643","86609"
"2018-08-06 14:11","QuorumPeerMain.java","114997","45271","160268"
"2012-04-23 01:20","QuorumPeerMain.java","25525","10791","36316"
"2017-07-28 00:36","QuorumPeerMain.java","87433","27653","115086"
"2019-08-17 17:13","QuorumPeerMain.java","256932","178405","435337"
"2015-03-17 18:06","QuorumPeerMain.java","72397","21101","93498"
"2017-11-28 00:10","QuorumPeerMain.java","92166","27966","120132"
"2013-09-18 12:58","ClientCnxn.java","44129","55554","99683"
"2015-01-31 08:05","ClientCnxn.java","73030","63149","136179"
"2016-05-02 18:15","ClientCnxn.java","82148","66231","148379"
"2014-01-24 07:18","ClientCnxn.java","51349","56042","107391"
"2019-08-17 17:13","ClientCnxn.java","256985","218456","475441"
"2015-05-10 00:27","ClientCnxn.java","75778","63358","139136"
"2017-12-19 19:27","ClientCnxn.java","94311","70065","164376"
"2019-01-31 15:50","ClientCnxn.java","234587","218391","452978"
"2012-08-02 00:24","ClientCnxn.java","29418","53268","82686"
"2019-04-09 15:35","ClientCnxn.java","237791","218405","456196"
"2013-02-03 15:52","ClientCnxn.java","37404","54893","92297"
"2014-12-20 15:29","ClientCnxn.java","73012","63142","136154"
"2012-03-15 18:01","ClientCnxn.java","24593","50833","75426"
"2019-11-08 17:30","ClientCnxn.java","262599","218456","481055"
"2017-06-08 17:59","ClientCnxn.java","89547","69591","159138"
"2012-09-09 20:24","ClientCnxn.java","30237","53348","83585"
"2019-01-16 14:21","ClientCnxn.java","232900","218391","451291"
"2019-01-07 14:24","ClientCnxn.java","231749","218390","450139"
"2019-03-06 03:32","ClientCnxn.java","236718","218404","455122"
"2010-11-11 18:11","ClientCnxn.java","48","52","100"
"2011-09-14 07:43","ClientCnxn.java","18288","44643","62931"
"2011-08-19 00:05","ClientCnxn.java","15857","44432","60289"
"2015-02-06 06:17","ClientCnxn.java","73269","63193","136462"
"2019-02-07 11:26","ClientCnxn.java","235253","218392","453645"
"2018-11-05 19:40","ClientCnxn.java","236904","187201","424105"
"2011-04-12 09:14","ClientCnxn.java","3022","43020","46042"
"2010-11-30 21:16","ClientCnxn.java","989","622","1611"
"2020-05-17 15:13","ClientCnxn.java","272005","219531","491536"
"2018-06-25 12:30","ClientCnxn.java","98096","70324","168420"
"2012-12-19 19:16","ClientCnxn.java","36859","54841","91700"
"2020-03-03 03:12","ClientCnxn.java","269793","219529","489322"
"2018-09-10 11:44","ClientCnxn.java","179788","148831","328619"
"2011-09-28 22:17","ClientCnxn.java","19351","47653","67004"
"2015-06-13 02:42","ClientCnxn.java","77434","63552","140986"
"2011-05-20 01:17","ClientCnxn.java","4012","43191","47203"
"2014-03-23 04:12","ClientCnxn.java","52163","56219","108382"
"2015-11-09 00:05","ClientCnxn.java","79931","64557","144488"
"2015-12-06 19:58","ClientCnxn.java","80274","64595","144869"
"2020-01-21 17:53","ClientCnxn.java","266054","219529","485583"
"2015-12-05 22:43","ClientCnxn.java","80271","64595","144866"
"2015-12-05 22:32","ClientCnxn.java","80265","64594","144859"
"2019-10-10 14:37","ClientCnxn.java","260738","218456","479194"
"2014-04-01 04:03","ClientCnxn.java","53201","56414","109615"
"2013-09-18 15:14","ClientCnxn.java","44147","55554","99701"
"2013-09-18 04:08","ClientCnxn.java","44043","55554","99597"
"2019-11-21 05:58","ClientCnxn.java","261225","219529","480754"
"2020-04-16 12:50","ClientCnxn.java","271632","219529","491161"
"2018-07-27 05:16","ClientCnxn.java","116077","87153","203230"
"2019-11-08 17:30","ZooKeeper.java","32722","27816","60538"
"2019-08-17 17:13","ZooKeeper.java","24190","24898","49088"
"2020-04-16 12:50","ZooKeeper.java","49004","36138","85142"
"2019-10-10 14:37","ZooKeeper.java","30687","27642","58329"
"2020-05-17 15:13","ZooKeeper.java","52682","39445","92127"
"2019-07-25 21:41","LearnerMaster.java","38206","14381","52587"
"2019-08-17 17:13","LearnerMaster.java","63823","36481","100304"
"2019-10-10 14:37","LearnerMaster.java","69561","38466","108027"
"2015-05-14 07:10","CnxManagerTest.java","73395","21151","94546"
"2020-03-12 14:47","CnxManagerTest.java","269969","179834","449803"
"2019-08-17 17:13","CnxManagerTest.java","256932","178740","435672"
"2019-06-03 19:40","CnxManagerTest.java","242263","178740","421003"
"2017-11-28 00:10","CnxManagerTest.java","91780","27915","119695"
"2019-07-12 17:01","CnxManagerTest.java","252245","178740","430985"
"2019-05-08 21:54","CnxManagerTest.java","241435","178741","420176"
"2019-08-06 12:52","CnxManagerTest.java","257905","178740","436645"
"2019-06-14 09:06","CnxManagerTest.java","244930","178740","423670"
"2013-03-07 07:01","CnxManagerTest.java","39117","12880","51997"
"2019-11-29 14:49","CnxManagerTest.java","264583","179834","444417"
"2015-02-06 06:17","CnxManagerTest.java","70631","20892","91523"
"2017-09-11 18:55","CnxManagerTest.java","87799","27791","115590"
"2011-09-17 02:13","CnxManagerTest.java","15801","4669","20470"
"2011-09-14 06:32","CnxManagerTest.java","14921","1818","16739"
"2020-02-16 10:25","CnxManagerTest.java","268666","179834","448500"
"2014-06-25 15:04","CnxManagerTest.java","59609","19924","79533"
"2015-11-03 08:11","CnxManagerTest.java","77054","22294","99348"
"2019-10-10 14:37","CnxManagerTest.java","260685","178740","439425"
"2014-07-23 19:36","CnxManagerTest.java","66216","20625","86841"
"2019-08-17 17:13","QuorumPeerConfigTest.java","63127","35700","98827"
"2019-04-18 19:17","QuorumPeerConfigTest.java","17549","7605","25154"
"2020-05-14 18:18","QuorumPeerConfigTest.java","89325","48033","137358"
"2017-01-07 01:09","Zab1_0Test.java","14668","6351","21019"
"2015-12-06 21:30","Zab1_0Test.java","1941","390","2331"
"2019-12-17 13:48","Zab1_0Test.java","264640","220459","485099"
"2019-12-27 22:33","Zab1_0Test.java","266190","220460","486650"
"2019-10-10 14:37","Zab1_0Test.java","259719","218914","478633"
"2019-08-17 17:13","Zab1_0Test.java","255966","218914","474880"
"2019-06-03 19:40","Zab1_0Test.java","241296","218913","460209"
"2018-05-10 06:00","Zab1_0Test.java","27155","14129","41284"
"2017-11-28 00:10","Zab1_0Test.java","23301","13264","36565"
"2017-08-18 06:32","Zab1_0Test.java","18632","12630","31262"
"2017-02-12 00:12","Zab1_0Test.java","15215","9652","24867"
"2010-04-26 21:58","QuorumPeerTestBase.java","4415","5148","9563"
"2010-03-31 06:26","QuorumPeerTestBase.java","2961","2714","5675"
"2014-08-14 08:08","QuorumPeerTestBase.java","93857","36606","130463"
"2014-07-26 04:11","QuorumPeerTestBase.java","93293","36606","129899"
"2014-03-25 22:13","QuorumPeerTestBase.java","76892","30106","106998"
"2016-11-03 16:07","QuorumPeerTestBase.java","109105","39232","148337"
"2019-12-27 22:33","QuorumPeerTestBase.java","266740","168776","435516"
"2019-10-10 14:37","QuorumPeerTestBase.java","260768","167729","428497"
"2016-06-23 23:25","QuorumPeerTestBase.java","106165","38780","144945"
"2014-07-18 20:48","QuorumPeerTestBase.java","92926","36536","129462"
"2014-08-19 22:50","QuorumPeerTestBase.java","93998","36633","130631"
"2011-06-14 07:14","QuorumPeerTestBase.java","32540","19831","52371"
"2019-07-12 17:01","QuorumPeerTestBase.java","252328","167729","420057"
"2017-01-13 19:29","QuorumPeerTestBase.java","112908","39617","152525"
"2015-03-17 18:06","QuorumPeerTestBase.java","98705","36801","135506"
"2019-08-17 17:13","QuorumPeerTestBase.java","257015","167729","424744"
"2017-11-28 00:10","QuorumPeerTestBase.java","116781","41973","158754"
"2014-01-21 04:50","QuorumPeerTestBase.java","74254","29924","104178"
"2017-12-16 01:25","QuorumPeerTestBase.java","116825","41973","158798"
"2014-07-18 02:19","QuorumPeerTestBase.java","92438","36507","128945"
"2013-03-07 07:01","QuorumPeerTestBase.java","66467","29287","95754"
"2018-10-12 10:25","QuorumPeerTestBase.java","234146","136888","371034"
"2012-07-17 23:25","QuorumPeerTestBase.java","54348","27609","81957"
"2019-08-17 17:13","ObserverQuorumHammerTest.java","257187","154189","411376"
"2010-03-31 06:26","ObserverQuorumHammerTest.java","26483","12524","39007"
"2011-04-12 09:14","ObserverQuorumHammerTest.java","46141","21670","67811"
"2019-12-27 22:33","FileTxnSnapLog.java","265463","233223","498686"
"2019-10-10 14:37","FileTxnSnapLog.java","258602","231287","489889"
"2019-12-13 08:51","FileTxnSnapLog.java","263499","233222","496721"
"2020-01-23 16:46","FileTxnSnapLog.java","266713","233224","499937"
"2020-01-28 17:26","FileTxnSnapLog.java","267184","233224","500408"
"2019-09-02 08:23","FileTxnSnapLog.java","255506","231287","486793"
"2019-07-31 19:06","FileTxnSnapLog.java","254155","231286","485441"
"2018-07-30 06:22","FileTxnSnapLog.java","23111","21456","44567"
"2020-01-30 09:43","FileTxnSnapLog.java","267260","233224","500484"
"2019-05-14 17:11","FileTxnSnapLog.java","239495","231266","470761"
"2019-05-21 23:34","FileTxnSnapLog.java","239818","231268","471086"
"2019-05-27 10:54","FileTxnSnapLog.java","240150","231268","471418"
"2019-08-17 17:13","FileTxnSnapLog.java","254848","231286","486134"
"2019-10-10 14:37","ClientTest.java","259029","226563","485592"
"2019-12-28 16:17","ClientTest.java","265466","228168","493634"
"2017-05-01 17:19","ClientTest.java","1985","3841","5826"
"2018-11-22 17:56","ClientTest.java","223853","226443","450296"
"2017-06-30 22:43","ClientTest.java","2741","5076","7817"
"2019-03-06 03:32","ClientTest.java","234965","226467","461432"
"2019-08-17 17:13","ClientTest.java","255276","226563","481839"
"2019-08-17 17:13","UnifiedServerSocket.java","66092","36426","102518"
"2019-03-11 19:47","UnifiedServerSocket.java","18136","8472","26608"
"2019-10-10 14:37","UnifiedServerSocket.java","71822","38403","110225"
"2014-02-12 17:00","LearnerHandler.java","119920","22720","142640"
"2014-03-23 04:12","LearnerHandler.java","120407","22820","143227"
"2010-01-25 04:28","LearnerHandler.java","53353","8745","62098"
"2019-10-10 14:37","LearnerHandler.java","261311","113845","375156"
"2015-06-05 20:38","LearnerHandler.java","139956","24678","164634"
"2015-06-05 20:51","LearnerHandler.java","139983","24678","164661"
"2015-06-12 23:02","LearnerHandler.java","140088","24685","164773"
"2009-08-25 07:45","LearnerHandler.java","35300","5094","40394"
"2010-03-11 15:05","LearnerHandler.java","66527","12490","79017"
"2009-10-30 17:19","LearnerHandler.java","38635","6793","45428"
"2009-11-30 13:03","LearnerHandler.java","48729","7684","56413"
"2011-04-12 09:14","LearnerHandler.java","83159","17973","101132"
"2013-09-26 14:05","LearnerHandler.java","113091","22582","135673"
"2019-07-03 20:54","LearnerHandler.java","245552","113845","359397"
"2011-09-14 08:56","LearnerHandler.java","92196","16552","108748"
"2011-08-30 08:37","LearnerHandler.java","90894","16459","107353"
"2010-07-29 23:10","LearnerHandler.java","82677","13726","96403"
"2011-09-17 02:36","LearnerHandler.java","92194","19110","111304"
"2012-04-23 01:20","LearnerHandler.java","97889","21510","119399"
"2013-06-28 23:22","LearnerHandler.java","112661","22582","135243"
"2018-09-18 01:00","LearnerHandler.java","201360","66519","267879"
"2010-11-04 17:01","LearnerHandler.java","118498","14275","132773"
"2012-02-06 09:40","LearnerHandler.java","95072","21019","116091"
"2013-05-14 14:27","LearnerHandler.java","110799","22457","133256"
"2018-08-03 18:52","LearnerHandler.java","170773","39508","210281"
"2011-01-22 20:38","LearnerHandler.java","121041","14720","135761"
"2018-12-09 03:16","LearnerHandler.java","230173","113802","343975"
"2019-04-12 19:01","LearnerHandler.java","239365","113845","353210"
"2013-03-07 07:01","LearnerHandler.java","110655","22438","133093"
"2009-11-18 20:06","LearnerHandler.java","48346","7631","55977"
"2017-11-28 00:10","LearnerHandler.java","153827","27982","181809"
"2019-06-29 00:33","LearnerHandler.java","245545","113845","359390"
"2013-05-11 15:35","LearnerHandler.java","110703","22438","133141"
"2019-07-25 21:41","LearnerHandler.java","254041","113845","367886"
"2019-08-23 19:43","LearnerHandler.java","258224","113845","372069"
"2019-08-17 17:13","LearnerHandler.java","257558","113845","371403"
"2009-06-18 18:37","LearnerHandler.java","22640","2434","25074"
"2009-06-26 22:29","LearnerHandler.java","32275","4506","36781"
"2009-06-15 22:52","LearnerHandler.java","21189","2054","23243"
"2017-06-26 00:16","LearnerHandler.java","149620","27818","177438"
"2017-08-03 20:28","LearnerHandler.java","149292","27842","177134"
"2012-07-29 07:02","LearnerHandler.java","99314","21532","120846"
"2019-05-06 17:48","LearnerHandler.java","241871","113845","355716"
"2019-08-03 08:42","LearnerHandler.java","258266","113845","372111"
"2019-04-22 19:15","LearnerHandler.java","240340","113845","354185"
"2011-06-14 07:14","LearnerHandler.java","85194","18058","103252"
"2015-02-06 06:17","StaticHostProviderTest.java","40286","12246","52532"
"2014-06-27 23:47","StaticHostProviderTest.java","28758","10212","38970"
"2013-11-05 03:02","StaticHostProviderTest.java","13418","2939","16357"
"2014-07-17 22:56","StaticHostProviderTest.java","31673","11151","42824"
"2019-08-17 17:13","StaticHostProviderTest.java","256413","187232","443645"
"2018-07-16 05:45","StaticHostProviderTest.java","89120","42577","131697"
"2015-05-10 00:27","StaticHostProviderTest.java","42877","12493","55370"
"2019-08-17 17:13","Leader.java","256151","210259","466410"
"2019-06-29 00:33","Leader.java","244138","210259","454397"
"2019-06-03 19:40","Leader.java","241482","210259","451741"
"2019-07-15 14:15","Leader.java","251570","210259","461829"
"2015-03-17 18:06","Leader.java","7608","1635","9243"
"2019-07-25 21:41","Leader.java","252634","210259","462893"
"2018-05-10 06:00","Leader.java","39040","17174","56214"
"2018-07-12 01:33","Leader.java","48461","25662","74123"
"2018-02-07 01:05","Leader.java","36520","16788","53308"
"2017-11-28 00:10","Leader.java","35212","16335","51547"
"2019-06-05 00:33","Leader.java","241872","210259","452131"
"2015-04-10 22:22","Leader.java","8722","1681","10403"
"2019-08-03 08:42","Leader.java","256859","210259","467118"
"2019-06-05 23:57","Leader.java","242141","210259","452400"
"2017-01-13 19:29","Leader.java","27273","9913","37186"
"2019-01-07 14:55","Leader.java","230933","210150","441083"
"2019-04-12 19:01","Leader.java","237942","210243","448185"
"2018-12-09 03:16","Leader.java","228699","210149","438848"
"2018-08-17 14:40","Leader.java","108475","83380","191855"
"2019-11-29 14:49","Leader.java","264148","211699","475847"
"2018-11-27 10:02","Leader.java","226375","210149","436524"
"2015-02-06 06:17","Leader.java","6147","1396","7543"
"2017-02-15 23:04","Leader.java","27230","12826","40056"
"2018-08-29 06:26","Leader.java","132360","107057","239417"
"2018-08-03 18:52","Leader.java","60501","36204","96705"
"2017-09-11 18:55","Leader.java","30920","15900","46820"
"2018-09-18 01:00","Leader.java","140229","112356","252585"
"2016-12-20 14:47","Leader.java","26342","9824","36166"
"2014-07-20 04:50","Leader.java","785","264","1049"
"2016-06-23 23:25","Leader.java","19174","7720","26894"
"2016-06-23 23:45","Leader.java","19316","7754","27070"
"2020-03-25 03:38","Leader.java","270377","211700","482077"
"2019-12-27 22:33","Leader.java","266269","211699","477968"
"2016-08-13 15:01","Leader.java","20499","8242","28741"
"2019-10-10 14:37","Leader.java","259904","210259","470163"
"2018-11-17 18:33","ServerCnxn.java","224045","217040","441085"
"2019-01-14 19:38","ServerCnxn.java","231264","217042","448306"
"2019-04-12 19:01","ServerCnxn.java","237873","217136","455009"
"2018-09-18 01:00","ServerCnxn.java","133455","112544","245999"
"2019-07-08 23:26","ServerCnxn.java","244858","217152","462010"
"2016-11-16 06:21","ServerCnxn.java","17070","7874","24944"
"2019-08-17 17:13","ServerCnxn.java","256083","217153","473236"
"2019-07-03 00:44","ServerCnxn.java","244095","217152","461247"
"2015-06-28 21:09","ServerCnxn.java","3989","2289","6278"
"2018-07-12 01:33","ServerCnxn.java","41448","25611","67059"
"2018-08-08 06:21","ServerCnxn.java","101208","83403","184611"
"2017-11-28 00:10","ServerCnxn.java","27348","15433","42781"
"2019-11-18 09:05","ServerCnxn.java","260679","218605","479284"
"2020-02-26 22:41","ServerCnxn.java","268191","218607","486798"
"2018-09-28 23:38","ServerCnxn.java","136703","113218","249921"
"2019-11-11 13:59","ServerCnxn.java","263522","217182","480704"
"2011-04-29 18:12","QuorumCnxManager.java","60594","23153","83747"
"2011-12-28 01:26","QuorumCnxManager.java","73916","26684","100600"
"2019-11-29 14:49","QuorumCnxManager.java","264696","142506","407202"
"2013-03-07 07:01","QuorumCnxManager.java","91879","29693","121572"
"2018-07-11 06:04","QuorumCnxManager.java","146912","43345","190257"
"2018-08-06 14:11","QuorumCnxManager.java","153367","48027","201394"
"2010-11-17 15:59","QuorumCnxManager.java","95883","18799","114682"
"2012-06-29 22:08","QuorumCnxManager.java","78746","28355","107101"
"2018-10-16 16:22","QuorumCnxManager.java","239519","114293","353812"
"2019-06-14 09:06","QuorumCnxManager.java","245498","141867","387365"
"2019-08-03 08:42","QuorumCnxManager.java","258208","141867","400075"
"2019-11-13 20:41","QuorumCnxManager.java","265219","141867","407086"
"2019-04-09 16:08","QuorumCnxManager.java","238320","141831","380151"
"2019-08-06 12:52","QuorumCnxManager.java","258473","141867","400340"
"2017-02-09 11:40","QuorumCnxManager.java","133341","34751","168092"
"2019-05-20 23:13","QuorumCnxManager.java","242372","141867","384239"
"2015-04-09 20:16","QuorumCnxManager.java","120225","32252","152477"
"2017-08-23 02:16","QuorumCnxManager.java","131871","35977","167848"
"2019-07-27 20:04","QuorumCnxManager.java","254031","141867","395898"
"2015-05-29 23:46","QuorumCnxManager.java","120784","32295","153079"
"2015-05-14 07:10","QuorumCnxManager.java","120501","32308","152809"
"2020-03-12 14:47","QuorumCnxManager.java","270082","142506","412588"
"2019-08-17 17:13","QuorumCnxManager.java","257500","141867","399367"
"2017-11-28 00:10","QuorumCnxManager.java","135903","36089","171992"
"2009-11-18 20:06","QuorumCnxManager.java","16833","4198","21031"
"2009-10-27 22:14","QuorumCnxManager.java","5640","2124","7764"
"2009-12-15 23:23","QuorumCnxManager.java","18244","5031","23275"
"2009-08-11 00:24","QuorumCnxManager.java","1840","631","2471"
"2009-08-03 23:27","QuorumCnxManager.java","995","532","1527"
"2019-10-10 14:37","QuorumCnxManager.java","261253","141867","403120"
"2014-07-23 19:36","QuorumCnxManager.java","113585","32045","145630"
"2017-06-09 18:37","QuorumCnxManager.java","131473","35875","167348"
"2020-01-23 13:43","QuorumCnxManager.java","268066","142506","410572"
"2014-03-23 04:12","QuorumCnxManager.java","101843","30287","132130"
"2010-01-19 21:06","QuorumCnxManager.java","21858","5629","27487"
"2010-01-21 04:08","QuorumCnxManager.java","21877","5642","27519"
"2014-07-08 05:25","QuorumCnxManager.java","109219","31949","141168"
"2019-11-28 12:24","QuorumCnxManager.java","263045","142506","405551"
"2014-06-25 15:04","QuorumCnxManager.java","107325","31691","139016"
"2011-08-15 02:44","QuorumCnxManager.java","66839","22000","88839"
"2016-06-08 17:43","QuorumCnxManager.java","126082","34061","160143"
"2020-03-23 16:20","QuorumCnxManager.java","270253","142506","412759"
"2020-02-16 10:25","QuorumCnxManager.java","268779","142506","411285"
"2014-07-22 06:45","QuorumCnxManager.java","113509","32044","145553"
"2011-04-12 09:14","QuorumCnxManager.java","60224","23118","83342"
"2010-10-06 19:01","QuorumCnxManager.java","92730","18253","110983"
"2018-07-27 12:32","QuorumCnxManager.java","152725","47997","200722"
"2010-10-20 00:32","QuorumCnxManager.java","94245","18275","112520"
"2011-03-16 19:49","QuorumCnxManager.java","97590","19011","116601"
"2019-08-17 17:13","ZooDefs.java","25455","24762","50217"
"2019-11-08 17:30","ZooDefs.java","33928","27621","61549"
"2019-08-17 17:13","Leader.java","256650","177206","433856"
"2019-06-29 00:33","Leader.java","244637","177206","421843"
"2019-06-03 19:40","Leader.java","241981","177206","419187"
"2014-05-20 23:42","Leader.java","41520","14232","55752"
"2019-07-15 14:15","Leader.java","252069","177206","429275"
"2015-03-17 18:06","Leader.java","55120","15595","70715"
"2019-07-25 21:41","Leader.java","253133","177206","430339"
"2018-05-10 06:00","Leader.java","81612","26194","107806"
"2018-07-12 01:33","Leader.java","90413","34062","124475"
"2018-02-07 01:05","Leader.java","79215","25931","105146"
"2017-11-28 00:10","Leader.java","77980","25551","103531"
"2019-06-05 00:33","Leader.java","242371","177206","419577"
"2015-04-10 22:22","Leader.java","56217","15624","71841"
"2019-08-03 08:42","Leader.java","257358","177206","434564"
"2019-06-05 23:57","Leader.java","242640","177206","419846"
"2012-12-08 00:38","Leader.java","12496","4328","16824"
"2013-10-07 21:08","Leader.java","24699","7082","31781"
"2012-12-31 02:38","Leader.java","15460","5171","20631"
"2017-01-13 19:29","Leader.java","72362","21450","93812"
"2012-07-05 18:01","Leader.java","6497","3255","9752"
"2019-01-07 14:55","Leader.java","231463","177128","408591"
"2019-04-12 19:01","Leader.java","238457","177206","415663"
"2018-12-09 03:16","Leader.java","229229","177127","406356"
"2018-08-17 14:40","Leader.java","145150","86503","231653"
"2019-11-29 14:49","Leader.java","264515","178514","443029"
"2013-03-07 07:01","Leader.java","21221","6420","27641"
"2018-11-27 10:02","Leader.java","226905","177127","404032"
"2015-02-06 06:17","Leader.java","53740","15437","69177"
"2012-02-27 03:41","Leader.java","1481","603","2084"
"2017-02-15 23:04","Leader.java","71385","23429","94814"
"2014-07-18 02:19","Leader.java","48529","14977","63506"
"2018-08-29 06:26","Leader.java","162950","104095","267045"
"2018-08-03 18:52","Leader.java","102133","44284","146417"
"2013-05-14 14:27","Leader.java","21392","6466","27858"
"2012-02-06 09:40","Leader.java","854","217","1071"
"2017-09-11 18:55","Leader.java","73808","25236","99044"
"2018-09-18 01:00","Leader.java","170714","109289","280003"
"2012-01-14 00:28","Leader.java","112","14","126"
"2012-01-06 02:32","Leader.java","9","8","17"
"2012-03-15 17:47","Leader.java","2513","656","3169"
"2016-12-20 14:47","Leader.java","71492","21422","92914"
"2014-07-20 04:50","Leader.java","49116","15043","64159"
"2014-06-10 00:19","Leader.java","42466","14244","56710"
"2016-06-23 23:25","Leader.java","65082","20076","85158"
"2016-06-23 23:45","Leader.java","65189","20075","85264"
"2020-03-25 03:38","Leader.java","270743","178514","449257"
"2014-03-23 04:12","Leader.java","31997","7826","39823"
"2019-12-27 22:33","Leader.java","266636","178514","445150"
"2016-08-13 15:01","Leader.java","66182","20373","86555"
"2013-10-21 23:36","Leader.java","27670","7311","34981"
"2019-10-10 14:37","Leader.java","260403","177206","437609"
"2013-11-07 06:41","Leader.java","28173","7383","35556"
"2019-08-17 17:13","Leader.java","256656","177059","433715"
"2019-06-29 00:33","Leader.java","244643","177059","421702"
"2019-06-03 19:40","Leader.java","241987","177059","419046"
"2014-05-20 23:42","Leader.java","41755","14314","56069"
"2019-07-15 14:15","Leader.java","252075","177059","429134"
"2015-03-17 18:06","Leader.java","55354","15676","71030"
"2019-07-25 21:41","Leader.java","253139","177059","430198"
"2018-05-10 06:00","Leader.java","81780","26209","107989"
"2018-07-12 01:33","Leader.java","90580","34076","124656"
"2018-02-07 01:05","Leader.java","79417","25980","105397"
"2017-11-28 00:10","Leader.java","78182","25600","103782"
"2019-06-05 00:33","Leader.java","242377","177059","419436"
"2015-04-10 22:22","Leader.java","56439","15693","72132"
"2019-08-03 08:42","Leader.java","257364","177059","434423"
"2019-06-05 23:57","Leader.java","242646","177059","419705"
"2012-12-08 00:38","Leader.java","12735","4414","17149"
"2013-10-07 21:08","Leader.java","24936","7166","32102"
"2012-12-31 02:38","Leader.java","15699","5257","20956"
"2017-01-13 19:29","Leader.java","72578","21513","94091"
"2012-07-05 18:01","Leader.java","6739","3344","10083"
"2019-01-07 14:55","Leader.java","231469","176981","408450"
"2019-04-12 19:01","Leader.java","238463","177059","415522"
"2018-12-09 03:16","Leader.java","229236","176981","406217"
"2018-08-17 14:40","Leader.java","145317","86517","231834"
"2019-11-29 14:49","Leader.java","264521","178367","442888"
"2013-03-07 07:01","Leader.java","21459","6505","27964"
"2018-11-27 10:02","Leader.java","226912","176981","403893"
"2015-02-06 06:17","Leader.java","53974","15518","69492"
"2012-02-27 03:41","Leader.java","1724","693","2417"
"2017-02-15 23:04","Leader.java","71587","23478","95065"
"2014-07-18 02:19","Leader.java","48764","15059","63823"
"2012-01-04 01:15","Leader.java","244","91","335"
"2018-08-29 06:26","Leader.java","163115","104107","267222"
"2018-08-03 18:52","Leader.java","102300","44298","146598"
"2013-05-14 14:27","Leader.java","21630","6551","28181"
"2012-02-06 09:40","Leader.java","1097","307","1404"
"2017-09-11 18:55","Leader.java","74010","25285","99295"
"2018-09-18 01:00","Leader.java","170879","109301","280180"
"2012-01-14 00:28","Leader.java","355","104","459"
"2012-01-06 02:32","Leader.java","253","99","352"
"2012-03-15 17:47","Leader.java","2756","746","3502"
"2016-12-20 14:47","Leader.java","71709","21486","93195"
"2014-07-20 04:50","Leader.java","49351","15125","64476"
"2014-06-10 00:19","Leader.java","42701","14326","57027"
"2016-06-23 23:25","Leader.java","65301","20142","85443"
"2016-06-23 23:45","Leader.java","65408","20141","85549"
"2020-03-25 03:38","Leader.java","270749","178367","449116"
"2014-03-23 04:12","Leader.java","32233","7909","40142"
"2019-12-27 22:33","Leader.java","266642","178367","445009"
"2016-08-13 15:01","Leader.java","66401","20439","86840"
"2013-10-21 23:36","Leader.java","27907","7395","35302"
"2019-10-10 14:37","Leader.java","260409","177059","437468"
"2013-11-07 06:41","Leader.java","28409","7466","35875"
"2019-02-06 09:46","ZooKeeper.java","232878","224894","457772"
"2019-01-16 14:21","ZooKeeper.java","231154","224893","456047"
"2017-04-18 02:02","ZooKeeper.java","4264","4679","8943"
"2019-11-08 17:30","ZooKeeper.java","260954","225059","486013"
"2019-02-07 11:26","ZooKeeper.java","233507","224894","458401"
"2017-05-01 17:19","ZooKeeper.java","4409","4697","9106"
"2019-08-17 17:13","ZooKeeper.java","255292","225011","480303"
"2019-06-26 10:57","ZooKeeper.java","243141","225010","468151"
"2019-06-03 19:40","ZooKeeper.java","240622","225010","465632"
"2018-05-09 23:57","ZooKeeper.java","15103","9133","24236"
"2019-08-03 08:42","ZooKeeper.java","256000","225011","481011"
"2017-07-28 00:36","ZooKeeper.java","6344","7498","13842"
"2017-08-18 23:35","ZooKeeper.java","6927","7596","14523"
"2017-07-04 07:56","ZooKeeper.java","5399","5943","11342"
"2020-04-16 12:50","ZooKeeper.java","270532","226677","497209"
"2018-07-27 05:16","ZooKeeper.java","37971","29983","67954"
"2019-10-10 14:37","ZooKeeper.java","259045","225011","484056"
"2019-02-11 12:34","ZooKeeper.java","233870","224894","458764"
"2020-05-17 15:13","ZooKeeper.java","270935","226709","497644"
"2017-01-09 22:49","ZooKeeper.java","2438","870","3308"
"2019-03-12 19:08","ZooKeeper.java","235319","224915","460234"
"2018-11-17 18:33","ServerCnxn.java","223928","218623","442551"
"2019-01-14 19:38","ServerCnxn.java","231147","218625","449772"
"2019-04-12 19:01","ServerCnxn.java","237756","218719","456475"
"2018-09-18 01:00","ServerCnxn.java","130033","110822","240855"
"2019-07-08 23:26","ServerCnxn.java","244742","218736","463478"
"2016-11-16 06:21","ServerCnxn.java","13207","5711","18918"
"2019-08-17 17:13","ServerCnxn.java","255967","218737","474704"
"2019-07-03 00:44","ServerCnxn.java","243979","218736","462715"
"2018-07-12 01:33","ServerCnxn.java","37839","23702","61541"
"2018-08-08 06:21","ServerCnxn.java","97615","81510","179125"
"2017-11-28 00:10","ServerCnxn.java","23643","13428","37071"
"2019-11-18 09:05","ServerCnxn.java","260655","220281","480936"
"2020-02-26 22:41","ServerCnxn.java","268167","220283","488450"
"2018-09-28 23:38","ServerCnxn.java","133283","111498","244781"
"2019-11-11 13:59","ServerCnxn.java","263407","218767","482174"
"2019-11-08 17:30","Watcher.java","261627","217665","479292"
"2017-07-28 00:36","Watcher.java","20686","13773","34459"
"2019-08-17 17:13","Watcher.java","255983","217635","473618"
"2009-07-17 00:09","OOMTest.java","94241","9494","103735"
"2019-08-17 17:13","OOMTest.java","257842","57679","315521"
"2017-09-11 18:55","OOMTest.java","188534","18992","207526"
"2010-03-31 06:26","OOMTest.java","122885","11761","134646"
"2010-08-18 08:24","OOMTest.java","142742","12151","154893"
"2013-12-21 22:05","OOMTest.java","159615","16946","176561"
"2019-09-18 11:20","OOMTest.java","260754","57679","318433"
"2019-11-29 14:49","QuorumCnxManager.java","264079","219182","483261"
"2018-07-11 06:04","QuorumCnxManager.java","39737","24659","64396"
"2018-08-06 14:11","QuorumCnxManager.java","52162","35311","87473"
"2018-10-16 16:22","QuorumCnxManager.java","233445","196708","430153"
"2019-06-14 09:06","QuorumCnxManager.java","243980","217642","461622"
"2019-08-03 08:42","QuorumCnxManager.java","256691","217643","474334"
"2019-11-13 20:41","QuorumCnxManager.java","263732","217673","481405"
"2019-04-09 16:08","QuorumCnxManager.java","236749","217553","454302"
"2019-08-06 12:52","QuorumCnxManager.java","256956","217643","474599"
"2017-02-09 11:40","QuorumCnxManager.java","18063","7962","26025"
"2019-05-20 23:13","QuorumCnxManager.java","240837","217625","458462"
"2017-08-23 02:16","QuorumCnxManager.java","21284","13879","35163"
"2019-07-27 20:04","QuorumCnxManager.java","252514","217643","470157"
"2020-03-12 14:47","QuorumCnxManager.java","269467","219184","488651"
"2019-08-17 17:13","QuorumCnxManager.java","255983","217643","473626"
"2017-11-28 00:10","QuorumCnxManager.java","25819","14494","40313"
"2019-10-10 14:37","QuorumCnxManager.java","259736","217643","477379"
"2017-06-09 18:37","QuorumCnxManager.java","19197","12088","31285"
"2020-01-23 13:43","QuorumCnxManager.java","267451","219184","486635"
"2019-11-28 12:24","QuorumCnxManager.java","262428","219182","481610"
"2016-06-08 17:43","QuorumCnxManager.java","8930","5398","14328"
"2020-03-23 16:20","QuorumCnxManager.java","269638","219184","488822"
"2020-02-16 10:25","QuorumCnxManager.java","268164","219184","487348"
"2018-07-27 12:32","QuorumCnxManager.java","51341","35102","86443"
"2019-10-10 14:37","SaslAuthFailDesignatedClientTest.java","260119","197520","457639"
"2016-05-02 18:15","SaslAuthFailDesignatedClientTest.java","39830","16284","56114"
"2019-08-17 17:13","SaslAuthFailDesignatedClientTest.java","256366","197520","453886"
"2020-01-23 13:43","QuorumPeerMain.java","10655","8138","18793"
"2019-11-28 12:24","QuorumPeerMain.java","3023","5527","8550"
"2020-02-16 10:25","QuorumPeerMain.java","13145","9915","23060"
"2019-10-10 14:37","ProviderRegistry.java","7470","3717","11187"
"2014-07-26 04:11","InvalidSnapCountTest.java","26952","10400","37352"
"2019-08-17 17:13","InvalidSnapCountTest.java","256367","194679","451046"
"2019-07-31 19:06","ZooKeeperServer.java","20570","6594","27164"
"2019-09-11 10:27","ZooKeeperServer.java","46923","30898","77821"
"2019-07-08 23:26","ZooKeeperServer.java","7231","3786","11017"
"2019-06-04 10:55","ZooKeeperServer.java","386","233","619"
"2019-08-03 08:42","ZooKeeperServer.java","22321","6944","29265"
"2019-09-10 04:26","ZooKeeperServer.java","46570","30856","77426"
"2019-08-17 17:13","ZooKeeperServer.java","44192","29523","73715"
"2019-09-05 23:12","ZooKeeperServer.java","46409","30821","77230"
"2019-09-10 15:21","ZooKeeperServer.java","46578","30866","77444"
"2019-08-01 07:31","ZooKeeperServer.java","22015","6675","28690"
"2019-08-01 07:28","ZooKeeperServer.java","21451","6601","28052"
"2019-11-23 17:08","ZooKeeperServer.java","56724","37354","94078"
"2019-10-09 16:49","ZooKeeperServer.java","49707","31452","81159"
"2019-07-03 00:44","ZooKeeperServer.java","6381","3699","10080"
"2019-07-24 18:00","ZooKeeperServer.java","16237","5113","21350"
"2019-12-27 22:33","ZooKeeperServer.java","61187","37840","99027"
"2019-11-18 09:05","ZooKeeperServer.java","54972","37159","92131"
"2019-10-10 14:37","ZooKeeperServer.java","50347","31925","82272"
"2019-09-16 23:26","ZooKeeperServer.java","48788","31100","79888"
"2019-12-03 10:01","ZooKeeperServer.java","58958","37686","96644"
"2020-03-25 03:38","ZooKeeperServer.java","66929","39475","106404"
"2019-11-28 12:24","ZooKeeperServer.java","56986","37411","94397"
"2019-11-06 15:21","ZooKeeperServer.java","50702","32064","82766"
"2020-04-12 11:14","ZooKeeperServer.java","68313","40106","108419"
"2014-07-08 05:25","FLEBackwardElectionRoundTest.java","18181","9134","27315"
"2017-06-13 20:57","FLEBackwardElectionRoundTest.java","51649","23420","75069"
"2019-07-12 17:01","FLEBackwardElectionRoundTest.java","251673","197754","449427"
"2017-11-28 00:10","FLEBackwardElectionRoundTest.java","55323","23732","79055"
"2019-08-17 17:13","FLEBackwardElectionRoundTest.java","256360","197754","454114"
"2019-06-03 19:40","FLEBackwardElectionRoundTest.java","241691","197754","439445"
"2017-09-11 18:55","FLEBackwardElectionRoundTest.java","51044","23310","74354"
"2015-02-06 06:17","PrepRequestProcessor.java","25332","10563","35895"
"2019-02-07 11:26","PrepRequestProcessor.java","234519","200277","434796"
"2019-09-11 10:27","PrepRequestProcessor.java","257648","200382","458030"
"2018-07-19 05:59","PrepRequestProcessor.java","76214","42909","119123"
"2017-09-11 18:55","PrepRequestProcessor.java","48379","23341","71720"
"2019-01-16 14:21","PrepRequestProcessor.java","232166","200276","432442"
"2017-06-01 05:45","PrepRequestProcessor.java","46390","21816","68206"
"2019-11-08 17:30","PrepRequestProcessor.java","261934","200410","462344"
"2016-11-13 20:59","PrepRequestProcessor.java","43089","17460","60549"
"2019-04-09 15:35","PrepRequestProcessor.java","237062","200295","437357"
"2019-04-17 14:16","PrepRequestProcessor.java","238348","200366","438714"
"2014-10-28 05:35","PrepRequestProcessor.java","23060","10230","33290"
"2019-05-10 12:22","PrepRequestProcessor.java","240783","200366","441149"
"2017-06-26 00:16","PrepRequestProcessor.java","46942","22090","69032"
"2019-02-07 11:22","PrepRequestProcessor.java","234181","200277","434458"
"2016-11-16 06:21","PrepRequestProcessor.java","43671","17495","61166"
"2019-08-01 07:31","PrepRequestProcessor.java","256963","200382","457345"
"2019-06-26 10:57","PrepRequestProcessor.java","244142","200382","444524"
"2015-05-29 19:45","PrepRequestProcessor.java","28939","11379","40318"
"2016-10-07 21:51","PrepRequestProcessor.java","40689","17313","58002"
"2015-06-04 19:51","PrepRequestProcessor.java","29842","11517","41359"
"2019-08-17 17:13","PrepRequestProcessor.java","256292","200382","456674"
"2018-08-08 06:21","PrepRequestProcessor.java","120443","85658","206101"
"2018-05-09 23:57","PrepRequestProcessor.java","55992","24393","80385"
"2015-06-11 20:09","PrepRequestProcessor.java","29982","11531","41513"
"2019-12-27 22:33","PrepRequestProcessor.java","266387","201799","468186"
"2014-04-01 01:47","PrepRequestProcessor.java","1868","605","2473"
"2019-10-10 14:37","PrepRequestProcessor.java","260045","200382","460427"
"2020-03-25 03:38","PrepRequestProcessor.java","270494","201799","472293"
"2014-07-25 01:31","PrepRequestProcessor.java","20468","9714","30182"
"2014-04-29 02:23","PrepRequestProcessor.java","10994","7729","18723"
"2015-03-08 23:07","PrepRequestProcessor.java","25595","10652","36247"
"2014-07-22 06:51","PrepRequestProcessor.java","20201","9636","29837"
"2018-06-15 07:41","PrepRequestProcessor.java","56875","24524","81399"
"2019-07-29 17:15","CppGenerator.java","254633","157929","412562"
"2017-09-11 18:55","CppGenerator.java","115800","35939","151739"
"2016-11-24 17:18","CppGenerator.java","115281","34261","149542"
"2011-07-01 00:53","PrepRequestProcessor.java","73781","23085","96866"
"2015-02-06 06:17","PrepRequestProcessor.java","122503","29856","152359"
"2012-02-06 10:39","PrepRequestProcessor.java","81004","26016","107020"
"2013-03-07 07:01","PrepRequestProcessor.java","96497","27352","123849"
"2019-02-07 11:26","PrepRequestProcessor.java","235788","132878","368666"
"2019-09-11 10:27","PrepRequestProcessor.java","258856","132922","391778"
"2018-07-19 05:59","PrepRequestProcessor.java","156453","45270","201723"
"2017-09-11 18:55","PrepRequestProcessor.java","136449","33533","169982"
"2019-01-16 14:21","PrepRequestProcessor.java","233436","132878","366314"
"2017-06-01 05:45","PrepRequestProcessor.java","135836","33384","169220"
"2012-04-14 02:32","PrepRequestProcessor.java","82819","26267","109086"
"2019-11-08 17:30","PrepRequestProcessor.java","263114","132922","396036"
"2016-11-13 20:59","PrepRequestProcessor.java","135554","32047","167601"
"2019-04-09 15:35","PrepRequestProcessor.java","238321","132886","371207"
"2019-04-17 14:16","PrepRequestProcessor.java","239572","132922","372494"
"2014-10-28 05:35","PrepRequestProcessor.java","120502","29794","150296"
"2019-05-10 12:22","PrepRequestProcessor.java","242007","132922","374929"
"2017-06-26 00:16","PrepRequestProcessor.java","136143","33413","169556"
"2019-02-07 11:22","PrepRequestProcessor.java","235450","132878","368328"
"2016-11-16 06:21","PrepRequestProcessor.java","136111","32057","168168"
"2019-08-01 07:31","PrepRequestProcessor.java","258171","132922","391093"
"2019-06-26 10:57","PrepRequestProcessor.java","245350","132922","378272"
"2009-11-12 23:48","PrepRequestProcessor.java","25666","6499","32165"
"2014-01-24 07:18","PrepRequestProcessor.java","105686","27808","133494"
"2015-05-29 19:45","PrepRequestProcessor.java","125377","29939","155316"
"2016-10-07 21:51","PrepRequestProcessor.java","133286","32032","165318"
"2015-06-04 19:51","PrepRequestProcessor.java","126195","29992","156187"
"2009-06-26 22:29","PrepRequestProcessor.java","11691","3057","14748"
"2019-08-17 17:13","PrepRequestProcessor.java","257500","132922","390422"
"2009-06-18 18:37","PrepRequestProcessor.java","1657","586","2243"
"2018-08-08 06:21","PrepRequestProcessor.java","178748","66085","244833"
"2018-05-09 23:57","PrepRequestProcessor.java","143186","33709","176895"
"2015-06-11 20:09","PrepRequestProcessor.java","126328","29999","156327"
"2019-12-27 22:33","PrepRequestProcessor.java","266817","133561","400378"
"2009-12-18 03:19","PrepRequestProcessor.java","29948","7516","37464"
"2009-12-11 21:24","PrepRequestProcessor.java","28722","6743","35465"
"2009-11-07 01:48","PrepRequestProcessor.java","20076","6114","26190"
"2014-04-01 01:47","PrepRequestProcessor.java","107198","28057","135255"
"2019-10-10 14:37","PrepRequestProcessor.java","261253","132922","394175"
"2020-03-25 03:38","PrepRequestProcessor.java","270924","133561","404485"
"2010-01-25 04:28","PrepRequestProcessor.java","33271","7798","41069"
"2011-08-15 02:35","PrepRequestProcessor.java","72954","21169","94123"
"2014-07-25 01:31","PrepRequestProcessor.java","118371","29739","148110"
"2013-10-09 22:21","PrepRequestProcessor.java","102061","27721","129782"
"2010-08-18 08:24","PrepRequestProcessor.java","73137","18131","91268"
"2011-09-17 02:36","PrepRequestProcessor.java","77894","23882","101776"
"2014-04-29 02:23","PrepRequestProcessor.java","110332","29189","139521"
"2015-03-08 23:07","PrepRequestProcessor.java","122703","29882","152585"
"2014-07-22 06:51","PrepRequestProcessor.java","118137","29694","147831"
"2012-03-15 17:47","PrepRequestProcessor.java","82238","26037","108275"
"2011-04-12 09:14","PrepRequestProcessor.java","68582","22531","91113"
"2011-11-01 15:41","PrepRequestProcessor.java","78431","25627","104058"
"2011-10-28 00:58","PrepRequestProcessor.java","78220","25578","103798"
"2011-10-20 20:02","PrepRequestProcessor.java","77874","25451","103325"
"2011-10-17 16:59","PrepRequestProcessor.java","77776","23945","101721"
"2018-06-15 07:41","PrepRequestProcessor.java","143957","33728","177685"
"2012-12-19 19:16","PrepRequestProcessor.java","91619","27030","118649"
"2011-11-14 20:18","PrepRequestProcessor.java","79059","25620","104679"
"2016-09-09 00:10","LoadFromLogTest.java","81043","24659","105702"
"2012-03-06 09:20","LoadFromLogTest.java","19617","8306","27923"
"2019-10-10 14:37","LoadFromLogTest.java","260663","179902","440565"
"2011-06-05 22:54","LoadFromLogTest.java","29","0","29"
"2011-07-28 07:49","LoadFromLogTest.java","8697","1438","10135"
"2014-02-10 21:50","LoadFromLogTest.java","47667","13743","61410"
"2019-08-17 17:13","LoadFromLogTest.java","256910","179902","436812"
"2019-06-07 14:13","LoadFromLogTest.java","243014","179902","422916"
"2017-12-06 23:14","LoadFromLogTest.java","90801","28189","118990"
"2011-12-21 21:39","LoadFromLogTest.java","17733","7705","25438"
"2013-06-28 23:22","LoadFromLogTest.java","40092","13177","53269"
"2017-06-13 20:57","FLEBackwardElectionRoundTest.java","34848","15666","50514"
"2019-07-12 17:01","FLEBackwardElectionRoundTest.java","251467","206595","458062"
"2017-11-28 00:10","FLEBackwardElectionRoundTest.java","38528","15984","54512"
"2019-08-17 17:13","FLEBackwardElectionRoundTest.java","256154","206595","462749"
"2019-06-03 19:40","FLEBackwardElectionRoundTest.java","241485","206595","448080"
"2017-09-11 18:55","FLEBackwardElectionRoundTest.java","34233","15546","49779"
"2019-06-14 09:06","QuorumPeer.java","3179","665","3844"
"2019-11-29 14:49","QuorumPeer.java","58611","37538","96149"
"2019-07-15 14:15","QuorumPeer.java","14439","4504","18943"
"2019-07-03 00:44","QuorumPeer.java","5999","3470","9469"
"2019-08-17 17:13","QuorumPeer.java","43884","29368","73252"
"2019-06-05 00:33","QuorumPeer.java","304","67","371"
"2019-07-12 17:01","QuorumPeer.java","14333","4504","18837"
"2020-01-09 11:27","QuorumPeer.java","61231","38612","99843"
"2019-12-17 13:48","QuorumPeer.java","59230","37585","96815"
"2020-01-23 13:43","QuorumPeer.java","63470","39027","102497"
"2019-10-10 14:37","QuorumPeer.java","50040","31771","81811"
"2020-02-16 10:25","QuorumPeer.java","64315","39159","103474"
"2019-02-06 09:46","ZooKeeper.java","234013","187604","421617"
"2019-01-16 14:21","ZooKeeper.java","232289","187603","419892"
"2017-04-18 02:02","ZooKeeper.java","59014","21004","80018"
"2019-11-08 17:30","ZooKeeper.java","262049","187729","449778"
"2019-02-07 11:26","ZooKeeper.java","234642","187604","422246"
"2013-03-07 07:01","ZooKeeper.java","5053","990","6043"
"2013-12-17 17:55","ZooKeeper.java","13452","2585","16037"
"2017-05-01 17:19","ZooKeeper.java","59154","21017","80171"
"2014-01-24 07:18","ZooKeeper.java","15515","2719","18234"
"2019-08-17 17:13","ZooKeeper.java","256407","187701","444108"
"2015-06-04 19:51","ZooKeeper.java","43424","12303","55727"
"2016-10-07 21:51","ZooKeeper.java","54051","17879","71930"
"2015-03-16 09:09","ZooKeeper.java","39821","11744","51565"
"2015-03-17 18:06","ZooKeeper.java","40634","11847","52481"
"2016-05-02 18:15","ZooKeeper.java","50304","16898","67202"
"2019-06-26 10:57","ZooKeeper.java","244257","187701","431958"
"2019-06-03 19:40","ZooKeeper.java","241738","187701","429439"
"2018-05-09 23:57","ZooKeeper.java","68325","23930","92255"
"2019-08-03 08:42","ZooKeeper.java","257115","187701","444816"
"2016-11-13 20:59","ZooKeeper.java","56332","17907","74239"
"2017-07-28 00:36","ZooKeeper.java","60071","22800","82871"
"2017-08-18 23:35","ZooKeeper.java","60648","22892","83540"
"2017-07-04 07:56","ZooKeeper.java","60029","22148","82177"
"2020-04-16 12:50","ZooKeeper.java","271326","189046","460372"
"2018-07-27 05:16","ZooKeeper.java","88762","42349","131111"
"2019-10-10 14:37","ZooKeeper.java","260160","187701","447861"
"2014-04-01 04:03","ZooKeeper.java","17533","3257","20790"
"2019-02-11 12:34","ZooKeeper.java","235005","187604","422609"
"2014-07-08 20:18","ZooKeeper.java","29781","10618","40399"
"2020-05-17 15:13","ZooKeeper.java","271705","189054","460759"
"2017-01-09 22:49","ZooKeeper.java","58610","18617","77227"
"2019-03-12 19:08","ZooKeeper.java","236450","187621","424071"
"2014-07-22 06:51","ZooKeeper.java","34245","10884","45129"
"2014-04-29 02:23","ZooKeeper.java","25572","9511","35083"
"2018-10-16 16:22","QuorumPeerConfig.java","232080","203402","435482"
"2018-12-09 03:16","QuorumPeerConfig.java","227830","224891","452721"
"2019-04-12 19:01","QuorumPeerConfig.java","237080","224992","462072"
"2018-09-11 15:23","QuorumPeerConfig.java","118493","107486","225979"
"2018-12-15 07:34","QuorumPeerConfig.java","227745","224891","452636"
"2019-02-13 13:12","QuorumPeerConfig.java","234141","224914","459055"
"2019-08-17 17:13","QuorumPeerConfig.java","255292","225011","480303"
"2017-11-28 00:10","QuorumPeerConfig.java","11550","8284","19834"
"2019-06-05 00:29","QuorumPeerConfig.java","240958","225010","465968"
"2020-01-09 11:27","QuorumPeerConfig.java","265001","226617","491618"
"2019-07-12 17:01","QuorumPeerConfig.java","250605","225011","475616"
"2019-05-15 11:56","QuorumPeerConfig.java","240027","224992","465019"
"2018-10-01 06:11","QuorumPeerConfig.java","123139","108298","231437"
"2017-07-28 00:36","QuorumPeerConfig.java","6344","7498","13842"
"2017-07-06 18:48","QuorumPeerConfig.java","5686","5958","11644"
"2020-01-23 13:43","QuorumPeerConfig.java","266825","226617","493442"
"2019-10-10 14:37","QuorumPeerConfig.java","259045","225011","484056"
"2018-07-27 12:32","QuorumPeerConfig.java","38230","30050","68280"
"2019-04-18 19:17","QuorumPeerConfig.java","237790","224992","462782"
"2020-02-16 10:25","QuorumPeerConfig.java","267538","226617","494155"
"2020-05-14 18:18","QuorumPeerConfig.java","270855","226709","497564"
"2017-05-11 16:59","QuorumPeerConfig.java","4461","5600","10061"
"2019-06-26 10:57","ZooDefs.java","14706","5188","19894"
"2019-08-17 17:13","ZooDefs.java","51869","30201","82070"
"2019-11-08 17:30","ZooDefs.java","59706","32424","92130"
"2019-07-31 19:06","ZooDefs.java","29141","8166","37307"
"2019-08-17 17:13","ServerIdTest.java","254922","230611","485533"
"2015-07-07 07:11","GetChildrenTest.java","129600","27714","157314"
"2011-04-12 09:14","GetChildrenTest.java","72010","20746","92756"
"2010-08-17 09:24","GetChildrenTest.java","73013","16154","89167"
"2010-04-22 07:42","GetChildrenTest.java","55038","15595","70633"
"2019-08-17 17:13","JvmPauseMonitor.java","47204","29721","76925"
"2019-08-17 17:13","UnifiedServerSocket.java","67761","36458","104219"
"2019-03-11 19:47","UnifiedServerSocket.java","20019","8718","28737"
"2018-11-27 10:02","UnifiedServerSocket.java","1926","289","2215"
"2019-10-10 14:37","UnifiedServerSocket.java","73487","38431","111918"
"2019-11-08 17:30","Watcher.java","261934","200410","462344"
"2017-07-28 00:36","Watcher.java","47591","23116","70707"
"2019-08-17 17:13","Watcher.java","256292","200382","456674"
"2015-05-29 21:48","Watcher.java","28942","11380","40322"
"2011-11-05 21:57","Learner.java","58101","24825","82926"
"2011-04-12 09:14","Learner.java","44456","20837","65293"
"2020-03-19 17:09","Learner.java","270051","155916","425967"
"2013-10-09 22:21","Learner.java","83406","29079","112485"
"2011-09-14 08:56","Learner.java","56688","20129","76817"
"2020-02-03 04:30","Learner.java","268546","155916","424462"
"2020-01-23 13:43","Learner.java","267989","155916","423905"
"2017-07-04 07:39","Learner.java","118640","35690","154330"
"2020-03-25 03:38","Learner.java","270847","155916","426763"
"2011-06-17 01:34","Learner.java","46775","21135","67910"
"2015-03-15 08:54","Learner.java","104394","31474","135868"
"2019-11-28 12:24","Learner.java","262968","155916","418884"
"2019-12-27 22:33","Learner.java","266740","155916","422656"
"2020-01-25 18:48","Learner.java","268179","155916","424095"
"2020-05-03 19:43","Learner.java","271783","155916","427699"
"2016-08-13 15:01","Learner.java","113877","33737","147614"
"2013-10-21 23:36","Learner.java","83768","29078","112846"
"2019-10-10 14:37","Learner.java","260868","154969","415837"
"2015-01-25 01:22","Learner.java","103817","31388","135205"
"2019-06-03 19:40","Learner.java","242446","154969","397415"
"2015-03-17 18:06","Learner.java","105353","31497","136850"
"2019-07-15 14:15","Learner.java","252534","154969","407503"
"2019-08-23 19:43","Learner.java","257781","154969","412750"
"2016-09-08 22:59","Learner.java","114259","33871","148130"
"2019-08-17 17:13","Learner.java","257115","154969","412084"
"2017-11-28 00:10","Learner.java","122714","35954","158668"
"2014-03-12 23:57","Learner.java","87493","29279","116772"
"2018-05-09 00:54","Learner.java","125031","36143","161174"
"2019-04-09 15:35","Learner.java","237934","154931","392865"
"2011-06-14 07:14","Learner.java","46645","21076","67721"
"2019-07-12 17:01","Learner.java","252428","154969","407397"
"2017-07-06 18:48","Learner.java","118919","35697","154616"
"2013-10-07 21:08","Learner.java","80873","28925","109798"
"2017-08-18 06:32","Learner.java","118489","35764","154253"
"2019-07-02 07:34","Learner.java","245058","154969","400027"
"2018-10-16 16:22","Learner.java","238456","126284","364740"
"2012-01-31 07:45","Learner.java","59613","25044","84657"
"2014-07-18 02:19","Learner.java","99091","31208","130299"
"2017-02-12 00:12","Learner.java","117526","35240","152766"
"2011-01-22 20:38","Learner.java","81138","16384","97522"
"2018-12-09 03:16","Learner.java","229721","154917","384638"
"2013-03-07 07:01","Learner.java","77685","28553","106238"
"2019-11-29 14:49","Learner.java","264619","155916","420535"
"2018-11-27 10:02","Learner.java","227397","154917","382314"
"2018-08-06 14:11","Learner.java","144997","52711","197708"
"2011-02-07 20:26","Learner.java","81269","16498","97767"
"2019-08-17 17:13","Leader.java","178065","157476","335541"
"2019-06-29 00:33","Leader.java","166015","157439","323454"
"2019-06-03 19:40","Leader.java","163352","157432","320784"
"2019-07-15 14:15","Leader.java","173448","157440","330888"
"2019-07-25 21:41","Leader.java","174514","157442","331956"
"2019-06-05 00:33","Leader.java","163742","157432","321174"
"2019-08-03 08:42","Leader.java","178752","157455","336207"
"2019-06-05 23:57","Leader.java","164011","157432","321443"
"2019-01-07 14:55","Leader.java","152520","157040","309560"
"2019-04-12 19:01","Leader.java","159781","157385","317166"
"2018-12-09 03:16","Leader.java","144012","150765","294777"
"2019-11-29 14:49","Leader.java","187770","160624","348394"
"2018-11-27 10:02","Leader.java","141688","150765","292453"
"2018-09-18 01:00","Leader.java","8452","5882","14334"
"2020-03-25 03:38","Leader.java","194134","160760","354894"
"2019-12-27 22:33","Leader.java","189904","160637","350541"
"2019-10-10 14:37","Leader.java","182815","158473","341288"
"2019-11-29 14:49","QuorumCnxManager.java","264085","218892","482977"
"2018-07-11 06:04","QuorumCnxManager.java","40215","24841","65056"
"2018-08-06 14:11","QuorumCnxManager.java","52640","35493","88133"
"2018-10-16 16:22","QuorumCnxManager.java","233530","196497","430027"
"2019-06-14 09:06","QuorumCnxManager.java","244071","217437","461508"
"2019-08-03 08:42","QuorumCnxManager.java","256782","217438","474220"
"2019-11-13 20:41","QuorumCnxManager.java","263822","217467","481289"
"2019-04-09 16:08","QuorumCnxManager.java","236840","217348","454188"
"2019-08-06 12:52","QuorumCnxManager.java","257047","217438","474485"
"2017-02-09 11:40","QuorumCnxManager.java","18566","8169","26735"
"2019-05-20 23:13","QuorumCnxManager.java","240928","217420","458348"
"2017-08-23 02:16","QuorumCnxManager.java","21764","14063","35827"
"2019-07-27 20:04","QuorumCnxManager.java","252605","217438","470043"
"2015-05-29 23:46","QuorumCnxManager.java","523","227","750"
"2020-03-12 14:47","QuorumCnxManager.java","269473","218894","488367"
"2019-08-17 17:13","QuorumCnxManager.java","256074","217438","473512"
"2017-11-28 00:10","QuorumCnxManager.java","26297","14676","40973"
"2019-10-10 14:37","QuorumCnxManager.java","259827","217438","477265"
"2017-06-09 18:37","QuorumCnxManager.java","19677","12272","31949"
"2020-01-23 13:43","QuorumCnxManager.java","267457","218894","486351"
"2019-11-28 12:24","QuorumCnxManager.java","262434","218892","481326"
"2016-06-08 17:43","QuorumCnxManager.java","9438","5610","15048"
"2020-03-23 16:20","QuorumCnxManager.java","269644","218894","488538"
"2020-02-16 10:25","QuorumCnxManager.java","268170","218894","487064"
"2018-07-27 12:32","QuorumCnxManager.java","51819","35284","87103"
"2015-05-14 07:10","CnxManagerTest.java","3650","1145","4795"
"2020-03-12 14:47","CnxManagerTest.java","269495","216411","485906"
"2019-08-17 17:13","CnxManagerTest.java","256104","214963","471067"
"2019-06-03 19:40","CnxManagerTest.java","241435","214963","456398"
"2017-11-28 00:10","CnxManagerTest.java","29632","15506","45138"
"2019-07-12 17:01","CnxManagerTest.java","251417","214963","466380"
"2019-05-08 21:54","CnxManagerTest.java","240590","214947","455537"
"2019-08-06 12:52","CnxManagerTest.java","257077","214963","472040"
"2019-06-14 09:06","CnxManagerTest.java","244102","214963","459065"
"2019-11-29 14:49","CnxManagerTest.java","264107","216409","480516"
"2017-09-11 18:55","CnxManagerTest.java","25332","15063","40395"
"2020-02-16 10:25","CnxManagerTest.java","268192","216411","484603"
"2015-11-03 08:11","CnxManagerTest.java","7919","2898","10817"
"2019-10-10 14:37","CnxManagerTest.java","259857","214963","474820"
"2019-08-17 17:13","NullQuorumAuthServer.java","255079","228064","483143"
"2018-09-15 00:08","ZooKeeperServer.java","133608","112361","245969"
"2019-04-12 19:01","ZooKeeperServer.java","237873","216147","454020"
"2019-07-31 19:06","ZooKeeperServer.java","255390","216164","471554"
"2019-09-11 10:27","ZooKeeperServer.java","257439","216164","473603"
"2019-01-14 19:38","ZooKeeperServer.java","231264","216053","447317"
"2019-01-07 15:34","ZooKeeperServer.java","230865","216053","446918"
"2018-11-21 17:56","ZooKeeperServer.java","224060","216051","440111"
"2017-04-28 07:14","ZooKeeperServer.java","21267","11938","33205"
"2017-02-12 00:12","ZooKeeperServer.java","20268","11838","32106"
"2019-02-13 13:12","ZooKeeperServer.java","234939","216074","451013"
"2016-11-24 17:18","ZooKeeperServer.java","18659","8453","27112"
"2018-07-19 05:59","ZooKeeperServer.java","53207","35893","89100"
"2018-09-18 01:00","ZooKeeperServer.java","134368","112468","246836"
"2019-03-04 08:07","ZooKeeperServer.java","235515","216073","451588"
"2019-07-08 23:26","ZooKeeperServer.java","244858","216163","461021"
"2019-01-23 14:00","ZooKeeperServer.java","232700","216054","448754"
"2019-02-13 13:19","ZooKeeperServer.java","235225","216074","451299"
"2019-05-14 17:11","ZooKeeperServer.java","240733","216147","456880"
"2015-07-10 08:19","ZooKeeperServer.java","5535","2521","8056"
"2019-06-04 10:55","ZooKeeperServer.java","241566","216163","457729"
"2019-04-09 15:35","ZooKeeperServer.java","236851","216075","452926"
"2019-08-03 08:42","ZooKeeperServer.java","256791","216164","472955"
"2019-05-15 11:56","ZooKeeperServer.java","240820","216147","456967"
"2019-05-22 11:39","ZooKeeperServer.java","241266","216147","457413"
"2019-04-22 19:15","ZooKeeperServer.java","238848","216147","454995"
"2018-02-23 23:49","ZooKeeperServer.java","30010","15907","45917"
"2016-11-16 06:21","ZooKeeperServer.java","18063","7878","25941"
"2017-08-18 06:32","ZooKeeperServer.java","23672","14803","38475"
"2017-06-26 00:16","ZooKeeperServer.java","22029","13168","35197"
"2019-09-10 04:26","ZooKeeperServer.java","257128","216164","473292"
"2019-08-17 17:13","ZooKeeperServer.java","256083","216164","472247"
"2019-09-05 23:12","ZooKeeperServer.java","257002","216164","473166"
"2019-09-10 15:21","ZooKeeperServer.java","257126","216164","473290"
"2019-08-01 07:31","ZooKeeperServer.java","256754","216164","472918"
"2019-08-01 07:28","ZooKeeperServer.java","256264","216164","472428"
"2019-06-03 19:40","ZooKeeperServer.java","241413","216163","457576"
"2019-11-23 17:08","ZooKeeperServer.java","262236","217616","479852"
"2019-10-09 16:49","ZooKeeperServer.java","259669","216164","475833"
"2019-07-03 00:44","ZooKeeperServer.java","244095","216163","460258"
"2018-01-19 01:12","ZooKeeperServer.java","28879","15818","44697"
"2019-07-24 18:00","ZooKeeperServer.java","252538","216164","468702"
"2018-08-08 06:21","ZooKeeperServer.java","102175","83381","185556"
"2018-05-09 23:57","ZooKeeperServer.java","31736","16128","47864"
"2019-12-27 22:33","ZooKeeperServer.java","266214","217617","483831"
"2016-08-13 15:01","ZooKeeperServer.java","13304","7020","20324"
"2018-09-11 00:17","ZooKeeperServer.java","132041","112343","244384"
"2019-11-18 09:05","ZooKeeperServer.java","260679","217616","478295"
"2019-10-10 14:37","ZooKeeperServer.java","259836","216164","476000"
"2019-09-16 23:26","ZooKeeperServer.java","259102","216164","475266"
"2017-06-23 18:39","ZooKeeperServer.java","21957","13076","35033"
"2019-12-03 10:01","ZooKeeperServer.java","264138","217616","481754"
"2020-03-25 03:38","ZooKeeperServer.java","270322","217618","487940"
"2019-11-28 12:24","ZooKeeperServer.java","262441","217616","480057"
"2019-11-06 15:21","ZooKeeperServer.java","260081","216193","476274"
"2020-04-12 11:14","ZooKeeperServer.java","271075","217618","488693"
"2018-06-08 16:52","ZooKeeperServer.java","32695","16338","49033"
"2018-06-15 07:41","ZooKeeperServer.java","32706","16346","49052"
"2018-07-28 04:37","ZooKeeperServer.java","53881","35991","89872"
"2019-04-18 19:17","ZooKeeperServer.java","238583","216147","454730"
"2019-10-10 14:37","ZKDatabase.java","259908","203510","463418"
"2019-12-27 22:33","ZKDatabase.java","266272","204949","471221"
"2018-04-06 06:04","ZKDatabase.java","44265","17428","61693"
"2018-09-28 23:38","ZKDatabase.java","149282","112082","261364"
"2019-11-08 17:30","ZKDatabase.java","261797","203538","465335"
"2019-05-14 17:11","ZKDatabase.java","240806","203494","444300"
"2018-09-18 01:00","ZKDatabase.java","146504","111878","258382"
"2019-02-07 11:26","ZKDatabase.java","234380","203403","437783"
"2019-04-12 19:01","ZKDatabase.java","237946","203494","441440"
"2018-09-05 22:35","ZKDatabase.java","144134","111762","255896"
"2015-02-06 06:17","ZKDatabase.java","14436","2932","17368"
"2014-07-18 02:19","ZKDatabase.java","8408","1655","10063"
"2018-02-07 01:05","ZKDatabase.java","43875","17390","61265"
"2019-08-17 17:13","ZKDatabase.java","256155","203510","459665"
"2019-09-10 00:27","ZKDatabase.java","257095","203510","460605"
"2016-03-23 00:30","ZKDatabase.java","25306","8702","34008"
"2018-02-23 23:49","ZKDatabase.java","44251","17422","61673"
"2017-08-03 20:28","ZKDatabase.java","37519","16284","53803"
"2017-06-18 19:23","ZKDatabase.java","36613","15154","51767"
"2019-04-09 15:35","ZKDatabase.java","236924","203422","440346"
"2019-12-27 22:33","PrepRequestProcessorTest.java","15661","8339","24000"
"2016-05-02 18:15","SaslAuthDesignatedClientTest.java","57237","18390","75627"
"2019-08-17 17:13","SaslAuthDesignatedClientTest.java","256464","182317","438781"
"2013-09-29 22:24","SaslAuthDesignatedClientTest.java","15752","3947","19699"
"2016-11-13 20:59","TestableZooKeeper.java","57225","18464","75689"
"2019-08-17 17:13","TestableZooKeeper.java","256407","187365","443772"
"2019-03-06 03:32","TestableZooKeeper.java","236112","187285","423397"
"2018-04-25 01:41","TestableZooKeeper.java","68171","24212","92383"
"2014-03-26 22:13","TestableZooKeeper.java","17458","3438","20896"
"2020-05-17 15:13","TestableZooKeeper.java","271705","188718","460423"
"2019-08-17 17:13","Leader.java","254163","232568","486731"
"2019-06-29 00:33","Leader.java","242149","232567","474716"
"2019-06-03 19:40","Leader.java","239493","232567","472060"
"2019-07-15 14:15","Leader.java","249582","232568","482150"
"2019-07-25 21:41","Leader.java","250646","232568","483214"
"2019-06-05 00:33","Leader.java","239883","232567","472450"
"2019-08-03 08:42","Leader.java","254871","232568","487439"
"2019-06-05 23:57","Leader.java","240152","232567","472719"
"2019-01-07 14:55","Leader.java","228899","232413","461312"
"2019-04-12 19:01","Leader.java","235932","232530","468462"
"2018-12-09 03:16","Leader.java","226665","232412","459077"
"2018-08-17 14:40","Leader.java","58135","57337","115472"
"2019-11-29 14:49","Leader.java","262658","234506","497164"
"2018-11-27 10:02","Leader.java","224341","232412","456753"
"2018-08-29 06:26","Leader.java","83972","82966","166938"
"2018-09-18 01:00","Leader.java","92422","88846","181268"
"2020-03-25 03:38","Leader.java","268888","234508","503396"
"2019-12-27 22:33","Leader.java","264780","234507","499287"
"2019-10-10 14:37","Leader.java","257917","232569","490486"
"2019-12-27 22:33","TxnLogToolkit.java","4647","875","5522"
"2019-08-17 17:13","QuorumPeerConfig.java","44957","29711","74668"
"2019-06-05 00:29","QuorumPeerConfig.java","1528","615","2143"
"2020-01-09 11:27","QuorumPeerConfig.java","62275","38926","101201"
"2019-07-12 17:01","QuorumPeerConfig.java","15609","5050","20659"
"2020-01-23 13:43","QuorumPeerConfig.java","64514","39341","103855"
"2019-10-10 14:37","QuorumPeerConfig.java","51093","32094","83187"
"2020-02-16 10:25","QuorumPeerConfig.java","65359","39473","104832"
"2020-05-14 18:18","QuorumPeerConfig.java","72269","43158","115427"
"2019-02-07 11:26","PrepRequestProcessor.java","234205","217523","451728"
"2019-09-11 10:27","PrepRequestProcessor.java","257339","217633","474972"
"2018-07-19 05:59","PrepRequestProcessor.java","50757","35012","85769"
"2017-09-11 18:55","PrepRequestProcessor.java","21503","14025","35528"
"2019-01-16 14:21","PrepRequestProcessor.java","231852","217522","449374"
"2017-06-01 05:45","PrepRequestProcessor.java","18936","11922","30858"
"2019-11-08 17:30","PrepRequestProcessor.java","261627","217663","479290"
"2016-11-13 20:59","PrepRequestProcessor.java","14895","6826","21721"
"2019-04-09 15:35","PrepRequestProcessor.java","236750","217543","454293"
"2019-04-17 14:16","PrepRequestProcessor.java","238037","217615","455652"
"2019-05-10 12:22","PrepRequestProcessor.java","240472","217615","458087"
"2017-06-26 00:16","PrepRequestProcessor.java","19517","12225","31742"
"2019-02-07 11:22","PrepRequestProcessor.java","233867","217523","451390"
"2016-11-16 06:21","PrepRequestProcessor.java","15479","6863","22342"
"2019-08-01 07:31","PrepRequestProcessor.java","256654","217633","474287"
"2019-06-26 10:57","PrepRequestProcessor.java","243832","217632","461464"
"2016-10-07 21:51","PrepRequestProcessor.java","12412","6596","19008"
"2015-06-04 19:51","PrepRequestProcessor.java","922","157","1079"
"2019-08-17 17:13","PrepRequestProcessor.java","255983","217633","473616"
"2018-08-08 06:21","PrepRequestProcessor.java","99733","82508","182241"
"2018-05-09 23:57","PrepRequestProcessor.java","29244","15205","44449"
"2015-06-11 20:09","PrepRequestProcessor.java","1080","189","1269"
"2019-12-27 22:33","PrepRequestProcessor.java","266201","219173","485374"
"2019-10-10 14:37","PrepRequestProcessor.java","259736","217633","477369"
"2020-03-25 03:38","PrepRequestProcessor.java","270309","219174","489483"
"2018-06-15 07:41","PrepRequestProcessor.java","30214","15423","45637"
"2017-05-27 00:52","ListQuotaCommand.java","68500","22228","90728"
"2019-08-17 17:13","ListQuotaCommand.java","256502","178872","435374"
"2019-01-31 15:55","ListQuotaCommand.java","234068","178779","412847"
"2016-07-27 01:33","ListQuotaCommand.java","61514","17918","79432"
"2019-02-07 11:26","PrepRequestProcessor.java","234042","223176","457218"
"2019-09-11 10:27","PrepRequestProcessor.java","257183","223293","480476"
"2018-07-19 05:59","PrepRequestProcessor.java","39889","29960","69849"
"2017-09-11 18:55","PrepRequestProcessor.java","9624","7962","17586"
"2019-01-16 14:21","PrepRequestProcessor.java","231689","223175","454864"
"2017-06-01 05:45","PrepRequestProcessor.java","7039","5841","12880"
"2019-11-08 17:30","PrepRequestProcessor.java","261489","223341","484830"
"2016-11-13 20:59","PrepRequestProcessor.java","2518","265","2783"
"2019-04-09 15:35","PrepRequestProcessor.java","236590","223199","459789"
"2019-04-17 14:16","PrepRequestProcessor.java","237880","223274","461154"
"2019-05-10 12:22","PrepRequestProcessor.java","240315","223274","463589"
"2017-06-26 00:16","PrepRequestProcessor.java","7622","6146","13768"
"2019-02-07 11:22","PrepRequestProcessor.java","233704","223176","456880"
"2016-11-16 06:21","PrepRequestProcessor.java","3106","306","3412"
"2019-08-01 07:31","PrepRequestProcessor.java","256498","223293","479791"
"2019-06-26 10:57","PrepRequestProcessor.java","243676","223292","466968"
"2019-08-17 17:13","PrepRequestProcessor.java","255827","223293","479120"
"2018-08-08 06:21","PrepRequestProcessor.java","89294","77885","167179"
"2018-05-09 23:57","PrepRequestProcessor.java","17557","9334","26891"
"2019-12-27 22:33","PrepRequestProcessor.java","266092","224880","490972"
"2019-10-10 14:37","PrepRequestProcessor.java","259580","223293","482873"
"2020-03-25 03:38","PrepRequestProcessor.java","270200","224881","495081"
"2018-06-15 07:41","PrepRequestProcessor.java","18529","9554","28083"
"2018-10-16 16:22","QuorumPeerConfig.java","234757","191902","426659"
"2018-12-09 03:16","QuorumPeerConfig.java","228675","211559","440234"
"2019-04-12 19:01","QuorumPeerConfig.java","237919","211654","449573"
"2018-09-11 15:23","QuorumPeerConfig.java","136877","111693","248570"
"2018-12-15 07:34","QuorumPeerConfig.java","228590","211559","440149"
"2019-02-13 13:12","QuorumPeerConfig.java","234985","211581","446566"
"2019-08-17 17:13","QuorumPeerConfig.java","256128","211670","467798"
"2015-03-17 18:06","QuorumPeerConfig.java","5336","797","6133"
"2017-11-28 00:10","QuorumPeerConfig.java","33108","15665","48773"
"2019-06-05 00:29","QuorumPeerConfig.java","241795","211670","453465"
"2014-09-17 07:34","QuorumPeerConfig.java","1176","90","1266"
"2020-01-09 11:27","QuorumPeerConfig.java","265677","213116","478793"
"2019-07-12 17:01","QuorumPeerConfig.java","251441","211670","463111"
"2016-11-13 20:59","QuorumPeerConfig.java","22390","8213","30603"
"2019-05-15 11:56","QuorumPeerConfig.java","240866","211654","452520"
"2018-10-01 06:11","QuorumPeerConfig.java","141506","112488","253994"
"2017-07-28 00:36","QuorumPeerConfig.java","28003","14980","42983"
"2017-07-06 18:48","QuorumPeerConfig.java","27353","13448","40801"
"2020-01-23 13:43","QuorumPeerConfig.java","267501","213116","480617"
"2016-06-23 19:42","QuorumPeerConfig.java","16645","6900","23545"
"2015-09-06 20:02","QuorumPeerConfig.java","11074","3023","14097"
"2015-09-29 03:56","QuorumPeerConfig.java","11301","3069","14370"
"2019-10-10 14:37","QuorumPeerConfig.java","259881","211670","471551"
"2018-07-27 12:32","QuorumPeerConfig.java","57727","35370","93097"
"2019-04-18 19:17","QuorumPeerConfig.java","238629","211654","450283"
"2016-11-03 16:07","QuorumPeerConfig.java","20527","8019","28546"
"2020-02-16 10:25","QuorumPeerConfig.java","268214","213116","481330"
"2020-05-14 18:18","QuorumPeerConfig.java","271467","213144","484611"
"2017-05-11 16:59","QuorumPeerConfig.java","26153","13115","39268"
"2019-12-27 22:33","ZooKeeperServer.java","4914","937","5851"
"2019-12-03 10:01","ZooKeeperServer.java","2477","575","3052"
"2020-03-25 03:38","ZooKeeperServer.java","12870","4786","17656"
"2019-11-28 12:24","ZooKeeperServer.java","268","63","331"
"2020-04-12 11:14","ZooKeeperServer.java","14313","5476","19789"
"2019-12-27 22:33","SnapshotFormatter.java","18682","10004","28686"
"2019-11-28 12:24","SnapshotFormatter.java","14222","9316","23538"
"2019-11-23 17:08","ZooKeeperServer.java","7921","6806","14727"
"2019-12-27 22:33","ZooKeeperServer.java","12665","7573","20238"
"2019-11-18 09:05","ZooKeeperServer.java","6120","6562","12682"
"2019-10-10 14:37","ZooKeeperServer.java","1430","1263","2693"
"2019-12-03 10:01","ZooKeeperServer.java","10347","7330","17677"
"2020-03-25 03:38","ZooKeeperServer.java","20564","11365","31929"
"2019-11-28 12:24","ZooKeeperServer.java","8188","6868","15056"
"2019-11-06 15:21","ZooKeeperServer.java","1786","1403","3189"
"2020-04-12 11:14","ZooKeeperServer.java","22004","12052","34056"
"2019-10-10 14:37","ClientCnxnSocket.java","260663","179202","439865"
"2018-07-10 13:29","ClientCnxnSocket.java","103083","35958","139041"
"2016-12-30 23:01","ClientCnxnSocket.java","86641","25159","111800"
"2011-07-25 23:31","ClientCnxnSocket.java","9212","1395","10607"
"2012-09-09 20:24","ClientCnxnSocket.java","26862","10794","37656"
"2015-02-06 06:17","ClientCnxnSocket.java","70121","20866","90987"
"2018-11-22 17:56","ClientCnxnSocket.java","225541","179136","404677"
"2016-05-02 18:15","ClientCnxnSocket.java","79151","24055","103206"
"2019-08-17 17:13","ClientCnxnSocket.java","256910","179202","436112"
"2018-07-12 01:33","ClientCnxnSocket.java","103351","36048","139399"
"2019-04-09 15:35","ClientCnxnSocket.java","237716","179151","416867"
"2014-12-20 15:29","ClientCnxnSocket.java","69852","20803","90655"
"2019-12-27 22:33","FileTxnSnapLog.java","16819","8798","25617"
"2019-10-10 14:37","FileTxnSnapLog.java","5603","2507","8110"
"2019-12-13 08:51","FileTxnSnapLog.java","14667","8609","23276"
"2020-01-23 16:46","FileTxnSnapLog.java","19864","10594","30458"
"2020-01-28 17:26","FileTxnSnapLog.java","20418","10677","31095"
"2020-01-30 09:43","FileTxnSnapLog.java","20521","10704","31225"
"2019-08-17 17:13","NettyServerCnxn.java","45361","29715","75076"
"2019-07-03 00:44","NettyServerCnxn.java","7759","4100","11859"
"2019-11-23 17:08","NettyServerCnxn.java","57803","37456","95259"
"2019-07-23 15:55","NettyServerCnxn.java","17143","5489","22632"
"2019-08-03 08:42","NettyServerCnxn.java","23671","7317","30988"
"2019-11-18 09:05","NettyServerCnxn.java","56051","37261","93312"
"2019-11-21 05:58","NettyServerCnxn.java","56084","37271","93355"
"2019-09-16 23:26","NettyServerCnxn.java","49876","31211","81087"
"2019-10-10 14:37","NettyServerCnxn.java","51432","32033","83465"
"2019-11-28 12:24","DataTree.java","263069","72935","336004"
"2011-07-13 15:48","DataTree.java","117975","14172","132147"
"2011-06-25 08:13","DataTree.java","124174","15341","139515"
"2011-07-28 07:49","DataTree.java","120484","14235","134719"
"2019-10-10 14:37","DataTree.java","261463","72482","333945"
"2019-12-27 22:33","DataTree.java","266841","72935","339776"
"2015-06-06 03:48","DataTree.java","171194","19988","191182"
"2010-01-26 01:17","DataTree.java","100089","13557","113646"
"2009-10-31 00:09","DataTree.java","86911","12704","99615"
"2019-11-11 13:59","DataTree.java","265120","72482","337602"
"2011-04-12 09:14","DataTree.java","122033","15332","137365"
"2018-07-10 13:29","DataTree.java","189351","23936","213287"
"2012-12-19 19:16","DataTree.java","137483","17996","155479"
"2014-04-17 08:47","DataTree.java","155041","19706","174747"
"2014-04-29 02:23","DataTree.java","155750","19709","175459"
"2008-10-14 19:47","DataTree.java","11903","3570","15473"
"2008-10-22 01:49","DataTree.java","15814","3810","19624"
"2010-07-05 20:20","DataTree.java","121298","14262","135560"
"2011-09-15 00:55","DataTree.java","125783","16801","142584"
"2011-09-28 22:17","DataTree.java","125988","16821","142809"
"2018-09-28 23:38","DataTree.java","222425","49184","271609"
"2011-09-17 02:36","DataTree.java","125731","16821","142552"
"2011-10-20 18:48","DataTree.java","124176","16849","141025"
"2019-11-08 17:30","DataTree.java","263324","72482","335806"
"2013-09-05 23:50","DataTree.java","144083","18324","162407"
"2009-01-15 23:57","DataTree.java","26401","8777","35178"
"2009-02-03 06:23","DataTree.java","40125","9819","49944"
"2019-01-30 16:28","DataTree.java","234793","72454","307247"
"2019-01-30 17:02","DataTree.java","235337","72454","307791"
"2008-10-07 20:51","DataTree.java","3686","2501","6187"
"2016-11-24 17:18","DataTree.java","179381","20408","199789"
"2017-09-11 18:55","DataTree.java","178702","20888","199590"
"2011-07-01 00:53","DataTree.java","126982","15636","142618"
"2012-02-06 10:39","DataTree.java","127102","17216","144318"
"2011-12-21 21:39","DataTree.java","126147","17129","143276"
"2017-02-05 07:22","DataTree.java","180884","20472","201356"
"2014-07-18 02:19","DataTree.java","162615","19821","182436"
"2019-02-07 11:26","DataTree.java","236014","72454","308468"
"2013-03-07 07:01","DataTree.java","142291","18248","160539"
"2018-09-04 11:54","DataTree.java","217210","49053","266263"
"2018-09-05 22:35","DataTree.java","217465","49052","266517"
"2018-12-20 15:17","DataTree.java","231282","72454","303736"
"2019-09-10 09:53","DataTree.java","258759","72482","331241"
"2019-04-12 19:01","DataTree.java","239517","72482","311999"
"2019-07-31 19:06","DataTree.java","257017","72482","329499"
"2019-09-11 10:27","DataTree.java","259066","72482","331548"
"2013-10-22 12:54","DataTree.java","148174","18346","166520"
"2016-03-23 00:30","DataTree.java","172708","20063","192771"
"2019-08-01 07:31","DataTree.java","258381","72482","330863"
"2009-06-15 22:52","DataTree.java","71604","10954","82558"
"2014-01-24 07:18","DataTree.java","151132","18356","169488"
"2009-11-12 23:48","DataTree.java","92804","12987","105791"
"2009-06-18 18:37","DataTree.java","72814","11093","83907"
"2019-08-17 17:13","DataTree.java","257710","72482","330192"
"2019-09-10 15:21","DataTree.java","258753","72482","331235"
"2015-06-04 19:51","DataTree.java","171087","19986","191073"
"2016-10-07 21:51","DataTree.java","176415","20263","196678"
"2017-06-18 19:23","DataTree.java","178299","20799","199098"
"2009-01-16 00:48","DataTree.java","26588","8945","35533"
"2019-04-12 12:29","DataTree.java","239086","72482","311568"
"2019-08-03 08:42","DataTree.java","258418","72482","330900"
"2019-08-09 16:15","DataTree.java","259166","72482","331648"
"2016-11-13 20:59","DataTree.java","178671","20266","198937"
"2019-04-29 16:49","DataTree.java","241547","72482","314029"
"2019-10-10 14:37","LearnerHandler.java","44884","29125","74009"
"2019-07-25 21:41","LearnerHandler.java","10408","1919","12327"
"2019-08-23 19:43","LearnerHandler.java","39363","26691","66054"
"2019-08-17 17:13","LearnerHandler.java","38695","26689","65384"
"2019-08-03 08:42","LearnerHandler.java","15958","3244","19202"
"2019-12-27 22:33","TxnLog.java","266841","72935","339776"
"2009-11-07 08:16","TxnLog.java","87520","12884","100404"
"2018-06-08 16:52","TxnLog.java","186091","20967","207058"
"2013-06-28 23:22","TxnLog.java","144228","18323","162551"
"2019-05-14 17:11","TxnLog.java","242377","72482","314859"
"2017-04-28 07:14","TxnLog.java","178673","20577","199250"
"2019-08-17 17:13","TxnLog.java","257710","72482","330192"
"2017-06-26 00:07","TxnLog.java","178449","20815","199264"
"2019-04-12 19:06","TxnLog.java","239507","72482","311989"
"2009-02-20 01:23","TxnLog.java","41172","9922","51094"
"2019-08-17 17:13","StaticHostProvider.java","255234","223799","479033"
"2018-07-16 05:45","StaticHostProvider.java","31624","22827","54451"
"2017-08-03 20:32","StaticHostProvider.java","34","7","41"
"2019-11-18 09:05","DumbWatcher.java","12157","9013","21170"
"2019-11-28 12:24","DataTree.java","263069","81268","344337"
"2011-07-13 15:48","DataTree.java","111750","13995","125745"
"2011-06-25 08:13","DataTree.java","116163","15663","131826"
"2011-07-28 07:49","DataTree.java","114259","14058","128317"
"2019-10-10 14:37","DataTree.java","261463","80815","342278"
"2019-12-27 22:33","DataTree.java","266841","81268","348109"
"2015-06-06 03:48","DataTree.java","165309","20151","185460"
"2010-01-26 01:17","DataTree.java","91683","13484","105167"
"2009-10-31 00:09","DataTree.java","78403","12529","90932"
"2019-11-11 13:59","DataTree.java","265120","80815","345935"
"2011-04-12 09:14","DataTree.java","113849","15481","129330"
"2018-07-10 13:29","DataTree.java","186078","26711","212789"
"2012-12-19 19:16","DataTree.java","131465","18026","149491"
"2014-04-17 08:47","DataTree.java","149053","19766","168819"
"2014-04-29 02:23","DataTree.java","149761","19768","169529"
"2008-10-22 01:49","DataTree.java","5623","1952","7575"
"2010-07-05 20:20","DataTree.java","112945","14242","127187"
"2011-09-15 00:55","DataTree.java","119573","16639","136212"
"2011-09-28 22:17","DataTree.java","119781","16662","136443"
"2018-09-28 23:38","DataTree.java","219205","52012","271217"
"2011-09-17 02:36","DataTree.java","119524","16662","136186"
"2011-10-20 18:48","DataTree.java","117969","16690","134659"
"2019-11-08 17:30","DataTree.java","263324","80815","344139"
"2013-09-05 23:50","DataTree.java","138080","18369","156449"
"2009-01-15 23:57","DataTree.java","17404","8113","25517"
"2009-02-03 06:23","DataTree.java","31097","9124","40221"
"2019-01-30 16:28","DataTree.java","234793","80787","315580"
"2019-01-30 17:02","DataTree.java","235337","80787","316124"
"2016-11-24 17:18","DataTree.java","173606","20681","194287"
"2017-09-11 18:55","DataTree.java","172989","21223","194212"
"2011-07-01 00:53","DataTree.java","118973","15960","134933"
"2012-02-06 10:39","DataTree.java","121059","17221","138280"
"2011-12-21 21:39","DataTree.java","119961","16991","136952"
"2017-02-05 07:22","DataTree.java","175115","20751","195866"
"2014-07-18 02:19","DataTree.java","156718","19972","176690"
"2019-02-07 11:26","DataTree.java","236014","80787","316801"
"2013-03-07 07:01","DataTree.java","136289","18294","154583"
"2018-09-04 11:54","DataTree.java","213990","51881","265871"
"2018-09-05 22:35","DataTree.java","214245","51880","266125"
"2018-12-20 15:17","DataTree.java","231282","80787","312069"
"2019-09-10 09:53","DataTree.java","258759","80815","339574"
"2019-04-12 19:01","DataTree.java","239517","80815","320332"
"2019-07-31 19:06","DataTree.java","257017","80815","337832"
"2019-09-11 10:27","DataTree.java","259066","80815","339881"
"2013-10-22 12:54","DataTree.java","142181","18401","160582"
"2016-03-23 00:30","DataTree.java","166913","20316","187229"
"2019-08-01 07:31","DataTree.java","258381","80815","339196"
"2009-06-15 22:52","DataTree.java","62871","10554","73425"
"2014-01-24 07:18","DataTree.java","145144","18416","163560"
"2009-11-12 23:48","DataTree.java","84355","12871","97226"
"2009-06-18 18:37","DataTree.java","64161","10773","74934"
"2019-08-17 17:13","DataTree.java","257710","80815","338525"
"2019-09-10 15:21","DataTree.java","258753","80815","339568"
"2015-06-04 19:51","DataTree.java","165202","20149","185351"
"2016-10-07 21:51","DataTree.java","170638","20534","191172"
"2017-06-18 19:23","DataTree.java","172573","21121","193694"
"2009-01-16 00:48","DataTree.java","17605","8295","25900"
"2019-04-12 12:29","DataTree.java","239086","80815","319901"
"2019-08-03 08:42","DataTree.java","258418","80815","339233"
"2019-08-09 16:15","DataTree.java","259166","80815","339981"
"2016-11-13 20:59","DataTree.java","172894","20537","193431"
"2019-04-29 16:49","DataTree.java","241547","80815","322362"
"2019-12-27 22:33","QuorumMXBean.java","18682","10004","28686"
"2019-08-17 17:13","PKCS12FileLoader.java","29979","25828","55807"
"2011-06-21 07:34","ZooKeeperServerTest.java","124164","15413","139577"
"2010-03-31 06:26","ZooKeeperServerTest.java","110392","14203","124595"
"2011-09-27 03:05","ZooKeeperServerTest.java","125956","16820","142776"
"2019-04-10 13:19","ZooKeeperServerTest.java","238978","72482","311460"
"2009-07-17 00:09","ZooKeeperServerTest.java","81259","11447","92706"
"2019-08-17 17:13","ZooKeeperServerTest.java","257710","72482","330192"
"2019-08-17 17:13","EphemeralTypeEmulate353.java","44192","29523","73715"
"2019-08-17 17:13","NettyServerCnxn.java","46975","29757","76732"
"2019-07-03 00:44","NettyServerCnxn.java","9630","4399","14029"
"2019-11-23 17:08","NettyServerCnxn.java","59214","37295","96509"
"2019-07-23 15:55","NettyServerCnxn.java","19014","5788","24802"
"2019-05-06 18:32","NettyServerCnxn.java","1907","335","2242"
"2019-08-03 08:42","NettyServerCnxn.java","25511","7585","33096"
"2019-11-18 09:05","NettyServerCnxn.java","57462","37100","94562"
"2019-11-21 05:58","NettyServerCnxn.java","57495","37110","94605"
"2019-09-16 23:26","NettyServerCnxn.java","51287","31050","82337"
"2019-10-10 14:37","NettyServerCnxn.java","52843","31872","84715"
"2019-01-07 14:24","EphemeralType.java","229613","230472","460085"
"2019-08-17 17:13","EphemeralType.java","254922","230611","485533"
"2019-06-03 19:40","EphemeralType.java","240252","230610","470862"
"2018-05-10 06:13","EphemeralType.java","500","223","723"
"2019-07-31 19:06","Commands.java","21463","6910","28373"
"2019-11-29 14:49","Commands.java","59657","37854","97511"
"2019-08-17 17:13","Commands.java","44957","29711","74668"
"2019-06-29 00:33","Commands.java","7122","3889","11011"
"2019-06-03 19:40","Commands.java","907","330","1237"
"2019-07-15 14:15","Commands.java","15715","5050","20765"
"2019-07-25 23:43","Commands.java","17777","5995","23772"
"2019-06-05 12:14","Commands.java","1727","623","2350"
"2019-08-06 01:43","Commands.java","23391","7263","30654"
"2019-05-27 10:54","Commands.java","676","110","786"
"2019-06-04 10:55","Commands.java","1284","554","1838"
"2019-12-03 10:01","Commands.java","59697","37848","97545"
"2019-11-20 07:00","Commands.java","55725","37323","93048"
"2019-06-07 14:13","SessionTest.java","241289","224313","465602"
"2019-08-17 17:13","SessionTest.java","255186","224314","479500"
"2018-09-22 06:48","SessionTest.java","114595","101673","216268"
"2019-10-10 14:37","SessionTest.java","258940","224315","483255"
"2019-12-28 16:17","SessionTest.java","265435","225978","491413"
"2019-06-07 14:13","SessionTest.java","243089","217495","460584"
"2019-08-17 17:13","SessionTest.java","256985","217495","474480"
"2017-09-11 18:55","SessionTest.java","91372","70066","161438"
"2018-09-22 06:48","SessionTest.java","183306","149078","332384"
"2011-10-25 08:09","SessionTest.java","20632","49765","70397"
"2011-04-12 09:14","SessionTest.java","4399","43436","47835"
"2013-12-21 22:05","SessionTest.java","50673","56240","106913"
"2019-10-10 14:37","SessionTest.java","260738","217495","478233"
"2015-07-07 07:11","SessionTest.java","79847","64721","144568"
"2019-12-28 16:17","SessionTest.java","266643","218568","485211"
"2020-01-30 09:43","FileSnap.java","22363","11889","34252"
"2019-12-03 19:12","FileSnap.java","16397","9782","26179"
"2019-12-27 22:33","FileSnap.java","18682","10004","28686"
"2019-10-10 14:37","FileSnap.java","7470","3717","11187"
"2020-01-28 17:26","FileSnap.java","22260","11862","34122"
"2019-08-17 17:13","Leader.java","256932","178740","435672"
"2019-06-29 00:33","Leader.java","244919","178740","423659"
"2019-06-03 19:40","Leader.java","242263","178740","421003"
"2014-05-20 23:42","Leader.java","58639","19915","78554"
"2019-07-15 14:15","Leader.java","252351","178740","431091"
"2015-03-17 18:06","Leader.java","71987","21026","93013"
"2019-07-25 21:41","Leader.java","253415","178740","432155"
"2018-05-10 06:00","Leader.java","95113","28259","123372"
"2018-07-12 01:33","Leader.java","103756","35969","139725"
"2018-02-07 01:05","Leader.java","92811","28091","120902"
"2017-11-28 00:10","Leader.java","91780","27915","119695"
"2019-06-05 00:33","Leader.java","242653","178740","421393"
"2015-04-10 22:22","Leader.java","73069","21040","94109"
"2011-06-14 07:14","Leader.java","2034","419","2453"
"2019-08-03 08:42","Leader.java","257640","178740","436380"
"2019-06-05 23:57","Leader.java","242922","178740","421662"
"2012-12-08 00:38","Leader.java","31128","11524","42652"
"2013-10-07 21:08","Leader.java","42368","13315","55683"
"2012-12-31 02:38","Leader.java","34103","12378","46481"
"2017-01-13 19:29","Leader.java","87465","25117","112582"
"2012-07-05 18:01","Leader.java","25404","10726","36130"
"2019-01-07 14:55","Leader.java","231757","178674","410431"
"2019-04-12 19:01","Leader.java","238740","178741","417481"
"2018-12-09 03:16","Leader.java","229524","178674","408198"
"2018-08-17 14:40","Leader.java","156598","86515","243113"
"2019-11-29 14:49","Leader.java","264583","179834","444417"
"2013-03-07 07:01","Leader.java","39117","12880","51997"
"2018-11-27 10:02","Leader.java","227200","178674","405874"
"2015-02-06 06:17","Leader.java","70631","20892","91523"
"2012-02-27 03:41","Leader.java","20569","8255","28824"
"2017-02-15 23:04","Leader.java","86109","26717","112826"
"2014-07-18 02:19","Leader.java","65551","20563","86114"
"2012-01-04 01:15","Leader.java","19269","7833","27102"
"2011-12-28 01:26","Leader.java","19076","7793","26869"
"2018-08-29 06:26","Leader.java","172411","102120","274531"
"2018-08-03 18:52","Leader.java","114478","45193","159671"
"2013-05-14 14:27","Leader.java","39273","12911","52184"
"2012-02-06 09:40","Leader.java","19986","7913","27899"
"2017-09-11 18:55","Leader.java","87799","27791","115590"
"2018-09-18 01:00","Leader.java","180048","107187","287235"
"2011-10-20 20:02","Leader.java","16157","6642","22799"
"2012-01-14 00:28","Leader.java","19372","7838","27210"
"2012-01-06 02:32","Leader.java","19271","7834","27105"
"2012-03-15 17:47","Leader.java","21578","8285","29863"
"2011-09-22 07:42","Leader.java","16256","4949","21205"
"2016-12-20 14:47","Leader.java","86597","25091","111688"
"2014-07-20 04:50","Leader.java","66131","20622","86753"
"2014-06-10 00:19","Leader.java","59583","19925","79508"
"2016-06-23 23:25","Leader.java","80469","24027","104496"
"2016-06-23 23:45","Leader.java","80576","24026","104602"
"2020-03-25 03:38","Leader.java","270811","179834","450645"
"2014-03-23 04:12","Leader.java","49470","13863","63333"
"2019-12-27 22:33","Leader.java","266704","179834","446538"
"2016-08-13 15:01","Leader.java","81537","24292","105829"
"2013-10-21 23:36","Leader.java","45301","13506","58807"
"2019-10-10 14:37","Leader.java","260685","178740","439425"
"2013-11-07 06:41","Leader.java","45757","13531","59288"
"2019-11-28 12:24","DataTree.java","263068","84938","348006"
"2011-07-13 15:48","DataTree.java","108065","13415","121480"
"2011-06-25 08:13","DataTree.java","112155","15326","127481"
"2011-07-28 07:49","DataTree.java","110595","13499","124094"
"2019-10-10 14:37","DataTree.java","261459","84482","345941"
"2019-12-27 22:33","DataTree.java","266840","84938","351778"
"2015-06-06 03:48","DataTree.java","162975","20922","183897"
"2010-01-26 01:17","DataTree.java","87562","13034","100596"
"2009-10-31 00:09","DataTree.java","74233","12030","86263"
"2019-11-11 13:59","DataTree.java","265116","84482","349598"
"2011-04-12 09:14","DataTree.java","109834","15137","124971"
"2018-07-10 13:29","DataTree.java","184520","28258","212778"
"2012-12-19 19:16","DataTree.java","129088","18754","147842"
"2014-04-17 08:47","DataTree.java","146713","20531","167244"
"2014-04-29 02:23","DataTree.java","147421","20533","167954"
"2010-07-05 20:20","DataTree.java","108892","13860","122752"
"2011-09-15 00:55","DataTree.java","115918","16089","132007"
"2011-09-28 22:17","DataTree.java","116136","16122","132258"
"2018-09-28 23:38","DataTree.java","217690","53602","271292"
"2011-09-17 02:36","DataTree.java","115879","16122","132001"
"2011-10-20 18:48","DataTree.java","115631","17457","133088"
"2019-11-08 17:30","DataTree.java","263320","84482","347802"
"2013-09-05 23:50","DataTree.java","135707","19101","154808"
"2009-01-15 23:57","DataTree.java","12667","7047","19714"
"2009-02-03 06:23","DataTree.java","26615","8313","34928"
"2019-01-30 16:28","DataTree.java","234790","84455","319245"
"2019-01-30 17:02","DataTree.java","235334","84455","319789"
"2016-11-24 17:18","DataTree.java","171456","21636","193092"
"2017-09-11 18:55","DataTree.java","171000","22339","193339"
"2011-07-01 00:53","DataTree.java","114966","15624","130590"
"2012-02-06 10:39","DataTree.java","118720","17987","136707"
"2011-12-21 21:39","DataTree.java","117624","17759","135383"
"2017-02-05 07:22","DataTree.java","172966","21707","194673"
"2014-07-18 02:19","DataTree.java","154378","20737","175115"
"2019-02-07 11:26","DataTree.java","236011","84455","320466"
"2013-03-07 07:01","DataTree.java","133916","19026","152942"
"2018-09-04 11:54","DataTree.java","212479","53475","265954"
"2018-09-05 22:35","DataTree.java","212734","53474","266208"
"2018-12-20 15:17","DataTree.java","231279","84455","315734"
"2019-09-10 09:53","DataTree.java","258755","84482","343237"
"2019-04-12 19:01","DataTree.java","239514","84483","323997"
"2019-07-31 19:06","DataTree.java","257013","84482","341495"
"2019-09-11 10:27","DataTree.java","259062","84482","343544"
"2013-10-22 12:54","DataTree.java","139837","19162","158999"
"2016-03-23 00:30","DataTree.java","164728","21236","185964"
"2019-08-01 07:31","DataTree.java","258377","84482","342859"
"2009-06-15 22:52","DataTree.java","58497","9851","68348"
"2014-01-24 07:18","DataTree.java","142802","19179","161981"
"2009-11-12 23:48","DataTree.java","80224","12411","92635"
"2009-06-18 18:37","DataTree.java","59809","10092","69901"
"2019-08-17 17:13","DataTree.java","257706","84482","342188"
"2019-09-10 15:21","DataTree.java","258749","84482","343231"
"2015-06-04 19:51","DataTree.java","162868","20920","183788"
"2016-10-07 21:51","DataTree.java","168482","21483","189965"
"2017-06-18 19:23","DataTree.java","170579","22232","192811"
"2009-01-16 00:48","DataTree.java","12884","7245","20129"
"2019-04-12 12:29","DataTree.java","239083","84483","323566"
"2019-08-03 08:42","DataTree.java","258414","84482","342896"
"2019-08-09 16:15","DataTree.java","259162","84482","343644"
"2016-11-13 20:59","DataTree.java","170744","21492","192236"
"2019-04-29 16:49","DataTree.java","241544","84483","326027"
"2019-08-17 17:13","NettyServerCnxn.java","24190","24898","49088"
"2019-11-23 17:08","NettyServerCnxn.java","37084","33091","70175"
"2019-11-18 09:05","NettyServerCnxn.java","35320","32884","68204"
"2019-11-21 05:58","NettyServerCnxn.java","35348","32889","68237"
"2019-09-16 23:26","NettyServerCnxn.java","29036","26725","55761"
"2019-10-10 14:37","NettyServerCnxn.java","30687","27642","58329"
"2011-05-03 23:29","NIOServerCnxn.java","6165","14776","20941"
"2019-11-21 05:58","NIOServerCnxn.java","261225","188486","449711"
"2015-11-08 22:36","NIOServerCnxn.java","81709","35440","117149"
"2019-11-18 09:05","NIOServerCnxn.java","261202","188486","449688"
"2013-09-10 00:37","NIOServerCnxn.java","45852","26523","72375"
"2019-09-16 23:26","NIOServerCnxn.java","260004","187413","447417"
"2019-10-10 14:37","NIOServerCnxn.java","260738","187413","448151"
"2013-10-05 00:57","NIOServerCnxn.java","46758","26675","73433"
"2018-09-28 23:38","NIOServerCnxn.java","186435","119689","306124"
"2020-02-11 06:50","NIOServerCnxn.java","268577","188486","457063"
"2019-01-23 14:00","NIOServerCnxn.java","233647","187348","420995"
"2019-07-08 23:26","NIOServerCnxn.java","245761","187413","433174"
"2019-04-12 19:01","NIOServerCnxn.java","238793","187414","426207"
"2019-01-14 19:38","NIOServerCnxn.java","232211","187347","419558"
"2018-11-17 18:33","NIOServerCnxn.java","224993","187346","412339"
"2017-03-04 19:22","NIOServerCnxn.java","90738","39570","130308"
"2011-08-19 00:05","NIOServerCnxn.java","17925","15526","33451"
"2013-12-11 19:22","NIOServerCnxn.java","51042","26905","77947"
"2012-02-11 00:34","NIOServerCnxn.java","25381","21811","47192"
"2016-12-22 23:23","NIOServerCnxn.java","91295","38137","129432"
"2018-09-18 01:00","NIOServerCnxn.java","183707","119535","303242"
"2019-08-17 17:13","NIOServerCnxn.java","256985","187413","444398"
"2015-06-28 21:09","NIOServerCnxn.java","80242","35281","115523"
"2015-03-28 20:08","NIOServerCnxn.java","77496","34235","111731"
"2019-07-03 00:44","NIOServerCnxn.java","244998","187413","432411"
"2019-08-03 08:42","NIOServerCnxn.java","257693","187413","445106"
"2016-11-16 06:21","NIOServerCnxn.java","90066","37609","127675"
"2012-12-19 19:07","NIOServerCnxn.java","37882","25771","63653"
"2019-07-31 19:06","ZooKeeperServer.java","14240","2946","17186"
"2019-09-11 10:27","ZooKeeperServer.java","41468","28125","69593"
"2019-07-08 23:26","ZooKeeperServer.java","854","91","945"
"2019-08-03 08:42","ZooKeeperServer.java","15997","3302","19299"
"2019-09-10 04:26","ZooKeeperServer.java","41107","28075","69182"
"2019-08-17 17:13","ZooKeeperServer.java","38727","26740","65467"
"2019-09-05 23:12","ZooKeeperServer.java","40946","28040","68986"
"2019-09-10 15:21","ZooKeeperServer.java","41115","28085","69200"
"2019-08-01 07:31","ZooKeeperServer.java","15687","3029","18716"
"2019-08-01 07:28","ZooKeeperServer.java","15121","2953","18074"
"2019-11-23 17:08","ZooKeeperServer.java","51297","34609","85906"
"2019-10-09 16:49","ZooKeeperServer.java","44264","28691","72955"
"2019-07-24 18:00","ZooKeeperServer.java","9873","1431","11304"
"2019-12-27 22:33","ZooKeeperServer.java","55776","35111","90887"
"2019-11-18 09:05","ZooKeeperServer.java","49545","34414","83959"
"2019-10-10 14:37","ZooKeeperServer.java","44915","29175","74090"
"2019-09-16 23:26","ZooKeeperServer.java","43333","28327","71660"
"2019-12-03 10:01","ZooKeeperServer.java","53545","34955","88500"
"2020-03-25 03:38","ZooKeeperServer.java","61555","36783","98338"
"2019-11-28 12:24","ZooKeeperServer.java","51559","34666","86225"
"2019-11-06 15:21","ZooKeeperServer.java","45271","29315","74586"
"2020-04-12 11:14","ZooKeeperServer.java","62950","37425","100375"
"2020-01-23 13:43","QuorumPeerMainTest.java","14381","8207","22588"
"2019-12-28 16:17","QuorumPeerMainTest.java","11443","6611","18054"
"2020-03-23 16:20","QuorumCnxManager.java","278","107","385"
"2019-10-10 14:37","LeaderSessionTrackerTest.java","259640","222020","481660"
"2019-08-17 17:13","LeaderSessionTrackerTest.java","255887","222020","477907"
"2019-08-17 17:13","ObserverTest.java","257179","154759","411938"
"2018-12-09 03:16","ObserverTest.java","229785","154707","384492"
"2019-11-29 14:49","QuorumPeer.java","45346","34102","79448"
"2019-07-15 14:15","QuorumPeer.java","106","0","106"
"2019-08-17 17:13","QuorumPeer.java","30536","25849","56385"
"2020-01-09 11:27","QuorumPeer.java","47969","35179","83148"
"2019-12-17 13:48","QuorumPeer.java","45967","34151","80118"
"2020-01-23 13:43","QuorumPeer.java","50229","35615","85844"
"2019-10-10 14:37","QuorumPeer.java","36740","28300","65040"
"2020-02-16 10:25","QuorumPeer.java","51081","35754","86835"
"2019-02-07 11:26","PrepRequestProcessor.java","234200","218283","452483"
"2019-09-11 10:27","PrepRequestProcessor.java","257334","218393","475727"
"2018-07-19 05:59","PrepRequestProcessor.java","49959","34979","84938"
"2017-09-11 18:55","PrepRequestProcessor.java","20658","13945","34603"
"2019-01-16 14:21","PrepRequestProcessor.java","231847","218282","450129"
"2017-06-01 05:45","PrepRequestProcessor.java","18083","11834","29917"
"2019-11-08 17:30","PrepRequestProcessor.java","261622","218423","480045"
"2016-11-13 20:59","PrepRequestProcessor.java","14016","6712","20728"
"2019-04-09 15:35","PrepRequestProcessor.java","236745","218303","455048"
"2019-04-17 14:16","PrepRequestProcessor.java","238032","218375","456407"
"2019-05-10 12:22","PrepRequestProcessor.java","240467","218375","458842"
"2017-06-26 00:16","PrepRequestProcessor.java","18665","12138","30803"
"2019-02-07 11:22","PrepRequestProcessor.java","233862","218283","452145"
"2016-11-16 06:21","PrepRequestProcessor.java","14600","6749","21349"
"2019-08-01 07:31","PrepRequestProcessor.java","256649","218393","475042"
"2019-06-26 10:57","PrepRequestProcessor.java","243827","218392","462219"
"2016-10-07 21:51","PrepRequestProcessor.java","11533","6482","18015"
"2019-08-17 17:13","PrepRequestProcessor.java","255978","218393","474371"
"2018-08-08 06:21","PrepRequestProcessor.java","98938","82478","181416"
"2018-05-09 23:57","PrepRequestProcessor.java","28407","15133","43540"
"2015-06-11 20:09","PrepRequestProcessor.java","158","32","190"
"2019-12-27 22:33","PrepRequestProcessor.java","266201","219938","486139"
"2019-10-10 14:37","PrepRequestProcessor.java","259731","218393","478124"
"2020-03-25 03:38","PrepRequestProcessor.java","270309","219939","490248"
"2018-06-15 07:41","PrepRequestProcessor.java","29377","15351","44728"
"2011-05-03 23:29","NIOServerCnxn.java","25948","14845","40793"
"2019-11-21 05:58","NIOServerCnxn.java","261229","168776","430005"
"2015-11-08 22:36","NIOServerCnxn.java","99471","33545","133016"
"2019-11-18 09:05","NIOServerCnxn.java","261206","168776","429982"
"2013-09-10 00:37","NIOServerCnxn.java","64563","25577","90140"
"2019-09-16 23:26","NIOServerCnxn.java","260009","167704","427713"
"2019-10-10 14:37","NIOServerCnxn.java","260743","167704","428447"
"2013-10-05 00:57","NIOServerCnxn.java","65465","25725","91190"
"2018-09-28 23:38","NIOServerCnxn.java","189071","102668","291739"
"2010-08-18 08:24","NIOServerCnxn.java","22026","2312","24338"
"2020-02-11 06:50","NIOServerCnxn.java","268581","168776","437357"
"2019-01-23 14:00","NIOServerCnxn.java","233652","167639","401291"
"2019-07-08 23:26","NIOServerCnxn.java","245766","167704","413470"
"2019-04-12 19:01","NIOServerCnxn.java","238798","167705","406503"
"2019-01-14 19:38","NIOServerCnxn.java","232216","167638","399854"
"2018-11-17 18:33","NIOServerCnxn.java","224999","167638","392637"
"2017-03-04 19:22","NIOServerCnxn.java","108390","37565","145955"
"2011-08-19 00:05","NIOServerCnxn.java","37132","15076","52208"
"2013-12-11 19:22","NIOServerCnxn.java","69733","25939","95672"
"2012-02-11 00:34","NIOServerCnxn.java","44467","21240","65707"
"2016-12-22 23:23","NIOServerCnxn.java","109025","36210","145235"
"2018-09-18 01:00","NIOServerCnxn.java","186350","102521","288871"
"2019-08-17 17:13","NIOServerCnxn.java","256990","167704","424694"
"2015-06-28 21:09","NIOServerCnxn.java","98036","33418","131454"
"2015-03-28 20:08","NIOServerCnxn.java","95873","32955","128828"
"2019-07-03 00:44","NIOServerCnxn.java","245003","167704","412707"
"2019-08-03 08:42","NIOServerCnxn.java","257698","167704","425402"
"2016-11-16 06:21","NIOServerCnxn.java","107808","35694","143502"
"2012-12-19 19:07","NIOServerCnxn.java","56632","24864","81496"
"2011-07-01 00:53","PrepRequestProcessor.java","65910","23848","89758"
"2015-02-06 06:17","PrepRequestProcessor.java","118136","32137","150273"
"2012-02-06 10:39","PrepRequestProcessor.java","75224","26884","102108"
"2013-03-07 07:01","PrepRequestProcessor.java","92116","29619","121735"
"2019-02-07 11:26","PrepRequestProcessor.java","235788","141512","377300"
"2019-09-11 10:27","PrepRequestProcessor.java","258856","141556","400412"
"2018-07-19 05:59","PrepRequestProcessor.java","152374","47839","200213"
"2017-09-11 18:55","PrepRequestProcessor.java","132188","35920","168108"
"2019-01-16 14:21","PrepRequestProcessor.java","233436","141512","374948"
"2017-06-01 05:45","PrepRequestProcessor.java","131566","35762","167328"
"2012-04-14 02:32","PrepRequestProcessor.java","78037","28133","106170"
"2019-11-08 17:30","PrepRequestProcessor.java","263114","141556","404670"
"2016-11-13 20:59","PrepRequestProcessor.java","131242","34383","165625"
"2019-04-09 15:35","PrepRequestProcessor.java","238321","141520","379841"
"2019-04-17 14:16","PrepRequestProcessor.java","239572","141556","381128"
"2014-10-28 05:35","PrepRequestProcessor.java","116133","32073","148206"
"2019-05-10 12:22","PrepRequestProcessor.java","242007","141556","383563"
"2017-06-26 00:16","PrepRequestProcessor.java","131879","35797","167676"
"2019-02-07 11:22","PrepRequestProcessor.java","235450","141512","376962"
"2016-11-16 06:21","PrepRequestProcessor.java","131801","34395","166196"
"2019-08-01 07:31","PrepRequestProcessor.java","258171","141556","399727"
"2019-06-26 10:57","PrepRequestProcessor.java","245350","141556","386906"
"2009-11-12 23:48","PrepRequestProcessor.java","14599","4066","18665"
"2014-01-24 07:18","PrepRequestProcessor.java","101316","30086","131402"
"2015-05-29 19:45","PrepRequestProcessor.java","121011","32221","153232"
"2016-10-07 21:51","PrepRequestProcessor.java","128974","34368","163342"
"2015-06-04 19:51","PrepRequestProcessor.java","121844","32289","154133"
"2019-08-17 17:13","PrepRequestProcessor.java","257500","141556","399056"
"2018-08-08 06:21","PrepRequestProcessor.java","175503","69488","244991"
"2018-05-09 23:57","PrepRequestProcessor.java","138944","36115","175059"
"2015-06-11 20:09","PrepRequestProcessor.java","121977","32296","154273"
"2019-12-27 22:33","PrepRequestProcessor.java","266817","142195","409012"
"2009-12-18 03:19","PrepRequestProcessor.java","19407","5609","25016"
"2009-12-11 21:24","PrepRequestProcessor.java","18172","4827","22999"
"2009-11-07 01:48","PrepRequestProcessor.java","8865","3537","12402"
"2014-04-01 01:47","PrepRequestProcessor.java","102831","30338","133169"
"2019-10-10 14:37","PrepRequestProcessor.java","261253","141556","402809"
"2020-03-25 03:38","PrepRequestProcessor.java","270924","142195","413119"
"2010-01-25 04:28","PrepRequestProcessor.java","22734","5895","28629"
"2011-08-15 02:35","PrepRequestProcessor.java","67096","21959","89055"
"2014-07-25 01:31","PrepRequestProcessor.java","114002","32018","146020"
"2013-10-09 22:21","PrepRequestProcessor.java","97686","29994","127680"
"2010-08-18 08:24","PrepRequestProcessor.java","64582","18210","82792"
"2011-09-17 02:36","PrepRequestProcessor.java","72038","24674","96712"
"2014-04-29 02:23","PrepRequestProcessor.java","105964","31469","137433"
"2015-03-08 23:07","PrepRequestProcessor.java","118336","32163","150499"
"2014-07-22 06:51","PrepRequestProcessor.java","113768","31973","145741"
"2012-03-15 17:47","PrepRequestProcessor.java","76460","26907","103367"
"2011-04-12 09:14","PrepRequestProcessor.java","60498","23081","83579"
"2011-11-01 15:41","PrepRequestProcessor.java","72592","26436","99028"
"2011-10-28 00:58","PrepRequestProcessor.java","72381","26387","98768"
"2011-10-20 20:02","PrepRequestProcessor.java","72024","26249","98273"
"2011-10-17 16:59","PrepRequestProcessor.java","71920","24737","96657"
"2018-06-15 07:41","PrepRequestProcessor.java","139714","36133","175847"
"2012-12-19 19:16","PrepRequestProcessor.java","87238","29297","116535"
"2011-11-14 20:18","PrepRequestProcessor.java","73216","26425","99641"
"2018-11-22 17:56","NettyNettySuiteBase.java","224690","214646","439336"
"2016-05-02 18:15","NettyNettySuiteBase.java","12582","6535","19117"
"2015-05-14 18:40","NettyNettySuiteBase.java","4363","1368","5731"
"2019-08-17 17:13","NettyNettySuiteBase.java","256104","214757","470861"
"2019-10-10 14:37","ZKDatabase.java","259909","202805","462714"
"2019-12-27 22:33","ZKDatabase.java","266272","204243","470515"
"2018-04-06 06:04","ZKDatabase.java","44994","17451","62445"
"2014-04-29 02:23","ZKDatabase.java","770","64","834"
"2018-09-28 23:38","ZKDatabase.java","149966","112060","262026"
"2019-11-08 17:30","ZKDatabase.java","261798","202833","464631"
"2019-05-14 17:11","ZKDatabase.java","240807","202789","443596"
"2018-09-18 01:00","ZKDatabase.java","147213","111881","259094"
"2019-02-07 11:26","ZKDatabase.java","234381","202698","437079"
"2019-04-12 19:01","ZKDatabase.java","237947","202789","440736"
"2018-09-05 22:35","ZKDatabase.java","144843","111765","256608"
"2015-02-06 06:17","ZKDatabase.java","15206","2996","18202"
"2014-07-18 02:19","ZKDatabase.java","9178","1719","10897"
"2018-02-07 01:05","ZKDatabase.java","44604","17413","62017"
"2019-08-17 17:13","ZKDatabase.java","256156","202805","458961"
"2019-09-10 00:27","ZKDatabase.java","257096","202805","459901"
"2016-03-23 00:30","ZKDatabase.java","26054","8744","34798"
"2018-02-23 23:49","ZKDatabase.java","44980","17445","62425"
"2017-08-03 20:28","ZKDatabase.java","38249","16308","54557"
"2017-06-18 19:23","ZKDatabase.java","37344","15179","52523"
"2019-04-09 15:35","ZKDatabase.java","236925","202717","439642"
"2019-09-11 10:27","PrepRequestProcessor.java","3093","1737","4830"
"2019-11-08 17:30","PrepRequestProcessor.java","9522","3908","13430"
"2019-12-27 22:33","PrepRequestProcessor.java","18682","10004","28686"
"2019-10-10 14:37","PrepRequestProcessor.java","7470","3717","11187"
"2020-03-25 03:38","PrepRequestProcessor.java","24918","12133","37051"
"2011-04-12 09:14","LogServer.java","14937","15099","30036"
"2015-07-07 07:11","BaseSysTest.java","64734","23404","88138"
"2015-08-23 19:12","BaseSysTest.java","65287","23415","88702"
"2018-12-20 07:24","BaseSysTest.java","230217","178335","408552"
"2020-03-26 22:20","BaseSysTest.java","271022","179600","450622"
"2014-05-09 23:37","BaseSysTest.java","46382","20612","66994"
"2017-09-11 18:55","BaseSysTest.java","78928","31418","110346"
"2019-07-12 17:01","BaseSysTest.java","252089","178394","430483"
"2014-08-14 09:32","BaseSysTest.java","55500","21672","77172"
"2020-01-23 13:43","QuorumPeer.java","2501","677","3178"
"2020-02-16 10:25","QuorumPeer.java","5000","2463","7463"
"2019-11-29 14:49","QuorumCnxManager.java","16330","9773","26103"
"2019-11-13 20:41","QuorumCnxManager.java","11740","4021","15761"
"2020-03-12 14:47","QuorumCnxManager.java","23968","12025","35993"
"2019-10-10 14:37","QuorumCnxManager.java","7470","3717","11187"
"2020-01-23 13:43","QuorumCnxManager.java","21704","11777","33481"
"2019-11-28 12:24","QuorumCnxManager.java","14222","9316","23538"
"2020-03-23 16:20","QuorumCnxManager.java","24224","12110","36334"
"2020-02-16 10:25","QuorumCnxManager.java","22565","11925","34490"
"2018-12-20 15:13","QuorumPeer.java","228716","226907","455623"
"2019-05-16 16:25","QuorumPeer.java","240045","227007","467052"
"2018-10-16 16:22","QuorumPeer.java","231772","205136","436908"
"2019-06-14 09:06","QuorumPeer.java","243262","227025","470287"
"2018-12-07 12:41","QuorumPeer.java","225729","226906","452635"
"2019-03-11 19:47","QuorumPeer.java","235167","226930","462097"
"2019-02-13 13:12","QuorumPeer.java","234114","226929","461043"
"2019-04-12 19:01","QuorumPeer.java","237053","227007","464060"
"2018-12-09 03:16","QuorumPeer.java","227803","226906","454709"
"2018-09-11 15:23","QuorumPeer.java","116193","107228","223421"
"2019-11-29 14:49","QuorumPeer.java","263435","228639","492074"
"2018-12-15 07:34","QuorumPeer.java","227718","226906","454624"
"2018-11-27 10:02","QuorumPeer.java","225479","226906","452385"
"2018-09-18 01:00","QuorumPeer.java","117581","107361","224942"
"2019-06-03 19:40","QuorumPeer.java","240595","227025","467620"
"2019-07-15 14:15","QuorumPeer.java","250684","227026","477710"
"2019-07-03 00:44","QuorumPeer.java","243277","227025","470302"
"2019-08-17 17:13","QuorumPeer.java","255265","227026","482291"
"2017-11-28 00:10","QuorumPeer.java","8361","7137","15498"
"2018-01-30 08:02","QuorumPeer.java","9005","7628","16633"
"2019-05-15 11:56","QuorumPeer.java","240000","227007","467007"
"2019-06-05 00:33","QuorumPeer.java","240985","227025","468010"
"2019-05-20 23:13","QuorumPeer.java","240119","227008","467127"
"2019-06-04 10:55","QuorumPeer.java","240748","227025","467773"
"2019-07-12 17:01","QuorumPeer.java","250578","227026","477604"
"2020-01-09 11:27","QuorumPeer.java","264983","228641","493624"
"2017-07-06 18:48","QuorumPeer.java","2502","4816","7318"
"2018-10-01 06:11","QuorumPeer.java","120844","108045","228889"
"2018-07-04 17:11","QuorumPeer.java","23444","18506","41950"
"2019-12-17 13:48","QuorumPeer.java","264007","228639","492646"
"2020-01-23 13:43","QuorumPeer.java","266807","228641","495448"
"2018-12-06 10:56","QuorumPeer.java","225673","226906","452579"
"2019-10-10 14:37","QuorumPeer.java","259018","227026","486044"
"2017-07-27 23:09","QuorumPeer.java","3037","6337","9374"
"2018-06-26 11:18","QuorumPeer.java","13235","8315","21550"
"2018-07-27 12:32","QuorumPeer.java","35217","29079","64296"
"2019-04-18 19:17","QuorumPeer.java","237763","227007","464770"
"2017-05-11 16:59","QuorumPeer.java","1276","4457","5733"
"2020-02-16 10:25","QuorumPeer.java","267520","228641","496161"
"2016-08-24 01:36","RestoreCommittedLogTest.java","40970","17092","58062"
"2019-05-20 12:24","RestoreCommittedLogTest.java","241080","198531","439611"
"2019-04-09 15:35","RestoreCommittedLogTest.java","237062","198460","435522"
"2019-08-17 17:13","RestoreCommittedLogTest.java","256292","198547","454839"
"2015-11-21 22:18","RestoreCommittedLogTest.java","35151","12970","48121"
"2019-05-14 17:11","RestoreCommittedLogTest.java","240943","198531","439474"
"2019-08-17 17:13","DataNode.java","25455","24762","50217"
"2019-12-27 22:33","DataNode.java","42830","33459","76289"
"2015-10-18 19:00","QuorumPeer.java","75554","22447","98001"
"2018-12-20 15:13","QuorumPeer.java","230410","180263","410673"
"2019-05-16 16:25","QuorumPeer.java","241706","180330","422036"
"2018-10-16 16:22","QuorumPeer.java","236735","149073","385808"
"2019-06-14 09:06","QuorumPeer.java","244904","180329","425233"
"2018-12-07 12:41","QuorumPeer.java","227424","180263","407687"
"2012-04-23 01:20","QuorumPeer.java","23456","10672","34128"
"2012-07-17 23:19","QuorumPeer.java","24260","10704","34964"
"2019-03-11 19:47","QuorumPeer.java","236852","180277","417129"
"2012-02-27 03:41","QuorumPeer.java","18927","8228","27155"
"2014-07-18 02:19","QuorumPeer.java","64029","20656","84685"
"2019-02-13 13:12","QuorumPeer.java","235799","180276","416075"
"2019-04-12 19:01","QuorumPeer.java","238714","180330","419044"
"2018-12-09 03:16","QuorumPeer.java","229498","180263","409761"
"2018-09-11 15:23","QuorumPeer.java","177441","107450","284891"
"2019-11-29 14:49","QuorumPeer.java","264561","181427","445988"
"2013-03-07 07:01","QuorumPeer.java","37540","12918","50458"
"2018-12-15 07:34","QuorumPeer.java","229413","180263","409676"
"2018-11-27 10:02","QuorumPeer.java","227174","180263","407437"
"2018-09-18 01:00","QuorumPeer.java","178757","107511","286268"
"2012-02-06 09:40","QuorumPeer.java","18342","7884","26226"
"2019-06-03 19:40","QuorumPeer.java","242237","180329","422566"
"2019-07-15 14:15","QuorumPeer.java","252325","180329","432654"
"2015-03-17 18:06","QuorumPeer.java","70497","21151","91648"
"2019-07-03 00:44","QuorumPeer.java","244919","180329","425248"
"2019-08-17 17:13","QuorumPeer.java","256906","180329","437235"
"2015-06-27 02:03","QuorumPeer.java","73447","21412","94859"
"2017-11-28 00:10","QuorumPeer.java","90410","28160","118570"
"2014-01-21 04:50","QuorumPeer.java","45493","13721","59214"
"2014-06-04 22:07","QuorumPeer.java","57576","20003","77579"
"2018-01-30 08:02","QuorumPeer.java","90771","28368","119139"
"2019-05-15 11:56","QuorumPeer.java","241661","180330","421991"
"2019-06-05 00:33","QuorumPeer.java","242627","180329","422956"
"2019-05-20 23:13","QuorumPeer.java","241779","180330","422109"
"2019-06-04 10:55","QuorumPeer.java","242390","180329","422719"
"2019-07-12 17:01","QuorumPeer.java","252219","180329","432548"
"2020-01-09 11:27","QuorumPeer.java","266107","181427","447534"
"2017-02-09 11:40","QuorumPeer.java","86419","25393","111812"
"2017-07-06 18:48","QuorumPeer.java","86535","27823","114358"
"2018-10-01 06:11","QuorumPeer.java","181491","107666","289157"
"2015-04-09 20:16","QuorumPeer.java","71575","21166","92741"
"2013-10-07 21:08","QuorumPeer.java","40803","13365","54168"
"2013-09-30 22:20","QuorumPeer.java","40230","13223","53453"
"2018-07-04 17:11","QuorumPeer.java","102138","36174","138312"
"2019-12-17 13:48","QuorumPeer.java","265133","181427","446560"
"2015-12-07 05:59","QuorumPeer.java","76459","22594","99053"
"2020-01-23 13:43","QuorumPeer.java","267931","181427","449358"
"2016-06-23 23:45","QuorumPeer.java","79152","24217","103369"
"2016-06-23 23:25","QuorumPeer.java","79045","24218","103263"
"2014-03-23 04:12","QuorumPeer.java","47938","13946","61884"
"2013-09-26 00:13","QuorumPeer.java","39967","13204","53171"
"2011-06-17 01:34","QuorumPeer.java","163","92","255"
"2014-07-18 20:48","QuorumPeer.java","64524","20692","85216"
"2014-07-04 04:19","QuorumPeer.java","59249","20033","79282"
"2018-12-06 10:56","QuorumPeer.java","227368","180263","407631"
"2014-06-25 15:04","QuorumPeer.java","58078","20008","78086"
"2014-03-28 01:58","QuorumPeer.java","48370","13960","62330"
"2013-10-21 23:36","QuorumPeer.java","43743","13563","57306"
"2019-10-10 14:37","QuorumPeer.java","260659","180329","440988"
"2013-11-07 06:41","QuorumPeer.java","44203","13592","57795"
"2017-07-27 23:09","QuorumPeer.java","85557","27831","113388"
"2014-05-18 05:49","QuorumPeer.java","57072","19988","77060"
"2011-10-25 08:09","QuorumPeer.java","14666","6712","21378"
"2014-03-25 22:13","QuorumPeer.java","48185","13957","62142"
"2011-11-01 08:15","QuorumPeer.java","15060","6917","21977"
"2018-06-26 11:18","QuorumPeer.java","94552","28606","123158"
"2018-07-27 12:32","QuorumPeer.java","112666","45502","158168"
"2019-04-18 19:17","QuorumPeer.java","239424","180330","419754"
"2011-10-27 23:25","QuorumPeer.java","14913","6799","21712"
"2011-08-30 08:37","QuorumPeer.java","12206","1366","13572"
"2011-08-30 08:29","QuorumPeer.java","12164","1336","13500"
"2013-10-09 22:21","QuorumPeer.java","43371","13554","56925"
"2016-12-20 14:47","QuorumPeer.java","85180","25289","110469"
"2017-05-11 16:59","QuorumPeer.java","85587","27742","113329"
"2014-07-03 06:01","QuorumPeer.java","58825","20031","78856"
"2014-08-14 08:08","QuorumPeer.java","65480","20787","86267"
"2014-08-01 07:38","QuorumPeer.java","65059","20787","85846"
"2014-07-20 04:50","QuorumPeer.java","64615","20721","85336"
"2016-06-02 00:59","QuorumPeer.java","78663","24205","102868"
"2020-02-16 10:25","QuorumPeer.java","268644","181427","450071"
"2019-08-17 17:13","ZKHostnameVerifier.java","111485","109882","221367"
"2020-05-21 14:13","ZKHostnameVerifier.java","134640","118208","252848"
"2019-10-10 14:37","ZKHostnameVerifier.java","116649","111293","227942"
"2015-10-18 19:00","QuorumPeer.java","149529","24287","173816"
"2018-12-20 15:13","QuorumPeer.java","231123","105238","336361"
"2019-05-16 16:25","QuorumPeer.java","242389","105275","347664"
"2018-10-16 16:22","QuorumPeer.java","241871","82074","323945"
"2019-06-14 09:06","QuorumPeer.java","245587","105274","350861"
"2010-03-16 23:25","QuorumPeer.java","75379","12316","87695"
"2018-12-07 12:41","QuorumPeer.java","228137","105238","333375"
"2012-04-23 01:20","QuorumPeer.java","106011","21092","127103"
"2012-07-17 23:19","QuorumPeer.java","106799","21108","127907"
"2019-03-11 19:47","QuorumPeer.java","237557","105244","342801"
"2012-02-27 03:41","QuorumPeer.java","103710","20876","124586"
"2014-07-18 02:19","QuorumPeer.java","139475","23967","163442"
"2019-02-13 13:12","QuorumPeer.java","236506","105245","341751"
"2011-04-29 18:12","QuorumPeer.java","91815","17692","109507"
"2019-04-12 19:01","QuorumPeer.java","239397","105275","344672"
"2018-12-09 03:16","QuorumPeer.java","230211","105238","335449"
"2018-09-11 15:23","QuorumPeer.java","203331","61205","264536"
"2019-11-29 14:49","QuorumPeer.java","264698","105826","370524"
"2013-03-07 07:01","QuorumPeer.java","118776","22019","140795"
"2018-12-15 07:34","QuorumPeer.java","230126","105238","335364"
"2018-11-27 10:02","QuorumPeer.java","227887","105238","333125"
"2018-09-18 01:00","QuorumPeer.java","204632","61251","265883"
"2009-11-18 18:47","QuorumPeer.java","54454","7471","61925"
"2012-02-06 09:40","QuorumPeer.java","103276","20683","123959"
"2019-06-03 19:40","QuorumPeer.java","242920","105274","348194"
"2019-07-15 14:15","QuorumPeer.java","253008","105274","358282"
"2015-03-17 18:06","QuorumPeer.java","145649","24168","169817"
"2019-07-03 00:44","QuorumPeer.java","245602","105274","350876"
"2009-06-18 18:37","QuorumPeer.java","31870","3062","34932"
"2019-08-17 17:13","QuorumPeer.java","257589","105274","362863"
"2015-06-27 02:03","QuorumPeer.java","148407","24237","172644"
"2009-11-18 20:06","QuorumPeer.java","56877","7560","64437"
"2017-11-28 00:10","QuorumPeer.java","161820","27435","189255"
"2014-01-21 04:50","QuorumPeer.java","126160","22253","148413"
"2014-06-04 22:07","QuorumPeer.java","133475","23767","157242"
"2018-01-30 08:02","QuorumPeer.java","162006","27468","189474"
"2019-05-15 11:56","QuorumPeer.java","242344","105275","347619"
"2019-06-05 00:33","QuorumPeer.java","243310","105274","348584"
"2019-05-20 23:13","QuorumPeer.java","242462","105275","347737"
"2019-06-04 10:55","QuorumPeer.java","243073","105274","348347"
"2019-07-12 17:01","QuorumPeer.java","252902","105274","358176"
"2020-01-09 11:27","QuorumPeer.java","266244","105826","372070"
"2017-02-09 11:40","QuorumPeer.java","159542","26381","185923"
"2011-06-14 07:14","QuorumPeer.java","93490","17752","111242"
"2017-07-06 18:48","QuorumPeer.java","158140","27293","185433"
"2018-10-01 06:11","QuorumPeer.java","207300","61340","268640"
"2015-04-09 20:16","QuorumPeer.java","146714","24170","170884"
"2013-10-07 21:08","QuorumPeer.java","121731","22158","143889"
"2013-09-30 22:20","QuorumPeer.java","121289","22147","143436"
"2018-07-04 17:11","QuorumPeer.java","172325","34226","206551"
"2019-12-17 13:48","QuorumPeer.java","265270","105826","371096"
"2015-12-07 05:59","QuorumPeer.java","150356","24356","174712"
"2020-01-23 13:43","QuorumPeer.java","268068","105826","373894"
"2016-06-23 23:45","QuorumPeer.java","152880","25810","178690"
"2011-05-03 19:57","QuorumPeer.java","91820","17693","109513"
"2016-06-23 23:25","QuorumPeer.java","152772","25810","178582"
"2010-03-09 05:44","QuorumPeer.java","74468","12180","86648"
"2010-03-12 19:26","QuorumPeer.java","75291","12273","87564"
"2014-03-23 04:12","QuorumPeer.java","128507","22380","150887"
"2013-09-26 00:13","QuorumPeer.java","121041","22143","143184"
"2011-06-17 01:34","QuorumPeer.java","93607","17798","111405"
"2011-06-14 14:11","QuorumPeer.java","93515","17750","111265"
"2010-03-10 02:27","QuorumPeer.java","74689","12187","86876"
"2010-03-10 19:52","QuorumPeer.java","74782","12194","86976"
"2014-07-18 20:48","QuorumPeer.java","139939","23972","163911"
"2014-07-04 04:19","QuorumPeer.java","135126","23775","158901"
"2018-12-06 10:56","QuorumPeer.java","228081","105238","333319"
"2014-06-25 15:04","QuorumPeer.java","133974","23769","157743"
"2014-03-28 01:58","QuorumPeer.java","128928","22383","151311"
"2009-10-30 17:19","QuorumPeer.java","47166","6722","53888"
"2009-11-20 23:28","QuorumPeer.java","57205","7609","64814"
"2009-12-18 03:19","QuorumPeer.java","58532","8363","66895"
"2009-12-15 23:23","QuorumPeer.java","57720","7825","65545"
"2013-10-21 23:36","QuorumPeer.java","124521","22206","146727"
"2019-10-10 14:37","QuorumPeer.java","261342","105274","366616"
"2013-11-07 06:41","QuorumPeer.java","124979","22233","147212"
"2017-07-27 23:09","QuorumPeer.java","157162","27301","184463"
"2014-05-18 05:49","QuorumPeer.java","132976","23757","156733"
"2011-10-25 08:09","QuorumPeer.java","100500","20411","120911"
"2014-03-25 22:13","QuorumPeer.java","128744","22381","151125"
"2011-04-12 09:14","QuorumPeer.java","91461","17673","109134"
"2011-11-01 08:15","QuorumPeer.java","100768","20490","121258"
"2011-03-16 19:49","QuorumPeer.java","129823","14562","144385"
"2018-06-26 11:18","QuorumPeer.java","165652","27571","193223"
"2018-07-27 12:32","QuorumPeer.java","173582","34283","207865"
"2019-04-18 19:17","QuorumPeer.java","240107","105275","345382"
"2011-10-27 23:25","QuorumPeer.java","100690","20441","121131"
"2011-08-30 08:37","QuorumPeer.java","99124","16149","115273"
"2011-08-30 08:29","QuorumPeer.java","99112","16149","115261"
"2010-08-18 08:24","QuorumPeer.java","96616","13873","110489"
"2013-10-09 22:21","QuorumPeer.java","124158","22206","146364"
"2016-12-20 14:47","QuorumPeer.java","158347","26321","184668"
"2011-05-20 01:17","QuorumPeer.java","92304","17697","110001"
"2010-05-05 22:32","QuorumPeer.java","76336","13288","89624"
"2017-05-11 16:59","QuorumPeer.java","157253","27273","184526"
"2014-07-03 06:01","QuorumPeer.java","134704","23775","158479"
"2014-08-14 08:08","QuorumPeer.java","140860","24032","164892"
"2014-08-01 07:38","QuorumPeer.java","140439","24032","164471"
"2009-04-24 20:26","QuorumPeer.java","9545","943","10488"
"2014-07-20 04:50","QuorumPeer.java","140019","23990","164009"
"2016-06-02 00:59","QuorumPeer.java","152402","25809","178211"
"2020-02-16 10:25","QuorumPeer.java","268781","105826","374607"
"2019-07-15 14:46","JKSFileLoader.java","42763","14790","57553"
"2019-08-17 17:13","JKSFileLoader.java","68806","36682","105488"
"2020-05-05 21:20","ServerMetrics.java","26384","15587","41971"
"2020-02-26 22:41","ServerMetrics.java","19355","11720","31075"
"2020-03-25 03:38","ServerMetrics.java","21686","11920","33606"
"2019-11-18 09:05","ServerMetrics.java","8869","8744","17613"
"2020-05-03 19:43","ServerMetrics.java","23353","12651","36004"
"2019-11-23 17:08","ServerMetrics.java","10669","8987","19656"
"2019-08-17 17:13","JettyAdminServerTest.java","256151","210259","466410"
"2019-07-29 17:09","JettyAdminServerTest.java","253165","210259","463424"
"2020-05-05 09:18","JettyAdminServerTest.java","271354","211700","483054"
"2019-10-10 14:37","JettyAdminServerTest.java","259904","210259","470163"
"2019-03-12 19:08","ZooKeeperTest.java","152200","156681","308881"
"2019-05-23 18:42","ZooKeeperTest.java","157523","156898","314421"
"2019-08-17 17:13","ZooKeeperTest.java","174218","158822","333040"
"2019-06-06 00:01","ZooKeeperTest.java","158451","156918","315369"
"2019-05-06 17:48","LearnerHandlerTest.java","240674","193580","434254"
"2017-11-28 00:10","LearnerHandlerTest.java","59768","24002","83770"
"2019-08-17 17:13","LearnerHandlerTest.java","256377","193596","449973"
"2017-09-11 18:55","LearnerHandlerTest.java","55573","23664","79237"
"2018-12-09 03:16","LearnerHandlerTest.java","228935","193496","422431"
"2019-05-20 17:18","LearnerHandlerTest.java","241152","193580","434732"
"2019-07-03 20:54","LearnerHandlerTest.java","244371","193596","437967"
"2014-02-12 17:00","LearnerHandlerTest.java","8558","1437","9995"
"2011-04-29 18:12","QuorumCnxManager.java","70787","21286","92073"
"2011-12-28 01:26","QuorumCnxManager.java","81558","24315","105873"
"2019-11-29 14:49","QuorumCnxManager.java","264696","130446","395142"
"2013-03-07 07:01","QuorumCnxManager.java","98026","25829","123855"
"2018-07-11 06:04","QuorumCnxManager.java","152141","38563","190704"
"2018-08-06 14:11","QuorumCnxManager.java","158586","43235","201821"
"2010-11-17 15:59","QuorumCnxManager.java","106707","17563","124270"
"2012-06-29 22:08","QuorumCnxManager.java","85299","24897","110196"
"2018-10-16 16:22","QuorumCnxManager.java","241712","106475","348187"
"2019-06-14 09:06","QuorumCnxManager.java","245499","129808","375307"
"2019-08-03 08:42","QuorumCnxManager.java","258209","129808","388017"
"2019-11-13 20:41","QuorumCnxManager.java","265220","129808","395028"
"2019-04-09 16:08","QuorumCnxManager.java","238321","129772","368093"
"2019-08-06 12:52","QuorumCnxManager.java","258474","129808","388282"
"2017-02-09 11:40","QuorumCnxManager.java","139106","30505","169611"
"2019-05-20 23:13","QuorumCnxManager.java","242373","129808","372181"
"2015-04-09 20:16","QuorumCnxManager.java","126189","28205","154394"
"2017-08-23 02:16","QuorumCnxManager.java","137487","31582","169069"
"2019-07-27 20:04","QuorumCnxManager.java","254032","129808","383840"
"2009-06-30 22:47","QuorumCnxManager.java","16165","4105","20270"
"2015-05-29 23:46","QuorumCnxManager.java","126707","28207","154914"
"2015-05-14 07:10","QuorumCnxManager.java","126423","28219","154642"
"2020-03-12 14:47","QuorumCnxManager.java","270082","130446","400528"
"2019-08-17 17:13","QuorumCnxManager.java","257501","129808","387309"
"2017-11-28 00:10","QuorumCnxManager.java","141501","31676","173177"
"2009-11-18 20:06","QuorumCnxManager.java","32063","7368","39431"
"2009-10-27 22:14","QuorumCnxManager.java","21106","5530","26636"
"2009-12-15 23:23","QuorumCnxManager.java","32911","7638","40549"
"2009-08-11 00:24","QuorumCnxManager.java","17839","4570","22409"
"2009-08-03 23:27","QuorumCnxManager.java","17013","4490","21503"
"2019-10-10 14:37","QuorumCnxManager.java","261254","129808","391062"
"2014-07-23 19:36","QuorumCnxManager.java","119566","28015","147581"
"2017-06-09 18:37","QuorumCnxManager.java","137098","31489","168587"
"2020-01-23 13:43","QuorumCnxManager.java","268066","130446","398512"
"2014-03-23 04:12","QuorumCnxManager.java","107952","26385","134337"
"2010-01-19 21:06","QuorumCnxManager.java","36515","8226","44741"
"2010-01-21 04:08","QuorumCnxManager.java","36534","8239","44773"
"2014-07-08 05:25","QuorumCnxManager.java","115205","27924","143129"
"2019-11-28 12:24","QuorumCnxManager.java","263045","130446","393491"
"2014-06-25 15:04","QuorumCnxManager.java","113433","27788","141221"
"2011-08-15 02:44","QuorumCnxManager.java","74577","19727","94304"
"2016-06-08 17:43","QuorumCnxManager.java","131922","29890","161812"
"2020-03-23 16:20","QuorumCnxManager.java","270253","130446","400699"
"2020-02-16 10:25","QuorumCnxManager.java","268779","130446","399225"
"2014-07-22 06:45","QuorumCnxManager.java","119491","28015","147506"
"2011-04-12 09:14","QuorumCnxManager.java","70417","21251","91668"
"2010-10-06 19:01","QuorumCnxManager.java","103569","17032","120601"
"2018-07-27 12:32","QuorumCnxManager.java","157945","43206","201151"
"2010-10-20 00:32","QuorumCnxManager.java","105115","17085","122200"
"2011-03-16 19:49","QuorumCnxManager.java","108378","17739","126117"
"2019-07-02 07:34","Follower.java","8088","4142","12230"
"2019-08-17 17:13","Follower.java","45764","29761","75525"
"2019-06-29 00:33","Follower.java","8053","4063","12116"
"2019-08-06 17:11","Follower.java","24571","7467","32038"
"2019-07-15 14:15","Follower.java","16645","5223","21868"
"2019-08-23 19:43","Follower.java","46432","29763","76195"
"2019-06-05 00:33","Follower.java","2522","798","3320"
"2019-12-27 22:33","Follower.java","62666","37985","100651"
"2019-10-10 14:37","Follower.java","51834","32078","83912"
"2019-08-17 17:13","AvgMinMaxPercentileCounter.java","52485","30178","82663"
"2019-04-12 19:01","AvgMinMaxPercentileCounter.java","5291","1177","6468"
"2011-07-01 00:53","PrepRequestProcessor.java","72399","22774","95173"
"2015-02-06 06:17","PrepRequestProcessor.java","121160","29584","150744"
"2012-02-06 10:39","PrepRequestProcessor.java","79658","25741","105399"
"2013-03-07 07:01","PrepRequestProcessor.java","95155","27081","122236"
"2019-02-07 11:26","PrepRequestProcessor.java","235788","133949","369737"
"2019-09-11 10:27","PrepRequestProcessor.java","258856","133993","392849"
"2018-07-19 05:59","PrepRequestProcessor.java","155201","45089","200290"
"2017-09-11 18:55","PrepRequestProcessor.java","135178","33333","168511"
"2019-01-16 14:21","PrepRequestProcessor.java","233436","133949","367385"
"2017-06-01 05:45","PrepRequestProcessor.java","134558","33177","167735"
"2012-04-14 02:32","PrepRequestProcessor.java","81475","25994","107469"
"2019-11-08 17:30","PrepRequestProcessor.java","263114","133993","397107"
"2016-11-13 20:59","PrepRequestProcessor.java","134258","31822","166080"
"2019-04-09 15:35","PrepRequestProcessor.java","238321","133957","372278"
"2019-04-17 14:16","PrepRequestProcessor.java","239572","133993","373565"
"2014-10-28 05:35","PrepRequestProcessor.java","119159","29522","148681"
"2019-05-10 12:22","PrepRequestProcessor.java","242007","133993","376000"
"2017-06-26 00:16","PrepRequestProcessor.java","134871","33212","168083"
"2019-02-07 11:22","PrepRequestProcessor.java","235450","133949","369399"
"2016-11-16 06:21","PrepRequestProcessor.java","134817","31834","166651"
"2019-08-01 07:31","PrepRequestProcessor.java","258171","133993","392164"
"2019-06-26 10:57","PrepRequestProcessor.java","245350","133993","379343"
"2009-11-12 23:48","PrepRequestProcessor.java","24126","6030","30156"
"2014-01-24 07:18","PrepRequestProcessor.java","104343","27536","131879"
"2015-05-29 19:45","PrepRequestProcessor.java","124035","29668","153703"
"2016-10-07 21:51","PrepRequestProcessor.java","131990","31807","163797"
"2015-06-04 19:51","PrepRequestProcessor.java","124868","29736","154604"
"2009-06-26 22:29","PrepRequestProcessor.java","10034","2471","12505"
"2019-08-17 17:13","PrepRequestProcessor.java","257500","133993","391493"
"2018-08-08 06:21","PrepRequestProcessor.java","178330","66738","245068"
"2018-05-09 23:57","PrepRequestProcessor.java","141932","33526","175458"
"2015-06-11 20:09","PrepRequestProcessor.java","125001","29743","154744"
"2019-12-27 22:33","PrepRequestProcessor.java","266817","134632","401449"
"2009-12-18 03:19","PrepRequestProcessor.java","28415","7054","35469"
"2009-12-11 21:24","PrepRequestProcessor.java","27182","6274","33456"
"2009-11-07 01:48","PrepRequestProcessor.java","18508","5617","24125"
"2014-04-01 01:47","PrepRequestProcessor.java","105858","27788","133646"
"2019-10-10 14:37","PrepRequestProcessor.java","261253","133993","395246"
"2020-03-25 03:38","PrepRequestProcessor.java","270924","134632","405556"
"2010-01-25 04:28","PrepRequestProcessor.java","31739","7337","39076"
"2011-08-15 02:35","PrepRequestProcessor.java","71573","20859","92432"
"2014-07-25 01:31","PrepRequestProcessor.java","117028","29467","146495"
"2013-10-09 22:21","PrepRequestProcessor.java","100718","27449","128167"
"2010-08-18 08:24","PrepRequestProcessor.java","71740","17805","89545"
"2011-09-17 02:36","PrepRequestProcessor.java","76514","23573","100087"
"2014-04-29 02:23","PrepRequestProcessor.java","108992","28920","137912"
"2015-03-08 23:07","PrepRequestProcessor.java","121360","29610","150970"
"2014-07-22 06:51","PrepRequestProcessor.java","116794","29422","146216"
"2012-03-15 17:47","PrepRequestProcessor.java","80894","25764","106658"
"2011-04-12 09:14","PrepRequestProcessor.java","67194","22214","89408"
"2011-11-01 15:41","PrepRequestProcessor.java","77056","25323","102379"
"2011-10-28 00:58","PrepRequestProcessor.java","76845","25274","102119"
"2011-10-20 20:02","PrepRequestProcessor.java","76498","25146","101644"
"2011-10-17 16:59","PrepRequestProcessor.java","76396","23636","100032"
"2018-06-15 07:41","PrepRequestProcessor.java","142702","33544","176246"
"2012-12-19 19:16","PrepRequestProcessor.java","90281","26763","117044"
"2011-11-14 20:18","PrepRequestProcessor.java","77684","25316","103000"
"2019-08-17 17:13","QuorumAuthLearner.java","255079","228064","483143"
"2019-08-17 17:13","MultiOperationRecord.java","39048","26898","65946"
"2019-11-29 14:49","QuorumCnxManager.java","263406","229834","493240"
"2018-07-11 06:04","QuorumCnxManager.java","15600","11847","27447"
"2018-08-06 14:11","QuorumCnxManager.java","28128","22602","50730"
"2018-10-16 16:22","QuorumCnxManager.java","231194","205782","436976"
"2019-06-14 09:06","QuorumCnxManager.java","243076","228063","471139"
"2019-08-03 08:42","QuorumCnxManager.java","255787","228064","483851"
"2019-11-13 20:41","QuorumCnxManager.java","262847","228113","490960"
"2019-04-09 16:08","QuorumCnxManager.java","235825","227954","463779"
"2019-08-06 12:52","QuorumCnxManager.java","256052","228064","484116"
"2019-05-20 23:13","QuorumCnxManager.java","239933","228046","467979"
"2019-07-27 20:04","QuorumCnxManager.java","251610","228064","479674"
"2020-03-12 14:47","QuorumCnxManager.java","268794","229836","498630"
"2019-08-17 17:13","QuorumCnxManager.java","255079","228064","483143"
"2019-10-10 14:37","QuorumCnxManager.java","258833","228065","486898"
"2020-01-23 13:43","QuorumCnxManager.java","266778","229836","496614"
"2019-11-28 12:24","QuorumCnxManager.java","261755","229834","491589"
"2020-03-23 16:20","QuorumCnxManager.java","268965","229836","498801"
"2020-02-16 10:25","QuorumCnxManager.java","267491","229836","497327"
"2018-07-27 12:32","QuorumCnxManager.java","27296","22382","49678"
"2019-07-29 17:15","BinaryInputArchiveTest.java","38161","14599","52760"
"2019-09-26 08:55","BinaryInputArchiveTest.java","66999","37713","104712"
"2019-10-10 14:37","ClientTest.java","260738","215583","476321"
"2019-12-28 16:17","ClientTest.java","266643","216656","483299"
"2014-07-25 01:31","ClientTest.java","70830","61965","132795"
"2017-01-09 22:49","ClientTest.java","91498","66190","157688"
"2011-04-12 09:14","ClientTest.java","5544","42669","48213"
"2014-07-08 20:18","ClientTest.java","66126","61648","127774"
"2017-05-01 17:19","ClientTest.java","91124","67672","158796"
"2018-11-22 17:56","ClientTest.java","225616","215517","441133"
"2013-01-25 02:17","ClientTest.java","38841","53862","92703"
"2017-06-30 22:43","ClientTest.java","91457","68484","159941"
"2019-03-06 03:32","ClientTest.java","236718","215531","452249"
"2012-12-11 08:42","ClientTest.java","35792","53073","88865"
"2012-10-31 19:38","ClientTest.java","32263","52371","84634"
"2019-08-17 17:13","ClientTest.java","256985","215583","472568"
"2011-09-28 16:46","ClientCnxnSocketNIO.java","9571","4223","13794"
"2011-09-28 22:17","ClientCnxnSocketNIO.java","9590","4232","13822"
"2011-11-02 22:53","ClientCnxnSocketNIO.java","10464","6466","16930"
"2019-10-10 14:37","ClientCnxnSocketNIO.java","260657","172027","432684"
"2012-10-31 18:24","ClientCnxnSocketNIO.java","21255","10523","31778"
"2014-12-20 15:29","ClientCnxnSocketNIO.java","64318","20788","85106"
"2019-04-09 15:35","ClientCnxnSocketNIO.java","237710","171976","409686"
"2019-08-03 08:42","ClientCnxnSocketNIO.java","257612","172027","429639"
"2014-07-17 22:56","ClientCnxnSocketNIO.java","56465","20247","76712"
"2019-08-17 17:13","ClientCnxnSocketNIO.java","256904","172027","428931"
"2016-05-02 18:15","ClientCnxnSocketNIO.java","73736","24159","97895"
"2018-11-22 17:56","ClientCnxnSocketNIO.java","225535","171961","397496"
"2012-09-09 20:24","ClientCnxnSocketNIO.java","21057","10508","31565"
"2014-05-09 23:37","Zab1_0Test.java","14078","7946","22024"
"2017-01-07 01:09","Zab1_0Test.java","48252","18243","66495"
"2015-12-06 21:30","Zab1_0Test.java","36362","13119","49481"
"2019-12-17 13:48","Zab1_0Test.java","264838","198965","463803"
"2013-11-19 02:03","Zab1_0Test.java","236","98","334"
"2015-07-07 07:11","Zab1_0Test.java","34446","12754","47200"
"2019-12-27 22:33","Zab1_0Test.java","266387","198965","465352"
"2019-10-10 14:37","Zab1_0Test.java","260113","197616","457729"
"2013-11-07 06:41","Zab1_0Test.java","139","49","188"
"2015-05-14 18:40","Zab1_0Test.java","31691","11299","42990"
"2019-08-17 17:13","Zab1_0Test.java","256360","197616","453976"
"2019-06-03 19:40","Zab1_0Test.java","241691","197616","439307"
"2018-05-10 06:00","Zab1_0Test.java","59182","24464","83646"
"2017-11-28 00:10","Zab1_0Test.java","55459","23730","79189"
"2017-08-18 06:32","Zab1_0Test.java","50868","23174","74042"
"2017-02-12 00:12","Zab1_0Test.java","48049","20794","68843"
"2019-08-17 17:13","HierarchicalQuorumTest.java","30536","25849","56385"
"2019-10-10 14:37","HierarchicalQuorumTest.java","36740","28300","65040"
"2015-07-07 07:11","DeleteTest.java","83925","35426","119351"
"2011-04-12 09:14","DeleteTest.java","10270","15865","26135"
"2019-01-31 15:55","SetCommand.java","233428","221735","455163"
"2019-08-17 17:13","SetCommand.java","255887","221853","477740"
"2017-05-27 00:52","SetCommand.java","9371","6695","16066"
"2010-03-11 04:17","NIOServerCnxn.java","969","349","1318"
"2011-05-03 23:29","NIOServerCnxn.java","31960","19836","51796"
"2019-11-21 05:58","NIOServerCnxn.java","261229","167755","428984"
"2015-11-08 22:36","NIOServerCnxn.java","103992","37070","141062"
"2019-11-18 09:05","NIOServerCnxn.java","261206","167755","428961"
"2013-09-10 00:37","NIOServerCnxn.java","69491","29509","99000"
"2019-09-16 23:26","NIOServerCnxn.java","260034","166708","426742"
"2019-10-10 14:37","NIOServerCnxn.java","260768","166708","427476"
"2013-10-05 00:57","NIOServerCnxn.java","70392","29656","100048"
"2018-09-28 23:38","NIOServerCnxn.java","191064","103665","294729"
"2010-08-18 08:24","NIOServerCnxn.java","28588","7853","36441"
"2010-05-04 23:45","NIOServerCnxn.java","6791","5770","12561"
"2020-02-11 06:50","NIOServerCnxn.java","268581","167755","436336"
"2019-01-23 14:00","NIOServerCnxn.java","233685","166651","400336"
"2019-07-08 23:26","NIOServerCnxn.java","245791","166708","412499"
"2019-04-12 19:01","NIOServerCnxn.java","238823","166709","405532"
"2019-01-14 19:38","NIOServerCnxn.java","232249","166650","398899"
"2018-11-17 18:33","NIOServerCnxn.java","225032","166650","391682"
"2017-03-04 19:22","NIOServerCnxn.java","112567","40746","153313"
"2011-08-19 00:05","NIOServerCnxn.java","42294","19242","61536"
"2013-12-11 19:22","NIOServerCnxn.java","74656","29866","104522"
"2012-02-11 00:34","NIOServerCnxn.java","49526","25303","74829"
"2016-12-22 23:23","NIOServerCnxn.java","113335","39524","152859"
"2018-09-18 01:00","NIOServerCnxn.java","188343","103518","291861"
"2019-08-17 17:13","NIOServerCnxn.java","257015","166708","423723"
"2015-06-28 21:09","NIOServerCnxn.java","102577","36963","139540"
"2015-03-28 20:08","NIOServerCnxn.java","100672","36758","137430"
"2019-07-03 00:44","NIOServerCnxn.java","245028","166708","411736"
"2019-08-03 08:42","NIOServerCnxn.java","257723","166708","424431"
"2016-11-16 06:21","NIOServerCnxn.java","112288","39178","151466"
"2012-12-19 19:07","NIOServerCnxn.java","61590","28826","90416"
"2019-12-13 08:51","EmptiedSnapshotRecoveryTest.java","9134","6172","15306"
"2011-06-21 07:34","ZooKeeperServerTest.java","30294","17732","48026"
"2011-09-27 03:05","ZooKeeperServerTest.java","42777","20726","63503"
"2019-04-10 13:19","ZooKeeperServerTest.java","238284","167977","406261"
"2019-08-17 17:13","ZooKeeperServerTest.java","257015","167976","424991"
"2018-09-15 00:08","ZooKeeperServer.java","109011","100825","209836"
"2019-04-12 19:01","ZooKeeperServer.java","236846","228181","465027"
"2019-07-31 19:06","ZooKeeperServer.java","254383","228218","482601"
"2019-09-11 10:27","ZooKeeperServer.java","256433","228219","484652"
"2019-01-14 19:38","ZooKeeperServer.java","230228","228078","458306"
"2019-01-07 15:34","ZooKeeperServer.java","229829","228078","457907"
"2018-11-21 17:56","ZooKeeperServer.java","223023","228075","451098"
"2019-02-13 13:12","ZooKeeperServer.java","233909","228105","462014"
"2018-07-19 05:59","ZooKeeperServer.java","26101","21848","47949"
"2018-09-18 01:00","ZooKeeperServer.java","109776","100937","210713"
"2019-03-04 08:07","ZooKeeperServer.java","234487","228106","462593"
"2019-07-08 23:26","ZooKeeperServer.java","243851","228217","472068"
"2019-01-23 14:00","ZooKeeperServer.java","231665","228080","459745"
"2019-02-13 13:19","ZooKeeperServer.java","234195","228105","462300"
"2019-05-14 17:11","ZooKeeperServer.java","239723","228198","467921"
"2019-06-04 10:55","ZooKeeperServer.java","240559","228217","468776"
"2019-04-09 15:35","ZooKeeperServer.java","235823","228108","463931"
"2019-08-03 08:42","ZooKeeperServer.java","255784","228218","484002"
"2019-05-15 11:56","ZooKeeperServer.java","239810","228198","468008"
"2019-05-22 11:39","ZooKeeperServer.java","240258","228200","468458"
"2019-04-22 19:15","ZooKeeperServer.java","237821","228181","466002"
"2018-02-23 23:49","ZooKeeperServer.java","1226","184","1410"
"2019-09-10 04:26","ZooKeeperServer.java","256122","228219","484341"
"2019-08-17 17:13","ZooKeeperServer.java","255076","228218","483294"
"2019-09-05 23:12","ZooKeeperServer.java","255996","228219","484215"
"2019-09-10 15:21","ZooKeeperServer.java","256120","228219","484339"
"2019-08-01 07:31","ZooKeeperServer.java","255747","228218","483965"
"2019-08-01 07:28","ZooKeeperServer.java","255257","228218","483475"
"2019-06-03 19:40","ZooKeeperServer.java","240406","228217","468623"
"2019-11-23 17:08","ZooKeeperServer.java","261547","229988","491535"
"2019-10-09 16:49","ZooKeeperServer.java","258663","228219","486882"
"2019-07-03 00:44","ZooKeeperServer.java","243088","228217","471305"
"2019-07-24 18:00","ZooKeeperServer.java","251531","228218","479749"
"2018-08-08 06:21","ZooKeeperServer.java","75561","69828","145389"
"2018-05-09 23:57","ZooKeeperServer.java","3115","568","3683"
"2019-12-27 22:33","ZooKeeperServer.java","265525","229989","495514"
"2018-09-11 00:17","ZooKeeperServer.java","107438","100801","208239"
"2019-11-18 09:05","ZooKeeperServer.java","259990","229988","489978"
"2019-10-10 14:37","ZooKeeperServer.java","258830","228219","487049"
"2019-09-16 23:26","ZooKeeperServer.java","258096","228219","486315"
"2019-12-03 10:01","ZooKeeperServer.java","263449","229988","493437"
"2020-03-25 03:38","ZooKeeperServer.java","269633","229990","499623"
"2019-11-28 12:24","ZooKeeperServer.java","261752","229988","491740"
"2019-11-06 15:21","ZooKeeperServer.java","259094","228267","487361"
"2020-04-12 11:14","ZooKeeperServer.java","270447","230051","500498"
"2018-06-08 16:52","ZooKeeperServer.java","4106","810","4916"
"2018-06-15 07:41","ZooKeeperServer.java","4118","819","4937"
"2018-07-28 04:37","ZooKeeperServer.java","26813","21984","48797"
"2019-04-18 19:17","ZooKeeperServer.java","237556","228181","465737"
"2019-07-31 19:06","ZooKeeperServer.java","4378","1526","5904"
"2019-09-11 10:27","ZooKeeperServer.java","32062","27161","59223"
"2019-08-03 08:42","ZooKeeperServer.java","6144","1891","8035"
"2019-09-10 04:26","ZooKeeperServer.java","31701","27111","58812"
"2019-08-17 17:13","ZooKeeperServer.java","29313","25768","55081"
"2019-09-05 23:12","ZooKeeperServer.java","31540","27076","58616"
"2019-09-10 15:21","ZooKeeperServer.java","31709","27121","58830"
"2019-08-01 07:31","ZooKeeperServer.java","5825","1609","7434"
"2019-08-01 07:28","ZooKeeperServer.java","5259","1533","6792"
"2019-11-23 17:08","ZooKeeperServer.java","41915","33669","75584"
"2019-10-09 16:49","ZooKeeperServer.java","34867","27736","62603"
"2019-12-27 22:33","ZooKeeperServer.java","46409","34186","80595"
"2019-11-18 09:05","ZooKeeperServer.java","40151","33462","73613"
"2019-10-10 14:37","ZooKeeperServer.java","35520","28222","63742"
"2019-09-16 23:26","ZooKeeperServer.java","33934","27370","61304"
"2019-12-03 10:01","ZooKeeperServer.java","44178","34030","78208"
"2020-03-25 03:38","ZooKeeperServer.java","52315","35985","88300"
"2019-11-28 12:24","ZooKeeperServer.java","42178","33727","75905"
"2019-11-06 15:21","ZooKeeperServer.java","35876","28362","64238"
"2020-04-12 11:14","ZooKeeperServer.java","53711","36628","90339"
"2013-03-07 07:01","QuorumVerifier.java","39549","12977","52526"
"2012-04-23 01:20","QuorumVerifier.java","25525","10791","36316"
"2019-08-17 17:13","QuorumVerifier.java","256932","178405","435337"
"2017-06-08 17:51","ClientBase.java","62756","22784","85540"
"2017-04-18 01:37","ClientBase.java","62470","21866","84336"
"2018-09-07 02:49","ClientBase.java","160537","109495","270032"
"2019-07-31 19:06","ClientBase.java","255771","185162","440933"
"2015-02-06 06:17","ClientBase.java","43181","13020","56201"
"2017-09-11 18:55","ClientBase.java","64111","23681","87792"
"2019-08-17 17:13","ClientBase.java","256464","185162","441626"
"2015-03-28 20:08","ClientBase.java","45603","13231","58834"
"2019-06-07 14:13","ClientBase.java","242568","185162","427730"
"2018-04-24 00:20","ClientBase.java","70670","24464","95134"
"2018-08-08 06:21","ClientBase.java","135373","85196","220569"
"2018-05-09 23:57","ClientBase.java","71576","24585","96161"
"2019-06-24 11:05","ClientBase.java","243797","185162","428959"
"2017-01-13 19:29","ClientBase.java","62361","19591","81952"
"2016-06-23 23:25","ClientBase.java","54887","18023","72910"
"2014-01-03 01:40","ClientBase.java","17595","3898","21493"
"2014-01-25 01:17","ClientBase.java","19484","3981","23465"
"2019-11-14 16:44","ClientBase.java","264519","185190","449709"
"2019-10-10 14:37","ClientBase.java","260217","185162","445379"
"2016-08-24 01:36","ClientBase.java","56127","18692","74819"
"2015-03-08 23:07","ClientBase.java","43419","13084","56503"
"2019-08-17 17:13","DataTreeBean.java","257706","90102","347808"
"2018-09-04 11:54","DataTreeBean.java","208191","52869","261060"
"2010-07-05 20:20","DataTreeBean.java","99034","9622","108656"
"2019-12-17 13:48","Zab1_0Test.java","9577","6201","15778"
"2019-12-27 22:33","Zab1_0Test.java","11303","6378","17681"
"2019-08-17 17:13","ClientPortBindTest.java","255274","226747","482021"
"2018-10-08 14:33","ClientPortBindTest.java","228829","204862","433691"
"2019-10-10 14:37","ClientPortBindTest.java","259027","226747","485774"
"2016-08-24 01:36","InvalidSnapshotTest.java","45570","17231","62801"
"2013-12-21 22:05","InvalidSnapshotTest.java","5076","615","5691"
"2019-10-10 14:37","InvalidSnapshotTest.java","260120","194161","454281"
"2019-08-17 17:13","InvalidSnapshotTest.java","256367","194161","450528"
"2015-05-14 07:10","CnxManagerTest.java","75792","63191","138983"
"2020-03-12 14:47","CnxManagerTest.java","270001","219509","489510"
"2019-08-17 17:13","CnxManagerTest.java","256985","218436","475421"
"2019-06-03 19:40","CnxManagerTest.java","242316","218436","460752"
"2017-11-28 00:10","CnxManagerTest.java","93978","69756","163734"
"2019-07-12 17:01","CnxManagerTest.java","252298","218436","470734"
"2019-05-08 21:54","CnxManagerTest.java","241488","218437","459925"
"2019-08-06 12:52","CnxManagerTest.java","257958","218436","476394"
"2019-06-14 09:06","CnxManagerTest.java","244983","218436","463419"
"2013-03-07 07:01","CnxManagerTest.java","41660","55066","96726"
"2019-11-29 14:49","CnxManagerTest.java","264615","219509","484124"
"2011-04-29 18:12","CnxManagerTest.java","3197","42840","46037"
"2015-02-06 06:17","CnxManagerTest.java","73036","62940","135976"
"2017-09-11 18:55","CnxManagerTest.java","90005","69640","159645"
"2011-03-16 19:49","CnxManagerTest.java","1913","418","2331"
"2011-04-12 09:14","CnxManagerTest.java","2745","42723","45468"
"2011-09-17 02:13","CnxManagerTest.java","18643","47154","65797"
"2011-09-14 06:32","CnxManagerTest.java","17797","44337","62134"
"2020-02-16 10:25","CnxManagerTest.java","268698","219509","488207"
"2014-06-25 15:04","CnxManagerTest.java","62056","62014","124070"
"2015-11-03 08:11","CnxManagerTest.java","79400","64283","143683"
"2019-10-10 14:37","CnxManagerTest.java","260738","218436","479174"
"2014-07-23 19:36","CnxManagerTest.java","68632","62684","131316"
"2018-10-16 16:22","QuorumPeerConfig.java","130968","117131","248099"
"2018-12-09 03:16","QuorumPeerConfig.java","138298","150200","288498"
"2019-04-12 19:01","QuorumPeerConfig.java","154074","156827","310901"
"2018-12-15 07:34","QuorumPeerConfig.java","138214","150201","288415"
"2019-02-13 13:12","QuorumPeerConfig.java","151018","156632","307650"
"2019-08-17 17:13","QuorumPeerConfig.java","174218","158778","332996"
"2019-06-05 00:29","QuorumPeerConfig.java","157981","156874","314855"
"2020-01-09 11:27","QuorumPeerConfig.java","185529","161986","347515"
"2019-07-12 17:01","QuorumPeerConfig.java","168861","158108","326969"
"2019-05-15 11:56","QuorumPeerConfig.java","157045","156851","313896"
"2020-01-23 13:43","QuorumPeerConfig.java","187418","162051","349469"
"2019-10-10 14:37","QuorumPeerConfig.java","178973","159780","338753"
"2019-04-18 19:17","QuorumPeerConfig.java","154784","156827","311611"
"2020-02-16 10:25","QuorumPeerConfig.java","188203","162123","350326"
"2020-05-14 18:18","QuorumPeerConfig.java","191714","162409","354123"
"2019-08-17 17:13","NodeHashMapImpl.java","25455","24762","50217"
"2019-09-10 15:21","NodeHashMapImpl.java","28074","26338","54412"
"2019-12-27 22:33","NodeHashMapImpl.java","42830","33459","76289"
"2019-02-07 11:26","PrepRequestProcessor.java","191067","191610","382677"
"2019-09-11 10:27","PrepRequestProcessor.java","214285","191804","406089"
"2019-01-16 14:21","PrepRequestProcessor.java","188706","191601","380307"
"2019-11-08 17:30","PrepRequestProcessor.java","218591","191852","410443"
"2019-04-09 15:35","PrepRequestProcessor.java","193657","191675","385332"
"2019-04-17 14:16","PrepRequestProcessor.java","194951","191754","386705"
"2019-05-10 12:22","PrepRequestProcessor.java","197409","191777","389186"
"2019-02-07 11:22","PrepRequestProcessor.java","190729","191610","382339"
"2019-08-01 07:31","PrepRequestProcessor.java","213599","191803","405402"
"2019-06-26 10:57","PrepRequestProcessor.java","200777","191802","392579"
"2019-08-17 17:13","PrepRequestProcessor.java","212928","191803","404731"
"2019-12-27 22:33","PrepRequestProcessor.java","223564","193761","417325"
"2019-10-10 14:37","PrepRequestProcessor.java","216682","191804","408486"
"2020-03-25 03:38","PrepRequestProcessor.java","227712","193802","421514"
"2019-08-17 17:13","SyncCommand.java","255250","223892","479142"
"2019-05-23 18:42","SyncCommand.java","240461","223874","464335"
"2019-12-28 16:17","SyncCommand.java","265461","225518","490979"
"2011-09-17 02:13","WatchedEventTest.java","42411","20558","62969"
"2019-08-17 17:13","WatchedEventTest.java","257015","167976","424991"
"2013-09-18 12:58","ClientCnxn.java","28841","13911","42752"
"2015-01-31 08:05","ClientCnxn.java","58113","21877","79990"
"2016-05-02 18:15","ClientCnxn.java","68704","26432","95136"
"2014-01-24 07:18","ClientCnxn.java","36146","14484","50630"
"2019-08-17 17:13","ClientCnxn.java","256761","179189","435950"
"2015-05-10 00:27","ClientCnxn.java","60911","22136","83047"
"2017-12-19 19:27","ClientCnxn.java","82583","31982","114565"
"2019-01-31 15:50","ClientCnxn.java","234370","179131","413501"
"2012-08-02 00:24","ClientCnxn.java","13233","10728","23961"
"2019-04-09 15:35","ClientCnxn.java","237571","179142","416713"
"2013-02-03 15:52","ClientCnxn.java","21971","13105","35076"
"2014-12-20 15:29","ClientCnxn.java","58095","21870","79965"
"2012-03-15 18:01","ClientCnxn.java","8271","8156","16427"
"2019-11-08 17:30","ClientCnxn.java","262403","179217","441620"
"2017-06-08 17:59","ClientCnxn.java","76887","30576","107463"
"2012-09-09 20:24","ClientCnxn.java","14143","10899","25042"
"2019-01-16 14:21","ClientCnxn.java","232683","179131","411814"
"2019-01-07 14:24","ClientCnxn.java","231532","179130","410662"
"2019-03-06 03:32","ClientCnxn.java","236498","179141","415639"
"2015-02-06 06:17","ClientCnxn.java","58377","21946","80323"
"2019-02-07 11:26","ClientCnxn.java","235036","179132","414168"
"2018-11-05 19:40","ClientCnxn.java","236421","160363","396784"
"2020-05-17 15:13","ClientCnxn.java","271920","180403","452323"
"2018-06-25 12:30","ClientCnxn.java","86373","32246","118619"
"2012-12-19 19:16","ClientCnxn.java","20857","12484","33341"
"2020-03-03 03:12","ClientCnxn.java","269706","180399","450105"
"2018-09-10 11:44","ClientCnxn.java","171671","114359","286030"
"2011-09-28 22:17","ClientCnxn.java","1580","3527","5107"
"2015-06-13 02:42","ClientCnxn.java","62660","22423","85083"
"2014-03-23 04:12","ClientCnxn.java","37029","14730","51759"
"2015-11-09 00:05","ClientCnxn.java","65314","23585","88899"
"2015-12-06 19:58","ClientCnxn.java","65675","23641","89316"
"2020-01-21 17:53","ClientCnxn.java","265967","180399","446366"
"2015-12-05 22:43","ClientCnxn.java","65672","23641","89313"
"2015-12-05 22:32","ClientCnxn.java","65666","23640","89306"
"2019-10-10 14:37","ClientCnxn.java","260514","179189","439703"
"2014-04-01 04:03","ClientCnxn.java","38070","14928","52998"
"2013-09-18 15:14","ClientCnxn.java","28863","13915","42778"
"2013-09-18 04:08","ClientCnxn.java","28757","13913","42670"
"2019-11-21 05:58","ClientCnxn.java","261138","180399","441537"
"2020-04-16 12:50","ClientCnxn.java","271545","180399","451944"
"2018-07-27 05:16","ClientCnxn.java","105453","50174","155627"
"2016-11-24 17:18","QuorumHierarchical.java","131159","34549","165708"
"2013-03-07 07:01","QuorumHierarchical.java","91184","29504","120688"
"2018-11-17 18:37","QuorumHierarchical.java","225530","142328","367858"
"2012-04-23 01:20","QuorumHierarchical.java","78002","28160","106162"
"2019-08-03 08:42","QuorumHierarchical.java","258207","142372","400579"
"2019-08-17 17:13","QuorumHierarchical.java","257499","142372","399871"
"2019-10-10 14:37","QuorumHierarchical.java","261252","142372","403624"
"2009-08-11 23:09","QuorumHierarchical.java","2058","720","2778"
"2011-04-12 09:14","QuorumHierarchical.java","59432","22832","82264"
"2017-02-12 00:34","ReconfigFailureCasesTest.java","18415","11110","29525"
"2017-09-11 18:55","ReconfigFailureCasesTest.java","22163","14241","36404"
"2019-11-29 14:49","ReconfigFailureCasesTest.java","264085","218734","482819"
"2016-11-13 20:59","ReconfigFailureCasesTest.java","15578","7065","22643"
"2019-08-17 17:13","ReconfigFailureCasesTest.java","256074","217280","473354"
"2019-08-17 17:13","NonRecoverableErrorTest.java","255887","222252","478139"
"2011-04-12 09:14","AsyncHammerTest.java","56963","22489","79452"
"2010-03-31 06:26","AsyncHammerTest.java","38033","14071","52104"
"2010-05-05 22:32","AsyncHammerTest.java","40121","16387","56508"
"2019-10-10 14:37","AsyncHammerTest.java","261237","144483","405720"
"2009-11-08 23:46","AsyncHammerTest.java","4411","1952","6363"
"2009-11-18 20:06","AsyncHammerTest.java","12927","2924","15851"
"2019-08-17 17:13","AsyncHammerTest.java","257484","144483","401967"
"2017-05-01 17:19","AsyncHammerTest.java","129348","35587","164935"
"2018-09-15 00:08","ZooKeeperServer.java","157567","111747","269314"
"2019-04-12 19:01","ZooKeeperServer.java","238197","191898","430095"
"2019-07-31 19:06","ZooKeeperServer.java","255713","191914","447627"
"2019-09-11 10:27","ZooKeeperServer.java","257762","191914","449676"
"2019-01-14 19:38","ZooKeeperServer.java","231599","191815","423414"
"2019-01-07 15:34","ZooKeeperServer.java","231200","191815","423015"
"2018-11-21 17:56","ZooKeeperServer.java","224395","191813","416208"
"2017-04-28 07:14","ZooKeeperServer.java","55528","21626","77154"
"2017-02-12 00:12","ZooKeeperServer.java","54553","21550","76103"
"2014-07-18 02:19","ZooKeeperServer.java","29439","10839","40278"
"2013-12-11 19:22","ZooKeeperServer.java","8027","1589","9616"
"2019-02-13 13:12","ZooKeeperServer.java","235273","191835","427108"
"2016-11-24 17:18","ZooKeeperServer.java","53814","19035","72849"
"2018-07-19 05:59","ZooKeeperServer.java","85225","43338","128563"
"2018-09-18 01:00","ZooKeeperServer.java","158280","111807","270087"
"2019-03-04 08:07","ZooKeeperServer.java","235849","191834","427683"
"2019-07-08 23:26","ZooKeeperServer.java","245182","191914","437096"
"2019-01-23 14:00","ZooKeeperServer.java","233035","191816","424851"
"2019-02-13 13:19","ZooKeeperServer.java","235559","191835","427394"
"2019-05-14 17:11","ZooKeeperServer.java","241057","191898","432955"
"2015-07-10 08:19","ZooKeeperServer.java","41373","13786","55159"
"2019-06-04 10:55","ZooKeeperServer.java","241890","191914","433804"
"2019-04-09 15:35","ZooKeeperServer.java","237184","191835","429019"
"2019-08-03 08:42","ZooKeeperServer.java","257114","191914","449028"
"2019-05-15 11:56","ZooKeeperServer.java","241144","191898","433042"
"2019-05-22 11:39","ZooKeeperServer.java","241590","191898","433488"
"2019-04-22 19:15","ZooKeeperServer.java","239172","191898","431070"
"2018-02-23 23:49","ZooKeeperServer.java","63456","24780","88236"
"2016-11-16 06:21","ZooKeeperServer.java","53226","18468","71694"
"2017-08-18 06:32","ZooKeeperServer.java","57317","23875","81192"
"2017-06-26 00:16","ZooKeeperServer.java","56202","22768","78970"
"2019-09-10 04:26","ZooKeeperServer.java","257451","191914","449365"
"2019-08-17 17:13","ZooKeeperServer.java","256406","191914","448320"
"2019-09-05 23:12","ZooKeeperServer.java","257325","191914","449239"
"2019-09-10 15:21","ZooKeeperServer.java","257449","191914","449363"
"2019-08-01 07:31","ZooKeeperServer.java","257077","191914","448991"
"2019-08-01 07:28","ZooKeeperServer.java","256587","191914","448501"
"2019-06-03 19:40","ZooKeeperServer.java","241737","191914","433651"
"2015-03-17 18:06","ZooKeeperServer.java","36700","12127","48827"
"2019-11-23 17:08","ZooKeeperServer.java","262453","193260","455713"
"2019-10-09 16:49","ZooKeeperServer.java","259992","191914","451906"
"2019-07-03 00:44","ZooKeeperServer.java","244419","191914","436333"
"2018-01-19 01:12","ZooKeeperServer.java","62328","24694","87022"
"2019-07-24 18:00","ZooKeeperServer.java","252861","191914","444775"
"2018-08-08 06:21","ZooKeeperServer.java","129193","85826","215019"
"2018-05-09 23:57","ZooKeeperServer.java","65111","24930","90041"
"2019-12-27 22:33","ZooKeeperServer.java","266430","193260","459690"
"2016-08-13 15:01","ZooKeeperServer.java","48725","17868","66593"
"2018-09-11 00:17","ZooKeeperServer.java","156007","111736","267743"
"2019-11-18 09:05","ZooKeeperServer.java","260896","193260","454156"
"2019-10-10 14:37","ZooKeeperServer.java","260159","191914","452073"
"2019-09-16 23:26","ZooKeeperServer.java","259425","191914","451339"
"2013-10-08 01:35","ZooKeeperServer.java","3930","1126","5056"
"2017-06-23 18:39","ZooKeeperServer.java","56168","22714","78882"
"2019-12-03 10:01","ZooKeeperServer.java","264355","193260","457615"
"2020-03-25 03:38","ZooKeeperServer.java","270537","193260","463797"
"2019-11-28 12:24","ZooKeeperServer.java","262658","193260","455918"
"2019-11-06 15:21","ZooKeeperServer.java","260403","191942","452345"
"2020-04-12 11:14","ZooKeeperServer.java","271290","193260","464550"
"2013-10-09 22:21","ZooKeeperServer.java","6431","1387","7818"
"2015-03-08 23:07","ZooKeeperServer.java","35523","11998","47521"
"2018-06-08 16:52","ZooKeeperServer.java","65975","25045","91020"
"2018-06-15 07:41","ZooKeeperServer.java","65984","25051","91035"
"2018-07-28 04:37","ZooKeeperServer.java","85865","43402","129267"
"2019-04-18 19:17","ZooKeeperServer.java","238907","191898","430805"
"2014-03-25 22:13","ZooKeeperServer.java","11557","2102","13659"
"2019-02-06 09:46","ZooKeeper.java","234075","182225","416300"
"2019-01-16 14:21","ZooKeeper.java","232351","182224","414575"
"2017-04-18 02:02","ZooKeeper.java","65683","22232","87915"
"2019-11-08 17:30","ZooKeeper.java","262106","182345","444451"
"2019-02-07 11:26","ZooKeeper.java","234704","182225","416929"
"2013-03-07 07:01","ZooKeeper.java","12557","3053","15610"
"2013-12-17 17:55","ZooKeeper.java","20878","4570","25448"
"2012-11-17 15:03","ZooKeeper.java","2240","272","2512"
"2017-05-01 17:19","ZooKeeper.java","65823","22245","88068"
"2014-01-24 07:18","ZooKeeper.java","22929","4692","27621"
"2019-08-17 17:13","ZooKeeper.java","256464","182317","438781"
"2015-06-04 19:51","ZooKeeper.java","50651","14089","64740"
"2016-10-07 21:51","ZooKeeper.java","60856","19243","80099"
"2015-03-16 09:09","ZooKeeper.java","47149","13631","60780"
"2015-03-17 18:06","ZooKeeper.java","47962","13734","61696"
"2016-05-02 18:15","ZooKeeper.java","57237","18390","75627"
"2019-06-26 10:57","ZooKeeper.java","244314","182317","426631"
"2019-06-03 19:40","ZooKeeper.java","241795","182317","424112"
"2018-05-09 23:57","ZooKeeper.java","74782","24946","99728"
"2019-08-03 08:42","ZooKeeper.java","257172","182317","439489"
"2016-11-13 20:59","ZooKeeper.java","63137","19271","82408"
"2013-02-03 15:52","ZooKeeper.java","7787","2346","10133"
"2017-07-28 00:36","ZooKeeper.java","66544","23832","90376"
"2017-08-18 23:35","ZooKeeper.java","67115","23918","91033"
"2017-07-04 07:56","ZooKeeper.java","66690","23368","90058"
"2020-04-16 12:50","ZooKeeper.java","271350","183629","454979"
"2018-07-27 05:16","ZooKeeper.java","95057","43203","138260"
"2019-10-10 14:37","ZooKeeper.java","260217","182317","442534"
"2014-04-01 04:03","ZooKeeper.java","24937","5220","30157"
"2012-12-19 19:16","ZooKeeper.java","6631","1683","8314"
"2019-02-11 12:34","ZooKeeper.java","235067","182225","417292"
"2014-07-08 20:18","ZooKeeper.java","37144","12540","49684"
"2020-05-17 15:13","ZooKeeper.java","271725","183633","455358"
"2017-01-09 22:49","ZooKeeper.java","65394","19960","85354"
"2019-03-12 19:08","ZooKeeper.java","236512","182242","418754"
"2014-07-22 06:51","ZooKeeper.java","41669","12867","54536"
"2014-04-29 02:23","ZooKeeper.java","32976","11474","44450"
"2019-07-17 13:42","QuorumQuotaTest.java","252779","167976","420755"
"2019-08-17 17:13","QuorumQuotaTest.java","257015","167976","424991"
"2019-10-10 14:37","ClientTest.java","260685","178405","439090"
"2019-12-28 16:17","ClientTest.java","266611","179499","446110"
"2014-07-25 01:31","ClientTest.java","66813","20754","87567"
"2017-01-09 22:49","ClientTest.java","87666","25164","112830"
"2014-07-08 20:18","ClientTest.java","62077","20405","82482"
"2017-05-01 17:19","ClientTest.java","87447","26801","114248"
"2018-11-22 17:56","ClientTest.java","225563","178339","403902"
"2013-01-25 02:17","ClientTest.java","34654","12481","47135"
"2017-06-30 22:43","ClientTest.java","87794","27627","115421"
"2019-03-06 03:32","ClientTest.java","236665","178353","415018"
"2012-12-11 08:42","ClientTest.java","31586","11673","43259"
"2012-10-31 19:38","ClientTest.java","28030","10944","38974"
"2019-08-17 17:13","ClientTest.java","256932","178405","435337"
"2018-12-15 07:34","X509AuthenticationProvider.java","228544","217041","445585"
"2018-11-07 02:29","X509AuthenticationProvider.java","223846","217040","440886"
"2018-10-16 16:22","X509AuthenticationProvider.java","233540","196213","429753"
"2019-06-03 19:40","X509AuthenticationProvider.java","241413","217152","458565"
"2019-08-17 17:13","X509AuthenticationProvider.java","256083","217153","473236"
"2017-09-11 22:56","X509AuthenticationProvider.java","23074","14992","38066"
"2019-11-29 14:49","ReconfigFailureCasesTest.java","16330","9773","26103"
"2019-11-28 12:24","DataTree.java","262965","179867","442832"
"2011-07-13 15:48","DataTree.java","21383","15455","36838"
"2011-06-25 08:13","DataTree.java","17568","15771","33339"
"2011-07-28 07:49","DataTree.java","23942","15568","39510"
"2019-10-10 14:37","DataTree.java","260740","178795","439535"
"2019-12-27 22:33","DataTree.java","266737","179867","446604"
"2015-06-06 03:48","DataTree.java","87393","34062","121455"
"2019-11-11 13:59","DataTree.java","264397","178795","443192"
"2011-04-12 09:14","DataTree.java","14762","15097","29859"
"2018-07-10 13:29","DataTree.java","115016","47476","162492"
"2012-12-19 19:16","DataTree.java","47267","25655","72922"
"2014-04-17 08:47","DataTree.java","70243","32783","103026"
"2014-04-29 02:23","DataTree.java","70954","32788","103742"
"2011-09-15 00:55","DataTree.java","29547","18440","47987"
"2011-09-28 22:17","DataTree.java","30075","18783","48858"
"2018-09-28 23:38","DataTree.java","188792","113426","302218"
"2011-09-17 02:36","DataTree.java","29785","18750","48535"
"2011-10-20 18:48","DataTree.java","29662","20210","49872"
"2019-11-08 17:30","DataTree.java","262601","178795","441396"
"2013-09-05 23:50","DataTree.java","54184","26300","80484"
"2019-01-30 16:28","DataTree.java","234033","178730","412763"
"2019-01-30 17:02","DataTree.java","234577","178730","413307"
"2016-11-24 17:18","DataTree.java","98314","37216","135530"
"2017-09-11 18:55","DataTree.java","99541","39602","139143"
"2011-07-01 00:53","DataTree.java","20555","16245","36800"
"2012-02-06 10:39","DataTree.java","33878","21867","55745"
"2011-12-21 21:39","DataTree.java","32511","21368","53879"
"2017-02-05 07:22","DataTree.java","99801","37264","137065"
"2014-07-18 02:19","DataTree.java","78452","33533","111985"
"2019-02-07 11:26","DataTree.java","235255","178731","413986"
"2013-03-07 07:01","DataTree.java","52246","26078","78324"
"2018-09-04 11:54","DataTree.java","183499","113217","296716"
"2018-09-05 22:35","DataTree.java","183756","113218","296974"
"2018-12-20 15:17","DataTree.java","230521","178729","409250"
"2019-09-10 09:53","DataTree.java","258036","178795","436831"
"2019-04-12 19:01","DataTree.java","238795","178796","417591"
"2019-07-31 19:06","DataTree.java","256294","178795","435089"
"2019-09-11 10:27","DataTree.java","258343","178795","437138"
"2013-10-22 12:54","DataTree.java","58606","26653","85259"
"2016-03-23 00:30","DataTree.java","90900","36130","127030"
"2019-08-01 07:31","DataTree.java","257658","178795","436453"
"2014-01-24 07:18","DataTree.java","61637","26736","88373"
"2019-08-17 17:13","DataTree.java","256987","178795","435782"
"2019-09-10 15:21","DataTree.java","258030","178795","436825"
"2015-06-04 19:51","DataTree.java","87283","34057","121340"
"2016-10-07 21:51","DataTree.java","94916","36639","131555"
"2017-06-18 19:23","DataTree.java","98968","39343","138311"
"2019-04-12 12:29","DataTree.java","238364","178796","417160"
"2019-08-03 08:42","DataTree.java","257695","178795","436490"
"2019-08-09 16:15","DataTree.java","258443","178795","437238"
"2016-11-13 20:59","DataTree.java","97182","36652","133834"
"2019-04-29 16:49","DataTree.java","240825","178796","419621"
"2015-10-18 19:00","QuorumPeer.java","160173","20454","180627"
"2018-12-20 15:13","QuorumPeer.java","231249","89813","321062"
"2019-05-16 16:25","QuorumPeer.java","242506","89841","332347"
"2009-01-15 23:57","QuorumPeer.java","5806","5544","11350"
"2018-10-16 16:22","QuorumPeer.java","243217","68943","312160"
"2019-06-14 09:06","QuorumPeer.java","245704","89840","335544"
"2010-03-16 23:25","QuorumPeer.java","90873","12259","103132"
"2018-12-07 12:41","QuorumPeer.java","228263","89813","318076"
"2012-04-23 01:20","QuorumPeer.java","116964","17568","134532"
"2012-07-17 23:19","QuorumPeer.java","117751","17583","135334"
"2019-03-11 19:47","QuorumPeer.java","237683","89819","327502"
"2012-02-27 03:41","QuorumPeer.java","114715","17404","132119"
"2014-07-18 02:19","QuorumPeer.java","150187","20202","170389"
"2019-02-13 13:12","QuorumPeer.java","236632","89820","326452"
"2011-04-29 18:12","QuorumPeer.java","103980","14306","118286"
"2019-04-12 19:01","QuorumPeer.java","239514","89841","329355"
"2018-12-09 03:16","QuorumPeer.java","230337","89813","320150"
"2018-09-11 15:23","QuorumPeer.java","211736","55133","266869"
"2019-11-29 14:49","QuorumPeer.java","264719","90296","355015"
"2013-03-07 07:01","QuorumPeer.java","129692","18458","148150"
"2018-12-15 07:34","QuorumPeer.java","230252","89813","320065"
"2018-11-27 10:02","QuorumPeer.java","228013","89813","317826"
"2018-09-18 01:00","QuorumPeer.java","213031","55173","268204"
"2009-11-18 18:47","QuorumPeer.java","73951","11417","85368"
"2012-02-06 09:40","QuorumPeer.java","114353","17283","131636"
"2019-06-03 19:40","QuorumPeer.java","243037","89840","332877"
"2019-07-15 14:15","QuorumPeer.java","253125","89840","342965"
"2015-03-17 18:06","QuorumPeer.java","156312","20354","176666"
"2019-07-03 00:44","QuorumPeer.java","245719","89840","335559"
"2009-06-18 18:37","QuorumPeer.java","53220","8861","62081"
"2019-08-17 17:13","QuorumPeer.java","257706","89840","347546"
"2015-06-27 02:03","QuorumPeer.java","159070","20423","179493"
"2009-11-18 20:06","QuorumPeer.java","76304","11436","87740"
"2017-11-28 00:10","QuorumPeer.java","171906","23044","194950"
"2014-01-21 04:50","QuorumPeer.java","137018","18634","155652"
"2014-06-04 22:07","QuorumPeer.java","144201","20016","164217"
"2018-01-30 08:02","QuorumPeer.java","172092","23077","195169"
"2019-05-15 11:56","QuorumPeer.java","242461","89841","332302"
"2019-06-05 00:33","QuorumPeer.java","243427","89840","333267"
"2009-02-06 22:19","QuorumPeer.java","20654","6906","27560"
"2019-05-20 23:13","QuorumPeer.java","242579","89841","332420"
"2019-06-04 10:55","QuorumPeer.java","243190","89840","333030"
"2019-07-12 17:01","QuorumPeer.java","253019","89840","342859"
"2020-01-09 11:27","QuorumPeer.java","266265","90296","356561"
"2017-02-09 11:40","QuorumPeer.java","169989","22351","192340"
"2011-06-14 07:14","QuorumPeer.java","105627","14338","119965"
"2009-04-17 00:59","QuorumPeer.java","23219","7668","30887"
"2017-07-06 18:48","QuorumPeer.java","168268","22944","191212"
"2018-10-01 06:11","QuorumPeer.java","215696","55259","270955"
"2015-04-09 20:16","QuorumPeer.java","157377","20356","177733"
"2013-10-07 21:08","QuorumPeer.java","132609","18559","151168"
"2013-09-30 22:20","QuorumPeer.java","132173","18554","150727"
"2018-07-04 17:11","QuorumPeer.java","181674","29098","210772"
"2019-12-17 13:48","QuorumPeer.java","265291","90296","355587"
"2015-12-07 05:59","QuorumPeer.java","160946","20469","181415"
"2020-01-23 13:43","QuorumPeer.java","268089","90296","358385"
"2016-06-23 23:45","QuorumPeer.java","163407","21860","185267"
"2011-05-03 19:57","QuorumPeer.java","103985","14307","118292"
"2016-06-23 23:25","QuorumPeer.java","163299","21860","185159"
"2010-03-09 05:44","QuorumPeer.java","90005","12166","102171"
"2010-03-12 19:26","QuorumPeer.java","90804","12235","103039"
"2014-03-23 04:12","QuorumPeer.java","139347","18743","158090"
"2013-09-26 00:13","QuorumPeer.java","131927","18552","150479"
"2011-06-17 01:34","QuorumPeer.java","105743","14383","120126"
"2011-06-14 14:11","QuorumPeer.java","105654","14338","119992"
"2010-03-10 02:27","QuorumPeer.java","90222","12169","102391"
"2010-03-10 19:52","QuorumPeer.java","90315","12176","102491"
"2014-07-18 20:48","QuorumPeer.java","150649","20205","170854"
"2014-07-04 04:19","QuorumPeer.java","145852","20024","165876"
"2018-12-06 10:56","QuorumPeer.java","228207","89813","318020"
"2014-06-25 15:04","QuorumPeer.java","144700","20018","164718"
"2014-03-28 01:58","QuorumPeer.java","139767","18745","158512"
"2009-10-30 17:19","QuorumPeer.java","66895","10900","77795"
"2009-11-20 23:28","QuorumPeer.java","76545","11398","87943"
"2009-12-18 03:19","QuorumPeer.java","77444","11724","89168"
"2009-12-15 23:23","QuorumPeer.java","77001","11555","88556"
"2013-10-21 23:36","QuorumPeer.java","135384","18592","153976"
"2019-10-10 14:37","QuorumPeer.java","261459","89840","351299"
"2013-11-07 06:41","QuorumPeer.java","135843","18620","154463"
"2017-07-27 23:09","QuorumPeer.java","167290","22952","190242"
"2014-05-18 05:49","QuorumPeer.java","143705","20009","163714"
"2011-10-25 08:09","QuorumPeer.java","111600","17034","128634"
"2014-03-25 22:13","QuorumPeer.java","139583","18743","158326"
"2011-04-12 09:14","QuorumPeer.java","103625","14286","117911"
"2011-11-01 08:15","QuorumPeer.java","111862","17107","128969"
"2011-03-16 19:49","QuorumPeer.java","144800","13988","158788"
"2018-06-26 11:18","QuorumPeer.java","175721","23163","198884"
"2018-07-27 12:32","QuorumPeer.java","182907","29131","212038"
"2019-04-18 19:17","QuorumPeer.java","240224","89841","330065"
"2011-10-27 23:25","QuorumPeer.java","111786","17060","128846"
"2011-08-30 08:37","QuorumPeer.java","110368","12916","123284"
"2011-08-30 08:29","QuorumPeer.java","110356","12916","123272"
"2010-08-18 08:24","QuorumPeer.java","111661","13367","125028"
"2013-10-09 22:21","QuorumPeer.java","135022","18593","153615"
"2016-12-20 14:47","QuorumPeer.java","168812","22309","191121"
"2011-05-20 01:17","QuorumPeer.java","104467","14309","118776"
"2010-05-05 22:32","QuorumPeer.java","91502","12903","104405"
"2017-05-11 16:59","QuorumPeer.java","167371","22914","190285"
"2014-07-03 06:01","QuorumPeer.java","145429","20023","165452"
"2014-08-14 08:08","QuorumPeer.java","151564","20259","171823"
"2014-08-01 07:38","QuorumPeer.java","151140","20256","171396"
"2009-04-24 20:26","QuorumPeer.java","32277","8124","40401"
"2014-07-20 04:50","QuorumPeer.java","150718","20212","170930"
"2016-06-02 00:59","QuorumPeer.java","162929","21859","184788"
"2020-02-16 10:25","QuorumPeer.java","268802","90296","359098"
"2019-08-17 17:13","Vote.java","256906","180329","437235"
"2014-07-08 05:25","Vote.java","60122","20416","80538"
"2018-12-06 10:56","Vote.java","227368","180263","407631"
"2011-06-17 01:34","Vote.java","163","92","255"
"2020-03-12 14:47","CnxManagerTest.java","268794","225979","494773"
"2019-08-17 17:13","CnxManagerTest.java","255186","224314","479500"
"2019-06-03 19:40","CnxManagerTest.java","240516","224313","464829"
"2017-11-28 00:10","CnxManagerTest.java","4448","591","5039"
"2019-07-12 17:01","CnxManagerTest.java","250499","224314","474813"
"2019-05-08 21:54","CnxManagerTest.java","239669","224295","463964"
"2019-08-06 12:52","CnxManagerTest.java","256159","224314","480473"
"2019-06-14 09:06","CnxManagerTest.java","243183","224313","467496"
"2019-11-29 14:49","CnxManagerTest.java","263406","225977","489383"
"2020-02-16 10:25","CnxManagerTest.java","267491","225979","493470"
"2019-10-10 14:37","CnxManagerTest.java","258940","224315","483255"
"2019-08-17 17:13","FourLetterWordMain.java","255916","220352","476268"
"2019-01-31 15:50","FourLetterWordMain.java","233472","220241","453713"
"2017-07-28 00:36","FourLetterWordMain.java","16707","12578","29285"
"2018-12-15 07:34","FourLetterWordMain.java","228376","220239","448615"
"2015-06-04 18:26","DataNode.java","168783","19456","188239"
"2009-11-12 23:48","DataNode.java","90759","12127","102886"
"2009-06-18 18:37","DataNode.java","70653","10117","80770"
"2019-08-17 17:13","DataNode.java","257710","73667","331377"
"2015-06-04 19:51","DataNode.java","169540","19502","189042"
"2016-10-07 21:51","DataNode.java","174887","19798","194685"
"2019-01-07 14:24","DataNode.java","232512","73639","306151"
"2008-11-19 00:42","DataNode.java","19143","3363","22506"
"2009-02-03 06:23","DataNode.java","37855","8734","46589"
"2017-02-05 07:22","DataNode.java","179364","20015","199379"
"2019-07-31 19:06","DataNode.java","257017","73667","330684"
"2008-10-17 02:21","DataNode.java","12483","2280","14763"
"2008-10-14 19:47","DataNode.java","9169","2021","11190"
"2008-10-22 01:49","DataNode.java","13229","2410","15639"
"2011-06-23 18:01","DataNode.java","122422","14811","137233"
"2019-12-27 22:33","DataNode.java","266841","74120","340961"
"2015-06-04 18:26","DataNode.java","162487","20634","183121"
"2009-11-12 23:48","DataNode.java","80764","12335","93099"
"2009-06-18 18:37","DataNode.java","60443","10110","70553"
"2019-08-17 17:13","DataNode.java","257706","83866","341572"
"2015-06-04 19:51","DataNode.java","163254","20690","183944"
"2016-10-07 21:51","DataNode.java","168845","21230","190075"
"2019-01-07 14:24","DataNode.java","232509","83839","316348"
"2008-11-19 00:42","DataNode.java","7527","1950","9477"
"2009-02-03 06:23","DataNode.java","27292","8374","35666"
"2017-02-05 07:22","DataNode.java","173323","21448","194771"
"2019-07-31 19:06","DataNode.java","257013","83866","340879"
"2008-10-22 01:49","DataNode.java","747","131","878"
"2011-06-23 18:01","DataNode.java","112589","15181","127770"
"2019-12-27 22:33","DataNode.java","266840","84322","351162"
"2019-08-17 17:13","CommitProcessorTest.java","256464","185188","441652"
"2016-05-15 23:31","CommitProcessorTest.java","54410","18050","72460"
"2019-11-11 13:55","CommitProcessorTest.java","262200","185216","447416"
"2015-07-07 07:11","CommitProcessorTest.java","48935","14711","63646"
"2019-10-10 14:37","CommitProcessorTest.java","260217","185188","445405"
"2019-07-03 00:44","NIOServerCnxnFactory.java","14265","5198","19463"
"2019-08-17 17:13","NIOServerCnxnFactory.java","51153","30099","81252"
"2019-08-03 08:42","NIOServerCnxnFactory.java","30117","8355","38472"
"2019-04-22 19:15","NIOServerCnxnFactory.java","4737","901","5638"
"2019-04-12 19:01","NIOServerCnxnFactory.java","3740","879","4619"
"2019-10-10 14:37","NIOServerCnxnFactory.java","56995","32188","89183"
"2019-11-14 03:54","NIOServerCnxnFactory.java","61506","32443","93949"
"2019-11-08 17:30","Request.java","55498","31956","87454"
"2019-04-25 02:11","Request.java","1692","44","1736"
"2019-07-08 23:26","Request.java","11187","4483","15670"
"2019-08-06 17:11","Request.java","26644","7615","34259"
"2019-08-01 07:28","Request.java","25349","7240","32589"
"2019-06-26 10:57","Request.java","9991","4213","14204"
"2019-08-17 17:13","Request.java","47598","29670","77268"
"2019-05-03 00:44","Request.java","2155","230","2385"
"2019-06-05 00:46","Request.java","4796","1008","5804"
"2019-05-10 12:22","Request.java","2822","387","3209"
"2020-03-25 03:38","Request.java","70012","39299","109311"
"2019-09-20 10:06","Request.java","52058","31267","83325"
"2019-09-16 23:26","Request.java","51910","30963","82873"
"2019-12-27 22:33","Request.java","64297","37691","101988"
"2019-11-11 13:59","Request.java","57325","31987","89312"
"2020-05-05 21:20","Request.java","74487","42743","117230"
"2019-11-28 12:24","DataTree.java","262877","178267","441144"
"2019-10-10 14:37","DataTree.java","260507","177050","437557"
"2019-12-27 22:33","DataTree.java","266649","178267","444916"
"2015-06-06 03:48","DataTree.java","62069","19845","81914"
"2019-11-11 13:59","DataTree.java","264192","177078","441270"
"2018-07-10 13:29","DataTree.java","93852","37419","131271"
"2012-12-19 19:16","DataTree.java","20394","9889","30283"
"2014-04-17 08:47","DataTree.java","44386","18033","62419"
"2014-04-29 02:23","DataTree.java","45098","18039","63137"
"2011-09-28 22:17","DataTree.java","1066","881","1947"
"2018-09-28 23:38","DataTree.java","176375","112116","288491"
"2011-09-17 02:36","DataTree.java","719","791","1510"
"2011-10-20 18:48","DataTree.java","1373","3028","4401"
"2019-11-08 17:30","DataTree.java","262396","177078","439474"
"2013-09-05 23:50","DataTree.java","28076","11299","39375"
"2019-01-30 16:28","DataTree.java","233805","176990","410795"
"2019-01-30 17:02","DataTree.java","234349","176990","411339"
"2016-11-24 17:18","DataTree.java","75113","25122","100235"
"2017-09-11 18:55","DataTree.java","77796","28964","106760"
"2012-02-06 10:39","DataTree.java","6353","5449","11802"
"2011-12-21 21:39","DataTree.java","4790","4754","9544"
"2017-02-05 07:22","DataTree.java","76727","25297","102024"
"2014-07-18 02:19","DataTree.java","52746","18934","71680"
"2019-02-07 11:26","DataTree.java","235027","176991","412018"
"2013-03-07 07:01","DataTree.java","25989","10928","36917"
"2018-09-04 11:54","DataTree.java","171051","111876","282927"
"2018-09-05 22:35","DataTree.java","171324","111893","283217"
"2018-12-20 15:17","DataTree.java","230293","176989","407282"
"2019-09-10 09:53","DataTree.java","257803","177050","434853"
"2019-04-12 19:01","DataTree.java","238562","177051","415613"
"2019-07-31 19:06","DataTree.java","256061","177050","433111"
"2019-09-11 10:27","DataTree.java","258110","177050","435160"
"2013-10-22 12:54","DataTree.java","32567","11721","44288"
"2016-03-23 00:30","DataTree.java","67470","23807","91277"
"2019-08-01 07:31","DataTree.java","257425","177050","434475"
"2014-01-24 07:18","DataTree.java","35699","11905","47604"
"2019-08-17 17:13","DataTree.java","256754","177050","433804"
"2019-09-10 15:21","DataTree.java","257797","177050","434847"
"2015-06-04 19:51","DataTree.java","61957","19838","81795"
"2016-10-07 21:51","DataTree.java","71696","24526","96222"
"2017-06-18 19:23","DataTree.java","76566","28048","104614"
"2019-04-12 12:29","DataTree.java","238131","177051","415182"
"2019-08-03 08:42","DataTree.java","257462","177050","434512"
"2019-08-09 16:15","DataTree.java","258210","177050","435260"
"2016-11-13 20:59","DataTree.java","73968","24545","98513"
"2019-04-29 16:49","DataTree.java","240592","177051","417643"
"2019-11-28 12:24","DataTree.java","262877","178452","441329"
"2019-10-10 14:37","DataTree.java","260495","177223","437718"
"2019-12-27 22:33","DataTree.java","266649","178452","445101"
"2015-06-06 03:48","DataTree.java","61205","19166","80371"
"2019-11-11 13:59","DataTree.java","264180","177251","441431"
"2018-07-10 13:29","DataTree.java","93158","36910","130068"
"2012-12-19 19:16","DataTree.java","19459","9139","28598"
"2014-04-17 08:47","DataTree.java","43502","17334","60836"
"2014-04-29 02:23","DataTree.java","44214","17340","61554"
"2018-09-28 23:38","DataTree.java","175688","111614","287302"
"2011-10-20 18:48","DataTree.java","310","2150","2460"
"2019-11-08 17:30","DataTree.java","262384","177251","439635"
"2013-09-05 23:50","DataTree.java","27172","10580","37752"
"2019-01-30 16:28","DataTree.java","233793","177163","410956"
"2019-01-30 17:02","DataTree.java","234337","177163","411500"
"2016-11-24 17:18","DataTree.java","74280","24474","98754"
"2017-09-11 18:55","DataTree.java","77041","28394","105435"
"2012-02-06 10:39","DataTree.java","5339","4620","9959"
"2011-12-21 21:39","DataTree.java","3764","3913","7677"
"2017-02-05 07:22","DataTree.java","75898","24653","100551"
"2014-07-18 02:19","DataTree.java","51875","18248","70123"
"2019-02-07 11:26","DataTree.java","235015","177164","412179"
"2013-03-07 07:01","DataTree.java","25058","10182","35240"
"2018-09-04 11:54","DataTree.java","170363","111373","281736"
"2018-09-05 22:35","DataTree.java","170638","111392","282030"
"2018-12-20 15:17","DataTree.java","230281","177162","407443"
"2019-09-10 09:53","DataTree.java","257791","177223","435014"
"2019-04-12 19:01","DataTree.java","238550","177224","415774"
"2019-07-31 19:06","DataTree.java","256049","177223","433272"
"2019-09-11 10:27","DataTree.java","258098","177223","435321"
"2013-10-22 12:54","DataTree.java","31677","11016","42693"
"2016-03-23 00:30","DataTree.java","66636","23158","89794"
"2019-08-01 07:31","DataTree.java","257413","177223","434636"
"2014-01-24 07:18","DataTree.java","34812","11203","46015"
"2019-08-17 17:13","DataTree.java","256742","177223","433965"
"2019-09-10 15:21","DataTree.java","257785","177223","435008"
"2015-06-04 19:51","DataTree.java","61093","19159","80252"
"2016-10-07 21:51","DataTree.java","70863","23878","94741"
"2017-06-18 19:23","DataTree.java","75808","27475","103283"
"2019-04-12 12:29","DataTree.java","238119","177224","415343"
"2019-08-03 08:42","DataTree.java","257450","177223","434673"
"2019-08-09 16:15","DataTree.java","258198","177223","435421"
"2016-11-13 20:59","DataTree.java","73135","23897","97032"
"2019-04-29 16:49","DataTree.java","240580","177224","417804"
"2018-06-26 11:18","RemotePeerBeanTest.java","27509","14485","41994"
"2015-10-28 22:54","RemotePeerBeanTest.java","370","182","552"
"2019-08-17 17:13","RemotePeerBeanTest.java","255925","219582","475507"
"2019-08-17 17:13","WatchesSummary.java","174218","158773","332991"
"2019-05-27 10:54","SnapShot.java","242336","167779","410115"
"2017-08-18 06:32","SnapShot.java","112562","41838","154400"
"2019-08-17 17:13","SnapShot.java","257015","167778","424793"
"2019-11-08 17:30","Request.java","53866","32249","86115"
"2019-07-08 23:26","Request.java","9057","4278","13335"
"2019-08-06 17:11","Request.java","24571","7467","32038"
"2019-08-01 07:28","Request.java","23250","7066","30316"
"2019-06-26 10:57","Request.java","7856","4003","11859"
"2019-08-17 17:13","Request.java","45764","29761","75525"
"2019-06-05 00:46","Request.java","2661","798","3459"
"2019-05-10 12:22","Request.java","667","157","824"
"2020-03-25 03:38","Request.java","68398","39610","108008"
"2019-09-20 10:06","Request.java","50426","31560","81986"
"2019-09-16 23:26","Request.java","50278","31256","81534"
"2019-12-27 22:33","Request.java","62666","37985","100651"
"2019-11-11 13:59","Request.java","55693","32280","87973"
"2020-05-05 21:20","Request.java","72880","43061","115941"
"2019-02-07 11:26","PrepRequestProcessor.java","233121","230478","463599"
"2019-09-11 10:27","PrepRequestProcessor.java","256279","230612","486891"
"2018-07-19 05:59","PrepRequestProcessor.java","23355","21649","45004"
"2019-01-16 14:21","PrepRequestProcessor.java","230765","230474","461239"
"2019-11-08 17:30","PrepRequestProcessor.java","260585","230660","491245"
"2019-04-09 15:35","PrepRequestProcessor.java","235670","230502","466172"
"2019-04-17 14:16","PrepRequestProcessor.java","236957","230574","467531"
"2019-05-10 12:22","PrepRequestProcessor.java","239409","230591","470000"
"2019-02-07 11:22","PrepRequestProcessor.java","232783","230478","463261"
"2019-08-01 07:31","PrepRequestProcessor.java","255593","230611","486204"
"2019-06-26 10:57","PrepRequestProcessor.java","242771","230610","473381"
"2019-08-17 17:13","PrepRequestProcessor.java","254922","230611","485533"
"2018-08-08 06:21","PrepRequestProcessor.java","72820","69634","142454"
"2019-12-27 22:33","PrepRequestProcessor.java","265463","232474","497937"
"2019-10-10 14:37","PrepRequestProcessor.java","258676","230612","489288"
"2020-03-25 03:38","PrepRequestProcessor.java","269571","232475","502046"
"2018-06-15 07:41","PrepRequestProcessor.java","1106","354","1460"
"2014-08-14 08:08","ReconfigRecoveryTest.java","1425","564","1989"
"2014-08-24 07:42","ReconfigRecoveryTest.java","1967","749","2716"
"2017-07-06 18:48","ReconfigRecoveryTest.java","28858","13978","42836"
"2019-08-17 17:13","ReconfigRecoveryTest.java","256150","210717","466867"
"2017-09-11 18:55","ReconfigRecoveryTest.java","30312","15751","46063"
"2019-05-20 17:18","ClientReconnectTest.java","240660","220569","461229"
"2019-08-17 17:13","ClientReconnectTest.java","255887","220587","476474"
"2020-05-17 15:13","ClientReconnectTest.java","271444","222199","493643"
"2014-05-09 23:37","Zab1_0Test.java","13954","7912","21866"
"2017-01-07 01:09","Zab1_0Test.java","48167","18248","66415"
"2015-12-06 21:30","Zab1_0Test.java","36277","13124","49401"
"2019-12-17 13:48","Zab1_0Test.java","264838","199055","463893"
"2013-11-19 02:03","Zab1_0Test.java","97","49","146"
"2015-07-07 07:11","Zab1_0Test.java","34361","12759","47120"
"2019-12-27 22:33","Zab1_0Test.java","266387","199055","465442"
"2019-10-10 14:37","Zab1_0Test.java","260113","197706","457819"
"2015-05-14 18:40","Zab1_0Test.java","31605","11303","42908"
"2019-08-17 17:13","Zab1_0Test.java","256360","197706","454066"
"2019-06-03 19:40","Zab1_0Test.java","241691","197706","439397"
"2018-05-10 06:00","Zab1_0Test.java","59105","24477","83582"
"2017-11-28 00:10","Zab1_0Test.java","55382","23743","79125"
"2017-08-18 06:32","Zab1_0Test.java","50791","23187","73978"
"2017-02-12 00:12","Zab1_0Test.java","47972","20807","68779"
"2018-10-16 16:22","QuorumPeerConfig.java","231612","201780","433392"
"2018-12-09 03:16","QuorumPeerConfig.java","227772","223679","451451"
"2019-04-12 19:01","QuorumPeerConfig.java","237022","223780","460802"
"2018-09-11 15:23","QuorumPeerConfig.java","113792","101631","215423"
"2018-12-15 07:34","QuorumPeerConfig.java","227687","223679","451366"
"2019-02-13 13:12","QuorumPeerConfig.java","234083","223702","457785"
"2019-08-17 17:13","QuorumPeerConfig.java","255234","223799","479033"
"2017-11-28 00:10","QuorumPeerConfig.java","5294","874","6168"
"2019-06-05 00:29","QuorumPeerConfig.java","240900","223798","464698"
"2020-01-09 11:27","QuorumPeerConfig.java","264980","225442","490422"
"2019-07-12 17:01","QuorumPeerConfig.java","250547","223799","474346"
"2019-05-15 11:56","QuorumPeerConfig.java","239969","223780","463749"
"2018-10-01 06:11","QuorumPeerConfig.java","118444","102449","220893"
"2020-01-23 13:43","QuorumPeerConfig.java","266804","225442","492246"
"2019-10-10 14:37","QuorumPeerConfig.java","258987","223799","482786"
"2018-07-27 12:32","QuorumPeerConfig.java","32296","22962","55258"
"2019-04-18 19:17","QuorumPeerConfig.java","237732","223780","461512"
"2020-02-16 10:25","QuorumPeerConfig.java","267517","225442","492959"
"2020-05-14 18:18","QuorumPeerConfig.java","270835","225535","496370"
"2015-07-07 07:11","GetChildrenTest.java","99820","33962","133782"
"2011-04-12 09:14","GetChildrenTest.java","27319","15498","42817"
"2010-08-17 09:24","GetChildrenTest.java","19284","1868","21152"
"2019-08-17 17:13","WatcherOrBitSetTest.java","45184","29686","74870"
"2018-06-08 16:52","ZooKeeperServerMXBean.java","25835","14218","40053"
"2019-09-16 23:26","ZooKeeperServerMXBean.java","258935","220737","479672"
"2019-11-14 03:54","ZooKeeperServerMXBean.java","263957","220769","484726"
"2020-03-25 03:38","ZooKeeperServerMXBean.java","270254","222290","492544"
"2019-05-22 11:39","ZooKeeperServerMXBean.java","241098","220719","461817"
"2019-07-30 02:31","ZooKeeperServerMXBean.java","253837","220737","474574"
"2018-02-07 01:05","ZooKeeperServerMXBean.java","22757","13738","36495"
"2018-07-12 01:33","ZooKeeperServerMXBean.java","35795","23709","59504"
"2019-08-17 17:13","ZooKeeperServerMXBean.java","255916","220737","476653"
"2017-04-28 07:14","ZooKeeperServerMXBean.java","14334","9745","24079"
"2019-01-14 19:38","ZooKeeperServerMXBean.java","231096","220625","451721"
"2019-07-08 23:26","ZooKeeperServerMXBean.java","244691","220736","465427"
"2019-01-23 14:00","ZooKeeperServerMXBean.java","232532","220626","453158"
"2019-08-17 17:13","QuorumBean.java","256406","191763","448169"
"2018-10-16 16:22","QuorumBean.java","235343","172303","407646"
"2018-12-20 15:13","QuorumBean.java","229877","191664","421541"
"2019-12-27 22:33","QuorumBean.java","266430","193109","459539"
"2019-10-10 14:37","FLENewEpochTest.java","260768","167976","428744"
"2011-04-12 09:14","FLENewEpochTest.java","27920","17408","45328"
"2019-08-17 17:13","FLENewEpochTest.java","257015","167976","424991"
"2009-07-17 00:09","CRCTest.java","68909","10691","79600"
"2009-06-18 18:37","CRCTest.java","60263","10136","70399"
"2019-08-17 17:13","CRCTest.java","257706","84072","341778"
"2009-04-17 20:11","CRCTest.java","30543","9074","39617"
"2009-05-22 09:43","CRCTest.java","55674","9608","65282"
"2010-03-31 06:26","CRCTest.java","98325","13730","112055"
"2010-08-18 08:24","CRCTest.java","118315","14253","132568"
"2011-04-12 09:14","CRCTest.java","110187","15080","125267"
"2016-08-24 01:36","CRCTest.java","167381","21305","188686"
"2019-10-10 14:37","CRCTest.java","261459","84072","345531"
"2013-12-21 22:05","CRCTest.java","141235","19037","160272"
"2019-08-17 17:13","ReadOnlyModeTest.java","255250","223920","479170"
"2019-11-29 14:49","QuorumUtil.java","264333","186474","450807"
"2013-03-07 07:01","QuorumUtil.java","8949","2290","11239"
"2019-08-17 17:13","QuorumUtil.java","256464","185162","441626"
"2020-03-12 14:47","QuorumUtil.java","269719","186474","456193"
"2019-07-12 17:01","QuorumUtil.java","251777","185162","436939"
"2014-01-16 23:59","QuorumUtil.java","17701","3934","21635"
"2019-10-10 14:37","QuorumUtil.java","260217","185162","445379"
"2014-05-18 05:49","QuorumUtil.java","30063","10942","41005"
"2013-10-09 22:21","QuorumUtil.java","15530","3676","19206"
"2013-09-26 14:05","QuorumUtil.java","12178","3227","15405"
"2018-07-10 12:46","QuorumTest.java","80452","32563","113015"
"2019-08-17 17:13","QuorumTest.java","256451","185313","441764"
"2013-10-09 22:21","QuorumTest.java","15135","3445","18580"
"2019-10-10 14:37","QuorumTest.java","260204","185313","445517"
"2019-09-18 11:20","QuorumTest.java","259363","185313","444676"
"2019-12-28 16:17","QuorumTest.java","266358","186635","452993"
"2015-11-03 08:11","QuorumTest.java","49585","14567","64152"
"2014-03-30 00:01","LeaderElectionSupportTest.java","44217","14027","58244"
"2019-10-10 14:37","LeaderElectionSupportTest.java","260657","172009","432666"
"2019-08-27 09:23","LeaderElectionSupportTest.java","257497","172009","429506"
"2015-07-07 07:11","LeaderElectionSupportTest.java","70239","22396","92635"
"2019-01-07 14:24","EphemeralType.java","230538","223174","453712"
"2018-05-09 23:57","EphemeralType.java","17557","9334","26891"
"2019-08-17 17:13","EphemeralType.java","255827","223293","479120"
"2019-06-03 19:40","EphemeralType.java","241157","223292","464449"
"2018-05-10 06:13","EphemeralType.java","17975","9475","27450"
"2015-07-07 07:11","DeleteTest.java","76443","22280","98723"
"2014-02-12 17:00","ZKDatabase.java","60230","27992","88222"
"2019-10-10 14:37","ZKDatabase.java","260739","181707","442446"
"2019-12-27 22:33","ZKDatabase.java","266736","182779","449515"
"2018-04-06 06:04","ZKDatabase.java","103229","41139","144368"
"2011-04-12 09:14","ZKDatabase.java","12950","16198","29148"
"2014-04-29 02:23","ZKDatabase.java","69261","34008","103269"
"2014-04-17 08:47","ZKDatabase.java","68550","34003","102553"
"2011-09-17 02:36","ZKDatabase.java","28019","19897","47916"
"2018-09-28 23:38","ZKDatabase.java","188556","116103","304659"
"2013-06-28 23:22","ZKDatabase.java","52619","27502","80121"
"2019-11-08 17:30","ZKDatabase.java","262600","181707","444307"
"2019-05-14 17:11","ZKDatabase.java","241654","181708","423362"
"2012-07-17 23:25","ZKDatabase.java","38292","25478","63770"
"2018-09-18 01:00","ZKDatabase.java","185830","115951","301781"
"2013-03-07 07:01","ZKDatabase.java","50543","27288","77831"
"2019-02-07 11:26","ZKDatabase.java","235254","181643","416897"
"2019-04-12 19:01","ZKDatabase.java","238794","181708","420502"
"2018-09-05 22:35","ZKDatabase.java","183520","115895","299415"
"2011-01-22 20:38","ZKDatabase.java","41044","3157","44201"
"2015-02-06 06:17","ZKDatabase.java","81781","35024","116805"
"2014-07-18 02:19","ZKDatabase.java","76764","34758","111522"
"2018-02-07 01:05","ZKDatabase.java","102850","41112","143962"
"2014-01-24 07:18","ZKDatabase.java","59944","27956","87900"
"2019-08-17 17:13","ZKDatabase.java","256986","181707","438693"
"2019-09-10 00:27","ZKDatabase.java","257926","181707","439633"
"2016-03-23 00:30","ZKDatabase.java","89220","37363","126583"
"2018-02-23 23:49","ZKDatabase.java","103216","41134","144350"
"2017-08-03 20:28","ZKDatabase.java","97176","40688","137864"
"2017-06-18 19:23","ZKDatabase.java","97318","40606","137924"
"2019-04-09 15:35","ZKDatabase.java","237792","181656","419448"
"2018-02-07 01:05","LeaderBean.java","78086","25680","103766"
"2018-07-12 01:33","LeaderBean.java","89312","33839","123151"
"2019-07-25 21:41","LeaderBean.java","253129","178080","431209"
"2019-08-17 17:13","LeaderBean.java","256646","178080","434726"
"2019-01-07 14:55","LeaderBean.java","231459","178002","409461"
"2018-08-17 14:40","LeaderBean.java","144063","86294","230357"
"2016-12-20 14:47","LeaderBean.java","70295","21103","91398"
"2020-05-05 21:20","ServerMetrics.java","19294","8622","27916"
"2020-02-26 22:41","ServerMetrics.java","12222","4712","16934"
"2020-03-25 03:38","ServerMetrics.java","14564","4923","19487"
"2020-05-03 19:43","ServerMetrics.java","16241","5664","21905"
"2019-11-23 17:08","ServerMetrics.java","1810","253","2063"
"2019-11-08 17:30","Request.java","51701","31947","83648"
"2019-07-08 23:26","Request.java","6409","3493","9902"
"2019-08-06 17:11","Request.java","21953","6712","28665"
"2019-08-01 07:28","Request.java","20630","6309","26939"
"2019-06-26 10:57","Request.java","5201","3211","8412"
"2019-08-17 17:13","Request.java","43507","29367","72874"
"2020-03-25 03:38","Request.java","66252","39327","105579"
"2019-09-20 10:06","Request.java","48252","31249","79501"
"2019-09-16 23:26","Request.java","48103","30944","79047"
"2019-12-27 22:33","Request.java","60509","37691","98200"
"2019-11-11 13:59","Request.java","53528","31978","85506"
"2020-05-05 21:20","Request.java","70777","42821","113598"
"2019-02-06 09:46","ZooKeeper.java","232820","223682","456502"
"2019-01-16 14:21","ZooKeeper.java","231096","223681","454777"
"2019-11-08 17:30","ZooKeeper.java","260896","223847","484743"
"2019-02-07 11:26","ZooKeeper.java","233449","223682","457131"
"2019-08-17 17:13","ZooKeeper.java","255234","223799","479033"
"2019-06-26 10:57","ZooKeeper.java","243083","223798","466881"
"2019-06-03 19:40","ZooKeeper.java","240564","223798","464362"
"2018-05-09 23:57","ZooKeeper.java","8936","1812","10748"
"2019-08-03 08:42","ZooKeeper.java","255942","223799","479741"
"2017-08-18 23:35","ZooKeeper.java","607","122","729"
"2020-04-16 12:50","ZooKeeper.java","270512","225503","496015"
"2018-07-27 05:16","ZooKeeper.java","32036","22894","54930"
"2019-10-10 14:37","ZooKeeper.java","258987","223799","482786"
"2019-02-11 12:34","ZooKeeper.java","233812","223682","457494"
"2020-05-17 15:13","ZooKeeper.java","270915","225535","496450"
"2019-03-12 19:08","ZooKeeper.java","235261","223703","458964"
"2013-09-18 01:14","ReadOnlyRequestProcessor.java","21238","6386","27624"
"2014-03-23 04:12","ReadOnlyRequestProcessor.java","29692","7378","37070"
"2015-03-08 23:07","ReadOnlyRequestProcessor.java","51695","15075","66770"
"2013-03-07 07:01","ReadOnlyRequestProcessor.java","18849","5905","24754"
"2016-10-07 21:51","ReadOnlyRequestProcessor.java","65489","20436","85925"
"2019-08-17 17:13","ReadOnlyRequestProcessor.java","256502","178915","435417"
"2015-06-04 19:51","ReadOnlyRequestProcessor.java","55515","15513","71028"
"2018-08-06 14:11","ExitCode.java","55657","36179","91836"
"2019-08-17 17:13","ExitCode.java","256089","215122","471211"
"2019-09-30 22:26","ZKClientConfig.java","258599","223799","482398"
"2018-11-05 19:40","ZKClientConfig.java","231695","201774","433469"
"2019-08-17 17:13","ZKClientConfig.java","255234","223799","479033"
"2018-07-27 05:16","ZKClientConfig.java","32036","22894","54930"
"2019-11-22 23:42","ZKClientConfig.java","261372","225440","486812"
"2019-11-04 02:01","ZKClientConfig.java","259192","223847","483039"
"2014-08-14 08:08","QuorumPeerTestBase.java","1425","564","1989"
"2014-07-26 04:11","QuorumPeerTestBase.java","675","378","1053"
"2016-11-03 16:07","QuorumPeerTestBase.java","22119","8636","30755"
"2019-12-27 22:33","QuorumPeerTestBase.java","266269","212158","478427"
"2019-10-10 14:37","QuorumPeerTestBase.java","259903","210717","470620"
"2016-06-23 23:25","QuorumPeerTestBase.java","18548","7553","26101"
"2014-08-19 22:50","QuorumPeerTestBase.java","1633","658","2291"
"2019-07-12 17:01","QuorumPeerTestBase.java","251463","210717","462180"
"2017-01-13 19:29","QuorumPeerTestBase.java","26648","9747","36395"
"2015-03-17 18:06","QuorumPeerTestBase.java","6962","1448","8410"
"2019-08-17 17:13","QuorumPeerTestBase.java","256150","210717","466867"
"2017-11-28 00:10","QuorumPeerTestBase.java","34606","16188","50794"
"2017-12-16 01:25","QuorumPeerTestBase.java","35003","16541","51544"
"2018-10-12 10:25","QuorumPeerTestBase.java","231815","190947","422762"
"2014-07-19 06:39","Toolbar.java","49589","15226","64815"
"2018-11-17 18:33","ServerCnxn.java","222769","231601","454370"
"2019-01-14 19:38","ServerCnxn.java","229990","231605","461595"
"2019-04-12 19:01","ServerCnxn.java","236617","231717","468334"
"2018-09-18 01:00","ServerCnxn.java","94873","89799","184672"
"2019-07-08 23:26","ServerCnxn.java","243622","231753","475375"
"2019-08-17 17:13","ServerCnxn.java","254847","231754","486601"
"2019-07-03 00:44","ServerCnxn.java","242859","231753","474612"
"2018-08-08 06:21","ServerCnxn.java","60386","58418","118804"
"2019-11-18 09:05","ServerCnxn.java","259928","233691","493619"
"2020-02-26 22:41","ServerCnxn.java","267440","233693","501133"
"2018-09-28 23:38","ServerCnxn.java","98149","90501","188650"
"2019-11-11 13:59","ServerCnxn.java","262306","231803","494109"
"2016-11-13 20:59","TestableZooKeeper.java","67636","20460","88096"
"2019-08-17 17:13","TestableZooKeeper.java","256502","179045","435547"
"2019-03-06 03:32","TestableZooKeeper.java","236212","178970","415182"
"2013-01-25 02:17","TestableZooKeeper.java","13044","4629","17673"
"2018-04-25 01:41","TestableZooKeeper.java","78215","25841","104056"
"2014-03-26 22:13","TestableZooKeeper.java","29826","7391","37217"
"2020-05-17 15:13","TestableZooKeeper.java","271761","180359","452120"
"2014-06-25 15:04","FastLeaderElection.java","72369","32760","105129"
"2018-12-06 10:56","FastLeaderElection.java","227449","178736","406185"
"2014-07-08 05:25","FastLeaderElection.java","74383","33138","107521"
"2014-07-18 20:48","FastLeaderElection.java","78739","33368","112107"
"2014-03-23 04:12","FastLeaderElection.java","62237","26706","88943"
"2019-10-10 14:37","FastLeaderElection.java","260740","178802","439542"
"2013-10-21 23:36","FastLeaderElection.java","58143","26424","84567"
"2019-09-30 23:22","FastLeaderElection.java","260367","178802","439169"
"2011-04-12 09:14","FastLeaderElection.java","14488","14830","29318"
"2014-07-20 04:50","FastLeaderElection.java","78822","33389","112211"
"2020-04-07 09:07","FastLeaderElection.java","271433","179874","451307"
"2012-03-20 01:33","FastLeaderElection.java","37184","23736","60920"
"2019-01-18 03:42","FastLeaderElection.java","232947","178737","411684"
"2012-02-06 09:40","FastLeaderElection.java","33347","21350","54697"
"2017-09-11 18:55","FastLeaderElection.java","99345","39413","138758"
"2013-03-07 07:01","FastLeaderElection.java","52033","25872","77905"
"2018-08-29 06:26","FastLeaderElection.java","178238","108023","286261"
"2011-04-29 18:12","FastLeaderElection.java","14928","14935","29863"
"2015-02-06 06:17","FastLeaderElection.java","83263","33600","116863"
"2018-04-30 06:34","FastLeaderElection.java","105640","39726","145366"
"2019-08-17 17:13","FastLeaderElection.java","256987","178802","435789"
"2019-08-02 20:08","FastLeaderElection.java","257768","178802","436570"
"2012-08-03 00:17","FastLeaderElection.java","40069","24133","64202"
"2017-01-13 19:29","FastLeaderElection.java","99273","37001","136274"
"2011-06-14 07:14","FastLeaderElection.java","16709","15101","31810"
"2019-08-03 08:42","FastLeaderElection.java","257695","178802","436497"
"2019-08-17 17:13","Leader.java","256406","191888","448294"
"2019-06-29 00:33","Leader.java","244393","191888","436281"
"2019-06-03 19:40","Leader.java","241737","191888","433625"
"2014-05-20 23:42","Leader.java","21895","9533","31428"
"2019-07-15 14:15","Leader.java","251825","191888","443713"
"2015-03-17 18:06","Leader.java","36727","12128","48855"
"2019-07-25 21:41","Leader.java","252889","191888","444777"
"2018-05-10 06:00","Leader.java","65531","25039","90570"
"2018-07-12 01:33","Leader.java","74546","33121","107667"
"2018-02-07 01:05","Leader.java","63106","24748","87854"
"2017-11-28 00:10","Leader.java","61845","24342","86187"
"2019-06-05 00:33","Leader.java","242127","191888","434015"
"2015-04-10 22:22","Leader.java","37837","12170","50007"
"2019-08-03 08:42","Leader.java","257114","191888","449002"
"2019-06-05 23:57","Leader.java","242396","191888","434284"
"2013-10-07 21:08","Leader.java","3813","1122","4935"
"2017-01-13 19:29","Leader.java","55156","19170","74326"
"2019-01-07 14:55","Leader.java","231198","191789","422987"
"2019-04-12 19:01","Leader.java","238197","191872","430069"
"2018-12-09 03:16","Leader.java","228964","191788","420752"
"2018-08-17 14:40","Leader.java","129554","85833","215387"
"2019-11-29 14:49","Leader.java","264309","193234","457543"
"2018-11-27 10:02","Leader.java","226640","191788","418428"
"2015-02-06 06:17","Leader.java","35312","11935","47247"
"2017-02-15 23:04","Leader.java","54596","21566","76162"
"2014-07-18 02:19","Leader.java","29466","10840","40306"
"2018-08-29 06:26","Leader.java","150501","106572","257073"
"2018-08-03 18:52","Leader.java","86422","43499","129921"
"2017-09-11 18:55","Leader.java","57653","24007","81660"
"2018-09-18 01:00","Leader.java","158299","111800","270099"
"2016-12-20 14:47","Leader.java","54291","19147","73438"
"2014-07-20 04:50","Leader.java","30245","11098","41343"
"2014-06-10 00:19","Leader.java","22843","9547","32390"
"2016-06-23 23:25","Leader.java","47450","17370","64820"
"2016-06-23 23:45","Leader.java","47589","17401","64990"
"2020-03-25 03:38","Leader.java","270537","193234","463771"
"2014-03-23 04:12","Leader.java","11336","2091","13427"
"2019-12-27 22:33","Leader.java","266430","193234","459664"
"2016-08-13 15:01","Leader.java","48752","17869","66621"
"2013-10-21 23:36","Leader.java","6838","1405","8243"
"2019-10-10 14:37","Leader.java","260159","191888","452047"
"2013-11-07 06:41","Leader.java","7401","1537","8938"
"2019-08-17 17:13","Leader.java","256650","177843","434493"
"2019-06-29 00:33","Leader.java","244637","177843","422480"
"2019-06-03 19:40","Leader.java","241981","177843","419824"
"2014-05-20 23:42","Leader.java","40804","14153","54957"
"2019-07-15 14:15","Leader.java","252069","177843","429912"
"2015-03-17 18:06","Leader.java","54416","15528","69944"
"2019-07-25 21:41","Leader.java","253133","177843","430976"
"2018-05-10 06:00","Leader.java","81004","26223","107227"
"2018-07-12 01:33","Leader.java","89805","34091","123896"
"2018-02-07 01:05","Leader.java","78607","25960","104567"
"2017-11-28 00:10","Leader.java","77373","25581","102954"
"2019-06-05 00:33","Leader.java","242371","177843","420214"
"2015-04-10 22:22","Leader.java","55513","15557","71070"
"2019-08-03 08:42","Leader.java","257358","177843","435201"
"2019-06-05 23:57","Leader.java","242640","177843","420483"
"2012-12-08 00:38","Leader.java","11716","4185","15901"
"2013-10-07 21:08","Leader.java","23965","6985","30950"
"2012-12-31 02:38","Leader.java","14681","5029","19710"
"2017-01-13 19:29","Leader.java","71725","21450","93175"
"2012-07-05 18:01","Leader.java","5661","3056","8717"
"2019-01-07 14:55","Leader.java","231463","177765","409228"
"2019-04-12 19:01","Leader.java","238457","177843","416300"
"2018-12-09 03:16","Leader.java","229229","177764","406993"
"2018-08-17 14:40","Leader.java","144544","86534","231078"
"2019-11-29 14:49","Leader.java","264515","179151","443666"
"2013-03-07 07:01","Leader.java","20455","6291","26746"
"2018-11-27 10:02","Leader.java","226905","177764","404669"
"2015-02-06 06:17","Leader.java","53036","15370","68406"
"2012-02-27 03:41","Leader.java","637","396","1033"
"2017-02-15 23:04","Leader.java","70775","23456","94231"
"2014-07-18 02:19","Leader.java","47820","14905","62725"
"2018-08-29 06:26","Leader.java","162345","104127","266472"
"2018-08-03 18:52","Leader.java","101525","44313","145838"
"2013-05-14 14:27","Leader.java","20626","6337","26963"
"2017-09-11 18:55","Leader.java","73199","25264","98463"
"2018-09-18 01:00","Leader.java","170111","109323","279434"
"2012-03-15 17:47","Leader.java","1671","451","2122"
"2016-12-20 14:47","Leader.java","70855","21422","92277"
"2014-07-20 04:50","Leader.java","48409","14973","63382"
"2014-06-10 00:19","Leader.java","41750","14165","55915"
"2016-06-23 23:25","Leader.java","64444","20075","84519"
"2016-06-23 23:45","Leader.java","64551","20074","84625"
"2020-03-25 03:38","Leader.java","270743","179151","449894"
"2014-03-23 04:12","Leader.java","31278","7744","39022"
"2019-12-27 22:33","Leader.java","266636","179151","445787"
"2016-08-13 15:01","Leader.java","65544","20372","85916"
"2013-10-21 23:36","Leader.java","26952","7230","34182"
"2019-10-10 14:37","Leader.java","260403","177843","438246"
"2013-11-07 06:41","Leader.java","27456","7303","34759"
"2016-08-13 15:01","ReadOnlyZooKeeperServer.java","71478","26688","98166"
"2015-03-08 23:07","ReadOnlyZooKeeperServer.java","59427","21969","81396"
"2013-10-09 22:21","ReadOnlyZooKeeperServer.java","33249","14272","47521"
"2014-07-18 02:19","ReadOnlyZooKeeperServer.java","54036","21503","75539"
"2019-11-29 14:49","ReadOnlyZooKeeperServer.java","264539","179557","444096"
"2015-03-17 18:06","ReadOnlyZooKeeperServer.java","60569","22063","82632"
"2019-08-17 17:13","ReadOnlyZooKeeperServer.java","256776","178351","435127"
"2013-09-18 12:58","ClientCnxn.java","31092","13942","45034"
"2015-01-31 08:05","ClientCnxn.java","60325","21869","82194"
"2016-05-02 18:15","ClientCnxn.java","69766","25274","95040"
"2014-01-24 07:18","ClientCnxn.java","38396","14514","52910"
"2019-08-17 17:13","ClientCnxn.java","256904","177112","434016"
"2015-05-10 00:27","ClientCnxn.java","63122","22127","85249"
"2017-12-19 19:27","ClientCnxn.java","83612","30791","114403"
"2019-01-31 15:50","ClientCnxn.java","234504","177045","411549"
"2012-08-02 00:24","ClientCnxn.java","15527","10802","26329"
"2019-04-09 15:35","ClientCnxn.java","237710","177061","414771"
"2013-02-03 15:52","ClientCnxn.java","24260","13174","37434"
"2014-12-20 15:29","ClientCnxn.java","60307","21862","82169"
"2012-03-15 18:01","ClientCnxn.java","10583","8248","18831"
"2019-11-08 17:30","ClientCnxn.java","262518","177112","439630"
"2017-06-08 17:59","ClientCnxn.java","77893","29362","107255"
"2012-09-09 20:24","ClientCnxn.java","16436","10972","27408"
"2019-01-16 14:21","ClientCnxn.java","232817","177045","409862"
"2019-01-07 14:24","ClientCnxn.java","231666","177044","408710"
"2019-03-06 03:32","ClientCnxn.java","236637","177060","413697"
"2011-09-14 07:43","ClientCnxn.java","2477","257","2734"
"2015-02-06 06:17","ClientCnxn.java","60589","21938","82527"
"2019-02-07 11:26","ClientCnxn.java","235170","177046","412216"
"2018-11-05 19:40","ClientCnxn.java","236558","158280","394838"
"2020-05-17 15:13","ClientCnxn.java","271951","178214","450165"
"2018-06-25 12:30","ClientCnxn.java","87385","31038","118423"
"2012-12-19 19:16","ClientCnxn.java","23147","12554","35701"
"2020-03-03 03:12","ClientCnxn.java","269737","178210","447947"
"2018-09-10 11:44","ClientCnxn.java","172518","112986","285504"
"2011-09-28 22:17","ClientCnxn.java","3959","3686","7645"
"2015-06-13 02:42","ClientCnxn.java","64875","22418","87293"
"2014-03-23 04:12","ClientCnxn.java","39279","14760","54039"
"2015-11-09 00:05","ClientCnxn.java","67510","23561","91071"
"2015-12-06 19:58","ClientCnxn.java","67869","23615","91484"
"2020-01-21 17:53","ClientCnxn.java","265998","178210","444208"
"2015-12-05 22:43","ClientCnxn.java","67866","23615","91481"
"2015-12-05 22:32","ClientCnxn.java","67860","23614","91474"
"2019-10-10 14:37","ClientCnxn.java","260657","177112","437769"
"2014-04-01 04:03","ClientCnxn.java","40319","14957","55276"
"2013-09-18 15:14","ClientCnxn.java","31114","13946","45060"
"2013-09-18 04:08","ClientCnxn.java","31008","13944","44952"
"2019-11-21 05:58","ClientCnxn.java","261169","178210","439379"
"2020-04-16 12:50","ClientCnxn.java","271576","178210","449786"
"2018-07-27 05:16","ClientCnxn.java","106421","48922","155343"
"2019-10-10 14:37","FourLetterWordsTest.java","259674","219999","479673"
"2019-08-17 17:13","FourLetterWordsTest.java","255921","219999","475920"
"2019-05-08 21:54","FourLetterWordsTest.java","240405","219981","460386"
"2019-08-27 09:23","LeaderOffer.java","257497","172009","429506"
"2019-01-22 06:43","LeaderOffer.java","232905","171944","404849"
"2019-06-03 19:40","DigestAuthenticationProvider.java","243037","91004","334041"
"2019-08-17 17:13","DigestAuthenticationProvider.java","257706","91004","348710"
"2009-06-09 07:21","DigestAuthenticationProvider.java","49075","7954","57029"
"2010-01-25 04:28","DigestAuthenticationProvider.java","79118","11521","90639"
"2019-11-11 13:59","DigestAuthenticationProvider.java","265116","91004","356120"
"2010-08-18 08:24","DigestAuthenticationProvider.java","110256","13126","123382"
"2018-10-16 16:22","QuorumPeerConfig.java","235306","174651","409957"
"2018-12-09 03:16","QuorumPeerConfig.java","228927","194011","422938"
"2019-04-12 19:01","QuorumPeerConfig.java","238160","194095","432255"
"2018-09-11 15:23","QuorumPeerConfig.java","154727","111743","266470"
"2018-12-15 07:34","QuorumPeerConfig.java","228842","194011","422853"
"2019-02-13 13:12","QuorumPeerConfig.java","235236","194032","429268"
"2019-08-17 17:13","QuorumPeerConfig.java","256369","194111","450480"
"2015-03-17 18:06","QuorumPeerConfig.java","33636","11297","44933"
"2014-01-21 04:50","QuorumPeerConfig.java","5614","849","6463"
"2017-11-28 00:10","QuorumPeerConfig.java","58995","23752","82747"
"2019-06-05 00:29","QuorumPeerConfig.java","242036","194111","436147"
"2014-09-17 07:34","QuorumPeerConfig.java","29610","10724","40334"
"2020-01-09 11:27","QuorumPeerConfig.java","265818","195457","461275"
"2019-07-12 17:01","QuorumPeerConfig.java","251682","194111","445793"
"2016-11-13 20:59","QuorumPeerConfig.java","49661","17684","67345"
"2019-05-15 11:56","QuorumPeerConfig.java","241107","194095","435202"
"2014-08-19 22:50","QuorumPeerConfig.java","28524","10724","39248"
"2018-10-01 06:11","QuorumPeerConfig.java","158795","111977","270772"
"2017-07-28 00:36","QuorumPeerConfig.java","53942","23119","77061"
"2017-07-06 18:48","QuorumPeerConfig.java","53810","22105","75915"
"2020-01-23 13:43","QuorumPeerConfig.java","267642","195457","463099"
"2014-05-17 13:23","QuorumPeerConfig.java","18101","8441","26542"
"2014-07-04 04:19","QuorumPeerConfig.java","21040","8831","29871"
"2016-06-23 19:42","QuorumPeerConfig.java","44139","16594","60733"
"2015-09-06 20:02","QuorumPeerConfig.java","38845","12994","51839"
"2015-09-29 03:56","QuorumPeerConfig.java","39072","13040","52112"
"2019-10-10 14:37","QuorumPeerConfig.java","260122","194111","454233"
"2018-07-27 12:32","QuorumPeerConfig.java","83004","42847","125851"
"2019-04-18 19:17","QuorumPeerConfig.java","238870","194095","432965"
"2016-11-03 16:07","QuorumPeerConfig.java","47857","17549","65406"
"2014-03-25 22:13","QuorumPeerConfig.java","8457","1236","9693"
"2013-10-09 22:21","QuorumPeerConfig.java","3279","469","3748"
"2014-08-01 07:38","QuorumPeerConfig.java","27820","10555","38375"
"2014-08-14 08:08","QuorumPeerConfig.java","28323","10637","38960"
"2020-02-16 10:25","QuorumPeerConfig.java","268355","195457","463812"
"2020-05-14 18:18","QuorumPeerConfig.java","271588","195465","467053"
"2017-05-11 16:59","QuorumPeerConfig.java","52670","21832","74502"
"2016-08-13 15:01","ReadOnlyZooKeeperServer.java","42574","16761","59335"
"2015-03-08 23:07","ReadOnlyZooKeeperServer.java","29285","10804","40089"
"2014-07-18 02:19","ReadOnlyZooKeeperServer.java","23155","9599","32754"
"2019-11-29 14:49","ReadOnlyZooKeeperServer.java","264272","198267","462539"
"2015-03-17 18:06","ReadOnlyZooKeeperServer.java","30466","10937","41403"
"2019-08-17 17:13","ReadOnlyZooKeeperServer.java","256367","196919","453286"
"2019-10-10 14:37","FourLetterWordsTest.java","259720","218807","478527"
"2015-11-08 22:36","FourLetterWordsTest.java","1589","351","1940"
"2019-08-17 17:13","FourLetterWordsTest.java","255967","218807","474774"
"2019-05-08 21:54","FourLetterWordsTest.java","240451","218789","459240"
"2015-07-10 08:19","FourLetterWordsTest.java","429","174","603"
"2014-07-17 22:56","StaticHostProvider.java","3019","1043","4062"
"2019-08-17 17:13","StaticHostProvider.java","256154","205519","461673"
"2018-07-16 05:45","StaticHostProvider.java","64160","36163","100323"
"2017-08-03 20:32","StaticHostProvider.java","35377","16150","51527"
"2017-07-28 00:36","StaticHostProvider.java","35343","16143","51486"
"2019-08-17 17:13","X509AuthenticationProvider.java","44192","29523","73715"
"2019-10-10 14:37","MBeanRegistry.java","7470","3717","11187"
"2019-07-23 15:55","SSLAuthTest.java","95716","98105","193821"
"2019-08-17 17:13","SSLAuthTest.java","111485","109882","221367"
"2019-06-03 19:40","SSLAuthTest.java","82447","95513","177960"
"2018-12-15 07:34","SSLAuthTest.java","61890","87714","149604"
"2019-02-13 13:12","SSLAuthTest.java","75030","94481","169511"
"2018-12-20 07:24","SSLAuthTest.java","62832","87729","150561"
"2019-10-10 14:37","FileTxnLogTest.java","7470","3717","11187"
"2019-09-18 11:20","FileTxnLogTest.java","5204","2292","7496"
"2018-12-20 15:13","QuorumPeer.java","228701","224578","453279"
"2019-05-16 16:25","QuorumPeer.java","240030","224678","464708"
"2018-10-16 16:22","QuorumPeer.java","231628","202678","434306"
"2019-06-14 09:06","QuorumPeer.java","243247","224696","467943"
"2018-12-07 12:41","QuorumPeer.java","225714","224577","450291"
"2019-03-11 19:47","QuorumPeer.java","235152","224601","459753"
"2019-02-13 13:12","QuorumPeer.java","234099","224600","458699"
"2019-04-12 19:01","QuorumPeer.java","237038","224678","461716"
"2018-12-09 03:16","QuorumPeer.java","227788","224577","452365"
"2018-09-11 15:23","QuorumPeer.java","113920","102641","216561"
"2019-11-29 14:49","QuorumPeer.java","263432","226322","489754"
"2018-12-15 07:34","QuorumPeer.java","227703","224577","452280"
"2018-11-27 10:02","QuorumPeer.java","225464","224577","450041"
"2018-09-18 01:00","QuorumPeer.java","115309","102775","218084"
"2019-06-03 19:40","QuorumPeer.java","240580","224696","465276"
"2019-07-15 14:15","QuorumPeer.java","250669","224697","475366"
"2019-07-03 00:44","QuorumPeer.java","243262","224696","467958"
"2019-08-17 17:13","QuorumPeer.java","255250","224697","479947"
"2017-11-28 00:10","QuorumPeer.java","5931","2393","8324"
"2018-01-30 08:02","QuorumPeer.java","6577","2886","9463"
"2019-05-15 11:56","QuorumPeer.java","239985","224678","464663"
"2019-06-05 00:33","QuorumPeer.java","240970","224696","465666"
"2019-05-20 23:13","QuorumPeer.java","240104","224679","464783"
"2019-06-04 10:55","QuorumPeer.java","240733","224696","465429"
"2019-07-12 17:01","QuorumPeer.java","250563","224697","475260"
"2020-01-09 11:27","QuorumPeer.java","264980","226324","491304"
"2018-10-01 06:11","QuorumPeer.java","118572","103459","222031"
"2018-07-04 17:11","QuorumPeer.java","21149","13897","35046"
"2019-12-17 13:48","QuorumPeer.java","264004","226322","490326"
"2020-01-23 13:43","QuorumPeer.java","266804","226324","493128"
"2018-12-06 10:56","QuorumPeer.java","225658","224577","450235"
"2019-10-10 14:37","QuorumPeer.java","259003","224697","483700"
"2017-07-27 23:09","QuorumPeer.java","535","1521","2056"
"2018-06-26 11:18","QuorumPeer.java","10824","3590","14414"
"2018-07-27 12:32","QuorumPeer.java","32923","24471","57394"
"2019-04-18 19:17","QuorumPeer.java","237748","224678","462426"
"2020-02-16 10:25","QuorumPeer.java","267517","226324","493841"
"2019-10-10 14:37","Observer.java","259731","218430","478161"
"2019-12-27 22:33","Observer.java","266201","219975","486176"
"2017-11-28 00:10","Observer.java","24948","14415","39363"
"2019-07-15 14:15","Observer.java","251397","218430","469827"
"2019-08-23 19:43","Observer.java","256644","218430","475074"
"2019-08-17 17:13","Observer.java","255978","218430","474408"
"2019-05-03 00:44","Observer.java","239957","218412","458369"
"2019-06-05 00:33","Observer.java","241698","218429","460127"
"2019-07-02 07:34","Observer.java","243920","218429","462349"
"2018-12-09 03:16","Observer.java","228523","218317","446840"
"2019-08-17 17:13","ZKClientConfigTest.java","255887","220587","476474"
"2020-01-20 08:39","ZKClientConfigTest.java","265367","222167","487534"
"2016-12-30 23:01","ZKClientConfigTest.java","9168","2782","11950"
"2018-12-20 07:24","ZKClientConfigTest.java","229268","220468","449736"
"2019-08-17 17:13","ConnectionMXBean.java","257187","147158","404345"
"2019-08-17 17:13","ClientPortBindTest.java","112838","108278","221116"
"2019-10-10 14:37","ClientPortBindTest.java","118000","109687","227687"
"2014-02-12 17:00","LearnerHandler.java","36107","14551","50658"
"2014-03-23 04:12","LearnerHandler.java","36668","14725","51393"
"2019-10-10 14:37","LearnerHandler.java","260514","179545","440059"
"2015-06-05 20:38","LearnerHandler.java","62044","22410","84454"
"2015-06-05 20:51","LearnerHandler.java","62071","22410","84481"
"2015-06-12 23:02","LearnerHandler.java","62184","22425","84609"
"2013-09-26 14:05","LearnerHandler.java","28786","13921","42707"
"2019-07-03 20:54","LearnerHandler.java","244755","179545","424300"
"2011-09-17 02:36","LearnerHandler.java","811","3371","4182"
"2012-04-23 01:20","LearnerHandler.java","11300","10565","21865"
"2013-06-28 23:22","LearnerHandler.java","28290","13855","42145"
"2018-09-18 01:00","LearnerHandler.java","173669","114472","288141"
"2012-02-06 09:40","LearnerHandler.java","6107","7698","13805"
"2013-05-14 14:27","LearnerHandler.java","26231","13533","39764"
"2018-08-03 18:52","LearnerHandler.java","105885","50264","156149"
"2018-12-09 03:16","LearnerHandler.java","229360","179486","408846"
"2019-04-12 19:01","LearnerHandler.java","238569","179546","418115"
"2013-03-07 07:01","LearnerHandler.java","26075","13502","39577"
"2017-11-28 00:10","LearnerHandler.java","82015","31814","113829"
"2019-06-29 00:33","LearnerHandler.java","244748","179545","424293"
"2013-05-11 15:35","LearnerHandler.java","26131","13510","39641"
"2019-07-25 21:41","LearnerHandler.java","253244","179545","432789"
"2019-08-23 19:43","LearnerHandler.java","257427","179545","436972"
"2019-08-17 17:13","LearnerHandler.java","256761","179545","436306"
"2017-06-26 00:16","LearnerHandler.java","76814","30656","107470"
"2017-08-03 20:28","LearnerHandler.java","77116","31310","108426"
"2012-07-29 07:02","LearnerHandler.java","12798","10660","23458"
"2019-05-06 17:48","LearnerHandler.java","241075","179546","420621"
"2019-08-03 08:42","LearnerHandler.java","257469","179545","437014"
"2019-04-22 19:15","LearnerHandler.java","239544","179546","419090"
"2019-10-10 14:37","QuorumHierarchical.java","7470","3717","11187"
"2019-06-26 10:57","PrepRequestProcessorTest.java","161409","155540","316949"
"2019-09-05 23:12","PrepRequestProcessorTest.java","176131","157193","333324"
"2019-08-17 17:13","PrepRequestProcessorTest.java","174230","156211","330441"
"2019-09-11 10:27","PrepRequestProcessorTest.java","176572","157197","333769"
"2019-12-27 22:33","PrepRequestProcessorTest.java","186102","159405","345507"
"2019-10-10 14:37","SessionTrackerImpl.java","259842","215122","474964"
"2019-09-20 10:02","SessionTrackerImpl.java","259009","215122","474131"
"2020-03-26 22:16","SessionTrackerImpl.java","270329","216570","486899"
"2018-09-18 01:00","SessionTrackerImpl.java","135411","112463","247874"
"2019-09-05 23:12","SessionTrackerImpl.java","257008","215122","472130"
"2019-08-17 17:13","SessionTrackerImpl.java","256089","215122","471211"
"2018-08-08 06:21","SessionTrackerImpl.java","103220","83378","186598"
"2018-05-09 23:57","SessionTrackerImpl.java","32843","16187","49030"
"2019-04-22 19:15","SessionTrackerImpl.java","238854","215105","453959"
"2019-08-17 17:13","AckRequestProcessor.java","257501","129808","387309"
"2019-05-28 15:55","AckRequestProcessor.java","242828","129808","372636"
"2011-04-12 09:14","AckRequestProcessor.java","70417","21251","91668"
"2019-08-17 17:13","FileChangeWatcherTest.java","63127","35700","98827"
"2018-12-20 15:07","FileChangeWatcherTest.java","978","37","1015"
"2020-05-04 14:17","FileChangeWatcherTest.java","86329","45174","131503"
"2019-10-10 14:37","FileChangeWatcherTest.java","68872","37692","106564"
"2016-05-02 18:15","ClientCnxn.java","12214","6373","18587"
"2019-08-17 17:13","ClientCnxn.java","256104","214963","471067"
"2015-05-10 00:27","ClientCnxn.java","2903","559","3462"
"2017-12-19 19:27","ClientCnxn.java","30053","15883","45936"
"2019-01-31 15:50","ClientCnxn.java","233662","214854","448516"
"2019-04-09 15:35","ClientCnxn.java","236873","214875","451748"
"2019-11-08 17:30","ClientCnxn.java","261747","214992","476739"
"2017-06-08 17:59","ClientCnxn.java","23005","13125","36130"
"2019-01-16 14:21","ClientCnxn.java","231975","214854","446829"
"2019-01-07 14:24","ClientCnxn.java","230824","214853","445677"
"2019-03-06 03:32","ClientCnxn.java","235799","214873","450672"
"2019-02-07 11:26","ClientCnxn.java","234328","214855","449183"
"2018-11-05 19:40","ClientCnxn.java","233651","194024","427675"
"2020-05-17 15:13","ClientCnxn.java","271525","216439","487964"
"2018-06-25 12:30","ClientCnxn.java","34134","16438","50572"
"2020-03-03 03:12","ClientCnxn.java","269287","216411","485698"
"2018-09-10 11:44","ClientCnxn.java","133237","112356","245593"
"2015-06-13 02:42","ClientCnxn.java","5365","1559","6924"
"2015-11-09 00:05","ClientCnxn.java","8232","2934","11166"
"2015-12-06 19:58","ClientCnxn.java","8662","3059","11721"
"2020-01-21 17:53","ClientCnxn.java","265548","216411","481959"
"2015-12-05 22:43","ClientCnxn.java","8659","3059","11718"
"2015-12-05 22:32","ClientCnxn.java","8653","3058","11711"
"2019-10-10 14:37","ClientCnxn.java","259857","214963","474820"
"2019-11-21 05:58","ClientCnxn.java","260717","216409","477126"
"2020-04-16 12:50","ClientCnxn.java","271126","216411","487537"
"2018-07-27 05:16","ClientCnxn.java","54816","35968","90784"
"2015-03-17 18:06","NIOServerCnxnFactory.java","7608","1635","9243"
"2019-07-03 00:44","NIOServerCnxnFactory.java","244164","210259","454423"
"2019-08-17 17:13","NIOServerCnxnFactory.java","256151","210259","466410"
"2019-08-03 08:42","NIOServerCnxnFactory.java","256859","210259","467118"
"2019-04-22 19:15","NIOServerCnxnFactory.java","238917","210243","449160"
"2014-09-28 19:15","NIOServerCnxnFactory.java","3545","947","4492"
"2018-11-23 11:51","NIOServerCnxnFactory.java","224814","210149","434963"
"2019-02-13 13:12","NIOServerCnxnFactory.java","235008","210170","445178"
"2018-10-24 04:03","NIOServerCnxnFactory.java","234682","190492","425174"
"2019-04-12 19:01","NIOServerCnxnFactory.java","237942","210243","448185"
"2018-06-15 08:02","NIOServerCnxnFactory.java","39587","17251","56838"
"2016-06-23 23:45","NIOServerCnxnFactory.java","19316","7754","27070"
"2019-10-10 14:37","NIOServerCnxnFactory.java","259904","210259","470163"
"2019-11-14 03:54","NIOServerCnxnFactory.java","264188","210287","474475"
"2019-08-17 17:13","StaticHostProviderTest.java","254163","231525","485688"
"2019-08-17 17:13","ZooKeeperServerListenerImpl.java","255887","222252","478139"
"2019-10-10 14:37","ClientTest.java","259907","206611","466518"
"2019-12-28 16:17","ClientTest.java","266178","208050","474228"
"2014-07-25 01:31","ClientTest.java","5100","713","5813"
"2017-01-09 22:49","ClientTest.java","30851","10021","40872"
"2017-05-01 17:19","ClientTest.java","32039","13065","45104"
"2018-11-22 17:56","ClientTest.java","224741","206501","431242"
"2017-06-30 22:43","ClientTest.java","32781","14286","47067"
"2019-03-06 03:32","ClientTest.java","235849","206521","442370"
"2019-08-17 17:13","ClientTest.java","256154","206611","462765"
"2014-02-12 17:00","ZKDatabase.java","35441","11325","46766"
"2019-10-10 14:37","ZKDatabase.java","260495","176966","437461"
"2019-12-27 22:33","ZKDatabase.java","266649","178195","444844"
"2018-04-06 06:04","ZKDatabase.java","83049","29081","112130"
"2014-04-29 02:23","ZKDatabase.java","44519","17388","61907"
"2014-04-17 08:47","ZKDatabase.java","43807","17382","61189"
"2018-09-28 23:38","ZKDatabase.java","175965","111634","287599"
"2013-06-28 23:22","ZKDatabase.java","27608","10613","38221"
"2019-11-08 17:30","ZKDatabase.java","262384","176994","439378"
"2019-05-14 17:11","ZKDatabase.java","241410","176967","418377"
"2012-07-17 23:25","ZKDatabase.java","12068","7376","19444"
"2018-09-18 01:00","ZKDatabase.java","173235","111478","284713"
"2013-03-07 07:01","ZKDatabase.java","25366","10233","35599"
"2019-02-07 11:26","ZKDatabase.java","235015","176907","411922"
"2019-04-12 19:01","ZKDatabase.java","238550","176967","415517"
"2018-09-05 22:35","ZKDatabase.java","170915","111412","282327"
"2015-02-06 06:17","ZKDatabase.java","57369","18734","76103"
"2014-07-18 02:19","ZKDatabase.java","52180","18296","70476"
"2018-02-07 01:05","ZKDatabase.java","82664","29048","111712"
"2014-01-24 07:18","ZKDatabase.java","35119","11253","46372"
"2019-08-17 17:13","ZKDatabase.java","256742","176966","433708"
"2019-09-10 00:27","ZKDatabase.java","257682","176966","434648"
"2016-03-23 00:30","ZKDatabase.java","66932","23197","90129"
"2018-02-23 23:49","ZKDatabase.java","83036","29076","112112"
"2017-08-03 20:28","ZKDatabase.java","76583","28217","104800"
"2017-06-18 19:23","ZKDatabase.java","76086","27496","103582"
"2019-04-09 15:35","ZKDatabase.java","237550","176917","414467"
"2019-10-10 14:37","ZKDatabase.java","178973","159775","338748"
"2019-12-27 22:33","ZKDatabase.java","186101","161978","348079"
"2019-11-08 17:30","ZKDatabase.java","180888","159829","340717"
"2019-05-14 17:11","ZKDatabase.java","156958","156846","313804"
"2019-02-07 11:26","ZKDatabase.java","150318","156541","306859"
"2019-04-12 19:01","ZKDatabase.java","154074","156822","310896"
"2019-08-17 17:13","ZKDatabase.java","174218","158773","332991"
"2019-09-10 00:27","ZKDatabase.java","176140","159755","335895"
"2019-04-09 15:35","ZKDatabase.java","153042","156740","309782"
"2019-04-10 13:19","FileSnap.java","238853","105420","344273"
"2019-07-31 19:06","FileSnap.java","256891","105419","362310"
"2020-01-30 09:43","FileSnap.java","268615","105976","374591"
"2010-03-12 23:36","FileSnap.java","75188","12260","87448"
"2019-05-27 10:54","FileSnap.java","242905","105420","348325"
"2017-06-26 00:07","FileSnap.java","157514","27316","184830"
"2017-08-18 06:32","FileSnap.java","157579","27379","184958"
"2019-08-17 17:13","FileSnap.java","257584","105419","363003"
"2018-02-14 21:23","FileSnap.java","162807","27537","190344"
"2019-12-03 19:12","FileSnap.java","264756","105976","370732"
"2019-12-27 22:33","FileSnap.java","266819","105976","372795"
"2019-10-10 14:37","FileSnap.java","261337","105419","366756"
"2020-01-28 17:26","FileSnap.java","268539","105976","374515"
"2011-04-12 09:14","FileSnap.java","91292","17654","108946"
"2017-01-23 02:13","FileSnap.java","159258","26339","185597"
"2010-03-04 00:07","FileTxnLog.java","102795","13619","116414"
"2011-06-21 07:34","FileTxnLog.java","124164","15413","139577"
"2014-02-12 17:00","FileTxnLog.java","151398","18372","169770"
"2013-12-11 01:10","FileTxnLog.java","148490","18349","166839"
"2018-01-19 00:43","FileTxnLog.java","182726","20899","203625"
"2009-08-25 07:45","FileTxnLog.java","83244","11523","94767"
"2019-12-27 22:33","FileTxnLog.java","266841","72935","339776"
"2019-10-10 14:37","FileTxnLog.java","261463","72482","333945"
"2018-11-12 22:36","FileTxnLog.java","225774","72454","298228"
"2018-08-01 21:19","FileTxnLog.java","190725","23943","214668"
"2018-04-27 20:28","FileTxnLog.java","184652","20975","205627"
"2018-06-08 16:52","FileTxnLog.java","186091","20967","207058"
"2010-12-23 13:42","FileTxnLog.java","162364","15050","177414"
"2011-09-03 01:07","FileTxnLog.java","125159","14274","139433"
"2011-04-12 09:14","FileTxnLog.java","122033","15332","137365"
"2011-11-15 19:30","FileTxnLog.java","125438","17067","142505"
"2014-06-30 19:11","FileTxnLog.java","157812","19727","177539"
"2020-01-28 17:26","FileTxnLog.java","268561","72935","341496"
"2008-10-21 20:45","FileTxnLog.java","15335","3722","19057"
"2019-05-14 17:11","FileTxnLog.java","242377","72482","314859"
"2019-01-07 14:24","FileTxnLog.java","232512","72454","304966"
"2013-06-28 23:22","FileTxnLog.java","144228","18323","162551"
"2008-10-21 06:36","FileTxnLog.java","15306","3710","19016"
"2010-03-16 22:23","FileTxnLog.java","109672","13705","123377"
"2019-04-12 19:01","FileTxnLog.java","239517","72482","311999"
"2017-04-28 07:14","FileTxnLog.java","178673","20577","199250"
"2012-02-06 09:40","FileTxnLog.java","127029","17150","144179"
"2018-09-06 01:11","FileTxnLog.java","217466","49053","266519"
"2018-09-18 01:00","FileTxnLog.java","219760","49093","268853"
"2016-03-20 19:31","FileTxnLog.java","173215","20061","193276"
"2019-08-17 17:13","FileTxnLog.java","257710","72482","330192"
"2009-06-18 18:37","FileTxnLog.java","72814","11093","83907"
"2019-06-03 19:40","FileTxnLog.java","243041","72482","315523"
"2018-04-24 00:20","FileTxnLog.java","184529","20939","205468"
"2018-02-14 21:23","FileTxnLog.java","183638","20932","204570"
"2009-02-20 01:23","FileTxnLog.java","41172","9922","51094"
"2019-08-03 08:42","FileTxnLog.java","258418","72482","330900"
"2019-04-09 15:35","FileTxnLog.java","238545","72460","311005"
"2017-08-03 20:41","FileTxnLog.java","178137","20857","198994"
"2018-02-02 00:26","FileTxnLog.java","182735","20901","203636"
"2017-06-26 00:07","FileTxnLog.java","178449","20815","199264"
"2008-12-10 22:55","FileTxnLog.java","23002","5001","28003"
"2020-05-05 21:20","ServerMetrics.java","3289","3194","6483"
"2015-12-06 21:37","ZooKeeperServerBean.java","183855","18796","202651"
"2015-12-07 06:26","ZooKeeperServerBean.java","184181","18796","202977"
"2020-03-25 03:38","ZooKeeperServerBean.java","270948","57850","328798"
"2010-03-12 19:26","ZooKeeperServerBean.java","122799","11783","134582"
"2019-11-14 03:54","ZooKeeperServerBean.java","265859","57537","323396"
"2019-09-16 23:26","ZooKeeperServerBean.java","260869","57537","318406"
"2018-06-08 16:52","ZooKeeperServerBean.java","196273","19271","215544"
"2020-04-30 18:53","ZooKeeperServerBean.java","271848","57850","329698"
"2019-01-23 14:00","ZooKeeperServerBean.java","234562","57522","292084"
"2019-07-08 23:26","ZooKeeperServerBean.java","246626","57537","304163"
"2009-01-15 23:57","ZooKeeperServerBean.java","40656","7947","48603"
"2015-07-10 08:19","ZooKeeperServerBean.java","182444","18785","201229"
"2017-04-28 07:14","ZooKeeperServerBean.java","189074","19100","208174"
"2019-01-14 19:38","ZooKeeperServerBean.java","233127","57522","290649"
"2012-02-11 00:34","ZooKeeperServerBean.java","138094","16151","154245"
"2019-01-07 14:39","ZooKeeperServerBean.java","232674","57522","290196"
"2015-03-17 18:06","ZooKeeperServerBean.java","179397","18752","198149"
"2019-08-17 17:13","ZooKeeperServerBean.java","257850","57537","315387"
"2018-02-07 01:05","ZooKeeperServerBean.java","193648","19244","212892"
"2018-07-12 01:33","ZooKeeperServerBean.java","197443","19972","217415"
"2019-05-22 11:39","ZooKeeperServerBean.java","243050","57537","300587"
"2019-07-30 02:31","ZooKeeperServerBean.java","255771","57537","313308"
"2019-08-17 17:13","ObserverBean.java","63823","36481","100304"
"2019-11-29 14:49","ObserverBean.java","77796","43897","121693"
"2013-01-25 07:46","NIOServerCnxnFactory.java","23662","13104","36766"
"2015-03-17 18:06","NIOServerCnxnFactory.java","61957","22084","84041"
"2019-07-03 00:44","NIOServerCnxnFactory.java","244917","177112","422029"
"2019-08-17 17:13","NIOServerCnxnFactory.java","256904","177112","434016"
"2012-12-19 19:07","NIOServerCnxnFactory.java","22233","12521","34754"
"2019-08-03 08:42","NIOServerCnxnFactory.java","257612","177112","434724"
"2019-04-22 19:15","NIOServerCnxnFactory.java","239687","177113","416800"
"2014-09-28 19:15","NIOServerCnxnFactory.java","58250","21752","80002"
"2018-11-23 11:51","NIOServerCnxnFactory.java","225609","177044","402653"
"2012-08-28 21:51","NIOServerCnxnFactory.java","16052","10895","26947"
"2019-02-13 13:12","NIOServerCnxnFactory.java","235797","177059","412856"
"2014-07-18 02:19","NIOServerCnxnFactory.java","55427","21527","76954"
"2013-03-07 07:01","NIOServerCnxnFactory.java","28731","13582","42313"
"2018-10-24 04:03","NIOServerCnxnFactory.java","236370","158280","394650"
"2019-04-12 19:01","NIOServerCnxnFactory.java","238712","177113","415825"
"2018-06-15 08:02","NIOServerCnxnFactory.java","87272","31036","118308"
"2016-06-23 23:45","NIOServerCnxnFactory.java","70758","25296","96054"
"2014-03-23 04:12","NIOServerCnxnFactory.java","39279","14760","54039"
"2011-12-28 07:07","NIOServerCnxnFactory.java","7882","7635","15517"
"2019-10-10 14:37","NIOServerCnxnFactory.java","260657","177112","437769"
"2019-11-14 03:54","NIOServerCnxnFactory.java","264913","177112","442025"
"2019-08-17 17:13","ByteBufferInputStream.java","256155","203003","459158"
"2019-08-17 17:13","KeeperException.java","255234","223799","479033"
"2019-07-24 18:00","KeeperException.java","251689","223799","475488"
"2020-03-25 03:38","KeeperException.java","269662","225442","495104"
"2018-07-27 05:16","KeeperException.java","32036","22894","54930"
"2019-08-17 17:13","Leader.java","255186","224314","479500"
"2019-06-29 00:33","Leader.java","243172","224313","467485"
"2019-06-03 19:40","Leader.java","240516","224313","464829"
"2019-07-15 14:15","Leader.java","250605","224314","474919"
"2019-07-25 21:41","Leader.java","251669","224314","475983"
"2018-05-10 06:00","Leader.java","8531","1685","10216"
"2018-07-12 01:33","Leader.java","20156","12377","32533"
"2018-02-07 01:05","Leader.java","5841","1129","6970"
"2017-11-28 00:10","Leader.java","4448","591","5039"
"2019-06-05 00:33","Leader.java","240906","224313","465219"
"2019-08-03 08:42","Leader.java","255894","224314","480208"
"2019-06-05 23:57","Leader.java","241175","224313","465488"
"2019-01-07 14:55","Leader.java","229937","224174","454111"
"2019-04-12 19:01","Leader.java","236957","224278","461235"
"2018-12-09 03:16","Leader.java","227703","224173","451876"
"2018-08-17 14:40","Leader.java","80746","70671","151417"
"2019-11-29 14:49","Leader.java","263406","225977","489383"
"2018-11-27 10:02","Leader.java","225379","224173","449552"
"2018-08-29 06:26","Leader.java","106102","95819","201921"
"2018-08-03 18:52","Leader.java","32265","22988","55253"
"2018-09-18 01:00","Leader.java","114525","101672","216197"
"2020-03-25 03:38","Leader.java","269636","225979","495615"
"2019-12-27 22:33","Leader.java","265528","225978","491506"
"2019-10-10 14:37","Leader.java","258940","224315","483255"
"2014-02-12 17:00","LearnerHandler.java","37326","14561","51887"
"2014-03-23 04:12","LearnerHandler.java","37887","14735","52622"
"2019-10-10 14:37","LearnerHandler.java","260529","178351","438880"
"2015-06-05 20:38","LearnerHandler.java","63221","22378","85599"
"2015-06-05 20:51","LearnerHandler.java","63248","22378","85626"
"2015-06-12 23:02","LearnerHandler.java","63361","22393","85754"
"2013-09-26 14:05","LearnerHandler.java","30009","13935","43944"
"2019-07-03 20:54","LearnerHandler.java","244770","178351","423121"
"2011-09-14 08:56","LearnerHandler.java","1431","222","1653"
"2011-09-17 02:36","LearnerHandler.java","2175","3526","5701"
"2012-04-23 01:20","LearnerHandler.java","12582","10638","23220"
"2013-06-28 23:22","LearnerHandler.java","29514","13870","43384"
"2018-09-18 01:00","LearnerHandler.java","174664","114258","288922"
"2012-02-06 09:40","LearnerHandler.java","7394","7776","15170"
"2013-05-14 14:27","LearnerHandler.java","27484","13577","41061"
"2018-08-03 18:52","LearnerHandler.java","106934","50104","157038"
"2018-12-09 03:16","LearnerHandler.java","229375","178292","407667"
"2019-04-12 19:01","LearnerHandler.java","238584","178352","416936"
"2013-03-07 07:01","LearnerHandler.java","27328","13546","40874"
"2017-11-28 00:10","LearnerHandler.java","83131","31721","114852"
"2019-06-29 00:33","LearnerHandler.java","244763","178351","423114"
"2013-05-11 15:35","LearnerHandler.java","27384","13554","40938"
"2019-07-25 21:41","LearnerHandler.java","253259","178351","431610"
"2019-08-23 19:43","LearnerHandler.java","257442","178351","435793"
"2019-08-17 17:13","LearnerHandler.java","256776","178351","435127"
"2017-06-26 00:16","LearnerHandler.java","77934","30567","108501"
"2017-08-03 20:28","LearnerHandler.java","78236","31221","109457"
"2012-07-29 07:02","LearnerHandler.java","14073","10726","24799"
"2019-05-06 17:48","LearnerHandler.java","241090","178352","419442"
"2019-08-03 08:42","LearnerHandler.java","257484","178351","435835"
"2019-04-22 19:15","LearnerHandler.java","239559","178352","417911"
"2018-06-26 11:18","QuorumPeerTest.java","26315","14234","40549"
"2016-03-17 07:13","QuorumPeerTest.java","1358","1568","2926"
"2019-07-12 17:01","QuorumPeerTest.java","251229","220516","471745"
"2019-08-17 17:13","QuorumPeerTest.java","255916","220516","476432"
"2019-06-03 19:40","JettyAdminServer.java","241482","210259","451741"
"2019-08-17 17:13","JettyAdminServer.java","256151","210259","466410"
"2019-07-29 17:09","JettyAdminServer.java","253165","210259","463424"
"2016-08-25 02:23","JettyAdminServer.java","20612","8535","29147"
"2020-05-05 09:18","JettyAdminServer.java","271354","211700","483054"
"2015-11-22 00:33","JettyAdminServer.java","14442","4109","18551"
"2019-10-10 14:37","JettyAdminServer.java","259904","210259","470163"
"2015-06-30 20:50","JettyAdminServer.java","12327","3638","15965"
"2020-03-20 11:00","FileChangeWatcher.java","18350","10095","28445"
"2011-04-29 18:12","QuorumCnxManager.java","92850","17949","110799"
"2011-12-28 01:26","QuorumCnxManager.java","103433","20852","124285"
"2019-11-29 14:49","QuorumCnxManager.java","264698","105048","369746"
"2013-03-07 07:01","QuorumCnxManager.java","119726","22191","141917"
"2018-07-11 06:04","QuorumCnxManager.java","173203","34287","207490"
"2018-08-06 14:11","QuorumCnxManager.java","175018","34329","209347"
"2010-11-17 15:59","QuorumCnxManager.java","129217","14673","143890"
"2012-06-29 22:08","QuorumCnxManager.java","107024","21284","128308"
"2018-10-16 16:22","QuorumCnxManager.java","241879","81304","323183"
"2019-06-14 09:06","QuorumCnxManager.java","245594","104503","350097"
"2019-08-03 08:42","QuorumCnxManager.java","258304","104503","362807"
"2019-11-13 20:41","QuorumCnxManager.java","265315","104503","369818"
"2019-04-09 16:08","QuorumCnxManager.java","238423","104474","342897"
"2019-08-06 12:52","QuorumCnxManager.java","258569","104503","363072"
"2017-02-09 11:40","QuorumCnxManager.java","160469","26530","186999"
"2019-05-20 23:13","QuorumCnxManager.java","242469","104504","346973"
"2015-04-09 20:16","QuorumCnxManager.java","147645","24323","171968"
"2017-08-23 02:16","QuorumCnxManager.java","158641","27398","186039"
"2019-07-27 20:04","QuorumCnxManager.java","254127","104503","358630"
"2009-06-30 22:47","QuorumCnxManager.java","42823","5363","48186"
"2015-05-29 23:46","QuorumCnxManager.java","148163","24325","172488"
"2015-05-14 07:10","QuorumCnxManager.java","147874","24332","172206"
"2020-03-12 14:47","QuorumCnxManager.java","270084","105048","375132"
"2019-08-17 17:13","QuorumCnxManager.java","257596","104503","362099"
"2009-05-20 22:16","QuorumCnxManager.java","27845","2445","30290"
"2017-11-28 00:10","QuorumCnxManager.java","162634","27471","190105"
"2009-11-18 20:06","QuorumCnxManager.java","58158","8063","66221"
"2009-10-27 22:14","QuorumCnxManager.java","47315","6339","53654"
"2009-12-15 23:23","QuorumCnxManager.java","58963","8290","67253"
"2009-08-11 00:24","QuorumCnxManager.java","44360","5691","50051"
"2009-08-03 23:27","QuorumCnxManager.java","43563","5640","49203"
"2019-10-10 14:37","QuorumCnxManager.java","261349","104503","365852"
"2014-07-23 19:36","QuorumCnxManager.java","141032","24143","165175"
"2017-06-09 18:37","QuorumCnxManager.java","158268","27321","185589"
"2020-01-23 13:43","QuorumCnxManager.java","268068","105048","373116"
"2014-03-23 04:12","QuorumCnxManager.java","129449","22544","151993"
"2010-01-19 21:06","QuorumCnxManager.java","62530","8841","71371"
"2010-01-21 04:08","QuorumCnxManager.java","62543","8848","71391"
"2014-07-08 05:25","QuorumCnxManager.java","136684","24065","160749"
"2019-11-28 12:24","QuorumCnxManager.java","263047","105048","368095"
"2014-06-25 15:04","QuorumCnxManager.java","134913","23930","158843"
"2011-08-15 02:44","QuorumCnxManager.java","96538","16350","112888"
"2016-06-08 17:43","QuorumCnxManager.java","153335","25965","179300"
"2020-03-23 16:20","QuorumCnxManager.java","270255","105048","375303"
"2020-02-16 10:25","QuorumCnxManager.java","268781","105048","373829"
"2014-07-22 06:45","QuorumCnxManager.java","140957","24143","165100"
"2011-04-12 09:14","QuorumCnxManager.java","92490","17924","110414"
"2010-10-06 19:01","QuorumCnxManager.java","126097","14160","140257"
"2018-07-27 12:32","QuorumCnxManager.java","174384","34307","208691"
"2010-10-20 00:32","QuorumCnxManager.java","127627","14197","141824"
"2011-03-16 19:49","QuorumCnxManager.java","130863","14824","145687"
"2020-01-23 13:43","QuorumPeerMainTest.java","3001","1659","4660"
"2018-06-08 16:52","ZooKeeperServerMXBean.java","120505","42233","162738"
"2019-09-16 23:26","ZooKeeperServerMXBean.java","260034","167718","427752"
"2019-11-14 03:54","ZooKeeperServerMXBean.java","265024","167718","432742"
"2015-12-07 06:26","ZooKeeperServerMXBean.java","103944","37289","141233"
"2020-03-25 03:38","ZooKeeperServerMXBean.java","270847","168765","439612"
"2019-05-22 11:39","ZooKeeperServerMXBean.java","242216","167719","409935"
"2019-07-30 02:31","ZooKeeperServerMXBean.java","254936","167718","422654"
"2018-02-07 01:05","ZooKeeperServerMXBean.java","117785","42111","159896"
"2018-07-12 01:33","ZooKeeperServerMXBean.java","128547","49806","178353"
"2019-08-17 17:13","ZooKeeperServerMXBean.java","257015","167718","424733"
"2012-02-11 00:34","ZooKeeperServerMXBean.java","48532","25319","73851"
"2017-04-28 07:14","ZooKeeperServerMXBean.java","112210","40966","153176"
"2019-01-14 19:38","ZooKeeperServerMXBean.java","232249","167660","399909"
"2015-07-10 08:19","ZooKeeperServerMXBean.java","102091","37162","139253"
"2019-07-08 23:26","ZooKeeperServerMXBean.java","245791","167718","413509"
"2019-01-23 14:00","ZooKeeperServerMXBean.java","233685","167661","401346"
"2018-09-11 15:23","ServerConfig.java","199346","83637","282983"
"2019-04-12 19:01","ServerConfig.java","239307","131664","370971"
"2019-02-13 13:12","ServerConfig.java","236411","131629","368040"
"2017-07-28 00:36","ServerConfig.java","136659","33111","169770"
"2009-06-09 07:04","ServerConfig.java","437","353","790"
"2019-05-15 11:56","ServerConfig.java","242254","131664","373918"
"2019-08-17 17:13","ServerConfig.java","257500","131664","389164"
"2015-03-17 18:06","ServerConfig.java","124741","29677","154418"
"2011-09-17 02:42","ServerConfig.java","79273","23913","103186"
"2010-03-12 19:26","ServerConfig.java","50717","14178","64895"
"2010-03-09 05:44","ServerConfig.java","49893","14084","63977"
"2016-12-22 04:10","ServerConfig.java","137913","31969","169882"
"2019-04-18 19:17","ServerConfig.java","240017","131664","371681"
"2019-08-17 17:13","StaticHostProviderTest.java","256074","217277","473351"
"2018-07-16 05:45","StaticHostProviderTest.java","51897","35738","87635"
"2019-08-17 17:13","CommandBase.java","44957","29711","74668"
"2013-09-18 01:14","ReadOnlyRequestProcessor.java","26353","7973","34326"
"2014-03-23 04:12","ReadOnlyRequestProcessor.java","34671","8829","43500"
"2015-03-08 23:07","ReadOnlyRequestProcessor.java","56290","16142","72432"
"2012-03-15 17:47","ReadOnlyRequestProcessor.java","5300","1772","7072"
"2013-03-07 07:01","ReadOnlyRequestProcessor.java","24022","7550","31572"
"2016-10-07 21:51","ReadOnlyRequestProcessor.java","69892","21311","91203"
"2019-08-17 17:13","ReadOnlyRequestProcessor.java","256659","175544","432203"
"2015-06-04 19:51","ReadOnlyRequestProcessor.java","60052","16522","76574"
"2019-08-17 17:13","CloseCommand.java","256502","178872","435374"
"2016-07-27 01:33","CloseCommand.java","61514","17918","79432"
"2019-12-28 16:17","GetEphemeralsTest.java","18815","10230","29045"
"2014-06-25 19:06","AsyncOps.java","85602","34669","120271"
"2012-12-19 19:16","AsyncOps.java","59893","27491","87384"
"2014-03-23 22:03","AsyncOps.java","75074","28740","103814"
"2019-06-03 19:40","AsyncOps.java","242346","167976","410322"
"2019-08-17 17:13","AsyncOps.java","257015","167976","424991"
"2011-04-29 18:12","QuorumCnxManager.java","46517","21711","68228"
"2011-12-28 01:26","QuorumCnxManager.java","60605","25569","86174"
"2019-11-29 14:49","QuorumCnxManager.java","264683","155128","419811"
"2013-03-07 07:01","QuorumCnxManager.java","79033","29043","108076"
"2018-07-11 06:04","QuorumCnxManager.java","135198","43827","179025"
"2018-08-06 14:11","QuorumCnxManager.java","146132","52988","199120"
"2010-11-17 15:59","QuorumCnxManager.java","81632","17183","98815"
"2012-06-29 22:08","QuorumCnxManager.java","65667","27472","93139"
"2018-10-16 16:22","QuorumCnxManager.java","238538","125508","364046"
"2019-06-14 09:06","QuorumCnxManager.java","245185","154189","399374"
"2019-08-03 08:42","QuorumCnxManager.java","257895","154189","412084"
"2019-11-13 20:41","QuorumCnxManager.java","264906","154189","419095"
"2019-04-09 16:08","QuorumCnxManager.java","238006","154152","392158"
"2019-08-06 12:52","QuorumCnxManager.java","258160","154189","412349"
"2017-02-09 11:40","QuorumCnxManager.java","121054","34660","155714"
"2019-05-20 23:13","QuorumCnxManager.java","242059","154189","396248"
"2015-04-09 20:16","QuorumCnxManager.java","107733","31956","139689"
"2017-08-23 02:16","QuorumCnxManager.java","119804","36106","155910"
"2019-07-27 20:04","QuorumCnxManager.java","253718","154189","407907"
"2015-05-29 23:46","QuorumCnxManager.java","108360","32067","140427"
"2015-05-14 07:10","QuorumCnxManager.java","108031","32034","140065"
"2020-03-12 14:47","QuorumCnxManager.java","270069","155128","425197"
"2019-08-17 17:13","QuorumCnxManager.java","257187","154189","411376"
"2017-11-28 00:10","QuorumCnxManager.java","123903","36285","160188"
"2009-12-15 23:23","QuorumCnxManager.java","1552","974","2526"
"2019-10-10 14:37","QuorumCnxManager.java","260940","154189","415129"
"2014-07-23 19:36","QuorumCnxManager.java","101057","31713","132770"
"2017-06-09 18:37","QuorumCnxManager.java","119383","35981","155364"
"2020-01-23 13:43","QuorumCnxManager.java","268053","155128","423181"
"2014-03-23 04:12","QuorumCnxManager.java","89174","29814","118988"
"2010-01-19 21:06","QuorumCnxManager.java","5481","1887","7368"
"2010-01-21 04:08","QuorumCnxManager.java","5511","1911","7422"
"2014-07-08 05:25","QuorumCnxManager.java","96664","31590","128254"
"2019-11-28 12:24","QuorumCnxManager.java","263032","155128","418160"
"2014-06-25 15:04","QuorumCnxManager.java","94673","31235","125908"
"2011-08-15 02:44","QuorumCnxManager.java","53225","20582","73807"
"2016-06-08 17:43","QuorumCnxManager.java","113733","33908","147641"
"2020-03-23 16:20","QuorumCnxManager.java","270240","155128","425368"
"2020-02-16 10:25","QuorumCnxManager.java","268766","155128","423894"
"2014-07-22 06:45","QuorumCnxManager.java","100981","31712","132693"
"2011-04-12 09:14","QuorumCnxManager.java","46141","21670","67811"
"2010-10-06 19:01","QuorumCnxManager.java","78333","16491","94824"
"2018-07-27 12:32","QuorumCnxManager.java","145488","52956","198444"
"2010-10-20 00:32","QuorumCnxManager.java","79865","16530","96395"
"2011-03-16 19:49","QuorumCnxManager.java","83404","17460","100864"
"2019-06-03 19:40","ReconfigBackupTest.java","240622","225010","465632"
"2019-08-17 17:13","ReconfigBackupTest.java","255292","225011","480303"
"2019-08-17 17:13","ChrootTest.java","257500","140865","398365"
"2011-09-17 02:13","ChrootTest.java","72218","24540","96758"
"2010-03-31 06:26","ChrootTest.java","42660","15064","57724"
"2011-04-12 09:14","ChrootTest.java","61368","23260","84628"
"2010-03-04 02:28","ChrootTest.java","34351","13753","48104"
"2019-08-17 17:13","ObserverMasterTest.java","63823","36481","100304"
"2019-05-03 17:37","ObserverMasterTest.java","20205","8741","28946"
"2020-05-05 21:20","ObserverMasterTest.java","89888","48730","138618"
"2019-10-10 14:37","ObserverMasterTest.java","69561","38466","108027"
"2019-09-18 11:20","ObserverMasterTest.java","68159","37905","106064"
"2019-12-28 16:17","ObserverMasterTest.java","80043","44116","124159"
"2019-11-28 12:24","ZooKeeperServerMain.java","139","41","180"
"2019-08-17 17:13","ClientCnxn.java","51869","30201","82070"
"2019-04-09 15:35","ClientCnxn.java","3235","710","3945"
"2019-11-08 17:30","ClientCnxn.java","59706","32424","92130"
"2019-03-06 03:32","ClientCnxn.java","1878","425","2303"
"2020-05-17 15:13","ClientCnxn.java","78838","43225","122063"
"2020-03-03 03:12","ClientCnxn.java","72710","39307","112017"
"2020-01-21 17:53","ClientCnxn.java","68634","38970","107604"
"2019-10-10 14:37","ClientCnxn.java","57691","32270","89961"
"2019-11-21 05:58","ClientCnxn.java","62168","37333","99501"
"2020-04-16 12:50","ClientCnxn.java","75230","39988","115218"
"2020-01-25 18:48","LearnerMetricsTest.java","14577","8213","22790"
"2019-06-03 19:40","ReconfigBackupTest.java","241459","212748","454207"
"2019-08-17 17:13","ReconfigBackupTest.java","256128","212748","468876"
"2016-11-13 20:59","ReconfigBackupTest.java","21498","8399","29897"
"2016-08-24 01:36","ReconfigBackupTest.java","17426","7913","25339"
"2019-12-03 19:12","SnapStreamTest.java","16397","9782","26179"
"2019-08-17 17:13","EphemeralTypeEmulate353.java","254922","230611","485533"
"2019-06-03 19:40","EphemeralTypeEmulate353.java","240252","230610","470862"
"2018-05-10 06:13","EphemeralTypeEmulate353.java","500","223","723"
"2019-12-28 16:17","SetQuotaCommand.java","18815","10230","29045"
"2019-08-17 17:13","EphemeralType.java","44192","29523","73715"
"2018-12-20 15:13","QuorumPeer.java","139215","150205","289420"
"2019-05-16 16:25","QuorumPeer.java","157090","156851","313941"
"2018-10-16 16:22","QuorumPeer.java","130968","117131","248099"
"2019-06-14 09:06","QuorumPeer.java","160312","156874","317186"
"2018-12-07 12:41","QuorumPeer.java","136224","150200","286424"
"2019-03-11 19:47","QuorumPeer.java","152075","156637","308712"
"2019-02-13 13:12","QuorumPeer.java","151018","156632","307650"
"2019-04-12 19:01","QuorumPeer.java","154074","156827","310901"
"2018-12-09 03:16","QuorumPeer.java","138298","150200","288498"
"2019-11-29 14:49","QuorumPeer.java","183967","161970","345937"
"2018-12-15 07:34","QuorumPeer.java","138214","150201","288415"
"2018-11-27 10:02","QuorumPeer.java","135974","150200","286174"
"2019-06-03 19:40","QuorumPeer.java","157645","156874","314519"
"2019-07-15 14:15","QuorumPeer.java","168967","158108","327075"
"2019-07-03 00:44","QuorumPeer.java","161560","158107","319667"
"2019-08-17 17:13","QuorumPeer.java","174218","158778","332996"
"2019-05-15 11:56","QuorumPeer.java","157045","156851","313896"
"2019-06-05 00:33","QuorumPeer.java","158035","156874","314909"
"2019-05-20 23:13","QuorumPeer.java","157166","156854","314020"
"2019-06-04 10:55","QuorumPeer.java","157798","156874","314672"
"2019-07-12 17:01","QuorumPeer.java","168861","158108","326969"
"2020-01-09 11:27","QuorumPeer.java","185529","161986","347515"
"2019-12-17 13:48","QuorumPeer.java","184547","161978","346525"
"2020-01-23 13:43","QuorumPeer.java","187418","162051","349469"
"2018-12-06 10:56","QuorumPeer.java","136168","150200","286368"
"2019-10-10 14:37","QuorumPeer.java","178973","159780","338753"
"2019-04-18 19:17","QuorumPeer.java","154784","156827","311611"
"2020-02-16 10:25","QuorumPeer.java","188203","162123","350326"
"2015-06-04 19:51","CreateMode.java","31796","11542","43338"
"2019-08-17 17:13","CreateMode.java","256360","198521","454881"
"2016-10-07 21:51","CreateMode.java","42631","17326","59957"
"2017-07-28 00:36","CreateMode.java","49486","23082","72568"
"2018-10-16 16:22","QuorumPeerConfig.java","241978","80619","322597"
"2012-04-23 01:20","QuorumPeerConfig.java","107605","21124","128729"
"2009-05-22 21:02","QuorumPeerConfig.java","29238","2927","32165"
"2018-12-09 03:16","QuorumPeerConfig.java","230314","103779","334093"
"2019-04-12 19:01","QuorumPeerConfig.java","239491","103807","343298"
"2018-09-11 15:23","QuorumPeerConfig.java","204530","60842","265372"
"2013-03-07 07:01","QuorumPeerConfig.java","120362","22043","142405"
"2018-12-15 07:34","QuorumPeerConfig.java","230229","103779","334008"
"2019-02-13 13:12","QuorumPeerConfig.java","236609","103786","340395"
"2009-06-05 06:44","QuorumPeerConfig.java","31300","3259","34559"
"2019-08-17 17:13","QuorumPeerConfig.java","257683","103806","361489"
"2015-03-17 18:06","QuorumPeerConfig.java","147212","24169","171381"
"2014-01-21 04:50","QuorumPeerConfig.java","127744","22275","150019"
"2009-11-18 20:06","QuorumPeerConfig.java","59337","8458","67795"
"2012-12-16 07:43","QuorumPeerConfig.java","113447","21522","134969"
"2017-11-28 00:10","QuorumPeerConfig.java","163195","27248","190443"
"2019-06-05 00:29","QuorumPeerConfig.java","243350","103806","347156"
"2014-09-17 07:34","QuorumPeerConfig.java","143647","24057","167704"
"2009-04-07 00:19","QuorumPeerConfig.java","1866","758","2624"
"2020-01-09 11:27","QuorumPeerConfig.java","266244","104264","370508"
"2019-07-12 17:01","QuorumPeerConfig.java","252996","103806","356802"
"2016-11-13 20:59","QuorumPeerConfig.java","158786","26105","184891"
"2019-05-15 11:56","QuorumPeerConfig.java","242438","103807","346245"
"2014-08-19 22:50","QuorumPeerConfig.java","142561","24057","166618"
"2018-10-01 06:11","QuorumPeerConfig.java","208499","60977","269476"
"2017-07-28 00:36","QuorumPeerConfig.java","158663","27136","185799"
"2013-09-30 22:20","QuorumPeerConfig.java","122874","22170","145044"
"2017-07-06 18:48","QuorumPeerConfig.java","159527","27118","186645"
"2013-09-26 00:13","QuorumPeerConfig.java","122627","22167","144794"
"2010-03-09 05:44","QuorumPeerConfig.java","76407","12557","88964"
"2020-01-23 13:43","QuorumPeerConfig.java","268068","104264","372332"
"2011-04-06 18:17","QuorumPeerConfig.java","92605","17419","110024"
"2010-03-12 19:26","QuorumPeerConfig.java","77226","12646","89872"
"2014-05-17 13:23","QuorumPeerConfig.java","134020","23656","157676"
"2014-07-04 04:19","QuorumPeerConfig.java","136699","23786","160485"
"2011-09-17 02:42","QuorumPeerConfig.java","102218","18879","121097"
"2016-06-23 19:42","QuorumPeerConfig.java","154033","25784","179817"
"2015-09-06 20:02","QuorumPeerConfig.java","150806","24251","175057"
"2015-09-29 03:56","QuorumPeerConfig.java","151016","24280","175296"
"2019-10-10 14:37","QuorumPeerConfig.java","261436","103806","365242"
"2009-08-11 00:24","QuorumPeerConfig.java","45546","6093","51639"
"2018-07-27 12:32","QuorumPeerConfig.java","174943","34082","209025"
"2019-04-18 19:17","QuorumPeerConfig.java","240201","103807","344008"
"2016-11-03 16:07","QuorumPeerConfig.java","157106","26094","183200"
"2011-04-12 09:14","QuorumPeerConfig.java","93124","17774","110898"
"2014-03-25 22:13","QuorumPeerConfig.java","130322","22397","152719"
"2011-09-02 22:50","QuorumPeerConfig.java","101197","16248","117445"
"2013-10-09 22:21","QuorumPeerConfig.java","125747","22233","147980"
"2014-08-01 07:38","QuorumPeerConfig.java","142002","24033","166035"
"2014-08-14 08:08","QuorumPeerConfig.java","142426","24036","166462"
"2009-04-24 20:26","QuorumPeerConfig.java","12333","2169","14502"
"2020-02-16 10:25","QuorumPeerConfig.java","268781","104264","373045"
"2020-05-14 18:18","QuorumPeerConfig.java","272007","104265","376272"
"2017-05-11 16:59","QuorumPeerConfig.java","158636","27094","185730"
"2019-04-09 15:35","ClientCnxnSocketNetty.java","2735","703","3438"
"2019-06-03 19:40","ClientCnxnSocketNetty.java","8291","1785","10076"
"2019-08-17 17:13","ClientCnxnSocketNetty.java","51401","30226","81627"
"2019-10-10 14:37","ClientCnxnSocketNetty.java","57242","32314","89556"
"2019-08-17 17:13","FollowerResyncConcurrencyTest.java","256972","219580","476552"
"2019-06-03 19:40","FollowerResyncConcurrencyTest.java","242303","219580","461883"
"2013-06-28 23:22","FollowerResyncConcurrencyTest.java","42661","55362","98023"
"2012-03-15 18:01","FollowerResyncConcurrencyTest.java","23178","50555","73733"
"2011-12-09 20:03","FollowerResyncConcurrencyTest.java","19418","49370","68788"
"2015-11-21 22:18","FollowerResyncConcurrencyTest.java","78972","64456","143428"
"2011-11-05 21:57","FollowerResyncConcurrencyTest.java","18929","49348","68277"
"2011-10-25 08:09","FollowerResyncConcurrencyTest.java","17897","49128","67025"
"2011-09-17 02:36","FollowerResyncConcurrencyTest.java","17574","47270","64844"
"2011-07-29 10:14","FollowerResyncConcurrencyTest.java","11670","43888","55558"
"2019-10-10 14:37","FollowerResyncConcurrencyTest.java","260725","219580","480305"
"2019-12-28 16:17","FollowerResyncConcurrencyTest.java","266630","220653","487283"
"2011-05-21 00:43","DataTreeTest.java","29577","17546","47123"
"2019-09-18 11:20","DataTreeTest.java","259927","167976","427903"
"2019-12-27 22:33","DataTreeTest.java","266740","169023","435763"
"2015-06-06 03:48","DataTreeTest.java","99815","35694","135509"
"2019-10-09 16:38","DataTreeTest.java","260512","167976","428488"
"2011-04-12 09:14","DataTreeTest.java","27920","17408","45328"
"2013-09-05 23:50","DataTreeTest.java","66808","28134","94942"
"2019-01-30 16:28","DataTreeTest.java","234069","167919","401988"
"2019-02-07 11:26","DataTreeTest.java","235291","167920","403211"
"2018-12-20 15:17","DataTreeTest.java","230557","167918","398475"
"2018-09-04 11:54","DataTreeTest.java","184126","103054","287180"
"2019-07-31 19:06","DataTreeTest.java","256322","167976","424298"
"2019-04-12 19:01","DataTreeTest.java","238823","167977","406800"
"2019-09-10 15:21","DataTreeTest.java","258058","167976","426034"
"2019-08-17 17:13","DataTreeTest.java","257015","167976","424991"
"2017-06-18 19:23","DataTreeTest.java","110835","40420","151255"
"2019-04-12 12:29","DataTreeTest.java","238392","167977","406369"
"2016-11-13 20:59","DataTreeTest.java","109282","37962","147244"
"2019-01-31 15:55","DeleteCommand.java","232791","223774","456565"
"2019-08-17 17:13","DeleteCommand.java","255250","223892","479142"
"2019-08-17 17:13","ClientCnxn.java","70811","69297","140108"
"2019-01-31 15:50","ClientCnxn.java","21465","42284","63749"
"2019-04-09 15:35","ClientCnxn.java","25213","42842","68055"
"2019-11-08 17:30","ClientCnxn.java","78485","71357","149842"
"2019-01-16 14:21","ClientCnxn.java","19553","42059","61612"
"2019-01-07 14:24","ClientCnxn.java","18311","41967","60278"
"2019-03-06 03:32","ClientCnxn.java","23872","42573","66445"
"2019-02-07 11:26","ClientCnxn.java","22193","42347","64540"
"2020-05-17 15:13","ClientCnxn.java","97223","81764","178987"
"2020-03-03 03:12","ClientCnxn.java","91300","78051","169351"
"2020-01-21 17:53","ClientCnxn.java","87244","77734","164978"
"2019-10-10 14:37","ClientCnxn.java","76537","71270","147807"
"2019-11-21 05:58","ClientCnxn.java","80881","76200","157081"
"2020-04-16 12:50","ClientCnxn.java","93782","78694","172476"
"2011-09-17 02:42","DatadirCleanupManagerTest.java","1943","3553","5496"
"2015-07-07 07:11","DatadirCleanupManagerTest.java","64379","23418","87797"
"2019-08-17 17:13","DatadirCleanupManagerTest.java","256765","178752","435517"
"2011-10-25 08:09","InstanceManager.java","43859","23759","67618"
"2011-04-12 09:14","InstanceManager.java","28968","18646","47614"
"2017-09-11 18:55","InstanceManager.java","112291","41752","154043"
"2015-02-06 06:17","InstanceManager.java","96857","36587","133444"
"2019-08-17 17:13","InstanceManager.java","257015","168166","425181"
"2014-02-12 17:00","LearnerHandler.java","59743","28022","87765"
"2014-03-23 04:12","LearnerHandler.java","60268","28160","88428"
"2019-10-10 14:37","LearnerHandler.java","260739","182224","442963"
"2015-06-05 20:38","LearnerHandler.java","85119","35320","120439"
"2015-06-05 20:51","LearnerHandler.java","85146","35320","120466"
"2015-06-12 23:02","LearnerHandler.java","85257","35333","120590"
"2011-04-12 09:14","LearnerHandler.java","12410","16175","28585"
"2013-09-26 14:05","LearnerHandler.java","52588","27558","80146"
"2019-07-03 20:54","LearnerHandler.java","244980","182224","427204"
"2011-09-14 08:56","LearnerHandler.java","27198","17033","44231"
"2011-08-30 08:37","LearnerHandler.java","25843","16887","42730"
"2011-09-17 02:36","LearnerHandler.java","27501","19896","47397"
"2012-04-23 01:20","LearnerHandler.java","36344","25444","61788"
"2013-06-28 23:22","LearnerHandler.java","52125","27525","79650"
"2018-09-18 01:00","LearnerHandler.java","185574","116212","301786"
"2010-11-04 17:01","LearnerHandler.java","37543","2271","39814"
"2012-02-06 09:40","LearnerHandler.java","31314","22740","54054"
"2013-05-14 14:27","LearnerHandler.java","50200","27337","77537"
"2018-08-03 18:52","LearnerHandler.java","123875","58089","181964"
"2011-01-22 20:38","LearnerHandler.java","40502","3132","43634"
"2018-12-09 03:16","LearnerHandler.java","229578","182158","411736"
"2019-04-12 19:01","LearnerHandler.java","238794","182225","421019"
"2013-03-07 07:01","LearnerHandler.java","50046","27308","77354"
"2017-11-28 00:10","LearnerHandler.java","101387","41021","142408"
"2019-06-29 00:33","LearnerHandler.java","244973","182224","427197"
"2013-05-11 15:35","LearnerHandler.java","50100","27314","77414"
"2019-07-25 21:41","LearnerHandler.java","253469","182224","435693"
"2019-08-23 19:43","LearnerHandler.java","257652","182224","439876"
"2019-08-17 17:13","LearnerHandler.java","256986","182224","439210"
"2017-06-26 00:16","LearnerHandler.java","97023","40700","137723"
"2017-08-03 20:28","LearnerHandler.java","96696","40725","137421"
"2012-07-29 07:02","LearnerHandler.java","37788","25485","63273"
"2019-05-06 17:48","LearnerHandler.java","241300","182225","423525"
"2019-08-03 08:42","LearnerHandler.java","257694","182224","439918"
"2019-04-22 19:15","LearnerHandler.java","239769","182225","421994"
"2011-06-14 07:14","LearnerHandler.java","14634","16449","31083"
"2019-08-17 17:13","LearnerHandlerTest.java","44894","29685","74579"
"2019-07-03 20:54","LearnerHandlerTest.java","7198","3995","11193"
"2019-10-10 14:37","Login.java","260412","175379","435791"
"2015-12-09 05:05","Login.java","64286","18180","82466"
"2011-10-25 08:09","Login.java","245","276","521"
"2019-11-11 13:59","Login.java","264097","175407","439504"
"2015-11-21 22:18","Login.java","63840","18124","81964"
"2015-02-06 06:17","Login.java","56516","16377","72893"
"2017-11-28 00:10","Login.java","80542","26277","106819"
"2016-05-02 18:15","Login.java","66932","20952","87884"
"2019-08-17 17:13","Login.java","256659","175379","432038"
"2012-09-28 18:32","Login.java","12145","5012","17157"
"2019-08-03 08:42","Login.java","257367","175379","432746"
"2019-08-17 17:13","OOMTest.java","255186","224314","479500"
"2019-09-18 11:20","OOMTest.java","258099","224315","482414"
"2016-08-05 23:05","MalformedCommandException.java","182","237","419"
"2019-08-17 17:13","MalformedCommandException.java","255887","221853","477740"
"2019-07-29 17:15","JMap.java","255100","129922","385022"
"2010-01-25 04:28","JMap.java","36781","8308","45089"
"2010-05-03 23:49","JMap.java","54039","15900","69939"
"2019-06-03 19:40","FollowerZooKeeperServer.java","21803","9130","30933"
"2019-08-17 17:13","FollowerZooKeeperServer.java","63823","36481","100304"
"2019-05-03 00:44","FollowerZooKeeperServer.java","19971","8632","28603"
"2019-06-04 10:55","FollowerZooKeeperServer.java","22091","9265","31356"
"2019-11-28 12:24","FollowerZooKeeperServer.java","75871","43623","119494"
"2019-12-27 22:33","FollowerZooKeeperServer.java","80018","43998","124016"
"2019-08-17 17:13","DatadirCleanupManager.java","255265","223776","479041"
"2019-10-10 14:37","DatadirCleanupManager.java","259018","223776","482794"
"2019-07-29 17:15","OutputArchive.java","252447","231576","484023"
"2020-03-26 18:41","ZooKeeperMain.java","270257","221617","491874"
"2016-10-16 14:21","ZooKeeperMain.java","8572","5206","13778"
"2020-04-01 17:02","ZooKeeperMain.java","270581","221617","492198"
"2019-10-10 14:37","ZooKeeperMain.java","259671","220066","479737"
"2015-11-22 00:33","ZooKeeperMain.java","428","135","563"
"2020-03-26 22:19","ZooKeeperMain.java","270326","221617","491943"
"2016-07-27 01:33","ZooKeeperMain.java","6092","4274","10366"
"2019-11-28 12:24","ZooKeeperMain.java","262373","221615","483988"
"2016-11-13 20:59","ZooKeeperMain.java","11024","5453","16477"
"2019-08-03 08:42","ZooKeeperMain.java","256626","220066","476692"
"2017-07-28 00:36","ZooKeeperMain.java","17018","12601","29619"
"2016-05-02 18:15","ZooKeeperMain.java","4114","3562","7676"
"2019-08-17 17:13","ZooKeeperMain.java","255918","220066","475984"
"2018-08-06 14:11","ZooKeeperMain.java","48652","34289","82941"
"2019-08-17 17:13","GetProposalFromTxnTest.java","256377","193596","449973"
"2016-08-24 01:36","GetProposalFromTxnTest.java","46627","17713","64340"
"2019-12-27 22:33","GetProposalFromTxnTest.java","266401","194942","461343"
"2014-01-09 23:56","GetProposalFromTxnTest.java","6440","1234","7674"
"2015-03-17 18:06","NIOServerCnxnFactory.java","36957","12233","49190"
"2019-07-03 00:44","NIOServerCnxnFactory.java","244419","191763","436182"
"2019-08-17 17:13","NIOServerCnxnFactory.java","256406","191763","448169"
"2019-08-03 08:42","NIOServerCnxnFactory.java","257114","191763","448877"
"2019-04-22 19:15","NIOServerCnxnFactory.java","239172","191747","430919"
"2014-09-28 19:15","NIOServerCnxnFactory.java","33044","11695","44739"
"2018-11-23 11:51","NIOServerCnxnFactory.java","225079","191663","416742"
"2019-02-13 13:12","NIOServerCnxnFactory.java","235273","191684","426957"
"2014-07-18 02:19","NIOServerCnxnFactory.java","29702","10951","40653"
"2018-10-24 04:03","NIOServerCnxnFactory.java","235244","172303","407547"
"2019-04-12 19:01","NIOServerCnxnFactory.java","238197","191747","429944"
"2018-06-15 08:02","NIOServerCnxnFactory.java","66221","25134","91355"
"2016-06-23 23:45","NIOServerCnxnFactory.java","47817","17504","65321"
"2014-03-23 04:12","NIOServerCnxnFactory.java","11589","2219","13808"
"2019-10-10 14:37","NIOServerCnxnFactory.java","260159","191763","451922"
"2019-11-14 03:54","NIOServerCnxnFactory.java","264443","191791","456234"
"2014-02-12 17:00","LearnerHandler.java","35441","11325","46766"
"2014-03-23 04:12","LearnerHandler.java","36003","11500","47503"
"2019-10-10 14:37","LearnerHandler.java","260495","176966","437461"
"2015-06-05 20:38","LearnerHandler.java","61398","19204","80602"
"2015-06-05 20:51","LearnerHandler.java","61425","19204","80629"
"2015-06-12 23:02","LearnerHandler.java","61538","19219","80757"
"2013-09-26 14:05","LearnerHandler.java","28104","10679","38783"
"2019-07-03 20:54","LearnerHandler.java","244736","176966","421702"
"2012-04-23 01:20","LearnerHandler.java","10575","7280","17855"
"2013-06-28 23:22","LearnerHandler.java","27608","10613","38221"
"2018-09-18 01:00","LearnerHandler.java","173235","111478","284713"
"2012-02-06 09:40","LearnerHandler.java","5334","4365","9699"
"2013-05-14 14:27","LearnerHandler.java","25524","10266","35790"
"2018-08-03 18:52","LearnerHandler.java","105414","47233","152647"
"2018-12-09 03:16","LearnerHandler.java","229339","176905","406244"
"2019-04-12 19:01","LearnerHandler.java","238550","176967","415517"
"2013-03-07 07:01","LearnerHandler.java","25366","10233","35599"
"2017-11-28 00:10","LearnerHandler.java","81485","28724","110209"
"2019-06-29 00:33","LearnerHandler.java","244729","176966","421695"
"2013-05-11 15:35","LearnerHandler.java","25424","10243","35667"
"2019-07-25 21:41","LearnerHandler.java","253225","176966","430191"
"2019-08-23 19:43","LearnerHandler.java","257408","176966","434374"
"2019-08-17 17:13","LearnerHandler.java","256742","176966","433708"
"2017-06-26 00:16","LearnerHandler.java","76280","27562","103842"
"2017-08-03 20:28","LearnerHandler.java","76583","28217","104800"
"2012-07-29 07:02","LearnerHandler.java","12077","7379","19456"
"2019-05-06 17:48","LearnerHandler.java","241056","176967","418023"
"2019-08-03 08:42","LearnerHandler.java","257450","176966","434416"
"2019-04-22 19:15","LearnerHandler.java","239525","176967","416492"
"2018-10-04 15:46","ZooKeeperTest.java","125262","108172","233434"
"2019-03-12 19:08","ZooKeeperTest.java","235854","223245","459099"
"2017-04-29 20:17","ZooKeeperTest.java","6808","4910","11718"
"2017-05-30 19:43","ZooKeeperTest.java","6962","5834","12796"
"2019-05-23 18:42","ZooKeeperTest.java","241038","223323","464361"
"2019-08-17 17:13","ZooKeeperTest.java","255827","223341","479168"
"2019-06-06 00:01","ZooKeeperTest.java","241963","223340","465303"
"2019-08-17 17:13","Leader.java","174230","156211","330441"
"2019-06-29 00:33","Leader.java","161546","155540","317086"
"2019-06-03 19:40","Leader.java","157657","154307","311964"
"2019-07-15 14:15","Leader.java","168979","155541","324520"
"2019-07-25 21:41","Leader.java","170045","155543","325588"
"2019-06-05 00:33","Leader.java","158047","154307","312354"
"2019-08-03 08:42","Leader.java","174917","156190","331107"
"2019-06-05 23:57","Leader.java","158316","154307","312623"
"2019-01-07 14:55","Leader.java","146824","153914","300738"
"2019-04-12 19:01","Leader.java","154086","154260","308346"
"2018-12-09 03:16","Leader.java","138312","147635","285947"
"2019-11-29 14:49","Leader.java","183968","159392","343360"
"2018-11-27 10:02","Leader.java","135988","147635","283623"
"2020-03-25 03:38","Leader.java","190350","159546","349896"
"2019-12-27 22:33","Leader.java","186102","159405","345507"
"2019-10-10 14:37","Leader.java","178985","157213","336198"
"2019-02-06 09:46","ZooKeeper.java","232820","224167","456987"
"2019-01-16 14:21","ZooKeeper.java","231096","224166","455262"
"2019-11-08 17:30","ZooKeeper.java","260896","224332","485228"
"2019-02-07 11:26","ZooKeeper.java","233449","224167","457616"
"2019-08-17 17:13","ZooKeeper.java","255234","224284","479518"
"2019-06-26 10:57","ZooKeeper.java","243083","224283","467366"
"2019-06-03 19:40","ZooKeeper.java","240564","224283","464847"
"2018-05-09 23:57","ZooKeeper.java","8341","1702","10043"
"2019-08-03 08:42","ZooKeeper.java","255942","224284","480226"
"2020-04-16 12:50","ZooKeeper.java","270512","225988","496500"
"2018-07-27 05:16","ZooKeeper.java","31559","22902","54461"
"2019-10-10 14:37","ZooKeeper.java","258987","224284","483271"
"2019-02-11 12:34","ZooKeeper.java","233812","224167","457979"
"2020-05-17 15:13","ZooKeeper.java","270915","226020","496935"
"2019-03-12 19:08","ZooKeeper.java","235261","224188","459449"
"2018-09-11 15:23","ServerConfig.java","132990","112345","245335"
"2019-04-12 19:01","ServerConfig.java","237873","216147","454020"
"2019-02-13 13:12","ServerConfig.java","234939","216074","451013"
"2017-07-28 00:36","ServerConfig.java","23199","14715","37914"
"2019-05-15 11:56","ServerConfig.java","240820","216147","456967"
"2019-08-17 17:13","ServerConfig.java","256083","216164","472247"
"2016-12-22 04:10","ServerConfig.java","19559","8679","28238"
"2019-04-18 19:17","ServerConfig.java","238583","216147","454730"
"2013-09-18 12:58","ClientCnxn.java","154688","16916","171604"
"2015-01-31 08:05","ClientCnxn.java","177536","18458","195994"
"2016-05-02 18:15","ClientCnxn.java","183682","18568","202250"
"2014-01-24 07:18","ClientCnxn.java","161447","16943","178390"
"2009-07-17 00:09","ClientCnxn.java","94241","9494","103735"
"2009-05-20 20:48","ClientCnxn.java","81266","8864","90130"
"2019-08-17 17:13","ClientCnxn.java","257842","57679","315521"
"2009-06-25 22:41","ClientCnxn.java","93060","9441","102501"
"2015-05-10 00:27","ClientCnxn.java","180102","18485","198587"
"2009-01-16 00:48","ClientCnxn.java","40033","7455","47488"
"2008-12-22 23:23","ClientCnxn.java","37544","4083","41627"
"2009-01-28 01:15","ClientCnxn.java","40206","7478","47684"
"2017-12-19 19:27","ClientCnxn.java","192419","18976","211395"
"2019-01-31 15:50","ClientCnxn.java","235493","57663","293156"
"2012-08-02 00:24","ClientCnxn.java","141376","16029","157405"
"2019-04-09 15:35","ClientCnxn.java","238683","57663","296346"
"2013-02-03 15:52","ClientCnxn.java","148341","16633","164974"
"2014-12-20 15:29","ClientCnxn.java","177527","18460","195987"
"2008-09-04 19:02","ClientCnxn.java","851","396","1247"
"2008-10-03 15:06","ClientCnxn.java","17851","2651","20502"
"2008-09-24 23:05","ClientCnxn.java","2707","710","3417"
"2008-10-01 04:47","ClientCnxn.java","15277","1230","16507"
"2012-03-15 18:01","ClientCnxn.java","138840","15883","154723"
"2019-11-08 17:30","ClientCnxn.java","263456","57679","321135"
"2017-06-08 17:59","ClientCnxn.java","188100","18947","207047"
"2012-09-09 20:24","ClientCnxn.java","142122","16036","158158"
"2019-01-16 14:21","ClientCnxn.java","233806","57663","291469"
"2019-01-07 14:24","ClientCnxn.java","232656","57663","290319"
"2008-11-19 11:20","ClientCnxn.java","35600","3549","39149"
"2009-06-25 00:59","ClientCnxn.java","92965","9437","102402"
"2019-03-06 03:32","ClientCnxn.java","237611","57663","295274"
"2010-11-11 18:11","ClientCnxn.java","174073","12443","186516"
"2010-11-10 23:36","ClientCnxn.java","174039","12405","186444"
"2011-09-14 07:43","ClientCnxn.java","135977","13135","149112"
"2011-08-19 00:05","ClientCnxn.java","133703","13081","146784"
"2015-02-06 06:17","ClientCnxn.java","177742","18469","196211"
"2019-02-07 11:26","ClientCnxn.java","236158","57663","293821"
"2018-11-05 19:40","ClientCnxn.java","252930","54030","306960"
"2008-09-05 22:30","ClientCnxn.java","1805","500","2305"
"2011-04-12 09:14","ClientCnxn.java","134347","12711","147058"
"2010-10-06 18:14","ClientCnxn.java","171069","12153","183222"
"2010-11-30 21:16","ClientCnxn.java","174515","12514","187029"
"2020-05-17 15:13","ClientCnxn.java","272109","58001","330110"
"2018-06-25 12:30","ClientCnxn.java","195993","19024","215017"
"2012-12-19 19:16","ClientCnxn.java","147847","16632","164479"
"2020-03-03 03:12","ClientCnxn.java","269898","58000","327898"
"2018-09-10 11:44","ClientCnxn.java","224633","44479","269112"
"2008-10-22 01:49","ClientCnxn.java","29721","2782","32503"
"2011-09-28 22:17","ClientCnxn.java","136532","15637","152169"
"2015-06-13 02:42","ClientCnxn.java","181586","18507","200093"
"2010-10-21 02:44","ClientCnxn.java","172746","12179","184925"
"2010-08-05 09:09","ClientCnxn.java","137314","11859","149173"
"2011-05-20 01:17","ClientCnxn.java","135196","12741","147937"
"2014-03-23 04:12","ClientCnxn.java","162164","17023","179187"
"2015-11-09 00:05","ClientCnxn.java","183090","18519","201609"
"2015-12-06 19:58","ClientCnxn.java","183395","18519","201914"
"2020-01-21 17:53","ClientCnxn.java","266159","58000","324159"
"2015-12-05 22:43","ClientCnxn.java","183392","18519","201911"
"2015-12-05 22:32","ClientCnxn.java","183387","18519","201906"
"2010-03-04 02:28","ClientCnxn.java","115451","11325","126776"
"2010-01-25 04:28","ClientCnxn.java","112317","11259","123576"
"2019-10-10 14:37","ClientCnxn.java","261595","57679","319274"
"2014-04-01 04:03","ClientCnxn.java","163076","17092","180168"
"2013-09-18 15:14","ClientCnxn.java","154706","16916","171622"
"2013-09-18 04:08","ClientCnxn.java","154602","16916","171518"
"2019-11-21 05:58","ClientCnxn.java","261330","58000","319330"
"2020-04-16 12:50","ClientCnxn.java","271737","58000","329737"
"2018-07-27 05:16","ClientCnxn.java","197836","19715","217551"
"2010-01-26 03:22","ClientCnxn.java","112909","11303","124212"
"2009-10-31 00:09","ClientCnxn.java","99704","10562","110266"
"2009-11-07 01:48","ClientCnxn.java","100252","10705","110957"
"2010-01-05 18:32","ClientCnxn.java","109242","11050","120292"
"2018-11-17 18:33","ServerCnxn.java","174537","185337","359874"
"2019-01-14 19:38","ServerCnxn.java","188016","191599","379615"
"2019-04-12 19:01","ServerCnxn.java","194686","191754","386440"
"2018-09-18 01:00","ServerCnxn.java","44209","41103","85312"
"2019-07-08 23:26","ServerCnxn.java","201703","191802","393505"
"2019-08-17 17:13","ServerCnxn.java","212928","191803","404731"
"2019-07-03 00:44","ServerCnxn.java","200940","191802","392742"
"2019-11-18 09:05","ServerCnxn.java","218018","193749","411767"
"2020-02-26 22:41","ServerCnxn.java","225581","193802","419383"
"2018-09-28 23:38","ServerCnxn.java","47486","41806","89292"
"2019-11-11 13:59","ServerCnxn.java","220387","191852","412239"
"2013-09-18 12:58","ClientCnxn.java","153567","17100","170667"
"2015-01-31 08:05","ClientCnxn.java","176413","18640","195053"
"2016-05-02 18:15","ClientCnxn.java","182561","18752","201313"
"2014-01-24 07:18","ClientCnxn.java","160319","17120","177439"
"2009-07-17 00:09","ClientCnxn.java","92749","9307","102056"
"2009-05-20 20:48","ClientCnxn.java","79751","8654","88405"
"2019-08-17 17:13","ClientCnxn.java","257842","58984","316826"
"2009-06-25 22:41","ClientCnxn.java","91555","9241","100796"
"2015-05-10 00:27","ClientCnxn.java","178981","18669","197650"
"2009-01-16 00:48","ClientCnxn.java","38499","7226","45725"
"2008-12-22 23:23","ClientCnxn.java","35980","3824","39804"
"2009-01-28 01:15","ClientCnxn.java","38677","7254","45931"
"2017-12-19 19:27","ClientCnxn.java","191373","19235","210608"
"2019-01-31 15:50","ClientCnxn.java","235493","58968","294461"
"2012-08-02 00:24","ClientCnxn.java","140243","16201","156444"
"2019-04-09 15:35","ClientCnxn.java","238683","58968","297651"
"2013-02-03 15:52","ClientCnxn.java","147218","16815","164033"
"2014-12-20 15:29","ClientCnxn.java","176404","18642","195046"
"2008-10-03 15:06","ClientCnxn.java","16190","2295","18485"
"2008-09-24 23:05","ClientCnxn.java","945","253","1198"
"2008-10-01 04:47","ClientCnxn.java","13555","813","14368"
"2012-03-15 18:01","ClientCnxn.java","137705","16053","153758"
"2019-11-08 17:30","ClientCnxn.java","263456","58984","322440"
"2017-06-08 17:59","ClientCnxn.java","187053","19205","206258"
"2012-09-09 20:24","ClientCnxn.java","140987","16206","157193"
"2019-01-16 14:21","ClientCnxn.java","233806","58968","292774"
"2019-01-07 14:24","ClientCnxn.java","232656","58968","291624"
"2008-11-19 11:20","ClientCnxn.java","33983","3237","37220"
"2009-06-25 00:59","ClientCnxn.java","91460","9237","100697"
"2019-03-06 03:32","ClientCnxn.java","237611","58968","296579"
"2010-11-11 18:11","ClientCnxn.java","172904","12579","185483"
"2010-11-10 23:36","ClientCnxn.java","172870","12541","185411"
"2011-09-14 07:43","ClientCnxn.java","134831","13294","148125"
"2011-08-19 00:05","ClientCnxn.java","132555","13238","145793"
"2015-02-06 06:17","ClientCnxn.java","176619","18651","195270"
"2019-02-07 11:26","ClientCnxn.java","236158","58968","295126"
"2018-11-05 19:40","ClientCnxn.java","252930","55335","308265"
"2011-04-12 09:14","ClientCnxn.java","133191","12860","146051"
"2010-10-06 18:14","ClientCnxn.java","169875","12264","182139"
"2010-11-30 21:16","ClientCnxn.java","173348","12652","186000"
"2020-05-17 15:13","ClientCnxn.java","272109","59306","331415"
"2018-06-25 12:30","ClientCnxn.java","194946","19282","214228"
"2012-12-19 19:16","ClientCnxn.java","146718","16808","163526"
"2020-03-03 03:12","ClientCnxn.java","269898","59305","329203"
"2018-09-10 11:44","ClientCnxn.java","223596","44747","268343"
"2008-10-22 01:49","ClientCnxn.java","28092","2458","30550"
"2011-09-28 22:17","ClientCnxn.java","135391","15801","151192"
"2015-06-13 02:42","ClientCnxn.java","180467","18693","199160"
"2010-10-21 02:44","ClientCnxn.java","171552","12290","183842"
"2010-08-05 09:09","ClientCnxn.java","136111","11961","148072"
"2011-05-20 01:17","ClientCnxn.java","134044","12894","146938"
"2014-03-23 04:12","ClientCnxn.java","161035","17199","178234"
"2015-11-09 00:05","ClientCnxn.java","181969","18703","200672"
"2015-12-06 19:58","ClientCnxn.java","182274","18703","200977"
"2020-01-21 17:53","ClientCnxn.java","266159","59305","325464"
"2015-12-05 22:43","ClientCnxn.java","182271","18703","200974"
"2015-12-05 22:32","ClientCnxn.java","182266","18703","200969"
"2010-03-04 02:28","ClientCnxn.java","114164","11343","125507"
"2010-01-25 04:28","ClientCnxn.java","111030","11277","122307"
"2019-10-10 14:37","ClientCnxn.java","261595","58984","320579"
"2014-04-01 04:03","ClientCnxn.java","161947","17268","179215"
"2013-09-18 15:14","ClientCnxn.java","153585","17100","170685"
"2013-09-18 04:08","ClientCnxn.java","153481","17100","170581"
"2019-11-21 05:58","ClientCnxn.java","261330","59305","320635"
"2020-04-16 12:50","ClientCnxn.java","271737","59305","331042"
"2018-07-27 05:16","ClientCnxn.java","196789","19973","216762"
"2010-01-26 03:22","ClientCnxn.java","111622","11321","122943"
"2009-10-31 00:09","ClientCnxn.java","98370","10533","108903"
"2009-11-07 01:48","ClientCnxn.java","98938","10696","109634"
"2010-01-05 18:32","ClientCnxn.java","107954","11067","119021"
"2019-08-17 17:13","QuorumX509Util.java","111485","109882","221367"
"2019-08-17 17:13","X509TestHelpers.java","29979","25828","55807"
"2016-08-13 15:01","ReadOnlyZooKeeperServer.java","80619","24382","105001"
"2015-03-08 23:07","ReadOnlyZooKeeperServer.java","69854","20949","90803"
"2011-08-30 08:37","ReadOnlyZooKeeperServer.java","13112","1665","14777"
"2013-10-09 22:21","ReadOnlyZooKeeperServer.java","43920","13496","57416"
"2014-07-18 02:19","ReadOnlyZooKeeperServer.java","64540","20560","85100"
"2019-11-29 14:49","ReadOnlyZooKeeperServer.java","264561","180820","445381"
"2015-03-17 18:06","ReadOnlyZooKeeperServer.java","70997","21044","92041"
"2019-08-17 17:13","ReadOnlyZooKeeperServer.java","256910","179726","436636"
"2019-08-17 17:13","SaslAuthMissingClientConfigTest.java","256650","177824","434474"
"2016-05-02 18:15","SaslAuthMissingClientConfigTest.java","63623","20097","83720"
"2019-10-10 14:37","SaslAuthMissingClientConfigTest.java","260403","177824","438227"
"2016-07-27 01:33","ZooKeeperTest.java","104798","37619","142417"
"2015-11-08 22:54","ZooKeeperTest.java","101284","35923","137207"
"2011-05-16 19:39","ZooKeeperTest.java","28027","17512","45539"
"2011-08-18 22:05","ZooKeeperTest.java","37000","17729","54729"
"2011-08-14 18:40","ZooKeeperTest.java","36749","17711","54460"
"2011-10-27 18:11","ZooKeeperTest.java","42741","22634","65375"
"2016-09-08 22:52","ZooKeeperTest.java","105568","38001","143569"
"2018-10-04 15:46","ZooKeeperTest.java","189200","103383","292583"
"2016-10-16 14:21","ZooKeeperTest.java","106762","38035","144797"
"2019-03-12 19:08","ZooKeeperTest.java","237093","168319","405412"
"2017-04-29 20:17","ZooKeeperTest.java","110389","39764","150153"
"2014-03-29 04:33","ZooKeeperTest.java","75440","28985","104425"
"2017-05-30 19:43","ZooKeeperTest.java","110365","40510","150875"
"2011-12-28 00:53","ZooKeeperTest.java","45121","23511","68632"
"2012-03-17 01:39","ZooKeeperTest.java","47888","23932","71820"
"2013-09-02 23:04","ZooKeeperTest.java","66439","28214","94653"
"2019-05-23 18:42","ZooKeeperTest.java","242242","168362","410604"
"2019-08-17 17:13","ZooKeeperTest.java","257012","168361","425373"
"2016-08-10 19:32","ZooKeeperTest.java","104971","37837","142808"
"2019-06-06 00:01","ZooKeeperTest.java","243149","168361","411510"
"2020-01-20 08:39","ZKClientConfigTest.java","19372","11472","30844"
"2017-09-11 18:55","QuorumBase.java","119949","36188","156137"
"2012-04-23 01:20","QuorumBase.java","65566","27414","92980"
"2019-07-12 17:01","QuorumBase.java","252500","154189","406689"
"2012-12-11 08:42","QuorumBase.java","71531","28200","99731"
"2019-08-17 17:13","QuorumBase.java","257187","154189","411376"
"2019-08-01 07:31","QuorumBase.java","257858","154189","412047"
"2018-08-08 06:21","QuorumBase.java","168744","75236","243980"
"2009-12-15 23:23","QuorumBase.java","1552","974","2526"
"2009-11-20 23:28","QuorumBase.java","836","557","1393"
"2019-10-10 14:37","QuorumBase.java","260940","154189","415129"
"2010-03-13 01:06","QuorumBase.java","24575","10863","35438"
"2020-03-25 03:38","QuorumBase.java","270911","155128","426039"
"2014-07-18 19:46","QuorumBase.java","100652","31684","132336"
"2010-07-23 06:22","QuorumBase.java","42866","15340","58206"
"2011-05-20 01:17","QuorumBase.java","47023","21733","68756"
"2010-05-05 22:32","QuorumBase.java","28701","14970","43671"
"2010-08-18 08:24","QuorumBase.java","49884","16458","66342"
"2013-10-09 22:21","QuorumBase.java","84743","29558","114301"
"2010-03-31 06:26","QuorumBase.java","26483","12524","39007"
"2014-06-25 19:25","QuorumBase.java","95210","31238","126448"
"2011-04-12 09:14","QuorumBase.java","46141","21670","67811"
"2019-05-23 18:42","ZooKeeperTest.java","6331","1225","7556"
"2019-08-17 17:13","ZooKeeperTest.java","49925","30048","79973"
"2019-06-06 00:01","ZooKeeperTest.java","7659","1645","9304"
"2020-03-19 17:09","Learner.java","269704","198630","468334"
"2020-02-03 04:30","Learner.java","268199","198630","466829"
"2020-01-23 13:43","Learner.java","267642","198630","466272"
"2017-07-04 07:39","Learner.java","50141","21881","72022"
"2020-03-25 03:38","Learner.java","270500","198630","469130"
"2015-03-15 08:54","Learner.java","29043","10813","39856"
"2019-11-28 12:24","Learner.java","262621","198630","461251"
"2019-12-27 22:33","Learner.java","266393","198630","465023"
"2020-01-25 18:48","Learner.java","267832","198630","466462"
"2020-05-03 19:43","Learner.java","271436","198630","470066"
"2016-08-13 15:01","Learner.java","42217","16767","58984"
"2019-10-10 14:37","Learner.java","260119","197281","457400"
"2015-01-25 01:22","Learner.java","28347","10608","38955"
"2019-06-03 19:40","Learner.java","241697","197281","438978"
"2015-03-17 18:06","Learner.java","30108","10942","41050"
"2019-07-15 14:15","Learner.java","251785","197281","449066"
"2019-08-23 19:43","Learner.java","257032","197281","454313"
"2016-09-08 22:59","Learner.java","42767","17069","59836"
"2019-08-17 17:13","Learner.java","256366","197281","453647"
"2017-11-28 00:10","Learner.java","55615","23545","79160"
"2014-03-12 23:57","Learner.java","4178","654","4832"
"2018-05-09 00:54","Learner.java","58359","24161","82520"
"2019-04-09 15:35","Learner.java","237144","197202","434346"
"2019-07-12 17:01","Learner.java","251679","197281","448960"
"2017-07-06 18:48","Learner.java","50421","21889","72310"
"2017-08-18 06:32","Learner.java","51025","22990","74015"
"2019-07-02 07:34","Learner.java","244309","197281","441590"
"2018-10-16 16:22","Learner.java","235268","177786","413054"
"2014-07-18 02:19","Learner.java","22778","9585","32363"
"2017-02-12 00:12","Learner.java","48225","20629","68854"
"2018-12-09 03:16","Learner.java","228924","197181","426105"
"2019-11-29 14:49","Learner.java","264272","198630","462902"
"2018-11-27 10:02","Learner.java","226600","197181","423781"
"2018-08-06 14:11","Learner.java","80436","42840","123276"
"2019-08-17 17:13","DirsCommand.java","255966","219061","475027"
"2016-12-22 23:23","DirsCommand.java","14218","6346","20564"
"2015-07-07 07:11","BaseSysTest.java","20792","5232","26024"
"2015-08-23 19:12","BaseSysTest.java","21350","5248","26598"
"2018-12-20 07:24","BaseSysTest.java","229546","203434","432980"
"2020-03-26 22:20","BaseSysTest.java","270634","204982","475616"
"2017-09-11 18:55","BaseSysTest.java","38231","16491","54722"
"2019-07-12 17:01","BaseSysTest.java","251468","203543","455011"
"2014-08-14 09:32","BaseSysTest.java","10374","2316","12690"
"2014-03-25 22:13","QuorumPeerMainTest.java","90873","29220","120093"
"2011-09-03 01:07","QuorumPeerMainTest.java","59184","20295","79479"
"2018-05-10 00:14","QuorumPeerMainTest.java","128255","35824","164079"
"2018-10-05 14:25","QuorumPeerMainTest.java","225944","123839","349783"
"2018-07-17 10:41","QuorumPeerMainTest.java","146218","52140","198358"
"2018-07-27 12:32","QuorumPeerMainTest.java","146764","52175","198939"
"2013-10-09 22:21","QuorumPeerMainTest.java","86210","28968","115178"
"2010-03-31 06:26","QuorumPeerMainTest.java","28419","12114","40533"
"2011-09-17 02:13","QuorumPeerMainTest.java","59953","23011","82964"
"2010-05-21 18:22","QuorumPeerMainTest.java","31982","14737","46719"
"2015-11-03 08:11","QuorumPeerMainTest.java","112221","31651","143872"
"2020-01-23 13:43","QuorumPeerMainTest.java","268053","152782","420835"
"2011-06-14 14:11","QuorumPeerMainTest.java","50123","21329","71452"
"2010-03-04 23:55","QuorumPeerMainTest.java","19724","10352","30076"
"2019-10-10 14:37","QuorumPeerMainTest.java","260940","151843","412783"
"2019-12-28 16:17","QuorumPeerMainTest.java","266711","152782","419493"
"2017-12-16 01:25","QuorumPeerMainTest.java","125373","35654","161027"
"2018-01-19 00:52","QuorumPeerMainTest.java","125518","35686","161204"
"2018-04-30 06:34","QuorumPeerMainTest.java","127623","35823","163446"
"2019-07-25 21:41","QuorumPeerMainTest.java","253670","151843","405513"
"2019-08-17 17:13","QuorumPeerMainTest.java","257187","151843","409030"
"2018-02-23 23:49","QuorumPeerMainTest.java","126601","35727","162328"
"2011-06-14 07:14","QuorumPeerMainTest.java","50098","21331","71429"
"2012-04-23 01:20","QuorumPeerMainTest.java","67091","26882","93973"
"2014-01-09 20:21","QuorumPeerMainTest.java","88118","29030","117148"
"2019-07-02 07:34","QuorumPeerMainTest.java","245130","151843","396973"
"2019-05-20 17:18","QuorumPeerMainTest.java","241978","151843","393821"
"2018-10-16 16:22","QuorumPeerMainTest.java","238928","123841","362769"
"2015-02-06 06:17","QuorumPeerMainTest.java","106842","31293","138135"
"2018-08-29 06:26","QuorumPeerMainTest.java","185418","89317","274735"
"2018-08-03 18:52","QuorumPeerMainTest.java","147273","52178","199451"
"2018-09-11 15:23","QuorumPeerMainTest.java","191150","93734","284884"
"2019-02-06 09:46","ZooKeeper.java","232836","224308","457144"
"2019-01-16 14:21","ZooKeeper.java","231112","224307","455419"
"2019-11-08 17:30","ZooKeeper.java","260912","224473","485385"
"2019-02-07 11:26","ZooKeeper.java","233465","224308","457773"
"2019-08-17 17:13","ZooKeeper.java","255250","224425","479675"
"2019-06-26 10:57","ZooKeeper.java","243099","224424","467523"
"2019-06-03 19:40","ZooKeeper.java","240580","224424","465004"
"2018-05-09 23:57","ZooKeeper.java","9851","3337","13188"
"2019-08-03 08:42","ZooKeeper.java","255958","224425","480383"
"2017-07-28 00:36","ZooKeeper.java","947","1557","2504"
"2017-08-18 23:35","ZooKeeper.java","1541","1666","3207"
"2020-04-16 12:50","ZooKeeper.java","270512","226113","496625"
"2018-07-27 05:16","ZooKeeper.java","32951","24419","57370"
"2019-10-10 14:37","ZooKeeper.java","259003","224425","483428"
"2019-02-11 12:34","ZooKeeper.java","233828","224308","458136"
"2020-05-17 15:13","ZooKeeper.java","270915","226145","497060"
"2019-03-12 19:08","ZooKeeper.java","235277","224329","459606"
"2011-04-12 09:14","AsyncHammerTest.java","53298","21283","74581"
"2010-03-31 06:26","AsyncHammerTest.java","33997","12494","46491"
"2010-05-05 22:32","AsyncHammerTest.java","36203","14928","51131"
"2019-10-10 14:37","AsyncHammerTest.java","260940","146645","407585"
"2009-11-18 20:06","AsyncHammerTest.java","8574","1030","9604"
"2019-08-17 17:13","AsyncHammerTest.java","257187","146645","403832"
"2017-05-01 17:19","AsyncHammerTest.java","126203","34901","161104"
"2019-08-17 17:13","BitMapTest.java","174218","158773","332991"
"2019-07-03 00:44","NIOServerCnxnFactory.java","36787","47072","83859"
"2019-08-17 17:13","NIOServerCnxnFactory.java","71037","69335","140372"
"2019-08-03 08:42","NIOServerCnxnFactory.java","52363","49953","102316"
"2019-04-22 19:15","NIOServerCnxnFactory.java","27715","43231","70946"
"2018-11-23 11:51","NIOServerCnxnFactory.java","4517","34042","38559"
"2019-02-13 13:12","NIOServerCnxnFactory.java","23268","42620","65888"
"2019-04-12 19:01","NIOServerCnxnFactory.java","26718","43209","69927"
"2019-10-10 14:37","NIOServerCnxnFactory.java","76766","71311","148077"
"2019-11-14 03:54","NIOServerCnxnFactory.java","81210","71499","152709"
"2019-08-17 17:13","CreateContainerTest.java","254922","230611","485533"
"2019-12-28 16:17","CreateContainerTest.java","265370","232474","497844"
"2019-11-25 15:37","CreateContainerTest.java","261592","232473","494065"
"2018-11-17 18:33","ServerCnxn.java","223011","227921","450932"
"2019-01-14 19:38","ServerCnxn.java","230231","227924","458155"
"2019-04-12 19:01","ServerCnxn.java","236849","228027","464876"
"2018-09-18 01:00","ServerCnxn.java","110256","101260","211516"
"2019-07-08 23:26","ServerCnxn.java","243854","228063","471917"
"2019-08-17 17:13","ServerCnxn.java","255079","228064","483143"
"2019-07-03 00:44","ServerCnxn.java","243091","228063","471154"
"2018-07-12 01:33","ServerCnxn.java","15821","11899","27720"
"2018-08-08 06:21","ServerCnxn.java","76121","70231","146352"
"2019-11-18 09:05","ServerCnxn.java","259993","229834","489827"
"2020-02-26 22:41","ServerCnxn.java","267505","229836","497341"
"2018-09-28 23:38","ServerCnxn.java","113531","101961","215492"
"2019-11-11 13:59","ServerCnxn.java","262538","228113","490651"
"2015-10-18 19:00","QuorumPeer.java","5264","2566","7830"
"2018-12-20 15:13","QuorumPeer.java","229539","217113","446652"
"2019-05-16 16:25","QuorumPeer.java","240862","217207","458069"
"2018-10-16 16:22","QuorumPeer.java","233537","196284","429821"
"2019-06-14 09:06","QuorumPeer.java","244078","217224","461302"
"2018-12-07 12:41","QuorumPeer.java","226552","217112","443664"
"2019-03-11 19:47","QuorumPeer.java","235987","217133","453120"
"2019-02-13 13:12","QuorumPeer.java","234936","217134","452070"
"2019-04-12 19:01","QuorumPeer.java","237870","217207","455077"
"2018-12-09 03:16","QuorumPeer.java","228626","217112","445738"
"2018-09-11 15:23","QuorumPeer.java","132007","112425","244432"
"2019-11-29 14:49","QuorumPeer.java","264092","218679","482771"
"2018-12-15 07:34","QuorumPeer.java","228541","217112","445653"
"2018-11-27 10:02","QuorumPeer.java","226302","217112","443414"
"2018-09-18 01:00","QuorumPeer.java","133385","112548","245933"
"2019-06-03 19:40","QuorumPeer.java","241411","217224","458635"
"2019-07-15 14:15","QuorumPeer.java","251500","217225","468725"
"2019-07-03 00:44","QuorumPeer.java","244093","217224","461317"
"2019-08-17 17:13","QuorumPeer.java","256081","217225","473306"
"2015-06-27 02:03","QuorumPeer.java","2932","1306","4238"
"2017-11-28 00:10","QuorumPeer.java","27278","15437","42715"
"2018-01-30 08:02","QuorumPeer.java","27841","15847","43688"
"2019-05-15 11:56","QuorumPeer.java","240817","217207","458024"
"2019-06-05 00:33","QuorumPeer.java","241801","217224","459025"
"2019-05-20 23:13","QuorumPeer.java","240935","217207","458142"
"2019-06-04 10:55","QuorumPeer.java","241564","217224","458788"
"2019-07-12 17:01","QuorumPeer.java","251394","217225","468619"
"2020-01-09 11:27","QuorumPeer.java","265640","218681","484321"
"2017-02-09 11:40","QuorumPeer.java","19584","8967","28551"
"2017-07-06 18:48","QuorumPeer.java","21495","13192","34687"
"2018-10-01 06:11","QuorumPeer.java","136640","113224","249864"
"2018-07-04 17:11","QuorumPeer.java","41029","25474","66503"
"2019-12-17 13:48","QuorumPeer.java","264664","218679","483343"
"2015-12-07 05:59","QuorumPeer.java","6320","2864","9184"
"2020-01-23 13:43","QuorumPeer.java","267464","218681","486145"
"2016-06-23 23:45","QuorumPeer.java","11020","6494","17514"
"2016-06-23 23:25","QuorumPeer.java","10877","6459","17336"
"2018-12-06 10:56","QuorumPeer.java","226496","217112","443608"
"2019-10-10 14:37","QuorumPeer.java","259834","217225","477059"
"2017-07-27 23:09","QuorumPeer.java","22023","14706","36729"
"2018-06-26 11:18","QuorumPeer.java","31922","16385","48307"
"2018-07-27 12:32","QuorumPeer.java","52752","35997","88749"
"2019-04-18 19:17","QuorumPeer.java","238580","217207","455787"
"2016-12-20 14:47","QuorumPeer.java","18143","8661","26804"
"2017-05-11 16:59","QuorumPeer.java","20291","12855","33146"
"2016-06-02 00:59","QuorumPeer.java","10449","6400","16849"
"2020-02-16 10:25","QuorumPeer.java","268177","218681","486858"
"2018-12-09 03:16","FollowerRequestProcessor.java","230337","90094","320431"
"2013-03-07 07:01","FollowerRequestProcessor.java","126288","15099","141387"
"2016-10-07 21:51","FollowerRequestProcessor.java","162258","18960","181218"
"2019-08-17 17:13","FollowerRequestProcessor.java","257706","90121","347827"
"2009-05-20 20:51","FollowerRequestProcessor.java","43852","4022","47874"
"2015-06-04 19:51","FollowerRequestProcessor.java","155405","17158","172563"
"2009-06-15 22:52","FollowerRequestProcessor.java","47429","4422","51851"
"2019-08-01 07:31","FollowerRequestProcessor.java","258377","90121","348498"
"2014-03-23 04:12","FollowerRequestProcessor.java","135998","15439","151437"
"2020-03-25 03:38","FollowerRequestProcessor.java","270947","90577","361524"
"2014-07-18 19:46","FollowerRequestProcessor.java","147098","16931","164029"
"2019-10-10 14:37","FollowerRequestProcessor.java","261459","90121","351580"
"2011-10-28 18:37","FollowerRequestProcessor.java","108354","13637","121991"
"2011-04-12 09:14","FollowerRequestProcessor.java","99928","10870","110798"
"2011-07-15 06:50","FollowerRequestProcessor.java","100362","9360","109722"
"2020-05-05 21:20","FollowerRequestProcessor.java","271978","90577","362555"
"2013-10-09 22:21","FollowerRequestProcessor.java","131663","15279","146942"
"2010-08-18 08:24","FollowerRequestProcessor.java","107970","9957","117927"
"2015-03-08 23:07","FollowerRequestProcessor.java","151952","17087","169039"
"2019-06-07 14:13","SessionTest.java","158430","154376","312806"
"2019-08-17 17:13","SessionTest.java","174230","156280","330510"
"2019-10-10 14:37","SessionTest.java","178985","157282","336267"
"2019-12-28 16:17","SessionTest.java","186009","159474","345483"
"2019-08-17 17:13","ZkDatabaseCorruptionTest.java","256407","187774","444181"
"2019-10-10 14:37","ZkDatabaseCorruptionTest.java","260160","187774","447934"
"2014-05-15 03:35","ZkDatabaseCorruptionTest.java","25528","9498","35026"
"2014-01-27 14:37","ZkDatabaseCorruptionTest.java","15539","2699","18238"
"2018-04-06 06:04","ZkDatabaseCorruptionTest.java","66594","23769","90363"
"2016-08-24 01:36","ZkDatabaseCorruptionTest.java","52445","17679","70124"
"2013-03-07 07:01","KeeperException.java","120716","22013","142729"
"2011-07-01 00:53","KeeperException.java","98710","18331","117041"
"2012-02-06 09:56","KeeperException.java","105305","20762","126067"
"2014-01-24 07:18","KeeperException.java","129675","22239","151914"
"2019-08-17 17:13","KeeperException.java","257687","103426","361113"
"2009-06-26 22:29","KeeperException.java","44197","5880","50077"
"2014-04-30 04:30","KeeperException.java","134326","23611","157937"
"2019-07-24 18:00","KeeperException.java","254142","103426","357568"
"2009-03-27 06:25","KeeperException.java","1238","387","1625"
"2016-11-13 20:59","KeeperException.java","159107","26042","185149"
"2017-07-28 00:36","KeeperException.java","158951","27040","185991"
"2020-03-25 03:38","KeeperException.java","270930","103884","374814"
"2009-12-11 21:24","KeeperException.java","60323","8661","68984"
"2018-07-27 05:16","KeeperException.java","175033","33980","209013"
"2011-05-20 01:17","KeeperException.java","94380","17827","112207"
"2013-10-09 22:21","KeeperException.java","126091","22193","148284"
"2019-07-29 17:15","JFloat.java","254590","167551","422141"
"2019-10-10 14:37","ACLTest.java","259640","222020","481660"
"2017-09-11 18:55","ACLTest.java","11244","8249","19493"
"2016-11-13 20:59","ACLTest.java","4196","610","4806"
"2019-05-06 18:32","ACLTest.java","240222","222001","462223"
"2017-08-18 23:35","ACLTest.java","11002","8085","19087"
"2019-08-17 17:13","ACLTest.java","255887","222020","477907"
"2019-10-10 14:37","SaslServerPrincipal.java","3289","2901","6190"
"2019-10-10 14:37","DistributedQueue.java","30687","27642","58329"
"2019-08-27 09:23","DistributedQueue.java","25905","26020","51925"
"2017-06-08 17:51","ClientBase.java","1900","4698","6598"
"2017-04-18 01:37","ClientBase.java","1566","3732","5298"
"2018-09-07 02:49","ClientBase.java","115705","107433","223138"
"2019-07-31 19:06","ClientBase.java","254581","226742","481323"
"2017-09-11 18:55","ClientBase.java","4480","6820","11300"
"2019-08-17 17:13","ClientBase.java","255274","226742","482016"
"2019-06-07 14:13","ClientBase.java","241377","226741","468118"
"2018-04-24 00:20","ClientBase.java","11458","8022","19480"
"2018-08-08 06:21","ClientBase.java","84510","77103","161613"
"2018-05-09 23:57","ClientBase.java","12485","8264","20749"
"2019-06-24 11:05","ClientBase.java","242606","226741","469347"
"2019-11-14 16:44","ClientBase.java","263349","226790","490139"
"2019-10-10 14:37","ClientBase.java","259027","226742","485769"
"2020-03-19 17:09","Learner.java","18328","10092","28420"
"2020-02-03 04:30","Learner.java","15055","8324","23379"
"2020-01-23 13:43","Learner.java","14381","8207","22588"
"2020-03-25 03:38","Learner.java","19231","10199","29430"
"2019-11-28 12:24","Learner.java","6767","5614","12381"
"2019-12-27 22:33","Learner.java","11303","6378","17681"
"2020-01-25 18:48","Learner.java","14577","8213","22790"
"2020-05-03 19:43","Learner.java","20905","10937","31842"
"2019-11-29 14:49","Learner.java","8927","6123","15050"
"2020-05-17 15:13","ClientReconnectTest.java","30333","16388","46721"
"2019-04-10 13:19","FileSnap.java","236306","229058","465364"
"2019-07-31 19:06","FileSnap.java","254382","229095","483477"
"2020-01-30 09:43","FileSnap.java","267322","230868","498190"
"2019-05-27 10:54","FileSnap.java","240377","229077","469454"
"2019-08-17 17:13","FileSnap.java","255075","229095","484170"
"2019-12-03 19:12","FileSnap.java","263461","230866","494327"
"2019-12-27 22:33","FileSnap.java","265525","230867","496392"
"2019-10-10 14:37","FileSnap.java","258829","229096","487925"
"2020-01-28 17:26","FileSnap.java","267246","230868","498114"
"2011-08-11 08:00","FourLetterWordsTest.java","47946","19842","67788"
"2010-07-05 20:20","FourLetterWordsTest.java","34208","13704","47912"
"2014-01-25 01:17","FourLetterWordsTest.java","83687","29161","112848"
"2010-03-12 19:26","FourLetterWordsTest.java","18543","9144","27687"
"2019-10-10 14:37","FourLetterWordsTest.java","260786","158337","419123"
"2015-11-08 22:36","FourLetterWordsTest.java","106306","31903","138209"
"2015-07-05 06:05","FourLetterWordsTest.java","104965","31800","136765"
"2015-06-28 21:09","FourLetterWordsTest.java","104895","31800","136695"
"2015-03-28 20:08","FourLetterWordsTest.java","102990","31595","134585"
"2019-08-17 17:13","FourLetterWordsTest.java","257033","158337","415370"
"2019-05-08 21:54","FourLetterWordsTest.java","241536","158338","399874"
"2015-07-10 08:19","FourLetterWordsTest.java","105271","31851","137122"
"2012-02-11 00:34","FourLetterWordsTest.java","57000","25296","82296"
"2018-10-16 16:22","QuorumPeerConfig.java","231628","202678","434306"
"2018-12-09 03:16","QuorumPeerConfig.java","227788","224577","452365"
"2019-04-12 19:01","QuorumPeerConfig.java","237038","224678","461716"
"2018-09-11 15:23","QuorumPeerConfig.java","113920","102641","216561"
"2018-12-15 07:34","QuorumPeerConfig.java","227703","224577","452280"
"2019-02-13 13:12","QuorumPeerConfig.java","234099","224600","458699"
"2019-08-17 17:13","QuorumPeerConfig.java","255250","224697","479947"
"2017-11-28 00:10","QuorumPeerConfig.java","5931","2393","8324"
"2019-06-05 00:29","QuorumPeerConfig.java","240916","224696","465612"
"2020-01-09 11:27","QuorumPeerConfig.java","264980","226324","491304"
"2019-07-12 17:01","QuorumPeerConfig.java","250563","224697","475260"
"2019-05-15 11:56","QuorumPeerConfig.java","239985","224678","464663"
"2018-10-01 06:11","QuorumPeerConfig.java","118572","103459","222031"
"2017-07-28 00:36","QuorumPeerConfig.java","660","1542","2202"
"2020-01-23 13:43","QuorumPeerConfig.java","266804","226324","493128"
"2019-10-10 14:37","QuorumPeerConfig.java","259003","224697","483700"
"2018-07-27 12:32","QuorumPeerConfig.java","32923","24471","57394"
"2019-04-18 19:17","QuorumPeerConfig.java","237748","224678","462426"
"2020-02-16 10:25","QuorumPeerConfig.java","267517","226324","493841"
"2020-05-14 18:18","QuorumPeerConfig.java","270835","226417","497252"
"2009-06-25 00:59","ZooKeeper.java","58941","8874","67815"
"2019-02-06 09:46","ZooKeeper.java","235382","90977","326359"
"2019-01-16 14:21","ZooKeeper.java","233659","90977","324636"
"2017-04-18 02:02","ZooKeeper.java","166764","22545","189309"
"2019-11-08 17:30","ZooKeeper.java","263320","91004","354324"
"2019-02-07 11:26","ZooKeeper.java","236011","90977","326988"
"2013-03-07 07:01","ZooKeeper.java","128422","18150","146572"
"2011-07-01 00:53","ZooKeeper.java","107372","14552","121924"
"2013-12-17 17:55","ZooKeeper.java","135419","18343","153762"
"2012-02-06 09:56","ZooKeeper.java","113079","16967","130046"
"2012-03-17 01:31","ZooKeeper.java","114720","17103","131823"
"2012-11-17 15:03","ZooKeeper.java","120153","17417","137570"
"2017-05-01 17:19","ZooKeeper.java","166894","22548","189442"
"2010-11-10 23:36","ZooKeeper.java","141637","13464","155101"
"2014-01-24 07:18","ZooKeeper.java","137360","18355","155715"
"2019-08-17 17:13","ZooKeeper.java","257706","91004","348710"
"2009-05-20 20:48","ZooKeeper.java","46621","7680","54301"
"2015-06-04 19:51","ZooKeeper.java","157468","20138","177606"
"2016-10-07 21:51","ZooKeeper.java","164293","21912","186205"
"2015-03-16 09:09","ZooKeeper.java","154364","20078","174442"
"2015-03-17 18:06","ZooKeeper.java","155076","20080","175156"
"2016-05-02 18:15","ZooKeeper.java","161219","21604","182823"
"2019-06-26 10:57","ZooKeeper.java","245556","91004","336560"
"2019-06-03 19:40","ZooKeeper.java","243037","91004","334041"
"2018-05-09 23:57","ZooKeeper.java","173612","23008","196620"
"2009-04-09 23:02","ZooKeeper.java","20855","6856","27711"
"2009-03-27 06:25","ZooKeeper.java","19854","6562","26416"
"2019-08-03 08:42","ZooKeeper.java","258414","91004","349418"
"2016-11-13 20:59","ZooKeeper.java","166556","21922","188478"
"2013-02-03 15:52","ZooKeeper.java","124122","17913","142035"
"2012-09-28 18:32","ZooKeeper.java","118058","17290","135348"
"2017-07-28 00:36","ZooKeeper.java","166297","22817","189114"
"2017-08-18 23:35","ZooKeeper.java","166814","22849","189663"
"2017-07-04 07:56","ZooKeeper.java","166889","22799","189688"
"2009-01-28 01:21","ZooKeeper.java","3890","4580","8470"
"2009-12-11 20:38","ZooKeeper.java","75047","10980","86027"
"2009-11-12 21:02","ZooKeeper.java","67474","10785","78259"
"2010-01-26 03:22","ZooKeeper.java","79734","11589","91323"
"2010-01-05 18:32","ZooKeeper.java","76018","11287","87305"
"2009-11-07 01:48","ZooKeeper.java","66788","10702","77490"
"2009-10-31 00:09","ZooKeeper.java","66190","10509","76699"
"2020-04-16 12:50","ZooKeeper.java","271736","91460","363196"
"2018-07-27 05:16","ZooKeeper.java","181829","29207","211036"
"2019-10-10 14:37","ZooKeeper.java","261459","91004","352463"
"2014-04-01 04:03","ZooKeeper.java","139020","18535","157555"
"2010-02-08 23:36","ZooKeeper.java","79406","11600","91006"
"2009-08-07 20:00","ZooKeeper.java","61311","9149","70460"
"2012-12-19 19:16","ZooKeeper.java","123590","17874","141464"
"2019-02-11 12:34","ZooKeeper.java","236374","90977","327351"
"2014-07-08 20:18","ZooKeeper.java","145246","19874","165120"
"2010-11-30 21:16","ZooKeeper.java","142144","13604","155748"
"2020-05-17 15:13","ZooKeeper.java","272108","91461","363569"
"2017-01-09 22:49","ZooKeeper.java","168299","22097","190396"
"2011-05-20 01:17","ZooKeeper.java","103043","14049","117092"
"2019-03-12 19:08","ZooKeeper.java","237808","90983","328791"
"2011-09-06 00:58","ZooKeeper.java","109703","12595","122298"
"2009-01-31 00:01","ZooKeeper.java","13289","5169","18458"
"2014-07-22 06:51","ZooKeeper.java","149506","19936","169442"
"2014-04-29 02:23","ZooKeeper.java","141987","19717","161704"
"2019-08-17 17:13","FourLetterWordMain.java","63127","35700","98827"
"2019-01-31 15:50","FourLetterWordMain.java","11767","6673","18440"
"2018-09-15 00:08","ZooKeeperServer.java","43435","40982","84417"
"2019-04-12 19:01","ZooKeeperServer.java","194686","191754","386440"
"2019-07-31 19:06","ZooKeeperServer.java","212235","191803","404038"
"2019-09-11 10:27","ZooKeeperServer.java","214285","191804","406089"
"2019-01-14 19:38","ZooKeeperServer.java","188016","191599","379615"
"2019-01-07 15:34","ZooKeeperServer.java","187617","191599","379216"
"2018-11-21 17:56","ZooKeeperServer.java","174552","185337","359889"
"2019-02-13 13:12","ZooKeeperServer.java","191742","191671","383413"
"2018-09-18 01:00","ZooKeeperServer.java","44209","41103","85312"
"2019-03-04 08:07","ZooKeeperServer.java","192321","191673","383994"
"2019-07-08 23:26","ZooKeeperServer.java","201703","191802","393505"
"2019-01-23 14:00","ZooKeeperServer.java","189453","191601","381054"
"2019-02-13 13:19","ZooKeeperServer.java","192028","191671","383699"
"2019-05-14 17:11","ZooKeeperServer.java","197569","191777","389346"
"2019-06-04 10:55","ZooKeeperServer.java","198406","191797","390203"
"2019-04-09 15:35","ZooKeeperServer.java","193657","191675","385332"
"2019-08-03 08:42","ZooKeeperServer.java","213636","191803","405439"
"2019-05-15 11:56","ZooKeeperServer.java","197656","191777","389433"
"2019-05-22 11:39","ZooKeeperServer.java","198105","191780","389885"
"2019-04-22 19:15","ZooKeeperServer.java","195661","191754","387415"
"2019-09-10 04:26","ZooKeeperServer.java","213974","191804","405778"
"2019-08-17 17:13","ZooKeeperServer.java","212928","191803","404731"
"2019-09-05 23:12","ZooKeeperServer.java","213848","191804","405652"
"2019-09-10 15:21","ZooKeeperServer.java","213972","191804","405776"
"2019-08-01 07:31","ZooKeeperServer.java","213599","191803","405402"
"2019-08-01 07:28","ZooKeeperServer.java","213109","191803","404912"
"2019-06-03 19:40","ZooKeeperServer.java","198253","191797","390050"
"2019-11-23 17:08","ZooKeeperServer.java","219575","193749","413324"
"2019-10-09 16:49","ZooKeeperServer.java","216515","191804","408319"
"2019-07-03 00:44","ZooKeeperServer.java","200940","191802","392742"
"2019-07-24 18:00","ZooKeeperServer.java","209383","191803","401186"
"2019-12-27 22:33","ZooKeeperServer.java","223564","193761","417325"
"2018-09-11 00:17","ZooKeeperServer.java","41851","40947","82798"
"2019-11-18 09:05","ZooKeeperServer.java","218018","193749","411767"
"2019-10-10 14:37","ZooKeeperServer.java","216682","191804","408486"
"2019-09-16 23:26","ZooKeeperServer.java","215948","191804","407752"
"2019-12-03 10:01","ZooKeeperServer.java","221477","193749","415226"
"2020-03-25 03:38","ZooKeeperServer.java","227712","193802","421514"
"2019-11-28 12:24","ZooKeeperServer.java","219780","193749","413529"
"2019-11-06 15:21","ZooKeeperServer.java","216946","191852","408798"
"2020-04-12 11:14","ZooKeeperServer.java","228622","193959","422581"
"2019-04-18 19:17","ZooKeeperServer.java","195396","191754","387150"
"2018-07-10 13:29","QuorumPeerInstance.java","35831","23601","59432"
"2018-12-20 07:24","QuorumPeerInstance.java","229304","220303","449607"
"2019-07-12 17:01","QuorumPeerInstance.java","251229","220415","471644"
"2017-09-11 18:55","QuorumPeerInstance.java","17406","12777","30183"
"2015-10-18 19:00","QuorumPeer.java","38564","12895","51459"
"2018-12-20 15:13","QuorumPeer.java","229838","194441","424279"
"2019-05-16 16:25","QuorumPeer.java","241150","194524","435674"
"2018-10-16 16:22","QuorumPeer.java","235275","175051","410326"
"2019-06-14 09:06","QuorumPeer.java","244365","194540","438905"
"2018-12-07 12:41","QuorumPeer.java","226851","194440","421291"
"2019-03-11 19:47","QuorumPeer.java","236285","194460","430745"
"2014-07-18 02:19","QuorumPeer.java","25765","9830","35595"
"2019-02-13 13:12","QuorumPeer.java","235234","194461","429695"
"2019-04-12 19:01","QuorumPeer.java","238158","194524","432682"
"2018-12-09 03:16","QuorumPeer.java","228925","194440","423365"
"2018-09-11 15:23","QuorumPeer.java","154236","111683","265919"
"2019-11-29 14:49","QuorumPeer.java","264272","195888","460160"
"2018-12-15 07:34","QuorumPeer.java","228840","194440","423280"
"2018-11-27 10:02","QuorumPeer.java","226601","194440","421041"
"2018-09-18 01:00","QuorumPeer.java","155561","111753","267314"
"2019-06-03 19:40","QuorumPeer.java","241698","194540","436238"
"2019-07-15 14:15","QuorumPeer.java","251786","194540","446326"
"2015-03-17 18:06","QuorumPeer.java","33051","11143","44194"
"2019-07-03 00:44","QuorumPeer.java","244380","194540","438920"
"2019-08-17 17:13","QuorumPeer.java","256367","194540","450907"
"2015-06-27 02:03","QuorumPeer.java","36285","11688","47973"
"2017-11-28 00:10","QuorumPeer.java","58479","23667","82146"
"2014-01-21 04:50","QuorumPeer.java","4982","648","5630"
"2014-06-04 22:07","QuorumPeer.java","18653","8518","27171"
"2018-01-30 08:02","QuorumPeer.java","59014","24049","83063"
"2019-05-15 11:56","QuorumPeer.java","241105","194524","435629"
"2019-06-05 00:33","QuorumPeer.java","242088","194540","436628"
"2019-05-20 23:13","QuorumPeer.java","241223","194524","435747"
"2019-06-04 10:55","QuorumPeer.java","241851","194540","436391"
"2019-07-12 17:01","QuorumPeer.java","251680","194540","446220"
"2020-01-09 11:27","QuorumPeer.java","265818","195888","461706"
"2017-02-09 11:40","QuorumPeer.java","52020","18432","70452"
"2017-07-06 18:48","QuorumPeer.java","53287","22013","75300"
"2018-10-01 06:11","QuorumPeer.java","158304","111917","270221"
"2015-04-09 20:16","QuorumPeer.java","34155","11184","45339"
"2018-07-04 17:11","QuorumPeer.java","70902","32376","103278"
"2019-12-17 13:48","QuorumPeer.java","264844","195888","460732"
"2015-12-07 05:59","QuorumPeer.java","39607","13180","52787"
"2020-01-23 13:43","QuorumPeer.java","267642","195888","463530"
"2016-06-23 23:45","QuorumPeer.java","43983","16486","60469"
"2016-06-23 23:25","QuorumPeer.java","43844","16455","60299"
"2014-03-23 04:12","QuorumPeer.java","7577","1023","8600"
"2014-07-18 20:48","QuorumPeer.java","26443","10049","36492"
"2014-07-04 04:19","QuorumPeer.java","20455","8677","29132"
"2018-12-06 10:56","QuorumPeer.java","226795","194440","421235"
"2014-06-25 15:04","QuorumPeer.java","19173","8541","27714"
"2014-03-28 01:58","QuorumPeer.java","8011","1039","9050"
"2013-10-21 23:36","QuorumPeer.java","3025","283","3308"
"2019-10-10 14:37","QuorumPeer.java","260120","194540","454660"
"2013-11-07 06:41","QuorumPeer.java","3588","415","4003"
"2017-07-27 23:09","QuorumPeer.java","53299","23011","76310"
"2014-05-18 05:49","QuorumPeer.java","18076","8430","26506"
"2014-03-25 22:13","QuorumPeer.java","7825","1035","8860"
"2018-06-26 11:18","QuorumPeer.java","62926","24418","87344"
"2018-07-27 12:32","QuorumPeer.java","82505","42779","125284"
"2019-04-18 19:17","QuorumPeer.java","238868","194524","433392"
"2013-10-09 22:21","QuorumPeer.java","2645","266","2911"
"2016-12-20 14:47","QuorumPeer.java","50714","18261","68975"
"2017-05-11 16:59","QuorumPeer.java","52147","21740","73887"
"2014-07-03 06:01","QuorumPeer.java","19943","8587","28530"
"2014-08-14 08:08","QuorumPeer.java","27738","10483","38221"
"2014-08-01 07:38","QuorumPeer.java","27235","10401","37636"
"2014-07-20 04:50","QuorumPeer.java","26544","10088","36632"
"2016-06-02 00:59","QuorumPeer.java","43442","16422","59864"
"2020-02-16 10:25","QuorumPeer.java","268355","195888","464243"
"2019-11-28 12:24","DataTree.java","182316","161965","344281"
"2019-10-10 14:37","DataTree.java","178973","159775","338748"
"2019-12-27 22:33","DataTree.java","186101","161978","348079"
"2019-11-11 13:59","DataTree.java","182684","159829","342513"
"2019-11-08 17:30","DataTree.java","180888","159829","340717"
"2019-01-30 16:28","DataTree.java","149090","156534","305624"
"2019-01-30 17:02","DataTree.java","149636","156536","306172"
"2019-02-07 11:26","DataTree.java","150318","156541","306859"
"2018-12-20 15:17","DataTree.java","139245","150200","289445"
"2019-09-10 09:53","DataTree.java","176249","159755","336004"
"2019-04-12 19:01","DataTree.java","154074","156822","310896"
"2019-07-31 19:06","DataTree.java","173491","158739","332230"
"2019-09-11 10:27","DataTree.java","176560","159759","336319"
"2019-08-01 07:31","DataTree.java","174855","158739","333594"
"2019-08-17 17:13","DataTree.java","174218","158773","332991"
"2019-09-10 15:21","DataTree.java","176243","159755","335998"
"2019-04-12 12:29","DataTree.java","153643","156822","310465"
"2019-08-03 08:42","DataTree.java","174905","158752","333657"
"2019-08-09 16:15","DataTree.java","175653","158752","334405"
"2019-04-29 16:49","DataTree.java","156121","156839","312960"
"2015-10-18 19:00","QuorumPeer.java","39149","13049","52198"
"2018-12-20 15:13","QuorumPeer.java","229840","194012","423852"
"2019-05-16 16:25","QuorumPeer.java","241152","194095","435247"
"2018-10-16 16:22","QuorumPeer.java","235306","174651","409957"
"2019-06-14 09:06","QuorumPeer.java","244367","194111","438478"
"2018-12-07 12:41","QuorumPeer.java","226853","194011","420864"
"2019-03-11 19:47","QuorumPeer.java","236287","194031","430318"
"2014-07-18 02:19","QuorumPeer.java","26350","9984","36334"
"2019-02-13 13:12","QuorumPeer.java","235236","194032","429268"
"2019-04-12 19:01","QuorumPeer.java","238160","194095","432255"
"2018-12-09 03:16","QuorumPeer.java","228927","194011","422938"
"2018-09-11 15:23","QuorumPeer.java","154727","111743","266470"
"2019-11-29 14:49","QuorumPeer.java","264272","195457","459729"
"2018-12-15 07:34","QuorumPeer.java","228842","194011","422853"
"2018-11-27 10:02","QuorumPeer.java","226603","194011","420614"
"2018-09-18 01:00","QuorumPeer.java","156052","111813","267865"
"2019-06-03 19:40","QuorumPeer.java","241700","194111","435811"
"2019-07-15 14:15","QuorumPeer.java","251788","194111","445899"
"2015-03-17 18:06","QuorumPeer.java","33636","11297","44933"
"2019-07-03 00:44","QuorumPeer.java","244382","194111","438493"
"2019-08-17 17:13","QuorumPeer.java","256369","194111","450480"
"2015-06-27 02:03","QuorumPeer.java","36870","11842","48712"
"2017-11-28 00:10","QuorumPeer.java","58995","23752","82747"
"2014-01-21 04:50","QuorumPeer.java","5614","849","6463"
"2014-06-04 22:07","QuorumPeer.java","19238","8672","27910"
"2018-01-30 08:02","QuorumPeer.java","59530","24134","83664"
"2019-05-15 11:56","QuorumPeer.java","241107","194095","435202"
"2019-06-05 00:33","QuorumPeer.java","242090","194111","436201"
"2019-05-20 23:13","QuorumPeer.java","241225","194095","435320"
"2019-06-04 10:55","QuorumPeer.java","241853","194111","435964"
"2019-07-12 17:01","QuorumPeer.java","251682","194111","445793"
"2020-01-09 11:27","QuorumPeer.java","265818","195457","461275"
"2017-02-09 11:40","QuorumPeer.java","52593","18574","71167"
"2017-07-06 18:48","QuorumPeer.java","53810","22105","75915"
"2018-10-01 06:11","QuorumPeer.java","158795","111977","270772"
"2015-04-09 20:16","QuorumPeer.java","34740","11338","46078"
"2013-10-07 21:08","QuorumPeer.java","634","203","837"
"2018-07-04 17:11","QuorumPeer.java","71401","32444","103845"
"2019-12-17 13:48","QuorumPeer.java","264844","195457","460301"
"2015-12-07 05:59","QuorumPeer.java","40188","13330","53518"
"2020-01-23 13:43","QuorumPeer.java","267642","195457","463099"
"2016-06-23 23:45","QuorumPeer.java","44558","16630","61188"
"2016-06-23 23:25","QuorumPeer.java","44419","16599","61018"
"2014-03-23 04:12","QuorumPeer.java","8209","1224","9433"
"2014-07-18 20:48","QuorumPeer.java","27028","10203","37231"
"2014-07-04 04:19","QuorumPeer.java","21040","8831","29871"
"2018-12-06 10:56","QuorumPeer.java","226797","194011","420808"
"2014-06-25 15:04","QuorumPeer.java","19758","8695","28453"
"2014-03-28 01:58","QuorumPeer.java","8643","1240","9883"
"2013-10-21 23:36","QuorumPeer.java","3659","486","4145"
"2019-10-10 14:37","QuorumPeer.java","260122","194111","454233"
"2013-11-07 06:41","QuorumPeer.java","4222","618","4840"
"2017-07-27 23:09","QuorumPeer.java","53822","23103","76925"
"2014-05-18 05:49","QuorumPeer.java","18661","8584","27245"
"2014-03-25 22:13","QuorumPeer.java","8457","1236","9693"
"2018-06-26 11:18","QuorumPeer.java","63440","24501","87941"
"2018-07-27 12:32","QuorumPeer.java","83004","42847","125851"
"2019-04-18 19:17","QuorumPeer.java","238870","194095","432965"
"2013-10-09 22:21","QuorumPeer.java","3279","469","3748"
"2016-12-20 14:47","QuorumPeer.java","51287","18403","69690"
"2017-05-11 16:59","QuorumPeer.java","52670","21832","74502"
"2014-07-03 06:01","QuorumPeer.java","20528","8741","29269"
"2014-08-14 08:08","QuorumPeer.java","28323","10637","38960"
"2014-08-01 07:38","QuorumPeer.java","27820","10555","38375"
"2014-07-20 04:50","QuorumPeer.java","27129","10242","37371"
"2016-06-02 00:59","QuorumPeer.java","44017","16566","60583"
"2020-02-16 10:25","QuorumPeer.java","268355","195457","463812"
"2020-01-30 09:43","PurgeTxnLog.java","22363","11889","34252"
"2019-10-10 14:37","PurgeTxnLog.java","7470","3717","11187"
"2019-11-28 12:24","PurgeTxnLog.java","14222","9316","23538"
"2019-11-28 12:24","DataTree.java","262877","178195","441072"
"2019-10-10 14:37","DataTree.java","260495","176966","437461"
"2019-12-27 22:33","DataTree.java","266649","178195","444844"
"2015-06-06 03:48","DataTree.java","61505","19209","80714"
"2019-11-11 13:59","DataTree.java","264180","176994","441174"
"2018-07-10 13:29","DataTree.java","93436","36931","130367"
"2012-12-19 19:16","DataTree.java","19770","9193","28963"
"2014-04-17 08:47","DataTree.java","43807","17382","61189"
"2014-04-29 02:23","DataTree.java","44519","17388","61907"
"2011-09-28 22:17","DataTree.java","347","90","437"
"2018-09-28 23:38","DataTree.java","175965","111634","287599"
"2011-10-20 18:48","DataTree.java","657","2240","2897"
"2019-11-08 17:30","DataTree.java","262384","176994","439378"
"2013-09-05 23:50","DataTree.java","27480","10631","38111"
"2019-01-30 16:28","DataTree.java","233793","176906","410699"
"2019-01-30 17:02","DataTree.java","234337","176906","411243"
"2016-11-24 17:18","DataTree.java","74576","24513","99089"
"2017-09-11 18:55","DataTree.java","77318","28414","105732"
"2012-02-06 10:39","DataTree.java","5666","4690","10356"
"2011-12-21 21:39","DataTree.java","4096","3988","8084"
"2017-02-05 07:22","DataTree.java","76194","24692","100886"
"2014-07-18 02:19","DataTree.java","52180","18296","70476"
"2019-02-07 11:26","DataTree.java","235015","176907","411922"
"2013-03-07 07:01","DataTree.java","25366","10233","35599"
"2018-09-04 11:54","DataTree.java","170640","111393","282033"
"2018-09-05 22:35","DataTree.java","170915","111412","282327"
"2018-12-20 15:17","DataTree.java","230281","176905","407186"
"2019-09-10 09:53","DataTree.java","257791","176966","434757"
"2019-04-12 19:01","DataTree.java","238550","176967","415517"
"2019-07-31 19:06","DataTree.java","256049","176966","433015"
"2019-09-11 10:27","DataTree.java","258098","176966","435064"
"2013-10-22 12:54","DataTree.java","31986","11068","43054"
"2016-03-23 00:30","DataTree.java","66932","23197","90129"
"2019-08-01 07:31","DataTree.java","257413","176966","434379"
"2014-01-24 07:18","DataTree.java","35119","11253","46372"
"2019-08-17 17:13","DataTree.java","256742","176966","433708"
"2019-09-10 15:21","DataTree.java","257785","176966","434751"
"2015-06-04 19:51","DataTree.java","61393","19202","80595"
"2016-10-07 21:51","DataTree.java","71159","23917","95076"
"2017-06-18 19:23","DataTree.java","76086","27496","103582"
"2019-04-12 12:29","DataTree.java","238119","176967","415086"
"2019-08-03 08:42","DataTree.java","257450","176966","434416"
"2019-08-09 16:15","DataTree.java","258198","176966","435164"
"2016-11-13 20:59","DataTree.java","73431","23936","97367"
"2019-04-29 16:49","DataTree.java","240580","176967","417547"
"2019-10-10 14:37","JMXEnv.java","260685","178405","439090"
"2019-12-27 22:33","JMXEnv.java","266704","179499","446203"
"2014-01-25 01:17","JMXEnv.java","49186","13770","62956"
"2015-11-03 08:11","JMXEnv.java","77463","22368","99831"
"2013-11-19 02:03","JMXEnv.java","46250","13641","59891"
"2014-01-16 23:59","JMXEnv.java","47421","13741","61162"
"2011-07-19 23:38","JMXEnv.java","10180","1570","11750"
"2011-09-01 19:15","JMXEnv.java","14660","1833","16493"
"2019-01-14 19:38","JMXEnv.java","232158","178339","410497"
"2014-06-04 22:07","JMXEnv.java","59524","20001","79525"
"2019-08-17 17:13","JMXEnv.java","256932","178405","435337"
"2019-06-03 19:40","JMXEnv.java","242263","178405","420668"
"2011-12-28 07:07","ServerCnxnFactory.java","24098","21452","45550"
"2013-10-05 00:57","ServerCnxnFactory.java","46758","26675","73433"
"2019-11-14 03:54","ServerCnxnFactory.java","264994","187413","452407"
"2019-11-11 13:59","ServerCnxnFactory.java","264395","187413","451808"
"2011-04-12 09:14","ServerCnxnFactory.java","5707","14662","20369"
"2012-08-28 21:51","ServerCnxnFactory.java","31889","24333","56222"
"2017-04-19 01:19","ServerCnxnFactory.java","91084","39588","130672"
"2012-02-11 00:34","ServerCnxnFactory.java","25381","21811","47192"
"2018-10-24 04:03","ServerCnxnFactory.java","236776","156287","393063"
"2013-03-07 07:01","ServerCnxnFactory.java","43840","26292","70132"
"2011-08-19 00:05","ServerCnxnFactory.java","17925","15526","33451"
"2014-07-18 02:19","ServerCnxnFactory.java","70119","33820","103939"
"2019-02-13 13:12","ServerCnxnFactory.java","235878","187360","423238"
"2017-10-07 21:22","ServerCnxnFactory.java","92007","40631","132638"
"2019-08-17 17:13","ServerCnxnFactory.java","256985","187413","444398"
"2019-06-07 14:13","ServerCnxnFactory.java","243089","187413","430502"
"2019-07-03 00:44","ServerCnxnFactory.java","244998","187413","432411"
"2015-03-17 18:06","ServerCnxnFactory.java","76494","34222","110716"
"2015-03-28 20:08","ServerCnxnFactory.java","77496","34235","111731"
"2016-05-02 18:15","ServerCnxnFactory.java","83990","37099","121089"
"2012-12-08 00:38","ServerCnxnFactory.java","35912","24997","60909"
"2012-12-19 19:07","ServerCnxnFactory.java","37882","25771","63653"
"2018-06-08 16:52","ZooKeeperServerMain.java","20143","10070","30213"
"2019-04-18 19:17","ZooKeeperServerMain.java","238385","222233","460618"
"2019-11-11 13:59","ZooKeeperServerMain.java","263345","222300","485645"
"2019-11-28 12:24","ZooKeeperServerMain.java","262371","223830","486201"
"2019-11-25 15:37","ZooKeeperServerMain.java","262273","223830","486103"
"2019-08-17 17:13","ZooKeeperServerMain.java","255887","222252","478139"
"2017-07-28 00:36","ZooKeeperServerMain.java","10513","8313","18826"
"2019-04-12 19:01","ZooKeeperServerMain.java","237675","222233","459908"
"2018-09-11 15:23","ZooKeeperServerMain.java","122111","107750","229861"
"2017-02-12 00:12","ZooKeeperServerMain.java","7513","5367","12880"
"2019-11-28 12:24","DataTree.java","262870","176605","439475"
"2019-10-10 14:37","DataTree.java","260412","175300","435712"
"2019-12-27 22:33","DataTree.java","266642","176605","443247"
"2015-06-06 03:48","DataTree.java","61123","17244","78367"
"2019-11-11 13:59","DataTree.java","264097","175328","439425"
"2018-07-10 13:29","DataTree.java","92919","34831","127750"
"2012-12-19 19:16","DataTree.java","19172","7012","26184"
"2014-04-17 08:47","DataTree.java","43407","15399","58806"
"2014-04-29 02:23","DataTree.java","44119","15405","59524"
"2018-09-28 23:38","DataTree.java","175472","109558","285030"
"2019-11-08 17:30","DataTree.java","262301","175328","437629"
"2013-09-05 23:50","DataTree.java","27073","8641","35714"
"2019-01-30 16:28","DataTree.java","233694","175224","408918"
"2019-01-30 17:02","DataTree.java","234238","175224","409462"
"2016-11-24 17:18","DataTree.java","74208","22562","96770"
"2017-09-11 18:55","DataTree.java","76801","26314","103115"
"2012-02-06 10:39","DataTree.java","5050","2491","7541"
"2011-12-21 21:39","DataTree.java","3475","1784","5259"
"2017-02-05 07:22","DataTree.java","75826","22741","98567"
"2014-07-18 02:19","DataTree.java","51782","16315","68097"
"2019-02-07 11:26","DataTree.java","234916","175225","410141"
"2013-03-07 07:01","DataTree.java","24959","8243","33202"
"2018-09-04 11:54","DataTree.java","170140","109310","279450"
"2018-09-05 22:35","DataTree.java","170415","109329","279744"
"2018-12-20 15:17","DataTree.java","230182","175223","405405"
"2019-09-10 09:53","DataTree.java","257708","175300","433008"
"2019-04-12 19:01","DataTree.java","238466","175300","413766"
"2019-07-31 19:06","DataTree.java","255966","175300","431266"
"2019-09-11 10:27","DataTree.java","258015","175300","433315"
"2013-10-22 12:54","DataTree.java","31579","9078","40657"
"2016-03-23 00:30","DataTree.java","66556","21238","87794"
"2019-08-01 07:31","DataTree.java","257330","175300","432630"
"2014-01-24 07:18","DataTree.java","34716","9267","43983"
"2019-08-17 17:13","DataTree.java","256659","175300","431959"
"2019-09-10 15:21","DataTree.java","257702","175300","433002"
"2015-06-04 19:51","DataTree.java","61011","17237","78248"
"2016-10-07 21:51","DataTree.java","70785","21960","92745"
"2017-06-18 19:23","DataTree.java","75754","25581","101335"
"2019-04-12 12:29","DataTree.java","238035","175300","413335"
"2019-08-03 08:42","DataTree.java","257367","175300","432667"
"2019-08-09 16:15","DataTree.java","258115","175300","433415"
"2016-11-13 20:59","DataTree.java","73058","21980","95038"
"2019-04-29 16:49","DataTree.java","240496","175300","415796"
"2019-04-10 13:19","ZooKeeperServerTest.java","238011","177193","415204"
"2019-08-17 17:13","ZooKeeperServerTest.java","256742","177192","433934"
"2019-08-17 17:13","WatchedEventTest.java","256750","177002","433752"
"2019-08-17 17:13","TxnLogToolkitTest.java","255010","229914","484924"
"2018-05-10 22:14","TxnLogToolkitTest.java","1510","452","1962"
"2019-10-10 14:37","JUnit4ZKTestRunner.java","260685","178405","439090"
"2015-07-07 07:11","JUnit4ZKTestRunner.java","76443","22280","98723"
"2013-12-21 22:05","JUnit4ZKTestRunner.java","47163","13693","60856"
"2011-09-17 02:13","JUnit4ZKTestRunner.java","16250","4783","21033"
"2019-05-08 21:54","JUnit4ZKTestRunner.java","241435","178406","419841"
"2019-08-17 17:13","JUnit4ZKTestRunner.java","256932","178405","435337"
"2015-05-03 19:55","JUnit4ZKTestRunner.java","73591","21130","94721"
"2019-08-17 17:13","ClientSkipACLTest.java","256147","210991","467138"
"2019-07-03 00:44","NIOServerCnxnFactory.java","10602","4396","14998"
"2019-08-17 17:13","NIOServerCnxnFactory.java","47813","29620","77433"
"2019-08-03 08:42","NIOServerCnxnFactory.java","26477","7576","34053"
"2019-04-22 19:15","NIOServerCnxnFactory.java","998","23","1021"
"2019-10-10 14:37","NIOServerCnxnFactory.java","53666","31720","85386"
"2019-11-14 03:54","NIOServerCnxnFactory.java","58193","31991","90184"
"2019-06-03 19:40","FollowerZooKeeperServer.java","243219","48065","291284"
"2009-05-20 20:48","FollowerZooKeeperServer.java","91246","9184","100430"
"2019-08-17 17:13","FollowerZooKeeperServer.java","257888","48065","305953"
"2009-05-20 22:16","FollowerZooKeeperServer.java","91357","9227","100584"
"2009-02-02 23:26","FollowerZooKeeperServer.java","62154","8528","70682"
"2019-05-03 00:44","FollowerZooKeeperServer.java","241885","48065","289950"
"2019-06-04 10:55","FollowerZooKeeperServer.java","243372","48065","291437"
"2008-10-03 15:06","FollowerZooKeeperServer.java","28344","3484","31828"
"2008-09-04 19:02","FollowerZooKeeperServer.java","11672","1557","13229"
"2009-01-15 23:57","FollowerZooKeeperServer.java","50059","7840","57899"
"2018-08-06 14:11","FollowerZooKeeperServer.java","208122","19537","227659"
"2018-12-09 03:16","FollowerZooKeeperServer.java","230531","48050","278581"
"2018-11-21 17:56","FollowerZooKeeperServer.java","225963","48050","274013"
"2011-10-20 20:02","FollowerZooKeeperServer.java","144477","15768","160245"
"2011-04-12 09:14","FollowerZooKeeperServer.java","144009","12713","156722"
"2008-10-01 08:26","FollowerZooKeeperServer.java","27640","3045","30685"
"2010-08-18 08:24","FollowerZooKeeperServer.java","152416","12165","164581"
"2019-11-28 12:24","FollowerZooKeeperServer.java","263069","48340","311409"
"2019-12-27 22:33","FollowerZooKeeperServer.java","266841","48340","315181"
"2009-10-30 17:19","FollowerZooKeeperServer.java","108611","10659","119270"
"2009-12-18 03:19","FollowerZooKeeperServer.java","118843","11166","130009"
"2019-08-17 17:13","ZabUtils.java","38727","26740","65467"
"2011-08-11 08:00","FourLetterWordsTest.java","59555","20418","79973"
"2010-07-05 20:20","FourLetterWordsTest.java","46865","15028","61893"
"2014-01-25 01:17","FourLetterWordsTest.java","94819","29260","124079"
"2010-03-12 19:26","FourLetterWordsTest.java","31519","10787","42306"
"2019-10-10 14:37","FourLetterWordsTest.java","260940","147158","408098"
"2015-11-08 22:36","FourLetterWordsTest.java","117289","31853","149142"
"2015-07-05 06:05","FourLetterWordsTest.java","115952","31754","147706"
"2010-01-26 01:17","FourLetterWordsTest.java","14421","3088","17509"
"2015-06-28 21:09","FourLetterWordsTest.java","115882","31754","147636"
"2015-03-28 20:08","FourLetterWordsTest.java","113961","31533","145494"
"2019-08-17 17:13","FourLetterWordsTest.java","257187","147158","404345"
"2019-05-08 21:54","FourLetterWordsTest.java","241689","147158","388847"
"2015-07-10 08:19","FourLetterWordsTest.java","116259","31806","148065"
"2012-02-11 00:34","FourLetterWordsTest.java","68335","25598","93933"
"2019-07-12 17:01","QuorumBase.java","208241","191803","400044"
"2019-08-17 17:13","QuorumBase.java","212928","191803","404731"
"2019-08-01 07:31","QuorumBase.java","213599","191803","405402"
"2019-10-10 14:37","QuorumBase.java","216682","191804","408486"
"2020-03-25 03:38","QuorumBase.java","227712","193802","421514"
"2020-03-26 18:41","ZooKeeperMain.java","270255","223433","493688"
"2016-10-16 14:21","ZooKeeperMain.java","2517","969","3486"
"2020-04-01 17:02","ZooKeeperMain.java","270579","223433","494012"
"2019-10-10 14:37","ZooKeeperMain.java","259640","221853","481493"
"2020-03-26 22:19","ZooKeeperMain.java","270324","223433","493757"
"2019-11-28 12:24","ZooKeeperMain.java","262371","223431","485802"
"2016-11-13 20:59","ZooKeeperMain.java","4977","1224","6201"
"2019-08-03 08:42","ZooKeeperMain.java","256595","221853","478448"
"2017-07-28 00:36","ZooKeeperMain.java","11163","8564","19727"
"2019-08-17 17:13","ZooKeeperMain.java","255887","221853","477740"
"2018-08-06 14:11","ZooKeeperMain.java","43559","31014","74573"
"2020-03-26 18:41","ZooKeeperMain.java","270497","203300","473797"
"2016-10-16 14:21","ZooKeeperMain.java","39307","17384","56691"
"2020-04-01 17:02","ZooKeeperMain.java","270821","203300","474121"
"2019-10-10 14:37","ZooKeeperMain.java","260024","201862","461886"
"2015-11-22 00:33","ZooKeeperMain.java","31836","12986","44822"
"2020-03-26 22:19","ZooKeeperMain.java","270566","203300","473866"
"2015-11-08 22:54","ZooKeeperMain.java","31415","12858","44273"
"2016-07-27 01:33","ZooKeeperMain.java","37003","16628","53631"
"2019-11-28 12:24","ZooKeeperMain.java","262615","203300","465915"
"2016-11-13 20:59","ZooKeeperMain.java","41664","17536","59200"
"2019-08-03 08:42","ZooKeeperMain.java","256979","201862","458841"
"2017-07-28 00:36","ZooKeeperMain.java","46360","23386","69746"
"2016-05-02 18:15","ZooKeeperMain.java","35306","16197","51503"
"2015-03-28 20:08","ZooKeeperMain.java","26124","10645","36769"
"2019-08-17 17:13","ZooKeeperMain.java","256271","201862","458133"
"2018-08-06 14:11","ZooKeeperMain.java","76471","43551","120022"
"2019-08-17 17:13","DataTreeMXBean.java","257706","90102","347808"
"2019-11-08 17:30","Request.java","53346","32239","85585"
"2019-07-08 23:26","Request.java","8412","4143","12555"
"2019-08-06 17:11","Request.java","23928","7334","31262"
"2019-08-01 07:28","Request.java","22606","6932","29538"
"2019-06-26 10:57","Request.java","7210","3867","11077"
"2019-08-17 17:13","Request.java","45177","29684","74861"
"2019-06-05 00:46","Request.java","2012","659","2671"
"2020-03-25 03:38","Request.java","67884","39606","107490"
"2019-09-20 10:06","Request.java","49904","31548","81452"
"2019-09-16 23:26","Request.java","49756","31244","81000"
"2019-12-27 22:33","Request.java","62146","37975","100121"
"2019-11-11 13:59","Request.java","55173","32270","87443"
"2020-05-05 21:20","Request.java","72372","43063","115435"
"2020-03-19 17:09","Learner.java","269541","216206","485747"
"2020-02-03 04:30","Learner.java","268036","216206","484242"
"2020-01-23 13:43","Learner.java","267479","216206","483685"
"2017-07-04 07:39","Learner.java","23936","13415","37351"
"2020-03-25 03:38","Learner.java","270337","216206","486543"
"2015-03-15 08:54","Learner.java","769","278","1047"
"2019-11-28 12:24","Learner.java","262456","216204","478660"
"2019-12-27 22:33","Learner.java","266229","216205","482434"
"2020-01-25 18:48","Learner.java","267669","216206","483875"
"2020-05-03 19:43","Learner.java","271273","216206","487479"
"2016-08-13 15:01","Learner.java","15059","7348","22407"
"2019-10-10 14:37","Learner.java","259857","214758","474615"
"2019-06-03 19:40","Learner.java","241435","214758","456193"
"2015-03-17 18:06","Learner.java","1847","420","2267"
"2019-07-15 14:15","Learner.java","251523","214758","466281"
"2019-08-23 19:43","Learner.java","256770","214758","471528"
"2016-09-08 22:59","Learner.java","15704","7745","23449"
"2019-08-17 17:13","Learner.java","256104","214758","470862"
"2017-11-28 00:10","Learner.java","29984","15653","45637"
"2018-05-09 00:54","Learner.java","32814","16355","49169"
"2019-04-09 15:35","Learner.java","236873","214670","451543"
"2019-07-12 17:01","Learner.java","251417","214758","466175"
"2017-07-06 18:48","Learner.java","24219","13426","37645"
"2017-08-18 06:32","Learner.java","25342","15046","40388"
"2019-07-02 07:34","Learner.java","244047","214758","458805"
"2018-10-16 16:22","Learner.java","233562","193819","427381"
"2017-02-12 00:12","Learner.java","21941","12084","34025"
"2018-12-09 03:16","Learner.java","228651","214647","443298"
"2019-11-29 14:49","Learner.java","264107","216204","480311"
"2018-11-27 10:02","Learner.java","226327","214647","440974"
"2018-08-06 14:11","Learner.java","56186","36329","92515"
"2013-03-07 07:01","KeeperException.java","128422","18150","146572"
"2011-07-01 00:53","KeeperException.java","107372","14552","121924"
"2012-02-06 09:56","KeeperException.java","113079","16967","130046"
"2014-01-24 07:18","KeeperException.java","137360","18355","155715"
"2019-08-17 17:13","KeeperException.java","257706","91004","348710"
"2009-06-26 22:29","KeeperException.java","59646","8888","68534"
"2014-04-30 04:30","KeeperException.java","142001","19717","161718"
"2019-07-24 18:00","KeeperException.java","254161","91004","345165"
"2009-03-27 06:25","KeeperException.java","19854","6562","26416"
"2016-11-13 20:59","KeeperException.java","166556","21922","188478"
"2017-07-28 00:36","KeeperException.java","166297","22817","189114"
"2009-02-04 20:57","KeeperException.java","18725","6284","25009"
"2020-03-25 03:38","KeeperException.java","270947","91460","362407"
"2009-12-11 21:24","KeeperException.java","75119","11016","86135"
"2018-07-27 05:16","KeeperException.java","181829","29207","211036"
"2011-05-20 01:17","KeeperException.java","103043","14049","117092"
"2013-10-09 22:21","KeeperException.java","133777","18310","152087"
"2009-06-18 18:37","ProposalRequestProcessor.java","6256","2002","8258"
"2019-08-17 17:13","ProposalRequestProcessor.java","257503","129742","387245"
"2010-08-18 08:24","ProposalRequestProcessor.java","75252","17063","92315"
"2012-03-15 17:47","ProposalRequestProcessor.java","83884","24563","108447"
"2011-10-20 20:02","ProposalRequestProcessor.java","79524","23981","103505"
"2009-06-25 00:59","ZooKeeper.java","55967","5210","61177"
"2019-02-06 09:46","ZooKeeper.java","235378","90283","325661"
"2019-01-16 14:21","ZooKeeper.java","233655","90283","323938"
"2017-04-18 02:02","ZooKeeper.java","164561","19624","184185"
"2019-11-08 17:30","ZooKeeper.java","263316","90310","353626"
"2019-02-07 11:26","ZooKeeper.java","236007","90283","326290"
"2013-03-07 07:01","ZooKeeper.java","126083","15093","141176"
"2011-07-01 00:53","ZooKeeper.java","104975","11465","116440"
"2013-12-17 17:55","ZooKeeper.java","133099","15305","148404"
"2012-02-06 09:56","ZooKeeper.java","110727","13897","124624"
"2012-03-17 01:31","ZooKeeper.java","112373","14038","126411"
"2012-11-17 15:03","ZooKeeper.java","117809","14355","132164"
"2017-05-01 17:19","ZooKeeper.java","164691","19627","184318"
"2010-11-10 23:36","ZooKeeper.java","139238","10375","149613"
"2014-01-24 07:18","ZooKeeper.java","135041","15318","150359"
"2019-08-17 17:13","ZooKeeper.java","257702","90310","348012"
"2009-05-20 20:48","ZooKeeper.java","43624","3993","47617"
"2015-06-04 19:51","ZooKeeper.java","155195","17147","172342"
"2016-10-07 21:51","ZooKeeper.java","162056","18957","181013"
"2015-03-16 09:09","ZooKeeper.java","152086","17082","169168"
"2015-03-17 18:06","ZooKeeper.java","152799","17085","169884"
"2016-05-02 18:15","ZooKeeper.java","158987","18654","177641"
"2019-06-26 10:57","ZooKeeper.java","245552","90310","335862"
"2019-06-03 19:40","ZooKeeper.java","243033","90310","333343"
"2018-05-09 23:57","ZooKeeper.java","171421","20099","191520"
"2009-04-09 23:02","ZooKeeper.java","17825","3136","20961"
"2009-03-27 06:25","ZooKeeper.java","16815","2833","19648"
"2019-08-03 08:42","ZooKeeper.java","258410","90310","348720"
"2016-11-13 20:59","ZooKeeper.java","164319","18967","183286"
"2013-02-03 15:52","ZooKeeper.java","121774","14847","136621"
"2012-09-28 18:32","ZooKeeper.java","115713","14227","129940"
"2017-07-28 00:36","ZooKeeper.java","164097","19899","183996"
"2017-08-18 23:35","ZooKeeper.java","164614","19931","184545"
"2017-07-04 07:56","ZooKeeper.java","164689","19881","184570"
"2009-12-11 20:38","ZooKeeper.java","72537","7780","80317"
"2009-11-12 21:02","ZooKeeper.java","64939","7560","72499"
"2010-01-26 03:22","ZooKeeper.java","77253","8418","85671"
"2010-01-05 18:32","ZooKeeper.java","73520","8099","81619"
"2009-11-07 01:48","ZooKeeper.java","64230","7454","71684"
"2009-10-31 00:09","ZooKeeper.java","63578","7207","70785"
"2020-04-16 12:50","ZooKeeper.java","271732","90766","362498"
"2018-07-27 05:16","ZooKeeper.java","179689","26349","206038"
"2019-10-10 14:37","ZooKeeper.java","261455","90310","351765"
"2014-04-01 04:03","ZooKeeper.java","136722","15519","152241"
"2010-02-08 23:36","ZooKeeper.java","76925","8429","85354"
"2009-08-07 20:00","ZooKeeper.java","58440","5588","64028"
"2012-12-19 19:16","ZooKeeper.java","121241","14807","136048"
"2019-02-11 12:34","ZooKeeper.java","236370","90283","326653"
"2014-07-08 20:18","ZooKeeper.java","142957","16867","159824"
"2010-11-30 21:16","ZooKeeper.java","139747","10517","150264"
"2020-05-17 15:13","ZooKeeper.java","272104","90767","362871"
"2017-01-09 22:49","ZooKeeper.java","166063","19143","185206"
"2011-05-20 01:17","ZooKeeper.java","100661","10977","111638"
"2019-03-12 19:08","ZooKeeper.java","237804","90289","328093"
"2011-09-06 00:58","ZooKeeper.java","107320","9494","116814"
"2009-01-31 00:01","ZooKeeper.java","10178","1368","11546"
"2014-07-22 06:51","ZooKeeper.java","147230","16942","164172"
"2014-04-29 02:23","ZooKeeper.java","139678","16690","156368"
"2019-07-29 17:15","ToStringOutputArchive.java","14375","4094","18469"
"2019-06-03 19:40","FollowerZooKeeperServer.java","27592","10351","37943"
"2019-08-17 17:13","FollowerZooKeeperServer.java","68602","36692","105294"
"2019-05-03 00:44","FollowerZooKeeperServer.java","25773","9866","35639"
"2019-06-04 10:55","FollowerZooKeeperServer.java","27861","10467","38328"
"2018-12-09 03:16","FollowerZooKeeperServer.java","5895","1327","7222"
"2019-11-28 12:24","FollowerZooKeeperServer.java","80638","43822","124460"
"2019-12-27 22:33","FollowerZooKeeperServer.java","84751","44163","128914"
"2019-10-10 14:37","SessionTrackerImpl.java","259900","210902","470802"
"2019-09-20 10:02","SessionTrackerImpl.java","259067","210902","469969"
"2020-03-26 22:16","SessionTrackerImpl.java","270384","212347","482731"
"2015-03-08 23:07","SessionTrackerImpl.java","5509","1231","6740"
"2015-02-06 06:17","SessionTrackerImpl.java","5230","1126","6356"
"2018-09-18 01:00","SessionTrackerImpl.java","139453","112227","251680"
"2019-09-05 23:12","SessionTrackerImpl.java","257066","210902","467968"
"2019-08-17 17:13","SessionTrackerImpl.java","256147","210902","467049"
"2018-08-08 06:21","SessionTrackerImpl.java","107347","83227","190574"
"2018-05-09 23:57","SessionTrackerImpl.java","37779","16845","54624"
"2019-04-22 19:15","SessionTrackerImpl.java","238913","210886","449799"
"2019-07-25 21:41","LeaderBean.java","199926","182646","382572"
"2019-08-17 17:13","LeaderBean.java","203477","182680","386157"
"2019-01-07 14:55","LeaderBean.java","178054","182366","360420"
"2018-09-15 00:08","ZooKeeperServer.java","106288","100649","206937"
"2019-04-12 19:01","ZooKeeperServer.java","236692","230574","467266"
"2019-07-31 19:06","ZooKeeperServer.java","254229","230611","484840"
"2019-09-11 10:27","ZooKeeperServer.java","256279","230612","486891"
"2019-01-14 19:38","ZooKeeperServer.java","230075","230472","460547"
"2019-01-07 15:34","ZooKeeperServer.java","229676","230472","460148"
"2018-11-21 17:56","ZooKeeperServer.java","222869","230468","453337"
"2019-02-13 13:12","ZooKeeperServer.java","233756","230499","464255"
"2018-07-19 05:59","ZooKeeperServer.java","23355","21649","45004"
"2018-09-18 01:00","ZooKeeperServer.java","107055","100763","207818"
"2019-03-04 08:07","ZooKeeperServer.java","234334","230500","464834"
"2019-07-08 23:26","ZooKeeperServer.java","243697","230610","474307"
"2019-01-23 14:00","ZooKeeperServer.java","231512","230474","461986"
"2019-02-13 13:19","ZooKeeperServer.java","234042","230499","464541"
"2019-05-14 17:11","ZooKeeperServer.java","239569","230591","470160"
"2019-06-04 10:55","ZooKeeperServer.java","240405","230610","471015"
"2019-04-09 15:35","ZooKeeperServer.java","235670","230502","466172"
"2019-08-03 08:42","ZooKeeperServer.java","255630","230611","486241"
"2019-05-15 11:56","ZooKeeperServer.java","239656","230591","470247"
"2019-05-22 11:39","ZooKeeperServer.java","240104","230593","470697"
"2019-04-22 19:15","ZooKeeperServer.java","237667","230574","468241"
"2019-09-10 04:26","ZooKeeperServer.java","255968","230612","486580"
"2019-08-17 17:13","ZooKeeperServer.java","254922","230611","485533"
"2019-09-05 23:12","ZooKeeperServer.java","255842","230612","486454"
"2019-09-10 15:21","ZooKeeperServer.java","255966","230612","486578"
"2019-08-01 07:31","ZooKeeperServer.java","255593","230611","486204"
"2019-08-01 07:28","ZooKeeperServer.java","255103","230611","485714"
"2019-06-03 19:40","ZooKeeperServer.java","240252","230610","470862"
"2019-11-23 17:08","ZooKeeperServer.java","261485","232473","493958"
"2019-10-09 16:49","ZooKeeperServer.java","258509","230612","489121"
"2019-07-03 00:44","ZooKeeperServer.java","242934","230610","473544"
"2019-07-24 18:00","ZooKeeperServer.java","251377","230611","481988"
"2018-08-08 06:21","ZooKeeperServer.java","72820","69634","142454"
"2019-12-27 22:33","ZooKeeperServer.java","265463","232474","497937"
"2018-09-11 00:17","ZooKeeperServer.java","104708","100618","205326"
"2019-11-18 09:05","ZooKeeperServer.java","259928","232473","492401"
"2019-10-10 14:37","ZooKeeperServer.java","258676","230612","489288"
"2019-09-16 23:26","ZooKeeperServer.java","257942","230612","488554"
"2019-12-03 10:01","ZooKeeperServer.java","263387","232473","495860"
"2020-03-25 03:38","ZooKeeperServer.java","269571","232475","502046"
"2019-11-28 12:24","ZooKeeperServer.java","261690","232473","494163"
"2019-11-06 15:21","ZooKeeperServer.java","258940","230660","489600"
"2020-04-12 11:14","ZooKeeperServer.java","270385","232536","502921"
"2018-06-08 16:52","ZooKeeperServer.java","1094","345","1439"
"2018-06-15 07:41","ZooKeeperServer.java","1106","354","1460"
"2018-07-28 04:37","ZooKeeperServer.java","24067","21785","45852"
"2019-04-18 19:17","ZooKeeperServer.java","237402","230574","467976"
"2019-10-10 14:37","SessionTrackerImpl.java","259900","210896","470796"
"2019-09-20 10:02","SessionTrackerImpl.java","259067","210896","469963"
"2020-03-26 22:16","SessionTrackerImpl.java","270384","212341","482725"
"2015-03-08 23:07","SessionTrackerImpl.java","5523","1239","6762"
"2014-07-25 00:58","SessionTrackerImpl.java","14","8","22"
"2015-02-06 06:17","SessionTrackerImpl.java","5244","1134","6378"
"2018-09-18 01:00","SessionTrackerImpl.java","139464","112232","251696"
"2019-09-05 23:12","SessionTrackerImpl.java","257066","210896","467962"
"2019-08-17 17:13","SessionTrackerImpl.java","256147","210896","467043"
"2018-08-08 06:21","SessionTrackerImpl.java","107358","83232","190590"
"2018-05-09 23:57","SessionTrackerImpl.java","37790","16850","54640"
"2019-04-22 19:15","SessionTrackerImpl.java","238913","210880","449793"
"2018-07-10 12:46","QuorumTest.java","174514","34021","208535"
"2009-06-26 22:29","QuorumTest.java","44994","6016","51010"
"2019-08-17 17:13","QuorumTest.java","257687","102765","360452"
"2009-07-17 00:09","QuorumTest.java","45773","6267","52040"
"2010-11-04 17:01","QuorumTest.java","129893","14461","144354"
"2012-12-13 08:14","QuorumTest.java","114227","21623","135850"
"2011-06-22 00:19","QuorumTest.java","96554","18090","114644"
"2010-03-19 07:46","QuorumTest.java","78984","13020","92004"
"2011-07-15 06:50","QuorumTest.java","95178","16266","111444"
"2010-08-18 08:24","QuorumTest.java","99673","14323","113996"
"2013-10-09 22:21","QuorumTest.java","126596","22302","148898"
"2010-03-31 06:26","QuorumTest.java","79617","13734","93351"
"2011-09-17 02:13","QuorumTest.java","102949","18955","121904"
"2010-07-29 23:10","QuorumTest.java","94103","13943","108046"
"2011-04-12 09:14","QuorumTest.java","94301","17906","112207"
"2009-08-11 07:44","QuorumTest.java","46929","6359","53288"
"2009-08-07 01:23","QuorumTest.java","46674","6337","53011"
"2019-10-10 14:37","QuorumTest.java","261440","102765","364205"
"2019-09-18 11:20","QuorumTest.java","260599","102765","363364"
"2009-09-16 02:09","QuorumTest.java","48731","6810","55541"
"2019-12-28 16:17","QuorumTest.java","266730","103223","369953"
"2009-08-25 07:45","QuorumTest.java","47793","6378","54171"
"2009-10-30 17:19","QuorumTest.java","50953","7902","58855"
"2015-11-03 08:11","QuorumTest.java","151958","24336","176294"
"2011-07-29 10:14","QuorumTest.java","97775","16331","114106"
"2010-03-13 01:06","QuorumTest.java","78498","12862","91360"
"2020-03-26 18:41","ZooKeeperMain.java","12664","4782","17446"
"2020-04-01 17:02","ZooKeeperMain.java","13230","5024","18254"
"2020-03-26 22:19","ZooKeeperMain.java","12775","4824","17599"
"2017-07-28 00:36","ZooKeeperAdmin.java","2086","2825","4911"
"2019-08-17 17:13","ZooKeeperAdmin.java","255250","224554","479804"
"2020-03-26 22:19","ZooKeeperAdmin.java","269734","226181","495915"
"2018-06-26 11:18","QuorumPeerTest.java","25059","12768","37827"
"2019-07-12 17:01","QuorumPeerTest.java","251201","220278","471479"
"2019-08-17 17:13","QuorumPeerTest.java","255888","220278","476166"
"2019-08-17 17:13","ProposalRequestProcessor.java","257500","133993","391493"
"2010-08-18 08:24","ProposalRequestProcessor.java","71740","17805","89545"
"2012-03-15 17:47","ProposalRequestProcessor.java","80894","25764","106658"
"2011-10-20 20:02","ProposalRequestProcessor.java","76498","25146","101644"
"2019-06-07 14:13","TruncateTest.java","241289","224313","465602"
"2019-08-17 17:13","TruncateTest.java","255186","224314","479500"
"2018-05-09 23:57","TruncateTest.java","8101","1540","9641"
"2019-07-12 17:01","TruncateTest.java","250499","224314","474813"
"2020-01-28 17:26","TruncateTest.java","267249","225979","493228"
"2015-07-07 07:11","MultiOperationTest.java","63159","20463","83622"
"2019-09-18 11:20","MultiOperationTest.java","259662","177002","436664"
"2011-10-26 19:00","MultiOperationTest.java","1717","3238","4955"
"2012-12-19 19:16","MultiOperationTest.java","20012","9463","29475"
"2013-12-17 17:55","MultiOperationTest.java","33296","11387","44683"
"2015-11-21 22:18","MultiOperationTest.java","64860","20676","85536"
"2012-01-16 03:32","MultiOperationTest.java","4928","4529","9457"
"2012-03-17 01:31","MultiOperationTest.java","7523","5073","12596"
"2012-02-06 10:58","MultiOperationTest.java","6009","4967","10976"
"2012-02-06 11:13","MultiOperationTest.java","6061","4975","11036"
"2019-06-26 10:57","MultiOperationTest.java","244600","177002","421602"
"2019-08-17 17:13","MultiOperationTest.java","256750","177002","433752"
"2013-02-03 15:52","MultiOperationTest.java","21127","10085","31212"
"2014-10-28 05:35","MultiOperationTest.java","55469","18801","74270"
"2013-12-16 05:18","NettyServerCnxnFactory.java","51071","26929","78000"
"2016-06-23 23:45","NettyServerCnxnFactory.java","84960","37099","122059"
"2020-02-26 22:41","NettyServerCnxnFactory.java","268712","188486","457198"
"2019-10-10 14:37","NettyServerCnxnFactory.java","260738","187413","448151"
"2013-10-05 00:57","NettyServerCnxnFactory.java","46758","26675","73433"
"2019-09-10 18:50","NettyServerCnxnFactory.java","258102","187413","445515"
"2019-11-14 03:54","NettyServerCnxnFactory.java","264994","187413","452407"
"2019-02-12 15:25","NettyServerCnxnFactory.java","235746","187349","423095"
"2018-10-16 16:22","NettyServerCnxnFactory.java","236875","156287","393162"
"2019-02-15 15:36","NettyServerCnxnFactory.java","236172","187360","423532"
"2012-08-28 21:51","NettyServerCnxnFactory.java","31889","24333","56222"
"2010-11-10 23:36","NettyServerCnxnFactory.java","32249","1206","33455"
"2019-04-12 19:01","NettyServerCnxnFactory.java","238793","187414","426207"
"2018-11-22 17:56","NettyServerCnxnFactory.java","225616","187347","412963"
"2018-09-22 06:48","NettyServerCnxnFactory.java","183777","119536","303313"
"2013-03-07 07:01","NettyServerCnxnFactory.java","43840","26292","70132"
"2018-12-15 07:34","NettyServerCnxnFactory.java","229492","187347","416839"
"2011-08-19 00:05","NettyServerCnxnFactory.java","17925","15526","33451"
"2014-07-18 02:19","NettyServerCnxnFactory.java","70119","33820","103939"
"2019-02-13 13:12","NettyServerCnxnFactory.java","235878","187360","423238"
"2019-08-17 17:13","NettyServerCnxnFactory.java","256985","187413","444398"
"2015-03-17 18:06","NettyServerCnxnFactory.java","76494","34222","110716"
"2015-03-28 20:08","NettyServerCnxnFactory.java","77496","34235","111731"
"2019-11-23 17:08","NettyServerCnxnFactory.java","262759","188486","451245"
"2019-07-03 00:44","NettyServerCnxnFactory.java","244998","187413","432411"
"2019-06-05 00:29","NettyServerCnxnFactory.java","242652","187413","430065"
"2019-07-23 15:55","NettyServerCnxnFactory.java","252993","187413","440406"
"2014-09-28 19:15","NettyServerCnxnFactory.java","72883","33986","106869"
"2019-06-24 11:05","NettyServerCnxnFactory.java","244318","187413","431731"
"2015-01-30 03:23","NettyServerCnxnFactory.java","74898","34054","108952"
"2019-08-03 08:42","NettyServerCnxnFactory.java","257693","187413","445106"
"2020-05-17 15:13","RemoveWatchesTest.java","24666","14474","39140"
"2019-10-10 14:37","FLEZeroWeightTest.java","260768","167976","428744"
"2011-04-12 09:14","FLEZeroWeightTest.java","27920","17408","45328"
"2012-04-23 01:20","FLEZeroWeightTest.java","51233","26113","77346"
"2017-09-11 18:55","FLEZeroWeightTest.java","111393","40664","152057"
"2019-08-17 17:13","FLEZeroWeightTest.java","257015","167976","424991"
"2019-07-12 17:01","FLEZeroWeightTest.java","252328","167976","420304"
"2019-06-07 14:13","SessionTest.java","243946","57679","301625"
"2019-08-17 17:13","SessionTest.java","257842","57679","315521"
"2009-06-26 22:29","SessionTest.java","93670","9451","103121"
"2009-06-30 03:32","SessionTest.java","93763","9452","103215"
"2009-07-17 00:09","SessionTest.java","94241","9494","103735"
"2009-01-28 01:15","SessionTest.java","40206","7478","47684"
"2009-01-15 23:57","SessionTest.java","39850","7291","47141"
"2017-09-11 18:55","SessionTest.java","188534","18992","207526"
"2010-11-04 17:01","SessionTest.java","172858","12185","185043"
"2018-09-22 06:48","SessionTest.java","226981","44517","271498"
"2008-09-05 22:30","SessionTest.java","1805","500","2305"
"2011-10-25 08:09","SessionTest.java","134871","15768","150639"
"2010-08-17 09:24","SessionTest.java","139090","11859","150949"
"2011-04-12 09:14","SessionTest.java","134347","12711","147058"
"2010-03-31 06:26","SessionTest.java","122885","11761","134646"
"2010-08-18 08:24","SessionTest.java","142742","12151","154893"
"2010-10-21 02:44","SessionTest.java","172746","12179","184925"
"2010-08-05 09:09","SessionTest.java","137314","11859","149173"
"2013-12-21 22:05","SessionTest.java","159615","16946","176561"
"2010-03-12 19:26","SessionTest.java","122258","11392","133650"
"2009-08-07 01:23","SessionTest.java","95101","9523","104624"
"2019-10-10 14:37","SessionTest.java","261595","57679","319274"
"2015-07-07 07:11","SessionTest.java","181871","18509","200380"
"2019-12-28 16:17","SessionTest.java","266748","58000","324748"
"2009-09-16 02:09","SessionTest.java","96902","9740","106642"
"2010-01-26 03:22","SessionTest.java","112909","11303","124212"
"2019-06-07 14:13","SessionTest.java","243946","58984","302930"
"2019-08-17 17:13","SessionTest.java","257842","58984","316826"
"2009-06-26 22:29","SessionTest.java","92168","9254","101422"
"2009-06-30 03:32","SessionTest.java","92261","9255","101516"
"2009-07-17 00:09","SessionTest.java","92749","9307","102056"
"2009-01-28 01:15","SessionTest.java","38677","7254","45931"
"2009-01-15 23:57","SessionTest.java","38312","7058","45370"
"2017-09-11 18:55","SessionTest.java","187488","19251","206739"
"2010-11-04 17:01","SessionTest.java","171664","12296","183960"
"2018-09-22 06:48","SessionTest.java","225944","44785","270729"
"2011-10-25 08:09","SessionTest.java","133735","15937","149672"
"2010-08-17 09:24","SessionTest.java","137887","11961","149848"
"2011-04-12 09:14","SessionTest.java","133191","12860","146051"
"2010-03-31 06:26","SessionTest.java","121654","11835","133489"
"2010-08-18 08:24","SessionTest.java","141546","12260","153806"
"2010-10-21 02:44","SessionTest.java","171552","12290","183842"
"2010-08-05 09:09","SessionTest.java","136111","11961","148072"
"2013-12-21 22:05","SessionTest.java","158489","17125","175614"
"2010-03-12 19:26","SessionTest.java","120971","11410","132381"
"2009-08-07 01:23","SessionTest.java","93612","9339","102951"
"2019-10-10 14:37","SessionTest.java","261595","58984","320579"
"2015-07-07 07:11","SessionTest.java","180752","18695","199447"
"2019-12-28 16:17","SessionTest.java","266748","59305","326053"
"2009-09-16 02:09","SessionTest.java","95565","9708","105273"
"2010-01-26 03:22","SessionTest.java","111622","11321","122943"
"2019-08-17 17:13","SerializationPerfTest.java","257842","57679","315521"
"2009-07-17 00:09","SerializationPerfTest.java","94241","9494","103735"
"2011-04-12 09:14","SerializationPerfTest.java","134347","12711","147058"
"2010-03-31 06:26","SerializationPerfTest.java","122885","11761","134646"
"2011-06-23 18:01","SerializationPerfTest.java","136517","12786","149303"
"2019-10-10 14:37","SerializationPerfTest.java","261595","57679","319274"
"2009-09-16 02:09","SerializationPerfTest.java","96902","9740","106642"
"2019-08-17 17:13","FollowerResyncConcurrencyTest.java","255916","220352","476268"
"2019-06-03 19:40","FollowerResyncConcurrencyTest.java","241246","220351","461597"
"2019-10-10 14:37","FollowerResyncConcurrencyTest.java","259669","220352","480021"
"2019-12-28 16:17","FollowerResyncConcurrencyTest.java","266053","221904","487957"
"2019-04-18 19:17","ServerConfigTest.java","237774","226218","463992"
"2017-01-06 13:11","ServerConfigTest.java","176","25","201"
"2019-08-17 17:13","ServerConfigTest.java","255276","226237","481513"
"2019-08-17 17:13","AckRequestProcessor.java","44381","29708","74089"
"2018-12-20 15:13","QuorumPeer.java","228268","231397","459665"
"2019-05-16 16:25","QuorumPeer.java","239626","231526","471152"
"2018-10-16 16:22","QuorumPeer.java","220326","198628","418954"
"2019-06-14 09:06","QuorumPeer.java","242844","231545","474389"
"2018-12-07 12:41","QuorumPeer.java","225281","231396","456677"
"2019-03-11 19:47","QuorumPeer.java","234727","231428","466155"
"2019-02-13 13:12","QuorumPeer.java","233674","231427","465101"
"2019-04-12 19:01","QuorumPeer.java","236617","231509","468126"
"2018-12-09 03:16","QuorumPeer.java","227355","231396","458751"
"2018-09-11 15:23","QuorumPeer.java","93942","89915","183857"
"2019-11-29 14:49","QuorumPeer.java","263341","233483","496824"
"2018-12-15 07:34","QuorumPeer.java","227270","231396","458666"
"2018-11-27 10:02","QuorumPeer.java","225031","231396","456427"
"2018-09-18 01:00","QuorumPeer.java","95345","90063","185408"
"2019-06-03 19:40","QuorumPeer.java","240177","231545","471722"
"2019-07-15 14:15","QuorumPeer.java","250266","231546","481812"
"2019-07-03 00:44","QuorumPeer.java","242859","231545","474404"
"2019-08-17 17:13","QuorumPeer.java","254847","231546","486393"
"2019-05-15 11:56","QuorumPeer.java","239581","231526","471107"
"2019-06-05 00:33","QuorumPeer.java","240567","231545","472112"
"2019-05-20 23:13","QuorumPeer.java","239701","231528","471229"
"2019-06-04 10:55","QuorumPeer.java","240330","231545","471875"
"2019-07-12 17:01","QuorumPeer.java","250160","231546","481706"
"2020-01-09 11:27","QuorumPeer.java","264889","233485","498374"
"2018-10-01 06:11","QuorumPeer.java","98628","90767","189395"
"2019-12-17 13:48","QuorumPeer.java","263913","233483","497396"
"2020-01-23 13:43","QuorumPeer.java","266713","233485","500198"
"2018-12-06 10:56","QuorumPeer.java","225225","231396","456621"
"2019-10-10 14:37","QuorumPeer.java","258601","231547","490148"
"2018-07-27 12:32","QuorumPeer.java","11986","10786","22772"
"2019-04-18 19:17","QuorumPeer.java","237327","231509","468836"
"2020-02-16 10:25","QuorumPeer.java","267426","233485","500911"
"2019-08-17 17:13","ZooKeeperSaslServer.java","255079","228064","483143"
"2017-09-11 18:55","QuorumBase.java","126549","35476","162025"
"2012-04-23 01:20","QuorumBase.java","72372","26908","99280"
"2019-07-12 17:01","QuorumBase.java","252500","146571","399071"
"2012-12-11 08:42","QuorumBase.java","78313","27670","105983"
"2019-08-17 17:13","QuorumBase.java","257187","146571","403758"
"2019-08-01 07:31","QuorumBase.java","257858","146571","404429"
"2009-11-18 20:06","QuorumBase.java","8701","1083","9784"
"2018-08-08 06:21","QuorumBase.java","170743","69923","240666"
"2009-12-15 23:23","QuorumBase.java","10169","1973","12142"
"2009-11-20 23:28","QuorumBase.java","9530","1633","11163"
"2019-10-10 14:37","QuorumBase.java","260940","146571","407511"
"2010-03-13 01:06","QuorumBase.java","32251","10921","43172"
"2020-03-25 03:38","QuorumBase.java","270911","147510","418421"
"2014-07-18 19:46","QuorumBase.java","107364","31084","138448"
"2010-07-23 06:22","QuorumBase.java","50402","15258","65660"
"2011-05-20 01:17","QuorumBase.java","54294","21386","75680"
"2010-05-05 22:32","QuorumBase.java","36323","14974","51297"
"2010-08-18 08:24","QuorumBase.java","57233","16189","73422"
"2013-10-09 22:21","QuorumBase.java","91490","28993","120483"
"2010-03-31 06:26","QuorumBase.java","34118","12541","46659"
"2014-06-25 19:25","QuorumBase.java","101952","30668","132620"
"2011-04-12 09:14","QuorumBase.java","53413","21324","74737"
"2013-05-11 14:51","FLETest.java","39157","12882","52039"
"2019-10-10 14:37","FLETest.java","260685","178740","439425"
"2013-10-21 23:36","FLETest.java","45301","13506","58807"
"2013-10-02 20:19","FLETest.java","41980","13296","55276"
"2014-06-25 15:04","FLETest.java","59609","19924","79533"
"2011-09-17 02:13","FLETest.java","15801","4669","20470"
"2016-06-02 00:59","FLETest.java","80086","24013","104099"
"2011-12-23 20:46","FLETest.java","19046","7789","26835"
"2017-09-11 18:55","FLETest.java","87799","27791","115590"
"2012-04-23 01:20","FLETest.java","25093","10694","35787"
"2019-08-17 17:13","FLETest.java","256932","178740","435672"
"2020-03-20 11:00","FileChangeWatcher.java","24040","12032","36072"
"2019-10-10 14:37","FileChangeWatcher.java","7470","3717","11187"
"2019-11-08 17:30","WatchManagerTest.java","58223","32317","90540"
"2019-04-12 19:01","WatchManagerTest.java","2851","752","3603"
"2019-08-17 17:13","WatchManagerTest.java","50361","30069","80430"
"2018-11-17 18:33","ServerCnxn.java","225212","147108","372320"
"2019-01-14 19:38","ServerCnxn.java","232429","147108","379537"
"2019-04-12 19:01","ServerCnxn.java","238994","147158","386152"
"2011-08-19 00:05","ServerCnxn.java","62004","20438","82442"
"2014-07-18 02:19","ServerCnxn.java","106733","31267","138000"
"2018-09-18 01:00","ServerCnxn.java","192805","89466","282271"
"2019-07-08 23:26","ServerCnxn.java","245963","147158","393121"
"2016-11-16 06:21","ServerCnxn.java","125532","33908","159440"
"2019-08-17 17:13","ServerCnxn.java","257187","147158","404345"
"2019-07-03 00:44","ServerCnxn.java","245200","147158","392358"
"2015-03-28 20:08","ServerCnxn.java","113961","31533","145494"
"2015-06-28 21:09","ServerCnxn.java","115882","31754","147636"
"2018-07-12 01:33","ServerCnxn.java","141428","43163","184591"
"2018-08-08 06:21","ServerCnxn.java","170368","70135","240503"
"2017-11-28 00:10","ServerCnxn.java","130112","35769","165881"
"2019-11-18 09:05","ServerCnxn.java","261270","148097","409367"
"2020-02-26 22:41","ServerCnxn.java","268780","148097","416877"
"2018-09-28 23:38","ServerCnxn.java","195474","89561","285035"
"2011-05-20 01:17","ServerCnxn.java","53838","21517","75355"
"2011-08-11 08:00","ServerCnxn.java","59555","20418","79973"
"2010-08-18 08:24","ServerCnxn.java","56768","16311","73079"
"2019-11-11 13:59","ServerCnxn.java","264597","147158","411755"
"2019-08-17 17:13","CRCTest.java","257015","167976","424991"
"2010-08-18 08:24","CRCTest.java","24450","4983","29433"
"2011-04-12 09:14","CRCTest.java","27920","17408","45328"
"2016-08-24 01:36","CRCTest.java","105643","37909","143552"
"2019-10-10 14:37","CRCTest.java","260768","167976","428744"
"2013-12-21 22:05","CRCTest.java","72367","28511","100878"
"2020-01-25 18:48","LearnerMetricsTest.java","17909","11028","28937"
"2019-10-10 14:37","LearnerMetricsTest.java","3430","2913","6343"
"2019-10-10 14:37","Observer.java","258833","228065","486898"
"2019-12-27 22:33","Observer.java","265528","229835","495363"
"2019-07-15 14:15","Observer.java","250498","228064","478562"
"2019-08-23 19:43","Observer.java","255745","228064","483809"
"2019-08-17 17:13","Observer.java","255079","228064","483143"
"2019-05-03 00:44","Observer.java","239056","228044","467100"
"2019-06-05 00:33","Observer.java","240799","228063","468862"
"2019-07-02 07:34","Observer.java","243021","228063","471084"
"2018-12-09 03:16","Observer.java","227596","227923","455519"
"2019-12-27 22:33","FileTxnSnapLog.java","266642","178296","444938"
"2019-10-10 14:37","FileTxnSnapLog.java","260409","176988","437397"
"2019-12-13 08:51","FileTxnSnapLog.java","264679","178296","442975"
"2017-01-07 01:09","FileTxnSnapLog.java","72549","21616","94165"
"2014-02-12 17:00","FileTxnSnapLog.java","31854","7846","39700"
"2012-03-06 09:20","FileTxnSnapLog.java","2143","860","3003"
"2020-01-23 16:46","FileTxnSnapLog.java","267891","178296","446187"
"2020-01-28 17:26","FileTxnSnapLog.java","268362","178296","446658"
"2016-09-18 23:21","FileTxnSnapLog.java","67355","20894","88249"
"2017-01-23 02:13","FileTxnSnapLog.java","72985","21648","94633"
"2018-06-08 16:52","FileTxnSnapLog.java","82426","26320","108746"
"2019-09-02 08:23","FileTxnSnapLog.java","257313","176988","434301"
"2017-04-28 07:14","FileTxnSnapLog.java","72701","23623","96324"
"2019-07-31 19:06","FileTxnSnapLog.java","255963","176988","432951"
"2018-07-30 06:22","FileTxnSnapLog.java","102176","44415","146591"
"2012-02-06 09:40","FileTxnSnapLog.java","1300","439","1739"
"2012-07-17 23:25","FileTxnSnapLog.java","8101","3517","11618"
"2020-01-30 09:43","FileTxnSnapLog.java","268438","178296","446734"
"2019-05-14 17:11","FileTxnSnapLog.java","241323","176988","418311"
"2013-06-28 23:22","FileTxnSnapLog.java","23917","7030","30947"
"2014-02-10 21:50","FileTxnSnapLog.java","31706","7810","39516"
"2019-05-21 23:34","FileTxnSnapLog.java","241644","176988","418632"
"2019-05-27 10:54","FileTxnSnapLog.java","241976","176988","418964"
"2017-01-13 19:29","FileTxnSnapLog.java","72763","21627","94390"
"2017-06-26 00:07","FileTxnSnapLog.java","73330","24714","98044"
"2018-02-23 23:49","FileTxnSnapLog.java","79967","26115","106082"
"2017-08-18 06:32","FileTxnSnapLog.java","73886","25268","99154"
"2019-08-17 17:13","FileTxnSnapLog.java","256656","176988","433644"
"2018-02-14 21:23","FileTxnSnapLog.java","79788","26100","105888"
"2020-01-20 08:39","ZKConfig.java","124285","114782","239067"
"2020-01-20 09:06","ZKConfig.java","124381","114782","239163"
"2019-10-10 14:37","ZKConfig.java","116649","111293","227942"
"2018-12-15 07:34","ZKConfig.java","61890","87714","149604"
"2019-08-17 17:13","ZKConfig.java","111485","109882","221367"
"2019-12-27 22:33","FileTxnSnapLog.java","265554","226286","491840"
"2019-10-10 14:37","FileTxnSnapLog.java","259003","224660","483663"
"2019-12-13 08:51","FileTxnSnapLog.java","263590","226285","489875"
"2020-01-23 16:46","FileTxnSnapLog.java","266804","226287","493091"
"2020-01-28 17:26","FileTxnSnapLog.java","267275","226287","493562"
"2018-06-08 16:52","FileTxnSnapLog.java","11812","4784","16596"
"2019-09-02 08:23","FileTxnSnapLog.java","255907","224660","480567"
"2019-07-31 19:06","FileTxnSnapLog.java","254557","224660","479217"
"2018-07-30 06:22","FileTxnSnapLog.java","34359","25676","60035"
"2020-01-30 09:43","FileTxnSnapLog.java","267351","226287","493638"
"2019-05-14 17:11","FileTxnSnapLog.java","239898","224641","464539"
"2019-05-21 23:34","FileTxnSnapLog.java","240220","224642","464862"
"2019-05-27 10:54","FileTxnSnapLog.java","240552","224642","465194"
"2017-06-26 00:07","FileTxnSnapLog.java","748","1210","1958"
"2018-02-23 23:49","FileTxnSnapLog.java","9038","4264","13302"
"2017-08-18 06:32","FileTxnSnapLog.java","2449","2909","5358"
"2019-08-17 17:13","FileTxnSnapLog.java","255250","224660","479910"
"2018-02-14 21:23","FileTxnSnapLog.java","8848","4238","13086"
"2019-10-10 14:37","MiniKdc.java","258833","228065","486898"
"2019-08-17 17:13","MiniKdc.java","255079","228064","483143"
"2019-05-08 21:54","MiniKdc.java","239561","228044","467605"
"2018-08-06 14:11","MiniKdc.java","28128","22602","50730"
"2011-04-29 18:12","QuorumCnxManager.java","56240","22315","78555"
"2011-12-28 01:26","QuorumCnxManager.java","69796","25947","95743"
"2019-11-29 14:49","QuorumCnxManager.java","264683","146009","410692"
"2013-03-07 07:01","QuorumCnxManager.java","88030","29227","117257"
"2018-07-11 06:04","QuorumCnxManager.java","143652","43468","187120"
"2018-08-06 14:11","QuorumCnxManager.java","150156","48199","198355"
"2010-11-17 15:59","QuorumCnxManager.java","91472","17904","109376"
"2012-06-29 22:08","QuorumCnxManager.java","74768","27760","102528"
"2018-10-16 16:22","QuorumCnxManager.java","239011","117168","356179"
"2019-06-14 09:06","QuorumCnxManager.java","245245","145130","390375"
"2019-08-03 08:42","QuorumCnxManager.java","257955","145130","403085"
"2019-11-13 20:41","QuorumCnxManager.java","264966","145130","410096"
"2019-04-09 16:08","QuorumCnxManager.java","238070","145097","383167"
"2019-08-06 12:52","QuorumCnxManager.java","258220","145130","403350"
"2017-02-09 11:40","QuorumCnxManager.java","129780","34573","164353"
"2019-05-20 23:13","QuorumCnxManager.java","242119","145130","387249"
"2015-04-09 20:16","QuorumCnxManager.java","116540","31950","148490"
"2017-08-23 02:16","QuorumCnxManager.java","128464","35953","164417"
"2019-07-27 20:04","QuorumCnxManager.java","253778","145130","398908"
"2015-05-29 23:46","QuorumCnxManager.java","117166","32060","149226"
"2015-05-14 07:10","QuorumCnxManager.java","116838","32028","148866"
"2020-03-12 14:47","QuorumCnxManager.java","270069","146009","416078"
"2019-08-17 17:13","QuorumCnxManager.java","257247","145130","402377"
"2017-11-28 00:10","QuorumCnxManager.java","132516","36085","168601"
"2009-11-18 20:06","QuorumCnxManager.java","11636","2517","14153"
"2009-12-15 23:23","QuorumCnxManager.java","13073","3376","16449"
"2019-10-10 14:37","QuorumCnxManager.java","261000","145130","406130"
"2014-07-23 19:36","QuorumCnxManager.java","109897","31740","141637"
"2017-06-09 18:37","QuorumCnxManager.java","128057","35842","163899"
"2020-01-23 13:43","QuorumCnxManager.java","268053","146009","414062"
"2014-03-23 04:12","QuorumCnxManager.java","98042","29869","127911"
"2010-01-19 21:06","QuorumCnxManager.java","16719","4006","20725"
"2010-01-21 04:08","QuorumCnxManager.java","16748","4029","20777"
"2014-07-08 05:25","QuorumCnxManager.java","105531","31644","137175"
"2019-11-28 12:24","QuorumCnxManager.java","263032","146009","409041"
"2014-06-25 15:04","QuorumCnxManager.java","103543","31292","134835"
"2011-08-15 02:44","QuorumCnxManager.java","62626","21170","83796"
"2016-06-08 17:43","QuorumCnxManager.java","122476","33838","156314"
"2020-03-23 16:20","QuorumCnxManager.java","270240","146009","416249"
"2020-02-16 10:25","QuorumCnxManager.java","268766","146009","414775"
"2014-07-22 06:45","QuorumCnxManager.java","109821","31739","141560"
"2011-04-12 09:14","QuorumCnxManager.java","55861","22271","78132"
"2010-10-06 19:01","QuorumCnxManager.java","88246","17285","105531"
"2018-07-27 12:32","QuorumCnxManager.java","149513","48168","197681"
"2010-10-20 00:32","QuorumCnxManager.java","89773","17319","107092"
"2011-03-16 19:49","QuorumCnxManager.java","93189","18126","111315"
"2020-01-28 17:26","SnapshotDigestTest.java","19607","10252","29859"
"2018-10-16 16:22","QuorumPeerConfig.java","235306","174407","409713"
"2018-12-09 03:16","QuorumPeerConfig.java","228927","193767","422694"
"2019-04-12 19:01","QuorumPeerConfig.java","238160","193851","432011"
"2018-09-11 15:23","QuorumPeerConfig.java","154993","111765","266758"
"2018-12-15 07:34","QuorumPeerConfig.java","228842","193767","422609"
"2019-02-13 13:12","QuorumPeerConfig.java","235236","193788","429024"
"2019-08-17 17:13","QuorumPeerConfig.java","256369","193867","450236"
"2015-03-17 18:06","QuorumPeerConfig.java","33914","11331","45245"
"2014-01-21 04:50","QuorumPeerConfig.java","5894","885","6779"
"2017-11-28 00:10","QuorumPeerConfig.java","59264","23777","83041"
"2019-06-05 00:29","QuorumPeerConfig.java","242036","193867","435903"
"2014-09-17 07:34","QuorumPeerConfig.java","29888","10758","40646"
"2020-01-09 11:27","QuorumPeerConfig.java","265818","195213","461031"
"2019-07-12 17:01","QuorumPeerConfig.java","251682","193867","445549"
"2016-11-13 20:59","QuorumPeerConfig.java","49935","17714","67649"
"2019-05-15 11:56","QuorumPeerConfig.java","241107","193851","434958"
"2014-08-19 22:50","QuorumPeerConfig.java","28802","10758","39560"
"2018-10-01 06:11","QuorumPeerConfig.java","159061","111999","271060"
"2017-07-28 00:36","QuorumPeerConfig.java","54211","23144","77355"
"2013-09-30 22:20","QuorumPeerConfig.java","282","38","320"
"2017-07-06 18:48","QuorumPeerConfig.java","54079","22130","76209"
"2020-01-23 13:43","QuorumPeerConfig.java","267642","195213","462855"
"2014-05-17 13:23","QuorumPeerConfig.java","18379","8475","26854"
"2014-07-04 04:19","QuorumPeerConfig.java","21318","8865","30183"
"2016-06-23 19:42","QuorumPeerConfig.java","44413","16624","61037"
"2015-09-06 20:02","QuorumPeerConfig.java","39123","13028","52151"
"2015-09-29 03:56","QuorumPeerConfig.java","39350","13074","52424"
"2019-10-10 14:37","QuorumPeerConfig.java","260122","193867","453989"
"2018-07-27 12:32","QuorumPeerConfig.java","83270","42869","126139"
"2019-04-18 19:17","QuorumPeerConfig.java","238870","193851","432721"
"2016-11-03 16:07","QuorumPeerConfig.java","48131","17579","65710"
"2014-03-25 22:13","QuorumPeerConfig.java","8735","1270","10005"
"2013-10-09 22:21","QuorumPeerConfig.java","3559","505","4064"
"2014-08-01 07:38","QuorumPeerConfig.java","28098","10589","38687"
"2014-08-14 08:08","QuorumPeerConfig.java","28601","10671","39272"
"2020-02-16 10:25","QuorumPeerConfig.java","268355","195213","463568"
"2020-05-14 18:18","QuorumPeerConfig.java","271588","195221","466809"
"2017-05-11 16:59","QuorumPeerConfig.java","52939","21857","74796"
"2019-08-17 17:13","CRCTest.java","256985","187413","444398"
"2011-04-12 09:14","CRCTest.java","5707","14662","20369"
"2016-08-24 01:36","CRCTest.java","85848","37524","123372"
"2019-10-10 14:37","CRCTest.java","260738","187413","448151"
"2013-12-21 22:05","CRCTest.java","51384","26938","78322"
"2020-01-28 17:26","SnapshotDigestTest.java","22260","11862","34122"
"2019-09-10 15:21","SnapshotDigestTest.java","2737","1694","4431"
"2019-08-17 17:13","LearnerHandlerMetricsTest.java","44385","29709","74094"
"2014-03-25 22:13","QuorumPeerMainTest.java","89410","29814","119224"
"2011-09-03 01:07","QuorumPeerMainTest.java","57527","20695","78222"
"2018-05-10 00:14","QuorumPeerMainTest.java","126832","36458","163290"
"2018-10-05 14:25","QuorumPeerMainTest.java","225554","125506","351060"
"2018-07-17 10:41","QuorumPeerMainTest.java","144940","52919","197859"
"2018-07-27 12:32","QuorumPeerMainTest.java","145488","52956","198444"
"2013-10-09 22:21","QuorumPeerMainTest.java","84743","29558","114301"
"2010-03-31 06:26","QuorumPeerMainTest.java","26483","12524","39007"
"2011-09-17 02:13","QuorumPeerMainTest.java","58305","23420","81725"
"2010-05-21 18:22","QuorumPeerMainTest.java","30059","15160","45219"
"2015-11-03 08:11","QuorumPeerMainTest.java","110770","32257","143027"
"2020-01-23 13:43","QuorumPeerMainTest.java","268053","155128","423181"
"2011-06-14 14:11","QuorumPeerMainTest.java","48276","21828","70104"
"2010-03-04 23:55","QuorumPeerMainTest.java","17726","10700","28426"
"2019-10-10 14:37","QuorumPeerMainTest.java","260940","154189","415129"
"2019-12-28 16:17","QuorumPeerMainTest.java","266711","155128","421839"
"2017-12-16 01:25","QuorumPeerMainTest.java","123947","36285","160232"
"2018-01-19 00:52","QuorumPeerMainTest.java","124092","36317","160409"
"2018-04-30 06:34","QuorumPeerMainTest.java","126200","36457","162657"
"2019-07-25 21:41","QuorumPeerMainTest.java","253670","154189","407859"
"2019-08-17 17:13","QuorumPeerMainTest.java","257187","154189","411376"
"2018-02-23 23:49","QuorumPeerMainTest.java","125178","36361","161539"
"2011-06-14 07:14","QuorumPeerMainTest.java","48248","21827","70075"
"2012-04-23 01:20","QuorumPeerMainTest.java","65566","27414","92980"
"2014-01-09 20:21","QuorumPeerMainTest.java","86651","29620","116271"
"2019-07-02 07:34","QuorumPeerMainTest.java","245130","154189","399319"
"2019-05-20 17:18","QuorumPeerMainTest.java","241978","154189","396167"
"2018-10-16 16:22","QuorumPeerMainTest.java","238538","125508","364046"
"2015-02-06 06:17","QuorumPeerMainTest.java","105383","31891","137274"
"2018-08-29 06:26","QuorumPeerMainTest.java","184149","90105","274254"
"2018-08-03 18:52","QuorumPeerMainTest.java","145996","52958","198954"
"2018-09-11 15:23","QuorumPeerMainTest.java","189881","94522","284403"
"2018-09-15 00:08","ZooKeeperServer.java","192471","89198","281669"
"2019-04-12 19:01","ZooKeeperServer.java","238994","146571","385565"
"2019-07-31 19:06","ZooKeeperServer.java","256494","146571","403065"
"2019-09-11 10:27","ZooKeeperServer.java","258543","146571","405114"
"2019-01-14 19:38","ZooKeeperServer.java","232429","146521","378950"
"2019-01-07 15:34","ZooKeeperServer.java","232030","146521","378551"
"2018-11-21 17:56","ZooKeeperServer.java","225227","146521","371748"
"2012-01-31 07:45","ZooKeeperServer.java","67893","25154","93047"
"2017-04-28 07:14","ZooKeeperServer.java","126281","34926","161207"
"2011-08-19 00:05","ZooKeeperServer.java","62460","20307","82767"
"2017-02-12 00:12","ZooKeeperServer.java","125353","34897","160250"
"2014-07-18 02:19","ZooKeeperServer.java","107137","31084","138221"
"2013-12-11 19:22","ZooKeeperServer.java","92928","29037","121965"
"2019-02-13 13:12","ZooKeeperServer.java","236093","146531","382624"
"2012-02-11 00:34","ZooKeeperServer.java","68767","25443","94210"
"2016-11-24 17:18","ZooKeeperServer.java","126131","33899","160030"
"2018-07-19 05:59","ZooKeeperServer.java","146957","47617","194574"
"2018-09-18 01:00","ZooKeeperServer.java","193167","89241","282408"
"2019-03-04 08:07","ZooKeeperServer.java","236673","146534","383207"
"2019-07-08 23:26","ZooKeeperServer.java","245963","146571","392534"
"2019-01-23 14:00","ZooKeeperServer.java","233864","146521","380385"
"2019-02-13 13:19","ZooKeeperServer.java","236379","146531","382910"
"2019-05-14 17:11","ZooKeeperServer.java","241854","146571","388425"
"2013-01-25 02:17","ZooKeeperServer.java","81031","28128","109159"
"2015-07-10 08:19","ZooKeeperServer.java","116645","31605","148250"
"2019-06-04 10:55","ZooKeeperServer.java","242671","146571","389242"
"2011-06-14 07:14","ZooKeeperServer.java","55508","21469","76977"
"2019-04-09 15:35","ZooKeeperServer.java","238007","146534","384541"
"2019-08-03 08:42","ZooKeeperServer.java","257895","146571","404466"
"2019-05-15 11:56","ZooKeeperServer.java","241941","146571","388512"
"2019-05-22 11:39","ZooKeeperServer.java","242387","146571","388958"
"2019-04-22 19:15","ZooKeeperServer.java","239969","146571","386540"
"2018-02-23 23:49","ZooKeeperServer.java","131761","35632","167393"
"2016-11-16 06:21","ZooKeeperServer.java","125917","33706","159623"
"2012-12-19 19:07","ZooKeeperServer.java","79934","28069","108003"
"2017-08-18 06:32","ZooKeeperServer.java","126285","35390","161675"
"2017-06-26 00:16","ZooKeeperServer.java","126209","35322","161531"
"2019-09-10 04:26","ZooKeeperServer.java","258232","146571","404803"
"2019-08-17 17:13","ZooKeeperServer.java","257187","146571","403758"
"2019-09-05 23:12","ZooKeeperServer.java","258106","146571","404677"
"2019-09-10 15:21","ZooKeeperServer.java","258230","146571","404801"
"2019-08-01 07:31","ZooKeeperServer.java","257858","146571","404429"
"2019-08-01 07:28","ZooKeeperServer.java","257368","146571","403939"
"2019-06-03 19:40","ZooKeeperServer.java","242518","146571","389089"
"2015-03-17 18:06","ZooKeeperServer.java","113362","31336","144698"
"2019-11-23 17:08","ZooKeeperServer.java","262827","147510","410337"
"2019-10-09 16:49","ZooKeeperServer.java","260773","146571","407344"
"2019-07-03 00:44","ZooKeeperServer.java","245200","146571","391771"
"2018-01-19 01:12","ZooKeeperServer.java","130679","35592","166271"
"2019-07-24 18:00","ZooKeeperServer.java","253642","146571","400213"
"2013-05-16 18:49","ZooKeeperServer.java","85963","28510","114473"
"2018-08-08 06:21","ZooKeeperServer.java","170743","69923","240666"
"2018-05-09 23:57","ZooKeeperServer.java","133364","35730","169094"
"2009-12-18 03:19","ZooKeeperServer.java","11085","2615","13700"
"2010-01-26 01:17","ZooKeeperServer.java","15103","3183","18286"
"2019-12-27 22:33","ZooKeeperServer.java","266804","147510","414314"
"2016-08-13 15:01","ZooKeeperServer.java","121826","33516","155342"
"2018-09-11 00:17","ZooKeeperServer.java","190918","89194","280112"
"2019-11-18 09:05","ZooKeeperServer.java","261270","147510","408780"
"2019-10-10 14:37","ZooKeeperServer.java","260940","146571","407511"
"2019-09-16 23:26","ZooKeeperServer.java","260206","146571","406777"
"2013-10-08 01:35","ZooKeeperServer.java","89099","28842","117941"
"2017-06-23 18:39","ZooKeeperServer.java","126187","35280","161467"
"2011-12-28 07:07","ZooKeeperServer.java","67536","25136","92672"
"2019-12-03 10:01","ZooKeeperServer.java","264729","147510","412239"
"2020-03-25 03:38","ZooKeeperServer.java","270911","147510","418421"
"2010-03-12 19:26","ZooKeeperServer.java","32170","10851","43021"
"2019-11-28 12:24","ZooKeeperServer.java","263032","147510","410542"
"2019-11-06 15:21","ZooKeeperServer.java","261156","146571","407727"
"2011-05-20 01:17","ZooKeeperServer.java","54294","21386","75680"
"2010-07-29 23:10","ZooKeeperServer.java","51115","15261","66376"
"2011-09-17 02:36","ZooKeeperServer.java","65316","23147","88463"
"2020-04-12 11:14","ZooKeeperServer.java","271664","147510","419174"
"2011-09-14 08:56","ZooKeeperServer.java","65224","20495","85719"
"2011-08-21 02:53","ZooKeeperServer.java","62489","20308","82797"
"2010-08-18 08:24","ZooKeeperServer.java","57233","16189","73422"
"2013-10-09 22:21","ZooKeeperServer.java","91490","28993","120483"
"2015-03-08 23:07","ZooKeeperServer.java","112287","31309","143596"
"2018-06-08 16:52","ZooKeeperServer.java","134116","35733","169849"
"2018-06-15 07:41","ZooKeeperServer.java","134135","35749","169884"
"2018-07-28 04:37","ZooKeeperServer.java","147567","47651","195218"
"2019-04-18 19:17","ZooKeeperServer.java","239704","146571","386275"
"2012-03-15 17:47","ZooKeeperServer.java","69829","25471","95300"
"2014-03-25 22:13","ZooKeeperServer.java","96152","29244","125396"
"2011-04-12 09:14","ZooKeeperServer.java","53413","21324","74737"
"2020-05-17 15:13","RemoveWatchesTest.java","72025","43411","115436"
"2019-09-18 11:20","RemoveWatchesTest.java","48877","31296","80173"
"2019-10-10 14:37","RemoveWatchesTest.java","50347","31925","82272"
"2019-08-17 17:13","RemoveWatchesTest.java","44192","29523","73715"
"2018-07-27 05:13","WorkerService.java","54505","35955","90460"
"2019-06-03 19:40","WorkerService.java","241435","214963","456398"
"2019-08-17 17:13","WorkerService.java","256104","214963","471067"
"2019-08-17 17:13","CreateTest.java","256986","184054","441040"
"2011-04-12 09:14","CreateTest.java","10270","15865","26135"
"2012-12-19 19:16","CreateTest.java","42890","26538","69428"
"2015-07-07 07:11","CreateTest.java","83925","35426","119351"
"2019-10-10 14:37","BufferSizeTest.java","260212","185301","445513"
"2019-08-17 17:13","BufferSizeTest.java","256459","185301","441760"
"2018-07-27 05:28","BufferSizeTest.java","91785","42917","134702"
"2019-08-17 17:13","MaxCnxnsTest.java","257179","154632","411811"
"2013-12-21 22:05","MaxCnxnsTest.java","86048","29617","115665"
"2010-03-31 06:26","MaxCnxnsTest.java","25855","12347","38202"
"2011-09-17 02:13","MaxCnxnsTest.java","57800","23372","81172"
"2019-09-18 11:20","ReconfigTest.java","259040","211666","470706"
"2016-06-23 23:45","ReconfigTest.java","17033","6901","23934"
"2014-08-24 07:42","ReconfigTest.java","293","46","339"
"2016-11-13 20:59","ReconfigTest.java","22352","8171","30523"
"2019-05-03 17:37","ReconfigTest.java","240234","211650","451884"
"2019-05-08 21:54","ReconfigTest.java","240614","211650","452264"
"2018-07-04 17:11","ReconfigTest.java","45976","24815","70791"
"2016-06-15 19:11","ReconfigTest.java","16526","6850","23376"
"2019-08-17 17:13","ReconfigTest.java","256128","211666","467794"
"2019-11-29 14:49","ReconfigTest.java","264130","213111","477241"
"2018-12-09 03:16","ReconfigTest.java","228675","211555","440230"
"2018-11-22 17:56","ReconfigTest.java","224714","211555","436269"
"2017-09-11 18:55","ReconfigTest.java","28773","15183","43956"
"2017-02-12 00:34","ReconfigTest.java","25049","12076","37125"
"2019-08-17 17:13","AvgMinMaxCounterSetTest.java","52485","30178","82663"
"2020-01-30 09:43","FileSnap.java","6210","2351","8561"
"2019-12-27 22:33","FileSnap.java","2420","357","2777"
"2020-01-28 17:26","FileSnap.java","6107","2324","8431"
"2019-05-08 21:54","SyncCallTest.java","241518","167977","409495"
"2019-08-17 17:13","SyncCallTest.java","257015","167976","424991"
"2012-12-19 19:16","SyncCallTest.java","59893","27491","87384"
"2019-09-18 11:20","SyncCallTest.java","259927","167976","427903"
"2019-10-10 14:37","SyncCallTest.java","260768","167976","428744"
"2016-11-03 16:07","QuorumPeerTestBase.java","20527","8019","28546"
"2019-12-27 22:33","QuorumPeerTestBase.java","266251","213115","479366"
"2019-10-10 14:37","QuorumPeerTestBase.java","259881","211670","471551"
"2016-06-23 23:25","QuorumPeerTestBase.java","16931","6911","23842"
"2019-07-12 17:01","QuorumPeerTestBase.java","251441","211670","463111"
"2017-01-13 19:29","QuorumPeerTestBase.java","25057","9131","34188"
"2015-03-17 18:06","QuorumPeerTestBase.java","5336","797","6133"
"2019-08-17 17:13","QuorumPeerTestBase.java","256128","211670","467798"
"2017-11-28 00:10","QuorumPeerTestBase.java","33108","15665","48773"
"2017-12-16 01:25","QuorumPeerTestBase.java","33505","16018","49523"
"2018-10-12 10:25","QuorumPeerTestBase.java","231792","191899","423691"
"2019-07-02 07:34","Follower.java","244976","157928","402904"
"2018-12-09 03:16","Follower.java","229633","157870","387503"
"2019-04-12 19:01","Follower.java","238841","157929","396770"
"2013-03-07 07:01","Follower.java","74442","28351","102793"
"2015-02-06 06:17","Follower.java","100920","31327","132247"
"2011-04-29 18:12","Follower.java","41615","20702","62317"
"2011-01-22 20:38","Follower.java","77858","16145","94003"
"2011-02-07 20:26","Follower.java","77989","16259","94248"
"2018-09-18 01:00","Follower.java","189938","97223","287161"
"2019-08-17 17:13","Follower.java","257033","157928","414961"
"2019-06-29 00:33","Follower.java","245020","157928","402948"
"2019-08-06 17:11","Follower.java","258134","157928","416062"
"2019-07-15 14:15","Follower.java","252452","157928","410380"
"2019-08-23 19:43","Follower.java","257699","157928","415627"
"2017-11-28 00:10","Follower.java","119723","36004","155727"
"2019-06-05 00:33","Follower.java","242754","157928","400682"
"2011-06-14 07:14","Follower.java","43378","20850","64228"
"2019-05-03 00:44","Follower.java","241031","157929","398960"
"2015-06-05 21:15","Follower.java","104748","31565","136313"
"2019-12-27 22:33","Follower.java","266740","158957","425697"
"2016-08-13 15:01","Follower.java","110724","33625","144349"
"2019-10-10 14:37","Follower.java","260786","157928","418714"
"2010-08-18 08:24","Follower.java","44718","15185","59903"
"2016-12-20 14:47","Follower.java","115523","34163","149686"
"2014-07-22 06:51","Follower.java","96535","31146","127681"
"2018-10-04 15:46","ZooKeeperTest.java","119827","104635","224462"
"2019-03-12 19:08","ZooKeeperTest.java","235277","224566","459843"
"2017-05-30 19:43","ZooKeeperTest.java","154","924","1078"
"2019-05-23 18:42","ZooKeeperTest.java","240461","224644","465105"
"2019-08-17 17:13","ZooKeeperTest.java","255250","224662","479912"
"2019-06-06 00:01","ZooKeeperTest.java","241386","224661","466047"
"2019-08-17 17:13","CliWrapperException.java","255887","221853","477740"
"2016-08-05 23:05","CliWrapperException.java","182","237","419"
"2014-06-25 15:04","FastLeaderElection.java","38125","11964","50089"
"2018-12-06 10:56","FastLeaderElection.java","226932","179048","405980"
"2014-07-08 05:25","FastLeaderElection.java","40258","12461","52719"
"2014-07-18 20:48","FastLeaderElection.java","44662","12739","57401"
"2014-03-23 04:12","FastLeaderElection.java","27356","5273","32629"
"2019-10-10 14:37","FastLeaderElection.java","260252","179143","439395"
"2013-10-21 23:36","FastLeaderElection.java","23024","4753","27777"
"2019-09-30 23:22","FastLeaderElection.java","259879","179143","439022"
"2014-07-20 04:50","FastLeaderElection.java","44756","12771","57527"
"2020-04-07 09:07","FastLeaderElection.java","271185","180455","451640"
"2019-01-18 03:42","FastLeaderElection.java","232431","179050","411481"
"2017-09-11 18:55","FastLeaderElection.java","69861","23377","93238"
"2013-03-07 07:01","FastLeaderElection.java","16498","3785","20283"
"2018-08-29 06:26","FastLeaderElection.java","159135","102368","261503"
"2015-02-06 06:17","FastLeaderElection.java","49383","13168","62551"
"2018-04-30 06:34","FastLeaderElection.java","76733","24267","101000"
"2019-08-17 17:13","FastLeaderElection.java","256499","179143","435642"
"2019-08-02 20:08","FastLeaderElection.java","257280","179143","436423"
"2012-08-03 00:17","FastLeaderElection.java","3160","672","3832"
"2017-01-13 19:29","FastLeaderElection.java","68296","19472","87768"
"2019-08-03 08:42","FastLeaderElection.java","257207","179143","436350"
"2016-05-02 18:15","WatcherTest.java","79995","24080","104075"
"2019-08-17 17:13","WatcherTest.java","256932","178405","435337"
"2013-02-19 08:55","WatcherTest.java","35107","12543","47650"
"2017-02-16 01:16","WatcherTest.java","86512","26771","113283"
"2011-09-17 02:13","WatcherTest.java","16250","4783","21033"
"2019-09-18 11:20","WatcherTest.java","259844","178405","438249"
"2019-08-17 17:13","ObserverLETest.java","256650","177304","433954"
"2020-03-19 17:09","Learner.java","66063","39405","105468"
"2020-02-03 04:30","Learner.java","64441","39288","103729"
"2020-01-23 13:43","Learner.java","63777","39181","102958"
"2020-03-25 03:38","Learner.java","66929","39475","106404"
"2019-11-28 12:24","Learner.java","56986","37411","94397"
"2019-12-27 22:33","Learner.java","61187","37840","99027"
"2020-01-25 18:48","Learner.java","63973","39187","103160"
"2020-05-03 19:43","Learner.java","68529","40139","108668"
"2019-10-10 14:37","Learner.java","50347","31925","82272"
"2019-07-15 14:15","Learner.java","14821","4733","19554"
"2019-08-23 19:43","Learner.java","44860","29525","74385"
"2019-08-17 17:13","Learner.java","44192","29523","73715"
"2019-07-12 17:01","Learner.java","14715","4733","19448"
"2019-07-02 07:34","Learner.java","6261","3649","9910"
"2019-11-29 14:49","Learner.java","58918","37692","96610"
"2018-10-16 16:22","RaceConditionTest.java","232847","200012","432859"
"2017-02-13 22:09","RaceConditionTest.java","8961","6012","14973"
"2019-08-17 17:13","RaceConditionTest.java","255887","221449","477336"
"2017-11-28 00:10","RaceConditionTest.java","17134","9711","26845"
"2011-04-12 09:14","InvalidSnapshotTest.java","59741","22852","82593"
"2016-08-24 01:36","InvalidSnapshotTest.java","127020","34275","161295"
"2010-08-18 08:24","InvalidSnapshotTest.java","63794","17950","81744"
"2010-03-31 06:26","InvalidSnapshotTest.java","40968","14591","55559"
"2010-03-04 00:07","InvalidSnapshotTest.java","32550","13186","45736"
"2013-12-21 22:05","InvalidSnapshotTest.java","98786","29919","128705"
"2013-10-02 01:45","InvalidSnapshotTest.java","94174","29768","123942"
"2019-10-10 14:37","InvalidSnapshotTest.java","261253","142084","403337"
"2019-08-17 17:13","InvalidSnapshotTest.java","257500","142084","399584"
"2012-03-18 21:06","InvalidSnapshotTest.java","77116","27978","105094"
"2012-02-06 09:47","InvalidSnapshotTest.java","74335","26553","100888"
"2011-10-25 08:09","EventTypeTest.java","71479","26178","97657"
"2010-03-31 06:26","EventTypeTest.java","40968","14591","55559"
"2019-08-17 17:13","EventTypeTest.java","257500","142084","399584"
"2010-01-25 04:28","AsyncOps.java","98999","13141","112140"
"2014-06-25 19:06","AsyncOps.java","157198","19461","176659"
"2009-10-31 00:09","AsyncOps.java","86217","12275","98492"
"2012-12-19 19:16","AsyncOps.java","136917","17711","154628"
"2014-03-23 22:03","AsyncOps.java","151324","18186","169510"
"2010-03-31 06:26","AsyncOps.java","109646","13722","123368"
"2019-06-03 19:40","AsyncOps.java","243041","72747","315788"
"2019-08-17 17:13","AsyncOps.java","257710","72747","330457"
"2008-12-22 23:23","AsyncOps.java","23089","4828","27917"
"2014-02-12 17:00","ZKDatabase.java","8558","1437","9995"
"2019-10-10 14:37","ZKDatabase.java","260130","193596","453726"
"2019-12-27 22:33","ZKDatabase.java","266401","194942","461343"
"2018-04-06 06:04","ZKDatabase.java","61444","24471","85915"
"2014-04-29 02:23","ZKDatabase.java","18955","8819","27774"
"2014-04-17 08:47","ZKDatabase.java","18243","8813","27056"
"2018-09-28 23:38","ZKDatabase.java","159505","112169","271674"
"2019-11-08 17:30","ZKDatabase.java","262019","193624","455643"
"2019-05-14 17:11","ZKDatabase.java","241028","193580","434608"
"2018-09-18 01:00","ZKDatabase.java","156768","112006","268774"
"2019-02-07 11:26","ZKDatabase.java","234612","193499","428111"
"2019-04-12 19:01","ZKDatabase.java","238168","193580","431748"
"2018-09-05 22:35","ZKDatabase.java","154437","111929","266366"
"2015-02-06 06:17","ZKDatabase.java","33145","11505","44650"
"2014-07-18 02:19","ZKDatabase.java","27298","10409","37707"
"2018-02-07 01:05","ZKDatabase.java","61055","24434","85489"
"2014-01-24 07:18","ZKDatabase.java","8204","1333","9537"
"2019-08-17 17:13","ZKDatabase.java","256377","193596","449973"
"2019-09-10 00:27","ZKDatabase.java","257317","193596","450913"
"2016-03-23 00:30","ZKDatabase.java","43418","16678","60096"
"2018-02-23 23:49","ZKDatabase.java","61430","24465","85895"
"2017-08-03 20:28","ZKDatabase.java","54818","23447","78265"
"2017-06-18 19:23","ZKDatabase.java","53945","22350","76295"
"2019-04-09 15:35","ZKDatabase.java","237155","193517","430672"
"2020-01-09 11:27","QuorumPeer.java","2377","1403","3780"
"2020-01-23 13:43","QuorumPeer.java","4868","2070","6938"
"2020-02-16 10:25","QuorumPeer.java","7367","3856","11223"
"2019-09-18 11:20","DataTreeTest.java","259281","193442","452723"
"2019-12-27 22:33","DataTreeTest.java","266393","194788","461181"
"2015-06-06 03:48","DataTreeTest.java","37343","11896","49239"
"2019-10-09 16:38","DataTreeTest.java","259866","193442","453308"
"2019-01-30 16:28","DataTreeTest.java","233382","193344","426726"
"2019-02-07 11:26","DataTreeTest.java","234604","193345","427949"
"2018-12-20 15:17","DataTreeTest.java","229870","193343","423213"
"2018-09-04 11:54","DataTreeTest.java","154056","111658","265714"
"2019-07-31 19:06","DataTreeTest.java","255676","193442","449118"
"2019-04-12 19:01","DataTreeTest.java","238160","193426","431586"
"2019-09-10 15:21","DataTreeTest.java","257412","193442","450854"
"2019-08-17 17:13","DataTreeTest.java","256369","193442","449811"
"2017-06-18 19:23","DataTreeTest.java","53800","22059","75859"
"2019-04-12 12:29","DataTreeTest.java","237729","193426","431155"
"2016-11-13 20:59","DataTreeTest.java","50391","17745","68136"
"2019-08-17 17:13","WatchesPathReportTest.java","255966","218914","474880"
"2018-09-28 23:38","WatchesPathReportTest.java","133032","111425","244457"
"2019-12-27 22:33","ZKDatabase.java","9297","6233","15530"
"2018-12-20 15:13","QuorumPeer.java","229374","220404","449778"
"2019-05-16 16:25","QuorumPeer.java","240697","220498","461195"
"2018-10-16 16:22","QuorumPeer.java","233367","199570","432937"
"2019-06-14 09:06","QuorumPeer.java","243913","220515","464428"
"2018-12-07 12:41","QuorumPeer.java","226387","220403","446790"
"2019-03-11 19:47","QuorumPeer.java","235822","220424","456246"
"2019-02-13 13:12","QuorumPeer.java","234771","220425","455196"
"2019-04-12 19:01","QuorumPeer.java","237705","220498","458203"
"2018-12-09 03:16","QuorumPeer.java","228461","220403","448864"
"2018-09-11 15:23","QuorumPeer.java","126976","110850","237826"
"2019-11-29 14:49","QuorumPeer.java","264024","222067","486091"
"2018-12-15 07:34","QuorumPeer.java","228376","220403","448779"
"2018-11-27 10:02","QuorumPeer.java","226137","220403","446540"
"2018-09-18 01:00","QuorumPeer.java","128356","110975","239331"
"2019-06-03 19:40","QuorumPeer.java","241246","220515","461761"
"2019-07-15 14:15","QuorumPeer.java","251335","220516","471851"
"2019-07-03 00:44","QuorumPeer.java","243928","220515","464443"
"2019-08-17 17:13","QuorumPeer.java","255916","220516","476432"
"2017-11-28 00:10","QuorumPeer.java","21632","13247","34879"
"2018-01-30 08:02","QuorumPeer.java","22222","13684","35906"
"2019-05-15 11:56","QuorumPeer.java","240652","220498","461150"
"2019-06-05 00:33","QuorumPeer.java","241636","220515","462151"
"2019-05-20 23:13","QuorumPeer.java","240770","220498","461268"
"2019-06-04 10:55","QuorumPeer.java","241399","220515","461914"
"2019-07-12 17:01","QuorumPeer.java","251229","220516","471745"
"2020-01-09 11:27","QuorumPeer.java","265572","222069","487641"
"2017-02-09 11:40","QuorumPeer.java","13659","6498","20157"
"2017-07-06 18:48","QuorumPeer.java","15831","10984","26815"
"2018-10-01 06:11","QuorumPeer.java","131619","111659","243278"
"2018-07-04 17:11","QuorumPeer.java","35658","23559","59217"
"2019-12-17 13:48","QuorumPeer.java","264596","222067","486663"
"2020-01-23 13:43","QuorumPeer.java","267396","222069","489465"
"2016-06-23 23:45","QuorumPeer.java","4870","3800","8670"
"2016-06-23 23:25","QuorumPeer.java","4727","3765","8492"
"2018-12-06 10:56","QuorumPeer.java","226331","220403","446734"
"2019-10-10 14:37","QuorumPeer.java","259669","220516","480185"
"2017-07-27 23:09","QuorumPeer.java","16364","12503","28867"
"2018-06-26 11:18","QuorumPeer.java","26315","14234","40549"
"2018-07-27 12:32","QuorumPeer.java","47423","34124","81547"
"2019-04-18 19:17","QuorumPeer.java","238415","220498","458913"
"2016-12-20 14:47","QuorumPeer.java","12197","6171","18368"
"2017-05-11 16:59","QuorumPeer.java","14625","10645","25270"
"2016-06-02 00:59","QuorumPeer.java","4299","3706","8005"
"2020-02-16 10:25","QuorumPeer.java","268109","222069","490178"
"2019-08-17 17:13","ZkDatabaseCorruptionTest.java","257115","154969","412084"
"2013-02-19 09:18","ZkDatabaseCorruptionTest.java","73351","28209","101560"
"2019-10-10 14:37","ZkDatabaseCorruptionTest.java","260868","154969","415837"
"2014-05-15 03:35","ZkDatabaseCorruptionTest.java","91780","30608","122388"
"2011-07-29 10:14","ZkDatabaseCorruptionTest.java","51380","19903","71283"
"2014-01-27 14:37","ZkDatabaseCorruptionTest.java","87171","29189","116360"
"2010-03-31 06:26","ZkDatabaseCorruptionTest.java","24430","11323","35753"
"2018-04-06 06:04","ZkDatabaseCorruptionTest.java","124019","36052","160071"
"2011-04-12 09:14","ZkDatabaseCorruptionTest.java","44456","20837","65293"
"2016-08-24 01:36","ZkDatabaseCorruptionTest.java","113774","33866","147640"
"2019-09-18 11:20","ReconfigTest.java","259040","211913","470953"
"2016-06-23 23:45","ReconfigTest.java","17014","7129","24143"
"2016-11-13 20:59","ReconfigTest.java","22335","8401","30736"
"2019-05-03 17:37","ReconfigTest.java","240234","211897","452131"
"2019-05-08 21:54","ReconfigTest.java","240614","211897","452511"
"2018-07-04 17:11","ReconfigTest.java","45962","25048","71010"
"2016-06-15 19:11","ReconfigTest.java","16507","7078","23585"
"2019-08-17 17:13","ReconfigTest.java","256128","211913","468041"
"2019-11-29 14:49","ReconfigTest.java","264130","213358","477488"
"2018-12-09 03:16","ReconfigTest.java","228675","211802","440477"
"2018-11-22 17:56","ReconfigTest.java","224714","211802","436516"
"2017-09-11 18:55","ReconfigTest.java","28759","15416","44175"
"2017-02-12 00:34","ReconfigTest.java","25035","12309","37344"
"2019-09-18 11:20","ReconfigTest.java","258204","225011","483215"
"2019-05-03 17:37","ReconfigTest.java","239395","224992","464387"
"2019-05-08 21:54","ReconfigTest.java","239775","224992","464767"
"2018-07-04 17:11","ReconfigTest.java","26457","19477","45934"
"2019-08-17 17:13","ReconfigTest.java","255292","225011","480303"
"2019-11-29 14:49","ReconfigTest.java","263453","226615","490068"
"2018-12-09 03:16","ReconfigTest.java","227830","224891","452721"
"2018-11-22 17:56","ReconfigTest.java","223869","224891","448760"
"2017-09-11 18:55","ReconfigTest.java","7169","7760","14929"
"2017-02-12 00:34","ReconfigTest.java","3319","4527","7846"
"2015-02-06 06:17","ConnectionBean.java","97859","36776","134635"
"2019-08-17 17:13","ConnectionBean.java","257015","167328","424343"
"2019-10-10 14:37","ConnectionBean.java","260768","167328","428096"
"2011-04-12 09:14","ConnectionBean.java","30870","19710","50580"
"2010-08-18 08:24","ConnectionBean.java","27910","7795","35705"
"2019-08-17 17:13","ZooKeeperTestable.java","52383","30086","82469"
"2010-03-04 00:07","FileTxnLog.java","90590","13027","103617"
"2011-06-21 07:34","FileTxnLog.java","112302","15164","127466"
"2014-02-12 17:00","FileTxnLog.java","143314","19050","162364"
"2013-12-11 01:10","FileTxnLog.java","140400","19021","159421"
"2018-01-19 00:43","FileTxnLog.java","175278","22213","197491"
"2009-08-25 07:45","FileTxnLog.java","70889","10781","81670"
"2019-12-27 22:33","FileTxnLog.java","266840","84547","351387"
"2019-10-10 14:37","FileTxnLog.java","261459","84091","345550"
"2018-11-12 22:36","FileTxnLog.java","225771","84064","309835"
"2018-08-01 21:19","FileTxnLog.java","186117","28097","214214"
"2018-04-27 20:28","FileTxnLog.java","177207","22292","199499"
"2018-06-08 16:52","FileTxnLog.java","178647","22285","200932"
"2010-12-23 13:42","FileTxnLog.java","150377","14676","165053"
"2011-09-03 01:07","FileTxnLog.java","115573","13450","129023"
"2011-04-12 09:14","FileTxnLog.java","110155","15067","125222"
"2011-11-15 19:30","FileTxnLog.java","117187","17578","134765"
"2014-06-30 19:11","FileTxnLog.java","149729","20406","170135"
"2020-01-28 17:26","FileTxnLog.java","268560","84547","353107"
"2019-05-14 17:11","FileTxnLog.java","242374","84092","326466"
"2019-01-07 14:24","FileTxnLog.java","232509","84064","316573"
"2013-06-28 23:22","FileTxnLog.java","136127","18984","155111"
"2010-03-16 22:23","FileTxnLog.java","97498","13144","110642"
"2019-04-12 19:01","FileTxnLog.java","239514","84092","323606"
"2017-04-28 07:14","FileTxnLog.java","171163","21829","192992"
"2012-02-06 09:40","FileTxnLog.java","118878","17761","136639"
"2018-09-06 01:11","FileTxnLog.java","212945","53294","266239"
"2018-09-18 01:00","FileTxnLog.java","215239","53334","268573"
"2016-03-20 19:31","FileTxnLog.java","165261","20869","186130"
"2019-08-17 17:13","FileTxnLog.java","257706","84091","341797"
"2009-06-18 18:37","FileTxnLog.java","60229","10121","70350"
"2019-06-03 19:40","FileTxnLog.java","243037","84091","327128"
"2018-04-24 00:20","FileTxnLog.java","177084","22256","199340"
"2018-02-14 21:23","FileTxnLog.java","176191","22247","198438"
"2009-02-20 01:23","FileTxnLog.java","28119","8482","36601"
"2019-08-03 08:42","FileTxnLog.java","258414","84091","342505"
"2019-04-09 15:35","FileTxnLog.java","238542","84070","322612"
"2017-08-03 20:41","FileTxnLog.java","170640","22122","192762"
"2018-02-02 00:26","FileTxnLog.java","175287","22215","197502"
"2017-06-26 00:07","FileTxnLog.java","170950","22078","193028"
"2008-12-10 22:55","FileTxnLog.java","9446","3058","12504"
"2019-04-12 19:01","WatchManager.java","238841","158338","397179"
"2014-07-18 02:19","WatchManager.java","95732","31299","127031"
"2017-09-11 18:55","WatchManager.java","115554","36101","151655"
"2019-03-05 00:04","WatchManager.java","236699","158295","394994"
"2019-11-08 17:30","WatchManager.java","262647","158337","420984"
"2014-01-24 07:18","WatchManager.java","83574","29159","112733"
"2019-08-17 17:13","WatchManager.java","257033","158337","415370"
"2018-09-28 23:38","WatchManager.java","192464","97584","290048"
"2010-07-05 20:20","WatchManager.java","34208","13704","47912"
"2011-07-25 23:31","WatchManager.java","47574","19828","67402"
"2014-04-29 02:23","WatchManager.java","88348","30668","119016"
"2014-04-17 08:47","WatchManager.java","87639","30665","118304"
"2011-04-12 09:14","WatchManager.java","40932","20763","61695"
"2014-02-12 17:00","LearnerHandler.java","161325","17026","178351"
"2014-03-23 04:12","LearnerHandler.java","161792","17106","178898"
"2010-01-25 04:28","LearnerHandler.java","111851","11248","123099"
"2019-10-10 14:37","LearnerHandler.java","261595","58134","319729"
"2015-06-05 20:38","LearnerHandler.java","180973","18596","199569"
"2015-06-05 20:51","LearnerHandler.java","181000","18596","199596"
"2015-06-12 23:02","LearnerHandler.java","181100","18598","199698"
"2009-08-25 07:45","LearnerHandler.java","95557","9356","104913"
"2010-03-11 15:05","LearnerHandler.java","121407","11375","132782"
"2009-10-30 17:19","LearnerHandler.java","98268","10431","108699"
"2009-11-30 13:03","LearnerHandler.java","107834","10794","118628"
"2011-04-12 09:14","LearnerHandler.java","133947","12766","146713"
"2013-09-26 14:05","LearnerHandler.java","154615","17007","171622"
"2009-04-24 20:26","LearnerHandler.java","64538","8543","73081"
"2019-07-03 20:54","LearnerHandler.java","245836","58134","303970"
"2011-09-14 08:56","LearnerHandler.java","135955","13212","149167"
"2011-08-30 08:37","LearnerHandler.java","134687","13153","147840"
"2010-07-29 23:10","LearnerHandler.java","136826","11880","148706"
"2011-09-17 02:36","LearnerHandler.java","135890","15707","151597"
"2008-10-03 15:06","LearnerHandler.java","17086","2341","19427"
"2012-04-23 01:20","LearnerHandler.java","139573","16095","155668"
"2013-06-28 23:22","LearnerHandler.java","154189","17011","171200"
"2009-01-15 23:57","LearnerHandler.java","39154","7050","46204"
"2018-09-18 01:00","LearnerHandler.java","226629","44689","271318"
"2010-11-04 17:01","LearnerHandler.java","172433","12215","184648"
"2012-02-06 09:40","LearnerHandler.java","137061","15909","152970"
"2013-05-14 14:27","LearnerHandler.java","152387","16946","169333"
"2018-08-03 18:52","LearnerHandler.java","198240","19876","218116"
"2011-01-22 20:38","LearnerHandler.java","174897","12581","187478"
"2018-12-09 03:16","LearnerHandler.java","230484","58118","288602"
"2019-04-12 19:01","LearnerHandler.java","239649","58134","297783"
"2013-03-07 07:01","LearnerHandler.java","152260","16944","169204"
"2009-11-18 20:06","LearnerHandler.java","107501","10791","118292"
"2017-11-28 00:10","LearnerHandler.java","192081","19137","211218"
"2019-06-29 00:33","LearnerHandler.java","245829","58134","303963"
"2013-05-11 15:35","LearnerHandler.java","152308","16944","169252"
"2019-07-25 21:41","LearnerHandler.java","254325","58134","312459"
"2019-08-23 19:43","LearnerHandler.java","258508","58134","316642"
"2019-08-17 17:13","LearnerHandler.java","257842","58134","315976"
"2009-06-18 18:37","LearnerHandler.java","85198","8997","94195"
"2009-06-26 22:29","LearnerHandler.java","92998","9234","102232"
"2009-06-15 22:52","LearnerHandler.java","84087","8957","93044"
"2009-01-16 00:48","LearnerHandler.java","39341","7218","46559"
"2017-06-26 00:16","LearnerHandler.java","188012","19111","207123"
"2017-08-03 20:28","LearnerHandler.java","187669","19120","206789"
"2012-07-29 07:02","LearnerHandler.java","140989","16108","157097"
"2019-05-06 17:48","LearnerHandler.java","242155","58134","300289"
"2019-08-03 08:42","LearnerHandler.java","258550","58134","316684"
"2019-04-22 19:15","LearnerHandler.java","240624","58134","298758"
"2009-02-20 01:23","LearnerHandler.java","53712","7982","61694"
"2011-06-14 07:14","LearnerHandler.java","135939","12808","148747"
"2017-05-27 00:52","ListQuotaCommand.java","9371","6695","16066"
"2019-08-17 17:13","ListQuotaCommand.java","255887","221853","477740"
"2019-01-31 15:55","ListQuotaCommand.java","233428","221735","455163"
"2019-10-10 14:37","SessionTrackerImpl.java","260217","182289","442506"
"2019-09-20 10:02","SessionTrackerImpl.java","259384","182289","441673"
"2013-10-09 22:21","SessionTrackerImpl.java","19145","4418","23563"
"2020-03-26 22:16","SessionTrackerImpl.java","270568","183601","454169"
"2015-03-08 23:07","SessionTrackerImpl.java","46849","13641","60490"
"2014-07-25 00:58","SessionTrackerImpl.java","41832","12902","54734"
"2014-07-23 20:17","SessionTrackerImpl.java","41828","12904","54732"
"2015-02-06 06:17","SessionTrackerImpl.java","46613","13579","60192"
"2014-07-18 02:19","SessionTrackerImpl.java","41089","12806","53895"
"2018-09-18 01:00","SessionTrackerImpl.java","164529","108373","272902"
"2019-09-05 23:12","SessionTrackerImpl.java","257383","182289","439672"
"2019-08-17 17:13","SessionTrackerImpl.java","256464","182289","438753"
"2018-08-08 06:21","SessionTrackerImpl.java","138544","85494","224038"
"2018-05-09 23:57","SessionTrackerImpl.java","74820","24956","99776"
"2019-04-22 19:15","SessionTrackerImpl.java","239230","182273","421503"
"2012-12-19 19:07","SessionTrackerImpl.java","5757","1662","7419"
"2014-02-12 17:00","LearnerHandler.java","150849","18104","168953"
"2014-03-23 04:12","LearnerHandler.java","151318","18186","169504"
"2010-01-25 04:28","LearnerHandler.java","98999","13141","112140"
"2019-10-10 14:37","LearnerHandler.java","261463","72747","334210"
"2015-06-05 20:38","LearnerHandler.java","170554","19731","190285"
"2015-06-05 20:51","LearnerHandler.java","170581","19731","190312"
"2015-06-12 23:02","LearnerHandler.java","170681","19733","190414"
"2009-08-25 07:45","LearnerHandler.java","82516","11060","93576"
"2010-03-11 15:05","LearnerHandler.java","108490","13203","121693"
"2009-10-30 17:19","LearnerHandler.java","85287","12195","97482"
"2009-11-30 13:03","LearnerHandler.java","94897","12602","107499"
"2011-04-12 09:14","LearnerHandler.java","121343","14907","136250"
"2013-09-26 14:05","LearnerHandler.java","144093","18039","162132"
"2009-04-24 20:26","LearnerHandler.java","51242","9992","61234"
"2019-07-03 20:54","LearnerHandler.java","245704","72747","318451"
"2011-09-14 08:56","LearnerHandler.java","125189","14000","139189"
"2011-08-30 08:37","LearnerHandler.java","123917","13937","137854"
"2010-07-29 23:10","LearnerHandler.java","124077","13876","137953"
"2011-09-17 02:36","LearnerHandler.java","125131","16502","141633"
"2012-04-23 01:20","LearnerHandler.java","128993","17069","146062"
"2013-06-28 23:22","LearnerHandler.java","143668","18044","161712"
"2009-01-15 23:57","LearnerHandler.java","25560","8201","33761"
"2018-09-18 01:00","LearnerHandler.java","219504","49118","268622"
"2010-11-04 17:01","LearnerHandler.java","159695","14222","173917"
"2012-02-06 09:40","LearnerHandler.java","126453","16855","143308"
"2013-05-14 14:27","LearnerHandler.java","141858","17971","159829"
"2018-08-03 18:52","LearnerHandler.java","190778","23968","214746"
"2011-01-22 20:38","LearnerHandler.java","162201","14630","176831"
"2018-12-09 03:16","LearnerHandler.java","230340","72719","303059"
"2019-04-12 19:01","LearnerHandler.java","239517","72747","312264"
"2013-03-07 07:01","LearnerHandler.java","141732","17970","159702"
"2009-11-18 20:06","LearnerHandler.java","94561","12596","107157"
"2017-11-28 00:10","LearnerHandler.java","182042","20652","202694"
"2019-06-29 00:33","LearnerHandler.java","245697","72747","318444"
"2013-05-11 15:35","LearnerHandler.java","141780","17970","159750"
"2019-07-25 21:41","LearnerHandler.java","254193","72747","326940"
"2019-08-23 19:43","LearnerHandler.java","258376","72747","331123"
"2019-08-17 17:13","LearnerHandler.java","257710","72747","330457"
"2009-06-18 18:37","LearnerHandler.java","72053","10597","82650"
"2009-06-26 22:29","LearnerHandler.java","79895","10876","90771"
"2009-06-15 22:52","LearnerHandler.java","70826","10441","81267"
"2009-01-16 00:48","LearnerHandler.java","25761","8383","34144"
"2017-06-26 00:16","LearnerHandler.java","177943","20596","198539"
"2017-08-03 20:28","LearnerHandler.java","177611","20616","198227"
"2012-07-29 07:02","LearnerHandler.java","130415","17088","147503"
"2019-05-06 17:48","LearnerHandler.java","242023","72747","314770"
"2019-08-03 08:42","LearnerHandler.java","258418","72747","331165"
"2019-04-22 19:15","LearnerHandler.java","240492","72747","313239"
"2009-02-20 01:23","LearnerHandler.java","40336","9351","49687"
"2011-06-14 07:14","LearnerHandler.java","123335","14949","138284"
"2010-01-25 04:28","AsyncOps.java","111102","11292","122394"
"2014-06-25 19:06","AsyncOps.java","166956","18458","185414"
"2009-10-31 00:09","AsyncOps.java","98446","10552","108998"
"2012-12-19 19:16","AsyncOps.java","146772","16805","163577"
"2014-03-23 22:03","AsyncOps.java","161096","17197","178293"
"2010-03-31 06:26","AsyncOps.java","121721","11845","133566"
"2008-10-03 15:06","AsyncOps.java","16294","2342","18636"
"2019-06-03 19:40","AsyncOps.java","243173","58927","302100"
"2019-08-17 17:13","AsyncOps.java","257842","58927","316769"
"2008-12-22 23:23","AsyncOps.java","36054","3841","39895"
"2019-09-18 11:20","ReconfigTest.java","50144","31354","81498"
"2019-05-08 21:54","ReconfigTest.java","422","42","464"
"2019-08-17 17:13","ReconfigTest.java","45540","29662","75202"
"2019-11-29 14:49","ReconfigTest.java","60174","37739","97913"
"2019-11-21 05:58","NIOServerCnxn.java","63611","37171","100782"
"2019-11-18 09:05","NIOServerCnxn.java","63578","37161","100739"
"2019-09-16 23:26","NIOServerCnxn.java","57642","31350","88992"
"2019-10-10 14:37","NIOServerCnxn.java","59146","32120","91266"
"2020-02-11 06:50","NIOServerCnxn.java","72865","39073","111938"
"2019-07-08 23:26","NIOServerCnxn.java","17649","5600","23249"
"2019-04-12 19:01","NIOServerCnxn.java","6336","1256","7592"
"2019-08-17 17:13","NIOServerCnxn.java","53344","30071","83415"
"2019-07-03 00:44","NIOServerCnxn.java","16818","5532","22350"
"2019-08-03 08:42","NIOServerCnxn.java","32658","8677","41335"
"2019-11-29 14:49","ReconfigMisconfigTest.java","263435","225389","488824"
"2017-07-06 18:48","ReconfigMisconfigTest.java","2405","1469","3874"
"2019-08-17 17:13","ReconfigMisconfigTest.java","255265","223776","479041"
"2019-11-21 05:58","NIOServerCnxn.java","48823","34432","83255"
"2019-11-18 09:05","NIOServerCnxn.java","48790","34422","83212"
"2019-09-16 23:26","NIOServerCnxn.java","42576","28333","70909"
"2019-10-10 14:37","NIOServerCnxn.java","44159","29182","73341"
"2020-02-11 06:50","NIOServerCnxn.java","58342","36599","94941"
"2019-08-17 17:13","NIOServerCnxn.java","37963","26739","64702"
"2019-08-03 08:42","NIOServerCnxn.java","15145","3213","18358"
"2019-10-10 14:37","SaslClientCallbackHandler.java","258833","228065","486898"
"2019-08-17 17:13","SaslClientCallbackHandler.java","255079","228064","483143"
"2019-02-07 11:26","PrepRequestProcessor.java","234200","218409","452609"
"2019-09-11 10:27","PrepRequestProcessor.java","257334","218519","475853"
"2018-07-19 05:59","PrepRequestProcessor.java","49840","34986","84826"
"2017-09-11 18:55","PrepRequestProcessor.java","20539","13952","34491"
"2019-01-16 14:21","PrepRequestProcessor.java","231847","218408","450255"
"2017-06-01 05:45","PrepRequestProcessor.java","17964","11841","29805"
"2019-11-08 17:30","PrepRequestProcessor.java","261622","218549","480171"
"2016-11-13 20:59","PrepRequestProcessor.java","13879","6701","20580"
"2019-04-09 15:35","PrepRequestProcessor.java","236745","218429","455174"
"2019-04-17 14:16","PrepRequestProcessor.java","238032","218501","456533"
"2019-05-10 12:22","PrepRequestProcessor.java","240467","218501","458968"
"2017-06-26 00:16","PrepRequestProcessor.java","18546","12145","30691"
"2019-02-07 11:22","PrepRequestProcessor.java","233862","218409","452271"
"2016-11-16 06:21","PrepRequestProcessor.java","14463","6738","21201"
"2019-08-01 07:31","PrepRequestProcessor.java","256649","218519","475168"
"2019-06-26 10:57","PrepRequestProcessor.java","243827","218518","462345"
"2016-10-07 21:51","PrepRequestProcessor.java","11376","6451","17827"
"2019-08-17 17:13","PrepRequestProcessor.java","255978","218519","474497"
"2018-08-08 06:21","PrepRequestProcessor.java","98819","82485","181304"
"2018-05-09 23:57","PrepRequestProcessor.java","28288","15140","43428"
"2019-12-27 22:33","PrepRequestProcessor.java","266201","220064","486265"
"2019-10-10 14:37","PrepRequestProcessor.java","259731","218519","478250"
"2020-03-25 03:38","PrepRequestProcessor.java","270309","220065","490374"
"2018-06-15 07:41","PrepRequestProcessor.java","29258","15358","44616"
"2017-09-11 18:55","QuorumBase.java","119475","36298","155773"
"2012-04-23 01:20","QuorumBase.java","64963","27395","92358"
"2019-07-12 17:01","QuorumBase.java","252492","154759","407251"
"2012-12-11 08:42","QuorumBase.java","70929","28182","99111"
"2019-08-17 17:13","QuorumBase.java","257179","154759","411938"
"2019-08-01 07:31","QuorumBase.java","257850","154759","412609"
"2018-08-08 06:21","QuorumBase.java","168316","75392","243708"
"2019-10-10 14:37","QuorumBase.java","260932","154759","415691"
"2010-03-13 01:06","QuorumBase.java","23793","10659","34452"
"2020-03-25 03:38","QuorumBase.java","270911","155706","426617"
"2014-07-18 19:46","QuorumBase.java","100109","31725","131834"
"2010-07-23 06:22","QuorumBase.java","42048","15100","57148"
"2011-05-20 01:17","QuorumBase.java","46310","21598","67908"
"2010-05-05 22:32","QuorumBase.java","27756","14603","42359"
"2010-08-18 08:24","QuorumBase.java","49102","16254","65356"
"2013-10-09 22:21","QuorumBase.java","84189","29588","113777"
"2010-03-31 06:26","QuorumBase.java","25535","12154","37689"
"2014-06-25 19:25","QuorumBase.java","94654","31266","125920"
"2011-04-12 09:14","QuorumBase.java","45373","21480","66853"
"2015-03-08 23:07","ObserverZooKeeperServer.java","32456","11165","43621"
"2013-11-14 05:34","ObserverZooKeeperServer.java","4237","620","4857"
"2019-10-10 14:37","ObserverZooKeeperServer.java","260122","194111","454233"
"2016-08-13 15:01","ObserverZooKeeperServer.java","45724","17101","62825"
"2019-06-04 10:55","ObserverZooKeeperServer.java","241853","194111","435964"
"2019-08-17 17:13","ObserverZooKeeperServer.java","256369","194111","450480"
"2019-06-03 19:40","ObserverZooKeeperServer.java","241700","194111","435811"
"2019-02-13 13:12","ObserverZooKeeperServer.java","235236","194032","429268"
"2010-03-31 06:26","KeeperStateTest.java","78830","13608","92438"
"2011-10-25 08:09","KeeperStateTest.java","102502","20467","122969"
"2019-08-17 17:13","KeeperStateTest.java","257687","103426","361113"
"2010-03-31 06:26","WatcherFuncTest.java","76499","13223","89722"
"2019-08-17 17:13","WatcherFuncTest.java","257589","105274","362863"
"2009-07-17 00:09","WatcherFuncTest.java","41875","4976","46851"
"2019-08-17 17:13","Stats.java","256932","178405","435337"
"2019-08-17 17:13","UnimplementedRequestProcessor.java","256407","187365","443772"
"2019-08-17 17:13","FollowerMXBean.java","28807","25290","54097"
"2010-03-11 04:17","NIOServerCnxn.java","86690","8773","95463"
"2011-05-03 23:29","NIOServerCnxn.java","100416","10995","111411"
"2009-11-07 01:48","NIOServerCnxn.java","64545","7557","72102"
"2009-12-03 23:30","NIOServerCnxn.java","72872","7928","80800"
"2010-01-26 01:17","NIOServerCnxn.java","77433","8525","85958"
"2009-11-12 20:53","NIOServerCnxn.java","65238","7663","72901"
"2019-11-21 05:58","NIOServerCnxn.java","261329","90558","351887"
"2015-11-08 22:36","NIOServerCnxn.java","157174","17245","174419"
"2019-11-18 09:05","NIOServerCnxn.java","261306","90558","351864"
"2013-09-10 00:37","NIOServerCnxn.java","128266","15277","143543"
"2019-09-16 23:26","NIOServerCnxn.java","260725","90102","350827"
"2019-10-10 14:37","NIOServerCnxn.java","261459","90102","351561"
"2013-10-05 00:57","NIOServerCnxn.java","129028","15285","144313"
"2018-09-28 23:38","NIOServerCnxn.java","213412","53006","266418"
"2010-08-18 08:24","NIOServerCnxn.java","108101","10069","118170"
"2010-05-04 23:45","NIOServerCnxn.java","87905","9587","97492"
"2010-03-09 03:00","NIOServerCnxn.java","86014","8717","94731"
"2020-02-11 06:50","NIOServerCnxn.java","268681","90558","359239"
"2019-01-23 14:00","NIOServerCnxn.java","234406","90075","324481"
"2019-07-08 23:26","NIOServerCnxn.java","246482","90102","336584"
"2019-04-12 19:01","NIOServerCnxn.java","239514","90103","329617"
"2019-01-14 19:38","NIOServerCnxn.java","232971","90075","323046"
"2018-11-17 18:33","NIOServerCnxn.java","225754","90075","315829"
"2017-03-04 19:22","NIOServerCnxn.java","164473","19645","184118"
"2011-08-19 00:05","NIOServerCnxn.java","105575","9516","115091"
"2013-12-11 19:22","NIOServerCnxn.java","133162","15365","148527"
"2012-02-11 00:34","NIOServerCnxn.java","111324","14094","125418"
"2016-12-22 23:23","NIOServerCnxn.java","166011","19193","185204"
"2018-09-18 01:00","NIOServerCnxn.java","210749","52917","263666"
"2019-08-17 17:13","NIOServerCnxn.java","257706","90102","347808"
"2009-06-15 22:52","NIOServerCnxn.java","47649","4623","52272"
"2015-06-28 21:09","NIOServerCnxn.java","155838","17217","173055"
"2015-03-28 20:08","NIOServerCnxn.java","154067","17146","171213"
"2019-07-03 00:44","NIOServerCnxn.java","245719","90102","335821"
"2019-08-03 08:42","NIOServerCnxn.java","258414","90102","348516"
"2016-11-16 06:21","NIOServerCnxn.java","165146","19029","184175"
"2012-12-19 19:07","NIOServerCnxn.java","120610","14839","135449"
"2009-01-16 00:48","NIOServerCnxn.java","232","213","445"
"2009-02-03 23:19","NIOServerCnxn.java","15880","2607","18487"
"2020-02-16 10:25","QuorumPeer.java","2509","1796","4305"
"2018-12-20 15:13","QuorumPeer.java","229338","221438","450776"
"2019-05-16 16:25","QuorumPeer.java","240667","221538","462205"
"2018-10-16 16:22","QuorumPeer.java","232847","200120","432967"
"2019-06-14 09:06","QuorumPeer.java","243884","221556","465440"
"2018-12-07 12:41","QuorumPeer.java","226351","221437","447788"
"2019-03-11 19:47","QuorumPeer.java","235789","221461","457250"
"2019-02-13 13:12","QuorumPeer.java","234736","221460","456196"
"2019-04-12 19:01","QuorumPeer.java","237675","221538","459213"
"2018-12-09 03:16","QuorumPeer.java","228425","221437","449862"
"2018-09-11 15:23","QuorumPeer.java","123348","108292","231640"
"2019-11-29 14:49","QuorumPeer.java","264022","223135","487157"
"2018-12-15 07:34","QuorumPeer.java","228340","221437","449777"
"2018-11-27 10:02","QuorumPeer.java","226101","221437","447538"
"2018-09-18 01:00","QuorumPeer.java","124731","108420","233151"
"2019-06-03 19:40","QuorumPeer.java","241217","221556","462773"
"2019-07-15 14:15","QuorumPeer.java","251306","221557","472863"
"2019-07-03 00:44","QuorumPeer.java","243899","221556","465455"
"2019-08-17 17:13","QuorumPeer.java","255887","221557","477444"
"2017-11-28 00:10","QuorumPeer.java","17000","9685","26685"
"2018-01-30 08:02","QuorumPeer.java","17591","10123","27714"
"2019-05-15 11:56","QuorumPeer.java","240622","221538","462160"
"2019-06-05 00:33","QuorumPeer.java","241607","221556","463163"
"2019-05-20 23:13","QuorumPeer.java","240741","221539","462280"
"2019-06-04 10:55","QuorumPeer.java","241370","221556","462926"
"2019-07-12 17:01","QuorumPeer.java","251200","221557","472757"
"2020-01-09 11:27","QuorumPeer.java","265570","223137","488707"
"2017-02-09 11:40","QuorumPeer.java","8835","2744","11579"
"2017-07-06 18:48","QuorumPeer.java","11142","7365","18507"
"2018-10-01 06:11","QuorumPeer.java","127994","109104","237098"
"2018-07-04 17:11","QuorumPeer.java","31596","20567","52163"
"2019-12-17 13:48","QuorumPeer.java","264594","223135","487729"
"2020-01-23 13:43","QuorumPeer.java","267394","223137","490531"
"2018-12-06 10:56","QuorumPeer.java","226295","221437","447732"
"2019-10-10 14:37","QuorumPeer.java","259640","221557","481197"
"2017-07-27 23:09","QuorumPeer.java","11675","8884","20559"
"2018-06-26 11:18","QuorumPeer.java","21691","10680","32371"
"2018-07-27 12:32","QuorumPeer.java","43369","31140","74509"
"2019-04-18 19:17","QuorumPeer.java","238385","221538","459923"
"2016-12-20 14:47","QuorumPeer.java","7365","2409","9774"
"2017-05-11 16:59","QuorumPeer.java","9936","7026","16962"
"2020-02-16 10:25","QuorumPeer.java","268107","223137","491244"
"2019-08-17 17:13","ConnectStringParser.java","256985","218823","475808"
"2013-01-25 07:54","ConnectStringParser.java","36245","54536","90781"
"2018-10-08 14:33","ConnectStringParser.java","233856","187566","421422"
"2018-12-09 03:16","LeaderZooKeeperServer.java","229721","154917","384638"
"2018-11-21 17:56","LeaderZooKeeperServer.java","225153","154917","380070"
"2012-01-31 07:45","LeaderZooKeeperServer.java","59613","25044","84657"
"2019-06-04 10:55","LeaderZooKeeperServer.java","242599","154969","397568"
"2015-06-04 19:51","LeaderZooKeeperServer.java","107864","31674","139538"
"2019-08-17 17:13","LeaderZooKeeperServer.java","257115","154969","412084"
"2019-06-03 19:40","LeaderZooKeeperServer.java","242446","154969","397415"
"2019-11-25 15:37","LeaderZooKeeperServer.java","262870","155916","418786"
"2019-12-27 22:33","LeaderZooKeeperServer.java","266740","155916","422656"
"2010-03-12 19:26","LeaderZooKeeperServer.java","22547","9698","32245"
"2013-10-09 22:21","LeaderZooKeeperServer.java","83406","29079","112485"
"2011-10-20 20:02","LeaderZooKeeperServer.java","56975","24565","81540"
"2015-10-18 19:00","QuorumPeer.java","76972","22254","99226"
"2018-12-20 15:13","QuorumPeer.java","230436","178678","409114"
"2019-05-16 16:25","QuorumPeer.java","241732","178745","420477"
"2018-10-16 16:22","QuorumPeer.java","236761","147488","384249"
"2019-06-14 09:06","QuorumPeer.java","244930","178744","423674"
"2018-12-07 12:41","QuorumPeer.java","227450","178678","406128"
"2012-04-23 01:20","QuorumPeer.java","25087","10692","35779"
"2012-07-17 23:19","QuorumPeer.java","25890","10723","36613"
"2019-03-11 19:47","QuorumPeer.java","236878","178692","415570"
"2012-02-27 03:41","QuorumPeer.java","20563","8253","28816"
"2014-07-18 02:19","QuorumPeer.java","65545","20561","86106"
"2019-02-13 13:12","QuorumPeer.java","235825","178691","414516"
"2019-04-12 19:01","QuorumPeer.java","238740","178745","417485"
"2018-12-09 03:16","QuorumPeer.java","229524","178678","408202"
"2018-09-11 15:23","QuorumPeer.java","178729","107127","285856"
"2019-11-29 14:49","QuorumPeer.java","264583","179838","444421"
"2013-03-07 07:01","QuorumPeer.java","39111","12878","51989"
"2018-12-15 07:34","QuorumPeer.java","229439","178678","408117"
"2018-11-27 10:02","QuorumPeer.java","227200","178678","405878"
"2018-09-18 01:00","QuorumPeer.java","180044","107187","287231"
"2012-02-06 09:40","QuorumPeer.java","19980","7911","27891"
"2019-06-03 19:40","QuorumPeer.java","242263","178744","421007"
"2019-07-15 14:15","QuorumPeer.java","252351","178744","431095"
"2015-03-17 18:06","QuorumPeer.java","71981","21024","93005"
"2019-07-03 00:44","QuorumPeer.java","244945","178744","423689"
"2019-08-17 17:13","QuorumPeer.java","256932","178744","435676"
"2015-06-27 02:03","QuorumPeer.java","74927","21281","96208"
"2017-11-28 00:10","QuorumPeer.java","91776","27915","119691"
"2014-01-21 04:50","QuorumPeer.java","47041","13658","60699"
"2014-06-04 22:07","QuorumPeer.java","59101","19917","79018"
"2018-01-30 08:02","QuorumPeer.java","92067","28053","120120"
"2019-05-15 11:56","QuorumPeer.java","241687","178745","420432"
"2019-06-05 00:33","QuorumPeer.java","242653","178744","421397"
"2019-05-20 23:13","QuorumPeer.java","241805","178745","420550"
"2019-06-04 10:55","QuorumPeer.java","242416","178744","421160"
"2019-07-12 17:01","QuorumPeer.java","252245","178744","430989"
"2020-01-09 11:27","QuorumPeer.java","266129","179838","445967"
"2017-02-09 11:40","QuorumPeer.java","87830","25193","113023"
"2011-06-14 07:14","QuorumPeer.java","2028","417","2445"
"2017-07-06 18:48","QuorumPeer.java","87907","27584","115491"
"2018-10-01 06:11","QuorumPeer.java","182778","107342","290120"
"2015-04-09 20:16","QuorumPeer.java","73057","21037","94094"
"2013-10-07 21:08","QuorumPeer.java","42362","13313","55675"
"2013-09-30 22:20","QuorumPeer.java","41789","13171","54960"
"2018-07-04 17:11","QuorumPeer.java","103432","35857","139289"
"2019-12-17 13:48","QuorumPeer.java","265155","179838","444993"
"2015-12-07 05:59","QuorumPeer.java","77877","22401","100278"
"2020-01-23 13:43","QuorumPeer.java","267953","179838","447791"
"2016-06-23 23:45","QuorumPeer.java","80570","24024","104594"
"2016-06-23 23:25","QuorumPeer.java","80463","24025","104488"
"2014-03-23 04:12","QuorumPeer.java","49464","13861","63325"
"2013-09-26 00:13","QuorumPeer.java","41526","13152","54678"
"2011-06-17 01:34","QuorumPeer.java","2186","504","2690"
"2011-06-14 14:11","QuorumPeer.java","2056","418","2474"
"2014-07-18 20:48","QuorumPeer.java","66041","20598","86639"
"2014-07-04 04:19","QuorumPeer.java","60773","19946","80719"
"2018-12-06 10:56","QuorumPeer.java","227394","178678","406072"
"2014-06-25 15:04","QuorumPeer.java","59603","19922","79525"
"2014-03-28 01:58","QuorumPeer.java","49895","13874","63769"
"2013-10-21 23:36","QuorumPeer.java","45295","13504","58799"
"2019-10-10 14:37","QuorumPeer.java","260685","178744","439429"
"2013-11-07 06:41","QuorumPeer.java","45751","13529","59280"
"2017-07-27 23:09","QuorumPeer.java","86929","27592","114521"
"2014-05-18 05:49","QuorumPeer.java","58597","19902","78499"
"2011-10-25 08:09","QuorumPeer.java","16378","6813","23191"
"2014-03-25 22:13","QuorumPeer.java","49710","13871","63581"
"2011-11-01 08:15","QuorumPeer.java","16772","7018","23790"
"2018-06-26 11:18","QuorumPeer.java","95846","28289","124135"
"2018-07-27 12:32","QuorumPeer.java","113960","45185","159145"
"2019-04-18 19:17","QuorumPeer.java","239450","178745","418195"
"2011-10-27 23:25","QuorumPeer.java","16616","6891","23507"
"2011-08-30 08:37","QuorumPeer.java","14150","1699","15849"
"2011-08-30 08:29","QuorumPeer.java","14132","1693","15825"
"2013-10-09 22:21","QuorumPeer.java","44926","13498","58424"
"2016-12-20 14:47","QuorumPeer.java","86591","25089","111680"
"2011-05-20 01:17","QuorumPeer.java","548","68","616"
"2017-05-11 16:59","QuorumPeer.java","86966","27510","114476"
"2014-07-03 06:01","QuorumPeer.java","60350","19945","80295"
"2014-08-14 08:08","QuorumPeer.java","66989","20685","87674"
"2014-08-01 07:38","QuorumPeer.java","66569","20686","87255"
"2014-07-20 04:50","QuorumPeer.java","66125","20620","86745"
"2016-06-02 00:59","QuorumPeer.java","80080","24011","104091"
"2020-02-16 10:25","QuorumPeer.java","268666","179838","448504"
"2020-03-19 17:09","Learner.java","269526","217618","487144"
"2020-02-03 04:30","Learner.java","268021","217618","485639"
"2020-01-23 13:43","Learner.java","267464","217618","485082"
"2017-07-04 07:39","Learner.java","22266","13172","35438"
"2020-03-25 03:38","Learner.java","270322","217618","487940"
"2019-11-28 12:24","Learner.java","262441","217616","480057"
"2019-12-27 22:33","Learner.java","266214","217617","483831"
"2020-01-25 18:48","Learner.java","267654","217618","485272"
"2020-05-03 19:43","Learner.java","271258","217618","488876"
"2016-08-13 15:01","Learner.java","13304","7020","20324"
"2019-10-10 14:37","Learner.java","259836","216164","476000"
"2019-06-03 19:40","Learner.java","241413","216163","457576"
"2019-07-15 14:15","Learner.java","251502","216164","467666"
"2019-08-23 19:43","Learner.java","256749","216164","472913"
"2016-09-08 22:59","Learner.java","13980","7448","21428"
"2019-08-17 17:13","Learner.java","256083","216164","472247"
"2017-11-28 00:10","Learner.java","28317","15413","43730"
"2018-05-09 00:54","Learner.java","31155","16123","47278"
"2019-04-09 15:35","Learner.java","236851","216075","452926"
"2019-07-12 17:01","Learner.java","251396","216164","467560"
"2017-07-06 18:48","Learner.java","22549","13183","35732"
"2017-08-18 06:32","Learner.java","23672","14803","38475"
"2019-07-02 07:34","Learner.java","244025","216163","460188"
"2018-10-16 16:22","Learner.java","233540","195224","428764"
"2017-02-12 00:12","Learner.java","20268","11838","32106"
"2018-12-09 03:16","Learner.java","228629","216052","444681"
"2019-11-29 14:49","Learner.java","264092","217616","481708"
"2018-11-27 10:02","Learner.java","226305","216052","442357"
"2018-08-06 14:11","Learner.java","54612","36182","90794"
"2019-05-20 17:18","LocalPeerBeanTest.java","240661","220260","460921"
"2019-02-13 13:12","LocalPeerBeanTest.java","234737","220181","454918"
"2019-08-17 17:13","LocalPeerBeanTest.java","255888","220278","476166"
"2018-07-27 12:32","LocalPeerBeanTest.java","46248","32739","78987"
"2018-06-26 11:18","LocalPeerBeanTest.java","25059","12768","37827"
"2019-10-10 14:37","InvalidSnapshotTest.java","7470","3717","11187"
"2018-12-20 15:13","QuorumPeer.java","229338","221330","450668"
"2019-05-16 16:25","QuorumPeer.java","240667","221430","462097"
"2018-10-16 16:22","QuorumPeer.java","232847","200012","432859"
"2019-06-14 09:06","QuorumPeer.java","243884","221448","465332"
"2018-12-07 12:41","QuorumPeer.java","226351","221329","447680"
"2019-03-11 19:47","QuorumPeer.java","235789","221353","457142"
"2019-02-13 13:12","QuorumPeer.java","234736","221352","456088"
"2019-04-12 19:01","QuorumPeer.java","237675","221430","459105"
"2018-12-09 03:16","QuorumPeer.java","228425","221329","449754"
"2018-09-11 15:23","QuorumPeer.java","123481","108317","231798"
"2019-11-29 14:49","QuorumPeer.java","264022","223027","487049"
"2018-12-15 07:34","QuorumPeer.java","228340","221329","449669"
"2018-11-27 10:02","QuorumPeer.java","226101","221329","447430"
"2018-09-18 01:00","QuorumPeer.java","124864","108445","233309"
"2019-06-03 19:40","QuorumPeer.java","241217","221448","462665"
"2019-07-15 14:15","QuorumPeer.java","251306","221449","472755"
"2019-07-03 00:44","QuorumPeer.java","243899","221448","465347"
"2019-08-17 17:13","QuorumPeer.java","255887","221449","477336"
"2017-11-28 00:10","QuorumPeer.java","17134","9711","26845"
"2018-01-30 08:02","QuorumPeer.java","17725","10149","27874"
"2019-05-15 11:56","QuorumPeer.java","240622","221430","462052"
"2019-06-05 00:33","QuorumPeer.java","241607","221448","463055"
"2019-05-20 23:13","QuorumPeer.java","240741","221431","462172"
"2019-06-04 10:55","QuorumPeer.java","241370","221448","462818"
"2019-07-12 17:01","QuorumPeer.java","251200","221449","472649"
"2020-01-09 11:27","QuorumPeer.java","265570","223029","488599"
"2017-02-09 11:40","QuorumPeer.java","8972","2773","11745"
"2017-07-06 18:48","QuorumPeer.java","11276","7391","18667"
"2018-10-01 06:11","QuorumPeer.java","128127","109129","237256"
"2018-07-04 17:11","QuorumPeer.java","31730","20593","52323"
"2019-12-17 13:48","QuorumPeer.java","264594","223027","487621"
"2020-01-23 13:43","QuorumPeer.java","267394","223029","490423"
"2018-12-06 10:56","QuorumPeer.java","226295","221329","447624"
"2019-10-10 14:37","QuorumPeer.java","259640","221449","481089"
"2017-07-27 23:09","QuorumPeer.java","11809","8910","20719"
"2018-06-26 11:18","QuorumPeer.java","21825","10706","32531"
"2018-07-27 12:32","QuorumPeer.java","43502","31165","74667"
"2019-04-18 19:17","QuorumPeer.java","238385","221430","459815"
"2016-12-20 14:47","QuorumPeer.java","7502","2438","9940"
"2017-05-11 16:59","QuorumPeer.java","10070","7052","17122"
"2020-02-16 10:25","QuorumPeer.java","268107","223029","491136"
"2019-08-17 17:13","CreateTest.java","256932","178405","435337"
"2012-12-19 19:16","CreateTest.java","34481","12465","46946"
"2015-07-07 07:11","CreateTest.java","76443","22280","98723"
"2020-03-19 17:09","Learner.java","52391","35821","88212"
"2020-02-03 04:30","Learner.java","50764","35699","86463"
"2020-01-23 13:43","Learner.java","50097","35589","85686"
"2020-03-25 03:38","Learner.java","53262","35896","89158"
"2019-11-28 12:24","Learner.java","43254","33767","77021"
"2019-12-27 22:33","Learner.java","47485","34226","81711"
"2020-01-25 18:48","Learner.java","50293","35595","85888"
"2020-05-03 19:43","Learner.java","54875","36573","91448"
"2019-10-10 14:37","Learner.java","36613","28279","64892"
"2019-08-23 19:43","Learner.java","31077","25830","56907"
"2019-08-17 17:13","Learner.java","30409","25828","56237"
"2019-11-29 14:49","Learner.java","45214","34076","79290"
"2019-10-10 14:37","QuorumPeerMain.java","53666","31720","85386"
"2020-01-23 13:43","QuorumPeerMain.java","67057","38937","105994"
"2019-11-28 12:24","QuorumPeerMain.java","60297","37198","97495"
"2020-02-16 10:25","QuorumPeerMain.java","67902","39069","106971"
"2019-04-18 19:17","QuorumPeerMain.java","733","23","756"
"2019-11-11 13:59","QuorumPeerMain.java","57524","31921","89445"
"2019-08-17 17:13","QuorumPeerMain.java","47813","29620","77433"
"2016-07-27 01:33","ZooKeeperTest.java","37360","16636","53996"
"2015-11-08 22:54","ZooKeeperTest.java","31772","12866","44638"
"2016-09-08 22:52","ZooKeeperTest.java","38322","17210","55532"
"2018-10-04 15:46","ZooKeeperTest.java","151920","112558","264478"
"2016-10-16 14:21","ZooKeeperTest.java","39664","17392","57056"
"2019-03-12 19:08","ZooKeeperTest.java","236305","201424","437729"
"2017-04-29 20:17","ZooKeeperTest.java","45286","21116","66402"
"2017-05-30 19:43","ZooKeeperTest.java","45428","22028","67456"
"2019-05-23 18:42","ZooKeeperTest.java","241484","201497","442981"
"2019-08-17 17:13","ZooKeeperTest.java","256271","201513","457784"
"2016-08-10 19:32","ZooKeeperTest.java","37536","16857","54393"
"2019-06-06 00:01","ZooKeeperTest.java","242408","201513","443921"
"2019-11-28 12:24","DataTree.java","263069","58455","321524"
"2011-07-13 15:48","DataTree.java","128152","13076","141228"
"2011-06-25 08:13","DataTree.java","136163","12850","149013"
"2011-07-28 07:49","DataTree.java","130661","13139","143800"
"2019-10-10 14:37","DataTree.java","261595","58134","319729"
"2019-12-27 22:33","DataTree.java","266841","58455","325296"
"2015-06-06 03:48","DataTree.java","181077","18598","199675"
"2010-01-26 01:17","DataTree.java","112286","11274","123560"
"2009-10-31 00:09","DataTree.java","99196","10509","109705"
"2019-11-11 13:59","DataTree.java","265252","58134","323386"
"2011-04-12 09:14","DataTree.java","133947","12766","146713"
"2018-07-10 13:29","DataTree.java","196564","19876","216440"
"2012-12-19 19:16","DataTree.java","147474","16714","164188"
"2014-04-17 08:47","DataTree.java","164965","18357","183322"
"2014-04-29 02:23","DataTree.java","165675","18361","184036"
"2008-10-01 08:26","DataTree.java","16350","1870","18220"
"2008-10-14 19:47","DataTree.java","25238","2425","27663"
"2008-10-22 01:49","DataTree.java","28958","2474","31432"
"2010-07-05 20:20","DataTree.java","133333","11817","145150"
"2011-09-15 00:55","DataTree.java","135953","15698","151651"
"2011-09-28 22:17","DataTree.java","136147","15707","151854"
"2018-09-28 23:38","DataTree.java","229288","44774","274062"
"2011-09-17 02:36","DataTree.java","135890","15707","151597"
"2011-10-20 18:48","DataTree.java","134340","15740","150080"
"2019-11-08 17:30","DataTree.java","263456","58134","321590"
"2013-09-05 23:50","DataTree.java","154044","17012","171056"
"2009-01-15 23:57","DataTree.java","39154","7050","46204"
"2009-02-03 06:23","DataTree.java","52690","7904","60594"
"2019-01-30 16:28","DataTree.java","234937","58118","293055"
"2019-01-30 17:02","DataTree.java","235481","58118","293599"
"2008-10-07 20:51","DataTree.java","18048","2383","20431"
"2016-11-24 17:18","DataTree.java","189130","18884","208014"
"2017-09-11 18:55","DataTree.java","188242","19155","207397"
"2011-07-01 00:53","DataTree.java","138970","13144","152114"
"2012-02-06 10:39","DataTree.java","137109","15950","153059"
"2011-12-21 21:39","DataTree.java","136187","15896","152083"
"2017-02-05 07:22","DataTree.java","190627","18942","209569"
"2014-07-18 02:19","DataTree.java","172531","18464","190995"
"2019-02-07 11:26","DataTree.java","236158","58118","294276"
"2013-03-07 07:01","DataTree.java","152260","16944","169204"
"2018-09-04 11:54","DataTree.java","224082","44652","268734"
"2018-09-05 22:35","DataTree.java","224337","44651","268988"
"2018-12-20 15:17","DataTree.java","231426","58118","289544"
"2019-09-10 09:53","DataTree.java","258891","58134","317025"
"2019-04-12 19:01","DataTree.java","239649","58134","297783"
"2019-07-31 19:06","DataTree.java","257149","58134","315283"
"2019-09-11 10:27","DataTree.java","259198","58134","317332"
"2013-10-22 12:54","DataTree.java","158128","17027","175155"
"2016-03-23 00:30","DataTree.java","182574","18656","201230"
"2019-08-01 07:31","DataTree.java","258513","58134","316647"
"2009-06-15 22:52","DataTree.java","84087","8957","93044"
"2014-01-24 07:18","DataTree.java","161076","17027","178103"
"2009-11-12 23:48","DataTree.java","105066","10769","115835"
"2009-06-18 18:37","DataTree.java","85198","8997","94195"
"2019-08-17 17:13","DataTree.java","257842","58134","315976"
"2019-09-10 15:21","DataTree.java","258885","58134","317019"
"2015-06-04 19:51","DataTree.java","180970","18596","199566"
"2016-10-07 21:51","DataTree.java","186165","18740","204905"
"2017-06-18 19:23","DataTree.java","187882","19109","206991"
"2009-01-16 00:48","DataTree.java","39341","7218","46559"
"2019-04-12 12:29","DataTree.java","239218","58134","297352"
"2019-08-03 08:42","DataTree.java","258550","58134","316684"
"2019-08-09 16:15","DataTree.java","259298","58134","317432"
"2016-11-13 20:59","DataTree.java","188420","18742","207162"
"2019-04-29 16:49","DataTree.java","241679","58134","299813"
"2019-08-17 17:13","DigestCommand.java","25455","24762","50217"
"2015-10-18 19:00","QuorumPeer.java","103509","37103","140612"
"2018-12-20 15:13","QuorumPeer.java","230527","166930","397457"
"2019-05-16 16:25","QuorumPeer.java","241815","166989","408804"
"2018-10-16 16:22","QuorumPeer.java","237110","136149","373259"
"2019-06-14 09:06","QuorumPeer.java","245013","166988","412001"
"2010-03-16 23:25","QuorumPeer.java","1064","289","1353"
"2018-12-07 12:41","QuorumPeer.java","227541","166930","394471"
"2012-04-23 01:20","QuorumPeer.java","53690","27607","81297"
"2012-07-17 23:19","QuorumPeer.java","54539","27684","82223"
"2019-03-11 19:47","QuorumPeer.java","236971","166946","403917"
"2012-02-27 03:41","QuorumPeer.java","49341","25343","74684"
"2014-07-18 02:19","QuorumPeer.java","93183","36511","129694"
"2019-02-13 13:12","QuorumPeer.java","235916","166943","402859"
"2011-04-29 18:12","QuorumPeer.java","31673","19838","51511"
"2019-04-12 19:01","QuorumPeer.java","238823","166989","405812"
"2018-12-09 03:16","QuorumPeer.java","229615","166930","396545"
"2018-09-11 15:23","QuorumPeer.java","186846","103556","290402"
"2019-11-29 14:49","QuorumPeer.java","264619","168035","432654"
"2013-03-07 07:01","QuorumPeer.java","67262","29341","96603"
"2018-12-15 07:34","QuorumPeer.java","229530","166930","396460"
"2018-11-27 10:02","QuorumPeer.java","227291","166930","394221"
"2018-09-18 01:00","QuorumPeer.java","188155","103610","291765"
"2012-02-06 09:40","QuorumPeer.java","48793","25036","73829"
"2019-06-03 19:40","QuorumPeer.java","242346","166988","409334"
"2019-07-15 14:15","QuorumPeer.java","252434","166988","419422"
"2015-03-17 18:06","QuorumPeer.java","99442","36797","136239"
"2019-07-03 00:44","QuorumPeer.java","245028","166988","412016"
"2019-08-17 17:13","QuorumPeer.java","257015","166988","424003"
"2015-06-27 02:03","QuorumPeer.java","102332","36998","139330"
"2017-11-28 00:10","QuorumPeer.java","117286","41737","159023"
"2014-01-21 04:50","QuorumPeer.java","75039","29968","105007"
"2014-06-04 22:07","QuorumPeer.java","86913","36041","122954"
"2018-01-30 08:02","QuorumPeer.java","117472","41770","159242"
"2019-05-15 11:56","QuorumPeer.java","241770","166989","408759"
"2019-06-05 00:33","QuorumPeer.java","242736","166988","409724"
"2019-05-20 23:13","QuorumPeer.java","241888","166989","408877"
"2019-06-04 10:55","QuorumPeer.java","242499","166988","409487"
"2019-07-12 17:01","QuorumPeer.java","252328","166988","419316"
"2020-01-09 11:27","QuorumPeer.java","266165","168035","434200"
"2017-02-09 11:40","QuorumPeer.java","114005","39680","153685"
"2011-06-14 07:14","QuorumPeer.java","33438","19988","53426"
"2017-07-06 18:48","QuorumPeer.java","113462","41451","154913"
"2018-10-01 06:11","QuorumPeer.java","190881","103757","294638"
"2015-04-09 20:16","QuorumPeer.java","100513","36805","137318"
"2013-10-07 21:08","QuorumPeer.java","70452","29715","100167"
"2013-09-30 22:20","QuorumPeer.java","69889","29583","99472"
"2018-07-04 17:11","QuorumPeer.java","128662","49399","178061"
"2019-12-17 13:48","QuorumPeer.java","265191","168035","433226"
"2015-12-07 05:59","QuorumPeer.java","104353","37189","141542"
"2020-01-23 13:43","QuorumPeer.java","267989","168035","436024"
"2016-06-23 23:45","QuorumPeer.java","107006","38772","145778"
"2011-05-03 19:57","QuorumPeer.java","31679","19840","51519"
"2016-06-23 23:25","QuorumPeer.java","106898","38772","145670"
"2010-03-12 19:26","QuorumPeer.java","904","174","1078"
"2014-03-23 04:12","QuorumPeer.java","77431","30140","107571"
"2013-09-26 00:13","QuorumPeer.java","69629","29567","99196"
"2011-06-17 01:34","QuorumPeer.java","33575","20054","53629"
"2011-06-14 14:11","QuorumPeer.java","33466","19989","53455"
"2010-03-10 02:27","QuorumPeer.java","228","14","242"
"2010-03-10 19:52","QuorumPeer.java","324","24","348"
"2014-07-18 20:48","QuorumPeer.java","93671","36540","130211"
"2014-07-04 04:19","QuorumPeer.java","88570","36055","124625"
"2018-12-06 10:56","QuorumPeer.java","227485","166930","394415"
"2014-06-25 15:04","QuorumPeer.java","87416","36047","123463"
"2014-03-28 01:58","QuorumPeer.java","77852","30143","107995"
"2013-10-21 23:36","QuorumPeer.java","73350","29871","103221"
"2019-10-10 14:37","QuorumPeer.java","260768","166988","427756"
"2013-11-07 06:41","QuorumPeer.java","73805","29895","103700"
"2017-07-27 23:09","QuorumPeer.java","112484","41459","153943"
"2014-05-18 05:49","QuorumPeer.java","86409","36026","122435"
"2011-10-25 08:09","QuorumPeer.java","45338","24085","69423"
"2014-03-25 22:13","QuorumPeer.java","77667","30140","107807"
"2011-04-12 09:14","QuorumPeer.java","31246","19746","50992"
"2011-11-01 08:15","QuorumPeer.java","45646","24204","69850"
"2011-03-16 19:49","QuorumPeer.java","61978","9005","70983"
"2018-06-26 11:18","QuorumPeer.java","121202","41957","163159"
"2018-07-27 12:32","QuorumPeer.java","139090","58627","197717"
"2019-04-18 19:17","QuorumPeer.java","239533","166989","406522"
"2011-10-27 23:25","QuorumPeer.java","45554","24141","69695"
"2011-08-30 08:37","QuorumPeer.java","43454","19315","62769"
"2011-08-30 08:29","QuorumPeer.java","43436","19309","62745"
"2010-08-18 08:24","QuorumPeer.java","28289","7834","36123"
"2013-10-09 22:21","QuorumPeer.java","72988","29872","102860"
"2016-12-20 14:47","QuorumPeer.java","112784","39594","152378"
"2011-05-20 01:17","QuorumPeer.java","32186","19867","52053"
"2010-05-05 22:32","QuorumPeer.java","6479","5719","12198"
"2017-05-11 16:59","QuorumPeer.java","112536","41392","153928"
"2014-07-03 06:01","QuorumPeer.java","88148","36055","124203"
"2014-08-14 08:08","QuorumPeer.java","94602","36610","131212"
"2014-08-01 07:38","QuorumPeer.java","94181","36610","130791"
"2014-07-20 04:50","QuorumPeer.java","93752","36559","130311"
"2016-06-02 00:59","QuorumPeer.java","106528","38771","145299"
"2020-02-16 10:25","QuorumPeer.java","268702","168035","436737"
"2018-09-15 00:08","ZooKeeperServer.java","189490","94387","283877"
"2019-04-12 19:01","ZooKeeperServer.java","238923","154970","393893"
"2019-07-31 19:06","ZooKeeperServer.java","256422","154969","411391"
"2019-09-11 10:27","ZooKeeperServer.java","258471","154969","413440"
"2019-01-14 19:38","ZooKeeperServer.java","232355","154917","387272"
"2019-01-07 15:34","ZooKeeperServer.java","231956","154917","386873"
"2018-11-21 17:56","ZooKeeperServer.java","225153","154917","380070"
"2012-01-31 07:45","ZooKeeperServer.java","59613","25044","84657"
"2017-04-28 07:14","ZooKeeperServer.java","118454","35269","153723"
"2011-08-19 00:05","ZooKeeperServer.java","53906","19923","73829"
"2017-02-12 00:12","ZooKeeperServer.java","117526","35240","152766"
"2014-07-18 02:19","ZooKeeperServer.java","99091","31208","130299"
"2013-12-11 19:22","ZooKeeperServer.java","84841","29120","113961"
"2019-02-13 13:12","ZooKeeperServer.java","236019","154927","390946"
"2012-02-11 00:34","ZooKeeperServer.java","60498","25344","85842"
"2016-11-24 17:18","ZooKeeperServer.java","118186","34124","152310"
"2018-07-19 05:59","ZooKeeperServer.java","143814","52644","196458"
"2018-09-18 01:00","ZooKeeperServer.java","190192","94436","284628"
"2019-03-04 08:07","ZooKeeperServer.java","236599","154930","391529"
"2019-07-08 23:26","ZooKeeperServer.java","245891","154969","400860"
"2019-01-23 14:00","ZooKeeperServer.java","233790","154917","388707"
"2019-02-13 13:19","ZooKeeperServer.java","236305","154927","391232"
"2019-05-14 17:11","ZooKeeperServer.java","241783","154970","396753"
"2013-01-25 02:17","ZooKeeperServer.java","72889","28156","101045"
"2015-07-10 08:19","ZooKeeperServer.java","108644","31774","140418"
"2019-06-04 10:55","ZooKeeperServer.java","242599","154969","397568"
"2011-06-14 07:14","ZooKeeperServer.java","46645","21076","67721"
"2019-04-09 15:35","ZooKeeperServer.java","237934","154931","392865"
"2019-08-03 08:42","ZooKeeperServer.java","257823","154969","412792"
"2019-05-15 11:56","ZooKeeperServer.java","241870","154970","396840"
"2019-05-22 11:39","ZooKeeperServer.java","242316","154970","397286"
"2019-04-22 19:15","ZooKeeperServer.java","239898","154970","394868"
"2018-02-23 23:49","ZooKeeperServer.java","124007","36048","160055"
"2016-11-16 06:21","ZooKeeperServer.java","117972","33931","151903"
"2012-12-19 19:07","ZooKeeperServer.java","71787","28092","99879"
"2017-08-18 06:32","ZooKeeperServer.java","118489","35764","154253"
"2017-06-26 00:16","ZooKeeperServer.java","118406","35689","154095"
"2019-09-10 04:26","ZooKeeperServer.java","258160","154969","413129"
"2019-08-17 17:13","ZooKeeperServer.java","257115","154969","412084"
"2019-09-05 23:12","ZooKeeperServer.java","258034","154969","413003"
"2019-09-10 15:21","ZooKeeperServer.java","258158","154969","413127"
"2019-08-01 07:31","ZooKeeperServer.java","257786","154969","412755"
"2019-08-01 07:28","ZooKeeperServer.java","257296","154969","412265"
"2019-06-03 19:40","ZooKeeperServer.java","242446","154969","397415"
"2015-03-17 18:06","ZooKeeperServer.java","105353","31497","136850"
"2019-11-23 17:08","ZooKeeperServer.java","262763","155916","418679"
"2019-10-09 16:49","ZooKeeperServer.java","260701","154969","415670"
"2019-07-03 00:44","ZooKeeperServer.java","245128","154969","400097"
"2018-01-19 01:12","ZooKeeperServer.java","122903","35986","158889"
"2019-07-24 18:00","ZooKeeperServer.java","253570","154969","408539"
"2013-05-16 18:49","ZooKeeperServer.java","77863","28580","106443"
"2018-08-08 06:21","ZooKeeperServer.java","167742","75092","242834"
"2018-05-09 23:57","ZooKeeperServer.java","125609","36145","161754"
"2010-01-26 01:17","ZooKeeperServer.java","4230","780","5010"
"2019-12-27 22:33","ZooKeeperServer.java","266740","155916","422656"
"2016-08-13 15:01","ZooKeeperServer.java","113877","33737","147614"
"2018-09-11 00:17","ZooKeeperServer.java","187937","94383","282320"
"2019-11-18 09:05","ZooKeeperServer.java","261206","155916","417122"
"2019-10-10 14:37","ZooKeeperServer.java","260868","154969","415837"
"2019-09-16 23:26","ZooKeeperServer.java","260134","154969","415103"
"2013-10-08 01:35","ZooKeeperServer.java","81013","28926","109939"
"2017-06-23 18:39","ZooKeeperServer.java","118381","35644","154025"
"2011-12-28 07:07","ZooKeeperServer.java","59254","25024","84278"
"2019-12-03 10:01","ZooKeeperServer.java","264665","155916","420581"
"2020-03-25 03:38","ZooKeeperServer.java","270847","155916","426763"
"2010-03-12 19:26","ZooKeeperServer.java","22547","9698","32245"
"2019-11-28 12:24","ZooKeeperServer.java","262968","155916","418884"
"2019-11-06 15:21","ZooKeeperServer.java","261084","154969","416053"
"2011-05-20 01:17","ZooKeeperServer.java","45393","20955","66348"
"2010-07-29 23:10","ZooKeeperServer.java","41709","14325","56034"
"2011-09-17 02:36","ZooKeeperServer.java","56899","22900","79799"
"2020-04-12 11:14","ZooKeeperServer.java","271600","155916","427516"
"2011-09-14 08:56","ZooKeeperServer.java","56688","20129","76817"
"2011-08-21 02:53","ZooKeeperServer.java","53935","19924","73859"
"2010-08-18 08:24","ZooKeeperServer.java","48057","15483","63540"
"2013-10-09 22:21","ZooKeeperServer.java","83406","29079","112485"
"2015-03-08 23:07","ZooKeeperServer.java","104278","31470","135748"
"2018-06-08 16:52","ZooKeeperServer.java","126362","36149","162511"
"2018-06-15 07:41","ZooKeeperServer.java","126382","36166","162548"
"2018-07-28 04:37","ZooKeeperServer.java","144426","52680","197106"
"2019-04-18 19:17","ZooKeeperServer.java","239633","154970","394603"
"2012-03-15 17:47","ZooKeeperServer.java","61574","25386","86960"
"2014-03-25 22:13","ZooKeeperServer.java","88078","29340","117418"
"2011-04-12 09:14","ZooKeeperServer.java","44456","20837","65293"
"2017-01-07 01:09","Zab1_0Test.java","17437","7820","25257"
"2015-12-06 21:30","Zab1_0Test.java","4804","1953","6757"
"2019-12-17 13:48","Zab1_0Test.java","264657","219176","483833"
"2015-07-07 07:11","Zab1_0Test.java","2863","1563","4426"
"2019-12-27 22:33","Zab1_0Test.java","266207","219177","485384"
"2019-10-10 14:37","Zab1_0Test.java","259825","217720","477545"
"2019-08-17 17:13","Zab1_0Test.java","256072","217720","473792"
"2019-06-03 19:40","Zab1_0Test.java","241402","217719","459121"
"2018-05-10 06:00","Zab1_0Test.java","29808","15482","45290"
"2017-11-28 00:10","Zab1_0Test.java","25963","14626","40589"
"2017-08-18 06:32","Zab1_0Test.java","21298","13996","35294"
"2017-02-12 00:12","Zab1_0Test.java","17893","11030","28923"
"2013-11-19 02:03","FLEBackwardElectionRoundTest.java","20904","4642","25546"
"2014-07-08 05:25","FLEBackwardElectionRoundTest.java","37947","12638","50585"
"2017-06-13 20:57","FLEBackwardElectionRoundTest.java","68641","24150","92791"
"2019-07-12 17:01","FLEBackwardElectionRoundTest.java","251777","181596","433373"
"2017-11-28 00:10","FLEBackwardElectionRoundTest.java","72218","24365","96583"
"2019-08-17 17:13","FLEBackwardElectionRoundTest.java","256464","181596","438060"
"2019-06-03 19:40","FLEBackwardElectionRoundTest.java","241795","181596","423391"
"2017-09-11 18:55","FLEBackwardElectionRoundTest.java","68043","24047","92090"
"2015-07-07 07:11","BaseSysTest.java","153026","24503","177529"
"2015-08-23 19:12","BaseSysTest.java","153570","24505","178075"
"2018-12-20 07:24","BaseSysTest.java","231162","100708","331870"
"2020-03-26 22:20","BaseSysTest.java","271185","101191","372376"
"2011-09-02 19:02","BaseSysTest.java","103911","16718","120629"
"2014-05-09 23:37","BaseSysTest.java","136971","24008","160979"
"2017-09-11 18:55","BaseSysTest.java","162057","27354","189411"
"2019-07-12 17:01","BaseSysTest.java","253002","100735","353737"
"2014-08-14 09:32","BaseSysTest.java","145331","24310","169641"
"2009-02-02 23:26","BaseSysTest.java","2137","1380","3517"
"2019-08-01 07:31","ObserverRequestProcessor.java","256760","215122","471882"
"2019-08-17 17:13","ObserverRequestProcessor.java","256089","215122","471211"
"2015-06-04 19:51","ObserverRequestProcessor.java","4815","1433","6248"
"2016-10-07 21:51","ObserverRequestProcessor.java","16146","7713","23859"
"2020-03-25 03:38","ObserverRequestProcessor.java","270322","216570","486892"
"2015-07-10 08:19","ServerStats.java","59650","17010","76660"
"2019-04-12 19:01","ServerStats.java","238463","177111","415574"
"2015-02-06 06:17","ServerStats.java","53884","15480","69364"
"2014-07-18 02:19","ServerStats.java","48674","15021","63695"
"2019-01-07 14:39","ServerStats.java","231417","177033","408450"
"2012-02-11 00:34","ServerStats.java","1538","614","2152"
"2018-09-18 01:00","ServerStats.java","170810","109284","280094"
"2019-08-17 17:13","ServerStats.java","256656","177111","433767"
"2018-07-12 01:33","ServerStats.java","90511","34059","124570"
"2018-06-08 16:52","ServerStats.java","82179","26196","108375"
"2011-04-12 09:14","InvalidSnapshotTest.java","67194","22214","89408"
"2016-08-24 01:36","InvalidSnapshotTest.java","130628","31778","162406"
"2010-08-18 08:24","InvalidSnapshotTest.java","71740","17805","89545"
"2010-03-31 06:26","InvalidSnapshotTest.java","49016","14548","63564"
"2010-03-04 00:07","InvalidSnapshotTest.java","40708","13253","53961"
"2013-12-21 22:05","InvalidSnapshotTest.java","102462","27490","129952"
"2013-10-02 01:45","InvalidSnapshotTest.java","97865","27354","125219"
"2019-10-10 14:37","InvalidSnapshotTest.java","261253","133993","395246"
"2009-07-17 00:09","InvalidSnapshotTest.java","10922","2831","13753"
"2019-08-17 17:13","InvalidSnapshotTest.java","257500","133993","391493"
"2012-03-18 21:06","InvalidSnapshotTest.java","81220","25977","107197"
"2012-02-06 09:47","InvalidSnapshotTest.java","79473","25586","105059"
"2017-09-11 18:55","QuorumBase.java","119755","36279","156034"
"2012-04-23 01:20","QuorumBase.java","65351","27484","92835"
"2019-07-12 17:01","QuorumBase.java","252500","154468","406968"
"2012-12-11 08:42","QuorumBase.java","71316","28270","99586"
"2019-08-17 17:13","QuorumBase.java","257187","154468","411655"
"2019-08-01 07:31","QuorumBase.java","257858","154468","412326"
"2018-08-08 06:21","QuorumBase.java","168558","75335","243893"
"2009-12-15 23:23","QuorumBase.java","726","427","1153"
"2019-10-10 14:37","QuorumBase.java","260940","154468","415408"
"2010-03-13 01:06","QuorumBase.java","24483","11050","35533"
"2020-03-25 03:38","QuorumBase.java","270911","155407","426318"
"2014-07-18 19:46","QuorumBase.java","100437","31754","132191"
"2010-07-23 06:22","QuorumBase.java","42589","15342","57931"
"2011-05-20 01:17","QuorumBase.java","46733","21722","68455"
"2010-05-05 22:32","QuorumBase.java","28416","14964","43380"
"2010-08-18 08:24","QuorumBase.java","49607","16460","66067"
"2013-10-09 22:21","QuorumBase.java","84528","29628","114156"
"2010-03-31 06:26","QuorumBase.java","26198","12518","38716"
"2014-06-25 19:25","QuorumBase.java","94995","31308","126303"
"2011-04-12 09:14","QuorumBase.java","45851","21659","67510"
"2020-01-30 09:43","FileSnap.java","3804","2008","5812"
"2020-01-28 17:26","FileSnap.java","3701","1981","5682"
"2015-05-14 07:10","CnxManagerTest.java","77504","63789","141293"
"2020-03-12 14:47","CnxManagerTest.java","270001","218395","488396"
"2019-08-17 17:13","CnxManagerTest.java","256985","217322","474307"
"2019-06-03 19:40","CnxManagerTest.java","242316","217322","459638"
"2017-11-28 00:10","CnxManagerTest.java","95596","70260","165856"
"2019-07-12 17:01","CnxManagerTest.java","252298","217322","469620"
"2019-05-08 21:54","CnxManagerTest.java","241488","217323","458811"
"2019-08-06 12:52","CnxManagerTest.java","257958","217322","475280"
"2019-06-14 09:06","CnxManagerTest.java","244983","217322","462305"
"2013-03-07 07:01","CnxManagerTest.java","43406","55698","99104"
"2019-11-29 14:49","CnxManagerTest.java","264615","218395","483010"
"2011-04-29 18:12","CnxManagerTest.java","5133","43662","48795"
"2015-02-06 06:17","CnxManagerTest.java","74753","63543","138296"
"2010-11-17 15:59","CnxManagerTest.java","2279","1165","3444"
"2017-09-11 18:55","CnxManagerTest.java","91626","70147","161773"
"2011-03-16 19:49","CnxManagerTest.java","4162","1553","5715"
"2011-04-12 09:14","CnxManagerTest.java","4687","43551","48238"
"2011-09-17 02:13","CnxManagerTest.java","20447","47844","68291"
"2011-09-14 06:32","CnxManagerTest.java","19632","45058","64690"
"2020-02-16 10:25","CnxManagerTest.java","268698","218395","487093"
"2014-06-25 15:04","CnxManagerTest.java","63801","62645","126446"
"2015-11-03 08:11","CnxManagerTest.java","81107","64876","145983"
"2019-10-10 14:37","CnxManagerTest.java","260738","217322","478060"
"2014-07-23 19:36","CnxManagerTest.java","70375","63313","133688"
"2019-12-27 22:33","FileTxnLog.java","61977","37966","99943"
"2019-10-10 14:37","FileTxnLog.java","51144","32058","83202"
"2020-01-28 17:26","FileTxnLog.java","65114","39383","104497"
"2019-08-17 17:13","FileTxnLog.java","45008","29675","74683"
"2019-06-03 19:40","FileTxnLog.java","1069","405","1474"
"2019-08-03 08:42","FileTxnLog.java","23298","7257","30555"
"2019-10-10 14:37","ClientCnxnSocketNIO.java","260217","182319","442536"
"2014-12-20 15:29","ClientCnxnSocketNIO.java","46271","13473","59744"
"2019-04-09 15:35","ClientCnxnSocketNIO.java","237247","182245","419492"
"2019-08-03 08:42","ClientCnxnSocketNIO.java","257172","182319","439491"
"2014-07-17 22:56","ClientCnxnSocketNIO.java","37977","12491","50468"
"2019-08-17 17:13","ClientCnxnSocketNIO.java","256464","182319","438783"
"2016-05-02 18:15","ClientCnxnSocketNIO.java","57243","18398","75641"
"2018-11-22 17:56","ClientCnxnSocketNIO.java","225066","182224","407290"
"2020-03-19 17:09","Learner.java","23363","12040","35403"
"2020-02-03 04:30","Learner.java","21723","11905","33628"
"2020-01-23 13:43","Learner.java","21049","11788","32837"
"2020-03-25 03:38","Learner.java","24263","12144","36407"
"2019-11-28 12:24","Learner.java","13565","9325","22890"
"2019-12-27 22:33","Learner.java","18027","10015","28042"
"2020-01-25 18:48","Learner.java","21245","11794","33039"
"2020-05-03 19:43","Learner.java","25930","12875","38805"
"2019-10-10 14:37","Learner.java","6813","3726","10539"
"2019-11-29 14:49","Learner.java","15675","9784","25459"
"2019-10-10 14:37","PrometheusMetricsProvider.java","30661","27652","58313"
"2019-12-17 13:48","Zab1_0Test.java","16973","9844","26817"
"2019-12-27 22:33","Zab1_0Test.java","18682","10004","28686"
"2019-10-10 14:37","Zab1_0Test.java","7470","3717","11187"
"2019-08-27 09:23","DistributedQueueTest.java","1802","1209","3011"
"2019-04-12 19:01","AvgMinMaxCounter.java","5291","1177","6468"
"2019-08-17 17:13","AvgMinMaxCounter.java","52485","30178","82663"
"2019-05-08 21:54","AvgMinMaxCounter.java","8337","1528","9865"
"2015-10-18 19:00","QuorumPeer.java","102879","37203","140082"
"2018-12-20 15:13","QuorumPeer.java","230527","167660","398187"
"2019-05-16 16:25","QuorumPeer.java","241815","167719","409534"
"2018-10-16 16:22","QuorumPeer.java","237110","136879","373989"
"2019-06-14 09:06","QuorumPeer.java","245013","167718","412731"
"2010-03-16 23:25","QuorumPeer.java","163","118","281"
"2018-12-07 12:41","QuorumPeer.java","227541","167660","395201"
"2012-04-23 01:20","QuorumPeer.java","52966","27613","80579"
"2012-07-17 23:19","QuorumPeer.java","53815","27690","81505"
"2019-03-11 19:47","QuorumPeer.java","236971","167676","404647"
"2012-02-27 03:41","QuorumPeer.java","48613","25345","73958"
"2014-07-18 02:19","QuorumPeer.java","92543","36601","129144"
"2019-02-13 13:12","QuorumPeer.java","235916","167673","403589"
"2011-04-29 18:12","QuorumPeer.java","30884","19779","50663"
"2019-04-12 19:01","QuorumPeer.java","238823","167719","406542"
"2018-12-09 03:16","QuorumPeer.java","229615","167660","397275"
"2018-09-11 15:23","QuorumPeer.java","186497","103937","290434"
"2019-11-29 14:49","QuorumPeer.java","264619","168765","433384"
"2013-03-07 07:01","QuorumPeer.java","66572","29381","95953"
"2018-12-15 07:34","QuorumPeer.java","229530","167660","397190"
"2018-11-27 10:02","QuorumPeer.java","227291","167660","394951"
"2018-09-18 01:00","QuorumPeer.java","187806","103991","291797"
"2012-02-06 09:40","QuorumPeer.java","48065","25038","73103"
"2019-06-03 19:40","QuorumPeer.java","242346","167718","410064"
"2019-07-15 14:15","QuorumPeer.java","252434","167718","420152"
"2015-03-17 18:06","QuorumPeer.java","98810","36895","135705"
"2019-07-03 00:44","QuorumPeer.java","245028","167718","412746"
"2019-08-17 17:13","QuorumPeer.java","257015","167718","424733"
"2015-06-27 02:03","QuorumPeer.java","101700","37096","138796"
"2017-11-28 00:10","QuorumPeer.java","116857","42038","158895"
"2014-01-21 04:50","QuorumPeer.java","74359","30018","104377"
"2014-06-04 22:07","QuorumPeer.java","86243","36101","122344"
"2018-01-30 08:02","QuorumPeer.java","117043","42071","159114"
"2019-05-15 11:56","QuorumPeer.java","241770","167719","409489"
"2019-06-05 00:33","QuorumPeer.java","242736","167718","410454"
"2019-05-20 23:13","QuorumPeer.java","241888","167719","409607"
"2019-06-04 10:55","QuorumPeer.java","242499","167718","410217"
"2019-07-12 17:01","QuorumPeer.java","252328","167718","420046"
"2020-01-09 11:27","QuorumPeer.java","266165","168765","434930"
"2017-02-09 11:40","QuorumPeer.java","113376","39781","153157"
"2011-06-14 07:14","QuorumPeer.java","32651","19931","52582"
"2017-07-06 18:48","QuorumPeer.java","113033","41752","154785"
"2018-10-01 06:11","QuorumPeer.java","190532","104138","294670"
"2015-04-09 20:16","QuorumPeer.java","99881","36903","136784"
"2013-10-07 21:08","QuorumPeer.java","69767","29760","99527"
"2013-09-30 22:20","QuorumPeer.java","69204","29628","98832"
"2018-07-04 17:11","QuorumPeer.java","128265","49732","177997"
"2019-12-17 13:48","QuorumPeer.java","265191","168765","433956"
"2015-12-07 05:59","QuorumPeer.java","103723","37289","141012"
"2020-01-23 13:43","QuorumPeer.java","267989","168765","436754"
"2016-06-23 23:45","QuorumPeer.java","106375","38871","145246"
"2011-05-03 19:57","QuorumPeer.java","30890","19781","50671"
"2016-06-23 23:25","QuorumPeer.java","106267","38871","145138"
"2014-03-23 04:12","QuorumPeer.java","76751","30190","106941"
"2013-09-26 00:13","QuorumPeer.java","68944","29612","98556"
"2011-06-17 01:34","QuorumPeer.java","32795","20004","52799"
"2011-06-14 14:11","QuorumPeer.java","32679","19932","52611"
"2014-07-18 20:48","QuorumPeer.java","93031","36630","129661"
"2014-07-04 04:19","QuorumPeer.java","87900","36115","124015"
"2018-12-06 10:56","QuorumPeer.java","227485","167660","395145"
"2014-06-25 15:04","QuorumPeer.java","86746","36107","122853"
"2014-03-28 01:58","QuorumPeer.java","77182","30203","107385"
"2013-10-21 23:36","QuorumPeer.java","72670","29921","102591"
"2019-10-10 14:37","QuorumPeer.java","260768","167718","428486"
"2013-11-07 06:41","QuorumPeer.java","73125","29945","103070"
"2017-07-27 23:09","QuorumPeer.java","112055","41760","153815"
"2014-05-18 05:49","QuorumPeer.java","85739","36086","121825"
"2011-10-25 08:09","QuorumPeer.java","44587","24064","68651"
"2014-03-25 22:13","QuorumPeer.java","76997","30200","107197"
"2011-04-12 09:14","QuorumPeer.java","30457","19687","50144"
"2011-11-01 08:15","QuorumPeer.java","44917","24205","69122"
"2011-03-16 19:49","QuorumPeer.java","61185","8942","70127"
"2018-06-26 11:18","QuorumPeer.java","120773","42258","163031"
"2018-07-27 12:32","QuorumPeer.java","138690","58957","197647"
"2019-04-18 19:17","QuorumPeer.java","239533","167719","407252"
"2011-10-27 23:25","QuorumPeer.java","44825","24142","68967"
"2011-08-30 08:37","QuorumPeer.java","42674","19265","61939"
"2011-08-30 08:29","QuorumPeer.java","42656","19259","61915"
"2010-08-18 08:24","QuorumPeer.java","27494","7769","35263"
"2013-10-09 22:21","QuorumPeer.java","72308","29922","102230"
"2016-12-20 14:47","QuorumPeer.java","112155","39695","151850"
"2011-05-20 01:17","QuorumPeer.java","31399","19810","51209"
"2010-05-05 22:32","QuorumPeer.java","5595","5565","11160"
"2017-05-11 16:59","QuorumPeer.java","112107","41693","153800"
"2014-07-03 06:01","QuorumPeer.java","87478","36115","123593"
"2014-08-14 08:08","QuorumPeer.java","93962","36700","130662"
"2014-08-01 07:38","QuorumPeer.java","93541","36700","130241"
"2014-07-20 04:50","QuorumPeer.java","93112","36649","129761"
"2016-06-02 00:59","QuorumPeer.java","105898","38871","144769"
"2020-02-16 10:25","QuorumPeer.java","268702","168765","437467"
"2019-02-06 09:46","Testable.java","233868","201735","435603"
"2019-08-17 17:13","Testable.java","256271","201841","458112"
"2015-10-18 19:00","QuorumPeer.java","31614","12499","44113"
"2018-12-20 15:13","QuorumPeer.java","229754","200911","430665"
"2019-05-16 16:25","QuorumPeer.java","241074","201002","442076"
"2018-10-16 16:22","QuorumPeer.java","235185","181515","416700"
"2019-06-14 09:06","QuorumPeer.java","244289","201018","445307"
"2018-12-07 12:41","QuorumPeer.java","226767","200910","427677"
"2019-03-11 19:47","QuorumPeer.java","236201","200930","437131"
"2014-07-18 02:19","QuorumPeer.java","18459","9078","27537"
"2019-02-13 13:12","QuorumPeer.java","235150","200931","436081"
"2019-04-12 19:01","QuorumPeer.java","238082","201002","439084"
"2018-12-09 03:16","QuorumPeer.java","228841","200910","429751"
"2018-09-11 15:23","QuorumPeer.java","148094","112095","260189"
"2019-11-29 14:49","QuorumPeer.java","264266","202436","466702"
"2018-12-15 07:34","QuorumPeer.java","228756","200910","429666"
"2018-11-27 10:02","QuorumPeer.java","226517","200910","427427"
"2018-09-18 01:00","QuorumPeer.java","149425","112171","261596"
"2019-06-03 19:40","QuorumPeer.java","241622","201018","442640"
"2019-07-15 14:15","QuorumPeer.java","251710","201018","452728"
"2015-03-17 18:06","QuorumPeer.java","25853","10499","36352"
"2019-07-03 00:44","QuorumPeer.java","244304","201018","445322"
"2019-08-17 17:13","QuorumPeer.java","256291","201018","457309"
"2015-06-27 02:03","QuorumPeer.java","29326","11283","40609"
"2017-11-28 00:10","QuorumPeer.java","51900","23642","75542"
"2014-06-04 22:07","QuorumPeer.java","11310","7729","19039"
"2018-01-30 08:02","QuorumPeer.java","52456","24045","76501"
"2019-05-15 11:56","QuorumPeer.java","241029","201002","442031"
"2019-06-05 00:33","QuorumPeer.java","242012","201018","443030"
"2019-05-20 23:13","QuorumPeer.java","241147","201002","442149"
"2019-06-04 10:55","QuorumPeer.java","241775","201018","442793"
"2019-07-12 17:01","QuorumPeer.java","251604","201018","452622"
"2020-01-09 11:27","QuorumPeer.java","265812","202436","468248"
"2017-02-09 11:40","QuorumPeer.java","45183","18149","63332"
"2017-07-06 18:48","QuorumPeer.java","46697","21977","68674"
"2018-10-01 06:11","QuorumPeer.java","152175","112342","264517"
"2015-04-09 20:16","QuorumPeer.java","26958","10541","37499"
"2018-07-04 17:11","QuorumPeer.java","64414","32442","96856"
"2019-12-17 13:48","QuorumPeer.java","264838","202436","467274"
"2015-12-07 05:59","QuorumPeer.java","32661","12788","45449"
"2020-01-23 13:43","QuorumPeer.java","267636","202436","470072"
"2016-06-23 23:45","QuorumPeer.java","37053","16110","53163"
"2016-06-23 23:25","QuorumPeer.java","36914","16079","52993"
"2014-07-18 20:48","QuorumPeer.java","19138","9298","28436"
"2014-07-04 04:19","QuorumPeer.java","13115","7891","21006"
"2018-12-06 10:56","QuorumPeer.java","226711","200910","427621"
"2014-06-25 15:04","QuorumPeer.java","11834","7756","19590"
"2014-03-28 01:58","QuorumPeer.java","446","28","474"
"2019-10-10 14:37","QuorumPeer.java","260044","201018","461062"
"2017-07-27 23:09","QuorumPeer.java","46709","22975","69684"
"2014-05-18 05:49","QuorumPeer.java","10733","7641","18374"
"2014-03-25 22:13","QuorumPeer.java","254","18","272"
"2018-06-26 11:18","QuorumPeer.java","56383","24429","80812"
"2018-07-27 12:32","QuorumPeer.java","76042","42870","118912"
"2019-04-18 19:17","QuorumPeer.java","238792","201002","439794"
"2016-12-20 14:47","QuorumPeer.java","43848","17949","61797"
"2017-05-11 16:59","QuorumPeer.java","45502","21649","67151"
"2014-07-03 06:01","QuorumPeer.java","12603","7801","20404"
"2014-08-14 08:08","QuorumPeer.java","20459","9758","30217"
"2014-08-01 07:38","QuorumPeer.java","19942","9662","29604"
"2014-07-20 04:50","QuorumPeer.java","19239","9337","28576"
"2016-06-02 00:59","QuorumPeer.java","36511","16045","52556"
"2020-02-16 10:25","QuorumPeer.java","268349","202436","470785"
"2011-04-12 09:14","AsyncHammerTest.java","46141","21670","67811"
"2010-03-31 06:26","AsyncHammerTest.java","26483","12524","39007"
"2010-05-05 22:32","AsyncHammerTest.java","28701","14970","43671"
"2019-10-10 14:37","AsyncHammerTest.java","260940","154189","415129"
"2019-08-17 17:13","AsyncHammerTest.java","257187","154189","411376"
"2017-05-01 17:19","AsyncHammerTest.java","119679","35615","155294"
"2020-02-16 10:25","QuorumDigestAuthTest.java","8112","4029","12141"
"2019-10-10 14:37","QuorumPeerMain.java","178988","155961","334949"
"2020-01-23 13:43","QuorumPeerMain.java","187419","158218","345637"
"2019-11-28 12:24","QuorumPeerMain.java","182317","158137","340454"
"2020-02-16 10:25","QuorumPeerMain.java","188204","158290","346494"
"2019-04-18 19:17","QuorumPeerMain.java","154799","153008","307807"
"2019-11-11 13:59","QuorumPeerMain.java","182699","156015","338714"
"2019-04-12 19:01","QuorumPeerMain.java","154089","153008","307097"
"2019-08-17 17:13","QuorumPeerMain.java","174233","154959","329192"
"2020-01-22 11:08","KerberosTestUtils.java","265294","229836","495130"
"2019-08-17 17:13","KerberosTestUtils.java","255079","228064","483143"
"2019-08-17 17:13","FLETestUtils.java","256154","206595","462749"
"2015-07-07 07:11","FLETestUtils.java","16629","4122","20751"
"2019-08-17 17:13","ServerAdminClient.java","256932","178405","435337"
"2017-07-28 00:36","ServerAdminClient.java","87433","27653","115086"
"2020-03-26 18:41","ZooKeeperMain.java","269686","226617","496303"
"2020-04-01 17:02","ZooKeeperMain.java","270067","226674","496741"
"2019-10-10 14:37","ZooKeeperMain.java","259045","225011","484056"
"2020-03-26 22:19","ZooKeeperMain.java","269755","226617","496372"
"2019-11-28 12:24","ZooKeeperMain.java","261802","226615","488417"
"2019-08-03 08:42","ZooKeeperMain.java","256000","225011","481011"
"2017-07-28 00:36","ZooKeeperMain.java","6344","7498","13842"
"2019-08-17 17:13","ZooKeeperMain.java","255292","225011","480303"
"2018-08-06 14:11","ZooKeeperMain.java","39056","30264","69320"
"2020-05-17 15:13","RemoveWatchesTest.java","271444","222199","493643"
"2019-09-18 11:20","RemoveWatchesTest.java","258799","220587","479386"
"2019-10-10 14:37","RemoveWatchesTest.java","259640","220587","480227"
"2019-06-03 19:40","RemoveWatchesTest.java","241217","220586","461803"
"2019-08-17 17:13","RemoveWatchesTest.java","255887","220587","476474"
"2018-06-26 11:18","RemotePeerMXBean.java","172683","20151","192834"
"2019-08-17 17:13","RemotePeerMXBean.java","257706","90102","347808"
"2014-06-04 22:07","RemotePeerMXBean.java","140948","16789","157737"
"2019-08-17 17:13","PurgeTxnTest.java","255887","222020","477907"
"2020-01-30 09:43","PurgeTxnTest.java","267941","223600","491541"
"2017-01-23 02:13","PurgeTxnTest.java","7148","1612","8760"
"2020-03-03 10:53","PurgeTxnTest.java","269208","223600","492808"
"2020-01-31 12:01","PurgeTxnTest.java","267941","223600","491541"
"2019-10-10 14:37","PurgeTxnTest.java","259640","222020","481660"
"2017-07-06 18:48","ReconfigRecoveryTest.java","27304","13642","40946"
"2019-08-17 17:13","ReconfigRecoveryTest.java","256128","211913","468041"
"2017-09-11 18:55","ReconfigRecoveryTest.java","28759","15416","44175"
"2020-03-25 03:38","PrepRequestProcessor.java","8020","3913","11933"
"2019-12-27 22:33","FileTxnSnapLogTest.java","265554","226286","491840"
"2019-04-29 16:49","FileTxnSnapLogTest.java","239068","224641","463709"
"2019-06-03 19:40","FileTxnSnapLogTest.java","240580","224659","465239"
"2019-08-17 17:13","FileTxnSnapLogTest.java","255250","224660","479910"
"2018-02-14 21:23","FileTxnSnapLogTest.java","8848","4238","13086"
"2014-06-30 19:11","Observer.java","95270","31238","126508"
"2011-10-20 20:02","Observer.java","58413","25145","83558"
"2010-01-25 04:28","Observer.java","6269","2376","8645"
"2019-10-10 14:37","Observer.java","260940","154189","415129"
"2015-06-05 21:25","Observer.java","109214","32129","141343"
"2019-12-27 22:33","Observer.java","266804","155128","421932"
"2017-11-28 00:10","Observer.java","123903","36285","160188"
"2019-07-15 14:15","Observer.java","252606","154189","406795"
"2019-08-23 19:43","Observer.java","257853","154189","412042"
"2019-08-17 17:13","Observer.java","257187","154189","411376"
"2019-05-03 00:44","Observer.java","241184","154189","395373"
"2019-06-05 00:33","Observer.java","242908","154189","397097"
"2019-07-02 07:34","Observer.java","245130","154189","399319"
"2011-02-07 20:26","Observer.java","83054","17431","100485"
"2011-01-22 20:38","Observer.java","82928","17322","100250"
"2013-03-07 07:01","Observer.java","79033","29043","108076"
"2018-12-09 03:16","Observer.java","229795","154139","383934"
"2018-11-17 18:33","ServerCnxn.java","225212","146521","371733"
"2019-01-14 19:38","ServerCnxn.java","232429","146521","378950"
"2019-04-12 19:01","ServerCnxn.java","238994","146571","385565"
"2011-08-19 00:05","ServerCnxn.java","62460","20307","82767"
"2014-07-18 02:19","ServerCnxn.java","107137","31084","138221"
"2018-09-18 01:00","ServerCnxn.java","193167","89241","282408"
"2019-07-08 23:26","ServerCnxn.java","245963","146571","392534"
"2016-11-16 06:21","ServerCnxn.java","125917","33706","159623"
"2019-08-17 17:13","ServerCnxn.java","257187","146571","403758"
"2019-07-03 00:44","ServerCnxn.java","245200","146571","391771"
"2015-03-28 20:08","ServerCnxn.java","114356","31341","145697"
"2015-06-28 21:09","ServerCnxn.java","116274","31559","147833"
"2018-07-12 01:33","ServerCnxn.java","141803","42951","184754"
"2018-08-08 06:21","ServerCnxn.java","170743","69923","240666"
"2017-11-28 00:10","ServerCnxn.java","130490","35560","166050"
"2009-11-12 20:53","ServerCnxn.java","760","173","933"
"2019-11-18 09:05","ServerCnxn.java","261270","147510","408780"
"2020-02-26 22:41","ServerCnxn.java","268780","147510","416290"
"2018-09-28 23:38","ServerCnxn.java","195838","89338","285176"
"2011-05-20 01:17","ServerCnxn.java","54294","21386","75680"
"2011-08-11 08:00","ServerCnxn.java","60011","20287","80298"
"2010-08-18 08:24","ServerCnxn.java","57233","16189","73422"
"2019-11-11 13:59","ServerCnxn.java","264597","146571","411168"
"2018-09-15 00:08","ZooKeeperServer.java","189040","97387","286427"
"2019-04-12 19:01","ZooKeeperServer.java","238841","158338","397179"
"2019-07-31 19:06","ZooKeeperServer.java","256340","158337","414677"
"2019-09-11 10:27","ZooKeeperServer.java","258389","158337","416726"
"2019-01-14 19:38","ZooKeeperServer.java","232267","158279","390546"
"2019-01-07 15:34","ZooKeeperServer.java","231868","158279","390147"
"2018-11-21 17:56","ZooKeeperServer.java","225065","158279","383344"
"2012-01-31 07:45","ZooKeeperServer.java","56115","24996","81111"
"2017-04-28 07:14","ZooKeeperServer.java","115240","35505","150745"
"2011-08-19 00:05","ZooKeeperServer.java","50395","19862","70257"
"2017-02-12 00:12","ZooKeeperServer.java","114310","35474","149784"
"2014-07-18 02:19","ZooKeeperServer.java","95732","31299","127031"
"2013-12-11 19:22","ZooKeeperServer.java","81368","29097","110465"
"2019-02-13 13:12","ZooKeeperServer.java","235934","158292","394226"
"2012-02-11 00:34","ZooKeeperServer.java","57000","25296","82296"
"2016-11-24 17:18","ZooKeeperServer.java","115017","34405","149422"
"2018-07-19 05:59","ZooKeeperServer.java","140627","52907","193534"
"2018-09-18 01:00","ZooKeeperServer.java","189743","97437","287180"
"2019-03-04 08:07","ZooKeeperServer.java","236514","158295","394809"
"2019-07-08 23:26","ZooKeeperServer.java","245809","158337","404146"
"2019-01-23 14:00","ZooKeeperServer.java","233703","158280","391983"
"2019-02-13 13:19","ZooKeeperServer.java","236220","158292","394512"
"2019-05-14 17:11","ZooKeeperServer.java","241701","158338","400039"
"2013-01-25 02:17","ZooKeeperServer.java","69410","28127","97537"
"2015-07-10 08:19","ZooKeeperServer.java","105271","31851","137122"
"2019-06-04 10:55","ZooKeeperServer.java","242517","158337","400854"
"2011-06-14 07:14","ZooKeeperServer.java","43123","21004","64127"
"2019-04-09 15:35","ZooKeeperServer.java","237849","158296","396145"
"2019-08-03 08:42","ZooKeeperServer.java","257741","158337","416078"
"2019-05-15 11:56","ZooKeeperServer.java","241788","158338","400126"
"2019-05-22 11:39","ZooKeeperServer.java","242234","158338","400572"
"2019-04-22 19:15","ZooKeeperServer.java","239816","158338","398154"
"2018-02-23 23:49","ZooKeeperServer.java","120812","36303","157115"
"2016-11-16 06:21","ZooKeeperServer.java","114602","34011","148613"
"2012-12-19 19:07","ZooKeeperServer.java","68306","28061","96367"
"2017-08-18 06:32","ZooKeeperServer.java","115278","36003","151281"
"2017-06-26 00:16","ZooKeeperServer.java","115195","35928","151123"
"2019-09-10 04:26","ZooKeeperServer.java","258078","158337","416415"
"2019-08-17 17:13","ZooKeeperServer.java","257033","158337","415370"
"2019-09-05 23:12","ZooKeeperServer.java","257952","158337","416289"
"2019-09-10 15:21","ZooKeeperServer.java","258076","158337","416413"
"2019-08-01 07:31","ZooKeeperServer.java","257704","158337","416041"
"2019-08-01 07:28","ZooKeeperServer.java","257214","158337","415551"
"2019-06-03 19:40","ZooKeeperServer.java","242364","158337","400701"
"2015-03-17 18:06","ZooKeeperServer.java","101994","31588","133582"
"2019-11-23 17:08","ZooKeeperServer.java","262763","159366","422129"
"2019-10-09 16:49","ZooKeeperServer.java","260619","158337","418956"
"2019-07-03 00:44","ZooKeeperServer.java","245046","158337","403383"
"2018-01-19 01:12","ZooKeeperServer.java","119708","36241","155949"
"2019-07-24 18:00","ZooKeeperServer.java","253488","158337","411825"
"2013-05-16 18:49","ZooKeeperServer.java","74384","28551","102935"
"2018-08-08 06:21","ZooKeeperServer.java","167067","77867","244934"
"2018-05-09 23:57","ZooKeeperServer.java","122414","36400","158814"
"2019-12-27 22:33","ZooKeeperServer.java","266740","159366","426106"
"2016-08-13 15:01","ZooKeeperServer.java","110505","33815","144320"
"2018-09-11 00:17","ZooKeeperServer.java","187487","97383","284870"
"2019-11-18 09:05","ZooKeeperServer.java","261206","159366","420572"
"2019-10-10 14:37","ZooKeeperServer.java","260786","158337","419123"
"2019-09-16 23:26","ZooKeeperServer.java","260052","158337","418389"
"2013-10-08 01:35","ZooKeeperServer.java","77538","28901","106439"
"2017-06-23 18:39","ZooKeeperServer.java","115170","35883","151053"
"2011-12-28 07:07","ZooKeeperServer.java","55755","24975","80730"
"2019-12-03 10:01","ZooKeeperServer.java","264665","159366","424031"
"2020-03-25 03:38","ZooKeeperServer.java","270847","159366","430213"
"2010-03-12 19:26","ZooKeeperServer.java","18543","9144","27687"
"2019-11-28 12:24","ZooKeeperServer.java","262968","159366","422334"
"2019-11-06 15:21","ZooKeeperServer.java","261002","158337","419339"
"2011-05-20 01:17","ZooKeeperServer.java","41871","20883","62754"
"2010-07-29 23:10","ZooKeeperServer.java","37940","14006","51946"
"2011-09-17 02:36","ZooKeeperServer.java","53396","22847","76243"
"2020-04-12 11:14","ZooKeeperServer.java","271600","159366","430966"
"2011-09-14 08:56","ZooKeeperServer.java","53177","20068","73245"
"2011-08-21 02:53","ZooKeeperServer.java","50424","19863","70287"
"2010-08-18 08:24","ZooKeeperServer.java","44463","15339","59802"
"2013-10-09 22:21","ZooKeeperServer.java","79933","29056","108989"
"2015-03-08 23:07","ZooKeeperServer.java","100919","31561","132480"
"2018-06-08 16:52","ZooKeeperServer.java","123167","36404","159571"
"2018-06-15 07:41","ZooKeeperServer.java","123187","36421","159608"
"2018-07-28 04:37","ZooKeeperServer.java","141239","52943","194182"
"2019-04-18 19:17","ZooKeeperServer.java","239551","158338","397889"
"2012-03-15 17:47","ZooKeeperServer.java","58075","25337","83412"
"2014-03-25 22:13","ZooKeeperServer.java","84609","29321","113930"
"2011-04-12 09:14","ZooKeeperServer.java","40932","20763","61695"
"2012-08-28 21:51","ClientBase.java","62911","26812","89723"
"2017-06-08 17:51","ClientBase.java","115085","35681","150766"
"2012-07-17 23:19","ClientBase.java","61759","26734","88493"
"2017-04-18 01:37","ClientBase.java","115335","35299","150634"
"2010-03-16 22:23","ClientBase.java","19357","9513","28870"
"2018-09-07 02:49","ClientBase.java","187643","97169","284812"
"2019-07-31 19:06","ClientBase.java","256340","157928","414268"
"2012-02-06 09:47","ClientBase.java","56830","24926","81756"
"2015-02-06 06:17","ClientBase.java","100920","31327","132247"
"2017-09-11 18:55","ClientBase.java","115758","35896","151654"
"2019-08-17 17:13","ClientBase.java","257033","157928","414961"
"2015-03-28 20:08","ClientBase.java","103196","31392","134588"
"2019-06-07 14:13","ClientBase.java","243137","157928","401065"
"2018-04-24 00:20","ClientBase.java","121763","36125","157888"
"2018-08-08 06:21","ClientBase.java","167263","77654","244917"
"2018-05-09 23:57","ClientBase.java","122618","36195","158813"
"2019-06-24 11:05","ClientBase.java","244366","157928","402294"
"2012-12-11 08:42","ClientBase.java","66890","27458","94348"
"2017-01-13 19:29","ClientBase.java","116378","34176","150554"
"2010-03-09 05:44","ClientBase.java","18327","9249","27576"
"2016-06-23 23:25","ClientBase.java","109662","33366","143028"
"2014-01-03 01:40","ClientBase.java","82064","28935","110999"
"2014-01-25 01:17","ClientBase.java","83918","28983","112901"
"2019-11-14 16:44","ClientBase.java","265060","157928","422988"
"2019-10-10 14:37","ClientBase.java","260786","157928","418714"
"2012-03-15 17:47","ClientBase.java","58325","25178","83503"
"2010-09-15 07:51","ClientBase.java","72907","15204","88111"
"2012-01-14 00:28","ClientBase.java","56210","24822","81032"
"2011-04-12 09:14","ClientBase.java","41188","20610","61798"
"2011-11-05 07:29","ClientBase.java","54585","24617","79202"
"2016-08-24 01:36","ClientBase.java","110621","33754","144375"
"2011-09-17 02:13","ClientBase.java","53538","22552","76090"
"2010-07-05 20:20","ClientBase.java","34638","13725","48363"
"2010-03-31 06:26","ClientBase.java","21090","11024","32114"
"2010-08-18 08:24","ClientBase.java","44718","15185","59903"
"2015-03-08 23:07","ClientBase.java","101125","31358","132483"
"2019-10-10 14:37","FLEZeroWeightTest.java","260221","179987","440208"
"2017-09-11 18:55","FLEZeroWeightTest.java","69115","23506","92621"
"2019-08-17 17:13","FLEZeroWeightTest.java","256468","179987","436455"
"2019-07-12 17:01","FLEZeroWeightTest.java","251781","179987","431768"
"2020-03-26 18:41","ZooKeeperMain.java","47621","35541","83162"
"2020-04-01 17:02","ZooKeeperMain.java","48162","35758","83920"
"2019-10-10 14:37","ZooKeeperMain.java","30687","27642","58329"
"2020-03-26 22:19","ZooKeeperMain.java","47715","35566","83281"
"2019-11-28 12:24","ZooKeeperMain.java","37347","33149","70496"
"2019-08-17 17:13","ZooKeeperMain.java","24190","24898","49088"
"2019-09-02 08:23","EmptiedSnapshotRecoveryTest.java","1909","1252","3161"
"2019-12-13 08:51","EmptiedSnapshotRecoveryTest.java","16531","9816","26347"
"2019-10-10 14:37","EmptiedSnapshotRecoveryTest.java","7470","3717","11187"
"2019-10-10 14:37","SaslServerCallbackHandler.java","30687","27642","58329"
"2019-08-17 17:13","SaslServerCallbackHandler.java","24190","24898","49088"
"2015-05-14 07:10","CnxManagerTest.java","74438","63332","137770"
"2020-03-12 14:47","CnxManagerTest.java","269969","220972","490941"
"2019-08-17 17:13","CnxManagerTest.java","256953","219899","476852"
"2019-06-03 19:40","CnxManagerTest.java","242284","219899","462183"
"2017-11-28 00:10","CnxManagerTest.java","92745","70018","162763"
"2019-07-12 17:01","CnxManagerTest.java","252266","219899","472165"
"2019-05-08 21:54","CnxManagerTest.java","241456","219900","461356"
"2019-08-06 12:52","CnxManagerTest.java","257926","219899","477825"
"2019-06-14 09:06","CnxManagerTest.java","244951","219899","464850"
"2013-03-07 07:01","CnxManagerTest.java","40238","55139","95377"
"2019-11-29 14:49","CnxManagerTest.java","264583","220972","485555"
"2011-04-29 18:12","CnxManagerTest.java","1511","42649","44160"
"2015-02-06 06:17","CnxManagerTest.java","71675","63074","134749"
"2017-09-11 18:55","CnxManagerTest.java","88766","69896","158662"
"2011-04-12 09:14","CnxManagerTest.java","1058","42531","43589"
"2011-09-17 02:13","CnxManagerTest.java","17020","47026","64046"
"2011-09-14 06:32","CnxManagerTest.java","16150","44185","60335"
"2020-02-16 10:25","CnxManagerTest.java","268666","220972","489638"
"2014-06-25 15:04","CnxManagerTest.java","60673","62126","122799"
"2015-11-03 08:11","CnxManagerTest.java","78086","64464","142550"
"2019-10-10 14:37","CnxManagerTest.java","260706","219899","480605"
"2014-07-23 19:36","CnxManagerTest.java","67266","62813","130079"
"2020-02-26 22:41","ServerCnxn.java","12222","4712","16934"
"2019-05-27 22:33","LearnerHandlerMetricsTest.java","1275","264","1539"
"2019-08-17 17:13","LearnerHandlerMetricsTest.java","45395","29708","75103"
"2019-07-29 17:15","JInt.java","254590","167551","422141"
"2019-12-27 22:33","FileTxnLog.java","71342","37494","108836"
"2019-10-10 14:37","FileTxnLog.java","60804","31881","92685"
"2020-01-28 17:26","FileTxnLog.java","74290","38722","113012"
"2019-05-14 17:11","FileTxnLog.java","11587","1750","13337"
"2019-04-12 19:01","FileTxnLog.java","8369","1392","9761"
"2019-08-17 17:13","FileTxnLog.java","55054","29884","84938"
"2019-06-03 19:40","FileTxnLog.java","12590","2089","14679"
"2019-08-03 08:42","FileTxnLog.java","34653","8775","43428"
"2019-04-09 15:35","FileTxnLog.java","7111","1084","8195"
"2020-05-17 15:13","RemoveWatchesTest.java","30333","16388","46721"
"2019-09-18 11:20","RemoveWatchesTest.java","5204","2292","7496"
"2019-10-10 14:37","RemoveWatchesTest.java","7470","3717","11187"
"2017-06-26 00:07","Util.java","178449","20815","199264"
"2018-02-14 21:23","Util.java","183638","20932","204570"
"2009-06-18 18:37","Util.java","72814","11093","83907"
"2019-08-17 17:13","Util.java","257710","72482","330192"
"2019-04-10 13:19","Util.java","238978","72482","311460"
"2011-04-12 09:14","Util.java","122033","15332","137365"
"2019-12-27 22:33","Util.java","266841","72935","339776"
"2019-12-27 22:33","LeaderZooKeeperServer.java","4786","916","5702"
"2019-08-17 17:13","CreateTest.java","256413","187214","443627"
"2015-07-07 07:11","CreateTest.java","46219","14072","60291"
"2011-04-12 09:14","FLERestartTest.java","60224","23118","83342"
"2010-03-31 06:26","FLERestartTest.java","41489","14895","56384"
"2011-09-17 02:13","FLERestartTest.java","71782","24701","96483"
"2010-03-13 01:06","FLERestartTest.java","39928","13581","53509"
"2019-10-10 14:37","FLERestartTest.java","261253","141867","403120"
"2009-07-17 00:09","FLERestartTest.java","597","380","977"
"2019-08-17 17:13","FLERestartTest.java","257500","141867","399367"
"2019-07-12 17:01","FLERestartTest.java","252813","141867","394680"
"2017-09-11 18:55","FLERestartTest.java","131991","36034","168025"
"2014-05-09 23:37","QuorumPeerInstance.java","135903","23498","159401"
"2014-08-14 14:33","QuorumPeerInstance.java","144338","23875","168213"
"2018-07-10 13:29","QuorumPeerInstance.java","175475","33729","209204"
"2018-12-20 07:24","QuorumPeerInstance.java","231160","101463","332623"
"2011-04-12 09:14","QuorumPeerInstance.java","95404","17734","113138"
"2013-10-05 00:17","QuorumPeerInstance.java","124929","22022","146951"
"2015-12-06 21:30","QuorumPeerInstance.java","153703","24187","177890"
"2019-07-12 17:01","QuorumPeerInstance.java","253000","101490","354490"
"2009-02-20 01:23","QuorumPeerInstance.java","3037","818","3855"
"2014-11-29 16:53","QuorumPeerInstance.java","147001","23917","170918"
"2014-08-14 09:32","QuorumPeerInstance.java","144338","23875","168213"
"2015-05-10 00:27","QuorumPeerInstance.java","150232","24012","174244"
"2017-09-11 18:55","QuorumPeerInstance.java","161119","26974","188093"
"2011-07-01 00:53","PrepRequestProcessor.java","50125","21861","71986"
"2015-02-06 06:17","PrepRequestProcessor.java","104073","31439","135512"
"2012-02-06 10:39","PrepRequestProcessor.java","60317","25342","85659"
"2013-03-07 07:01","PrepRequestProcessor.java","77685","28553","106238"
"2019-02-07 11:26","PrepRequestProcessor.java","235396","154918","390314"
"2019-09-11 10:27","PrepRequestProcessor.java","258471","154969","413440"
"2018-07-19 05:59","PrepRequestProcessor.java","143814","52644","196458"
"2017-09-11 18:55","PrepRequestProcessor.java","118760","35857","154617"
"2019-01-16 14:21","PrepRequestProcessor.java","233043","154917","387960"
"2017-06-01 05:45","PrepRequestProcessor.java","118083","35644","153727"
"2012-04-14 02:32","PrepRequestProcessor.java","63166","26627","89793"
"2019-11-08 17:30","PrepRequestProcessor.java","262729","154969","417698"
"2016-11-13 20:59","PrepRequestProcessor.java","117411","33917","151328"
"2019-04-09 15:35","PrepRequestProcessor.java","237934","154931","392865"
"2019-04-17 14:16","PrepRequestProcessor.java","239188","154970","394158"
"2014-10-28 05:35","PrepRequestProcessor.java","102059","31364","133423"
"2019-05-10 12:22","PrepRequestProcessor.java","241623","154970","396593"
"2017-06-26 00:16","PrepRequestProcessor.java","118406","35689","154095"
"2019-02-07 11:22","PrepRequestProcessor.java","235058","154918","389976"
"2016-11-16 06:21","PrepRequestProcessor.java","117972","33931","151903"
"2019-08-01 07:31","PrepRequestProcessor.java","257786","154969","412755"
"2019-06-26 10:57","PrepRequestProcessor.java","244965","154969","399934"
"2014-01-24 07:18","PrepRequestProcessor.java","87047","29182","116229"
"2015-05-29 19:45","PrepRequestProcessor.java","107039","31614","138653"
"2016-10-07 21:51","PrepRequestProcessor.java","115144","33903","149047"
"2015-06-04 19:51","PrepRequestProcessor.java","107864","31674","139538"
"2019-08-17 17:13","PrepRequestProcessor.java","257115","154969","412084"
"2018-08-08 06:21","PrepRequestProcessor.java","167742","75092","242834"
"2018-05-09 23:57","PrepRequestProcessor.java","125609","36145","161754"
"2015-06-11 20:09","PrepRequestProcessor.java","108001","31685","139686"
"2019-12-27 22:33","PrepRequestProcessor.java","266740","155916","422656"
"2014-04-01 01:47","PrepRequestProcessor.java","88596","29468","118064"
"2019-10-10 14:37","PrepRequestProcessor.java","260868","154969","415837"
"2020-03-25 03:38","PrepRequestProcessor.java","270847","155916","426763"
"2010-01-25 04:28","PrepRequestProcessor.java","3562","521","4083"
"2011-08-15 02:35","PrepRequestProcessor.java","51681","19909","71590"
"2014-07-25 01:31","PrepRequestProcessor.java","99925","31306","131231"
"2013-10-09 22:21","PrepRequestProcessor.java","83406","29079","112485"
"2010-08-18 08:24","PrepRequestProcessor.java","48057","15483","63540"
"2011-09-17 02:36","PrepRequestProcessor.java","56899","22900","79799"
"2014-04-29 02:23","PrepRequestProcessor.java","91731","30601","122332"
"2015-03-08 23:07","PrepRequestProcessor.java","104278","31470","135748"
"2014-07-22 06:51","PrepRequestProcessor.java","99688","31258","130946"
"2012-03-15 17:47","PrepRequestProcessor.java","61574","25386","86960"
"2011-04-12 09:14","PrepRequestProcessor.java","44456","20837","65293"
"2011-11-01 15:41","PrepRequestProcessor.java","57615","24824","82439"
"2011-10-28 00:58","PrepRequestProcessor.java","57390","24761","82151"
"2011-10-20 20:02","PrepRequestProcessor.java","56975","24565","81540"
"2011-10-17 16:59","PrepRequestProcessor.java","56787","22969","79756"
"2018-06-15 07:41","PrepRequestProcessor.java","126382","36166","162548"
"2012-12-19 19:16","PrepRequestProcessor.java","72725","28149","100874"
"2011-11-14 20:18","PrepRequestProcessor.java","58237","24811","83048"
"2019-11-28 12:24","DataTree.java","4751","5459","10210"
"2019-12-27 22:33","DataTree.java","9297","6233","15530"
"2019-11-11 13:59","DataTree.java","1828","32","1860"
"2011-04-29 18:12","QuorumCnxManager.java","45799","21571","67370"
"2011-12-28 01:26","QuorumCnxManager.java","59992","25540","85532"
"2019-11-29 14:49","QuorumCnxManager.java","264683","155706","420389"
"2013-03-07 07:01","QuorumCnxManager.java","78471","29065","107536"
"2018-07-11 06:04","QuorumCnxManager.java","134739","43952","178691"
"2018-08-06 14:11","QuorumCnxManager.java","145695","53135","198830"
"2010-11-17 15:59","QuorumCnxManager.java","80870","16999","97869"
"2012-06-29 22:08","QuorumCnxManager.java","65064","27453","92517"
"2018-10-16 16:22","QuorumCnxManager.java","238520","126074","364594"
"2019-06-14 09:06","QuorumCnxManager.java","245177","154759","399936"
"2019-08-03 08:42","QuorumCnxManager.java","257887","154759","412646"
"2019-11-13 20:41","QuorumCnxManager.java","264898","154759","419657"
"2019-04-09 16:08","QuorumCnxManager.java","237996","154720","392716"
"2019-08-06 12:52","QuorumCnxManager.java","258152","154759","412911"
"2017-02-09 11:40","QuorumCnxManager.java","120524","34714","155238"
"2019-05-20 23:13","QuorumCnxManager.java","242051","154759","396810"
"2015-04-09 20:16","QuorumCnxManager.java","107195","32002","139197"
"2017-08-23 02:16","QuorumCnxManager.java","119328","36214","155542"
"2019-07-27 20:04","QuorumCnxManager.java","253710","154759","408469"
"2015-05-29 23:46","QuorumCnxManager.java","107822","32113","139935"
"2015-05-14 07:10","QuorumCnxManager.java","107494","32081","139575"
"2020-03-12 14:47","QuorumCnxManager.java","270069","155706","425775"
"2019-08-17 17:13","QuorumCnxManager.java","257179","154759","411938"
"2017-11-28 00:10","QuorumCnxManager.java","123429","36395","159824"
"2019-10-10 14:37","QuorumCnxManager.java","260932","154759","415691"
"2014-07-23 19:36","QuorumCnxManager.java","100514","31754","132268"
"2017-06-09 18:37","QuorumCnxManager.java","118907","36089","154996"
"2020-01-23 13:43","QuorumCnxManager.java","268053","155706","423759"
"2014-03-23 04:12","QuorumCnxManager.java","88618","29842","118460"
"2010-01-19 21:06","QuorumCnxManager.java","3957","941","4898"
"2010-01-21 04:08","QuorumCnxManager.java","3987","965","4952"
"2014-07-08 05:25","QuorumCnxManager.java","96100","31610","127710"
"2019-11-28 12:24","QuorumCnxManager.java","263032","155706","418738"
"2014-06-25 15:04","QuorumCnxManager.java","94117","31263","125380"
"2011-08-15 02:44","QuorumCnxManager.java","52597","20538","73135"
"2016-06-08 17:43","QuorumCnxManager.java","113198","33957","147155"
"2020-03-23 16:20","QuorumCnxManager.java","270240","155706","425946"
"2020-02-16 10:25","QuorumCnxManager.java","268766","155706","424472"
"2014-07-22 06:45","QuorumCnxManager.java","100438","31753","132191"
"2011-04-12 09:14","QuorumCnxManager.java","45373","21480","66853"
"2010-10-06 19:01","QuorumCnxManager.java","77561","16297","93858"
"2018-07-27 12:32","QuorumCnxManager.java","145051","53103","198154"
"2010-10-20 00:32","QuorumCnxManager.java","79093","16336","95429"
"2011-03-16 19:49","QuorumCnxManager.java","82649","17283","99932"
"2019-12-27 22:33","TxnLog.java","266401","194942","461343"
"2018-06-08 16:52","TxnLog.java","63950","24731","88681"
"2019-05-14 17:11","TxnLog.java","241028","193580","434608"
"2017-04-28 07:14","TxnLog.java","53451","21260","74711"
"2019-08-17 17:13","TxnLog.java","256377","193596","449973"
"2017-06-26 00:07","TxnLog.java","54136","22407","76543"
"2019-04-12 19:06","TxnLog.java","238158","193580","431738"
"2018-05-10 00:14","QuorumPeerMainTest.java","3283","571","3854"
"2018-10-05 14:25","QuorumPeerMainTest.java","218205","205819","424024"
"2018-07-17 10:41","QuorumPeerMainTest.java","26190","21831","48021"
"2018-07-27 12:32","QuorumPeerMainTest.java","26837","21967","48804"
"2020-01-23 13:43","QuorumPeerMainTest.java","266775","229877","496652"
"2019-10-10 14:37","QuorumPeerMainTest.java","258830","228106","486936"
"2019-12-28 16:17","QuorumPeerMainTest.java","265432","229876","495308"
"2018-01-19 00:52","QuorumPeerMainTest.java","162","49","211"
"2018-04-30 06:34","QuorumPeerMainTest.java","2595","514","3109"
"2019-07-25 21:41","QuorumPeerMainTest.java","251559","228105","479664"
"2019-08-17 17:13","QuorumPeerMainTest.java","255076","228105","483181"
"2018-02-23 23:49","QuorumPeerMainTest.java","1390","235","1625"
"2019-07-02 07:34","QuorumPeerMainTest.java","243018","228104","471122"
"2019-05-20 17:18","QuorumPeerMainTest.java","239849","228087","467936"
"2018-10-16 16:22","QuorumPeerMainTest.java","231191","205823","437014"
"2018-08-29 06:26","QuorumPeerMainTest.java","101464","95082","196546"
"2018-08-03 18:52","QuorumPeerMainTest.java","27515","22139","49654"
"2018-09-11 15:23","QuorumPeerMainTest.java","108503","100806","209309"
"2015-02-06 06:17","ExpiryQueue.java","6147","1396","7543"
"2019-08-17 17:13","ExpiryQueue.java","256151","210259","466410"
"2019-06-03 19:40","ExpiryQueue.java","241482","210259","451741"
"2015-10-18 19:00","QuorumPeer.java","39427","13083","52510"
"2018-12-20 15:13","QuorumPeer.java","229840","193768","423608"
"2019-05-16 16:25","QuorumPeer.java","241152","193851","435003"
"2018-10-16 16:22","QuorumPeer.java","235306","174407","409713"
"2019-06-14 09:06","QuorumPeer.java","244367","193867","438234"
"2018-12-07 12:41","QuorumPeer.java","226853","193767","420620"
"2019-03-11 19:47","QuorumPeer.java","236287","193787","430074"
"2014-07-18 02:19","QuorumPeer.java","26628","10018","36646"
"2019-02-13 13:12","QuorumPeer.java","235236","193788","429024"
"2019-04-12 19:01","QuorumPeer.java","238160","193851","432011"
"2018-12-09 03:16","QuorumPeer.java","228927","193767","422694"
"2018-09-11 15:23","QuorumPeer.java","154993","111765","266758"
"2019-11-29 14:49","QuorumPeer.java","264272","195213","459485"
"2018-12-15 07:34","QuorumPeer.java","228842","193767","422609"
"2018-11-27 10:02","QuorumPeer.java","226603","193767","420370"
"2018-09-18 01:00","QuorumPeer.java","156318","111835","268153"
"2019-06-03 19:40","QuorumPeer.java","241700","193867","435567"
"2019-07-15 14:15","QuorumPeer.java","251788","193867","445655"
"2015-03-17 18:06","QuorumPeer.java","33914","11331","45245"
"2019-07-03 00:44","QuorumPeer.java","244382","193867","438249"
"2019-08-17 17:13","QuorumPeer.java","256369","193867","450236"
"2015-06-27 02:03","QuorumPeer.java","37148","11876","49024"
"2017-11-28 00:10","QuorumPeer.java","59264","23777","83041"
"2014-01-21 04:50","QuorumPeer.java","5894","885","6779"
"2014-06-04 22:07","QuorumPeer.java","19516","8706","28222"
"2018-01-30 08:02","QuorumPeer.java","59799","24159","83958"
"2019-05-15 11:56","QuorumPeer.java","241107","193851","434958"
"2019-06-05 00:33","QuorumPeer.java","242090","193867","435957"
"2019-05-20 23:13","QuorumPeer.java","241225","193851","435076"
"2019-06-04 10:55","QuorumPeer.java","241853","193867","435720"
"2019-07-12 17:01","QuorumPeer.java","251682","193867","445549"
"2020-01-09 11:27","QuorumPeer.java","265818","195213","461031"
"2017-02-09 11:40","QuorumPeer.java","52867","18604","71471"
"2017-07-06 18:48","QuorumPeer.java","54079","22130","76209"
"2018-10-01 06:11","QuorumPeer.java","159061","111999","271060"
"2015-04-09 20:16","QuorumPeer.java","35018","11372","46390"
"2013-10-07 21:08","QuorumPeer.java","914","239","1153"
"2013-09-30 22:20","QuorumPeer.java","282","38","320"
"2018-07-04 17:11","QuorumPeer.java","71667","32466","104133"
"2019-12-17 13:48","QuorumPeer.java","264844","195213","460057"
"2015-12-07 05:59","QuorumPeer.java","40465","13363","53828"
"2020-01-23 13:43","QuorumPeer.java","267642","195213","462855"
"2016-06-23 23:45","QuorumPeer.java","44832","16660","61492"
"2016-06-23 23:25","QuorumPeer.java","44693","16629","61322"
"2014-03-23 04:12","QuorumPeer.java","8487","1258","9745"
"2014-07-18 20:48","QuorumPeer.java","27306","10237","37543"
"2014-07-04 04:19","QuorumPeer.java","21318","8865","30183"
"2018-12-06 10:56","QuorumPeer.java","226797","193767","420564"
"2014-06-25 15:04","QuorumPeer.java","20036","8729","28765"
"2014-03-28 01:58","QuorumPeer.java","8921","1274","10195"
"2013-10-21 23:36","QuorumPeer.java","3939","522","4461"
"2019-10-10 14:37","QuorumPeer.java","260122","193867","453989"
"2013-11-07 06:41","QuorumPeer.java","4502","654","5156"
"2017-07-27 23:09","QuorumPeer.java","54091","23128","77219"
"2014-05-18 05:49","QuorumPeer.java","18939","8618","27557"
"2014-03-25 22:13","QuorumPeer.java","8735","1270","10005"
"2018-06-26 11:18","QuorumPeer.java","63706","24523","88229"
"2018-07-27 12:32","QuorumPeer.java","83270","42869","126139"
"2019-04-18 19:17","QuorumPeer.java","238870","193851","432721"
"2013-10-09 22:21","QuorumPeer.java","3559","505","4064"
"2016-12-20 14:47","QuorumPeer.java","51561","18433","69994"
"2017-05-11 16:59","QuorumPeer.java","52939","21857","74796"
"2014-07-03 06:01","QuorumPeer.java","20806","8775","29581"
"2014-08-14 08:08","QuorumPeer.java","28601","10671","39272"
"2014-08-01 07:38","QuorumPeer.java","28098","10589","38687"
"2014-07-20 04:50","QuorumPeer.java","27407","10276","37683"
"2016-06-02 00:59","QuorumPeer.java","44291","16596","60887"
"2020-02-16 10:25","QuorumPeer.java","268355","195213","463568"
"2015-10-18 19:00","QuorumPeer.java","75416","22380","97796"
"2018-12-20 15:13","QuorumPeer.java","230410","180334","410744"
"2019-05-16 16:25","QuorumPeer.java","241706","180401","422107"
"2018-10-16 16:22","QuorumPeer.java","236735","149144","385879"
"2019-06-14 09:06","QuorumPeer.java","244904","180400","425304"
"2018-12-07 12:41","QuorumPeer.java","227424","180334","407758"
"2012-04-23 01:20","QuorumPeer.java","23312","10599","33911"
"2012-07-17 23:19","QuorumPeer.java","24116","10631","34747"
"2019-03-11 19:47","QuorumPeer.java","236852","180348","417200"
"2012-02-27 03:41","QuorumPeer.java","18785","8157","26942"
"2014-07-18 02:19","QuorumPeer.java","63889","20587","84476"
"2019-02-13 13:12","QuorumPeer.java","235799","180347","416146"
"2019-04-12 19:01","QuorumPeer.java","238714","180401","419115"
"2018-12-09 03:16","QuorumPeer.java","229498","180334","409832"
"2018-09-11 15:23","QuorumPeer.java","177367","107447","284814"
"2019-11-29 14:49","QuorumPeer.java","264561","181498","446059"
"2013-03-07 07:01","QuorumPeer.java","37400","12849","50249"
"2018-12-15 07:34","QuorumPeer.java","229413","180334","409747"
"2018-11-27 10:02","QuorumPeer.java","227174","180334","407508"
"2018-09-18 01:00","QuorumPeer.java","178683","107508","286191"
"2012-02-06 09:40","QuorumPeer.java","18199","7812","26011"
"2019-06-03 19:40","QuorumPeer.java","242237","180400","422637"
"2019-07-15 14:15","QuorumPeer.java","252325","180400","432725"
"2015-03-17 18:06","QuorumPeer.java","70359","21084","91443"
"2019-07-03 00:44","QuorumPeer.java","244919","180400","425319"
"2019-08-17 17:13","QuorumPeer.java","256906","180400","437306"
"2015-06-27 02:03","QuorumPeer.java","73309","21345","94654"
"2017-11-28 00:10","QuorumPeer.java","90336","28157","118493"
"2014-01-21 04:50","QuorumPeer.java","45353","13652","59005"
"2014-06-04 22:07","QuorumPeer.java","57436","19934","77370"
"2018-01-30 08:02","QuorumPeer.java","90697","28365","119062"
"2019-05-15 11:56","QuorumPeer.java","241661","180401","422062"
"2019-06-05 00:33","QuorumPeer.java","242627","180400","423027"
"2019-05-20 23:13","QuorumPeer.java","241779","180401","422180"
"2019-06-04 10:55","QuorumPeer.java","242390","180400","422790"
"2019-07-12 17:01","QuorumPeer.java","252219","180400","432619"
"2020-01-09 11:27","QuorumPeer.java","266107","181498","447605"
"2017-02-09 11:40","QuorumPeer.java","86281","25326","111607"
"2017-07-06 18:48","QuorumPeer.java","86461","27820","114281"
"2018-10-01 06:11","QuorumPeer.java","181417","107663","289080"
"2015-04-09 20:16","QuorumPeer.java","71437","21099","92536"
"2013-10-07 21:08","QuorumPeer.java","40663","13296","53959"
"2013-09-30 22:20","QuorumPeer.java","40090","13154","53244"
"2018-07-04 17:11","QuorumPeer.java","102064","36171","138235"
"2019-12-17 13:48","QuorumPeer.java","265133","181498","446631"
"2015-12-07 05:59","QuorumPeer.java","76321","22527","98848"
"2020-01-23 13:43","QuorumPeer.java","267931","181498","449429"
"2016-06-23 23:45","QuorumPeer.java","79014","24150","103164"
"2016-06-23 23:25","QuorumPeer.java","78907","24151","103058"
"2014-03-23 04:12","QuorumPeer.java","47798","13877","61675"
"2013-09-26 00:13","QuorumPeer.java","39827","13135","52962"
"2014-07-18 20:48","QuorumPeer.java","64384","20623","85007"
"2014-07-04 04:19","QuorumPeer.java","59109","19964","79073"
"2018-12-06 10:56","QuorumPeer.java","227368","180334","407702"
"2014-06-25 15:04","QuorumPeer.java","57938","19939","77877"
"2014-03-28 01:58","QuorumPeer.java","48230","13891","62121"
"2013-10-21 23:36","QuorumPeer.java","43603","13494","57097"
"2019-10-10 14:37","QuorumPeer.java","260659","180400","441059"
"2013-11-07 06:41","QuorumPeer.java","44063","13523","57586"
"2017-07-27 23:09","QuorumPeer.java","85483","27828","113311"
"2014-05-18 05:49","QuorumPeer.java","56932","19919","76851"
"2011-10-25 08:09","QuorumPeer.java","14508","6625","21133"
"2014-03-25 22:13","QuorumPeer.java","48045","13888","61933"
"2011-11-01 08:15","QuorumPeer.java","14902","6830","21732"
"2018-06-26 11:18","QuorumPeer.java","94478","28603","123081"
"2018-07-27 12:32","QuorumPeer.java","112592","45499","158091"
"2019-04-18 19:17","QuorumPeer.java","239424","180401","419825"
"2011-10-27 23:25","QuorumPeer.java","14755","6712","21467"
"2011-08-30 08:37","QuorumPeer.java","12043","1274","13317"
"2011-08-30 08:29","QuorumPeer.java","12001","1244","13245"
"2013-10-09 22:21","QuorumPeer.java","43231","13485","56716"
"2016-12-20 14:47","QuorumPeer.java","85042","25222","110264"
"2017-05-11 16:59","QuorumPeer.java","85513","27739","113252"
"2014-07-03 06:01","QuorumPeer.java","58685","19962","78647"
"2014-08-14 08:08","QuorumPeer.java","65340","20718","86058"
"2014-08-01 07:38","QuorumPeer.java","64919","20718","85637"
"2014-07-20 04:50","QuorumPeer.java","64475","20652","85127"
"2016-06-02 00:59","QuorumPeer.java","78525","24138","102663"
"2020-02-16 10:25","QuorumPeer.java","268644","181498","450142"
"2019-08-17 17:13","WatchesPathReport.java","174218","158773","332991"
"2016-09-18 23:21","ZooKeeperServerMainTest.java","18202","8115","26317"
"2016-08-24 01:36","ZooKeeperServerMainTest.java","17329","7902","25231"
"2016-08-13 15:01","ZooKeeperServerMainTest.java","17263","7604","24867"
"2017-01-13 19:29","ZooKeeperServerMainTest.java","24068","9306","33374"
"2019-06-03 19:40","ZooKeeperServerMainTest.java","241459","212834","454293"
"2019-08-17 17:13","ZooKeeperServerMainTest.java","256128","212834","468962"
"2018-09-11 15:23","ZooKeeperServerMainTest.java","136671","112651","249322"
"2017-01-05 22:32","ZooKeeperServerMainTest.java","23618","9226","32844"
"2019-08-17 17:13","DisconnectedWatcherTest.java","50021","30037","80058"
"2011-07-01 00:53","PrepRequestProcessor.java","51244","22527","73771"
"2015-02-06 06:17","PrepRequestProcessor.java","105021","31934","136955"
"2012-02-06 10:39","PrepRequestProcessor.java","61326","25898","87224"
"2013-03-07 07:01","PrepRequestProcessor.java","78662","29077","107739"
"2019-02-07 11:26","PrepRequestProcessor.java","235460","154529","389989"
"2019-09-11 10:27","PrepRequestProcessor.java","258535","154580","413115"
"2018-07-19 05:59","PrepRequestProcessor.java","144668","53045","197713"
"2017-09-11 18:55","PrepRequestProcessor.java","119637","36281","155918"
"2019-01-16 14:21","PrepRequestProcessor.java","233107","154528","387635"
"2017-06-01 05:45","PrepRequestProcessor.java","118967","36075","155042"
"2012-04-14 02:32","PrepRequestProcessor.java","64172","27180","91352"
"2019-11-08 17:30","PrepRequestProcessor.java","262793","154580","417373"
"2016-11-13 20:59","PrepRequestProcessor.java","118334","34387","152721"
"2019-04-09 15:35","PrepRequestProcessor.java","237997","154541","392538"
"2019-04-17 14:16","PrepRequestProcessor.java","239251","154580","393831"
"2014-10-28 05:35","PrepRequestProcessor.java","103008","31860","134868"
"2019-05-10 12:22","PrepRequestProcessor.java","241686","154580","396266"
"2017-06-26 00:16","PrepRequestProcessor.java","119288","36118","155406"
"2019-02-07 11:22","PrepRequestProcessor.java","235122","154529","389651"
"2016-11-16 06:21","PrepRequestProcessor.java","118895","34401","153296"
"2019-08-01 07:31","PrepRequestProcessor.java","257850","154580","412430"
"2019-06-26 10:57","PrepRequestProcessor.java","245029","154580","399609"
"2014-01-24 07:18","PrepRequestProcessor.java","88021","29703","117724"
"2015-05-29 19:45","PrepRequestProcessor.java","107988","32110","140098"
"2016-10-07 21:51","PrepRequestProcessor.java","116067","34373","150440"
"2015-06-04 19:51","PrepRequestProcessor.java","108812","32169","140981"
"2019-08-17 17:13","PrepRequestProcessor.java","257179","154580","411759"
"2018-08-08 06:21","PrepRequestProcessor.java","168463","75360","243823"
"2018-05-09 23:57","PrepRequestProcessor.java","126469","36552","163021"
"2015-06-11 20:09","PrepRequestProcessor.java","108949","32180","141129"
"2019-12-27 22:33","PrepRequestProcessor.java","266804","155527","422331"
"2009-12-18 03:19","PrepRequestProcessor.java","1679","1226","2905"
"2014-04-01 01:47","PrepRequestProcessor.java","89563","29982","119545"
"2019-10-10 14:37","PrepRequestProcessor.java","260932","154580","415512"
"2020-03-25 03:38","PrepRequestProcessor.java","270911","155527","426438"
"2010-01-25 04:28","PrepRequestProcessor.java","5234","1740","6974"
"2011-08-15 02:35","PrepRequestProcessor.java","52796","20571","73367"
"2014-07-25 01:31","PrepRequestProcessor.java","100874","31802","132676"
"2013-10-09 22:21","PrepRequestProcessor.java","84378","29598","113976"
"2010-08-18 08:24","PrepRequestProcessor.java","49409","16382","65791"
"2011-09-17 02:36","PrepRequestProcessor.java","57940","23488","81428"
"2014-04-29 02:23","PrepRequestProcessor.java","92698","31115","123813"
"2015-03-08 23:07","PrepRequestProcessor.java","105228","31967","137195"
"2014-07-22 06:51","PrepRequestProcessor.java","100637","31754","132391"
"2012-03-15 17:47","PrepRequestProcessor.java","62579","25938","88517"
"2011-04-12 09:14","PrepRequestProcessor.java","45653","21581","67234"
"2011-11-01 15:41","PrepRequestProcessor.java","58631","25387","84018"
"2011-10-28 00:58","PrepRequestProcessor.java","58406","25324","83730"
"2011-10-20 20:02","PrepRequestProcessor.java","58001","25138","83139"
"2011-10-17 16:59","PrepRequestProcessor.java","57828","23557","81385"
"2018-06-15 07:41","PrepRequestProcessor.java","127241","36572","163813"
"2012-12-19 19:16","PrepRequestProcessor.java","73713","28684","102397"
"2011-11-14 20:18","PrepRequestProcessor.java","59253","25374","84627"
"2019-07-12 17:01","FLEBackwardElectionRoundTest.java","250430","224740","475170"
"2017-11-28 00:10","FLEBackwardElectionRoundTest.java","3764","402","4166"
"2019-08-17 17:13","FLEBackwardElectionRoundTest.java","255117","224740","479857"
"2019-06-03 19:40","FLEBackwardElectionRoundTest.java","240447","224739","465186"
"2017-09-11 18:55","FLEBackwardElectionRoundTest.java","189","684","873"
"2012-08-28 21:51","ClientBase.java","55691","27762","83453"
"2017-06-08 17:51","ClientBase.java","112630","41396","154026"
"2012-07-17 23:19","ClientBase.java","54539","27684","82223"
"2017-04-18 01:37","ClientBase.java","112702","40836","153538"
"2010-03-16 22:23","ClientBase.java","1054","288","1342"
"2018-09-07 02:49","ClientBase.java","185859","103555","289414"
"2019-07-31 19:06","ClientBase.java","256322","166988","423310"
"2012-02-06 09:47","ClientBase.java","48830","25096","73926"
"2015-02-06 06:17","ClientBase.java","98164","36741","134905"
"2017-09-11 18:55","ClientBase.java","113319","41627","154946"
"2019-08-17 17:13","ClientBase.java","257015","166988","424003"
"2015-03-28 20:08","ClientBase.java","100439","36805","137244"
"2019-06-07 14:13","ClientBase.java","243119","166988","410107"
"2018-04-24 00:20","ClientBase.java","119326","41858","161184"
"2018-08-08 06:21","ClientBase.java","165343","83904","249247"
"2018-05-09 23:57","ClientBase.java","120181","41928","162109"
"2019-06-24 11:05","ClientBase.java","244348","166988","411336"
"2012-12-11 08:42","ClientBase.java","59679","28417","88096"
"2017-01-13 19:29","ClientBase.java","113639","39607","153246"
"2016-06-23 23:25","ClientBase.java","106898","38772","145670"
"2014-01-03 01:40","ClientBase.java","74891","29932","104823"
"2014-01-25 01:17","ClientBase.java","76746","29981","106727"
"2019-11-14 16:44","ClientBase.java","265042","166988","432030"
"2019-10-10 14:37","ClientBase.java","260768","166988","427756"
"2012-03-15 17:47","ClientBase.java","50335","25358","75693"
"2010-09-15 07:51","ClientBase.java","56483","7858","64341"
"2012-01-14 00:28","ClientBase.java","48209","24991","73200"
"2011-04-12 09:14","ClientBase.java","31246","19746","50992"
"2011-11-05 07:29","ClientBase.java","46003","24205","70208"
"2016-08-24 01:36","ClientBase.java","107880","39183","147063"
"2011-09-17 02:13","ClientBase.java","44945","22129","67074"
"2010-07-05 20:20","ClientBase.java","17960","6125","24085"
"2010-03-31 06:26","ClientBase.java","3968","2980","6948"
"2010-08-18 08:24","ClientBase.java","28289","7834","36123"
"2015-03-08 23:07","ClientBase.java","98369","36772","135141"
"2017-05-27 00:52","StatCommand.java","2437","4762","7199"
"2018-02-07 01:05","StatCommand.java","10855","7982","18837"
"2018-07-12 01:33","StatCommand.java","24784","18844","43628"
"2019-08-17 17:13","StatCommand.java","255276","226243","481519"
"2017-06-08 17:51","ClientBase.java","10198","7090","17288"
"2017-04-18 01:37","ClientBase.java","9871","6131","16002"
"2018-09-07 02:49","ClientBase.java","122489","108311","230800"
"2019-07-31 19:06","ClientBase.java","255194","221449","476643"
"2017-09-11 18:55","ClientBase.java","12758","9192","21950"
"2019-08-17 17:13","ClientBase.java","255887","221449","477336"
"2019-06-07 14:13","ClientBase.java","241990","221448","463438"
"2018-04-24 00:20","ClientBase.java","19608","10266","29874"
"2018-08-08 06:21","ClientBase.java","92264","78951","171215"
"2018-05-09 23:57","ClientBase.java","20597","10470","31067"
"2019-06-24 11:05","ClientBase.java","243219","221448","464667"
"2017-01-13 19:29","ClientBase.java","8453","2547","11000"
"2019-11-14 16:44","ClientBase.java","263962","221497","485459"
"2019-10-10 14:37","ClientBase.java","259640","221449","481089"
"2016-08-24 01:36","ClientBase.java","1580","1009","2589"
"2020-03-19 17:09","Learner.java","269455","224079","493534"
"2020-02-03 04:30","Learner.java","267950","224079","492029"
"2020-01-23 13:43","Learner.java","267393","224079","491472"
"2017-07-04 07:39","Learner.java","8920","6358","15278"
"2020-03-25 03:38","Learner.java","270251","224079","494330"
"2019-11-28 12:24","Learner.java","262370","224077","486447"
"2019-12-27 22:33","Learner.java","266143","224078","490221"
"2020-01-25 18:48","Learner.java","267583","224079","491662"
"2020-05-03 19:43","Learner.java","271187","224079","495266"
"2019-10-10 14:37","Learner.java","259638","222498","482136"
"2019-06-03 19:40","Learner.java","241215","222497","463712"
"2019-07-15 14:15","Learner.java","251304","222498","473802"
"2019-08-23 19:43","Learner.java","256551","222498","479049"
"2019-08-17 17:13","Learner.java","255885","222498","478383"
"2017-11-28 00:10","Learner.java","15065","8693","23758"
"2018-05-09 00:54","Learner.java","17937","9437","27374"
"2019-04-09 15:35","Learner.java","236648","222404","459052"
"2019-07-12 17:01","Learner.java","251198","222498","473696"
"2017-07-06 18:48","Learner.java","9203","6369","15572"
"2017-08-18 06:32","Learner.java","10333","7996","18329"
"2019-07-02 07:34","Learner.java","243827","222497","466324"
"2018-10-16 16:22","Learner.java","232693","200909","433602"
"2017-02-12 00:12","Learner.java","6856","4958","11814"
"2018-12-09 03:16","Learner.java","228423","222378","450801"
"2019-11-29 14:49","Learner.java","264021","224077","488098"
"2018-11-27 10:02","Learner.java","226099","222378","448477"
"2018-08-06 14:11","Learner.java","42292","30394","72686"
"2019-06-26 10:57","MultiResponse.java","244263","187214","431477"
"2019-08-17 17:13","MultiResponse.java","256413","187214","443627"
"2019-02-06 09:46","ZooKeeper.java","234831","154493","389324"
"2019-01-16 14:21","ZooKeeper.java","233107","154492","387599"
"2017-04-18 02:02","ZooKeeper.java","119299","35731","155030"
"2019-11-08 17:30","ZooKeeper.java","262793","154544","417337"
"2019-02-07 11:26","ZooKeeper.java","235460","154493","389953"
"2013-03-07 07:01","ZooKeeper.java","78731","29110","107841"
"2011-07-01 00:53","ZooKeeper.java","51319","22566","73885"
"2013-12-17 17:55","ZooKeeper.java","86104","29679","115783"
"2012-02-06 09:56","ZooKeeper.java","61188","25727","86915"
"2012-03-17 01:31","ZooKeeper.java","62942","25976","88918"
"2012-11-17 15:03","ZooKeeper.java","69827","27742","97569"
"2017-05-01 17:19","ZooKeeper.java","119433","35738","155171"
"2010-11-10 23:36","ZooKeeper.java","81063","16957","98020"
"2014-01-24 07:18","ZooKeeper.java","88091","29737","117828"
"2019-08-17 17:13","ZooKeeper.java","257179","154544","411723"
"2015-06-04 19:51","ZooKeeper.java","108880","32201","141081"
"2016-10-07 21:51","ZooKeeper.java","116134","34404","150538"
"2015-03-16 09:09","ZooKeeper.java","105637","32002","137639"
"2015-03-17 18:06","ZooKeeper.java","106369","32024","138393"
"2016-05-02 18:15","ZooKeeper.java","112948","33984","146932"
"2019-06-26 10:57","ZooKeeper.java","245029","154544","399573"
"2019-06-03 19:40","ZooKeeper.java","242510","154544","397054"
"2018-05-09 23:57","ZooKeeper.java","126535","36582","163117"
"2019-08-03 08:42","ZooKeeper.java","257887","154544","412431"
"2016-11-13 20:59","ZooKeeper.java","118401","34418","152819"
"2013-02-03 15:52","ZooKeeper.java","74325","28767","103092"
"2012-09-28 18:32","ZooKeeper.java","67716","27599","95315"
"2017-07-28 00:36","ZooKeeper.java","119002","36173","155175"
"2017-08-18 23:35","ZooKeeper.java","119539","36225","155764"
"2017-07-04 07:56","ZooKeeper.java","119595","36156","155751"
"2010-01-26 03:22","ZooKeeper.java","6286","2208","8494"
"2010-01-05 18:32","ZooKeeper.java","1949","1285","3234"
"2020-04-16 12:50","ZooKeeper.java","271700","155491","427191"
"2018-07-27 05:16","ZooKeeper.java","145054","53083","198137"
"2019-10-10 14:37","ZooKeeper.java","260932","154544","415476"
"2014-04-01 04:03","ZooKeeper.java","89850","30016","119866"
"2010-02-08 23:36","ZooKeeper.java","12669","8930","21599"
"2012-12-19 19:16","ZooKeeper.java","73783","28718","102501"
"2019-02-11 12:34","ZooKeeper.java","235823","154493","390316"
"2014-07-08 20:18","ZooKeeper.java","96387","31666","128053"
"2010-11-30 21:16","ZooKeeper.java","81680","17207","98887"
"2020-05-17 15:13","ZooKeeper.java","272072","155492","427564"
"2017-01-09 22:49","ZooKeeper.java","120217","34666","154883"
"2011-05-20 01:17","ZooKeeper.java","46610","21683","68293"
"2019-03-12 19:08","ZooKeeper.java","237263","154505","391768"
"2011-09-06 00:58","ZooKeeper.java","57225","20768","77993"
"2014-07-22 06:51","ZooKeeper.java","100707","31788","132495"
"2014-04-29 02:23","ZooKeeper.java","92768","31149","123917"
"2015-05-14 07:10","CnxManagerTest.java","73804","21225","95029"
"2020-03-12 14:47","CnxManagerTest.java","269969","179499","449468"
"2019-08-17 17:13","CnxManagerTest.java","256932","178405","435337"
"2019-06-03 19:40","CnxManagerTest.java","242263","178405","420668"
"2017-11-28 00:10","CnxManagerTest.java","92166","27966","120132"
"2019-07-12 17:01","CnxManagerTest.java","252245","178405","430650"
"2019-05-08 21:54","CnxManagerTest.java","241435","178406","419841"
"2019-08-06 12:52","CnxManagerTest.java","257905","178405","436310"
"2019-06-14 09:06","CnxManagerTest.java","244930","178405","423335"
"2013-03-07 07:01","CnxManagerTest.java","39549","12977","52526"
"2019-11-29 14:49","CnxManagerTest.java","264583","179499","444082"
"2011-04-29 18:12","CnxManagerTest.java","453","118","571"
"2015-02-06 06:17","CnxManagerTest.java","71041","20967","92008"
"2017-09-11 18:55","CnxManagerTest.java","88187","27844","116031"
"2011-09-17 02:13","CnxManagerTest.java","16250","4783","21033"
"2011-09-14 06:32","CnxManagerTest.java","15372","1934","17306"
"2020-02-16 10:25","CnxManagerTest.java","268666","179499","448165"
"2014-06-25 15:04","CnxManagerTest.java","60026","20006","80032"
"2015-11-03 08:11","CnxManagerTest.java","77463","22368","99831"
"2019-10-10 14:37","CnxManagerTest.java","260685","178405","439090"
"2014-07-23 19:36","CnxManagerTest.java","66629","20703","87332"
"2015-10-18 19:00","QuorumPeer.java","75531","22451","97982"
"2018-12-20 15:13","QuorumPeer.java","230410","180290","410700"
"2019-05-16 16:25","QuorumPeer.java","241706","180357","422063"
"2018-10-16 16:22","QuorumPeer.java","236735","149100","385835"
"2019-06-14 09:06","QuorumPeer.java","244904","180356","425260"
"2018-12-07 12:41","QuorumPeer.java","227424","180290","407714"
"2012-04-23 01:20","QuorumPeer.java","23431","10674","34105"
"2012-07-17 23:19","QuorumPeer.java","24235","10706","34941"
"2019-03-11 19:47","QuorumPeer.java","236852","180304","417156"
"2012-02-27 03:41","QuorumPeer.java","18904","8232","27136"
"2014-07-18 02:19","QuorumPeer.java","64004","20658","84662"
"2019-02-13 13:12","QuorumPeer.java","235799","180303","416102"
"2019-04-12 19:01","QuorumPeer.java","238714","180357","419071"
"2018-12-09 03:16","QuorumPeer.java","229498","180290","409788"
"2018-09-11 15:23","QuorumPeer.java","177420","107456","284876"
"2019-11-29 14:49","QuorumPeer.java","264561","181454","446015"
"2013-03-07 07:01","QuorumPeer.java","37515","12920","50435"
"2018-12-15 07:34","QuorumPeer.java","229413","180290","409703"
"2018-11-27 10:02","QuorumPeer.java","227174","180290","407464"
"2018-09-18 01:00","QuorumPeer.java","178736","107517","286253"
"2012-02-06 09:40","QuorumPeer.java","18319","7888","26207"
"2019-06-03 19:40","QuorumPeer.java","242237","180356","422593"
"2019-07-15 14:15","QuorumPeer.java","252325","180356","432681"
"2015-03-17 18:06","QuorumPeer.java","70474","21155","91629"
"2019-07-03 00:44","QuorumPeer.java","244919","180356","425275"
"2019-08-17 17:13","QuorumPeer.java","256906","180356","437262"
"2015-06-27 02:03","QuorumPeer.java","73424","21416","94840"
"2017-11-28 00:10","QuorumPeer.java","90389","28166","118555"
"2014-01-21 04:50","QuorumPeer.java","45468","13723","59191"
"2014-06-04 22:07","QuorumPeer.java","57551","20005","77556"
"2018-01-30 08:02","QuorumPeer.java","90750","28374","119124"
"2019-05-15 11:56","QuorumPeer.java","241661","180357","422018"
"2019-06-05 00:33","QuorumPeer.java","242627","180356","422983"
"2019-05-20 23:13","QuorumPeer.java","241779","180357","422136"
"2019-06-04 10:55","QuorumPeer.java","242390","180356","422746"
"2019-07-12 17:01","QuorumPeer.java","252219","180356","432575"
"2020-01-09 11:27","QuorumPeer.java","266107","181454","447561"
"2017-02-09 11:40","QuorumPeer.java","86396","25397","111793"
"2017-07-06 18:48","QuorumPeer.java","86514","27829","114343"
"2018-10-01 06:11","QuorumPeer.java","181470","107672","289142"
"2015-04-09 20:16","QuorumPeer.java","71552","21170","92722"
"2013-10-07 21:08","QuorumPeer.java","40778","13367","54145"
"2013-09-30 22:20","QuorumPeer.java","40205","13225","53430"
"2018-07-04 17:11","QuorumPeer.java","102117","36180","138297"
"2019-12-17 13:48","QuorumPeer.java","265133","181454","446587"
"2015-12-07 05:59","QuorumPeer.java","76436","22598","99034"
"2020-01-23 13:43","QuorumPeer.java","267931","181454","449385"
"2016-06-23 23:45","QuorumPeer.java","79129","24221","103350"
"2016-06-23 23:25","QuorumPeer.java","79022","24222","103244"
"2014-03-23 04:12","QuorumPeer.java","47913","13948","61861"
"2013-09-26 00:13","QuorumPeer.java","39942","13206","53148"
"2011-06-17 01:34","QuorumPeer.java","135","91","226"
"2014-07-18 20:48","QuorumPeer.java","64499","20694","85193"
"2014-07-04 04:19","QuorumPeer.java","59224","20035","79259"
"2018-12-06 10:56","QuorumPeer.java","227368","180290","407658"
"2014-06-25 15:04","QuorumPeer.java","58053","20010","78063"
"2014-03-28 01:58","QuorumPeer.java","48345","13962","62307"
"2013-10-21 23:36","QuorumPeer.java","43718","13565","57283"
"2019-10-10 14:37","QuorumPeer.java","260659","180356","441015"
"2013-11-07 06:41","QuorumPeer.java","44178","13594","57772"
"2017-07-27 23:09","QuorumPeer.java","85536","27837","113373"
"2014-05-18 05:49","QuorumPeer.java","57047","19990","77037"
"2011-10-25 08:09","QuorumPeer.java","14643","6716","21359"
"2014-03-25 22:13","QuorumPeer.java","48160","13959","62119"
"2011-11-01 08:15","QuorumPeer.java","15037","6921","21958"
"2018-06-26 11:18","QuorumPeer.java","94531","28612","123143"
"2018-07-27 12:32","QuorumPeer.java","112645","45508","158153"
"2019-04-18 19:17","QuorumPeer.java","239424","180357","419781"
"2011-10-27 23:25","QuorumPeer.java","14890","6803","21693"
"2011-08-30 08:37","QuorumPeer.java","12178","1365","13543"
"2011-08-30 08:29","QuorumPeer.java","12136","1335","13471"
"2013-10-09 22:21","QuorumPeer.java","43346","13556","56902"
"2016-12-20 14:47","QuorumPeer.java","85157","25293","110450"
"2017-05-11 16:59","QuorumPeer.java","85566","27748","113314"
"2014-07-03 06:01","QuorumPeer.java","58800","20033","78833"
"2014-08-14 08:08","QuorumPeer.java","65455","20789","86244"
"2014-08-01 07:38","QuorumPeer.java","65034","20789","85823"
"2014-07-20 04:50","QuorumPeer.java","64590","20723","85313"
"2016-06-02 00:59","QuorumPeer.java","78640","24209","102849"
"2020-02-16 10:25","QuorumPeer.java","268644","181454","450098"
"2019-08-17 17:13","CommandNotFoundException.java","255887","221798","477685"
"2013-12-17 17:55","Op.java","26453","6994","33447"
"2016-10-07 21:51","Op.java","65201","20437","85638"
"2015-06-04 19:51","Op.java","55225","15512","70737"
"2019-08-17 17:13","Op.java","256502","179204","435706"
"2019-06-26 10:57","Op.java","244352","179204","423556"
"2014-08-14 08:08","QuorumPeerTestBase.java","65480","20787","86267"
"2014-07-26 04:11","QuorumPeerTestBase.java","64916","20787","85703"
"2014-03-25 22:13","QuorumPeerTestBase.java","48185","13957","62142"
"2016-11-03 16:07","QuorumPeerTestBase.java","82047","24732","106779"
"2019-12-27 22:33","QuorumPeerTestBase.java","266682","181427","448109"
"2019-10-10 14:37","QuorumPeerTestBase.java","260659","180329","440988"
"2016-06-23 23:25","QuorumPeerTestBase.java","79045","24218","103263"
"2014-07-18 20:48","QuorumPeerTestBase.java","64524","20692","85216"
"2014-08-19 22:50","QuorumPeerTestBase.java","65644","20837","86481"
"2019-07-12 17:01","QuorumPeerTestBase.java","252219","180329","432548"
"2017-01-13 19:29","QuorumPeerTestBase.java","86048","25315","111363"
"2015-03-17 18:06","QuorumPeerTestBase.java","70497","21151","91648"
"2019-08-17 17:13","QuorumPeerTestBase.java","256906","180329","437235"
"2017-11-28 00:10","QuorumPeerTestBase.java","90410","28160","118570"
"2014-01-21 04:50","QuorumPeerTestBase.java","45493","13721","59214"
"2017-12-16 01:25","QuorumPeerTestBase.java","90615","28321","118936"
"2014-07-18 02:19","QuorumPeerTestBase.java","64029","20656","84685"
"2013-03-07 07:01","QuorumPeerTestBase.java","37540","12918","50458"
"2018-10-12 10:25","QuorumPeerTestBase.java","233771","149071","382842"
"2012-07-17 23:25","QuorumPeerTestBase.java","24931","10750","35681"
"2019-09-18 11:20","QuorumZxidSyncTest.java","258186","226742","484928"
"2019-08-17 17:13","QuorumZxidSyncTest.java","255274","226742","482016"
"2011-04-12 09:14","FLERestartTest.java","59741","22852","82593"
"2010-03-31 06:26","FLERestartTest.java","40968","14591","55559"
"2011-09-17 02:13","FLERestartTest.java","71315","24451","95766"
"2010-03-13 01:06","FLERestartTest.java","39382","13252","52634"
"2019-10-10 14:37","FLERestartTest.java","261253","142084","403337"
"2019-08-17 17:13","FLERestartTest.java","257500","142084","399584"
"2019-07-12 17:01","FLERestartTest.java","252813","142084","394897"
"2017-09-11 18:55","FLERestartTest.java","131683","35943","167626"
"2019-08-17 17:13","ExpiryQueue.java","256104","214963","471067"
"2019-06-03 19:40","ExpiryQueue.java","241435","214963","456398"
"2016-11-24 17:18","PurgeTxnLog.java","33336","10744","44080"
"2020-01-30 09:43","PurgeTxnLog.java","268068","205289","473357"
"2017-07-28 00:36","PurgeTxnLog.java","37056","16186","53242"
"2019-08-17 17:13","PurgeTxnLog.java","256154","203849","460003"
"2019-10-10 14:37","PurgeTxnLog.java","259907","203849","463756"
"2015-11-08 22:21","PurgeTxnLog.java","21598","5265","26863"
"2019-11-28 12:24","PurgeTxnLog.java","262499","205288","467787"
"2015-11-22 00:33","PurgeTxnLog.java","22154","5408","27562"
"2017-01-23 02:13","PurgeTxnLog.java","35060","11086","46146"
"2019-08-17 17:13","Leader.java","256659","175294","431953"
"2019-06-29 00:33","Leader.java","244646","175294","419940"
"2019-06-03 19:40","Leader.java","241990","175294","417284"
"2014-05-20 23:42","Leader.java","44550","15341","59891"
"2019-07-15 14:15","Leader.java","252078","175294","427372"
"2015-03-17 18:06","Leader.java","58130","16684","74814"
"2019-07-25 21:41","Leader.java","253142","175294","428436"
"2018-05-10 06:00","Leader.java","84287","26948","111235"
"2018-07-12 01:33","Leader.java","92978","34706","127684"
"2018-02-07 01:05","Leader.java","81936","26731","108667"
"2017-11-28 00:10","Leader.java","80749","26399","107148"
"2019-06-05 00:33","Leader.java","242380","175294","417674"
"2015-04-10 22:22","Leader.java","59215","16701","75916"
"2019-08-03 08:42","Leader.java","257367","175294","432661"
"2019-06-05 23:57","Leader.java","242649","175294","417943"
"2012-12-08 00:38","Leader.java","16018","5929","21947"
"2013-10-07 21:08","Leader.java","28142","8604","36746"
"2012-12-31 02:38","Leader.java","18983","6773","25756"
"2017-01-13 19:29","Leader.java","75263","22430","97693"
"2012-07-05 18:01","Leader.java","10035","4872","14907"
"2019-01-07 14:55","Leader.java","231473","175217","406690"
"2019-04-12 19:01","Leader.java","238466","175294","413760"
"2018-12-09 03:16","Leader.java","229240","175217","404457"
"2018-08-17 14:40","Leader.java","146978","86410","233388"
"2019-11-29 14:49","Leader.java","264521","176599","441120"
"2013-03-07 07:01","Leader.java","24724","8002","32726"
"2018-11-27 10:02","Leader.java","226916","175217","402133"
"2015-02-06 06:17","Leader.java","56752","16528","73280"
"2012-02-27 03:41","Leader.java","5080","2281","7361"
"2017-02-15 23:04","Leader.java","74161","24284","98445"
"2014-07-18 02:19","Leader.java","51550","16077","67627"
"2012-01-04 01:15","Leader.java","3647","1726","5373"
"2011-12-28 01:26","Leader.java","3410","1642","5052"
"2018-08-29 06:26","Leader.java","164759","103983","268742"
"2018-08-03 18:52","Leader.java","104697","44927","149624"
"2013-05-14 14:27","Leader.java","24879","8032","32911"
"2012-02-06 09:40","Leader.java","4457","1899","6356"
"2017-09-11 18:55","Leader.java","76581","26088","102669"
"2018-09-18 01:00","Leader.java","172523","109177","281700"
"2012-01-14 00:28","Leader.java","3752","1733","5485"
"2012-01-06 02:32","Leader.java","3652","1730","5382"
"2012-03-15 17:47","Leader.java","6102","2324","8426"
"2016-12-20 14:47","Leader.java","74395","22404","96799"
"2014-07-20 04:50","Leader.java","52137","16143","68280"
"2014-06-10 00:19","Leader.java","45495","15352","60847"
"2016-06-23 23:25","Leader.java","68022","21095","89117"
"2016-06-23 23:45","Leader.java","68129","21094","89223"
"2020-03-25 03:38","Leader.java","270749","176599","447348"
"2014-03-23 04:12","Leader.java","35370","9278","44648"
"2019-12-27 22:33","Leader.java","266642","176599","443241"
"2016-08-13 15:01","Leader.java","69097","21367","90464"
"2013-10-21 23:36","Leader.java","31077","8797","39874"
"2019-10-10 14:37","Leader.java","260412","175294","435706"
"2013-11-07 06:41","Leader.java","31579","8868","40447"
"2020-03-25 03:38","ZooKeeperServer.java","8020","3913","11933"
"2020-04-12 11:14","ZooKeeperServer.java","9466","4606","14072"
"2020-03-25 03:38","ZooKeeperServerBean.java","75270","39212","114482"
"2019-11-14 03:54","ZooKeeperServerBean.java","63657","32375","96032"
"2019-09-16 23:26","ZooKeeperServerBean.java","57642","31350","88992"
"2020-04-30 18:53","ZooKeeperServerBean.java","76777","39819","116596"
"2019-07-08 23:26","ZooKeeperServerBean.java","17649","5600","23249"
"2019-08-17 17:13","ZooKeeperServerBean.java","53344","30071","83415"
"2019-05-22 11:39","ZooKeeperServerBean.java","10239","1766","12005"
"2019-07-30 02:31","ZooKeeperServerBean.java","29458","8264","37722"
"2020-03-19 17:09","Learner.java","24018","12029","36047"
"2020-02-03 04:30","Learner.java","22378","11894","34272"
"2020-01-23 13:43","Learner.java","21704","11777","33481"
"2020-03-25 03:38","Learner.java","24918","12133","37051"
"2019-11-28 12:24","Learner.java","14222","9316","23538"
"2019-12-27 22:33","Learner.java","18682","10004","28686"
"2020-01-25 18:48","Learner.java","21900","11783","33683"
"2020-05-03 19:43","Learner.java","26585","12864","39449"
"2019-10-10 14:37","Learner.java","7470","3717","11187"
"2019-08-23 19:43","Learner.java","669","3","672"
"2019-11-29 14:49","Learner.java","16330","9773","26103"
"2020-03-25 03:38","ZooKeeperServerBean.java","60801","36792","97593"
"2019-11-14 03:54","ZooKeeperServerBean.java","48693","29460","78153"
"2019-09-16 23:26","ZooKeeperServerBean.java","42576","28333","70909"
"2020-04-30 18:53","ZooKeeperServerBean.java","62373","37464","99837"
"2019-08-17 17:13","ZooKeeperServerBean.java","37963","26739","64702"
"2019-07-30 02:31","ZooKeeperServerBean.java","11924","2779","14703"
"2019-08-17 17:13","Vote.java","256154","206595","462749"
"2018-12-06 10:56","Vote.java","226572","206485","433057"
"2019-12-27 22:33","FileTxnSnapLog.java","42830","33459","76289"
"2019-10-10 14:37","FileTxnSnapLog.java","31893","27447","59340"
"2019-12-13 08:51","FileTxnSnapLog.java","40712","33304","74016"
"2020-01-23 16:46","FileTxnSnapLog.java","45572","34952","80524"
"2020-01-28 17:26","FileTxnSnapLog.java","46122","35031","81153"
"2019-09-02 08:23","FileTxnSnapLog.java","27272","25922","53194"
"2020-01-30 09:43","FileTxnSnapLog.java","46222","35055","81277"
"2019-08-17 17:13","FileTxnSnapLog.java","25455","24762","50217"
"2019-08-17 17:13","Vote.java","65934","36462","102396"
"2020-01-30 09:43","PurgeTxnLog.java","15040","8319","23359"
"2019-11-28 12:24","PurgeTxnLog.java","6767","5614","12381"
"2019-08-17 17:13","QuorumPeerConfigTest.java","47204","29721","76925"
"2020-05-14 18:18","QuorumPeerConfigTest.java","74210","42862","117072"
"2019-11-28 12:24","DataTree.java","262621","194788","457409"
"2019-10-10 14:37","DataTree.java","260122","193442","453564"
"2019-12-27 22:33","DataTree.java","266393","194788","461181"
"2015-06-06 03:48","DataTree.java","37343","11896","49239"
"2019-11-11 13:59","DataTree.java","263807","193470","457277"
"2018-07-10 13:29","DataTree.java","72078","32422","104500"
"2014-04-17 08:47","DataTree.java","18055","8479","26534"
"2014-04-29 02:23","DataTree.java","18767","8485","27252"
"2018-09-28 23:38","DataTree.java","159399","111917","271316"
"2019-11-08 17:30","DataTree.java","262011","193470","455481"
"2019-01-30 16:28","DataTree.java","233382","193344","426726"
"2019-01-30 17:02","DataTree.java","233926","193344","427270"
"2016-11-24 17:18","DataTree.java","51561","18347","69908"
"2017-09-11 18:55","DataTree.java","55428","23373","78801"
"2017-02-05 07:22","DataTree.java","53223","18570","71793"
"2014-07-18 02:19","DataTree.java","27111","10076","37187"
"2019-02-07 11:26","DataTree.java","234604","193345","427949"
"2018-09-04 11:54","DataTree.java","154056","111658","265714"
"2018-09-05 22:35","DataTree.java","154331","111677","266008"
"2018-12-20 15:17","DataTree.java","229870","193343","423213"
"2019-09-10 09:53","DataTree.java","257418","193442","450860"
"2019-04-12 19:01","DataTree.java","238160","193426","431586"
"2019-07-31 19:06","DataTree.java","255676","193442","449118"
"2019-09-11 10:27","DataTree.java","257725","193442","451167"
"2013-10-22 12:54","DataTree.java","4691","622","5313"
"2016-03-23 00:30","DataTree.java","43254","16368","59622"
"2019-08-01 07:31","DataTree.java","257040","193442","450482"
"2014-01-24 07:18","DataTree.java","7977","960","8937"
"2019-08-17 17:13","DataTree.java","256369","193442","449811"
"2019-09-10 15:21","DataTree.java","257412","193442","450854"
"2015-06-04 19:51","DataTree.java","37231","11889","49120"
"2016-10-07 21:51","DataTree.java","48002","17609","65611"
"2017-06-18 19:23","DataTree.java","53800","22059","75859"
"2019-04-12 12:29","DataTree.java","237729","193426","431155"
"2019-08-03 08:42","DataTree.java","257077","193442","450519"
"2019-08-09 16:15","DataTree.java","257825","193442","451267"
"2016-11-13 20:59","DataTree.java","50391","17745","68136"
"2019-04-29 16:49","DataTree.java","240190","193426","433616"
"2011-04-12 09:14","RootTest.java","27319","15498","42817"
"2010-08-17 09:24","RootTest.java","19284","1868","21152"
"2015-07-07 07:11","RootTest.java","99820","33962","133782"
"2019-12-27 22:33","QuorumPeerTestBase.java","47617","34252","81869"
"2019-10-10 14:37","QuorumPeerTestBase.java","36740","28300","65040"
"2019-08-17 17:13","QuorumPeerTestBase.java","30536","25849","56385"
"2018-05-10 00:14","QuorumPeerMainTest.java","3169","570","3739"
"2018-10-05 14:25","QuorumPeerMainTest.java","218205","205932","424137"
"2018-07-17 10:41","QuorumPeerMainTest.java","26076","21830","47906"
"2018-07-27 12:32","QuorumPeerMainTest.java","26723","21966","48689"
"2020-01-23 13:43","QuorumPeerMainTest.java","266775","229990","496765"
"2019-10-10 14:37","QuorumPeerMainTest.java","258830","228219","487049"
"2019-12-28 16:17","QuorumPeerMainTest.java","265432","229989","495421"
"2018-04-30 06:34","QuorumPeerMainTest.java","2481","513","2994"
"2019-07-25 21:41","QuorumPeerMainTest.java","251559","228218","479777"
"2019-08-17 17:13","QuorumPeerMainTest.java","255076","228218","483294"
"2018-02-23 23:49","QuorumPeerMainTest.java","1228","186","1414"
"2019-07-02 07:34","QuorumPeerMainTest.java","243018","228217","471235"
"2019-05-20 17:18","QuorumPeerMainTest.java","239849","228200","468049"
"2018-10-16 16:22","QuorumPeerMainTest.java","231191","205936","437127"
"2018-08-29 06:26","QuorumPeerMainTest.java","101350","95081","196431"
"2018-08-03 18:52","QuorumPeerMainTest.java","27401","22138","49539"
"2018-09-11 15:23","QuorumPeerMainTest.java","108389","100805","209194"
"2019-10-10 14:37","StandaloneDisabledTest.java","259018","224255","483273"
"2018-05-21 20:11","StandaloneDisabledTest.java","11764","4787","16551"
"2019-06-03 19:40","StandaloneDisabledTest.java","240595","224254","464849"
"2019-08-17 17:13","StandaloneDisabledTest.java","255265","224255","479520"
"2019-08-17 17:13","Leader.java","256650","177304","433954"
"2019-06-29 00:33","Leader.java","244637","177304","421941"
"2019-06-03 19:40","Leader.java","241981","177304","419285"
"2014-05-20 23:42","Leader.java","41415","14225","55640"
"2019-07-15 14:15","Leader.java","252069","177304","429373"
"2015-03-17 18:06","Leader.java","55017","15590","70607"
"2019-07-25 21:41","Leader.java","253133","177304","430437"
"2018-05-10 06:00","Leader.java","81519","26199","107718"
"2018-07-12 01:33","Leader.java","90320","34067","124387"
"2018-02-07 01:05","Leader.java","79122","25936","105058"
"2017-11-28 00:10","Leader.java","77887","25556","103443"
"2019-06-05 00:33","Leader.java","242371","177304","419675"
"2015-04-10 22:22","Leader.java","56114","15619","71733"
"2019-08-03 08:42","Leader.java","257358","177304","434662"
"2019-06-05 23:57","Leader.java","242640","177304","419944"
"2012-12-08 00:38","Leader.java","12388","4318","16706"
"2013-10-07 21:08","Leader.java","24592","7073","31665"
"2012-12-31 02:38","Leader.java","15352","5161","20513"
"2017-01-13 19:29","Leader.java","72262","21448","93710"
"2012-07-05 18:01","Leader.java","6388","3244","9632"
"2019-01-07 14:55","Leader.java","231463","177226","408689"
"2019-04-12 19:01","Leader.java","238457","177304","415761"
"2018-12-09 03:16","Leader.java","229229","177225","406454"
"2018-08-17 14:40","Leader.java","145058","86509","231567"
"2019-11-29 14:49","Leader.java","264515","178612","443127"
"2013-03-07 07:01","Leader.java","21114","6411","27525"
"2018-11-27 10:02","Leader.java","226905","177225","404130"
"2015-02-06 06:17","Leader.java","53637","15432","69069"
"2012-02-27 03:41","Leader.java","1372","592","1964"
"2017-02-15 23:04","Leader.java","71292","23434","94726"
"2014-07-18 02:19","Leader.java","48424","14970","63394"
"2018-08-29 06:26","Leader.java","162858","104101","266959"
"2018-08-03 18:52","Leader.java","102040","44289","146329"
"2013-05-14 14:27","Leader.java","21285","6457","27742"
"2012-02-06 09:40","Leader.java","742","203","945"
"2017-09-11 18:55","Leader.java","73715","25241","98956"
"2018-09-18 01:00","Leader.java","170622","109295","279917"
"2012-03-15 17:47","Leader.java","2404","645","3049"
"2016-12-20 14:47","Leader.java","71392","21420","92812"
"2014-07-20 04:50","Leader.java","49011","15036","64047"
"2014-06-10 00:19","Leader.java","42361","14237","56598"
"2016-06-23 23:25","Leader.java","64982","20074","85056"
"2016-06-23 23:45","Leader.java","65089","20073","85162"
"2020-03-25 03:38","Leader.java","270743","178612","449355"
"2014-03-23 04:12","Leader.java","31890","7817","39707"
"2019-12-27 22:33","Leader.java","266636","178612","445248"
"2016-08-13 15:01","Leader.java","66082","20371","86453"
"2013-10-21 23:36","Leader.java","27563","7302","34865"
"2019-10-10 14:37","Leader.java","260403","177304","437707"
"2013-11-07 06:41","Leader.java","28066","7374","35440"
"2020-02-16 10:25","QuorumPeerMainMultiAddressTest.java","8112","4029","12141"
"2019-08-17 17:13","Leader.java","256650","177207","433857"
"2019-06-29 00:33","Leader.java","244637","177207","421844"
"2019-06-03 19:40","Leader.java","241981","177207","419188"
"2014-05-20 23:42","Leader.java","41512","14225","55737"
"2019-07-15 14:15","Leader.java","252069","177207","429276"
"2015-03-17 18:06","Leader.java","55112","15588","70700"
"2019-07-25 21:41","Leader.java","253133","177207","430340"
"2018-05-10 06:00","Leader.java","81609","26192","107801"
"2018-07-12 01:33","Leader.java","90410","34060","124470"
"2018-02-07 01:05","Leader.java","79212","25929","105141"
"2017-11-28 00:10","Leader.java","77977","25549","103526"
"2019-06-05 00:33","Leader.java","242371","177207","419578"
"2015-04-10 22:22","Leader.java","56209","15617","71826"
"2019-08-03 08:42","Leader.java","257358","177207","434565"
"2019-06-05 23:57","Leader.java","242640","177207","419847"
"2012-12-08 00:38","Leader.java","12487","4320","16807"
"2013-10-07 21:08","Leader.java","24690","7074","31764"
"2012-12-31 02:38","Leader.java","15451","5163","20614"
"2017-01-13 19:29","Leader.java","72354","21443","93797"
"2012-07-05 18:01","Leader.java","6488","3247","9735"
"2019-01-07 14:55","Leader.java","231463","177129","408592"
"2019-04-12 19:01","Leader.java","238457","177207","415664"
"2018-12-09 03:16","Leader.java","229229","177128","406357"
"2018-08-17 14:40","Leader.java","145148","86502","231650"
"2019-11-29 14:49","Leader.java","264515","178515","443030"
"2013-03-07 07:01","Leader.java","21212","6412","27624"
"2018-11-27 10:02","Leader.java","226905","177128","404033"
"2015-02-06 06:17","Leader.java","53732","15430","69162"
"2012-02-27 03:41","Leader.java","1472","595","2067"
"2017-02-15 23:04","Leader.java","71382","23427","94809"
"2014-07-18 02:19","Leader.java","48521","14970","63491"
"2018-08-29 06:26","Leader.java","162948","104094","267042"
"2018-08-03 18:52","Leader.java","102130","44282","146412"
"2013-05-14 14:27","Leader.java","21383","6458","27841"
"2012-02-06 09:40","Leader.java","845","209","1054"
"2017-09-11 18:55","Leader.java","73805","25234","99039"
"2018-09-18 01:00","Leader.java","170712","109288","280000"
"2012-01-14 00:28","Leader.java","103","6","109"
"2012-03-15 17:47","Leader.java","2504","648","3152"
"2016-12-20 14:47","Leader.java","71484","21415","92899"
"2014-07-20 04:50","Leader.java","49108","15036","64144"
"2014-06-10 00:19","Leader.java","42458","14237","56695"
"2016-06-23 23:25","Leader.java","65074","20069","85143"
"2016-06-23 23:45","Leader.java","65181","20068","85249"
"2020-03-25 03:38","Leader.java","270743","178515","449258"
"2014-03-23 04:12","Leader.java","31988","7818","39806"
"2019-12-27 22:33","Leader.java","266636","178515","445151"
"2016-08-13 15:01","Leader.java","66174","20366","86540"
"2013-10-21 23:36","Leader.java","27661","7303","34964"
"2019-10-10 14:37","Leader.java","260403","177207","437610"
"2013-11-07 06:41","Leader.java","28164","7375","35539"
"2019-08-17 17:13","ReconfigLegacyTest.java","255310","223360","478670"
"2019-06-03 19:40","ReconfigLegacyTest.java","240640","223359","463999"
"2016-11-13 20:59","ReconfigLegacyTest.java","1916","247","2163"
"2019-06-03 19:40","DigestAuthenticationProvider.java","242364","157928","400292"
"2019-08-17 17:13","DigestAuthenticationProvider.java","257033","157928","414961"
"2019-11-11 13:59","DigestAuthenticationProvider.java","264443","157928","422371"
"2010-08-18 08:24","DigestAuthenticationProvider.java","44718","15185","59903"
"2017-09-11 18:55","QuorumBase.java","129568","36110","165678"
"2012-04-23 01:20","QuorumBase.java","75762","27913","103675"
"2019-07-12 17:01","QuorumBase.java","252797","144483","397280"
"2012-12-11 08:42","QuorumBase.java","81646","28618","110264"
"2019-08-17 17:13","QuorumBase.java","257484","144483","401967"
"2019-08-01 07:31","QuorumBase.java","258155","144483","402638"
"2009-11-18 20:06","QuorumBase.java","12927","2924","15851"
"2018-08-08 06:21","QuorumBase.java","173070","69865","242935"
"2009-11-07 01:48","QuorumBase.java","4287","1902","6189"
"2009-12-15 23:23","QuorumBase.java","14364","3783","18147"
"2009-11-20 23:28","QuorumBase.java","13756","3474","17230"
"2019-10-10 14:37","QuorumBase.java","261237","144483","405720"
"2010-03-13 01:06","QuorumBase.java","36247","12532","48779"
"2020-03-25 03:38","QuorumBase.java","270915","145129","416044"
"2014-07-18 19:46","QuorumBase.java","110514","31849","142363"
"2010-07-23 06:22","QuorumBase.java","54198","16669","70867"
"2011-05-20 01:17","QuorumBase.java","57846","22553","80399"
"2010-05-05 22:32","QuorumBase.java","40121","16387","56508"
"2010-08-18 08:24","QuorumBase.java","60926","17497","78423"
"2013-10-09 22:21","QuorumBase.java","94650","29768","124418"
"2010-03-31 06:26","QuorumBase.java","38033","14071","52104"
"2014-06-25 19:25","QuorumBase.java","105106","31437","136543"
"2011-04-12 09:14","QuorumBase.java","56963","22489","79452"
"2015-12-06 21:37","ZooKeeperServerBean.java","157637","17291","174928"
"2015-12-07 06:26","ZooKeeperServerBean.java","157963","17291","175254"
"2020-03-25 03:38","ZooKeeperServerBean.java","270947","90558","361505"
"2010-03-12 19:26","ZooKeeperServerBean.java","87093","8786","95879"
"2019-11-14 03:54","ZooKeeperServerBean.java","265715","90102","355817"
"2019-09-16 23:26","ZooKeeperServerBean.java","260725","90102","350827"
"2018-06-08 16:52","ZooKeeperServerBean.java","172422","20133","192555"
"2020-04-30 18:53","ZooKeeperServerBean.java","271847","90558","362405"
"2019-01-23 14:00","ZooKeeperServerBean.java","234406","90075","324481"
"2019-07-08 23:26","ZooKeeperServerBean.java","246482","90102","336584"
"2015-07-10 08:19","ZooKeeperServerBean.java","156160","17214","173374"
"2017-04-28 07:14","ZooKeeperServerBean.java","164926","19665","184591"
"2019-01-14 19:38","ZooKeeperServerBean.java","232971","90075","323046"
"2012-02-11 00:34","ZooKeeperServerBean.java","111324","14094","125418"
"2019-01-07 14:39","ZooKeeperServerBean.java","232518","90075","322593"
"2015-03-17 18:06","ZooKeeperServerBean.java","153076","17144","170220"
"2019-08-17 17:13","ZooKeeperServerBean.java","257706","90102","347808"
"2018-02-07 01:05","ZooKeeperServerBean.java","169766","20075","189841"
"2018-07-12 01:33","ZooKeeperServerBean.java","179111","26353","205464"
"2019-05-22 11:39","ZooKeeperServerBean.java","242907","90103","333010"
"2019-07-30 02:31","ZooKeeperServerBean.java","255627","90102","345729"
"2020-03-26 18:41","ZooKeeperMain.java","270927","132387","403314"
"2016-10-16 14:21","ZooKeeperMain.java","134191","31778","165969"
"2011-05-20 01:17","ZooKeeperMain.java","70808","22764","93572"
"2011-04-12 09:14","ZooKeeperMain.java","69943","22718","92661"
"2020-04-01 17:02","ZooKeeperMain.java","271251","132387","403638"
"2013-10-01 23:18","ZooKeeperMain.java","100273","27602","127875"
"2019-10-10 14:37","ZooKeeperMain.java","261253","131748","393001"
"2015-11-22 00:33","ZooKeeperMain.java","129267","29927","159194"
"2020-03-26 22:19","ZooKeeperMain.java","270996","132387","403383"
"2011-08-18 22:05","ZooKeeperMain.java","74187","21230","95417"
"2011-05-16 19:39","ZooKeeperMain.java","70378","22762","93140"
"2015-11-08 22:54","ZooKeeperMain.java","128939","29892","158831"
"2016-07-27 01:33","ZooKeeperMain.java","132316","31451","163767"
"2014-04-04 00:39","ZooKeeperMain.java","108512","28022","136534"
"2019-11-28 12:24","ZooKeeperMain.java","263045","132387","395432"
"2016-11-13 20:59","ZooKeeperMain.java","136407","31789","168196"
"2019-08-03 08:42","ZooKeeperMain.java","258208","131748","389956"
"2012-03-18 07:03","ZooKeeperMain.java","83506","26237","109743"
"2017-07-28 00:36","ZooKeeperMain.java","136635","33171","169806"
"2016-05-02 18:15","ZooKeeperMain.java","131015","31416","162431"
"2015-03-28 20:08","ZooKeeperMain.java","125695","29726","155421"
"2019-08-17 17:13","ZooKeeperMain.java","257500","131748","389248"
"2009-06-10 01:03","ZooKeeperMain.java","1836","715","2551"
"2009-07-31 22:32","ZooKeeperMain.java","14307","3927","18234"
"2013-09-02 23:04","ZooKeeperMain.java","99396","27485","126881"
"2018-08-06 14:11","ZooKeeperMain.java","158307","44897","203204"
"2010-11-10 23:36","ZooKeeperMain.java","105957","18734","124691"
"2018-10-16 16:22","QuorumPeerConfig.java","237110","136149","373259"
"2012-04-23 01:20","QuorumPeerConfig.java","53690","27607","81297"
"2018-12-09 03:16","QuorumPeerConfig.java","229615","166930","396545"
"2019-04-12 19:01","QuorumPeerConfig.java","238823","166989","405812"
"2018-09-11 15:23","QuorumPeerConfig.java","186846","103556","290402"
"2013-03-07 07:01","QuorumPeerConfig.java","67262","29341","96603"
"2018-12-15 07:34","QuorumPeerConfig.java","229530","166930","396460"
"2019-02-13 13:12","QuorumPeerConfig.java","235916","166943","402859"
"2019-08-17 17:13","QuorumPeerConfig.java","257015","166988","424003"
"2015-03-17 18:06","QuorumPeerConfig.java","99442","36797","136239"
"2014-01-21 04:50","QuorumPeerConfig.java","75039","29968","105007"
"2012-12-16 07:43","QuorumPeerConfig.java","60155","28628","88783"
"2017-11-28 00:10","QuorumPeerConfig.java","117286","41737","159023"
"2019-06-05 00:29","QuorumPeerConfig.java","242682","166988","409670"
"2014-09-17 07:34","QuorumPeerConfig.java","95829","36637","132466"
"2020-01-09 11:27","QuorumPeerConfig.java","266165","168035","434200"
"2019-07-12 17:01","QuorumPeerConfig.java","252328","166988","419316"
"2016-11-13 20:59","QuorumPeerConfig.java","111519","39236","150755"
"2019-05-15 11:56","QuorumPeerConfig.java","241770","166989","408759"
"2014-08-19 22:50","QuorumPeerConfig.java","94743","36637","131380"
"2018-10-01 06:11","QuorumPeerConfig.java","190881","103757","294638"
"2017-07-28 00:36","QuorumPeerConfig.java","112597","41468","154065"
"2013-09-30 22:20","QuorumPeerConfig.java","69889","29583","99472"
"2017-07-06 18:48","QuorumPeerConfig.java","113462","41451","154913"
"2013-09-26 00:13","QuorumPeerConfig.java","69629","29567","99196"
"2020-01-23 13:43","QuorumPeerConfig.java","267989","168035","436024"
"2011-04-06 18:17","QuorumPeerConfig.java","30367","19031","49398"
"2010-03-12 19:26","QuorumPeerConfig.java","904","174","1078"
"2014-05-17 13:23","QuorumPeerConfig.java","85864","35898","121762"
"2014-07-04 04:19","QuorumPeerConfig.java","88570","36055","124625"
"2011-09-17 02:42","QuorumPeerConfig.java","45237","22296","67533"
"2016-06-23 19:42","QuorumPeerConfig.java","106622","38771","145393"
"2015-09-06 20:02","QuorumPeerConfig.java","103226","37069","140295"
"2015-09-29 03:56","QuorumPeerConfig.java","103439","37101","140540"
"2019-10-10 14:37","QuorumPeerConfig.java","260768","166988","427756"
"2018-07-27 12:32","QuorumPeerConfig.java","139090","58627","197717"
"2019-04-18 19:17","QuorumPeerConfig.java","239533","166989","406522"
"2016-11-03 16:07","QuorumPeerConfig.java","109836","39222","149058"
"2011-04-12 09:14","QuorumPeerConfig.java","31246","19746","50992"
"2014-03-25 22:13","QuorumPeerConfig.java","77667","30140","107807"
"2011-09-02 22:50","QuorumPeerConfig.java","43884","19333","63217"
"2013-10-09 22:21","QuorumPeerConfig.java","72988","29872","102860"
"2014-08-01 07:38","QuorumPeerConfig.java","94181","36610","130791"
"2014-08-14 08:08","QuorumPeerConfig.java","94602","36610","131212"
"2020-02-16 10:25","QuorumPeerConfig.java","268702","168035","436737"
"2020-05-14 18:18","QuorumPeerConfig.java","271929","168037","439966"
"2017-05-11 16:59","QuorumPeerConfig.java","112536","41392","153928"
"2020-05-17 15:13","RemoveWatchesTest.java","271665","201810","473475"
"2014-04-17 08:47","RemoveWatchesTest.java","10230","7671","17901"
"2014-04-29 02:23","RemoveWatchesTest.java","10994","7729","18723"
"2019-09-18 11:20","RemoveWatchesTest.java","259204","200382","459586"
"2015-07-07 07:11","RemoveWatchesTest.java","31537","12679","44216"
"2019-10-10 14:37","RemoveWatchesTest.java","260045","200382","460427"
"2019-06-03 19:40","RemoveWatchesTest.java","241623","200382","442005"
"2016-05-02 18:15","RemoveWatchesTest.java","36799","16189","52988"
"2019-08-17 17:13","RemoveWatchesTest.java","256292","200382","456674"
"2015-05-05 04:38","RemoveWatchesTest.java","28081","10848","38929"
"2011-07-01 00:53","PrepRequestProcessor.java","58946","22212","81158"
"2015-02-06 06:17","PrepRequestProcessor.java","112087","31283","143370"
"2012-02-06 10:39","PrepRequestProcessor.java","68585","25440","94025"
"2013-03-07 07:01","PrepRequestProcessor.java","85788","28486","114274"
"2019-02-07 11:26","PrepRequestProcessor.java","235470","146522","381992"
"2019-09-11 10:27","PrepRequestProcessor.java","258543","146571","405114"
"2018-07-19 05:59","PrepRequestProcessor.java","146957","47617","194574"
"2017-09-11 18:55","PrepRequestProcessor.java","126549","35476","162025"
"2019-01-16 14:21","PrepRequestProcessor.java","233117","146521","379638"
"2017-06-01 05:45","PrepRequestProcessor.java","125890","35281","161171"
"2012-04-14 02:32","PrepRequestProcessor.java","71419","26710","98129"
"2019-11-08 17:30","PrepRequestProcessor.java","262801","146571","409372"
"2016-11-13 20:59","PrepRequestProcessor.java","125357","33693","159050"
"2019-04-09 15:35","PrepRequestProcessor.java","238007","146534","384541"
"2019-04-17 14:16","PrepRequestProcessor.java","239259","146571","385830"
"2014-10-28 05:35","PrepRequestProcessor.java","110081","31216","141297"
"2019-05-10 12:22","PrepRequestProcessor.java","241694","146571","388265"
"2017-06-26 00:16","PrepRequestProcessor.java","126209","35322","161531"
"2019-02-07 11:22","PrepRequestProcessor.java","235132","146522","381654"
"2016-11-16 06:21","PrepRequestProcessor.java","125917","33706","159623"
"2019-08-01 07:31","PrepRequestProcessor.java","257858","146571","404429"
"2019-06-26 10:57","PrepRequestProcessor.java","245037","146571","391608"
"2009-11-12 23:48","PrepRequestProcessor.java","6079","874","6953"
"2014-01-24 07:18","PrepRequestProcessor.java","95135","29100","124235"
"2015-05-29 19:45","PrepRequestProcessor.java","115046","31451","146497"
"2016-10-07 21:51","PrepRequestProcessor.java","123089","33678","156767"
"2015-06-04 19:51","PrepRequestProcessor.java","115881","31521","147402"
"2019-08-17 17:13","PrepRequestProcessor.java","257187","146571","403758"
"2018-08-08 06:21","PrepRequestProcessor.java","170743","69923","240666"
"2018-05-09 23:57","PrepRequestProcessor.java","133364","35730","169094"
"2015-06-11 20:09","PrepRequestProcessor.java","116017","31531","147548"
"2019-12-27 22:33","PrepRequestProcessor.java","266804","147510","414314"
"2009-12-18 03:19","PrepRequestProcessor.java","11085","2615","13700"
"2009-12-11 21:24","PrepRequestProcessor.java","9761","1744","11505"
"2014-04-01 01:47","PrepRequestProcessor.java","96670","29372","126042"
"2019-10-10 14:37","PrepRequestProcessor.java","260940","146571","407511"
"2020-03-25 03:38","PrepRequestProcessor.java","270911","147510","418421"
"2010-01-25 04:28","PrepRequestProcessor.java","14527","3016","17543"
"2011-08-15 02:35","PrepRequestProcessor.java","60235","20293","80528"
"2014-07-25 01:31","PrepRequestProcessor.java","107949","31160","139109"
"2013-10-09 22:21","PrepRequestProcessor.java","91490","28993","120483"
"2010-08-18 08:24","PrepRequestProcessor.java","57233","16189","73422"
"2011-09-17 02:36","PrepRequestProcessor.java","65316","23147","88463"
"2014-04-29 02:23","PrepRequestProcessor.java","99805","30505","130310"
"2015-03-08 23:07","PrepRequestProcessor.java","112287","31309","143596"
"2014-07-22 06:51","PrepRequestProcessor.java","107714","31114","138828"
"2012-03-15 17:47","PrepRequestProcessor.java","69829","25471","95300"
"2011-04-12 09:14","PrepRequestProcessor.java","53413","21324","74737"
"2011-11-01 15:41","PrepRequestProcessor.java","65914","24953","90867"
"2011-10-28 00:58","PrepRequestProcessor.java","65697","24898","90595"
"2011-10-20 20:02","PrepRequestProcessor.java","65331","24751","90082"
"2011-10-17 16:59","PrepRequestProcessor.java","65196","23208","88404"
"2018-06-15 07:41","PrepRequestProcessor.java","134135","35749","169884"
"2012-12-19 19:16","PrepRequestProcessor.java","80867","28121","108988"
"2011-11-14 20:18","PrepRequestProcessor.java","66538","24942","91480"
"2019-08-17 17:13","MiniKdcTest.java","255079","228064","483143"
"2019-08-17 17:13","LearnerHandlerTest.java","38695","26689","65384"
"2019-09-18 11:20","ReconfigTest.java","49852","31442","81294"
"2019-08-17 17:13","ReconfigTest.java","45184","29686","74870"
"2019-11-29 14:49","ReconfigTest.java","59884","37829","97713"
"2016-09-09 00:10","LoadFromLogTest.java","39652","17192","56844"
"2019-10-10 14:37","LoadFromLogTest.java","260045","200520","460565"
"2019-08-17 17:13","LoadFromLogTest.java","256292","200520","456812"
"2019-06-07 14:13","LoadFromLogTest.java","242396","200520","442916"
"2017-12-06 23:14","LoadFromLogTest.java","52644","23956","76600"
"2019-04-10 13:19","SnapshotFormatter.java","6930","1184","8114"
"2019-08-06 12:57","SnapshotFormatter.java","34297","8741","43038"
"2019-08-17 17:13","SnapshotFormatter.java","54406","29928","84334"
"2019-12-27 22:33","SnapshotFormatter.java","70740","37584","108324"
"2019-11-28 12:24","SnapshotFormatter.java","66583","37199","103782"
"2019-12-28 16:17","CreateContainerTest.java","4926","1149","6075"
"2018-09-15 00:08","ZooKeeperServer.java","122734","107771","230505"
"2019-04-12 19:01","ZooKeeperServer.java","237675","222233","459908"
"2019-07-31 19:06","ZooKeeperServer.java","255194","222252","477446"
"2019-09-11 10:27","ZooKeeperServer.java","257243","222252","479495"
"2019-01-14 19:38","ZooKeeperServer.java","231060","222133","453193"
"2019-01-07 15:34","ZooKeeperServer.java","230661","222133","452794"
"2018-11-21 17:56","ZooKeeperServer.java","223856","222131","445987"
"2017-04-28 07:14","ZooKeeperServer.java","8570","5525","14095"
"2017-02-12 00:12","ZooKeeperServer.java","7513","5367","12880"
"2019-02-13 13:12","ZooKeeperServer.java","234736","222155","456891"
"2016-11-24 17:18","ZooKeeperServer.java","5489","1567","7056"
"2018-07-19 05:59","ZooKeeperServer.java","41484","30454","71938"
"2018-09-18 01:00","ZooKeeperServer.java","123494","107878","231372"
"2019-03-04 08:07","ZooKeeperServer.java","235314","222156","457470"
"2019-07-08 23:26","ZooKeeperServer.java","244662","222251","466913"
"2019-01-23 14:00","ZooKeeperServer.java","232496","222134","454630"
"2019-02-13 13:19","ZooKeeperServer.java","235022","222155","457177"
"2019-05-14 17:11","ZooKeeperServer.java","240535","222233","462768"
"2019-06-04 10:55","ZooKeeperServer.java","241370","222251","463621"
"2019-04-09 15:35","ZooKeeperServer.java","236650","222158","458808"
"2019-08-03 08:42","ZooKeeperServer.java","256595","222252","478847"
"2019-05-15 11:56","ZooKeeperServer.java","240622","222233","462855"
"2019-05-22 11:39","ZooKeeperServer.java","241069","222234","463303"
"2019-04-22 19:15","ZooKeeperServer.java","238650","222233","460883"
"2018-02-23 23:49","ZooKeeperServer.java","17432","9613","27045"
"2016-11-16 06:21","ZooKeeperServer.java","4888","987","5875"
"2017-08-18 06:32","ZooKeeperServer.java","10986","8401","19387"
"2017-06-26 00:16","ZooKeeperServer.java","9336","6759","16095"
"2019-09-10 04:26","ZooKeeperServer.java","256932","222252","479184"
"2019-08-17 17:13","ZooKeeperServer.java","255887","222252","478139"
"2019-09-05 23:12","ZooKeeperServer.java","256806","222252","479058"
"2019-09-10 15:21","ZooKeeperServer.java","256930","222252","479182"
"2019-08-01 07:31","ZooKeeperServer.java","256558","222252","478810"
"2019-08-01 07:28","ZooKeeperServer.java","256068","222252","478320"
"2019-06-03 19:40","ZooKeeperServer.java","241217","222251","463468"
"2019-11-23 17:08","ZooKeeperServer.java","262166","223830","485996"
"2019-10-09 16:49","ZooKeeperServer.java","259473","222252","481725"
"2019-07-03 00:44","ZooKeeperServer.java","243899","222251","466150"
"2018-01-19 01:12","ZooKeeperServer.java","16306","9529","25835"
"2019-07-24 18:00","ZooKeeperServer.java","252342","222252","474594"
"2018-08-08 06:21","ZooKeeperServer.java","90866","78356","169222"
"2018-05-09 23:57","ZooKeeperServer.java","19183","9859","29042"
"2019-12-27 22:33","ZooKeeperServer.java","266144","223831","489975"
"2018-09-11 00:17","ZooKeeperServer.java","121162","107748","228910"
"2019-11-18 09:05","ZooKeeperServer.java","260609","223830","484439"
"2019-10-10 14:37","ZooKeeperServer.java","259640","222252","481892"
"2019-09-16 23:26","ZooKeeperServer.java","258906","222252","481158"
"2017-06-23 18:39","ZooKeeperServer.java","9262","6665","15927"
"2019-12-03 10:01","ZooKeeperServer.java","264068","223830","487898"
"2020-03-25 03:38","ZooKeeperServer.java","270252","223832","494084"
"2019-11-28 12:24","ZooKeeperServer.java","262371","223830","486201"
"2019-11-06 15:21","ZooKeeperServer.java","259904","222300","482204"
"2020-04-12 11:14","ZooKeeperServer.java","271005","223832","494837"
"2018-06-08 16:52","ZooKeeperServer.java","20143","10070","30213"
"2018-06-15 07:41","ZooKeeperServer.java","20154","10078","30232"
"2018-07-28 04:37","ZooKeeperServer.java","42192","30586","72778"
"2019-04-18 19:17","ZooKeeperServer.java","238385","222233","460618"
"2019-08-17 17:13","QuorumBeanTest.java","111485","109882","221367"
"2020-02-16 10:25","QuorumPeerConfig.java","2509","1796","4305"
"2020-05-14 18:18","QuorumPeerConfig.java","10022","6084","16106"
"2019-10-10 14:37","FLERestartTest.java","7470","3717","11187"
"2018-09-15 00:08","ZooKeeperServer.java","1585","36","1621"
"2019-04-12 19:01","ZooKeeperServer.java","154089","152061","306150"
"2019-07-31 19:06","ZooKeeperServer.java","173506","153978","327484"
"2019-09-11 10:27","ZooKeeperServer.java","176575","154998","331573"
"2019-01-14 19:38","ZooKeeperServer.java","147229","151716","298945"
"2019-01-07 15:34","ZooKeeperServer.java","146830","151716","298546"
"2018-11-21 17:56","ZooKeeperServer.java","133745","145434","279179"
"2019-02-13 13:12","ZooKeeperServer.java","151036","151869","302905"
"2018-09-18 01:00","ZooKeeperServer.java","2359","157","2516"
"2019-03-04 08:07","ZooKeeperServer.java","151618","151874","303492"
"2019-07-08 23:26","ZooKeeperServer.java","162338","153341","315679"
"2019-01-23 14:00","ZooKeeperServer.java","148722","151774","300496"
"2019-02-13 13:19","ZooKeeperServer.java","151322","151869","303191"
"2019-05-14 17:11","ZooKeeperServer.java","156973","152085","309058"
"2019-06-04 10:55","ZooKeeperServer.java","157813","152108","309921"
"2019-04-09 15:35","ZooKeeperServer.java","153060","151982","305042"
"2019-08-03 08:42","ZooKeeperServer.java","174920","153991","328911"
"2019-05-15 11:56","ZooKeeperServer.java","157060","152085","309145"
"2019-05-22 11:39","ZooKeeperServer.java","157509","152088","309597"
"2019-04-22 19:15","ZooKeeperServer.java","155064","152061","307125"
"2019-09-10 04:26","ZooKeeperServer.java","176260","154994","331254"
"2019-08-17 17:13","ZooKeeperServer.java","174233","154012","328245"
"2019-09-05 23:12","ZooKeeperServer.java","176134","154994","331128"
"2019-09-10 15:21","ZooKeeperServer.java","176258","154994","331252"
"2019-08-01 07:31","ZooKeeperServer.java","174870","153978","328848"
"2019-08-01 07:28","ZooKeeperServer.java","174380","153978","328358"
"2019-06-03 19:40","ZooKeeperServer.java","157660","152108","309768"
"2019-11-23 17:08","ZooKeeperServer.java","182112","157190","339302"
"2019-10-09 16:49","ZooKeeperServer.java","178808","155001","333809"
"2019-07-03 00:44","ZooKeeperServer.java","161575","153341","314916"
"2019-07-24 18:00","ZooKeeperServer.java","170020","153344","323364"
"2019-12-27 22:33","ZooKeeperServer.java","186102","157203","343305"
"2019-11-18 09:05","ZooKeeperServer.java","180359","156994","337353"
"2019-10-10 14:37","ZooKeeperServer.java","178988","155014","334002"
"2019-09-16 23:26","ZooKeeperServer.java","178238","154998","333236"
"2019-12-03 10:01","ZooKeeperServer.java","184014","157190","341204"
"2020-03-25 03:38","ZooKeeperServer.java","190350","157344","347694"
"2019-11-28 12:24","ZooKeeperServer.java","182317","157190","339507"
"2019-11-06 15:21","ZooKeeperServer.java","179258","155068","334326"
"2020-04-12 11:14","ZooKeeperServer.java","191348","157589","348937"
"2019-04-18 19:17","ZooKeeperServer.java","154799","152061","306860"
"2015-05-14 07:10","CnxManagerTest.java","77633","62494","140127"
"2020-03-12 14:47","CnxManagerTest.java","270001","216902","486903"
"2019-08-17 17:13","CnxManagerTest.java","256985","215829","472814"
"2019-06-03 19:40","CnxManagerTest.java","242316","215829","458145"
"2017-11-28 00:10","CnxManagerTest.java","95695","68935","164630"
"2019-07-12 17:01","CnxManagerTest.java","252298","215829","468127"
"2019-05-08 21:54","CnxManagerTest.java","241488","215830","457318"
"2019-08-06 12:52","CnxManagerTest.java","257958","215829","473787"
"2019-06-14 09:06","CnxManagerTest.java","244983","215829","460812"
"2013-03-07 07:01","CnxManagerTest.java","43556","54424","97980"
"2019-11-29 14:49","CnxManagerTest.java","264615","216902","481517"
"2011-04-29 18:12","CnxManagerTest.java","5820","42856","48676"
"2015-02-06 06:17","CnxManagerTest.java","74882","62248","137130"
"2010-11-17 15:59","CnxManagerTest.java","5032","2425","7457"
"2017-09-11 18:55","CnxManagerTest.java","91726","68823","160549"
"2010-10-20 00:32","CnxManagerTest.java","2948","1455","4403"
"2011-03-16 19:49","CnxManagerTest.java","6914","2812","9726"
"2011-04-12 09:14","CnxManagerTest.java","5374","42745","48119"
"2011-09-17 02:13","CnxManagerTest.java","20608","46581","67189"
"2011-09-14 06:32","CnxManagerTest.java","19807","43809","63616"
"2020-02-16 10:25","CnxManagerTest.java","268698","216902","485600"
"2014-06-25 15:04","CnxManagerTest.java","63951","61371","125322"
"2015-11-03 08:11","CnxManagerTest.java","81236","63581","144817"
"2019-10-10 14:37","CnxManagerTest.java","260738","215829","476567"
"2014-07-23 19:36","CnxManagerTest.java","70504","62018","132522"
"2019-08-17 17:13","ClientPortBindTest.java","255887","222020","477907"
"2017-01-14 06:32","ClientPortBindTest.java","6902","1562","8464"
"2018-10-08 14:33","ClientPortBindTest.java","229745","200438","430183"
"2019-10-10 14:37","ClientPortBindTest.java","259640","222020","481660"
"2019-08-17 17:13","WatchCommand.java","255276","226243","481519"
"2019-08-17 17:13","CommandOutputter.java","256151","210259","466410"
"2018-05-10 00:14","QuorumPeerMainTest.java","688","57","745"
"2018-10-05 14:25","QuorumPeerMainTest.java","217986","207681","425667"
"2018-07-17 10:41","QuorumPeerMainTest.java","23846","21568","45414"
"2018-07-27 12:32","QuorumPeerMainTest.java","24493","21704","46197"
"2020-01-23 13:43","QuorumPeerMainTest.java","266713","231896","498609"
"2019-10-10 14:37","QuorumPeerMainTest.java","258676","230033","488709"
"2019-12-28 16:17","QuorumPeerMainTest.java","265370","231895","497265"
"2019-07-25 21:41","QuorumPeerMainTest.java","251405","230032","481437"
"2019-08-17 17:13","QuorumPeerMainTest.java","254922","230032","484954"
"2019-07-02 07:34","QuorumPeerMainTest.java","242864","230031","472895"
"2019-05-20 17:18","QuorumPeerMainTest.java","239695","230014","469709"
"2018-10-16 16:22","QuorumPeerMainTest.java","230973","207686","438659"
"2018-08-29 06:26","QuorumPeerMainTest.java","99136","94835","193971"
"2018-08-03 18:52","QuorumPeerMainTest.java","25171","21876","47047"
"2018-09-11 15:23","QuorumPeerMainTest.java","106175","100559","206734"
"2019-05-14 17:11","SyncRequestProcessor.java","241854","146595","388449"
"2010-03-14 05:01","SyncRequestProcessor.java","32204","10890","43094"
"2019-06-05 00:46","SyncRequestProcessor.java","243047","146595","389642"
"2019-05-22 11:39","SyncRequestProcessor.java","242387","146595","388982"
"2013-09-30 22:20","SyncRequestProcessor.java","88346","28683","117029"
"2019-06-03 19:40","SyncRequestProcessor.java","242518","146595","389113"
"2019-08-17 17:13","SyncRequestProcessor.java","257187","146595","403782"
"2019-10-10 14:37","SyncRequestProcessor.java","260940","146595","407535"
"2013-10-24 20:41","SyncRequestProcessor.java","92171","28994","121165"
"2020-01-07 20:39","SyncRequestProcessor.java","267179","147534","414713"
"2020-03-25 03:38","SyncRequestProcessor.java","270911","147534","418445"
"2010-08-18 08:24","SyncRequestProcessor.java","57178","16158","73336"
"2015-03-08 23:07","SyncRequestProcessor.java","112240","31286","143526"
"2011-04-12 09:14","SyncRequestProcessor.java","53358","21293","74651"
"2019-04-30 18:08","SyncRequestProcessor.java","241023","146595","387618"
"2019-08-17 17:13","ZooKeeperCriticalThread.java","256089","215122","471211"
"2018-08-06 14:11","ZooKeeperCriticalThread.java","55657","36179","91836"
"2019-04-12 19:01","ZooKeeperCriticalThread.java","237879","215105","452984"
"2020-02-16 10:25","QuorumSSLTest.java","127304","115061","242365"
"2019-11-29 14:49","QuorumSSLTest.java","122062","113902","235964"
"2018-12-15 07:34","QuorumSSLTest.java","61890","87714","149604"
"2019-08-17 17:13","QuorumSSLTest.java","111485","109882","221367"
"2017-05-27 00:52","GetCommand.java","9371","6695","16066"
"2019-08-17 17:13","GetCommand.java","255887","221853","477740"
"2019-01-31 15:55","GetCommand.java","233428","221735","455163"
"2019-10-10 14:37","QuorumPeerMain.java","259018","223776","482794"
"2020-01-23 13:43","QuorumPeerMain.java","266807","225391","492198"
"2019-11-28 12:24","QuorumPeerMain.java","261784","225389","487173"
"2020-02-16 10:25","QuorumPeerMain.java","267520","225391","492911"
"2019-04-18 19:17","QuorumPeerMain.java","237763","223757","461520"
"2019-11-11 13:59","QuorumPeerMain.java","262723","223824","486547"
"2019-04-12 19:01","QuorumPeerMain.java","237053","223757","460810"
"2018-09-11 15:23","QuorumPeerMain.java","116080","103865","219945"
"2018-08-06 14:11","QuorumPeerMain.java","35930","25930","61860"
"2017-07-28 00:36","QuorumPeerMain.java","3037","2983","6020"
"2019-08-17 17:13","QuorumPeerMain.java","255265","223776","479041"
"2017-11-28 00:10","QuorumPeerMain.java","8241","3767","12008"
"2014-06-25 15:04","FastLeaderElection.java","155632","19250","174882"
"2018-12-06 10:56","FastLeaderElection.java","228210","73685","301895"
"2014-07-08 05:25","FastLeaderElection.java","157400","19382","176782"
"2014-07-18 20:48","FastLeaderElection.java","161502","19358","180860"
"2010-03-13 01:06","FastLeaderElection.java","107554","12843","120397"
"2014-03-23 04:12","FastLeaderElection.java","150280","17976","168256"
"2019-10-10 14:37","FastLeaderElection.java","261463","73713","335176"
"2013-10-21 23:36","FastLeaderElection.java","146356","17864","164220"
"2009-08-04 19:59","FastLeaderElection.java","79667","10565","90232"
"2009-08-11 23:09","FastLeaderElection.java","80804","10596","91400"
"2009-12-15 23:23","FastLeaderElection.java","93903","12326","106229"
"2019-09-30 23:22","FastLeaderElection.java","261090","73713","334803"
"2011-04-12 09:14","FastLeaderElection.java","120079","14609","134688"
"2014-07-20 04:50","FastLeaderElection.java","161571","19365","180936"
"2009-04-24 20:26","FastLeaderElection.java","49775","9491","59266"
"2010-07-05 21:50","FastLeaderElection.java","119401","13589","132990"
"2020-04-07 09:07","FastLeaderElection.java","271537","74166","345703"
"2012-03-20 01:33","FastLeaderElection.java","127046","16825","143871"
"2008-12-12 21:21","FastLeaderElection.java","20844","3915","24759"
"2019-01-18 03:42","FastLeaderElection.java","233707","73685","307392"
"2012-02-06 09:40","FastLeaderElection.java","125410","16640","142050"
"2017-09-11 18:55","FastLeaderElection.java","177180","20475","197655"
"2013-03-07 07:01","FastLeaderElection.java","140694","17760","158454"
"2018-08-29 06:26","FastLeaderElection.java","211987","44999","256986"
"2011-04-29 18:12","FastLeaderElection.java","120432","14627","135059"
"2015-02-06 06:17","FastLeaderElection.java","165893","19457","185350"
"2018-04-30 06:34","FastLeaderElection.java","183248","20561","203809"
"2009-06-30 22:47","FastLeaderElection.java","78811","10447","89258"
"2019-08-17 17:13","FastLeaderElection.java","257710","73713","331423"
"2019-08-02 20:08","FastLeaderElection.java","258491","73713","332204"
"2012-08-03 00:17","FastLeaderElection.java","129585","16876","146461"
"2017-01-13 19:29","FastLeaderElection.java","179045","20000","199045"
"2009-04-17 00:59","FastLeaderElection.java","41083","9401","50484"
"2011-06-14 07:14","FastLeaderElection.java","122079","14659","136738"
"2019-08-03 08:42","FastLeaderElection.java","258418","73713","332131"
"2019-08-17 17:13","ReferenceCountedACLCache.java","254922","229887","484809"
"2019-10-09 16:38","ReferenceCountedACLCache.java","258420","229888","488308"
"2019-10-10 14:37","ReferenceCountedACLCache.java","258676","229888","488564"
"2019-07-29 17:15","BinaryInputArchive.java","254059","185301","439360"
"2019-09-26 08:55","BinaryInputArchive.java","259783","185301","445084"
"2015-03-25 08:38","BinaryInputArchive.java","44487","13198","57685"
"2019-08-17 17:13","Leader.java","256502","178915","435417"
"2019-06-29 00:33","Leader.java","244489","178915","423404"
"2019-06-03 19:40","Leader.java","241833","178915","420748"
"2014-05-20 23:42","Leader.java","39227","13796","53023"
"2019-07-15 14:15","Leader.java","251921","178915","430836"
"2015-03-17 18:06","Leader.java","52845","15177","68022"
"2019-07-25 21:41","Leader.java","252985","178915","431900"
"2018-05-10 06:00","Leader.java","79542","25981","105523"
"2018-07-12 01:33","Leader.java","88425","33931","122356"
"2018-02-07 01:05","Leader.java","77141","25714","102855"
"2017-11-28 00:10","Leader.java","75892","25320","101212"
"2019-06-05 00:33","Leader.java","242223","178915","421138"
"2015-04-10 22:22","Leader.java","53942","15206","69148"
"2019-08-03 08:42","Leader.java","257210","178915","436125"
"2019-06-05 23:57","Leader.java","242492","178915","421407"
"2012-12-08 00:38","Leader.java","10070","3759","13829"
"2013-10-07 21:08","Leader.java","22376","6616","28992"
"2012-12-31 02:38","Leader.java","13055","4623","17678"
"2017-01-13 19:29","Leader.java","70197","21142","91339"
"2012-07-05 18:01","Leader.java","4007","2622","6629"
"2019-01-07 14:55","Leader.java","231299","178821","410120"
"2019-04-12 19:01","Leader.java","238293","178899","417192"
"2018-12-09 03:16","Leader.java","229065","178820","407885"
"2018-08-17 14:40","Leader.java","143178","86388","229566"
"2019-11-29 14:49","Leader.java","264369","180225","444594"
"2013-03-07 07:01","Leader.java","18849","5905","24754"
"2018-11-27 10:02","Leader.java","226741","178820","405561"
"2015-02-06 06:17","Leader.java","51459","15013","66472"
"2017-02-15 23:04","Leader.java","69287","23188","92475"
"2014-07-18 02:19","Leader.java","46243","14548","60791"
"2018-08-29 06:26","Leader.java","160989","103991","264980"
"2018-08-03 18:52","Leader.java","100146","44154","144300"
"2013-05-14 14:27","Leader.java","19025","5956","24981"
"2017-09-11 18:55","Leader.java","71717","25002","96719"
"2018-09-18 01:00","Leader.java","168755","109187","277942"
"2016-12-20 14:47","Leader.java","69327","21114","90441"
"2014-07-20 04:50","Leader.java","46832","14616","61448"
"2014-06-10 00:19","Leader.java","40173","13808","53981"
"2016-06-23 23:25","Leader.java","62907","19758","82665"
"2016-06-23 23:45","Leader.java","63014","19757","82771"
"2020-03-25 03:38","Leader.java","270597","180225","450822"
"2014-03-23 04:12","Leader.java","29692","7378","37070"
"2019-12-27 22:33","Leader.java","266490","180225","446715"
"2016-08-13 15:01","Leader.java","64007","20055","84062"
"2013-10-21 23:36","Leader.java","25364","6862","32226"
"2019-10-10 14:37","Leader.java","260255","178915","439170"
"2013-11-07 06:41","Leader.java","25868","6935","32803"
"2019-08-17 17:13","LearnerZooKeeperServer.java","256291","200804","457095"
"2016-08-13 15:01","LearnerZooKeeperServer.java","38466","16614","55080"
"2015-03-08 23:07","LearnerZooKeeperServer.java","24923","10403","35326"
"2014-02-12 17:00","LearnerHandler.java","25579","4758","30337"
"2014-03-23 04:12","LearnerHandler.java","26144","4936","31080"
"2019-10-10 14:37","LearnerHandler.java","260221","179987","440208"
"2015-06-05 20:38","LearnerHandler.java","52606","13707","66313"
"2015-06-05 20:51","LearnerHandler.java","52633","13707","66340"
"2015-06-12 23:02","LearnerHandler.java","52746","13722","66468"
"2013-09-26 14:05","LearnerHandler.java","18061","3931","21992"
"2019-07-03 20:54","LearnerHandler.java","244462","179987","424449"
"2013-06-28 23:22","LearnerHandler.java","17539","3839","21378"
"2018-09-18 01:00","LearnerHandler.java","166171","107709","273880"
"2013-05-14 14:27","LearnerHandler.java","15419","3456","18875"
"2018-08-03 18:52","LearnerHandler.java","97555","42669","140224"
"2018-12-09 03:16","LearnerHandler.java","229031","179892","408923"
"2019-04-12 19:01","LearnerHandler.java","238259","179971","418230"
"2013-03-07 07:01","LearnerHandler.java","15236","3398","18634"
"2017-11-28 00:10","LearnerHandler.java","73287","23821","97108"
"2019-06-29 00:33","LearnerHandler.java","244455","179987","424442"
"2013-05-11 15:35","LearnerHandler.java","15299","3413","18712"
"2019-07-25 21:41","LearnerHandler.java","252951","179987","432938"
"2019-08-23 19:43","LearnerHandler.java","257134","179987","437121"
"2019-08-17 17:13","LearnerHandler.java","256468","179987","436455"
"2017-06-26 00:16","LearnerHandler.java","68251","22828","91079"
"2017-08-03 20:28","LearnerHandler.java","68371","23300","91671"
"2012-07-29 07:02","LearnerHandler.java","1526","123","1649"
"2019-05-06 17:48","LearnerHandler.java","240765","179971","420736"
"2019-08-03 08:42","LearnerHandler.java","257176","179987","437163"
"2019-04-22 19:15","LearnerHandler.java","239234","179971","419205"
"2019-11-23 17:08","ZooKeeperServer.java","1810","253","2063"
"2019-12-27 22:33","ZooKeeperServer.java","6633","1099","7732"
"2019-12-03 10:01","ZooKeeperServer.java","4287","828","5115"
"2020-03-25 03:38","ZooKeeperServer.java","14564","4923","19487"
"2019-11-28 12:24","ZooKeeperServer.java","2078","316","2394"
"2020-04-12 11:14","ZooKeeperServer.java","16007","5613","21620"
"2014-02-12 17:00","LearnerHandler.java","8558","1437","9995"
"2014-03-23 04:12","LearnerHandler.java","9158","1650","10808"
"2019-10-10 14:37","LearnerHandler.java","260130","193596","453726"
"2015-06-05 20:38","LearnerHandler.java","37400","12201","49601"
"2015-06-05 20:51","LearnerHandler.java","37427","12201","49628"
"2015-06-12 23:02","LearnerHandler.java","37540","12216","49756"
"2013-09-26 14:05","LearnerHandler.java","896","466","1362"
"2019-07-03 20:54","LearnerHandler.java","244371","193596","437967"
"2018-09-18 01:00","LearnerHandler.java","156768","112006","268774"
"2018-08-03 18:52","LearnerHandler.java","84394","43208","127602"
"2018-12-09 03:16","LearnerHandler.java","228935","193496","422431"
"2019-04-12 19:01","LearnerHandler.java","238168","193580","431748"
"2017-11-28 00:10","LearnerHandler.java","59768","24002","83770"
"2019-06-29 00:33","LearnerHandler.java","244364","193596","437960"
"2019-07-25 21:41","LearnerHandler.java","252860","193596","446456"
"2019-08-23 19:43","LearnerHandler.java","257043","193596","450639"
"2019-08-17 17:13","LearnerHandler.java","256377","193596","449973"
"2017-06-26 00:16","LearnerHandler.java","54140","22417","76557"
"2017-08-03 20:28","LearnerHandler.java","54818","23447","78265"
"2019-05-06 17:48","LearnerHandler.java","240674","193580","434254"
"2019-08-03 08:42","LearnerHandler.java","257085","193596","450681"
"2019-04-22 19:15","LearnerHandler.java","239143","193580","432723"
"2019-08-17 17:13","Leader.java","256932","178405","435337"
"2019-06-29 00:33","Leader.java","244919","178405","423324"
"2019-06-03 19:40","Leader.java","242263","178405","420668"
"2014-05-20 23:42","Leader.java","59056","19997","79053"
"2019-07-15 14:15","Leader.java","252351","178405","430756"
"2015-03-17 18:06","Leader.java","72397","21101","93498"
"2019-07-25 21:41","Leader.java","253415","178405","431820"
"2018-05-10 06:00","Leader.java","95497","28308","123805"
"2018-07-12 01:33","Leader.java","104138","36016","140154"
"2018-02-07 01:05","Leader.java","93197","28142","121339"
"2017-11-28 00:10","Leader.java","92166","27966","120132"
"2019-06-05 00:33","Leader.java","242653","178405","421058"
"2015-04-10 22:22","Leader.java","73479","21115","94594"
"2011-06-14 07:14","Leader.java","2489","539","3028"
"2019-08-03 08:42","Leader.java","257640","178405","436045"
"2019-06-05 23:57","Leader.java","242922","178405","421327"
"2012-12-08 00:38","Leader.java","31560","11621","43181"
"2013-10-07 21:08","Leader.java","42799","13411","56210"
"2012-12-31 02:38","Leader.java","34535","12475","47010"
"2017-01-13 19:29","Leader.java","87856","25173","113029"
"2012-07-05 18:01","Leader.java","25836","10823","36659"
"2019-01-07 14:55","Leader.java","231757","178339","410096"
"2019-04-12 19:01","Leader.java","238740","178406","417146"
"2018-12-09 03:16","Leader.java","229524","178339","407863"
"2018-08-17 14:40","Leader.java","156980","86562","243542"
"2019-11-29 14:49","Leader.java","264583","179499","444082"
"2013-03-07 07:01","Leader.java","39549","12977","52526"
"2018-11-27 10:02","Leader.java","227200","178339","405539"
"2015-02-06 06:17","Leader.java","71041","20967","92008"
"2012-02-27 03:41","Leader.java","21004","8355","29359"
"2017-02-15 23:04","Leader.java","86496","26769","113265"
"2014-07-18 02:19","Leader.java","65966","20643","86609"
"2012-01-04 01:15","Leader.java","19712","7941","27653"
"2011-12-28 01:26","Leader.java","19519","7901","27420"
"2018-08-29 06:26","Leader.java","172781","102155","274936"
"2018-08-03 18:52","Leader.java","114860","45240","160100"
"2011-04-29 18:12","Leader.java","453","118","571"
"2013-05-14 14:27","Leader.java","39704","13007","52711"
"2012-02-06 09:40","Leader.java","20421","8013","28434"
"2017-09-11 18:55","Leader.java","88187","27844","116031"
"2018-09-18 01:00","Leader.java","180418","107222","287640"
"2011-10-20 20:02","Leader.java","16601","6751","23352"
"2012-01-14 00:28","Leader.java","19815","7946","27761"
"2012-01-06 02:32","Leader.java","19714","7942","27656"
"2012-03-15 17:47","Leader.java","22013","8385","30398"
"2011-09-22 07:42","Leader.java","16700","5058","21758"
"2016-12-20 14:47","Leader.java","86988","25147","112135"
"2014-07-20 04:50","Leader.java","66544","20700","87244"
"2014-06-10 00:19","Leader.java","60000","20007","80007"
"2016-06-23 23:25","Leader.java","80871","24094","104965"
"2016-06-23 23:45","Leader.java","80978","24093","105071"
"2020-03-25 03:38","Leader.java","270811","179499","450310"
"2014-03-23 04:12","Leader.java","49887","13945","63832"
"2019-12-27 22:33","Leader.java","266704","179499","446203"
"2016-08-13 15:01","Leader.java","81939","24359","106298"
"2013-10-21 23:36","Leader.java","45730","13600","59330"
"2019-10-10 14:37","Leader.java","260685","178405","439090"
"2013-11-07 06:41","Leader.java","46186","13625","59811"
"2015-10-18 19:00","QuorumPeer.java","103327","37135","140462"
"2018-12-20 15:13","QuorumPeer.java","230527","167144","397671"
"2019-05-16 16:25","QuorumPeer.java","241815","167203","409018"
"2018-10-16 16:22","QuorumPeer.java","237110","136363","373473"
"2019-06-14 09:06","QuorumPeer.java","245013","167202","412215"
"2010-03-16 23:25","QuorumPeer.java","839","278","1117"
"2018-12-07 12:41","QuorumPeer.java","227541","167144","394685"
"2012-04-23 01:20","QuorumPeer.java","53506","27637","81143"
"2012-07-17 23:19","QuorumPeer.java","54355","27714","82069"
"2019-03-11 19:47","QuorumPeer.java","236971","167160","404131"
"2012-02-27 03:41","QuorumPeer.java","49156","25372","74528"
"2014-07-18 02:19","QuorumPeer.java","93001","36543","129544"
"2019-02-13 13:12","QuorumPeer.java","235916","167157","403073"
"2011-04-29 18:12","QuorumPeer.java","31459","19838","51297"
"2019-04-12 19:01","QuorumPeer.java","238823","167203","406026"
"2018-12-09 03:16","QuorumPeer.java","229615","167144","396759"
"2018-09-11 15:23","QuorumPeer.java","186839","103763","290602"
"2019-11-29 14:49","QuorumPeer.java","264619","168249","432868"
"2013-03-07 07:01","QuorumPeer.java","67079","29372","96451"
"2018-12-15 07:34","QuorumPeer.java","229530","167144","396674"
"2018-11-27 10:02","QuorumPeer.java","227291","167144","394435"
"2018-09-18 01:00","QuorumPeer.java","188148","103817","291965"
"2012-02-06 09:40","QuorumPeer.java","48608","25065","73673"
"2019-06-03 19:40","QuorumPeer.java","242346","167202","409548"
"2019-07-15 14:15","QuorumPeer.java","252434","167202","419636"
"2015-03-17 18:06","QuorumPeer.java","99260","36829","136089"
"2019-07-03 00:44","QuorumPeer.java","245028","167202","412230"
"2019-08-17 17:13","QuorumPeer.java","257015","167202","424217"
"2015-06-27 02:03","QuorumPeer.java","102150","37030","139180"
"2017-11-28 00:10","QuorumPeer.java","117277","41942","159219"
"2014-01-21 04:50","QuorumPeer.java","74857","30000","104857"
"2014-06-04 22:07","QuorumPeer.java","86731","36073","122804"
"2018-01-30 08:02","QuorumPeer.java","117465","41977","159442"
"2019-05-15 11:56","QuorumPeer.java","241770","167203","408973"
"2019-06-05 00:33","QuorumPeer.java","242736","167202","409938"
"2019-05-20 23:13","QuorumPeer.java","241888","167203","409091"
"2019-06-04 10:55","QuorumPeer.java","242499","167202","409701"
"2019-07-12 17:01","QuorumPeer.java","252328","167202","419530"
"2020-01-09 11:27","QuorumPeer.java","266165","168249","434414"
"2017-02-09 11:40","QuorumPeer.java","113824","39713","153537"
"2011-06-14 07:14","QuorumPeer.java","33224","19988","53212"
"2017-07-06 18:48","QuorumPeer.java","113453","41656","155109"
"2018-10-01 06:11","QuorumPeer.java","190874","103964","294838"
"2015-04-09 20:16","QuorumPeer.java","100331","36837","137168"
"2013-10-07 21:08","QuorumPeer.java","70270","29747","100017"
"2013-09-30 22:20","QuorumPeer.java","69707","29615","99322"
"2018-07-04 17:11","QuorumPeer.java","128655","49606","178261"
"2019-12-17 13:48","QuorumPeer.java","265191","168249","433440"
"2015-12-07 05:59","QuorumPeer.java","104171","37221","141392"
"2020-01-23 13:43","QuorumPeer.java","267989","168249","436238"
"2016-06-23 23:45","QuorumPeer.java","106823","38803","145626"
"2011-05-03 19:57","QuorumPeer.java","31465","19840","51305"
"2016-06-23 23:25","QuorumPeer.java","106715","38803","145518"
"2010-03-12 19:26","QuorumPeer.java","676","160","836"
"2014-03-23 04:12","QuorumPeer.java","77249","30172","107421"
"2013-09-26 00:13","QuorumPeer.java","69447","29599","99046"
"2011-06-17 01:34","QuorumPeer.java","33368","20061","53429"
"2011-06-14 14:11","QuorumPeer.java","33252","19989","53241"
"2014-07-18 20:48","QuorumPeer.java","93489","36572","130061"
"2014-07-04 04:19","QuorumPeer.java","88388","36087","124475"
"2018-12-06 10:56","QuorumPeer.java","227485","167144","394629"
"2014-06-25 15:04","QuorumPeer.java","87234","36079","123313"
"2014-03-28 01:58","QuorumPeer.java","77670","30175","107845"
"2013-10-21 23:36","QuorumPeer.java","73168","29903","103071"
"2019-10-10 14:37","QuorumPeer.java","260768","167202","427970"
"2013-11-07 06:41","QuorumPeer.java","73623","29927","103550"
"2017-07-27 23:09","QuorumPeer.java","112475","41664","154139"
"2014-05-18 05:49","QuorumPeer.java","86227","36058","122285"
"2011-10-25 08:09","QuorumPeer.java","45153","24114","69267"
"2014-03-25 22:13","QuorumPeer.java","77485","30172","107657"
"2011-04-12 09:14","QuorumPeer.java","31032","19746","50778"
"2011-11-01 08:15","QuorumPeer.java","45461","24233","69694"
"2011-03-16 19:49","QuorumPeer.java","61763","9004","70767"
"2018-06-26 11:18","QuorumPeer.java","121195","42164","163359"
"2018-07-27 12:32","QuorumPeer.java","139083","58834","197917"
"2019-04-18 19:17","QuorumPeer.java","239533","167203","406736"
"2011-10-27 23:25","QuorumPeer.java","45369","24170","69539"
"2011-08-30 08:37","QuorumPeer.java","43247","19322","62569"
"2011-08-30 08:29","QuorumPeer.java","43229","19316","62545"
"2010-08-18 08:24","QuorumPeer.java","28072","7831","35903"
"2013-10-09 22:21","QuorumPeer.java","72806","29904","102710"
"2016-12-20 14:47","QuorumPeer.java","112603","39627","152230"
"2011-05-20 01:17","QuorumPeer.java","31972","19867","51839"
"2010-05-05 22:32","QuorumPeer.java","6259","5713","11972"
"2017-05-11 16:59","QuorumPeer.java","112527","41597","154124"
"2014-07-03 06:01","QuorumPeer.java","87966","36087","124053"
"2014-08-14 08:08","QuorumPeer.java","94420","36642","131062"
"2014-08-01 07:38","QuorumPeer.java","93999","36642","130641"
"2014-07-20 04:50","QuorumPeer.java","93570","36591","130161"
"2016-06-02 00:59","QuorumPeer.java","106346","38803","145149"
"2020-02-16 10:25","QuorumPeer.java","268702","168249","436951"
"2020-02-16 10:25","QuorumAuthTestBase.java","22565","11925","34490"
"2020-01-22 11:08","QuorumAuthTestBase.java","20092","11649","31741"
"2019-11-29 14:49","QuorumAuthTestBase.java","16330","9773","26103"
"2016-10-07 21:51","Op.java","42631","17326","59957"
"2015-06-04 19:51","Op.java","31796","11542","43338"
"2019-08-17 17:13","Op.java","256360","198521","454881"
"2019-06-26 10:57","Op.java","244210","198521","442731"
"2019-08-17 17:13","AsyncTest.java","257015","167976","424991"
"2017-09-11 18:55","AsyncTest.java","111393","40664","152057"
"2011-04-12 09:14","AsyncTest.java","27920","17408","45328"
"2016-08-24 01:36","AsyncTest.java","105643","37909","143552"
"2019-10-10 14:37","QuorumPeerMain.java","259904","210259","470163"
"2020-01-23 13:43","QuorumPeerMain.java","267519","211700","479219"
"2019-11-28 12:24","QuorumPeerMain.java","262497","211699","474196"
"2020-02-16 10:25","QuorumPeerMain.java","268232","211700","479932"
"2019-04-18 19:17","QuorumPeerMain.java","238652","210243","448895"
"2019-11-11 13:59","QuorumPeerMain.java","263589","210287","473876"
"2019-04-12 19:01","QuorumPeerMain.java","237942","210243","448185"
"2018-09-11 15:23","QuorumPeerMain.java","138856","112238","251094"
"2017-02-13 22:09","QuorumPeerMain.java","27206","12803","40009"
"2018-08-06 14:11","QuorumPeerMain.java","60645","36242","96887"
"2017-07-28 00:36","QuorumPeerMain.java","30121","15664","45785"
"2019-08-17 17:13","QuorumPeerMain.java","256151","210259","466410"
"2015-03-17 18:06","QuorumPeerMain.java","7608","1635","9243"
"2017-11-28 00:10","QuorumPeerMain.java","35212","16335","51547"
"2019-08-27 09:23","LeaderElectionAware.java","257497","172009","429506"
"2018-12-09 03:16","FollowerRequestProcessor.java","228841","200910","429751"
"2016-10-07 21:51","FollowerRequestProcessor.java","39817","17078","56895"
"2019-08-17 17:13","FollowerRequestProcessor.java","256291","201018","457309"
"2015-06-04 19:51","FollowerRequestProcessor.java","28928","11240","40168"
"2019-08-01 07:31","FollowerRequestProcessor.java","256962","201018","457980"
"2020-03-25 03:38","FollowerRequestProcessor.java","270494","202436","472930"
"2014-07-18 19:46","FollowerRequestProcessor.java","18716","9108","27824"
"2019-10-10 14:37","FollowerRequestProcessor.java","260044","201018","461062"
"2020-05-05 21:20","FollowerRequestProcessor.java","271525","202436","473961"
"2015-03-08 23:07","FollowerRequestProcessor.java","24675","10369","35044"
"2020-02-16 10:25","QuorumAuthTestBase.java","4154","1957","6111"
"2019-10-10 14:37","OSMXBeanTest.java","7470","3717","11187"
"2019-08-17 17:13","RemoveWatchesCmdTest.java","256271","202296","458567"
"2019-09-18 11:20","RemoveWatchesCmdTest.java","259183","202296","461479"
"2020-05-05 21:20","FollowerRequestProcessor.java","6441","5410","11851"
"2017-11-16 00:21","ZNodeName.java","150927","27645","178572"
"2011-04-12 09:14","ZNodeName.java","83817","17765","101582"
"2019-08-27 09:23","ZNodeName.java","258151","112979","371130"
"2020-01-21 18:14","ZNodeName.java","266263","113560","379823"
"2014-02-12 17:00","ZKDatabase.java","76163","30049","106212"
"2019-10-10 14:37","ZKDatabase.java","260768","167778","428546"
"2019-12-27 22:33","ZKDatabase.java","266740","168825","435565"
"2018-04-06 06:04","ZKDatabase.java","118110","42144","160254"
"2011-04-12 09:14","ZKDatabase.java","30384","19674","50058"
"2014-04-29 02:23","ZKDatabase.java","85055","35926","120981"
"2014-04-17 08:47","ZKDatabase.java","84346","35923","120269"
"2010-07-27 00:44","ZKDatabase.java","20236","6278","26514"
"2011-09-17 02:36","ZKDatabase.java","44228","22230","66458"
"2018-09-28 23:38","ZKDatabase.java","190478","104149","294627"
"2013-06-28 23:22","ZKDatabase.java","68568","29575","98143"
"2019-11-08 17:30","ZKDatabase.java","262629","167778","430407"
"2019-05-14 17:11","ZKDatabase.java","241683","167779","409462"
"2012-07-17 23:25","ZKDatabase.java","54386","27696","82082"
"2018-09-18 01:00","ZKDatabase.java","187757","104002","291759"
"2013-03-07 07:01","ZKDatabase.java","66499","29368","95867"
"2019-02-07 11:26","ZKDatabase.java","235291","167722","403013"
"2019-04-12 19:01","ZKDatabase.java","238823","167779","406602"
"2018-09-05 22:35","ZKDatabase.java","185447","103946","289393"
"2011-01-22 20:38","ZKDatabase.java","60602","8757","69359"
"2015-02-06 06:17","ZKDatabase.java","97451","36818","134269"
"2014-07-18 02:19","ZKDatabase.java","92470","36588","129058"
"2018-02-07 01:05","ZKDatabase.java","117733","42119","159852"
"2014-01-24 07:18","ZKDatabase.java","75880","30016","105896"
"2019-08-17 17:13","ZKDatabase.java","257015","167778","424793"
"2019-09-10 00:27","ZKDatabase.java","257955","167778","425733"
"2016-03-23 00:30","ZKDatabase.java","104549","38816","143365"
"2018-02-23 23:49","ZKDatabase.java","118098","42140","160238"
"2017-08-03 20:28","ZKDatabase.java","112138","41774","153912"
"2017-06-18 19:23","ZKDatabase.java","112280","41692","153972"
"2019-04-09 15:35","ZKDatabase.java","237831","167737","405568"
"2014-06-25 15:04","FastLeaderElection.java","157044","19654","176698"
"2018-12-06 10:56","FastLeaderElection.java","228210","72555","300765"
"2014-07-08 05:25","FastLeaderElection.java","158813","19787","178600"
"2014-07-18 20:48","FastLeaderElection.java","162917","19765","182682"
"2010-03-13 01:06","FastLeaderElection.java","109397","13556","122953"
"2014-03-23 04:12","FastLeaderElection.java","151692","18380","170072"
"2019-10-10 14:37","FastLeaderElection.java","261463","72583","334046"
"2013-10-21 23:36","FastLeaderElection.java","147767","18267","166034"
"2009-08-04 19:59","FastLeaderElection.java","81533","11301","92834"
"2009-08-11 23:09","FastLeaderElection.java","82668","11330","93998"
"2009-12-15 23:23","FastLeaderElection.java","95700","12993","108693"
"2019-09-30 23:22","FastLeaderElection.java","261090","72583","333673"
"2011-04-12 09:14","FastLeaderElection.java","121831","15231","137062"
"2014-07-20 04:50","FastLeaderElection.java","162986","19772","182758"
"2009-04-24 20:26","FastLeaderElection.java","51713","10299","62012"
"2010-07-05 21:50","FastLeaderElection.java","121146","14204","135350"
"2020-04-07 09:07","FastLeaderElection.java","271537","73036","344573"
"2012-03-20 01:33","FastLeaderElection.java","128471","17242","145713"
"2008-10-08 20:00","FastLeaderElection.java","3234","2104","5338"
"2008-12-12 21:21","FastLeaderElection.java","22814","4755","27569"
"2019-01-18 03:42","FastLeaderElection.java","233707","72555","306262"
"2012-02-06 09:40","FastLeaderElection.java","126838","17060","143898"
"2017-09-11 18:55","FastLeaderElection.java","178551","20838","199389"
"2013-03-07 07:01","FastLeaderElection.java","142107","18165","160272"
"2018-08-29 06:26","FastLeaderElection.java","212762","44766","257528"
"2011-04-29 18:12","FastLeaderElection.java","122183","15248","137431"
"2015-02-06 06:17","FastLeaderElection.java","167307","19863","187170"
"2018-04-30 06:34","FastLeaderElection.java","184620","20925","205545"
"2009-06-30 22:47","FastLeaderElection.java","80679","11185","91864"
"2019-08-17 17:13","FastLeaderElection.java","257710","72583","330293"
"2019-08-02 20:08","FastLeaderElection.java","258491","72583","331074"
"2012-08-03 00:17","FastLeaderElection.java","131009","17292","148301"
"2017-01-13 19:29","FastLeaderElection.java","180440","20387","200827"
"2009-04-17 00:59","FastLeaderElection.java","43024","10212","53236"
"2011-06-14 07:14","FastLeaderElection.java","123822","15272","139094"
"2019-08-03 08:42","FastLeaderElection.java","258418","72583","331001"
"2018-10-16 16:22","QuorumPeerConfig.java","236762","146986","383748"
"2012-04-23 01:20","QuorumPeerConfig.java","26140","11242","37382"
"2018-12-09 03:16","QuorumPeerConfig.java","229525","178176","407701"
"2019-04-12 19:01","QuorumPeerConfig.java","238741","178243","416984"
"2018-09-11 15:23","QuorumPeerConfig.java","179361","107256","286617"
"2013-03-07 07:01","QuorumPeerConfig.java","40153","13417","53570"
"2018-12-15 07:34","QuorumPeerConfig.java","229440","178176","407616"
"2019-02-13 13:12","QuorumPeerConfig.java","235826","178189","414015"
"2019-08-17 17:13","QuorumPeerConfig.java","256933","178242","435175"
"2015-03-17 18:06","QuorumPeerConfig.java","72959","21499","94458"
"2014-01-21 04:50","QuorumPeerConfig.java","48062","14176","62238"
"2012-12-16 07:43","QuorumPeerConfig.java","32680","12338","45018"
"2017-11-28 00:10","QuorumPeerConfig.java","92688","28324","121012"
"2019-06-05 00:29","QuorumPeerConfig.java","242600","178242","420842"
"2014-09-17 07:34","QuorumPeerConfig.java","69221","21214","90435"
"2020-01-09 11:27","QuorumPeerConfig.java","266129","179335","445464"
"2019-07-12 17:01","QuorumPeerConfig.java","252246","178242","430488"
"2016-11-13 20:59","QuorumPeerConfig.java","86089","24991","111080"
"2019-05-15 11:56","QuorumPeerConfig.java","241688","178243","419931"
"2014-08-19 22:50","QuorumPeerConfig.java","68135","21214","89349"
"2018-10-01 06:11","QuorumPeerConfig.java","183409","107470","290879"
"2017-07-28 00:36","QuorumPeerConfig.java","87955","28011","115966"
"2013-09-30 22:20","QuorumPeerConfig.java","42828","13707","56535"
"2017-07-06 18:48","QuorumPeerConfig.java","88820","27994","116814"
"2013-09-26 00:13","QuorumPeerConfig.java","42565","13688","56253"
"2020-01-23 13:43","QuorumPeerConfig.java","267953","179335","447288"
"2014-05-17 13:23","QuorumPeerConfig.java","59040","20259","79299"
"2014-07-04 04:19","QuorumPeerConfig.java","61769","20439","82208"
"2011-09-17 02:42","QuorumPeerConfig.java","17333","5577","22910"
"2016-06-23 19:42","QuorumPeerConfig.java","81143","24477","105620"
"2015-09-06 20:02","QuorumPeerConfig.java","77653","22681","100334"
"2015-09-29 03:56","QuorumPeerConfig.java","77868","22715","100583"
"2019-10-10 14:37","QuorumPeerConfig.java","260686","178242","438928"
"2018-07-27 12:32","QuorumPeerConfig.java","114833","45555","160388"
"2019-04-18 19:17","QuorumPeerConfig.java","239451","178243","417694"
"2016-11-03 16:07","QuorumPeerConfig.java","84401","24972","109373"
"2011-04-12 09:14","QuorumPeerConfig.java","966","802","1768"
"2014-03-25 22:13","QuorumPeerConfig.java","50714","14372","65086"
"2011-09-02 22:50","QuorumPeerConfig.java","15724","2358","18082"
"2013-10-09 22:21","QuorumPeerConfig.java","45950","14019","59969"
"2014-08-01 07:38","QuorumPeerConfig.java","67553","21167","88720"
"2014-08-14 08:08","QuorumPeerConfig.java","67973","21166","89139"
"2020-02-16 10:25","QuorumPeerConfig.java","268666","179335","448001"
"2020-05-14 18:18","QuorumPeerConfig.java","271893","179337","451230"
"2017-05-11 16:59","QuorumPeerConfig.java","87880","27921","115801"
"2011-04-12 09:14","Base.java","72010","20746","92756"
"2010-08-17 09:24","Base.java","73013","16154","89167"
"2015-07-07 07:11","Base.java","129600","27714","157314"
"2019-12-17 13:48","Zab1_0Test.java","59537","37739","97276"
"2019-12-27 22:33","Zab1_0Test.java","61187","37840","99027"
"2019-10-10 14:37","Zab1_0Test.java","50347","31925","82272"
"2019-08-17 17:13","Zab1_0Test.java","44192","29523","73715"
"2019-01-23 14:00","NettyServerCnxn.java","231885","226062","457947"
"2019-02-18 17:05","NettyServerCnxn.java","234438","226083","460521"
"2019-02-12 15:25","NettyServerCnxn.java","233984","226063","460047"
"2017-08-09 20:31","NettyServerCnxn.java","4551","6737","11288"
"2017-04-10 19:19","NettyServerCnxn.java","2196","3837","6033"
"2018-09-07 02:34","NettyServerCnxn.java","116264","107432","223696"
"2019-04-12 19:01","NettyServerCnxn.java","237064","226161","463225"
"2018-11-22 17:56","NettyServerCnxn.java","223853","226060","449913"
"2018-10-24 04:03","NettyServerCnxn.java","231687","204293","435980"
"2018-11-17 18:33","NettyServerCnxn.java","223230","226059","449289"
"2019-01-14 19:38","NettyServerCnxn.java","230449","226061","456510"
"2017-03-04 19:22","NettyServerCnxn.java","1833","3760","5593"
"2018-09-18 01:00","NettyServerCnxn.java","118643","107566","226209"
"2019-08-17 17:13","NettyServerCnxn.java","255276","226180","481456"
"2019-07-03 00:44","NettyServerCnxn.java","243288","226179","469467"
"2019-11-23 17:08","NettyServerCnxn.java","261581","227784","489365"
"2019-07-23 15:55","NettyServerCnxn.java","251284","226180","477464"
"2019-05-06 18:32","NettyServerCnxn.java","239611","226161","465772"
"2019-04-22 19:15","NettyServerCnxn.java","238039","226161","464200"
"2019-08-03 08:42","NettyServerCnxn.java","255984","226180","482164"
"2019-11-18 09:05","NettyServerCnxn.java","260024","227784","487808"
"2019-11-21 05:58","NettyServerCnxn.java","260047","227784","487831"
"2019-09-16 23:26","NettyServerCnxn.java","258295","226180","484475"
"2019-10-10 14:37","NettyServerCnxn.java","259029","226180","485209"
"2018-09-28 23:38","NettyServerCnxn.java","121899","108248","230147"
"2020-01-25 18:48","LearnerMetricsTest.java","21900","11783","33683"
"2019-10-10 14:37","LearnerMetricsTest.java","7470","3717","11187"
"2019-09-24 10:33","LearnerMetricsTest.java","5708","2472","8180"
"2019-09-11 10:27","SerializeUtils.java","258261","180473","438734"
"2013-03-07 07:01","SerializeUtils.java","37244","12760","50004"
"2011-07-01 00:53","SerializeUtils.java","3072","522","3594"
"2019-08-17 17:13","SerializeUtils.java","256905","180473","437378"
"2015-06-04 19:51","SerializeUtils.java","72778","21236","94014"
"2016-10-07 21:51","SerializeUtils.java","81180","24587","105767"
"2018-02-07 01:05","SerializeUtils.java","91298","28331","119629"
"2019-12-27 22:33","SerializeUtils.java","266681","181571","448252"
"2012-12-19 19:16","SerializeUtils.java","32141","12213","44354"
"2016-11-24 17:18","QuorumHierarchical.java","130219","34814","165033"
"2013-03-07 07:01","QuorumHierarchical.java","90140","29665","119805"
"2018-11-17 18:37","QuorumHierarchical.java","225521","143657","369178"
"2012-04-23 01:20","QuorumHierarchical.java","76878","28241","105119"
"2019-08-03 08:42","QuorumHierarchical.java","258198","143701","401899"
"2019-08-17 17:13","QuorumHierarchical.java","257490","143701","401191"
"2019-10-10 14:37","QuorumHierarchical.java","261243","143701","404944"
"2011-04-12 09:14","QuorumHierarchical.java","58101","22839","80940"
"2018-10-16 16:22","QuorumPeerConfig.java","237110","136879","373989"
"2012-04-23 01:20","QuorumPeerConfig.java","52966","27613","80579"
"2018-12-09 03:16","QuorumPeerConfig.java","229615","167660","397275"
"2019-04-12 19:01","QuorumPeerConfig.java","238823","167719","406542"
"2018-09-11 15:23","QuorumPeerConfig.java","186497","103937","290434"
"2013-03-07 07:01","QuorumPeerConfig.java","66572","29381","95953"
"2018-12-15 07:34","QuorumPeerConfig.java","229530","167660","397190"
"2019-02-13 13:12","QuorumPeerConfig.java","235916","167673","403589"
"2019-08-17 17:13","QuorumPeerConfig.java","257015","167718","424733"
"2015-03-17 18:06","QuorumPeerConfig.java","98810","36895","135705"
"2014-01-21 04:50","QuorumPeerConfig.java","74359","30018","104377"
"2012-12-16 07:43","QuorumPeerConfig.java","59431","28634","88065"
"2017-11-28 00:10","QuorumPeerConfig.java","116857","42038","158895"
"2019-06-05 00:29","QuorumPeerConfig.java","242682","167718","410400"
"2014-09-17 07:34","QuorumPeerConfig.java","95189","36727","131916"
"2020-01-09 11:27","QuorumPeerConfig.java","266165","168765","434930"
"2019-07-12 17:01","QuorumPeerConfig.java","252328","167718","420046"
"2016-11-13 20:59","QuorumPeerConfig.java","110890","39337","150227"
"2019-05-15 11:56","QuorumPeerConfig.java","241770","167719","409489"
"2014-08-19 22:50","QuorumPeerConfig.java","94103","36727","130830"
"2018-10-01 06:11","QuorumPeerConfig.java","190532","104138","294670"
"2017-07-28 00:36","QuorumPeerConfig.java","112168","41769","153937"
"2013-09-30 22:20","QuorumPeerConfig.java","69204","29628","98832"
"2017-07-06 18:48","QuorumPeerConfig.java","113033","41752","154785"
"2013-09-26 00:13","QuorumPeerConfig.java","68944","29612","98556"
"2020-01-23 13:43","QuorumPeerConfig.java","267989","168765","436754"
"2011-04-06 18:17","QuorumPeerConfig.java","29576","18970","48546"
"2014-05-17 13:23","QuorumPeerConfig.java","85194","35958","121152"
"2014-07-04 04:19","QuorumPeerConfig.java","87900","36115","124015"
"2011-09-17 02:42","QuorumPeerConfig.java","44481","22270","66751"
"2016-06-23 19:42","QuorumPeerConfig.java","105992","38871","144863"
"2015-09-06 20:02","QuorumPeerConfig.java","102596","37169","139765"
"2015-09-29 03:56","QuorumPeerConfig.java","102809","37201","140010"
"2019-10-10 14:37","QuorumPeerConfig.java","260768","167718","428486"
"2018-07-27 12:32","QuorumPeerConfig.java","138690","58957","197647"
"2019-04-18 19:17","QuorumPeerConfig.java","239533","167719","407252"
"2016-11-03 16:07","QuorumPeerConfig.java","109207","39323","148530"
"2011-04-12 09:14","QuorumPeerConfig.java","30457","19687","50144"
"2014-03-25 22:13","QuorumPeerConfig.java","76997","30200","107197"
"2011-09-02 22:50","QuorumPeerConfig.java","43105","19284","62389"
"2013-10-09 22:21","QuorumPeerConfig.java","72308","29922","102230"
"2014-08-01 07:38","QuorumPeerConfig.java","93541","36700","130241"
"2014-08-14 08:08","QuorumPeerConfig.java","93962","36700","130662"
"2020-02-16 10:25","QuorumPeerConfig.java","268702","168765","437467"
"2020-05-14 18:18","QuorumPeerConfig.java","271929","168767","440696"
"2017-05-11 16:59","QuorumPeerConfig.java","112107","41693","153800"
"2019-08-17 17:13","SaslTestUtil.java","29313","25768","55081"
"2015-10-18 19:00","QuorumPeer.java","103242","37136","140378"
"2018-12-20 15:13","QuorumPeer.java","230527","167230","397757"
"2019-05-16 16:25","QuorumPeer.java","241815","167289","409104"
"2018-10-16 16:22","QuorumPeer.java","237110","136449","373559"
"2019-06-14 09:06","QuorumPeer.java","245013","167288","412301"
"2010-03-16 23:25","QuorumPeer.java","743","268","1011"
"2018-12-07 12:41","QuorumPeer.java","227541","167230","394771"
"2012-04-23 01:20","QuorumPeer.java","53416","27633","81049"
"2012-07-17 23:19","QuorumPeer.java","54265","27710","81975"
"2019-03-11 19:47","QuorumPeer.java","236971","167246","404217"
"2012-02-27 03:41","QuorumPeer.java","49066","25368","74434"
"2014-07-18 02:19","QuorumPeer.java","92916","36544","129460"
"2019-02-13 13:12","QuorumPeer.java","235916","167243","403159"
"2011-04-29 18:12","QuorumPeer.java","31365","19830","51195"
"2019-04-12 19:01","QuorumPeer.java","238823","167289","406112"
"2018-12-09 03:16","QuorumPeer.java","229615","167230","396845"
"2018-09-11 15:23","QuorumPeer.java","186824","103834","290658"
"2019-11-29 14:49","QuorumPeer.java","264619","168335","432954"
"2013-03-07 07:01","QuorumPeer.java","66993","29372","96365"
"2018-12-15 07:34","QuorumPeer.java","229530","167230","396760"
"2018-11-27 10:02","QuorumPeer.java","227291","167230","394521"
"2018-09-18 01:00","QuorumPeer.java","188133","103888","292021"
"2012-02-06 09:40","QuorumPeer.java","48518","25061","73579"
"2019-06-03 19:40","QuorumPeer.java","242346","167288","409634"
"2019-07-15 14:15","QuorumPeer.java","252434","167288","419722"
"2015-03-17 18:06","QuorumPeer.java","99175","36830","136005"
"2019-07-03 00:44","QuorumPeer.java","245028","167288","412316"
"2019-08-17 17:13","QuorumPeer.java","257015","167288","424303"
"2015-06-27 02:03","QuorumPeer.java","102065","37031","139096"
"2017-11-28 00:10","QuorumPeer.java","117211","41962","159173"
"2014-01-21 04:50","QuorumPeer.java","74772","30001","104773"
"2014-06-04 22:07","QuorumPeer.java","86646","36074","122720"
"2018-01-30 08:02","QuorumPeer.java","117399","41997","159396"
"2019-05-15 11:56","QuorumPeer.java","241770","167289","409059"
"2019-06-05 00:33","QuorumPeer.java","242736","167288","410024"
"2019-05-20 23:13","QuorumPeer.java","241888","167289","409177"
"2019-06-04 10:55","QuorumPeer.java","242499","167288","409787"
"2019-07-12 17:01","QuorumPeer.java","252328","167288","419616"
"2020-01-09 11:27","QuorumPeer.java","266165","168335","434500"
"2017-02-09 11:40","QuorumPeer.java","113739","39714","153453"
"2011-06-14 07:14","QuorumPeer.java","33130","19980","53110"
"2017-07-06 18:48","QuorumPeer.java","113387","41676","155063"
"2018-10-01 06:11","QuorumPeer.java","190859","104035","294894"
"2015-04-09 20:16","QuorumPeer.java","100246","36838","137084"
"2013-10-07 21:08","QuorumPeer.java","70185","29748","99933"
"2013-09-30 22:20","QuorumPeer.java","69622","29616","99238"
"2018-07-04 17:11","QuorumPeer.java","128589","49626","178215"
"2019-12-17 13:48","QuorumPeer.java","265191","168335","433526"
"2015-12-07 05:59","QuorumPeer.java","104086","37222","141308"
"2020-01-23 13:43","QuorumPeer.java","267989","168335","436324"
"2016-06-23 23:45","QuorumPeer.java","106738","38804","145542"
"2011-05-03 19:57","QuorumPeer.java","31371","19832","51203"
"2016-06-23 23:25","QuorumPeer.java","106630","38804","145434"
"2010-03-12 19:26","QuorumPeer.java","580","150","730"
"2014-03-23 04:12","QuorumPeer.java","77164","30173","107337"
"2013-09-26 00:13","QuorumPeer.java","69362","29600","98962"
"2011-06-17 01:34","QuorumPeer.java","33274","20053","53327"
"2011-06-14 14:11","QuorumPeer.java","33158","19981","53139"
"2014-07-18 20:48","QuorumPeer.java","93404","36573","129977"
"2014-07-04 04:19","QuorumPeer.java","88303","36088","124391"
"2018-12-06 10:56","QuorumPeer.java","227485","167230","394715"
"2014-06-25 15:04","QuorumPeer.java","87149","36080","123229"
"2014-03-28 01:58","QuorumPeer.java","77585","30176","107761"
"2013-10-21 23:36","QuorumPeer.java","73083","29904","102987"
"2019-10-10 14:37","QuorumPeer.java","260768","167288","428056"
"2013-11-07 06:41","QuorumPeer.java","73538","29928","103466"
"2017-07-27 23:09","QuorumPeer.java","112409","41684","154093"
"2014-05-18 05:49","QuorumPeer.java","86142","36059","122201"
"2011-10-25 08:09","QuorumPeer.java","45062","24109","69171"
"2014-03-25 22:13","QuorumPeer.java","77400","30173","107573"
"2011-04-12 09:14","QuorumPeer.java","30938","19738","50676"
"2011-11-01 08:15","QuorumPeer.java","45370","24228","69598"
"2011-03-16 19:49","QuorumPeer.java","61669","8996","70665"
"2018-06-26 11:18","QuorumPeer.java","121129","42184","163313"
"2018-07-27 12:32","QuorumPeer.java","139017","58854","197871"
"2019-04-18 19:17","QuorumPeer.java","239533","167289","406822"
"2011-10-27 23:25","QuorumPeer.java","45278","24165","69443"
"2011-08-30 08:37","QuorumPeer.java","43153","19314","62467"
"2011-08-30 08:29","QuorumPeer.java","43135","19308","62443"
"2010-08-18 08:24","QuorumPeer.java","27978","7823","35801"
"2013-10-09 22:21","QuorumPeer.java","72721","29905","102626"
"2016-12-20 14:47","QuorumPeer.java","112518","39628","152146"
"2011-05-20 01:17","QuorumPeer.java","31878","19859","51737"
"2010-05-05 22:32","QuorumPeer.java","6164","5704","11868"
"2017-05-11 16:59","QuorumPeer.java","112461","41617","154078"
"2014-07-03 06:01","QuorumPeer.java","87881","36088","123969"
"2014-08-14 08:08","QuorumPeer.java","94335","36643","130978"
"2014-08-01 07:38","QuorumPeer.java","93914","36643","130557"
"2014-07-20 04:50","QuorumPeer.java","93485","36592","130077"
"2016-06-02 00:59","QuorumPeer.java","106261","38804","145065"
"2020-02-16 10:25","QuorumPeer.java","268702","168335","437037"
"2010-03-31 06:26","ZooKeeperServerMainTest.java","77194","13464","90658"
"2014-07-26 04:11","ZooKeeperServerMainTest.java","140879","24161","165040"
"2016-09-18 23:21","ZooKeeperServerMainTest.java","154877","26230","181107"
"2014-03-25 22:13","ZooKeeperServerMainTest.java","129334","22517","151851"
"2016-08-24 01:36","ZooKeeperServerMainTest.java","154209","26222","180431"
"2016-08-13 15:01","ZooKeeperServerMainTest.java","154361","26142","180503"
"2014-09-28 19:15","ZooKeeperServerMainTest.java","142757","24197","166954"
"2017-01-13 19:29","ZooKeeperServerMainTest.java","159776","26454","186230"
"2019-06-03 19:40","ZooKeeperServerMainTest.java","242927","104827","347754"
"2019-08-17 17:13","ZooKeeperServerMainTest.java","257596","104827","362423"
"2018-09-11 15:23","ZooKeeperServerMainTest.java","203721","61141","264862"
"2017-01-05 22:32","ZooKeeperServerMainTest.java","159401","26449","185850"
"2013-12-07 11:16","ZooKeeperServerMainTest.java","125672","22374","148046"
"2012-03-17 01:31","Op.java","17466","8187","25653"
"2013-12-17 17:55","Op.java","42464","13726","56190"
"2016-10-07 21:51","Op.java","78972","24929","103901"
"2015-06-04 19:51","Op.java","70562","21570","92132"
"2019-08-17 17:13","Op.java","256904","183022","439926"
"2019-06-26 10:57","Op.java","244754","183022","427776"
"2020-03-26 22:20","InstanceContainer.java","271185","101948","373133"
"2011-10-25 08:09","InstanceContainer.java","104089","20383","124472"
"2011-04-12 09:14","InstanceContainer.java","95404","17734","113138"
"2019-08-17 17:13","InstanceContainer.java","257687","101490","359177"
"2017-09-11 18:55","InstanceContainer.java","161119","26974","188093"
"2018-08-06 14:11","InstanceContainer.java","177305","33777","211082"
"2019-08-17 17:13","Environment.java","255186","224314","479500"
"2019-11-08 17:30","FinalRequestProcessor.java","262647","157928","420575"
"2019-07-08 23:26","FinalRequestProcessor.java","245809","157928","403737"
"2019-01-16 23:23","FinalRequestProcessor.java","232956","157871","390827"
"2018-09-18 01:00","FinalRequestProcessor.java","189938","97223","287161"
"2019-04-12 19:01","FinalRequestProcessor.java","238841","157929","396770"
"2019-02-07 11:26","FinalRequestProcessor.java","235309","157872","393181"
"2019-01-14 19:38","FinalRequestProcessor.java","232267","157870","390137"
"2013-03-07 07:01","FinalRequestProcessor.java","74442","28351","102793"
"2019-01-09 17:22","FinalRequestProcessor.java","234949","157872","392821"
"2011-07-01 00:53","FinalRequestProcessor.java","46860","21637","68497"
"2015-06-04 19:51","FinalRequestProcessor.java","104711","31562","136273"
"2019-09-10 04:26","FinalRequestProcessor.java","258078","157928","416006"
"2019-08-17 17:13","FinalRequestProcessor.java","257033","157928","414961"
"2016-10-07 21:51","FinalRequestProcessor.java","111993","33793","145786"
"2014-01-24 07:18","FinalRequestProcessor.java","83805","28981","112786"
"2019-06-26 10:57","FinalRequestProcessor.java","244883","157928","402811"
"2019-08-01 07:28","FinalRequestProcessor.java","257214","157928","415142"
"2019-07-03 00:44","FinalRequestProcessor.java","245046","157928","402974"
"2016-03-23 00:30","FinalRequestProcessor.java","108016","33323","141339"
"2019-08-06 17:11","FinalRequestProcessor.java","258134","157928","416062"
"2015-03-17 18:06","FinalRequestProcessor.java","102200","31385","133585"
"2018-07-10 12:46","FinalRequestProcessor.java","131009","43524","174533"
"2020-03-25 03:38","FinalRequestProcessor.java","270847","158957","429804"
"2019-09-16 23:26","FinalRequestProcessor.java","260052","157928","417980"
"2019-10-10 14:37","FinalRequestProcessor.java","260786","157928","418714"
"2010-01-26 01:17","FinalRequestProcessor.java","868","459","1327"
"2019-11-21 05:58","FinalRequestProcessor.java","261229","158957","420186"
"2019-11-18 09:05","FinalRequestProcessor.java","261206","158957","420163"
"2012-12-19 19:16","FinalRequestProcessor.java","69483","27948","97431"
"2011-10-20 20:02","FinalRequestProcessor.java","53726","24357","78083"
"2011-04-12 09:14","FinalRequestProcessor.java","41188","20610","61798"
"2011-10-28 18:59","FinalRequestProcessor.java","54182","24562","78744"
"2019-11-11 13:59","FinalRequestProcessor.java","264443","157928","422371"
"2020-03-26 22:12","FinalRequestProcessor.java","270849","158957","429806"
"2014-04-17 08:47","FinalRequestProcessor.java","87869","30486","118355"
"2014-04-29 02:23","FinalRequestProcessor.java","88578","30489","119067"
"2010-03-19 07:46","FinalRequestProcessor.java","19930","9783","29713"
"2010-08-18 08:24","FinalRequestProcessor.java","44718","15185","59903"
"2013-10-09 22:21","FinalRequestProcessor.java","80164","28878","109042"
"2011-09-14 08:56","FinalRequestProcessor.java","53431","19913","73344"
"2015-02-06 06:17","PrepRequestProcessor.java","23892","10386","34278"
"2019-02-07 11:26","PrepRequestProcessor.java","234497","201518","436015"
"2019-09-11 10:27","PrepRequestProcessor.java","257627","201624","459251"
"2018-07-19 05:59","PrepRequestProcessor.java","75268","43226","118494"
"2017-09-11 18:55","PrepRequestProcessor.java","47367","23592","70959"
"2019-01-16 14:21","PrepRequestProcessor.java","232144","201517","433661"
"2017-06-01 05:45","PrepRequestProcessor.java","45351","22040","67391"
"2019-11-08 17:30","PrepRequestProcessor.java","261913","201652","463565"
"2016-11-13 20:59","PrepRequestProcessor.java","41906","17540","59446"
"2019-04-09 15:35","PrepRequestProcessor.java","237040","201536","438576"
"2019-04-17 14:16","PrepRequestProcessor.java","238327","201608","439935"
"2014-10-28 05:35","PrepRequestProcessor.java","21618","10051","31669"
"2019-05-10 12:22","PrepRequestProcessor.java","240762","201608","442370"
"2017-06-26 00:16","PrepRequestProcessor.java","45929","22340","68269"
"2019-02-07 11:22","PrepRequestProcessor.java","234159","201518","435677"
"2016-11-16 06:21","PrepRequestProcessor.java","42488","17575","60063"
"2019-08-01 07:31","PrepRequestProcessor.java","256942","201624","458566"
"2019-06-26 10:57","PrepRequestProcessor.java","244121","201624","445745"
"2015-05-29 19:45","PrepRequestProcessor.java","27673","11376","39049"
"2016-10-07 21:51","PrepRequestProcessor.java","39501","17388","56889"
"2015-06-04 19:51","PrepRequestProcessor.java","28576","11514","40090"
"2019-08-17 17:13","PrepRequestProcessor.java","256271","201624","457895"
"2018-08-08 06:21","PrepRequestProcessor.java","119513","85991","205504"
"2018-05-09 23:57","PrepRequestProcessor.java","54995","24659","79654"
"2015-06-11 20:09","PrepRequestProcessor.java","28719","11531","40250"
"2019-12-27 22:33","PrepRequestProcessor.java","266387","203062","469449"
"2019-10-10 14:37","PrepRequestProcessor.java","260024","201624","461648"
"2020-03-25 03:38","PrepRequestProcessor.java","270494","203062","473556"
"2014-07-25 01:31","PrepRequestProcessor.java","19023","9532","28555"
"2014-04-29 02:23","PrepRequestProcessor.java","9543","7541","17084"
"2015-03-08 23:07","PrepRequestProcessor.java","24165","10485","34650"
"2014-07-22 06:51","PrepRequestProcessor.java","18756","9454","28210"
"2018-06-15 07:41","PrepRequestProcessor.java","55879","24791","80670"
"2019-05-20 17:18","ClientReconnectTest.java","240739","218896","459635"
"2016-05-02 18:15","ClientReconnectTest.java","5473","3721","9194"
"2019-08-17 17:13","ClientReconnectTest.java","255966","218914","474880"
"2020-05-17 15:13","ClientReconnectTest.java","271486","220489","491975"
"2019-12-27 22:33","FileTxnSnapLog.java","264780","234195","498975"
"2019-10-10 14:37","FileTxnSnapLog.java","257917","232257","490174"
"2019-12-13 08:51","FileTxnSnapLog.java","262816","234194","497010"
"2020-01-23 16:46","FileTxnSnapLog.java","266030","234196","500226"
"2020-01-28 17:26","FileTxnSnapLog.java","266501","234196","500697"
"2019-09-02 08:23","FileTxnSnapLog.java","254821","232257","487078"
"2019-07-31 19:06","FileTxnSnapLog.java","253470","232256","485726"
"2020-01-30 09:43","FileTxnSnapLog.java","266577","234196","500773"
"2019-05-14 17:11","FileTxnSnapLog.java","238809","232235","471044"
"2019-05-21 23:34","FileTxnSnapLog.java","239133","232238","471371"
"2019-05-27 10:54","FileTxnSnapLog.java","239465","232238","471703"
"2019-08-17 17:13","FileTxnSnapLog.java","254163","232256","486419"
"2019-10-10 14:37","WriteLock.java","5697","2537","8234"
"2013-09-18 12:58","ClientCnxn.java","41818","13245","55063"
"2015-01-31 08:05","ClientCnxn.java","70795","20916","91711"
"2016-05-02 18:15","ClientCnxn.java","79995","24080","104075"
"2014-01-24 07:18","ClientCnxn.java","49071","13766","62837"
"2019-08-17 17:13","ClientCnxn.java","256932","178405","435337"
"2015-05-10 00:27","ClientCnxn.java","73557","21139","94696"
"2017-12-19 19:27","ClientCnxn.java","92317","28073","120390"
"2019-01-31 15:50","ClientCnxn.java","234534","178340","412874"
"2012-08-02 00:24","ClientCnxn.java","27000","10852","37852"
"2019-04-09 15:35","ClientCnxn.java","237738","178354","416092"
"2013-02-03 15:52","ClientCnxn.java","35038","12529","47567"
"2014-12-20 15:29","ClientCnxn.java","70777","20909","91686"
"2012-03-15 18:01","ClientCnxn.java","22143","8385","30528"
"2019-11-08 17:30","ClientCnxn.java","262546","178405","440951"
"2017-06-08 17:59","ClientCnxn.java","87520","27566","115086"
"2012-09-09 20:24","ClientCnxn.java","27821","10934","38755"
"2019-01-16 14:21","ClientCnxn.java","232847","178340","411187"
"2019-01-07 14:24","ClientCnxn.java","231696","178339","410035"
"2019-03-06 03:32","ClientCnxn.java","236665","178353","415018"
"2011-09-14 07:43","ClientCnxn.java","15599","1956","17555"
"2011-08-19 00:05","ClientCnxn.java","13154","1731","14885"
"2015-02-06 06:17","ClientCnxn.java","71041","20967","92008"
"2019-02-07 11:26","ClientCnxn.java","235200","178341","413541"
"2018-11-05 19:40","ClientCnxn.java","236850","147149","383999"
"2020-05-17 15:13","ClientCnxn.java","271973","179501","451474"
"2018-06-25 12:30","ClientCnxn.java","96100","28330","124430"
"2012-12-19 19:16","ClientCnxn.java","34481","12465","46946"
"2020-03-03 03:12","ClientCnxn.java","269761","179499","449260"
"2018-09-10 11:44","ClientCnxn.java","178117","107162","285279"
"2011-09-28 22:17","ClientCnxn.java","16764","5068","21832"
"2015-06-13 02:42","ClientCnxn.java","75232","21352","96584"
"2011-05-20 01:17","ClientCnxn.java","1007","188","1195"
"2014-03-23 04:12","ClientCnxn.java","49887","13945","63832"
"2015-11-09 00:05","ClientCnxn.java","77769","22397","100166"
"2015-12-06 19:58","ClientCnxn.java","78118","22441","100559"
"2020-01-21 17:53","ClientCnxn.java","266022","179499","445521"
"2015-12-05 22:43","ClientCnxn.java","78115","22441","100556"
"2015-12-05 22:32","ClientCnxn.java","78109","22440","100549"
"2019-10-10 14:37","ClientCnxn.java","260685","178405","439090"
"2014-04-01 04:03","ClientCnxn.java","50925","14140","65065"
"2013-09-18 15:14","ClientCnxn.java","41836","13245","55081"
"2013-09-18 04:08","ClientCnxn.java","41732","13245","54977"
"2019-11-21 05:58","ClientCnxn.java","261193","179499","440692"
"2020-04-16 12:50","ClientCnxn.java","271600","179499","451099"
"2018-07-27 05:16","ClientCnxn.java","114135","45213","159348"
"2018-12-20 15:13","LocalPeerBean.java","230527","167660","398187"
"2019-11-29 14:49","LocalPeerBean.java","264619","168765","433384"
"2014-06-04 22:07","LocalPeerBean.java","86243","36101","122344"
"2019-08-17 17:13","LocalPeerBean.java","257015","167718","424733"
"2019-11-14 03:54","LocalPeerBean.java","265024","167718","432742"
"2015-08-05 22:16","LocalPeerBean.java","102476","37166","139642"
"2015-12-07 06:06","LocalPeerBean.java","103812","37289","141101"
"2018-07-27 12:32","LocalPeerBean.java","138690","58957","197647"
"2018-06-26 11:18","LocalPeerBean.java","120773","42258","163031"
"2010-08-18 08:24","LocalPeerBean.java","27494","7769","35263"
"2019-08-17 17:13","ChrootTest.java","256750","177002","433752"
"2018-06-08 16:52","ZooKeeperServerMain.java","144805","33384","178189"
"2019-04-18 19:17","ZooKeeperServerMain.java","240017","131664","371681"
"2011-04-12 09:14","ZooKeeperServerMain.java","70009","22700","92709"
"2019-11-11 13:59","ZooKeeperServerMain.java","264910","131664","396574"
"2012-03-06 09:20","ZooKeeperServerMain.java","82609","26011","108620"
"2010-08-18 08:24","ZooKeeperServerMain.java","74556","18292","92848"
"2019-11-28 12:24","ZooKeeperServerMain.java","263045","132303","395348"
"2019-11-25 15:37","ZooKeeperServerMain.java","262947","132303","395250"
"2016-08-13 15:01","ZooKeeperServerMain.java","132948","31600","164548"
"2015-06-04 19:51","ZooKeeperServerMain.java","127133","29735","156868"
"2019-08-17 17:13","ZooKeeperServerMain.java","257500","131664","389164"
"2015-03-17 18:06","ZooKeeperServerMain.java","124741","29677","154418"
"2017-07-28 00:36","ZooKeeperServerMain.java","136659","33111","169770"
"2013-12-07 11:16","ZooKeeperServerMain.java","104103","27676","131779"
"2019-04-12 19:01","ZooKeeperServerMain.java","239307","131664","370971"
"2018-09-11 15:23","ZooKeeperServerMain.java","199346","83637","282983"
"2014-07-18 02:19","ZooKeeperServerMain.java","118549","29458","148007"
"2017-02-12 00:12","ZooKeeperServerMain.java","136193","32699","168892"
"2018-07-10 12:46","QuorumTest.java","102049","36145","138194"
"2019-08-17 17:13","QuorumTest.java","256905","180447","437352"
"2012-12-13 08:14","QuorumTest.java","29712","11697","41409"
"2011-07-15 06:50","QuorumTest.java","5203","880","6083"
"2013-10-09 22:21","QuorumTest.java","43161","13456","56617"
"2011-09-17 02:13","QuorumTest.java","13739","4334","18073"
"2019-10-10 14:37","QuorumTest.java","260658","180447","441105"
"2019-09-18 11:20","QuorumTest.java","259817","180447","440264"
"2019-12-28 16:17","QuorumTest.java","266588","181545","448133"
"2015-11-03 08:11","QuorumTest.java","75422","22389","97811"
"2011-07-29 10:14","QuorumTest.java","7862","1007","8869"
"2019-06-07 14:13","SessionTest.java","242763","175348","418111"
"2019-08-17 17:13","SessionTest.java","256659","175348","432007"
"2017-09-11 18:55","SessionTest.java","76202","25763","101965"
"2018-09-22 06:48","SessionTest.java","172212","108851","281063"
"2013-12-21 22:05","SessionTest.java","32137","8571","40708"
"2019-10-10 14:37","SessionTest.java","260412","175348","435760"
"2015-07-07 07:11","SessionTest.java","61927","17668","79595"
"2019-12-28 16:17","SessionTest.java","266549","176653","443202"
"2014-06-25 15:04","FastLeaderElection.java","143966","19880","163846"
"2018-12-06 10:56","FastLeaderElection.java","228207","90611","318818"
"2014-07-08 05:25","FastLeaderElection.java","145736","20014","165750"
"2014-07-18 20:48","FastLeaderElection.java","149917","20069","169986"
"2010-03-13 01:06","FastLeaderElection.java","89864","12082","101946"
"2014-03-23 04:12","FastLeaderElection.java","138613","18605","157218"
"2019-10-10 14:37","FastLeaderElection.java","261459","90638","352097"
"2013-10-21 23:36","FastLeaderElection.java","134649","18453","153102"
"2009-08-04 19:59","FastLeaderElection.java","61515","9342","70857"
"2009-08-11 23:09","FastLeaderElection.java","62659","9380","72039"
"2009-12-15 23:23","FastLeaderElection.java","75938","11290","87228"
"2019-09-30 23:22","FastLeaderElection.java","261086","90638","351724"
"2011-04-12 09:14","FastLeaderElection.java","102727","14186","116913"
"2014-07-20 04:50","FastLeaderElection.java","149986","20076","170062"
"2009-04-24 20:26","FastLeaderElection.java","31142","7787","38929"
"2010-07-05 21:50","FastLeaderElection.java","101822","12939","114761"
"2020-04-07 09:07","FastLeaderElection.java","271536","91094","362630"
"2012-03-20 01:33","FastLeaderElection.java","115287","17362","132649"
"2019-01-18 03:42","FastLeaderElection.java","233704","90611","324315"
"2012-02-06 09:40","FastLeaderElection.java","113560","17086","130646"
"2017-09-11 18:55","FastLeaderElection.java","167422","23013","190435"
"2013-03-07 07:01","FastLeaderElection.java","128939","18301","147240"
"2018-08-29 06:26","FastLeaderElection.java","205776","51084","256860"
"2011-04-29 18:12","FastLeaderElection.java","103084","14208","117292"
"2015-02-06 06:17","FastLeaderElection.java","154340","20200","174540"
"2018-04-30 06:34","FastLeaderElection.java","173533","23142","196675"
"2009-06-30 22:47","FastLeaderElection.java","60555","9120","69675"
"2019-08-17 17:13","FastLeaderElection.java","257706","90638","348344"
"2019-08-02 20:08","FastLeaderElection.java","258487","90638","349125"
"2012-08-03 00:17","FastLeaderElection.java","117842","17429","135271"
"2017-01-13 19:29","FastLeaderElection.java","168989","22240","191229"
"2009-04-17 00:59","FastLeaderElection.java","22143","7390","29533"
"2011-06-14 07:14","FastLeaderElection.java","104731","14240","118971"
"2019-08-03 08:42","FastLeaderElection.java","258414","90638","349052"
"2020-02-26 22:41","NettyServerCnxnFactory.java","71153","39324","110477"
"2019-10-10 14:37","NettyServerCnxnFactory.java","57242","32314","89556"
"2019-09-10 18:50","NettyServerCnxnFactory.java","53780","31488","85268"
"2019-11-14 03:54","NettyServerCnxnFactory.java","61753","32569","94322"
"2019-02-15 15:36","NettyServerCnxnFactory.java","603","188","791"
"2019-04-12 19:01","NettyServerCnxnFactory.java","4037","1055","5092"
"2019-02-13 13:12","NettyServerCnxnFactory.java","297","176","473"
"2019-08-17 17:13","NettyServerCnxnFactory.java","51401","30226","81627"
"2019-11-23 17:08","NettyServerCnxnFactory.java","63425","37549","100974"
"2019-07-03 00:44","NettyServerCnxnFactory.java","14555","5367","19922"
"2019-06-05 00:29","NettyServerCnxnFactory.java","8829","1987","10816"
"2019-07-23 15:55","NettyServerCnxnFactory.java","23916","6733","30649"
"2019-06-24 11:05","NettyServerCnxnFactory.java","12604","4096","16700"
"2019-08-03 08:42","NettyServerCnxnFactory.java","30406","8523","38929"
"2020-02-16 10:25","QuorumAuthTestBase.java","267491","229836","497327"
"2019-08-17 17:13","QuorumAuthTestBase.java","255079","228064","483143"
"2020-01-22 11:08","QuorumAuthTestBase.java","265294","229836","495130"
"2019-11-29 14:49","QuorumAuthTestBase.java","263406","229834","493240"
"2012-04-23 01:20","HierarchicalQuorumTest.java","52854","27512","80366"
"2014-06-04 22:07","HierarchicalQuorumTest.java","86138","36007","122145"
"2019-08-17 17:13","HierarchicalQuorumTest.java","257015","167729","424744"
"2019-07-12 17:01","HierarchicalQuorumTest.java","252328","167729","420057"
"2019-10-10 14:37","HierarchicalQuorumTest.java","260768","167729","428497"
"2018-06-26 11:18","HierarchicalQuorumTest.java","120699","42195","162894"
"2011-04-12 09:14","HierarchicalQuorumTest.java","30345","19586","49931"
"2017-05-11 16:59","HierarchicalQuorumTest.java","112016","41613","153629"
"2010-05-05 22:32","HierarchicalQuorumTest.java","5482","5463","10945"
"2010-03-31 06:26","HierarchicalQuorumTest.java","2961","2714","5675"
"2019-07-29 17:15","JBoolean.java","254590","167551","422141"
"2019-08-01 07:31","ObserverRequestProcessor.java","257038","196919","453957"
"2019-08-17 17:13","ObserverRequestProcessor.java","256367","196919","453286"
"2015-06-04 19:51","ObserverRequestProcessor.java","33308","11445","44753"
"2016-10-07 21:51","ObserverRequestProcessor.java","44137","17223","61360"
"2015-03-08 23:07","ObserverRequestProcessor.java","29285","10804","40089"
"2014-07-18 19:46","ObserverRequestProcessor.java","23412","9629","33041"
"2014-03-23 04:12","ObserverRequestProcessor.java","4933","758","5691"
"2020-03-25 03:38","ObserverRequestProcessor.java","270500","198267","468767"
"2019-11-14 03:54","LocalPeerMXBean.java","72531","38092","110623"
"2019-08-17 17:13","LocalPeerMXBean.java","62348","35918","98266"
"2019-08-17 17:13","QuorumUtilTest.java","256154","203973","460127"
"2019-08-17 17:13","ReconfigLegacyTest.java","255887","222020","477907"
"2019-06-03 19:40","ReconfigLegacyTest.java","241217","222019","463236"
"2016-11-13 20:59","ReconfigLegacyTest.java","4196","610","4806"
"2016-11-03 16:07","ReconfigLegacyTest.java","2284","367","2651"
"2015-10-18 19:00","QuorumPeer.java","12997","3722","16719"
"2018-12-20 15:13","QuorumPeer.java","229611","210608","440219"
"2019-05-16 16:25","QuorumPeer.java","240933","210701","451634"
"2018-10-16 16:22","QuorumPeer.java","234780","190950","425730"
"2019-06-14 09:06","QuorumPeer.java","244148","210717","454865"
"2018-12-07 12:41","QuorumPeer.java","226624","210607","437231"
"2019-03-11 19:47","QuorumPeer.java","236058","210627","446685"
"2019-02-13 13:12","QuorumPeer.java","235007","210628","445635"
"2019-04-12 19:01","QuorumPeer.java","237941","210701","448642"
"2018-12-09 03:16","QuorumPeer.java","228698","210607","439305"
"2018-09-11 15:23","QuorumPeer.java","138259","112100","250359"
"2019-11-29 14:49","QuorumPeer.java","264148","212158","476306"
"2018-12-15 07:34","QuorumPeer.java","228613","210607","439220"
"2018-11-27 10:02","QuorumPeer.java","226374","210607","436981"
"2018-09-18 01:00","QuorumPeer.java","139632","112218","251850"
"2019-06-03 19:40","QuorumPeer.java","241481","210717","452198"
"2019-07-15 14:15","QuorumPeer.java","251569","210717","462286"
"2015-03-17 18:06","QuorumPeer.java","6962","1448","8410"
"2019-07-03 00:44","QuorumPeer.java","244163","210717","454880"
"2019-08-17 17:13","QuorumPeer.java","256150","210717","466867"
"2015-06-27 02:03","QuorumPeer.java","10685","2482","13167"
"2017-11-28 00:10","QuorumPeer.java","34606","16188","50794"
"2018-01-30 08:02","QuorumPeer.java","35162","16591","51753"
"2019-05-15 11:56","QuorumPeer.java","240888","210701","451589"
"2019-06-05 00:33","QuorumPeer.java","241871","210717","452588"
"2019-05-20 23:13","QuorumPeer.java","241006","210701","451707"
"2019-06-04 10:55","QuorumPeer.java","241634","210717","452351"
"2019-07-12 17:01","QuorumPeer.java","251463","210717","462180"
"2020-01-09 11:27","QuorumPeer.java","265695","212159","477854"
"2017-02-09 11:40","QuorumPeer.java","27128","9934","37062"
"2017-07-06 18:48","QuorumPeer.java","28858","13978","42836"
"2018-10-01 06:11","QuorumPeer.java","142886","112893","255779"
"2015-04-09 20:16","QuorumPeer.java","8067","1490","9557"
"2018-07-04 17:11","QuorumPeer.java","47509","25377","72886"
"2019-12-17 13:48","QuorumPeer.java","264720","212158","476878"
"2015-12-07 05:59","QuorumPeer.java","14047","4014","18061"
"2020-01-23 13:43","QuorumPeer.java","267519","212159","479678"
"2016-06-23 23:45","QuorumPeer.java","18690","7587","26277"
"2016-06-23 23:25","QuorumPeer.java","18548","7553","26101"
"2018-12-06 10:56","QuorumPeer.java","226568","210607","437175"
"2019-10-10 14:37","QuorumPeer.java","259903","210717","470620"
"2017-07-27 23:09","QuorumPeer.java","29386","15492","44878"
"2018-06-26 11:18","QuorumPeer.java","39234","17120","56354"
"2018-07-27 12:32","QuorumPeer.java","59224","35892","95116"
"2019-04-18 19:17","QuorumPeer.java","238651","210701","449352"
"2016-12-20 14:47","QuorumPeer.java","25717","9658","35375"
"2017-05-11 16:59","QuorumPeer.java","27659","13646","41305"
"2014-08-14 08:08","QuorumPeer.java","1425","564","1989"
"2014-08-01 07:38","QuorumPeer.java","859","419","1278"
"2014-07-20 04:50","QuorumPeer.java","102","40","142"
"2016-06-02 00:59","QuorumPeer.java","18121","7495","25616"
"2020-02-16 10:25","QuorumPeer.java","268232","212159","480391"
"2019-08-01 07:31","ObserverRequestProcessor.java","257656","187413","445069"
"2019-08-17 17:13","ObserverRequestProcessor.java","256985","187413","444398"
"2015-06-04 19:51","ObserverRequestProcessor.java","79033","34427","113460"
"2016-10-07 21:51","ObserverRequestProcessor.java","87230","37573","124803"
"2013-03-07 07:01","ObserverRequestProcessor.java","43840","26292","70132"
"2015-03-08 23:07","ObserverRequestProcessor.java","75362","34138","109500"
"2013-10-09 22:21","ObserverRequestProcessor.java","49599","26856","76455"
"2011-07-15 06:50","ObserverRequestProcessor.java","12673","15312","27985"
"2011-10-28 18:37","ObserverRequestProcessor.java","21673","20597","42270"
"2011-04-12 09:14","ObserverRequestProcessor.java","5707","14662","20369"
"2014-07-18 19:46","ObserverRequestProcessor.java","70366","33840","104206"
"2014-03-23 04:12","ObserverRequestProcessor.java","54093","27175","81268"
"2020-03-25 03:38","ObserverRequestProcessor.java","270843","188486","459329"
"2013-09-18 12:58","ClientCnxn.java","45869","54645","100514"
"2015-01-31 08:05","ClientCnxn.java","74723","62193","136916"
"2016-05-02 18:15","ClientCnxn.java","83807","65241","149048"
"2014-01-24 07:18","ClientCnxn.java","53086","55130","108216"
"2019-08-17 17:13","ClientCnxn.java","256985","215738","472723"
"2015-05-10 00:27","ClientCnxn.java","77467","62398","139865"
"2017-12-19 19:27","ClientCnxn.java","95882","68987","164869"
"2019-01-31 15:50","ClientCnxn.java","234587","215673","450260"
"2012-08-02 00:24","ClientCnxn.java","31187","52388","83575"
"2019-04-09 15:35","ClientCnxn.java","237791","215687","453478"
"2013-02-03 15:52","ClientCnxn.java","39157","53997","93154"
"2014-12-20 15:29","ClientCnxn.java","74705","62186","136891"
"2012-03-15 18:01","ClientCnxn.java","26368","49959","76327"
"2019-11-08 17:30","ClientCnxn.java","262599","215738","478337"
"2017-06-08 17:59","ClientCnxn.java","91132","68527","159659"
"2012-09-09 20:24","ClientCnxn.java","31994","52456","84450"
"2019-01-16 14:21","ClientCnxn.java","232900","215673","448573"
"2019-01-07 14:24","ClientCnxn.java","231749","215672","447421"
"2019-03-06 03:32","ClientCnxn.java","236718","215686","452404"
"2010-11-11 18:11","ClientCnxn.java","4871","2157","7028"
"2010-11-10 23:36","ClientCnxn.java","4828","2110","6938"
"2011-09-14 07:43","ClientCnxn.java","20113","43819","63932"
"2011-08-19 00:05","ClientCnxn.java","17688","43614","61302"
"2015-02-06 06:17","ClientCnxn.java","74959","62234","137193"
"2019-02-07 11:26","ClientCnxn.java","235253","215674","450927"
"2018-11-05 19:40","ClientCnxn.java","236964","184612","421576"
"2011-04-12 09:14","ClientCnxn.java","5462","42742","48204"
"2010-11-30 21:16","ClientCnxn.java","5582","2497","8079"
"2020-05-17 15:13","ClientCnxn.java","272005","216813","488818"
"2018-06-25 12:30","ClientCnxn.java","99663","69242","168905"
"2012-12-19 19:16","ClientCnxn.java","38614","53947","92561"
"2020-03-03 03:12","ClientCnxn.java","269793","216811","486604"
"2018-09-10 11:44","ClientCnxn.java","181273","147667","328940"
"2011-09-28 22:17","ClientCnxn.java","21130","46783","67913"
"2015-06-13 02:42","ClientCnxn.java","79119","62588","141707"
"2010-10-21 02:44","ClientCnxn.java","3245","1594","4839"
"2011-05-20 01:17","ClientCnxn.java","6437","42898","49335"
"2014-03-23 04:12","ClientCnxn.java","53898","55305","109203"
"2015-11-09 00:05","ClientCnxn.java","81610","63587","145197"
"2015-12-06 19:58","ClientCnxn.java","81953","63625","145578"
"2020-01-21 17:53","ClientCnxn.java","266054","216811","482865"
"2015-12-05 22:43","ClientCnxn.java","81950","63625","145575"
"2015-12-05 22:32","ClientCnxn.java","81944","63624","145568"
"2019-10-10 14:37","ClientCnxn.java","260738","215738","476476"
"2014-04-01 04:03","ClientCnxn.java","54936","55500","110436"
"2013-09-18 15:14","ClientCnxn.java","45887","54645","100532"
"2013-09-18 04:08","ClientCnxn.java","45783","54645","100428"
"2019-11-21 05:58","ClientCnxn.java","261225","216811","478036"
"2020-04-16 12:50","ClientCnxn.java","271632","216811","488443"
"2018-07-27 05:16","ClientCnxn.java","117610","86037","203647"
"2009-12-15 23:23","ObserverTest.java","1552","974","2526"
"2019-08-17 17:13","ObserverTest.java","257187","154189","411376"
"2018-12-09 03:16","ObserverTest.java","229795","154139","383934"
"2019-06-07 14:13","SessionTest.java","243090","184054","427144"
"2019-08-17 17:13","SessionTest.java","256986","184054","441040"
"2017-09-11 18:55","SessionTest.java","95308","40629","135937"
"2010-11-04 17:01","SessionTest.java","35393","1951","37344"
"2018-09-22 06:48","SessionTest.java","185627","118026","303653"
"2011-10-25 08:09","SessionTest.java","25670","21430","47100"
"2011-04-12 09:14","SessionTest.java","10270","15865","26135"
"2010-08-18 08:24","SessionTest.java","4602","1242","5844"
"2010-10-21 02:44","SessionTest.java","35274","1938","37212"
"2013-12-21 22:05","SessionTest.java","55425","27619","83044"
"2019-10-10 14:37","SessionTest.java","260739","184054","444793"
"2015-07-07 07:11","SessionTest.java","83925","35426","119351"
"2019-12-28 16:17","SessionTest.java","266643","185126","451769"
"2019-10-10 14:37","Observer.java","36613","28279","64892"
"2019-12-27 22:33","Observer.java","47485","34226","81711"
"2019-08-23 19:43","Observer.java","31077","25830","56907"
"2019-08-17 17:13","Observer.java","30409","25828","56237"
"2018-12-09 03:16","FollowerRequestProcessor.java","228698","210375","439073"
"2016-10-07 21:51","FollowerRequestProcessor.java","21916","8785","30701"
"2019-08-17 17:13","FollowerRequestProcessor.java","256150","210485","466635"
"2015-06-04 19:51","FollowerRequestProcessor.java","10665","2585","13250"
"2019-08-01 07:31","FollowerRequestProcessor.java","256821","210485","467306"
"2020-03-25 03:38","FollowerRequestProcessor.java","270377","211927","482304"
"2019-10-10 14:37","FollowerRequestProcessor.java","259903","210485","470388"
"2020-05-05 21:20","FollowerRequestProcessor.java","271408","211927","483335"
"2015-03-08 23:07","FollowerRequestProcessor.java","6165","1467","7632"
"2018-10-16 16:22","QuorumPeerConfig.java","235046","184051","419097"
"2018-12-09 03:16","QuorumPeerConfig.java","228702","203446","432148"
"2019-04-12 19:01","QuorumPeerConfig.java","237945","203540","441485"
"2018-09-11 15:23","QuorumPeerConfig.java","145087","111763","256850"
"2018-12-15 07:34","QuorumPeerConfig.java","228617","203446","432063"
"2019-02-13 13:12","QuorumPeerConfig.java","235011","203467","438478"
"2019-08-17 17:13","QuorumPeerConfig.java","256154","203556","459710"
"2015-03-17 18:06","QuorumPeerConfig.java","15788","3109","18897"
"2017-11-28 00:10","QuorumPeerConfig.java","42491","16908","59399"
"2019-06-05 00:29","QuorumPeerConfig.java","241821","203556","445377"
"2014-09-17 07:34","QuorumPeerConfig.java","11647","2421","14068"
"2020-01-09 11:27","QuorumPeerConfig.java","265697","204996","470693"
"2019-07-12 17:01","QuorumPeerConfig.java","251467","203556","455023"
"2016-11-13 20:59","QuorumPeerConfig.java","32550","10233","42783"
"2019-05-15 11:56","QuorumPeerConfig.java","240892","203540","444432"
"2014-08-19 22:50","QuorumPeerConfig.java","10513","2373","12886"
"2018-10-01 06:11","QuorumPeerConfig.java","149230","112072","261302"
"2017-07-28 00:36","QuorumPeerConfig.java","37414","16251","53665"
"2017-07-06 18:48","QuorumPeerConfig.java","37281","15236","52517"
"2020-01-23 13:43","QuorumPeerConfig.java","267521","204996","472517"
"2014-07-04 04:19","QuorumPeerConfig.java","2951","402","3353"
"2016-06-23 19:42","QuorumPeerConfig.java","26868","8983","35851"
"2015-09-06 20:02","QuorumPeerConfig.java","21431","5240","26671"
"2015-09-29 03:56","QuorumPeerConfig.java","21658","5286","26944"
"2019-10-10 14:37","QuorumPeerConfig.java","259907","203556","463463"
"2018-07-27 12:32","QuorumPeerConfig.java","66833","36336","103169"
"2019-04-18 19:17","QuorumPeerConfig.java","238655","203540","442195"
"2016-11-03 16:07","QuorumPeerConfig.java","30701","10053","40754"
"2014-08-01 07:38","QuorumPeerConfig.java","9782","2177","11959"
"2014-08-14 08:08","QuorumPeerConfig.java","10305","2279","12584"
"2020-02-16 10:25","QuorumPeerConfig.java","268234","204996","473230"
"2020-05-14 18:18","QuorumPeerConfig.java","271470","205007","476477"
"2017-05-11 16:59","QuorumPeerConfig.java","36082","14904","50986"
"2014-05-20 17:10","Environment.java","34136","11719","45855"
"2017-09-11 18:55","Environment.java","67746","24033","91779"
"2019-08-17 17:13","Environment.java","256464","181879","438343"
"2019-06-03 19:40","FollowerZooKeeperServer.java","241990","175294","417284"
"2019-08-17 17:13","FollowerZooKeeperServer.java","256659","175294","431953"
"2019-05-03 00:44","FollowerZooKeeperServer.java","240656","175294","415950"
"2019-06-04 10:55","FollowerZooKeeperServer.java","242143","175294","417437"
"2018-08-06 14:11","FollowerZooKeeperServer.java","104836","44960","149796"
"2018-12-09 03:16","FollowerZooKeeperServer.java","229240","175217","404457"
"2018-11-21 17:56","FollowerZooKeeperServer.java","224671","175216","399887"
"2019-11-28 12:24","FollowerZooKeeperServer.java","262870","176599","439469"
"2019-12-27 22:33","FollowerZooKeeperServer.java","266642","176599","443241"
"2018-07-10 12:46","QuorumTest.java","127808","49562","177370"
"2019-08-17 17:13","QuorumTest.java","257015","168057","425072"
"2010-11-04 17:01","QuorumTest.java","57098","7630","64728"
"2012-12-13 08:14","QuorumTest.java","58734","28377","87111"
"2011-06-22 00:19","QuorumTest.java","32417","19917","52334"
"2011-07-15 06:50","QuorumTest.java","35449","18784","54233"
"2010-08-18 08:24","QuorumTest.java","26775","7389","34164"
"2013-10-09 22:21","QuorumTest.java","71724","29677","101401"
"2010-03-31 06:26","QuorumTest.java","2346","2427","4773"
"2011-09-17 02:13","QuorumTest.java","43568","21821","65389"
"2010-07-29 23:10","QuorumTest.java","20104","5908","26012"
"2011-04-12 09:14","QuorumTest.java","29822","19391","49213"
"2019-10-10 14:37","QuorumTest.java","260768","168057","428825"
"2019-09-18 11:20","QuorumTest.java","259927","168057","427984"
"2019-12-28 16:17","QuorumTest.java","266647","169104","435751"
"2015-11-03 08:11","QuorumTest.java","102345","36970","139315"
"2011-07-29 10:14","QuorumTest.java","38080","18883","56963"
"2020-03-26 18:41","ZooKeeperMain.java","270600","180182","450782"
"2016-10-16 14:21","ZooKeeperMain.java","63669","18525","82194"
"2020-04-01 17:02","ZooKeeperMain.java","270924","180182","451106"
"2013-10-01 23:18","ZooKeeperMain.java","19858","4456","24314"
"2019-10-10 14:37","ZooKeeperMain.java","260255","178872","439127"
"2015-11-22 00:33","ZooKeeperMain.java","56850","14779","71629"
"2020-03-26 22:19","ZooKeeperMain.java","270669","180182","450851"
"2015-11-08 22:54","ZooKeeperMain.java","56447","14669","71116"
"2016-07-27 01:33","ZooKeeperMain.java","61514","17918","79432"
"2014-04-04 00:39","ZooKeeperMain.java","28738","5517","34255"
"2019-11-28 12:24","ZooKeeperMain.java","262718","180182","442900"
"2016-11-13 20:59","ZooKeeperMain.java","65900","18551","84451"
"2019-08-03 08:42","ZooKeeperMain.java","257210","178872","436082"
"2017-07-28 00:36","ZooKeeperMain.java","69121","22926","92047"
"2016-05-02 18:15","ZooKeeperMain.java","60006","17676","77682"
"2015-03-28 20:08","ZooKeeperMain.java","51843","13143","64986"
"2019-08-17 17:13","ZooKeeperMain.java","256502","178872","435374"
"2013-09-02 23:04","ZooKeeperMain.java","18896","4254","23150"
"2018-08-06 14:11","ZooKeeperMain.java","98460","42319","140779"
"2012-03-17 01:31","Transaction.java","1875","370","2245"
"2017-07-28 00:36","Transaction.java","72348","24980","97328"
"2013-02-03 15:52","Transaction.java","15656","5559","21215"
"2019-08-17 17:13","Transaction.java","256650","177847","434497"
"2013-01-25 07:46","NIOServerCnxnFactory.java","34462","12481","46943"
"2015-03-17 18:06","NIOServerCnxnFactory.java","72397","21101","93498"
"2019-07-03 00:44","NIOServerCnxnFactory.java","244945","178405","423350"
"2019-08-17 17:13","NIOServerCnxnFactory.java","256932","178405","435337"
"2012-12-19 19:07","NIOServerCnxnFactory.java","33539","12404","45943"
"2019-08-03 08:42","NIOServerCnxnFactory.java","257640","178405","436045"
"2019-04-22 19:15","NIOServerCnxnFactory.java","239715","178406","418121"
"2014-09-28 19:15","NIOServerCnxnFactory.java","68748","20827","89575"
"2018-11-23 11:51","NIOServerCnxnFactory.java","225639","178339","403978"
"2012-08-28 21:51","NIOServerCnxnFactory.java","27493","10913","38406"
"2019-02-13 13:12","NIOServerCnxnFactory.java","235825","178352","414177"
"2014-07-18 02:19","NIOServerCnxnFactory.java","65966","20643","86609"
"2011-08-19 00:05","NIOServerCnxnFactory.java","13154","1731","14885"
"2013-03-07 07:01","NIOServerCnxnFactory.java","39549","12977","52526"
"2018-10-24 04:03","NIOServerCnxnFactory.java","236662","147149","383811"
"2019-04-12 19:01","NIOServerCnxnFactory.java","238740","178406","417146"
"2018-06-15 08:02","NIOServerCnxnFactory.java","95990","28331","124321"
"2016-06-23 23:45","NIOServerCnxnFactory.java","80978","24093","105071"
"2014-03-23 04:12","NIOServerCnxnFactory.java","49887","13945","63832"
"2011-12-28 07:07","NIOServerCnxnFactory.java","19611","7941","27552"
"2019-10-10 14:37","NIOServerCnxnFactory.java","260685","178405","439090"
"2019-11-14 03:54","NIOServerCnxnFactory.java","264941","178405","443346"
"2019-10-10 14:37","Observer.java","6813","3726","10539"
"2019-12-27 22:33","Observer.java","18027","10015","28042"
"2018-06-08 16:52","ZooKeeperServerMain.java","29366","15343","44709"
"2019-04-18 19:17","ZooKeeperServerMain.java","238477","218375","456852"
"2019-11-11 13:59","ZooKeeperServerMain.java","263418","218423","481841"
"2019-11-28 12:24","ZooKeeperServerMain.java","262428","219937","482365"
"2019-11-25 15:37","ZooKeeperServerMain.java","262330","219937","482267"
"2016-08-13 15:01","ZooKeeperServerMain.java","9784","5834","15618"
"2019-08-17 17:13","ZooKeeperServerMain.java","255978","218393","474371"
"2017-07-28 00:36","ZooKeeperServerMain.java","19842","13692","33534"
"2019-04-12 19:01","ZooKeeperServerMain.java","237767","218375","456142"
"2018-09-11 15:23","ZooKeeperServerMain.java","129952","111641","241593"
"2017-02-12 00:12","ZooKeeperServerMain.java","16901","10805","27706"
"2018-07-10 12:46","QuorumTest.java","97929","36348","134277"
"2019-08-17 17:13","QuorumTest.java","256904","172074","428978"
"2012-12-13 08:14","QuorumTest.java","25208","11516","36724"
"2013-10-09 22:21","QuorumTest.java","38764","13382","52146"
"2011-09-17 02:13","QuorumTest.java","8992","3910","12902"
"2019-10-10 14:37","QuorumTest.java","260657","172074","432731"
"2019-09-18 11:20","QuorumTest.java","259816","172074","431890"
"2019-12-28 16:17","QuorumTest.java","266587","173172","439759"
"2015-11-03 08:11","QuorumTest.java","71161","22451","93612"
"2011-07-29 10:14","QuorumTest.java","2688","156","2844"
"2019-11-11 13:59","ZooKeeperServerMain.java","11345","3935","15280"
"2019-11-28 12:24","ZooKeeperServerMain.java","14222","9316","23538"
"2019-11-25 15:37","ZooKeeperServerMain.java","14083","9275","23358"
"2014-02-12 17:00","FileTxnLog.java","8558","1437","9995"
"2013-12-11 01:10","FileTxnLog.java","5376","1140","6516"
"2018-01-19 00:43","FileTxnLog.java","60303","24381","84684"
"2019-12-27 22:33","FileTxnLog.java","266401","194942","461343"
"2019-10-10 14:37","FileTxnLog.java","260130","193596","453726"
"2018-11-12 22:36","FileTxnLog.java","224368","193495","417863"
"2018-08-01 21:19","FileTxnLog.java","83980","43103","127083"
"2018-04-27 20:28","FileTxnLog.java","62371","24599","86970"
"2018-06-08 16:52","FileTxnLog.java","63950","24731","88681"
"2014-06-30 19:11","FileTxnLog.java","21338","9158","30496"
"2020-01-28 17:26","FileTxnLog.java","268121","194942","463063"
"2019-05-14 17:11","FileTxnLog.java","241028","193580","434608"
"2019-01-07 14:24","FileTxnLog.java","231108","193497","424605"
"2019-04-12 19:01","FileTxnLog.java","238168","193580","431748"
"2017-04-28 07:14","FileTxnLog.java","53451","21260","74711"
"2018-09-06 01:11","FileTxnLog.java","154438","111930","266368"
"2018-09-18 01:00","FileTxnLog.java","156768","112006","268774"
"2016-03-20 19:31","FileTxnLog.java","42542","15293","57835"
"2019-08-17 17:13","FileTxnLog.java","256377","193596","449973"
"2019-06-03 19:40","FileTxnLog.java","241708","193596","435304"
"2018-04-24 00:20","FileTxnLog.java","62179","24494","86673"
"2018-02-14 21:23","FileTxnLog.java","61249","24448","85697"
"2019-08-03 08:42","FileTxnLog.java","257085","193596","450681"
"2019-04-09 15:35","FileTxnLog.java","237155","193517","430672"
"2017-08-03 20:41","FileTxnLog.java","54886","23511","78397"
"2018-02-02 00:26","FileTxnLog.java","60314","24385","84699"
"2017-06-26 00:07","FileTxnLog.java","54136","22407","76543"
"2019-08-17 17:13","MaxCnxnsTest.java","256292","198547","454839"
"2019-06-03 19:40","ZooKeeperServerMainTest.java","240604","226741","467345"
"2019-08-17 17:13","ZooKeeperServerMainTest.java","255274","226742","482016"
"2018-09-11 15:23","ZooKeeperServerMainTest.java","116697","107439","224136"
"2019-08-17 17:13","CommitProcessorMetricsTest.java","46141","29861","76002"
"2019-08-06 01:49","CommitProcessorMetricsTest.java","24743","7579","32322"
"2019-07-30 02:31","CommitProcessorMetricsTest.java","21352","7151","28503"
"2019-10-10 14:37","ObserverZooKeeperServer.java","50040","31771","81811"
"2019-08-17 17:13","ObserverZooKeeperServer.java","43884","29368","73252"
"2019-12-27 22:33","LogChopper.java","186102","158663","344765"
"2019-11-28 12:24","LogChopper.java","182317","158650","340967"
"2019-08-17 17:13","LogChopper.java","174233","155472","329705"
"2019-06-03 19:40","WorkerService.java","239493","231571","471064"
"2019-08-17 17:13","WorkerService.java","254163","231572","485735"
"2020-05-05 21:20","ServerMetrics.java","66228","40399","106627"
"2020-02-26 22:41","ServerMetrics.java","59406","36739","96145"
"2020-03-25 03:38","ServerMetrics.java","61698","36900","98598"
"2019-09-16 23:26","ServerMetrics.java","43477","28445","71922"
"2019-11-18 09:05","ServerMetrics.java","49689","34532","84221"
"2020-05-03 19:43","ServerMetrics.java","63300","37566","100866"
"2019-11-23 17:08","ServerMetrics.java","51440","34726","86166"
"2019-08-17 17:13","ServerMetrics.java","38871","26858","65729"
"2019-07-23 15:55","ServerMetrics.java","9559","1538","11097"
"2019-07-08 23:26","ServerMetrics.java","1009","220","1229"
"2019-07-31 19:06","ServerMetrics.java","14394","3074","17468"
"2017-07-28 00:36","Transaction.java","70669","24806","95475"
"2013-02-03 15:52","Transaction.java","13855","5263","19118"
"2019-08-17 17:13","Transaction.java","256502","179204","435706"
"2019-08-17 17:13","RestoreCommittedLogTest.java","44907","29711","74618"
"2019-08-17 17:13","FLEPredicateTest.java","256154","206595","462749"
"2017-11-28 00:10","FLEPredicateTest.java","38528","15984","54512"
"2019-08-17 17:13","FLEBackwardElectionRoundTest.java","30536","25849","56385"
"2020-05-05 21:20","Request.java","6441","5410","11851"
"2019-08-17 17:13","AsyncOpsTest.java","257015","167976","424991"
"2011-04-12 09:14","AsyncOpsTest.java","27920","17408","45328"
"2012-12-19 19:16","AsyncOpsTest.java","59893","27491","87384"
"2014-06-25 19:06","AsyncOpsTest.java","85602","34669","120271"
"2019-10-10 14:37","AsyncOpsTest.java","260768","167976","428744"
"2019-10-10 14:37","ZooKeeperSaslClient.java","260657","177112","437769"
"2016-03-02 07:46","ZooKeeperSaslClient.java","68486","23742","92228"
"2016-03-05 01:03","ZooKeeperSaslClient.java","67388","23751","91139"
"2015-12-05 22:32","ZooKeeperSaslClient.java","67860","23614","91474"
"2020-02-04 10:39","ZooKeeperSaslClient.java","268486","178210","446696"
"2011-09-27 04:06","ZooKeeperSaslClient.java","3937","3680","7617"
"2012-02-06 09:34","ZooKeeperSaslClient.java","8735","7769","16504"
"2012-09-09 20:24","ZooKeeperSaslClient.java","16436","10972","27408"
"2012-09-28 18:32","ZooKeeperSaslClient.java","16624","10979","27603"
"2019-01-31 15:50","ZooKeeperSaslClient.java","234504","177045","411549"
"2012-08-02 00:24","ZooKeeperSaslClient.java","15527","10802","26329"
"2019-08-03 08:42","ZooKeeperSaslClient.java","257612","177112","434724"
"2014-12-20 15:29","ZooKeeperSaslClient.java","60307","21862","82169"
"2017-11-28 00:10","ZooKeeperSaslClient.java","83357","30580","113937"
"2013-09-18 12:58","ZooKeeperSaslClient.java","31092","13942","45034"
"2013-10-11 21:18","ZooKeeperSaslClient.java","34856","14298","49154"
"2016-05-02 18:15","ZooKeeperSaslClient.java","69766","25274","95040"
"2013-09-28 01:24","ZooKeeperSaslClient.java","31406","13961","45367"
"2019-08-17 17:13","ZooKeeperSaslClient.java","256904","177112","434016"
"2018-09-28 23:38","WatchesReport.java","143477","113030","256507"
"2019-08-17 17:13","WatchesReport.java","256151","210259","466410"
"2020-03-19 17:09","Learner.java","268840","229836","498676"
"2020-02-03 04:30","Learner.java","267335","229836","497171"
"2020-01-23 13:43","Learner.java","266778","229836","496614"
"2020-03-25 03:38","Learner.java","269636","229836","499472"
"2019-11-28 12:24","Learner.java","261755","229834","491589"
"2019-12-27 22:33","Learner.java","265528","229835","495363"
"2020-01-25 18:48","Learner.java","266968","229836","496804"
"2020-05-03 19:43","Learner.java","270633","229897","500530"
"2019-10-10 14:37","Learner.java","258833","228065","486898"
"2019-06-03 19:40","Learner.java","240409","228063","468472"
"2019-07-15 14:15","Learner.java","250498","228064","478562"
"2019-08-23 19:43","Learner.java","255745","228064","483809"
"2019-08-17 17:13","Learner.java","255079","228064","483143"
"2018-05-09 00:54","Learner.java","3057","929","3986"
"2019-04-09 15:35","Learner.java","235826","227954","463780"
"2019-07-12 17:01","Learner.java","250392","228064","478456"
"2019-07-02 07:34","Learner.java","243021","228063","471084"
"2018-10-16 16:22","Learner.java","231194","205782","436976"
"2018-12-09 03:16","Learner.java","227596","227923","455519"
"2019-11-29 14:49","Learner.java","263406","229834","493240"
"2018-11-27 10:02","Learner.java","225272","227923","453195"
"2018-08-06 14:11","Learner.java","28128","22602","50730"
"2018-07-10 12:46","QuorumTest.java","107532","48590","156122"
"2019-08-17 17:13","QuorumTest.java","256985","187413","444398"
"2010-11-04 17:01","QuorumTest.java","30793","711","31504"
"2012-12-13 08:14","QuorumTest.java","36319","25266","61585"
"2011-06-22 00:19","QuorumTest.java","8627","15513","24140"
"2011-07-15 06:50","QuorumTest.java","12673","15312","27985"
"2013-10-09 22:21","QuorumTest.java","49599","26856","76455"
"2011-09-17 02:13","QuorumTest.java","20925","18482","39407"
"2011-04-12 09:14","QuorumTest.java","5707","14662","20369"
"2019-10-10 14:37","QuorumTest.java","260738","187413","448151"
"2019-09-18 11:20","QuorumTest.java","259897","187413","447310"
"2019-12-28 16:17","QuorumTest.java","266643","188486","455129"
"2015-11-03 08:11","QuorumTest.java","81493","35422","116915"
"2011-07-29 10:14","QuorumTest.java","15309","15416","30725"
"2019-10-10 14:37","X509Util.java","34559","27820","62379"
"2019-08-17 17:13","X509Util.java","28338","25352","53690"
"2019-08-17 17:13","CommandExecutor.java","25455","24762","50217"
"2018-11-27 10:02","UnifiedServerSocketTest.java","58568","86631","145199"
"2018-12-15 07:34","UnifiedServerSocketTest.java","61890","87714","149604"
"2019-08-17 17:13","UnifiedServerSocketTest.java","111485","109882","221367"
"2019-08-02 13:55","UnifiedServerSocketTest.java","101762","99472","201234"
"2019-10-10 14:37","ClientTest.java","259003","224681","483684"
"2019-12-28 16:17","ClientTest.java","265461","226307","491768"
"2018-11-22 17:56","ClientTest.java","223827","224561","448388"
"2017-06-30 22:43","ClientTest.java","760","1239","1999"
"2019-03-06 03:32","ClientTest.java","234939","224585","459524"
"2019-08-17 17:13","ClientTest.java","255250","224681","479931"
"2015-10-18 19:00","QuorumPeer.java","18919","5028","23947"
"2018-12-20 15:13","QuorumPeer.java","229615","205996","435611"
"2019-05-16 16:25","QuorumPeer.java","240937","206089","447026"
"2018-10-16 16:22","QuorumPeer.java","234932","186486","421418"
"2019-06-14 09:06","QuorumPeer.java","244152","206105","450257"
"2018-12-07 12:41","QuorumPeer.java","226628","205995","432623"
"2019-03-11 19:47","QuorumPeer.java","236062","206015","442077"
"2014-07-18 02:19","QuorumPeer.java","5360","1203","6563"
"2019-02-13 13:12","QuorumPeer.java","235011","206016","441027"
"2019-04-12 19:01","QuorumPeer.java","237945","206089","444034"
"2018-12-09 03:16","QuorumPeer.java","228702","205995","434697"
"2018-09-11 15:23","QuorumPeer.java","142457","111682","254139"
"2019-11-29 14:49","QuorumPeer.java","264150","207544","471694"
"2018-12-15 07:34","QuorumPeer.java","228617","205995","434612"
"2018-11-27 10:02","QuorumPeer.java","226378","205995","432373"
"2018-09-18 01:00","QuorumPeer.java","143816","111786","255602"
"2019-06-03 19:40","QuorumPeer.java","241485","206105","447590"
"2019-07-15 14:15","QuorumPeer.java","251573","206105","457678"
"2015-03-17 18:06","QuorumPeer.java","12947","2817","15764"
"2019-07-03 00:44","QuorumPeer.java","244167","206105","450272"
"2019-08-17 17:13","QuorumPeer.java","256154","206105","462259"
"2015-06-27 02:03","QuorumPeer.java","16627","3808","20435"
"2017-11-28 00:10","QuorumPeer.java","39804","16770","56574"
"2018-01-30 08:02","QuorumPeer.java","40360","17173","57533"
"2019-05-15 11:56","QuorumPeer.java","240892","206089","446981"
"2019-06-05 00:33","QuorumPeer.java","241875","206105","447980"
"2019-05-20 23:13","QuorumPeer.java","241010","206089","447099"
"2019-06-04 10:55","QuorumPeer.java","241638","206105","447743"
"2019-07-12 17:01","QuorumPeer.java","251467","206105","457572"
"2020-01-09 11:27","QuorumPeer.java","265697","207545","473242"
"2017-02-09 11:40","QuorumPeer.java","32906","11096","44002"
"2017-07-06 18:48","QuorumPeer.java","34590","15094","49684"
"2018-10-01 06:11","QuorumPeer.java","146600","111991","258591"
"2015-04-09 20:16","QuorumPeer.java","14052","2859","16911"
"2018-07-04 17:11","QuorumPeer.java","52470","25722","78192"
"2019-12-17 13:48","QuorumPeer.java","264722","207544","472266"
"2015-12-07 05:59","QuorumPeer.java","19969","5320","25289"
"2020-01-23 13:43","QuorumPeer.java","267521","207545","475066"
"2016-06-23 23:45","QuorumPeer.java","24494","8775","33269"
"2016-06-23 23:25","QuorumPeer.java","24352","8741","33093"
"2014-07-18 20:48","QuorumPeer.java","6039","1423","7462"
"2018-12-06 10:56","QuorumPeer.java","226572","205995","432567"
"2019-10-10 14:37","QuorumPeer.java","259907","206105","466012"
"2017-07-27 23:09","QuorumPeer.java","34605","16095","50700"
"2018-06-26 11:18","QuorumPeer.java","44409","17679","62088"
"2018-07-27 12:32","QuorumPeer.java","64171","36223","100394"
"2019-04-18 19:17","QuorumPeer.java","238655","206089","444744"
"2016-12-20 14:47","QuorumPeer.java","31496","10821","42317"
"2017-05-11 16:59","QuorumPeer.java","33391","14762","48153"
"2014-08-14 08:08","QuorumPeer.java","7417","1940","9357"
"2014-08-01 07:38","QuorumPeer.java","6885","1829","8714"
"2014-07-20 04:50","QuorumPeer.java","6141","1463","7604"
"2016-06-02 00:59","QuorumPeer.java","23925","8683","32608"
"2020-02-16 10:25","QuorumPeer.java","268234","207545","475779"
"2018-12-20 07:24","ClientSSLTest.java","62832","87729","150561"
"2019-01-14 15:36","ClientSSLTest.java","70543","94041","164584"
"2018-12-15 07:34","ClientSSLTest.java","61890","87714","149604"
"2019-08-17 17:13","ClientSSLTest.java","111485","109882","221367"
"2019-06-03 19:40","ClientSSLTest.java","82447","95513","177960"
"2019-06-05 00:29","ClientSSLTest.java","82920","95650","178570"
"2020-03-25 03:38","QuorumBase.java","19231","10199","29430"
"2019-10-10 14:37","ClientCnxnSocketNIO.java","259857","214757","474614"
"2019-04-09 15:35","ClientCnxnSocketNIO.java","236873","214669","451542"
"2019-08-03 08:42","ClientCnxnSocketNIO.java","256812","214757","471569"
"2019-08-17 17:13","ClientCnxnSocketNIO.java","256104","214757","470861"
"2016-05-02 18:15","ClientCnxnSocketNIO.java","12582","6535","19117"
"2018-11-22 17:56","ClientCnxnSocketNIO.java","224690","214646","439336"
"2018-07-10 12:46","QuorumTest.java","68441","32242","100683"
"2019-08-17 17:13","QuorumTest.java","256367","196919","453286"
"2019-10-10 14:37","QuorumTest.java","260120","196919","457039"
"2019-09-18 11:20","QuorumTest.java","259279","196919","456198"
"2019-12-28 16:17","QuorumTest.java","266300","198267","464567"
"2015-11-03 08:11","QuorumTest.java","36080","12752","48832"
"2019-08-17 17:13","Vote.java","256906","180400","437306"
"2014-07-08 05:25","Vote.java","59982","20347","80329"
"2018-12-06 10:56","Vote.java","227368","180334","407702"
"2019-09-18 11:20","DataTreeTest.java","57326","31525","88851"
"2019-12-27 22:33","DataTreeTest.java","69344","37777","107121"
"2019-10-09 16:38","DataTreeTest.java","58040","31654","89694"
"2019-02-07 11:26","DataTreeTest.java","1367","146","1513"
"2019-07-31 19:06","DataTreeTest.java","30445","8249","38694"
"2019-04-12 19:01","DataTreeTest.java","5857","1161","7018"
"2019-09-10 15:21","DataTreeTest.java","55234","31302","86536"
"2019-08-17 17:13","DataTreeTest.java","52943","30054","82997"
"2019-04-12 12:29","DataTreeTest.java","5291","1026","6317"
"2019-08-17 17:13","RemotePeerBean.java","254848","231529","486377"
"2019-11-29 14:49","RemotePeerBean.java","263341","233465","496806"
"2019-08-17 17:13","ZooKeeperSaslServer.java","256367","194259","450626"
"2017-11-28 00:10","ZooKeeperSaslServer.java","58784","23691","82475"
"2019-08-17 17:13","SetCommand.java","52428","30087","82515"
"2019-02-12 15:25","NettyServerCnxnTest.java","18618","8490","27108"
"2019-06-24 11:05","NettyServerCnxnTest.java","30534","11898","42432"
"2019-07-23 15:55","NettyServerCnxnTest.java","41827","14516","56343"
"2019-08-17 17:13","NettyServerCnxnTest.java","67761","36458","104219"
"2019-06-07 14:13","NettyServerCnxnTest.java","27502","10095","37597"
"2019-08-17 17:13","ZooKeeperQuotaTest.java","256905","180510","437415"
"2019-06-07 14:13","ZooKeeperQuotaTest.java","243009","180510","423519"
"2019-07-17 13:42","ZooKeeperQuotaTest.java","252669","180510","433179"
"2018-07-10 12:46","QuorumTest.java","126831","48479","175310"
"2019-08-17 17:13","QuorumTest.java","257015","167976","424991"
"2010-11-04 17:01","QuorumTest.java","55197","5648","60845"
"2012-12-13 08:14","QuorumTest.java","57621","27158","84779"
"2011-06-22 00:19","QuorumTest.java","30572","17991","48563"
"2011-07-15 06:50","QuorumTest.java","34297","17526","51823"
"2010-08-18 08:24","QuorumTest.java","24450","4983","29433"
"2013-10-09 22:21","QuorumTest.java","70612","28459","99071"
"2011-09-17 02:13","QuorumTest.java","42411","20558","62969"
"2010-07-29 23:10","QuorumTest.java","17764","3487","21251"
"2011-04-12 09:14","QuorumTest.java","27920","17408","45328"
"2019-10-10 14:37","QuorumTest.java","260768","167976","428744"
"2019-09-18 11:20","QuorumTest.java","259927","167976","427903"
"2019-12-28 16:17","QuorumTest.java","266647","169023","435670"
"2015-11-03 08:11","QuorumTest.java","101303","35822","137125"
"2011-07-29 10:14","QuorumTest.java","36931","17628","54559"
"2019-09-05 22:59","AsyncCallback.java","55835","31183","87018"
"2019-02-07 11:26","AsyncCallback.java","2688","336","3024"
"2019-08-17 17:13","AsyncCallback.java","54043","30023","84066"
"2019-08-17 17:13","ClientPortBindTest.java","255887","221786","477673"
"2017-01-14 06:32","ClientPortBindTest.java","7513","1939","9452"
"2018-10-08 14:33","ClientPortBindTest.java","229745","200204","429949"
"2016-08-24 01:36","ClientPortBindTest.java","620","386","1006"
"2019-10-10 14:37","ClientPortBindTest.java","259640","221786","481426"
"2020-02-26 22:41","NettyServerCnxnFactory.java","127325","115068","242393"
"2019-10-10 14:37","NettyServerCnxnFactory.java","116649","111293","227942"
"2019-09-10 18:50","NettyServerCnxnFactory.java","113661","110941","224602"
"2019-11-14 03:54","NettyServerCnxnFactory.java","121070","111458","232528"
"2019-02-12 15:25","NettyServerCnxnFactory.java","74755","94327","169082"
"2019-02-15 15:36","NettyServerCnxnFactory.java","75330","94487","169817"
"2019-04-12 19:01","NettyServerCnxnFactory.java","78417","95007","173424"
"2018-11-22 17:56","NettyServerCnxnFactory.java","56761","86461","143222"
"2018-12-15 07:34","NettyServerCnxnFactory.java","61890","87714","149604"
"2019-02-13 13:12","NettyServerCnxnFactory.java","75030","94481","169511"
"2019-08-17 17:13","NettyServerCnxnFactory.java","111485","109882","221367"
"2019-11-23 17:08","NettyServerCnxnFactory.java","119923","113619","233542"
"2019-07-03 00:44","NettyServerCnxnFactory.java","86740","97124","183864"
"2019-06-05 00:29","NettyServerCnxnFactory.java","82920","95650","178570"
"2019-07-23 15:55","NettyServerCnxnFactory.java","95716","98105","193821"
"2019-06-24 11:05","NettyServerCnxnFactory.java","85872","96936","182808"
"2019-08-03 08:42","NettyServerCnxnFactory.java","101948","99637","201585"
"2019-05-03 17:37","QuorumMajorityTest.java","239379","225883","465262"
"2019-08-17 17:13","QuorumMajorityTest.java","255276","225902","481178"
"2019-06-07 14:13","SessionTest.java","243036","178405","421441"
"2019-08-17 17:13","SessionTest.java","256932","178405","435337"
"2017-09-11 18:55","SessionTest.java","88187","27844","116031"
"2018-09-22 06:48","SessionTest.java","180488","107223","287711"
"2011-10-25 08:09","SessionTest.java","16828","6924","23752"
"2013-12-21 22:05","SessionTest.java","47163","13693","60856"
"2019-10-10 14:37","SessionTest.java","260685","178405","439090"
"2015-07-07 07:11","SessionTest.java","76443","22280","98723"
"2019-12-28 16:17","SessionTest.java","266611","179499","446110"
"2019-08-17 17:13","SerializationPerfTest.java","256932","178405","435337"
"2011-06-23 18:01","SerializationPerfTest.java","3281","1186","4467"
"2019-10-10 14:37","SerializationPerfTest.java","260685","178405","439090"
"2019-12-27 22:33","QuorumPeerTestBase.java","265557","228347","493904"
"2019-10-10 14:37","QuorumPeerTestBase.java","259027","226742","485769"
"2019-07-12 17:01","QuorumPeerTestBase.java","250587","226742","477329"
"2019-08-17 17:13","QuorumPeerTestBase.java","255274","226742","482016"
"2017-11-28 00:10","QuorumPeerTestBase.java","8868","7351","16219"
"2017-12-16 01:25","QuorumPeerTestBase.java","9349","7788","17137"
"2018-10-12 10:25","QuorumPeerTestBase.java","228824","204857","433681"
"2018-07-19 05:59","MBeanRegistry.java","47880","34090","81970"
"2019-05-03 17:37","MBeanRegistry.java","240029","219512","459541"
"2019-08-17 17:13","MBeanRegistry.java","255925","219530","475455"
"2019-10-10 14:37","MBeanRegistry.java","259678","219530","479208"
"2019-08-17 17:13","EnsembleAuthenticationProvider.java","38727","26740","65467"
"2019-11-23 17:08","ZooKeeperServer.java","6499","5551","12050"
"2019-12-27 22:33","ZooKeeperServer.java","11303","6378","17681"
"2019-11-18 09:05","ZooKeeperServer.java","4698","5307","10005"
"2019-12-03 10:01","ZooKeeperServer.java","8976","6126","15102"
"2020-03-25 03:38","ZooKeeperServer.java","19231","10199","29430"
"2019-11-28 12:24","ZooKeeperServer.java","6767","5614","12381"
"2019-11-06 15:21","ZooKeeperServer.java","356","140","496"
"2020-04-12 11:14","ZooKeeperServer.java","20672","10887","31559"
"2019-08-17 17:13","CnxnStatResetCommand.java","255276","226243","481519"
"2019-09-20 10:06","TxnLogToolkit.java","52243","31208","83451"
"2019-12-27 22:33","TxnLogToolkit.java","64481","37631","102112"
"2019-11-28 12:24","TxnLogToolkit.java","60282","37204","97486"
"2019-07-09 13:34","TxnLogToolkit.java","11551","4477","16028"
"2019-08-17 17:13","TxnLogToolkit.java","47784","29612","77396"
"2019-11-23 17:08","ZooKeeperServer.java","10669","8987","19656"
"2019-10-09 16:49","ZooKeeperServer.java","2751","2184","4935"
"2019-12-27 22:33","ZooKeeperServer.java","15413","9754","25167"
"2019-11-18 09:05","ZooKeeperServer.java","8869","8744","17613"
"2019-10-10 14:37","ZooKeeperServer.java","4181","3447","7628"
"2019-12-03 10:01","ZooKeeperServer.java","13095","9511","22606"
"2020-03-25 03:38","ZooKeeperServer.java","21686","11920","33606"
"2019-11-28 12:24","ZooKeeperServer.java","10936","9049","19985"
"2019-11-06 15:21","ZooKeeperServer.java","4537","3587","8124"
"2020-04-12 11:14","ZooKeeperServer.java","23123","12604","35727"
"2020-01-23 13:43","QuorumPeerMainTest.java","48645","35201","83846"
"2019-10-10 14:37","QuorumPeerMainTest.java","35017","27747","62764"
"2019-12-28 16:17","QuorumPeerMainTest.java","45984","33882","79866"
"2019-08-17 17:13","QuorumPeerMainTest.java","28807","25290","54097"
"2019-10-10 14:37","JMXEnv.java","60370","31909","92279"
"2019-12-27 22:33","JMXEnv.java","70951","37565","108516"
"2019-08-17 17:13","JMXEnv.java","54619","29911","84530"
"2019-06-03 19:40","JMXEnv.java","12056","2017","14073"
"2014-05-09 23:37","QuorumPeerInstance.java","134070","23619","157689"
"2014-08-14 14:33","QuorumPeerInstance.java","142517","24008","166525"
"2018-07-10 13:29","QuorumPeerInstance.java","173783","33991","207774"
"2018-12-20 07:24","QuorumPeerInstance.java","231156","103678","334834"
"2011-04-12 09:14","QuorumPeerInstance.java","93189","17738","110927"
"2013-10-05 00:17","QuorumPeerInstance.java","123090","22137","145227"
"2015-12-06 21:30","QuorumPeerInstance.java","151873","24311","176184"
"2019-07-12 17:01","QuorumPeerInstance.java","252996","103705","356701"
"2014-11-29 16:53","QuorumPeerInstance.java","145182","24052","169234"
"2014-08-14 09:32","QuorumPeerInstance.java","142517","24008","166525"
"2015-05-10 00:27","QuorumPeerInstance.java","148413","24147","172560"
"2017-09-11 18:55","QuorumPeerInstance.java","159342","27151","186493"
"2019-08-17 17:13","LearnerZooKeeperServer.java","255887","222252","478139"
"2010-01-26 01:17","SessionTrackerImpl.java","112286","11274","123560"
"2009-11-07 01:48","SessionTrackerImpl.java","99761","10669","110430"
"2019-10-10 14:37","SessionTrackerImpl.java","261595","58134","319729"
"2019-09-20 10:02","SessionTrackerImpl.java","260762","58134","318896"
"2011-04-12 09:14","SessionTrackerImpl.java","133947","12766","146713"
"2011-11-14 20:18","SessionTrackerImpl.java","135467","15857","151324"
"2010-08-18 08:24","SessionTrackerImpl.java","142314","12178","154492"
"2013-10-09 22:21","SessionTrackerImpl.java","157539","17028","174567"
"2020-03-26 22:16","SessionTrackerImpl.java","270955","58455","329410"
"2015-03-08 23:07","SessionTrackerImpl.java","177557","18565","196122"
"2014-07-25 00:58","SessionTrackerImpl.java","173192","18478","191670"
"2014-07-23 20:17","SessionTrackerImpl.java","173186","18478","191664"
"2012-09-17 09:53","SessionTrackerImpl.java","141901","16117","158018"
"2015-02-06 06:17","SessionTrackerImpl.java","177374","18556","195930"
"2014-07-18 02:19","SessionTrackerImpl.java","172531","18464","190995"
"2018-09-18 01:00","SessionTrackerImpl.java","226629","44689","271318"
"2009-06-15 22:52","SessionTrackerImpl.java","84087","8957","93044"
"2009-05-20 20:48","SessionTrackerImpl.java","80592","8645","89237"
"2009-06-26 22:29","SessionTrackerImpl.java","92998","9234","102232"
"2019-09-05 23:12","SessionTrackerImpl.java","258761","58134","316895"
"2019-08-17 17:13","SessionTrackerImpl.java","257842","58134","315976"
"2018-08-08 06:21","SessionTrackerImpl.java","207350","28516","235866"
"2018-05-09 23:57","SessionTrackerImpl.java","194821","19173","213994"
"2019-04-22 19:15","SessionTrackerImpl.java","240624","58134","298758"
"2009-01-16 00:48","SessionTrackerImpl.java","39341","7218","46559"
"2012-12-19 19:07","SessionTrackerImpl.java","146558","16679","163237"
"2019-10-10 14:37","ZooKeeperSaslClient.java","260403","177824","438227"
"2016-03-02 07:46","ZooKeeperSaslClient.java","61136","17358","78494"
"2016-03-05 01:03","ZooKeeperSaslClient.java","61170","18499","79669"
"2015-12-05 22:32","ZooKeeperSaslClient.java","60481","17201","77682"
"2020-02-04 10:39","ZooKeeperSaslClient.java","268442","179132","447574"
"2012-09-09 20:24","ZooKeeperSaslClient.java","7964","3466","11430"
"2012-09-28 18:32","ZooKeeperSaslClient.java","8176","3497","11673"
"2019-01-31 15:50","ZooKeeperSaslClient.java","234240","177747","411987"
"2012-08-02 00:24","ZooKeeperSaslClient.java","7005","3246","10251"
"2019-08-03 08:42","ZooKeeperSaslClient.java","257358","177824","435182"
"2014-12-20 15:29","ZooKeeperSaslClient.java","52804","15325","68129"
"2017-11-28 00:10","ZooKeeperSaslClient.java","77436","25625","103061"
"2013-09-18 12:58","ZooKeeperSaslClient.java","23000","6816","29816"
"2013-10-11 21:18","ZooKeeperSaslClient.java","26866","7274","34140"
"2016-05-02 18:15","ZooKeeperSaslClient.java","63623","20097","83720"
"2013-09-28 01:24","ZooKeeperSaslClient.java","23324","6845","30169"
"2019-08-17 17:13","ZooKeeperSaslClient.java","256650","177824","434474"
"2017-06-08 17:51","ClientBase.java","48069","21794","69863"
"2017-04-18 01:37","ClientBase.java","47754","20847","68601"
"2018-09-07 02:49","ClientBase.java","149464","112119","261583"
"2019-07-31 19:06","ClientBase.java","255599","198687","454286"
"2015-02-06 06:17","ClientBase.java","27040","10576","37616"
"2017-09-11 18:55","ClientBase.java","50030","23297","73327"
"2019-08-17 17:13","ClientBase.java","256292","198687","454979"
"2015-03-28 20:08","ClientBase.java","29503","10828","40331"
"2019-06-07 14:13","ClientBase.java","242396","198687","441083"
"2018-04-24 00:20","ClientBase.java","56729","24220","80949"
"2018-08-08 06:21","ClientBase.java","122073","85593","207666"
"2018-05-09 23:57","ClientBase.java","57643","24349","81992"
"2019-06-24 11:05","ClientBase.java","243625","198687","442312"
"2017-01-13 19:29","ClientBase.java","47260","18187","65447"
"2016-06-23 23:25","ClientBase.java","39503","16336","55839"
"2014-01-25 01:17","ClientBase.java","1913","107","2020"
"2019-11-14 16:44","ClientBase.java","264347","198715","463062"
"2019-10-10 14:37","ClientBase.java","260045","198687","458732"
"2016-08-24 01:36","ClientBase.java","40837","17099","57936"
"2015-03-08 23:07","ClientBase.java","27303","10665","37968"
"2012-02-06 09:56","Transaction.java","15640","7866","23506"
"2012-03-17 01:31","Transaction.java","17466","8187","25653"
"2017-07-28 00:36","Transaction.java","83365","28223","111588"
"2013-02-03 15:52","Transaction.java","30271","12400","42671"
"2019-08-17 17:13","Transaction.java","256904","183022","439926"
"2019-08-17 17:13","KeyStoreLoader.java","68806","36682","105488"
"2017-06-08 17:51","ClientBase.java","46305","21836","68141"
"2017-04-18 01:37","ClientBase.java","45987","20886","66873"
"2018-09-07 02:49","ClientBase.java","147741","112202","259943"
"2019-07-31 19:06","ClientBase.java","255599","200493","456092"
"2015-02-06 06:17","ClientBase.java","25216","10558","35774"
"2017-09-11 18:55","ClientBase.java","48269","23342","71611"
"2019-08-17 17:13","ClientBase.java","256292","200493","456785"
"2015-03-28 20:08","ClientBase.java","27680","10811","38491"
"2019-06-07 14:13","ClientBase.java","242396","200493","442889"
"2018-04-24 00:20","ClientBase.java","54968","24265","79233"
"2018-08-08 06:21","ClientBase.java","120334","85660","205994"
"2018-05-09 23:57","ClientBase.java","55882","24394","80276"
"2019-06-24 11:05","ClientBase.java","243625","200493","444118"
"2017-01-13 19:29","ClientBase.java","45470","18203","63673"
"2016-06-23 23:25","ClientBase.java","37699","16338","54037"
"2019-11-14 16:44","ClientBase.java","264347","200521","464868"
"2019-10-10 14:37","ClientBase.java","260045","200493","460538"
"2016-08-24 01:36","ClientBase.java","39036","17104","56140"
"2015-03-08 23:07","ClientBase.java","25479","10647","36126"
"2019-10-10 14:37","X509Util.java","49826","31740","81566"
"2019-07-29 17:09","X509Util.java","16796","5449","22245"
"2019-08-17 17:13","X509Util.java","43666","29333","72999"
"2020-03-26 22:20","WatchBench.java","190762","162277","353039"
"2018-12-20 15:13","QuorumPeer.java","4455","1413","5868"
"2019-05-16 16:25","QuorumPeer.java","23606","9335","32941"
"2019-06-14 09:06","QuorumPeer.java","27813","10343","38156"
"2018-12-07 12:41","QuorumPeer.java","132","76","208"
"2019-03-11 19:47","QuorumPeer.java","17899","8429","26328"
"2019-02-13 13:12","QuorumPeer.java","16778","8360","25138"
"2019-04-12 19:01","QuorumPeer.java","20228","8949","29177"
"2018-12-09 03:16","QuorumPeer.java","2591","461","3052"
"2019-11-29 14:49","QuorumPeer.java","79887","43858","123745"
"2018-12-15 07:34","QuorumPeer.java","3434","1389","4823"
"2019-06-03 19:40","QuorumPeer.java","24380","9577","33957"
"2019-07-15 14:15","QuorumPeer.java","38778","13887","52665"
"2019-07-03 00:44","QuorumPeer.java","30367","12882","43249"
"2019-08-17 17:13","QuorumPeer.java","65934","36462","102396"
"2019-05-15 11:56","QuorumPeer.java","23538","9312","32850"
"2019-06-05 00:33","QuorumPeer.java","24948","9755","34703"
"2019-05-20 23:13","QuorumPeer.java","23721","9377","33098"
"2019-06-04 10:55","QuorumPeer.java","24650","9694","34344"
"2019-07-12 17:01","QuorumPeer.java","38672","13887","52559"
"2020-01-09 11:27","QuorumPeer.java","82420","44845","127265"
"2019-12-17 13:48","QuorumPeer.java","80468","43867","124335"
"2020-01-23 13:43","QuorumPeer.java","84491","45092","129583"
"2019-10-10 14:37","QuorumPeer.java","71665","38440","110105"
"2019-04-18 19:17","QuorumPeer.java","20960","8971","29931"
"2020-02-16 10:25","QuorumPeer.java","85332","45220","130552"
"2020-04-12 11:14","RequestThrottlerTest.java","23123","12604","35727"
"2019-08-17 17:13","WatchedEvent.java","255234","223799","479033"
"2017-07-28 00:36","JRecord.java","108875","38309","147184"
"2019-06-20 20:25","JRecord.java","244309","167551","411860"
"2019-07-29 17:15","JRecord.java","254590","167551","422141"
"2016-11-24 17:18","JRecord.java","108428","36140","144568"
"2017-09-11 18:55","JRecord.java","109609","38480","148089"
"2016-11-25 07:08","JRecord.java","108333","36052","144385"
"2011-07-19 02:59","JRecord.java","34528","15135","49663"
"2020-04-07 17:00","JRecord.java","271450","168623","440073"
"2011-09-02 22:53","JRecord.java","39378","15387","54765"
"2019-06-03 19:40","FollowerZooKeeperServer.java","242263","178405","420668"
"2019-08-17 17:13","FollowerZooKeeperServer.java","256932","178405","435337"
"2019-05-03 00:44","FollowerZooKeeperServer.java","240930","178406","419336"
"2019-06-04 10:55","FollowerZooKeeperServer.java","242416","178405","420821"
"2018-08-06 14:11","FollowerZooKeeperServer.java","114997","45271","160268"
"2018-12-09 03:16","FollowerZooKeeperServer.java","229524","178339","407863"
"2018-11-21 17:56","FollowerZooKeeperServer.java","224955","178338","403293"
"2011-10-20 20:02","FollowerZooKeeperServer.java","16601","6751","23352"
"2019-11-28 12:24","FollowerZooKeeperServer.java","262932","179499","442431"
"2019-12-27 22:33","FollowerZooKeeperServer.java","266704","179499","446203"
"2020-02-26 22:41","NettyServerCnxnFactory.java","70703","39289","109992"
"2019-10-10 14:37","NettyServerCnxnFactory.java","56729","32216","88945"
"2019-09-10 18:50","NettyServerCnxnFactory.java","53264","31387","84651"
"2019-11-14 03:54","NettyServerCnxnFactory.java","61240","32471","93711"
"2019-04-12 19:01","NettyServerCnxnFactory.java","3443","876","4319"
"2019-08-17 17:13","NettyServerCnxnFactory.java","50885","30125","81010"
"2019-11-23 17:08","NettyServerCnxnFactory.java","62973","37512","100485"
"2019-07-03 00:44","NettyServerCnxnFactory.java","13972","5199","19171"
"2019-06-05 00:29","NettyServerCnxnFactory.java","8242","1815","10057"
"2019-07-23 15:55","NettyServerCnxnFactory.java","23334","6566","29900"
"2019-06-24 11:05","NettyServerCnxnFactory.java","12017","3924","15941"
"2019-08-03 08:42","NettyServerCnxnFactory.java","29825","8357","38182"
"2019-10-10 14:37","FourLetterWordsTest.java","259720","218737","478457"
"2015-11-08 22:36","FourLetterWordsTest.java","1679","371","2050"
"2015-07-05 06:05","FourLetterWordsTest.java","90","20","110"
"2019-08-17 17:13","FourLetterWordsTest.java","255967","218737","474704"
"2019-05-08 21:54","FourLetterWordsTest.java","240451","218719","459170"
"2015-07-10 08:19","FourLetterWordsTest.java","519","194","713"
"2013-09-18 12:58","ClientCnxn.java","43465","55257","98722"
"2015-01-31 08:05","ClientCnxn.java","72377","62863","135240"
"2016-05-02 18:15","ClientCnxn.java","81516","65966","147482"
"2014-01-24 07:18","ClientCnxn.java","50686","55746","106432"
"2019-08-17 17:13","ClientCnxn.java","256985","218823","475808"
"2015-05-10 00:27","ClientCnxn.java","75136","63083","138219"
"2017-12-19 19:27","ClientCnxn.java","93705","69826","163531"
"2019-01-31 15:50","ClientCnxn.java","234587","218758","453345"
"2012-08-02 00:24","ClientCnxn.java","28708","52925","81633"
"2019-04-09 15:35","ClientCnxn.java","237791","218772","456563"
"2013-02-03 15:52","ClientCnxn.java","36725","54581","91306"
"2014-12-20 15:29","ClientCnxn.java","72359","62856","135215"
"2012-03-15 18:01","ClientCnxn.java","23867","50474","74341"
"2019-11-08 17:30","ClientCnxn.java","262599","218823","481422"
"2017-06-08 17:59","ClientCnxn.java","88935","69346","158281"
"2012-09-09 20:24","ClientCnxn.java","29528","53006","82534"
"2019-01-16 14:21","ClientCnxn.java","232900","218758","451658"
"2019-01-07 14:24","ClientCnxn.java","231749","218757","450506"
"2019-03-06 03:32","ClientCnxn.java","236718","218771","455489"
"2011-09-14 07:43","ClientCnxn.java","17559","44281","61840"
"2011-08-19 00:05","ClientCnxn.java","15126","44068","59194"
"2015-02-06 06:17","ClientCnxn.java","72622","62913","135535"
"2019-02-07 11:26","ClientCnxn.java","235253","218759","454012"
"2018-11-05 19:40","ClientCnxn.java","236904","187568","424472"
"2011-04-12 09:14","ClientCnxn.java","2273","42638","44911"
"2020-05-17 15:13","ClientCnxn.java","272005","219898","491903"
"2018-06-25 12:30","ClientCnxn.java","97490","70085","167575"
"2012-12-19 19:16","ClientCnxn.java","36170","54519","90689"
"2020-03-03 03:12","ClientCnxn.java","269793","219896","489689"
"2018-09-10 11:44","ClientCnxn.java","179196","148606","327802"
"2011-09-28 22:17","ClientCnxn.java","18624","47293","65917"
"2015-06-13 02:42","ClientCnxn.java","76801","63286","140087"
"2011-05-20 01:17","ClientCnxn.java","3279","42825","46104"
"2014-03-23 04:12","ClientCnxn.java","51496","55919","107415"
"2015-11-09 00:05","ClientCnxn.java","79298","64291","143589"
"2015-12-06 19:58","ClientCnxn.java","79641","64329","143970"
"2020-01-21 17:53","ClientCnxn.java","266054","219896","485950"
"2015-12-05 22:43","ClientCnxn.java","79638","64329","143967"
"2015-12-05 22:32","ClientCnxn.java","79632","64328","143960"
"2019-10-10 14:37","ClientCnxn.java","260738","218823","479561"
"2014-04-01 04:03","ClientCnxn.java","52534","56114","108648"
"2013-09-18 15:14","ClientCnxn.java","43483","55257","98740"
"2013-09-18 04:08","ClientCnxn.java","43379","55257","98636"
"2019-11-21 05:58","ClientCnxn.java","261225","219896","481121"
"2020-04-16 12:50","ClientCnxn.java","271632","219896","491528"
"2018-07-27 05:16","ClientCnxn.java","115484","86927","202411"
"2019-12-27 22:33","FileTxnSnapLog.java","266840","84322","351162"
"2009-11-07 08:16","FileTxnSnapLog.java","75402","12154","87556"
"2019-10-10 14:37","FileTxnSnapLog.java","261459","83866","345325"
"2019-12-13 08:51","FileTxnSnapLog.java","264877","84322","349199"
"2017-01-07 01:09","FileTxnSnapLog.java","172820","21406","194226"
"2011-07-13 15:48","FileTxnSnapLog.java","108535","13269","121804"
"2014-02-12 17:00","FileTxnSnapLog.java","143462","18973","162435"
"2012-03-06 09:20","FileTxnSnapLog.java","119572","17808","137380"
"2020-01-23 16:46","FileTxnSnapLog.java","268089","84322","352411"
"2020-01-28 17:26","FileTxnSnapLog.java","268560","84322","352882"
"2011-10-20 20:02","FileTxnSnapLog.java","116193","17409","133602"
"2016-09-18 23:21","FileTxnSnapLog.java","168152","21210","189362"
"2017-01-23 02:13","FileTxnSnapLog.java","173240","21422","194662"
"2011-04-12 09:14","FileTxnSnapLog.java","110305","14992","125297"
"2018-06-08 16:52","FileTxnSnapLog.java","178765","22178","200943"
"2019-09-02 08:23","FileTxnSnapLog.java","258363","83866","342229"
"2011-12-21 21:39","FileTxnSnapLog.java","118057","17576","135633"
"2017-04-28 07:14","FileTxnSnapLog.java","171287","21728","193015"
"2019-07-31 19:06","FileTxnSnapLog.java","257013","83866","340879"
"2018-07-30 06:22","FileTxnSnapLog.java","186232","27990","214222"
"2012-02-06 09:40","FileTxnSnapLog.java","119028","17686","136714"
"2012-07-17 23:25","FileTxnSnapLog.java","123038","17973","141011"
"2020-01-30 09:43","FileTxnSnapLog.java","268636","84322","352958"
"2019-05-14 17:11","FileTxnSnapLog.java","242374","83867","326241"
"2010-03-12 23:36","FileTxnSnapLog.java","97686","13083","110769"
"2008-10-21 06:36","FileTxnSnapLog.java","219","11","230"
"2013-06-28 23:22","FileTxnSnapLog.java","136277","18909","155186"
"2014-02-10 21:50","FileTxnSnapLog.java","143333","18956","162289"
"2019-05-21 23:34","FileTxnSnapLog.java","242695","83867","326562"
"2009-02-20 01:23","FileTxnSnapLog.java","28355","8493","36848"
"2019-05-27 10:54","FileTxnSnapLog.java","243027","83867","326894"
"2009-01-31 02:18","FileTxnSnapLog.java","24630","7580","32210"
"2008-12-10 22:55","FileTxnSnapLog.java","9684","3071","12755"
"2017-01-13 19:29","FileTxnSnapLog.java","173033","21416","194449"
"2017-06-26 00:07","FileTxnSnapLog.java","171071","21974","193045"
"2018-02-23 23:49","FileTxnSnapLog.java","176475","22142","198617"
"2017-08-18 06:32","FileTxnSnapLog.java","171123","22024","193147"
"2009-06-18 18:37","FileTxnSnapLog.java","60443","10110","70553"
"2019-08-17 17:13","FileTxnSnapLog.java","257706","83866","341572"
"2009-06-15 22:52","FileTxnSnapLog.java","59149","9887","69036"
"2018-02-14 21:23","FileTxnSnapLog.java","176311","22142","198453"
"2018-11-22 17:56","NettyServerCnxnTest.java","134355","145394","279749"
"2019-02-12 15:25","NettyServerCnxnTest.java","150830","151741","302571"
"2019-06-24 11:05","NettyServerCnxnTest.java","160890","153293","314183"
"2019-07-23 15:55","NettyServerCnxnTest.java","169571","153299","322870"
"2019-08-17 17:13","NettyServerCnxnTest.java","174233","153969","328202"
"2019-06-07 14:13","NettyServerCnxnTest.java","158433","152065","310498"
"2011-04-29 18:12","QuorumCnxManager.java","59159","22927","82086"
"2011-12-28 01:26","QuorumCnxManager.java","72580","26557","99137"
"2019-11-29 14:49","QuorumCnxManager.java","264687","143706","408393"
"2013-03-07 07:01","QuorumCnxManager.java","90663","29686","120349"
"2018-07-11 06:04","QuorumCnxManager.java","145983","43625","189608"
"2018-08-06 14:11","QuorumCnxManager.java","152446","48315","200761"
"2010-11-17 15:59","QuorumCnxManager.java","94411","18536","112947"
"2012-06-29 22:08","QuorumCnxManager.java","77471","28289","105760"
"2018-10-16 16:22","QuorumCnxManager.java","239509","115492","355001"
"2019-06-14 09:06","QuorumCnxManager.java","245488","143066","388554"
"2019-08-03 08:42","QuorumCnxManager.java","258198","143066","401264"
"2019-11-13 20:41","QuorumCnxManager.java","265209","143066","408275"
"2019-04-09 16:08","QuorumCnxManager.java","238310","143030","381340"
"2019-08-06 12:52","QuorumCnxManager.java","258463","143066","401529"
"2017-02-09 11:40","QuorumCnxManager.java","132297","34916","167213"
"2019-05-20 23:13","QuorumCnxManager.java","242362","143066","385428"
"2015-04-09 20:16","QuorumCnxManager.java","119132","32368","151500"
"2017-08-23 02:16","QuorumCnxManager.java","130920","36235","167155"
"2019-07-27 20:04","QuorumCnxManager.java","254021","143066","397087"
"2015-05-29 23:46","QuorumCnxManager.java","119719","32439","152158"
"2015-05-14 07:10","QuorumCnxManager.java","119430","32446","151876"
"2020-03-12 14:47","QuorumCnxManager.java","270073","143706","413779"
"2019-08-17 17:13","QuorumCnxManager.java","257490","143066","400556"
"2017-11-28 00:10","QuorumCnxManager.java","134958","36353","171311"
"2009-11-18 20:06","QuorumCnxManager.java","15100","3674","18774"
"2009-10-27 22:14","QuorumCnxManager.java","3882","1575","5457"
"2009-12-15 23:23","QuorumCnxManager.java","16527","4523","21050"
"2019-10-10 14:37","QuorumCnxManager.java","261243","143066","404309"
"2014-07-23 19:36","QuorumCnxManager.java","112492","32161","144653"
"2017-06-09 18:37","QuorumCnxManager.java","130522","36133","166655"
"2020-01-23 13:43","QuorumCnxManager.java","268057","143706","411763"
"2014-03-23 04:12","QuorumCnxManager.java","100654","30307","130961"
"2010-01-19 21:06","QuorumCnxManager.java","20146","5126","25272"
"2010-01-21 04:08","QuorumCnxManager.java","20170","5144","25314"
"2014-07-08 05:25","QuorumCnxManager.java","108126","32065","140191"
"2019-11-28 12:24","QuorumCnxManager.java","263036","143706","406742"
"2014-06-25 15:04","QuorumCnxManager.java","106149","31724","137873"
"2011-08-15 02:44","QuorumCnxManager.java","65423","21793","87216"
"2016-06-08 17:43","QuorumCnxManager.java","125022","34210","159232"
"2020-03-23 16:20","QuorumCnxManager.java","270244","143706","413950"
"2020-02-16 10:25","QuorumCnxManager.java","268770","143706","412476"
"2014-07-22 06:45","QuorumCnxManager.java","112416","32160","144576"
"2011-04-12 09:14","QuorumCnxManager.java","58776","22879","81655"
"2010-10-06 19:01","QuorumCnxManager.java","91220","17952","109172"
"2018-07-27 12:32","QuorumCnxManager.java","151804","48285","200089"
"2010-10-20 00:32","QuorumCnxManager.java","92733","17972","110705"
"2011-03-16 19:49","QuorumCnxManager.java","96123","18753","114876"
"2017-07-28 00:36","JRecord.java","77802","31227","109029"
"2019-06-20 20:25","JRecord.java","244084","178755","422839"
"2019-07-29 17:15","JRecord.java","254365","178755","433120"
"2016-11-24 17:18","JRecord.java","75932","27635","103567"
"2017-09-11 18:55","JRecord.java","78558","31420","109978"
"2016-11-25 07:08","JRecord.java","75834","27544","103378"
"2020-04-07 17:00","JRecord.java","271359","179961","451320"
"2014-11-29 16:53","Log4JSource.java","82713","33668","116381"
"2011-04-12 09:14","Log4JSource.java","14925","15093","30018"
"2011-04-29 18:12","QuorumCnxManager.java","59845","22867","82712"
"2011-12-28 01:26","QuorumCnxManager.java","73211","26442","99653"
"2019-11-29 14:49","QuorumCnxManager.java","264696","142969","407665"
"2013-03-07 07:01","QuorumCnxManager.java","91211","29488","120699"
"2018-07-11 06:04","QuorumCnxManager.java","146407","43303","189710"
"2018-08-06 14:11","QuorumCnxManager.java","152863","47986","200849"
"2010-11-17 15:59","QuorumCnxManager.java","95118","18497","113615"
"2012-06-29 22:08","QuorumCnxManager.java","78078","28150","106228"
"2018-10-16 16:22","QuorumCnxManager.java","239518","114755","354273"
"2019-06-14 09:06","QuorumCnxManager.java","245497","142329","387826"
"2019-08-03 08:42","QuorumCnxManager.java","258207","142329","400536"
"2019-11-13 20:41","QuorumCnxManager.java","265218","142329","407547"
"2019-04-09 16:08","QuorumCnxManager.java","238319","142293","380612"
"2019-08-06 12:52","QuorumCnxManager.java","258472","142329","400801"
"2017-02-09 11:40","QuorumCnxManager.java","132753","34626","167379"
"2019-05-20 23:13","QuorumCnxManager.java","242371","142329","384700"
"2015-04-09 20:16","QuorumCnxManager.java","119593","32083","151676"
"2017-08-23 02:16","QuorumCnxManager.java","131346","35915","167261"
"2019-07-27 20:04","QuorumCnxManager.java","254030","142329","396359"
"2015-05-29 23:46","QuorumCnxManager.java","120180","32154","152334"
"2015-05-14 07:10","QuorumCnxManager.java","119891","32161","152052"
"2020-03-12 14:47","QuorumCnxManager.java","270082","142969","413051"
"2019-08-17 17:13","QuorumCnxManager.java","257499","142329","399828"
"2017-11-28 00:10","QuorumCnxManager.java","135383","36032","171415"
"2009-11-18 20:06","QuorumCnxManager.java","15899","3727","19626"
"2009-10-27 22:14","QuorumCnxManager.java","4701","1648","6349"
"2009-12-15 23:23","QuorumCnxManager.java","17330","4580","21910"
"2009-08-11 00:24","QuorumCnxManager.java","867","121","988"
"2019-10-10 14:37","QuorumCnxManager.java","261252","142329","403581"
"2014-07-23 19:36","QuorumCnxManager.java","112953","31876","144829"
"2017-06-09 18:37","QuorumCnxManager.java","130948","35813","166761"
"2020-01-23 13:43","QuorumCnxManager.java","268066","142969","411035"
"2014-03-23 04:12","QuorumCnxManager.java","101198","30105","131303"
"2010-01-19 21:06","QuorumCnxManager.java","20945","5179","26124"
"2010-01-21 04:08","QuorumCnxManager.java","20969","5197","26166"
"2014-07-08 05:25","QuorumCnxManager.java","108587","31780","140367"
"2019-11-28 12:24","QuorumCnxManager.java","263045","142969","406014"
"2014-06-25 15:04","QuorumCnxManager.java","106693","31522","138215"
"2011-08-15 02:44","QuorumCnxManager.java","66099","21723","87822"
"2016-06-08 17:43","QuorumCnxManager.java","125482","33924","159406"
"2020-03-23 16:20","QuorumCnxManager.java","270253","142969","413222"
"2020-02-16 10:25","QuorumCnxManager.java","268779","142969","411748"
"2014-07-22 06:45","QuorumCnxManager.java","112877","31875","144752"
"2011-04-12 09:14","QuorumCnxManager.java","59474","22831","82305"
"2010-10-06 19:01","QuorumCnxManager.java","91928","17914","109842"
"2018-07-27 12:32","QuorumCnxManager.java","152221","47956","200177"
"2010-10-20 00:32","QuorumCnxManager.java","93441","17934","111375"
"2011-03-16 19:49","QuorumCnxManager.java","96829","18713","115542"
"2018-07-10 13:29","QuorumPeerInstance.java","44444","25782","70226"
"2018-12-20 07:24","QuorumPeerInstance.java","229494","214061","443555"
"2015-12-06 21:30","QuorumPeerInstance.java","9861","3429","13290"
"2019-07-12 17:01","QuorumPeerInstance.java","251417","214171","465588"
"2015-05-10 00:27","QuorumPeerInstance.java","4021","885","4906"
"2017-09-11 18:55","QuorumPeerInstance.java","26408","15347","41755"
"2018-09-11 15:23","ServerConfig.java","171737","111388","283125"
"2019-04-12 19:01","ServerConfig.java","238550","177120","415670"
"2019-02-13 13:12","ServerConfig.java","235640","177071","412711"
"2017-07-28 00:36","ServerConfig.java","76375","28187","104562"
"2019-05-15 11:56","ServerConfig.java","241497","177120","418617"
"2019-08-17 17:13","ServerConfig.java","256742","177119","433861"
"2015-03-17 18:06","ServerConfig.java","58556","18852","77408"
"2016-12-22 04:10","ServerConfig.java","75150","24566","99716"
"2019-04-18 19:17","ServerConfig.java","239260","177120","416380"
"2011-04-12 09:14","ZooKeeperService.java","10270","15865","26135"
"2019-12-17 13:48","Zab1_0Test.java","263913","232758","496671"
"2019-12-27 22:33","Zab1_0Test.java","265463","232759","498222"
"2019-10-10 14:37","Zab1_0Test.java","258676","230897","489573"
"2019-08-17 17:13","Zab1_0Test.java","254922","230896","485818"
"2019-06-03 19:40","Zab1_0Test.java","240252","230895","471147"
"2019-08-01 07:31","ObserverRequestProcessor.java","257575","172074","429649"
"2019-08-17 17:13","ObserverRequestProcessor.java","256904","172074","428978"
"2015-06-04 19:51","ObserverRequestProcessor.java","68575","21330","89905"
"2016-10-07 21:51","ObserverRequestProcessor.java","76990","24694","101684"
"2013-03-07 07:01","ObserverRequestProcessor.java","32894","12707","45601"
"2015-03-08 23:07","ObserverRequestProcessor.java","64787","20924","85711"
"2013-10-09 22:21","ObserverRequestProcessor.java","38764","13382","52146"
"2011-10-28 18:37","ObserverRequestProcessor.java","10122","6407","16529"
"2014-07-18 19:46","ObserverRequestProcessor.java","59680","20515","80195"
"2014-03-23 04:12","ObserverRequestProcessor.java","43339","13782","57121"
"2020-03-25 03:38","ObserverRequestProcessor.java","270787","173172","443959"
"2014-11-29 16:53","Log4JSource.java","82724","33673","116397"
"2010-06-25 22:08","Log4JSource.java","14","8","22"
"2011-04-12 09:14","Log4JSource.java","14937","15099","30036"
"2019-10-10 14:37","PortForwarder.java","7470","3717","11187"
"2019-10-10 14:37","FourLetterWordsTest.java","259836","217153","476989"
"2015-11-08 22:36","FourLetterWordsTest.java","5660","2652","8312"
"2015-07-05 06:05","FourLetterWordsTest.java","4079","2309","6388"
"2015-06-28 21:09","FourLetterWordsTest.java","3989","2289","6278"
"2019-08-17 17:13","FourLetterWordsTest.java","256083","217153","473236"
"2019-05-08 21:54","FourLetterWordsTest.java","240568","217136","457704"
"2015-07-10 08:19","FourLetterWordsTest.java","4505","2480","6985"
"2019-08-17 17:13","ReconfigRecoveryTest.java","255250","224697","479947"
"2017-09-11 18:55","ReconfigRecoveryTest.java","1498","1817","3315"
"2020-05-05 21:20","ServerMetrics.java","17606","8491","26097"
"2020-02-26 22:41","ServerMetrics.java","10528","4575","15103"
"2020-03-25 03:38","ServerMetrics.java","12870","4786","17656"
"2020-05-03 19:43","ServerMetrics.java","14552","5532","20084"
"2011-10-25 08:09","InstanceManager.java","105170","20906","126076"
"2011-04-12 09:14","InstanceManager.java","96641","18214","114855"
"2010-03-19 18:29","InstanceManager.java","81607","13502","95109"
"2017-09-11 18:55","InstanceManager.java","162057","27354","189411"
"2015-02-06 06:17","InstanceManager.java","148828","24394","173222"
"2019-08-17 17:13","InstanceManager.java","257689","100735","358424"
"2019-10-10 14:37","ZKDatabase.java","51144","32058","83202"
"2019-12-27 22:33","ZKDatabase.java","61977","37966","99943"
"2019-11-08 17:30","ZKDatabase.java","53177","32230","85407"
"2019-08-17 17:13","ZKDatabase.java","45008","29675","74683"
"2019-09-10 00:27","ZKDatabase.java","47229","30956","78185"
"2019-05-08 21:54","ZKTestCase.java","241518","168110","409628"
"2019-08-06 17:11","ZKTestCase.java","258116","168109","426225"
"2019-08-17 17:13","ZKTestCase.java","257015","168109","425124"
"2017-03-04 19:22","ZKTestCase.java","110104","39659","149763"
"2014-07-18 02:19","ZKTestCase.java","90778","35202","125980"
"2018-12-09 03:16","ZKTestCase.java","229615","168051","397666"
"2011-04-12 09:14","ZKTestCase.java","27791","17412","45203"
"2019-10-10 14:37","ZKTestCase.java","260768","168109","428877"
"2019-11-14 16:44","ZKTestCase.java","265042","168109","433151"
"2019-11-28 12:24","ZKTestCase.java","262968","169156","432124"
"2019-08-17 17:13","QuorumHammerTest.java","256904","174606","431510"
"2019-09-16 23:26","ZooKeeperServerMXBean.java","49099","31280","80379"
"2019-11-14 03:54","ZooKeeperServerMXBean.java","55188","32379","87567"
"2020-03-25 03:38","ZooKeeperServerMXBean.java","67231","39646","106877"
"2019-07-30 02:31","ZooKeeperServerMXBean.java","19460","6739","26199"
"2019-08-17 17:13","ZooKeeperServerMXBean.java","44520","29720","74240"
"2019-07-08 23:26","ZooKeeperServerMXBean.java","7586","4010","11596"
"2018-09-15 00:08","ZooKeeperServer.java","154719","111703","266422"
"2019-04-12 19:01","ZooKeeperServer.java","238158","194663","432821"
"2019-07-31 19:06","ZooKeeperServer.java","255674","194679","450353"
"2019-09-11 10:27","ZooKeeperServer.java","257723","194679","452402"
"2019-01-14 19:38","ZooKeeperServer.java","231560","194580","426140"
"2019-01-07 15:34","ZooKeeperServer.java","231161","194580","425741"
"2018-11-21 17:56","ZooKeeperServer.java","224356","194578","418934"
"2017-04-28 07:14","ZooKeeperServer.java","51951","20853","72804"
"2017-02-12 00:12","ZooKeeperServer.java","50981","20782","71763"
"2014-07-18 02:19","ZooKeeperServer.java","25632","9836","35468"
"2013-12-11 19:22","ZooKeeperServer.java","4111","477","4588"
"2019-02-13 13:12","ZooKeeperServer.java","235234","194600","429834"
"2016-11-24 17:18","ZooKeeperServer.java","50130","18155","68285"
"2018-07-19 05:59","ZooKeeperServer.java","81817","42734","124551"
"2018-09-18 01:00","ZooKeeperServer.java","155432","111763","267195"
"2019-03-04 08:07","ZooKeeperServer.java","235810","194599","430409"
"2019-07-08 23:26","ZooKeeperServer.java","245143","194679","439822"
"2019-01-23 14:00","ZooKeeperServer.java","232996","194581","427577"
"2019-02-13 13:19","ZooKeeperServer.java","235520","194600","430120"
"2019-05-14 17:11","ZooKeeperServer.java","241018","194663","435681"
"2015-07-10 08:19","ZooKeeperServer.java","37608","12825","50433"
"2019-06-04 10:55","ZooKeeperServer.java","241851","194679","436530"
"2019-04-09 15:35","ZooKeeperServer.java","237145","194600","431745"
"2019-08-03 08:42","ZooKeeperServer.java","257075","194679","451754"
"2019-05-15 11:56","ZooKeeperServer.java","241105","194663","435768"
"2019-05-22 11:39","ZooKeeperServer.java","241551","194663","436214"
"2019-04-22 19:15","ZooKeeperServer.java","239133","194663","433796"
"2018-02-23 23:49","ZooKeeperServer.java","60012","24140","84152"
"2016-11-16 06:21","ZooKeeperServer.java","49542","17588","67130"
"2017-08-18 06:32","ZooKeeperServer.java","53766","23128","76894"
"2017-06-26 00:16","ZooKeeperServer.java","52645","22015","74660"
"2019-09-10 04:26","ZooKeeperServer.java","257412","194679","452091"
"2019-08-17 17:13","ZooKeeperServer.java","256367","194679","451046"
"2019-09-05 23:12","ZooKeeperServer.java","257286","194679","451965"
"2019-09-10 15:21","ZooKeeperServer.java","257410","194679","452089"
"2019-08-01 07:31","ZooKeeperServer.java","257038","194679","451717"
"2019-08-01 07:28","ZooKeeperServer.java","256548","194679","451227"
"2019-06-03 19:40","ZooKeeperServer.java","241698","194679","436377"
"2015-03-17 18:06","ZooKeeperServer.java","32923","11154","44077"
"2019-11-23 17:08","ZooKeeperServer.java","262416","196027","458443"
"2019-10-09 16:49","ZooKeeperServer.java","259953","194679","454632"
"2019-07-03 00:44","ZooKeeperServer.java","244380","194679","439059"
"2018-01-19 01:12","ZooKeeperServer.java","58884","24054","82938"
"2019-07-24 18:00","ZooKeeperServer.java","252822","194679","447501"
"2018-08-08 06:21","ZooKeeperServer.java","125836","85273","211109"
"2018-05-09 23:57","ZooKeeperServer.java","61668","24291","85959"
"2019-12-27 22:33","ZooKeeperServer.java","266393","196027","462420"
"2016-08-13 15:01","ZooKeeperServer.java","45023","16970","61993"
"2018-09-11 00:17","ZooKeeperServer.java","153159","111692","264851"
"2019-11-18 09:05","ZooKeeperServer.java","260859","196027","456886"
"2019-10-10 14:37","ZooKeeperServer.java","260120","194679","454799"
"2019-09-16 23:26","ZooKeeperServer.java","259386","194679","454065"
"2017-06-23 18:39","ZooKeeperServer.java","52599","21949","74548"
"2019-12-03 10:01","ZooKeeperServer.java","264318","196027","460345"
"2020-03-25 03:38","ZooKeeperServer.java","270500","196027","466527"
"2019-11-28 12:24","ZooKeeperServer.java","262621","196027","458648"
"2019-11-06 15:21","ZooKeeperServer.java","260364","194707","455071"
"2020-04-12 11:14","ZooKeeperServer.java","271253","196027","467280"
"2013-10-09 22:21","ZooKeeperServer.java","2512","272","2784"
"2015-03-08 23:07","ZooKeeperServer.java","31743","11022","42765"
"2018-06-08 16:52","ZooKeeperServer.java","62537","24411","86948"
"2018-06-15 07:41","ZooKeeperServer.java","62546","24417","86963"
"2018-07-28 04:37","ZooKeeperServer.java","82463","42804","125267"
"2019-04-18 19:17","ZooKeeperServer.java","238868","194663","433531"
"2014-03-25 22:13","ZooKeeperServer.java","7692","1041","8733"
"2019-08-17 17:13","TestableZooKeeper.java","255010","229927","484937"
"2019-03-06 03:32","TestableZooKeeper.java","234683","229815","464498"
"2020-05-17 15:13","TestableZooKeeper.java","270824","231796","502620"
"2018-09-15 00:08","ZooKeeperServer.java","115146","102780","217926"
"2019-04-12 19:01","ZooKeeperServer.java","237038","224193","461231"
"2019-07-31 19:06","ZooKeeperServer.java","254557","224212","478769"
"2019-09-11 10:27","ZooKeeperServer.java","256606","224212","480818"
"2019-01-14 19:38","ZooKeeperServer.java","230423","224093","454516"
"2019-01-07 15:34","ZooKeeperServer.java","230024","224093","454117"
"2018-11-21 17:56","ZooKeeperServer.java","223219","224091","447310"
"2019-02-13 13:12","ZooKeeperServer.java","234099","224115","458214"
"2018-07-19 05:59","ZooKeeperServer.java","32910","24477","57387"
"2018-09-18 01:00","ZooKeeperServer.java","115911","102892","218803"
"2019-03-04 08:07","ZooKeeperServer.java","234677","224116","458793"
"2019-07-08 23:26","ZooKeeperServer.java","244025","224211","468236"
"2019-01-23 14:00","ZooKeeperServer.java","231859","224094","455953"
"2019-02-13 13:19","ZooKeeperServer.java","234385","224115","458500"
"2019-05-14 17:11","ZooKeeperServer.java","239898","224193","464091"
"2019-06-04 10:55","ZooKeeperServer.java","240733","224211","464944"
"2019-04-09 15:35","ZooKeeperServer.java","236013","224118","460131"
"2019-08-03 08:42","ZooKeeperServer.java","255958","224212","480170"
"2019-05-15 11:56","ZooKeeperServer.java","239985","224193","464178"
"2019-05-22 11:39","ZooKeeperServer.java","240432","224194","464626"
"2019-04-22 19:15","ZooKeeperServer.java","238013","224193","462206"
"2018-02-23 23:49","ZooKeeperServer.java","8383","3161","11544"
"2017-08-18 06:32","ZooKeeperServer.java","1755","1767","3522"
"2017-06-26 00:16","ZooKeeperServer.java","80","100","180"
"2019-09-10 04:26","ZooKeeperServer.java","256295","224212","480507"
"2019-08-17 17:13","ZooKeeperServer.java","255250","224212","479462"
"2019-09-05 23:12","ZooKeeperServer.java","256169","224212","480381"
"2019-09-10 15:21","ZooKeeperServer.java","256293","224212","480505"
"2019-08-01 07:31","ZooKeeperServer.java","255921","224212","480133"
"2019-08-01 07:28","ZooKeeperServer.java","255431","224212","479643"
"2019-06-03 19:40","ZooKeeperServer.java","240580","224211","464791"
"2019-11-23 17:08","ZooKeeperServer.java","261576","225837","487413"
"2019-10-09 16:49","ZooKeeperServer.java","258836","224212","483048"
"2019-07-03 00:44","ZooKeeperServer.java","243262","224211","467473"
"2018-01-19 01:12","ZooKeeperServer.java","7182","3002","10184"
"2019-07-24 18:00","ZooKeeperServer.java","251705","224212","475917"
"2018-08-08 06:21","ZooKeeperServer.java","82328","72415","154743"
"2018-05-09 23:57","ZooKeeperServer.java","10170","3443","13613"
"2019-12-27 22:33","ZooKeeperServer.java","265554","225838","491392"
"2018-09-11 00:17","ZooKeeperServer.java","113573","102756","216329"
"2019-11-18 09:05","ZooKeeperServer.java","260019","225837","485856"
"2019-10-10 14:37","ZooKeeperServer.java","259003","224212","483215"
"2019-09-16 23:26","ZooKeeperServer.java","258269","224212","482481"
"2019-12-03 10:01","ZooKeeperServer.java","263478","225837","489315"
"2020-03-25 03:38","ZooKeeperServer.java","269662","225839","495501"
"2019-11-28 12:24","ZooKeeperServer.java","261781","225837","487618"
"2019-11-06 15:21","ZooKeeperServer.java","259267","224260","483527"
"2020-04-12 11:14","ZooKeeperServer.java","270476","225900","496376"
"2018-06-08 16:52","ZooKeeperServer.java","11158","3682","14840"
"2018-06-15 07:41","ZooKeeperServer.java","11169","3690","14859"
"2018-07-28 04:37","ZooKeeperServer.java","33619","24610","58229"
"2019-04-18 19:17","ZooKeeperServer.java","237748","224193","461941"
"2019-08-17 17:13","ReadOnlyModeTest.java","256367","196919","453286"
"2015-02-06 06:17","ReadOnlyModeTest.java","29023","10716","39739"
"2017-04-18 01:37","ReadOnlyModeTest.java","49416","20666","70082"
"2017-06-08 17:51","ReadOnlyModeTest.java","49731","21613","71344"
"2016-11-24 17:18","PurgeTxnLog.java","12336","6077","18413"
"2020-01-30 09:43","PurgeTxnLog.java","267946","221500","489446"
"2017-07-28 00:36","PurgeTxnLog.java","17139","12602","29741"
"2019-08-17 17:13","PurgeTxnLog.java","255921","219949","475870"
"2019-10-10 14:37","PurgeTxnLog.java","259674","219949","479623"
"2019-11-28 12:24","PurgeTxnLog.java","262376","221498","483874"
"2015-11-22 00:33","PurgeTxnLog.java","558","145","703"
"2017-01-23 02:13","PurgeTxnLog.java","14089","6448","20537"
"2015-06-04 19:51","CreateMode.java","74960","21330","96290"
"2019-08-17 17:13","CreateMode.java","256932","178405","435337"
"2016-10-07 21:51","CreateMode.java","83275","24594","107869"
"2017-07-28 00:36","CreateMode.java","87433","27653","115086"
"2013-12-17 17:55","CreateMode.java","47051","13675","60726"
"2019-11-29 14:49","QuorumCnxManager.java","8927","6123","15050"
"2019-11-13 20:41","QuorumCnxManager.java","4279","313","4592"
"2020-03-12 14:47","QuorumCnxManager.java","18276","10086","28362"
"2020-01-23 13:43","QuorumCnxManager.java","14381","8207","22588"
"2019-11-28 12:24","QuorumCnxManager.java","6767","5614","12381"
"2020-03-23 16:20","QuorumCnxManager.java","18537","10176","28713"
"2020-02-16 10:25","QuorumCnxManager.java","16868","9981","26849"
"2019-10-10 14:37","ClientTest.java","261595","57679","319274"
"2009-09-16 02:09","ClientTest.java","96902","9740","106642"
"2019-12-28 16:17","ClientTest.java","266748","58000","324748"
"2009-10-31 00:09","ClientTest.java","99704","10562","110266"
"2009-11-07 01:48","ClientTest.java","100252","10705","110957"
"2010-01-05 18:32","ClientTest.java","109242","11050","120292"
"2010-03-09 03:09","ClientTest.java","121221","11321","132542"
"2014-07-25 01:31","ClientTest.java","173686","18428","192114"
"2009-05-14 22:15","ClientTest.java","81062","8821","89883"
"2009-01-31 00:01","ClientTest.java","49077","7496","56573"
"2017-01-09 22:49","ClientTest.java","190504","18803","209307"
"2010-09-15 07:51","ClientTest.java","170911","12150","183061"
"2011-04-12 09:14","ClientTest.java","134347","12711","147058"
"2014-07-08 20:18","ClientTest.java","169255","18384","187639"
"2017-05-01 17:19","ClientTest.java","188679","18834","207513"
"2018-11-22 17:56","ClientTest.java","226523","57663","284186"
"2008-09-05 16:39","ClientTest.java","993","410","1403"
"2013-01-25 02:17","ClientTest.java","148002","16630","164632"
"2017-06-30 22:43","ClientTest.java","188314","18948","207262"
"2009-06-25 00:59","ClientTest.java","92965","9437","102402"
"2019-03-06 03:32","ClientTest.java","237611","57663","295274"
"2008-12-22 23:23","ClientTest.java","37544","4083","41627"
"2012-12-11 08:42","ClientTest.java","145335","16223","161558"
"2012-10-31 19:38","ClientTest.java","142326","16041","158367"
"2009-04-09 23:02","ClientTest.java","55953","8493","64446"
"2009-06-18 18:37","ClientTest.java","85872","9216","95088"
"2019-08-17 17:13","ClientTest.java","257842","57679","315521"
"2019-08-17 17:13","DataTreeBean.java","256987","178795","435782"
"2018-09-04 11:54","DataTreeBean.java","183499","113217","296716"
"2011-06-14 07:14","ReadOnlyModeTest.java","956","349","1305"
"2019-08-17 17:13","ReadOnlyModeTest.java","256910","179726","436636"
"2015-02-06 06:17","ReadOnlyModeTest.java","69628","20897","90525"
"2017-04-18 01:37","ReadOnlyModeTest.java","86019","26845","112864"
"2017-06-08 17:51","ReadOnlyModeTest.java","86176","27634","113810"
"2013-10-09 22:21","ReadOnlyModeTest.java","43920","13496","57416"
"2011-11-01 08:15","ReadOnlyModeTest.java","15743","6993","22736"
"2013-09-18 01:14","ReadOnlyModeTest.java","40272","13135","53407"
"2011-06-23 18:01","ReadOnlyModeTest.java","1758","1006","2764"
"2011-07-29 10:14","ReadOnlyModeTest.java","9015","1441","10456"
"2019-10-10 14:37","FastLeaderElection.java","59761","32033","91794"
"2019-09-30 23:22","FastLeaderElection.java","58930","31575","90505"
"2020-04-07 09:07","FastLeaderElection.java","76789","39440","116229"
"2019-08-17 17:13","FastLeaderElection.java","54003","30028","84031"
"2019-08-02 20:08","FastLeaderElection.java","33215","8459","41674"
"2019-08-03 08:42","FastLeaderElection.java","33394","8711","42105"
"2019-11-08 17:30","PrepRequestProcessor.java","2052","191","2243"
"2019-12-27 22:33","PrepRequestProcessor.java","11303","6378","17681"
"2020-03-25 03:38","PrepRequestProcessor.java","19231","10199","29430"
"2019-08-17 17:13","PurgeTxnTest.java","255274","226943","482217"
"2020-01-30 09:43","PurgeTxnTest.java","267354","228549","495903"
"2020-03-03 10:53","PurgeTxnTest.java","268621","228549","497170"
"2020-01-31 12:01","PurgeTxnTest.java","267354","228549","495903"
"2019-10-10 14:37","PurgeTxnTest.java","259027","226943","485970"
"2010-03-04 00:07","FileTxnLog.java","90617","13037","103654"
"2011-06-21 07:34","FileTxnLog.java","112327","15172","127499"
"2014-02-12 17:00","FileTxnLog.java","143339","19058","162397"
"2013-12-11 01:10","FileTxnLog.java","140425","19029","159454"
"2018-01-19 00:43","FileTxnLog.java","175294","22212","197506"
"2009-08-25 07:45","FileTxnLog.java","70916","10791","81707"
"2019-12-27 22:33","FileTxnLog.java","266840","84530","351370"
"2019-10-10 14:37","FileTxnLog.java","261459","84074","345533"
"2018-11-12 22:36","FileTxnLog.java","225771","84047","309818"
"2018-08-01 21:19","FileTxnLog.java","186131","28094","214225"
"2018-04-27 20:28","FileTxnLog.java","177221","22289","199510"
"2018-06-08 16:52","FileTxnLog.java","178661","22282","200943"
"2010-12-23 13:42","FileTxnLog.java","150402","14684","165086"
"2011-09-03 01:07","FileTxnLog.java","115598","13458","129056"
"2011-04-12 09:14","FileTxnLog.java","110180","15075","125255"
"2011-11-15 19:30","FileTxnLog.java","117212","17586","134798"
"2014-06-30 19:11","FileTxnLog.java","149754","20414","170168"
"2020-01-28 17:26","FileTxnLog.java","268560","84530","353090"
"2019-05-14 17:11","FileTxnLog.java","242374","84075","326449"
"2019-01-07 14:24","FileTxnLog.java","232509","84047","316556"
"2013-06-28 23:22","FileTxnLog.java","136152","18992","155144"
"2010-03-16 22:23","FileTxnLog.java","97523","13152","110675"
"2019-04-12 19:01","FileTxnLog.java","239514","84075","323589"
"2017-04-28 07:14","FileTxnLog.java","171182","21831","193013"
"2012-02-06 09:40","FileTxnLog.java","118903","17769","136672"
"2018-09-06 01:11","FileTxnLog.java","212959","53291","266250"
"2018-09-18 01:00","FileTxnLog.java","215253","53331","268584"
"2016-03-20 19:31","FileTxnLog.java","165286","20877","186163"
"2019-08-17 17:13","FileTxnLog.java","257706","84074","341780"
"2009-06-18 18:37","FileTxnLog.java","60256","10131","70387"
"2019-06-03 19:40","FileTxnLog.java","243037","84074","327111"
"2018-04-24 00:20","FileTxnLog.java","177098","22253","199351"
"2018-02-14 21:23","FileTxnLog.java","176207","22246","198453"
"2009-02-20 01:23","FileTxnLog.java","28148","8494","36642"
"2019-08-03 08:42","FileTxnLog.java","258414","84074","342488"
"2019-04-09 15:35","FileTxnLog.java","238542","84053","322595"
"2017-08-03 20:41","FileTxnLog.java","170656","22121","192777"
"2018-02-02 00:26","FileTxnLog.java","175303","22214","197517"
"2017-06-26 00:07","FileTxnLog.java","170967","22078","193045"
"2008-12-10 22:55","FileTxnLog.java","9475","3070","12545"
"2020-05-05 21:20","ServerMetrics.java","29616","15800","45416"
"2020-02-26 22:41","ServerMetrics.java","22587","11933","34520"
"2020-03-25 03:38","ServerMetrics.java","24918","12133","37051"
"2019-09-16 23:26","ServerMetrics.java","4958","1939","6897"
"2019-11-18 09:05","ServerMetrics.java","12157","9013","21170"
"2020-05-03 19:43","ServerMetrics.java","26585","12864","39449"
"2019-11-23 17:08","ServerMetrics.java","13955","9254","23209"
"2010-03-12 19:26","LocalPeerMXBean.java","87093","8786","95879"
"2019-11-14 03:54","LocalPeerMXBean.java","265715","90102","355817"
"2018-06-26 11:18","LocalPeerMXBean.java","172683","20151","192834"
"2018-12-20 15:13","LocalPeerMXBean.java","231249","90075","321324"
"2014-06-04 22:07","LocalPeerMXBean.java","140948","16789","157737"
"2019-08-17 17:13","LocalPeerMXBean.java","257706","90102","347808"
"2019-10-10 14:37","FLETest.java","258940","224315","483255"
"2019-08-17 17:13","FLETest.java","255186","224314","479500"
"2019-07-29 17:15","BinaryOutputArchive.java","254361","179411","433772"
"2019-08-17 17:13","CloseCommand.java","255887","221853","477740"
"2015-10-18 19:00","QuorumPeer.java","20150","5113","25263"
"2018-12-20 15:13","QuorumPeer.java","229615","204850","434465"
"2019-05-16 16:25","QuorumPeer.java","240937","204943","445880"
"2018-10-16 16:22","QuorumPeer.java","235046","185454","420500"
"2019-06-14 09:06","QuorumPeer.java","244152","204959","449111"
"2018-12-07 12:41","QuorumPeer.java","226628","204849","431477"
"2019-03-11 19:47","QuorumPeer.java","236062","204869","440931"
"2014-07-18 02:19","QuorumPeer.java","6644","1341","7985"
"2019-02-13 13:12","QuorumPeer.java","235011","204870","439881"
"2019-04-12 19:01","QuorumPeer.java","237945","204943","442888"
"2018-12-09 03:16","QuorumPeer.java","228702","204849","433551"
"2018-09-11 15:23","QuorumPeer.java","143625","111704","255329"
"2019-11-29 14:49","QuorumPeer.java","264150","206398","470548"
"2018-12-15 07:34","QuorumPeer.java","228617","204849","433466"
"2018-11-27 10:02","QuorumPeer.java","226378","204849","431227"
"2018-09-18 01:00","QuorumPeer.java","144984","111808","256792"
"2019-06-03 19:40","QuorumPeer.java","241485","204959","446444"
"2019-07-15 14:15","QuorumPeer.java","251573","204959","456532"
"2015-03-17 18:06","QuorumPeer.java","14184","2908","17092"
"2019-07-03 00:44","QuorumPeer.java","244167","204959","449126"
"2019-08-17 17:13","QuorumPeer.java","256154","204959","461113"
"2015-06-27 02:03","QuorumPeer.java","17858","3893","21751"
"2017-11-28 00:10","QuorumPeer.java","40989","16809","57798"
"2018-01-30 08:02","QuorumPeer.java","41545","17212","58757"
"2019-05-15 11:56","QuorumPeer.java","240892","204943","445835"
"2019-06-05 00:33","QuorumPeer.java","241875","204959","446834"
"2019-05-20 23:13","QuorumPeer.java","241010","204943","445953"
"2019-06-04 10:55","QuorumPeer.java","241638","204959","446597"
"2019-07-12 17:01","QuorumPeer.java","251467","204959","456426"
"2020-01-09 11:27","QuorumPeer.java","265697","206399","472096"
"2017-02-09 11:40","QuorumPeer.java","34121","11165","45286"
"2017-07-06 18:48","QuorumPeer.java","35778","15136","50914"
"2018-10-01 06:11","QuorumPeer.java","147768","112013","259781"
"2015-04-09 20:16","QuorumPeer.java","15289","2950","18239"
"2018-07-04 17:11","QuorumPeer.java","53655","25761","79416"
"2019-12-17 13:48","QuorumPeer.java","264722","206398","471120"
"2015-12-07 05:59","QuorumPeer.java","21200","5405","26605"
"2020-01-23 13:43","QuorumPeer.java","267521","206399","473920"
"2016-06-23 23:45","QuorumPeer.java","25709","8844","34553"
"2016-06-23 23:25","QuorumPeer.java","25567","8810","34377"
"2014-07-18 20:48","QuorumPeer.java","7323","1561","8884"
"2014-07-04 04:19","QuorumPeer.java","1286","140","1426"
"2018-12-06 10:56","QuorumPeer.java","226572","204849","431421"
"2019-10-10 14:37","QuorumPeer.java","259907","204959","464866"
"2017-07-27 23:09","QuorumPeer.java","35790","16134","51924"
"2018-06-26 11:18","QuorumPeer.java","45594","17718","63312"
"2018-07-27 12:32","QuorumPeer.java","65339","36245","101584"
"2019-04-18 19:17","QuorumPeer.java","238655","204943","443598"
"2016-12-20 14:47","QuorumPeer.java","32711","10890","43601"
"2017-05-11 16:59","QuorumPeer.java","34579","14804","49383"
"2014-07-03 06:01","QuorumPeer.java","774","50","824"
"2014-08-14 08:08","QuorumPeer.java","8659","2036","10695"
"2014-08-01 07:38","QuorumPeer.java","8136","1934","10070"
"2014-07-20 04:50","QuorumPeer.java","7425","1601","9026"
"2016-06-02 00:59","QuorumPeer.java","25141","8753","33894"
"2020-02-16 10:25","QuorumPeer.java","268234","206399","474633"
"2019-08-17 17:13","RecoveryTest.java","256292","198547","454839"
"2019-10-10 14:37","RecoveryTest.java","260045","198547","458592"
"2019-12-17 13:48","Zab1_0Test.java","263978","229834","493812"
"2019-12-27 22:33","Zab1_0Test.java","265528","229835","495363"
"2019-10-10 14:37","Zab1_0Test.java","258833","228065","486898"
"2019-08-17 17:13","Zab1_0Test.java","255079","228064","483143"
"2019-06-03 19:40","Zab1_0Test.java","240409","228063","468472"
"2018-05-10 06:00","Zab1_0Test.java","4121","1132","5253"
"2019-09-18 11:20","ReconfigTest.java","257760","231547","489307"
"2019-05-03 17:37","ReconfigTest.java","238949","231526","470475"
"2019-05-08 21:54","ReconfigTest.java","239329","231526","470855"
"2019-08-17 17:13","ReconfigTest.java","254847","231546","486393"
"2019-11-29 14:49","ReconfigTest.java","263341","233483","496824"
"2018-12-09 03:16","ReconfigTest.java","227355","231396","458751"
"2018-11-22 17:56","ReconfigTest.java","223394","231396","454790"
"2018-07-10 12:46","QuorumTest.java","93611","37112","130723"
"2019-08-17 17:13","QuorumTest.java","256750","177002","433752"
"2012-12-13 08:14","QuorumTest.java","17528","8918","26446"
"2013-10-09 22:21","QuorumTest.java","31563","11263","42826"
"2019-10-10 14:37","QuorumTest.java","260503","177002","437505"
"2019-09-18 11:20","QuorumTest.java","259662","177002","436664"
"2019-12-28 16:17","QuorumTest.java","266556","178223","444779"
"2015-11-03 08:11","QuorumTest.java","64213","20585","84798"
"2019-10-10 14:37","FourLetterWordsTest.java","7470","3717","11187"
"2020-01-30 09:43","FileSnap.java","15040","8319","23359"
"2019-12-03 19:12","FileSnap.java","8994","6132","15126"
"2019-12-27 22:33","FileSnap.java","11303","6378","17681"
"2020-01-28 17:26","FileSnap.java","14937","8292","23229"
"2020-03-19 17:09","Learner.java","269698","202148","471846"
"2020-02-03 04:30","Learner.java","268193","202148","470341"
"2020-01-23 13:43","Learner.java","267636","202148","469784"
"2017-07-04 07:39","Learner.java","46698","21962","68660"
"2020-03-25 03:38","Learner.java","270494","202148","472642"
"2015-03-15 08:54","Learner.java","25145","10439","35584"
"2019-11-28 12:24","Learner.java","262615","202148","464763"
"2019-12-27 22:33","Learner.java","266387","202148","468535"
"2020-01-25 18:48","Learner.java","267826","202148","469974"
"2020-05-03 19:43","Learner.java","271430","202148","473578"
"2016-08-13 15:01","Learner.java","38570","16644","55214"
"2019-10-10 14:37","Learner.java","260044","200730","460774"
"2015-01-25 01:22","Learner.java","24421","10206","34627"
"2019-06-03 19:40","Learner.java","241622","200730","442352"
"2015-03-17 18:06","Learner.java","26206","10564","36770"
"2019-07-15 14:15","Learner.java","251710","200730","452440"
"2019-08-23 19:43","Learner.java","256957","200730","457687"
"2016-09-08 22:59","Learner.java","39137","16963","56100"
"2019-08-17 17:13","Learner.java","256291","200730","457021"
"2017-11-28 00:10","Learner.java","52181","23635","75816"
"2018-05-09 00:54","Learner.java","54946","24272","79218"
"2019-04-09 15:35","Learner.java","237061","200643","437704"
"2019-07-12 17:01","Learner.java","251604","200730","452334"
"2017-07-06 18:48","Learner.java","46978","21970","68948"
"2017-08-18 06:32","Learner.java","47583","23072","70655"
"2019-07-02 07:34","Learner.java","244234","200730","444964"
"2018-10-16 16:22","Learner.java","235185","181227","416412"
"2014-07-18 02:19","Learner.java","18824","9155","27979"
"2017-02-12 00:12","Learner.java","44753","20681","65434"
"2018-12-09 03:16","Learner.java","228841","200622","429463"
"2019-11-29 14:49","Learner.java","264266","202148","466414"
"2018-11-27 10:02","Learner.java","226517","200622","427139"
"2018-08-06 14:11","Learner.java","77101","43029","120130"
"2019-08-17 17:13","FollowerResyncConcurrencyTest.java","256659","176160","432819"
"2019-06-03 19:40","FollowerResyncConcurrencyTest.java","241990","176160","418150"
"2013-06-28 23:22","FollowerResyncConcurrencyTest.java","25468","7750","33218"
"2012-03-15 18:01","FollowerResyncConcurrencyTest.java","4670","1628","6298"
"2011-12-09 20:03","FollowerResyncConcurrencyTest.java","533","66","599"
"2015-11-21 22:18","FollowerResyncConcurrencyTest.java","62771","17836","80607"
"2019-10-10 14:37","FollowerResyncConcurrencyTest.java","260412","176160","436572"
"2019-12-28 16:17","FollowerResyncConcurrencyTest.java","266549","177465","444014"
"2020-03-26 18:41","ZooKeeperMain.java","269665","225442","495107"
"2020-04-01 17:02","ZooKeeperMain.java","270047","225500","495547"
"2019-10-10 14:37","ZooKeeperMain.java","258987","223799","482786"
"2020-03-26 22:19","ZooKeeperMain.java","269734","225442","495176"
"2019-11-28 12:24","ZooKeeperMain.java","261781","225440","487221"
"2019-08-03 08:42","ZooKeeperMain.java","255942","223799","479741"
"2019-08-17 17:13","ZooKeeperMain.java","255234","223799","479033"
"2018-08-06 14:11","ZooKeeperMain.java","33124","23178","56302"
"2016-11-13 20:59","TestableZooKeeper.java","41952","17211","59163"
"2019-08-17 17:13","TestableZooKeeper.java","256291","201269","457560"
"2019-03-06 03:32","TestableZooKeeper.java","235988","201181","437169"
"2018-04-25 01:41","TestableZooKeeper.java","54182","24243","78425"
"2020-05-17 15:13","TestableZooKeeper.java","271665","202698","474363"
"2009-07-31 21:07","QuorumQuotaTest.java","45819","6268","52087"
"2019-07-17 13:42","QuorumQuotaTest.java","253451","102765","356216"
"2010-03-31 06:26","QuorumQuotaTest.java","79617","13734","93351"
"2019-08-17 17:13","QuorumQuotaTest.java","257687","102765","360452"
"2019-10-10 14:37","WatcherCleaner.java","7470","3717","11187"
"2018-07-10 13:29","DelQuotaCommand.java","22327","14240","36567"
"2019-08-17 17:13","DelQuotaCommand.java","255250","223892","479142"
"2019-01-31 15:55","DelQuotaCommand.java","232791","223774","456565"
"2020-01-23 13:43","QuorumPeerMainTest.java","21704","11777","33481"
"2019-10-10 14:37","QuorumPeerMainTest.java","7470","3717","11187"
"2019-12-28 16:17","QuorumPeerMainTest.java","18815","10230","29045"
"2019-10-10 14:37","ClientCnxnSocket.java","260217","182136","442353"
"2018-07-10 13:29","ClientCnxnSocket.java","83983","32926","116909"
"2016-12-30 23:01","ClientCnxnSocket.java","65404","19990","85394"
"2015-02-06 06:17","ClientCnxnSocket.java","46784","13597","60381"
"2018-11-22 17:56","ClientCnxnSocket.java","225066","182041","407107"
"2016-05-02 18:15","ClientCnxnSocket.java","57450","18422","75872"
"2019-08-17 17:13","ClientCnxnSocket.java","256464","182136","438600"
"2018-07-12 01:33","ClientCnxnSocket.java","84251","33016","117267"
"2019-04-09 15:35","ClientCnxnSocket.java","237247","182062","419309"
"2014-12-20 15:29","ClientCnxnSocket.java","46485","13504","59989"
"2020-01-22 11:08","KerberosTestUtils.java","20092","11649","31741"
"2019-08-17 17:13","HostProvider.java","255234","223799","479033"
"2018-07-16 05:45","HostProvider.java","31624","22827","54451"
"2019-11-29 14:49","QuorumCnxManager.java","264148","212302","476450"
"2018-07-11 06:04","QuorumCnxManager.java","47453","25426","72879"
"2018-08-06 14:11","QuorumCnxManager.java","59858","36058","95916"
"2018-10-16 16:22","QuorumCnxManager.java","234776","191090","425866"
"2019-06-14 09:06","QuorumCnxManager.java","244145","210858","455003"
"2019-08-03 08:42","QuorumCnxManager.java","256855","210858","467713"
"2019-11-13 20:41","QuorumCnxManager.java","263895","210887","474782"
"2019-04-09 16:08","QuorumCnxManager.java","236915","210770","447685"
"2019-08-06 12:52","QuorumCnxManager.java","257120","210858","467978"
"2017-02-09 11:40","QuorumCnxManager.java","26918","9868","36786"
"2019-05-20 23:13","QuorumCnxManager.java","241003","210842","451845"
"2015-04-09 20:16","QuorumCnxManager.java","7855","1422","9277"
"2017-08-23 02:16","QuorumCnxManager.java","29927","15573","45500"
"2019-07-27 20:04","QuorumCnxManager.java","252678","210858","463536"
"2015-05-29 23:46","QuorumCnxManager.java","9173","2224","11397"
"2015-05-14 07:10","QuorumCnxManager.java","8651","1998","10649"
"2020-03-12 14:47","QuorumCnxManager.java","269535","212303","481838"
"2019-08-17 17:13","QuorumCnxManager.java","256147","210858","467005"
"2017-11-28 00:10","QuorumCnxManager.java","34422","16148","50570"
"2019-10-10 14:37","QuorumCnxManager.java","259900","210858","470758"
"2017-06-09 18:37","QuorumCnxManager.java","27843","13785","41628"
"2020-01-23 13:43","QuorumCnxManager.java","267519","212303","479822"
"2019-11-28 12:24","QuorumCnxManager.java","262497","212302","474799"
"2016-06-08 17:43","QuorumCnxManager.java","17933","7452","25385"
"2020-03-23 16:20","QuorumCnxManager.java","269706","212303","482009"
"2020-02-16 10:25","QuorumCnxManager.java","268232","212303","480535"
"2018-07-27 12:32","QuorumCnxManager.java","59041","35853","94894"
"2019-07-30 02:31","CommitProcessorConcurrencyTest.java","254010","215122","469132"
"2016-05-15 23:31","CommitProcessorConcurrencyTest.java","12587","6536","19123"
"2019-08-17 17:13","CommitProcessorConcurrencyTest.java","256089","215122","471211"
"2017-09-11 18:55","CommitProcessorConcurrencyTest.java","25125","15030","40155"
"2015-07-07 07:11","CommitProcessorConcurrencyTest.java","6581","2666","9247"
"2019-10-10 14:37","CommitProcessorConcurrencyTest.java","259842","215122","474964"
"2018-09-15 00:08","ZooKeeperServer.java","195664","88555","284219"
"2019-04-12 19:01","ZooKeeperServer.java","239297","142905","382202"
"2019-07-31 19:06","ZooKeeperServer.java","256797","142905","399702"
"2019-09-11 10:27","ZooKeeperServer.java","258846","142905","401751"
"2019-01-14 19:38","ZooKeeperServer.java","232738","142861","375599"
"2019-01-07 15:34","ZooKeeperServer.java","232339","142861","375200"
"2018-11-21 17:56","ZooKeeperServer.java","225536","142861","368397"
"2012-01-31 07:45","ZooKeeperServer.java","73142","26567","99709"
"2017-04-28 07:14","ZooKeeperServer.java","130954","35763","166717"
"2011-08-19 00:05","ZooKeeperServer.java","67797","21808","89605"
"2017-02-12 00:12","ZooKeeperServer.java","130025","35733","165758"
"2014-07-18 02:19","ZooKeeperServer.java","112005","32116","144121"
"2013-12-11 19:22","ZooKeeperServer.java","97816","30089","127905"
"2019-02-13 13:12","ZooKeeperServer.java","236401","142870","379271"
"2012-02-11 00:34","ZooKeeperServer.java","74003","26843","100846"
"2016-11-24 17:18","ZooKeeperServer.java","130871","34803","165674"
"2018-07-19 05:59","ZooKeeperServer.java","151404","48228","199632"
"2018-09-18 01:00","ZooKeeperServer.java","196359","88597","284956"
"2019-03-04 08:07","ZooKeeperServer.java","236977","142869","379846"
"2019-07-08 23:26","ZooKeeperServer.java","246266","142905","389171"
"2019-01-23 14:00","ZooKeeperServer.java","234173","142861","377034"
"2019-02-13 13:19","ZooKeeperServer.java","236687","142870","379557"
"2019-05-14 17:11","ZooKeeperServer.java","242157","142905","385062"
"2013-01-25 02:17","ZooKeeperServer.java","86091","29352","115443"
"2015-07-10 08:19","ZooKeeperServer.java","121431","32555","153986"
"2019-06-04 10:55","ZooKeeperServer.java","242974","142905","385879"
"2011-06-14 07:14","ZooKeeperServer.java","61021","23013","84034"
"2019-04-09 15:35","ZooKeeperServer.java","238311","142869","381180"
"2019-08-03 08:42","ZooKeeperServer.java","258198","142905","401103"
"2019-05-15 11:56","ZooKeeperServer.java","242244","142905","385149"
"2019-05-22 11:39","ZooKeeperServer.java","242690","142905","385595"
"2019-04-22 19:15","ZooKeeperServer.java","240272","142905","383177"
"2018-02-23 23:49","ZooKeeperServer.java","136364","36399","172763"
"2016-11-16 06:21","ZooKeeperServer.java","130661","34614","165275"
"2012-12-19 19:07","ZooKeeperServer.java","84997","29296","114293"
"2017-08-18 06:32","ZooKeeperServer.java","130936","36205","167141"
"2017-06-26 00:16","ZooKeeperServer.java","130868","36145","167013"
"2019-09-10 04:26","ZooKeeperServer.java","258535","142905","401440"
"2019-08-17 17:13","ZooKeeperServer.java","257490","142905","400395"
"2019-09-05 23:12","ZooKeeperServer.java","258409","142905","401314"
"2019-09-10 15:21","ZooKeeperServer.java","258533","142905","401438"
"2019-08-01 07:31","ZooKeeperServer.java","258161","142905","401066"
"2019-08-01 07:28","ZooKeeperServer.java","257671","142905","400576"
"2019-06-03 19:40","ZooKeeperServer.java","242821","142905","385726"
"2015-03-17 18:06","ZooKeeperServer.java","118211","32349","150560"
"2019-11-23 17:08","ZooKeeperServer.java","262831","143545","406376"
"2019-10-09 16:49","ZooKeeperServer.java","261076","142905","403981"
"2019-07-03 00:44","ZooKeeperServer.java","245503","142905","388408"
"2018-01-19 01:12","ZooKeeperServer.java","135284","36361","171645"
"2019-07-24 18:00","ZooKeeperServer.java","253945","142905","396850"
"2013-05-16 18:49","ZooKeeperServer.java","90979","29690","120669"
"2018-08-08 06:21","ZooKeeperServer.java","174565","69909","244474"
"2018-05-09 23:57","ZooKeeperServer.java","137944","36474","174418"
"2009-11-07 01:48","ZooKeeperServer.java","7015","3046","10061"
"2009-12-18 03:19","ZooKeeperServer.java","17577","5138","22715"
"2010-01-26 01:17","ZooKeeperServer.java","21374","5485","26859"
"2019-12-27 22:33","ZooKeeperServer.java","266808","143545","410353"
"2016-08-13 15:01","ZooKeeperServer.java","126595","34449","161044"
"2018-09-11 00:17","ZooKeeperServer.java","194111","88551","282662"
"2019-11-18 09:05","ZooKeeperServer.java","261274","143545","404819"
"2019-10-10 14:37","ZooKeeperServer.java","261243","142905","404148"
"2019-09-16 23:26","ZooKeeperServer.java","260509","142905","403414"
"2013-10-08 01:35","ZooKeeperServer.java","94048","29955","124003"
"2017-06-23 18:39","ZooKeeperServer.java","130847","36104","166951"
"2011-12-28 07:07","ZooKeeperServer.java","72787","26551","99338"
"2019-12-03 10:01","ZooKeeperServer.java","264733","143545","408278"
"2020-03-25 03:38","ZooKeeperServer.java","270915","143545","414460"
"2010-03-12 19:26","ZooKeeperServer.java","38350","13062","51412"
"2019-11-28 12:24","ZooKeeperServer.java","263036","143545","406581"
"2019-11-06 15:21","ZooKeeperServer.java","261459","142905","404364"
"2011-05-20 01:17","ZooKeeperServer.java","59825","22948","82773"
"2010-07-29 23:10","ZooKeeperServer.java","56956","17133","74089"
"2011-09-17 02:36","ZooKeeperServer.java","70587","24582","95169"
"2020-04-12 11:14","ZooKeeperServer.java","271668","143545","415213"
"2011-09-14 08:56","ZooKeeperServer.java","70527","21962","92489"
"2011-08-21 02:53","ZooKeeperServer.java","67826","21809","89635"
"2010-08-18 08:24","ZooKeeperServer.java","62940","17927","80867"
"2013-10-09 22:21","ZooKeeperServer.java","96378","30045","126423"
"2015-03-08 23:07","ZooKeeperServer.java","117151","32337","149488"
"2018-06-08 16:52","ZooKeeperServer.java","138695","36476","175171"
"2018-06-15 07:41","ZooKeeperServer.java","138714","36492","175206"
"2018-07-28 04:37","ZooKeeperServer.java","152005","48253","200258"
"2019-04-18 19:17","ZooKeeperServer.java","240007","142905","382912"
"2012-03-15 17:47","ZooKeeperServer.java","75057","26863","101920"
"2014-03-25 22:13","ZooKeeperServer.java","101036","30292","131328"
"2011-04-12 09:14","ZooKeeperServer.java","58941","22883","81824"
"2019-10-10 14:37","ACLTest.java","258940","224315","483255"
"2019-05-06 18:32","ACLTest.java","239521","224295","463816"
"2019-08-17 17:13","ACLTest.java","255186","224314","479500"
"2019-11-29 14:49","QuorumUtil.java","264266","200174","464440"
"2019-08-17 17:13","QuorumUtil.java","256292","198757","455049"
"2020-03-12 14:47","QuorumUtil.java","269652","200174","469826"
"2019-07-12 17:01","QuorumUtil.java","251605","198757","450362"
"2019-10-10 14:37","QuorumUtil.java","260045","198757","458802"
"2014-05-18 05:49","QuorumUtil.java","13287","7933","21220"
"2019-06-14 09:10","ClientCnxnLimitException.java","14037","2763","16800"
"2019-08-17 17:13","ClientCnxnLimitException.java","53344","30071","83415"
"2018-07-10 12:46","QuorumTest.java","112951","48819","161770"
"2019-08-17 17:13","QuorumTest.java","256986","182224","439210"
"2010-11-04 17:01","QuorumTest.java","37543","2271","39814"
"2012-12-13 08:14","QuorumTest.java","42700","26457","69157"
"2011-06-22 00:19","QuorumTest.java","15108","16804","31912"
"2011-07-15 06:50","QuorumTest.java","19154","16603","35757"
"2010-08-18 08:24","QuorumTest.java","6752","1562","8314"
"2013-10-09 22:21","QuorumTest.java","55810","27877","83687"
"2011-09-17 02:13","QuorumTest.java","27381","19748","47129"
"2011-04-12 09:14","QuorumTest.java","12410","16175","28585"
"2019-10-10 14:37","QuorumTest.java","260739","182224","442963"
"2019-09-18 11:20","QuorumTest.java","259898","182224","442122"
"2019-12-28 16:17","QuorumTest.java","266643","183296","449939"
"2015-11-03 08:11","QuorumTest.java","87025","35764","122789"
"2011-07-29 10:14","QuorumTest.java","21789","16706","38495"
"2018-07-10 13:29","QuorumPeerInstance.java","46266","24983","71249"
"2018-12-20 07:24","QuorumPeerInstance.java","229536","211482","441018"
"2015-12-06 21:30","QuorumPeerInstance.java","12507","3454","15961"
"2019-07-12 17:01","QuorumPeerInstance.java","251459","211592","463051"
"2014-11-29 16:53","QuorumPeerInstance.java","2938","317","3255"
"2015-05-10 00:27","QuorumPeerInstance.java","6954","1197","8151"
"2017-09-11 18:55","QuorumPeerInstance.java","28995","15313","44308"
"2019-10-10 14:37","ObserverMaster.java","60804","31881","92685"
"2019-11-29 14:49","ObserverMaster.java","69115","37388","106503"
"2019-08-17 17:13","ObserverMaster.java","55054","29884","84938"
"2019-07-25 21:41","ObserverMaster.java","29219","7566","36785"
"2019-06-29 00:33","ObserverMaster.java","18684","5527","24211"
"2012-01-31 07:45","LearnerZooKeeperServer.java","69086","25092","94178"
"2019-08-17 17:13","LearnerZooKeeperServer.java","257247","145376","402623"
"2014-03-21 06:36","LearnerZooKeeperServer.java","96796","29083","125879"
"2016-08-13 15:01","LearnerZooKeeperServer.java","122915","33350","156265"
"2009-12-18 03:19","LearnerZooKeeperServer.java","12655","2930","15585"
"2010-03-12 19:26","LearnerZooKeeperServer.java","33619","11045","44664"
"2015-03-08 23:07","LearnerZooKeeperServer.java","113409","31176","144585"
"2013-10-09 22:21","LearnerZooKeeperServer.java","92615","28863","121478"
"2019-05-27 10:54","SnapShot.java","243030","72482","315512"
"2017-08-18 06:32","SnapShot.java","178487","20851","199338"
"2019-08-17 17:13","SnapShot.java","257710","72482","330192"
"2010-03-12 23:36","SnapShot.java","109693","13702","123395"
"2019-08-17 17:13","QuorumPeerTest.java","30536","25849","56385"
"2018-12-09 03:16","LeaderZooKeeperServer.java","230104","142861","372965"
"2018-11-21 17:56","LeaderZooKeeperServer.java","225536","142861","368397"
"2012-01-31 07:45","LeaderZooKeeperServer.java","73142","26567","99709"
"2019-06-04 10:55","LeaderZooKeeperServer.java","242974","142905","385879"
"2015-06-04 19:51","LeaderZooKeeperServer.java","120687","32491","153178"
"2019-08-17 17:13","LeaderZooKeeperServer.java","257490","142905","400395"
"2019-06-03 19:40","LeaderZooKeeperServer.java","242821","142905","385726"
"2009-12-18 03:19","LeaderZooKeeperServer.java","17577","5138","22715"
"2019-11-25 15:37","LeaderZooKeeperServer.java","262938","143545","406483"
"2019-12-27 22:33","LeaderZooKeeperServer.java","266808","143545","410353"
"2010-03-12 19:26","LeaderZooKeeperServer.java","38350","13062","51412"
"2013-10-09 22:21","LeaderZooKeeperServer.java","96378","30045","126423"
"2011-10-20 20:02","LeaderZooKeeperServer.java","70588","26172","96760"
"2019-11-18 09:05","ResponseCache.java","64796","36944","101740"
"2019-08-17 17:13","ResponseCache.java","54619","29911","84530"
"2019-08-17 17:13","ClientCnxn.java","254848","231403","486251"
"2019-01-31 15:50","ClientCnxn.java","232372","231260","463632"
"2019-04-09 15:35","ClientCnxn.java","235589","231287","466876"
"2019-11-08 17:30","ClientCnxn.java","260511","231452","491963"
"2019-01-16 14:21","ClientCnxn.java","230681","231256","461937"
"2019-01-07 14:24","ClientCnxn.java","229529","231254","460783"
"2019-03-06 03:32","ClientCnxn.java","234515","231285","465800"
"2019-02-07 11:26","ClientCnxn.java","233040","231263","464303"
"2018-11-05 19:40","ClientCnxn.java","230972","209041","440013"
"2020-05-17 15:13","ClientCnxn.java","270824","233434","504258"
"2020-03-03 03:12","ClientCnxn.java","268521","233341","501862"
"2018-09-10 11:44","ClientCnxn.java","103681","100496","204177"
"2020-01-21 17:53","ClientCnxn.java","264782","233341","498123"
"2019-10-10 14:37","ClientCnxn.java","258602","231404","490006"
"2019-11-21 05:58","ClientCnxn.java","259951","233339","493290"
"2020-04-16 12:50","ClientCnxn.java","270421","233402","503823"
"2018-07-27 05:16","ClientCnxn.java","22494","21342","43836"
"2019-10-10 14:37","SaslClientCallbackHandler.java","7470","3717","11187"
"2019-11-28 12:24","DataTree.java","263068","90558","353626"
"2011-07-13 15:48","DataTree.java","100389","9421","109810"
"2011-06-25 08:13","DataTree.java","102413","11204","113617"
"2011-07-28 07:49","DataTree.java","102922","9508","112430"
"2019-10-10 14:37","DataTree.java","261459","90102","351561"
"2019-12-27 22:33","DataTree.java","266840","90558","357398"
"2015-06-06 03:48","DataTree.java","155577","17206","172783"
"2010-01-26 01:17","DataTree.java","77433","8525","85958"
"2009-10-31 00:09","DataTree.java","63917","7334","71251"
"2019-11-11 13:59","DataTree.java","265116","90102","355218"
"2011-04-12 09:14","DataTree.java","100048","10971","111019"
"2018-07-10 13:29","DataTree.java","178921","26341","205262"
"2012-12-19 19:16","DataTree.java","121533","14881","136414"
"2014-04-17 08:47","DataTree.java","139248","16748","155996"
"2014-04-29 02:23","DataTree.java","139956","16750","156706"
"2010-07-05 20:20","DataTree.java","99034","9622","108656"
"2011-09-15 00:55","DataTree.java","108263","12116","120379"
"2011-09-28 22:17","DataTree.java","108494","12162","120656"
"2018-09-28 23:38","DataTree.java","213412","53006","266418"
"2011-09-17 02:36","DataTree.java","108230","12155","120385"
"2011-10-20 18:48","DataTree.java","107998","13506","121504"
"2019-11-08 17:30","DataTree.java","263320","90102","353422"
"2013-09-05 23:50","DataTree.java","128209","15285","143494"
"2009-02-03 06:23","DataTree.java","15293","2611","17904"
"2019-01-30 16:28","DataTree.java","234790","90075","324865"
"2019-01-30 17:02","DataTree.java","235334","90075","325409"
"2016-11-24 17:18","DataTree.java","165301","19163","184464"
"2017-09-11 18:55","DataTree.java","164980","20001","184981"
"2011-07-01 00:53","DataTree.java","105230","11508","116738"
"2012-02-06 10:39","DataTree.java","111142","14091","125233"
"2011-12-21 21:39","DataTree.java","110004","13821","123825"
"2017-02-05 07:22","DataTree.java","166813","19236","186049"
"2014-07-18 02:19","DataTree.java","146940","16981","163921"
"2019-02-07 11:26","DataTree.java","236011","90075","326086"
"2013-03-07 07:01","DataTree.java","126374","15166","141540"
"2018-09-04 11:54","DataTree.java","208191","52869","261060"
"2018-09-05 22:35","DataTree.java","208446","52868","261314"
"2018-12-20 15:17","DataTree.java","231279","90075","321354"
"2019-09-10 09:53","DataTree.java","258755","90102","348857"
"2019-04-12 19:01","DataTree.java","239514","90103","329617"
"2019-07-31 19:06","DataTree.java","257013","90102","347115"
"2019-09-11 10:27","DataTree.java","259062","90102","349164"
"2013-10-22 12:54","DataTree.java","132357","15364","147721"
"2016-03-23 00:30","DataTree.java","158508","18698","177206"
"2019-08-01 07:31","DataTree.java","258377","90102","348479"
"2009-06-15 22:52","DataTree.java","47649","4623","52272"
"2014-01-24 07:18","DataTree.java","135322","15381","150703"
"2009-11-12 23:48","DataTree.java","70017","7824","77841"
"2009-06-18 18:37","DataTree.java","48968","4871","53839"
"2019-08-17 17:13","DataTree.java","257706","90102","347808"
"2019-09-10 15:21","DataTree.java","258749","90102","348851"
"2015-06-04 19:51","DataTree.java","155470","17204","172674"
"2016-10-07 21:51","DataTree.java","162326","19009","181335"
"2017-06-18 19:23","DataTree.java","164557","19892","184449"
"2009-01-16 00:48","DataTree.java","232","213","445"
"2019-04-12 12:29","DataTree.java","239083","90103","329186"
"2019-08-03 08:42","DataTree.java","258414","90102","348516"
"2019-08-09 16:15","DataTree.java","259162","90102","349264"
"2016-11-13 20:59","DataTree.java","164589","19019","183608"
"2019-04-29 16:49","DataTree.java","241544","90103","331647"
"2019-09-16 23:26","ZooKeeperServerMXBean.java","31400","26302","57702"
"2019-11-14 03:54","ZooKeeperServerMXBean.java","37532","27444","64976"
"2020-03-25 03:38","ZooKeeperServerMXBean.java","49817","34953","84770"
"2019-08-17 17:13","ZooKeeperServerMXBean.java","26748","24669","51417"
"2019-11-28 12:24","DataTree.java","263051","103223","366274"
"2011-07-13 15:48","DataTree.java","95099","16240","111339"
"2011-06-25 08:13","DataTree.java","96654","18127","114781"
"2011-07-28 07:49","DataTree.java","97632","16327","113959"
"2019-10-10 14:37","DataTree.java","261440","102765","364205"
"2019-12-27 22:33","DataTree.java","266823","103223","370046"
"2015-06-06 03:48","DataTree.java","150539","24277","174816"
"2010-01-26 01:17","DataTree.java","65912","9686","75598"
"2009-10-31 00:09","DataTree.java","51881","7980","59861"
"2019-11-11 13:59","DataTree.java","265097","102765","367862"
"2011-04-12 09:14","DataTree.java","94301","17906","112207"
"2018-07-10 13:29","DataTree.java","174514","34043","208557"
"2012-12-19 19:16","DataTree.java","116376","21833","138209"
"2014-04-17 08:47","DataTree.java","134109","23718","157827"
"2014-04-29 02:23","DataTree.java","134817","23720","158537"
"2010-07-05 20:20","DataTree.java","90565","13835","104400"
"2011-09-15 00:55","DataTree.java","102985","18947","121932"
"2011-09-28 22:17","DataTree.java","103224","19001","122225"
"2018-09-28 23:38","DataTree.java","209160","60863","270023"
"2011-09-17 02:36","DataTree.java","102960","18994","121954"
"2011-10-20 18:48","DataTree.java","102745","20362","123107"
"2019-11-08 17:30","DataTree.java","263301","102765","366066"
"2013-09-05 23:50","DataTree.java","123063","22248","145311"
"2019-01-30 16:28","DataTree.java","234771","102738","337509"
"2019-01-30 17:02","DataTree.java","235315","102738","338053"
"2016-11-24 17:18","DataTree.java","160326","26297","186623"
"2017-09-11 18:55","DataTree.java","160071","27201","187272"
"2011-07-01 00:53","DataTree.java","99480","18440","117920"
"2012-02-06 10:39","DataTree.java","105957","21015","126972"
"2011-12-21 21:39","DataTree.java","104799","20725","125524"
"2017-02-05 07:22","DataTree.java","161850","26382","188232"
"2014-07-18 02:19","DataTree.java","141881","24031","165912"
"2019-02-07 11:26","DataTree.java","235992","102738","338730"
"2013-03-07 07:01","DataTree.java","121221","22122","143343"
"2018-09-04 11:54","DataTree.java","203939","60726","264665"
"2018-09-05 22:35","DataTree.java","204194","60725","264919"
"2018-12-20 15:17","DataTree.java","231260","102738","333998"
"2019-09-10 09:53","DataTree.java","258736","102765","361501"
"2019-04-12 19:01","DataTree.java","239495","102766","342261"
"2019-07-31 19:06","DataTree.java","256994","102765","359759"
"2019-09-11 10:27","DataTree.java","259043","102765","361808"
"2013-10-22 12:54","DataTree.java","127213","22329","149542"
"2016-03-23 00:30","DataTree.java","153521","25820","179341"
"2019-08-01 07:31","DataTree.java","258358","102765","361123"
"2009-06-15 22:52","DataTree.java","34516","4172","38688"
"2014-01-24 07:18","DataTree.java","130180","22348","152528"
"2009-11-12 23:48","DataTree.java","58134","8623","66757"
"2009-06-18 18:37","DataTree.java","35900","4485","40385"
"2019-08-17 17:13","DataTree.java","257687","102765","360452"
"2019-09-10 15:21","DataTree.java","258730","102765","361495"
"2015-06-04 19:51","DataTree.java","150432","24275","174707"
"2016-10-07 21:51","DataTree.java","157350","26142","183492"
"2017-06-18 19:23","DataTree.java","159637","27081","186718"
"2019-04-12 12:29","DataTree.java","239064","102766","341830"
"2019-08-03 08:42","DataTree.java","258395","102765","361160"
"2019-08-09 16:15","DataTree.java","259143","102765","361908"
"2016-11-13 20:59","DataTree.java","159614","26153","185767"
"2019-04-29 16:49","DataTree.java","241525","102766","344291"
"2019-08-17 17:13","FileTxnLogTest.java","255076","228217","483293"
"2019-10-10 14:37","FileTxnLogTest.java","258830","228218","487048"
"2019-09-18 11:20","FileTxnLogTest.java","257989","228218","486207"
"2018-11-12 22:36","FileTxnLogTest.java","223025","228074","451099"
"2018-04-27 20:28","FileTxnLogTest.java","2344","494","2838"
"2018-06-08 16:52","FileTxnLogTest.java","4109","812","4921"
"2019-08-17 17:13","QuorumVerifier.java","256406","191763","448169"
"2019-12-27 22:33","TxnLogProposalIterator.java","18682","10004","28686"
"2019-08-17 17:13","SimpleClient.java","255962","219452","475414"
"2019-08-17 17:13","FollowerResyncConcurrencyTest.java","256659","175348","432007"
"2019-06-03 19:40","FollowerResyncConcurrencyTest.java","241990","175348","417338"
"2013-06-28 23:22","FollowerResyncConcurrencyTest.java","26534","8004","34538"
"2012-03-15 18:01","FollowerResyncConcurrencyTest.java","5776","1922","7698"
"2011-12-09 20:03","FollowerResyncConcurrencyTest.java","1668","389","2057"
"2015-11-21 22:18","FollowerResyncConcurrencyTest.java","63656","17909","81565"
"2011-11-05 21:57","FollowerResyncConcurrencyTest.java","1161","349","1510"
"2019-10-10 14:37","FollowerResyncConcurrencyTest.java","260412","175348","435760"
"2019-12-28 16:17","FollowerResyncConcurrencyTest.java","266549","176653","443202"
"2019-07-15 14:46","X509TestContext.java","42763","14790","57553"
"2019-08-17 17:13","X509TestContext.java","68806","36682","105488"
"2019-10-10 14:37","ClientTest.java","73487","38431","111918"
"2019-12-28 16:17","ClientTest.java","83934","44046","127980"
"2019-03-06 03:32","ClientTest.java","19754","8666","28420"
"2019-08-17 17:13","ClientTest.java","67761","36458","104219"
"2019-08-17 17:13","NullQuorumAuthLearner.java","255079","228064","483143"
"2013-10-05 00:57","ServerCnxnFactory.java","16722","4195","20917"
"2019-11-14 03:54","ServerCnxnFactory.java","264501","181857","446358"
"2019-11-11 13:59","ServerCnxnFactory.java","263902","181857","445759"
"2017-04-19 01:19","ServerCnxnFactory.java","66155","22215","88370"
"2018-10-24 04:03","ServerCnxnFactory.java","235563","162630","398193"
"2013-03-07 07:01","ServerCnxnFactory.java","13141","3149","16290"
"2014-07-18 02:19","ServerCnxnFactory.java","41584","12841","54425"
"2019-02-13 13:12","ServerCnxnFactory.java","235336","181755","417091"
"2017-10-07 21:22","ServerCnxnFactory.java","67854","24034","91888"
"2019-08-17 17:13","ServerCnxnFactory.java","256464","181829","438293"
"2019-06-07 14:13","ServerCnxnFactory.java","242568","181829","424397"
"2019-07-03 00:44","ServerCnxnFactory.java","244477","181829","426306"
"2015-03-17 18:06","ServerCnxnFactory.java","48475","13759","62234"
"2015-03-28 20:08","ServerCnxnFactory.java","49492","13787","63279"
"2016-05-02 18:15","ServerCnxnFactory.java","57739","18404","76143"
"2012-12-08 00:38","ServerCnxnFactory.java","4276","917","5193"
"2012-12-19 19:07","ServerCnxnFactory.java","6287","1732","8019"
"2019-08-17 17:13","ChrootTest.java","257015","167976","424991"
"2011-09-17 02:13","ChrootTest.java","42411","20558","62969"
"2011-04-12 09:14","ChrootTest.java","27920","17408","45328"
"2019-10-10 14:37","FileTxnLogTest.java","3934","3093","7027"
"2018-11-17 18:33","ServerCnxn.java","225521","142861","368382"
"2019-01-14 19:38","ServerCnxn.java","232738","142861","375599"
"2019-04-12 19:01","ServerCnxn.java","239297","142905","382202"
"2011-08-19 00:05","ServerCnxn.java","67797","21808","89605"
"2014-07-18 02:19","ServerCnxn.java","112005","32116","144121"
"2018-09-18 01:00","ServerCnxn.java","196359","88597","284956"
"2019-07-08 23:26","ServerCnxn.java","246266","142905","389171"
"2016-11-16 06:21","ServerCnxn.java","130661","34614","165275"
"2019-08-17 17:13","ServerCnxn.java","257490","142905","400395"
"2019-07-03 00:44","ServerCnxn.java","245503","142905","388408"
"2015-03-28 20:08","ServerCnxn.java","119203","32352","151555"
"2015-06-28 21:09","ServerCnxn.java","121060","32509","153569"
"2018-07-12 01:33","ServerCnxn.java","146295","43607","189902"
"2018-08-08 06:21","ServerCnxn.java","174565","69909","244474"
"2017-11-28 00:10","ServerCnxn.java","135095","36329","171424"
"2009-11-12 20:53","ServerCnxn.java","7713","3157","10870"
"2009-11-07 01:48","ServerCnxn.java","7015","3046","10061"
"2019-11-18 09:05","ServerCnxn.java","261274","143545","404819"
"2020-02-26 22:41","ServerCnxn.java","268784","143545","412329"
"2018-09-28 23:38","ServerCnxn.java","199029","88693","287722"
"2011-05-20 01:17","ServerCnxn.java","59825","22948","82773"
"2011-08-11 08:00","ServerCnxn.java","65350","21790","87140"
"2010-08-18 08:24","ServerCnxn.java","62940","17927","80867"
"2019-11-11 13:59","ServerCnxn.java","264900","142905","407805"
"2013-09-29 22:24","SASLAuthenticationProvider.java","31411","13961","45372"
"2019-08-17 17:13","SASLAuthenticationProvider.java","256904","177112","434016"
"2019-08-17 17:13","KeyAuthenticationProvider.java","68626","36701","105327"
"2015-07-07 07:11","WatchesReportTest.java","12639","3799","16438"
"2018-09-28 23:38","WatchesReportTest.java","143477","113030","256507"
"2019-08-17 17:13","WatchesReportTest.java","256151","210259","466410"
"2019-08-17 17:13","DeserializationPerfTest.java","256155","202829","458984"
"2019-10-10 14:37","DeserializationPerfTest.java","259908","202829","462737"
"2013-09-18 01:14","ReadOnlyRequestProcessor.java","2911","1003","3914"
"2014-03-23 04:12","ReadOnlyRequestProcessor.java","11589","2219","13808"
"2015-03-08 23:07","ReadOnlyRequestProcessor.java","35780","12104","47884"
"2016-10-07 21:51","ReadOnlyRequestProcessor.java","50510","18401","68911"
"2019-08-17 17:13","ReadOnlyRequestProcessor.java","256406","191763","448169"
"2015-06-04 19:51","ReadOnlyRequestProcessor.java","39784","12726","52510"
"2019-06-07 14:13","TruncateTest.java","242258","205553","447811"
"2015-05-14 18:40","TruncateTest.java","15763","3514","19277"
"2019-08-17 17:13","TruncateTest.java","256154","205553","461707"
"2018-05-09 23:57","TruncateTest.java","43798","17508","61306"
"2014-09-27 08:20","TruncateTest.java","9422","2188","11610"
"2019-07-12 17:01","TruncateTest.java","251467","205553","457020"
"2017-08-18 06:32","TruncateTest.java","35785","16234","52019"
"2017-09-11 18:55","TruncateTest.java","36104","16375","52479"
"2016-08-24 01:36","TruncateTest.java","26324","9590","35914"
"2017-05-11 16:59","TruncateTest.java","33977","14796","48773"
"2020-01-28 17:26","TruncateTest.java","267992","206993","474985"
"2017-01-07 01:09","TruncateTest.java","32739","10873","43612"
"2018-06-08 16:52","ZooKeeperServerMain.java","32695","16338","49033"
"2019-04-18 19:17","ZooKeeperServerMain.java","238583","216147","454730"
"2019-11-11 13:59","ZooKeeperServerMain.java","263522","216193","479715"
"2019-11-28 12:24","ZooKeeperServerMain.java","262441","217616","480057"
"2019-11-25 15:37","ZooKeeperServerMain.java","262343","217616","479959"
"2016-08-13 15:01","ZooKeeperServerMain.java","13304","7020","20324"
"2015-06-04 19:51","ZooKeeperServerMain.java","3613","1279","4892"
"2019-08-17 17:13","ZooKeeperServerMain.java","256083","216164","472247"
"2017-07-28 00:36","ZooKeeperServerMain.java","23199","14715","37914"
"2019-04-12 19:01","ZooKeeperServerMain.java","237873","216147","454020"
"2018-09-11 15:23","ZooKeeperServerMain.java","132990","112345","245335"
"2017-02-12 00:12","ZooKeeperServerMain.java","20268","11838","32106"
"2013-09-18 12:58","ClientCnxn.java","8952","2395","11347"
"2015-01-31 08:05","ClientCnxn.java","40043","12180","52223"
"2016-05-02 18:15","ClientCnxn.java","51403","17504","68907"
"2014-01-24 07:18","ClientCnxn.java","16490","3201","19691"
"2019-08-17 17:13","ClientCnxn.java","256413","187214","443627"
"2015-05-10 00:27","ClientCnxn.java","42923","12521","55444"
"2017-12-19 19:27","ClientCnxn.java","66268","24040","90308"
"2019-01-31 15:50","ClientCnxn.java","233982","187116","421098"
"2019-04-09 15:35","ClientCnxn.java","237191","187135","424326"
"2013-02-03 15:52","ClientCnxn.java","1218","725","1943"
"2014-12-20 15:29","ClientCnxn.java","40025","12173","52198"
"2019-11-08 17:30","ClientCnxn.java","262055","187242","449297"
"2017-06-08 17:59","ClientCnxn.java","60563","22625","83188"
"2019-01-16 14:21","ClientCnxn.java","232295","187116","419411"
"2019-01-07 14:24","ClientCnxn.java","231144","187115","418259"
"2019-03-06 03:32","ClientCnxn.java","236118","187134","423252"
"2015-02-06 06:17","ClientCnxn.java","40332","12274","52606"
"2019-02-07 11:26","ClientCnxn.java","234648","187117","421765"
"2018-11-05 19:40","ClientCnxn.java","235517","167832","403349"
"2020-05-17 15:13","ClientCnxn.java","271707","188563","460270"
"2018-06-25 12:30","ClientCnxn.java","70169","24415","94584"
"2020-03-03 03:12","ClientCnxn.java","269493","188559","458052"
"2018-09-10 11:44","ClientCnxn.java","158425","109486","267911"
"2015-06-13 02:42","ClientCnxn.java","44794","12930","57724"
"2014-03-23 04:12","ClientCnxn.java","17429","3503","20932"
"2015-11-09 00:05","ClientCnxn.java","47600","14244","61844"
"2015-12-06 19:58","ClientCnxn.java","48012","14351","62363"
"2020-01-21 17:53","ClientCnxn.java","265754","188559","454313"
"2015-12-05 22:43","ClientCnxn.java","48009","14351","62360"
"2015-12-05 22:32","ClientCnxn.java","48003","14350","62353"
"2019-10-10 14:37","ClientCnxn.java","260166","187214","447380"
"2014-04-01 04:03","ClientCnxn.java","18508","3739","22247"
"2013-09-18 15:14","ClientCnxn.java","8974","2399","11373"
"2013-09-18 04:08","ClientCnxn.java","8850","2379","11229"
"2019-11-21 05:58","ClientCnxn.java","260925","188559","449484"
"2020-04-16 12:50","ClientCnxn.java","271332","188559","459891"
"2018-07-27 05:16","ClientCnxn.java","89545","42639","132184"
"2019-08-17 17:13","ZxidUtils.java","256906","180329","437235"
"2020-02-16 10:25","LearnerTest.java","22565","11925","34490"
"2020-01-28 17:26","LearnerTest.java","22260","11862","34122"
"2019-11-29 14:49","LearnerTest.java","16330","9773","26103"
"2020-03-26 22:12","FinalRequestProcessor.java","61","59","120"
"2019-08-17 17:13","StandaloneTest.java","255265","223776","479041"
"2018-10-16 16:22","QuorumPeerConfig.java","234932","186486","421418"
"2018-12-09 03:16","QuorumPeerConfig.java","228702","205995","434697"
"2019-04-12 19:01","QuorumPeerConfig.java","237945","206089","444034"
"2018-09-11 15:23","QuorumPeerConfig.java","142457","111682","254139"
"2018-12-15 07:34","QuorumPeerConfig.java","228617","205995","434612"
"2019-02-13 13:12","QuorumPeerConfig.java","235011","206016","441027"
"2019-08-17 17:13","QuorumPeerConfig.java","256154","206105","462259"
"2015-03-17 18:06","QuorumPeerConfig.java","12947","2817","15764"
"2017-11-28 00:10","QuorumPeerConfig.java","39804","16770","56574"
"2019-06-05 00:29","QuorumPeerConfig.java","241821","206105","447926"
"2014-09-17 07:34","QuorumPeerConfig.java","8797","2120","10917"
"2020-01-09 11:27","QuorumPeerConfig.java","265697","207545","473242"
"2019-07-12 17:01","QuorumPeerConfig.java","251467","206105","457572"
"2016-11-13 20:59","QuorumPeerConfig.java","29770","10002","39772"
"2019-05-15 11:56","QuorumPeerConfig.java","240892","206089","446981"
"2014-08-19 22:50","QuorumPeerConfig.java","7625","2034","9659"
"2018-10-01 06:11","QuorumPeerConfig.java","146600","111991","258591"
"2017-07-28 00:36","QuorumPeerConfig.java","34726","16112","50838"
"2017-07-06 18:48","QuorumPeerConfig.java","34590","15094","49684"
"2020-01-23 13:43","QuorumPeerConfig.java","267521","207545","475066"
"2016-06-23 19:42","QuorumPeerConfig.java","24066","8730","32796"
"2015-09-06 20:02","QuorumPeerConfig.java","18614","4972","23586"
"2015-09-29 03:56","QuorumPeerConfig.java","18840","5017","23857"
"2019-10-10 14:37","QuorumPeerConfig.java","259907","206105","466012"
"2018-07-27 12:32","QuorumPeerConfig.java","64171","36223","100394"
"2019-04-18 19:17","QuorumPeerConfig.java","238655","206089","444744"
"2016-11-03 16:07","QuorumPeerConfig.java","27916","9817","37733"
"2014-08-01 07:38","QuorumPeerConfig.java","6885","1829","8714"
"2014-08-14 08:08","QuorumPeerConfig.java","7417","1940","9357"
"2020-02-16 10:25","QuorumPeerConfig.java","268234","207545","475779"
"2020-05-14 18:18","QuorumPeerConfig.java","271470","207556","479026"
"2017-05-11 16:59","QuorumPeerConfig.java","33391","14762","48153"
"2011-04-12 09:14","InvalidSnapshotTest.java","91292","17654","108946"
"2016-08-24 01:36","InvalidSnapshotTest.java","153478","26095","179573"
"2010-08-18 08:24","InvalidSnapshotTest.java","96444","13851","110295"
"2010-03-31 06:26","InvalidSnapshotTest.java","76326","13200","89526"
"2010-03-04 00:07","InvalidSnapshotTest.java","68223","12110","80333"
"2013-12-21 22:05","InvalidSnapshotTest.java","125732","22227","147959"
"2013-10-02 01:45","InvalidSnapshotTest.java","121174","22130","143304"
"2019-10-10 14:37","InvalidSnapshotTest.java","261337","105419","366756"
"2009-07-17 00:09","InvalidSnapshotTest.java","41691","4942","46633"
"2019-08-17 17:13","InvalidSnapshotTest.java","257584","105419","363003"
"2009-06-18 18:37","InvalidSnapshotTest.java","31669","3011","34680"
"2012-03-18 21:06","InvalidSnapshotTest.java","104783","21007","125790"
"2012-02-06 09:47","InvalidSnapshotTest.java","103124","20704","123828"
"2014-02-12 17:00","LearnerHandler.java","135592","15401","150993"
"2014-03-23 04:12","LearnerHandler.java","136072","15494","151566"
"2010-01-25 04:28","LearnerHandler.java","76980","8481","85461"
"2019-10-10 14:37","LearnerHandler.java","261459","90102","351561"
"2015-06-05 20:38","LearnerHandler.java","155473","17204","172677"
"2015-06-05 20:51","LearnerHandler.java","155500","17204","172704"
"2015-06-12 23:02","LearnerHandler.java","155600","17206","172806"
"2009-08-25 07:45","LearnerHandler.java","59878","5781","65659"
"2010-03-11 15:05","LearnerHandler.java","86701","8773","95474"
"2009-10-30 17:19","LearnerHandler.java","62986","7253","70239"
"2009-11-30 13:03","LearnerHandler.java","72832","7896","80728"
"2011-04-12 09:14","LearnerHandler.java","100048","10971","111019"
"2013-09-26 14:05","LearnerHandler.java","128779","15279","144058"
"2009-04-24 20:26","LearnerHandler.java","27992","4101","32093"
"2019-07-03 20:54","LearnerHandler.java","245700","90102","335802"
"2011-09-14 08:56","LearnerHandler.java","108249","9614","117863"
"2011-08-30 08:37","LearnerHandler.java","106956","9530","116486"
"2010-07-29 23:10","LearnerHandler.java","102552","9710","112262"
"2011-09-17 02:36","LearnerHandler.java","108230","12155","120385"
"2012-04-23 01:20","LearnerHandler.java","113632","14262","127894"
"2013-06-28 23:22","LearnerHandler.java","128354","15284","143638"
"2018-09-18 01:00","LearnerHandler.java","210749","52917","263666"
"2010-11-04 17:01","LearnerHandler.java","138261","10147","148408"
"2012-02-06 09:40","LearnerHandler.java","110979","13935","124914"
"2013-05-14 14:27","LearnerHandler.java","126513","15180","141693"
"2018-08-03 18:52","LearnerHandler.java","180621","26365","206986"
"2011-01-22 20:38","LearnerHandler.java","140789","10577","151366"
"2018-12-09 03:16","LearnerHandler.java","230337","90075","320412"
"2019-04-12 19:01","LearnerHandler.java","239514","90103","329617"
"2013-03-07 07:01","LearnerHandler.java","126374","15166","141540"
"2009-11-18 20:06","LearnerHandler.java","72463","7857","80320"
"2017-11-28 00:10","LearnerHandler.java","168856","20020","188876"
"2019-06-29 00:33","LearnerHandler.java","245693","90102","335795"
"2013-05-11 15:35","LearnerHandler.java","126422","15166","141588"
"2019-07-25 21:41","LearnerHandler.java","254189","90102","344291"
"2019-08-23 19:43","LearnerHandler.java","258372","90102","348474"
"2019-08-17 17:13","LearnerHandler.java","257706","90102","347808"
"2009-06-18 18:37","LearnerHandler.java","48968","4871","53839"
"2009-06-26 22:29","LearnerHandler.java","57136","5476","62612"
"2009-06-15 22:52","LearnerHandler.java","47649","4623","52272"
"2009-01-16 00:48","LearnerHandler.java","232","213","445"
"2017-06-26 00:16","LearnerHandler.java","164706","19913","184619"
"2017-08-03 20:28","LearnerHandler.java","164378","19937","184315"
"2012-07-29 07:02","LearnerHandler.java","115057","14284","129341"
"2019-05-06 17:48","LearnerHandler.java","242020","90103","332123"
"2019-08-03 08:42","LearnerHandler.java","258414","90102","348516"
"2019-04-22 19:15","LearnerHandler.java","240489","90103","330592"
"2009-02-20 01:23","LearnerHandler.java","16536","2910","19446"
"2011-06-14 07:14","LearnerHandler.java","102061","11034","113095"
"2014-02-12 17:00","ZKDatabase.java","24445","5021","29466"
"2019-10-10 14:37","ZKDatabase.java","260217","181380","441597"
"2019-12-27 22:33","ZKDatabase.java","266454","182692","449146"
"2018-04-06 06:04","ZKDatabase.java","73905","24629","98534"
"2014-04-29 02:23","ZKDatabase.java","34140","11701","45841"
"2014-04-17 08:47","ZKDatabase.java","33428","11695","45123"
"2018-09-28 23:38","ZKDatabase.java","167929","108290","276219"
"2013-06-28 23:22","ZKDatabase.java","16078","3775","19853"
"2019-11-08 17:30","ZKDatabase.java","262106","181408","443514"
"2019-05-14 17:11","ZKDatabase.java","241115","181364","422479"
"2018-09-18 01:00","ZKDatabase.java","165192","108127","273319"
"2013-03-07 07:01","ZKDatabase.java","13756","3315","17071"
"2019-02-07 11:26","ZKDatabase.java","234704","181288","415992"
"2019-04-12 19:01","ZKDatabase.java","238255","181364","419619"
"2018-09-05 22:35","ZKDatabase.java","162867","108056","270923"
"2015-02-06 06:17","ZKDatabase.java","47428","13485","60913"
"2014-07-18 02:19","ZKDatabase.java","41937","12745","54682"
"2018-02-07 01:05","ZKDatabase.java","73517","24593","98110"
"2014-01-24 07:18","ZKDatabase.java","24093","4919","29012"
"2019-08-17 17:13","ZKDatabase.java","256464","181380","437844"
"2019-09-10 00:27","ZKDatabase.java","257404","181380","438784"
"2016-03-23 00:30","ZKDatabase.java","57205","18162","75367"
"2018-02-23 23:49","ZKDatabase.java","73892","24624","98516"
"2017-08-03 20:28","ZKDatabase.java","67344","23670","91014"
"2017-06-18 19:23","ZKDatabase.java","67029","23131","90160"
"2019-04-09 15:35","ZKDatabase.java","237247","181306","418553"
"2019-11-28 12:24","DataTree.java","65187","37392","102579"
"2019-10-10 14:37","DataTree.java","58754","32112","90866"
"2019-12-27 22:33","DataTree.java","69344","37777","107121"
"2019-11-11 13:59","DataTree.java","62596","32297","94893"
"2019-11-08 17:30","DataTree.java","60769","32266","93035"
"2019-02-07 11:26","DataTree.java","1367","146","1513"
"2019-09-10 09:53","DataTree.java","55230","31292","86522"
"2019-04-12 19:01","DataTree.java","5857","1161","7018"
"2019-07-31 19:06","DataTree.java","30445","8249","38694"
"2019-09-11 10:27","DataTree.java","55579","31334","86913"
"2019-08-01 07:31","DataTree.java","31885","8325","40210"
"2019-08-17 17:13","DataTree.java","52943","30054","82997"
"2019-09-10 15:21","DataTree.java","55234","31302","86536"
"2019-04-12 12:29","DataTree.java","5291","1026","6317"
"2019-08-03 08:42","DataTree.java","32186","8589","40775"
"2019-08-09 16:15","DataTree.java","33143","8798","41941"
"2019-04-29 16:49","DataTree.java","7994","1268","9262"
"2019-12-27 22:33","TxnLog.java","61977","37966","99943"
"2019-08-17 17:13","TxnLog.java","45008","29675","74683"
"2019-11-29 14:49","QuorumCnxManager.java","263432","225644","489076"
"2018-07-11 06:04","QuorumCnxManager.java","22109","14140","36249"
"2018-08-06 14:11","QuorumCnxManager.java","34580","24838","59418"
"2018-10-16 16:22","QuorumCnxManager.java","231628","202000","433628"
"2019-06-14 09:06","QuorumCnxManager.java","243247","224018","467265"
"2019-08-03 08:42","QuorumCnxManager.java","255958","224019","479977"
"2019-11-13 20:41","QuorumCnxManager.java","263017","224067","487084"
"2019-04-09 16:08","QuorumCnxManager.java","236012","223925","459937"
"2019-08-06 12:52","QuorumCnxManager.java","256223","224019","480242"
"2019-05-20 23:13","QuorumCnxManager.java","240104","224001","464105"
"2017-08-23 02:16","QuorumCnxManager.java","2127","1831","3958"
"2019-07-27 20:04","QuorumCnxManager.java","251781","224019","475800"
"2020-03-12 14:47","QuorumCnxManager.java","268820","225646","494466"
"2019-08-17 17:13","QuorumCnxManager.java","255250","224019","479269"
"2017-11-28 00:10","QuorumCnxManager.java","6778","2562","9340"
"2019-10-10 14:37","QuorumCnxManager.java","259003","224019","483022"
"2020-01-23 13:43","QuorumCnxManager.java","266804","225646","492450"
"2019-11-28 12:24","QuorumCnxManager.java","261781","225644","487425"
"2020-03-23 16:20","QuorumCnxManager.java","268991","225646","494637"
"2020-02-16 10:25","QuorumCnxManager.java","267517","225646","493163"
"2018-07-27 12:32","QuorumCnxManager.java","33753","24623","58376"
"2019-10-10 14:37","ChrootAsyncTest.java","7470","3717","11187"
"2019-05-20 12:24","RestoreCommittedLogTest.java","4852","905","5757"
"2019-08-17 17:13","RestoreCommittedLogTest.java","48965","29822","78787"
"2019-05-14 17:11","RestoreCommittedLogTest.java","4619","809","5428"
"2019-08-17 17:13","ClientSSLTest.java","54979","29878","84857"
"2019-06-03 19:40","ClientSSLTest.java","12495","2063","14558"
"2019-06-05 00:29","ClientSSLTest.java","13027","2259","15286"
"2019-10-10 14:37","AsyncHammerTest.java","7470","3717","11187"
"2019-07-03 00:44","NIOServerCnxnFactory.java","242860","231291","474151"
"2019-08-17 17:13","NIOServerCnxnFactory.java","254848","231292","486140"
"2019-08-03 08:42","NIOServerCnxnFactory.java","255556","231292","486848"
"2019-04-22 19:15","NIOServerCnxnFactory.java","237593","231255","468848"
"2018-11-23 11:51","NIOServerCnxnFactory.java","223471","231142","454613"
"2019-02-13 13:12","NIOServerCnxnFactory.java","233675","231173","464848"
"2018-10-24 04:03","NIOServerCnxnFactory.java","230784","208930","439714"
"2019-04-12 19:01","NIOServerCnxnFactory.java","236618","231255","467873"
"2019-10-10 14:37","NIOServerCnxnFactory.java","258602","231293","489895"
"2019-11-14 03:54","NIOServerCnxnFactory.java","262906","231341","494247"
"2019-06-07 14:13","TruncateTest.java","241990","222019","464009"
"2019-08-17 17:13","TruncateTest.java","255887","222020","477907"
"2018-05-09 23:57","TruncateTest.java","19091","9535","28626"
"2019-07-12 17:01","TruncateTest.java","251200","222020","473220"
"2017-08-18 06:32","TruncateTest.java","10892","8075","18967"
"2017-09-11 18:55","TruncateTest.java","11244","8249","19493"
"2017-05-11 16:59","TruncateTest.java","8554","6107","14661"
"2020-01-28 17:26","TruncateTest.java","267865","223600","491465"
"2017-01-07 01:09","TruncateTest.java","6605","1473","8078"
"2019-10-10 14:37","PortForwarder.java","50347","31925","82272"
"2019-08-17 17:13","PortForwarder.java","44192","29523","73715"
"2020-01-07 20:39","SyncRequestProcessor.java","11917","6617","18534"
"2020-03-25 03:38","SyncRequestProcessor.java","19231","10199","29430"
"2019-11-08 17:30","Request.java","262647","157928","420575"
"2019-01-16 14:21","Request.java","232956","157871","390827"
"2019-04-25 02:11","Request.java","240754","157929","398683"
"2019-07-08 23:26","Request.java","245809","157928","403737"
"2011-07-01 00:53","Request.java","46860","21637","68497"
"2015-02-06 06:17","Request.java","100920","31327","132247"
"2013-03-07 07:01","Request.java","74442","28351","102793"
"2019-02-07 11:26","Request.java","235309","157872","393181"
"2019-08-06 17:11","Request.java","258134","157928","416062"
"2019-08-01 07:28","Request.java","257214","157928","415142"
"2019-06-26 10:57","Request.java","244883","157928","402811"
"2014-01-24 07:18","Request.java","83805","28981","112786"
"2016-10-07 21:51","Request.java","111993","33793","145786"
"2015-06-04 19:51","Request.java","104711","31562","136273"
"2019-08-17 17:13","Request.java","257033","157928","414961"
"2019-04-17 14:16","Request.java","239106","157929","397035"
"2019-05-03 00:44","Request.java","241031","157929","398960"
"2019-06-05 00:46","Request.java","242893","157928","400821"
"2019-05-10 12:22","Request.java","241541","157929","399470"
"2020-03-25 03:38","Request.java","270847","158957","429804"
"2019-09-20 10:06","Request.java","259896","157928","417824"
"2019-09-16 23:26","Request.java","260052","157928","417980"
"2019-12-27 22:33","Request.java","266740","158957","425697"
"2019-11-11 13:59","Request.java","264443","157928","422371"
"2011-10-20 20:02","Request.java","53726","24357","78083"
"2012-12-19 19:16","Request.java","69483","27948","97431"
"2014-04-29 02:23","Request.java","88578","30489","119067"
"2013-10-09 22:21","Request.java","80164","28878","109042"
"2020-05-05 21:20","Request.java","271878","158957","430835"
"2014-03-25 22:13","QuorumPeerMainTest.java","101681","30106","131787"
"2011-09-03 01:07","QuorumPeerMainTest.java","70647","21836","92483"
"2018-05-10 00:14","QuorumPeerMainTest.java","138495","36142","174637"
"2018-10-05 14:25","QuorumPeerMainTest.java","226535","114508","341043"
"2018-07-17 10:41","QuorumPeerMainTest.java","151882","47882","199764"
"2018-07-27 12:32","QuorumPeerMainTest.java","152417","47906","200323"
"2013-10-09 22:21","QuorumPeerMainTest.java","97035","29871","126906"
"2010-03-31 06:26","QuorumPeerMainTest.java","40968","14591","55559"
"2011-09-17 02:13","QuorumPeerMainTest.java","71315","24451","95766"
"2010-05-21 18:22","QuorumPeerMainTest.java","44325","17008","61333"
"2015-11-03 08:11","QuorumPeerMainTest.java","122806","32314","155120"
"2020-01-23 13:43","QuorumPeerMainTest.java","268066","142723","410789"
"2011-06-14 14:11","QuorumPeerMainTest.java","61834","22968","84802"
"2010-03-04 23:55","QuorumPeerMainTest.java","32649","13205","45854"
"2009-08-11 00:24","QuorumPeerMainTest.java","1256","264","1520"
"2019-10-10 14:37","QuorumPeerMainTest.java","261253","142084","403337"
"2019-12-28 16:17","QuorumPeerMainTest.java","266724","142723","409447"
"2009-11-18 00:38","QuorumPeerMainTest.java","13796","3724","17520"
"2009-11-18 20:06","QuorumPeerMainTest.java","16265","3847","20112"
"2017-12-16 01:25","QuorumPeerMainTest.java","135639","35998","171637"
"2018-01-19 00:52","QuorumPeerMainTest.java","135784","36030","171814"
"2018-04-30 06:34","QuorumPeerMainTest.java","137863","36141","174004"
"2019-07-25 21:41","QuorumPeerMainTest.java","253983","142084","396067"
"2019-08-17 17:13","QuorumPeerMainTest.java","257500","142084","399584"
"2018-02-23 23:49","QuorumPeerMainTest.java","136864","36068","172932"
"2011-06-14 07:14","QuorumPeerMainTest.java","61807","22968","84775"
"2012-04-23 01:20","QuorumPeerMainTest.java","78282","28151","106433"
"2014-01-09 20:21","QuorumPeerMainTest.java","98939","29929","128868"
"2019-07-02 07:34","QuorumPeerMainTest.java","245443","142084","387527"
"2019-05-20 17:18","QuorumPeerMainTest.java","242291","142084","384375"
"2018-10-16 16:22","QuorumPeerMainTest.java","239519","114510","354029"
"2015-02-06 06:17","QuorumPeerMainTest.java","117513","32042","149555"
"2018-08-29 06:26","QuorumPeerMainTest.java","189721","83698","273419"
"2018-08-03 18:52","QuorumPeerMainTest.java","152925","47908","200833"
"2018-09-11 15:23","QuorumPeerMainTest.java","195443","88105","283548"
"2019-10-10 14:37","ClientCnxnSocketNIO.java","54806","31910","86716"
"2019-08-03 08:42","ClientCnxnSocketNIO.java","27789","7938","35727"
"2019-08-17 17:13","ClientCnxnSocketNIO.java","48965","29822","78787"
"2019-01-23 14:00","NettyServerCnxn.java","232989","198213","431202"
"2019-02-18 17:05","NettyServerCnxn.java","235538","198230","433768"
"2019-02-12 15:25","NettyServerCnxn.java","235088","198214","433302"
"2017-08-09 20:31","NettyServerCnxn.java","49919","23152","73071"
"2017-04-10 19:19","NettyServerCnxn.java","48159","20847","69006"
"2018-09-07 02:34","NettyServerCnxn.java","149890","112105","261995"
"2019-04-12 19:01","NettyServerCnxn.java","238151","198295","436446"
"2018-11-22 17:56","NettyServerCnxn.java","224957","198211","423168"
"2018-10-24 04:03","NettyServerCnxn.java","235163","178816","413979"
"2018-11-17 18:33","NettyServerCnxn.java","224334","198210","422544"
"2019-01-14 19:38","NettyServerCnxn.java","231553","198212","429765"
"2017-03-04 19:22","NettyServerCnxn.java","47836","20810","68646"
"2018-09-18 01:00","NettyServerCnxn.java","152214","112184","264398"
"2019-08-17 17:13","NettyServerCnxn.java","256360","198311","454671"
"2019-07-03 00:44","NettyServerCnxn.java","244373","198311","442684"
"2015-03-28 20:08","NettyServerCnxn.java","29982","10863","40845"
"2019-11-23 17:08","NettyServerCnxn.java","262410","199660","462070"
"2015-06-28 21:09","NettyServerCnxn.java","33385","12566","45951"
"2019-07-23 15:55","NettyServerCnxn.java","252368","198311","450679"
"2019-05-06 18:32","NettyServerCnxn.java","240698","198295","438993"
"2019-04-22 19:15","NettyServerCnxn.java","239126","198295","437421"
"2019-08-03 08:42","NettyServerCnxn.java","257068","198311","455379"
"2016-12-21 23:32","NettyServerCnxn.java","47148","18195","65343"
"2019-11-18 09:05","NettyServerCnxn.java","260853","199660","460513"
"2015-11-08 22:36","NettyServerCnxn.java","35006","12879","47885"
"2019-11-21 05:58","NettyServerCnxn.java","260876","199660","460536"
"2019-09-16 23:26","NettyServerCnxn.java","259379","198311","457690"
"2019-10-10 14:37","NettyServerCnxn.java","260113","198311","458424"
"2018-09-28 23:38","NettyServerCnxn.java","154951","112347","267298"
"2013-12-16 05:18","NettyServerCnxnFactory.java","21219","4633","25852"
"2016-06-23 23:45","NettyServerCnxnFactory.java","58734","18429","77163"
"2020-02-26 22:41","NettyServerCnxnFactory.java","268430","183141","451571"
"2019-10-10 14:37","NettyServerCnxnFactory.java","260217","181829","442046"
"2013-10-05 00:57","NettyServerCnxnFactory.java","16722","4195","20917"
"2019-09-10 18:50","NettyServerCnxnFactory.java","257581","181829","439410"
"2019-11-14 03:54","NettyServerCnxnFactory.java","264501","181857","446358"
"2019-02-12 15:25","NettyServerCnxnFactory.java","235197","181737","416934"
"2018-10-16 16:22","NettyServerCnxnFactory.java","235662","162630","398292"
"2019-02-15 15:36","NettyServerCnxnFactory.java","235628","181753","417381"
"2019-04-12 19:01","NettyServerCnxnFactory.java","238255","181813","420068"
"2018-11-22 17:56","NettyServerCnxnFactory.java","225066","181734","406800"
"2018-09-22 06:48","NettyServerCnxnFactory.java","164968","108283","273251"
"2013-03-07 07:01","NettyServerCnxnFactory.java","13141","3149","16290"
"2018-12-15 07:34","NettyServerCnxnFactory.java","228942","181734","410676"
"2014-07-18 02:19","NettyServerCnxnFactory.java","41584","12841","54425"
"2019-02-13 13:12","NettyServerCnxnFactory.java","235336","181755","417091"
"2019-08-17 17:13","NettyServerCnxnFactory.java","256464","181829","438293"
"2015-03-17 18:06","NettyServerCnxnFactory.java","48475","13759","62234"
"2015-03-28 20:08","NettyServerCnxnFactory.java","49492","13787","63279"
"2019-11-23 17:08","NettyServerCnxnFactory.java","262477","183141","445618"
"2019-07-03 00:44","NettyServerCnxnFactory.java","244477","181829","426306"
"2019-06-05 00:29","NettyServerCnxnFactory.java","242131","181829","423960"
"2019-07-23 15:55","NettyServerCnxnFactory.java","252472","181829","434301"
"2014-09-28 19:15","NettyServerCnxnFactory.java","44691","13350","58041"
"2019-06-24 11:05","NettyServerCnxnFactory.java","243797","181829","425626"
"2015-01-30 03:23","NettyServerCnxnFactory.java","46793","13505","60298"
"2019-08-03 08:42","NettyServerCnxnFactory.java","257172","181829","439001"
"2015-12-06 21:37","ZooKeeperServerBean.java","1792","392","2184"
"2015-12-07 06:26","ZooKeeperServerBean.java","2127","401","2528"
"2020-03-25 03:38","ZooKeeperServerBean.java","270298","220608","490906"
"2019-11-14 03:54","ZooKeeperServerBean.java","264005","219091","483096"
"2019-09-16 23:26","ZooKeeperServerBean.java","258985","219061","478046"
"2018-06-08 16:52","ZooKeeperServerBean.java","27546","14203","41749"
"2020-04-30 18:53","ZooKeeperServerBean.java","271198","220608","491806"
"2019-01-23 14:00","ZooKeeperServerBean.java","232582","218950","451532"
"2019-07-08 23:26","ZooKeeperServerBean.java","244741","219060","463801"
"2017-04-28 07:14","ZooKeeperServerBean.java","16071","9756","25827"
"2019-01-14 19:38","ZooKeeperServerBean.java","231146","218949","450095"
"2019-01-07 14:39","ZooKeeperServerBean.java","230693","218949","449642"
"2019-08-17 17:13","ZooKeeperServerBean.java","255966","219061","475027"
"2018-02-07 01:05","ZooKeeperServerBean.java","24469","13724","38193"
"2018-07-12 01:33","ZooKeeperServerBean.java","37375","23563","60938"
"2019-05-22 11:39","ZooKeeperServerBean.java","241148","219043","460191"
"2019-07-30 02:31","ZooKeeperServerBean.java","253887","219061","472948"
"2019-11-28 12:24","DataTree.java","64726","37475","102201"
"2019-10-10 14:37","DataTree.java","58286","32188","90474"
"2019-12-27 22:33","DataTree.java","68883","37860","106743"
"2019-11-11 13:59","DataTree.java","62128","32373","94501"
"2019-11-08 17:30","DataTree.java","60301","32342","92643"
"2019-02-07 11:26","DataTree.java","758","81","839"
"2019-09-10 09:53","DataTree.java","54762","31368","86130"
"2019-04-12 19:01","DataTree.java","5276","1124","6400"
"2019-07-31 19:06","DataTree.java","29864","8212","38076"
"2019-09-11 10:27","DataTree.java","55111","31410","86521"
"2019-08-01 07:31","DataTree.java","31304","8288","39592"
"2019-08-17 17:13","DataTree.java","52475","30130","82605"
"2019-09-10 15:21","DataTree.java","54766","31378","86144"
"2019-04-12 12:29","DataTree.java","4683","962","5645"
"2019-08-03 08:42","DataTree.java","31605","8552","40157"
"2019-08-09 16:15","DataTree.java","32562","8761","41323"
"2019-04-29 16:49","DataTree.java","7413","1231","8644"
"2019-10-10 14:37","ClientCnxnSocketNIO.java","30687","27642","58329"
"2019-08-17 17:13","ClientCnxnSocketNIO.java","24190","24898","49088"
"2015-10-18 19:00","QuorumPeer.java","31329","12632","43961"
"2018-12-20 15:13","QuorumPeer.java","229754","201329","431083"
"2019-05-16 16:25","QuorumPeer.java","241074","201420","442494"
"2018-10-16 16:22","QuorumPeer.java","235185","181933","417118"
"2019-06-14 09:06","QuorumPeer.java","244289","201436","445725"
"2018-12-07 12:41","QuorumPeer.java","226767","201328","428095"
"2019-03-11 19:47","QuorumPeer.java","236201","201348","437549"
"2014-07-18 02:19","QuorumPeer.java","18015","9052","27067"
"2019-02-13 13:12","QuorumPeer.java","235150","201349","436499"
"2019-04-12 19:01","QuorumPeer.java","238082","201420","439502"
"2018-12-09 03:16","QuorumPeer.java","228841","201328","430169"
"2018-09-11 15:23","QuorumPeer.java","147878","112297","260175"
"2019-11-29 14:49","QuorumPeer.java","264266","202854","467120"
"2018-12-15 07:34","QuorumPeer.java","228756","201328","430084"
"2018-11-27 10:02","QuorumPeer.java","226517","201328","427845"
"2018-09-18 01:00","QuorumPeer.java","149209","112373","261582"
"2019-06-03 19:40","QuorumPeer.java","241622","201436","443058"
"2019-07-15 14:15","QuorumPeer.java","251710","201436","453146"
"2015-03-17 18:06","QuorumPeer.java","25410","10474","35884"
"2019-07-03 00:44","QuorumPeer.java","244304","201436","445740"
"2019-08-17 17:13","QuorumPeer.java","256291","201436","457727"
"2015-06-27 02:03","QuorumPeer.java","29041","11416","40457"
"2017-11-28 00:10","QuorumPeer.java","51665","23825","75490"
"2014-06-04 22:07","QuorumPeer.java","10864","7701","18565"
"2018-01-30 08:02","QuorumPeer.java","52221","24228","76449"
"2019-05-15 11:56","QuorumPeer.java","241029","201420","442449"
"2019-06-05 00:33","QuorumPeer.java","242012","201436","443448"
"2019-05-20 23:13","QuorumPeer.java","241147","201420","442567"
"2019-06-04 10:55","QuorumPeer.java","241775","201436","443211"
"2019-07-12 17:01","QuorumPeer.java","251604","201436","453040"
"2020-01-09 11:27","QuorumPeer.java","265812","202854","468666"
"2017-02-09 11:40","QuorumPeer.java","44936","18320","63256"
"2017-07-06 18:48","QuorumPeer.java","46461","22159","68620"
"2018-10-01 06:11","QuorumPeer.java","151959","112544","264503"
"2015-04-09 20:16","QuorumPeer.java","26515","10516","37031"
"2018-07-04 17:11","QuorumPeer.java","64179","32625","96804"
"2019-12-17 13:48","QuorumPeer.java","264838","202854","467692"
"2015-12-07 05:59","QuorumPeer.java","32376","12921","45297"
"2020-01-23 13:43","QuorumPeer.java","267636","202854","470490"
"2016-06-23 23:45","QuorumPeer.java","36768","16243","53011"
"2016-06-23 23:25","QuorumPeer.java","36629","16212","52841"
"2014-07-18 20:48","QuorumPeer.java","18694","9272","27966"
"2014-07-04 04:19","QuorumPeer.java","12669","7863","20532"
"2018-12-06 10:56","QuorumPeer.java","226711","201328","428039"
"2014-06-25 15:04","QuorumPeer.java","11388","7728","19116"
"2019-10-10 14:37","QuorumPeer.java","260044","201436","461480"
"2017-07-27 23:09","QuorumPeer.java","46473","23157","69630"
"2014-05-18 05:49","QuorumPeer.java","10287","7613","17900"
"2018-06-26 11:18","QuorumPeer.java","56148","24612","80760"
"2018-07-27 12:32","QuorumPeer.java","75811","43057","118868"
"2019-04-18 19:17","QuorumPeer.java","238792","201420","440212"
"2016-12-20 14:47","QuorumPeer.java","43563","18082","61645"
"2017-05-11 16:59","QuorumPeer.java","45266","21831","67097"
"2014-07-03 06:01","QuorumPeer.java","12157","7773","19930"
"2014-08-14 08:08","QuorumPeer.java","20016","9733","29749"
"2014-08-01 07:38","QuorumPeer.java","19499","9637","29136"
"2014-07-20 04:50","QuorumPeer.java","18795","9311","28106"
"2016-06-02 00:59","QuorumPeer.java","36226","16178","52404"
"2020-02-16 10:25","QuorumPeer.java","268349","202854","471203"
"2017-11-15 22:33","CommitProcessor.java","88729","27910","116639"
"2019-08-17 17:13","CommitProcessor.java","256932","178405","435337"
"2012-12-08 00:38","CommitProcessor.java","31560","11621","43181"
"2019-07-30 02:31","CommitProcessor.java","254853","178405","433258"
"2016-05-15 23:31","CommitProcessor.java","80380","24081","104461"
"2019-08-03 08:42","CommitProcessor.java","257640","178405","436045"
"2019-04-09 15:35","CommitProcessor.java","237738","178354","416092"
"2019-04-25 02:11","CommitProcessor.java","240653","178406","419059"
"2019-01-07 14:24","CommitProcessor.java","231696","178339","410035"
"2011-10-28 18:37","CommitProcessor.java","17162","7062","24224"
"2015-03-08 23:07","CommitProcessor.java","71263","21015","92278"
"2014-07-15 23:54","CommitProcessor.java","62777","20406","83183"
"2014-03-23 04:12","CommitProcessor.java","49887","13945","63832"
"2020-03-25 03:38","CommitProcessor.java","270811","179499","450310"
"2019-10-10 14:37","CommitProcessor.java","260685","178405","439090"
"2019-11-11 13:55","CommitProcessor.java","262640","178405","441045"
"2019-12-27 22:33","CommitProcessor.java","266704","179499","446203"
"2020-03-19 17:09","Learner.java","268775","231899","500674"
"2020-02-03 04:30","Learner.java","267270","231899","499169"
"2020-01-23 13:43","Learner.java","266713","231899","498612"
"2020-03-25 03:38","Learner.java","269571","231899","501470"
"2019-11-28 12:24","Learner.java","261690","231897","493587"
"2019-12-27 22:33","Learner.java","265463","231898","497361"
"2020-01-25 18:48","Learner.java","266903","231899","498802"
"2020-05-03 19:43","Learner.java","270568","231960","502528"
"2019-10-10 14:37","Learner.java","258676","230036","488712"
"2019-06-03 19:40","Learner.java","240252","230034","470286"
"2019-07-15 14:15","Learner.java","250341","230035","480376"
"2019-08-23 19:43","Learner.java","255588","230035","485623"
"2019-08-17 17:13","Learner.java","254922","230035","484957"
"2019-04-09 15:35","Learner.java","235670","229926","465596"
"2019-07-12 17:01","Learner.java","250235","230035","480270"
"2019-07-02 07:34","Learner.java","242864","230034","472898"
"2018-10-16 16:22","Learner.java","230973","207689","438662"
"2018-12-09 03:16","Learner.java","227440","229895","457335"
"2019-11-29 14:49","Learner.java","263341","231897","495238"
"2018-11-27 10:02","Learner.java","225116","229895","455011"
"2018-08-06 14:11","Learner.java","25327","21929","47256"
"2019-05-14 17:11","SyncRequestProcessor.java","241011","197600","438611"
"2019-06-05 00:46","SyncRequestProcessor.java","242220","197616","439836"
"2019-05-22 11:39","SyncRequestProcessor.java","241544","197600","439144"
"2019-06-03 19:40","SyncRequestProcessor.java","241691","197616","439307"
"2019-08-17 17:13","SyncRequestProcessor.java","256360","197616","453976"
"2019-10-10 14:37","SyncRequestProcessor.java","260113","197616","457729"
"2020-01-07 20:39","SyncRequestProcessor.java","266762","198965","465727"
"2020-03-25 03:38","SyncRequestProcessor.java","270494","198965","469459"
"2015-03-08 23:07","SyncRequestProcessor.java","28519","10742","39261"
"2019-04-30 18:08","SyncRequestProcessor.java","240180","197600","437780"
"2018-10-04 15:46","ZooKeeperTest.java","119717","103755","223472"
"2019-03-12 19:08","ZooKeeperTest.java","235277","223796","459073"
"2019-05-23 18:42","ZooKeeperTest.java","240461","223874","464335"
"2019-08-17 17:13","ZooKeeperTest.java","255250","223892","479142"
"2019-06-06 00:01","ZooKeeperTest.java","241386","223891","465277"
"2019-10-10 14:37","ProtocolSupport.java","5697","2537","8234"
"2019-10-10 14:37","QuorumPeerMain.java","257917","232675","490592"
"2020-01-23 13:43","QuorumPeerMain.java","266030","234614","500644"
"2019-11-28 12:24","QuorumPeerMain.java","261007","234612","495619"
"2020-02-16 10:25","QuorumPeerMain.java","266743","234614","501357"
"2019-04-18 19:17","QuorumPeerMain.java","236642","232636","469278"
"2019-11-11 13:59","QuorumPeerMain.java","261622","232723","494345"
"2019-04-12 19:01","QuorumPeerMain.java","235932","232636","468568"
"2018-09-11 15:23","QuorumPeerMain.java","90853","88638","179491"
"2019-08-17 17:13","QuorumPeerMain.java","254163","232674","486837"
"2011-06-21 07:34","FileTxnLog.java","32695","19911","52606"
"2014-02-12 17:00","FileTxnLog.java","76111","29973","106084"
"2013-12-11 01:10","FileTxnLog.java","73128","29875","103003"
"2018-01-19 00:43","FileTxnLog.java","116955","42016","158971"
"2019-12-27 22:33","FileTxnLog.java","266740","168801","435541"
"2019-10-10 14:37","FileTxnLog.java","260768","167754","428522"
"2018-11-12 22:36","FileTxnLog.java","225049","167696","392745"
"2018-08-01 21:19","FileTxnLog.java","138792","58898","197690"
"2018-04-27 20:28","FileTxnLog.java","118955","42166","161121"
"2018-06-08 16:52","FileTxnLog.java","120417","42181","162598"
"2010-12-23 13:42","FileTxnLog.java","59961","8614","68575"
"2011-09-03 01:07","FileTxnLog.java","43209","19212","62421"
"2011-04-12 09:14","FileTxnLog.java","30323","19589","49912"
"2011-11-15 19:30","FileTxnLog.java","45579","24096","69675"
"2014-06-30 19:11","FileTxnLog.java","87218","36021","123239"
"2020-01-28 17:26","FileTxnLog.java","268460","168801","437261"
"2019-05-14 17:11","FileTxnLog.java","241683","167755","409438"
"2019-01-07 14:24","FileTxnLog.java","231787","167696","399483"
"2013-06-28 23:22","FileTxnLog.java","68515","29498","98013"
"2019-04-12 19:01","FileTxnLog.java","238823","167755","406578"
"2017-04-28 07:14","FileTxnLog.java","112105","40897","153002"
"2012-02-06 09:40","FileTxnLog.java","47932","24941","72873"
"2018-09-06 01:11","FileTxnLog.java","185402","103877","289279"
"2018-09-18 01:00","FileTxnLog.java","187711","103932","291643"
"2016-03-20 19:31","FileTxnLog.java","103637","37371","141008"
"2019-08-17 17:13","FileTxnLog.java","257015","167754","424769"
"2019-06-03 19:40","FileTxnLog.java","242346","167754","410100"
"2018-04-24 00:20","FileTxnLog.java","118808","42106","160914"
"2018-02-14 21:23","FileTxnLog.java","117889","42071","159960"
"2019-08-03 08:42","FileTxnLog.java","257723","167754","425477"
"2019-04-09 15:35","FileTxnLog.java","237831","167713","405544"
"2017-08-03 20:41","FileTxnLog.java","112154","41762","153916"
"2018-02-02 00:26","FileTxnLog.java","116964","42018","158982"
"2017-06-26 00:07","FileTxnLog.java","112428","41682","154110"
"2019-10-10 14:37","MiniKdc.java","7470","3717","11187"
"2012-01-31 07:45","LearnerZooKeeperServer.java","59613","25044","84657"
"2019-08-17 17:13","LearnerZooKeeperServer.java","257115","154969","412084"
"2014-03-21 06:36","LearnerZooKeeperServer.java","87599","29311","116910"
"2016-08-13 15:01","LearnerZooKeeperServer.java","113877","33737","147614"
"2010-03-12 19:26","LearnerZooKeeperServer.java","22547","9698","32245"
"2015-03-08 23:07","LearnerZooKeeperServer.java","104278","31470","135748"
"2013-10-09 22:21","LearnerZooKeeperServer.java","83406","29079","112485"
"2019-12-27 22:33","FileTxnSnapLog.java","266636","179151","445787"
"2019-10-10 14:37","FileTxnSnapLog.java","260403","177843","438246"
"2019-12-13 08:51","FileTxnSnapLog.java","264673","179151","443824"
"2017-01-07 01:09","FileTxnSnapLog.java","71510","21438","92948"
"2014-02-12 17:00","FileTxnSnapLog.java","30713","7566","38279"
"2012-03-06 09:20","FileTxnSnapLog.java","855","433","1288"
"2020-01-23 16:46","FileTxnSnapLog.java","267885","179151","447036"
"2020-01-28 17:26","FileTxnSnapLog.java","268356","179151","447507"
"2016-09-18 23:21","FileTxnSnapLog.java","66313","20713","87026"
"2017-01-23 02:13","FileTxnSnapLog.java","71947","21471","93418"
"2018-06-08 16:52","FileTxnSnapLog.java","81473","26228","107701"
"2019-09-02 08:23","FileTxnSnapLog.java","257307","177843","435150"
"2017-04-28 07:14","FileTxnSnapLog.java","71711","23494","95205"
"2019-07-31 19:06","FileTxnSnapLog.java","255957","177843","433800"
"2018-07-30 06:22","FileTxnSnapLog.java","101224","44324","145548"
"2012-07-17 23:25","FileTxnSnapLog.java","6831","3108","9939"
"2020-01-30 09:43","FileTxnSnapLog.java","268432","179151","447583"
"2019-05-14 17:11","FileTxnSnapLog.java","241317","177843","419160"
"2013-06-28 23:22","FileTxnSnapLog.java","22735","6709","29444"
"2014-02-10 21:50","FileTxnSnapLog.java","30565","7530","38095"
"2019-05-21 23:34","FileTxnSnapLog.java","241638","177843","419481"
"2019-05-27 10:54","FileTxnSnapLog.java","241970","177843","419813"
"2017-01-13 19:29","FileTxnSnapLog.java","71725","21450","93175"
"2017-06-26 00:07","FileTxnSnapLog.java","72340","24585","96925"
"2018-02-23 23:49","FileTxnSnapLog.java","78980","25989","104969"
"2017-08-18 06:32","FileTxnSnapLog.java","72897","25140","98037"
"2019-08-17 17:13","FileTxnSnapLog.java","256650","177843","434493"
"2018-02-14 21:23","FileTxnSnapLog.java","78801","25974","104775"
"2017-11-15 22:33","CommitProcessor.java","76491","25772","102263"
"2019-08-17 17:13","CommitProcessor.java","256659","175544","432203"
"2012-12-08 00:38","CommitProcessor.java","15254","5415","20669"
"2019-07-30 02:31","CommitProcessor.java","254580","175544","430124"
"2016-05-15 23:31","CommitProcessor.java","66828","20629","87457"
"2019-08-03 08:42","CommitProcessor.java","257367","175544","432911"
"2019-04-09 15:35","CommitProcessor.java","237459","175487","412946"
"2019-04-25 02:11","CommitProcessor.java","240379","175544","415923"
"2019-01-07 14:24","CommitProcessor.java","231412","175467","406879"
"2015-03-08 23:07","CommitProcessor.java","56290","16142","72432"
"2014-07-15 23:54","CommitProcessor.java","47666","15395","63061"
"2014-03-23 04:12","CommitProcessor.java","34671","8829","43500"
"2020-03-25 03:38","CommitProcessor.java","270749","176849","447598"
"2019-10-10 14:37","CommitProcessor.java","260412","175544","435956"
"2019-11-11 13:55","CommitProcessor.java","262395","175572","437967"
"2019-12-27 22:33","CommitProcessor.java","266642","176849","443491"
"2011-04-12 09:14","MergedLogSource.java","14937","15099","30036"
"2019-10-10 14:37","Observer.java","7470","3717","11187"
"2019-12-27 22:33","Observer.java","18682","10004","28686"
"2019-08-23 19:43","Observer.java","669","3","672"
"2016-07-27 01:33","SetCommand.java","61514","17918","79432"
"2019-01-31 15:55","SetCommand.java","234068","178779","412847"
"2019-08-17 17:13","SetCommand.java","256502","178872","435374"
"2017-05-27 00:52","SetCommand.java","68500","22228","90728"
"2019-08-17 17:13","SyncedLearnerTracker.java","256154","204080","460234"
"2018-08-29 06:26","SyncedLearnerTracker.java","137969","106484","244453"
"2019-05-20 17:18","ClientReconnectTest.java","241135","197738","438873"
"2016-05-02 18:15","ClientReconnectTest.java","39548","16242","55790"
"2019-08-17 17:13","ClientReconnectTest.java","256360","197754","454114"
"2015-07-07 07:11","ClientReconnectTest.java","34292","12738","47030"
"2020-05-17 15:13","ClientReconnectTest.java","271665","199114","470779"
"2019-10-10 14:37","QuorumPeerMain.java","261459","90102","351561"
"2010-03-13 01:06","QuorumPeerMain.java","87126","8808","95934"
"2020-01-23 13:43","QuorumPeerMain.java","268089","90558","358647"
"2019-11-28 12:24","QuorumPeerMain.java","263068","90558","353626"
"2012-03-06 09:20","QuorumPeerMain.java","111565","14099","125664"
"2010-08-18 08:24","QuorumPeerMain.java","108101","10069","118170"
"2013-10-09 22:21","QuorumPeerMain.java","131740","15337","147077"
"2011-09-02 22:50","QuorumPeerMain.java","107381","9543","116924"
"2020-02-16 10:25","QuorumPeerMain.java","268802","90558","359360"
"2019-04-18 19:17","QuorumPeerMain.java","240224","90103","330327"
"2011-04-12 09:14","QuorumPeerMain.java","100048","10971","111019"
"2019-11-11 13:59","QuorumPeerMain.java","265116","90102","355218"
"2019-04-12 19:01","QuorumPeerMain.java","239514","90103","329617"
"2018-09-11 15:23","QuorumPeerMain.java","209448","52871","262319"
"2017-02-13 22:09","QuorumPeerMain.java","163999","19637","183636"
"2014-07-18 02:19","QuorumPeerMain.java","146940","16981","163921"
"2018-08-06 14:11","QuorumPeerMain.java","180744","26382","207126"
"2012-04-23 01:20","QuorumPeerMain.java","113632","14262","127894"
"2009-04-07 00:19","QuorumPeerMain.java","18141","3306","21447"
"2017-07-28 00:36","QuorumPeerMain.java","164353","19937","184290"
"2009-06-05 06:44","QuorumPeerMain.java","46238","4470","50708"
"2019-08-17 17:13","QuorumPeerMain.java","257706","90102","347808"
"2015-03-17 18:06","QuorumPeerMain.java","153076","17144","170220"
"2017-11-28 00:10","QuorumPeerMain.java","168856","20020","188876"
"2018-11-17 18:37","AbstractFourLetterCommand.java","223230","226122","449352"
"2018-02-07 01:05","AbstractFourLetterCommand.java","10855","7982","18837"
"2019-08-17 17:13","AbstractFourLetterCommand.java","255276","226243","481519"
"2013-03-07 07:01","KeeperException.java","78662","29077","107739"
"2011-07-01 00:53","KeeperException.java","51244","22527","73771"
"2012-02-06 09:56","KeeperException.java","61115","25690","86805"
"2014-01-24 07:18","KeeperException.java","88021","29703","117724"
"2019-08-17 17:13","KeeperException.java","257179","154580","411759"
"2014-04-30 04:30","KeeperException.java","92712","31115","123827"
"2019-07-24 18:00","KeeperException.java","253634","154580","408214"
"2016-11-13 20:59","KeeperException.java","118334","34387","152721"
"2017-07-28 00:36","KeeperException.java","118936","36143","155079"
"2020-03-25 03:38","KeeperException.java","270911","155527","426438"
"2018-07-27 05:16","KeeperException.java","144991","53056","198047"
"2011-05-20 01:17","KeeperException.java","46535","21644","68179"
"2013-10-09 22:21","KeeperException.java","84378","29598","113976"
"2019-08-17 17:13","ZooKeeperServerMainTest.java","44192","29523","73715"
"2012-08-28 21:51","ClientBase.java","67338","27625","94963"
"2017-06-08 17:51","ClientBase.java","119090","36072","155162"
"2012-07-17 23:19","ClientBase.java","66190","27551","93741"
"2017-04-18 01:37","ClientBase.java","119346","35696","155042"
"2010-03-16 22:23","ClientBase.java","24512","11054","35566"
"2018-09-07 02:49","ClientBase.java","188708","94620","283328"
"2019-07-31 19:06","ClientBase.java","256494","154468","410962"
"2012-02-06 09:47","ClientBase.java","61283","25765","87048"
"2015-02-06 06:17","ClientBase.java","105168","31961","137129"
"2017-09-11 18:55","ClientBase.java","119755","36279","156034"
"2019-08-17 17:13","ClientBase.java","257187","154468","411655"
"2015-03-28 20:08","ClientBase.java","107444","32026","139470"
"2019-06-07 14:13","ClientBase.java","243291","154468","397759"
"2018-04-24 00:20","ClientBase.java","125732","36480","162212"
"2018-08-08 06:21","ClientBase.java","168558","75335","243893"
"2018-05-09 23:57","ClientBase.java","126587","36550","163137"
"2019-06-24 11:05","ClientBase.java","244520","154468","398988"
"2012-12-11 08:42","ClientBase.java","71316","28270","99586"
"2017-01-13 19:29","ClientBase.java","120484","34668","155152"
"2010-01-25 04:28","ClientBase.java","5462","1848","7310"
"2010-03-09 05:44","ClientBase.java","23515","10823","34338"
"2016-06-23 23:25","ClientBase.java","113889","33979","147868"
"2014-01-03 01:40","ClientBase.java","86430","29687","116117"
"2014-01-25 01:17","ClientBase.java","88284","29735","118019"
"2009-11-25 20:06","ClientBase.java","37","4","41"
"2019-11-14 16:44","ClientBase.java","265214","154468","419682"
"2019-10-10 14:37","ClientBase.java","260940","154468","415408"
"2012-03-15 17:47","ClientBase.java","62774","26013","88787"
"2010-09-15 07:51","ClientBase.java","77785","16468","94253"
"2012-01-14 00:28","ClientBase.java","60669","25667","86336"
"2011-04-12 09:14","ClientBase.java","45851","21659","67510"
"2011-11-05 07:29","ClientBase.java","59042","25460","84502"
"2016-08-24 01:36","ClientBase.java","114842","34361","149203"
"2011-09-17 02:13","ClientBase.java","58089","23489","81578"
"2010-07-05 20:20","ClientBase.java","39694","15167","54861"
"2010-03-31 06:26","ClientBase.java","26198","12518","38716"
"2010-08-18 08:24","ClientBase.java","49607","16460","66067"
"2015-03-08 23:07","ClientBase.java","105374","31993","137367"
"2019-10-10 14:37","SaslAuthFailDesignatedClientTest.java","260403","177824","438227"
"2013-10-23 01:15","SaslAuthFailDesignatedClientTest.java","27304","7324","34628"
"2013-10-23 01:23","SaslAuthFailDesignatedClientTest.java","27304","7324","34628"
"2016-05-02 18:15","SaslAuthFailDesignatedClientTest.java","63623","20097","83720"
"2019-08-17 17:13","SaslAuthFailDesignatedClientTest.java","256650","177824","434474"
"2019-08-17 17:13","OOMTest.java","257015","167976","424991"
"2017-09-11 18:55","OOMTest.java","111393","40664","152057"
"2010-08-18 08:24","OOMTest.java","24450","4983","29433"
"2013-12-21 22:05","OOMTest.java","72367","28511","100878"
"2019-09-18 11:20","OOMTest.java","259927","167976","427903"
"2018-10-16 16:22","QuorumPeerConfig.java","236311","158291","394602"
"2012-04-23 01:20","QuorumPeerConfig.java","10383","7241","17624"
"2018-12-09 03:16","QuorumPeerConfig.java","229339","177058","406397"
"2019-04-12 19:01","QuorumPeerConfig.java","238550","177120","415670"
"2018-09-11 15:23","QuorumPeerConfig.java","171737","111388","283125"
"2013-03-07 07:01","QuorumPeerConfig.java","25174","10194","35368"
"2018-12-15 07:34","QuorumPeerConfig.java","229254","177058","406312"
"2019-02-13 13:12","QuorumPeerConfig.java","235640","177071","412711"
"2019-08-17 17:13","QuorumPeerConfig.java","256742","177119","433861"
"2015-03-17 18:06","QuorumPeerConfig.java","58556","18852","77408"
"2014-01-21 04:50","QuorumPeerConfig.java","33331","11201","44532"
"2012-12-16 07:43","QuorumPeerConfig.java","17193","8607","25800"
"2017-11-28 00:10","QuorumPeerConfig.java","81302","28694","109996"
"2019-06-05 00:29","QuorumPeerConfig.java","242409","177119","419528"
"2014-09-17 07:34","QuorumPeerConfig.java","54729","18478","73207"
"2020-01-09 11:27","QuorumPeerConfig.java","266074","178348","444422"
"2019-07-12 17:01","QuorumPeerConfig.java","252055","177119","429174"
"2016-11-13 20:59","QuorumPeerConfig.java","73245","23903","97148"
"2019-05-15 11:56","QuorumPeerConfig.java","241497","177120","418617"
"2014-08-19 22:50","QuorumPeerConfig.java","53643","18478","72121"
"2018-10-01 06:11","QuorumPeerConfig.java","175787","111604","287391"
"2017-07-28 00:36","QuorumPeerConfig.java","76375","28187","104562"
"2013-09-30 22:20","QuorumPeerConfig.java","28016","10651","38667"
"2017-07-06 18:48","QuorumPeerConfig.java","76611","27541","104152"
"2013-09-26 00:13","QuorumPeerConfig.java","27752","10631","38383"
"2020-01-23 13:43","QuorumPeerConfig.java","267898","178348","446246"
"2014-05-17 13:23","QuorumPeerConfig.java","44398","17373","61771"
"2014-07-04 04:19","QuorumPeerConfig.java","47142","17568","64710"
"2016-06-23 19:42","QuorumPeerConfig.java","68163","23253","91416"
"2015-09-06 20:02","QuorumPeerConfig.java","63436","20220","83656"
"2015-09-29 03:56","QuorumPeerConfig.java","63659","20262","83921"
"2019-10-10 14:37","QuorumPeerConfig.java","260495","177119","437614"
"2018-07-27 12:32","QuorumPeerConfig.java","104718","47196","151914"
"2019-04-18 19:17","QuorumPeerConfig.java","239260","177120","416380"
"2016-11-03 16:07","QuorumPeerConfig.java","71556","23883","95439"
"2014-03-25 22:13","QuorumPeerConfig.java","36062","11476","47538"
"2013-10-09 22:21","QuorumPeerConfig.java","31155","10980","42135"
"2014-08-01 07:38","QuorumPeerConfig.java","53055","18425","71480"
"2014-08-14 08:08","QuorumPeerConfig.java","53478","18427","71905"
"2020-02-16 10:25","QuorumPeerConfig.java","268611","178348","446959"
"2020-05-14 18:18","QuorumPeerConfig.java","271840","178352","450192"
"2017-05-11 16:59","QuorumPeerConfig.java","75510","27307","102817"
"2020-02-16 10:25","QuorumAuthUpgradeTest.java","64622","39313","103935"
"2019-10-10 14:37","QuorumAuthUpgradeTest.java","50347","31925","82272"
"2019-08-17 17:13","QuorumAuthUpgradeTest.java","44192","29523","73715"
"2019-02-06 09:46","ZooKeeper.java","234841","147125","381966"
"2019-01-16 14:21","ZooKeeper.java","233117","147124","380241"
"2017-04-18 02:02","ZooKeeper.java","125772","35126","160898"
"2019-11-08 17:30","ZooKeeper.java","262801","147174","409975"
"2019-02-07 11:26","ZooKeeper.java","235470","147125","382595"
"2013-03-07 07:01","ZooKeeper.java","85339","28640","113979"
"2011-07-01 00:53","ZooKeeper.java","58472","22341","80813"
"2013-12-17 17:55","ZooKeeper.java","92702","29199","121901"
"2012-02-06 09:56","ZooKeeper.java","67932","25393","93325"
"2012-03-17 01:31","ZooKeeper.java","69669","25625","95294"
"2012-11-17 15:03","ZooKeeper.java","76517","27354","103871"
"2017-05-01 17:19","ZooKeeper.java","125906","35133","161039"
"2010-11-10 23:36","ZooKeeper.java","88321","16837","105158"
"2014-01-24 07:18","ZooKeeper.java","94688","29256","123944"
"2019-08-17 17:13","ZooKeeper.java","257187","147174","404361"
"2015-06-04 19:51","ZooKeeper.java","115468","31711","147179"
"2016-10-07 21:51","ZooKeeper.java","122685","33877","156562"
"2015-03-16 09:09","ZooKeeper.java","112214","31501","143715"
"2015-03-17 18:06","ZooKeeper.java","112947","31524","144471"
"2016-05-02 18:15","ZooKeeper.java","119500","33458","152958"
"2019-06-26 10:57","ZooKeeper.java","245037","147174","392211"
"2019-06-03 19:40","ZooKeeper.java","242518","147174","389692"
"2018-05-09 23:57","ZooKeeper.java","132967","35936","168903"
"2019-08-03 08:42","ZooKeeper.java","257895","147174","405069"
"2016-11-13 20:59","ZooKeeper.java","124953","33892","158845"
"2013-02-03 15:52","ZooKeeper.java","80957","28321","109278"
"2012-09-28 18:32","ZooKeeper.java","74406","27211","101617"
"2017-07-28 00:36","ZooKeeper.java","125458","35551","161009"
"2017-08-18 23:35","ZooKeeper.java","125995","35603","161598"
"2017-07-04 07:56","ZooKeeper.java","126051","35534","161585"
"2009-12-11 20:38","ZooKeeper.java","8904","1526","10430"
"2010-01-26 03:22","ZooKeeper.java","14589","3133","17722"
"2010-01-05 18:32","ZooKeeper.java","10501","2459","12960"
"2020-04-16 12:50","ZooKeeper.java","271700","148113","419813"
"2018-07-27 05:16","ZooKeeper.java","146887","47838","194725"
"2019-10-10 14:37","ZooKeeper.java","260940","147174","408114"
"2014-04-01 04:03","ZooKeeper.java","96442","29530","125972"
"2010-02-08 23:36","ZooKeeper.java","20972","9855","30827"
"2012-12-19 19:16","ZooKeeper.java","80418","28275","108693"
"2019-02-11 12:34","ZooKeeper.java","235833","147125","382958"
"2014-07-08 20:18","ZooKeeper.java","102977","31178","134155"
"2010-11-30 21:16","ZooKeeper.java","88937","17086","106023"
"2020-05-17 15:13","ZooKeeper.java","272072","148114","420186"
"2017-01-09 22:49","ZooKeeper.java","126769","34140","160909"
"2011-05-20 01:17","ZooKeeper.java","53820","21515","75335"
"2019-03-12 19:08","ZooKeeper.java","237273","147137","384410"
"2011-09-06 00:58","ZooKeeper.java","64111","20576","84687"
"2014-07-22 06:51","ZooKeeper.java","107292","31295","138587"
"2014-04-29 02:23","ZooKeeper.java","99360","30663","130023"
"2018-07-12 01:33","StatCommandTest.java","14643","11576","26219"
"2019-08-17 17:13","StatCommandTest.java","255075","228915","483990"
"2019-08-17 17:13","Leader.java","256986","181514","438500"
"2019-06-29 00:33","Leader.java","244973","181514","426487"
"2019-06-03 19:40","Leader.java","242317","181514","423831"
"2014-05-20 23:42","Leader.java","70107","34172","104279"
"2019-07-15 14:15","Leader.java","252405","181514","433919"
"2015-03-17 18:06","Leader.java","83258","35086","118344"
"2019-07-25 21:41","Leader.java","253469","181514","434983"
"2018-05-10 06:00","Leader.java","105292","41227","146519"
"2018-07-12 01:33","Leader.java","113837","48839","162676"
"2018-02-07 01:05","Leader.java","103032","41101","144133"
"2017-11-28 00:10","Leader.java","102049","40973","143022"
"2019-06-05 00:33","Leader.java","242707","181514","424221"
"2015-04-10 22:22","Leader.java","84335","35095","119430"
"2011-06-14 07:14","Leader.java","15365","16470","31835"
"2019-08-03 08:42","Leader.java","257694","181514","439208"
"2019-06-05 23:57","Leader.java","242976","181514","424490"
"2012-12-08 00:38","Leader.java","43005","26190","69195"
"2013-10-07 21:08","Leader.java","53938","27674","81612"
"2012-12-31 02:38","Leader.java","45768","26832","72600"
"2017-01-13 19:29","Leader.java","97983","38424","136407"
"2012-07-05 18:01","Leader.java","37346","25457","62803"
"2019-01-07 14:55","Leader.java","231811","181448","413259"
"2019-04-12 19:01","Leader.java","238794","181515","420309"
"2018-12-09 03:16","Leader.java","229578","181448","411026"
"2018-08-17 14:40","Leader.java","162487","95193","257680"
"2019-11-29 14:49","Leader.java","264615","182586","447201"
"2013-03-07 07:01","Leader.java","50735","27287","78022"
"2018-11-27 10:02","Leader.java","227254","181448","408702"
"2015-02-06 06:17","Leader.java","81972","35022","116994"
"2012-02-27 03:41","Leader.java","32582","23057","55639"
"2017-02-15 23:04","Leader.java","96421","39818","136239"
"2014-07-18 02:19","Leader.java","76955","34756","111711"
"2012-01-04 01:15","Leader.java","31330","22683","54013"
"2011-12-28 01:26","Leader.java","31137","22643","53780"
"2018-08-29 06:26","Leader.java","178205","110703","288908"
"2018-08-03 18:52","Leader.java","124523","58027","182550"
"2011-04-29 18:12","Leader.java","13581","16301","29882"
"2013-05-14 14:27","Leader.java","50889","27316","78205"
"2012-02-06 09:40","Leader.java","32020","22736","54756"
"2017-09-11 18:55","Leader.java","98081","40862","138943"
"2018-09-18 01:00","Leader.java","185832","115760","301592"
"2011-10-20 20:02","Leader.java","28315","21589","49904"
"2012-01-14 00:28","Leader.java","31433","22688","54121"
"2012-01-06 02:32","Leader.java","31332","22684","54016"
"2012-03-15 17:47","Leader.java","33573","23069","56642"
"2011-04-12 09:14","Leader.java","13141","16196","29337"
"2011-09-22 07:42","Leader.java","28437","19919","48356"
"2010-08-18 08:24","Leader.java","7493","1593","9086"
"2016-12-20 14:47","Leader.java","97128","38411","135539"
"2014-07-20 04:50","Leader.java","77531","34811","112342"
"2014-06-10 00:19","Leader.java","71050","34181","105231"
"2016-06-23 23:25","Leader.java","91056","37403","128459"
"2016-06-23 23:45","Leader.java","91164","37403","128567"
"2020-03-25 03:38","Leader.java","270843","182586","453429"
"2014-03-23 04:12","Leader.java","60946","28128","89074"
"2019-12-27 22:33","Leader.java","266736","182586","449322"
"2016-08-13 15:01","Leader.java","92124","37668","129792"
"2013-10-21 23:36","Leader.java","56852","27846","84698"
"2019-10-10 14:37","Leader.java","260739","181514","442253"
"2013-11-07 06:41","Leader.java","57307","27870","85177"
"2019-08-17 17:13","LeaderMetricsTest.java","43400","29390","72790"
"2019-08-17 17:13","OOMTest.java","256985","187413","444398"
"2017-09-11 18:55","OOMTest.java","91941","40622","132563"
"2013-12-21 22:05","OOMTest.java","51384","26938","78322"
"2019-09-18 11:20","OOMTest.java","259897","187413","447310"
"2017-09-11 18:55","ZooInspectorPanel.java","16474","11390","27864"
"2016-07-27 01:33","ZooKeeperTest.java","65785","20216","86001"
"2015-11-08 22:54","ZooKeeperTest.java","60937","17186","78123"
"2016-09-08 22:52","ZooKeeperTest.java","66648","20691","87339"
"2018-10-04 15:46","ZooKeeperTest.java","173669","109462","283131"
"2016-10-16 14:21","ZooKeeperTest.java","67929","20812","88741"
"2019-03-12 19:08","ZooKeeperTest.java","236720","176994","413714"
"2017-04-29 20:17","ZooKeeperTest.java","72529","23514","96043"
"2014-03-29 04:33","ZooKeeperTest.java","32952","8107","41059"
"2017-05-30 19:43","ZooKeeperTest.java","72635","24390","97025"
"2012-03-17 01:39","ZooKeeperTest.java","3104","758","3862"
"2013-09-02 23:04","ZooKeeperTest.java","23543","6928","30471"
"2019-05-23 18:42","ZooKeeperTest.java","241885","177053","418938"
"2019-08-17 17:13","ZooKeeperTest.java","256656","177053","433709"
"2016-08-10 19:32","ZooKeeperTest.java","65959","20435","86394"
"2019-06-06 00:01","ZooKeeperTest.java","242793","177053","419846"
"2019-08-17 17:13","CRCTest.java","256932","178405","435337"
"2016-08-24 01:36","CRCTest.java","81876","24528","106404"
"2019-10-10 14:37","CRCTest.java","260685","178405","439090"
"2013-12-21 22:05","CRCTest.java","47163","13693","60856"
"2014-06-25 15:04","FastLeaderElection.java","41779","14167","55946"
"2018-12-06 10:56","FastLeaderElection.java","227099","177764","404863"
"2014-07-08 05:25","FastLeaderElection.java","43910","14662","58572"
"2014-07-18 20:48","FastLeaderElection.java","48315","14941","63256"
"2014-03-23 04:12","FastLeaderElection.java","31278","7744","39022"
"2019-10-10 14:37","FastLeaderElection.java","260403","177843","438246"
"2013-10-21 23:36","FastLeaderElection.java","26952","7230","34182"
"2019-09-30 23:22","FastLeaderElection.java","260030","177843","437873"
"2014-07-20 04:50","FastLeaderElection.java","48409","14973","63382"
"2020-04-07 09:07","FastLeaderElection.java","271332","179151","450483"
"2012-03-20 01:33","FastLeaderElection.java","4026","2575","6601"
"2019-01-18 03:42","FastLeaderElection.java","232598","177766","410364"
"2017-09-11 18:55","FastLeaderElection.java","73199","25264","98463"
"2013-03-07 07:01","FastLeaderElection.java","20455","6291","26746"
"2018-08-29 06:26","FastLeaderElection.java","162345","104127","266472"
"2015-02-06 06:17","FastLeaderElection.java","53036","15370","68406"
"2018-04-30 06:34","FastLeaderElection.java","80054","26137","106191"
"2019-08-17 17:13","FastLeaderElection.java","256650","177843","434493"
"2019-08-02 20:08","FastLeaderElection.java","257431","177843","435274"
"2012-08-03 00:17","FastLeaderElection.java","7173","3234","10407"
"2017-01-13 19:29","FastLeaderElection.java","71725","21450","93175"
"2019-08-03 08:42","FastLeaderElection.java","257358","177843","435201"
"2020-03-12 14:47","QuorumCnxManager.java","4126","2110","6236"
"2020-03-23 16:20","QuorumCnxManager.java","4403","2216","6619"
"2020-02-16 10:25","QuorumCnxManager.java","2509","1796","4305"
"2016-05-02 18:15","WatcherTest.java","91682","36171","127853"
"2019-08-17 17:13","WatcherTest.java","256987","178795","435782"
"2013-02-19 08:55","WatcherTest.java","47865","25705","73570"
"2017-02-16 01:16","WatcherTest.java","97905","38568","136473"
"2011-04-12 09:14","WatcherTest.java","14762","15097","29859"
"2011-09-17 02:13","WatcherTest.java","29673","18610","48283"
"2019-09-18 11:20","WatcherTest.java","259899","178795","438694"
"2019-07-02 07:34","Follower.java","245190","145376","390566"
"2018-12-09 03:16","Follower.java","229857","145328","375185"
"2019-04-12 19:01","Follower.java","239054","145376","384430"
"2013-03-07 07:01","Follower.java","86927","28370","115297"
"2015-02-06 06:17","Follower.java","113209","31150","144359"
"2011-04-29 18:12","Follower.java","55040","21361","76401"
"2011-01-22 20:38","Follower.java","91515","17036","108551"
"2011-02-07 20:26","Follower.java","91636","17140","108776"
"2018-09-18 01:00","Follower.java","193912","88731","282643"
"2019-08-17 17:13","Follower.java","257247","145376","402623"
"2019-06-29 00:33","Follower.java","245234","145376","390610"
"2019-08-06 17:11","Follower.java","258348","145376","403724"
"2019-07-15 14:15","Follower.java","252666","145376","398042"
"2019-08-23 19:43","Follower.java","257913","145376","403289"
"2017-11-28 00:10","Follower.java","131551","35366","166917"
"2019-06-05 00:33","Follower.java","242968","145376","388344"
"2011-06-14 07:14","Follower.java","56758","21464","78222"
"2019-05-03 00:44","Follower.java","241244","145376","386620"
"2010-01-25 04:28","Follower.java","16091","3325","19416"
"2009-11-20 23:28","Follower.java","11132","1980","13112"
"2015-06-05 21:15","Follower.java","117031","31382","148413"
"2019-12-27 22:33","Follower.java","266804","146255","413059"
"2016-08-13 15:01","Follower.java","122915","33350","156265"
"2019-10-10 14:37","Follower.java","261000","145376","406376"
"2010-08-18 08:24","Follower.java","58544","16245","74789"
"2016-12-20 14:47","Follower.java","127595","33769","161364"
"2014-07-22 06:51","Follower.java","108837","30982","139819"
"2019-11-08 17:30","WatchManagerTest.java","55697","31890","87587"
"2019-08-17 17:13","WatchManagerTest.java","47813","29620","77433"
"2012-08-28 21:51","ClientBase.java","67307","27627","94934"
"2017-06-08 17:51","ClientBase.java","119064","36079","155143"
"2012-07-17 23:19","ClientBase.java","66159","27553","93712"
"2017-04-18 01:37","ClientBase.java","119320","35703","155023"
"2010-03-16 22:23","ClientBase.java","24476","11051","35527"
"2018-09-07 02:49","ClientBase.java","188682","94627","283309"
"2019-07-31 19:06","ClientBase.java","256494","154501","410995"
"2012-02-06 09:47","ClientBase.java","61252","25767","87019"
"2015-02-06 06:17","ClientBase.java","105137","31963","137100"
"2017-09-11 18:55","ClientBase.java","119729","36286","156015"
"2019-08-17 17:13","ClientBase.java","257187","154501","411688"
"2015-03-28 20:08","ClientBase.java","107413","32028","139441"
"2019-06-07 14:13","ClientBase.java","243291","154501","397792"
"2018-04-24 00:20","ClientBase.java","125706","36487","162193"
"2018-08-08 06:21","ClientBase.java","168532","75342","243874"
"2018-05-09 23:57","ClientBase.java","126561","36557","163118"
"2019-06-24 11:05","ClientBase.java","244520","154501","399021"
"2012-12-11 08:42","ClientBase.java","71285","28272","99557"
"2017-01-13 19:29","ClientBase.java","120455","34672","155127"
"2010-01-25 04:28","ClientBase.java","5426","1845","7271"
"2010-03-09 05:44","ClientBase.java","23479","10820","34299"
"2016-06-23 23:25","ClientBase.java","113860","33983","147843"
"2014-01-03 01:40","ClientBase.java","86399","29689","116088"
"2014-01-25 01:17","ClientBase.java","88253","29737","117990"
"2019-11-14 16:44","ClientBase.java","265214","154501","419715"
"2019-10-10 14:37","ClientBase.java","260940","154501","415441"
"2012-03-15 17:47","ClientBase.java","62743","26015","88758"
"2010-09-15 07:51","ClientBase.java","77753","16469","94222"
"2012-01-14 00:28","ClientBase.java","60638","25669","86307"
"2011-04-12 09:14","ClientBase.java","45819","21660","67479"
"2011-11-05 07:29","ClientBase.java","59011","25462","84473"
"2016-08-24 01:36","ClientBase.java","114813","34365","149178"
"2011-09-17 02:13","ClientBase.java","58057","23490","81547"
"2010-07-05 20:20","ClientBase.java","39662","15168","54830"
"2010-03-31 06:26","ClientBase.java","26166","12519","38685"
"2010-08-18 08:24","ClientBase.java","49575","16461","66036"
"2015-03-08 23:07","ClientBase.java","105343","31995","137338"
"2018-04-27 00:21","ReferenceCountedACLCacheTest.java","21907","10872","32779"
"2019-08-17 17:13","ReferenceCountedACLCacheTest.java","255887","219817","475704"
"2016-11-03 16:07","QuorumPeerTestBase.java","15610","7641","23251"
"2019-12-27 22:33","QuorumPeerTestBase.java","266214","217617","483831"
"2019-10-10 14:37","QuorumPeerTestBase.java","259836","216164","476000"
"2016-06-23 23:25","QuorumPeerTestBase.java","11953","6472","18425"
"2019-07-12 17:01","QuorumPeerTestBase.java","251396","216164","467560"
"2017-01-13 19:29","QuorumPeerTestBase.java","20149","8762","28911"
"2019-08-17 17:13","QuorumPeerTestBase.java","256083","216164","472247"
"2017-11-28 00:10","QuorumPeerTestBase.java","28317","15413","43730"
"2017-12-16 01:25","QuorumPeerTestBase.java","28721","15773","44494"
"2018-10-12 10:25","QuorumPeerTestBase.java","230575","195221","425796"
"2018-09-15 00:08","ZooKeeperServer.java","170101","109228","279329"
"2019-04-12 19:01","ZooKeeperServer.java","238463","177111","415574"
"2019-07-31 19:06","ZooKeeperServer.java","255963","177111","433074"
"2019-09-11 10:27","ZooKeeperServer.java","258012","177111","435123"
"2019-01-14 19:38","ZooKeeperServer.java","231870","177033","408903"
"2019-01-07 15:34","ZooKeeperServer.java","231471","177033","408504"
"2018-11-21 17:56","ZooKeeperServer.java","224667","177032","401699"
"2012-01-31 07:45","ZooKeeperServer.java","479","140","619"
"2017-04-28 07:14","ZooKeeperServer.java","72453","23498","95951"
"2017-02-12 00:12","ZooKeeperServer.java","71499","23443","94942"
"2014-07-18 02:19","ZooKeeperServer.java","48674","15021","63695"
"2013-12-11 19:22","ZooKeeperServer.java","28949","7458","36407"
"2019-02-13 13:12","ZooKeeperServer.java","235544","177053","412597"
"2012-02-11 00:34","ZooKeeperServer.java","1538","614","2152"
"2016-11-24 17:18","ZooKeeperServer.java","71223","21391","92614"
"2018-07-19 05:59","ZooKeeperServer.java","101182","44242","145424"
"2018-09-18 01:00","ZooKeeperServer.java","170810","109284","280094"
"2019-03-04 08:07","ZooKeeperServer.java","236120","177052","413172"
"2019-07-08 23:26","ZooKeeperServer.java","245432","177111","422543"
"2019-01-23 14:00","ZooKeeperServer.java","233306","177034","410340"
"2019-02-13 13:19","ZooKeeperServer.java","235830","177053","412883"
"2019-05-14 17:11","ZooKeeperServer.java","241323","177111","418434"
"2013-01-25 02:17","ZooKeeperServer.java","15727","5224","20951"
"2015-07-10 08:19","ZooKeeperServer.java","59650","17010","76660"
"2019-06-04 10:55","ZooKeeperServer.java","242140","177111","419251"
"2019-04-09 15:35","ZooKeeperServer.java","237455","177053","414508"
"2019-08-03 08:42","ZooKeeperServer.java","257364","177111","434475"
"2019-05-15 11:56","ZooKeeperServer.java","241410","177111","418521"
"2019-05-22 11:39","ZooKeeperServer.java","241856","177111","418967"
"2019-04-22 19:15","ZooKeeperServer.java","239438","177111","416549"
"2018-02-23 23:49","ZooKeeperServer.java","79720","25991","105711"
"2016-11-16 06:21","ZooKeeperServer.java","70649","20838","91487"
"2012-12-19 19:07","ZooKeeperServer.java","14636","5171","19807"
"2017-08-18 06:32","ZooKeeperServer.java","73638","25143","98781"
"2017-06-26 00:16","ZooKeeperServer.java","73087","24600","97687"
"2019-09-10 04:26","ZooKeeperServer.java","257701","177111","434812"
"2019-08-17 17:13","ZooKeeperServer.java","256656","177111","433767"
"2019-09-05 23:12","ZooKeeperServer.java","257575","177111","434686"
"2019-09-10 15:21","ZooKeeperServer.java","257699","177111","434810"
"2019-08-01 07:31","ZooKeeperServer.java","257327","177111","434438"
"2019-08-01 07:28","ZooKeeperServer.java","256837","177111","433948"
"2019-06-03 19:40","ZooKeeperServer.java","241987","177111","419098"
"2015-03-17 18:06","ZooKeeperServer.java","55264","15638","70902"
"2019-11-23 17:08","ZooKeeperServer.java","262665","178419","441084"
"2019-10-09 16:49","ZooKeeperServer.java","260242","177111","437353"
"2019-07-03 00:44","ZooKeeperServer.java","244669","177111","421780"
"2018-01-19 01:12","ZooKeeperServer.java","78600","25913","104513"
"2019-07-24 18:00","ZooKeeperServer.java","253111","177111","430222"
"2013-05-16 18:49","ZooKeeperServer.java","21565","6512","28077"
"2018-08-08 06:21","ZooKeeperServer.java","144912","86492","231404"
"2018-05-09 23:57","ZooKeeperServer.java","81374","26140","107514"
"2019-12-27 22:33","ZooKeeperServer.java","266642","178419","445061"
"2016-08-13 15:01","ZooKeeperServer.java","66326","20416","86742"
"2018-09-11 00:17","ZooKeeperServer.java","168548","109224","277772"
"2019-11-18 09:05","ZooKeeperServer.java","261108","178419","439527"
"2019-10-10 14:37","ZooKeeperServer.java","260409","177111","437520"
"2019-09-16 23:26","ZooKeeperServer.java","259675","177111","436786"
"2013-10-08 01:35","ZooKeeperServer.java","24989","7132","32121"
"2017-06-23 18:39","ZooKeeperServer.java","73041","24534","97575"
"2019-12-03 10:01","ZooKeeperServer.java","264567","178419","442986"
"2020-03-25 03:38","ZooKeeperServer.java","270749","178419","449168"
"2019-11-28 12:24","ZooKeeperServer.java","262870","178419","441289"
"2019-11-06 15:21","ZooKeeperServer.java","260653","177139","437792"
"2020-04-12 11:14","ZooKeeperServer.java","271502","178419","449921"
"2013-10-09 22:21","ZooKeeperServer.java","27443","7346","34789"
"2015-03-08 23:07","ZooKeeperServer.java","54116","15538","69654"
"2018-06-08 16:52","ZooKeeperServer.java","82179","26196","108375"
"2018-06-15 07:41","ZooKeeperServer.java","82186","26200","108386"
"2018-07-28 04:37","ZooKeeperServer.java","101806","44290","146096"
"2019-04-18 19:17","ZooKeeperServer.java","239173","177111","416284"
"2012-03-15 17:47","ZooKeeperServer.java","2662","704","3366"
"2014-03-25 22:13","ZooKeeperServer.java","32391","7883","40274"
"2019-11-21 05:58","NIOServerCnxn.java","58317","36957","95274"
"2019-11-18 09:05","NIOServerCnxn.java","58284","36947","95231"
"2019-09-16 23:26","NIOServerCnxn.java","52124","30912","83036"
"2019-10-10 14:37","NIOServerCnxn.java","53666","31720","85386"
"2020-02-11 06:50","NIOServerCnxn.java","67760","39048","106808"
"2019-07-08 23:26","NIOServerCnxn.java","11448","4479","15927"
"2019-08-17 17:13","NIOServerCnxn.java","47813","29620","77433"
"2019-07-03 00:44","NIOServerCnxn.java","10602","4396","14998"
"2019-08-03 08:42","NIOServerCnxn.java","26477","7576","34053"
"2018-10-16 16:22","QuorumPeerConfig.java","232847","199737","432584"
"2018-12-09 03:16","QuorumPeerConfig.java","228425","221054","449479"
"2019-04-12 19:01","QuorumPeerConfig.java","237675","221155","458830"
"2018-09-11 15:23","QuorumPeerConfig.java","123739","108300","232039"
"2018-12-15 07:34","QuorumPeerConfig.java","228340","221054","449394"
"2019-02-13 13:12","QuorumPeerConfig.java","234736","221077","455813"
"2019-08-17 17:13","QuorumPeerConfig.java","255887","221174","477061"
"2017-11-28 00:10","QuorumPeerConfig.java","17392","9694","27086"
"2019-06-05 00:29","QuorumPeerConfig.java","241553","221173","462726"
"2020-01-09 11:27","QuorumPeerConfig.java","265570","222754","488324"
"2019-07-12 17:01","QuorumPeerConfig.java","251200","221174","472374"
"2016-11-13 20:59","QuorumPeerConfig.java","6044","1612","7656"
"2019-05-15 11:56","QuorumPeerConfig.java","240622","221155","461777"
"2018-10-01 06:11","QuorumPeerConfig.java","128385","109112","237497"
"2017-07-28 00:36","QuorumPeerConfig.java","12191","8913","21104"
"2017-07-06 18:48","QuorumPeerConfig.java","11534","7374","18908"
"2020-01-23 13:43","QuorumPeerConfig.java","267394","222754","490148"
"2019-10-10 14:37","QuorumPeerConfig.java","259640","221174","480814"
"2018-07-27 12:32","QuorumPeerConfig.java","43760","31148","74908"
"2019-04-18 19:17","QuorumPeerConfig.java","238385","221155","459540"
"2016-11-03 16:07","QuorumPeerConfig.java","4142","1379","5521"
"2020-02-16 10:25","QuorumPeerConfig.java","268107","222754","490861"
"2020-05-14 18:18","QuorumPeerConfig.java","271364","222786","494150"
"2017-05-11 16:59","QuorumPeerConfig.java","10328","7035","17363"
"2019-09-18 11:20","CustomHostProviderTest.java","5204","2292","7496"
"2019-09-05 23:12","BlueThrottleTest.java","2357","1438","3795"
"2015-02-06 06:17","ConnectionBean.java","111687","31470","143157"
"2019-08-17 17:13","ConnectionBean.java","257187","147158","404345"
"2010-03-11 04:17","ConnectionBean.java","31092","10750","41842"
"2019-10-10 14:37","ConnectionBean.java","260940","147158","408098"
"2011-04-12 09:14","ConnectionBean.java","52957","21455","74412"
"2010-08-18 08:24","ConnectionBean.java","56768","16311","73079"
"2019-10-10 14:37","QuorumPeerMain.java","261459","89382","350841"
"2010-03-13 01:06","QuorumPeerMain.java","91408","12370","103778"
"2020-01-23 13:43","QuorumPeerMain.java","268089","89838","357927"
"2019-11-28 12:24","QuorumPeerMain.java","263068","89838","352906"
"2012-03-06 09:20","QuorumPeerMain.java","115349","17399","132748"
"2010-08-18 08:24","QuorumPeerMain.java","112212","13460","125672"
"2013-10-09 22:21","QuorumPeerMain.java","135454","18567","154021"
"2011-09-02 22:50","QuorumPeerMain.java","111253","12931","124184"
"2020-02-16 10:25","QuorumPeerMain.java","268802","89838","358640"
"2019-04-18 19:17","QuorumPeerMain.java","240224","89383","329607"
"2011-04-12 09:14","QuorumPeerMain.java","104096","14299","118395"
"2019-11-11 13:59","QuorumPeerMain.java","265116","89382","354498"
"2019-04-12 19:01","QuorumPeerMain.java","239514","89383","328897"
"2018-09-11 15:23","QuorumPeerMain.java","212046","54985","267031"
"2017-02-13 22:09","QuorumPeerMain.java","167465","22619","190084"
"2014-07-18 02:19","QuorumPeerMain.java","150618","20175","170793"
"2018-08-06 14:11","QuorumPeerMain.java","183930","29084","213014"
"2009-01-15 23:57","QuorumPeerMain.java","6590","5870","12460"
"2012-04-23 01:20","QuorumPeerMain.java","117415","17561","134976"
"2009-04-07 00:19","QuorumPeerMain.java","23278","7723","31001"
"2017-07-28 00:36","QuorumPeerMain.java","167815","22915","190730"
"2009-06-05 06:44","QuorumPeerMain.java","51231","8743","59974"
"2019-08-17 17:13","QuorumPeerMain.java","257706","89382","347088"
"2015-03-17 18:06","QuorumPeerMain.java","156740","20324","177064"
"2017-11-28 00:10","QuorumPeerMain.java","172315","22995","195310"
"2019-10-10 14:37","BlueThrottle.java","59146","32120","91266"
"2019-08-17 17:13","BlueThrottle.java","53344","30071","83415"
"2019-09-05 23:12","BlueThrottle.java","55466","31274","86740"
"2019-08-17 17:13","Leader.java","256742","177169","433911"
"2019-06-29 00:33","Leader.java","244729","177169","421898"
"2019-06-03 19:40","Leader.java","242073","177169","419242"
"2014-05-20 23:42","Leader.java","44935","17518","62453"
"2019-07-15 14:15","Leader.java","252161","177169","429330"
"2015-03-17 18:06","Leader.java","58501","18847","77348"
"2019-07-25 21:41","Leader.java","253225","177169","430394"
"2018-05-10 06:00","Leader.java","84780","29233","114013"
"2018-07-12 01:33","Leader.java","93471","36991","130462"
"2018-02-07 01:05","Leader.java","82432","29019","111451"
"2017-11-28 00:10","Leader.java","81253","28695","109948"
"2019-06-05 00:33","Leader.java","242463","177169","419632"
"2015-04-10 22:22","Leader.java","59586","18864","78450"
"2019-08-03 08:42","Leader.java","257450","177169","434619"
"2019-06-05 23:57","Leader.java","242732","177169","419901"
"2012-12-08 00:38","Leader.java","16608","8311","24919"
"2013-10-07 21:08","Leader.java","28537","10791","39328"
"2012-12-31 02:38","Leader.java","19573","9155","28728"
"2017-01-13 19:29","Leader.java","75615","24574","100189"
"2012-07-05 18:01","Leader.java","10651","7280","17931"
"2019-01-07 14:55","Leader.java","231572","177108","408680"
"2019-04-12 19:01","Leader.java","238550","177170","415720"
"2018-12-09 03:16","Leader.java","229339","177108","406447"
"2018-08-17 14:40","Leader.java","147457","88681","236138"
"2019-11-29 14:49","Leader.java","264528","178398","442926"
"2013-03-07 07:01","Leader.java","25116","10186","35302"
"2018-11-27 10:02","Leader.java","227015","177108","404123"
"2015-02-06 06:17","Leader.java","57126","18694","75820"
"2012-02-27 03:41","Leader.java","5697","4690","10387"
"2017-02-15 23:04","Leader.java","74481","26396","100877"
"2014-07-18 02:19","Leader.java","51933","18252","70185"
"2012-01-04 01:15","Leader.java","4274","4145","8419"
"2011-12-28 01:26","Leader.java","4038","4062","8100"
"2018-08-29 06:26","Leader.java","165238","106254","271492"
"2018-08-03 18:52","Leader.java","105181","47203","152384"
"2013-05-14 14:27","Leader.java","25274","10219","35493"
"2012-02-06 09:40","Leader.java","5075","4309","9384"
"2017-09-11 18:55","Leader.java","77086","28385","105471"
"2018-09-18 01:00","Leader.java","173002","111448","284450"
"2011-10-20 20:02","Leader.java","655","2447","3102"
"2012-01-14 00:28","Leader.java","4379","4152","8531"
"2012-01-06 02:32","Leader.java","4279","4149","8428"
"2012-03-15 17:47","Leader.java","6719","4733","11452"
"2016-12-20 14:47","Leader.java","74748","24549","99297"
"2014-07-20 04:50","Leader.java","52520","18318","70838"
"2014-06-10 00:19","Leader.java","45880","17529","63409"
"2016-06-23 23:25","Leader.java","68384","23249","91633"
"2016-06-23 23:45","Leader.java","68491","23248","91739"
"2020-03-25 03:38","Leader.java","270756","178398","449154"
"2014-03-23 04:12","Leader.java","35756","11456","47212"
"2019-12-27 22:33","Leader.java","266649","178398","445047"
"2016-08-13 15:01","Leader.java","69459","23521","92980"
"2013-10-21 23:36","Leader.java","31470","10982","42452"
"2019-10-10 14:37","Leader.java","260495","177169","437664"
"2013-11-07 06:41","Leader.java","31971","11052","43023"
"2019-07-31 19:06","CommandExecutor.java","255273","219061","474334"
"2019-08-17 17:13","CommandExecutor.java","255966","219061","475027"
"2018-09-18 01:00","SessionTracker.java","140229","112356","252585"
"2019-09-05 23:12","SessionTracker.java","257070","210259","467329"
"2019-08-17 17:13","SessionTracker.java","256151","210259","466410"
"2018-08-08 06:21","SessionTracker.java","108138","83371","191509"
"2019-11-28 12:24","DataTree.java","263069","74120","337189"
"2011-07-13 15:48","DataTree.java","116352","13612","129964"
"2011-06-25 08:13","DataTree.java","122459","14811","137270"
"2011-07-28 07:49","DataTree.java","118861","13675","132536"
"2019-10-10 14:37","DataTree.java","261463","73667","335130"
"2019-12-27 22:33","DataTree.java","266841","74120","340961"
"2015-06-06 03:48","DataTree.java","169647","19504","189151"
"2010-01-26 01:17","DataTree.java","98093","12746","110839"
"2009-10-31 00:09","DataTree.java","84858","11836","96694"
"2019-11-11 13:59","DataTree.java","265120","73667","338787"
"2011-04-12 09:14","DataTree.java","120118","14602","134720"
"2018-07-10 13:29","DataTree.java","188460","24108","212568"
"2012-12-19 19:16","DataTree.java","135908","17484","153392"
"2014-04-17 08:47","DataTree.java","153483","19211","172694"
"2014-04-29 02:23","DataTree.java","154192","19214","173406"
"2008-10-14 19:47","DataTree.java","9169","2021","11190"
"2008-10-22 01:49","DataTree.java","13229","2410","15639"
"2010-07-05 20:20","DataTree.java","119349","13498","132847"
"2011-09-15 00:55","DataTree.java","124159","16240","140399"
"2011-09-28 22:17","DataTree.java","124364","16260","140624"
"2018-09-28 23:38","DataTree.java","221577","49399","270976"
"2011-09-17 02:36","DataTree.java","124107","16260","140367"
"2011-10-20 18:48","DataTree.java","122552","16288","138840"
"2019-11-08 17:30","DataTree.java","263324","73667","336991"
"2013-09-05 23:50","DataTree.java","142514","17818","160332"
"2009-01-15 23:57","DataTree.java","24216","7777","31993"
"2009-02-03 06:23","DataTree.java","37855","8734","46589"
"2019-01-30 16:28","DataTree.java","234793","73639","308432"
"2019-01-30 17:02","DataTree.java","235337","73639","308976"
"2016-11-24 17:18","DataTree.java","177855","19945","197800"
"2017-09-11 18:55","DataTree.java","177207","20456","197663"
"2011-07-01 00:53","DataTree.java","125267","15106","140373"
"2012-02-06 10:39","DataTree.java","125517","16694","142211"
"2011-12-21 21:39","DataTree.java","124544","16589","141133"
"2017-02-05 07:22","DataTree.java","179364","20015","199379"
"2014-07-18 02:19","DataTree.java","161070","19339","180409"
"2019-02-07 11:26","DataTree.java","236014","73639","309653"
"2013-03-07 07:01","DataTree.java","140723","17743","158466"
"2018-09-04 11:54","DataTree.java","216362","49268","265630"
"2018-09-05 22:35","DataTree.java","216617","49267","265884"
"2018-12-20 15:17","DataTree.java","231282","73639","304921"
"2019-09-10 09:53","DataTree.java","258759","73667","332426"
"2019-04-12 19:01","DataTree.java","239517","73667","313184"
"2019-07-31 19:06","DataTree.java","257017","73667","330684"
"2019-09-11 10:27","DataTree.java","259066","73667","332733"
"2013-10-22 12:54","DataTree.java","146612","17847","164459"
"2016-03-23 00:30","DataTree.java","171161","19579","190740"
"2019-08-01 07:31","DataTree.java","258381","73667","332048"
"2009-06-15 22:52","DataTree.java","69425","9960","79385"
"2014-01-24 07:18","DataTree.java","149574","17861","167435"
"2009-11-12 23:48","DataTree.java","90759","12127","102886"
"2009-06-18 18:37","DataTree.java","70653","10117","80770"
"2019-08-17 17:13","DataTree.java","257710","73667","331377"
"2019-09-10 15:21","DataTree.java","258753","73667","332420"
"2015-06-04 19:51","DataTree.java","169540","19502","189042"
"2016-10-07 21:51","DataTree.java","174887","19798","194685"
"2017-06-18 19:23","DataTree.java","176805","20368","197173"
"2009-01-16 00:48","DataTree.java","24417","7959","32376"
"2019-04-12 12:29","DataTree.java","239086","73667","312753"
"2019-08-03 08:42","DataTree.java","258418","73667","332085"
"2019-08-09 16:15","DataTree.java","259166","73667","332833"
"2016-11-13 20:59","DataTree.java","177143","19801","196944"
"2019-04-29 16:49","DataTree.java","241547","73667","315214"
"2012-08-28 21:51","ClientBase.java","73924","27201","101125"
"2017-06-08 17:51","ClientBase.java","125514","35486","161000"
"2012-07-17 23:19","ClientBase.java","72779","27130","99909"
"2017-04-18 01:37","ClientBase.java","125785","35125","160910"
"2010-03-16 22:23","ClientBase.java","31629","10861","42490"
"2018-09-07 02:49","ClientBase.java","190510","89412","279922"
"2019-07-31 19:06","ClientBase.java","256494","147158","403652"
"2012-02-06 09:47","ClientBase.java","67923","25395","93318"
"2015-02-06 06:17","ClientBase.java","111687","31470","143157"
"2017-09-11 18:55","ClientBase.java","126172","35686","161858"
"2019-08-17 17:13","ClientBase.java","257187","147158","404345"
"2015-03-28 20:08","ClientBase.java","113961","31533","145494"
"2019-06-07 14:13","ClientBase.java","243291","147158","390449"
"2018-04-24 00:20","ClientBase.java","132131","35869","168000"
"2018-08-08 06:21","ClientBase.java","170368","70135","240503"
"2018-05-09 23:57","ClientBase.java","132985","35938","168923"
"2019-06-24 11:05","ClientBase.java","244520","147158","391678"
"2012-12-11 08:42","ClientBase.java","77881","27825","105706"
"2017-01-13 19:29","ClientBase.java","126972","34146","161118"
"2010-01-25 04:28","ClientBase.java","13768","2844","16612"
"2010-03-09 05:44","ClientBase.java","30664","10662","41326"
"2016-06-23 23:25","ClientBase.java","120381","33461","153842"
"2014-01-03 01:40","ClientBase.java","92966","29213","122179"
"2014-01-25 01:17","ClientBase.java","94819","29260","124079"
"2009-11-20 23:28","ClientBase.java","8767","1457","10224"
"2009-11-25 20:06","ClientBase.java","8804","1461","10265"
"2019-11-14 16:44","ClientBase.java","265214","147158","412372"
"2019-10-10 14:37","ClientBase.java","260940","147158","408098"
"2012-03-15 17:47","ClientBase.java","69397","25626","95023"
"2010-09-15 07:51","ClientBase.java","84946","16319","101265"
"2012-01-14 00:28","ClientBase.java","67308","25296","92604"
"2011-04-12 09:14","ClientBase.java","52957","21455","74412"
"2011-11-05 07:29","ClientBase.java","65679","25087","90766"
"2016-08-24 01:36","ClientBase.java","121332","33841","155173"
"2011-09-17 02:13","ClientBase.java","64832","23222","88054"
"2010-07-05 20:20","ClientBase.java","46865","15028","61893"
"2010-03-31 06:26","ClientBase.java","33467","12477","45944"
"2010-08-18 08:24","ClientBase.java","56768","16311","73079"
"2015-03-08 23:07","ClientBase.java","111890","31499","143389"
"2019-08-17 17:13","StringUtils.java","256407","187266","443673"
"2019-06-03 19:40","StringUtils.java","241738","187266","429004"
"2013-03-07 07:01","StringUtils.java","5591","1093","6684"
"2019-07-15 14:15","QuorumZooKeeperServer.java","251786","196919","448705"
"2019-06-26 10:57","QuorumZooKeeperServer.java","244217","196919","441136"
"2019-08-17 17:13","QuorumZooKeeperServer.java","256367","196919","453286"
"2019-05-15 11:56","QuorumZooKeeperServer.java","241105","196903","438008"
"2019-06-04 10:55","QuorumZooKeeperServer.java","241851","196919","438770"
"2017-03-21 17:49","QuorumZooKeeperServer.java","49226","20644","69870"
"2019-11-29 14:49","QuorumZooKeeperServer.java","264272","198267","462539"
"2020-03-25 03:38","QuorumZooKeeperServer.java","270500","198267","468767"
"2016-08-13 15:01","QuorumZooKeeperServer.java","42574","16761","59335"
"2019-10-10 14:37","QuorumZooKeeperServer.java","260120","196919","457039"
"2020-01-20 08:39","ZKConfig.java","79522","44195","123717"
"2020-01-20 09:06","ZKConfig.java","79619","44196","123815"
"2019-10-10 14:37","ZKConfig.java","68872","37692","106564"
"2019-08-17 17:13","ZKConfig.java","63127","35700","98827"
"2020-01-25 18:48","LearnerMetricsTest.java","65446","39326","104772"
"2019-10-10 14:37","LearnerMetricsTest.java","51834","32078","83912"
"2019-09-24 10:33","LearnerMetricsTest.java","50821","31582","82403"
"2019-08-17 17:13","LearnerMetricsTest.java","45764","29761","75525"
"2019-09-18 11:20","ReconfigTest.java","258799","221101","479900"
"2016-06-23 23:45","ReconfigTest.java","510","54","564"
"2016-11-13 20:59","ReconfigTest.java","6125","1620","7745"
"2019-05-03 17:37","ReconfigTest.java","239990","221082","461072"
"2019-05-08 21:54","ReconfigTest.java","240370","221082","461452"
"2018-07-04 17:11","ReconfigTest.java","32050","20565","52615"
"2019-08-17 17:13","ReconfigTest.java","255887","221101","476988"
"2019-11-29 14:49","ReconfigTest.java","264022","222679","486701"
"2018-12-09 03:16","ReconfigTest.java","228425","220981","449406"
"2018-11-22 17:56","ReconfigTest.java","224464","220981","445445"
"2017-09-11 18:55","ReconfigTest.java","13091","9177","22268"
"2017-02-12 00:34","ReconfigTest.java","9293","5996","15289"
"2020-03-25 03:38","SyncRequestProcessor.java","7610","3878","11488"
"2018-12-06 10:56","FastLeaderElection.java","225573","224173","449746"
"2019-10-10 14:37","FastLeaderElection.java","258940","224315","483255"
"2019-09-30 23:22","FastLeaderElection.java","258567","224315","482882"
"2020-04-07 09:07","FastLeaderElection.java","270283","226037","496320"
"2019-01-18 03:42","FastLeaderElection.java","231072","224175","455247"
"2018-08-29 06:26","FastLeaderElection.java","106102","95819","201921"
"2018-04-30 06:34","FastLeaderElection.java","7465","1483","8948"
"2019-08-17 17:13","FastLeaderElection.java","255186","224314","479500"
"2019-08-02 20:08","FastLeaderElection.java","255967","224314","480281"
"2019-08-03 08:42","FastLeaderElection.java","255894","224314","480208"
"2019-02-06 09:46","ZooKeeper.java","234680","158420","393100"
"2019-01-16 14:21","ZooKeeper.java","232956","158419","391375"
"2017-04-18 02:02","ZooKeeper.java","114980","35490","150470"
"2019-11-08 17:30","ZooKeeper.java","262647","158476","421123"
"2019-02-07 11:26","ZooKeeper.java","235309","158420","393729"
"2013-03-07 07:01","ZooKeeper.java","74040","28497","102537"
"2011-07-01 00:53","ZooKeeper.java","46435","21760","68195"
"2013-12-17 17:55","ZooKeeper.java","81425","29078","110503"
"2012-02-06 09:56","ZooKeeper.java","56438","25055","81493"
"2012-03-17 01:31","ZooKeeper.java","58196","25308","83504"
"2012-11-17 15:03","ZooKeeper.java","65109","27102","92211"
"2017-05-01 17:19","ZooKeeper.java","115116","35499","150615"
"2010-11-10 23:36","ZooKeeper.java","75942","15914","91856"
"2014-01-24 07:18","ZooKeeper.java","83411","29135","112546"
"2019-08-17 17:13","ZooKeeper.java","257033","158476","415509"
"2015-06-04 19:51","ZooKeeper.java","104342","31741","136083"
"2016-10-07 21:51","ZooKeeper.java","111614","33962","145576"
"2015-03-16 09:09","ZooKeeper.java","101098","31541","132639"
"2015-03-17 18:06","ZooKeeper.java","101831","31564","133395"
"2016-05-02 18:15","ZooKeeper.java","108419","33533","141952"
"2019-06-26 10:57","ZooKeeper.java","244883","158476","403359"
"2019-06-03 19:40","ZooKeeper.java","242364","158476","400840"
"2018-05-09 23:57","ZooKeeper.java","122263","36388","158651"
"2019-08-03 08:42","ZooKeeper.java","257741","158476","416217"
"2016-11-13 20:59","ZooKeeper.java","113881","33976","147857"
"2013-02-03 15:52","ZooKeeper.java","69623","28143","97766"
"2012-09-28 18:32","ZooKeeper.java","62993","26954","89947"
"2017-07-28 00:36","ZooKeeper.java","114692","35941","150633"
"2017-08-18 23:35","ZooKeeper.java","115232","35996","151228"
"2017-07-04 07:56","ZooKeeper.java","115285","35924","151209"
"2020-04-16 12:50","ZooKeeper.java","271636","159505","431141"
"2018-07-27 05:16","ZooKeeper.java","140801","52908","193709"
"2019-10-10 14:37","ZooKeeper.java","260786","158476","419262"
"2014-04-01 04:03","ZooKeeper.java","85181","29425","114606"
"2010-02-08 23:36","ZooKeeper.java","6403","6742","13145"
"2012-12-19 19:16","ZooKeeper.java","69081","28094","97175"
"2019-02-11 12:34","ZooKeeper.java","235672","158420","394092"
"2014-07-08 20:18","ZooKeeper.java","91803","31160","122963"
"2010-11-30 21:16","ZooKeeper.java","76569","16174","92743"
"2020-05-17 15:13","ZooKeeper.java","272009","159507","431516"
"2017-01-09 22:49","ZooKeeper.java","115811","34338","150149"
"2011-05-20 01:17","ZooKeeper.java","41700","20851","62551"
"2019-03-12 19:08","ZooKeeper.java","237114","158434","395548"
"2011-09-06 00:58","ZooKeeper.java","52361","19982","72343"
"2014-07-22 06:51","ZooKeeper.java","96166","31325","127491"
"2014-04-29 02:23","ZooKeeper.java","88185","30644","118829"
"2018-06-08 16:52","ZooKeeperServerMain.java","9924","2051","11975"
"2019-04-18 19:17","ZooKeeperServerMain.java","237732","223780","461512"
"2019-11-11 13:59","ZooKeeperServerMain.java","262692","223847","486539"
"2019-11-28 12:24","ZooKeeperServerMain.java","261781","225440","487221"
"2019-11-25 15:37","ZooKeeperServerMain.java","261683","225440","487123"
"2019-08-17 17:13","ZooKeeperServerMain.java","255234","223799","479033"
"2019-04-12 19:01","ZooKeeperServerMain.java","237022","223780","460802"
"2018-09-11 15:23","ZooKeeperServerMain.java","113792","101631","215423"
"2016-07-27 01:33","ZooKeeperTest.java","63073","19850","82923"
"2015-11-08 22:54","ZooKeeperTest.java","58130","16725","74855"
"2016-09-08 22:52","ZooKeeperTest.java","63939","20328","84267"
"2018-10-04 15:46","ZooKeeperTest.java","171243","109382","280625"
"2016-10-16 14:21","ZooKeeperTest.java","65227","20456","85683"
"2019-03-12 19:08","ZooKeeperTest.java","236550","179170","415720"
"2017-04-29 20:17","ZooKeeperTest.java","69924","23255","93179"
"2014-03-29 04:33","ZooKeeperTest.java","30073","7574","37647"
"2017-05-30 19:43","ZooKeeperTest.java","70030","24131","94161"
"2013-09-02 23:04","ZooKeeperTest.java","20623","6354","26977"
"2019-05-23 18:42","ZooKeeperTest.java","241715","179229","420944"
"2019-08-17 17:13","ZooKeeperTest.java","256502","179245","435747"
"2016-08-10 19:32","ZooKeeperTest.java","63247","20069","83316"
"2019-06-06 00:01","ZooKeeperTest.java","242639","179245","421884"
"2019-12-27 22:33","FileTxnSnapLog.java","266454","182692","449146"
"2019-10-10 14:37","FileTxnSnapLog.java","260217","181380","441597"
"2019-12-13 08:51","FileTxnSnapLog.java","264491","182692","447183"
"2017-01-07 01:09","FileTxnSnapLog.java","66208","19859","86067"
"2014-02-12 17:00","FileTxnSnapLog.java","24445","5021","29466"
"2020-01-23 16:46","FileTxnSnapLog.java","267703","182692","450395"
"2020-01-28 17:26","FileTxnSnapLog.java","268174","182692","450866"
"2016-09-18 23:21","FileTxnSnapLog.java","60988","19111","80099"
"2017-01-23 02:13","FileTxnSnapLog.java","66649","19896","86545"
"2018-06-08 16:52","FileTxnSnapLog.java","76394","24872","101266"
"2019-09-02 08:23","FileTxnSnapLog.java","257121","181380","438501"
"2017-04-28 07:14","FileTxnSnapLog.java","66572","22078","88650"
"2019-07-31 19:06","FileTxnSnapLog.java","255771","181380","437151"
"2018-07-30 06:22","FileTxnSnapLog.java","96241","43064","139305"
"2020-01-30 09:43","FileTxnSnapLog.java","268250","182692","450942"
"2019-05-14 17:11","FileTxnSnapLog.java","241115","181364","422479"
"2013-06-28 23:22","FileTxnSnapLog.java","16078","3775","19853"
"2014-02-10 21:50","FileTxnSnapLog.java","24297","4985","29282"
"2019-05-21 23:34","FileTxnSnapLog.java","241436","181364","422800"
"2019-05-27 10:54","FileTxnSnapLog.java","241768","181364","423132"
"2017-01-13 19:29","FileTxnSnapLog.java","66427","19875","86302"
"2017-06-26 00:07","FileTxnSnapLog.java","67219","23187","90406"
"2018-02-23 23:49","FileTxnSnapLog.java","73892","24624","98516"
"2017-08-18 06:32","FileTxnSnapLog.java","67783","23749","91532"
"2019-08-17 17:13","FileTxnSnapLog.java","256464","181380","437844"
"2018-02-14 21:23","FileTxnSnapLog.java","73711","24607","98318"
"2019-08-17 17:13","DatadirCleanupManager.java","256765","178752","435517"
"2017-02-14 09:23","DatadirCleanupManager.java","76022","29498","105520"
"2011-09-17 02:42","DatadirCleanupManager.java","1943","3553","5496"
"2019-10-10 14:37","DatadirCleanupManager.java","260518","178752","439270"
"2019-11-29 14:49","QuorumCnxManager.java","264266","202436","466702"
"2018-07-11 06:04","QuorumCnxManager.java","64542","32531","97073"
"2018-08-06 14:11","QuorumCnxManager.java","76831","43047","119878"
"2018-10-16 16:22","QuorumCnxManager.java","235185","181515","416700"
"2019-06-14 09:06","QuorumCnxManager.java","244289","201018","445307"
"2019-08-03 08:42","QuorumCnxManager.java","256999","201018","458017"
"2019-11-13 20:41","QuorumCnxManager.java","264038","201046","465084"
"2019-04-09 16:08","QuorumCnxManager.java","237060","200931","437991"
"2019-08-06 12:52","QuorumCnxManager.java","257264","201018","458282"
"2017-02-09 11:40","QuorumCnxManager.java","45183","18149","63332"
"2019-05-20 23:13","QuorumCnxManager.java","241147","201002","442149"
"2015-04-09 20:16","QuorumCnxManager.java","26958","10541","37499"
"2017-08-23 02:16","QuorumCnxManager.java","47434","23096","70530"
"2019-07-27 20:04","QuorumCnxManager.java","252822","201018","453840"
"2015-05-29 23:46","QuorumCnxManager.java","28038","11105","39143"
"2015-05-14 07:10","QuorumCnxManager.java","27538","10901","38439"
"2020-03-12 14:47","QuorumCnxManager.java","269652","202436","472088"
"2019-08-17 17:13","QuorumCnxManager.java","256291","201018","457309"
"2017-11-28 00:10","QuorumCnxManager.java","51900","23642","75542"
"2019-10-10 14:37","QuorumCnxManager.java","260044","201018","461062"
"2014-07-23 19:36","QuorumCnxManager.java","19331","9347","28678"
"2017-06-09 18:37","QuorumCnxManager.java","45872","21830","67702"
"2020-01-23 13:43","QuorumCnxManager.java","267636","202436","470072"
"2014-07-08 05:25","QuorumCnxManager.java","14434","8720","23154"
"2019-11-28 12:24","QuorumCnxManager.java","262615","202436","465051"
"2014-06-25 15:04","QuorumCnxManager.java","11834","7756","19590"
"2016-06-08 17:43","QuorumCnxManager.java","36533","16068","52601"
"2020-03-23 16:20","QuorumCnxManager.java","269823","202436","472259"
"2020-02-16 10:25","QuorumCnxManager.java","268349","202436","470785"
"2014-07-22 06:45","QuorumCnxManager.java","19247","9338","28585"
"2018-07-27 12:32","QuorumCnxManager.java","76042","42870","118912"
"2019-10-10 14:37","LearnerHandler.java","178985","157213","336198"
"2019-07-03 20:54","LearnerHandler.java","161553","155540","317093"
"2018-12-09 03:16","LearnerHandler.java","138312","147635","285947"
"2019-04-12 19:01","LearnerHandler.java","154086","154260","308346"
"2019-06-29 00:33","LearnerHandler.java","161546","155540","317086"
"2019-07-25 21:41","LearnerHandler.java","170045","155543","325588"
"2019-08-23 19:43","LearnerHandler.java","174896","156211","331107"
"2019-08-17 17:13","LearnerHandler.java","174230","156211","330441"
"2019-05-06 17:48","LearnerHandler.java","156610","154278","310888"
"2019-08-03 08:42","LearnerHandler.java","174917","156190","331107"
"2019-04-22 19:15","LearnerHandler.java","155061","154260","309321"
"2020-03-25 03:38","ZooKeeperServerBean.java","269662","226287","495949"
"2019-11-14 03:54","ZooKeeperServerBean.java","263307","224708","488015"
"2019-09-16 23:26","ZooKeeperServerBean.java","258269","224660","482929"
"2018-06-08 16:52","ZooKeeperServerBean.java","11812","4784","16596"
"2020-04-30 18:53","ZooKeeperServerBean.java","270623","226348","496971"
"2019-01-23 14:00","ZooKeeperServerBean.java","231859","224542","456401"
"2019-07-08 23:26","ZooKeeperServerBean.java","244025","224659","468684"
"2019-01-14 19:38","ZooKeeperServerBean.java","230423","224541","454964"
"2019-01-07 14:39","ZooKeeperServerBean.java","229970","224541","454511"
"2019-08-17 17:13","ZooKeeperServerBean.java","255250","224660","479910"
"2018-02-07 01:05","ZooKeeperServerBean.java","8587","4157","12744"
"2018-07-12 01:33","ZooKeeperServerBean.java","22715","15218","37933"
"2019-05-22 11:39","ZooKeeperServerBean.java","240432","224642","465074"
"2019-07-30 02:31","ZooKeeperServerBean.java","253171","224660","477831"
"2014-07-14 19:45","ReconfigTest.java","4167","1013","5180"
"2019-09-18 11:20","ReconfigTest.java","259066","203998","463064"
"2016-06-23 23:45","ReconfigTest.java","26678","8852","35530"
"2014-08-20 06:07","ReconfigTest.java","9897","2203","12100"
"2014-08-24 07:42","ReconfigTest.java","10186","2245","12431"
"2016-11-13 20:59","ReconfigTest.java","31949","10074","42023"
"2019-05-03 17:37","ReconfigTest.java","240260","203982","444242"
"2019-05-08 21:54","ReconfigTest.java","240640","203982","444622"
"2018-07-04 17:11","ReconfigTest.java","54599","25744","80343"
"2016-06-15 19:11","ReconfigTest.java","26171","8801","34972"
"2019-08-17 17:13","ReconfigTest.java","256154","203998","460152"
"2014-06-04 22:07","ReconfigTest.java","475","11","486"
"2019-11-29 14:49","ReconfigTest.java","264150","205437","469587"
"2018-12-09 03:16","ReconfigTest.java","228702","203888","432590"
"2018-11-22 17:56","ReconfigTest.java","224741","203888","428629"
"2017-09-11 18:55","ReconfigTest.java","37652","16368","54020"
"2017-02-12 00:34","ReconfigTest.java","34471","13804","48275"
"2019-10-10 14:37","LearnerSessionTracker.java","7470","3717","11187"
"2019-09-20 10:02","LearnerSessionTracker.java","5217","2297","7514"
"2019-04-18 19:17","ServerConfigTest.java","237774","226369","464143"
"2019-08-17 17:13","ServerConfigTest.java","255276","226388","481664"
"2019-01-07 14:39","SimpleCounter.java","146772","153914","300686"
"2019-04-12 19:01","SimpleCounter.java","154086","154260","308346"
"2019-08-17 17:13","SimpleCounter.java","174230","156211","330441"
"2019-08-17 17:13","Stats.java","256985","187413","444398"
"2011-04-12 09:14","Stats.java","5707","14662","20369"
"2019-10-10 14:37","ClientCnxnSocket.java","259857","214963","474820"
"2018-07-10 13:29","ClientCnxnSocket.java","43391","25521","68912"
"2016-12-30 23:01","ClientCnxnSocket.java","21039","8812","29851"
"2018-11-22 17:56","ClientCnxnSocket.java","224690","214852","439542"
"2016-05-02 18:15","ClientCnxnSocket.java","12214","6373","18587"
"2019-08-17 17:13","ClientCnxnSocket.java","256104","214963","471067"
"2018-07-12 01:33","ClientCnxnSocket.java","43669","25621","69290"
"2019-04-09 15:35","ClientCnxnSocket.java","236873","214875","451748"
"2019-08-17 17:13","ZooKeeperTestClient.java","257015","167976","424991"
"2015-02-06 06:17","ZooKeeperTestClient.java","95889","35429","131318"
"2019-10-10 14:37","SessionTrackerImpl.java","259857","214963","474820"
"2019-09-20 10:02","SessionTrackerImpl.java","259024","214963","473987"
"2020-03-26 22:16","SessionTrackerImpl.java","270344","216411","486755"
"2015-03-08 23:07","SessionTrackerImpl.java","280","106","386"
"2018-09-18 01:00","SessionTrackerImpl.java","135605","112483","248088"
"2019-09-05 23:12","SessionTrackerImpl.java","257023","214963","471986"
"2019-08-17 17:13","SessionTrackerImpl.java","256104","214963","471067"
"2018-08-08 06:21","SessionTrackerImpl.java","103416","83400","186816"
"2018-05-09 23:57","SessionTrackerImpl.java","33053","16223","49276"
"2019-04-22 19:15","SessionTrackerImpl.java","238870","214947","453817"
"2018-06-08 16:52","ZooKeeperServerMXBean.java","3356","758","4114"
"2019-09-16 23:26","ZooKeeperServerMXBean.java","258095","228916","487011"
"2019-11-14 03:54","ZooKeeperServerMXBean.java","263133","228964","492097"
"2020-03-25 03:38","ZooKeeperServerMXBean.java","269633","230688","500321"
"2019-05-22 11:39","ZooKeeperServerMXBean.java","240257","228897","469154"
"2019-07-30 02:31","ZooKeeperServerMXBean.java","252996","228915","481911"
"2018-07-12 01:33","ZooKeeperServerMXBean.java","14643","11576","26219"
"2019-08-17 17:13","ZooKeeperServerMXBean.java","255075","228915","483990"
"2019-01-14 19:38","ZooKeeperServerMXBean.java","230227","228775","459002"
"2019-07-08 23:26","ZooKeeperServerMXBean.java","243850","228914","472764"
"2019-01-23 14:00","ZooKeeperServerMXBean.java","231664","228777","460441"
"2017-09-11 18:55","CGenerator.java","6182","7341","13523"
"2019-07-29 17:15","CGenerator.java","252876","225563","478439"
"2019-10-10 14:37","LoadFromLogTest.java","7470","3717","11187"
"2019-08-17 17:13","JvmPauseMonitorTest.java","47204","29721","76925"
"2015-02-06 06:17","ConnectionBean.java","112087","31283","143370"
"2019-08-17 17:13","ConnectionBean.java","257187","146571","403758"
"2010-03-11 04:17","ConnectionBean.java","31753","10824","42577"
"2009-11-12 20:53","ConnectionBean.java","760","173","933"
"2019-10-10 14:37","ConnectionBean.java","260940","146571","407511"
"2011-04-12 09:14","ConnectionBean.java","53413","21324","74737"
"2010-08-18 08:24","ConnectionBean.java","57233","16189","73422"
"2020-03-19 17:09","Learner.java","70381","39249","109630"
"2020-02-03 04:30","Learner.java","68763","39136","107899"
"2020-01-23 13:43","Learner.java","68099","39029","107128"
"2020-03-25 03:38","Learner.java","71242","39314","110556"
"2019-11-28 12:24","Learner.java","61344","37295","98639"
"2019-12-27 22:33","Learner.java","65531","37710","103241"
"2020-01-25 18:48","Learner.java","68295","39035","107330"
"2020-05-03 19:43","Learner.java","72800","39936","112736"
"2019-10-10 14:37","Learner.java","54806","31910","86716"
"2019-06-03 19:40","Learner.java","5644","1170","6814"
"2019-07-15 14:15","Learner.java","20347","5785","26132"
"2019-08-23 19:43","Learner.java","49633","29824","79457"
"2019-08-17 17:13","Learner.java","48965","29822","78787"
"2019-07-12 17:01","Learner.java","20241","5785","26026"
"2019-07-02 07:34","Learner.java","11795","4709","16504"
"2019-11-29 14:49","Learner.java","63276","37576","100852"
"2019-08-17 17:13","ZkDatabaseCorruptionTest.java","256155","203552","459707"
"2019-10-10 14:37","ZkDatabaseCorruptionTest.java","259908","203552","463460"
"2018-04-06 06:04","ZkDatabaseCorruptionTest.java","44203","17408","61611"
"2016-08-24 01:36","ZkDatabaseCorruptionTest.java","28537","9801","38338"
"2019-08-17 17:13","FollowerBean.java","28807","25290","54097"
"2019-08-17 17:13","SetTraceMaskCommand.java","255967","218737","474704"
"2019-08-17 17:13","ZkDatabaseCorruptionTest.java","256904","174606","431510"
"2013-02-19 09:18","ZkDatabaseCorruptionTest.java","26836","13171","40007"
"2019-10-10 14:37","ZkDatabaseCorruptionTest.java","260657","174606","435263"
"2014-05-15 03:35","ZkDatabaseCorruptionTest.java","50261","20566","70827"
"2014-01-27 14:37","ZkDatabaseCorruptionTest.java","40942","14437","55379"
"2018-04-06 06:04","ZkDatabaseCorruptionTest.java","86815","30325","117140"
"2016-08-24 01:36","ZkDatabaseCorruptionTest.java","74049","25618","99667"
"2019-07-29 17:15","JVector.java","254633","157928","412561"
"2010-05-03 23:49","JVector.java","23178","13512","36690"
"2019-08-17 17:13","AvgMinMaxCounter.java","47813","29620","77433"
"2019-05-08 21:54","AvgMinMaxCounter.java","3095","400","3495"
"2019-08-17 17:13","JaasConfiguration.java","256464","181829","438293"
"2019-07-29 17:15","CGenerator.java","252786","224314","477100"
"2019-11-21 05:58","NIOServerCnxn.java","64829","36954","101783"
"2019-11-18 09:05","NIOServerCnxn.java","64796","36944","101740"
"2019-09-16 23:26","NIOServerCnxn.java","58873","31146","90019"
"2019-10-10 14:37","NIOServerCnxn.java","60370","31909","92279"
"2020-02-11 06:50","NIOServerCnxn.java","74052","38825","112877"
"2019-01-23 14:00","NIOServerCnxn.java","1523","88","1611"
"2019-07-08 23:26","NIOServerCnxn.java","19130","5646","24776"
"2019-04-12 19:01","NIOServerCnxn.java","7832","1317","9149"
"2019-08-17 17:13","NIOServerCnxn.java","54619","29911","84530"
"2019-07-03 00:44","NIOServerCnxn.java","18299","5578","23877"
"2019-08-03 08:42","NIOServerCnxn.java","34132","8716","42848"
"2013-10-09 22:21","LearnerSessionTracker.java","97686","29994","127680"
"2015-03-08 23:07","LearnerSessionTracker.java","118336","32163","150499"
"2011-11-14 20:18","LearnerSessionTracker.java","73216","26425","99641"
"2010-01-26 01:17","LearnerSessionTracker.java","23202","5954","29156"
"2019-10-10 14:37","LearnerSessionTracker.java","261253","141556","402809"
"2019-09-20 10:02","LearnerSessionTracker.java","260420","141556","401976"
"2019-08-17 17:13","LearnerSessionTracker.java","257500","141556","399056"
"2018-08-08 06:21","LearnerSessionTracker.java","175503","69488","244991"
"2014-07-18 02:19","LearnerSessionTracker.java","113191","31943","145134"
"2019-11-14 03:54","ServerCnxnFactory.java","263307","224603","487910"
"2019-11-11 13:59","ServerCnxnFactory.java","262708","224603","487311"
"2018-10-24 04:03","ServerCnxnFactory.java","231523","202530","434053"
"2019-02-13 13:12","ServerCnxnFactory.java","234099","224458","458557"
"2017-10-07 21:22","ServerCnxnFactory.java","3022","3142","6164"
"2019-08-17 17:13","ServerCnxnFactory.java","255250","224555","479805"
"2019-06-07 14:13","ServerCnxnFactory.java","241353","224554","465907"
"2019-07-03 00:44","ServerCnxnFactory.java","243262","224554","467816"
"2019-12-27 22:33","FileTxnLog.java","64489","37618","102107"
"2019-10-10 14:37","FileTxnLog.java","53666","31720","85386"
"2020-01-28 17:26","FileTxnLog.java","67606","39015","106621"
"2019-05-14 17:11","FileTxnLog.java","3276","416","3692"
"2019-08-17 17:13","FileTxnLog.java","47813","29620","77433"
"2019-06-03 19:40","FileTxnLog.java","4304","780","5084"
"2019-08-03 08:42","FileTxnLog.java","26477","7576","34053"
"2019-07-02 07:34","Follower.java","245130","154468","399598"
"2018-12-09 03:16","Follower.java","229795","154418","384213"
"2019-04-12 19:01","Follower.java","238994","154468","393462"
"2013-03-07 07:01","Follower.java","78820","29115","107935"
"2015-02-06 06:17","Follower.java","105168","31961","137129"
"2011-04-29 18:12","Follower.java","46227","21700","67927"
"2011-01-22 20:38","Follower.java","82651","17324","99975"
"2011-02-07 20:26","Follower.java","82777","17433","100210"
"2018-09-18 01:00","Follower.java","191002","94673","285675"
"2019-08-17 17:13","Follower.java","257187","154468","411655"
"2019-06-29 00:33","Follower.java","245174","154468","399642"
"2019-08-06 17:11","Follower.java","258288","154468","412756"
"2019-07-15 14:15","Follower.java","252606","154468","407074"
"2019-08-23 19:43","Follower.java","257853","154468","412321"
"2017-11-28 00:10","Follower.java","123709","36376","160085"
"2019-06-05 00:33","Follower.java","242908","154468","397376"
"2011-06-14 07:14","Follower.java","47963","21821","69784"
"2019-05-03 00:44","Follower.java","241184","154468","395652"
"2010-01-25 04:28","Follower.java","5462","1848","7310"
"2015-06-05 21:15","Follower.java","108996","32199","141195"
"2019-12-27 22:33","Follower.java","266804","155407","422211"
"2016-08-13 15:01","Follower.java","114950","34237","149187"
"2019-10-10 14:37","Follower.java","260940","154468","415408"
"2010-08-18 08:24","Follower.java","49607","16460","66067"
"2016-12-20 14:47","Follower.java","119629","34655","154284"
"2014-07-22 06:51","Follower.java","100787","31784","132571"
"2013-12-16 05:18","NettyServerCnxnFactory.java","49128","55960","105088"
"2016-06-23 23:45","NettyServerCnxnFactory.java","83121","66234","149355"
"2020-02-26 22:41","NettyServerCnxnFactory.java","268712","219529","488241"
"2019-10-10 14:37","NettyServerCnxnFactory.java","260738","218456","479194"
"2013-10-05 00:57","NettyServerCnxnFactory.java","44814","55705","100519"
"2019-09-10 18:50","NettyServerCnxnFactory.java","258102","218456","476558"
"2019-11-14 03:54","NettyServerCnxnFactory.java","264994","218456","483450"
"2019-02-12 15:25","NettyServerCnxnFactory.java","235746","218392","454138"
"2018-10-16 16:22","NettyServerCnxnFactory.java","236815","187201","424016"
"2019-02-15 15:36","NettyServerCnxnFactory.java","236172","218403","454575"
"2012-08-28 21:51","NettyServerCnxnFactory.java","29911","53329","83240"
"2019-04-12 19:01","NettyServerCnxnFactory.java","238793","218457","457250"
"2018-11-22 17:56","NettyServerCnxnFactory.java","225616","218390","444006"
"2018-09-22 06:48","NettyServerCnxnFactory.java","182158","148891","331049"
"2013-03-07 07:01","NettyServerCnxnFactory.java","41894","55320","97214"
"2018-12-15 07:34","NettyServerCnxnFactory.java","229492","218390","447882"
"2011-08-19 00:05","NettyServerCnxnFactory.java","15857","44432","60289"
"2014-07-18 02:19","NettyServerCnxnFactory.java","68211","62886","131097"
"2019-02-13 13:12","NettyServerCnxnFactory.java","235878","218403","454281"
"2019-08-17 17:13","NettyServerCnxnFactory.java","256985","218456","475441"
"2015-03-17 18:06","NettyServerCnxnFactory.java","74622","63324","137946"
"2015-03-28 20:08","NettyServerCnxnFactory.java","75624","63337","138961"
"2019-11-23 17:08","NettyServerCnxnFactory.java","262759","219529","482288"
"2019-07-03 00:44","NettyServerCnxnFactory.java","244998","218456","463454"
"2019-06-05 00:29","NettyServerCnxnFactory.java","242652","218456","461108"
"2019-07-23 15:55","NettyServerCnxnFactory.java","252993","218456","471449"
"2014-09-28 19:15","NettyServerCnxnFactory.java","70988","63065","134053"
"2019-06-24 11:05","NettyServerCnxnFactory.java","244318","218456","462774"
"2015-01-30 03:23","NettyServerCnxnFactory.java","73027","63157","136184"
"2019-08-03 08:42","NettyServerCnxnFactory.java","257693","218456","476149"
"2011-07-29 00:02","MultiOperationRecordTest.java","4654","415","5069"
"2019-06-26 10:57","MultiOperationRecordTest.java","244754","183022","427776"
"2019-08-17 17:13","MultiOperationRecordTest.java","256904","183022","439926"
"2020-01-23 13:43","MultipleAddressesTest.java","5614","2244","7858"
"2020-03-19 17:09","MultipleAddressesTest.java","9576","4144","13720"
"2019-08-17 17:13","IWatchManager.java","174218","158773","332991"
"2019-11-08 17:30","IWatchManager.java","180888","159829","340717"
"2017-09-11 18:55","QuorumBase.java","112814","41863","154677"
"2012-04-23 01:20","QuorumBase.java","52854","27512","80366"
"2019-07-12 17:01","QuorumBase.java","252328","167729","420057"
"2012-12-11 08:42","QuorumBase.java","58844","28323","87167"
"2019-08-17 17:13","QuorumBase.java","257015","167729","424744"
"2019-08-01 07:31","QuorumBase.java","257686","167729","425415"
"2018-08-08 06:21","QuorumBase.java","164860","84162","249022"
"2019-10-10 14:37","QuorumBase.java","260768","167729","428497"
"2020-03-25 03:38","QuorumBase.java","270847","168776","439623"
"2014-07-18 19:46","QuorumBase.java","92685","36527","129212"
"2010-07-23 06:22","QuorumBase.java","20000","6186","26186"
"2011-05-20 01:17","QuorumBase.java","31287","19709","50996"
"2010-05-05 22:32","QuorumBase.java","5482","5463","10945"
"2010-08-18 08:24","QuorumBase.java","27381","7667","35048"
"2013-10-09 22:21","QuorumBase.java","72203","29828","102031"
"2010-03-31 06:26","QuorumBase.java","2961","2714","5675"
"2014-06-25 19:25","QuorumBase.java","87178","36016","123194"
"2011-04-12 09:14","QuorumBase.java","30345","19586","49931"
"2019-10-10 14:37","ClientTest.java","261595","58262","319857"
"2009-09-16 02:09","ClientTest.java","96275","9696","105971"
"2019-12-28 16:17","ClientTest.java","266748","58583","325331"
"2009-10-31 00:09","ClientTest.java","99077","10518","109595"
"2009-11-07 01:48","ClientTest.java","99642","10678","110320"
"2010-01-05 18:32","ClientTest.java","108657","11048","119705"
"2010-03-09 03:09","ClientTest.java","120636","11319","131955"
"2014-07-25 01:31","ClientTest.java","173215","18540","191755"
"2009-05-14 22:15","ClientTest.java","80265","8607","88872"
"2009-01-31 00:01","ClientTest.java","48263","7265","55528"
"2017-01-09 22:49","ClientTest.java","190054","18936","208990"
"2010-09-15 07:51","ClientTest.java","170380","12202","182582"
"2011-04-12 09:14","ClientTest.java","133842","12789","146631"
"2014-07-08 20:18","ClientTest.java","168778","18490","187268"
"2017-05-01 17:19","ClientTest.java","188280","19018","207298"
"2018-11-22 17:56","ClientTest.java","226523","58246","284769"
"2013-01-25 02:17","ClientTest.java","147530","16741","164271"
"2017-06-30 22:43","ClientTest.java","187917","19134","207051"
"2009-06-25 00:59","ClientTest.java","92170","9225","101395"
"2019-03-06 03:32","ClientTest.java","237611","58246","295857"
"2008-12-22 23:23","ClientTest.java","36697","3819","40516"
"2012-12-11 08:42","ClientTest.java","144853","16324","161177"
"2012-10-31 19:38","ClientTest.java","141842","16140","157982"
"2009-04-09 23:02","ClientTest.java","55148","8271","63419"
"2009-06-18 18:37","ClientTest.java","85075","9002","94077"
"2019-08-17 17:13","ClientTest.java","257842","58262","316104"
"2019-05-20 17:18","LocalPeerBeanTest.java","240689","220587","461276"
"2019-02-13 13:12","LocalPeerBeanTest.java","234771","220514","455285"
"2019-08-17 17:13","LocalPeerBeanTest.java","255916","220605","476521"
"2016-03-17 07:13","LocalPeerBeanTest.java","1271","1570","2841"
"2018-07-27 12:32","LocalPeerBeanTest.java","47344","34134","81478"
"2018-06-26 11:18","LocalPeerBeanTest.java","26232","14240","40472"
"2020-02-16 10:25","QuorumKerberosAuthTest.java","8112","4029","12141"
"2020-01-22 11:08","QuorumKerberosAuthTest.java","3966","2080","6046"
"2019-08-17 17:13","CreateTest.java","257012","166664","423676"
"2010-08-17 09:24","CreateTest.java","19284","1868","21152"
"2011-04-12 09:14","CreateTest.java","27319","15498","42817"
"2012-12-19 19:16","CreateTest.java","59375","25664","85039"
"2015-07-07 07:11","CreateTest.java","99820","33962","133782"
"2010-05-03 23:49","JFile.java","54039","15900","69939"
"2019-07-29 17:15","JFile.java","255100","129922","385022"
"2017-09-11 18:55","JFile.java","137377","31524","168901"
"2019-11-08 17:30","FinalRequestProcessor.java","6233","3638","9871"
"2020-03-25 03:38","FinalRequestProcessor.java","21686","11920","33606"
"2019-10-10 14:37","FinalRequestProcessor.java","4181","3447","7628"
"2019-11-21 05:58","FinalRequestProcessor.java","8908","8760","17668"
"2019-11-18 09:05","FinalRequestProcessor.java","8869","8744","17613"
"2019-11-11 13:59","FinalRequestProcessor.java","8057","3666","11723"
"2020-03-26 22:12","FinalRequestProcessor.java","21742","11974","33716"
"2019-10-10 14:37","FLEZeroWeightTest.java","258940","224315","483255"
"2019-08-17 17:13","FLEZeroWeightTest.java","255186","224314","479500"
"2019-07-12 17:01","FLEZeroWeightTest.java","250499","224314","474813"
"2019-02-06 09:46","ZooKeeper.java","234725","155051","389776"
"2019-01-16 14:21","ZooKeeper.java","233001","155050","388051"
"2017-04-18 02:02","ZooKeeper.java","118217","35313","153530"
"2019-11-08 17:30","ZooKeeper.java","262687","155102","417789"
"2019-02-07 11:26","ZooKeeper.java","235354","155051","390405"
"2013-03-07 07:01","ZooKeeper.java","77552","28595","106147"
"2011-07-01 00:53","ZooKeeper.java","49990","21901","71891"
"2013-12-17 17:55","ZooKeeper.java","84929","29168","114097"
"2012-02-06 09:56","ZooKeeper.java","59973","25176","85149"
"2012-03-17 01:31","ZooKeeper.java","61732","25430","87162"
"2012-11-17 15:03","ZooKeeper.java","68633","27212","95845"
"2017-05-01 17:19","ZooKeeper.java","118353","35322","153675"
"2010-11-10 23:36","ZooKeeper.java","79512","16070","95582"
"2014-01-24 07:18","ZooKeeper.java","86914","29224","116138"
"2019-08-17 17:13","ZooKeeper.java","257073","155102","412175"
"2015-06-04 19:51","ZooKeeper.java","107731","31716","139447"
"2016-10-07 21:51","ZooKeeper.java","115013","33947","148960"
"2015-03-16 09:09","ZooKeeper.java","104487","31516","136003"
"2015-03-17 18:06","ZooKeeper.java","105220","31539","136759"
"2016-05-02 18:15","ZooKeeper.java","111818","33518","145336"
"2019-06-26 10:57","ZooKeeper.java","244923","155102","400025"
"2019-06-03 19:40","ZooKeeper.java","242404","155102","397506"
"2018-05-09 23:57","ZooKeeper.java","125484","36195","161679"
"2019-08-03 08:42","ZooKeeper.java","257781","155102","412883"
"2016-11-13 20:59","ZooKeeper.java","117280","33961","151241"
"2013-02-03 15:52","ZooKeeper.java","73135","28241","101376"
"2012-09-28 18:32","ZooKeeper.java","66521","27068","93589"
"2017-07-28 00:36","ZooKeeper.java","117929","35764","153693"
"2017-08-18 23:35","ZooKeeper.java","118469","35819","154288"
"2017-07-04 07:56","ZooKeeper.java","118522","35747","154269"
"2010-01-26 03:22","ZooKeeper.java","4351","937","5288"
"2020-04-16 12:50","ZooKeeper.java","271636","156091","427727"
"2018-07-27 05:16","ZooKeeper.java","144012","52705","196717"
"2019-10-10 14:37","ZooKeeper.java","260826","155102","415928"
"2014-04-01 04:03","ZooKeeper.java","88680","29510","118190"
"2010-02-08 23:36","ZooKeeper.java","10754","7679","18433"
"2012-12-19 19:16","ZooKeeper.java","72593","28192","100785"
"2019-02-11 12:34","ZooKeeper.java","235717","155051","390768"
"2014-07-08 20:18","ZooKeeper.java","95216","31159","126375"
"2010-11-30 21:16","ZooKeeper.java","80134","16325","96459"
"2020-05-17 15:13","ZooKeeper.java","272009","156093","428102"
"2017-01-09 22:49","ZooKeeper.java","119096","34209","153305"
"2011-05-20 01:17","ZooKeeper.java","45257","20994","66251"
"2019-03-12 19:08","ZooKeeper.java","237157","155063","392220"
"2011-09-06 00:58","ZooKeeper.java","55906","20113","76019"
"2014-07-22 06:51","ZooKeeper.java","99555","31300","130855"
"2014-04-29 02:23","ZooKeeper.java","91598","30643","122241"
"2019-10-10 14:37","SessionTrackerImpl.java","259904","210259","470163"
"2019-09-20 10:02","SessionTrackerImpl.java","259071","210259","469330"
"2020-03-26 22:16","SessionTrackerImpl.java","270384","211700","482084"
"2015-03-08 23:07","SessionTrackerImpl.java","6426","1501","7927"
"2014-07-25 00:58","SessionTrackerImpl.java","954","307","1261"
"2014-07-23 20:17","SessionTrackerImpl.java","949","308","1257"
"2015-02-06 06:17","SessionTrackerImpl.java","6147","1396","7543"
"2018-09-18 01:00","SessionTrackerImpl.java","140229","112356","252585"
"2019-09-05 23:12","SessionTrackerImpl.java","257070","210259","467329"
"2019-08-17 17:13","SessionTrackerImpl.java","256151","210259","466410"
"2018-08-08 06:21","SessionTrackerImpl.java","108138","83371","191509"
"2018-05-09 23:57","SessionTrackerImpl.java","38620","17039","55659"
"2019-04-22 19:15","SessionTrackerImpl.java","238917","210243","449160"
"2010-03-31 06:26","WatcherFuncTest.java","40968","14591","55559"
"2019-08-17 17:13","WatcherFuncTest.java","257500","142084","399584"
"2019-08-17 17:13","DisconnectedWatcherTest.java","255978","218643","474621"
"2019-03-11 21:56","DisconnectedWatcherTest.java","235902","218551","454453"
"2019-12-03 10:01","CommandsTest.java","69138","37374","106512"
"2019-04-12 19:01","CommandsTest.java","8337","1369","9706"
"2019-11-29 14:49","CommandsTest.java","69098","37380","106478"
"2019-08-17 17:13","CommandsTest.java","55038","29877","84915"
"2019-06-03 19:40","CommandsTest.java","12559","2067","14626"
"2019-06-29 00:33","CommandsTest.java","18657","5509","24166"
"2019-11-23 17:08","CommandsTest.java","66910","37048","103958"
"2019-06-04 10:55","CommandsTest.java","12851","2206","15057"
"2019-05-27 10:54","CommandsTest.java","12355","1874","14229"
"2020-03-26 18:41","ZooKeeperMain.java","270255","222167","492422"
"2016-10-16 14:21","ZooKeeperMain.java","4490","1676","6166"
"2020-04-01 17:02","ZooKeeperMain.java","270579","222167","492746"
"2019-10-10 14:37","ZooKeeperMain.java","259640","220587","480227"
"2020-03-26 22:19","ZooKeeperMain.java","270324","222167","492491"
"2016-07-27 01:33","ZooKeeperMain.java","1980","714","2694"
"2019-11-28 12:24","ZooKeeperMain.java","262371","222165","484536"
"2016-11-13 20:59","ZooKeeperMain.java","6942","1923","8865"
"2019-08-03 08:42","ZooKeeperMain.java","256595","220587","477182"
"2017-07-28 00:36","ZooKeeperMain.java","13062","9197","22259"
"2019-08-17 17:13","ZooKeeperMain.java","255887","220587","476474"
"2018-08-06 14:11","ZooKeeperMain.java","45299","31488","76787"
"2019-06-07 14:13","TruncateTest.java","243119","167976","411095"
"2015-05-14 18:40","TruncateTest.java","98861","35612","134473"
"2019-08-17 17:13","TruncateTest.java","257015","167976","424991"
"2018-05-09 23:57","TruncateTest.java","118261","40971","159232"
"2014-09-27 08:20","TruncateTest.java","93569","35335","128904"
"2019-07-12 17:01","TruncateTest.java","252328","167976","420304"
"2017-08-18 06:32","TruncateTest.java","111117","40566","151683"
"2012-07-17 23:25","TruncateTest.java","52726","26209","78935"
"2017-09-11 18:55","TruncateTest.java","111393","40664","152057"
"2014-06-30 19:11","TruncateTest.java","85672","34672","120344"
"2016-08-24 01:36","TruncateTest.java","105643","37909","143552"
"2010-08-18 08:24","TruncateTest.java","24450","4983","29433"
"2017-05-11 16:59","TruncateTest.java","110595","40414","151009"
"2020-01-28 17:26","TruncateTest.java","268460","169023","437483"
"2017-01-07 01:09","TruncateTest.java","111204","38338","149542"
"2014-02-12 17:00","TruncateTest.java","74545","28604","103149"
"2014-01-03 01:24","TruncateTest.java","72500","28521","101021"
"2019-11-08 17:30","FinalRequestProcessor.java","2052","191","2243"
"2020-03-25 03:38","FinalRequestProcessor.java","19231","10199","29430"
"2019-11-21 05:58","FinalRequestProcessor.java","4737","5323","10060"
"2019-11-18 09:05","FinalRequestProcessor.java","4698","5307","10005"
"2019-11-11 13:59","FinalRequestProcessor.java","3880","223","4103"
"2020-03-26 22:12","FinalRequestProcessor.java","19287","10253","29540"
"2019-10-10 14:37","FourLetterWordsWhiteListTest.java","7470","3717","11187"
"2019-11-21 05:58","NIOServerCnxn.java","78707","43615","122322"
"2019-11-18 09:05","NIOServerCnxn.java","78674","43605","122279"
"2019-09-16 23:26","NIOServerCnxn.java","72886","37942","110828"
"2019-10-10 14:37","NIOServerCnxn.java","74359","38681","113040"
"2020-02-11 06:50","NIOServerCnxn.java","87864","45420","133284"
"2019-01-23 14:00","NIOServerCnxn.java","17380","8728","26108"
"2019-07-08 23:26","NIOServerCnxn.java","34378","13677","48055"
"2019-04-12 19:01","NIOServerCnxn.java","23477","9745","33222"
"2019-01-14 19:38","NIOServerCnxn.java","15870","8653","24523"
"2019-08-17 17:13","NIOServerCnxn.java","68633","36708","105341"
"2019-07-03 00:44","NIOServerCnxn.java","33552","13614","47166"
"2019-08-03 08:42","NIOServerCnxn.java","49236","16603","65839"
"2019-08-17 17:13","DumpCommand.java","255276","226243","481519"
"2020-03-03 10:53","PurgeTxnTest.java","3247","1980","5227"
"2019-08-17 17:13","KeyStoreFileTypeTest.java","68806","36682","105488"
"2015-05-14 07:10","CnxManagerTest.java","60359","19247","79606"
"2020-03-12 14:47","CnxManagerTest.java","269914","178223","448137"
"2019-08-17 17:13","CnxManagerTest.java","256750","177002","433752"
"2019-06-03 19:40","CnxManagerTest.java","242081","177002","419083"
"2017-11-28 00:10","CnxManagerTest.java","81670","28937","110607"
"2019-07-12 17:01","CnxManagerTest.java","252063","177002","429065"
"2019-05-08 21:54","CnxManagerTest.java","241253","177003","418256"
"2019-08-06 12:52","CnxManagerTest.java","257723","177002","434725"
"2019-06-14 09:06","CnxManagerTest.java","244748","177002","421750"
"2013-03-07 07:01","CnxManagerTest.java","25608","10503","36111"
"2019-11-29 14:49","CnxManagerTest.java","264528","178223","442751"
"2015-02-06 06:17","CnxManagerTest.java","57573","18966","76539"
"2017-09-11 18:55","CnxManagerTest.java","77503","28627","106130"
"2020-02-16 10:25","CnxManagerTest.java","268611","178223","446834"
"2014-06-25 15:04","CnxManagerTest.java","46359","17806","64165"
"2015-11-03 08:11","CnxManagerTest.java","64213","20585","84798"
"2019-10-10 14:37","CnxManagerTest.java","260503","177002","437505"
"2014-07-23 19:36","CnxManagerTest.java","53056","18597","71653"
"2013-10-05 00:57","ServerCnxnFactory.java","23163","6650","29813"
"2019-11-14 03:54","ServerCnxnFactory.java","264686","178056","442742"
"2019-11-11 13:59","ServerCnxnFactory.java","264087","178056","442143"
"2012-08-28 21:51","ServerCnxnFactory.java","6917","2931","9848"
"2017-04-19 01:19","ServerCnxnFactory.java","71139","23213","94352"
"2018-10-24 04:03","ServerCnxnFactory.java","235764","158845","394609"
"2013-03-07 07:01","ServerCnxnFactory.java","19964","5986","25950"
"2014-07-18 02:19","ServerCnxnFactory.java","47333","14604","61937"
"2019-02-13 13:12","ServerCnxnFactory.java","235537","177970","413507"
"2017-10-07 21:22","ServerCnxnFactory.java","72809","25003","97812"
"2019-08-17 17:13","ServerCnxnFactory.java","256649","178028","434677"
"2019-06-07 14:13","ServerCnxnFactory.java","242753","178028","420781"
"2019-07-03 00:44","ServerCnxnFactory.java","244662","178028","422690"
"2015-03-17 18:06","ServerCnxnFactory.java","53931","15229","69160"
"2015-03-28 20:08","ServerCnxnFactory.java","54948","15257","70205"
"2016-05-02 18:15","ServerCnxnFactory.java","63074","19753","82827"
"2012-12-08 00:38","ServerCnxnFactory.java","11185","3840","15025"
"2012-12-19 19:07","ServerCnxnFactory.java","13186","4645","17831"
"2019-02-06 09:46","ZooKeeper.java","234841","146522","381363"
"2019-01-16 14:21","ZooKeeper.java","233117","146521","379638"
"2017-04-18 02:02","ZooKeeper.java","126172","34923","161095"
"2019-11-08 17:30","ZooKeeper.java","262801","146571","409372"
"2019-02-07 11:26","ZooKeeper.java","235470","146522","381992"
"2013-03-07 07:01","ZooKeeper.java","85788","28486","114274"
"2011-07-01 00:53","ZooKeeper.java","58946","22212","81158"
"2013-12-17 17:55","ZooKeeper.java","93149","29043","122192"
"2012-02-06 09:56","ZooKeeper.java","68382","25240","93622"
"2012-03-17 01:31","ZooKeeper.java","70119","25472","95591"
"2012-11-17 15:03","ZooKeeper.java","76967","27201","104168"
"2017-05-01 17:19","ZooKeeper.java","126305","34929","161234"
"2010-11-10 23:36","ZooKeeper.java","88799","16712","105511"
"2014-01-24 07:18","ZooKeeper.java","95135","29100","124235"
"2019-08-17 17:13","ZooKeeper.java","257187","146571","403758"
"2015-06-04 19:51","ZooKeeper.java","115881","31521","147402"
"2016-10-07 21:51","ZooKeeper.java","123089","33678","156767"
"2015-03-16 09:09","ZooKeeper.java","112629","31313","143942"
"2015-03-17 18:06","ZooKeeper.java","113362","31336","144698"
"2016-05-02 18:15","ZooKeeper.java","119904","33259","153163"
"2019-06-26 10:57","ZooKeeper.java","245037","146571","391608"
"2019-06-03 19:40","ZooKeeper.java","242518","146571","389089"
"2018-05-09 23:57","ZooKeeper.java","133364","35730","169094"
"2019-08-03 08:42","ZooKeeper.java","257895","146571","404466"
"2016-11-13 20:59","ZooKeeper.java","125357","33693","159050"
"2013-02-03 15:52","ZooKeeper.java","81406","28167","109573"
"2012-09-28 18:32","ZooKeeper.java","74856","27058","101914"
"2017-07-28 00:36","ZooKeeper.java","125857","35347","161204"
"2017-08-18 23:35","ZooKeeper.java","126390","35395","161785"
"2017-07-04 07:56","ZooKeeper.java","126450","35330","161780"
"2009-12-11 20:38","ZooKeeper.java","9685","1704","11389"
"2009-11-12 21:02","ZooKeeper.java","778","175","953"
"2010-01-26 03:22","ZooKeeper.java","15289","3230","18519"
"2010-01-05 18:32","ZooKeeper.java","11280","2635","13915"
"2020-04-16 12:50","ZooKeeper.java","271700","147510","419210"
"2018-07-27 05:16","ZooKeeper.java","147280","47628","194908"
"2019-10-10 14:37","ZooKeeper.java","260940","146571","407511"
"2014-04-01 04:03","ZooKeeper.java","96887","29372","126259"
"2010-02-08 23:36","ZooKeeper.java","21672","9952","31624"
"2012-12-19 19:16","ZooKeeper.java","80867","28121","108988"
"2019-02-11 12:34","ZooKeeper.java","235833","146522","382355"
"2014-07-08 20:18","ZooKeeper.java","103422","31020","134442"
"2010-11-30 21:16","ZooKeeper.java","89415","16961","106376"
"2020-05-17 15:13","ZooKeeper.java","272072","147511","419583"
"2017-01-09 22:49","ZooKeeper.java","127172","33940","161112"
"2011-05-20 01:17","ZooKeeper.java","54294","21386","75680"
"2019-03-12 19:08","ZooKeeper.java","237273","146534","383807"
"2011-09-06 00:58","ZooKeeper.java","64585","20447","85032"
"2014-07-22 06:51","ZooKeeper.java","107714","31114","138828"
"2014-04-29 02:23","ZooKeeper.java","99805","30505","130310"
"2019-02-06 09:46","ZooKeeper.java","234903","146179","381082"
"2019-01-16 14:21","ZooKeeper.java","233179","146178","379357"
"2017-04-18 02:02","ZooKeeper.java","126495","34841","161336"
"2019-11-08 17:30","ZooKeeper.java","262861","146226","409087"
"2019-02-07 11:26","ZooKeeper.java","235532","146179","381711"
"2013-03-07 07:01","ZooKeeper.java","86153","28446","114599"
"2011-07-01 00:53","ZooKeeper.java","59336","22197","81533"
"2013-12-17 17:55","ZooKeeper.java","93503","28992","122495"
"2012-02-06 09:56","ZooKeeper.java","68769","25222","93991"
"2012-03-17 01:31","ZooKeeper.java","70506","25454","95960"
"2012-11-17 15:03","ZooKeeper.java","77353","27182","104535"
"2017-05-01 17:19","ZooKeeper.java","126627","34846","161473"
"2010-11-10 23:36","ZooKeeper.java","89193","16701","105894"
"2014-01-24 07:18","ZooKeeper.java","95487","29047","124534"
"2019-08-17 17:13","ZooKeeper.java","257247","146226","403473"
"2015-06-04 19:51","ZooKeeper.java","116226","31461","147687"
"2016-10-07 21:51","ZooKeeper.java","123414","33598","157012"
"2015-03-16 09:09","ZooKeeper.java","112981","31260","144241"
"2015-03-17 18:06","ZooKeeper.java","113709","31278","144987"
"2016-05-02 18:15","ZooKeeper.java","120229","33179","153408"
"2019-06-26 10:57","ZooKeeper.java","245097","146226","391323"
"2019-06-03 19:40","ZooKeeper.java","242578","146226","388804"
"2018-05-09 23:57","ZooKeeper.java","133665","35626","169291"
"2019-08-03 08:42","ZooKeeper.java","257955","146226","404181"
"2016-11-13 20:59","ZooKeeper.java","125682","33613","159295"
"2013-02-03 15:52","ZooKeeper.java","81771","28127","109898"
"2012-09-28 18:32","ZooKeeper.java","75242","27039","102281"
"2017-07-28 00:36","ZooKeeper.java","126174","35259","161433"
"2017-08-18 23:35","ZooKeeper.java","126707","35307","162014"
"2017-07-04 07:56","ZooKeeper.java","126767","35242","162009"
"2009-12-11 20:38","ZooKeeper.java","10324","1938","12262"
"2009-11-12 21:02","ZooKeeper.java","1439","431","1870"
"2010-01-26 03:22","ZooKeeper.java","15810","3346","19156"
"2010-01-05 18:32","ZooKeeper.java","11912","2862","14774"
"2009-11-07 01:48","ZooKeeper.java","703","298","1001"
"2020-04-16 12:50","ZooKeeper.java","271700","147105","418805"
"2018-07-27 05:16","ZooKeeper.java","147579","47522","195101"
"2019-10-10 14:37","ZooKeeper.java","261000","146226","407226"
"2014-04-01 04:03","ZooKeeper.java","97239","29319","126558"
"2010-02-08 23:36","ZooKeeper.java","22193","10068","32261"
"2012-12-19 19:16","ZooKeeper.java","81233","28082","109315"
"2019-02-11 12:34","ZooKeeper.java","235895","146179","382074"
"2014-07-08 20:18","ZooKeeper.java","103775","30968","134743"
"2010-11-30 21:16","ZooKeeper.java","89809","16950","106759"
"2020-05-17 15:13","ZooKeeper.java","272072","147106","419178"
"2017-01-09 22:49","ZooKeeper.java","127497","33860","161357"
"2011-05-20 01:17","ZooKeeper.java","54684","21371","76055"
"2019-03-12 19:08","ZooKeeper.java","237337","146193","383530"
"2011-09-06 00:58","ZooKeeper.java","64976","20433","85409"
"2014-07-22 06:51","ZooKeeper.java","108067","31062","139129"
"2014-04-29 02:23","ZooKeeper.java","100158","30453","130611"
"2019-10-10 14:37","IntegrityCheck.java","258940","224315","483255"
"2018-08-06 14:11","IntegrityCheck.java","32416","23033","55449"
"2019-08-17 17:13","IntegrityCheck.java","255186","224314","479500"
"2019-06-07 14:13","TruncateTest.java","243089","187413","430502"
"2015-05-14 18:40","TruncateTest.java","78188","34349","112537"
"2019-08-17 17:13","TruncateTest.java","256985","187413","444398"
"2018-05-09 23:57","TruncateTest.java","98922","41042","139964"
"2014-09-27 08:20","TruncateTest.java","72808","33984","106792"
"2019-07-12 17:01","TruncateTest.java","252298","187413","439711"
"2017-08-18 06:32","TruncateTest.java","91646","40505","132151"
"2012-07-17 23:25","TruncateTest.java","31379","24272","55651"
"2017-09-11 18:55","TruncateTest.java","91941","40622","132563"
"2014-06-30 19:11","TruncateTest.java","64825","33235","98060"
"2016-08-24 01:36","TruncateTest.java","85848","37524","123372"
"2017-05-11 16:59","TruncateTest.java","91116","40345","131461"
"2020-01-28 17:26","TruncateTest.java","268456","188486","456942"
"2017-01-07 01:09","TruncateTest.java","91594","38138","129732"
"2014-02-12 17:00","TruncateTest.java","53567","27036","80603"
"2014-01-03 01:24","TruncateTest.java","51522","26953","78475"
"2019-10-10 14:37","ClientCnxnSocketNIO.java","259905","207493","467398"
"2014-12-20 15:29","ClientCnxnSocketNIO.java","8803","1491","10294"
"2019-04-09 15:35","ClientCnxnSocketNIO.java","236921","207405","444326"
"2019-08-03 08:42","ClientCnxnSocketNIO.java","256860","207493","464353"
"2019-08-17 17:13","ClientCnxnSocketNIO.java","256152","207493","463645"
"2016-05-02 18:15","ClientCnxnSocketNIO.java","21006","7647","28653"
"2018-11-22 17:56","ClientCnxnSocketNIO.java","224739","207383","432122"
"2019-08-17 17:13","InstanceManager.java","255186","224314","479500"
"2019-12-28 16:17","SetAclCommand.java","265461","225518","490979"
"2018-10-04 15:46","SetAclCommand.java","119722","103760","223482"
"2019-01-31 15:55","SetAclCommand.java","232791","223774","456565"
"2019-08-17 17:13","SetAclCommand.java","255250","223892","479142"
"2020-03-26 18:41","ZooKeeperMain.java","270325","218607","488932"
"2016-10-16 14:21","ZooKeeperMain.java","14067","7623","21690"
"2020-04-01 17:02","ZooKeeperMain.java","270649","218607","489256"
"2019-10-10 14:37","ZooKeeperMain.java","259836","217153","476989"
"2015-11-22 00:33","ZooKeeperMain.java","6164","2793","8957"
"2020-03-26 22:19","ZooKeeperMain.java","270394","218607","489001"
"2015-11-08 22:54","ZooKeeperMain.java","5739","2661","8400"
"2016-07-27 01:33","ZooKeeperMain.java","11651","6755","18406"
"2019-11-28 12:24","ZooKeeperMain.java","262441","218605","481046"
"2016-11-13 20:59","ZooKeeperMain.java","16486","7837","24323"
"2019-08-03 08:42","ZooKeeperMain.java","256791","217153","473944"
"2017-07-28 00:36","ZooKeeperMain.java","22215","14720","36935"
"2016-05-02 18:15","ZooKeeperMain.java","9794","6164","15958"
"2019-08-17 17:13","ZooKeeperMain.java","256083","217153","473236"
"2018-08-06 14:11","ZooKeeperMain.java","53643","36202","89845"
"2015-10-18 19:00","QuorumPeer.java","118527","31485","150012"
"2018-12-20 15:13","QuorumPeer.java","230769","145328","376097"
"2019-05-16 16:25","QuorumPeer.java","242046","145376","387422"
"2018-10-16 16:22","QuorumPeer.java","239011","117414","356425"
"2019-06-14 09:06","QuorumPeer.java","245245","145376","390621"
"2010-03-16 23:25","QuorumPeer.java","33738","11119","44857"
"2018-12-07 12:41","QuorumPeer.java","227783","145328","373111"
"2012-04-23 01:20","QuorumPeer.java","73559","26840","100399"
"2012-07-17 23:19","QuorumPeer.java","74398","26907","101305"
"2019-03-11 19:47","QuorumPeer.java","237212","145343","382555"
"2012-02-27 03:41","QuorumPeer.java","70028","25394","95422"
"2014-07-18 02:19","QuorumPeer.java","108260","30952","139212"
"2019-02-13 13:12","QuorumPeer.java","236155","145338","381493"
"2011-04-29 18:12","QuorumPeer.java","55040","21361","76401"
"2019-04-12 19:01","QuorumPeer.java","239054","145376","384430"
"2018-12-09 03:16","QuorumPeer.java","229857","145328","375185"
"2018-09-11 15:23","QuorumPeer.java","192611","88685","281296"
"2019-11-29 14:49","QuorumPeer.java","264683","146255","410938"
"2013-03-07 07:01","QuorumPeer.java","86927","28370","115297"
"2018-12-15 07:34","QuorumPeer.java","229772","145328","375100"
"2018-11-27 10:02","QuorumPeer.java","227533","145328","372861"
"2018-09-18 01:00","QuorumPeer.java","193912","88731","282643"
"2009-11-18 18:47","QuorumPeer.java","7777","1238","9015"
"2012-02-06 09:40","QuorumPeer.java","69511","25118","94629"
"2019-06-03 19:40","QuorumPeer.java","242578","145376","387954"
"2019-07-15 14:15","QuorumPeer.java","252666","145376","398042"
"2015-03-17 18:06","QuorumPeer.java","114479","31198","145677"
"2019-07-03 00:44","QuorumPeer.java","245260","145376","390636"
"2019-08-17 17:13","QuorumPeer.java","257247","145376","402623"
"2015-06-27 02:03","QuorumPeer.java","117369","31399","148768"
"2009-11-18 20:06","QuorumPeer.java","10303","1430","11733"
"2017-11-28 00:10","QuorumPeer.java","131551","35366","166917"
"2014-01-21 04:50","QuorumPeer.java","94664","28957","123621"
"2014-06-04 22:07","QuorumPeer.java","102041","30533","132574"
"2018-01-30 08:02","QuorumPeer.java","131737","35399","167136"
"2019-05-15 11:56","QuorumPeer.java","242001","145376","387377"
"2019-06-05 00:33","QuorumPeer.java","242968","145376","388344"
"2019-05-20 23:13","QuorumPeer.java","242119","145376","387495"
"2019-06-04 10:55","QuorumPeer.java","242731","145376","388107"
"2019-07-12 17:01","QuorumPeer.java","252560","145376","397936"
"2020-01-09 11:27","QuorumPeer.java","266229","146255","412484"
"2017-02-09 11:40","QuorumPeer.java","128790","33829","162619"
"2011-06-14 07:14","QuorumPeer.java","56758","21464","78222"
"2017-07-06 18:48","QuorumPeer.java","127799","35152","162951"
"2018-10-01 06:11","QuorumPeer.java","196588","88828","285416"
"2015-04-09 20:16","QuorumPeer.java","115545","31201","146746"
"2013-10-07 21:08","QuorumPeer.java","90085","28712","118797"
"2013-09-30 22:20","QuorumPeer.java","89522","28580","118102"
"2018-07-04 17:11","QuorumPeer.java","142604","42705","185309"
"2019-12-17 13:48","QuorumPeer.java","265255","146255","411510"
"2015-12-07 05:59","QuorumPeer.java","119363","31563","150926"
"2020-01-23 13:43","QuorumPeer.java","268053","146255","414308"
"2016-06-23 23:45","QuorumPeer.java","121964","33094","155058"
"2011-05-03 19:57","QuorumPeer.java","55045","21362","76407"
"2016-06-23 23:25","QuorumPeer.java","121856","33094","154950"
"2010-03-09 05:44","QuorumPeer.java","32778","10934","43712"
"2010-03-12 19:26","QuorumPeer.java","33619","11045","44664"
"2014-03-23 04:12","QuorumPeer.java","97038","29111","126149"
"2013-09-26 00:13","QuorumPeer.java","89269","28571","117840"
"2011-06-17 01:34","QuorumPeer.java","56883","21518","78401"
"2011-06-14 14:11","QuorumPeer.java","56783","21462","78245"
"2010-03-10 02:27","QuorumPeer.java","32999","10941","43940"
"2010-03-10 19:52","QuorumPeer.java","33094","10950","44044"
"2014-07-18 20:48","QuorumPeer.java","108728","30961","139689"
"2014-07-04 04:19","QuorumPeer.java","103691","30540","134231"
"2018-12-06 10:56","QuorumPeer.java","227727","145328","373055"
"2014-06-25 15:04","QuorumPeer.java","102539","30534","133073"
"2014-03-28 01:58","QuorumPeer.java","97460","29115","126575"
"2009-11-20 23:28","QuorumPeer.java","11132","1980","13112"
"2009-12-18 03:19","QuorumPeer.java","12655","2930","15585"
"2009-12-15 23:23","QuorumPeer.java","11745","2294","14039"
"2013-10-21 23:36","QuorumPeer.java","92977","28862","121839"
"2019-10-10 14:37","QuorumPeer.java","261000","145376","406376"
"2013-11-07 06:41","QuorumPeer.java","93435","28889","122324"
"2017-07-27 23:09","QuorumPeer.java","126821","35160","161981"
"2014-05-18 05:49","QuorumPeer.java","101537","30518","132055"
"2011-10-25 08:09","QuorumPeer.java","66685","24796","91481"
"2014-03-25 22:13","QuorumPeer.java","97275","29112","126387"
"2011-04-12 09:14","QuorumPeer.java","54664","21320","75984"
"2011-11-01 08:15","QuorumPeer.java","66968","24890","91858"
"2011-03-16 19:49","QuorumPeer.java","91986","17169","109155"
"2018-06-26 11:18","QuorumPeer.java","135443","35562","171005"
"2018-07-27 12:32","QuorumPeer.java","148553","47454","196007"
"2019-04-18 19:17","QuorumPeer.java","239764","145376","385140"
"2011-10-27 23:25","QuorumPeer.java","66887","24838","91725"
"2011-08-30 08:37","QuorumPeer.java","65084","20309","85393"
"2011-08-30 08:29","QuorumPeer.java","65066","20303","85369"
"2010-08-18 08:24","QuorumPeer.java","58544","16245","74789"
"2013-10-09 22:21","QuorumPeer.java","92615","28863","121478"
"2016-12-20 14:47","QuorumPeer.java","127595","33769","161364"
"2011-05-20 01:17","QuorumPeer.java","55544","21381","76925"
"2010-05-05 22:32","QuorumPeer.java","37713","15109","52822"
"2017-05-11 16:59","QuorumPeer.java","126887","35107","161994"
"2014-07-03 06:01","QuorumPeer.java","103269","30540","133809"
"2014-08-14 08:08","QuorumPeer.java","109656","31028","140684"
"2014-08-01 07:38","QuorumPeer.java","109235","31028","140263"
"2014-07-20 04:50","QuorumPeer.java","108809","30980","139789"
"2016-06-02 00:59","QuorumPeer.java","121487","33094","154581"
"2020-02-16 10:25","QuorumPeer.java","268766","146255","415021"
"2014-06-25 15:04","FastLeaderElection.java","167424","18337","185761"
"2018-12-06 10:56","FastLeaderElection.java","228354","57795","286149"
"2014-07-08 05:25","FastLeaderElection.java","169158","18435","187593"
"2014-07-18 20:48","FastLeaderElection.java","173286","18437","191723"
"2010-03-13 01:06","FastLeaderElection.java","122157","11412","133569"
"2014-03-23 04:12","FastLeaderElection.java","162086","17077","179163"
"2019-10-10 14:37","FastLeaderElection.java","261595","57811","319406"
"2013-10-21 23:36","FastLeaderElection.java","158193","16996","175189"
"2009-08-04 19:59","FastLeaderElection.java","94638","9502","104140"
"2009-08-11 23:09","FastLeaderElection.java","95769","9527","105296"
"2009-12-15 23:23","FastLeaderElection.java","108560","10949","119509"
"2019-09-30 23:22","FastLeaderElection.java","261222","57811","319033"
"2011-04-12 09:14","FastLeaderElection.java","134255","12751","147006"
"2014-07-20 04:50","FastLeaderElection.java","173355","18444","191799"
"2009-04-24 20:26","FastLeaderElection.java","65067","8749","73816"
"2010-07-05 21:50","FastLeaderElection.java","133740","11894","145634"
"2020-04-07 09:07","FastLeaderElection.java","271537","58132","329669"
"2012-03-20 01:33","FastLeaderElection.java","138963","16037","155000"
"2008-10-08 20:00","FastLeaderElection.java","18706","2672","21378"
"2008-10-01 10:40","FastLeaderElection.java","17400","2496","19896"
"2008-12-12 21:21","FastLeaderElection.java","36706","3743","40449"
"2019-01-18 03:42","FastLeaderElection.java","233851","57795","291646"
"2012-02-06 09:40","FastLeaderElection.java","137361","15886","153247"
"2017-09-11 18:55","FastLeaderElection.java","188457","19047","207504"
"2013-03-07 07:01","FastLeaderElection.java","152547","16908","169455"
"2018-08-29 06:26","FastLeaderElection.java","220000","40307","260307"
"2011-04-29 18:12","FastLeaderElection.java","134617","12778","147395"
"2015-02-06 06:17","FastLeaderElection.java","177665","18524","196189"
"2018-04-30 06:34","FastLeaderElection.java","194457","19065","213522"
"2009-06-30 22:47","FastLeaderElection.java","93847","9449","103296"
"2019-08-17 17:13","FastLeaderElection.java","257842","57811","315653"
"2019-08-02 20:08","FastLeaderElection.java","258623","57811","316434"
"2012-08-03 00:17","FastLeaderElection.java","141494","16080","157574"
"2017-01-13 19:29","FastLeaderElection.java","190610","18860","209470"
"2009-04-17 00:59","FastLeaderElection.java","56389","8673","65062"
"2011-06-14 07:14","FastLeaderElection.java","136244","12790","149034"
"2019-08-03 08:42","FastLeaderElection.java","258550","57811","316361"
"2019-11-08 17:30","Request.java","5888","3137","9025"
"2020-03-25 03:38","Request.java","21342","11420","32762"
"2019-12-27 22:33","Request.java","15068","9253","24321"
"2019-11-11 13:59","Request.java","7712","3165","10877"
"2020-05-05 21:20","Request.java","26043","15090","41133"
"2019-11-08 17:30","Request.java","6233","3638","9871"
"2020-03-25 03:38","Request.java","21686","11920","33606"
"2019-09-20 10:06","Request.java","345","501","846"
"2019-12-27 22:33","Request.java","15413","9754","25167"
"2019-11-11 13:59","Request.java","8057","3666","11723"
"2020-05-05 21:20","Request.java","26384","15587","41971"
"2019-10-10 14:37","ACLTest.java","261459","90102","351561"
"2013-12-21 22:05","ACLTest.java","133476","15370","148846"
"2010-08-18 08:24","ACLTest.java","108101","10069","118170"
"2010-03-31 06:26","ACLTest.java","88090","9525","97615"
"2011-04-12 09:14","ACLTest.java","100048","10971","111019"
"2016-08-24 01:36","ACLTest.java","160969","18985","179954"
"2017-09-11 18:55","ACLTest.java","164980","20001","184981"
"2016-11-13 20:59","ACLTest.java","164589","19019","183608"
"2019-05-06 18:32","ACLTest.java","242061","90103","332164"
"2017-08-18 23:35","ACLTest.java","164870","19969","184839"
"2009-07-17 00:09","ACLTest.java","57857","5669","63526"
"2009-06-25 22:41","ACLTest.java","56535","5475","62010"
"2009-06-18 18:37","ACLTest.java","48968","4871","53839"
"2019-08-17 17:13","ACLTest.java","257706","90102","347808"
"2014-04-25 23:40","ACLTest.java","139301","16747","156048"
"2019-08-17 17:13","KeeperException.java","254163","231870","486033"
"2019-07-24 18:00","KeeperException.java","250618","231870","482488"
"2020-03-25 03:38","KeeperException.java","268888","233810","502698"
"2017-11-16 00:21","ZNodeNameTest.java","19598","12928","32526"
"2020-01-21 18:14","ZNodeNameTest.java","265637","220461","486098"
"2019-08-27 09:23","ZNodeNameTest.java","256559","218914","475473"
"2016-05-02 18:15","SaslAuthDesignatedClientTest.java","43499","16457","59956"
"2019-08-17 17:13","SaslAuthDesignatedClientTest.java","256369","194027","450396"
"2019-11-28 12:24","DataTree.java","261786","227167","488953"
"2019-10-10 14:37","DataTree.java","259029","225563","484592"
"2019-12-27 22:33","DataTree.java","265559","227168","492727"
"2019-11-11 13:59","DataTree.java","262734","225611","488345"
"2018-07-10 13:29","DataTree.java","25597","19155","44752"
"2018-09-28 23:38","DataTree.java","122527","108259","230786"
"2019-11-08 17:30","DataTree.java","260938","225611","486549"
"2019-01-30 16:28","DataTree.java","232269","225445","457714"
"2019-01-30 17:02","DataTree.java","232813","225445","458258"
"2017-09-11 18:55","DataTree.java","6182","7341","13523"
"2017-02-05 07:22","DataTree.java","2087","648","2735"
"2019-02-07 11:26","DataTree.java","233491","225446","458937"
"2018-09-04 11:54","DataTree.java","116599","107415","224014"
"2018-09-05 22:35","DataTree.java","116874","107434","224308"
"2018-12-20 15:17","DataTree.java","228757","225444","454201"
"2019-09-10 09:53","DataTree.java","256325","225563","481888"
"2019-04-12 19:01","DataTree.java","237064","225544","462608"
"2019-07-31 19:06","DataTree.java","254583","225563","480146"
"2019-09-11 10:27","DataTree.java","256632","225563","482195"
"2019-08-01 07:31","DataTree.java","255947","225563","481510"
"2019-08-17 17:13","DataTree.java","255276","225563","480839"
"2019-09-10 15:21","DataTree.java","256319","225563","481882"
"2017-06-18 19:23","DataTree.java","3938","5411","9349"
"2019-04-12 12:29","DataTree.java","236633","225544","462177"
"2019-08-03 08:42","DataTree.java","255984","225563","481547"
"2019-08-09 16:15","DataTree.java","256732","225563","482295"
"2019-04-29 16:49","DataTree.java","239094","225544","464638"
"2019-07-12 17:01","FLEBackwardElectionRoundTest.java","250392","228064","478456"
"2019-08-17 17:13","FLEBackwardElectionRoundTest.java","255079","228064","483143"
"2019-06-03 19:40","FLEBackwardElectionRoundTest.java","240409","228063","468472"
"2019-12-28 16:17","GetAllChildrenNumberTest.java","68347","38094","106441"
"2019-08-17 17:13","GetAllChildrenNumberTest.java","51869","30201","82070"
"2012-08-28 21:51","ClientBase.java","78579","28378","106957"
"2017-06-08 17:51","ClientBase.java","129733","36227","165960"
"2012-07-17 23:19","ClientBase.java","77435","28308","105743"
"2017-04-18 01:37","ClientBase.java","130007","35869","165876"
"2010-03-16 22:23","ClientBase.java","37265","13019","50284"
"2018-09-07 02:49","ClientBase.java","193352","88776","282128"
"2019-07-31 19:06","ClientBase.java","256797","143983","400780"
"2012-02-06 09:47","ClientBase.java","72645","26639","99284"
"2015-02-06 06:17","ClientBase.java","116070","32375","148445"
"2017-09-11 18:55","ClientBase.java","130362","36398","166760"
"2019-08-17 17:13","ClientBase.java","257490","143983","401473"
"2015-03-28 20:08","ClientBase.java","118322","32416","150738"
"2019-06-07 14:13","ClientBase.java","243594","143983","387577"
"2018-04-24 00:20","ClientBase.java","136294","36554","172848"
"2018-08-08 06:21","ClientBase.java","173845","70134","243979"
"2018-05-09 23:57","ClientBase.java","137128","36603","173731"
"2019-06-24 11:05","ClientBase.java","244823","143983","388806"
"2012-12-11 08:42","ClientBase.java","82497","28963","111460"
"2017-01-13 19:29","ClientBase.java","131250","34946","166196"
"2010-01-25 04:28","ClientBase.java","19652","5250","24902"
"2010-03-09 05:44","ClientBase.java","36325","12845","49170"
"2016-06-23 23:25","ClientBase.java","124664","34266","158930"
"2014-01-03 01:40","ClientBase.java","97392","30161","127553"
"2014-01-25 01:17","ClientBase.java","99243","30206","129449"
"2009-11-20 23:28","ClientBase.java","14754","3966","18720"
"2009-11-25 20:06","ClientBase.java","14791","3970","18761"
"2009-11-12 20:53","ClientBase.java","6007","2529","8536"
"2009-09-16 02:09","ClientBase.java","1023","517","1540"
"2019-11-14 16:44","ClientBase.java","265517","143983","409500"
"2019-10-10 14:37","ClientBase.java","261243","143983","405226"
"2012-03-15 17:47","ClientBase.java","74110","26861","100971"
"2010-09-15 07:51","ClientBase.java","90017","17912","107929"
"2012-01-14 00:28","ClientBase.java","72035","26545","98580"
"2011-04-12 09:14","ClientBase.java","57867","22887","80754"
"2011-11-05 07:29","ClientBase.java","70428","26358","96786"
"2016-08-24 01:36","ClientBase.java","125614","34645","160259"
"2011-09-17 02:13","ClientBase.java","69618","24530","94148"
"2010-07-05 20:20","ClientBase.java","52258","16943","69201"
"2010-03-31 06:26","ClientBase.java","38980","14512","53492"
"2010-08-18 08:24","ClientBase.java","61840","17905","79745"
"2015-03-08 23:07","ClientBase.java","116270","32401","148671"
"2015-07-07 07:11","RootTest.java","76443","22280","98723"
"2019-12-27 22:33","FuzzySnapshotRelatedTest.java","18682","10004","28686"
"2019-10-10 14:37","FuzzySnapshotRelatedTest.java","7470","3717","11187"
"2019-09-11 10:27","FuzzySnapshotRelatedTest.java","3093","1737","4830"
"2019-08-17 17:13","SimpleSysTest.java","255966","218914","474880"
"2014-05-20 17:10","Environment.java","34191","11724","45915"
"2017-09-11 18:55","Environment.java","67784","24021","91805"
"2012-09-03 07:56","Environment.java","55","5","60"
"2019-08-17 17:13","Environment.java","256464","181829","438293"
"2019-10-10 14:37","FLERestartTest.java","36740","28300","65040"
"2019-08-17 17:13","FLERestartTest.java","30536","25849","56385"
"2019-08-17 17:13","FourLetterWordsQuorumTest.java","256987","178795","435782"
"2015-03-28 20:08","FourLetterWordsQuorumTest.java","85746","33865","119611"
"2015-07-10 08:19","FourLetterWordsQuorumTest.java","88360","34454","122814"
"2014-01-25 01:17","FourLetterWordsQuorumTest.java","61752","26740","88492"
"2019-10-10 14:37","FourLetterWordsQuorumTest.java","260740","178795","439535"
"2019-12-03 10:01","CommandsTest.java","184014","159392","343406"
"2019-01-07 14:39","CommandsTest.java","146772","153914","300686"
"2019-04-12 19:01","CommandsTest.java","154086","154260","308346"
"2019-11-29 14:49","CommandsTest.java","183968","159392","343360"
"2019-08-17 17:13","CommandsTest.java","174230","156211","330441"
"2019-06-03 19:40","CommandsTest.java","157657","154307","311964"
"2019-06-29 00:33","CommandsTest.java","161546","155540","317086"
"2019-11-23 17:08","CommandsTest.java","182112","159392","341504"
"2019-06-04 10:55","CommandsTest.java","157810","154307","312117"
"2019-05-27 10:54","CommandsTest.java","157626","154287","311913"
"2013-03-07 07:01","QuorumVerifier.java","15236","3398","18634"
"2019-08-17 17:13","QuorumVerifier.java","256468","179987","436455"
"2019-08-17 17:13","LearnerSyncThrottlerTest.java","28807","25290","54097"
"2019-12-03 19:35","ContainerManager.java","263399","232473","495872"
"2019-08-17 17:13","ContainerManager.java","254922","230611","485533"
"2019-06-03 19:40","ContainerManager.java","240252","230610","470862"
"2019-12-27 22:33","FileTxnSnapLog.java","61977","37966","99943"
"2019-10-10 14:37","FileTxnSnapLog.java","51144","32058","83202"
"2019-12-13 08:51","FileTxnSnapLog.java","59889","37841","97730"
"2020-01-23 16:46","FileTxnSnapLog.java","64567","39307","103874"
"2020-01-28 17:26","FileTxnSnapLog.java","65114","39383","104497"
"2019-09-02 08:23","FileTxnSnapLog.java","46788","30798","77586"
"2019-07-31 19:06","FileTxnSnapLog.java","21547","6907","28454"
"2020-01-30 09:43","FileTxnSnapLog.java","65214","39407","104621"
"2019-05-21 23:34","FileTxnSnapLog.java","490","169","659"
"2019-05-27 10:54","FileTxnSnapLog.java","838","185","1023"
"2019-08-17 17:13","FileTxnSnapLog.java","45008","29675","74683"
"2019-10-10 14:37","SaslServerCallbackHandler.java","7470","3717","11187"
"2019-07-02 07:34","Follower.java","243920","218426","462346"
"2018-12-09 03:16","Follower.java","228523","218314","446837"
"2019-04-12 19:01","Follower.java","237767","218409","456176"
"2018-09-18 01:00","Follower.java","131299","111767","243066"
"2019-08-17 17:13","Follower.java","255978","218427","474405"
"2019-06-29 00:33","Follower.java","243964","218426","462390"
"2019-08-06 17:11","Follower.java","257079","218427","475506"
"2019-07-15 14:15","Follower.java","251397","218427","469824"
"2019-08-23 19:43","Follower.java","256644","218427","475071"
"2017-11-28 00:10","Follower.java","24951","14415","39366"
"2019-06-05 00:33","Follower.java","241698","218426","460124"
"2019-05-03 00:44","Follower.java","239957","218409","458366"
"2019-12-27 22:33","Follower.java","266201","219972","486173"
"2016-08-13 15:01","Follower.java","9744","5828","15572"
"2019-10-10 14:37","Follower.java","259731","218427","478158"
"2016-12-20 14:47","Follower.java","15713","7536","23249"
"2020-02-16 10:25","QuorumAuthUpgradeTest.java","22565","11925","34490"
"2019-10-10 14:37","QuorumAuthUpgradeTest.java","7470","3717","11187"
"2018-08-06 14:11","SledgeHammer.java","142005","52762","194767"
"2019-08-17 17:13","SledgeHammer.java","257033","157930","414963"
"2011-09-17 02:13","SledgeHammer.java","53535","22551","76086"
"2016-08-24 01:36","SledgeHammer.java","110618","33753","144371"
"2019-11-21 05:58","NIOServerCnxn.java","260045","225855","485900"
"2019-11-18 09:05","NIOServerCnxn.java","260022","225855","485877"
"2019-09-16 23:26","NIOServerCnxn.java","258284","224242","482526"
"2019-10-10 14:37","NIOServerCnxn.java","259018","224242","483260"
"2018-09-28 23:38","NIOServerCnxn.java","120291","104713","225004"
"2020-02-11 06:50","NIOServerCnxn.java","267399","225857","493256"
"2019-01-23 14:00","NIOServerCnxn.java","231874","224124","455998"
"2019-07-08 23:26","NIOServerCnxn.java","244040","224241","468281"
"2019-04-12 19:01","NIOServerCnxn.java","237053","224223","461276"
"2019-01-14 19:38","NIOServerCnxn.java","230438","224123","454561"
"2018-11-17 18:33","NIOServerCnxn.java","223219","224121","447340"
"2018-09-18 01:00","NIOServerCnxn.java","117035","104031","221066"
"2019-08-17 17:13","NIOServerCnxn.java","255265","224242","479507"
"2019-07-03 00:44","NIOServerCnxn.java","243277","224241","467518"
"2019-08-03 08:42","NIOServerCnxn.java","255973","224242","480215"
"2019-11-28 12:24","DataTree.java","261755","225977","487732"
"2019-10-10 14:37","DataTree.java","258940","224315","483255"
"2019-12-27 22:33","DataTree.java","265528","225978","491506"
"2019-11-11 13:59","DataTree.java","262645","224363","487008"
"2018-07-10 13:29","DataTree.java","19877","12276","32153"
"2018-09-28 23:38","DataTree.java","117801","102374","220175"
"2019-11-08 17:30","DataTree.java","260849","224363","485212"
"2019-01-30 16:28","DataTree.java","232159","224176","456335"
"2019-01-30 17:02","DataTree.java","232703","224176","456879"
"2019-02-07 11:26","DataTree.java","233381","224177","457558"
"2018-09-04 11:54","DataTree.java","111845","101502","213347"
"2018-09-05 22:35","DataTree.java","112121","101522","213643"
"2018-12-20 15:17","DataTree.java","228646","224174","452820"
"2019-09-10 09:53","DataTree.java","256236","224315","480551"
"2019-04-12 19:01","DataTree.java","236957","224278","461235"
"2019-07-31 19:06","DataTree.java","254493","224314","478807"
"2019-09-11 10:27","DataTree.java","256543","224315","480858"
"2019-08-01 07:31","DataTree.java","255857","224314","480171"
"2019-08-17 17:13","DataTree.java","255186","224314","479500"
"2019-09-10 15:21","DataTree.java","256230","224315","480545"
"2019-04-12 12:29","DataTree.java","236526","224278","460804"
"2019-08-03 08:42","DataTree.java","255894","224314","480208"
"2019-08-09 16:15","DataTree.java","256642","224314","480956"
"2019-04-29 16:49","DataTree.java","239004","224295","463299"
"2020-03-26 18:41","ZooKeeperMain.java","24975","12187","37162"
"2020-04-01 17:02","ZooKeeperMain.java","25536","12424","37960"
"2019-10-10 14:37","ZooKeeperMain.java","7470","3717","11187"
"2020-03-26 22:19","ZooKeeperMain.java","25083","12226","37309"
"2019-11-28 12:24","ZooKeeperMain.java","14222","9316","23538"
"2012-08-28 21:51","ClientBase.java","77695","28000","105695"
"2017-06-08 17:51","ClientBase.java","128938","35938","164876"
"2012-07-17 23:19","ClientBase.java","76551","27930","104481"
"2017-04-18 01:37","ClientBase.java","129211","35579","164790"
"2010-03-16 22:23","ClientBase.java","36276","12536","48812"
"2018-09-07 02:49","ClientBase.java","192833","88763","281596"
"2019-07-31 19:06","ClientBase.java","256791","144483","401274"
"2012-02-06 09:47","ClientBase.java","71761","26261","98022"
"2015-02-06 06:17","ClientBase.java","115236","32047","147283"
"2017-09-11 18:55","ClientBase.java","129568","36110","165678"
"2019-08-17 17:13","ClientBase.java","257484","144483","401967"
"2015-03-28 20:08","ClientBase.java","117488","32088","149576"
"2019-06-07 14:13","ClientBase.java","243588","144483","388071"
"2018-04-24 00:20","ClientBase.java","135500","36266","171766"
"2018-08-08 06:21","ClientBase.java","173070","69865","242935"
"2018-05-09 23:57","ClientBase.java","136352","36333","172685"
"2019-06-24 11:05","ClientBase.java","244817","144483","389300"
"2012-12-11 08:42","ClientBase.java","81646","28618","110264"
"2017-01-13 19:29","ClientBase.java","130449","34651","165100"
"2010-01-25 04:28","ClientBase.java","18655","4759","23414"
"2010-03-09 05:44","ClientBase.java","35335","12361","47696"
"2016-06-23 23:25","ClientBase.java","123861","33969","157830"
"2014-01-03 01:40","ClientBase.java","96553","29828","126381"
"2014-01-25 01:17","ClientBase.java","98404","29873","128277"
"2009-11-20 23:28","ClientBase.java","13756","3474","17230"
"2009-11-25 20:06","ClientBase.java","13793","3478","17271"
"2009-11-12 20:53","ClientBase.java","5002","2030","7032"
"2019-11-14 16:44","ClientBase.java","265511","144483","409994"
"2019-10-10 14:37","ClientBase.java","261237","144483","405720"
"2012-03-15 17:47","ClientBase.java","73226","26483","99709"
"2010-09-15 07:51","ClientBase.java","89104","17505","106609"
"2012-01-14 00:28","ClientBase.java","71149","26165","97314"
"2011-04-12 09:14","ClientBase.java","56963","22489","79452"
"2011-11-05 07:29","ClientBase.java","69542","25978","95520"
"2016-08-24 01:36","ClientBase.java","124812","34349","159161"
"2011-09-17 02:13","ClientBase.java","68732","24150","92882"
"2010-07-05 20:20","ClientBase.java","51313","16504","67817"
"2010-03-31 06:26","ClientBase.java","38033","14071","52104"
"2010-08-18 08:24","ClientBase.java","60926","17497","78423"
"2015-03-08 23:07","ClientBase.java","115436","32073","147509"
"2019-07-29 17:15","RecordWriter.java","254361","179411","433772"
"2013-12-21 22:05","RepeatStartupTest.java","128332","22335","150667"
"2010-08-18 08:24","RepeatStartupTest.java","99673","14323","113996"
"2010-03-31 06:26","RepeatStartupTest.java","79617","13734","93351"
"2011-04-12 09:14","RepeatStartupTest.java","94301","17906","112207"
"2011-10-25 08:09","RepeatStartupTest.java","103011","20580","123591"
"2009-07-17 00:09","RepeatStartupTest.java","45773","6267","52040"
"2019-08-17 17:13","RepeatStartupTest.java","257687","102765","360452"
"2020-05-17 15:13","ZooKeeper.java","4387","4016","8403"
"2019-09-30 22:26","ZKClientConfig.java","257529","231871","489400"
"2018-11-05 19:40","ZKClientConfig.java","219648","198869","418517"
"2019-08-17 17:13","ZKClientConfig.java","254163","231870","486033"
"2019-11-22 23:42","ZKClientConfig.java","260598","233808","494406"
"2019-11-04 02:01","ZKClientConfig.java","258122","231919","490041"
"2019-08-17 17:13","HostProvider.java","254163","231525","485688"
"2020-03-26 18:41","ZooKeeperMain.java","270927","133508","404435"
"2016-10-16 14:21","ZooKeeperMain.java","133388","32033","165421"
"2011-05-20 01:17","ZooKeeperMain.java","69542","22619","92161"
"2011-04-12 09:14","ZooKeeperMain.java","68676","22572","91248"
"2020-04-01 17:02","ZooKeeperMain.java","271251","133508","404759"
"2013-10-01 23:18","ZooKeeperMain.java","99256","27643","126899"
"2019-10-10 14:37","ZooKeeperMain.java","261253","132869","394122"
"2015-11-22 00:33","ZooKeeperMain.java","128424","30142","158566"
"2020-03-26 22:19","ZooKeeperMain.java","270996","133508","404504"
"2011-08-18 22:05","ZooKeeperMain.java","73118","21219","94337"
"2011-05-16 19:39","ZooKeeperMain.java","69111","22616","91727"
"2015-11-08 22:54","ZooKeeperMain.java","128096","30107","158203"
"2016-07-27 01:33","ZooKeeperMain.java","131503","31696","163199"
"2014-04-04 00:39","ZooKeeperMain.java","107498","28066","135564"
"2019-11-28 12:24","ZooKeeperMain.java","263045","133508","396553"
"2016-11-13 20:59","ZooKeeperMain.java","135608","32048","167656"
"2019-08-03 08:42","ZooKeeperMain.java","258208","132869","391077"
"2012-03-18 07:03","ZooKeeperMain.java","82480","26269","108749"
"2017-07-28 00:36","ZooKeeperMain.java","135842","33436","169278"
"2016-05-02 18:15","ZooKeeperMain.java","130196","31655","161851"
"2015-03-28 20:08","ZooKeeperMain.java","124811","29900","154711"
"2019-08-17 17:13","ZooKeeperMain.java","257500","132869","390369"
"2009-07-31 22:32","ZooKeeperMain.java","12788","3529","16317"
"2013-09-02 23:04","ZooKeeperMain.java","98379","27526","125905"
"2018-08-06 14:11","ZooKeeperMain.java","157674","45322","202996"
"2010-11-10 23:36","ZooKeeperMain.java","104699","18597","123296"
"2019-10-10 14:37","IntegrityCheck.java","257917","232675","490592"
"2019-08-17 17:13","IntegrityCheck.java","254163","232674","486837"
"2020-03-26 18:41","ZooKeeperMain.java","270927","132426","403353"
"2016-10-16 14:21","ZooKeeperMain.java","134159","31785","165944"
"2011-05-20 01:17","ZooKeeperMain.java","70739","22734","93473"
"2011-04-12 09:14","ZooKeeperMain.java","69873","22687","92560"
"2020-04-01 17:02","ZooKeeperMain.java","271251","132426","403677"
"2013-10-01 23:18","ZooKeeperMain.java","100234","27602","127836"
"2019-10-10 14:37","ZooKeeperMain.java","261253","131787","393040"
"2015-11-22 00:33","ZooKeeperMain.java","129228","29927","159155"
"2020-03-26 22:19","ZooKeeperMain.java","270996","132426","403422"
"2011-08-18 22:05","ZooKeeperMain.java","74118","21200","95318"
"2011-05-16 19:39","ZooKeeperMain.java","70308","22731","93039"
"2015-11-08 22:54","ZooKeeperMain.java","128900","29892","158792"
"2016-07-27 01:33","ZooKeeperMain.java","132283","31457","163740"
"2014-04-04 00:39","ZooKeeperMain.java","108473","28022","136495"
"2019-11-28 12:24","ZooKeeperMain.java","263045","132426","395471"
"2016-11-13 20:59","ZooKeeperMain.java","136379","31800","168179"
"2019-08-03 08:42","ZooKeeperMain.java","258208","131787","389995"
"2012-03-18 07:03","ZooKeeperMain.java","83463","26233","109696"
"2017-07-28 00:36","ZooKeeperMain.java","136608","33183","169791"
"2016-05-02 18:15","ZooKeeperMain.java","130976","31416","162392"
"2015-03-28 20:08","ZooKeeperMain.java","125656","29726","155382"
"2019-08-17 17:13","ZooKeeperMain.java","257500","131787","389287"
"2009-06-10 01:03","ZooKeeperMain.java","1763","681","2444"
"2009-07-31 22:32","ZooKeeperMain.java","14236","3895","18131"
"2013-09-02 23:04","ZooKeeperMain.java","99357","27485","126842"
"2018-08-06 14:11","ZooKeeperMain.java","158280","44909","203189"
"2010-11-10 23:36","ZooKeeperMain.java","105887","18703","124590"
"2019-10-10 14:37","LeaderSessionTracker.java","216682","191804","408486"
"2019-08-17 17:13","LeaderSessionTracker.java","212928","191803","404731"
"2019-08-17 17:13","ZKParameterized.java","255966","218914","474880"
"2019-06-03 19:40","ZKParameterized.java","241296","218913","460209"
"2019-08-17 17:13","ACLCountTest.java","256292","198547","454839"
"2016-08-24 01:36","ACLCountTest.java","40970","17092","58062"
"2019-06-03 19:40","FollowerZooKeeperServer.java","243041","72482","315523"
"2009-05-20 20:48","FollowerZooKeeperServer.java","68085","10618","78703"
"2019-08-17 17:13","FollowerZooKeeperServer.java","257710","72482","330192"
"2009-05-20 22:16","FollowerZooKeeperServer.java","68198","10663","78861"
"2009-02-02 23:26","FollowerZooKeeperServer.java","38697","9666","48363"
"2019-05-03 00:44","FollowerZooKeeperServer.java","241707","72482","314189"
"2019-06-04 10:55","FollowerZooKeeperServer.java","243194","72482","315676"
"2008-10-03 15:06","FollowerZooKeeperServer.java","1811","1546","3357"
"2009-01-15 23:57","FollowerZooKeeperServer.java","26401","8777","35178"
"2018-08-06 14:11","FollowerZooKeeperServer.java","191154","23957","215111"
"2018-12-09 03:16","FollowerZooKeeperServer.java","230340","72454","302794"
"2018-11-21 17:56","FollowerZooKeeperServer.java","225772","72454","298226"
"2011-10-20 20:02","FollowerZooKeeperServer.java","124302","16981","141283"
"2011-04-12 09:14","FollowerZooKeeperServer.java","122033","15332","137365"
"2010-08-18 08:24","FollowerZooKeeperServer.java","130287","14631","144918"
"2019-11-28 12:24","FollowerZooKeeperServer.java","263069","72935","336004"
"2019-12-27 22:33","FollowerZooKeeperServer.java","266841","72935","339776"
"2009-10-30 17:19","FollowerZooKeeperServer.java","85981","12624","98605"
"2009-12-18 03:19","FollowerZooKeeperServer.java","96383","13301","109684"
"2019-11-21 05:58","NIOServerCnxn.java","261169","178210","439379"
"2015-11-08 22:36","NIOServerCnxn.java","67414","23544","90958"
"2019-11-18 09:05","NIOServerCnxn.java","261146","178210","439356"
"2013-09-10 00:37","NIOServerCnxn.java","30849","13919","44768"
"2019-09-16 23:26","NIOServerCnxn.java","259923","177112","437035"
"2019-10-10 14:37","NIOServerCnxn.java","260657","177112","437769"
"2013-10-05 00:57","NIOServerCnxn.java","31797","14113","45910"
"2018-09-28 23:38","NIOServerCnxn.java","177550","113203","290753"
"2020-02-11 06:50","NIOServerCnxn.java","268521","178210","446731"
"2019-01-23 14:00","NIOServerCnxn.java","233564","177045","410609"
"2019-07-08 23:26","NIOServerCnxn.java","245680","177112","422792"
"2019-04-12 19:01","NIOServerCnxn.java","238712","177113","415825"
"2019-01-14 19:38","NIOServerCnxn.java","232128","177044","409172"
"2018-11-17 18:33","NIOServerCnxn.java","224910","177043","401953"
"2017-03-04 19:22","NIOServerCnxn.java","77118","28349","105467"
"2013-12-11 19:22","NIOServerCnxn.java","36125","14387","50512"
"2012-02-11 00:34","NIOServerCnxn.java","9341","8170","17511"
"2016-12-22 23:23","NIOServerCnxn.java","77368","26609","103977"
"2018-09-18 01:00","NIOServerCnxn.java","174820","113047","287867"
"2019-08-17 17:13","NIOServerCnxn.java","256904","177112","434016"
"2015-06-28 21:09","NIOServerCnxn.java","65886","23324","89210"
"2015-03-28 20:08","NIOServerCnxn.java","62962","22100","85062"
"2019-07-03 00:44","NIOServerCnxn.java","244917","177112","422029"
"2019-08-03 08:42","NIOServerCnxn.java","257612","177112","434724"
"2016-11-16 06:21","NIOServerCnxn.java","76028","25970","101998"
"2012-12-19 19:07","NIOServerCnxn.java","22233","12521","34754"
"2015-03-08 23:07","ObserverZooKeeperServer.java","105589","31923","137512"
"2011-10-27 23:25","ObserverZooKeeperServer.java","58807","25325","84132"
"2013-11-14 05:34","ObserverZooKeeperServer.java","85573","29581","115154"
"2019-10-10 14:37","ObserverZooKeeperServer.java","260940","154189","415129"
"2009-12-18 03:19","ObserverZooKeeperServer.java","2715","1863","4578"
"2016-08-13 15:01","ObserverZooKeeperServer.java","115165","34167","149332"
"2013-09-30 22:20","ObserverZooKeeperServer.java","81648","29273","110921"
"2019-06-04 10:55","ObserverZooKeeperServer.java","242671","154189","396860"
"2019-08-17 17:13","ObserverZooKeeperServer.java","257187","154189","411376"
"2019-06-03 19:40","ObserverZooKeeperServer.java","242518","154189","396707"
"2019-02-13 13:12","ObserverZooKeeperServer.java","236093","154149","390242"
"2019-12-27 22:33","ZooKeeperServer.java","2438","363","2801"
"2020-03-25 03:38","ZooKeeperServer.java","10443","4261","14704"
"2020-04-12 11:14","ZooKeeperServer.java","11889","4954","16843"
"2019-02-06 09:46","ZooKeeper.java","231720","231724","463444"
"2019-01-16 14:21","ZooKeeper.java","229990","231717","461707"
"2019-11-08 17:30","ZooKeeper.java","259826","231919","491745"
"2019-02-07 11:26","ZooKeeper.java","232349","231724","464073"
"2019-08-17 17:13","ZooKeeper.java","254163","231870","486033"
"2019-06-26 10:57","ZooKeeper.java","242012","231869","473881"
"2019-06-03 19:40","ZooKeeper.java","239493","231869","471362"
"2019-08-03 08:42","ZooKeeper.java","254871","231870","486741"
"2020-04-16 12:50","ZooKeeper.java","269738","233871","503609"
"2019-10-10 14:37","ZooKeeper.java","257917","231871","489788"
"2019-02-11 12:34","ZooKeeper.java","232713","231725","464438"
"2020-05-17 15:13","ZooKeeper.java","270141","233903","504044"
"2019-03-12 19:08","ZooKeeper.java","234167","231751","465918"
"2019-08-17 17:13","IsroCommand.java","255276","226243","481519"
"2019-11-22 23:42","ZKClientConfig.java","6031","5444","11475"
"2017-11-15 22:33","CommitProcessor.java","25688","15117","40805"
"2019-08-17 17:13","CommitProcessor.java","256089","215122","471211"
"2019-07-30 02:31","CommitProcessor.java","254010","215122","469132"
"2016-05-15 23:31","CommitProcessor.java","12587","6536","19123"
"2019-08-03 08:42","CommitProcessor.java","256797","215122","471919"
"2019-04-09 15:35","CommitProcessor.java","236857","215033","451890"
"2019-04-25 02:11","CommitProcessor.java","239792","215105","454897"
"2019-01-07 14:24","CommitProcessor.java","230808","215011","445819"
"2020-03-25 03:38","CommitProcessor.java","270322","216570","486892"
"2019-10-10 14:37","CommitProcessor.java","259842","215122","474964"
"2019-11-11 13:55","CommitProcessor.java","261826","215151","476977"
"2019-12-27 22:33","CommitProcessor.java","266214","216569","482783"
"2015-05-14 07:10","CnxManagerTest.java","98563","35598","134161"
"2020-03-12 14:47","CnxManagerTest.java","270005","169023","439028"
"2019-08-17 17:13","CnxManagerTest.java","257015","167976","424991"
"2019-06-03 19:40","CnxManagerTest.java","242346","167976","410322"
"2017-11-28 00:10","CnxManagerTest.java","115361","40775","156136"
"2019-07-12 17:01","CnxManagerTest.java","252328","167976","420304"
"2019-05-08 21:54","CnxManagerTest.java","241518","167977","409495"
"2019-08-06 12:52","CnxManagerTest.java","257988","167976","425964"
"2019-06-14 09:06","CnxManagerTest.java","245013","167976","412989"
"2013-03-07 07:01","CnxManagerTest.java","64870","27912","92782"
"2019-11-29 14:49","CnxManagerTest.java","264619","169023","433642"
"2011-04-29 18:12","CnxManagerTest.java","28347","17500","45847"
"2015-02-06 06:17","CnxManagerTest.java","95889","35429","131318"
"2010-11-17 15:59","CnxManagerTest.java","56747","6257","63004"
"2017-09-11 18:55","CnxManagerTest.java","111393","40664","152057"
"2010-10-20 00:32","CnxManagerTest.java","54892","5516","60408"
"2011-03-16 19:49","CnxManagerTest.java","58582","6597","65179"
"2011-04-12 09:14","CnxManagerTest.java","27920","17408","45328"
"2010-10-06 19:01","CnxManagerTest.java","52943","5060","58003"
"2011-09-17 02:13","CnxManagerTest.java","42411","20558","62969"
"2011-09-14 06:32","CnxManagerTest.java","41655","17831","59486"
"2020-02-16 10:25","CnxManagerTest.java","268702","169023","437725"
"2014-06-25 15:04","CnxManagerTest.java","85073","34667","119740"
"2015-11-03 08:11","CnxManagerTest.java","101303","35822","137125"
"2019-10-10 14:37","CnxManagerTest.java","260768","167976","428744"
"2014-07-23 19:36","CnxManagerTest.java","91558","35246","126804"
"2020-01-16 21:46","AvgMinMaxCounterSet.java","19301","11336","30637"
"2019-12-27 22:33","AdHash.java","18682","10004","28686"
"2019-08-17 17:13","ConsCommand.java","255967","218737","474704"
"2016-12-22 23:23","ConsCommand.java","14721","6524","21245"
"2019-10-10 14:37","StandaloneDisabledTest.java","259018","223776","482794"
"2018-05-21 20:11","StandaloneDisabledTest.java","12318","4862","17180"
"2017-03-14 17:06","StandaloneDisabledTest.java","558","79","637"
"2019-06-03 19:40","StandaloneDisabledTest.java","240595","223775","464370"
"2019-08-17 17:13","StandaloneDisabledTest.java","255265","223776","479041"
"2018-05-10 00:14","QuorumPeerMainTest.java","1941","384","2325"
"2018-10-05 14:25","QuorumPeerMainTest.java","218204","206973","425177"
"2018-07-17 10:41","QuorumPeerMainTest.java","25000","21796","46796"
"2018-07-27 12:32","QuorumPeerMainTest.java","25647","21932","47579"
"2020-01-23 13:43","QuorumPeerMainTest.java","266775","231032","497807"
"2019-10-10 14:37","QuorumPeerMainTest.java","258829","229260","488089"
"2019-12-28 16:17","QuorumPeerMainTest.java","265432","231031","496463"
"2018-04-30 06:34","QuorumPeerMainTest.java","1253","327","1580"
"2019-07-25 21:41","QuorumPeerMainTest.java","251558","229259","480817"
"2019-08-17 17:13","QuorumPeerMainTest.java","255075","229259","484334"
"2019-07-02 07:34","QuorumPeerMainTest.java","243017","229258","472275"
"2019-05-20 17:18","QuorumPeerMainTest.java","239848","229241","469089"
"2018-10-16 16:22","QuorumPeerMainTest.java","231190","206977","438167"
"2018-08-29 06:26","QuorumPeerMainTest.java","100274","95047","195321"
"2018-08-03 18:52","QuorumPeerMainTest.java","26325","22104","48429"
"2018-09-11 15:23","QuorumPeerMainTest.java","107313","100771","208084"
"2019-09-16 23:26","ZooKeeperServerMXBean.java","257867","231755","489622"
"2019-11-14 03:54","ZooKeeperServerMXBean.java","262905","231803","494708"
"2020-03-25 03:38","ZooKeeperServerMXBean.java","269571","233693","503264"
"2019-05-22 11:39","ZooKeeperServerMXBean.java","240029","231736","471765"
"2019-07-30 02:31","ZooKeeperServerMXBean.java","252768","231754","484522"
"2019-08-17 17:13","ZooKeeperServerMXBean.java","254847","231754","486601"
"2019-01-14 19:38","ZooKeeperServerMXBean.java","229990","231605","461595"
"2019-07-08 23:26","ZooKeeperServerMXBean.java","243622","231753","475375"
"2019-01-23 14:00","ZooKeeperServerMXBean.java","231427","231607","463034"
"2019-10-10 14:37","ZooKeeperSaslClient.java","260217","182136","442353"
"2016-03-02 07:46","ZooKeeperSaslClient.java","54938","15658","70596"
"2016-03-05 01:03","ZooKeeperSaslClient.java","54988","16815","71803"
"2015-12-05 22:32","ZooKeeperSaslClient.java","54272","15490","69762"
"2020-02-04 10:39","ZooKeeperSaslClient.java","268260","183448","451708"
"2012-09-28 18:32","ZooKeeperSaslClient.java","235","54","289"
"2019-01-31 15:50","ZooKeeperSaslClient.java","234038","182043","416081"
"2019-08-03 08:42","ZooKeeperSaslClient.java","257172","182136","439308"
"2014-12-20 15:29","ZooKeeperSaslClient.java","46485","13504","59989"
"2017-11-28 00:10","ZooKeeperSaslClient.java","71699","24386","96085"
"2013-09-18 12:58","ZooKeeperSaslClient.java","15654","3968","19622"
"2013-10-11 21:18","ZooKeeperSaslClient.java","19538","4444","23982"
"2016-05-02 18:15","ZooKeeperSaslClient.java","57450","18422","75872"
"2013-09-28 01:24","ZooKeeperSaslClient.java","15974","3993","19967"
"2019-08-17 17:13","ZooKeeperSaslClient.java","256464","182136","438600"
"2019-04-12 19:01","SimpleCounter.java","8337","1369","9706"
"2019-08-17 17:13","SimpleCounter.java","55038","29877","84915"
"2010-01-21 22:44","CppGenerator.java","36687","8213","44900"
"2019-07-29 17:15","CppGenerator.java","255100","129922","385022"
"2017-09-11 18:55","CppGenerator.java","137377","31524","168901"
"2016-11-24 17:18","CppGenerator.java","137276","30264","167540"
"2020-01-30 09:43","PurgeTxnLog.java","8415","2847","11262"
"2020-05-17 15:13","RemoveWatchesTest.java","271503","218881","490384"
"2019-09-18 11:20","RemoveWatchesTest.java","258986","217397","476383"
"2015-07-07 07:11","RemoveWatchesTest.java","4044","2419","6463"
"2019-10-10 14:37","RemoveWatchesTest.java","259827","217397","477224"
"2019-06-03 19:40","RemoveWatchesTest.java","241404","217396","458800"
"2016-05-02 18:15","RemoveWatchesTest.java","9500","6123","15623"
"2019-08-17 17:13","RemoveWatchesTest.java","256074","217397","473471"
"2018-02-07 01:05","StatCommand.java","8473","3275","11748"
"2018-07-12 01:33","StatCommand.java","22605","14340","36945"
"2019-08-17 17:13","StatCommand.java","255250","223892","479142"
"2015-07-07 07:11","WatchesSummaryTest.java","12639","3799","16438"
"2018-09-28 23:38","WatchesSummaryTest.java","143477","113030","256507"
"2019-08-17 17:13","WatchesSummaryTest.java","256151","210259","466410"
"2020-01-21 18:14","ZNodeNameTest.java","17894","10363","28257"
"2019-09-18 11:20","ReconfigTest.java","5204","2292","7496"
"2019-11-29 14:49","ReconfigTest.java","16330","9773","26103"
"2011-04-12 09:14","RootTest.java","10270","15865","26135"
"2015-07-07 07:11","RootTest.java","83925","35426","119351"
"2019-11-23 17:08","NettyServerCnxn.java","1810","253","2063"
"2019-11-21 05:58","NettyServerCnxn.java","40","17","57"
"2019-10-10 14:37","ClientCnxnSocket.java","73487","38431","111918"
"2019-08-17 17:13","ClientCnxnSocket.java","67761","36458","104219"
"2019-04-09 15:35","ClientCnxnSocket.java","21091","8931","30022"
"2020-03-26 18:41","ZooKeeperMain.java","270927","142767","413694"
"2016-10-16 14:21","ZooKeeperMain.java","128345","34263","162608"
"2011-05-20 01:17","ZooKeeperMain.java","60516","22852","83368"
"2011-04-12 09:14","ZooKeeperMain.java","59644","22799","82443"
"2020-04-01 17:02","ZooKeeperMain.java","271251","142767","414018"
"2013-10-01 23:18","ZooKeeperMain.java","94058","29718","123776"
"2019-10-10 14:37","ZooKeeperMain.java","261252","142127","403379"
"2015-11-22 00:33","ZooKeeperMain.java","123326","32317","155643"
"2020-03-26 22:19","ZooKeeperMain.java","270996","142767","413763"
"2011-08-18 22:05","ZooKeeperMain.java","66327","21701","88028"
"2011-05-16 19:39","ZooKeeperMain.java","60079","22843","82922"
"2015-11-08 22:54","ZooKeeperMain.java","122998","32282","155280"
"2016-07-27 01:33","ZooKeeperMain.java","126445","33911","160356"
"2014-04-04 00:39","ZooKeeperMain.java","102341","30182","132523"
"2019-11-28 12:24","ZooKeeperMain.java","263045","142767","405812"
"2016-11-13 20:59","ZooKeeperMain.java","130565","34278","164843"
"2019-08-03 08:42","ZooKeeperMain.java","258207","142127","400334"
"2012-03-18 07:03","ZooKeeperMain.java","76864","27926","104790"
"2017-07-28 00:36","ZooKeeperMain.java","130952","35819","166771"
"2016-05-02 18:15","ZooKeeperMain.java","125136","33868","159004"
"2015-03-28 20:08","ZooKeeperMain.java","119671","32033","151704"
"2019-08-17 17:13","ZooKeeperMain.java","257499","142127","399626"
"2013-09-02 23:04","ZooKeeperMain.java","93184","29604","122788"
"2018-08-06 14:11","ZooKeeperMain.java","152990","47911","200901"
"2010-11-10 23:36","ZooKeeperMain.java","95183","18340","113523"
"2015-05-14 07:10","CnxManagerTest.java","61357","22216","83573"
"2020-03-12 14:47","CnxManagerTest.java","269914","180194","450108"
"2019-08-17 17:13","CnxManagerTest.java","256761","178984","435745"
"2019-06-03 19:40","CnxManagerTest.java","242092","178984","421076"
"2017-11-28 00:10","CnxManagerTest.java","82556","31794","114350"
"2019-07-12 17:01","CnxManagerTest.java","252074","178984","431058"
"2019-05-08 21:54","CnxManagerTest.java","241264","178985","420249"
"2019-08-06 12:52","CnxManagerTest.java","257734","178984","436718"
"2019-06-14 09:06","CnxManagerTest.java","244759","178984","423743"
"2013-03-07 07:01","CnxManagerTest.java","26663","13529","40192"
"2019-11-29 14:49","CnxManagerTest.java","264528","180194","444722"
"2015-02-06 06:17","CnxManagerTest.java","58575","21939","80514"
"2017-09-11 18:55","CnxManagerTest.java","78392","31487","109879"
"2011-09-17 02:13","CnxManagerTest.java","1207","3178","4385"
"2020-02-16 10:25","CnxManagerTest.java","268611","180194","448805"
"2014-06-25 15:04","CnxManagerTest.java","47395","20813","68208"
"2015-11-03 08:11","CnxManagerTest.java","65208","23551","88759"
"2019-10-10 14:37","CnxManagerTest.java","260514","178984","439498"
"2014-07-23 19:36","CnxManagerTest.java","54082","21594","75676"
"2019-01-23 14:00","NettyServerCnxn.java","232537","219888","452425"
"2019-02-18 17:05","NettyServerCnxn.java","235087","219906","454993"
"2019-02-12 15:25","NettyServerCnxn.java","234636","219889","454525"
"2017-08-09 20:31","NettyServerCnxn.java","17313","12673","29986"
"2017-04-10 19:19","NettyServerCnxn.java","14981","9796","24777"
"2018-09-07 02:34","NettyServerCnxn.java","126435","110777","237212"
"2019-04-12 19:01","NettyServerCnxn.java","237710","219981","457691"
"2018-11-22 17:56","NettyServerCnxn.java","224505","219886","444391"
"2018-10-24 04:03","NettyServerCnxn.java","233277","199057","432334"
"2018-11-17 18:33","NettyServerCnxn.java","223882","219885","443767"
"2019-01-14 19:38","NettyServerCnxn.java","231101","219887","450988"
"2017-03-04 19:22","NettyServerCnxn.java","14619","9720","24339"
"2018-09-18 01:00","NettyServerCnxn.java","128811","110908","239719"
"2019-08-17 17:13","NettyServerCnxn.java","255921","219999","475920"
"2019-07-03 00:44","NettyServerCnxn.java","243933","219998","463931"
"2019-11-23 17:08","NettyServerCnxn.java","262171","221548","483719"
"2019-07-23 15:55","NettyServerCnxn.java","251929","219999","471928"
"2019-05-06 18:32","NettyServerCnxn.java","240257","219981","460238"
"2019-04-22 19:15","NettyServerCnxn.java","238685","219981","458666"
"2019-08-03 08:42","NettyServerCnxn.java","256629","219999","476628"
"2016-12-21 23:32","NettyServerCnxn.java","13132","6306","19438"
"2019-11-18 09:05","NettyServerCnxn.java","260614","221548","482162"
"2019-11-21 05:58","NettyServerCnxn.java","260637","221548","482185"
"2019-09-16 23:26","NettyServerCnxn.java","258940","219999","478939"
"2019-10-10 14:37","NettyServerCnxn.java","259674","219999","479673"
"2018-09-28 23:38","NettyServerCnxn.java","132067","111590","243657"
"2017-05-27 00:52","SetQuotaCommand.java","9371","6695","16066"
"2019-01-31 15:55","SetQuotaCommand.java","233428","221735","455163"
"2019-08-17 17:13","SetQuotaCommand.java","255887","221853","477740"
"2019-12-28 16:17","SetQuotaCommand.java","266051","223432","489483"
"2019-07-17 13:42","SetQuotaCommand.java","251651","221853","473504"
"2019-08-17 17:13","EphemeralTypeTest.java","254922","230611","485533"
"2019-06-03 19:40","EphemeralTypeTest.java","240252","230610","470862"
"2018-10-18 11:18","EphemeralTypeTest.java","231000","208265","439265"
"2015-10-18 19:00","QuorumPeer.java","110518","32328","142846"
"2018-12-20 15:13","QuorumPeer.java","230707","154418","385125"
"2019-05-16 16:25","QuorumPeer.java","241986","154468","396454"
"2018-10-16 16:22","QuorumPeer.java","238530","125785","364315"
"2019-06-14 09:06","QuorumPeer.java","245185","154468","399653"
"2010-03-16 23:25","QuorumPeer.java","24522","11055","35577"
"2018-12-07 12:41","QuorumPeer.java","227721","154418","382139"
"2012-04-23 01:20","QuorumPeer.java","65351","27484","92835"
"2012-07-17 23:19","QuorumPeer.java","66190","27551","93741"
"2019-03-11 19:47","QuorumPeer.java","237148","154431","391579"
"2012-02-27 03:41","QuorumPeer.java","61780","25998","87778"
"2014-07-18 02:19","QuorumPeer.java","100210","31754","131964"
"2019-02-13 13:12","QuorumPeer.java","236093","154428","390521"
"2011-04-29 18:12","QuorumPeer.java","46227","21700","67927"
"2019-04-12 19:01","QuorumPeer.java","238994","154468","393462"
"2018-12-09 03:16","QuorumPeer.java","229795","154418","384213"
"2018-09-11 15:23","QuorumPeer.java","189695","94621","284316"
"2019-11-29 14:49","QuorumPeer.java","264683","155407","420090"
"2013-03-07 07:01","QuorumPeer.java","78820","29115","107935"
"2018-12-15 07:34","QuorumPeer.java","229710","154418","384128"
"2018-11-27 10:02","QuorumPeer.java","227471","154418","381889"
"2018-09-18 01:00","QuorumPeer.java","191002","94673","285675"
"2012-02-06 09:40","QuorumPeer.java","61246","25705","86951"
"2019-06-03 19:40","QuorumPeer.java","242518","154468","396986"
"2019-07-15 14:15","QuorumPeer.java","252606","154468","407074"
"2015-03-17 18:06","QuorumPeer.java","106448","32019","138467"
"2019-07-03 00:44","QuorumPeer.java","245200","154468","399668"
"2019-08-17 17:13","QuorumPeer.java","257187","154468","411655"
"2015-06-27 02:03","QuorumPeer.java","109335","32217","141552"
"2017-11-28 00:10","QuorumPeer.java","123709","36376","160085"
"2014-01-21 04:50","QuorumPeer.java","86577","29722","116299"
"2014-06-04 22:07","QuorumPeer.java","93960","31304","125264"
"2018-01-30 08:02","QuorumPeer.java","123895","36409","160304"
"2019-05-15 11:56","QuorumPeer.java","241941","154468","396409"
"2019-06-05 00:33","QuorumPeer.java","242908","154468","397376"
"2019-05-20 23:13","QuorumPeer.java","242059","154468","396527"
"2019-06-04 10:55","QuorumPeer.java","242671","154468","397139"
"2019-07-12 17:01","QuorumPeer.java","252500","154468","406968"
"2020-01-09 11:27","QuorumPeer.java","266229","155407","421636"
"2017-02-09 11:40","QuorumPeer.java","120844","34735","155579"
"2011-06-14 07:14","QuorumPeer.java","47963","21821","69784"
"2017-07-06 18:48","QuorumPeer.java","119919","36124","156043"
"2018-10-01 06:11","QuorumPeer.java","193679","94771","288450"
"2015-04-09 20:16","QuorumPeer.java","107518","32026","139544"
"2013-10-07 21:08","QuorumPeer.java","81998","29477","111475"
"2013-09-30 22:20","QuorumPeer.java","81435","29345","110780"
"2018-07-04 17:11","QuorumPeer.java","134925","43878","178803"
"2019-12-17 13:48","QuorumPeer.java","265255","155407","420662"
"2015-12-07 05:59","QuorumPeer.java","111358","32410","143768"
"2020-01-23 13:43","QuorumPeer.java","268053","155407","423460"
"2016-06-23 23:45","QuorumPeer.java","113997","33979","147976"
"2011-05-03 19:57","QuorumPeer.java","46233","21702","67935"
"2016-06-23 23:25","QuorumPeer.java","113889","33979","147868"
"2010-03-09 05:44","QuorumPeer.java","23515","10823","34338"
"2010-03-12 19:26","QuorumPeer.java","24375","10953","35328"
"2014-03-23 04:12","QuorumPeer.java","88959","29884","118843"
"2013-09-26 00:13","QuorumPeer.java","81175","29329","110504"
"2011-06-17 01:34","QuorumPeer.java","48092","21879","69971"
"2011-06-14 14:11","QuorumPeer.java","47991","21822","69813"
"2010-03-10 02:27","QuorumPeer.java","23737","10831","34568"
"2010-03-10 19:52","QuorumPeer.java","23833","10841","34674"
"2014-07-18 20:48","QuorumPeer.java","100678","31763","132441"
"2014-07-04 04:19","QuorumPeer.java","95612","31313","126925"
"2018-12-06 10:56","QuorumPeer.java","227665","154418","382083"
"2014-06-25 15:04","QuorumPeer.java","94458","31305","125763"
"2014-03-28 01:58","QuorumPeer.java","89380","29887","119267"
"2009-12-18 03:19","QuorumPeer.java","1908","1335","3243"
"2009-12-15 23:23","QuorumPeer.java","726","427","1153"
"2013-10-21 23:36","QuorumPeer.java","84890","29627","114517"
"2019-10-10 14:37","QuorumPeer.java","260940","154468","415408"
"2013-11-07 06:41","QuorumPeer.java","85345","29651","114996"
"2017-07-27 23:09","QuorumPeer.java","118941","36132","155073"
"2014-05-18 05:49","QuorumPeer.java","93456","31289","124745"
"2011-10-25 08:09","QuorumPeer.java","58389","25352","83741"
"2014-03-25 22:13","QuorumPeer.java","89195","29884","119079"
"2011-04-12 09:14","QuorumPeer.java","45851","21659","67510"
"2011-11-01 08:15","QuorumPeer.java","58686","25460","84146"
"2011-03-16 19:49","QuorumPeer.java","83127","17462","100589"
"2018-06-26 11:18","QuorumPeer.java","127606","36577","164183"
"2018-07-27 12:32","QuorumPeer.java","145302","53055","198357"
"2019-04-18 19:17","QuorumPeer.java","239704","154468","394172"
"2011-10-27 23:25","QuorumPeer.java","58594","25397","83991"
"2011-08-30 08:37","QuorumPeer.java","56645","20722","77367"
"2011-08-30 08:29","QuorumPeer.java","56627","20716","77343"
"2010-08-18 08:24","QuorumPeer.java","49607","16460","66067"
"2013-10-09 22:21","QuorumPeer.java","84528","29628","114156"
"2016-12-20 14:47","QuorumPeer.java","119629","34655","154284"
"2011-05-20 01:17","QuorumPeer.java","46733","21722","68455"
"2010-05-05 22:32","QuorumPeer.java","28416","14964","43380"
"2017-05-11 16:59","QuorumPeer.java","118999","36071","155070"
"2014-07-03 06:01","QuorumPeer.java","95190","31313","126503"
"2014-08-14 08:08","QuorumPeer.java","101607","31831","133438"
"2014-08-01 07:38","QuorumPeer.java","101186","31831","133017"
"2014-07-20 04:50","QuorumPeer.java","100759","31782","132541"
"2016-06-02 00:59","QuorumPeer.java","113519","33978","147497"
"2020-02-16 10:25","QuorumPeer.java","268766","155407","424173"
"2020-02-16 10:25","QuorumSSLTest.java","8112","4029","12141"
"2014-02-12 17:00","LearnerHandler.java","52867","56349","109216"
"2014-03-23 04:12","LearnerHandler.java","53393","56488","109881"
"2019-10-10 14:37","LearnerHandler.java","260738","217495","478233"
"2015-06-05 20:38","LearnerHandler.java","78376","63780","142156"
"2015-06-05 20:51","LearnerHandler.java","78403","63780","142183"
"2015-06-12 23:02","LearnerHandler.java","78514","63793","142307"
"2011-04-12 09:14","LearnerHandler.java","4399","43436","47835"
"2013-09-26 14:05","LearnerHandler.java","45665","55838","101503"
"2019-07-03 20:54","LearnerHandler.java","244979","217495","462474"
"2011-09-14 08:56","LearnerHandler.java","19948","44986","64934"
"2011-08-30 08:37","LearnerHandler.java","18588","44835","63423"
"2011-09-17 02:36","LearnerHandler.java","20309","47907","68216"
"2012-04-23 01:20","LearnerHandler.java","29205","53508","82713"
"2013-06-28 23:22","LearnerHandler.java","45207","55810","101017"
"2018-09-18 01:00","LearnerHandler.java","183236","149077","332313"
"2012-02-06 09:40","LearnerHandler.java","24136","50765","74901"
"2013-05-14 14:27","LearnerHandler.java","43282","55622","98904"
"2018-08-03 18:52","LearnerHandler.java","117949","87366","205315"
"2011-01-22 20:38","LearnerHandler.java","3318","1220","4538"
"2018-12-09 03:16","LearnerHandler.java","229577","217429","447006"
"2019-04-12 19:01","LearnerHandler.java","238793","217496","456289"
"2013-03-07 07:01","LearnerHandler.java","43128","55593","98721"
"2017-11-28 00:10","LearnerHandler.java","95342","70179","165521"
"2019-06-29 00:33","LearnerHandler.java","244972","217495","462467"
"2013-05-11 15:35","LearnerHandler.java","43182","55599","98781"
"2019-07-25 21:41","LearnerHandler.java","253468","217495","470963"
"2019-08-23 19:43","LearnerHandler.java","257651","217495","475146"
"2019-08-17 17:13","LearnerHandler.java","256985","217495","474480"
"2017-06-26 00:16","LearnerHandler.java","90973","69853","160826"
"2017-08-03 20:28","LearnerHandler.java","90646","69878","160524"
"2012-07-29 07:02","LearnerHandler.java","30650","53550","84200"
"2019-05-06 17:48","LearnerHandler.java","241299","217496","458795"
"2019-08-03 08:42","LearnerHandler.java","257693","217495","475188"
"2019-04-22 19:15","LearnerHandler.java","239768","217496","457264"
"2011-06-14 07:14","LearnerHandler.java","6851","43938","50789"
"2018-10-16 16:22","QuorumPeerConfig.java","233387","198583","431970"
"2018-12-09 03:16","QuorumPeerConfig.java","228470","219405","447875"
"2019-04-12 19:01","QuorumPeerConfig.java","237714","219500","457214"
"2018-09-11 15:23","QuorumPeerConfig.java","127975","110842","238817"
"2018-12-15 07:34","QuorumPeerConfig.java","228385","219405","447790"
"2019-02-13 13:12","QuorumPeerConfig.java","234780","219427","454207"
"2019-08-17 17:13","QuorumPeerConfig.java","255925","219518","475443"
"2017-11-28 00:10","QuorumPeerConfig.java","22846","13454","36300"
"2019-06-05 00:29","QuorumPeerConfig.java","241591","219517","461108"
"2020-01-09 11:27","QuorumPeerConfig.java","265579","221069","486648"
"2019-07-12 17:01","QuorumPeerConfig.java","251238","219518","470756"
"2016-11-13 20:59","QuorumPeerConfig.java","11762","5636","17398"
"2019-05-15 11:56","QuorumPeerConfig.java","240661","219500","460161"
"2018-10-01 06:11","QuorumPeerConfig.java","132618","111651","244269"
"2017-07-28 00:36","QuorumPeerConfig.java","17702","12730","30432"
"2017-07-06 18:48","QuorumPeerConfig.java","17045","11191","28236"
"2020-01-23 13:43","QuorumPeerConfig.java","267403","221069","488472"
"2016-06-23 19:42","QuorumPeerConfig.java","5760","4066","9826"
"2015-09-29 03:56","QuorumPeerConfig.java","231","50","281"
"2019-10-10 14:37","QuorumPeerConfig.java","259678","219518","479196"
"2018-07-27 12:32","QuorumPeerConfig.java","48480","34174","82654"
"2019-04-18 19:17","QuorumPeerConfig.java","238424","219500","457924"
"2016-11-03 16:07","QuorumPeerConfig.java","9860","5403","15263"
"2020-02-16 10:25","QuorumPeerConfig.java","268116","221069","489185"
"2020-05-14 18:18","QuorumPeerConfig.java","271373","221101","492474"
"2017-05-11 16:59","QuorumPeerConfig.java","15839","10852","26691"
"2018-10-16 16:22","QuorumPeerConfig.java","233387","198764","432151"
"2018-12-09 03:16","QuorumPeerConfig.java","228470","219586","448056"
"2019-04-12 19:01","QuorumPeerConfig.java","237714","219681","457395"
"2018-09-11 15:23","QuorumPeerConfig.java","127888","110936","238824"
"2018-12-15 07:34","QuorumPeerConfig.java","228385","219586","447971"
"2019-02-13 13:12","QuorumPeerConfig.java","234780","219608","454388"
"2019-08-17 17:13","QuorumPeerConfig.java","255925","219699","475624"
"2017-11-28 00:10","QuorumPeerConfig.java","22719","13508","36227"
"2019-06-05 00:29","QuorumPeerConfig.java","241591","219698","461289"
"2020-01-09 11:27","QuorumPeerConfig.java","265579","221250","486829"
"2019-07-12 17:01","QuorumPeerConfig.java","251238","219699","470937"
"2016-11-13 20:59","QuorumPeerConfig.java","11615","5670","17285"
"2019-05-15 11:56","QuorumPeerConfig.java","240661","219681","460342"
"2018-10-01 06:11","QuorumPeerConfig.java","132531","111745","244276"
"2017-07-28 00:36","QuorumPeerConfig.java","17575","12784","30359"
"2017-07-06 18:48","QuorumPeerConfig.java","16918","11245","28163"
"2020-01-23 13:43","QuorumPeerConfig.java","267403","221250","488653"
"2016-06-23 19:42","QuorumPeerConfig.java","5604","4091","9695"
"2019-10-10 14:37","QuorumPeerConfig.java","259678","219699","479377"
"2018-07-27 12:32","QuorumPeerConfig.java","48359","34234","82593"
"2019-04-18 19:17","QuorumPeerConfig.java","238424","219681","458105"
"2016-11-03 16:07","QuorumPeerConfig.java","9713","5437","15150"
"2020-02-16 10:25","QuorumPeerConfig.java","268116","221250","489366"
"2020-05-14 18:18","QuorumPeerConfig.java","271373","221282","492655"
"2017-05-11 16:59","QuorumPeerConfig.java","15712","10906","26618"
"2019-12-27 22:33","LeaderBeanTest.java","18682","10004","28686"
"2019-05-08 21:54","SyncCallTest.java","240899","187198","428097"
"2019-08-17 17:13","SyncCallTest.java","256413","187214","443627"
"2019-09-18 11:20","SyncCallTest.java","259325","187214","446539"
"2019-10-10 14:37","SyncCallTest.java","260166","187214","447380"
"2014-02-12 17:00","LearnerHandler.java","30713","7566","38279"
"2014-03-23 04:12","LearnerHandler.java","31278","7744","39022"
"2019-10-10 14:37","LearnerHandler.java","260403","177843","438246"
"2015-06-05 20:38","LearnerHandler.java","57090","15865","72955"
"2015-06-05 20:51","LearnerHandler.java","57117","15865","72982"
"2015-06-12 23:02","LearnerHandler.java","57230","15880","73110"
"2013-09-26 14:05","LearnerHandler.java","23249","6793","30042"
"2019-07-03 20:54","LearnerHandler.java","244644","177843","422487"
"2012-04-23 01:20","LearnerHandler.java","5321","2995","8316"
"2013-06-28 23:22","LearnerHandler.java","22735","6709","29444"
"2018-09-18 01:00","LearnerHandler.java","170111","109323","279434"
"2013-05-14 14:27","LearnerHandler.java","20626","6337","26963"
"2018-08-03 18:52","LearnerHandler.java","101525","44313","145838"
"2018-12-09 03:16","LearnerHandler.java","229229","177764","406993"
"2019-04-12 19:01","LearnerHandler.java","238457","177843","416300"
"2013-03-07 07:01","LearnerHandler.java","20455","6291","26746"
"2017-11-28 00:10","LearnerHandler.java","77373","25581","102954"
"2019-06-29 00:33","LearnerHandler.java","244637","177843","422480"
"2013-05-11 15:35","LearnerHandler.java","20514","6302","26816"
"2019-07-25 21:41","LearnerHandler.java","253133","177843","430976"
"2019-08-23 19:43","LearnerHandler.java","257316","177843","435159"
"2019-08-17 17:13","LearnerHandler.java","256650","177843","434493"
"2017-06-26 00:16","LearnerHandler.java","72345","24596","96941"
"2017-08-03 20:28","LearnerHandler.java","72461","25064","97525"
"2012-07-29 07:02","LearnerHandler.java","6840","3111","9951"
"2019-05-06 17:48","LearnerHandler.java","240963","177843","418806"
"2019-08-03 08:42","LearnerHandler.java","257358","177843","435201"
"2019-04-22 19:15","LearnerHandler.java","239432","177843","417275"
"2014-02-12 17:00","LearnerHandler.java","10741","1883","12624"
"2014-03-23 04:12","LearnerHandler.java","11336","2091","13427"
"2019-10-10 14:37","LearnerHandler.java","260159","191888","452047"
"2015-06-05 20:38","LearnerHandler.java","39559","12623","52182"
"2015-06-05 20:51","LearnerHandler.java","39586","12623","52209"
"2015-06-12 23:02","LearnerHandler.java","39699","12638","52337"
"2013-09-26 14:05","LearnerHandler.java","3082","915","3997"
"2019-07-03 20:54","LearnerHandler.java","244400","191888","436288"
"2013-06-28 23:22","LearnerHandler.java","2202","465","2667"
"2018-09-18 01:00","LearnerHandler.java","158299","111800","270099"
"2018-08-03 18:52","LearnerHandler.java","86422","43499","129921"
"2018-12-09 03:16","LearnerHandler.java","228964","191788","420752"
"2019-04-12 19:01","LearnerHandler.java","238197","191872","430069"
"2017-11-28 00:10","LearnerHandler.java","61845","24342","86187"
"2019-06-29 00:33","LearnerHandler.java","244393","191888","436281"
"2019-07-25 21:41","LearnerHandler.java","252889","191888","444777"
"2019-08-23 19:43","LearnerHandler.java","257072","191888","448960"
"2019-08-17 17:13","LearnerHandler.java","256406","191888","448294"
"2017-06-26 00:16","LearnerHandler.java","56227","22767","78994"
"2017-08-03 20:28","LearnerHandler.java","56901","23793","80694"
"2019-05-06 17:48","LearnerHandler.java","240703","191872","432575"
"2019-08-03 08:42","LearnerHandler.java","257114","191888","449002"
"2019-04-22 19:15","LearnerHandler.java","239172","191872","431044"
"2012-04-23 01:20","HierarchicalQuorumTest.java","76878","28241","105119"
"2014-06-04 22:07","HierarchicalQuorumTest.java","105128","31702","136830"
"2009-11-18 20:06","HierarchicalQuorumTest.java","14189","3398","17587"
"2019-08-17 17:13","HierarchicalQuorumTest.java","257490","143701","401191"
"2019-07-12 17:01","HierarchicalQuorumTest.java","252803","143701","396504"
"2010-03-13 01:06","HierarchicalQuorumTest.java","37494","12991","50485"
"2019-10-10 14:37","HierarchicalQuorumTest.java","261243","143701","404944"
"2009-11-07 01:48","HierarchicalQuorumTest.java","5573","2400","7973"
"2009-09-16 02:09","HierarchicalQuorumTest.java","1334","546","1880"
"2018-06-26 11:18","HierarchicalQuorumTest.java","138324","36525","174849"
"2011-04-12 09:14","HierarchicalQuorumTest.java","58101","22839","80940"
"2017-05-11 16:59","HierarchicalQuorumTest.java","129830","36132","165962"
"2010-05-05 22:32","HierarchicalQuorumTest.java","41304","16782","58086"
"2010-03-31 06:26","HierarchicalQuorumTest.java","39218","14468","53686"
"2020-03-25 03:38","ZooKeeperServerBean.java","76457","38964","115421"
"2019-11-14 03:54","ZooKeeperServerBean.java","64879","32162","97041"
"2019-09-16 23:26","ZooKeeperServerBean.java","58873","31146","90019"
"2020-04-30 18:53","ZooKeeperServerBean.java","77963","39570","117533"
"2019-01-23 14:00","ZooKeeperServerBean.java","1523","88","1611"
"2019-07-08 23:26","ZooKeeperServerBean.java","19130","5646","24776"
"2019-08-17 17:13","ZooKeeperServerBean.java","54619","29911","84530"
"2019-05-22 11:39","ZooKeeperServerBean.java","11726","1818","13544"
"2019-07-30 02:31","ZooKeeperServerBean.java","30939","8310","39249"
"2015-10-18 19:00","QuorumPeer.java","109429","31812","141241"
"2018-12-20 15:13","QuorumPeer.java","230633","154917","385550"
"2019-05-16 16:25","QuorumPeer.java","241915","154970","396885"
"2018-10-16 16:22","QuorumPeer.java","238456","126284","364740"
"2019-06-14 09:06","QuorumPeer.java","245113","154969","400082"
"2010-03-16 23:25","QuorumPeer.java","22707","9813","32520"
"2018-12-07 12:41","QuorumPeer.java","227647","154917","382564"
"2012-04-23 01:20","QuorumPeer.java","64155","26861","91016"
"2012-07-17 23:19","QuorumPeer.java","65001","26935","91936"
"2019-03-11 19:47","QuorumPeer.java","237074","154930","392004"
"2012-02-27 03:41","QuorumPeer.java","60579","25370","85949"
"2014-07-18 02:19","QuorumPeer.java","99091","31208","130299"
"2019-02-13 13:12","QuorumPeer.java","236019","154927","390946"
"2011-04-29 18:12","QuorumPeer.java","44882","20928","65810"
"2019-04-12 19:01","QuorumPeer.java","238923","154970","393893"
"2018-12-09 03:16","QuorumPeer.java","229721","154917","384638"
"2018-09-11 15:23","QuorumPeer.java","188884","94383","283267"
"2019-11-29 14:49","QuorumPeer.java","264619","155916","420535"
"2013-03-07 07:01","QuorumPeer.java","77685","28553","106238"
"2018-12-15 07:34","QuorumPeer.java","229636","154917","384553"
"2018-11-27 10:02","QuorumPeer.java","227397","154917","382314"
"2018-09-18 01:00","QuorumPeer.java","190192","94436","284628"
"2012-02-06 09:40","QuorumPeer.java","60041","25073","85114"
"2019-06-03 19:40","QuorumPeer.java","242446","154969","397415"
"2019-07-15 14:15","QuorumPeer.java","252534","154969","407503"
"2015-03-17 18:06","QuorumPeer.java","105353","31497","136850"
"2019-07-03 00:44","QuorumPeer.java","245128","154969","400097"
"2019-08-17 17:13","QuorumPeer.java","257115","154969","412084"
"2015-06-27 02:03","QuorumPeer.java","108241","31696","139937"
"2017-11-28 00:10","QuorumPeer.java","122714","35954","158668"
"2014-01-21 04:50","QuorumPeer.java","85453","29171","114624"
"2014-06-04 22:07","QuorumPeer.java","92845","30762","123607"
"2018-01-30 08:02","QuorumPeer.java","122900","35987","158887"
"2019-05-15 11:56","QuorumPeer.java","241870","154970","396840"
"2019-06-05 00:33","QuorumPeer.java","242836","154969","397805"
"2019-05-20 23:13","QuorumPeer.java","241988","154970","396958"
"2019-06-04 10:55","QuorumPeer.java","242599","154969","397568"
"2019-07-12 17:01","QuorumPeer.java","252428","154969","407397"
"2020-01-09 11:27","QuorumPeer.java","266165","155916","422081"
"2017-02-09 11:40","QuorumPeer.java","119777","34241","154018"
"2011-06-14 07:14","QuorumPeer.java","46645","21076","67721"
"2017-07-06 18:48","QuorumPeer.java","118919","35697","154616"
"2018-10-01 06:11","QuorumPeer.java","192869","94534","287403"
"2015-04-09 20:16","QuorumPeer.java","106423","31504","137927"
"2013-10-07 21:08","QuorumPeer.java","80873","28925","109798"
"2013-09-30 22:20","QuorumPeer.java","80310","28793","109103"
"2018-07-04 17:11","QuorumPeer.java","133949","43475","177424"
"2019-12-17 13:48","QuorumPeer.java","265191","155916","421107"
"2015-12-07 05:59","QuorumPeer.java","110272","31897","142169"
"2020-01-23 13:43","QuorumPeer.java","267989","155916","423905"
"2016-06-23 23:45","QuorumPeer.java","112923","33478","146401"
"2011-05-03 19:57","QuorumPeer.java","44888","20930","65818"
"2016-06-23 23:25","QuorumPeer.java","112815","33478","146293"
"2010-03-09 05:44","QuorumPeer.java","21667","9548","31215"
"2010-03-12 19:26","QuorumPeer.java","22547","9698","32245"
"2014-03-23 04:12","QuorumPeer.java","87842","29340","117182"
"2013-09-26 00:13","QuorumPeer.java","80050","28777","108827"
"2011-06-17 01:34","QuorumPeer.java","46775","21135","67910"
"2011-06-14 14:11","QuorumPeer.java","46673","21077","67750"
"2010-03-10 02:27","QuorumPeer.java","21889","9556","31445"
"2010-03-10 19:52","QuorumPeer.java","21985","9566","31551"
"2014-07-18 20:48","QuorumPeer.java","99579","31237","130816"
"2014-07-04 04:19","QuorumPeer.java","94502","30776","125278"
"2018-12-06 10:56","QuorumPeer.java","227591","154917","382508"
"2014-06-25 15:04","QuorumPeer.java","93348","30768","124116"
"2014-03-28 01:58","QuorumPeer.java","88263","29343","117606"
"2013-10-21 23:36","QuorumPeer.java","83768","29078","112846"
"2019-10-10 14:37","QuorumPeer.java","260868","154969","415837"
"2013-11-07 06:41","QuorumPeer.java","84223","29102","113325"
"2017-07-27 23:09","QuorumPeer.java","117941","35705","153646"
"2014-05-18 05:49","QuorumPeer.java","92341","30747","123088"
"2011-10-25 08:09","QuorumPeer.java","57171","24707","81878"
"2014-03-25 22:13","QuorumPeer.java","88078","29340","117418"
"2011-04-12 09:14","QuorumPeer.java","44456","20837","65293"
"2011-11-01 08:15","QuorumPeer.java","57477","24824","82301"
"2011-03-16 19:49","QuorumPeer.java","81623","16531","98154"
"2018-06-26 11:18","QuorumPeer.java","126630","36174","162804"
"2018-07-27 12:32","QuorumPeer.java","144353","52679","197032"
"2019-04-18 19:17","QuorumPeer.java","239633","154970","394603"
"2011-10-27 23:25","QuorumPeer.java","57385","24761","82146"
"2011-08-30 08:37","QuorumPeer.java","55337","19987","75324"
"2011-08-30 08:29","QuorumPeer.java","55319","19981","75300"
"2010-08-18 08:24","QuorumPeer.java","48057","15483","63540"
"2013-10-09 22:21","QuorumPeer.java","83406","29079","112485"
"2016-12-20 14:47","QuorumPeer.java","118562","34161","152723"
"2011-05-20 01:17","QuorumPeer.java","45393","20955","66348"
"2010-05-05 22:32","QuorumPeer.java","26699","13820","40519"
"2017-05-11 16:59","QuorumPeer.java","117994","35639","153633"
"2014-07-03 06:01","QuorumPeer.java","94080","30776","124856"
"2014-08-14 08:08","QuorumPeer.java","100510","31307","131817"
"2014-08-01 07:38","QuorumPeer.java","100089","31307","131396"
"2014-07-20 04:50","QuorumPeer.java","99660","31256","130916"
"2016-06-02 00:59","QuorumPeer.java","112445","33477","145922"
"2020-02-16 10:25","QuorumPeer.java","268702","155916","424618"
"2019-11-23 17:08","NettyServerCnxn.java","1770","236","2006"
"2015-10-18 19:00","QuorumPeer.java","110196","32305","142501"
"2018-12-20 15:13","QuorumPeer.java","230697","154707","385404"
"2019-05-16 16:25","QuorumPeer.java","241978","154759","396737"
"2018-10-16 16:22","QuorumPeer.java","238520","126074","364594"
"2019-06-14 09:06","QuorumPeer.java","245177","154759","399936"
"2010-03-16 23:25","QuorumPeer.java","23832","10664","34496"
"2018-12-07 12:41","QuorumPeer.java","227711","154707","382418"
"2012-04-23 01:20","QuorumPeer.java","64963","27395","92358"
"2012-07-17 23:19","QuorumPeer.java","65802","27462","93264"
"2019-03-11 19:47","QuorumPeer.java","237138","154720","391858"
"2012-02-27 03:41","QuorumPeer.java","61388","25905","87293"
"2014-07-18 02:19","QuorumPeer.java","99862","31705","131567"
"2019-02-13 13:12","QuorumPeer.java","236083","154717","390800"
"2011-04-29 18:12","QuorumPeer.java","45799","21571","67370"
"2019-04-12 19:01","QuorumPeer.java","238986","154759","393745"
"2018-12-09 03:16","QuorumPeer.java","229785","154707","384492"
"2018-09-11 15:23","QuorumPeer.java","189456","94681","284137"
"2019-11-29 14:49","QuorumPeer.java","264683","155706","420389"
"2013-03-07 07:01","QuorumPeer.java","78471","29065","107536"
"2018-12-15 07:34","QuorumPeer.java","229700","154707","384407"
"2018-11-27 10:02","QuorumPeer.java","227461","154707","382168"
"2018-09-18 01:00","QuorumPeer.java","190763","94733","285496"
"2012-02-06 09:40","QuorumPeer.java","60850","25608","86458"
"2019-06-03 19:40","QuorumPeer.java","242510","154759","397269"
"2019-07-15 14:15","QuorumPeer.java","252598","154759","407357"
"2015-03-17 18:06","QuorumPeer.java","106125","31995","138120"
"2019-07-03 00:44","QuorumPeer.java","245192","154759","399951"
"2019-08-17 17:13","QuorumPeer.java","257179","154759","411938"
"2015-06-27 02:03","QuorumPeer.java","109013","32194","141207"
"2017-11-28 00:10","QuorumPeer.java","123429","36395","159824"
"2014-01-21 04:50","QuorumPeer.java","86236","29680","115916"
"2014-06-04 22:07","QuorumPeer.java","93619","31262","124881"
"2018-01-30 08:02","QuorumPeer.java","123615","36428","160043"
"2019-05-15 11:56","QuorumPeer.java","241933","154759","396692"
"2019-06-05 00:33","QuorumPeer.java","242900","154759","397659"
"2019-05-20 23:13","QuorumPeer.java","242051","154759","396810"
"2019-06-04 10:55","QuorumPeer.java","242663","154759","397422"
"2019-07-12 17:01","QuorumPeer.java","252492","154759","407251"
"2020-01-09 11:27","QuorumPeer.java","266229","155706","421935"
"2017-02-09 11:40","QuorumPeer.java","120524","34714","155238"
"2011-06-14 07:14","QuorumPeer.java","47550","21707","69257"
"2017-07-06 18:48","QuorumPeer.java","119637","36141","155778"
"2018-10-01 06:11","QuorumPeer.java","193440","94831","288271"
"2015-04-09 20:16","QuorumPeer.java","107195","32002","139197"
"2013-10-07 21:08","QuorumPeer.java","81660","29438","111098"
"2013-09-30 22:20","QuorumPeer.java","81097","29306","110403"
"2018-07-04 17:11","QuorumPeer.java","134647","43899","178546"
"2019-12-17 13:48","QuorumPeer.java","265255","155706","420961"
"2015-12-07 05:59","QuorumPeer.java","111038","32389","143427"
"2020-01-23 13:43","QuorumPeer.java","268053","155706","423759"
"2016-06-23 23:45","QuorumPeer.java","113677","33958","147635"
"2011-05-03 19:57","QuorumPeer.java","45805","21573","67378"
"2016-06-23 23:25","QuorumPeer.java","113569","33958","147527"
"2010-03-09 05:44","QuorumPeer.java","22822","10429","33251"
"2010-03-12 19:26","QuorumPeer.java","23683","10560","34243"
"2014-03-23 04:12","QuorumPeer.java","88618","29842","118460"
"2013-09-26 00:13","QuorumPeer.java","80837","29290","110127"
"2011-06-17 01:34","QuorumPeer.java","47680","21766","69446"
"2011-06-14 14:11","QuorumPeer.java","47578","21708","69286"
"2010-03-10 02:27","QuorumPeer.java","23044","10437","33481"
"2010-03-10 19:52","QuorumPeer.java","23140","10447","33587"
"2014-07-18 20:48","QuorumPeer.java","100350","31734","132084"
"2014-07-04 04:19","QuorumPeer.java","95271","31271","126542"
"2018-12-06 10:56","QuorumPeer.java","227655","154707","382362"
"2014-06-25 15:04","QuorumPeer.java","94117","31263","125380"
"2014-03-28 01:58","QuorumPeer.java","89039","29845","118884"
"2009-12-18 03:19","QuorumPeer.java","1188","914","2102"
"2013-10-21 23:36","QuorumPeer.java","84551","29587","114138"
"2019-10-10 14:37","QuorumPeer.java","260932","154759","415691"
"2013-11-07 06:41","QuorumPeer.java","85006","29611","114617"
"2017-07-27 23:09","QuorumPeer.java","118659","36149","154808"
"2014-05-18 05:49","QuorumPeer.java","93115","31247","124362"
"2011-10-25 08:09","QuorumPeer.java","57988","25250","83238"
"2014-03-25 22:13","QuorumPeer.java","88854","29842","118696"
"2011-04-12 09:14","QuorumPeer.java","45373","21480","66853"
"2011-11-01 08:15","QuorumPeer.java","58288","25361","83649"
"2011-03-16 19:49","QuorumPeer.java","82649","17283","99932"
"2018-06-26 11:18","QuorumPeer.java","127328","36598","163926"
"2018-07-27 12:32","QuorumPeer.java","145051","53103","198154"
"2019-04-18 19:17","QuorumPeer.java","239696","154759","394455"
"2011-10-27 23:25","QuorumPeer.java","58196","25298","83494"
"2011-08-30 08:37","QuorumPeer.java","56233","20609","76842"
"2011-08-30 08:29","QuorumPeer.java","56215","20603","76818"
"2010-08-18 08:24","QuorumPeer.java","49102","16254","65356"
"2013-10-09 22:21","QuorumPeer.java","84189","29588","113777"
"2016-12-20 14:47","QuorumPeer.java","119309","34634","153943"
"2011-05-20 01:17","QuorumPeer.java","46310","21598","67908"
"2010-05-05 22:32","QuorumPeer.java","27756","14603","42359"
"2017-05-11 16:59","QuorumPeer.java","118714","36085","154799"
"2014-07-03 06:01","QuorumPeer.java","94849","31271","126120"
"2014-08-14 08:08","QuorumPeer.java","101281","31804","133085"
"2014-08-01 07:38","QuorumPeer.java","100860","31804","132664"
"2014-07-20 04:50","QuorumPeer.java","100431","31753","132184"
"2016-06-02 00:59","QuorumPeer.java","113199","33957","147156"
"2020-02-16 10:25","QuorumPeer.java","268766","155706","424472"
"2019-07-29 17:15","Utils.java","255302","90187","345489"
"2014-09-18 17:47","Utils.java","149404","17012","166416"
"2019-07-02 07:34","Follower.java","243829","222251","466080"
"2018-12-09 03:16","Follower.java","228425","222132","450557"
"2019-04-12 19:01","Follower.java","237675","222233","459908"
"2018-09-18 01:00","Follower.java","123494","107878","231372"
"2019-08-17 17:13","Follower.java","255887","222252","478139"
"2019-06-29 00:33","Follower.java","243873","222251","466124"
"2019-08-06 17:11","Follower.java","256988","222252","479240"
"2019-07-15 14:15","Follower.java","251306","222252","473558"
"2019-08-23 19:43","Follower.java","256553","222252","478805"
"2017-11-28 00:10","Follower.java","15716","9096","24812"
"2019-06-05 00:33","Follower.java","241607","222251","463858"
"2019-05-03 00:44","Follower.java","239865","222233","462098"
"2019-12-27 22:33","Follower.java","266144","223831","489975"
"2019-10-10 14:37","Follower.java","259640","222252","481892"
"2016-12-20 14:47","Follower.java","6043","1782","7825"
"2016-08-10 19:32","CliException.java","13","3","16"
"2019-08-17 17:13","CliException.java","255887","221798","477685"
"2019-07-31 19:06","Commands.java","173506","153978","327484"
"2019-11-29 14:49","Commands.java","183968","157190","341158"
"2018-11-17 18:37","Commands.java","133730","145434","279164"
"2018-09-18 01:00","Commands.java","2359","157","2516"
"2019-08-17 17:13","Commands.java","174233","154012","328245"
"2019-06-29 00:33","Commands.java","161549","153341","314890"
"2019-06-03 19:40","Commands.java","157660","152108","309768"
"2019-07-15 14:15","Commands.java","168982","153342","322324"
"2019-07-25 23:43","Commands.java","170101","153344","323445"
"2019-06-05 12:14","Commands.java","158187","152108","310295"
"2019-08-06 01:43","Commands.java","175094","153991","329085"
"2019-05-27 10:54","Commands.java","157629","152088","309717"
"2019-06-04 10:55","Commands.java","157813","152108","309921"
"2019-05-15 11:56","Commands.java","157060","152085","309145"
"2019-12-03 10:01","Commands.java","184014","157190","341204"
"2019-11-20 07:00","Commands.java","180371","156994","337365"
"2011-04-12 09:14","GenerateLoad.java","95404","17734","113138"
"2019-08-17 17:13","GenerateLoad.java","257687","101490","359177"
"2014-11-29 16:53","GenerateLoad.java","147001","23917","170918"
"2009-02-20 01:23","GenerateLoad.java","3037","818","3855"
"2014-08-14 09:32","GenerateLoad.java","144338","23875","168213"
"2018-08-06 14:11","GenerateLoad.java","177305","33777","211082"
"2015-02-06 06:17","GenerateLoad.java","147849","23973","171822"
"2020-04-12 11:14","ZooKeeperServer.java","1454","701","2155"
"2019-10-10 14:37","LoadFromLogNoServerTest.java","31893","27447","59340"
"2019-09-10 15:21","LoadFromLogNoServerTest.java","28074","26338","54412"
"2019-08-17 17:13","LoadFromLogNoServerTest.java","25455","24762","50217"
"2019-09-18 11:20","CustomHostProviderTest.java","259001","215460","474461"
"2019-08-17 17:13","CustomHostProviderTest.java","256089","215460","471549"
"2019-08-17 17:13","DummyAdminServer.java","256151","210259","466410"
"2018-09-15 00:08","ZooKeeperServer.java","187103","103941","291044"
"2019-04-12 19:01","ZooKeeperServer.java","238823","167719","406542"
"2019-07-31 19:06","ZooKeeperServer.java","256322","167718","424040"
"2019-09-11 10:27","ZooKeeperServer.java","258371","167718","426089"
"2019-01-14 19:38","ZooKeeperServer.java","232249","167660","399909"
"2019-01-07 15:34","ZooKeeperServer.java","231850","167660","399510"
"2018-11-21 17:56","ZooKeeperServer.java","225047","167660","392707"
"2012-01-31 07:45","ZooKeeperServer.java","47636","25008","72644"
"2017-04-28 07:14","ZooKeeperServer.java","112210","40966","153176"
"2011-08-19 00:05","ZooKeeperServer.java","41229","19187","60416"
"2017-02-12 00:12","ZooKeeperServer.java","111280","40935","152215"
"2014-07-18 02:19","ZooKeeperServer.java","92543","36601","129144"
"2013-12-11 19:22","ZooKeeperServer.java","73745","29965","103710"
"2019-02-13 13:12","ZooKeeperServer.java","235916","167673","403589"
"2012-02-11 00:34","ZooKeeperServer.java","48532","25319","73851"
"2016-11-24 17:18","ZooKeeperServer.java","111866","39745","151611"
"2018-07-19 05:59","ZooKeeperServer.java","138146","58917","197063"
"2018-09-18 01:00","ZooKeeperServer.java","187806","103991","291797"
"2019-03-04 08:07","ZooKeeperServer.java","236496","167676","404172"
"2019-07-08 23:26","ZooKeeperServer.java","245791","167718","413509"
"2019-01-23 14:00","ZooKeeperServer.java","233685","167661","401346"
"2019-02-13 13:19","ZooKeeperServer.java","236202","167673","403875"
"2019-05-14 17:11","ZooKeeperServer.java","241683","167719","409402"
"2013-01-25 02:17","ZooKeeperServer.java","61769","28977","90746"
"2015-07-10 08:19","ZooKeeperServer.java","102091","37162","139253"
"2019-06-04 10:55","ZooKeeperServer.java","242499","167718","410217"
"2011-06-14 07:14","ZooKeeperServer.java","32651","19931","52582"
"2019-04-09 15:35","ZooKeeperServer.java","237831","167677","405508"
"2019-08-03 08:42","ZooKeeperServer.java","257723","167718","425441"
"2019-05-15 11:56","ZooKeeperServer.java","241770","167719","409489"
"2019-05-22 11:39","ZooKeeperServer.java","242216","167719","409935"
"2019-04-22 19:15","ZooKeeperServer.java","239798","167719","407517"
"2018-02-23 23:49","ZooKeeperServer.java","118150","42132","160282"
"2016-11-16 06:21","ZooKeeperServer.java","111451","39351","150802"
"2012-12-19 19:07","ZooKeeperServer.java","60665","28911","89576"
"2017-08-18 06:32","ZooKeeperServer.java","112614","41830","154444"
"2017-06-26 00:16","ZooKeeperServer.java","112520","41744","154264"
"2019-09-10 04:26","ZooKeeperServer.java","258060","167718","425778"
"2019-08-17 17:13","ZooKeeperServer.java","257015","167718","424733"
"2019-09-05 23:12","ZooKeeperServer.java","257934","167718","425652"
"2019-09-10 15:21","ZooKeeperServer.java","258058","167718","425776"
"2019-08-01 07:31","ZooKeeperServer.java","257686","167718","425404"
"2019-08-01 07:28","ZooKeeperServer.java","257196","167718","424914"
"2019-06-03 19:40","ZooKeeperServer.java","242346","167718","410064"
"2015-03-17 18:06","ZooKeeperServer.java","98810","36895","135705"
"2019-11-23 17:08","ZooKeeperServer.java","262763","168765","431528"
"2019-10-09 16:49","ZooKeeperServer.java","260601","167718","428319"
"2019-07-03 00:44","ZooKeeperServer.java","245028","167718","412746"
"2018-01-19 01:12","ZooKeeperServer.java","117044","42068","159112"
"2019-07-24 18:00","ZooKeeperServer.java","253470","167718","421188"
"2013-05-16 18:49","ZooKeeperServer.java","66752","29410","96162"
"2018-08-08 06:21","ZooKeeperServer.java","164944","84235","249179"
"2018-05-09 23:57","ZooKeeperServer.java","119752","42229","161981"
"2019-12-27 22:33","ZooKeeperServer.java","266740","168765","435505"
"2016-08-13 15:01","ZooKeeperServer.java","107333","39134","146467"
"2018-09-11 00:17","ZooKeeperServer.java","185550","103937","289487"
"2019-11-18 09:05","ZooKeeperServer.java","261206","168765","429971"
"2019-10-10 14:37","ZooKeeperServer.java","260768","167718","428486"
"2019-09-16 23:26","ZooKeeperServer.java","260034","167718","427752"
"2013-10-08 01:35","ZooKeeperServer.java","69911","29765","99676"
"2017-06-23 18:39","ZooKeeperServer.java","112495","41699","154194"
"2011-12-28 07:07","ZooKeeperServer.java","47276","24987","72263"
"2019-12-03 10:01","ZooKeeperServer.java","264665","168765","433430"
"2020-03-25 03:38","ZooKeeperServer.java","270847","168765","439612"
"2019-11-28 12:24","ZooKeeperServer.java","262968","168765","431733"
"2019-11-06 15:21","ZooKeeperServer.java","260984","167718","428702"
"2011-05-20 01:17","ZooKeeperServer.java","31399","19810","51209"
"2010-07-29 23:10","ZooKeeperServer.java","20829","6294","27123"
"2011-09-17 02:36","ZooKeeperServer.java","44301","22243","66544"
"2020-04-12 11:14","ZooKeeperServer.java","271600","168765","440365"
"2011-09-14 08:56","ZooKeeperServer.java","44026","19408","63434"
"2011-08-21 02:53","ZooKeeperServer.java","41258","19188","60446"
"2010-08-18 08:24","ZooKeeperServer.java","27494","7769","35263"
"2013-10-09 22:21","ZooKeeperServer.java","72308","29922","102230"
"2015-03-08 23:07","ZooKeeperServer.java","97729","36862","134591"
"2018-06-08 16:52","ZooKeeperServer.java","120505","42233","162738"
"2018-06-15 07:41","ZooKeeperServer.java","120525","42250","162775"
"2018-07-28 04:37","ZooKeeperServer.java","138763","58958","197721"
"2019-04-18 19:17","ZooKeeperServer.java","239533","167719","407252"
"2012-03-15 17:47","ZooKeeperServer.java","49607","25360","74967"
"2014-03-25 22:13","ZooKeeperServer.java","76997","30200","107197"
"2011-04-12 09:14","ZooKeeperServer.java","30457","19687","50144"
"2019-08-17 17:13","ZooKeeperQuotaTest.java","257499","142128","399627"
"2019-06-07 14:13","ZooKeeperQuotaTest.java","243603","142128","385731"
"2011-06-25 08:13","ZooKeeperQuotaTest.java","62189","23213","85402"
"2019-07-17 13:42","ZooKeeperQuotaTest.java","253263","142128","395391"
"2010-03-31 06:26","ZooKeeperQuotaTest.java","40896","14564","55460"
"2020-03-20 11:00","FileChangeWatcher.java","46696","35396","82092"
"2019-10-10 14:37","FileChangeWatcher.java","30687","27642","58329"
"2019-08-17 17:13","FileChangeWatcher.java","24190","24898","49088"
"2019-04-09 15:35","ClientCnxnSocketNetty.java","236039","226268","462307"
"2018-01-30 21:56","ClientCnxnSocketNetty.java","9989","7929","17918"
"2019-06-03 19:40","ClientCnxnSocketNetty.java","240606","226361","466967"
"2019-08-17 17:13","ClientCnxnSocketNetty.java","255276","226362","481638"
"2018-11-22 17:56","ClientCnxnSocketNetty.java","223853","226242","450095"
"2018-12-15 07:34","ClientCnxnSocketNetty.java","227729","226242","453971"
"2019-02-12 15:25","ClientCnxnSocketNetty.java","233984","226245","460229"
"2019-10-10 14:37","ClientCnxnSocketNetty.java","259029","226362","485391"
"2019-08-17 17:13","Leader.java","256985","187413","444398"
"2019-06-29 00:33","Leader.java","244972","187413","432385"
"2019-06-03 19:40","Leader.java","242316","187413","429729"
"2014-05-20 23:42","Leader.java","63256","33221","96477"
"2019-07-15 14:15","Leader.java","252404","187413","439817"
"2015-03-17 18:06","Leader.java","76494","34222","110716"
"2019-07-25 21:41","Leader.java","253468","187413","440881"
"2018-05-10 06:00","Leader.java","99207","41042","140249"
"2018-07-12 01:33","Leader.java","107790","48692","156482"
"2018-02-07 01:05","Leader.java","96910","40879","137789"
"2017-11-28 00:10","Leader.java","95905","40729","136634"
"2019-06-05 00:33","Leader.java","242706","187413","430119"
"2015-04-10 22:22","Leader.java","77576","34236","111812"
"2011-06-14 07:14","Leader.java","8151","15156","23307"
"2019-08-03 08:42","Leader.java","257693","187413","445106"
"2019-06-05 23:57","Leader.java","242975","187413","430388"
"2012-12-08 00:38","Leader.java","35912","24997","60909"
"2013-10-07 21:08","Leader.java","47045","26681","73726"
"2012-12-31 02:38","Leader.java","38869","25833","64702"
"2017-01-13 19:29","Leader.java","91807","38148","129955"
"2012-07-05 18:01","Leader.java","30240","24251","54491"
"2019-01-07 14:55","Leader.java","231810","187347","419157"
"2019-04-12 19:01","Leader.java","238793","187414","426207"
"2018-12-09 03:16","Leader.java","229577","187347","416924"
"2018-08-17 14:40","Leader.java","160354","98960","259314"
"2019-11-29 14:49","Leader.java","264615","188486","453101"
"2013-03-07 07:01","Leader.java","43840","26292","70132"
"2018-11-27 10:02","Leader.java","227253","187347","414600"
"2015-02-06 06:17","Leader.java","75142","34092","109234"
"2012-02-27 03:41","Leader.java","25470","21845","47315"
"2017-02-15 23:04","Leader.java","90268","39565","129833"
"2014-07-18 02:19","Leader.java","70119","33820","103939"
"2012-01-04 01:15","Leader.java","24199","21452","45651"
"2011-12-28 01:26","Leader.java","24006","21412","45418"
"2018-08-29 06:26","Leader.java","176072","114470","290542"
"2018-08-03 18:52","Leader.java","118482","57886","176368"
"2011-04-29 18:12","Leader.java","6153","14773","20926"
"2013-05-14 14:27","Leader.java","43994","26321","70315"
"2012-02-06 09:40","Leader.java","24893","21509","46402"
"2017-09-11 18:55","Leader.java","91941","40622","132563"
"2018-09-18 01:00","Leader.java","183707","119535","303242"
"2011-10-20 20:02","Leader.java","21179","20353","41532"
"2012-01-14 00:28","Leader.java","24302","21457","45759"
"2012-01-06 02:32","Leader.java","24201","21453","45654"
"2012-03-15 17:47","Leader.java","26462","21858","48320"
"2011-04-12 09:14","Leader.java","5707","14662","20369"
"2011-09-22 07:42","Leader.java","21299","18681","39980"
"2016-12-20 14:47","Leader.java","90940","38123","129063"
"2014-07-20 04:50","Leader.java","70695","33875","104570"
"2014-06-10 00:19","Leader.java","64198","33229","97427"
"2016-06-23 23:25","Leader.java","84853","37100","121953"
"2016-06-23 23:45","Leader.java","84960","37099","122059"
"2020-03-25 03:38","Leader.java","270843","188486","459329"
"2014-03-23 04:12","Leader.java","54093","27175","81268"
"2019-12-27 22:33","Leader.java","266736","188486","455222"
"2016-08-13 15:01","Leader.java","85920","37364","123284"
"2013-10-21 23:36","Leader.java","49966","26860","76826"
"2019-10-10 14:37","Leader.java","260738","187413","448151"
"2013-11-07 06:41","Leader.java","50421","26884","77305"
"2020-05-17 15:13","ClientCnxn.java","8483","6273","14756"
"2020-04-16 12:50","ClientCnxn.java","4338","2499","6837"
"2019-08-09 16:15","PathTrie.java","257825","193442","451267"
"2019-08-17 17:13","PathTrie.java","256369","193442","449811"
"2011-11-05 21:57","Learner.java","15706","6940","22646"
"2020-03-19 17:09","Learner.java","269993","181427","451420"
"2013-10-09 22:21","Learner.java","43371","13554","56925"
"2011-09-14 08:56","Learner.java","13624","1575","15199"
"2020-02-03 04:30","Learner.java","268488","181427","449915"
"2020-01-23 13:43","Learner.java","267931","181427","449358"
"2017-07-04 07:39","Learner.java","86256","27816","114072"
"2020-03-25 03:38","Learner.java","270789","181427","452216"
"2011-06-17 01:34","Learner.java","163","92","255"
"2015-03-15 08:54","Learner.java","69470","21060","90530"
"2019-11-28 12:24","Learner.java","262910","181427","444337"
"2019-12-27 22:33","Learner.java","266682","181427","448109"
"2020-01-25 18:48","Learner.java","268121","181427","449548"
"2020-05-03 19:43","Learner.java","271725","181427","453152"
"2016-08-13 15:01","Learner.java","80118","24488","104606"
"2013-10-21 23:36","Learner.java","43743","13563","57306"
"2019-10-10 14:37","Learner.java","260659","180329","440988"
"2015-01-25 01:22","Learner.java","68853","20934","89787"
"2019-06-03 19:40","Learner.java","242237","180329","422566"
"2015-03-17 18:06","Learner.java","70497","21151","91648"
"2019-07-15 14:15","Learner.java","252325","180329","432654"
"2019-08-23 19:43","Learner.java","257572","180329","437901"
"2016-09-08 22:59","Learner.java","80553","24675","105228"
"2019-08-17 17:13","Learner.java","256906","180329","437235"
"2017-11-28 00:10","Learner.java","90410","28160","118570"
"2014-03-12 23:57","Learner.java","47580","13876","61456"
"2018-05-09 00:54","Learner.java","92949","28571","121520"
"2019-04-09 15:35","Learner.java","237712","180278","417990"
"2019-07-12 17:01","Learner.java","252219","180329","432548"
"2017-07-06 18:48","Learner.java","86535","27823","114358"
"2013-10-07 21:08","Learner.java","40803","13365","54168"
"2017-08-18 06:32","Learner.java","86129","27914","114043"
"2019-07-02 07:34","Learner.java","244849","180329","425178"
"2018-10-16 16:22","Learner.java","236735","149073","385808"
"2012-01-31 07:45","Learner.java","17890","7831","25721"
"2014-07-18 02:19","Learner.java","64029","20656","84685"
"2017-02-12 00:12","Learner.java","84705","26929","111634"
"2018-12-09 03:16","Learner.java","229498","180263","409761"
"2013-03-07 07:01","Learner.java","37540","12918","50458"
"2019-11-29 14:49","Learner.java","264561","181427","445988"
"2018-11-27 10:02","Learner.java","227174","180263","407437"
"2018-08-06 14:11","Learner.java","113318","45542","158860"
"2011-07-01 00:53","PrepRequestProcessor.java","46860","21637","68497"
"2015-02-06 06:17","PrepRequestProcessor.java","100920","31327","132247"
"2012-02-06 10:39","PrepRequestProcessor.java","57069","25135","82204"
"2013-03-07 07:01","PrepRequestProcessor.java","74442","28351","102793"
"2019-02-07 11:26","PrepRequestProcessor.java","235309","157872","393181"
"2019-09-11 10:27","PrepRequestProcessor.java","258389","157928","416317"
"2018-07-19 05:59","PrepRequestProcessor.java","140823","52694","193517"
"2017-09-11 18:55","PrepRequestProcessor.java","115758","35896","151654"
"2019-01-16 14:21","PrepRequestProcessor.java","232956","157871","390827"
"2017-06-01 05:45","PrepRequestProcessor.java","115080","35682","150762"
"2012-04-14 02:32","PrepRequestProcessor.java","59924","26426","86350"
"2019-11-08 17:30","PrepRequestProcessor.java","262647","157928","420575"
"2016-11-13 20:59","PrepRequestProcessor.java","114260","33807","148067"
"2019-04-09 15:35","PrepRequestProcessor.java","237849","157887","395736"
"2019-04-17 14:16","PrepRequestProcessor.java","239106","157929","397035"
"2014-10-28 05:35","PrepRequestProcessor.java","98906","31252","130158"
"2019-05-10 12:22","PrepRequestProcessor.java","241541","157929","399470"
"2017-06-26 00:16","PrepRequestProcessor.java","115404","35728","151132"
"2019-02-07 11:22","PrepRequestProcessor.java","234971","157872","392843"
"2016-11-16 06:21","PrepRequestProcessor.java","114821","33821","148642"
"2019-08-01 07:31","PrepRequestProcessor.java","257704","157928","415632"
"2019-06-26 10:57","PrepRequestProcessor.java","244883","157928","402811"
"2014-01-24 07:18","PrepRequestProcessor.java","83805","28981","112786"
"2015-05-29 19:45","PrepRequestProcessor.java","103886","31502","135388"
"2016-10-07 21:51","PrepRequestProcessor.java","111993","33793","145786"
"2015-06-04 19:51","PrepRequestProcessor.java","104711","31562","136273"
"2019-08-17 17:13","PrepRequestProcessor.java","257033","157928","414961"
"2018-08-08 06:21","PrepRequestProcessor.java","167263","77654","244917"
"2018-05-09 23:57","PrepRequestProcessor.java","122618","36195","158813"
"2015-06-11 20:09","PrepRequestProcessor.java","104848","31573","136421"
"2019-12-27 22:33","PrepRequestProcessor.java","266740","158957","425697"
"2014-04-01 01:47","PrepRequestProcessor.java","85357","29270","114627"
"2019-10-10 14:37","PrepRequestProcessor.java","260786","157928","418714"
"2020-03-25 03:38","PrepRequestProcessor.java","270847","158957","429804"
"2011-08-15 02:35","PrepRequestProcessor.java","48424","19693","68117"
"2014-07-25 01:31","PrepRequestProcessor.java","96772","31194","127966"
"2013-10-09 22:21","PrepRequestProcessor.java","80164","28878","109042"
"2010-08-18 08:24","PrepRequestProcessor.java","44718","15185","59903"
"2011-09-17 02:36","PrepRequestProcessor.java","53649","22691","76340"
"2014-04-29 02:23","PrepRequestProcessor.java","88578","30489","119067"
"2015-03-08 23:07","PrepRequestProcessor.java","101125","31358","132483"
"2014-07-22 06:51","PrepRequestProcessor.java","96535","31146","127681"
"2012-03-15 17:47","PrepRequestProcessor.java","58325","25178","83503"
"2011-04-12 09:14","PrepRequestProcessor.java","41188","20610","61798"
"2011-11-01 15:41","PrepRequestProcessor.java","54366","24616","78982"
"2011-10-28 00:58","PrepRequestProcessor.java","54141","24553","78694"
"2011-10-20 20:02","PrepRequestProcessor.java","53726","24357","78083"
"2011-10-17 16:59","PrepRequestProcessor.java","53537","22760","76297"
"2018-06-15 07:41","PrepRequestProcessor.java","123391","36216","159607"
"2012-12-19 19:16","PrepRequestProcessor.java","69483","27948","97431"
"2011-11-14 20:18","PrepRequestProcessor.java","54988","24603","79591"
"2019-08-17 17:13","JLineZNodeCompleter.java","256271","201513","457784"
"2019-08-17 17:13","Leader.java","255276","225902","481178"
"2019-06-29 00:33","Leader.java","243262","225901","469163"
"2019-06-03 19:40","Leader.java","240606","225901","466507"
"2019-07-15 14:15","Leader.java","250695","225902","476597"
"2019-07-25 21:41","Leader.java","251759","225902","477661"
"2018-05-10 06:00","Leader.java","13801","8453","22254"
"2018-07-12 01:33","Leader.java","25140","18859","43999"
"2018-02-07 01:05","Leader.java","11211","7997","19208"
"2017-11-28 00:10","Leader.java","9819","7460","17279"
"2019-06-05 00:33","Leader.java","240996","225901","466897"
"2019-08-03 08:42","Leader.java","255984","225902","481886"
"2019-06-05 23:57","Leader.java","241265","225901","467166"
"2017-01-13 19:29","Leader.java","954","112","1066"
"2019-01-07 14:55","Leader.java","230048","225783","455831"
"2019-04-12 19:01","Leader.java","237064","225883","462947"
"2018-12-09 03:16","Leader.java","227814","225782","453596"
"2018-08-17 14:40","Leader.java","85688","77111","162799"
"2019-11-29 14:49","Leader.java","263437","227506","490943"
"2018-11-27 10:02","Leader.java","225490","225782","451272"
"2017-02-15 23:04","Leader.java","1629","3743","5372"
"2018-08-29 06:26","Leader.java","110533","101748","212281"
"2018-08-03 18:52","Leader.java","37238","29459","66697"
"2017-09-11 18:55","Leader.java","5431","6929","12360"
"2018-09-18 01:00","Leader.java","118920","107565","226485"
"2020-03-25 03:38","Leader.java","269667","227508","497175"
"2019-12-27 22:33","Leader.java","265559","227507","493066"
"2019-10-10 14:37","Leader.java","259029","225902","484931"
"2011-04-29 18:12","QuorumCnxManager.java","42177","20965","63142"
"2011-12-28 01:26","QuorumCnxManager.java","56480","25044","81524"
"2019-11-29 14:49","QuorumCnxManager.java","264619","158658","423277"
"2013-03-07 07:01","QuorumCnxManager.java","74983","28593","103576"
"2018-07-11 06:04","QuorumCnxManager.java","131453","43682","175135"
"2018-08-06 14:11","QuorumCnxManager.java","142409","52865","195274"
"2010-11-17 15:59","QuorumCnxManager.java","77113","16258","93371"
"2012-06-29 22:08","QuorumCnxManager.java","61562","26967","88529"
"2018-10-16 16:22","QuorumCnxManager.java","238409","128979","367388"
"2019-06-14 09:06","QuorumCnxManager.java","245068","157666","402734"
"2019-08-03 08:42","QuorumCnxManager.java","257778","157666","415444"
"2019-11-13 20:41","QuorumCnxManager.java","264789","157666","422455"
"2019-04-09 16:08","QuorumCnxManager.java","237886","157626","395512"
"2019-08-06 12:52","QuorumCnxManager.java","258043","157666","415709"
"2017-02-09 11:40","QuorumCnxManager.java","117166","34372","151538"
"2019-05-20 23:13","QuorumCnxManager.java","241943","157667","399610"
"2015-04-09 20:16","QuorumCnxManager.java","103810","31633","135443"
"2017-08-23 02:16","QuorumCnxManager.java","116025","35927","151952"
"2019-07-27 20:04","QuorumCnxManager.java","253601","157666","411267"
"2015-05-29 23:46","QuorumCnxManager.java","104436","31743","136179"
"2015-05-14 07:10","QuorumCnxManager.java","104109","31712","135821"
"2020-03-12 14:47","QuorumCnxManager.java","270005","158658","428663"
"2019-08-17 17:13","QuorumCnxManager.java","257070","157666","414736"
"2017-11-28 00:10","QuorumCnxManager.java","120126","36108","156234"
"2019-10-10 14:37","QuorumCnxManager.java","260823","157666","418489"
"2014-07-23 19:36","QuorumCnxManager.java","97130","31386","128516"
"2017-06-09 18:37","QuorumCnxManager.java","115598","35796","151394"
"2020-01-23 13:43","QuorumCnxManager.java","267989","158658","426647"
"2014-03-23 04:12","QuorumCnxManager.java","85143","29383","114526"
"2010-01-21 04:08","QuorumCnxManager.java","30","24","54"
"2014-07-08 05:25","QuorumCnxManager.java","92718","31244","123962"
"2019-11-28 12:24","QuorumCnxManager.java","262968","158658","421626"
"2014-06-25 15:04","QuorumCnxManager.java","90735","30897","121632"
"2011-08-15 02:44","QuorumCnxManager.java","48992","19949","68941"
"2016-06-08 17:43","QuorumCnxManager.java","109831","33606","143437"
"2020-03-23 16:20","QuorumCnxManager.java","270176","158658","428834"
"2020-02-16 10:25","QuorumCnxManager.java","268702","158658","427360"
"2014-07-22 06:45","QuorumCnxManager.java","97054","31385","128439"
"2011-04-12 09:14","QuorumCnxManager.java","41751","20874","62625"
"2010-10-06 19:01","QuorumCnxManager.java","73750","15502","89252"
"2018-07-27 12:32","QuorumCnxManager.java","141765","52833","194598"
"2010-10-20 00:32","QuorumCnxManager.java","75283","15542","90825"
"2011-03-16 19:49","QuorumCnxManager.java","78909","16559","95468"
"2019-10-10 14:37","LoadFromLogTest.java","49445","31796","81241"
"2019-08-17 17:13","LoadFromLogTest.java","43284","29388","72672"
"2018-05-10 22:14","TxnLogToolkit.java","1510","452","1962"
"2019-09-20 10:06","TxnLogToolkit.java","257874","229915","487789"
"2019-12-27 22:33","TxnLogToolkit.java","265463","231689","497152"
"2018-09-12 13:32","TxnLogToolkit.java","106786","100790","207576"
"2019-11-28 12:24","TxnLogToolkit.java","261690","231688","493378"
"2019-04-12 19:08","TxnLogToolkit.java","236801","229877","466678"
"2019-07-09 13:34","TxnLogToolkit.java","243911","229913","473824"
"2019-08-17 17:13","TxnLogToolkit.java","255010","229914","484924"
"2018-08-06 14:11","TxnLogToolkit.java","25758","22151","47909"
"2018-09-15 00:03","TxnLogToolkit.java","107131","100796","207927"
"2019-08-17 17:13","RemoveWatchesCommand.java","52428","30087","82515"
"2015-02-06 06:17","PrepRequestProcessor.java","62622","21760","84382"
"2012-02-06 10:39","PrepRequestProcessor.java","11353","8150","19503"
"2013-03-07 07:01","PrepRequestProcessor.java","30816","13456","44272"
"2019-02-07 11:26","PrepRequestProcessor.java","235170","174835","410005"
"2019-09-11 10:27","PrepRequestProcessor.java","258260","174901","433161"
"2018-07-19 05:59","PrepRequestProcessor.java","107748","48350","156098"
"2017-09-11 18:55","PrepRequestProcessor.java","81029","29898","110927"
"2019-01-16 14:21","PrepRequestProcessor.java","232817","174834","407651"
"2017-06-01 05:45","PrepRequestProcessor.java","79645","28978","108623"
"2012-04-14 02:32","PrepRequestProcessor.java","15117","10350","25467"
"2019-11-08 17:30","PrepRequestProcessor.java","262518","174901","437419"
"2016-11-13 20:59","PrepRequestProcessor.java","77457","25735","103192"
"2019-04-09 15:35","PrepRequestProcessor.java","237710","174850","412560"
"2019-04-17 14:16","PrepRequestProcessor.java","238977","174902","413879"
"2014-10-28 05:35","PrepRequestProcessor.java","60545","21622","82167"
"2019-05-10 12:22","PrepRequestProcessor.java","241412","174902","416314"
"2017-06-26 00:16","PrepRequestProcessor.java","79996","29051","109047"
"2019-02-07 11:22","PrepRequestProcessor.java","234832","174835","409667"
"2016-11-16 06:21","PrepRequestProcessor.java","78027","25758","103785"
"2019-08-01 07:31","PrepRequestProcessor.java","257575","174901","432476"
"2019-06-26 10:57","PrepRequestProcessor.java","244754","174901","419655"
"2014-01-24 07:18","PrepRequestProcessor.java","40433","14340","54773"
"2015-05-29 19:45","PrepRequestProcessor.java","65762","22109","87871"
"2016-10-07 21:51","PrepRequestProcessor.java","75185","25716","100901"
"2015-06-04 19:51","PrepRequestProcessor.java","66636","22218","88854"
"2019-08-17 17:13","PrepRequestProcessor.java","256904","174901","431805"
"2018-08-08 06:21","PrepRequestProcessor.java","150635","89757","240392"
"2018-05-09 23:57","PrepRequestProcessor.java","88162","30470","118632"
"2015-06-11 20:09","PrepRequestProcessor.java","66776","22232","89008"
"2019-12-27 22:33","PrepRequestProcessor.java","266680","175999","442679"
"2014-04-01 01:47","PrepRequestProcessor.java","42139","14783","56922"
"2019-10-10 14:37","PrepRequestProcessor.java","260657","174901","435558"
"2020-03-25 03:38","PrepRequestProcessor.java","270787","175999","446786"
"2014-07-25 01:31","PrepRequestProcessor.java","58325","21478","79803"
"2013-10-09 22:21","PrepRequestProcessor.java","36707","14152","50859"
"2011-09-17 02:36","PrepRequestProcessor.java","6172","3945","10117"
"2014-04-29 02:23","PrepRequestProcessor.java","49830","20472","70302"
"2015-03-08 23:07","PrepRequestProcessor.java","62848","21812","84660"
"2014-07-22 06:51","PrepRequestProcessor.java","58079","21421","79500"
"2012-03-15 17:47","PrepRequestProcessor.java","12657","8241","20898"
"2011-11-01 15:41","PrepRequestProcessor.java","7777","6758","14535"
"2011-10-28 00:58","PrepRequestProcessor.java","7483","6626","14109"
"2011-10-20 20:02","PrepRequestProcessor.java","6909","6271","13180"
"2011-10-17 16:59","PrepRequestProcessor.java","6637","4591","11228"
"2018-06-15 07:41","PrepRequestProcessor.java","88923","30479","119402"
"2012-12-19 19:16","PrepRequestProcessor.java","25233","12429","37662"
"2011-11-14 20:18","PrepRequestProcessor.java","8419","6765","15184"
"2020-03-19 17:09","Learner.java","52523","35847","88370"
"2020-02-03 04:30","Learner.java","50896","35725","86621"
"2020-01-23 13:43","Learner.java","50229","35615","85844"
"2020-03-25 03:38","Learner.java","53394","35922","89316"
"2019-11-28 12:24","Learner.java","43386","33793","77179"
"2019-12-27 22:33","Learner.java","47617","34252","81869"
"2020-01-25 18:48","Learner.java","50425","35621","86046"
"2020-05-03 19:43","Learner.java","55007","36599","91606"
"2019-10-10 14:37","Learner.java","36740","28300","65040"
"2019-07-15 14:15","Learner.java","106","0","106"
"2019-08-23 19:43","Learner.java","31204","25851","57055"
"2019-08-17 17:13","Learner.java","30536","25849","56385"
"2019-11-29 14:49","Learner.java","45346","34102","79448"
"2019-07-15 14:15","QuorumZooKeeperServer.java","252409","167723","420132"
"2019-06-26 10:57","QuorumZooKeeperServer.java","244840","167723","412563"
"2019-08-17 17:13","QuorumZooKeeperServer.java","256990","167723","424713"
"2019-05-15 11:56","QuorumZooKeeperServer.java","241745","167724","409469"
"2019-06-04 10:55","QuorumZooKeeperServer.java","242474","167723","410197"
"2017-03-21 17:49","QuorumZooKeeperServer.java","108525","37562","146087"
"2013-03-07 07:01","QuorumZooKeeperServer.java","62509","25323","87832"
"2019-11-29 14:49","QuorumZooKeeperServer.java","264619","168795","433414"
"2013-10-09 22:21","QuorumZooKeeperServer.java","68255","25874","94129"
"2020-03-25 03:38","QuorumZooKeeperServer.java","270847","168795","439642"
"2016-08-13 15:01","QuorumZooKeeperServer.java","103647","35453","139100"
"2019-10-10 14:37","QuorumZooKeeperServer.java","260743","167723","428466"
"2019-08-17 17:13","ClientCnxn.java","174233","153973","328206"
"2019-01-31 15:50","ClientCnxn.java","149667","151740","301407"
"2019-04-09 15:35","ClientCnxn.java","153060","151943","305003"
"2019-11-08 17:30","ClientCnxn.java","180903","155029","335932"
"2019-01-16 14:21","ClientCnxn.java","147919","151679","299598"
"2019-01-07 14:24","ClientCnxn.java","146767","151677","298444"
"2019-03-06 03:32","ClientCnxn.java","151880","151835","303715"
"2019-02-07 11:26","ClientCnxn.java","150336","151744","302080"
"2018-11-05 19:40","ClientCnxn.java","131168","112422","243590"
"2020-05-17 15:13","ClientCnxn.java","191795","157590","349385"
"2020-03-03 03:12","ClientCnxn.java","189300","157305","346605"
"2020-01-21 17:53","ClientCnxn.java","185423","157167","342590"
"2019-10-10 14:37","ClientCnxn.java","178988","154975","333963"
"2019-11-21 05:58","ClientCnxn.java","180382","156955","337337"
"2020-04-16 12:50","ClientCnxn.java","191384","157550","348934"
"2018-01-19 00:43","FileTxnLog.java","7834","4103","11937"
"2019-12-27 22:33","FileTxnLog.java","265554","226286","491840"
"2019-10-10 14:37","FileTxnLog.java","259003","224660","483663"
"2018-11-12 22:36","FileTxnLog.java","223221","224539","447760"
"2018-08-01 21:19","FileTxnLog.java","34364","25678","60042"
"2018-04-27 20:28","FileTxnLog.java","10052","4471","14523"
"2018-06-08 16:52","FileTxnLog.java","11812","4784","16596"
"2020-01-28 17:26","FileTxnLog.java","267275","226287","493562"
"2019-05-14 17:11","FileTxnLog.java","239898","224641","464539"
"2019-01-07 14:24","FileTxnLog.java","229961","224541","454502"
"2019-04-12 19:01","FileTxnLog.java","237038","224641","461679"
"2018-09-06 01:11","FileTxnLog.java","114118","103801","217919"
"2018-09-18 01:00","FileTxnLog.java","116519","103948","220467"
"2019-08-17 17:13","FileTxnLog.java","255250","224660","479910"
"2019-06-03 19:40","FileTxnLog.java","240580","224659","465239"
"2018-04-24 00:20","FileTxnLog.java","9796","4302","14098"
"2018-02-14 21:23","FileTxnLog.java","8848","4238","13086"
"2019-08-03 08:42","FileTxnLog.java","255958","224660","480618"
"2019-04-09 15:35","FileTxnLog.java","236013","224566","460579"
"2017-08-03 20:41","FileTxnLog.java","2067","2883","4950"
"2018-02-02 00:26","FileTxnLog.java","7851","4113","11964"
"2017-06-26 00:07","FileTxnLog.java","748","1210","1958"
"2019-08-17 17:13","AsyncTest.java","256932","178405","435337"
"2017-09-11 18:55","AsyncTest.java","88187","27844","116031"
"2016-08-24 01:36","AsyncTest.java","81876","24528","106404"
"2016-05-02 18:15","WatcherTest.java","67934","23486","91420"
"2019-08-17 17:13","WatcherTest.java","256750","177002","433752"
"2013-02-19 08:55","WatcherTest.java","21196","10099","31295"
"2017-02-16 01:16","WatcherTest.java","74914","26640","101554"
"2019-09-18 11:20","WatcherTest.java","259662","177002","436664"
"2019-08-17 17:13","MultiOpSessionUpgradeTest.java","255253","224387","479640"
"2019-08-17 17:13","MonitorCommand.java","47813","29620","77433"
"2019-06-04 10:55","MonitorCommand.java","4626","949","5575"
"2019-10-10 14:37","ZKDatabase.java","178985","157213","336198"
"2019-12-27 22:33","ZKDatabase.java","186102","159405","345507"
"2018-09-28 23:38","ZKDatabase.java","3277","703","3980"
"2019-11-08 17:30","ZKDatabase.java","180900","157267","338167"
"2019-05-14 17:11","ZKDatabase.java","156970","154284","311254"
"2019-02-07 11:26","ZKDatabase.java","150332","153981","304313"
"2019-04-12 19:01","ZKDatabase.java","154086","154260","308346"
"2019-08-17 17:13","ZKDatabase.java","174230","156211","330441"
"2019-09-10 00:27","ZKDatabase.java","176152","157193","333345"
"2019-04-09 15:35","ZKDatabase.java","153056","154180","307236"
"2011-04-12 09:14","ZooKeeperService.java","72010","20746","92756"
"2010-08-17 09:24","ZooKeeperService.java","73013","16154","89167"
"2019-08-17 17:13","CommitProcessorTest.java","255966","218914","474880"
"2016-05-15 23:31","CommitProcessorTest.java","6097","3961","10058"
"2019-11-11 13:55","CommitProcessorTest.java","261704","218944","480648"
"2019-10-10 14:37","CommitProcessorTest.java","259719","218914","478633"
"2019-08-17 17:13","DeserializationPerfTest.java","257484","144483","401967"
"2014-04-25 21:35","DeserializationPerfTest.java","102276","31272","133548"
"2019-10-10 14:37","DeserializationPerfTest.java","261237","144483","405720"
"2011-04-12 09:14","DeserializationPerfTest.java","56963","22489","79452"
"2010-03-31 06:26","DeserializationPerfTest.java","38033","14071","52104"
"2013-09-18 12:58","ClientCnxn.java","135986","19095","155081"
"2015-01-31 08:05","ClientCnxn.java","159029","20832","179861"
"2016-05-02 18:15","ClientCnxn.java","165471","21238","186709"
"2014-01-24 07:18","ClientCnxn.java","142802","19179","161981"
"2009-07-17 00:09","ClientCnxn.java","68476","10668","79144"
"2009-05-20 20:48","ClientCnxn.java","54945","9482","64427"
"2019-08-17 17:13","ClientCnxn.java","257706","84482","342188"
"2009-06-25 22:41","ClientCnxn.java","67157","10477","77634"
"2015-05-10 00:27","ClientCnxn.java","161609","20873","182482"
"2009-01-16 00:48","ClientCnxn.java","12884","7245","20129"
"2008-12-22 23:23","ClientCnxn.java","10002","3480","13482"
"2009-01-28 01:15","ClientCnxn.java","13058","7269","20327"
"2017-12-19 19:27","ClientCnxn.java","174918","22356","197274"
"2019-01-31 15:50","ClientCnxn.java","235346","84455","319801"
"2012-08-02 00:24","ClientCnxn.java","122627","18161","140788"
"2019-04-09 15:35","ClientCnxn.java","238542","84461","323003"
"2013-02-03 15:52","ClientCnxn.java","129619","18792","148411"
"2014-12-20 15:29","ClientCnxn.java","159010","20824","179834"
"2012-03-15 18:01","ClientCnxn.java","120078","18002","138080"
"2019-11-08 17:30","ClientCnxn.java","263320","84482","347802"
"2017-06-08 17:59","ClientCnxn.java","170506","22234","192740"
"2012-09-09 20:24","ClientCnxn.java","123375","18170","141545"
"2019-01-16 14:21","ClientCnxn.java","233659","84455","318114"
"2019-01-07 14:24","ClientCnxn.java","232509","84455","316964"
"2008-11-19 11:20","ClientCnxn.java","7049","1937","8986"
"2009-06-25 00:59","ClientCnxn.java","67042","10453","77495"
"2019-03-06 03:32","ClientCnxn.java","237470","84461","321931"
"2010-11-11 18:11","ClientCnxn.java","149327","14636","163963"
"2010-11-10 23:36","ClientCnxn.java","149290","14595","163885"
"2011-09-14 07:43","ClientCnxn.java","115535","13574","129109"
"2011-08-19 00:05","ClientCnxn.java","113248","13507","126755"
"2015-02-06 06:17","ClientCnxn.java","159239","20847","180086"
"2019-02-07 11:26","ClientCnxn.java","236011","84455","320466"
"2018-11-05 19:40","ClientCnxn.java","244961","66942","311903"
"2011-04-12 09:14","ClientCnxn.java","109834","15137","124971"
"2010-10-06 18:14","ClientCnxn.java","146282","14305","160587"
"2010-11-30 21:16","ClientCnxn.java","149788","14726","164514"
"2020-05-17 15:13","ClientCnxn.java","272108","84939","357047"
"2018-06-25 12:30","ClientCnxn.java","178561","22473","201034"
"2012-12-19 19:16","ClientCnxn.java","129088","18754","147842"
"2020-03-03 03:12","ClientCnxn.java","269897","84938","354835"
"2018-09-10 11:44","ClientCnxn.java","212748","53475","266223"
"2011-09-28 22:17","ClientCnxn.java","116136","16122","132258"
"2015-06-13 02:42","ClientCnxn.java","163119","20921","184040"
"2010-10-21 02:44","ClientCnxn.java","147958","14330","162288"
"2010-08-05 09:09","ClientCnxn.java","112469","13953","126422"
"2011-05-20 01:17","ClientCnxn.java","110676","15160","125836"
"2014-03-23 04:12","ClientCnxn.java","143539","19279","162818"
"2015-11-09 00:05","ClientCnxn.java","164625","20935","185560"
"2015-12-06 19:58","ClientCnxn.java","164939","20944","185883"
"2020-01-21 17:53","ClientCnxn.java","266158","84938","351096"
"2015-12-05 22:43","ClientCnxn.java","164936","20944","185880"
"2015-12-05 22:32","ClientCnxn.java","164931","20944","185875"
"2010-03-04 02:28","ClientCnxn.java","90250","13063","103313"
"2010-01-25 04:28","ClientCnxn.java","87119","13000","100119"
"2019-10-10 14:37","ClientCnxn.java","261459","84482","345941"
"2014-04-01 04:03","ClientCnxn.java","144451","19348","163799"
"2013-09-18 15:14","ClientCnxn.java","136004","19095","155099"
"2013-09-18 04:08","ClientCnxn.java","135900","19095","154995"
"2019-11-21 05:58","ClientCnxn.java","261329","84938","346267"
"2020-04-16 12:50","ClientCnxn.java","271736","84938","356674"
"2018-07-27 05:16","ClientCnxn.java","185512","28272","213784"
"2010-01-26 03:22","ClientCnxn.java","87721","13054","100775"
"2009-10-31 00:09","ClientCnxn.java","74233","12030","86263"
"2009-11-07 01:48","ClientCnxn.java","74813","12205","87018"
"2010-01-05 18:32","ClientCnxn.java","84018","12765","96783"
"2011-04-29 18:12","QuorumCnxManager.java","42154","20948","63102"
"2011-12-28 01:26","QuorumCnxManager.java","56457","25027","81484"
"2019-11-29 14:49","QuorumCnxManager.java","264619","158664","423283"
"2013-03-07 07:01","QuorumCnxManager.java","74960","28576","103536"
"2018-07-11 06:04","QuorumCnxManager.java","131435","43670","175105"
"2018-08-06 14:11","QuorumCnxManager.java","142391","52853","195244"
"2010-11-17 15:59","QuorumCnxManager.java","77089","16240","93329"
"2012-06-29 22:08","QuorumCnxManager.java","61539","26950","88489"
"2018-10-16 16:22","QuorumCnxManager.java","238409","128985","367394"
"2019-06-14 09:06","QuorumCnxManager.java","245068","157672","402740"
"2019-08-03 08:42","QuorumCnxManager.java","257778","157672","415450"
"2019-11-13 20:41","QuorumCnxManager.java","264789","157672","422461"
"2019-04-09 16:08","QuorumCnxManager.java","237886","157632","395518"
"2019-08-06 12:52","QuorumCnxManager.java","258043","157672","415715"
"2017-02-09 11:40","QuorumCnxManager.java","117143","34355","151498"
"2019-05-20 23:13","QuorumCnxManager.java","241943","157673","399616"
"2015-04-09 20:16","QuorumCnxManager.java","103787","31616","135403"
"2017-08-23 02:16","QuorumCnxManager.java","116007","35915","151922"
"2019-07-27 20:04","QuorumCnxManager.java","253601","157672","411273"
"2015-05-29 23:46","QuorumCnxManager.java","104413","31726","136139"
"2015-05-14 07:10","QuorumCnxManager.java","104086","31695","135781"
"2020-03-12 14:47","QuorumCnxManager.java","270005","158664","428669"
"2019-08-17 17:13","QuorumCnxManager.java","257070","157672","414742"
"2017-11-28 00:10","QuorumCnxManager.java","120108","36096","156204"
"2019-10-10 14:37","QuorumCnxManager.java","260823","157672","418495"
"2014-07-23 19:36","QuorumCnxManager.java","97107","31369","128476"
"2017-06-09 18:37","QuorumCnxManager.java","115580","35784","151364"
"2020-01-23 13:43","QuorumCnxManager.java","267989","158664","426653"
"2014-03-23 04:12","QuorumCnxManager.java","85120","29366","114486"
"2014-07-08 05:25","QuorumCnxManager.java","92695","31227","123922"
"2019-11-28 12:24","QuorumCnxManager.java","262968","158664","421632"
"2014-06-25 15:04","QuorumCnxManager.java","90712","30880","121592"
"2011-08-15 02:44","QuorumCnxManager.java","48969","19932","68901"
"2016-06-08 17:43","QuorumCnxManager.java","109808","33589","143397"
"2020-03-23 16:20","QuorumCnxManager.java","270176","158664","428840"
"2020-02-16 10:25","QuorumCnxManager.java","268702","158664","427366"
"2014-07-22 06:45","QuorumCnxManager.java","97031","31368","128399"
"2011-04-12 09:14","QuorumCnxManager.java","41727","20856","62583"
"2010-10-06 19:01","QuorumCnxManager.java","73721","15479","89200"
"2018-07-27 12:32","QuorumCnxManager.java","141747","52821","194568"
"2010-10-20 00:32","QuorumCnxManager.java","75254","15519","90773"
"2011-03-16 19:49","QuorumCnxManager.java","78885","16541","95426"
"2020-02-16 10:25","QuorumKerberosHostBasedAuthTest.java","267491","229836","497327"
"2020-01-22 11:08","QuorumKerberosHostBasedAuthTest.java","265294","229836","495130"
"2019-08-17 17:13","QuorumKerberosHostBasedAuthTest.java","255079","228064","483143"
"2019-11-29 14:49","QuorumKerberosHostBasedAuthTest.java","263406","229834","493240"
"2020-02-16 10:25","QuorumSSLTest.java","82559","44492","127051"
"2019-11-29 14:49","QuorumSSLTest.java","77112","43128","120240"
"2019-08-17 17:13","QuorumSSLTest.java","63127","35700","98827"
"2018-12-09 03:16","LeaderZooKeeperServer.java","229615","167660","397275"
"2018-11-21 17:56","LeaderZooKeeperServer.java","225047","167660","392707"
"2012-01-31 07:45","LeaderZooKeeperServer.java","47636","25008","72644"
"2019-06-04 10:55","LeaderZooKeeperServer.java","242499","167718","410217"
"2015-06-04 19:51","LeaderZooKeeperServer.java","101322","37073","138395"
"2019-08-17 17:13","LeaderZooKeeperServer.java","257015","167718","424733"
"2019-06-03 19:40","LeaderZooKeeperServer.java","242346","167718","410064"
"2019-11-25 15:37","LeaderZooKeeperServer.java","262870","168765","431635"
"2019-12-27 22:33","LeaderZooKeeperServer.java","266740","168765","435505"
"2013-10-09 22:21","LeaderZooKeeperServer.java","72308","29922","102230"
"2011-10-20 20:02","LeaderZooKeeperServer.java","44387","23918","68305"
"2019-12-27 22:33","QuorumPeerTestBase.java","18682","10004","28686"
"2019-10-10 14:37","QuorumPeerTestBase.java","7470","3717","11187"
"2019-08-17 17:13","StatCommandTest.java","254847","231754","486601"
"2019-08-17 17:13","SerializeUtilsTest.java","44894","29685","74579"
"2019-11-21 05:58","NIOServerCnxn.java","260876","199655","460531"
"2015-11-08 22:36","NIOServerCnxn.java","35029","12897","47926"
"2019-11-18 09:05","NIOServerCnxn.java","260853","199655","460508"
"2019-09-16 23:26","NIOServerCnxn.java","259379","198306","457685"
"2019-10-10 14:37","NIOServerCnxn.java","260113","198306","458419"
"2018-09-28 23:38","NIOServerCnxn.java","154970","112361","267331"
"2020-02-11 06:50","NIOServerCnxn.java","268228","199655","467883"
"2019-01-23 14:00","NIOServerCnxn.java","232989","198208","431197"
"2019-07-08 23:26","NIOServerCnxn.java","245136","198306","443442"
"2019-04-12 19:01","NIOServerCnxn.java","238151","198290","436441"
"2019-01-14 19:38","NIOServerCnxn.java","231553","198207","429760"
"2018-11-17 18:33","NIOServerCnxn.java","224334","198205","422539"
"2017-03-04 19:22","NIOServerCnxn.java","47857","20826","68683"
"2016-12-22 23:23","NIOServerCnxn.java","47238","18217","65455"
"2018-09-18 01:00","NIOServerCnxn.java","152233","112198","264431"
"2019-08-17 17:13","NIOServerCnxn.java","256360","198306","454666"
"2015-06-28 21:09","NIOServerCnxn.java","33408","12584","45992"
"2015-03-28 20:08","NIOServerCnxn.java","30005","10881","40886"
"2019-07-03 00:44","NIOServerCnxn.java","244373","198306","442679"
"2019-08-03 08:42","NIOServerCnxn.java","257068","198306","455374"
"2016-11-16 06:21","NIOServerCnxn.java","45843","17523","63366"
"2020-02-16 10:25","QuorumKerberosHostBasedAuthTest.java","4154","1957","6111"
"2014-02-12 17:00","ZKDatabase.java","10994","2011","13005"
"2019-10-10 14:37","ZKDatabase.java","260159","191763","451922"
"2019-12-27 22:33","ZKDatabase.java","266430","193109","459539"
"2018-04-06 06:04","ZKDatabase.java","63707","24872","88579"
"2014-04-29 02:23","ZKDatabase.java","21387","9389","30776"
"2014-04-17 08:47","ZKDatabase.java","20675","9383","30058"
"2018-09-28 23:38","ZKDatabase.java","161183","111985","273168"
"2013-06-28 23:22","ZKDatabase.java","2471","609","3080"
"2019-11-08 17:30","ZKDatabase.java","262048","191791","453839"
"2019-05-14 17:11","ZKDatabase.java","241057","191747","432804"
"2018-09-18 01:00","ZKDatabase.java","158446","111822","270268"
"2019-02-07 11:26","ZKDatabase.java","234641","191666","426307"
"2019-04-12 19:01","ZKDatabase.java","238197","191747","429944"
"2018-09-05 22:35","ZKDatabase.java","156121","111751","267872"
"2015-02-06 06:17","ZKDatabase.java","35542","12040","47582"
"2014-07-18 02:19","ZKDatabase.java","29702","10951","40653"
"2018-02-07 01:05","ZKDatabase.java","63319","24836","88155"
"2014-01-24 07:18","ZKDatabase.java","10640","1907","12547"
"2019-08-17 17:13","ZKDatabase.java","256406","191763","448169"
"2019-09-10 00:27","ZKDatabase.java","257346","191763","449109"
"2016-03-23 00:30","ZKDatabase.java","45785","17183","62968"
"2018-02-23 23:49","ZKDatabase.java","63694","24867","88561"
"2017-08-03 20:28","ZKDatabase.java","57114","23881","80995"
"2017-06-18 19:23","ZKDatabase.java","56257","22800","79057"
"2019-04-09 15:35","ZKDatabase.java","237184","191684","428868"
"2019-09-18 11:20","QuorumZxidSyncTest.java","5204","2292","7496"
"2020-02-26 22:41","NettyServerCnxnFactory.java","67923","39076","106999"
"2019-10-10 14:37","NettyServerCnxnFactory.java","53666","31720","85386"
"2019-09-10 18:50","NettyServerCnxnFactory.java","50190","30880","81070"
"2019-11-14 03:54","NettyServerCnxnFactory.java","58193","31991","90184"
"2019-08-17 17:13","NettyServerCnxnFactory.java","47813","29620","77433"
"2019-11-23 17:08","NettyServerCnxnFactory.java","60036","37142","97178"
"2019-07-03 00:44","NettyServerCnxnFactory.java","10602","4396","14998"
"2019-06-05 00:29","NettyServerCnxnFactory.java","4870","1010","5880"
"2019-07-23 15:55","NettyServerCnxnFactory.java","19981","5780","25761"
"2019-06-24 11:05","NettyServerCnxnFactory.java","8646","3120","11766"
"2019-08-03 08:42","NettyServerCnxnFactory.java","26477","7576","34053"
"2014-02-12 17:00","FileTxnLog.java","30713","7566","38279"
"2013-12-11 01:10","FileTxnLog.java","27594","7332","34926"
"2018-01-19 00:43","FileTxnLog.java","77861","25913","103774"
"2019-12-27 22:33","FileTxnLog.java","266636","179151","445787"
"2019-10-10 14:37","FileTxnLog.java","260403","177843","438246"
"2018-11-12 22:36","FileTxnLog.java","224662","177763","402425"
"2018-08-01 21:19","FileTxnLog.java","101227","44324","145551"
"2018-04-27 20:28","FileTxnLog.java","79919","26121","106040"
"2018-06-08 16:52","FileTxnLog.java","81473","26228","107701"
"2014-06-30 19:11","FileTxnLog.java","42393","14187","56580"
"2020-01-28 17:26","FileTxnLog.java","268356","179151","447507"
"2019-05-14 17:11","FileTxnLog.java","241317","177843","419160"
"2019-01-07 14:24","FileTxnLog.java","231402","177765","409167"
"2013-06-28 23:22","FileTxnLog.java","22735","6709","29444"
"2019-04-12 19:01","FileTxnLog.java","238457","177843","416300"
"2017-04-28 07:14","FileTxnLog.java","71711","23494","95205"
"2018-09-06 01:11","FileTxnLog.java","167790","109256","277046"
"2018-09-18 01:00","FileTxnLog.java","170111","109323","279434"
"2016-03-20 19:31","FileTxnLog.java","61816","18541","80357"
"2019-08-17 17:13","FileTxnLog.java","256650","177843","434493"
"2019-06-03 19:40","FileTxnLog.java","241981","177843","419824"
"2018-04-24 00:20","FileTxnLog.java","79728","26017","105745"
"2018-02-14 21:23","FileTxnLog.java","78801","25974","104775"
"2019-08-03 08:42","FileTxnLog.java","257358","177843","435201"
"2019-04-09 15:35","FileTxnLog.java","237449","177785","415234"
"2017-08-03 20:41","FileTxnLog.java","72524","25123","97647"
"2018-02-02 00:26","FileTxnLog.java","77870","25915","103785"
"2017-06-26 00:07","FileTxnLog.java","72340","24585","96925"
"2019-09-18 11:20","TimeTest.java","259016","214963","473979"
"2019-06-03 19:40","TimeTest.java","241435","214963","456398"
"2019-08-17 17:13","TimeTest.java","256104","214963","471067"
"2014-05-09 23:37","Zab1_0Test.java","17477","8262","25739"
"2017-01-07 01:09","Zab1_0Test.java","51362","18270","69632"
"2015-12-06 21:30","Zab1_0Test.java","39494","13168","52662"
"2019-12-17 13:48","Zab1_0Test.java","264844","195888","460732"
"2013-11-19 02:03","Zab1_0Test.java","3682","461","4143"
"2015-07-07 07:11","Zab1_0Test.java","37583","12808","50391"
"2019-12-27 22:33","Zab1_0Test.java","266393","195888","462281"
"2013-10-24 20:41","Zab1_0Test.java","3449","366","3815"
"2019-10-10 14:37","Zab1_0Test.java","260120","194540","454660"
"2013-11-07 06:41","Zab1_0Test.java","3588","415","4003"
"2015-05-14 18:40","Zab1_0Test.java","34830","11355","46185"
"2019-08-17 17:13","Zab1_0Test.java","256367","194540","450907"
"2019-06-03 19:40","Zab1_0Test.java","241698","194540","436238"
"2018-05-10 06:00","Zab1_0Test.java","62197","24396","86593"
"2017-11-28 00:10","Zab1_0Test.java","58479","23667","82146"
"2017-08-18 06:32","Zab1_0Test.java","53891","23114","77005"
"2017-02-12 00:12","Zab1_0Test.java","51108","20770","71878"
"2019-10-10 14:37","SecurityUtils.java","3289","2901","6190"
"2019-10-10 14:37","Login.java","260657","177112","437769"
"2015-12-09 05:05","Login.java","68266","23648","91914"
"2011-10-25 08:09","Login.java","4979","6498","11477"
"2019-11-11 13:59","Login.java","264314","177112","441426"
"2011-10-24 08:44","Login.java","4749","6237","10986"
"2015-11-21 22:18","Login.java","67841","23613","91454"
"2015-02-06 06:17","Login.java","60589","21938","82527"
"2017-11-28 00:10","Login.java","83357","30580","113937"
"2016-05-02 18:15","Login.java","69766","25274","95040"
"2019-08-17 17:13","Login.java","256904","177112","434016"
"2012-09-28 18:32","Login.java","16624","10979","27603"
"2019-08-03 08:42","Login.java","257612","177112","434724"
"2019-11-28 12:24","DataTree.java","262908","184120","447028"
"2011-07-13 15:48","DataTree.java","1931","237","2168"
"2011-07-28 07:49","DataTree.java","4549","409","4958"
"2019-10-10 14:37","DataTree.java","260657","183022","443679"
"2019-12-27 22:33","DataTree.java","266680","184120","450800"
"2015-06-06 03:48","DataTree.java","70674","21577","92251"
"2019-11-11 13:59","DataTree.java","264314","183022","447336"
"2018-07-10 13:29","DataTree.java","99886","36580","136466"
"2012-12-19 19:16","DataTree.java","29692","12314","42006"
"2014-04-17 08:47","DataTree.java","53137","19911","73048"
"2014-04-29 02:23","DataTree.java","53849","19917","73766"
"2011-09-15 00:55","DataTree.java","10641","3768","14409"
"2011-09-28 22:17","DataTree.java","11577","4519","16096"
"2018-09-28 23:38","DataTree.java","179812","108680","288492"
"2011-09-17 02:36","DataTree.java","11279","4478","15757"
"2011-10-20 18:48","DataTree.java","11217","5999","17216"
"2019-11-08 17:30","DataTree.java","262518","183022","445540"
"2013-09-05 23:50","DataTree.java","36909","13259","50168"
"2019-01-30 16:28","DataTree.java","233950","182957","416907"
"2019-01-30 17:02","DataTree.java","234494","182957","417451"
"2016-11-24 17:18","DataTree.java","82383","25519","107902"
"2017-09-11 18:55","DataTree.java","84120","28415","112535"
"2012-02-06 10:39","DataTree.java","15874","8097","23971"
"2011-12-21 21:39","DataTree.java","14355","7446","21801"
"2017-02-05 07:22","DataTree.java","83994","25691","109685"
"2014-07-18 02:19","DataTree.java","61428","20743","82171"
"2019-02-07 11:26","DataTree.java","235172","182958","418130"
"2013-03-07 07:01","DataTree.java","34896","12962","47858"
"2018-09-04 11:54","DataTree.java","174501","108453","282954"
"2018-09-05 22:35","DataTree.java","174762","108458","283220"
"2018-12-20 15:17","DataTree.java","230438","182956","413394"
"2019-09-10 09:53","DataTree.java","257953","183022","440975"
"2019-04-12 19:01","DataTree.java","238712","183023","421735"
"2019-07-31 19:06","DataTree.java","256211","183022","439233"
"2019-09-11 10:27","DataTree.java","258260","183022","441282"
"2013-10-22 12:54","DataTree.java","41391","13672","55063"
"2016-03-23 00:30","DataTree.java","74894","24358","99252"
"2019-08-01 07:31","DataTree.java","257575","183022","440597"
"2014-01-24 07:18","DataTree.java","44485","13818","58303"
"2019-08-17 17:13","DataTree.java","256904","183022","439926"
"2019-09-10 15:21","DataTree.java","257947","183022","440969"
"2015-06-04 19:51","DataTree.java","70562","21570","92132"
"2016-10-07 21:51","DataTree.java","78972","24929","103901"
"2017-06-18 19:23","DataTree.java","83527","28136","111663"
"2019-04-12 12:29","DataTree.java","238281","183023","421304"
"2019-08-03 08:42","DataTree.java","257612","183022","440634"
"2019-08-09 16:15","DataTree.java","258360","183022","441382"
"2016-11-13 20:59","DataTree.java","81246","24950","106196"
"2019-04-29 16:49","DataTree.java","240742","183023","423765"
"2019-12-27 22:33","QuorumPeerTestBase.java","265528","229835","495363"
"2019-10-10 14:37","QuorumPeerTestBase.java","258833","228065","486898"
"2019-07-12 17:01","QuorumPeerTestBase.java","250392","228064","478456"
"2019-08-17 17:13","QuorumPeerTestBase.java","255079","228064","483143"
"2017-12-16 01:25","QuorumPeerTestBase.java","485","441","926"
"2018-10-12 10:25","QuorumPeerTestBase.java","228228","205778","434006"
"2019-08-17 17:13","AbstractFourLetterCommand.java","68626","36701","105327"
"2014-06-25 15:04","FastLeaderElection.java","23116","9668","32784"
"2018-12-06 10:56","FastLeaderElection.java","226834","191663","418497"
"2014-07-08 05:25","FastLeaderElection.java","25692","10608","36300"
"2014-07-18 20:48","FastLeaderElection.java","30380","11170","41550"
"2014-03-23 04:12","FastLeaderElection.java","11589","2219","13808"
"2019-10-10 14:37","FastLeaderElection.java","260159","191763","451922"
"2013-10-21 23:36","FastLeaderElection.java","7098","1540","8638"
"2019-09-30 23:22","FastLeaderElection.java","259786","191763","451549"
"2014-07-20 04:50","FastLeaderElection.java","30477","11205","41682"
"2020-04-07 09:07","FastLeaderElection.java","271126","193109","464235"
"2019-01-18 03:42","FastLeaderElection.java","232333","191665","423998"
"2017-09-11 18:55","FastLeaderElection.java","57866","24095","81961"
"2018-08-29 06:26","FastLeaderElection.java","150648","106594","257242"
"2015-02-06 06:17","FastLeaderElection.java","35542","12040","47582"
"2018-04-30 06:34","FastLeaderElection.java","64769","25016","89785"
"2019-08-17 17:13","FastLeaderElection.java","256406","191763","448169"
"2019-08-02 20:08","FastLeaderElection.java","257187","191763","448950"
"2017-01-13 19:29","FastLeaderElection.java","55383","19272","74655"
"2019-08-03 08:42","FastLeaderElection.java","257114","191763","448877"
"2019-10-10 14:37","ClientCnxnSocketNIO.java","7470","3717","11187"
"2020-02-16 10:25","QuorumKerberosHostBasedAuthTest.java","22565","11925","34490"
"2020-01-22 11:08","QuorumKerberosHostBasedAuthTest.java","20092","11649","31741"
"2019-11-29 14:49","QuorumKerberosHostBasedAuthTest.java","16330","9773","26103"
"2019-12-27 22:33","FileTxnSnapLog.java","266740","168825","435565"
"2019-10-10 14:37","FileTxnSnapLog.java","260768","167778","428546"
"2019-12-13 08:51","FileTxnSnapLog.java","264777","168825","433602"
"2017-01-07 01:09","FileTxnSnapLog.java","112724","39685","152409"
"2011-07-13 15:48","FileTxnSnapLog.java","35918","19027","54945"
"2014-02-12 17:00","FileTxnSnapLog.java","76163","30049","106212"
"2012-03-06 09:20","FileTxnSnapLog.java","48725","25336","74061"
"2020-01-23 16:46","FileTxnSnapLog.java","267989","168825","436814"
"2020-01-28 17:26","FileTxnSnapLog.java","268460","168825","437285"
"2011-10-20 20:02","FileTxnSnapLog.java","44314","23905","68219"
"2016-09-18 23:21","FileTxnSnapLog.java","107847","39280","147127"
"2017-01-23 02:13","FileTxnSnapLog.java","113158","39715","152873"
"2011-04-12 09:14","FileTxnSnapLog.java","30384","19674","50058"
"2018-06-08 16:52","FileTxnSnapLog.java","120453","42241","162694"
"2019-09-02 08:23","FileTxnSnapLog.java","257672","167778","425450"
"2011-12-21 21:39","FileTxnSnapLog.java","46926","24820","71746"
"2017-04-28 07:14","FileTxnSnapLog.java","112143","40959","153102"
"2019-07-31 19:06","FileTxnSnapLog.java","256322","167778","424100"
"2018-07-30 06:22","FileTxnSnapLog.java","138835","58968","197803"
"2012-02-06 09:40","FileTxnSnapLog.java","47992","25025","73017"
"2012-07-17 23:25","FileTxnSnapLog.java","54386","27696","82082"
"2020-01-30 09:43","FileTxnSnapLog.java","268536","168825","437361"
"2019-05-14 17:11","FileTxnSnapLog.java","241683","167779","409462"
"2013-06-28 23:22","FileTxnSnapLog.java","68568","29575","98143"
"2014-02-10 21:50","FileTxnSnapLog.java","76025","30023","106048"
"2019-05-21 23:34","FileTxnSnapLog.java","242004","167779","409783"
"2019-05-27 10:54","FileTxnSnapLog.java","242336","167779","410115"
"2017-01-13 19:29","FileTxnSnapLog.java","112937","39695","152632"
"2017-06-26 00:07","FileTxnSnapLog.java","112466","41744","154210"
"2018-02-23 23:49","FileTxnSnapLog.java","118098","42140","160238"
"2017-08-18 06:32","FileTxnSnapLog.java","112562","41838","154400"
"2019-08-17 17:13","FileTxnSnapLog.java","257015","167778","424793"
"2018-02-14 21:23","FileTxnSnapLog.java","117927","42133","160060"
"2019-08-17 17:13","ServerBean.java","257706","90102","347808"
"2019-09-26 08:55","BinaryInputArchive.java","32345","26621","58966"
"2019-09-18 11:20","DataTreeTest.java","56259","31679","87938"
"2019-12-27 22:33","DataTreeTest.java","68291","37945","106236"
"2019-10-09 16:38","DataTreeTest.java","56977","31812","88789"
"2019-07-31 19:06","DataTreeTest.java","29141","8166","37307"
"2019-04-12 19:01","DataTreeTest.java","4537","1062","5599"
"2019-09-10 15:21","DataTreeTest.java","54162","31451","85613"
"2019-08-17 17:13","DataTreeTest.java","51869","30201","82070"
"2019-04-12 12:29","DataTreeTest.java","3944","900","4844"
"2016-08-13 15:01","ReadOnlyZooKeeperServer.java","20499","8242","28741"
"2015-03-08 23:07","ReadOnlyZooKeeperServer.java","6426","1501","7927"
"2019-11-29 14:49","ReadOnlyZooKeeperServer.java","264148","211699","475847"
"2015-03-17 18:06","ReadOnlyZooKeeperServer.java","7608","1635","9243"
"2019-08-17 17:13","ReadOnlyZooKeeperServer.java","256151","210259","466410"
"2019-11-29 14:49","LocalPeerBean.java","4494","5946","10440"
"2020-02-26 22:41","NettyServerCnxnFactory.java","87155","45198","132353"
"2019-10-10 14:37","NettyServerCnxnFactory.java","73487","38431","111918"
"2019-09-10 18:50","NettyServerCnxnFactory.java","70080","37660","107740"
"2019-11-14 03:54","NettyServerCnxnFactory.java","77931","38619","116550"
"2019-02-12 15:25","NettyServerCnxnFactory.java","18618","8490","27108"
"2019-02-15 15:36","NettyServerCnxnFactory.java","19196","8653","27849"
"2019-04-12 19:01","NettyServerCnxnFactory.java","22348","9238","31586"
"2018-12-15 07:34","NettyServerCnxnFactory.java","5581","1705","7286"
"2019-02-13 13:12","NettyServerCnxnFactory.java","18898","8649","27547"
"2019-08-17 17:13","NettyServerCnxnFactory.java","67761","36458","104219"
"2019-11-23 17:08","NettyServerCnxnFactory.java","79542","43538","123080"
"2019-07-03 00:44","NettyServerCnxnFactory.java","32474","13158","45632"
"2019-06-05 00:29","NettyServerCnxnFactory.java","27006","10036","37042"
"2019-07-23 15:55","NettyServerCnxnFactory.java","41827","14516","56343"
"2019-06-24 11:05","NettyServerCnxnFactory.java","30534","11898","42432"
"2019-08-03 08:42","NettyServerCnxnFactory.java","48189","16178","64367"
"2019-08-01 07:31","ObserverRequestProcessor.java","257330","175544","432874"
"2019-08-17 17:13","ObserverRequestProcessor.java","256659","175544","432203"
"2015-06-04 19:51","ObserverRequestProcessor.java","60052","16522","76574"
"2016-10-07 21:51","ObserverRequestProcessor.java","69892","21311","91203"
"2013-03-07 07:01","ObserverRequestProcessor.java","24022","7550","31572"
"2015-03-08 23:07","ObserverRequestProcessor.java","56290","16142","72432"
"2013-10-09 22:21","ObserverRequestProcessor.java","30003","8336","38339"
"2014-07-18 19:46","ObserverRequestProcessor.java","51104","15654","66758"
"2014-03-23 04:12","ObserverRequestProcessor.java","34671","8829","43500"
"2020-03-25 03:38","ObserverRequestProcessor.java","270749","176849","447598"
"2018-12-20 15:13","LocalPeerBean.java","229420","219326","448746"
"2019-11-29 14:49","LocalPeerBean.java","264068","220987","485055"
"2019-08-17 17:13","LocalPeerBean.java","255962","219438","475400"
"2019-11-14 03:54","LocalPeerBean.java","264003","219470","483473"
"2015-12-07 06:06","LocalPeerBean.java","1607","394","2001"
"2018-07-27 12:32","LocalPeerBean.java","48534","34111","82645"
"2018-06-26 11:18","LocalPeerBean.java","27578","14373","41951"
"2019-01-22 06:43","DistributedQueue.java","233203","151637","384840"
"2017-09-11 18:55","DistributedQueue.java","121696","35722","157418"
"2019-08-03 08:42","DistributedQueue.java","257895","151687","409582"
"2019-10-10 14:37","DistributedQueue.java","260940","151687","412627"
"2019-08-27 09:23","DistributedQueue.java","257780","151687","409467"
"2011-04-12 09:14","DistributedQueue.java","48450","21477","69927"
"2019-11-14 16:44","ClientBase.java","4592","318","4910"
"2019-08-01 07:31","ObserverRequestProcessor.java","257603","178405","436008"
"2019-08-17 17:13","ObserverRequestProcessor.java","256932","178405","435337"
"2015-06-04 19:51","ObserverRequestProcessor.java","74960","21330","96290"
"2016-10-07 21:51","ObserverRequestProcessor.java","83275","24594","107869"
"2013-03-07 07:01","ObserverRequestProcessor.java","39549","12977","52526"
"2015-03-08 23:07","ObserverRequestProcessor.java","71263","21015","92278"
"2013-10-09 22:21","ObserverRequestProcessor.java","45363","13596","58959"
"2011-07-15 06:50","ObserverRequestProcessor.java","7880","1495","9375"
"2011-10-28 18:37","ObserverRequestProcessor.java","17162","7062","24224"
"2014-07-18 19:46","ObserverRequestProcessor.java","66213","20663","86876"
"2014-03-23 04:12","ObserverRequestProcessor.java","49887","13945","63832"
"2020-03-25 03:38","ObserverRequestProcessor.java","270811","179499","450310"
"2019-01-30 16:43","AvgMinMaxCounter.java","3120","266","3386"
"2019-04-12 19:01","AvgMinMaxCounter.java","8337","1369","9706"
"2019-08-17 17:13","AvgMinMaxCounter.java","55038","29877","84915"
"2019-05-08 21:54","AvgMinMaxCounter.java","11375","1712","13087"
"2019-10-10 14:37","ClientHammerTest.java","259857","214963","474820"
"2019-08-17 17:13","ClientHammerTest.java","256104","214963","471067"
"2019-07-23 15:55","SSLAuthTest.java","35614","13106","48720"
"2019-08-17 17:13","SSLAuthTest.java","62404","35904","98308"
"2019-06-03 19:40","SSLAuthTest.java","20246","8415","28661"
"2019-02-13 13:12","SSLAuthTest.java","12622","7176","19798"
"2020-02-26 22:41","NettyServerCnxnFactory.java","188218","159614","347832"
"2019-10-10 14:37","NettyServerCnxnFactory.java","178985","157282","336267"
"2019-09-10 18:50","NettyServerCnxnFactory.java","176329","157262","333591"
"2019-11-14 03:54","NettyServerCnxnFactory.java","183295","157336","340631"
"2019-02-12 15:25","NettyServerCnxnFactory.java","150826","154051","304877"
"2018-10-16 16:22","NettyServerCnxnFactory.java","131078","114731","245809"
"2019-02-15 15:36","NettyServerCnxnFactory.java","151327","154137","305464"
"2019-04-12 19:01","NettyServerCnxnFactory.java","154086","154329","308415"
"2018-11-22 17:56","NettyServerCnxnFactory.java","134351","147704","282055"
"2018-12-15 07:34","NettyServerCnxnFactory.java","138228","147705","285933"
"2019-02-13 13:12","NettyServerCnxnFactory.java","151032","154136","305168"
"2019-08-17 17:13","NettyServerCnxnFactory.java","174230","156280","330510"
"2019-11-23 17:08","NettyServerCnxnFactory.java","182112","159461","341573"
"2019-07-03 00:44","NettyServerCnxnFactory.java","161572","155609","317181"
"2019-06-05 00:29","NettyServerCnxnFactory.java","157993","154376","312369"
"2019-07-23 15:55","NettyServerCnxnFactory.java","169568","155610","325178"
"2019-06-24 11:05","NettyServerCnxnFactory.java","160887","155604","316491"
"2019-08-03 08:42","NettyServerCnxnFactory.java","174917","156259","331176"
"2011-04-12 09:14","Fs.java","14937","15099","30036"
"2019-09-20 10:06","TxnLogToolkit.java","42599","28638","71237"
"2019-12-27 22:33","TxnLogToolkit.java","54887","35111","89998"
"2019-11-28 12:24","TxnLogToolkit.java","50670","34666","85336"
"2019-08-17 17:13","TxnLogToolkit.java","37826","26728","64554"
"2019-06-03 19:40","JettyAdminServer.java","241216","222070","463286"
"2019-08-17 17:13","JettyAdminServer.java","255886","222071","477957"
"2019-07-29 17:09","JettyAdminServer.java","252900","222071","474971"
"2020-05-05 09:18","JettyAdminServer.java","271229","223652","494881"
"2019-10-10 14:37","JettyAdminServer.java","259639","222071","481710"
"2019-08-17 17:13","TestUtils.java","255916","220415","476331"
"2019-11-08 17:30","FinalRequestProcessor.java","262801","146571","409372"
"2019-07-08 23:26","FinalRequestProcessor.java","245963","146571","392534"
"2019-01-16 23:23","FinalRequestProcessor.java","233117","146521","379638"
"2018-09-18 01:00","FinalRequestProcessor.java","193167","89241","282408"
"2019-04-12 19:01","FinalRequestProcessor.java","238994","146571","385565"
"2019-02-07 11:26","FinalRequestProcessor.java","235470","146522","381992"
"2019-01-14 19:38","FinalRequestProcessor.java","232429","146521","378950"
"2013-03-07 07:01","FinalRequestProcessor.java","85788","28486","114274"
"2019-01-09 17:22","FinalRequestProcessor.java","235110","146522","381632"
"2011-07-01 00:53","FinalRequestProcessor.java","58946","22212","81158"
"2015-06-04 19:51","FinalRequestProcessor.java","115881","31521","147402"
"2019-09-10 04:26","FinalRequestProcessor.java","258232","146571","404803"
"2019-08-17 17:13","FinalRequestProcessor.java","257187","146571","403758"
"2016-10-07 21:51","FinalRequestProcessor.java","123089","33678","156767"
"2014-01-24 07:18","FinalRequestProcessor.java","95135","29100","124235"
"2019-06-26 10:57","FinalRequestProcessor.java","245037","146571","391608"
"2019-08-01 07:28","FinalRequestProcessor.java","257368","146571","403939"
"2019-07-03 00:44","FinalRequestProcessor.java","245200","146571","391771"
"2016-03-23 00:30","FinalRequestProcessor.java","119122","33218","152340"
"2019-08-06 17:11","FinalRequestProcessor.java","258288","146571","404859"
"2015-03-17 18:06","FinalRequestProcessor.java","113362","31336","144698"
"2018-07-10 12:46","FinalRequestProcessor.java","141595","42899","184494"
"2010-01-25 04:28","FinalRequestProcessor.java","14527","3016","17543"
"2020-03-25 03:38","FinalRequestProcessor.java","270911","147510","418421"
"2019-09-16 23:26","FinalRequestProcessor.java","260206","146571","406777"
"2019-10-10 14:37","FinalRequestProcessor.java","260940","146571","407511"
"2010-01-26 01:17","FinalRequestProcessor.java","15103","3183","18286"
"2009-11-12 20:53","FinalRequestProcessor.java","760","173","933"
"2019-11-21 05:58","FinalRequestProcessor.java","261293","147510","408803"
"2019-11-18 09:05","FinalRequestProcessor.java","261270","147510","408780"
"2012-12-19 19:16","FinalRequestProcessor.java","80867","28121","108988"
"2011-10-20 20:02","FinalRequestProcessor.java","65331","24751","90082"
"2011-04-12 09:14","FinalRequestProcessor.java","53413","21324","74737"
"2011-10-28 18:59","FinalRequestProcessor.java","65733","24902","90635"
"2019-11-11 13:59","FinalRequestProcessor.java","264597","146571","411168"
"2020-03-26 22:12","FinalRequestProcessor.java","270913","147510","418423"
"2014-04-17 08:47","FinalRequestProcessor.java","99096","30502","129598"
"2014-04-29 02:23","FinalRequestProcessor.java","99805","30505","130310"
"2010-03-19 07:46","FinalRequestProcessor.java","32854","11196","44050"
"2010-08-18 08:24","FinalRequestProcessor.java","57233","16189","73422"
"2013-10-09 22:21","FinalRequestProcessor.java","91490","28993","120483"
"2011-09-14 08:56","FinalRequestProcessor.java","65224","20495","85719"
"2019-11-08 17:30","FinalRequestProcessor.java","262861","146226","409087"
"2019-07-08 23:26","FinalRequestProcessor.java","246023","146226","392249"
"2019-01-16 23:23","FinalRequestProcessor.java","233179","146178","379357"
"2018-09-18 01:00","FinalRequestProcessor.java","193464","89133","282597"
"2019-04-12 19:01","FinalRequestProcessor.java","239054","146226","385280"
"2019-02-07 11:26","FinalRequestProcessor.java","235532","146179","381711"
"2019-01-14 19:38","FinalRequestProcessor.java","232491","146178","378669"
"2013-03-07 07:01","FinalRequestProcessor.java","86153","28446","114599"
"2019-01-09 17:22","FinalRequestProcessor.java","235172","146179","381351"
"2011-07-01 00:53","FinalRequestProcessor.java","59336","22197","81533"
"2015-06-04 19:51","FinalRequestProcessor.java","116226","31461","147687"
"2019-09-10 04:26","FinalRequestProcessor.java","258292","146226","404518"
"2019-08-17 17:13","FinalRequestProcessor.java","257247","146226","403473"
"2016-10-07 21:51","FinalRequestProcessor.java","123414","33598","157012"
"2014-01-24 07:18","FinalRequestProcessor.java","95487","29047","124534"
"2019-06-26 10:57","FinalRequestProcessor.java","245097","146226","391323"
"2019-08-01 07:28","FinalRequestProcessor.java","257428","146226","403654"
"2019-07-03 00:44","FinalRequestProcessor.java","245260","146226","391486"
"2016-03-23 00:30","FinalRequestProcessor.java","119451","33142","152593"
"2019-08-06 17:11","FinalRequestProcessor.java","258348","146226","404574"
"2015-03-17 18:06","FinalRequestProcessor.java","113709","31278","144987"
"2018-07-10 12:46","FinalRequestProcessor.java","141895","42794","184689"
"2010-01-25 04:28","FinalRequestProcessor.java","15156","3240","18396"
"2020-03-25 03:38","FinalRequestProcessor.java","270911","147105","418016"
"2019-09-16 23:26","FinalRequestProcessor.java","260266","146226","406492"
"2019-10-10 14:37","FinalRequestProcessor.java","261000","146226","407226"
"2009-11-07 01:48","FinalRequestProcessor.java","703","298","1001"
"2010-01-26 01:17","FinalRequestProcessor.java","15624","3299","18923"
"2009-11-12 20:53","FinalRequestProcessor.java","1421","429","1850"
"2019-11-21 05:58","FinalRequestProcessor.java","261293","147105","408398"
"2019-11-18 09:05","FinalRequestProcessor.java","261270","147105","408375"
"2012-12-19 19:16","FinalRequestProcessor.java","81233","28082","109315"
"2011-10-20 20:02","FinalRequestProcessor.java","65720","24735","90455"
"2011-04-12 09:14","FinalRequestProcessor.java","53804","21310","75114"
"2011-10-28 18:59","FinalRequestProcessor.java","66120","24884","91004"
"2019-11-11 13:59","FinalRequestProcessor.java","264657","146226","410883"
"2020-03-26 22:12","FinalRequestProcessor.java","270913","147105","418018"
"2014-04-17 08:47","FinalRequestProcessor.java","99448","30449","129897"
"2014-04-29 02:23","FinalRequestProcessor.java","100158","30453","130611"
"2010-03-19 07:46","FinalRequestProcessor.java","33368","11305","44673"
"2010-08-18 08:24","FinalRequestProcessor.java","57675","16226","73901"
"2013-10-09 22:21","FinalRequestProcessor.java","91844","28942","120786"
"2011-09-14 08:56","FinalRequestProcessor.java","65615","20481","86096"
"2019-10-10 14:37","Login.java","259669","220352","480021"
"2015-12-09 05:05","Login.java","483","93","576"
"2019-11-11 13:59","Login.java","263358","220384","483742"
"2017-11-28 00:10","Login.java","21851","13302","35153"
"2016-05-02 18:15","Login.java","3787","3523","7310"
"2019-08-17 17:13","Login.java","255916","220352","476268"
"2019-08-03 08:42","Login.java","256624","220352","476976"
"2019-08-17 17:13","GenerateLoad.java","256104","214171","470275"
"2018-08-06 14:11","GenerateLoad.java","56906","36462","93368"
"2015-02-06 06:17","GenerateLoad.java","1125","333","1458"
"2019-09-05 23:12","SessionTracker.java","176131","157193","333324"
"2019-08-17 17:13","SessionTracker.java","174230","156211","330441"
"2019-12-03 10:01","CommandsTest.java","62268","37472","99740"
"2019-11-29 14:49","CommandsTest.java","62228","37478","99706"
"2019-08-17 17:13","CommandsTest.java","47813","29620","77433"
"2019-06-03 19:40","CommandsTest.java","4304","780","5084"
"2019-06-29 00:33","CommandsTest.java","10459","4279","14738"
"2019-11-23 17:08","CommandsTest.java","60036","37142","97178"
"2019-06-04 10:55","CommandsTest.java","4626","949","5575"
"2019-05-27 10:54","CommandsTest.java","4092","579","4671"
"2019-08-17 17:13","MalformedPathException.java","255250","223892","479142"
"2019-10-10 14:37","ObserverZooKeeperServer.java","7470","3717","11187"
"2019-12-27 22:33","LeaderBeanTest.java","265525","230687","496212"
"2019-08-17 17:13","LeaderBeanTest.java","255075","228915","483990"
"2018-08-17 14:40","LeaderBeanTest.java","75296","69933","145229"
"2019-01-07 14:55","LeaderBeanTest.java","229826","228775","458601"
"2018-12-07 12:41","LeaderBeanTest.java","225518","228774","454292"
"2013-09-26 14:05","Zab1_0Test.java","9154","2350","11504"
"2014-05-09 23:37","Zab1_0Test.java","26478","9935","36413"
"2017-01-07 01:09","Zab1_0Test.java","59587","19167","78754"
"2015-12-06 21:30","Zab1_0Test.java","48004","14350","62354"
"2019-12-17 13:48","Zab1_0Test.java","264887","188603","453490"
"2013-11-19 02:03","Zab1_0Test.java","13502","2953","16455"
"2015-07-07 07:11","Zab1_0Test.java","46119","14016","60135"
"2019-12-27 22:33","Zab1_0Test.java","266436","188603","455039"
"2013-10-24 20:41","Zab1_0Test.java","13317","2906","16223"
"2019-10-10 14:37","Zab1_0Test.java","260166","187258","447424"
"2013-11-07 06:41","Zab1_0Test.java","13419","2918","16337"
"2015-05-14 18:40","Zab1_0Test.java","43382","12579","55961"
"2019-08-17 17:13","Zab1_0Test.java","256413","187258","443671"
"2019-06-03 19:40","Zab1_0Test.java","241744","187258","429002"
"2018-05-10 06:00","Zab1_0Test.java","69484","24355","93839"
"2017-11-28 00:10","Zab1_0Test.java","65811","23671","89482"
"2013-10-07 21:08","Zab1_0Test.java","9875","2547","12422"
"2017-08-18 06:32","Zab1_0Test.java","61311","23206","84517"
"2013-03-07 07:01","Zab1_0Test.java","5917","1405","7322"
"2017-02-12 00:12","Zab1_0Test.java","59128","21462","80590"
"2015-07-07 07:11","MultiOperationTest.java","33489","12702","46191"
"2019-09-18 11:20","MultiOperationTest.java","259272","198521","457793"
"2015-11-21 22:18","MultiOperationTest.java","35278","13003","48281"
"2019-06-26 10:57","MultiOperationTest.java","244210","198521","442731"
"2019-08-17 17:13","MultiOperationTest.java","256360","198521","454881"
"2014-10-28 05:35","MultiOperationTest.java","25055","10296","35351"
"2019-08-17 17:13","LeaderElectionBean.java","257706","90102","347808"
"2020-03-12 14:47","CnxManagerTest.java","1619","316","1935"
"2019-10-10 14:37","Login.java","259857","214963","474820"
"2015-12-09 05:05","Login.java","9099","3132","12231"
"2019-11-11 13:59","Login.java","263543","214992","478535"
"2015-11-21 22:18","Login.java","8630","3053","11683"
"2017-11-28 00:10","Login.java","29632","15506","45138"
"2016-05-02 18:15","Login.java","12214","6373","18587"
"2019-08-17 17:13","Login.java","256104","214963","471067"
"2019-08-03 08:42","Login.java","256812","214963","471775"
"2013-09-18 12:58","ClientCnxn.java","27484","10607","38091"
"2015-01-31 08:05","ClientCnxn.java","56801","18618","75419"
"2016-05-02 18:15","ClientCnxn.java","67442","23223","90665"
"2014-01-24 07:18","ClientCnxn.java","34812","11203","46015"
"2019-08-17 17:13","ClientCnxn.java","256742","177223","433965"
"2015-05-10 00:27","ClientCnxn.java","59608","18886","78494"
"2017-12-19 19:27","ClientCnxn.java","81507","28959","110466"
"2019-01-31 15:50","ClientCnxn.java","234349","177163","411512"
"2012-08-02 00:24","ClientCnxn.java","11811","7359","19170"
"2019-04-09 15:35","ClientCnxn.java","237550","177174","414724"
"2013-02-03 15:52","ClientCnxn.java","20574","9761","30335"
"2014-12-20 15:29","ClientCnxn.java","56783","18611","75394"
"2012-03-15 18:01","ClientCnxn.java","6783","4721","11504"
"2019-11-08 17:30","ClientCnxn.java","262384","177251","439635"
"2017-06-08 17:59","ClientCnxn.java","75734","27476","103210"
"2012-09-09 20:24","ClientCnxn.java","12742","7551","20293"
"2019-01-16 14:21","ClientCnxn.java","232662","177163","409825"
"2019-01-07 14:24","ClientCnxn.java","231511","177162","408673"
"2019-03-06 03:32","ClientCnxn.java","236477","177173","413650"
"2015-02-06 06:17","ClientCnxn.java","57068","18690","75758"
"2019-02-07 11:26","ClientCnxn.java","235015","177164","412179"
"2018-11-05 19:40","ClientCnxn.java","236400","158395","394795"
"2020-05-17 15:13","ClientCnxn.java","271920","178456","450376"
"2018-06-25 12:30","ClientCnxn.java","85328","29254","114582"
"2012-12-19 19:16","ClientCnxn.java","19459","9139","28598"
"2020-03-03 03:12","ClientCnxn.java","269706","178452","448158"
"2018-09-10 11:44","ClientCnxn.java","170657","111398","282055"
"2015-06-13 02:42","ClientCnxn.java","61358","19174","80532"
"2014-03-23 04:12","ClientCnxn.java","35698","11452","47150"
"2015-11-09 00:05","ClientCnxn.java","64024","20348","84372"
"2015-12-06 19:58","ClientCnxn.java","64386","20405","84791"
"2020-01-21 17:53","ClientCnxn.java","265967","178452","444419"
"2015-12-05 22:43","ClientCnxn.java","64383","20405","84788"
"2015-12-05 22:32","ClientCnxn.java","64377","20404","84781"
"2019-10-10 14:37","ClientCnxn.java","260495","177223","437718"
"2014-04-01 04:03","ClientCnxn.java","36740","11651","48391"
"2013-09-18 15:14","ClientCnxn.java","27506","10611","38117"
"2013-09-18 04:08","ClientCnxn.java","27401","10610","38011"
"2019-11-21 05:58","ClientCnxn.java","261138","178452","439590"
"2020-04-16 12:50","ClientCnxn.java","271545","178452","449997"
"2018-07-27 05:16","ClientCnxn.java","104412","47186","151598"
"2018-05-09 23:57","EphemeralTypeTest.java","17557","9334","26891"
"2019-08-17 17:13","EphemeralTypeTest.java","255827","223293","479120"
"2019-06-03 19:40","EphemeralTypeTest.java","241157","223292","464449"
"2018-10-18 11:18","EphemeralTypeTest.java","232644","201686","434330"
"2013-01-25 07:46","NIOServerCnxnFactory.java","38794","25837","64631"
"2015-03-17 18:06","NIOServerCnxnFactory.java","76494","34222","110716"
"2019-07-03 00:44","NIOServerCnxnFactory.java","244998","187413","432411"
"2019-08-17 17:13","NIOServerCnxnFactory.java","256985","187413","444398"
"2012-12-19 19:07","NIOServerCnxnFactory.java","37882","25771","63653"
"2019-08-03 08:42","NIOServerCnxnFactory.java","257693","187413","445106"
"2019-04-22 19:15","NIOServerCnxnFactory.java","239768","187414","427182"
"2014-09-28 19:15","NIOServerCnxnFactory.java","72883","33986","106869"
"2018-11-23 11:51","NIOServerCnxnFactory.java","225692","187347","413039"
"2012-08-28 21:51","NIOServerCnxnFactory.java","31889","24333","56222"
"2019-02-13 13:12","NIOServerCnxnFactory.java","235878","187360","423238"
"2014-07-18 02:19","NIOServerCnxnFactory.java","70119","33820","103939"
"2011-08-19 00:05","NIOServerCnxnFactory.java","17925","15526","33451"
"2013-03-07 07:01","NIOServerCnxnFactory.java","43840","26292","70132"
"2018-10-24 04:03","NIOServerCnxnFactory.java","236776","156287","393063"
"2019-04-12 19:01","NIOServerCnxnFactory.java","238793","187414","426207"
"2011-04-12 09:14","NIOServerCnxnFactory.java","5707","14662","20369"
"2018-06-15 08:02","NIOServerCnxnFactory.java","99700","41065","140765"
"2016-06-23 23:45","NIOServerCnxnFactory.java","84960","37099","122059"
"2011-04-06 18:17","NIOServerCnxnFactory.java","4772","13891","18663"
"2014-03-23 04:12","NIOServerCnxnFactory.java","54093","27175","81268"
"2011-12-28 07:07","NIOServerCnxnFactory.java","24098","21452","45550"
"2019-10-10 14:37","NIOServerCnxnFactory.java","260738","187413","448151"
"2019-11-14 03:54","NIOServerCnxnFactory.java","264994","187413","452407"
"2015-07-07 07:11","Base.java","76443","22280","98723"
"2015-07-07 07:11","MultiOperationTest.java","72119","22594","94713"
"2019-09-18 11:20","MultiOperationTest.java","259816","183022","442838"
"2011-10-26 19:00","MultiOperationTest.java","11834","6526","18360"
"2012-12-19 19:16","MultiOperationTest.java","29692","12314","42006"
"2011-09-17 02:13","MultiOperationTest.java","11018","4189","15207"
"2013-12-17 17:55","MultiOperationTest.java","42464","13726","56190"
"2015-11-21 22:18","MultiOperationTest.java","73780","22767","96547"
"2012-01-16 03:32","MultiOperationTest.java","14927","7699","22626"
"2012-03-17 01:31","MultiOperationTest.java","17466","8187","25653"
"2012-02-06 10:58","MultiOperationTest.java","15968","8097","24065"
"2012-02-06 11:13","MultiOperationTest.java","16020","8105","24125"
"2019-06-26 10:57","MultiOperationTest.java","244754","183022","427776"
"2019-08-17 17:13","MultiOperationTest.java","256904","183022","439926"
"2013-02-03 15:52","MultiOperationTest.java","30271","12400","42671"
"2014-10-28 05:35","MultiOperationTest.java","64479","20982","85461"
"2016-07-27 01:33","CliCommand.java","37360","16636","53996"
"2016-11-13 20:59","CliCommand.java","42018","17541","59559"
"2019-01-31 15:55","CliCommand.java","233823","201406","435229"
"2019-08-17 17:13","CliCommand.java","256271","201513","457784"
"2009-05-20 22:16","Leader.java","16817","797","17614"
"2019-08-17 17:13","Leader.java","257558","113845","371403"
"2019-06-29 00:33","Leader.java","245545","113845","359390"
"2019-06-03 19:40","Leader.java","242889","113845","356734"
"2014-05-20 23:42","Leader.java","124912","24208","149120"
"2019-07-15 14:15","Leader.java","252977","113845","366822"
"2015-03-17 18:06","Leader.java","137562","24621","162183"
"2019-07-25 21:41","Leader.java","254041","113845","367886"
"2018-05-10 06:00","Leader.java","156932","28098","185030"
"2018-07-12 01:33","Leader.java","164639","34872","199511"
"2009-11-18 20:06","Leader.java","48346","7631","55977"
"2018-02-07 01:05","Leader.java","154738","28038","182776"
"2017-11-28 00:10","Leader.java","153827","27982","181809"
"2019-06-05 00:33","Leader.java","243279","113845","357124"
"2015-04-10 22:22","Leader.java","138634","24625","163259"
"2011-06-14 07:14","Leader.java","85194","18058","103252"
"2019-08-03 08:42","Leader.java","258266","113845","372111"
"2019-06-05 23:57","Leader.java","243548","113845","357393"
"2012-12-08 00:38","Leader.java","103283","21699","124982"
"2013-10-07 21:08","Leader.java","113630","22597","136227"
"2012-12-31 02:38","Leader.java","105825","22120","127945"
"2017-01-13 19:29","Leader.java","151137","26809","177946"
"2012-07-05 18:01","Leader.java","98184","21526","119710"
"2019-01-07 14:55","Leader.java","232406","113802","346208"
"2019-04-12 19:01","Leader.java","239365","113845","353210"
"2018-12-09 03:16","Leader.java","230173","113802","343975"
"2018-08-17 14:40","Leader.java","180704","48641","229345"
"2019-11-29 14:49","Leader.java","264696","114426","379122"
"2013-03-07 07:01","Leader.java","110655","22438","133093"
"2018-11-27 10:02","Leader.java","227849","113802","341651"
"2015-02-06 06:17","Leader.java","136316","24597","160913"
"2012-02-27 03:41","Leader.java","95506","21212","116718"
"2017-02-15 23:04","Leader.java","148824","27452","176276"
"2014-07-18 02:19","Leader.java","131382","24414","155796"
"2012-01-04 01:15","Leader.java","94400","20984","115384"
"2011-12-28 01:26","Leader.java","94245","20982","115227"
"2018-08-29 06:26","Leader.java","194430","62159","256589"
"2018-08-03 18:52","Leader.java","170773","39508","210281"
"2011-04-29 18:12","Leader.java","83513","17992","101505"
"2013-05-14 14:27","Leader.java","110799","22457","133256"
"2012-02-06 09:40","Leader.java","95072","21019","116091"
"2017-09-11 18:55","Leader.java","149912","27924","177836"
"2018-09-18 01:00","Leader.java","201360","66519","267879"
"2011-10-20 20:02","Leader.java","92148","20653","112801"
"2012-01-14 00:28","Leader.java","94502","20988","115490"
"2012-01-06 02:32","Leader.java","94401","20984","115385"
"2012-03-15 17:47","Leader.java","96497","21224","117721"
"2011-04-12 09:14","Leader.java","83159","17973","101132"
"2010-07-23 06:22","Leader.java","81966","13725","95691"
"2011-09-22 07:42","Leader.java","92416","19129","111545"
"2010-08-18 08:24","Leader.java","88262","14121","102383"
"2016-12-20 14:47","Leader.java","150288","26802","177090"
"2014-07-20 04:50","Leader.java","131929","24440","156369"
"2014-06-10 00:19","Leader.java","125850","24212","150062"
"2016-06-23 23:25","Leader.java","144697","26275","170972"
"2016-06-23 23:45","Leader.java","144805","26275","171080"
"2020-03-25 03:38","Leader.java","270924","114426","385350"
"2014-03-23 04:12","Leader.java","120407","22820","143227"
"2009-10-30 17:19","Leader.java","38635","6793","45428"
"2019-12-27 22:33","Leader.java","266817","114426","381243"
"2009-08-27 20:07","Leader.java","35307","5098","40405"
"2009-08-25 07:45","Leader.java","35300","5094","40394"
"2016-08-13 15:01","Leader.java","145707","26482","172189"
"2013-10-21 23:36","Leader.java","116421","22646","139067"
"2019-10-10 14:37","Leader.java","261311","113845","375156"
"2013-11-07 06:41","Leader.java","116879","22673","139552"
"2019-12-17 13:48","Zab1_0Test.java","264004","225825","489829"
"2019-12-27 22:33","Zab1_0Test.java","265554","225826","491380"
"2019-10-10 14:37","Zab1_0Test.java","258987","224184","483171"
"2019-08-17 17:13","Zab1_0Test.java","255234","224184","479418"
"2019-06-03 19:40","Zab1_0Test.java","240564","224183","464747"
"2018-05-10 06:00","Zab1_0Test.java","8883","1859","10742"
"2017-11-28 00:10","Zab1_0Test.java","4800","765","5565"
"2020-03-26 18:41","ZooKeeperMain.java","270927","123615","394542"
"2016-10-16 14:21","ZooKeeperMain.java","138540","27355","165895"
"2011-05-20 01:17","ZooKeeperMain.java","75338","18522","93860"
"2011-04-12 09:14","ZooKeeperMain.java","74489","18492","92981"
"2020-04-01 17:02","ZooKeeperMain.java","271251","123615","394866"
"2013-10-01 23:18","ZooKeeperMain.java","104734","23291","128025"
"2019-10-10 14:37","ZooKeeperMain.java","261311","123034","384345"
"2015-11-22 00:33","ZooKeeperMain.java","133625","25513","159138"
"2020-03-26 22:19","ZooKeeperMain.java","270996","123615","394611"
"2011-08-18 22:05","ZooKeeperMain.java","78677","16948","95625"
"2011-05-16 19:39","ZooKeeperMain.java","74908","18520","93428"
"2015-11-08 22:54","ZooKeeperMain.java","133297","25478","158775"
"2016-07-27 01:33","ZooKeeperMain.java","136667","27030","163697"
"2014-04-04 00:39","ZooKeeperMain.java","112914","23652","136566"
"2019-11-28 12:24","ZooKeeperMain.java","263045","123615","386660"
"2016-11-13 20:59","ZooKeeperMain.java","140756","27366","168122"
"2019-08-03 08:42","ZooKeeperMain.java","258266","123034","381300"
"2009-06-09 07:04","ZooKeeperMain.java","9701","929","10630"
"2012-03-18 07:03","ZooKeeperMain.java","87974","21933","109907"
"2017-07-28 00:36","ZooKeeperMain.java","140847","28611","169458"
"2016-05-02 18:15","ZooKeeperMain.java","135367","26996","162363"
"2015-03-28 20:08","ZooKeeperMain.java","130084","25343","155427"
"2019-08-17 17:13","ZooKeeperMain.java","257558","123034","380592"
"2009-06-10 01:03","ZooKeeperMain.java","11307","1414","12721"
"2009-06-09 07:12","ZooKeeperMain.java","9775","964","10739"
"2009-07-31 22:32","ZooKeeperMain.java","23497","4345","27842"
"2013-09-02 23:04","ZooKeeperMain.java","103853","23170","127023"
"2018-08-06 14:11","ZooKeeperMain.java","162487","40305","202792"
"2010-11-10 23:36","ZooKeeperMain.java","110729","14734","125463"
"2011-04-12 09:14","GenerateLoad.java","93189","17738","110927"
"2019-08-17 17:13","GenerateLoad.java","257683","103705","361388"
"2014-11-29 16:53","GenerateLoad.java","145182","24052","169234"
"2014-08-14 09:32","GenerateLoad.java","142517","24008","166525"
"2018-08-06 14:11","GenerateLoad.java","175613","34039","209652"
"2015-02-06 06:17","GenerateLoad.java","146030","24108","170138"
"2019-11-29 14:49","QuorumCnxManager.java","264150","208034","472184"
"2018-07-11 06:04","QuorumCnxManager.java","51322","25025","76347"
"2018-08-06 14:11","QuorumCnxManager.java","63712","35642","99354"
"2018-10-16 16:22","QuorumCnxManager.java","234932","186976","421908"
"2019-06-14 09:06","QuorumCnxManager.java","244152","206595","450747"
"2019-08-03 08:42","QuorumCnxManager.java","256862","206595","463457"
"2019-11-13 20:41","QuorumCnxManager.java","263901","206623","470524"
"2019-04-09 16:08","QuorumCnxManager.java","236922","206507","443429"
"2019-08-06 12:52","QuorumCnxManager.java","257127","206595","463722"
"2017-02-09 11:40","QuorumCnxManager.java","31609","10289","41898"
"2019-05-20 23:13","QuorumCnxManager.java","241010","206579","447589"
"2015-04-09 20:16","QuorumCnxManager.java","12733","2030","14763"
"2017-08-23 02:16","QuorumCnxManager.java","34045","15421","49466"
"2019-07-27 20:04","QuorumCnxManager.java","252685","206595","459280"
"2015-05-29 23:46","QuorumCnxManager.java","14020","2801","16821"
"2015-05-14 07:10","QuorumCnxManager.java","13518","2595","16113"
"2020-03-12 14:47","QuorumCnxManager.java","269537","208035","477572"
"2019-08-17 17:13","QuorumCnxManager.java","256154","206595","462749"
"2017-11-28 00:10","QuorumCnxManager.java","38528","15984","54512"
"2019-10-10 14:37","QuorumCnxManager.java","259907","206595","466502"
"2014-07-23 19:36","QuorumCnxManager.java","4919","649","5568"
"2017-06-09 18:37","QuorumCnxManager.java","32473","14145","46618"
"2020-01-23 13:43","QuorumCnxManager.java","267521","208035","475556"
"2019-11-28 12:24","QuorumCnxManager.java","262499","208034","470533"
"2016-06-08 17:43","QuorumCnxManager.java","22641","7890","30531"
"2020-03-23 16:20","QuorumCnxManager.java","269708","208035","477743"
"2020-02-16 10:25","QuorumCnxManager.java","268234","208035","476269"
"2014-07-22 06:45","QuorumCnxManager.java","4828","633","5461"
"2018-07-27 12:32","QuorumCnxManager.java","62897","35439","98336"
"2019-06-26 10:57","ZooDefs.java","244005","203510","447515"
"2015-06-04 19:51","ZooDefs.java","19150","4090","23240"
"2019-08-17 17:13","ZooDefs.java","256155","203510","459665"
"2016-10-07 21:51","ZooDefs.java","30216","10105","40321"
"2017-07-28 00:36","ZooDefs.java","37490","16280","53770"
"2019-01-16 14:21","ZooDefs.java","232027","203402","435429"
"2019-01-07 14:24","ZooDefs.java","230876","203401","434277"
"2019-11-08 17:30","ZooDefs.java","261797","203538","465335"
"2019-07-31 19:06","ZooDefs.java","255462","203510","458972"
"2019-02-07 11:26","ZooDefs.java","234380","203403","437783"
"2019-11-08 17:30","ZooKeeper.java","2052","191","2243"
"2020-04-16 12:50","ZooKeeper.java","20732","10911","31643"
"2020-05-17 15:13","ZooKeeper.java","24666","14474","39140"
"2017-09-11 18:55","QuorumBase.java","30690","15897","46587"
"2019-07-12 17:01","QuorumBase.java","251463","210485","461948"
"2019-08-17 17:13","QuorumBase.java","256150","210485","466635"
"2019-08-01 07:31","QuorumBase.java","256821","210485","467306"
"2018-08-08 06:21","QuorumBase.java","107910","83370","191280"
"2019-10-10 14:37","QuorumBase.java","259903","210485","470388"
"2020-03-25 03:38","QuorumBase.java","270377","211927","482304"
"2019-10-10 14:37","ClientTest.java","260160","187365","447525"
"2019-12-28 16:17","ClientTest.java","266337","188710","455047"
"2014-07-25 01:31","ClientTest.java","35401","11515","46916"
"2017-01-09 22:49","ClientTest.java","59502","19173","78675"
"2014-07-08 20:18","ClientTest.java","30519","11020","41539"
"2017-05-01 17:19","ClientTest.java","60010","21537","81547"
"2018-11-22 17:56","ClientTest.java","225004","187265","412269"
"2017-06-30 22:43","ClientTest.java","60653","22659","83312"
"2019-03-06 03:32","ClientTest.java","236112","187285","423397"
"2019-08-17 17:13","ClientTest.java","256407","187365","443772"
"2020-05-05 21:20","ServerMetrics.java","72513","43010","115523"
"2020-02-26 22:41","ServerMetrics.java","65748","39407","105155"
"2020-03-25 03:38","ServerMetrics.java","68031","39559","107590"
"2019-09-16 23:26","ServerMetrics.java","49910","31204","81114"
"2019-11-18 09:05","ServerMetrics.java","56085","37254","93339"
"2020-05-03 19:43","ServerMetrics.java","69589","40181","109770"
"2019-06-29 00:33","ServerMetrics.java","7645","3971","11616"
"2019-11-23 17:08","ServerMetrics.java","57837","37449","95286"
"2019-08-17 17:13","ServerMetrics.java","45395","29708","75103"
"2019-06-05 00:46","ServerMetrics.java","2252","705","2957"
"2019-06-05 23:57","ServerMetrics.java","2384","707","3091"
"2019-05-21 23:34","ServerMetrics.java","908","233","1141"
"2019-07-23 15:55","ServerMetrics.java","17184","5489","22673"
"2019-07-08 23:26","ServerMetrics.java","8649","4186","12835"
"2019-07-31 19:06","ServerMetrics.java","21961","6967","28928"
"2019-10-10 14:37","Observer.java","51834","32078","83912"
"2019-12-27 22:33","Observer.java","62666","37985","100651"
"2019-07-15 14:15","Observer.java","16645","5223","21868"
"2019-08-23 19:43","Observer.java","46432","29763","76195"
"2019-08-17 17:13","Observer.java","45764","29761","75525"
"2019-06-05 00:33","Observer.java","2522","798","3320"
"2019-07-02 07:34","Observer.java","8088","4142","12230"
"2019-10-10 14:37","BufferSizeTest.java","7470","3717","11187"
"2019-10-10 14:37","ZKDatabase.java","57691","32270","89961"
"2019-12-27 22:33","ZKDatabase.java","68291","37945","106236"
"2019-11-08 17:30","ZKDatabase.java","59706","32424","92130"
"2019-05-14 17:11","ZKDatabase.java","7763","1428","9191"
"2019-04-12 19:01","ZKDatabase.java","4537","1062","5599"
"2019-08-17 17:13","ZKDatabase.java","51869","30201","82070"
"2019-09-10 00:27","ZKDatabase.java","54015","31407","85422"
"2019-04-09 15:35","ZKDatabase.java","3235","710","3945"
"2018-02-07 01:05","LeaderBean.java","11211","7997","19208"
"2018-07-12 01:33","LeaderBean.java","25140","18859","43999"
"2019-07-25 21:41","LeaderBean.java","251759","225902","477661"
"2019-08-17 17:13","LeaderBean.java","255276","225902","481178"
"2019-01-07 14:55","LeaderBean.java","230048","225783","455831"
"2018-08-17 14:40","LeaderBean.java","85688","77111","162799"
"2019-08-17 17:13","NIOServerCnxnTest.java","256369","193589","449958"
"2019-07-03 00:44","NIOServerCnxnTest.java","244382","193589","437971"
"2018-07-12 01:33","NIOServerCnxnTest.java","72259","32572","104831"
"2019-10-10 14:37","QuorumPeerMain.java","260221","179987","440208"
"2020-01-23 13:43","QuorumPeerMain.java","267707","181299","449006"
"2019-11-28 12:24","QuorumPeerMain.java","262686","181299","443985"
"2013-10-09 22:21","QuorumPeerMain.java","21406","4373","25779"
"2020-02-16 10:25","QuorumPeerMain.java","268420","181299","449719"
"2019-04-18 19:17","QuorumPeerMain.java","238969","179971","418940"
"2019-11-11 13:59","QuorumPeerMain.java","263906","180015","443921"
"2019-04-12 19:01","QuorumPeerMain.java","238259","179971","418230"
"2018-09-11 15:23","QuorumPeerMain.java","164852","107645","272497"
"2017-02-13 22:09","QuorumPeerMain.java","66640","21648","88288"
"2014-07-18 02:19","QuorumPeerMain.java","43029","12440","55469"
"2018-08-06 14:11","QuorumPeerMain.java","97696","42704","140400"
"2017-07-28 00:36","QuorumPeerMain.java","68346","23300","91646"
"2019-08-17 17:13","QuorumPeerMain.java","256468","179987","436455"
"2015-03-17 18:06","QuorumPeerMain.java","49913","13351","63264"
"2017-11-28 00:10","QuorumPeerMain.java","73287","23821","97108"
"2019-11-29 14:49","QuorumUtil.java","8927","6123","15050"
"2020-03-12 14:47","QuorumUtil.java","18276","10086","28362"
"2020-03-26 22:20","InstanceContainer.java","25357","12317","37674"
"2019-08-17 17:13","Leader.java","256147","210776","466923"
"2019-06-29 00:33","Leader.java","244134","210776","454910"
"2019-06-03 19:40","Leader.java","241478","210776","452254"
"2019-07-15 14:15","Leader.java","251566","210776","462342"
"2015-03-17 18:06","Leader.java","6860","1408","8268"
"2019-07-25 21:41","Leader.java","252630","210776","463406"
"2018-05-10 06:00","Leader.java","38341","16996","55337"
"2018-07-12 01:33","Leader.java","47762","25484","73246"
"2018-02-07 01:05","Leader.java","35819","16608","52427"
"2017-11-28 00:10","Leader.java","34511","16155","50666"
"2019-06-05 00:33","Leader.java","241868","210776","452644"
"2015-04-10 22:22","Leader.java","7974","1454","9428"
"2019-08-03 08:42","Leader.java","256855","210776","467631"
"2019-06-05 23:57","Leader.java","242137","210776","452913"
"2017-01-13 19:29","Leader.java","26546","9707","36253"
"2019-01-07 14:55","Leader.java","230928","210666","441594"
"2019-04-12 19:01","Leader.java","237938","210760","448698"
"2018-12-09 03:16","Leader.java","228694","210665","439359"
"2018-08-17 14:40","Leader.java","107823","83249","191072"
"2019-11-29 14:49","Leader.java","264148","212220","476368"
"2018-11-27 10:02","Leader.java","226370","210665","437035"
"2015-02-06 06:17","Leader.java","5399","1169","6568"
"2017-02-15 23:04","Leader.java","26521","12638","39159"
"2018-08-29 06:26","Leader.java","131722","106940","238662"
"2018-08-03 18:52","Leader.java","59802","36026","95828"
"2017-09-11 18:55","Leader.java","30216","15717","45933"
"2018-09-18 01:00","Leader.java","139591","112239","251830"
"2016-12-20 14:47","Leader.java","25615","9618","35233"
"2016-06-23 23:25","Leader.java","18446","7513","25959"
"2016-06-23 23:45","Leader.java","18588","7547","26135"
"2020-03-25 03:38","Leader.java","270377","212221","482598"
"2019-12-27 22:33","Leader.java","266269","212220","478489"
"2016-08-13 15:01","Leader.java","19771","8035","27806"
"2019-10-10 14:37","Leader.java","259900","210776","470676"
"2020-05-05 21:20","ServerMetrics.java","70777","42821","113598"
"2020-02-26 22:41","ServerMetrics.java","63966","39172","103138"
"2020-03-25 03:38","ServerMetrics.java","66252","39327","105579"
"2019-09-16 23:26","ServerMetrics.java","48103","30944","79047"
"2019-11-18 09:05","ServerMetrics.java","54292","37008","91300"
"2020-05-03 19:43","ServerMetrics.java","67852","39991","107843"
"2019-06-29 00:33","ServerMetrics.java","5400","3273","8673"
"2019-11-23 17:08","ServerMetrics.java","56044","37203","93247"
"2019-08-17 17:13","ServerMetrics.java","43507","29367","72874"
"2019-07-23 15:55","ServerMetrics.java","14948","4800","19748"
"2019-07-08 23:26","ServerMetrics.java","6409","3493","9902"
"2019-07-31 19:06","ServerMetrics.java","19749","6302","26051"
"2019-11-28 12:24","DataTree.java","262864","179158","442022"
"2019-10-10 14:37","DataTree.java","260402","177849","438251"
"2019-12-27 22:33","DataTree.java","266636","179158","445794"
"2015-06-06 03:48","DataTree.java","56871","15551","72422"
"2019-11-11 13:59","DataTree.java","264087","177877","441964"
"2018-07-10 13:29","DataTree.java","89251","33722","122973"
"2012-12-19 19:16","DataTree.java","14294","4693","18987"
"2014-04-17 08:47","DataTree.java","39094","13645","52739"
"2014-04-29 02:23","DataTree.java","39806","13651","53457"
"2018-09-28 23:38","DataTree.java","172577","109222","281799"
"2019-11-08 17:30","DataTree.java","262291","177877","440168"
"2013-09-05 23:50","DataTree.java","22276","6403","28679"
"2019-01-30 16:28","DataTree.java","233683","177772","411455"
"2019-01-30 17:02","DataTree.java","234227","177772","411999"
"2016-11-24 17:18","DataTree.java","70119","21032","91151"
"2017-09-11 18:55","DataTree.java","72888","24960","97848"
"2017-02-05 07:22","DataTree.java","71741","21215","92956"
"2014-07-18 02:19","DataTree.java","47494","14586","62080"
"2019-02-07 11:26","DataTree.java","234905","177773","412678"
"2013-03-07 07:01","DataTree.java","20124","5967","26091"
"2018-09-04 11:54","DataTree.java","167243","108972","276215"
"2018-09-05 22:35","DataTree.java","167518","108991","276509"
"2018-12-20 15:17","DataTree.java","230171","177771","407942"
"2019-09-10 09:53","DataTree.java","257698","177849","435547"
"2019-04-12 19:01","DataTree.java","238456","177849","416305"
"2019-07-31 19:06","DataTree.java","255956","177849","433805"
"2019-09-11 10:27","DataTree.java","258005","177849","435854"
"2013-10-22 12:54","DataTree.java","26888","6946","33834"
"2016-03-23 00:30","DataTree.java","62363","19604","81967"
"2019-08-01 07:31","DataTree.java","257320","177849","435169"
"2014-01-24 07:18","DataTree.java","30033","7143","37176"
"2019-08-17 17:13","DataTree.java","256649","177849","434498"
"2019-09-10 15:21","DataTree.java","257692","177849","435541"
"2015-06-04 19:51","DataTree.java","56759","15544","72303"
"2016-10-07 21:51","DataTree.java","66692","20426","87118"
"2017-06-18 19:23","DataTree.java","71836","24222","96058"
"2019-04-12 12:29","DataTree.java","238025","177849","415874"
"2019-08-03 08:42","DataTree.java","257357","177849","435206"
"2019-08-09 16:15","DataTree.java","258105","177849","435954"
"2016-11-13 20:59","DataTree.java","68969","20450","89419"
"2019-04-29 16:49","DataTree.java","240486","177849","418335"
"2016-04-24 23:21","ContainerManager.java","6259","4740","10999"
"2019-12-03 19:35","ContainerManager.java","264137","219937","484074"
"2018-05-09 23:57","ContainerManager.java","28407","15133","43540"
"2019-08-17 17:13","ContainerManager.java","255978","218393","474371"
"2016-10-07 21:51","ContainerManager.java","11533","6482","18015"
"2019-06-03 19:40","ContainerManager.java","241308","218392","459700"
"2017-02-05 07:22","ContainerManager.java","17057","7746","24803"
"2019-11-21 05:58","NIOServerCnxn.java","261125","179337","440462"
"2015-11-08 22:36","NIOServerCnxn.java","59443","16744","76187"
"2019-11-18 09:05","NIOServerCnxn.java","261102","179337","440439"
"2013-09-10 00:37","NIOServerCnxn.java","22186","6427","28613"
"2019-09-16 23:26","NIOServerCnxn.java","259668","178028","437696"
"2019-10-10 14:37","NIOServerCnxn.java","260402","178028","438430"
"2013-10-05 00:57","NIOServerCnxn.java","23163","6650","29813"
"2018-09-28 23:38","NIOServerCnxn.java","172441","109265","281706"
"2020-02-11 06:50","NIOServerCnxn.java","268477","179337","447814"
"2019-01-23 14:00","NIOServerCnxn.java","233299","177951","411250"
"2019-07-08 23:26","NIOServerCnxn.java","245425","178028","423453"
"2019-04-12 19:01","NIOServerCnxn.java","238456","178028","416484"
"2019-01-14 19:38","NIOServerCnxn.java","231863","177950","409813"
"2018-11-17 18:33","NIOServerCnxn.java","224644","177948","402592"
"2017-03-04 19:22","NIOServerCnxn.java","70783","23185","93968"
"2013-12-11 19:22","NIOServerCnxn.java","27596","7029","34625"
"2016-12-22 23:23","NIOServerCnxn.java","70728","21140","91868"
"2018-09-18 01:00","NIOServerCnxn.java","169704","109102","278806"
"2019-08-17 17:13","NIOServerCnxn.java","256649","178028","434677"
"2015-06-28 21:09","NIOServerCnxn.java","57876","16485","74361"
"2015-03-28 20:08","NIOServerCnxn.java","54948","15257","70205"
"2019-07-03 00:44","NIOServerCnxn.java","244662","178028","422690"
"2019-08-03 08:42","NIOServerCnxn.java","257357","178028","435385"
"2016-11-16 06:21","NIOServerCnxn.java","69388","20501","89889"
"2012-12-19 19:07","NIOServerCnxn.java","13186","4645","17831"
"2019-06-07 14:13","SessionTest.java","243119","167976","411095"
"2019-08-17 17:13","SessionTest.java","257015","167976","424991"
"2017-09-11 18:55","SessionTest.java","111393","40664","152057"
"2010-11-04 17:01","SessionTest.java","55197","5648","60845"
"2018-09-22 06:48","SessionTest.java","186762","103111","289873"
"2011-10-25 08:09","SessionTest.java","42821","22531","65352"
"2010-08-17 09:24","SessionTest.java","19891","3784","23675"
"2011-04-12 09:14","SessionTest.java","27920","17408","45328"
"2010-08-18 08:24","SessionTest.java","24450","4983","29433"
"2010-10-21 02:44","SessionTest.java","55078","5635","60713"
"2010-08-05 09:09","SessionTest.java","17821","3490","21311"
"2013-12-21 22:05","SessionTest.java","72367","28511","100878"
"2019-10-10 14:37","SessionTest.java","260768","167976","428744"
"2015-07-07 07:11","SessionTest.java","100322","35773","136095"
"2019-12-28 16:17","SessionTest.java","266647","169023","435670"
"2019-08-17 17:13","SerializationPerfTest.java","257015","167976","424991"
"2011-04-12 09:14","SerializationPerfTest.java","27920","17408","45328"
"2011-06-23 18:01","SerializationPerfTest.java","30641","18034","48675"
"2019-10-10 14:37","SerializationPerfTest.java","260768","167976","428744"
"2019-11-21 05:58","NIOServerCnxn.java","260047","227847","487894"
"2019-11-18 09:05","NIOServerCnxn.java","260024","227847","487871"
"2019-09-16 23:26","NIOServerCnxn.java","258295","226243","484538"
"2019-10-10 14:37","NIOServerCnxn.java","259029","226243","485272"
"2018-09-28 23:38","NIOServerCnxn.java","121820","108232","230052"
"2020-02-11 06:50","NIOServerCnxn.java","267401","227849","495250"
"2019-01-23 14:00","NIOServerCnxn.java","231885","226125","458010"
"2019-07-08 23:26","NIOServerCnxn.java","244051","226242","470293"
"2019-04-12 19:01","NIOServerCnxn.java","237064","226224","463288"
"2019-01-14 19:38","NIOServerCnxn.java","230449","226124","456573"
"2018-11-17 18:33","NIOServerCnxn.java","223230","226122","449352"
"2017-03-04 19:22","NIOServerCnxn.java","1754","3744","5498"
"2018-09-18 01:00","NIOServerCnxn.java","118564","107550","226114"
"2019-08-17 17:13","NIOServerCnxn.java","255276","226243","481519"
"2019-07-03 00:44","NIOServerCnxn.java","243288","226242","469530"
"2019-08-03 08:42","NIOServerCnxn.java","255984","226243","482227"
"2019-02-06 09:46","ZooKeeper.java","233868","201735","435603"
"2019-01-16 14:21","ZooKeeper.java","232144","201734","433878"
"2017-04-18 02:02","ZooKeeper.java","44861","21127","65988"
"2019-11-08 17:30","ZooKeeper.java","261913","201869","463782"
"2019-02-07 11:26","ZooKeeper.java","234497","201735","436232"
"2017-05-01 17:19","ZooKeeper.java","45004","21143","66147"
"2019-08-17 17:13","ZooKeeper.java","256271","201841","458112"
"2015-06-04 19:51","ZooKeeper.java","28356","11511","39867"
"2016-10-07 21:51","ZooKeeper.java","39281","17385","56666"
"2015-03-16 09:09","ZooKeeper.java","24303","10502","34805"
"2015-03-17 18:06","ZooKeeper.java","25122","10611","35733"
"2016-05-02 18:15","ZooKeeper.java","35328","16198","51526"
"2019-06-26 10:57","ZooKeeper.java","244121","201841","445962"
"2019-06-03 19:40","ZooKeeper.java","241602","201841","443443"
"2018-05-09 23:57","ZooKeeper.java","54852","24733","79585"
"2019-08-03 08:42","ZooKeeper.java","256979","201841","458820"
"2016-11-13 20:59","ZooKeeper.java","41686","17537","59223"
"2017-07-28 00:36","ZooKeeper.java","46377","23382","69759"
"2017-08-18 23:35","ZooKeeper.java","46960","23480","70440"
"2017-07-04 07:56","ZooKeeper.java","45971","22366","68337"
"2020-04-16 12:50","ZooKeeper.java","271283","203279","474562"
"2018-07-27 05:16","ZooKeeper.java","75479","43342","118821"
"2019-10-10 14:37","ZooKeeper.java","260024","201841","461865"
"2019-02-11 12:34","ZooKeeper.java","234860","201735","436595"
"2014-07-08 20:18","ZooKeeper.java","13717","8830","22547"
"2020-05-17 15:13","ZooKeeper.java","271665","203290","474955"
"2017-01-09 22:49","ZooKeeper.java","43985","18268","62253"
"2019-03-12 19:08","ZooKeeper.java","236305","201752","438057"
"2014-07-22 06:51","ZooKeeper.java","18534","9449","27983"
"2014-04-29 02:23","ZooKeeper.java","9321","7536","16857"
"2013-12-16 05:18","NettyServerCnxnFactory.java","8337","1743","10080"
"2016-06-23 23:45","NettyServerCnxnFactory.java","47817","17504","65321"
"2020-02-26 22:41","NettyServerCnxnFactory.java","268406","193109","461515"
"2019-10-10 14:37","NettyServerCnxnFactory.java","260159","191763","451922"
"2013-10-05 00:57","NettyServerCnxnFactory.java","3752","1217","4969"
"2019-09-10 18:50","NettyServerCnxnFactory.java","257523","191763","449286"
"2019-11-14 03:54","NettyServerCnxnFactory.java","264443","191791","456234"
"2019-02-12 15:25","NettyServerCnxnFactory.java","235134","191666","426800"
"2018-10-16 16:22","NettyServerCnxnFactory.java","235343","172303","407646"
"2019-02-15 15:36","NettyServerCnxnFactory.java","235565","191682","427247"
"2019-04-12 19:01","NettyServerCnxnFactory.java","238197","191747","429944"
"2018-11-22 17:56","NettyServerCnxnFactory.java","225003","191663","416666"
"2018-09-22 06:48","NettyServerCnxnFactory.java","158516","111823","270339"
"2018-12-15 07:34","NettyServerCnxnFactory.java","228879","191663","420542"
"2014-07-18 02:19","NettyServerCnxnFactory.java","29702","10951","40653"
"2019-02-13 13:12","NettyServerCnxnFactory.java","235273","191684","426957"
"2019-08-17 17:13","NettyServerCnxnFactory.java","256406","191763","448169"
"2015-03-17 18:06","NettyServerCnxnFactory.java","36957","12233","49190"
"2015-03-28 20:08","NettyServerCnxnFactory.java","37980","12267","50247"
"2019-11-23 17:08","NettyServerCnxnFactory.java","262453","193109","455562"
"2019-07-03 00:44","NettyServerCnxnFactory.java","244419","191763","436182"
"2019-06-05 00:29","NettyServerCnxnFactory.java","242073","191763","433836"
"2019-07-23 15:55","NettyServerCnxnFactory.java","252414","191763","444177"
"2014-09-28 19:15","NettyServerCnxnFactory.java","33044","11695","44739"
"2019-06-24 11:05","NettyServerCnxnFactory.java","243739","191763","435502"
"2015-01-30 03:23","NettyServerCnxnFactory.java","35240","11944","47184"
"2019-08-03 08:42","NettyServerCnxnFactory.java","257114","191763","448877"
"2018-07-10 12:46","QuorumTest.java","103864","35898","139762"
"2019-08-17 17:13","QuorumTest.java","256932","178405","435337"
"2012-12-13 08:14","QuorumTest.java","31973","11896","43869"
"2011-06-22 00:19","QuorumTest.java","3202","1133","4335"
"2011-07-15 06:50","QuorumTest.java","7880","1495","9375"
"2013-10-09 22:21","QuorumTest.java","45363","13596","58959"
"2011-09-17 02:13","QuorumTest.java","16250","4783","21033"
"2019-10-10 14:37","QuorumTest.java","260685","178405","439090"
"2019-09-18 11:20","QuorumTest.java","259844","178405","438249"
"2019-12-28 16:17","QuorumTest.java","266611","179499","446110"
"2015-11-03 08:11","QuorumTest.java","77463","22368","99831"
"2011-07-29 10:14","QuorumTest.java","10534","1617","12151"
"2020-01-09 11:27","QuorumPeerConfig.java","11937","7587","19524"
"2020-01-23 13:43","QuorumPeerConfig.java","14381","8207","22588"
"2020-02-16 10:25","QuorumPeerConfig.java","16868","9981","26849"
"2020-05-14 18:18","QuorumPeerConfig.java","24066","13954","38020"
"2019-10-10 14:37","ZKDatabase.java","53666","31720","85386"
"2019-12-27 22:33","ZKDatabase.java","64489","37618","102107"
"2019-11-08 17:30","ZKDatabase.java","55697","31890","87587"
"2019-05-14 17:11","ZKDatabase.java","3276","416","3692"
"2019-08-17 17:13","ZKDatabase.java","47813","29620","77433"
"2019-09-10 00:27","ZKDatabase.java","49969","30836","80805"
"2019-11-14 03:54","ServerCnxnFactory.java","81210","71499","152709"
"2019-11-11 13:59","ServerCnxnFactory.java","80541","71429","151970"
"2019-02-13 13:12","ServerCnxnFactory.java","23268","42620","65888"
"2019-08-17 17:13","ServerCnxnFactory.java","71037","69335","140372"
"2019-06-07 14:13","ServerCnxnFactory.java","31837","44031","75868"
"2019-07-03 00:44","ServerCnxnFactory.java","36787","47072","83859"
"2019-09-18 11:20","MultiOperationTest.java","258828","220352","479180"
"2019-06-26 10:57","MultiOperationTest.java","243765","220351","464116"
"2019-08-17 17:13","MultiOperationTest.java","255916","220352","476268"
"2017-06-26 00:07","Util.java","87784","27621","115405"
"2018-02-14 21:23","Util.java","93391","28156","121547"
"2019-08-17 17:13","Util.java","256932","178405","435337"
"2019-04-10 13:19","Util.java","238201","178406","416607"
"2019-12-27 22:33","Util.java","266704","179499","446203"
"2020-03-19 17:09","Learner.java","268866","226324","495190"
"2020-02-03 04:30","Learner.java","267361","226324","493685"
"2020-01-23 13:43","Learner.java","266804","226324","493128"
"2020-03-25 03:38","Learner.java","269662","226324","495986"
"2019-11-28 12:24","Learner.java","261781","226322","488103"
"2019-12-27 22:33","Learner.java","265554","226323","491877"
"2020-01-25 18:48","Learner.java","266994","226324","493318"
"2020-05-03 19:43","Learner.java","270659","226385","497044"
"2019-10-10 14:37","Learner.java","259003","224697","483700"
"2019-06-03 19:40","Learner.java","240580","224696","465276"
"2019-07-15 14:15","Learner.java","250669","224697","475366"
"2019-08-23 19:43","Learner.java","255916","224697","480613"
"2019-08-17 17:13","Learner.java","255250","224697","479947"
"2017-11-28 00:10","Learner.java","5931","2393","8324"
"2018-05-09 00:54","Learner.java","8931","3265","12196"
"2019-04-09 15:35","Learner.java","236013","224603","460616"
"2019-07-12 17:01","Learner.java","250563","224697","475260"
"2017-08-18 06:32","Learner.java","1142","1639","2781"
"2019-07-02 07:34","Learner.java","243192","224696","467888"
"2018-10-16 16:22","Learner.java","231628","202678","434306"
"2018-12-09 03:16","Learner.java","227788","224577","452365"
"2019-11-29 14:49","Learner.java","263432","226322","489754"
"2018-11-27 10:02","Learner.java","225464","224577","450041"
"2018-08-06 14:11","Learner.java","33750","24686","58436"
"2019-08-17 17:13","FollowerResyncConcurrencyTest.java","256742","176966","433708"
"2019-06-03 19:40","FollowerResyncConcurrencyTest.java","242073","176966","419039"
"2013-06-28 23:22","FollowerResyncConcurrencyTest.java","27608","10613","38221"
"2012-03-15 18:01","FollowerResyncConcurrencyTest.java","7110","4791","11901"
"2011-12-09 20:03","FollowerResyncConcurrencyTest.java","3038","3294","6332"
"2015-11-21 22:18","FollowerResyncConcurrencyTest.java","64657","20445","85102"
"2011-11-05 21:57","FollowerResyncConcurrencyTest.java","2548","3271","5819"
"2011-10-25 08:09","FollowerResyncConcurrencyTest.java","1406","2941","4347"
"2019-10-10 14:37","FollowerResyncConcurrencyTest.java","260495","176966","437461"
"2019-12-28 16:17","FollowerResyncConcurrencyTest.java","266556","178195","444751"
"2020-05-05 21:20","ServerMetrics.java","74487","42743","117230"
"2020-02-26 22:41","ServerMetrics.java","67734","39152","106886"
"2020-03-25 03:38","ServerMetrics.java","70012","39299","109311"
"2019-09-16 23:26","ServerMetrics.java","51910","30963","82873"
"2019-11-18 09:05","ServerMetrics.java","58085","37013","95098"
"2020-05-03 19:43","ServerMetrics.java","71570","39921","111491"
"2019-06-29 00:33","ServerMetrics.java","10186","4271","14457"
"2019-11-23 17:08","ServerMetrics.java","59837","37208","97045"
"2019-08-17 17:13","ServerMetrics.java","47598","29670","77268"
"2019-05-06 17:48","ServerMetrics.java","2582","341","2923"
"2019-06-05 00:46","ServerMetrics.java","4796","1008","5804"
"2019-05-03 00:44","ServerMetrics.java","2155","230","2385"
"2019-04-22 19:15","ServerMetrics.java","716","6","722"
"2019-06-05 23:57","ServerMetrics.java","4928","1010","5938"
"2019-05-21 23:34","ServerMetrics.java","3477","561","4038"
"2019-07-23 15:55","ServerMetrics.java","19722","5786","25508"
"2019-07-08 23:26","ServerMetrics.java","11187","4483","15670"
"2019-04-25 02:11","ServerMetrics.java","1692","44","1736"
"2019-07-31 19:06","ServerMetrics.java","24468","7233","31701"
"2012-01-31 07:45","LearnerZooKeeperServer.java","47636","25008","72644"
"2019-08-17 17:13","LearnerZooKeeperServer.java","257015","167718","424733"
"2014-03-21 06:36","LearnerZooKeeperServer.java","76508","30161","106669"
"2016-08-13 15:01","LearnerZooKeeperServer.java","107333","39134","146467"
"2015-03-08 23:07","LearnerZooKeeperServer.java","97729","36862","134591"
"2013-10-09 22:21","LearnerZooKeeperServer.java","72308","29922","102230"
"2019-08-17 17:13","ClientPortBindTest.java","256985","187413","444398"
"2017-01-14 06:32","ClientPortBindTest.java","91814","38150","129964"
"2018-10-08 14:33","ClientPortBindTest.java","233916","156285","390201"
"2016-08-24 01:36","ClientPortBindTest.java","85848","37524","123372"
"2016-07-30 01:02","ClientPortBindTest.java","85447","37357","122804"
"2013-12-21 22:05","ClientPortBindTest.java","51384","26938","78322"
"2019-10-10 14:37","ClientPortBindTest.java","260738","187413","448151"
"2019-06-24 11:05","NettyServerCnxnTest.java","12604","4096","16700"
"2019-07-23 15:55","NettyServerCnxnTest.java","23916","6733","30649"
"2019-08-17 17:13","NettyServerCnxnTest.java","51401","30226","81627"
"2019-06-07 14:13","NettyServerCnxnTest.java","9329","2050","11379"
"2019-08-17 17:13","JKSFileLoaderTest.java","68806","36682","105488"
"2019-10-10 14:37","LeaderSessionTracker.java","7470","3717","11187"
"2019-12-27 22:33","Follower.java","11303","6378","17681"
"2019-11-11 13:55","CommitProcessorTest.java","2149","194","2343"
"2019-09-18 11:20","DataTreeTest.java","66656","37344","104000"
"2019-12-27 22:33","DataTreeTest.java","78524","43446","121970"
"2019-10-09 16:38","DataTreeTest.java","67364","37467","104831"
"2019-01-30 16:28","DataTreeTest.java","10192","6681","16873"
"2019-02-07 11:26","DataTreeTest.java","11556","6824","18380"
"2019-07-31 19:06","DataTreeTest.java","40195","14488","54683"
"2019-04-12 19:01","DataTreeTest.java","15957","7750","23707"
"2019-09-10 15:21","DataTreeTest.java","64564","37121","101685"
"2019-08-17 17:13","DataTreeTest.java","62319","35919","98238"
"2019-04-12 12:29","DataTreeTest.java","15407","7631","23038"
"2019-12-27 22:33","TxnLog.java","265554","226286","491840"
"2018-06-08 16:52","TxnLog.java","11812","4784","16596"
"2019-05-14 17:11","TxnLog.java","239898","224641","464539"
"2019-08-17 17:13","TxnLog.java","255250","224660","479910"
"2017-06-26 00:07","TxnLog.java","748","1210","1958"
"2019-04-12 19:06","TxnLog.java","237028","224641","461669"
"2019-11-28 12:24","DataTree.java","262870","178296","441166"
"2019-10-10 14:37","DataTree.java","260409","176988","437397"
"2019-12-27 22:33","DataTree.java","266642","178296","444938"
"2015-06-06 03:48","DataTree.java","58308","16120","74428"
"2019-11-11 13:59","DataTree.java","264094","177016","441110"
"2018-07-10 13:29","DataTree.java","90488","34091","124579"
"2012-12-19 19:16","DataTree.java","15837","5368","21205"
"2014-04-17 08:47","DataTree.java","40562","14245","54807"
"2014-04-29 02:23","DataTree.java","41274","14251","55525"
"2018-09-28 23:38","DataTree.java","173792","109569","283361"
"2019-11-08 17:30","DataTree.java","262298","177016","439314"
"2013-09-05 23:50","DataTree.java","23789","7048","30837"
"2019-01-30 16:28","DataTree.java","233690","176911","410601"
"2019-01-30 17:02","DataTree.java","234234","176911","411145"
"2016-11-24 17:18","DataTree.java","71483","21528","93011"
"2017-09-11 18:55","DataTree.java","74187","25391","99578"
"2012-02-06 10:39","DataTree.java","1634","766","2400"
"2017-02-05 07:22","DataTree.java","73104","21710","94814"
"2014-07-18 02:19","DataTree.java","48949","15173","64122"
"2019-02-07 11:26","DataTree.java","234912","176912","411824"
"2013-03-07 07:01","DataTree.java","21653","6628","28281"
"2018-09-04 11:54","DataTree.java","168460","109321","277781"
"2018-09-05 22:35","DataTree.java","168735","109340","278075"
"2018-12-20 15:17","DataTree.java","230178","176910","407088"
"2019-09-10 09:53","DataTree.java","257705","176988","434693"
"2019-04-12 19:01","DataTree.java","238463","176988","415451"
"2019-07-31 19:06","DataTree.java","255963","176988","432951"
"2019-09-11 10:27","DataTree.java","258012","176988","435000"
"2013-10-22 12:54","DataTree.java","28361","7551","35912"
"2016-03-23 00:30","DataTree.java","63791","20164","83955"
"2019-08-01 07:31","DataTree.java","257327","176988","434315"
"2014-01-24 07:18","DataTree.java","31503","7745","39248"
"2019-08-17 17:13","DataTree.java","256656","176988","433644"
"2019-09-10 15:21","DataTree.java","257699","176988","434687"
"2015-06-04 19:51","DataTree.java","58196","16113","74309"
"2016-10-07 21:51","DataTree.java","68059","20925","88984"
"2017-06-18 19:23","DataTree.java","73140","24658","97798"
"2019-04-12 12:29","DataTree.java","238032","176988","415020"
"2019-08-03 08:42","DataTree.java","257364","176988","434352"
"2019-08-09 16:15","DataTree.java","258112","176988","435100"
"2016-11-13 20:59","DataTree.java","70333","20946","91279"
"2019-04-29 16:49","DataTree.java","240493","176988","417481"
"2020-05-05 21:20","ServerMetrics.java","72880","43061","115941"
"2020-02-26 22:41","ServerMetrics.java","66116","39459","105575"
"2020-03-25 03:38","ServerMetrics.java","68398","39610","108008"
"2019-09-16 23:26","ServerMetrics.java","50278","31256","81534"
"2019-11-18 09:05","ServerMetrics.java","56453","37306","93759"
"2020-05-03 19:43","ServerMetrics.java","69956","40232","110188"
"2019-06-29 00:33","ServerMetrics.java","8053","4063","12116"
"2019-11-23 17:08","ServerMetrics.java","58205","37501","95706"
"2019-08-17 17:13","ServerMetrics.java","45764","29761","75525"
"2019-05-06 17:48","ServerMetrics.java","427","111","538"
"2019-06-05 00:46","ServerMetrics.java","2661","798","3459"
"2019-06-05 23:57","ServerMetrics.java","2793","800","3593"
"2019-05-21 23:34","ServerMetrics.java","1332","341","1673"
"2019-07-23 15:55","ServerMetrics.java","17592","5581","23173"
"2019-07-08 23:26","ServerMetrics.java","9057","4278","13335"
"2019-07-31 19:06","ServerMetrics.java","22369","7059","29428"
"2019-11-08 17:30","FinalRequestProcessor.java","262647","158337","420984"
"2019-07-08 23:26","FinalRequestProcessor.java","245809","158337","404146"
"2019-01-16 23:23","FinalRequestProcessor.java","232956","158280","391236"
"2018-09-18 01:00","FinalRequestProcessor.java","189743","97437","287180"
"2019-04-12 19:01","FinalRequestProcessor.java","238841","158338","397179"
"2019-02-07 11:26","FinalRequestProcessor.java","235309","158281","393590"
"2019-01-14 19:38","FinalRequestProcessor.java","232267","158279","390546"
"2013-03-07 07:01","FinalRequestProcessor.java","74205","28523","102728"
"2019-01-09 17:22","FinalRequestProcessor.java","234949","158281","393230"
"2011-07-01 00:53","FinalRequestProcessor.java","46605","21791","68396"
"2015-06-04 19:51","FinalRequestProcessor.java","104505","31765","136270"
"2019-09-10 04:26","FinalRequestProcessor.java","258078","158337","416415"
"2019-08-17 17:13","FinalRequestProcessor.java","257033","158337","415370"
"2016-10-07 21:51","FinalRequestProcessor.java","111774","33983","145757"
"2014-01-24 07:18","FinalRequestProcessor.java","83574","29159","112733"
"2019-06-26 10:57","FinalRequestProcessor.java","244883","158337","403220"
"2019-08-01 07:28","FinalRequestProcessor.java","257214","158337","415551"
"2019-07-03 00:44","FinalRequestProcessor.java","245046","158337","403383"
"2016-03-23 00:30","FinalRequestProcessor.java","107797","33513","141310"
"2019-08-06 17:11","FinalRequestProcessor.java","258134","158337","416471"
"2015-03-17 18:06","FinalRequestProcessor.java","101994","31588","133582"
"2018-07-10 12:46","FinalRequestProcessor.java","130813","43737","174550"
"2020-03-25 03:38","FinalRequestProcessor.java","270847","159366","430213"
"2019-09-16 23:26","FinalRequestProcessor.java","260052","158337","418389"
"2019-10-10 14:37","FinalRequestProcessor.java","260786","158337","419123"
"2019-11-21 05:58","FinalRequestProcessor.java","261229","159366","420595"
"2019-11-18 09:05","FinalRequestProcessor.java","261206","159366","420572"
"2012-12-19 19:16","FinalRequestProcessor.java","69246","28120","97366"
"2011-10-20 20:02","FinalRequestProcessor.java","53474","24514","77988"
"2011-04-12 09:14","FinalRequestProcessor.java","40932","20763","61695"
"2011-10-28 18:59","FinalRequestProcessor.java","53930","24719","78649"
"2019-11-11 13:59","FinalRequestProcessor.java","264443","158337","422780"
"2020-03-26 22:12","FinalRequestProcessor.java","270849","159366","430215"
"2014-04-17 08:47","FinalRequestProcessor.java","87639","30665","118304"
"2014-04-29 02:23","FinalRequestProcessor.java","88348","30668","119016"
"2010-03-19 07:46","FinalRequestProcessor.java","19266","9528","28794"
"2010-08-18 08:24","FinalRequestProcessor.java","44463","15339","59802"
"2013-10-09 22:21","FinalRequestProcessor.java","79933","29056","108989"
"2011-09-14 08:56","FinalRequestProcessor.java","53177","20068","73245"
"2019-01-23 14:00","NettyServerCnxn.java","232996","194161","427157"
"2019-02-18 17:05","NettyServerCnxn.java","235545","194178","429723"
"2019-02-12 15:25","NettyServerCnxn.java","235095","194162","429257"
"2017-08-09 20:31","NettyServerCnxn.java","53953","23127","77080"
"2017-04-10 19:19","NettyServerCnxn.java","52220","20849","73069"
"2018-09-07 02:34","NettyServerCnxn.java","153546","111702","265248"
"2019-04-12 19:01","NettyServerCnxn.java","238158","194243","432401"
"2018-11-22 17:56","NettyServerCnxn.java","224964","194159","419123"
"2018-10-24 04:03","NettyServerCnxn.java","235176","174770","409946"
"2018-11-17 18:33","NettyServerCnxn.java","224341","194158","418499"
"2019-01-14 19:38","NettyServerCnxn.java","231560","194160","425720"
"2017-03-04 19:22","NettyServerCnxn.java","51907","20822","72729"
"2018-09-18 01:00","NettyServerCnxn.java","155864","111775","267639"
"2019-08-17 17:13","NettyServerCnxn.java","256367","194259","450626"
"2019-07-03 00:44","NettyServerCnxn.java","244380","194259","438639"
"2015-03-28 20:08","NettyServerCnxn.java","34392","11214","45606"
"2019-11-23 17:08","NettyServerCnxn.java","262416","195607","458023"
"2015-06-28 21:09","NettyServerCnxn.java","37579","12701","50280"
"2019-07-23 15:55","NettyServerCnxn.java","252375","194259","446634"
"2019-05-06 18:32","NettyServerCnxn.java","240705","194243","434948"
"2019-04-22 19:15","NettyServerCnxn.java","239133","194243","433376"
"2019-08-03 08:42","NettyServerCnxn.java","257075","194259","451334"
"2016-12-21 23:32","NettyServerCnxn.java","51311","18299","69610"
"2013-12-16 05:18","NettyServerCnxn.java","4593","534","5127"
"2019-11-18 09:05","NettyServerCnxn.java","260859","195607","456466"
"2015-11-08 22:36","NettyServerCnxn.java","39195","13009","52204"
"2019-11-21 05:58","NettyServerCnxn.java","260882","195607","456489"
"2019-09-16 23:26","NettyServerCnxn.java","259386","194259","453645"
"2019-10-10 14:37","NettyServerCnxn.java","260120","194259","454379"
"2013-10-12 00:04","NettyServerCnxn.java","3203","318","3521"
"2018-09-28 23:38","NettyServerCnxn.java","158601","111938","270539"
"2019-08-17 17:13","ZooKeeperCriticalThreadMetricsTest.java","47813","29620","77433"
"2019-11-29 14:49","Commands.java","4223","822","5045"
"2019-12-03 10:01","Commands.java","4272","825","5097"
"2019-10-10 14:37","LearnerHandler.java","257917","232569","490486"
"2019-07-03 20:54","LearnerHandler.java","242156","232567","474723"
"2018-09-18 01:00","LearnerHandler.java","92422","88846","181268"
"2018-12-09 03:16","LearnerHandler.java","226665","232412","459077"
"2019-04-12 19:01","LearnerHandler.java","235932","232530","468462"
"2019-06-29 00:33","LearnerHandler.java","242149","232567","474716"
"2019-07-25 21:41","LearnerHandler.java","250646","232568","483214"
"2019-08-23 19:43","LearnerHandler.java","254829","232568","487397"
"2019-08-17 17:13","LearnerHandler.java","254163","232568","486731"
"2019-05-06 17:48","LearnerHandler.java","238455","232547","471002"
"2019-08-03 08:42","LearnerHandler.java","254871","232568","487439"
"2019-04-22 19:15","LearnerHandler.java","236907","232530","469437"
"2019-11-28 12:24","DataTree.java","261784","228604","490388"
"2019-10-10 14:37","DataTree.java","259025","226998","486023"
"2019-12-27 22:33","DataTree.java","265557","228605","494162"
"2019-11-11 13:59","DataTree.java","262730","227046","489776"
"2018-07-10 13:29","DataTree.java","23655","18652","42307"
"2018-09-28 23:38","DataTree.java","120976","108147","229123"
"2019-11-08 17:30","DataTree.java","260934","227046","487980"
"2019-01-30 16:28","DataTree.java","232265","226880","459145"
"2019-01-30 17:02","DataTree.java","232809","226880","459689"
"2017-09-11 18:55","DataTree.java","4130","6728","10858"
"2019-02-07 11:26","DataTree.java","233487","226881","460368"
"2018-09-04 11:54","DataTree.java","115043","107298","222341"
"2018-09-05 22:35","DataTree.java","115318","107317","222635"
"2018-12-20 15:17","DataTree.java","228753","226879","455632"
"2019-09-10 09:53","DataTree.java","256321","226998","483319"
"2019-04-12 19:01","DataTree.java","237060","226979","464039"
"2019-07-31 19:06","DataTree.java","254579","226998","481577"
"2019-09-11 10:27","DataTree.java","256628","226998","483626"
"2019-08-01 07:31","DataTree.java","255943","226998","482941"
"2019-08-17 17:13","DataTree.java","255272","226998","482270"
"2019-09-10 15:21","DataTree.java","256315","226998","483313"
"2017-06-18 19:23","DataTree.java","1882","4794","6676"
"2019-04-12 12:29","DataTree.java","236629","226979","463608"
"2019-08-03 08:42","DataTree.java","255980","226998","482978"
"2019-08-09 16:15","DataTree.java","256728","226998","483726"
"2019-04-29 16:49","DataTree.java","239090","226979","466069"
"2019-08-17 17:13","ExitCode.java","254163","232674","486837"
"2018-12-20 07:24","BaseSysTest.java","228546","224174","452720"
"2020-03-26 22:20","BaseSysTest.java","269891","225979","495870"
"2019-07-12 17:01","BaseSysTest.java","250499","224314","474813"
"2019-11-08 17:30","FinalRequestProcessor.java","262801","147158","409959"
"2019-07-08 23:26","FinalRequestProcessor.java","245963","147158","393121"
"2019-01-16 23:23","FinalRequestProcessor.java","233117","147108","380225"
"2018-09-18 01:00","FinalRequestProcessor.java","192805","89466","282271"
"2019-04-12 19:01","FinalRequestProcessor.java","238994","147158","386152"
"2019-02-07 11:26","FinalRequestProcessor.java","235470","147109","382579"
"2019-01-14 19:38","FinalRequestProcessor.java","232429","147108","379537"
"2013-03-07 07:01","FinalRequestProcessor.java","85357","28642","113999"
"2019-01-09 17:22","FinalRequestProcessor.java","235110","147109","382219"
"2011-07-01 00:53","FinalRequestProcessor.java","58490","22343","80833"
"2015-06-04 19:51","FinalRequestProcessor.java","115486","31713","147199"
"2019-09-10 04:26","FinalRequestProcessor.java","258232","147158","405390"
"2019-08-17 17:13","FinalRequestProcessor.java","257187","147158","404345"
"2016-10-07 21:51","FinalRequestProcessor.java","122703","33879","156582"
"2014-01-24 07:18","FinalRequestProcessor.java","94706","29258","123964"
"2019-06-26 10:57","FinalRequestProcessor.java","245037","147158","392195"
"2019-08-01 07:28","FinalRequestProcessor.java","257368","147158","404526"
"2019-07-03 00:44","FinalRequestProcessor.java","245200","147158","392358"
"2016-03-23 00:30","FinalRequestProcessor.java","118736","33419","152155"
"2019-08-06 17:11","FinalRequestProcessor.java","258288","147158","405446"
"2015-03-17 18:06","FinalRequestProcessor.java","112965","31526","144491"
"2018-07-10 12:46","FinalRequestProcessor.java","141221","43112","184333"
"2010-01-25 04:28","FinalRequestProcessor.java","13768","2844","16612"
"2020-03-25 03:38","FinalRequestProcessor.java","270911","148097","419008"
"2019-09-16 23:26","FinalRequestProcessor.java","260206","147158","407364"
"2019-10-10 14:37","FinalRequestProcessor.java","260940","147158","408098"
"2010-01-26 01:17","FinalRequestProcessor.java","14421","3088","17509"
"2019-11-21 05:58","FinalRequestProcessor.java","261293","148097","409390"
"2019-11-18 09:05","FinalRequestProcessor.java","261270","148097","409367"
"2012-12-19 19:16","FinalRequestProcessor.java","80436","28277","108713"
"2011-10-20 20:02","FinalRequestProcessor.java","64878","24885","89763"
"2011-04-12 09:14","FinalRequestProcessor.java","52957","21455","74412"
"2011-10-28 18:59","FinalRequestProcessor.java","65280","25036","90316"
"2019-11-11 13:59","FinalRequestProcessor.java","264597","147158","411755"
"2020-03-26 22:12","FinalRequestProcessor.java","270913","148097","419010"
"2014-04-17 08:47","FinalRequestProcessor.java","98669","30662","129331"
"2014-04-29 02:23","FinalRequestProcessor.java","99378","30665","130043"
"2010-03-19 07:46","FinalRequestProcessor.java","32197","11126","43323"
"2010-08-18 08:24","FinalRequestProcessor.java","56768","16311","73079"
"2013-10-09 22:21","FinalRequestProcessor.java","91061","29151","120212"
"2011-09-14 08:56","FinalRequestProcessor.java","64769","20627","85396"
"2019-10-10 14:37","X509Util.java","7470","3717","11187"
"2019-06-07 14:13","SessionTest.java","243089","187413","430502"
"2019-08-17 17:13","SessionTest.java","256985","187413","444398"
"2017-09-11 18:55","SessionTest.java","91941","40622","132563"
"2010-11-04 17:01","SessionTest.java","30793","711","31504"
"2018-09-22 06:48","SessionTest.java","183777","119536","303313"
"2011-10-25 08:09","SessionTest.java","21389","20509","41898"
"2011-04-12 09:14","SessionTest.java","5707","14662","20369"
"2010-10-21 02:44","SessionTest.java","30672","696","31368"
"2013-12-21 22:05","SessionTest.java","51384","26938","78322"
"2019-10-10 14:37","SessionTest.java","260738","187413","448151"
"2015-07-07 07:11","SessionTest.java","80509","35370","115879"
"2019-12-28 16:17","SessionTest.java","266643","188486","455129"
"2020-03-25 03:38","FollowerRequestProcessor.java","19231","10199","29430"
"2020-05-05 21:20","FollowerRequestProcessor.java","23942","13879","37821"
"2019-08-17 17:13","AsyncOpsTest.java","256932","178405","435337"
"2012-12-19 19:16","AsyncOpsTest.java","34481","12465","46946"
"2014-06-25 19:06","AsyncOpsTest.java","60555","20008","80563"
"2019-10-10 14:37","AsyncOpsTest.java","260685","178405","439090"
"2013-05-11 14:51","FLETest.java","142145","18165","160310"
"2019-10-10 14:37","FLETest.java","261463","72583","334046"
"2013-10-21 23:36","FLETest.java","147767","18267","166034"
"2013-10-02 20:19","FLETest.java","144629","18240","162869"
"2010-03-13 01:06","FLETest.java","109397","13556","122953"
"2014-06-25 15:04","FLETest.java","157044","19654","176698"
"2010-03-31 06:26","FLETest.java","110149","14061","124210"
"2011-09-17 02:13","FLETest.java","125533","16696","142229"
"2016-06-02 00:59","FLETest.java","173776","19998","193774"
"2011-04-12 09:14","FLETest.java","121831","15231","137062"
"2011-12-23 20:46","FLETest.java","126001","17039","143040"
"2011-04-29 18:12","FLETest.java","122183","15248","137431"
"2017-09-11 18:55","FLETest.java","178551","20838","199389"
"2012-04-23 01:20","FLETest.java","129378","17274","146652"
"2008-10-14 18:44","FLETest.java","11125","3176","14301"
"2009-07-17 00:09","FLETest.java","80981","11270","92251"
"2009-06-18 18:37","FLETest.java","72522","10902","83424"
"2009-06-03 07:14","FLETest.java","70151","10771","80922"
"2019-08-17 17:13","FLETest.java","257710","72583","330293"
"2020-02-04 10:39","SaslQuorumAuthLearner.java","16675","9944","26619"
"2013-09-26 14:05","Zab1_0Test.java","16879","4170","21049"
"2014-05-09 23:37","Zab1_0Test.java","34143","11695","45838"
"2017-01-07 01:09","Zab1_0Test.java","66175","19850","86025"
"2015-12-06 21:30","Zab1_0Test.java","54970","15411","70381"
"2019-12-17 13:48","Zab1_0Test.java","264905","182716","447621"
"2013-11-19 02:03","Zab1_0Test.java","21193","4739","25932"
"2015-07-07 07:11","Zab1_0Test.java","53090","15082","68172"
"2019-12-27 22:33","Zab1_0Test.java","266454","182716","449170"
"2013-10-24 20:41","Zab1_0Test.java","21014","4698","25712"
"2019-10-10 14:37","Zab1_0Test.java","260217","181404","441621"
"2013-11-07 06:41","Zab1_0Test.java","21114","4708","25822"
"2015-05-14 18:40","Zab1_0Test.java","50519","13811","64330"
"2019-08-17 17:13","Zab1_0Test.java","256464","181404","437868"
"2019-06-03 19:40","Zab1_0Test.java","241795","181404","423199"
"2018-05-10 06:00","Zab1_0Test.java","75902","24868","100770"
"2017-11-28 00:10","Zab1_0Test.java","72243","24198","96441"
"2013-10-07 21:08","Zab1_0Test.java","17599","4366","21965"
"2012-12-31 02:38","Zab1_0Test.java","7841","1936","9777"
"2017-08-18 06:32","Zab1_0Test.java","67760","23750","91510"
"2013-03-07 07:01","Zab1_0Test.java","13711","3294","17005"
"2012-12-13 08:25","Zab1_0Test.java","5319","1354","6673"
"2017-02-12 00:12","Zab1_0Test.java","65593","22022","87615"
"2020-05-05 21:20","ServerMetrics.java","73864","42830","116694"
"2020-02-26 22:41","ServerMetrics.java","67111","39239","106350"
"2020-03-25 03:38","ServerMetrics.java","69389","39386","108775"
"2019-09-16 23:26","ServerMetrics.java","51287","31050","82337"
"2019-11-18 09:05","ServerMetrics.java","57462","37100","94562"
"2020-05-03 19:43","ServerMetrics.java","70947","40008","110955"
"2019-06-29 00:33","ServerMetrics.java","9475","4270","13745"
"2019-11-23 17:08","ServerMetrics.java","59214","37295","96509"
"2019-08-17 17:13","ServerMetrics.java","46975","29757","76732"
"2019-05-06 17:48","ServerMetrics.java","1866","335","2201"
"2019-06-05 00:46","ServerMetrics.java","4085","1007","5092"
"2019-05-03 00:44","ServerMetrics.java","1439","224","1663"
"2019-06-05 23:57","ServerMetrics.java","4217","1009","5226"
"2019-05-21 23:34","ServerMetrics.java","2766","560","3326"
"2019-07-23 15:55","ServerMetrics.java","19014","5788","24802"
"2019-07-08 23:26","ServerMetrics.java","10479","4485","14964"
"2019-04-25 02:11","ServerMetrics.java","976","38","1014"
"2019-07-31 19:06","ServerMetrics.java","23760","7235","30995"
"2020-05-05 21:20","ServerMetrics.java","70671","42845","113516"
"2020-02-26 22:41","ServerMetrics.java","63860","39196","103056"
"2020-03-25 03:38","ServerMetrics.java","66146","39351","105497"
"2019-09-16 23:26","ServerMetrics.java","47996","30967","78963"
"2019-11-18 09:05","ServerMetrics.java","54186","37032","91218"
"2020-05-03 19:43","ServerMetrics.java","67746","40015","107761"
"2019-06-29 00:33","ServerMetrics.java","5268","3271","8539"
"2019-11-23 17:08","ServerMetrics.java","55938","37227","93165"
"2019-08-17 17:13","ServerMetrics.java","43400","29390","72790"
"2019-07-23 15:55","ServerMetrics.java","14816","4798","19614"
"2019-07-08 23:26","ServerMetrics.java","6277","3491","9768"
"2019-07-31 19:06","ServerMetrics.java","19622","6305","25927"
"2019-08-17 17:13","ACLCountTest.java","256904","174901","431805"
"2013-12-21 22:05","ACLCountTest.java","38521","14263","52784"
"2016-08-24 01:36","ACLCountTest.java","73714","25578","99292"
"2018-06-08 16:52","ZooKeeperServerMain.java","165857","27565","193422"
"2019-04-18 19:17","ZooKeeperServerMain.java","240114","104828","344942"
"2011-04-12 09:14","ZooKeeperServerMain.java","92095","17853","109948"
"2019-11-11 13:59","ZooKeeperServerMain.java","265006","104827","369833"
"2012-03-06 09:20","ZooKeeperServerMain.java","104499","21030","125529"
"2010-08-18 08:24","ZooKeeperServerMain.java","97267","14070","111337"
"2019-11-28 12:24","ZooKeeperServerMain.java","263047","105372","368419"
"2019-11-25 15:37","ZooKeeperServerMain.java","262949","105372","368321"
"2016-08-13 15:01","ZooKeeperServerMain.java","154361","26142","180503"
"2009-06-05 06:44","ZooKeeperServerMain.java","29527","2594","32121"
"2015-06-04 19:51","ZooKeeperServerMain.java","148620","24351","172971"
"2019-08-17 17:13","ZooKeeperServerMain.java","257596","104827","362423"
"2015-03-17 18:06","ZooKeeperServerMain.java","146232","24297","170529"
"2017-07-28 00:36","ZooKeeperServerMain.java","157759","27340","185099"
"2013-12-07 11:16","ZooKeeperServerMain.java","125672","22374","148046"
"2019-04-12 19:01","ZooKeeperServerMain.java","239404","104828","344232"
"2018-09-11 15:23","ZooKeeperServerMain.java","203721","61141","264862"
"2014-07-18 02:19","ZooKeeperServerMain.java","140064","24102","164166"
"2017-02-12 00:12","ZooKeeperServerMain.java","157410","27045","184455"
"2020-05-05 21:20","ServerMetrics.java","71922","43094","115016"
"2020-02-26 22:41","ServerMetrics.java","65149","39483","104632"
"2020-03-25 03:38","ServerMetrics.java","67433","39636","107069"
"2019-09-16 23:26","ServerMetrics.java","49303","31272","80575"
"2019-11-18 09:05","ServerMetrics.java","55482","37326","92808"
"2020-05-03 19:43","ServerMetrics.java","68997","40264","109261"
"2019-06-29 00:33","ServerMetrics.java","6800","3801","10601"
"2019-11-23 17:08","ServerMetrics.java","57234","37521","94755"
"2019-08-17 17:13","ServerMetrics.java","44724","29712","74436"
"2019-06-05 00:46","ServerMetrics.java","1405","533","1938"
"2019-06-05 23:57","ServerMetrics.java","1537","535","2072"
"2019-07-23 15:55","ServerMetrics.java","16340","5320","21660"
"2019-07-08 23:26","ServerMetrics.java","7805","4017","11822"
"2019-07-31 19:06","ServerMetrics.java","21141","6822","27963"
"2019-08-17 17:13","PortAssignment.java","62404","35904","98308"
"2019-10-10 14:37","PortAssignment.java","68150","37897","106047"
"2019-08-17 17:13","ClientPortBindTest.java","257015","167976","424991"
"2017-01-14 06:32","ClientPortBindTest.java","111424","38350","149774"
"2018-10-08 14:33","ClientPortBindTest.java","234087","137046","371133"
"2016-08-24 01:36","ClientPortBindTest.java","105643","37909","143552"
"2016-07-30 01:02","ClientPortBindTest.java","105249","37749","142998"
"2010-08-18 08:24","ClientPortBindTest.java","24450","4983","29433"
"2013-12-21 22:05","ClientPortBindTest.java","72367","28511","100878"
"2019-10-10 14:37","ClientPortBindTest.java","260768","167976","428744"
"2019-12-27 22:33","ZooKeeperServer.java","4647","875","5522"
"2019-12-03 10:01","ZooKeeperServer.java","2209","512","2721"
"2020-03-25 03:38","ZooKeeperServer.java","12607","4728","17335"
"2020-04-12 11:14","ZooKeeperServer.java","14053","5421","19474"
"2019-09-18 11:20","DataTreeTest.java","178131","154690","332821"
"2019-12-27 22:33","DataTreeTest.java","186102","156895","342997"
"2019-10-09 16:38","DataTreeTest.java","178719","154693","333412"
"2019-01-30 16:28","DataTreeTest.java","149108","151468","300576"
"2019-02-07 11:26","DataTreeTest.java","150336","151475","301811"
"2018-12-20 15:17","DataTreeTest.java","139263","145134","284397"
"2019-07-31 19:06","DataTreeTest.java","173506","153670","327176"
"2019-04-12 19:01","DataTreeTest.java","154089","151753","305842"
"2019-09-10 15:21","DataTreeTest.java","176258","154686","330944"
"2019-08-17 17:13","DataTreeTest.java","174233","153704","327937"
"2019-04-12 12:29","DataTreeTest.java","153658","151753","305411"
"2019-11-28 12:24","DataTree.java","262497","211699","474196"
"2019-10-10 14:37","DataTree.java","259904","210259","470163"
"2019-12-27 22:33","DataTree.java","266269","211699","477968"
"2015-06-06 03:48","DataTree.java","11021","2609","13630"
"2019-11-11 13:59","DataTree.java","263589","210287","473876"
"2018-07-10 13:29","DataTree.java","48184","25563","73747"
"2018-09-28 23:38","DataTree.java","143477","113030","256507"
"2019-11-08 17:30","DataTree.java","261793","210287","472080"
"2019-01-30 16:28","DataTree.java","233154","210151","443305"
"2019-01-30 17:02","DataTree.java","233698","210151","443849"
"2016-11-24 17:18","DataTree.java","25786","9607","35393"
"2017-09-11 18:55","DataTree.java","30920","15900","46820"
"2017-02-05 07:22","DataTree.java","27642","10024","37666"
"2019-02-07 11:26","DataTree.java","234376","210152","444528"
"2018-09-04 11:54","DataTree.java","137567","112204","249771"
"2018-09-05 22:35","DataTree.java","137842","112223","250065"
"2018-12-20 15:17","DataTree.java","229642","210150","439792"
"2019-09-10 09:53","DataTree.java","257200","210259","467459"
"2019-04-12 19:01","DataTree.java","237942","210243","448185"
"2019-07-31 19:06","DataTree.java","255458","210259","465717"
"2019-09-11 10:27","DataTree.java","257507","210259","467766"
"2016-03-23 00:30","DataTree.java","17104","7253","24357"
"2019-08-01 07:31","DataTree.java","256822","210259","467081"
"2019-08-17 17:13","DataTree.java","256151","210259","466410"
"2019-09-10 15:21","DataTree.java","257194","210259","467453"
"2015-06-04 19:51","DataTree.java","10906","2599","13505"
"2016-10-07 21:51","DataTree.java","22156","8798","30954"
"2017-06-18 19:23","DataTree.java","28727","14021","42748"
"2019-04-12 12:29","DataTree.java","237511","210243","447754"
"2019-08-03 08:42","DataTree.java","256859","210259","467118"
"2019-08-09 16:15","DataTree.java","257607","210259","467866"
"2016-11-13 20:59","DataTree.java","24606","8995","33601"
"2019-04-29 16:49","DataTree.java","239972","210243","450215"
"2019-12-03 19:35","ContainerManager.java","16397","9782","26179"
"2019-08-17 17:13","ZkDatabaseCorruptionTest.java","256292","200499","456791"
"2019-10-10 14:37","ZkDatabaseCorruptionTest.java","260045","200499","460544"
"2014-05-15 03:35","ZkDatabaseCorruptionTest.java","10951","7761","18712"
"2018-04-06 06:04","ZkDatabaseCorruptionTest.java","54221","24236","78457"
"2016-08-24 01:36","ZkDatabaseCorruptionTest.java","39024","17098","56122"
"2019-07-29 17:15","Utils.java","253728","212758","466486"
"2013-10-05 00:57","ServerCnxnFactory.java","3752","1217","4969"
"2019-11-14 03:54","ServerCnxnFactory.java","264443","191791","456234"
"2019-11-11 13:59","ServerCnxnFactory.java","263844","191791","455635"
"2017-04-19 01:19","ServerCnxnFactory.java","55653","21705","77358"
"2018-10-24 04:03","ServerCnxnFactory.java","235244","172303","407547"
"2014-07-18 02:19","ServerCnxnFactory.java","29702","10951","40653"
"2019-02-13 13:12","ServerCnxnFactory.java","235273","191684","426957"
"2017-10-07 21:22","ServerCnxnFactory.java","57942","24114","82056"
"2019-08-17 17:13","ServerCnxnFactory.java","256406","191763","448169"
"2019-06-07 14:13","ServerCnxnFactory.java","242510","191763","434273"
"2019-07-03 00:44","ServerCnxnFactory.java","244419","191763","436182"
"2015-03-17 18:06","ServerCnxnFactory.java","36957","12233","49190"
"2015-03-28 20:08","ServerCnxnFactory.java","37980","12267","50247"
"2016-05-02 18:15","ServerCnxnFactory.java","46668","17325","63993"
"2019-09-18 11:20","DataTreeTest.java","30393","26788","57181"
"2019-12-27 22:33","DataTreeTest.java","42830","33459","76289"
"2019-10-09 16:38","DataTreeTest.java","31138","26948","58086"
"2019-09-10 15:21","DataTreeTest.java","28074","26338","54412"
"2019-08-17 17:13","DataTreeTest.java","25455","24762","50217"
"2018-07-10 13:29","QuorumPeerInstance.java","40879","25353","66232"
"2018-12-20 07:24","QuorumPeerInstance.java","229462","217165","446627"
"2015-12-06 21:30","QuorumPeerInstance.java","5888","2592","8480"
"2019-07-12 17:01","QuorumPeerInstance.java","251387","217277","468664"
"2017-09-11 18:55","QuorumPeerInstance.java","22700","14775","37475"
"2019-10-10 14:37","SessionTrackerImpl.java","178985","157213","336198"
"2019-09-20 10:02","SessionTrackerImpl.java","178136","157197","335333"
"2020-03-26 22:16","SessionTrackerImpl.java","190443","159632","350075"
"2019-09-05 23:12","SessionTrackerImpl.java","176131","157193","333324"
"2019-08-17 17:13","SessionTrackerImpl.java","174230","156211","330441"
"2019-04-22 19:15","SessionTrackerImpl.java","155061","154260","309321"
"2019-08-17 17:13","LsCommand.java","255885","222239","478124"
"2019-01-31 15:55","LsCommand.java","233426","222121","455547"
"2017-05-27 00:52","LsCommand.java","8327","6039","14366"
"2020-01-09 22:51","LsCommand.java","265568","223820","489388"
"2019-12-28 16:17","LsCommand.java","266050","223819","489869"
"2019-12-03 10:01","CommandsTest.java","49","3","52"
"2015-07-07 07:11","MultiOperationTest.java","59213","16916","76129"
"2019-09-18 11:20","MultiOperationTest.java","259562","177301","436863"
"2012-12-19 19:16","MultiOperationTest.java","15255","5105","20360"
"2013-12-17 17:55","MultiOperationTest.java","28902","7392","36294"
"2015-11-21 22:18","MultiOperationTest.java","60957","17172","78129"
"2012-03-17 01:31","MultiOperationTest.java","2661","610","3271"
"2012-02-06 10:58","MultiOperationTest.java","1128","485","1613"
"2012-02-06 11:13","MultiOperationTest.java","1180","493","1673"
"2019-06-26 10:57","MultiOperationTest.java","244500","177301","421801"
"2019-08-17 17:13","MultiOperationTest.java","256650","177301","433951"
"2013-02-03 15:52","MultiOperationTest.java","16382","5739","22121"
"2014-10-28 05:35","MultiOperationTest.java","51478","15209","66687"
"2019-06-07 14:13","TruncateTest.java","241353","223829","465182"
"2019-08-17 17:13","TruncateTest.java","255250","223830","479080"
"2018-05-09 23:57","TruncateTest.java","10782","3673","14455"
"2019-07-12 17:01","TruncateTest.java","250563","223830","474393"
"2017-08-18 06:32","TruncateTest.java","2368","1998","4366"
"2017-09-11 18:55","TruncateTest.java","2721","2173","4894"
"2020-01-28 17:26","TruncateTest.java","267275","225457","492732"
"2011-04-12 09:14","Base.java","10270","15865","26135"
"2015-07-07 07:11","Base.java","83925","35426","119351"
"2015-07-07 07:11","MultiOperationTest.java","56818","16572","73390"
"2019-09-18 11:20","MultiOperationTest.java","259414","179204","438618"
"2012-12-19 19:16","MultiOperationTest.java","12699","4600","17299"
"2013-12-17 17:55","MultiOperationTest.java","26453","6994","33447"
"2015-11-21 22:18","MultiOperationTest.java","58569","16835","75404"
"2019-06-26 10:57","MultiOperationTest.java","244352","179204","423556"
"2019-08-17 17:13","MultiOperationTest.java","256502","179204","435706"
"2013-02-03 15:52","MultiOperationTest.java","13855","5263","19118"
"2014-10-28 05:35","MultiOperationTest.java","49048","14830","63878"
"2014-02-12 17:00","LearnerHandler.java","50325","55905","106230"
"2014-03-23 04:12","LearnerHandler.java","50849","56042","106891"
"2019-10-10 14:37","LearnerHandler.java","260725","219580","480305"
"2015-06-05 20:38","LearnerHandler.java","75891","63393","139284"
"2015-06-05 20:51","LearnerHandler.java","75918","63393","139311"
"2015-06-12 23:02","LearnerHandler.java","76029","63406","139435"
"2011-04-12 09:14","LearnerHandler.java","1421","42556","43977"
"2013-09-26 14:05","LearnerHandler.java","43121","55392","98513"
"2019-07-03 20:54","LearnerHandler.java","244966","219580","464546"
"2011-09-14 08:56","LearnerHandler.java","17112","44248","61360"
"2011-08-30 08:37","LearnerHandler.java","15740","44085","59825"
"2011-09-17 02:36","LearnerHandler.java","17574","47270","64844"
"2012-04-23 01:20","LearnerHandler.java","26550","52951","79501"
"2013-06-28 23:22","LearnerHandler.java","42661","55362","98023"
"2018-09-18 01:00","LearnerHandler.java","180920","148859","329779"
"2012-02-06 09:40","LearnerHandler.java","21472","50199","71671"
"2013-05-14 14:27","LearnerHandler.java","40709","55147","95856"
"2018-08-03 18:52","LearnerHandler.java","115627","87142","202769"
"2018-12-09 03:16","LearnerHandler.java","229564","219514","449078"
"2019-04-12 19:01","LearnerHandler.java","238780","219581","458361"
"2013-03-07 07:01","LearnerHandler.java","40554","55117","95671"
"2017-11-28 00:10","LearnerHandler.java","92968","69903","162871"
"2019-06-29 00:33","LearnerHandler.java","244959","219580","464539"
"2013-05-11 15:35","LearnerHandler.java","40609","55124","95733"
"2019-07-25 21:41","LearnerHandler.java","253455","219580","473035"
"2019-08-23 19:43","LearnerHandler.java","257638","219580","477218"
"2019-08-17 17:13","LearnerHandler.java","256972","219580","476552"
"2017-06-26 00:16","LearnerHandler.java","88592","69570","158162"
"2017-08-03 20:28","LearnerHandler.java","88266","69596","157862"
"2012-07-29 07:02","LearnerHandler.java","28006","53004","81010"
"2019-05-06 17:48","LearnerHandler.java","241286","219581","460867"
"2019-08-03 08:42","LearnerHandler.java","257680","219580","477260"
"2019-04-22 19:15","LearnerHandler.java","239755","219581","459336"
"2011-06-14 07:14","LearnerHandler.java","3905","43090","46995"
"2020-02-16 10:25","QuorumAuthUpgradeTest.java","267491","229836","497327"
"2019-10-10 14:37","QuorumAuthUpgradeTest.java","258833","228065","486898"
"2019-06-03 19:40","QuorumAuthUpgradeTest.java","240409","228063","468472"
"2019-08-17 17:13","QuorumAuthUpgradeTest.java","255079","228064","483143"
"2019-08-17 17:13","FLETestUtils.java","255966","218914","474880"
"2019-10-10 14:37","SaslServerCallbackHandler.java","258833","228065","486898"
"2019-08-03 08:42","SaslServerCallbackHandler.java","255787","228064","483851"
"2019-08-17 17:13","SaslServerCallbackHandler.java","255079","228064","483143"
"2019-08-17 17:13","LearnerSyncRequest.java","257247","145376","402623"
"2019-12-27 22:33","DigestCalculator.java","16008","8373","24381"
"2016-11-24 17:18","PurgeTxnLog.java","11871","6025","17896"
"2020-01-30 09:43","PurgeTxnLog.java","267943","221910","489853"
"2017-07-28 00:36","PurgeTxnLog.java","16698","12574","29272"
"2019-08-17 17:13","PurgeTxnLog.java","255916","220357","476273"
"2019-10-10 14:37","PurgeTxnLog.java","259669","220357","480026"
"2019-11-28 12:24","PurgeTxnLog.java","262373","221908","484281"
"2017-01-23 02:13","PurgeTxnLog.java","13624","6396","20020"
"2018-12-15 07:34","UnifiedServerSocketTest.java","3674","1435","5109"
"2019-08-17 17:13","UnifiedServerSocketTest.java","66092","36426","102518"
"2019-08-02 13:55","UnifiedServerSocketTest.java","46054","15701","61755"
"2019-05-08 21:54","ZKTestCase.java","241435","178406","419841"
"2019-08-06 17:11","ZKTestCase.java","258033","178405","436438"
"2019-08-17 17:13","ZKTestCase.java","256932","178405","435337"
"2017-03-04 19:22","ZKTestCase.java","86966","26774","113740"
"2014-07-18 02:19","ZKTestCase.java","65966","20643","86609"
"2018-12-09 03:16","ZKTestCase.java","229524","178339","407863"
"2019-10-10 14:37","ZKTestCase.java","260685","178405","439090"
"2019-11-14 16:44","ZKTestCase.java","264959","178405","443364"
"2019-11-28 12:24","ZKTestCase.java","262932","179499","442431"
"2018-12-20 07:24","ClientSSLTest.java","948","21","969"
"2019-01-14 15:36","ClientSSLTest.java","8681","6355","15036"
"2019-08-17 17:13","ClientSSLTest.java","63127","35700","98827"
"2019-06-03 19:40","ClientSSLTest.java","20982","8224","29206"
"2019-06-05 00:29","ClientSSLTest.java","21508","8414","29922"
"2019-06-03 19:40","FollowerZooKeeperServer.java","242316","187413","429729"
"2019-08-17 17:13","FollowerZooKeeperServer.java","256985","187413","444398"
"2019-05-03 00:44","FollowerZooKeeperServer.java","240983","187414","428397"
"2019-06-04 10:55","FollowerZooKeeperServer.java","242469","187413","429882"
"2018-08-06 14:11","FollowerZooKeeperServer.java","118619","57917","176536"
"2018-12-09 03:16","FollowerZooKeeperServer.java","229577","187347","416924"
"2018-11-21 17:56","FollowerZooKeeperServer.java","225008","187346","412354"
"2011-10-20 20:02","FollowerZooKeeperServer.java","21179","20353","41532"
"2011-04-12 09:14","FollowerZooKeeperServer.java","5707","14662","20369"
"2019-11-28 12:24","FollowerZooKeeperServer.java","262964","188486","451450"
"2019-12-27 22:33","FollowerZooKeeperServer.java","266736","188486","455222"
"2019-08-17 17:13","UnifiedServerSocketTest.java","63127","35700","98827"
"2019-08-02 13:55","UnifiedServerSocketTest.java","42504","14390","56894"
"2019-08-17 17:13","AsyncTest.java","255887","222020","477907"
"2017-09-11 18:55","AsyncTest.java","11244","8249","19493"
"2019-09-18 11:20","DataTreeTest.java","52213","31108","83321"
"2019-12-27 22:33","DataTreeTest.java","64489","37618","102107"
"2019-10-09 16:38","DataTreeTest.java","52937","31247","84184"
"2019-07-31 19:06","DataTreeTest.java","24727","7227","31954"
"2019-09-10 15:21","DataTreeTest.java","50116","30880","80996"
"2019-08-17 17:13","DataTreeTest.java","47813","29620","77433"
"2019-10-10 14:37","ObserverMaster.java","69561","38466","108027"
"2019-01-07 14:24","ObserverMaster.java","9407","7235","16642"
"2019-11-29 14:49","ObserverMaster.java","77796","43897","121693"
"2019-08-17 17:13","ObserverMaster.java","63823","36481","100304"
"2019-07-25 21:41","ObserverMaster.java","38206","14381","52587"
"2019-06-29 00:33","ObserverMaster.java","27672","12343","40015"
"2019-08-17 17:13","ReconfigLegacyTest.java","256147","211154","467301"
"2019-06-03 19:40","ReconfigLegacyTest.java","241478","211154","452632"
"2016-11-13 20:59","ReconfigLegacyTest.java","23200","8488","31688"
"2016-11-03 16:07","ReconfigLegacyTest.java","21338","8295","29633"
"2016-08-24 01:36","ReconfigLegacyTest.java","19135","8009","27144"
"2014-08-14 08:08","ReconfigLegacyTest.java","619","198","817"
"2015-09-29 03:56","ReconfigLegacyTest.java","12122","3355","15477"
"2012-04-23 01:20","HierarchicalQuorumTest.java","72372","26908","99280"
"2014-06-04 22:07","HierarchicalQuorumTest.java","100917","30664","131581"
"2009-11-18 20:06","HierarchicalQuorumTest.java","8701","1083","9784"
"2019-08-17 17:13","HierarchicalQuorumTest.java","257187","146571","403758"
"2019-07-12 17:01","HierarchicalQuorumTest.java","252500","146571","399071"
"2010-03-13 01:06","HierarchicalQuorumTest.java","32251","10921","43172"
"2019-10-10 14:37","HierarchicalQuorumTest.java","260940","146571","407511"
"2018-06-26 11:18","HierarchicalQuorumTest.java","134383","35757","170140"
"2011-04-12 09:14","HierarchicalQuorumTest.java","53413","21324","74737"
"2017-05-11 16:59","HierarchicalQuorumTest.java","125805","35280","161085"
"2010-05-05 22:32","HierarchicalQuorumTest.java","36323","14974","51297"
"2010-03-31 06:26","HierarchicalQuorumTest.java","34118","12541","46659"
"2019-12-27 22:33","FileTxnSnapLog.java","266840","84530","351370"
"2009-11-07 08:16","FileTxnSnapLog.java","75252","12212","87464"
"2019-10-10 14:37","FileTxnSnapLog.java","261459","84074","345533"
"2019-12-13 08:51","FileTxnSnapLog.java","264877","84530","349407"
"2017-01-07 01:09","FileTxnSnapLog.java","172708","21502","194210"
"2011-07-13 15:48","FileTxnSnapLog.java","108410","13352","121762"
"2014-02-12 17:00","FileTxnSnapLog.java","143339","19058","162397"
"2012-03-06 09:20","FileTxnSnapLog.java","119447","17891","137338"
"2020-01-23 16:46","FileTxnSnapLog.java","268089","84530","352619"
"2020-01-28 17:26","FileTxnSnapLog.java","268560","84530","353090"
"2011-10-20 20:02","FileTxnSnapLog.java","116068","17492","133560"
"2016-09-18 23:21","FileTxnSnapLog.java","168040","21306","189346"
"2017-01-23 02:13","FileTxnSnapLog.java","173128","21518","194646"
"2011-04-12 09:14","FileTxnSnapLog.java","110180","15075","125255"
"2018-06-08 16:52","FileTxnSnapLog.java","178661","22282","200943"
"2019-09-02 08:23","FileTxnSnapLog.java","258363","84074","342437"
"2011-12-21 21:39","FileTxnSnapLog.java","117932","17659","135591"
"2017-04-28 07:14","FileTxnSnapLog.java","171182","21831","193013"
"2019-07-31 19:06","FileTxnSnapLog.java","257013","84074","341087"
"2018-07-30 06:22","FileTxnSnapLog.java","186128","28094","214222"
"2012-02-06 09:40","FileTxnSnapLog.java","118903","17769","136672"
"2012-07-17 23:25","FileTxnSnapLog.java","122913","18056","140969"
"2020-01-30 09:43","FileTxnSnapLog.java","268636","84530","353166"
"2019-05-14 17:11","FileTxnSnapLog.java","242374","84075","326449"
"2010-03-12 23:36","FileTxnSnapLog.java","97544","13149","110693"
"2013-06-28 23:22","FileTxnSnapLog.java","136152","18992","155144"
"2014-02-10 21:50","FileTxnSnapLog.java","143208","19039","162247"
"2019-05-21 23:34","FileTxnSnapLog.java","242695","84075","326770"
"2009-02-20 01:23","FileTxnSnapLog.java","28148","8494","36642"
"2019-05-27 10:54","FileTxnSnapLog.java","243027","84075","327102"
"2009-01-31 02:18","FileTxnSnapLog.java","24423","7581","32004"
"2008-12-10 22:55","FileTxnSnapLog.java","9475","3070","12545"
"2017-01-13 19:29","FileTxnSnapLog.java","172921","21512","194433"
"2017-06-26 00:07","FileTxnSnapLog.java","170967","22078","193045"
"2018-02-23 23:49","FileTxnSnapLog.java","176371","22246","198617"
"2017-08-18 06:32","FileTxnSnapLog.java","171019","22128","193147"
"2009-06-18 18:37","FileTxnSnapLog.java","60256","10131","70387"
"2019-08-17 17:13","FileTxnSnapLog.java","257706","84074","341780"
"2009-06-15 22:52","FileTxnSnapLog.java","58961","9907","68868"
"2018-02-14 21:23","FileTxnSnapLog.java","176207","22246","198453"
"2020-03-25 03:38","Request.java","8020","3913","11933"
"2020-05-05 21:20","Request.java","12793","7655","20448"
"2020-02-26 22:41","NettyServerCnxnFactory.java","82580","44499","127079"
"2019-10-10 14:37","NettyServerCnxnFactory.java","68872","37692","106564"
"2019-09-10 18:50","NettyServerCnxnFactory.java","65445","36901","102346"
"2019-11-14 03:54","NettyServerCnxnFactory.java","73316","37880","111196"
"2019-02-12 15:25","NettyServerCnxnFactory.java","13086","6834","19920"
"2019-02-15 15:36","NettyServerCnxnFactory.java","13664","6997","20661"
"2019-04-12 19:01","NettyServerCnxnFactory.java","16817","7583","24400"
"2019-02-13 13:12","NettyServerCnxnFactory.java","13366","6993","20359"
"2019-08-17 17:13","NettyServerCnxnFactory.java","63127","35700","98827"
"2019-11-23 17:08","NettyServerCnxnFactory.java","74927","42799","117726"
"2019-07-03 00:44","NettyServerCnxnFactory.java","26988","11548","38536"
"2019-06-05 00:29","NettyServerCnxnFactory.java","21508","8414","29922"
"2019-07-23 15:55","NettyServerCnxnFactory.java","36348","12913","49261"
"2019-06-24 11:05","NettyServerCnxnFactory.java","25050","10290","35340"
"2019-08-03 08:42","NettyServerCnxnFactory.java","42780","14645","57425"
"2019-08-17 17:13","ReconfigLegacyTest.java","256146","211574","467720"
"2019-06-03 19:40","ReconfigLegacyTest.java","241477","211574","453051"
"2016-11-13 20:59","ReconfigLegacyTest.java","22604","8313","30917"
"2016-11-03 16:07","ReconfigLegacyTest.java","20741","8119","28860"
"2016-08-24 01:36","ReconfigLegacyTest.java","18536","7831","26367"
"2015-09-29 03:56","ReconfigLegacyTest.java","11515","3169","14684"
"2010-04-26 21:58","QuorumPeerTestBase.java","27870","14891","42761"
"2010-03-31 06:26","QuorumPeerTestBase.java","26483","12524","39007"
"2014-08-14 08:08","QuorumPeerTestBase.java","101822","31761","133583"
"2014-07-26 04:11","QuorumPeerTestBase.java","101258","31761","133019"
"2014-03-25 22:13","QuorumPeerTestBase.java","89410","29814","119224"
"2016-11-03 16:07","QuorumPeerTestBase.java","117010","34327","151337"
"2019-12-27 22:33","QuorumPeerTestBase.java","266804","155128","421932"
"2019-10-10 14:37","QuorumPeerTestBase.java","260940","154189","415129"
"2016-06-23 23:25","QuorumPeerTestBase.java","114104","33909","148013"
"2010-03-13 01:06","QuorumPeerTestBase.java","24575","10863","35438"
"2014-07-18 20:48","QuorumPeerTestBase.java","100893","31693","132586"
"2014-08-19 22:50","QuorumPeerTestBase.java","101964","31789","133753"
"2011-06-14 07:14","QuorumPeerTestBase.java","48248","21827","70075"
"2019-07-12 17:01","QuorumPeerTestBase.java","252500","154189","406689"
"2017-01-13 19:29","QuorumPeerTestBase.java","120694","34593","155287"
"2015-03-17 18:06","QuorumPeerTestBase.java","106663","31949","138612"
"2019-08-17 17:13","QuorumPeerTestBase.java","257187","154189","411376"
"2017-11-28 00:10","QuorumPeerTestBase.java","123903","36285","160188"
"2014-01-21 04:50","QuorumPeerTestBase.java","86792","29652","116444"
"2017-12-16 01:25","QuorumPeerTestBase.java","123947","36285","160232"
"2014-07-18 02:19","QuorumPeerTestBase.java","100425","31684","132109"
"2013-03-07 07:01","QuorumPeerTestBase.java","79033","29043","108076"
"2018-10-12 10:25","QuorumPeerTestBase.java","235574","125506","361080"
"2012-07-17 23:25","QuorumPeerTestBase.java","67045","27496","94541"
"2019-12-27 22:33","DigestCalculator.java","18682","10004","28686"
"2019-09-10 15:21","DigestCalculator.java","2737","1694","4431"
"2019-08-17 17:13","StatResetCommand.java","255276","226243","481519"
"2018-02-07 01:05","StatResetCommand.java","10855","7982","18837"
"2019-11-23 17:08","NettyServerCnxn.java","10669","8987","19656"
"2019-11-18 09:05","NettyServerCnxn.java","8869","8744","17613"
"2019-11-21 05:58","NettyServerCnxn.java","8908","8760","17668"
"2019-10-10 14:37","NettyServerCnxn.java","4181","3447","7628"
"2019-11-23 17:08","ZooKeeperServer.java","6178","5446","11624"
"2019-12-27 22:33","ZooKeeperServer.java","10992","6283","17275"
"2019-11-18 09:05","ZooKeeperServer.java","4369","5194","9563"
"2019-12-03 10:01","ZooKeeperServer.java","8655","6021","14676"
"2020-03-25 03:38","ZooKeeperServer.java","18922","10106","29028"
"2019-11-28 12:24","ZooKeeperServer.java","6446","5509","11955"
"2020-04-12 11:14","ZooKeeperServer.java","20363","10794","31157"
"2019-10-10 14:37","ClientTest.java","259003","224202","483205"
"2019-12-28 16:17","ClientTest.java","265461","225828","491289"
"2018-11-22 17:56","ClientTest.java","223827","224082","447909"
"2019-03-06 03:32","ClientTest.java","234939","224106","459045"
"2019-08-17 17:13","ClientTest.java","255250","224202","479452"
"2015-07-07 07:11","MultiOperationTest.java","58247","16593","74840"
"2019-09-18 11:20","MultiOperationTest.java","259561","177943","437504"
"2012-12-19 19:16","MultiOperationTest.java","14195","4688","18883"
"2013-12-17 17:55","MultiOperationTest.java","27923","7056","34979"
"2015-11-21 22:18","MultiOperationTest.java","59991","16849","76840"
"2012-03-17 01:31","MultiOperationTest.java","1538","130","1668"
"2019-06-26 10:57","MultiOperationTest.java","244499","177943","422442"
"2019-08-17 17:13","MultiOperationTest.java","256649","177943","434592"
"2013-02-03 15:52","MultiOperationTest.java","15343","5343","20686"
"2014-10-28 05:35","MultiOperationTest.java","50511","14885","65396"
"2019-10-10 14:37","ZKDatabase.java","178988","154962","333950"
"2019-12-27 22:33","ZKDatabase.java","186102","157151","343253"
"2018-09-28 23:38","ZKDatabase.java","5703","875","6578"
"2019-11-08 17:30","ZKDatabase.java","180903","155016","335919"
"2019-05-14 17:11","ZKDatabase.java","156973","152033","309006"
"2018-09-18 01:00","ZKDatabase.java","2426","172","2598"
"2019-02-07 11:26","ZKDatabase.java","150336","151731","302067"
"2019-04-12 19:01","ZKDatabase.java","154089","152009","306098"
"2019-08-17 17:13","ZKDatabase.java","174233","153960","328193"
"2019-09-10 00:27","ZKDatabase.java","176155","154942","331097"
"2019-04-09 15:35","ZKDatabase.java","153060","151930","304990"
"2019-11-23 17:08","NettyServerCnxn.java","6499","5551","12050"
"2019-11-18 09:05","NettyServerCnxn.java","4698","5307","10005"
"2019-11-21 05:58","NettyServerCnxn.java","4737","5323","10060"
"2015-07-07 07:11","MultiOperationTest.java","58208","16598","74806"
"2019-09-18 11:20","MultiOperationTest.java","259561","177987","437548"
"2012-12-19 19:16","MultiOperationTest.java","14157","4694","18851"
"2013-12-17 17:55","MultiOperationTest.java","27884","7061","34945"
"2015-11-21 22:18","MultiOperationTest.java","59952","16854","76806"
"2012-03-17 01:31","MultiOperationTest.java","1486","122","1608"
"2019-06-26 10:57","MultiOperationTest.java","244499","177987","422486"
"2019-08-17 17:13","MultiOperationTest.java","256649","177987","434636"
"2013-02-03 15:52","MultiOperationTest.java","15304","5348","20652"
"2014-10-28 05:35","MultiOperationTest.java","50472","14890","65362"
"2019-08-17 17:13","ReadOnlyModeTest.java","256659","175537","432196"
"2015-02-06 06:17","ReadOnlyModeTest.java","55973","15992","71965"
"2017-04-18 01:37","ReadOnlyModeTest.java","74269","23845","98114"
"2017-06-08 17:51","ReadOnlyModeTest.java","74535","24743","99278"
"2013-10-09 22:21","ReadOnlyModeTest.java","29917","8243","38160"
"2013-09-18 01:14","ReadOnlyModeTest.java","26267","7880","34147"
"2016-05-02 18:15","ClientCnxn.java","6960","4925","11885"
"2019-08-17 17:13","ClientCnxn.java","255978","218643","474621"
"2017-12-19 19:27","ClientCnxn.java","25155","14791","39946"
"2019-01-31 15:50","ClientCnxn.java","233534","218532","452066"
"2019-04-09 15:35","ClientCnxn.java","236745","218553","455298"
"2019-11-08 17:30","ClientCnxn.java","261622","218673","480295"
"2017-06-08 17:59","ClientCnxn.java","18074","12000","30074"
"2019-01-16 14:21","ClientCnxn.java","231847","218532","450379"
"2019-01-07 14:24","ClientCnxn.java","230696","218531","449227"
"2019-03-06 03:32","ClientCnxn.java","235671","218551","454222"
"2019-02-07 11:26","ClientCnxn.java","234200","218533","452733"
"2018-11-05 19:40","ClientCnxn.java","233523","197702","431225"
"2020-05-17 15:13","ClientCnxn.java","271497","220217","491714"
"2018-06-25 12:30","ClientCnxn.java","29247","15357","44604"
"2020-03-03 03:12","ClientCnxn.java","269259","220189","489448"
"2018-09-10 11:44","ClientCnxn.java","128715","111640","240355"
"2015-11-09 00:05","ClientCnxn.java","2896","1404","4300"
"2015-12-06 19:58","ClientCnxn.java","3328","1531","4859"
"2020-01-21 17:53","ClientCnxn.java","265520","220189","485709"
"2015-12-05 22:43","ClientCnxn.java","3325","1531","4856"
"2015-12-05 22:32","ClientCnxn.java","3318","1529","4847"
"2019-10-10 14:37","ClientCnxn.java","259731","218643","478374"
"2019-11-21 05:58","ClientCnxn.java","260689","220187","480876"
"2020-04-16 12:50","ClientCnxn.java","271098","220189","491287"
"2018-07-27 05:16","ClientCnxn.java","50071","35029","85100"
"2019-11-28 12:24","Version.java","262951","220009","482960"
"2017-01-25 12:57","Version.java","89476","67072","156548"
"2020-04-07 15:40","Version.java","271432","220009","491441"
"2018-08-06 14:11","Version.java","116216","86981","203197"
"2019-08-17 17:13","Version.java","256972","218936","475908"
"2019-07-01 15:16","Version.java","244952","218936","463888"
"2019-04-12 21:47","Version.java","238842","218937","457779"
"2019-12-03 19:35","ContainerManager.java","264028","224879","488907"
"2018-05-09 23:57","ContainerManager.java","17557","9334","26891"
"2019-08-17 17:13","ContainerManager.java","255827","223293","479120"
"2019-06-03 19:40","ContainerManager.java","241157","223292","464449"
"2017-02-05 07:22","ContainerManager.java","5597","1337","6934"
"2018-09-11 15:23","ServerConfig.java","186497","103937","290434"
"2019-04-12 19:01","ServerConfig.java","238823","167719","406542"
"2019-02-13 13:12","ServerConfig.java","235916","167673","403589"
"2017-07-28 00:36","ServerConfig.java","112168","41769","153937"
"2019-05-15 11:56","ServerConfig.java","241770","167719","409489"
"2019-08-17 17:13","ServerConfig.java","257015","167718","424733"
"2015-03-17 18:06","ServerConfig.java","98810","36895","135705"
"2011-09-17 02:42","ServerConfig.java","44481","22270","66751"
"2016-12-22 04:10","ServerConfig.java","112494","39699","152193"
"2019-04-18 19:17","ServerConfig.java","239533","167719","407252"
"2019-10-10 14:37","ClientTest.java","261253","140865","402118"
"2009-09-16 02:09","ClientTest.java","6174","2540","8714"
"2019-12-28 16:17","ClientTest.java","266724","141504","408228"
"2009-10-31 00:09","ClientTest.java","9670","4056","13726"
"2009-11-07 01:48","ClientTest.java","10353","4334","14687"
"2010-01-05 18:32","ClientTest.java","20539","5875","26414"
"2010-03-09 03:09","ClientTest.java","40155","13783","53938"
"2014-07-25 01:31","ClientTest.java","114183","31913","146096"
"2017-01-09 22:49","ClientTest.java","133223","34510","167733"
"2010-09-15 07:51","ClientTest.java","93622","18389","112011"
"2011-04-12 09:14","ClientTest.java","61368","23260","84628"
"2014-07-08 20:18","ClientTest.java","109656","31773","141429"
"2017-05-01 17:19","ClientTest.java","132160","35303","167463"
"2018-11-22 17:56","ClientTest.java","226153","140821","366974"
"2013-01-25 02:17","ClientTest.java","87591","29207","116798"
"2017-06-30 22:43","ClientTest.java","132055","35677","167732"
"2019-03-06 03:32","ClientTest.java","237249","140829","378078"
"2012-12-11 08:42","ClientTest.java","84900","28776","113676"
"2012-10-31 19:38","ClientTest.java","81520","28223","109743"
"2019-08-17 17:13","ClientTest.java","257500","140865","398365"
"2014-08-14 08:08","QuorumPeerTestBase.java","22920","9999","32919"
"2014-07-26 04:11","QuorumPeerTestBase.java","22249","9892","32141"
"2014-03-25 22:13","QuorumPeerTestBase.java","2851","395","3246"
"2016-11-03 16:07","QuorumPeerTestBase.java","42781","17238","60019"
"2019-12-27 22:33","QuorumPeerTestBase.java","266387","200216","466603"
"2019-10-10 14:37","QuorumPeerTestBase.java","260045","198799","458844"
"2016-06-23 23:25","QuorumPeerTestBase.java","39322","16267","55589"
"2014-07-18 20:48","QuorumPeerTestBase.java","21600","9540","31140"
"2014-08-19 22:50","QuorumPeerTestBase.java","23127","10092","33219"
"2019-07-12 17:01","QuorumPeerTestBase.java","251605","198799","450404"
"2017-01-13 19:29","QuorumPeerTestBase.java","47086","18125","65211"
"2015-03-17 18:06","QuorumPeerTestBase.java","28297","10723","39020"
"2019-08-17 17:13","QuorumPeerTestBase.java","256292","198799","455091"
"2017-11-28 00:10","QuorumPeerTestBase.java","54157","23679","77836"
"2017-12-16 01:25","QuorumPeerTestBase.java","54535","24013","78548"
"2014-07-18 02:19","QuorumPeerTestBase.java","20921","9320","30241"
"2018-10-12 10:25","QuorumPeerTestBase.java","232221","179293","411514"
"2019-11-29 14:49","QuorumCnxManager.java","2160","509","2669"
"2020-03-12 14:47","QuorumCnxManager.java","11651","4614","16265"
"2020-01-23 13:43","QuorumCnxManager.java","7752","2731","10483"
"2020-03-23 16:20","QuorumCnxManager.java","11912","4704","16616"
"2020-02-16 10:25","QuorumCnxManager.java","10243","4509","14752"
"2014-07-14 19:45","ReconfigTest.java","3701","1011","4712"
"2019-09-18 11:20","ReconfigTest.java","259066","204462","463528"
"2016-06-23 23:45","ReconfigTest.java","26227","8865","35092"
"2014-08-20 06:07","ReconfigTest.java","9431","2201","11632"
"2014-08-24 07:42","ReconfigTest.java","9720","2243","11963"
"2016-11-13 20:59","ReconfigTest.java","31503","10092","41595"
"2019-05-03 17:37","ReconfigTest.java","240260","204446","444706"
"2019-05-08 21:54","ReconfigTest.java","240640","204446","445086"
"2018-07-04 17:11","ReconfigTest.java","54163","25772","79935"
"2016-06-15 19:11","ReconfigTest.java","25720","8814","34534"
"2019-08-17 17:13","ReconfigTest.java","256154","204462","460616"
"2019-11-29 14:49","ReconfigTest.java","264150","205901","470051"
"2018-12-09 03:16","ReconfigTest.java","228702","204352","433054"
"2018-11-22 17:56","ReconfigTest.java","224741","204352","429093"
"2017-09-11 18:55","ReconfigTest.java","37211","16391","53602"
"2017-02-12 00:34","ReconfigTest.java","34030","13827","47857"
"2019-08-17 17:13","MockNIOServerCnxn.java","256360","198306","454666"
"2019-08-17 17:13","Leader.java","256154","204932","461086"
"2019-06-29 00:33","Leader.java","244141","204932","449073"
"2019-06-03 19:40","Leader.java","241485","204932","446417"
"2019-07-15 14:15","Leader.java","251573","204932","456505"
"2015-03-17 18:06","Leader.java","14224","2921","17145"
"2019-07-25 21:41","Leader.java","252637","204932","457569"
"2018-05-10 06:00","Leader.java","44846","17650","62496"
"2018-07-12 01:33","Leader.java","54037","25908","79945"
"2018-02-07 01:05","Leader.java","42334","17272","59606"
"2017-11-28 00:10","Leader.java","41026","16819","57845"
"2019-06-05 00:33","Leader.java","241875","204932","446807"
"2015-04-10 22:22","Leader.java","15338","2967","18305"
"2019-08-03 08:42","Leader.java","256862","204932","461794"
"2019-06-05 23:57","Leader.java","242144","204932","447076"
"2017-01-13 19:29","Leader.java","33681","10991","44672"
"2019-01-07 14:55","Leader.java","230936","204823","435759"
"2019-04-12 19:01","Leader.java","237945","204916","442861"
"2018-12-09 03:16","Leader.java","228702","204822","433524"
"2018-08-17 14:40","Leader.java","114020","83595","197615"
"2019-11-29 14:49","Leader.java","264150","206371","470521"
"2018-11-27 10:02","Leader.java","226378","204822","431200"
"2015-02-06 06:17","Leader.java","12768","2687","15455"
"2017-02-15 23:04","Leader.java","33584","13850","47434"
"2014-07-18 02:19","Leader.java","6684","1354","8038"
"2018-08-29 06:26","Leader.java","137170","106537","243707"
"2018-08-03 18:52","Leader.java","66049","36422","102471"
"2017-09-11 18:55","Leader.java","36740","16390","53130"
"2018-09-18 01:00","Leader.java","145021","111818","256839"
"2016-12-20 14:47","Leader.java","32751","10903","43654"
"2014-07-20 04:50","Leader.java","7465","1614","9079"
"2016-06-23 23:25","Leader.java","25607","8823","34430"
"2016-06-23 23:45","Leader.java","25749","8857","34606"
"2020-03-25 03:38","Leader.java","270379","206372","476751"
"2019-12-27 22:33","Leader.java","266271","206371","472642"
"2016-08-13 15:01","Leader.java","26931","9344","36275"
"2019-10-10 14:37","Leader.java","259907","204932","464839"
"2019-10-10 14:37","ClientCnxnSocket.java","260738","218456","479194"
"2011-04-12 09:14","ClientCnxnSocket.java","3022","43020","46042"
"2018-07-10 13:29","ClientCnxnSocket.java","105843","77897","183740"
"2016-12-30 23:01","ClientCnxnSocket.java","89592","67289","156881"
"2011-07-25 23:31","ClientCnxnSocket.java","12939","44301","57240"
"2011-05-20 01:17","ClientCnxnSocket.java","4012","43191","47203"
"2012-09-09 20:24","ClientCnxnSocket.java","30237","53348","83585"
"2015-02-06 06:17","ClientCnxnSocket.java","73269","63193","136462"
"2018-11-22 17:56","ClientCnxnSocket.java","225616","218390","444006"
"2010-11-11 18:11","ClientCnxnSocket.java","48","52","100"
"2016-05-02 18:15","ClientCnxnSocket.java","82148","66231","148379"
"2019-08-17 17:13","ClientCnxnSocket.java","256985","218456","475441"
"2018-07-12 01:33","ClientCnxnSocket.java","106106","77982","184088"
"2019-04-09 15:35","ClientCnxnSocket.java","237791","218405","456196"
"2014-12-20 15:29","ClientCnxnSocket.java","73012","63142","136154"
"2019-10-10 14:37","ClientCnxnSocket.java","260738","218452","479190"
"2011-04-12 09:14","ClientCnxnSocket.java","2974","42968","45942"
"2018-07-10 13:29","ClientCnxnSocket.java","105808","77858","183666"
"2016-12-30 23:01","ClientCnxnSocket.java","89554","67247","156801"
"2011-07-25 23:31","ClientCnxnSocket.java","12894","44252","57146"
"2011-05-20 01:17","ClientCnxnSocket.java","3967","43142","47109"
"2012-09-09 20:24","ClientCnxnSocket.java","30194","53301","83495"
"2015-02-06 06:17","ClientCnxnSocket.java","73230","63150","136380"
"2018-11-22 17:56","ClientCnxnSocket.java","225616","218386","444002"
"2016-05-02 18:15","ClientCnxnSocket.java","82110","66189","148299"
"2019-08-17 17:13","ClientCnxnSocket.java","256985","218452","475437"
"2018-07-12 01:33","ClientCnxnSocket.java","106071","77943","184014"
"2019-04-09 15:35","ClientCnxnSocket.java","237791","218401","456192"
"2014-12-20 15:29","ClientCnxnSocket.java","72973","63099","136072"
"2020-05-05 21:20","ServerMetrics.java","57043","39235","96278"
"2020-02-26 22:41","ServerMetrics.java","50191","35545","85736"
"2020-03-25 03:38","ServerMetrics.java","52483","35706","88189"
"2019-09-16 23:26","ServerMetrics.java","34229","27218","61447"
"2019-11-18 09:05","ServerMetrics.java","40446","33310","73756"
"2020-05-03 19:43","ServerMetrics.java","54098","36385","90483"
"2019-11-23 17:08","ServerMetrics.java","42193","33500","75693"
"2019-08-17 17:13","ServerMetrics.java","29608","25616","55224"
"2019-07-31 19:06","ServerMetrics.java","4847","1548","6395"
"2019-11-28 12:24","Version.java","261007","234612","495619"
"2020-04-07 15:40","Version.java","269548","234672","504220"
"2019-08-17 17:13","Version.java","254163","232674","486837"
"2019-07-01 15:16","Version.java","242142","232673","474815"
"2019-04-12 21:47","Version.java","235994","232636","468630"
"2019-10-10 14:37","LearnerHandler.java","69561","38466","108027"
"2019-07-03 20:54","LearnerHandler.java","27848","12512","40360"
"2019-04-12 19:01","LearnerHandler.java","17638","8489","26127"
"2019-06-29 00:33","LearnerHandler.java","27672","12343","40015"
"2019-07-25 21:41","LearnerHandler.java","38206","14381","52587"
"2019-08-23 19:43","LearnerHandler.java","64486","36478","100964"
"2019-08-17 17:13","LearnerHandler.java","63823","36481","100304"
"2019-05-06 17:48","LearnerHandler.java","20396","8741","29137"
"2019-08-03 08:42","LearnerHandler.java","43591","15541","59132"
"2019-04-22 19:15","LearnerHandler.java","18635","8511","27146"
"2019-07-29 17:15","JMap.java","254633","157928","412561"
"2010-05-03 23:49","JMap.java","23178","13512","36690"
"2019-08-17 17:13","AsyncOpsTest.java","256413","187214","443627"
"2014-06-25 19:06","AsyncOpsTest.java","28755","10224","38979"
"2019-10-10 14:37","AsyncOpsTest.java","260166","187214","447380"
"2019-10-10 14:37","LearnerHandler.java","53666","31720","85386"
"2019-07-03 20:54","LearnerHandler.java","10641","4454","15095"
"2019-06-29 00:33","LearnerHandler.java","10459","4279","14738"
"2019-07-25 21:41","LearnerHandler.java","21019","6343","27362"
"2019-08-23 19:43","LearnerHandler.java","48481","29622","78103"
"2019-08-17 17:13","LearnerHandler.java","47813","29620","77433"
"2019-05-06 17:48","LearnerHandler.java","2864","358","3222"
"2019-08-03 08:42","LearnerHandler.java","26477","7576","34053"
"2019-04-22 19:15","LearnerHandler.java","998","23","1021"
"2019-08-17 17:13","CRCTest.java","255887","222020","477907"
"2019-10-10 14:37","CRCTest.java","259640","222020","481660"
"2018-12-06 10:56","FastLeaderElection.java","141882","150765","292647"
"2019-10-10 14:37","FastLeaderElection.java","182815","158473","341288"
"2019-09-30 23:22","FastLeaderElection.java","182429","158460","340889"
"2020-04-07 09:07","FastLeaderElection.java","194903","160940","355843"
"2019-01-18 03:42","FastLeaderElection.java","153656","157042","310698"
"2019-08-17 17:13","FastLeaderElection.java","178065","157476","335541"
"2019-08-02 20:08","FastLeaderElection.java","178812","157442","336254"
"2019-08-03 08:42","FastLeaderElection.java","178752","157455","336207"
"2019-08-17 17:13","CreateTest.java","257532","127741","385273"
"2010-08-17 09:24","CreateTest.java","73013","16154","89167"
"2011-04-12 09:14","CreateTest.java","72010","20746","92756"
"2012-12-19 19:16","CreateTest.java","94693","24954","119647"
"2010-04-22 07:42","CreateTest.java","55038","15595","70633"
"2015-07-07 07:11","CreateTest.java","129600","27714","157314"
"2020-02-16 10:25","LearnerTest.java","51081","35754","86835"
"2020-01-28 17:26","LearnerTest.java","50781","35696","86477"
"2019-08-17 17:13","LearnerTest.java","30536","25849","56385"
"2019-11-29 14:49","LearnerTest.java","45346","34102","79448"
"2019-08-17 17:13","StatPrinter.java","256502","178872","435374"
"2019-08-17 17:13","VerifyingFileFactory.java","255887","220587","476474"
"2011-12-28 07:07","ServerCnxnFactory.java","7882","7635","15517"
"2013-10-05 00:57","ServerCnxnFactory.java","31797","14113","45910"
"2019-11-14 03:54","ServerCnxnFactory.java","264913","177112","442025"
"2019-11-11 13:59","ServerCnxnFactory.java","264314","177112","441426"
"2012-08-28 21:51","ServerCnxnFactory.java","16052","10895","26947"
"2017-04-19 01:19","ServerCnxnFactory.java","77468","28371","105839"
"2012-02-11 00:34","ServerCnxnFactory.java","9341","8170","17511"
"2018-10-24 04:03","ServerCnxnFactory.java","236370","158280","394650"
"2013-03-07 07:01","ServerCnxnFactory.java","28731","13582","42313"
"2014-07-18 02:19","ServerCnxnFactory.java","55427","21527","76954"
"2019-02-13 13:12","ServerCnxnFactory.java","235797","177059","412856"
"2017-10-07 21:22","ServerCnxnFactory.java","79259","30282","109541"
"2019-08-17 17:13","ServerCnxnFactory.java","256904","177112","434016"
"2019-06-07 14:13","ServerCnxnFactory.java","243008","177112","420120"
"2019-07-03 00:44","ServerCnxnFactory.java","244917","177112","422029"
"2015-03-17 18:06","ServerCnxnFactory.java","61957","22084","84041"
"2015-03-28 20:08","ServerCnxnFactory.java","62962","22100","85062"
"2016-05-02 18:15","ServerCnxnFactory.java","69766","25274","95040"
"2012-12-08 00:38","ServerCnxnFactory.java","20241","11725","31966"
"2012-12-19 19:07","ServerCnxnFactory.java","22233","12521","34754"
"2019-12-03 10:01","CommandsTest.java","264194","211699","475893"
"2018-09-11 00:17","CommandsTest.java","137907","112236","250143"
"2019-01-07 14:39","CommandsTest.java","230881","210150","441031"
"2018-09-18 01:00","CommandsTest.java","140229","112356","252585"
"2019-04-12 19:01","CommandsTest.java","237942","210243","448185"
"2019-11-29 14:49","CommandsTest.java","264148","211699","475847"
"2018-07-12 01:33","CommandsTest.java","48461","25662","74123"
"2019-08-17 17:13","CommandsTest.java","256151","210259","466410"
"2019-06-03 19:40","CommandsTest.java","241482","210259","451741"
"2019-06-29 00:33","CommandsTest.java","244138","210259","454397"
"2019-11-23 17:08","CommandsTest.java","262292","211699","473991"
"2019-06-04 10:55","CommandsTest.java","241635","210259","451894"
"2019-05-27 10:54","CommandsTest.java","241455","210243","451698"
"2019-08-17 17:13","GetProposalFromTxnTest.java","255887","222020","477907"
"2019-12-27 22:33","GetProposalFromTxnTest.java","266144","223599","489743"
"2019-11-08 17:30","Request.java","262793","154580","417373"
"2019-01-16 14:21","Request.java","233107","154528","387635"
"2019-04-25 02:11","Request.java","240899","154580","395479"
"2019-07-08 23:26","Request.java","245955","154580","400535"
"2011-07-01 00:53","Request.java","51244","22527","73771"
"2015-02-06 06:17","Request.java","105021","31934","136955"
"2013-03-07 07:01","Request.java","78662","29077","107739"
"2019-02-07 11:26","Request.java","235460","154529","389989"
"2019-08-06 17:11","Request.java","258280","154580","412860"
"2019-08-01 07:28","Request.java","257360","154580","411940"
"2019-06-26 10:57","Request.java","245029","154580","399609"
"2014-01-24 07:18","Request.java","88021","29703","117724"
"2016-10-07 21:51","Request.java","116067","34373","150440"
"2015-06-04 19:51","Request.java","108812","32169","140981"
"2019-08-17 17:13","Request.java","257179","154580","411759"
"2019-04-17 14:16","Request.java","239251","154580","393831"
"2019-05-03 00:44","Request.java","241176","154580","395756"
"2019-06-05 00:46","Request.java","243039","154580","397619"
"2019-05-10 12:22","Request.java","241686","154580","396266"
"2020-03-25 03:38","Request.java","270911","155527","426438"
"2010-01-25 04:28","Request.java","5234","1740","6974"
"2019-09-20 10:06","Request.java","260042","154580","414622"
"2019-09-16 23:26","Request.java","260198","154580","414778"
"2019-12-27 22:33","Request.java","266804","155527","422331"
"2019-11-11 13:59","Request.java","264589","154580","419169"
"2011-10-20 20:02","Request.java","58001","25138","83139"
"2012-12-19 19:16","Request.java","73713","28684","102397"
"2014-04-29 02:23","Request.java","92698","31115","123813"
"2013-10-09 22:21","Request.java","84378","29598","113976"
"2020-05-05 21:20","Request.java","271942","155527","427469"
"2019-08-17 17:13","EphemeralTypeTest.java","44192","29523","73715"
"2019-11-14 03:54","ServerCnxnFactory.java","264188","210287","474475"
"2019-11-11 13:59","ServerCnxnFactory.java","263589","210287","473876"
"2017-04-19 01:19","ServerCnxnFactory.java","28082","12885","40967"
"2018-10-24 04:03","ServerCnxnFactory.java","234682","190492","425174"
"2019-02-13 13:12","ServerCnxnFactory.java","235008","210170","445178"
"2017-10-07 21:22","ServerCnxnFactory.java","31005","15928","46933"
"2019-08-17 17:13","ServerCnxnFactory.java","256151","210259","466410"
"2019-06-07 14:13","ServerCnxnFactory.java","242255","210259","452514"
"2019-07-03 00:44","ServerCnxnFactory.java","244164","210259","454423"
"2015-03-17 18:06","ServerCnxnFactory.java","7608","1635","9243"
"2015-03-28 20:08","ServerCnxnFactory.java","8632","1670","10302"
"2016-05-02 18:15","ServerCnxnFactory.java","18018","7426","25444"
"2009-11-18 20:06","QuorumHammerTest.java","12927","2924","15851"
"2019-08-17 17:13","QuorumHammerTest.java","257484","144483","401967"
"2011-07-29 10:14","QuorumHammerTest.java","63412","21380","84792"
"2011-04-12 09:14","QuorumHammerTest.java","56963","22489","79452"
"2010-03-31 06:26","QuorumHammerTest.java","38033","14071","52104"
"2019-10-10 14:37","FourLetterWordsTest.java","51320","32069","83389"
"2019-08-17 17:13","FourLetterWordsTest.java","45184","29686","74870"
"2019-08-17 17:13","ObserverMXBean.java","257187","154189","411376"
"2018-12-09 03:16","ObserverMXBean.java","229795","154139","383934"
"2019-08-17 17:13","JettyAdminServerTest.java","256151","210264","466415"
"2019-07-29 17:09","JettyAdminServerTest.java","253165","210264","463429"
"2020-05-05 09:18","JettyAdminServerTest.java","271354","211705","483059"
"2019-10-10 14:37","JettyAdminServerTest.java","259904","210264","470168"
"2017-09-11 18:55","InstanceManager.java","25332","15063","40395"
"2019-08-17 17:13","InstanceManager.java","256104","214963","471067"
"2019-11-28 12:24","DataTree.java","64134","37560","101694"
"2019-10-10 14:37","DataTree.java","57691","32270","89961"
"2019-12-27 22:33","DataTree.java","68291","37945","106236"
"2019-11-11 13:59","DataTree.java","61533","32455","93988"
"2019-11-08 17:30","DataTree.java","59706","32424","92130"
"2019-09-10 09:53","DataTree.java","54158","31441","85599"
"2019-04-12 19:01","DataTree.java","4537","1062","5599"
"2019-07-31 19:06","DataTree.java","29141","8166","37307"
"2019-09-11 10:27","DataTree.java","54507","31483","85990"
"2019-08-01 07:31","DataTree.java","30584","8245","38829"
"2019-08-17 17:13","DataTree.java","51869","30201","82070"
"2019-09-10 15:21","DataTree.java","54162","31451","85613"
"2019-04-12 12:29","DataTree.java","3944","900","4844"
"2019-08-03 08:42","DataTree.java","30886","8510","39396"
"2019-08-09 16:15","DataTree.java","31843","8719","40562"
"2019-04-29 16:49","DataTree.java","6674","1169","7843"
"2013-05-11 14:51","FLETest.java","15281","3405","18686"
"2019-10-10 14:37","FLETest.java","260221","179987","440208"
"2013-10-21 23:36","FLETest.java","21782","4386","26168"
"2013-10-02 20:19","FLETest.java","18361","4076","22437"
"2014-06-25 15:04","FLETest.java","36923","11637","48560"
"2016-06-02 00:59","FLETest.java","59653","17979","77632"
"2017-09-11 18:55","FLETest.java","69115","23506","92621"
"2019-08-17 17:13","FLETest.java","256468","179987","436455"
"2016-07-27 01:33","ZooKeeperTest.java","45847","16893","62740"
"2015-11-08 22:54","ZooKeeperTest.java","40315","13179","53494"
"2016-09-08 22:52","ZooKeeperTest.java","46744","17402","64146"
"2018-10-04 15:46","ZooKeeperTest.java","159472","111880","271352"
"2016-10-16 14:21","ZooKeeperTest.java","48071","17569","65640"
"2019-03-12 19:08","ZooKeeperTest.java","236420","193309","429729"
"2017-04-29 20:17","ZooKeeperTest.java","53326","20926","74252"
"2014-03-29 04:33","ZooKeeperTest.java","9739","1509","11248"
"2017-05-30 19:43","ZooKeeperTest.java","53466","21836","75302"
"2019-05-23 18:42","ZooKeeperTest.java","241590","193373","434963"
"2019-08-17 17:13","ZooKeeperTest.java","256377","193389","449766"
"2016-08-10 19:32","ZooKeeperTest.java","46021","17112","63133"
"2019-06-06 00:01","ZooKeeperTest.java","242514","193389","435903"
"2018-09-28 23:38","WatchesSummary.java","143477","113030","256507"
"2019-08-17 17:13","WatchesSummary.java","256151","210259","466410"
"2014-02-12 17:00","ZKDatabase.java","50325","55905","106230"
"2019-10-10 14:37","ZKDatabase.java","260725","219580","480305"
"2019-12-27 22:33","ZKDatabase.java","266723","220653","487376"
"2018-04-06 06:04","ZKDatabase.java","94380","70108","164488"
"2011-04-12 09:14","ZKDatabase.java","1421","42556","43977"
"2014-04-29 02:23","ZKDatabase.java","59355","61920","121275"
"2014-04-17 08:47","ZKDatabase.java","58644","61915","120559"
"2011-09-17 02:36","ZKDatabase.java","17574","47270","64844"
"2018-09-28 23:38","ZKDatabase.java","183648","149013","332661"
"2013-06-28 23:22","ZKDatabase.java","42661","55362","98023"
"2019-11-08 17:30","ZKDatabase.java","262586","219580","482166"
"2019-05-14 17:11","ZKDatabase.java","241640","219581","461221"
"2012-07-17 23:25","ZKDatabase.java","28000","53004","81004"
"2018-09-18 01:00","ZKDatabase.java","180920","148859","329779"
"2013-03-07 07:01","ZKDatabase.java","40554","55117","95671"
"2019-02-07 11:26","ZKDatabase.java","235240","219516","454756"
"2019-04-12 19:01","ZKDatabase.java","238780","219581","458361"
"2018-09-05 22:35","ZKDatabase.java","178600","148793","327393"
"2015-02-06 06:17","ZKDatabase.java","71978","63039","135017"
"2014-07-18 02:19","ZKDatabase.java","66908","62720","129628"
"2018-02-07 01:05","ZKDatabase.java","94001","70081","164082"
"2014-01-24 07:18","ZKDatabase.java","50039","55869","105908"
"2019-08-17 17:13","ZKDatabase.java","256972","219580","476552"
"2019-09-10 00:27","ZKDatabase.java","257912","219580","477492"
"2016-03-23 00:30","ZKDatabase.java","80083","66044","146127"
"2018-02-23 23:49","ZKDatabase.java","94367","70103","164470"
"2017-08-03 20:28","ZKDatabase.java","88266","69596","157862"
"2017-06-18 19:23","ZKDatabase.java","88406","69512","157918"
"2019-04-09 15:35","ZKDatabase.java","237778","219529","457307"
"2019-12-27 22:33","SnapshotFormatter.java","4647","875","5522"
"2019-10-10 14:37","DistributedQueue.java","5697","2537","8234"
"2019-08-17 17:13","ZooKeeperServerTest.java","48462","29730","78192"
"2019-10-10 14:37","LearnerSessionTracker.java","216682","191804","408486"
"2019-09-20 10:02","LearnerSessionTracker.java","215849","191804","407653"
"2019-08-17 17:13","LearnerSessionTracker.java","212928","191803","404731"
"2011-08-21 02:53","AuthTest.java","76168","21204","97372"
"2011-04-12 09:14","AuthTest.java","69744","22690","92434"
"2010-10-06 18:14","AuthTest.java","102611","18277","120888"
"2019-08-17 17:13","AuthTest.java","257500","131919","389419"
"2010-10-27 00:30","AuthTest.java","104458","18426","122884"
"2012-03-02 03:44","AuthTest.java","82196","26025","108221"
"2019-11-28 12:24","DataTree.java","262658","193109","455767"
"2019-10-10 14:37","DataTree.java","260159","191763","451922"
"2019-12-27 22:33","DataTree.java","266430","193109","459539"
"2015-06-06 03:48","DataTree.java","39896","12733","52629"
"2019-11-11 13:59","DataTree.java","263844","191791","455635"
"2018-07-10 13:29","DataTree.java","74480","33108","107588"
"2014-04-17 08:47","DataTree.java","20675","9383","30058"
"2014-04-29 02:23","DataTree.java","21387","9389","30776"
"2018-09-28 23:38","DataTree.java","161183","111985","273168"
"2019-11-08 17:30","DataTree.java","262048","191791","453839"
"2013-09-05 23:50","DataTree.java","2684","968","3652"
"2019-01-30 16:28","DataTree.java","233419","191665","425084"
"2019-01-30 17:02","DataTree.java","233963","191665","425628"
"2016-11-24 17:18","DataTree.java","54068","19138","73206"
"2017-09-11 18:55","DataTree.java","57866","24095","81961"
"2017-02-05 07:22","DataTree.java","55724","19355","75079"
"2014-07-18 02:19","DataTree.java","29702","10951","40653"
"2019-02-07 11:26","DataTree.java","234641","191666","426307"
"2018-09-04 11:54","DataTree.java","155846","111732","267578"
"2018-09-05 22:35","DataTree.java","156121","111751","267872"
"2018-12-20 15:17","DataTree.java","229907","191664","421571"
"2019-09-10 09:53","DataTree.java","257455","191763","449218"
"2019-04-12 19:01","DataTree.java","238197","191747","429944"
"2019-07-31 19:06","DataTree.java","255713","191763","447476"
"2019-09-11 10:27","DataTree.java","257762","191763","449525"
"2013-10-22 12:54","DataTree.java","7364","1579","8943"
"2016-03-23 00:30","DataTree.java","45785","17183","62968"
"2019-08-01 07:31","DataTree.java","257077","191763","448840"
"2014-01-24 07:18","DataTree.java","10640","1907","12547"
"2019-08-17 17:13","DataTree.java","256406","191763","448169"
"2019-09-10 15:21","DataTree.java","257449","191763","449212"
"2015-06-04 19:51","DataTree.java","39784","12726","52510"
"2016-10-07 21:51","DataTree.java","50510","18401","68911"
"2017-06-18 19:23","DataTree.java","56257","22800","79057"
"2019-04-12 12:29","DataTree.java","237766","191747","429513"
"2019-08-03 08:42","DataTree.java","257114","191763","448877"
"2019-08-09 16:15","DataTree.java","257862","191763","449625"
"2016-11-13 20:59","DataTree.java","52898","18536","71434"
"2019-04-29 16:49","DataTree.java","240227","191747","431974"
"2019-10-10 14:37","X509Util.java","259640","220587","480227"
"2019-07-29 17:09","X509Util.java","252901","220587","473488"
"2019-06-05 00:29","X509Util.java","241553","220586","462139"
"2019-08-17 17:13","X509Util.java","255887","220587","476474"
"2018-11-27 10:02","X509Util.java","226101","220467","446568"
"2018-11-07 02:29","X509Util.java","223642","220466","444108"
"2019-01-24 11:53","X509Util.java","232760","220469","453229"
"2018-12-15 07:34","X509Util.java","228340","220467","448807"
"2019-01-25 14:32","X509Util.java","232819","220469","453288"
"2019-01-14 19:40","X509Util.java","231168","220468","451636"
"2018-10-16 16:22","X509Util.java","232847","199150","431997"
"2019-01-25 14:37","X509Util.java","232841","220469","453310"
"2016-07-27 01:33","CreateCommand.java","37360","16636","53996"
"2017-05-27 00:52","CreateCommand.java","45427","22027","67454"
"2015-06-04 19:51","CreateCommand.java","28691","11518","40209"
"2019-08-17 17:13","CreateCommand.java","256271","201513","457784"
"2018-05-09 23:57","CreateCommand.java","55100","24653","79753"
"2019-10-10 14:37","LoadFromLogTest.java","258833","227996","486829"
"2019-08-17 17:13","LoadFromLogTest.java","255079","227995","483074"
"2019-06-07 14:13","LoadFromLogTest.java","241182","227994","469176"
"2018-10-16 16:22","QuorumPeerConfig.java","239509","115492","355001"
"2012-04-23 01:20","QuorumPeerConfig.java","77420","28281","105701"
"2018-12-09 03:16","QuorumPeerConfig.java","230104","143022","373126"
"2019-04-12 19:01","QuorumPeerConfig.java","239297","143066","382363"
"2018-09-11 15:23","QuorumPeerConfig.java","194930","88584","283514"
"2013-03-07 07:01","QuorumPeerConfig.java","90663","29686","120349"
"2018-12-15 07:34","QuorumPeerConfig.java","230019","143022","373041"
"2019-02-13 13:12","QuorumPeerConfig.java","236401","143031","379432"
"2019-08-17 17:13","QuorumPeerConfig.java","257490","143066","400556"
"2015-03-17 18:06","QuorumPeerConfig.java","118066","32365","150431"
"2014-01-21 04:50","QuorumPeerConfig.java","98282","30155","128437"
"2009-11-18 20:06","QuorumPeerConfig.java","15100","3674","18774"
"2012-12-16 07:43","QuorumPeerConfig.java","83718","29135","112853"
"2017-11-28 00:10","QuorumPeerConfig.java","134958","36353","171311"
"2019-06-05 00:29","QuorumPeerConfig.java","243157","143066","386223"
"2014-09-17 07:34","QuorumPeerConfig.java","114483","32235","146718"
"2020-01-09 11:27","QuorumPeerConfig.java","266233","143706","409939"
"2019-07-12 17:01","QuorumPeerConfig.java","252803","143066","395869"
"2016-11-13 20:59","QuorumPeerConfig.java","129957","34618","164575"
"2019-05-15 11:56","QuorumPeerConfig.java","242244","143066","385310"
"2014-08-19 22:50","QuorumPeerConfig.java","113397","32235","145632"
"2018-10-01 06:11","QuorumPeerConfig.java","198906","88726","287632"
"2017-07-28 00:36","QuorumPeerConfig.java","130379","36194","166573"
"2013-09-30 22:20","QuorumPeerConfig.java","93201","29839","123040"
"2017-07-06 18:48","QuorumPeerConfig.java","131243","36176","167419"
"2013-09-26 00:13","QuorumPeerConfig.java","92953","29835","122788"
"2010-03-09 05:44","QuorumPeerConfig.java","37341","12944","50285"
"2020-01-23 13:43","QuorumPeerConfig.java","268057","143706","411763"
"2011-04-06 18:17","QuorumPeerConfig.java","58140","22407","80547"
"2010-03-12 19:26","QuorumPeerConfig.java","38172","13045","51217"
"2014-05-17 13:23","QuorumPeerConfig.java","104602","31580","136182"
"2014-07-04 04:19","QuorumPeerConfig.java","107302","31731","139033"
"2011-09-17 02:42","QuorumPeerConfig.java","70609","24612","95221"
"2016-06-23 19:42","QuorumPeerConfig.java","125117","34210","159327"
"2015-09-06 20:02","QuorumPeerConfig.java","121791","32578","154369"
"2015-09-29 03:56","QuorumPeerConfig.java","122001","32607","154608"
"2019-10-10 14:37","QuorumPeerConfig.java","261243","143066","404309"
"2018-07-27 12:32","QuorumPeerConfig.java","151804","48285","200089"
"2019-04-18 19:17","QuorumPeerConfig.java","240007","143066","383073"
"2016-11-03 16:07","QuorumPeerConfig.java","128273","34603","162876"
"2011-04-12 09:14","QuorumPeerConfig.java","58776","22879","81655"
"2014-03-25 22:13","QuorumPeerConfig.java","100891","30308","131199"
"2011-09-02 22:50","QuorumPeerConfig.java","69476","21869","91345"
"2013-10-09 22:21","QuorumPeerConfig.java","96233","30061","126294"
"2014-08-01 07:38","QuorumPeerConfig.java","112835","32208","145043"
"2014-08-14 08:08","QuorumPeerConfig.java","113256","32208","145464"
"2020-02-16 10:25","QuorumPeerConfig.java","268770","143706","412476"
"2020-05-14 18:18","QuorumPeerConfig.java","271996","143707","415703"
"2017-05-11 16:59","QuorumPeerConfig.java","130333","36133","166466"
"2019-04-12 19:01","MonitorCommand.java","237064","226224","463288"
"2019-01-07 14:39","MonitorCommand.java","229996","226124","456120"
"2019-08-17 17:13","MonitorCommand.java","255276","226243","481519"
"2019-06-04 10:55","MonitorCommand.java","240759","226242","467001"
"2015-10-18 19:00","QuorumPeer.java","35623","12696","48319"
"2018-12-20 15:13","QuorumPeer.java","229837","197182","427019"
"2019-05-16 16:25","QuorumPeer.java","241149","197265","438414"
"2018-10-16 16:22","QuorumPeer.java","235268","177786","413054"
"2019-06-14 09:06","QuorumPeer.java","244364","197281","441645"
"2018-12-07 12:41","QuorumPeer.java","226850","197181","424031"
"2019-03-11 19:47","QuorumPeer.java","236284","197201","433485"
"2014-07-18 02:19","QuorumPeer.java","22778","9585","32363"
"2019-02-13 13:12","QuorumPeer.java","235233","197202","432435"
"2019-04-12 19:01","QuorumPeer.java","238157","197265","435422"
"2018-12-09 03:16","QuorumPeer.java","228924","197181","426105"
"2018-09-11 15:23","QuorumPeer.java","151653","111842","263495"
"2019-11-29 14:49","QuorumPeer.java","264272","198630","462902"
"2018-12-15 07:34","QuorumPeer.java","228839","197181","426020"
"2018-11-27 10:02","QuorumPeer.java","226600","197181","423781"
"2018-09-18 01:00","QuorumPeer.java","152984","111918","264902"
"2019-06-03 19:40","QuorumPeer.java","241697","197281","438978"
"2019-07-15 14:15","QuorumPeer.java","251785","197281","449066"
"2015-03-17 18:06","QuorumPeer.java","30108","10942","41050"
"2019-07-03 00:44","QuorumPeer.java","244379","197281","441660"
"2019-08-17 17:13","QuorumPeer.java","256366","197281","453647"
"2015-06-27 02:03","QuorumPeer.java","33344","11489","44833"
"2017-11-28 00:10","QuorumPeer.java","55615","23545","79160"
"2014-01-21 04:50","QuorumPeer.java","1960","368","2328"
"2014-06-04 22:07","QuorumPeer.java","15662","8269","23931"
"2018-01-30 08:02","QuorumPeer.java","56150","23927","80077"
"2019-05-15 11:56","QuorumPeer.java","241104","197265","438369"
"2019-06-05 00:33","QuorumPeer.java","242087","197281","439368"
"2019-05-20 23:13","QuorumPeer.java","241222","197265","438487"
"2019-06-04 10:55","QuorumPeer.java","241850","197281","439131"
"2019-07-12 17:01","QuorumPeer.java","251679","197281","448960"
"2020-01-09 11:27","QuorumPeer.java","265818","198630","464448"
"2017-02-09 11:40","QuorumPeer.java","49104","18258","67362"
"2017-07-06 18:48","QuorumPeer.java","50421","21889","72310"
"2018-10-01 06:11","QuorumPeer.java","155727","112082","267809"
"2015-04-09 20:16","QuorumPeer.java","31212","10983","42195"
"2018-07-04 17:11","QuorumPeer.java","68050","32266","100316"
"2019-12-17 13:48","QuorumPeer.java","264844","198630","463474"
"2015-12-07 05:59","QuorumPeer.java","36669","12984","49653"
"2020-01-23 13:43","QuorumPeer.java","267642","198630","466272"
"2016-06-23 23:45","QuorumPeer.java","41048","16293","57341"
"2016-06-23 23:25","QuorumPeer.java","40909","16262","57171"
"2014-03-23 04:12","QuorumPeer.java","4556","744","5300"
"2014-07-18 20:48","QuorumPeer.java","23456","9804","33260"
"2014-07-04 04:19","QuorumPeer.java","17464","8428","25892"
"2018-12-06 10:56","QuorumPeer.java","226794","197181","423975"
"2014-06-25 15:04","QuorumPeer.java","16182","8292","24474"
"2014-03-28 01:58","QuorumPeer.java","4990","760","5750"
"2019-10-10 14:37","QuorumPeer.java","260119","197281","457400"
"2013-11-07 06:41","QuorumPeer.java","563","132","695"
"2017-07-27 23:09","QuorumPeer.java","50433","22887","73320"
"2014-05-18 05:49","QuorumPeer.java","15085","8181","23266"
"2014-03-25 22:13","QuorumPeer.java","4804","756","5560"
"2018-06-26 11:18","QuorumPeer.java","60068","24302","84370"
"2018-07-27 12:32","QuorumPeer.java","79656","42672","122328"
"2019-04-18 19:17","QuorumPeer.java","238867","197265","436132"
"2016-12-20 14:47","QuorumPeer.java","47798","18087","65885"
"2017-05-11 16:59","QuorumPeer.java","49274","21609","70883"
"2014-07-03 06:01","QuorumPeer.java","16952","8338","25290"
"2014-08-14 08:08","QuorumPeer.java","24758","10245","35003"
"2014-08-01 07:38","QuorumPeer.java","24255","10163","34418"
"2014-07-20 04:50","QuorumPeer.java","23557","9843","33400"
"2016-06-02 00:59","QuorumPeer.java","40507","16229","56736"
"2020-02-16 10:25","QuorumPeer.java","268355","198630","466985"
"2019-11-21 05:58","NIOServerCnxn.java","180382","159196","339578"
"2019-11-18 09:05","NIOServerCnxn.java","180359","159196","339555"
"2019-09-16 23:26","NIOServerCnxn.java","178235","157197","335432"
"2019-10-10 14:37","NIOServerCnxn.java","178985","157213","336198"
"2018-09-28 23:38","NIOServerCnxn.java","3277","703","3980"
"2020-02-11 06:50","NIOServerCnxn.java","188064","159526","347590"
"2019-01-23 14:00","NIOServerCnxn.java","148718","153972","302690"
"2019-07-08 23:26","NIOServerCnxn.java","162335","155540","317875"
"2019-04-12 19:01","NIOServerCnxn.java","154086","154260","308346"
"2019-01-14 19:38","NIOServerCnxn.java","147225","153914","301139"
"2018-11-17 18:33","NIOServerCnxn.java","133726","147632","281358"
"2019-08-17 17:13","NIOServerCnxn.java","174230","156211","330441"
"2019-07-03 00:44","NIOServerCnxn.java","161572","155540","317112"
"2019-08-03 08:42","NIOServerCnxn.java","174917","156190","331107"
"2019-10-10 14:37","ObserverZooKeeperServer.java","50347","31925","82272"
"2019-06-04 10:55","ObserverZooKeeperServer.java","386","233","619"
"2019-08-17 17:13","ObserverZooKeeperServer.java","44192","29523","73715"
"2018-09-11 15:23","ServerConfig.java","186846","103556","290402"
"2019-04-12 19:01","ServerConfig.java","238823","166989","405812"
"2019-02-13 13:12","ServerConfig.java","235916","166943","402859"
"2017-07-28 00:36","ServerConfig.java","112597","41468","154065"
"2019-05-15 11:56","ServerConfig.java","241770","166989","408759"
"2019-08-17 17:13","ServerConfig.java","257015","166988","424003"
"2015-03-17 18:06","ServerConfig.java","99442","36797","136239"
"2011-09-17 02:42","ServerConfig.java","45237","22296","67533"
"2010-03-12 19:26","ServerConfig.java","904","174","1078"
"2016-12-22 04:10","ServerConfig.java","113123","39598","152721"
"2019-04-18 19:17","ServerConfig.java","239533","166989","406522"
"2013-12-16 05:18","NettyServerCnxnFactory.java","36154","14411","50565"
"2016-06-23 23:45","NettyServerCnxnFactory.java","70758","25296","96054"
"2020-02-26 22:41","NettyServerCnxnFactory.java","268656","178210","446866"
"2019-10-10 14:37","NettyServerCnxnFactory.java","260657","177112","437769"
"2013-10-05 00:57","NettyServerCnxnFactory.java","31797","14113","45910"
"2019-09-10 18:50","NettyServerCnxnFactory.java","258021","177112","435133"
"2019-11-14 03:54","NettyServerCnxnFactory.java","264913","177112","442025"
"2019-02-12 15:25","NettyServerCnxnFactory.java","235663","177046","412709"
"2018-10-16 16:22","NettyServerCnxnFactory.java","236469","158280","394749"
"2019-02-15 15:36","NettyServerCnxnFactory.java","236091","177059","413150"
"2012-08-28 21:51","NettyServerCnxnFactory.java","16052","10895","26947"
"2019-04-12 19:01","NettyServerCnxnFactory.java","238712","177113","415825"
"2018-11-22 17:56","NettyServerCnxnFactory.java","225533","177044","402577"
"2018-09-22 06:48","NettyServerCnxnFactory.java","174890","113048","287938"
"2013-03-07 07:01","NettyServerCnxnFactory.java","28731","13582","42313"
"2018-12-15 07:34","NettyServerCnxnFactory.java","229409","177044","406453"
"2014-07-18 02:19","NettyServerCnxnFactory.java","55427","21527","76954"
"2019-02-13 13:12","NettyServerCnxnFactory.java","235797","177059","412856"
"2019-08-17 17:13","NettyServerCnxnFactory.java","256904","177112","434016"
"2015-03-17 18:06","NettyServerCnxnFactory.java","61957","22084","84041"
"2015-03-28 20:08","NettyServerCnxnFactory.java","62962","22100","85062"
"2019-11-23 17:08","NettyServerCnxnFactory.java","262703","178210","440913"
"2019-07-03 00:44","NettyServerCnxnFactory.java","244917","177112","422029"
"2019-06-05 00:29","NettyServerCnxnFactory.java","242571","177112","419683"
"2019-07-23 15:55","NettyServerCnxnFactory.java","252912","177112","430024"
"2014-09-28 19:15","NettyServerCnxnFactory.java","58250","21752","80002"
"2019-06-24 11:05","NettyServerCnxnFactory.java","244237","177112","421349"
"2015-01-30 03:23","NettyServerCnxnFactory.java","60322","21877","82199"
"2019-08-03 08:42","NettyServerCnxnFactory.java","257612","177112","434724"
"2014-11-29 16:53","Log4JSource.java","70144","20862","91006"
"2015-05-14 18:40","PortAssignment.java","74102","21239","95341"
"2019-08-17 17:13","PortAssignment.java","256932","178405","435337"
"2018-12-20 07:24","PortAssignment.java","230366","178339","408705"
"2019-10-10 14:37","PortAssignment.java","260685","178405","439090"
"2019-10-10 14:37","X509Util.java","259836","216164","476000"
"2019-07-29 17:09","X509Util.java","253097","216164","469261"
"2019-06-05 00:29","X509Util.java","241749","216163","457912"
"2019-08-17 17:13","X509Util.java","256083","216164","472247"
"2016-05-02 18:15","X509Util.java","10792","6173","16965"
"2018-11-27 10:02","X509Util.java","226305","216052","442357"
"2018-11-07 02:29","X509Util.java","223846","216051","439897"
"2019-01-24 11:53","X509Util.java","232964","216054","449018"
"2018-12-15 07:34","X509Util.java","228544","216052","444596"
"2019-01-25 14:32","X509Util.java","233023","216054","449077"
"2019-01-14 19:40","X509Util.java","231372","216053","447425"
"2018-10-16 16:22","X509Util.java","233540","195224","428764"
"2019-01-25 14:37","X509Util.java","233045","216054","449099"
"2012-04-23 01:20","HierarchicalQuorumTest.java","75762","27913","103675"
"2014-06-04 22:07","HierarchicalQuorumTest.java","104071","31433","135504"
"2009-11-18 20:06","HierarchicalQuorumTest.java","12927","2924","15851"
"2019-08-17 17:13","HierarchicalQuorumTest.java","257484","144483","401967"
"2019-07-12 17:01","HierarchicalQuorumTest.java","252797","144483","397280"
"2010-03-13 01:06","HierarchicalQuorumTest.java","36247","12532","48779"
"2019-10-10 14:37","HierarchicalQuorumTest.java","261237","144483","405720"
"2009-11-07 01:48","HierarchicalQuorumTest.java","4287","1902","6189"
"2018-06-26 11:18","HierarchicalQuorumTest.java","137370","36359","173729"
"2011-04-12 09:14","HierarchicalQuorumTest.java","56963","22489","79452"
"2017-05-11 16:59","HierarchicalQuorumTest.java","128848","35938","164786"
"2010-05-05 22:32","HierarchicalQuorumTest.java","40121","16387","56508"
"2010-03-31 06:26","HierarchicalQuorumTest.java","38033","14071","52104"
"2019-06-07 14:13","SessionTest.java","243089","217389","460478"
"2019-08-17 17:13","SessionTest.java","256985","217389","474374"
"2017-09-11 18:55","SessionTest.java","91454","70042","161496"
"2010-11-04 17:01","SessionTest.java","125","19","144"
"2018-09-22 06:48","SessionTest.java","183366","149032","332398"
"2011-10-25 08:09","SessionTest.java","20733","49760","70493"
"2011-04-12 09:14","SessionTest.java","4502","43433","47935"
"2013-12-21 22:05","SessionTest.java","50768","56229","106997"
"2019-10-10 14:37","SessionTest.java","260738","217389","478127"
"2015-07-07 07:11","SessionTest.java","79942","64710","144652"
"2019-12-28 16:17","SessionTest.java","266643","218462","485105"
"2019-06-07 14:13","SessionTest.java","243090","182278","425368"
"2019-08-17 17:13","SessionTest.java","256986","182278","439264"
"2017-09-11 18:55","SessionTest.java","97366","40911","138277"
"2010-11-04 17:01","SessionTest.java","37486","2268","39754"
"2018-09-22 06:48","SessionTest.java","185627","116250","301877"
"2011-10-25 08:09","SessionTest.java","27754","21738","49492"
"2010-08-17 09:24","SessionTest.java","2093","317","2410"
"2011-04-12 09:14","SessionTest.java","12354","16173","28527"
"2010-08-18 08:24","SessionTest.java","6695","1559","8254"
"2010-10-21 02:44","SessionTest.java","37367","2255","39622"
"2013-12-21 22:05","SessionTest.java","57509","27927","85436"
"2019-10-10 14:37","SessionTest.java","260739","182278","443017"
"2015-07-07 07:11","SessionTest.java","85985","35710","121695"
"2019-12-28 16:17","SessionTest.java","266643","183350","449993"
"2019-04-12 19:01","MonitorCommand.java","8337","1369","9706"
"2019-08-17 17:13","MonitorCommand.java","55038","29877","84915"
"2019-06-04 10:55","MonitorCommand.java","12851","2206","15057"
"2019-08-17 17:13","StringUtils.java","44192","29523","73715"
"2019-09-16 23:26","ZooKeeperServerMXBean.java","4958","1939","6897"
"2019-11-14 03:54","ZooKeeperServerMXBean.java","12030","4021","16051"
"2020-03-25 03:38","ZooKeeperServerMXBean.java","24918","12133","37051"
"2014-06-25 15:04","FastLeaderElection.java","59609","19924","79533"
"2018-12-06 10:56","FastLeaderElection.java","227394","178674","406068"
"2014-07-08 05:25","FastLeaderElection.java","61644","20323","81967"
"2014-07-18 20:48","FastLeaderElection.java","66047","20600","86647"
"2014-03-23 04:12","FastLeaderElection.java","49470","13863","63333"
"2019-10-10 14:37","FastLeaderElection.java","260685","178740","439425"
"2013-10-21 23:36","FastLeaderElection.java","45301","13506","58807"
"2019-09-30 23:22","FastLeaderElection.java","260312","178740","439052"
"2014-07-20 04:50","FastLeaderElection.java","66131","20622","86753"
"2020-04-07 09:07","FastLeaderElection.java","271400","179834","451234"
"2012-03-20 01:33","FastLeaderElection.java","23867","10343","34210"
"2019-01-18 03:42","FastLeaderElection.java","232892","178675","411567"
"2012-02-06 09:40","FastLeaderElection.java","19986","7913","27899"
"2017-09-11 18:55","FastLeaderElection.java","87799","27791","115590"
"2013-03-07 07:01","FastLeaderElection.java","39117","12880","51997"
"2018-08-29 06:26","FastLeaderElection.java","172411","102120","274531"
"2015-02-06 06:17","FastLeaderElection.java","70631","20892","91523"
"2018-04-30 06:34","FastLeaderElection.java","94247","28257","122504"
"2019-08-17 17:13","FastLeaderElection.java","256932","178740","435672"
"2019-08-02 20:08","FastLeaderElection.java","257713","178740","436453"
"2012-08-03 00:17","FastLeaderElection.java","26821","10809","37630"
"2017-01-13 19:29","FastLeaderElection.java","87465","25117","112582"
"2011-06-14 07:14","FastLeaderElection.java","2034","419","2453"
"2019-08-03 08:42","FastLeaderElection.java","257640","178740","436380"
"2019-08-17 17:13","ChrootClientTest.java","257484","144483","401967"
"2019-10-10 14:37","ChrootClientTest.java","261237","144483","405720"
"2011-04-12 09:14","ChrootClientTest.java","56963","22489","79452"
"2010-03-31 06:26","ChrootClientTest.java","38033","14071","52104"
"2019-09-20 10:06","TxnLogToolkit.java","5302","2439","7741"
"2019-12-27 22:33","TxnLogToolkit.java","18682","10004","28686"
"2019-11-28 12:24","TxnLogToolkit.java","14222","9316","23538"
"2015-07-07 07:11","ZxidRolloverTest.java","2863","1563","4426"
"2019-08-17 17:13","ZxidRolloverTest.java","256072","217720","473792"
"2015-11-21 22:18","ZxidRolloverTest.java","4671","1883","6554"
"2016-06-23 23:45","NettyServerCnxnFactory.java","19316","7754","27070"
"2020-02-26 22:41","NettyServerCnxnFactory.java","268246","211700","479946"
"2019-10-10 14:37","NettyServerCnxnFactory.java","259904","210259","470163"
"2019-09-10 18:50","NettyServerCnxnFactory.java","257268","210259","467527"
"2019-11-14 03:54","NettyServerCnxnFactory.java","264188","210287","474475"
"2019-02-12 15:25","NettyServerCnxnFactory.java","234869","210152","445021"
"2018-10-16 16:22","NettyServerCnxnFactory.java","234781","190492","425273"
"2019-02-15 15:36","NettyServerCnxnFactory.java","235300","210168","445468"
"2019-04-12 19:01","NettyServerCnxnFactory.java","237942","210243","448185"
"2018-11-22 17:56","NettyServerCnxnFactory.java","224738","210149","434887"
"2018-09-22 06:48","NettyServerCnxnFactory.java","140299","112357","252656"
"2018-12-15 07:34","NettyServerCnxnFactory.java","228614","210149","438763"
"2019-02-13 13:12","NettyServerCnxnFactory.java","235008","210170","445178"
"2019-08-17 17:13","NettyServerCnxnFactory.java","256151","210259","466410"
"2015-03-17 18:06","NettyServerCnxnFactory.java","7608","1635","9243"
"2015-03-28 20:08","NettyServerCnxnFactory.java","8632","1670","10302"
"2019-11-23 17:08","NettyServerCnxnFactory.java","262292","211699","473991"
"2019-07-03 00:44","NettyServerCnxnFactory.java","244164","210259","454423"
"2019-06-05 00:29","NettyServerCnxnFactory.java","241818","210259","452077"
"2019-07-23 15:55","NettyServerCnxnFactory.java","252159","210259","462418"
"2014-09-28 19:15","NettyServerCnxnFactory.java","3545","947","4492"
"2019-06-24 11:05","NettyServerCnxnFactory.java","243484","210259","453743"
"2015-01-30 03:23","NettyServerCnxnFactory.java","5834","1289","7123"
"2019-08-03 08:42","NettyServerCnxnFactory.java","256859","210259","467118"
"2014-03-25 22:13","QuorumPeerMainTest.java","48185","13957","62142"
"2011-09-03 01:07","QuorumPeerMainTest.java","12876","1412","14288"
"2018-05-10 00:14","QuorumPeerMainTest.java","93579","28573","122152"
"2018-10-05 14:25","QuorumPeerMainTest.java","223751","149071","372822"
"2018-07-17 10:41","QuorumPeerMainTest.java","112113","45460","157573"
"2018-07-27 12:32","QuorumPeerMainTest.java","112666","45502","158168"
"2013-10-09 22:21","QuorumPeerMainTest.java","43371","13554","56925"
"2011-09-17 02:13","QuorumPeerMainTest.java","13981","4464","18445"
"2015-11-03 08:11","QuorumPeerMainTest.java","75630","22485","98115"
"2020-01-23 13:43","QuorumPeerMainTest.java","267931","181427","449358"
"2019-10-10 14:37","QuorumPeerMainTest.java","260659","180329","440988"
"2019-12-28 16:17","QuorumPeerMainTest.java","266589","181427","448016"
"2017-12-16 01:25","QuorumPeerMainTest.java","90615","28321","118936"
"2018-01-19 00:52","QuorumPeerMainTest.java","90774","28367","119141"
"2018-04-30 06:34","QuorumPeerMainTest.java","92946","28571","121517"
"2019-07-25 21:41","QuorumPeerMainTest.java","253389","180329","433718"
"2019-08-17 17:13","QuorumPeerMainTest.java","256906","180329","437235"
"2018-02-23 23:49","QuorumPeerMainTest.java","91876","28427","120303"
"2012-04-23 01:20","QuorumPeerMainTest.java","23456","10672","34128"
"2014-01-09 20:21","QuorumPeerMainTest.java","45342","13679","59021"
"2019-07-02 07:34","QuorumPeerMainTest.java","244849","180329","425178"
"2019-05-20 17:18","QuorumPeerMainTest.java","241698","180330","422028"
"2018-10-16 16:22","QuorumPeerMainTest.java","236735","149073","385808"
"2015-02-06 06:17","QuorumPeerMainTest.java","69128","21004","90132"
"2018-08-29 06:26","QuorumPeerMainTest.java","171114","102438","273552"
"2018-08-03 18:52","QuorumPeerMainTest.java","113181","45511","158692"
"2018-09-11 15:23","QuorumPeerMainTest.java","177441","107450","284891"
"2019-08-17 17:13","CreateCommand.java","255250","223892","479142"
"2018-05-09 23:57","CreateCommand.java","10710","3663","14373"
"2014-03-25 22:13","QuorumPeerMainTest.java","128744","22381","151125"
"2011-09-03 01:07","QuorumPeerMainTest.java","99783","16184","115967"
"2018-05-10 00:14","QuorumPeerMainTest.java","164690","27549","192239"
"2018-10-05 14:25","QuorumPeerMainTest.java","228887","82072","310959"
"2018-07-17 10:41","QuorumPeerMainTest.java","173048","34260","207308"
"2018-07-27 12:32","QuorumPeerMainTest.java","173582","34283","207865"
"2013-10-09 22:21","QuorumPeerMainTest.java","124158","22206","146364"
"2010-03-31 06:26","QuorumPeerMainTest.java","76499","13223","89722"
"2011-09-17 02:13","QuorumPeerMainTest.java","100409","18757","119166"
"2010-05-21 18:22","QuorumPeerMainTest.java","77531","13315","90846"
"2015-11-03 08:11","QuorumPeerMainTest.java","149561","24281","173842"
"2020-01-23 13:43","QuorumPeerMainTest.java","268068","105826","373894"
"2011-06-14 14:11","QuorumPeerMainTest.java","93515","17750","111265"
"2010-03-04 23:55","QuorumPeerMainTest.java","68505","12162","80667"
"2009-08-11 00:24","QuorumPeerMainTest.java","42998","5107","48105"
"2019-10-10 14:37","QuorumPeerMainTest.java","261342","105274","366616"
"2019-12-28 16:17","QuorumPeerMainTest.java","266726","105826","372552"
"2009-11-18 00:38","QuorumPeerMainTest.java","54428","7457","61885"
"2009-11-18 20:06","QuorumPeerMainTest.java","56877","7560","64437"
"2017-12-16 01:25","QuorumPeerMainTest.java","161864","27435","189299"
"2018-01-19 00:52","QuorumPeerMainTest.java","162009","27467","189476"
"2018-04-30 06:34","QuorumPeerMainTest.java","164059","27549","191608"
"2019-07-25 21:41","QuorumPeerMainTest.java","254072","105274","359346"
"2019-08-17 17:13","QuorumPeerMainTest.java","257589","105274","362863"
"2009-07-17 00:09","QuorumPeerMainTest.java","41875","4976","46851"
"2018-02-23 23:49","QuorumPeerMainTest.java","163087","27503","190590"
"2011-06-14 07:14","QuorumPeerMainTest.java","93490","17752","111242"
"2012-04-23 01:20","QuorumPeerMainTest.java","106011","21092","127103"
"2014-01-09 20:21","QuorumPeerMainTest.java","126049","22251","148300"
"2019-07-02 07:34","QuorumPeerMainTest.java","245532","105274","350806"
"2019-05-20 17:18","QuorumPeerMainTest.java","242381","105275","347656"
"2018-10-16 16:22","QuorumPeerMainTest.java","241871","82074","323945"
"2015-02-06 06:17","QuorumPeerMainTest.java","144405","24146","168551"
"2018-08-29 06:26","QuorumPeerMainTest.java","197702","56891","254593"
"2018-08-03 18:52","QuorumPeerMainTest.java","174089","34284","208373"
"2018-09-11 15:23","QuorumPeerMainTest.java","203331","61205","264536"
"2020-03-25 03:38","FinalRequestProcessor.java","14527","4909","19436"
"2020-03-26 22:12","FinalRequestProcessor.java","14583","4963","19546"
"2019-07-29 17:15","JString.java","254590","167551","422141"
"2011-04-12 09:14","InvalidSnapshotTest.java","102761","14186","116947"
"2016-08-24 01:36","InvalidSnapshotTest.java","163471","22023","185494"
"2010-08-18 08:24","InvalidSnapshotTest.java","110826","13296","124122"
"2010-03-31 06:26","InvalidSnapshotTest.java","90832","12769","103601"
"2010-03-04 00:07","InvalidSnapshotTest.java","83010","11960","94970"
"2013-12-21 22:05","InvalidSnapshotTest.java","136055","18485","154540"
"2013-10-02 01:45","InvalidSnapshotTest.java","131505","18396","149901"
"2019-10-10 14:37","InvalidSnapshotTest.java","261459","90604","352063"
"2009-07-17 00:09","InvalidSnapshotTest.java","60997","9311","70308"
"2019-08-17 17:13","InvalidSnapshotTest.java","257706","90604","348310"
"2009-06-18 18:37","InvalidSnapshotTest.java","52147","8552","60699"
"2009-04-17 20:11","InvalidSnapshotTest.java","22369","7432","29801"
"2012-03-18 21:06","InvalidSnapshotTest.java","115201","17360","132561"
"2012-02-06 09:47","InvalidSnapshotTest.java","113604","17119","130723"
"2019-12-27 22:33","FileTxnSnapLog.java","266401","194942","461343"
"2019-10-10 14:37","FileTxnSnapLog.java","260130","193596","453726"
"2019-12-13 08:51","FileTxnSnapLog.java","264438","194942","459380"
"2017-01-07 01:09","FileTxnSnapLog.java","52826","18780","71606"
"2014-02-12 17:00","FileTxnSnapLog.java","8558","1437","9995"
"2020-01-23 16:46","FileTxnSnapLog.java","267650","194942","462592"
"2020-01-28 17:26","FileTxnSnapLog.java","268121","194942","463063"
"2016-09-18 23:21","FileTxnSnapLog.java","47431","17857","65288"
"2017-01-23 02:13","FileTxnSnapLog.java","53265","18815","72080"
"2018-06-08 16:52","FileTxnSnapLog.java","63950","24731","88681"
"2019-09-02 08:23","FileTxnSnapLog.java","257034","193596","450630"
"2017-04-28 07:14","FileTxnSnapLog.java","53451","21260","74711"
"2019-07-31 19:06","FileTxnSnapLog.java","255684","193596","449280"
"2018-07-30 06:22","FileTxnSnapLog.java","83977","43103","127080"
"2020-01-30 09:43","FileTxnSnapLog.java","268197","194942","463139"
"2019-05-14 17:11","FileTxnSnapLog.java","241028","193580","434608"
"2014-02-10 21:50","FileTxnSnapLog.java","8408","1399","9807"
"2019-05-21 23:34","FileTxnSnapLog.java","241349","193580","434929"
"2019-05-27 10:54","FileTxnSnapLog.java","241681","193580","435261"
"2017-01-13 19:29","FileTxnSnapLog.java","53043","18794","71837"
"2017-06-26 00:07","FileTxnSnapLog.java","54136","22407","76543"
"2018-02-23 23:49","FileTxnSnapLog.java","61430","24465","85895"
"2017-08-18 06:32","FileTxnSnapLog.java","55261","23530","78791"
"2019-08-17 17:13","FileTxnSnapLog.java","256377","193596","449973"
"2018-02-14 21:23","FileTxnSnapLog.java","61249","24448","85697"
"2019-11-08 17:30","Request.java","262861","146226","409087"
"2019-01-16 14:21","Request.java","233179","146178","379357"
"2019-04-25 02:11","Request.java","240967","146226","387193"
"2019-07-08 23:26","Request.java","246023","146226","392249"
"2011-07-01 00:53","Request.java","59336","22197","81533"
"2015-02-06 06:17","Request.java","112439","31230","143669"
"2013-03-07 07:01","Request.java","86153","28446","114599"
"2019-02-07 11:26","Request.java","235532","146179","381711"
"2019-08-06 17:11","Request.java","258348","146226","404574"
"2019-08-01 07:28","Request.java","257428","146226","403654"
"2019-06-26 10:57","Request.java","245097","146226","391323"
"2014-01-24 07:18","Request.java","95487","29047","124534"
"2016-10-07 21:51","Request.java","123414","33598","157012"
"2015-06-04 19:51","Request.java","116226","31461","147687"
"2019-08-17 17:13","Request.java","257247","146226","403473"
"2019-04-17 14:16","Request.java","239319","146226","385545"
"2019-05-03 00:44","Request.java","241244","146226","387470"
"2019-06-05 00:46","Request.java","243107","146226","389333"
"2019-05-10 12:22","Request.java","241754","146226","387980"
"2020-03-25 03:38","Request.java","270911","147105","418016"
"2010-01-25 04:28","Request.java","15156","3240","18396"
"2019-09-20 10:06","Request.java","260110","146226","406336"
"2019-09-16 23:26","Request.java","260266","146226","406492"
"2019-12-27 22:33","Request.java","266804","147105","413909"
"2009-12-11 21:24","Request.java","10398","1976","12374"
"2019-11-11 13:59","Request.java","264657","146226","410883"
"2011-10-20 20:02","Request.java","65720","24735","90455"
"2012-12-19 19:16","Request.java","81233","28082","109315"
"2014-04-29 02:23","Request.java","100158","30453","130611"
"2013-10-09 22:21","Request.java","91844","28942","120786"
"2020-05-05 21:20","Request.java","271942","147105","419047"
"2019-02-06 09:46","ZooKeeper.java","234680","158081","392761"
"2019-01-16 14:21","ZooKeeper.java","232956","158080","391036"
"2017-04-18 02:02","ZooKeeper.java","114944","35115","150059"
"2019-11-08 17:30","ZooKeeper.java","262647","158137","420784"
"2019-02-07 11:26","ZooKeeper.java","235309","158081","393390"
"2013-03-07 07:01","ZooKeeper.java","73994","28112","102106"
"2011-07-01 00:53","ZooKeeper.java","46389","21375","67764"
"2013-12-17 17:55","ZooKeeper.java","81379","28693","110072"
"2012-02-06 09:56","ZooKeeper.java","56392","24670","81062"
"2012-03-17 01:31","ZooKeeper.java","58150","24923","83073"
"2012-11-17 15:03","ZooKeeper.java","65063","26717","91780"
"2017-05-01 17:19","ZooKeeper.java","115080","35124","150204"
"2010-11-10 23:36","ZooKeeper.java","69621","9254","78875"
"2014-01-24 07:18","ZooKeeper.java","83365","28750","112115"
"2019-08-17 17:13","ZooKeeper.java","257033","158137","415170"
"2015-06-04 19:51","ZooKeeper.java","104296","31356","135652"
"2016-10-07 21:51","ZooKeeper.java","111568","33577","145145"
"2015-03-16 09:09","ZooKeeper.java","101052","31156","132208"
"2015-03-17 18:06","ZooKeeper.java","101785","31179","132964"
"2016-05-02 18:15","ZooKeeper.java","108373","33148","141521"
"2019-06-26 10:57","ZooKeeper.java","244883","158137","403020"
"2019-06-03 19:40","ZooKeeper.java","242364","158137","400501"
"2018-05-09 23:57","ZooKeeper.java","122227","36013","158240"
"2019-08-03 08:42","ZooKeeper.java","257741","158137","415878"
"2016-11-13 20:59","ZooKeeper.java","113835","33591","147426"
"2013-02-03 15:52","ZooKeeper.java","69577","27758","97335"
"2012-09-28 18:32","ZooKeeper.java","62947","26569","89516"
"2017-07-28 00:36","ZooKeeper.java","114656","35566","150222"
"2017-08-18 23:35","ZooKeeper.java","115196","35621","150817"
"2017-07-04 07:56","ZooKeeper.java","115249","35549","150798"
"2020-04-16 12:50","ZooKeeper.java","271636","159166","430802"
"2018-07-27 05:16","ZooKeeper.java","140765","52533","193298"
"2019-10-10 14:37","ZooKeeper.java","260786","158137","418923"
"2014-04-01 04:03","ZooKeeper.java","85135","29040","114175"
"2012-12-19 19:16","ZooKeeper.java","69035","27709","96744"
"2019-02-11 12:34","ZooKeeper.java","235672","158081","393753"
"2014-07-08 20:18","ZooKeeper.java","91757","30775","122532"
"2010-11-30 21:16","ZooKeeper.java","70248","9514","79762"
"2020-05-17 15:13","ZooKeeper.java","272009","159168","431177"
"2017-01-09 22:49","ZooKeeper.java","115765","33953","149718"
"2011-05-20 01:17","ZooKeeper.java","41654","20466","62120"
"2019-03-12 19:08","ZooKeeper.java","237114","158095","395209"
"2011-09-06 00:58","ZooKeeper.java","52315","19597","71912"
"2014-07-22 06:51","ZooKeeper.java","96120","30940","127060"
"2014-04-29 02:23","ZooKeeper.java","88139","30259","118398"
"2014-02-12 17:00","LearnerHandler.java","10994","2011","13005"
"2014-03-23 04:12","LearnerHandler.java","11589","2219","13808"
"2019-10-10 14:37","LearnerHandler.java","260159","191763","451922"
"2015-06-05 20:38","LearnerHandler.java","39789","12728","52517"
"2015-06-05 20:51","LearnerHandler.java","39816","12728","52544"
"2015-06-12 23:02","LearnerHandler.java","39929","12743","52672"
"2013-09-26 14:05","LearnerHandler.java","3342","1050","4392"
"2019-07-03 20:54","LearnerHandler.java","244400","191763","436163"
"2013-06-28 23:22","LearnerHandler.java","2471","609","3080"
"2018-09-18 01:00","LearnerHandler.java","158446","111822","270268"
"2013-05-14 14:27","LearnerHandler.java","269","144","413"
"2018-08-03 18:52","LearnerHandler.java","86604","43556","130160"
"2018-12-09 03:16","LearnerHandler.java","228964","191663","420627"
"2019-04-12 19:01","LearnerHandler.java","238197","191747","429944"
"2017-11-28 00:10","LearnerHandler.java","62058","24430","86488"
"2019-06-29 00:33","LearnerHandler.java","244393","191763","436156"
"2013-05-11 15:35","LearnerHandler.java","70","22","92"
"2019-07-25 21:41","LearnerHandler.java","252889","191763","444652"
"2019-08-23 19:43","LearnerHandler.java","257072","191763","448835"
"2019-08-17 17:13","LearnerHandler.java","256406","191763","448169"
"2017-06-26 00:16","LearnerHandler.java","56440","22855","79295"
"2017-08-03 20:28","LearnerHandler.java","57114","23881","80995"
"2019-05-06 17:48","LearnerHandler.java","240703","191747","432450"
"2019-08-03 08:42","LearnerHandler.java","257114","191763","448877"
"2019-04-22 19:15","LearnerHandler.java","239172","191747","430919"
"2019-12-03 19:35","ContainerManager.java","58976","37692","96668"
"2019-08-17 17:13","ContainerManager.java","44192","29523","73715"
"2019-11-28 12:24","DataTree.java","182317","156882","339199"
"2019-10-10 14:37","DataTree.java","178988","154706","333694"
"2019-12-27 22:33","DataTree.java","186102","156895","342997"
"2019-11-11 13:59","DataTree.java","182699","154760","337459"
"2018-09-28 23:38","DataTree.java","5979","895","6874"
"2019-11-08 17:30","DataTree.java","180903","154760","335663"
"2019-01-30 16:28","DataTree.java","149108","151468","300576"
"2019-01-30 17:02","DataTree.java","149654","151470","301124"
"2019-02-07 11:26","DataTree.java","150336","151475","301811"
"2018-09-05 22:35","DataTree.java","277","21","298"
"2018-12-20 15:17","DataTree.java","139263","145134","284397"
"2019-09-10 09:53","DataTree.java","176264","154686","330950"
"2019-04-12 19:01","DataTree.java","154089","151753","305842"
"2019-07-31 19:06","DataTree.java","173506","153670","327176"
"2019-09-11 10:27","DataTree.java","176575","154690","331265"
"2019-08-01 07:31","DataTree.java","174870","153670","328540"
"2019-08-17 17:13","DataTree.java","174233","153704","327937"
"2019-09-10 15:21","DataTree.java","176258","154686","330944"
"2019-04-12 12:29","DataTree.java","153658","151753","305411"
"2019-08-03 08:42","DataTree.java","174920","153683","328603"
"2019-08-09 16:15","DataTree.java","175668","153683","329351"
"2019-04-29 16:49","DataTree.java","156136","151770","307906"
"2015-12-06 21:37","ZooKeeperServerBean.java","60024","16908","76932"
"2015-12-07 06:26","ZooKeeperServerBean.java","60353","16911","77264"
"2020-03-25 03:38","ZooKeeperServerBean.java","270743","179337","450080"
"2019-11-14 03:54","ZooKeeperServerBean.java","264686","178056","442742"
"2019-09-16 23:26","ZooKeeperServerBean.java","259668","178028","437696"
"2018-06-08 16:52","ZooKeeperServerBean.java","81019","25960","106979"
"2020-04-30 18:53","ZooKeeperServerBean.java","271643","179337","450980"
"2019-01-23 14:00","ZooKeeperServerBean.java","233299","177951","411250"
"2019-07-08 23:26","ZooKeeperServerBean.java","245425","178028","423453"
"2015-07-10 08:19","ZooKeeperServerBean.java","58319","16603","74922"
"2017-04-28 07:14","ZooKeeperServerBean.java","71249","23218","94467"
"2019-01-14 19:38","ZooKeeperServerBean.java","231863","177950","409813"
"2019-01-07 14:39","ZooKeeperServerBean.java","231410","177950","409360"
"2015-03-17 18:06","ZooKeeperServerBean.java","53931","15229","69160"
"2019-08-17 17:13","ZooKeeperServerBean.java","256649","178028","434677"
"2018-02-07 01:05","ZooKeeperServerBean.java","78149","25688","103837"
"2018-07-12 01:33","ZooKeeperServerBean.java","89375","33847","123222"
"2019-05-22 11:39","ZooKeeperServerBean.java","241849","178028","419877"
"2019-07-30 02:31","ZooKeeperServerBean.java","254570","178028","432598"
"2020-03-19 17:09","Learner.java","269704","195888","465592"
"2013-10-09 22:21","Learner.java","2645","266","2911"
"2020-02-03 04:30","Learner.java","268199","195888","464087"
"2020-01-23 13:43","Learner.java","267642","195888","463530"
"2017-07-04 07:39","Learner.java","53007","22005","75012"
"2020-03-25 03:38","Learner.java","270500","195888","466388"
"2015-03-15 08:54","Learner.java","31987","11015","43002"
"2019-11-28 12:24","Learner.java","262621","195888","458509"
"2019-12-27 22:33","Learner.java","266393","195888","462281"
"2020-01-25 18:48","Learner.java","267832","195888","463720"
"2020-05-03 19:43","Learner.java","271436","195888","467324"
"2016-08-13 15:01","Learner.java","45151","16959","62110"
"2013-10-21 23:36","Learner.java","3025","283","3308"
"2019-10-10 14:37","Learner.java","260120","194540","454660"
"2015-01-25 01:22","Learner.java","31308","10827","42135"
"2019-06-03 19:40","Learner.java","241698","194540","436238"
"2015-03-17 18:06","Learner.java","33051","11143","44194"
"2019-07-15 14:15","Learner.java","251786","194540","446326"
"2019-08-23 19:43","Learner.java","257033","194540","451573"
"2016-09-08 22:59","Learner.java","45688","17248","62936"
"2019-08-17 17:13","Learner.java","256367","194540","450907"
"2017-11-28 00:10","Learner.java","58479","23667","82146"
"2014-03-12 23:57","Learner.java","7199","933","8132"
"2018-05-09 00:54","Learner.java","61220","24280","85500"
"2019-04-09 15:35","Learner.java","237145","194461","431606"
"2019-07-12 17:01","Learner.java","251680","194540","446220"
"2017-07-06 18:48","Learner.java","53287","22013","75300"
"2017-08-18 06:32","Learner.java","53891","23114","77005"
"2019-07-02 07:34","Learner.java","244310","194540","438850"
"2018-10-16 16:22","Learner.java","235275","175051","410326"
"2014-07-18 02:19","Learner.java","25765","9830","35595"
"2017-02-12 00:12","Learner.java","51108","20770","71878"
"2018-12-09 03:16","Learner.java","228925","194440","423365"
"2019-11-29 14:49","Learner.java","264272","195888","460160"
"2018-11-27 10:02","Learner.java","226601","194440","421041"
"2018-08-06 14:11","Learner.java","83281","42943","126224"
"2019-11-14 03:54","ServerCnxnFactory.java","61506","32443","93949"
"2019-11-11 13:59","ServerCnxnFactory.java","60837","32373","93210"
"2019-08-17 17:13","ServerCnxnFactory.java","51153","30099","81252"
"2019-06-07 14:13","ServerCnxnFactory.java","9039","1881","10920"
"2019-07-03 00:44","ServerCnxnFactory.java","14265","5198","19463"
"2019-10-10 14:37","Observer.java","49766","31734","81500"
"2019-12-27 22:33","Observer.java","60608","37651","98259"
"2019-07-15 14:15","Observer.java","14138","4440","18578"
"2019-08-23 19:43","Observer.java","44274","29329","73603"
"2019-08-17 17:13","Observer.java","43606","29327","72933"
"2019-07-02 07:34","Observer.java","5575","3353","8928"
"2019-08-17 17:13","ZooKeeperTest.java","44490","29719","74209"
"2019-06-06 00:01","ZooKeeperTest.java","1442","534","1976"
"2019-08-17 17:13","MetricsUtils.java","47813","29620","77433"
"2015-06-04 18:26","DataNode.java","164434","20092","184526"
"2009-11-12 23:48","DataNode.java","84355","12871","97226"
"2009-06-18 18:37","DataNode.java","64161","10773","74934"
"2019-08-17 17:13","DataNode.java","257710","80815","338525"
"2015-06-04 19:51","DataNode.java","165202","20149","185351"
"2016-10-07 21:51","DataNode.java","170638","20534","191172"
"2019-01-07 14:24","DataNode.java","232512","80787","313299"
"2008-11-19 00:42","DataNode.java","11886","3254","15140"
"2009-02-03 06:23","DataNode.java","31097","9124","40221"
"2017-02-05 07:22","DataNode.java","175115","20751","195866"
"2019-07-31 19:06","DataNode.java","257017","80815","337832"
"2008-10-17 02:21","DataNode.java","4876","1821","6697"
"2008-10-22 01:49","DataNode.java","5623","1952","7575"
"2011-06-23 18:01","DataNode.java","116126","15663","131789"
"2019-12-27 22:33","DataNode.java","266841","81268","348109"
"2015-02-06 06:17","PrepRequestProcessor.java","5088","1073","6161"
"2019-02-07 11:26","PrepRequestProcessor.java","234371","210883","445254"
"2019-09-11 10:27","PrepRequestProcessor.java","257503","210991","468494"
"2018-07-19 05:59","PrepRequestProcessor.java","58277","35726","94003"
"2017-09-11 18:55","PrepRequestProcessor.java","29941","15657","45598"
"2019-01-16 14:21","PrepRequestProcessor.java","232018","210882","442900"
"2017-06-01 05:45","PrepRequestProcessor.java","27387","13567","40954"
"2019-11-08 17:30","PrepRequestProcessor.java","261790","211020","472810"
"2016-11-13 20:59","PrepRequestProcessor.java","23573","8698","32271"
"2019-04-09 15:35","PrepRequestProcessor.java","236916","210903","447819"
"2019-04-17 14:16","PrepRequestProcessor.java","238203","210975","449178"
"2014-10-28 05:35","PrepRequestProcessor.java","2807","731","3538"
"2019-05-10 12:22","PrepRequestProcessor.java","240638","210975","451613"
"2017-06-26 00:16","PrepRequestProcessor.java","27967","13869","41836"
"2019-02-07 11:22","PrepRequestProcessor.java","234033","210883","444916"
"2016-11-16 06:21","PrepRequestProcessor.java","24157","8735","32892"
"2019-08-01 07:31","PrepRequestProcessor.java","256818","210991","467809"
"2019-06-26 10:57","PrepRequestProcessor.java","243997","210991","454988"
"2015-05-29 19:45","PrepRequestProcessor.java","8960","2154","11114"
"2016-10-07 21:51","PrepRequestProcessor.java","21123","8501","29624"
"2015-06-04 19:51","PrepRequestProcessor.java","9869","2298","12167"
"2019-08-17 17:13","PrepRequestProcessor.java","256147","210991","467138"
"2018-08-08 06:21","PrepRequestProcessor.java","107215","83184","190399"
"2018-05-09 23:57","PrepRequestProcessor.java","37647","16802","54449"
"2015-06-11 20:09","PrepRequestProcessor.java","10013","2316","12329"
"2019-12-27 22:33","PrepRequestProcessor.java","266269","212435","478704"
"2019-10-10 14:37","PrepRequestProcessor.java","259900","210991","470891"
"2020-03-25 03:38","PrepRequestProcessor.java","270377","212436","482813"
"2015-03-08 23:07","PrepRequestProcessor.java","5367","1178","6545"
"2018-06-15 07:41","PrepRequestProcessor.java","38610","17013","55623"
"2019-11-29 14:49","QuorumCnxManager.java","264150","206398","470548"
"2018-07-11 06:04","QuorumCnxManager.java","53783","25850","79633"
"2018-08-06 14:11","QuorumCnxManager.java","66154","36448","102602"
"2018-10-16 16:22","QuorumCnxManager.java","235046","185454","420500"
"2019-06-14 09:06","QuorumCnxManager.java","244152","204959","449111"
"2019-08-03 08:42","QuorumCnxManager.java","256862","204959","461821"
"2019-11-13 20:41","QuorumCnxManager.java","263901","204987","468888"
"2019-04-09 16:08","QuorumCnxManager.java","236922","204871","441793"
"2019-08-06 12:52","QuorumCnxManager.java","257127","204959","462086"
"2017-02-09 11:40","QuorumCnxManager.java","34121","11165","45286"
"2019-05-20 23:13","QuorumCnxManager.java","241010","204943","445953"
"2015-04-09 20:16","QuorumCnxManager.java","15289","2950","18239"
"2017-08-23 02:16","QuorumCnxManager.java","36516","16256","52772"
"2019-07-27 20:04","QuorumCnxManager.java","252685","204959","457644"
"2015-05-29 23:46","QuorumCnxManager.java","16566","3711","20277"
"2015-05-14 07:10","QuorumCnxManager.java","16066","3507","19573"
"2020-03-12 14:47","QuorumCnxManager.java","269537","206399","475936"
"2019-08-17 17:13","QuorumCnxManager.java","256154","204959","461113"
"2017-11-28 00:10","QuorumCnxManager.java","40989","16809","57798"
"2019-10-10 14:37","QuorumCnxManager.java","259907","204959","464866"
"2014-07-23 19:36","QuorumCnxManager.java","7524","1618","9142"
"2017-06-09 18:37","QuorumCnxManager.java","34949","14985","49934"
"2020-01-23 13:43","QuorumCnxManager.java","267521","206399","473920"
"2014-07-08 05:25","QuorumCnxManager.java","2607","971","3578"
"2019-11-28 12:24","QuorumCnxManager.java","262499","206398","468897"
"2016-06-08 17:43","QuorumCnxManager.java","25163","8776","33939"
"2020-03-23 16:20","QuorumCnxManager.java","269708","206399","476107"
"2020-02-16 10:25","QuorumCnxManager.java","268234","206399","474633"
"2014-07-22 06:45","QuorumCnxManager.java","7433","1602","9035"
"2018-07-27 12:32","QuorumCnxManager.java","65339","36245","101584"
"2018-12-06 10:56","FastLeaderElection.java","226521","214852","441373"
"2019-10-10 14:37","FastLeaderElection.java","259857","214963","474820"
"2019-09-30 23:22","FastLeaderElection.java","259484","214963","474447"
"2020-04-07 09:07","FastLeaderElection.java","270926","216411","487337"
"2019-01-18 03:42","FastLeaderElection.java","232020","214854","446874"
"2017-09-11 18:55","FastLeaderElection.java","25332","15063","40395"
"2018-08-29 06:26","FastLeaderElection.java","127721","107169","234890"
"2018-04-30 06:34","FastLeaderElection.java","32466","16215","48681"
"2019-08-17 17:13","FastLeaderElection.java","256104","214963","471067"
"2019-08-02 20:08","FastLeaderElection.java","256885","214963","471848"
"2017-01-13 19:29","FastLeaderElection.java","21504","8895","30399"
"2019-08-03 08:42","FastLeaderElection.java","256812","214963","471775"
"2020-03-25 03:38","FinalRequestProcessor.java","14564","4923","19487"
"2019-11-21 05:58","FinalRequestProcessor.java","40","17","57"
"2020-03-26 22:12","FinalRequestProcessor.java","14620","4977","19597"
"2019-09-05 22:59","AsyncCallback.java","53696","31396","85092"
"2019-08-17 17:13","AsyncCallback.java","51869","30201","82070"
"2019-02-06 09:46","ZooKeeper.java","235149","142906","378055"
"2019-01-16 14:21","ZooKeeper.java","233426","142906","376332"
"2017-04-18 02:02","ZooKeeper.java","130801","35761","166562"
"2019-11-08 17:30","ZooKeeper.java","263104","142950","406054"
"2019-02-07 11:26","ZooKeeper.java","235778","142906","378684"
"2013-03-07 07:01","ZooKeeper.java","90759","29666","120425"
"2011-07-01 00:53","ZooKeeper.java","64336","23678","88014"
"2013-12-17 17:55","ZooKeeper.java","97986","30089","128075"
"2012-02-06 09:56","ZooKeeper.java","73578","26645","100223"
"2012-03-17 01:31","ZooKeeper.java","75298","26860","102158"
"2012-11-17 15:03","ZooKeeper.java","82057","28500","110557"
"2017-05-01 17:19","ZooKeeper.java","130932","35765","166697"
"2010-11-10 23:36","ZooKeeper.java","94381","18370","112751"
"2014-01-24 07:18","ZooKeeper.java","99972","30146","130118"
"2019-08-17 17:13","ZooKeeper.java","257490","142950","400440"
"2015-06-04 19:51","ZooKeeper.java","120638","32487","153125"
"2016-10-07 21:51","ZooKeeper.java","127785","34583","162368"
"2015-03-16 09:09","ZooKeeper.java","117438","32331","149769"
"2015-03-17 18:06","ZooKeeper.java","118162","32345","150507"
"2016-05-02 18:15","ZooKeeper.java","124624","34188","158812"
"2019-06-26 10:57","ZooKeeper.java","245340","142950","388290"
"2019-06-03 19:40","ZooKeeper.java","242821","142950","385771"
"2018-05-09 23:57","ZooKeeper.java","137900","36475","174375"
"2019-08-03 08:42","ZooKeeper.java","258198","142950","401148"
"2016-11-13 20:59","ZooKeeper.java","130053","34598","164651"
"2013-02-03 15:52","ZooKeeper.java","86416","29386","115802"
"2012-09-28 18:32","ZooKeeper.java","79952","28363","108315"
"2017-07-28 00:36","ZooKeeper.java","130472","36171","166643"
"2017-08-18 23:35","ZooKeeper.java","130997","36211","167208"
"2017-07-04 07:56","ZooKeeper.java","131064","36153","167217"
"2009-12-11 20:38","ZooKeeper.java","16200","4295","20495"
"2009-11-12 21:02","ZooKeeper.java","7680","3153","10833"
"2010-01-26 03:22","ZooKeeper.java","21511","5528","27039"
"2010-01-05 18:32","ZooKeeper.java","17716","5147","22863"
"2009-11-07 01:48","ZooKeeper.java","6966","3042","10008"
"2009-10-31 00:09","ZooKeeper.java","6271","2752","9023"
"2020-04-16 12:50","ZooKeeper.java","271704","143590","415294"
"2018-07-27 05:16","ZooKeeper.java","151682","48239","199921"
"2019-10-10 14:37","ZooKeeper.java","261243","142950","404193"
"2014-04-01 04:03","ZooKeeper.java","101720","30414","132134"
"2010-02-08 23:36","ZooKeeper.java","27893","12249","40142"
"2012-12-19 19:16","ZooKeeper.java","85879","29342","115221"
"2019-02-11 12:34","ZooKeeper.java","236141","142906","379047"
"2014-07-08 20:18","ZooKeeper.java","108240","32047","140287"
"2010-11-30 21:16","ZooKeeper.java","94975","18597","113572"
"2020-05-17 15:13","ZooKeeper.java","272076","143591","415667"
"2017-01-09 22:49","ZooKeeper.java","131863","34840","166703"
"2011-05-20 01:17","ZooKeeper.java","59776","22944","82720"
"2019-03-12 19:08","ZooKeeper.java","237577","142914","380491"
"2011-09-06 00:58","ZooKeeper.java","69856","21927","91783"
"2014-07-22 06:51","ZooKeeper.java","112533","32142","144675"
"2014-04-29 02:23","ZooKeeper.java","104634","31543","136177"
"2017-07-28 00:36","AdminServer.java","16698","12574","29272"
"2019-08-17 17:13","AdminServer.java","255916","220357","476273"
"2016-05-02 18:15","WatcherTest.java","165471","21238","186709"
"2009-07-17 00:09","WatcherTest.java","68476","10668","79144"
"2019-08-17 17:13","WatcherTest.java","257706","84482","342188"
"2013-02-19 08:55","WatcherTest.java","129674","18792","148466"
"2008-11-18 01:11","WatcherTest.java","6428","1543","7971"
"2008-11-19 11:20","WatcherTest.java","7049","1937","8986"
"2017-02-16 01:16","WatcherTest.java","170057","21998","192055"
"2011-04-12 09:14","WatcherTest.java","109834","15137","124971"
"2010-07-05 20:20","WatcherTest.java","108892","13860","122752"
"2011-09-17 02:13","WatcherTest.java","115880","16095","131975"
"2009-09-16 02:09","WatcherTest.java","71361","11138","82499"
"2019-09-18 11:20","WatcherTest.java","260618","84482","345100"
"2019-12-19 09:51","AuditHelper.java","6022","6134","12156"
"2019-11-29 14:49","QuorumPeer.java","8927","6123","15050"
"2020-01-09 11:27","QuorumPeer.java","11937","7587","19524"
"2019-12-17 13:48","QuorumPeer.java","9577","6201","15778"
"2020-01-23 13:43","QuorumPeer.java","14381","8207","22588"
"2020-02-16 10:25","QuorumPeer.java","16868","9981","26849"
"2019-11-11 13:59","GetAclCommand.java","262708","223940","486648"
"2019-01-31 15:55","GetAclCommand.java","232791","223774","456565"
"2019-08-17 17:13","GetAclCommand.java","255250","223892","479142"
"2019-10-10 14:37","ZKDatabase.java","259857","214963","474820"
"2019-12-27 22:33","ZKDatabase.java","266229","216410","482639"
"2018-04-06 06:04","ZKDatabase.java","31338","16005","47343"
"2018-09-28 23:38","ZKDatabase.java","138853","113157","252010"
"2019-11-08 17:30","ZKDatabase.java","261747","214992","476739"
"2019-05-14 17:11","ZKDatabase.java","240755","214947","455702"
"2018-09-18 01:00","ZKDatabase.java","135605","112483","248088"
"2019-02-07 11:26","ZKDatabase.java","234328","214855","449183"
"2019-04-12 19:01","ZKDatabase.java","237895","214947","452842"
"2018-09-05 22:35","ZKDatabase.java","133213","112345","245558"
"2018-02-07 01:05","ZKDatabase.java","30948","15967","46915"
"2019-08-17 17:13","ZKDatabase.java","256104","214963","471067"
"2019-09-10 00:27","ZKDatabase.java","257044","214963","472007"
"2016-03-23 00:30","ZKDatabase.java","11296","6196","17492"
"2018-02-23 23:49","ZKDatabase.java","31324","15999","47323"
"2017-08-03 20:28","ZKDatabase.java","24546","14815","39361"
"2017-06-18 19:23","ZKDatabase.java","23122","13167","36289"
"2019-04-09 15:35","ZKDatabase.java","236873","214875","451748"
"2019-08-17 17:13","PKCS12FileLoaderTest.java","29979","25828","55807"
"2019-08-17 17:13","ChrootTest.java","256932","178405","435337"
"2011-09-17 02:13","ChrootTest.java","16250","4783","21033"
"2019-11-28 12:24","DataTree.java","182317","157138","339455"
"2019-10-10 14:37","DataTree.java","178988","154962","333950"
"2019-12-27 22:33","DataTree.java","186102","157151","343253"
"2019-11-11 13:59","DataTree.java","182699","155016","337715"
"2018-09-28 23:38","DataTree.java","5703","875","6578"
"2019-11-08 17:30","DataTree.java","180903","155016","335919"
"2019-01-30 16:28","DataTree.java","149108","151724","300832"
"2019-01-30 17:02","DataTree.java","149654","151726","301380"
"2019-02-07 11:26","DataTree.java","150336","151731","302067"
"2018-12-20 15:17","DataTree.java","139263","145390","284653"
"2019-09-10 09:53","DataTree.java","176264","154942","331206"
"2019-04-12 19:01","DataTree.java","154089","152009","306098"
"2019-07-31 19:06","DataTree.java","173506","153926","327432"
"2019-09-11 10:27","DataTree.java","176575","154946","331521"
"2019-08-01 07:31","DataTree.java","174870","153926","328796"
"2019-08-17 17:13","DataTree.java","174233","153960","328193"
"2019-09-10 15:21","DataTree.java","176258","154942","331200"
"2019-04-12 12:29","DataTree.java","153658","152009","305667"
"2019-08-03 08:42","DataTree.java","174920","153939","328859"
"2019-08-09 16:15","DataTree.java","175668","153939","329607"
"2019-04-29 16:49","DataTree.java","156136","152026","308162"
"2019-11-28 12:24","DataTree.java","74369","43063","117432"
"2019-10-10 14:37","DataTree.java","68066","37913","105979"
"2019-12-27 22:33","DataTree.java","78524","43446","121970"
"2019-11-11 13:59","DataTree.java","71833","38023","109856"
"2019-11-08 17:30","DataTree.java","70006","37992","107998"
"2019-01-30 16:28","DataTree.java","10192","6681","16873"
"2019-01-30 17:02","DataTree.java","10800","6745","17545"
"2019-02-07 11:26","DataTree.java","11556","6824","18380"
"2019-09-10 09:53","DataTree.java","64560","37111","101671"
"2019-04-12 19:01","DataTree.java","15957","7750","23707"
"2019-07-31 19:06","DataTree.java","40195","14488","54683"
"2019-09-11 10:27","DataTree.java","64909","37153","102062"
"2019-08-01 07:31","DataTree.java","41634","14563","56197"
"2019-08-17 17:13","DataTree.java","62319","35919","98238"
"2019-09-10 15:21","DataTree.java","64564","37121","101685"
"2019-04-12 12:29","DataTree.java","15407","7631","23038"
"2019-08-03 08:42","DataTree.java","41928","14820","56748"
"2019-08-09 16:15","DataTree.java","42885","15029","57914"
"2019-04-29 16:49","DataTree.java","18037","7800","25837"
"2020-03-25 03:38","ZooKeeperServerBean.java","76831","38885","115716"
"2019-11-14 03:54","ZooKeeperServerBean.java","65297","32127","97424"
"2019-09-16 23:26","ZooKeeperServerBean.java","59292","31112","90404"
"2020-04-30 18:53","ZooKeeperServerBean.java","78337","39491","117828"
"2019-01-23 14:00","ZooKeeperServerBean.java","2038","150","2188"
"2019-07-08 23:26","ZooKeeperServerBean.java","19625","5688","25313"
"2019-01-14 19:38","ZooKeeperServerBean.java","516","63","579"
"2019-08-17 17:13","ZooKeeperServerBean.java","55038","29877","84915"
"2019-05-22 11:39","ZooKeeperServerBean.java","12229","1868","14097"
"2019-07-30 02:31","ZooKeeperServerBean.java","31434","8352","39786"
"2019-11-28 12:24","DataTree.java","11731","7874","19605"
"2019-10-10 14:37","DataTree.java","4978","2274","7252"
"2019-12-27 22:33","DataTree.java","16200","8571","24771"
"2019-11-11 13:59","DataTree.java","8853","2492","11345"
"2019-11-08 17:30","DataTree.java","7030","2465","9495"
"2019-09-11 10:27","DataTree.java","558","251","809"
"2019-11-28 12:24","DataTree.java","60297","37198","97495"
"2019-10-10 14:37","DataTree.java","53666","31720","85386"
"2019-12-27 22:33","DataTree.java","64489","37618","102107"
"2019-11-11 13:59","DataTree.java","57524","31921","89445"
"2019-11-08 17:30","DataTree.java","55697","31890","87587"
"2019-09-10 09:53","DataTree.java","50112","30870","80982"
"2019-07-31 19:06","DataTree.java","24727","7227","31954"
"2019-09-11 10:27","DataTree.java","50461","30912","81373"
"2019-08-01 07:31","DataTree.java","26171","7307","33478"
"2019-08-17 17:13","DataTree.java","47813","29620","77433"
"2019-09-10 15:21","DataTree.java","50116","30880","80996"
"2019-08-03 08:42","DataTree.java","26477","7576","34053"
"2019-08-09 16:15","DataTree.java","27435","7786","35221"
"2019-04-29 16:49","DataTree.java","2183","153","2336"
"2020-03-19 17:09","Learner.java","268866","225827","494693"
"2020-02-03 04:30","Learner.java","267361","225827","493188"
"2020-01-23 13:43","Learner.java","266804","225827","492631"
"2020-03-25 03:38","Learner.java","269662","225827","495489"
"2019-11-28 12:24","Learner.java","261781","225825","487606"
"2019-12-27 22:33","Learner.java","265554","225826","491380"
"2020-01-25 18:48","Learner.java","266994","225827","492821"
"2020-05-03 19:43","Learner.java","270659","225888","496547"
"2019-10-10 14:37","Learner.java","258987","224184","483171"
"2019-06-03 19:40","Learner.java","240564","224183","464747"
"2019-07-15 14:15","Learner.java","250653","224184","474837"
"2019-08-23 19:43","Learner.java","255900","224184","480084"
"2019-08-17 17:13","Learner.java","255234","224184","479418"
"2017-11-28 00:10","Learner.java","4800","765","5565"
"2018-05-09 00:54","Learner.java","7820","1657","9477"
"2019-04-09 15:35","Learner.java","235997","224090","460087"
"2019-07-12 17:01","Learner.java","250547","224184","474731"
"2019-07-02 07:34","Learner.java","243176","224183","467359"
"2018-10-16 16:22","Learner.java","231608","202161","433769"
"2018-12-09 03:16","Learner.java","227772","224064","451836"
"2019-11-29 14:49","Learner.java","263432","225825","489257"
"2018-11-27 10:02","Learner.java","225448","224064","449512"
"2018-08-06 14:11","Learner.java","32760","23199","55959"
"2015-06-04 18:26","DataNode.java","162099","20862","182961"
"2009-11-12 23:48","DataNode.java","80224","12411","92635"
"2009-06-18 18:37","DataNode.java","59809","10092","69901"
"2019-08-17 17:13","DataNode.java","257706","84482","342188"
"2015-06-04 19:51","DataNode.java","162868","20920","183788"
"2016-10-07 21:51","DataNode.java","168482","21483","189965"
"2019-01-07 14:24","DataNode.java","232509","84455","316964"
"2008-11-19 00:42","DataNode.java","6809","1848","8657"
"2009-02-03 06:23","DataNode.java","26615","8313","34928"
"2017-02-05 07:22","DataNode.java","172966","21707","194673"
"2019-07-31 19:06","DataNode.java","257013","84482","341495"
"2011-06-23 18:01","DataNode.java","112118","15326","127444"
"2019-12-27 22:33","DataNode.java","266840","84938","351778"
"2019-08-17 17:13","MetricsProviderBootstrap.java","45184","29686","74870"
"2019-01-30 16:43","AvgMinMaxCounter.java","149688","153976","303664"
"2019-04-12 19:01","AvgMinMaxCounter.java","154086","154260","308346"
"2019-01-07 14:39","AvgMinMaxCounter.java","146772","153914","300686"
"2019-08-17 17:13","AvgMinMaxCounter.java","174230","156211","330441"
"2019-05-08 21:54","AvgMinMaxCounter.java","156805","154284","311089"
"2013-09-05 23:50","PathTrie.java","123063","22248","145311"
"2019-08-09 16:15","PathTrie.java","259143","102765","361908"
"2019-08-17 17:13","PathTrie.java","257687","102765","360452"
"2019-10-10 14:37","ClientTest.java","56145","32177","88322"
"2019-12-28 16:17","ClientTest.java","66894","38094","104988"
"2019-08-17 17:13","ClientTest.java","50310","30095","80405"
"2019-11-28 12:24","TraceFormatter.java","10591","8548","19139"
"2019-12-27 22:33","FileTxnLog.java","186102","157151","343253"
"2019-10-10 14:37","FileTxnLog.java","178988","154962","333950"
"2018-11-12 22:36","FileTxnLog.java","133747","145382","279129"
"2020-01-28 17:26","FileTxnLog.java","187943","157272","345215"
"2019-05-14 17:11","FileTxnLog.java","156973","152033","309006"
"2019-01-07 14:24","FileTxnLog.java","146767","151664","298431"
"2019-04-12 19:01","FileTxnLog.java","154089","152009","306098"
"2018-09-18 01:00","FileTxnLog.java","2425","171","2596"
"2019-08-17 17:13","FileTxnLog.java","174233","153960","328193"
"2019-06-03 19:40","FileTxnLog.java","157660","152056","309716"
"2019-08-03 08:42","FileTxnLog.java","174920","153939","328859"
"2019-04-09 15:35","FileTxnLog.java","153060","151930","304990"
"2013-09-18 12:58","ClientCnxn.java","45457","55815","101272"
"2015-01-31 08:05","ClientCnxn.java","74335","63387","137722"
"2016-05-02 18:15","ClientCnxn.java","83435","66451","149886"
"2014-01-24 07:18","ClientCnxn.java","52676","56302","108978"
"2019-08-17 17:13","ClientCnxn.java","256985","217389","474374"
"2015-05-10 00:27","ClientCnxn.java","77081","63594","140675"
"2017-12-19 19:27","ClientCnxn.java","95548","70235","165783"
"2019-01-31 15:50","ClientCnxn.java","234587","217324","451911"
"2012-08-02 00:24","ClientCnxn.java","30764","53547","84311"
"2019-04-09 15:35","ClientCnxn.java","237791","217338","455129"
"2013-02-03 15:52","ClientCnxn.java","38735","55157","93892"
"2014-12-20 15:29","ClientCnxn.java","74317","63380","137697"
"2012-03-15 18:01","ClientCnxn.java","25944","51117","77061"
"2019-11-08 17:30","ClientCnxn.java","262599","217389","479988"
"2017-06-08 17:59","ClientCnxn.java","90792","69769","160561"
"2012-09-09 20:24","ClientCnxn.java","31571","53615","85186"
"2019-01-16 14:21","ClientCnxn.java","232900","217324","450224"
"2019-01-07 14:24","ClientCnxn.java","231749","217323","449072"
"2019-03-06 03:32","ClientCnxn.java","236718","217337","454055"
"2010-11-11 18:11","ClientCnxn.java","1629","566","2195"
"2010-11-10 23:36","ClientCnxn.java","1586","519","2105"
"2011-09-14 07:43","ClientCnxn.java","19665","44953","64618"
"2011-08-19 00:05","ClientCnxn.java","17240","44748","61988"
"2015-02-06 06:17","ClientCnxn.java","74573","63430","138003"
"2019-02-07 11:26","ClientCnxn.java","235253","217325","452578"
"2018-11-05 19:40","ClientCnxn.java","236906","186136","423042"
"2011-04-12 09:14","ClientCnxn.java","4502","43433","47935"
"2010-11-30 21:16","ClientCnxn.java","2551","1117","3668"
"2020-05-17 15:13","ClientCnxn.java","272005","218464","490469"
"2018-06-25 12:30","ClientCnxn.java","99332","70493","169825"
"2012-12-19 19:16","ClientCnxn.java","38191","55106","93297"
"2020-03-03 03:12","ClientCnxn.java","269793","218462","488255"
"2018-09-10 11:44","ClientCnxn.java","180996","148972","329968"
"2011-09-28 22:17","ClientCnxn.java","20704","47939","68643"
"2015-06-13 02:42","ClientCnxn.java","78735","63786","142521"
"2011-05-20 01:17","ClientCnxn.java","5477","43589","49066"
"2014-03-23 04:12","ClientCnxn.java","53488","56477","109965"
"2015-11-09 00:05","ClientCnxn.java","81226","64785","146011"
"2015-12-06 19:58","ClientCnxn.java","81569","64823","146392"
"2020-01-21 17:53","ClientCnxn.java","266054","218462","484516"
"2015-12-05 22:43","ClientCnxn.java","81566","64823","146389"
"2015-12-05 22:32","ClientCnxn.java","81560","64822","146382"
"2019-10-10 14:37","ClientCnxn.java","260738","217389","478127"
"2014-04-01 04:03","ClientCnxn.java","54526","56672","111198"
"2013-09-18 15:14","ClientCnxn.java","45475","55815","101290"
"2013-09-18 04:08","ClientCnxn.java","45371","55815","101186"
"2019-11-21 05:58","ClientCnxn.java","261225","218462","479687"
"2020-04-16 12:50","ClientCnxn.java","271632","218462","490094"
"2018-07-27 05:16","ClientCnxn.java","117307","87316","204623"
"2013-09-18 12:58","ClientCnxn.java","52228","27543","79771"
"2015-01-31 08:05","ClientCnxn.java","81001","35010","116011"
"2016-05-02 18:15","ClientCnxn.java","89461","37434","126895"
"2014-01-24 07:18","ClientCnxn.java","59401","27984","87385"
"2019-08-17 17:13","ClientCnxn.java","256986","182278","439264"
"2015-05-10 00:27","ClientCnxn.java","83675","35145","118820"
"2017-12-19 19:27","ClientCnxn.java","101457","41101","142558"
"2019-01-31 15:50","ClientCnxn.java","234588","182213","416801"
"2012-08-02 00:24","ClientCnxn.java","37743","25483","63226"
"2019-04-09 15:35","ClientCnxn.java","237792","182227","420019"
"2013-02-03 15:52","ClientCnxn.java","45517","26896","72413"
"2014-12-20 15:29","ClientCnxn.java","80980","35000","115980"
"2012-03-15 18:01","ClientCnxn.java","32943","23073","56016"
"2019-11-08 17:30","ClientCnxn.java","262600","182278","444878"
"2017-06-08 17:59","ClientCnxn.java","96708","40642","137350"
"2012-09-09 20:24","ClientCnxn.java","38550","25551","64101"
"2019-01-16 14:21","ClientCnxn.java","232901","182213","415114"
"2019-01-07 14:24","ClientCnxn.java","231750","182212","413962"
"2019-03-06 03:32","ClientCnxn.java","236719","182226","418945"
"2010-11-11 18:11","ClientCnxn.java","38967","2792","41759"
"2010-11-10 23:36","ClientCnxn.java","38924","2745","41669"
"2011-09-14 07:43","ClientCnxn.java","26757","17002","43759"
"2011-08-19 00:05","ClientCnxn.java","24340","16805","41145"
"2015-02-06 06:17","ClientCnxn.java","81237","35051","116288"
"2019-02-07 11:26","ClientCnxn.java","235254","182214","417468"
"2018-11-05 19:40","ClientCnxn.java","236966","151153","388119"
"2011-04-12 09:14","ClientCnxn.java","12354","16173","28527"
"2010-10-06 18:14","ClientCnxn.java","35121","1660","36781"
"2010-11-30 21:16","ClientCnxn.java","39557","3011","42568"
"2020-05-17 15:13","ClientCnxn.java","272005","183352","455357"
"2018-06-25 12:30","ClientCnxn.java","105239","41357","146596"
"2012-12-19 19:16","ClientCnxn.java","44974","26846","71820"
"2020-03-03 03:12","ClientCnxn.java","269793","183350","453143"
"2018-09-10 11:44","ClientCnxn.java","183263","116196","299459"
"2011-09-28 22:17","ClientCnxn.java","27735","19927","47662"
"2015-06-13 02:42","ClientCnxn.java","85327","35335","120662"
"2010-10-21 02:44","ClientCnxn.java","37367","2255","39622"
"2011-05-20 01:17","ClientCnxn.java","13312","16312","29624"
"2014-03-23 04:12","ClientCnxn.java","60212","28158","88370"
"2015-11-09 00:05","ClientCnxn.java","87266","35782","123048"
"2015-12-06 19:58","ClientCnxn.java","87609","35820","123429"
"2020-01-21 17:53","ClientCnxn.java","266054","183350","449404"
"2015-12-05 22:43","ClientCnxn.java","87606","35820","123426"
"2015-12-05 22:32","ClientCnxn.java","87600","35819","123419"
"2019-10-10 14:37","ClientCnxn.java","260739","182278","443017"
"2014-04-01 04:03","ClientCnxn.java","61250","28353","89603"
"2013-09-18 15:14","ClientCnxn.java","52246","27543","79789"
"2013-09-18 04:08","ClientCnxn.java","52142","27543","79685"
"2019-11-21 05:58","ClientCnxn.java","261225","183350","444575"
"2020-04-16 12:50","ClientCnxn.java","271632","183350","454982"
"2018-07-27 05:16","ClientCnxn.java","123137","58103","181240"
"2019-07-12 17:01","FLEBackwardElectionRoundTest.java","14715","4733","19448"
"2019-08-17 17:13","FLEBackwardElectionRoundTest.java","44192","29523","73715"
"2019-12-27 22:33","FileTxnLog.java","186102","159405","345507"
"2019-10-10 14:37","FileTxnLog.java","178985","157213","336198"
"2018-11-12 22:36","FileTxnLog.java","133743","147632","281375"
"2020-01-28 17:26","FileTxnLog.java","187943","159526","347469"
"2019-05-14 17:11","FileTxnLog.java","156970","154284","311254"
"2019-01-07 14:24","FileTxnLog.java","146763","153914","300677"
"2019-04-12 19:01","FileTxnLog.java","154086","154260","308346"
"2019-08-17 17:13","FileTxnLog.java","174230","156211","330441"
"2019-06-03 19:40","FileTxnLog.java","157657","154307","311964"
"2019-08-03 08:42","FileTxnLog.java","174917","156190","331107"
"2019-04-09 15:35","FileTxnLog.java","153056","154180","307236"
"2019-12-27 22:33","QuorumPeerTestBase.java","265525","229876","495401"
"2019-10-10 14:37","QuorumPeerTestBase.java","258830","228106","486936"
"2019-07-12 17:01","QuorumPeerTestBase.java","250389","228105","478494"
"2019-08-17 17:13","QuorumPeerTestBase.java","255076","228105","483181"
"2018-10-12 10:25","QuorumPeerTestBase.java","228225","205819","434044"
"2019-01-23 14:00","NettyServerCnxn.java","232995","197045","430040"
"2019-02-18 17:05","NettyServerCnxn.java","235544","197062","432606"
"2019-02-12 15:25","NettyServerCnxn.java","235094","197046","432140"
"2017-08-09 20:31","NettyServerCnxn.java","50909","22968","73877"
"2017-04-10 19:19","NettyServerCnxn.java","49169","20683","69852"
"2018-09-07 02:34","NettyServerCnxn.java","150771","111812","262583"
"2019-04-12 19:01","NettyServerCnxn.java","238157","197127","435284"
"2018-11-22 17:56","NettyServerCnxn.java","224963","197043","422006"
"2018-10-24 04:03","NettyServerCnxn.java","235169","177648","412817"
"2018-11-17 18:33","NettyServerCnxn.java","224340","197042","421382"
"2019-01-14 19:38","NettyServerCnxn.java","231559","197044","428603"
"2017-03-04 19:22","NettyServerCnxn.java","48847","20647","69494"
"2018-09-18 01:00","NettyServerCnxn.java","153095","111891","264986"
"2019-08-17 17:13","NettyServerCnxn.java","256366","197143","453509"
"2019-07-03 00:44","NettyServerCnxn.java","244379","197143","441522"
"2015-03-28 20:08","NettyServerCnxn.java","31272","10979","42251"
"2019-11-23 17:08","NettyServerCnxn.java","262416","198492","460908"
"2015-06-28 21:09","NettyServerCnxn.java","34461","12468","46929"
"2019-07-23 15:55","NettyServerCnxn.java","252374","197143","449517"
"2019-05-06 18:32","NettyServerCnxn.java","240704","197127","437831"
"2019-04-22 19:15","NettyServerCnxn.java","239132","197127","436259"
"2019-08-03 08:42","NettyServerCnxn.java","257074","197143","454217"
"2016-12-21 23:32","NettyServerCnxn.java","48220","18093","66313"
"2013-12-16 05:18","NettyServerCnxn.java","1392","218","1610"
"2019-11-18 09:05","NettyServerCnxn.java","260859","198492","459351"
"2015-11-08 22:36","NettyServerCnxn.java","36080","12779","48859"
"2019-11-21 05:58","NettyServerCnxn.java","260882","198492","459374"
"2019-09-16 23:26","NettyServerCnxn.java","259385","197143","456528"
"2019-10-10 14:37","NettyServerCnxn.java","260119","197143","457262"
"2018-09-28 23:38","NettyServerCnxn.java","155832","112054","267886"
"2017-11-16 00:21","ZNodeName.java","88772","27939","116711"
"2019-08-27 09:23","ZNodeName.java","257525","178405","435930"
"2020-01-21 18:14","ZNodeName.java","266150","179499","445649"
"2020-03-19 17:09","MultipleAddresses.java","4181","2119","6300"
"2019-08-17 17:13","IOUtils.java","256464","180755","437219"
"2018-12-20 15:13","LocalPeerBean.java","229374","220493","449867"
"2019-11-29 14:49","LocalPeerBean.java","264024","222156","486180"
"2019-08-17 17:13","LocalPeerBean.java","255916","220605","476521"
"2019-11-14 03:54","LocalPeerBean.java","263957","220637","484594"
"2018-07-27 12:32","LocalPeerBean.java","47344","34134","81478"
"2018-06-26 11:18","LocalPeerBean.java","26232","14240","40472"
"2012-12-12 07:46","BinaryInputArchive.java","90473","24906","115379"
"2019-07-29 17:15","BinaryInputArchive.java","255100","129922","385022"
"2019-09-26 08:55","BinaryInputArchive.java","260824","129922","390746"
"2015-03-25 08:38","BinaryInputArchive.java","124873","28017","152890"
"2019-11-28 12:24","DataTree.java","38552","32953","71505"
"2019-10-10 14:37","DataTree.java","31893","27447","59340"
"2019-12-27 22:33","DataTree.java","42830","33459","76289"
"2019-11-11 13:59","DataTree.java","35756","27653","63409"
"2019-11-08 17:30","DataTree.java","33928","27621","61549"
"2019-09-10 09:53","DataTree.java","27886","26144","54030"
"2019-09-11 10:27","DataTree.java","28427","26378","54805"
"2019-08-01 07:31","DataTree.java","1447","83","1530"
"2019-08-17 17:13","DataTree.java","25455","24762","50217"
"2019-09-10 15:21","DataTree.java","28074","26338","54412"
"2019-08-03 08:42","DataTree.java","1770","369","2139"
"2019-08-09 16:15","DataTree.java","2784","635","3419"
"2017-11-15 22:33","CommitProcessor.java","92483","40688","133171"
"2019-08-17 17:13","CommitProcessor.java","256985","187413","444398"
"2012-12-08 00:38","CommitProcessor.java","35912","24997","60909"
"2019-07-30 02:31","CommitProcessor.java","254906","187413","442319"
"2016-05-15 23:31","CommitProcessor.java","84375","37100","121475"
"2019-08-03 08:42","CommitProcessor.java","257693","187413","445106"
"2019-04-09 15:35","CommitProcessor.java","237791","187362","425153"
"2019-04-25 02:11","CommitProcessor.java","240706","187414","428120"
"2019-01-07 14:24","CommitProcessor.java","231749","187347","419096"
"2011-04-12 09:14","CommitProcessor.java","5707","14662","20369"
"2011-10-28 18:37","CommitProcessor.java","21673","20597","42270"
"2015-03-08 23:07","CommitProcessor.java","75362","34138","109500"
"2014-07-15 23:54","CommitProcessor.java","66958","33611","100569"
"2014-03-23 04:12","CommitProcessor.java","54093","27175","81268"
"2020-03-25 03:38","CommitProcessor.java","270843","188486","459329"
"2019-10-10 14:37","CommitProcessor.java","260738","187413","448151"
"2019-11-11 13:55","CommitProcessor.java","262693","187413","450106"
"2019-12-27 22:33","CommitProcessor.java","266736","188486","455222"
"2020-02-26 22:41","NettyServerCnxnFactory.java","70963","39255","110218"
"2019-10-10 14:37","NettyServerCnxnFactory.java","56995","32188","89183"
"2019-09-10 18:50","NettyServerCnxnFactory.java","53532","31361","84893"
"2019-11-14 03:54","NettyServerCnxnFactory.java","61506","32443","93949"
"2019-02-15 15:36","NettyServerCnxnFactory.java","306","12","318"
"2019-04-12 19:01","NettyServerCnxnFactory.java","3740","879","4619"
"2019-08-17 17:13","NettyServerCnxnFactory.java","51153","30099","81252"
"2019-11-23 17:08","NettyServerCnxnFactory.java","63233","37478","100711"
"2019-07-03 00:44","NettyServerCnxnFactory.java","14265","5198","19463"
"2019-06-05 00:29","NettyServerCnxnFactory.java","8539","1818","10357"
"2019-07-23 15:55","NettyServerCnxnFactory.java","23627","6565","30192"
"2019-06-24 11:05","NettyServerCnxnFactory.java","12314","3927","16241"
"2019-08-03 08:42","NettyServerCnxnFactory.java","30117","8355","38472"
"2019-10-10 14:37","MiniKdc.java","51320","32069","83389"
"2019-08-17 17:13","MiniKdc.java","45184","29686","74870"
"2014-03-25 22:13","QuorumPeerMainTest.java","129334","22517","151851"
"2011-09-03 01:07","QuorumPeerMainTest.java","100399","16346","116745"
"2018-05-10 00:14","QuorumPeerMainTest.java","165158","27563","192721"
"2018-10-05 14:25","QuorumPeerMainTest.java","228895","81626","310521"
"2018-07-17 10:41","QuorumPeerMainTest.java","173517","34275","207792"
"2018-07-27 12:32","QuorumPeerMainTest.java","174047","34294","208341"
"2013-10-09 22:21","QuorumPeerMainTest.java","124750","22344","147094"
"2010-03-31 06:26","QuorumPeerMainTest.java","77194","13464","90658"
"2011-09-17 02:13","QuorumPeerMainTest.java","101022","18916","119938"
"2010-05-21 18:22","QuorumPeerMainTest.java","78226","13556","91782"
"2015-11-03 08:11","QuorumPeerMainTest.java","150139","24405","174544"
"2020-01-23 13:43","QuorumPeerMainTest.java","268068","105372","373440"
"2011-06-14 14:11","QuorumPeerMainTest.java","94135","17916","112051"
"2010-03-04 23:55","QuorumPeerMainTest.java","69214","12417","81631"
"2009-08-11 00:24","QuorumPeerMainTest.java","43848","5503","49351"
"2019-10-10 14:37","QuorumPeerMainTest.java","261349","104827","366176"
"2019-12-28 16:17","QuorumPeerMainTest.java","266726","105372","372098"
"2009-11-18 00:38","QuorumPeerMainTest.java","55266","7841","63107"
"2009-11-18 20:06","QuorumPeerMainTest.java","57706","7935","65641"
"2017-12-16 01:25","QuorumPeerMainTest.java","162336","27453","189789"
"2018-01-19 00:52","QuorumPeerMainTest.java","162481","27485","189966"
"2018-04-30 06:34","QuorumPeerMainTest.java","164527","27563","192090"
"2019-07-25 21:41","QuorumPeerMainTest.java","254079","104827","358906"
"2019-08-17 17:13","QuorumPeerMainTest.java","257596","104827","362423"
"2009-07-17 00:09","QuorumPeerMainTest.java","42756","5403","48159"
"2018-02-23 23:49","QuorumPeerMainTest.java","163559","27521","191080"
"2011-06-14 07:14","QuorumPeerMainTest.java","94108","17916","112024"
"2009-04-17 00:59","QuorumPeerMainTest.java","967","513","1480"
"2012-04-23 01:20","QuorumPeerMainTest.java","106618","21245","127863"
"2014-01-09 20:21","QuorumPeerMainTest.java","126640","22388","149028"
"2019-07-02 07:34","QuorumPeerMainTest.java","245539","104827","350366"
"2019-05-20 17:18","QuorumPeerMainTest.java","242388","104828","347216"
"2018-10-16 16:22","QuorumPeerMainTest.java","241879","81628","323507"
"2015-02-06 06:17","QuorumPeerMainTest.java","144988","24275","169263"
"2018-08-29 06:26","QuorumPeerMainTest.java","198092","56827","254919"
"2018-08-03 18:52","QuorumPeerMainTest.java","174554","34295","208849"
"2018-09-11 15:23","QuorumPeerMainTest.java","203721","61141","264862"
"2019-08-17 17:13","SimpleCounter.java","47813","29620","77433"
"2016-05-02 18:15","WatcherTest.java","174877","20655","195532"
"2009-07-17 00:09","WatcherTest.java","83000","12352","95352"
"2019-08-17 17:13","WatcherTest.java","257710","71646","329356"
"2013-02-19 08:55","WatcherTest.java","139553","18682","158235"
"2008-11-18 01:11","WatcherTest.java","23352","5627","28979"
"2008-11-19 11:20","WatcherTest.java","23810","5858","29668"
"2017-02-16 01:16","WatcherTest.java","179216","21168","200384"
"2011-04-12 09:14","WatcherTest.java","123653","16116","139769"
"2010-07-05 20:20","WatcherTest.java","122928","15056","137984"
"2011-09-17 02:13","WatcherTest.java","127348","17574","144922"
"2008-10-22 01:49","WatcherTest.java","17811","4971","22782"
"2009-09-16 02:09","WatcherTest.java","85825","12762","98587"
"2019-09-18 11:20","WatcherTest.java","260622","71646","332268"
"2019-08-17 17:13","GenerateLoad.java","256146","211592","467738"
"2014-11-29 16:53","GenerateLoad.java","2938","317","3255"
"2018-08-06 14:11","GenerateLoad.java","58728","35663","94391"
"2015-02-06 06:17","GenerateLoad.java","4062","649","4711"
"2013-09-18 12:58","ClientCnxn.java","40866","13112","53978"
"2015-01-31 08:05","ClientCnxn.java","69870","20810","90680"
"2016-05-02 18:15","ClientCnxn.java","79151","24055","103206"
"2014-01-24 07:18","ClientCnxn.java","48128","13642","61770"
"2019-08-17 17:13","ClientCnxn.java","256910","179202","436112"
"2015-05-10 00:27","ClientCnxn.java","72647","21048","93695"
"2017-12-19 19:27","ClientCnxn.java","91522","28097","119619"
"2019-01-31 15:50","ClientCnxn.java","234512","179137","413649"
"2012-08-02 00:24","ClientCnxn.java","26040","10711","36751"
"2019-04-09 15:35","ClientCnxn.java","237716","179151","416867"
"2013-02-03 15:52","ClientCnxn.java","34082","12392","46474"
"2014-12-20 15:29","ClientCnxn.java","69852","20803","90655"
"2012-03-15 18:01","ClientCnxn.java","21176","8237","29413"
"2019-11-08 17:30","ClientCnxn.java","262524","179202","441726"
"2017-06-08 17:59","ClientCnxn.java","86718","27583","114301"
"2012-09-09 20:24","ClientCnxn.java","26862","10794","37656"
"2019-01-16 14:21","ClientCnxn.java","232825","179137","411962"
"2019-01-07 14:24","ClientCnxn.java","231674","179136","410810"
"2019-03-06 03:32","ClientCnxn.java","236643","179150","415793"
"2011-09-14 07:43","ClientCnxn.java","14622","1798","16420"
"2011-08-19 00:05","ClientCnxn.java","12149","1545","13694"
"2015-02-06 06:17","ClientCnxn.java","70121","20866","90987"
"2019-02-07 11:26","ClientCnxn.java","235178","179138","414316"
"2018-11-05 19:40","ClientCnxn.java","236828","147946","384774"
"2020-05-17 15:13","ClientCnxn.java","271953","180300","452253"
"2018-06-25 12:30","ClientCnxn.java","95310","28359","123669"
"2012-12-19 19:16","ClientCnxn.java","33525","12328","45853"
"2020-03-03 03:12","ClientCnxn.java","269739","180296","450035"
"2018-09-10 11:44","ClientCnxn.java","177342","107206","284548"
"2011-09-28 22:17","ClientCnxn.java","15793","4916","20709"
"2015-06-13 02:42","ClientCnxn.java","74323","21262","95585"
"2014-03-23 04:12","ClientCnxn.java","48955","13832","62787"
"2015-11-09 00:05","ClientCnxn.java","76921","22368","99289"
"2015-12-06 19:58","ClientCnxn.java","77273","22415","99688"
"2020-01-21 17:53","ClientCnxn.java","266000","180296","446296"
"2015-12-05 22:43","ClientCnxn.java","77270","22415","99685"
"2015-12-05 22:32","ClientCnxn.java","77264","22414","99678"
"2019-10-10 14:37","ClientCnxn.java","260663","179202","439865"
"2014-04-01 04:03","ClientCnxn.java","49993","14027","64020"
"2013-09-18 15:14","ClientCnxn.java","40888","13116","54004"
"2013-09-18 04:08","ClientCnxn.java","40780","13112","53892"
"2019-11-21 05:58","ClientCnxn.java","261171","180296","441467"
"2020-04-16 12:50","ClientCnxn.java","271578","180296","451874"
"2018-07-27 05:16","ClientCnxn.java","113348","45245","158593"
"2019-10-10 14:37","ZKDatabase.java","259904","210259","470163"
"2019-12-27 22:33","ZKDatabase.java","266269","211699","477968"
"2018-04-06 06:04","ZKDatabase.java","36910","16826","53736"
"2018-09-28 23:38","ZKDatabase.java","143477","113030","256507"
"2019-11-08 17:30","ZKDatabase.java","261793","210287","472080"
"2019-05-14 17:11","ZKDatabase.java","240802","210243","451045"
"2018-09-18 01:00","ZKDatabase.java","140229","112356","252585"
"2019-02-07 11:26","ZKDatabase.java","234376","210152","444528"
"2019-04-12 19:01","ZKDatabase.java","237942","210243","448185"
"2018-09-05 22:35","ZKDatabase.java","137842","112223","250065"
"2015-02-06 06:17","ZKDatabase.java","6147","1396","7543"
"2018-02-07 01:05","ZKDatabase.java","36520","16788","53308"
"2019-08-17 17:13","ZKDatabase.java","256151","210259","466410"
"2019-09-10 00:27","ZKDatabase.java","257091","210259","467350"
"2016-03-23 00:30","ZKDatabase.java","17104","7253","24357"
"2018-02-23 23:49","ZKDatabase.java","36896","16820","53716"
"2017-08-03 20:28","ZKDatabase.java","30150","15668","45818"
"2017-06-18 19:23","ZKDatabase.java","28727","14021","42748"
"2019-04-09 15:35","ZKDatabase.java","236920","210171","447091"
"2019-07-29 17:15","BinaryInputArchive.java","253683","216214","469897"
"2019-09-26 08:55","BinaryInputArchive.java","259407","216214","475621"
"2019-10-10 14:37","ClientCnxnSocketNIO.java","259640","220587","480227"
"2019-04-09 15:35","ClientCnxnSocketNIO.java","236650","220493","457143"
"2019-08-03 08:42","ClientCnxnSocketNIO.java","256595","220587","477182"
"2019-08-17 17:13","ClientCnxnSocketNIO.java","255887","220587","476474"
"2018-11-22 17:56","ClientCnxnSocketNIO.java","224464","220467","444931"
"2019-11-28 12:24","DataTree.java","11184","7634","18818"
"2019-10-10 14:37","DataTree.java","4429","2032","6461"
"2019-12-27 22:33","DataTree.java","15661","8339","24000"
"2019-11-11 13:59","DataTree.java","8305","2251","10556"
"2019-11-08 17:30","DataTree.java","6481","2223","8704"
"2015-10-18 19:00","QuorumPeer.java","35344","12848","48192"
"2018-12-20 15:13","QuorumPeer.java","229831","197607","427438"
"2019-05-16 16:25","QuorumPeer.java","241143","197690","438833"
"2018-10-16 16:22","QuorumPeer.java","235262","178211","413473"
"2019-06-14 09:06","QuorumPeer.java","244358","197706","442064"
"2018-12-07 12:41","QuorumPeer.java","226844","197606","424450"
"2019-03-11 19:47","QuorumPeer.java","236278","197626","433904"
"2014-07-18 02:19","QuorumPeer.java","22265","9503","31768"
"2019-02-13 13:12","QuorumPeer.java","235227","197627","432854"
"2019-04-12 19:01","QuorumPeer.java","238151","197690","435841"
"2018-12-09 03:16","QuorumPeer.java","228918","197606","426524"
"2018-09-11 15:23","QuorumPeer.java","151473","112093","263566"
"2019-11-29 14:49","QuorumPeer.java","264266","199055","463321"
"2018-12-15 07:34","QuorumPeer.java","228833","197606","426439"
"2018-11-27 10:02","QuorumPeer.java","226594","197606","424200"
"2018-09-18 01:00","QuorumPeer.java","152804","112169","264973"
"2019-06-03 19:40","QuorumPeer.java","241691","197706","439397"
"2019-07-15 14:15","QuorumPeer.java","251779","197706","449485"
"2015-03-17 18:06","QuorumPeer.java","29613","10878","40491"
"2019-07-03 00:44","QuorumPeer.java","244373","197706","442079"
"2019-08-17 17:13","QuorumPeer.java","256360","197706","454066"
"2015-06-27 02:03","QuorumPeer.java","33063","11639","44702"
"2017-11-28 00:10","QuorumPeer.java","55382","23743","79125"
"2014-01-21 04:50","QuorumPeer.java","1397","236","1633"
"2014-06-04 22:07","QuorumPeer.java","15142","8180","23322"
"2018-01-30 08:02","QuorumPeer.java","55917","24125","80042"
"2019-05-15 11:56","QuorumPeer.java","241098","197690","438788"
"2019-06-05 00:33","QuorumPeer.java","242081","197706","439787"
"2019-05-20 23:13","QuorumPeer.java","241216","197690","438906"
"2019-06-04 10:55","QuorumPeer.java","241844","197706","439550"
"2019-07-12 17:01","QuorumPeer.java","251673","197706","449379"
"2020-01-09 11:27","QuorumPeer.java","265812","199055","464867"
"2017-02-09 11:40","QuorumPeer.java","48827","18412","67239"
"2017-07-06 18:48","QuorumPeer.java","50187","22086","72273"
"2018-10-01 06:11","QuorumPeer.java","155547","112333","267880"
"2015-04-09 20:16","QuorumPeer.java","30717","10919","41636"
"2018-07-04 17:11","QuorumPeer.java","67847","32494","100341"
"2019-12-17 13:48","QuorumPeer.java","264838","199055","463893"
"2015-12-07 05:59","QuorumPeer.java","36390","13136","49526"
"2020-01-23 13:43","QuorumPeer.java","267636","199055","466691"
"2016-06-23 23:45","QuorumPeer.java","40769","16445","57214"
"2016-06-23 23:25","QuorumPeer.java","40630","16414","57044"
"2014-03-23 04:12","QuorumPeer.java","3999","618","4617"
"2014-07-18 20:48","QuorumPeer.java","22944","9723","32667"
"2014-07-04 04:19","QuorumPeer.java","16943","8338","25281"
"2018-12-06 10:56","QuorumPeer.java","226788","197606","424394"
"2014-06-25 15:04","QuorumPeer.java","15662","8203","23865"
"2014-03-28 01:58","QuorumPeer.java","4433","634","5067"
"2019-10-10 14:37","QuorumPeer.java","260113","197706","457819"
"2017-07-27 23:09","QuorumPeer.java","50199","23084","73283"
"2014-05-18 05:49","QuorumPeer.java","14565","8092","22657"
"2014-03-25 22:13","QuorumPeer.java","4247","630","4877"
"2018-06-26 11:18","QuorumPeer.java","59835","24500","84335"
"2018-07-27 12:32","QuorumPeer.java","79461","42908","122369"
"2019-04-18 19:17","QuorumPeer.java","238861","197690","436551"
"2016-12-20 14:47","QuorumPeer.java","47519","18239","65758"
"2017-05-11 16:59","QuorumPeer.java","49021","21787","70808"
"2014-07-03 06:01","QuorumPeer.java","16431","8248","24679"
"2014-08-14 08:08","QuorumPeer.java","24263","10181","34444"
"2014-08-01 07:38","QuorumPeer.java","23747","10086","33833"
"2014-07-20 04:50","QuorumPeer.java","23045","9762","32807"
"2016-06-02 00:59","QuorumPeer.java","40228","16381","56609"
"2020-02-16 10:25","QuorumPeer.java","268349","199055","467404"
"2019-06-07 14:13","TruncateTest.java","241379","226540","467919"
"2019-08-17 17:13","TruncateTest.java","255276","226541","481817"
"2018-05-09 23:57","TruncateTest.java","12714","8290","21004"
"2019-07-12 17:01","TruncateTest.java","250589","226541","477130"
"2017-08-18 06:32","TruncateTest.java","4418","6733","11151"
"2017-09-11 18:55","TruncateTest.java","4771","6908","11679"
"2017-05-11 16:59","TruncateTest.java","2060","4745","6805"
"2020-01-28 17:26","TruncateTest.java","267280","228147","495427"
"2011-09-29 09:40","SaslServerCallbackHandler.java","4053","3790","7843"
"2019-10-10 14:37","SaslServerCallbackHandler.java","260657","177112","437769"
"2019-08-03 08:42","SaslServerCallbackHandler.java","257612","177112","434724"
"2019-08-17 17:13","SaslServerCallbackHandler.java","256904","177112","434016"
"2017-11-28 00:10","SaslServerCallbackHandler.java","83357","30580","113937"
"2016-10-17 10:27","SaslServerCallbackHandler.java","73237","25928","99165"
"2012-08-28 21:51","SaslServerCallbackHandler.java","16052","10895","26947"
"2019-07-31 19:06","Commands.java","254155","231286","485441"
"2019-11-29 14:49","Commands.java","263341","233222","496563"
"2018-11-17 18:37","Commands.java","222770","231133","453903"
"2018-09-18 01:00","Commands.java","106205","100662","206867"
"2019-08-17 17:13","Commands.java","254848","231286","486134"
"2019-06-29 00:33","Commands.java","242834","231285","474119"
"2019-06-03 19:40","Commands.java","240178","231285","471463"
"2019-07-15 14:15","Commands.java","250267","231286","481553"
"2018-07-12 01:33","Commands.java","11401","10932","22333"
"2019-07-25 23:43","Commands.java","251384","231286","482670"
"2019-06-05 12:14","Commands.java","240705","231285","471990"
"2019-08-06 01:43","Commands.java","255730","231286","487016"
"2019-05-27 10:54","Commands.java","240150","231268","471418"
"2019-06-04 10:55","Commands.java","240331","231285","471616"
"2019-05-15 11:56","Commands.java","239582","231266","470848"
"2019-12-03 10:01","Commands.java","263387","233222","496609"
"2018-09-11 00:17","Commands.java","103854","100513","204367"
"2019-11-20 07:00","Commands.java","259940","233222","493162"
"2019-11-28 12:24","Version.java","14222","9316","23538"
"2020-04-07 15:40","Version.java","25861","12474","38335"
"2020-02-16 10:25","QuorumKerberosAuthTest.java","4154","1957","6111"
"2019-08-17 17:13","SyncThrottleException.java","28807","25290","54097"
"2019-08-17 17:13","MultiOperationRecordTest.java","39048","26898","65946"
"2018-09-15 00:08","ZooKeeperServer.java","178934","107210","286144"
"2019-04-12 19:01","ZooKeeperServer.java","238718","179203","417921"
"2019-07-31 19:06","ZooKeeperServer.java","256217","179202","435419"
"2019-09-11 10:27","ZooKeeperServer.java","258266","179202","437468"
"2019-01-14 19:38","ZooKeeperServer.java","232136","179136","411272"
"2019-01-07 15:34","ZooKeeperServer.java","231737","179136","410873"
"2018-11-21 17:56","ZooKeeperServer.java","224933","179135","404068"
"2012-01-31 07:45","ZooKeeperServer.java","18999","7809","26808"
"2017-04-28 07:14","ZooKeeperServer.java","86618","26812","113430"
"2011-08-19 00:05","ZooKeeperServer.java","12149","1545","13694"
"2017-02-12 00:12","ZooKeeperServer.java","85675","26768","112443"
"2014-07-18 02:19","ZooKeeperServer.java","65036","20532","85568"
"2013-12-11 19:22","ZooKeeperServer.java","45865","13523","59388"
"2019-02-13 13:12","ZooKeeperServer.java","235803","179149","414952"
"2012-02-11 00:34","ZooKeeperServer.java","19947","8172","28119"
"2016-11-24 17:18","ZooKeeperServer.java","85861","25178","111039"
"2018-07-19 05:59","ZooKeeperServer.java","113021","45230","158251"
"2018-09-18 01:00","ZooKeeperServer.java","179643","107266","286909"
"2019-03-04 08:07","ZooKeeperServer.java","236381","179150","415531"
"2019-07-08 23:26","ZooKeeperServer.java","245686","179202","424888"
"2019-01-23 14:00","ZooKeeperServer.java","233572","179137","412709"
"2019-02-13 13:19","ZooKeeperServer.java","236089","179149","415238"
"2019-05-14 17:11","ZooKeeperServer.java","241578","179203","420781"
"2013-01-25 02:17","ZooKeeperServer.java","33698","12344","46042"
"2015-07-10 08:19","ZooKeeperServer.java","75745","22254","97999"
"2019-06-04 10:55","ZooKeeperServer.java","242394","179202","421596"
"2011-06-14 07:14","ZooKeeperServer.java","1480","349","1829"
"2019-04-09 15:35","ZooKeeperServer.java","237716","179151","416867"
"2019-08-03 08:42","ZooKeeperServer.java","257618","179202","436820"
"2019-05-15 11:56","ZooKeeperServer.java","241665","179203","420868"
"2019-05-22 11:39","ZooKeeperServer.java","242111","179203","421314"
"2019-04-22 19:15","ZooKeeperServer.java","239693","179203","418896"
"2018-02-23 23:49","ZooKeeperServer.java","92768","28188","120956"
"2016-11-16 06:21","ZooKeeperServer.java","85290","24628","109918"
"2012-12-19 19:07","ZooKeeperServer.java","32582","12266","44848"
"2017-08-18 06:32","ZooKeeperServer.java","87087","27741","114828"
"2017-06-26 00:16","ZooKeeperServer.java","86982","27644","114626"
"2019-09-10 04:26","ZooKeeperServer.java","257955","179202","437157"
"2019-08-17 17:13","ZooKeeperServer.java","256910","179202","436112"
"2019-09-05 23:12","ZooKeeperServer.java","257829","179202","437031"
"2019-09-10 15:21","ZooKeeperServer.java","257953","179202","437155"
"2019-08-01 07:31","ZooKeeperServer.java","257581","179202","436783"
"2019-08-01 07:28","ZooKeeperServer.java","257091","179202","436293"
"2019-06-03 19:40","ZooKeeperServer.java","242241","179202","421443"
"2015-03-17 18:06","ZooKeeperServer.java","71483","21006","92489"
"2019-11-23 17:08","ZooKeeperServer.java","262705","180296","443001"
"2019-10-09 16:49","ZooKeeperServer.java","260496","179202","439698"
"2019-07-03 00:44","ZooKeeperServer.java","244923","179202","424125"
"2018-01-19 01:12","ZooKeeperServer.java","91663","28125","119788"
"2019-07-24 18:00","ZooKeeperServer.java","253365","179202","432567"
"2013-05-16 18:49","ZooKeeperServer.java","38776","12872","51648"
"2018-08-08 06:21","ZooKeeperServer.java","155858","86587","242445"
"2018-05-09 23:57","ZooKeeperServer.java","94419","28334","122753"
"2019-12-27 22:33","ZooKeeperServer.java","266682","180296","446978"
"2016-08-13 15:01","ZooKeeperServer.java","81104","24343","105447"
"2018-09-11 00:17","ZooKeeperServer.java","177381","107206","284587"
"2019-11-18 09:05","ZooKeeperServer.java","261148","180296","441444"
"2019-10-10 14:37","ZooKeeperServer.java","260663","179202","439865"
"2019-09-16 23:26","ZooKeeperServer.java","259929","179202","439131"
"2013-10-08 01:35","ZooKeeperServer.java","41995","13287","55282"
"2017-06-23 18:39","ZooKeeperServer.java","86943","27585","114528"
"2011-12-28 07:07","ZooKeeperServer.java","18635","7784","26419"
"2019-12-03 10:01","ZooKeeperServer.java","264607","180296","444903"
"2020-03-25 03:38","ZooKeeperServer.java","270789","180296","451085"
"2019-11-28 12:24","ZooKeeperServer.java","262910","180296","443206"
"2019-11-06 15:21","ZooKeeperServer.java","260879","179202","440081"
"2011-09-17 02:36","ZooKeeperServer.java","15503","4883","20386"
"2020-04-12 11:14","ZooKeeperServer.java","271542","180296","451838"
"2011-09-14 08:56","ZooKeeperServer.java","15010","1830","16840"
"2011-08-21 02:53","ZooKeeperServer.java","12181","1549","13730"
"2013-10-09 22:21","ZooKeeperServer.java","44417","13469","57886"
"2015-03-08 23:07","ZooKeeperServer.java","70343","20914","91257"
"2018-06-08 16:52","ZooKeeperServer.java","95173","28339","123512"
"2018-06-15 07:41","ZooKeeperServer.java","95193","28356","123549"
"2018-07-28 04:37","ZooKeeperServer.java","113634","45267","158901"
"2019-04-18 19:17","ZooKeeperServer.java","239428","179203","418631"
"2012-03-15 17:47","ZooKeeperServer.java","21046","8237","29283"
"2014-03-25 22:13","ZooKeeperServer.java","49201","13842","63043"
"2019-09-11 10:27","SerializeUtils.java","257769","187214","444983"
"2013-03-07 07:01","SerializeUtils.java","6034","1478","7512"
"2019-08-17 17:13","SerializeUtils.java","256413","187214","443627"
"2015-06-04 19:51","SerializeUtils.java","44529","12915","57444"
"2016-10-07 21:51","SerializeUtils.java","55150","18485","73635"
"2018-02-07 01:05","SerializeUtils.java","67157","24118","91275"
"2019-12-27 22:33","SerializeUtils.java","266436","188559","454995"
"2019-12-03 10:01","CommandsTest.java","263387","233691","497078"
"2018-09-11 00:17","CommandsTest.java","92517","89645","182162"
"2019-01-07 14:39","CommandsTest.java","229537","231605","461142"
"2018-09-18 01:00","CommandsTest.java","94873","89799","184672"
"2019-04-12 19:01","CommandsTest.java","236617","231717","468334"
"2019-11-29 14:49","CommandsTest.java","263341","233691","497032"
"2019-08-17 17:13","CommandsTest.java","254847","231754","486601"
"2019-06-03 19:40","CommandsTest.java","240177","231753","471930"
"2019-06-29 00:33","CommandsTest.java","242833","231753","474586"
"2019-11-23 17:08","CommandsTest.java","261485","233691","495176"
"2019-06-04 10:55","CommandsTest.java","240330","231753","472083"
"2019-05-27 10:54","CommandsTest.java","240149","231736","471885"
"2019-10-10 14:37","ACLTest.java","259045","225011","484056"
"2017-09-11 18:55","ACLTest.java","7169","7760","14929"
"2019-05-06 18:32","ACLTest.java","239627","224992","464619"
"2017-08-18 23:35","ACLTest.java","6927","7596","14523"
"2019-08-17 17:13","ACLTest.java","255292","225011","480303"
"2015-07-07 07:11","ExistsTest.java","129600","27714","157314"
"2010-04-22 07:42","ExistsTest.java","55038","15595","70633"
"2010-08-17 09:24","ExistsTest.java","73013","16154","89167"
"2011-04-12 09:14","ExistsTest.java","72010","20746","92756"
"2019-10-10 14:37","ZooKeeperServerStartupTest.java","258829","228916","487745"
"2019-06-03 19:40","ZooKeeperServerStartupTest.java","240405","228914","469319"
"2019-08-17 17:13","ZooKeeperServerStartupTest.java","255075","228915","483990"
"2019-10-10 14:37","ClientCnxnSocket.java","259640","220587","480227"
"2018-07-10 13:29","ClientCnxnSocket.java","32775","20746","53521"
"2016-12-30 23:01","ClientCnxnSocket.java","9168","2782","11950"
"2018-11-22 17:56","ClientCnxnSocket.java","224464","220467","444931"
"2019-08-17 17:13","ClientCnxnSocket.java","255887","220587","476474"
"2018-07-12 01:33","ClientCnxnSocket.java","33053","20846","53899"
"2019-04-09 15:35","ClientCnxnSocket.java","236650","220493","457143"
"2019-12-27 22:33","FileTxnSnapLog.java","266387","201937","468324"
"2019-10-10 14:37","FileTxnSnapLog.java","260045","200520","460565"
"2019-12-13 08:51","FileTxnSnapLog.java","264424","201937","466361"
"2017-01-07 01:09","FileTxnSnapLog.java","45187","18150","63337"
"2014-02-12 17:00","FileTxnSnapLog.java","157","45","202"
"2020-01-23 16:46","FileTxnSnapLog.java","267636","201937","469573"
"2020-01-28 17:26","FileTxnSnapLog.java","268107","201937","470044"
"2016-09-18 23:21","FileTxnSnapLog.java","39776","17211","56987"
"2017-01-23 02:13","FileTxnSnapLog.java","45626","18185","63811"
"2018-06-08 16:52","FileTxnSnapLog.java","56714","24504","81218"
"2019-09-02 08:23","FileTxnSnapLog.java","256949","200520","457469"
"2017-04-28 07:14","FileTxnSnapLog.java","46047","20865","66912"
"2019-07-31 19:06","FileTxnSnapLog.java","255599","200520","456119"
"2018-07-30 06:22","FileTxnSnapLog.java","76843","42978","119821"
"2020-01-30 09:43","FileTxnSnapLog.java","268183","201937","470120"
"2019-05-14 17:11","FileTxnSnapLog.java","240943","200504","441447"
"2019-05-21 23:34","FileTxnSnapLog.java","241264","200504","441768"
"2019-05-27 10:54","FileTxnSnapLog.java","241596","200504","442100"
"2017-01-13 19:29","FileTxnSnapLog.java","45404","18164","63568"
"2017-06-26 00:07","FileTxnSnapLog.java","46767","22047","68814"
"2018-02-23 23:49","FileTxnSnapLog.java","54175","24219","78394"
"2017-08-18 06:32","FileTxnSnapLog.java","47893","23171","71064"
"2019-08-17 17:13","FileTxnSnapLog.java","256292","200520","456812"
"2018-02-14 21:23","FileTxnSnapLog.java","53993","24201","78194"
"2020-02-16 10:25","QuorumKerberosAuthTest.java","22565","11925","34490"
"2019-11-29 14:49","QuorumKerberosAuthTest.java","16330","9773","26103"
"2020-01-22 11:08","QuorumKerberosAuthTest.java","20092","11649","31741"
"2017-09-11 18:55","QuorumBase.java","98081","40862","138943"
"2012-04-23 01:20","QuorumBase.java","37046","25436","62482"
"2019-07-12 17:01","QuorumBase.java","252299","181514","433813"
"2012-12-11 08:42","QuorumBase.java","43013","26224","69237"
"2019-08-17 17:13","QuorumBase.java","256986","181514","438500"
"2019-08-01 07:31","QuorumBase.java","257657","181514","439171"
"2018-08-08 06:21","QuorumBase.java","162152","95186","257338"
"2019-10-10 14:37","QuorumBase.java","260739","181514","442253"
"2020-03-25 03:38","QuorumBase.java","270843","182586","453429"
"2014-07-18 19:46","QuorumBase.java","77202","34776","111978"
"2011-05-20 01:17","QuorumBase.java","14099","16335","30434"
"2010-08-18 08:24","QuorumBase.java","7493","1593","9086"
"2013-10-09 22:21","QuorumBase.java","56488","27845","84333"
"2014-06-25 19:25","QuorumBase.java","71616","34186","105802"
"2011-04-12 09:14","QuorumBase.java","13141","16196","29337"
"2017-09-11 18:55","QuorumBase.java","87384","27860","115244"
"2012-04-23 01:20","QuorumBase.java","24564","10649","35213"
"2019-07-12 17:01","QuorumBase.java","252223","179202","431425"
"2012-12-11 08:42","QuorumBase.java","30627","11533","42160"
"2019-08-17 17:13","QuorumBase.java","256910","179202","436112"
"2019-08-01 07:31","QuorumBase.java","257581","179202","436783"
"2018-08-08 06:21","QuorumBase.java","155858","86587","242445"
"2019-10-10 14:37","QuorumBase.java","260663","179202","439865"
"2020-03-25 03:38","QuorumBase.java","270789","180296","451085"
"2014-07-18 19:46","QuorumBase.java","65283","20552","85835"
"2013-10-09 22:21","QuorumBase.java","44417","13469","57886"
"2014-06-25 19:25","QuorumBase.java","59632","19897","79529"
"2019-10-10 14:37","QuorumPeerMain.java","261349","104827","366176"
"2010-03-13 01:06","QuorumPeerMain.java","76049","12566","88615"
"2020-01-23 13:43","QuorumPeerMain.java","268068","105372","373440"
"2019-11-28 12:24","QuorumPeerMain.java","263047","105372","368419"
"2012-03-06 09:20","QuorumPeerMain.java","104499","21030","125529"
"2010-08-18 08:24","QuorumPeerMain.java","97267","14070","111337"
"2013-10-09 22:21","QuorumPeerMain.java","124750","22344","147094"
"2011-09-02 22:50","QuorumPeerMain.java","100170","16329","116499"
"2020-02-16 10:25","QuorumPeerMain.java","268781","105372","374153"
"2019-04-18 19:17","QuorumPeerMain.java","240114","104828","344942"
"2011-04-12 09:14","QuorumPeerMain.java","92095","17853","109948"
"2019-11-11 13:59","QuorumPeerMain.java","265006","104827","369833"
"2019-04-12 19:01","QuorumPeerMain.java","239404","104828","344232"
"2018-09-11 15:23","QuorumPeerMain.java","203721","61141","264862"
"2017-02-13 22:09","QuorumPeerMain.java","157410","27045","184455"
"2014-07-18 02:19","QuorumPeerMain.java","140064","24102","164166"
"2018-08-06 14:11","QuorumPeerMain.java","174688","34323","209011"
"2012-04-23 01:20","QuorumPeerMain.java","106618","21245","127863"
"2017-07-28 00:36","QuorumPeerMain.java","157759","27340","185099"
"2009-06-05 06:44","QuorumPeerMain.java","29527","2594","32121"
"2019-08-17 17:13","QuorumPeerMain.java","257596","104827","362423"
"2015-03-17 18:06","QuorumPeerMain.java","146232","24297","170529"
"2017-11-28 00:10","QuorumPeerMain.java","162292","27453","189745"
"2019-08-17 17:13","RequestProcessor.java","256502","178915","435417"
"2018-09-15 00:08","ZooKeeperServer.java","184871","116162","301033"
"2019-04-12 19:01","ZooKeeperServer.java","238794","182225","421019"
"2019-07-31 19:06","ZooKeeperServer.java","256293","182224","438517"
"2019-09-11 10:27","ZooKeeperServer.java","258342","182224","440566"
"2019-01-14 19:38","ZooKeeperServer.java","232212","182158","414370"
"2019-01-07 15:34","ZooKeeperServer.java","231813","182158","413971"
"2018-11-21 17:56","ZooKeeperServer.java","225010","182158","407168"
"2012-01-31 07:45","ZooKeeperServer.java","30880","22705","53585"
"2017-04-28 07:14","ZooKeeperServer.java","96678","39887","136565"
"2011-08-19 00:05","ZooKeeperServer.java","24396","16807","41203"
"2017-02-12 00:12","ZooKeeperServer.java","95742","39850","135592"
"2014-07-18 02:19","ZooKeeperServer.java","76276","34787","111063"
"2013-12-11 19:22","ZooKeeperServer.java","57249","27922","85171"
"2019-02-13 13:12","ZooKeeperServer.java","235879","182171","418050"
"2012-02-11 00:34","ZooKeeperServer.java","31792","23032","54824"
"2016-11-24 17:18","ZooKeeperServer.java","96149","38481","134630"
"2018-07-19 05:59","ZooKeeperServer.java","122830","58054","180884"
"2018-09-18 01:00","ZooKeeperServer.java","185574","116212","301786"
"2019-03-04 08:07","ZooKeeperServer.java","236457","182172","418629"
"2019-07-08 23:26","ZooKeeperServer.java","245762","182224","427986"
"2019-01-23 14:00","ZooKeeperServer.java","233648","182159","415807"
"2019-02-13 13:19","ZooKeeperServer.java","236165","182171","418336"
"2019-05-14 17:11","ZooKeeperServer.java","241654","182225","423879"
"2013-01-25 02:17","ZooKeeperServer.java","45194","26855","72049"
"2015-07-10 08:19","ZooKeeperServer.java","86192","35716","121908"
"2019-06-04 10:55","ZooKeeperServer.java","242470","182224","424694"
"2011-06-14 07:14","ZooKeeperServer.java","14634","16449","31083"
"2019-04-09 15:35","ZooKeeperServer.java","237792","182173","419965"
"2019-08-03 08:42","ZooKeeperServer.java","257694","182224","439918"
"2019-05-15 11:56","ZooKeeperServer.java","241741","182225","423966"
"2019-05-22 11:39","ZooKeeperServer.java","242187","182225","424412"
"2019-04-22 19:15","ZooKeeperServer.java","239769","182225","421994"
"2018-02-23 23:49","ZooKeeperServer.java","102758","41193","143951"
"2016-11-16 06:21","ZooKeeperServer.java","95578","37931","133509"
"2012-12-19 19:07","ZooKeeperServer.java","44090","26789","70879"
"2017-08-18 06:32","ZooKeeperServer.java","97126","40795","137921"
"2017-06-26 00:16","ZooKeeperServer.java","97023","40700","137723"
"2019-09-10 04:26","ZooKeeperServer.java","258031","182224","440255"
"2019-08-17 17:13","ZooKeeperServer.java","256986","182224","439210"
"2019-09-05 23:12","ZooKeeperServer.java","257905","182224","440129"
"2019-09-10 15:21","ZooKeeperServer.java","258029","182224","440253"
"2019-08-01 07:31","ZooKeeperServer.java","257657","182224","439881"
"2019-08-01 07:28","ZooKeeperServer.java","257167","182224","439391"
"2019-06-03 19:40","ZooKeeperServer.java","242317","182224","424541"
"2015-03-17 18:06","ZooKeeperServer.java","82580","35118","117698"
"2019-11-23 17:08","ZooKeeperServer.java","262759","183296","446055"
"2019-10-09 16:49","ZooKeeperServer.java","260572","182224","442796"
"2019-07-03 00:44","ZooKeeperServer.java","244999","182224","427223"
"2018-01-19 01:12","ZooKeeperServer.java","101651","41128","142779"
"2019-07-24 18:00","ZooKeeperServer.java","253441","182224","435665"
"2013-05-16 18:49","ZooKeeperServer.java","50227","27338","77565"
"2018-08-08 06:21","ZooKeeperServer.java","161894","95638","257532"
"2018-05-09 23:57","ZooKeeperServer.java","104367","41297","145664"
"2019-12-27 22:33","ZooKeeperServer.java","266736","183296","450032"
"2016-08-13 15:01","ZooKeeperServer.java","91448","37702","129150"
"2018-09-11 00:17","ZooKeeperServer.java","183318","116158","299476"
"2019-11-18 09:05","ZooKeeperServer.java","261202","183296","444498"
"2019-10-10 14:37","ZooKeeperServer.java","260739","182224","442963"
"2019-09-16 23:26","ZooKeeperServer.java","260005","182224","442229"
"2013-10-08 01:35","ZooKeeperServer.java","53399","27706","81105"
"2017-06-23 18:39","ZooKeeperServer.java","96986","40643","137629"
"2011-12-28 07:07","ZooKeeperServer.java","30520","22684","53204"
"2019-12-03 10:01","ZooKeeperServer.java","264661","183296","447957"
"2020-03-25 03:38","ZooKeeperServer.java","270843","183296","454139"
"2019-11-28 12:24","ZooKeeperServer.java","262964","183296","446260"
"2019-11-06 15:21","ZooKeeperServer.java","260955","182224","443179"
"2011-05-20 01:17","ZooKeeperServer.java","13368","16314","29682"
"2011-09-17 02:36","ZooKeeperServer.java","27501","19896","47397"
"2020-04-12 11:14","ZooKeeperServer.java","271596","183296","454892"
"2011-09-14 08:56","ZooKeeperServer.java","27198","17033","44231"
"2011-08-21 02:53","ZooKeeperServer.java","24425","16808","41233"
"2010-08-18 08:24","ZooKeeperServer.java","6752","1562","8314"
"2013-10-09 22:21","ZooKeeperServer.java","55810","27877","83687"
"2015-03-08 23:07","ZooKeeperServer.java","81499","35085","116584"
"2018-06-08 16:52","ZooKeeperServer.java","105121","41302","146423"
"2018-06-15 07:41","ZooKeeperServer.java","105141","41319","146460"
"2018-07-28 04:37","ZooKeeperServer.java","123437","58085","181522"
"2019-04-18 19:17","ZooKeeperServer.java","239504","182225","421729"
"2012-03-15 17:47","ZooKeeperServer.java","32868","23074","55942"
"2014-03-25 22:13","ZooKeeperServer.java","60514","28170","88684"
"2011-04-12 09:14","ZooKeeperServer.java","12410","16175","28585"
"2018-07-10 12:46","QuorumTest.java","145902","43603","189505"
"2019-08-17 17:13","QuorumTest.java","257490","143138","400628"
"2010-11-04 17:01","QuorumTest.java","92958","18096","111054"
"2012-12-13 08:14","QuorumTest.java","83568","29158","112726"
"2011-06-22 00:19","QuorumTest.java","61158","23264","84422"
"2010-03-19 07:46","QuorumTest.java","38756","13362","52118"
"2011-07-15 06:50","QuorumTest.java","62449","21731","84180"
"2010-08-18 08:24","QuorumTest.java","62717","17937","80654"
"2013-10-09 22:21","QuorumTest.java","96180","30080","126260"
"2010-03-31 06:26","QuorumTest.java","39872","14559","54431"
"2011-09-17 02:13","QuorumTest.java","70367","24567","94934"
"2010-07-29 23:10","QuorumTest.java","56734","17144","73878"
"2011-04-12 09:14","QuorumTest.java","58720","22895","81615"
"2019-10-10 14:37","QuorumTest.java","261243","143138","404381"
"2019-09-18 11:20","QuorumTest.java","260402","143138","403540"
"2009-09-16 02:09","QuorumTest.java","2518","1167","3685"
"2019-12-28 16:17","QuorumTest.java","266715","143778","410493"
"2009-08-25 07:45","QuorumTest.java","1505","660","2165"
"2009-10-30 17:19","QuorumTest.java","5117","2636","7753"
"2015-11-03 08:11","QuorumTest.java","122051","32623","154674"
"2011-07-29 10:14","QuorumTest.java","65053","21803","86856"
"2010-03-13 01:06","QuorumTest.java","38176","13110","51286"
"2018-07-10 12:46","QuorumTest.java","146085","43553","189638"
"2019-08-17 17:13","QuorumTest.java","257490","142905","400395"
"2010-11-04 17:01","QuorumTest.java","93182","18087","111269"
"2012-12-13 08:14","QuorumTest.java","83776","29133","112909"
"2011-06-22 00:19","QuorumTest.java","61378","23251","84629"
"2010-03-19 07:46","QuorumTest.java","38992","13365","52357"
"2011-07-15 06:50","QuorumTest.java","62669","21718","84387"
"2010-08-18 08:24","QuorumTest.java","62940","17927","80867"
"2013-10-09 22:21","QuorumTest.java","96378","30045","126423"
"2010-03-31 06:26","QuorumTest.java","40094","14548","54642"
"2011-09-17 02:13","QuorumTest.java","70574","24541","95115"
"2010-07-29 23:10","QuorumTest.java","56956","17133","74089"
"2011-04-12 09:14","QuorumTest.java","58941","22883","81824"
"2009-08-11 07:44","QuorumTest.java","286","53","339"
"2019-10-10 14:37","QuorumTest.java","261243","142905","404148"
"2019-09-18 11:20","QuorumTest.java","260402","142905","403307"
"2009-09-16 02:09","QuorumTest.java","2795","1211","4006"
"2019-12-28 16:17","QuorumTest.java","266715","143545","410260"
"2009-08-25 07:45","QuorumTest.java","1784","706","2490"
"2009-10-30 17:19","QuorumTest.java","5384","2670","8054"
"2015-11-03 08:11","QuorumTest.java","122249","32588","154837"
"2011-07-29 10:14","QuorumTest.java","65273","21790","87063"
"2010-03-13 01:06","QuorumTest.java","38412","13113","51525"
"2019-08-17 17:13","LearnerZooKeeperServer.java","256089","215122","471211"
"2016-08-13 15:01","LearnerZooKeeperServer.java","14473","7141","21614"
"2018-12-20 15:13","QuorumPeer.java","228701","223592","452293"
"2019-05-16 16:25","QuorumPeer.java","240030","223692","463722"
"2018-10-16 16:22","QuorumPeer.java","231628","201692","433320"
"2019-06-14 09:06","QuorumPeer.java","243247","223710","466957"
"2018-12-07 12:41","QuorumPeer.java","225714","223591","449305"
"2019-03-11 19:47","QuorumPeer.java","235152","223615","458767"
"2019-02-13 13:12","QuorumPeer.java","234099","223614","457713"
"2019-04-12 19:01","QuorumPeer.java","237038","223692","460730"
"2018-12-09 03:16","QuorumPeer.java","227788","223591","451379"
"2018-09-11 15:23","QuorumPeer.java","113908","101643","215551"
"2019-11-29 14:49","QuorumPeer.java","263432","225336","488768"
"2018-12-15 07:34","QuorumPeer.java","227703","223591","451294"
"2018-11-27 10:02","QuorumPeer.java","225464","223591","449055"
"2018-09-18 01:00","QuorumPeer.java","115297","101777","217074"
"2019-06-03 19:40","QuorumPeer.java","240580","223710","464290"
"2019-07-15 14:15","QuorumPeer.java","250669","223711","474380"
"2019-07-03 00:44","QuorumPeer.java","243262","223710","466972"
"2019-08-17 17:13","QuorumPeer.java","255250","223711","478961"
"2017-11-28 00:10","QuorumPeer.java","5416","892","6308"
"2018-01-30 08:02","QuorumPeer.java","6062","1385","7447"
"2019-05-15 11:56","QuorumPeer.java","239985","223692","463677"
"2019-06-05 00:33","QuorumPeer.java","240970","223710","464680"
"2019-05-20 23:13","QuorumPeer.java","240104","223693","463797"
"2019-06-04 10:55","QuorumPeer.java","240733","223710","464443"
"2019-07-12 17:01","QuorumPeer.java","250563","223711","474274"
"2020-01-09 11:27","QuorumPeer.java","264980","225338","490318"
"2018-10-01 06:11","QuorumPeer.java","118560","102461","221021"
"2018-07-04 17:11","QuorumPeer.java","20643","12405","33048"
"2019-12-17 13:48","QuorumPeer.java","264004","225336","489340"
"2020-01-23 13:43","QuorumPeer.java","266804","225338","492142"
"2018-12-06 10:56","QuorumPeer.java","225658","223591","449249"
"2019-10-10 14:37","QuorumPeer.java","259003","223711","482714"
"2018-06-26 11:18","QuorumPeer.java","10318","2098","12416"
"2018-07-27 12:32","QuorumPeer.java","32417","22979","55396"
"2019-04-18 19:17","QuorumPeer.java","237748","223692","461440"
"2020-02-16 10:25","QuorumPeer.java","267517","225338","492855"
"2019-08-17 17:13","AtomicFileOutputStream.java","256154","206105","462259"
"2017-08-10 22:14","AtomicFileOutputStream.java","35167","16185","51352"
"2019-10-10 14:37","AtomicFileOutputStream.java","259907","206105","466012"
"2019-08-17 17:13","ServerCnxnTest.java","256291","200804","457095"
"2019-10-10 14:37","ServerCnxnTest.java","260044","200804","460848"
"2018-07-10 13:29","QuorumPeerInstance.java","19877","12276","32153"
"2018-12-20 07:24","QuorumPeerInstance.java","228546","224174","452720"
"2019-07-12 17:01","QuorumPeerInstance.java","250499","224314","474813"
"2019-08-17 17:13","CliWrapperException.java","255887","221798","477685"
"2018-12-06 10:56","FastLeaderElection.java","225310","229892","455202"
"2019-10-10 14:37","FastLeaderElection.java","258676","230033","488709"
"2019-09-30 23:22","FastLeaderElection.java","258303","230033","488336"
"2020-04-07 09:07","FastLeaderElection.java","270218","231954","502172"
"2019-01-18 03:42","FastLeaderElection.java","230810","229895","460705"
"2018-08-29 06:26","FastLeaderElection.java","99136","94835","193971"
"2019-08-17 17:13","FastLeaderElection.java","254922","230032","484954"
"2019-08-02 20:08","FastLeaderElection.java","255703","230032","485735"
"2019-08-03 08:42","FastLeaderElection.java","255630","230032","485662"
"2015-02-06 06:17","PrepRequestProcessor.java","29023","10716","39739"
"2019-02-07 11:26","PrepRequestProcessor.java","234602","196822","431424"
"2019-09-11 10:27","PrepRequestProcessor.java","257723","196919","454642"
"2018-07-19 05:59","PrepRequestProcessor.java","79430","42587","122017"
"2017-09-11 18:55","PrepRequestProcessor.java","51672","23096","74768"
"2019-01-16 14:21","PrepRequestProcessor.java","232249","196821","429070"
"2017-06-01 05:45","PrepRequestProcessor.java","49708","21596","71304"
"2019-11-08 17:30","PrepRequestProcessor.java","262009","196947","458956"
"2016-11-13 20:59","PrepRequestProcessor.java","46526","17359","63885"
"2019-04-09 15:35","PrepRequestProcessor.java","237145","196840","433985"
"2019-04-17 14:16","PrepRequestProcessor.java","238423","196903","435326"
"2014-10-28 05:35","PrepRequestProcessor.java","26777","10409","37186"
"2019-05-10 12:22","PrepRequestProcessor.java","240858","196903","437761"
"2017-06-26 00:16","PrepRequestProcessor.java","50238","21848","72086"
"2019-02-07 11:22","PrepRequestProcessor.java","234264","196822","431086"
"2016-11-16 06:21","PrepRequestProcessor.java","47108","17394","64502"
"2019-08-01 07:31","PrepRequestProcessor.java","257038","196919","453957"
"2019-06-26 10:57","PrepRequestProcessor.java","244217","196919","441136"
"2014-01-24 07:18","PrepRequestProcessor.java","3936","398","4334"
"2015-05-29 19:45","PrepRequestProcessor.java","32406","11308","43714"
"2016-10-07 21:51","PrepRequestProcessor.java","44137","17223","61360"
"2015-06-04 19:51","PrepRequestProcessor.java","33308","11445","44753"
"2019-08-17 17:13","PrepRequestProcessor.java","256367","196919","453286"
"2018-08-08 06:21","PrepRequestProcessor.java","123640","85317","208957"
"2018-05-09 23:57","PrepRequestProcessor.java","59272","24135","83407"
"2015-06-11 20:09","PrepRequestProcessor.java","33448","11459","44907"
"2019-12-27 22:33","PrepRequestProcessor.java","266393","198267","464660"
"2014-04-01 01:47","PrepRequestProcessor.java","5795","994","6789"
"2019-10-10 14:37","PrepRequestProcessor.java","260120","196919","457039"
"2020-03-25 03:38","PrepRequestProcessor.java","270500","198267","468767"
"2014-07-25 01:31","PrepRequestProcessor.java","24230","9938","34168"
"2014-04-29 02:23","PrepRequestProcessor.java","14802","7999","22801"
"2015-03-08 23:07","PrepRequestProcessor.java","29285","10804","40089"
"2014-07-22 06:51","PrepRequestProcessor.java","23963","9860","33823"
"2018-06-15 07:41","PrepRequestProcessor.java","60150","24261","84411"
"2011-12-28 01:26","QuorumCnxManager.java","10018","7625","17643"
"2019-11-29 14:49","QuorumCnxManager.java","264559","176012","440571"
"2013-03-07 07:01","QuorumCnxManager.java","30801","13454","44255"
"2018-07-11 06:04","QuorumCnxManager.java","96870","38142","135012"
"2018-08-06 14:11","QuorumCnxManager.java","108929","48428","157357"
"2012-06-29 22:08","QuorumCnxManager.java","16243","10691","26934"
"2018-10-16 16:22","QuorumCnxManager.java","236469","156082","392551"
"2019-06-14 09:06","QuorumCnxManager.java","244902","174914","419816"
"2019-08-03 08:42","QuorumCnxManager.java","257612","174914","432526"
"2019-11-13 20:41","QuorumCnxManager.java","264623","174914","439537"
"2019-04-09 16:08","QuorumCnxManager.java","237709","174863","412572"
"2019-08-06 12:52","QuorumCnxManager.java","257877","174914","432791"
"2017-02-09 11:40","QuorumCnxManager.java","80237","26486","106723"
"2019-05-20 23:13","QuorumCnxManager.java","241777","174915","416692"
"2015-04-09 20:16","QuorumCnxManager.java","65055","21921","86976"
"2017-08-23 02:16","QuorumCnxManager.java","80849","29794","110643"
"2019-07-27 20:04","QuorumCnxManager.java","253435","174914","428349"
"2015-05-29 23:46","QuorumCnxManager.java","65760","22110","87870"
"2015-05-14 07:10","QuorumCnxManager.java","65389","22035","87424"
"2020-03-12 14:47","QuorumCnxManager.java","269945","176012","445957"
"2019-08-17 17:13","QuorumCnxManager.java","256904","174914","431818"
"2017-11-28 00:10","QuorumCnxManager.java","85003","30028","115031"
"2019-10-10 14:37","QuorumCnxManager.java","260657","174914","435571"
"2014-07-23 19:36","QuorumCnxManager.java","58120","21419","79539"
"2017-06-09 18:37","QuorumCnxManager.java","79749","28990","108739"
"2020-01-23 13:43","QuorumCnxManager.java","267929","176012","443941"
"2014-03-23 04:12","QuorumCnxManager.java","41301","14584","55885"
"2014-07-08 05:25","QuorumCnxManager.java","53542","21111","74653"
"2019-11-28 12:24","QuorumCnxManager.java","262908","176012","438920"
"2014-06-25 15:04","QuorumCnxManager.java","51443","20648","72091"
"2016-06-08 17:43","QuorumCnxManager.java","72266","25084","97350"
"2020-03-23 16:20","QuorumCnxManager.java","270116","176012","446128"
"2020-02-16 10:25","QuorumCnxManager.java","268642","176012","444654"
"2014-07-22 06:45","QuorumCnxManager.java","58043","21417","79460"
"2018-07-27 12:32","QuorumCnxManager.java","108277","48388","156665"
"2016-11-13 20:59","TestableZooKeeper.java","117280","33961","151241"
"2019-08-17 17:13","TestableZooKeeper.java","257073","155102","412175"
"2010-11-10 23:36","TestableZooKeeper.java","79512","16070","95582"
"2019-03-06 03:32","TestableZooKeeper.java","236819","155063","391882"
"2013-01-25 02:17","TestableZooKeeper.java","72757","28199","100956"
"2012-03-15 18:01","TestableZooKeeper.java","61573","25430","87003"
"2018-04-25 01:41","TestableZooKeeper.java","124665","36148","160813"
"2014-03-26 22:13","TestableZooKeeper.java","87963","29385","117348"
"2020-05-17 15:13","TestableZooKeeper.java","272009","156093","428102"
"2019-04-12 19:01","MonitorCommand.java","237756","218719","456475"
"2016-12-22 23:23","MonitorCommand.java","14721","6524","21245"
"2019-01-07 14:39","MonitorCommand.java","230694","218625","449319"
"2019-08-17 17:13","MonitorCommand.java","255967","218737","474704"
"2019-06-04 10:55","MonitorCommand.java","241450","218736","460186"
"2019-10-10 14:37","ACLTest.java","51432","32033","83465"
"2019-08-17 17:13","ACLTest.java","45361","29715","75076"
"2014-02-12 17:00","LearnerHandler.java","88664","29691","118355"
"2014-03-23 04:12","LearnerHandler.java","89174","29814","118988"
"2010-01-25 04:28","LearnerHandler.java","6269","2376","8645"
"2019-10-10 14:37","LearnerHandler.java","260940","154189","415129"
"2015-06-05 20:38","LearnerHandler.java","109179","32128","141307"
"2015-06-05 20:51","LearnerHandler.java","109206","32128","141334"
"2015-06-12 23:02","LearnerHandler.java","109314","32138","141452"
"2010-03-11 15:05","LearnerHandler.java","24049","10727","34776"
"2009-11-30 13:03","LearnerHandler.java","892","562","1454"
"2011-04-12 09:14","LearnerHandler.java","46141","21670","67811"
"2013-09-26 14:05","LearnerHandler.java","81544","29262","110806"
"2019-07-03 20:54","LearnerHandler.java","245181","154189","399370"
"2011-09-14 08:56","LearnerHandler.java","58211","20794","79005"
"2011-08-30 08:37","LearnerHandler.java","56861","20653","77514"
"2010-07-29 23:10","LearnerHandler.java","43579","15343","58922"
"2011-09-17 02:36","LearnerHandler.java","58354","23497","81851"
"2012-04-23 01:20","LearnerHandler.java","65566","27414","92980"
"2013-06-28 23:22","LearnerHandler.java","81097","29245","110342"
"2018-09-18 01:00","LearnerHandler.java","191188","94574","285762"
"2010-11-04 17:01","LearnerHandler.java","80163","16655","96818"
"2012-02-06 09:40","LearnerHandler.java","61461","25635","87096"
"2013-05-14 14:27","LearnerHandler.java","79184","29069","108253"
"2018-08-03 18:52","LearnerHandler.java","145996","52958","198954"
"2011-01-22 20:38","LearnerHandler.java","82928","17322","100250"
"2018-12-09 03:16","LearnerHandler.java","229795","154139","383934"
"2019-04-12 19:01","LearnerHandler.java","238994","154189","393183"
"2013-03-07 07:01","LearnerHandler.java","79033","29043","108076"
"2017-11-28 00:10","LearnerHandler.java","123903","36285","160188"
"2019-06-29 00:33","LearnerHandler.java","245174","154189","399363"
"2013-05-11 15:35","LearnerHandler.java","79086","29048","108134"
"2019-07-25 21:41","LearnerHandler.java","253670","154189","407859"
"2019-08-23 19:43","LearnerHandler.java","257853","154189","412042"
"2019-08-17 17:13","LearnerHandler.java","257187","154189","411376"
"2017-06-26 00:16","LearnerHandler.java","119600","36025","155625"
"2017-08-03 20:28","LearnerHandler.java","119273","36050","155323"
"2012-07-29 07:02","LearnerHandler.java","67052","27497","94549"
"2019-05-06 17:48","LearnerHandler.java","241500","154189","395689"
"2019-08-03 08:42","LearnerHandler.java","257895","154189","412084"
"2019-04-22 19:15","LearnerHandler.java","239969","154189","394158"
"2011-06-14 07:14","LearnerHandler.java","48248","21827","70075"
"2011-07-01 00:53","PrepRequestProcessor.java","11765","16075","27840"
"2015-02-06 06:17","PrepRequestProcessor.java","75142","34092","109234"
"2012-02-06 10:39","PrepRequestProcessor.java","25196","21805","47001"
"2013-03-07 07:01","PrepRequestProcessor.java","43840","26292","70132"
"2019-02-07 11:26","PrepRequestProcessor.java","235253","187349","422602"
"2019-09-11 10:27","PrepRequestProcessor.java","258341","187413","445754"
"2018-07-19 05:59","PrepRequestProcessor.java","117435","57849","175284"
"2017-09-11 18:55","PrepRequestProcessor.java","91941","40622","132563"
"2019-01-16 14:21","PrepRequestProcessor.java","232900","187348","420248"
"2017-06-01 05:45","PrepRequestProcessor.java","91205","40350","131555"
"2012-04-14 02:32","PrepRequestProcessor.java","28882","23927","52809"
"2019-11-08 17:30","PrepRequestProcessor.java","262599","187413","450012"
"2016-11-13 20:59","PrepRequestProcessor.java","89500","37590","127090"
"2019-04-09 15:35","PrepRequestProcessor.java","237791","187362","425153"
"2019-04-17 14:16","PrepRequestProcessor.java","239058","187414","426472"
"2014-10-28 05:35","PrepRequestProcessor.java","73121","34010","107131"
"2019-05-10 12:22","PrepRequestProcessor.java","241493","187414","428907"
"2017-06-26 00:16","PrepRequestProcessor.java","91542","40409","131951"
"2019-02-07 11:22","PrepRequestProcessor.java","234915","187349","422264"
"2016-11-16 06:21","PrepRequestProcessor.java","90066","37609","127675"
"2019-08-01 07:31","PrepRequestProcessor.java","257656","187413","445069"
"2019-06-26 10:57","PrepRequestProcessor.java","244835","187413","432248"
"2014-01-24 07:18","PrepRequestProcessor.java","53281","27000","80281"
"2015-05-29 19:45","PrepRequestProcessor.java","78207","34366","112573"
"2016-10-07 21:51","PrepRequestProcessor.java","87230","37573","124803"
"2015-06-04 19:51","PrepRequestProcessor.java","79033","34427","113460"
"2019-08-17 17:13","PrepRequestProcessor.java","256985","187413","444398"
"2018-08-08 06:21","PrepRequestProcessor.java","160019","98953","258972"
"2018-05-09 23:57","PrepRequestProcessor.java","98922","41042","139964"
"2015-06-11 20:09","PrepRequestProcessor.java","79172","34440","113612"
"2019-12-27 22:33","PrepRequestProcessor.java","266736","188486","455222"
"2014-04-01 01:47","PrepRequestProcessor.java","54914","27370","82284"
"2019-10-10 14:37","PrepRequestProcessor.java","260738","187413","448151"
"2020-03-25 03:38","PrepRequestProcessor.java","270843","188486","459329"
"2011-08-15 02:35","PrepRequestProcessor.java","15691","15503","31194"
"2014-07-25 01:31","PrepRequestProcessor.java","70962","33927","104889"
"2013-10-09 22:21","PrepRequestProcessor.java","49599","26856","76455"
"2011-09-17 02:36","PrepRequestProcessor.java","21073","18658","39731"
"2014-04-29 02:23","PrepRequestProcessor.java","62599","33053","95652"
"2015-03-08 23:07","PrepRequestProcessor.java","75362","34138","109500"
"2014-07-22 06:51","PrepRequestProcessor.java","70723","33877","104600"
"2012-03-15 17:47","PrepRequestProcessor.java","26462","21858","48320"
"2011-04-12 09:14","PrepRequestProcessor.java","5707","14662","20369"
"2011-11-01 15:41","PrepRequestProcessor.java","21871","20664","42535"
"2011-10-28 00:58","PrepRequestProcessor.java","21632","20587","42219"
"2011-10-20 20:02","PrepRequestProcessor.java","21179","20353","41532"
"2011-10-17 16:59","PrepRequestProcessor.java","20961","18727","39688"
"2018-06-15 07:41","PrepRequestProcessor.java","99696","41064","140760"
"2012-12-19 19:16","PrepRequestProcessor.java","38822","25830","64652"
"2011-11-14 20:18","PrepRequestProcessor.java","22494","20652","43146"
"2015-10-18 19:00","QuorumPeer.java","21177","5154","26331"
"2018-12-20 15:13","QuorumPeer.java","229615","203864","433479"
"2019-05-16 16:25","QuorumPeer.java","240937","203957","444894"
"2018-10-16 16:22","QuorumPeer.java","235046","184468","419514"
"2019-06-14 09:06","QuorumPeer.java","244152","203973","448125"
"2018-12-07 12:41","QuorumPeer.java","226628","203863","430491"
"2019-03-11 19:47","QuorumPeer.java","236062","203883","439945"
"2014-07-18 02:19","QuorumPeer.java","7738","1449","9187"
"2019-02-13 13:12","QuorumPeer.java","235011","203884","438895"
"2019-04-12 19:01","QuorumPeer.java","237945","203957","441902"
"2018-12-09 03:16","QuorumPeer.java","228702","203863","432565"
"2018-09-11 15:23","QuorumPeer.java","144583","111676","256259"
"2019-11-29 14:49","QuorumPeer.java","264150","205412","469562"
"2018-12-15 07:34","QuorumPeer.java","228617","203863","432480"
"2018-11-27 10:02","QuorumPeer.java","226378","203863","430241"
"2018-09-18 01:00","QuorumPeer.java","145942","111780","257722"
"2019-06-03 19:40","QuorumPeer.java","241485","203973","445458"
"2019-07-15 14:15","QuorumPeer.java","251573","203973","455546"
"2015-03-17 18:06","QuorumPeer.java","15228","2966","18194"
"2019-07-03 00:44","QuorumPeer.java","244167","203973","448140"
"2019-08-17 17:13","QuorumPeer.java","256154","203973","460127"
"2015-06-27 02:03","QuorumPeer.java","18885","3934","22819"
"2017-11-28 00:10","QuorumPeer.java","41983","16817","58800"
"2014-06-04 22:07","QuorumPeer.java","581","92","673"
"2018-01-30 08:02","QuorumPeer.java","42539","17220","59759"
"2019-05-15 11:56","QuorumPeer.java","240892","203957","444849"
"2019-06-05 00:33","QuorumPeer.java","241875","203973","445848"
"2019-05-20 23:13","QuorumPeer.java","241010","203957","444967"
"2019-06-04 10:55","QuorumPeer.java","241638","203973","445611"
"2019-07-12 17:01","QuorumPeer.java","251467","203973","455440"
"2020-01-09 11:27","QuorumPeer.java","265697","205413","471110"
"2017-02-09 11:40","QuorumPeer.java","35136","11194","46330"
"2017-07-06 18:48","QuorumPeer.java","36772","15144","51916"
"2018-10-01 06:11","QuorumPeer.java","148726","111985","260711"
"2015-04-09 20:16","QuorumPeer.java","16333","3008","19341"
"2018-07-04 17:11","QuorumPeer.java","54644","25764","80408"
"2019-12-17 13:48","QuorumPeer.java","264722","205412","470134"
"2015-12-07 05:59","QuorumPeer.java","22227","5446","27673"
"2020-01-23 13:43","QuorumPeer.java","267521","205413","472934"
"2016-06-23 23:45","QuorumPeer.java","26729","8878","35607"
"2016-06-23 23:25","QuorumPeer.java","26588","8845","35433"
"2014-07-18 20:48","QuorumPeer.java","8417","1669","10086"
"2014-07-04 04:19","QuorumPeer.java","2391","259","2650"
"2018-12-06 10:56","QuorumPeer.java","226572","203863","430435"
"2014-06-25 15:04","QuorumPeer.java","1105","119","1224"
"2019-10-10 14:37","QuorumPeer.java","259907","203973","463880"
"2017-07-27 23:09","QuorumPeer.java","36784","16142","52926"
"2018-06-26 11:18","QuorumPeer.java","46584","17722","64306"
"2018-07-27 12:32","QuorumPeer.java","66328","36248","102576"
"2019-04-18 19:17","QuorumPeer.java","238655","203957","442612"
"2016-12-20 14:47","QuorumPeer.java","33726","10919","44645"
"2017-05-11 16:59","QuorumPeer.java","35573","14812","50385"
"2014-07-03 06:01","QuorumPeer.java","1879","169","2048"
"2014-08-14 08:08","QuorumPeer.java","9745","2136","11881"
"2014-08-01 07:38","QuorumPeer.java","9222","2034","11256"
"2014-07-20 04:50","QuorumPeer.java","8518","1708","10226"
"2016-06-02 00:59","QuorumPeer.java","26168","8794","34962"
"2020-02-16 10:25","QuorumPeer.java","268234","205413","473647"
"2018-09-15 00:08","ZooKeeperServer.java","172526","111422","283948"
"2019-04-12 19:01","ZooKeeperServer.java","238550","176967","415517"
"2019-07-31 19:06","ZooKeeperServer.java","256049","176966","433015"
"2019-09-11 10:27","ZooKeeperServer.java","258098","176966","435064"
"2019-01-14 19:38","ZooKeeperServer.java","231973","176905","408878"
"2019-01-07 15:34","ZooKeeperServer.java","231574","176905","408479"
"2018-11-21 17:56","ZooKeeperServer.java","224770","176904","401674"
"2012-01-31 07:45","ZooKeeperServer.java","4838","4268","9106"
"2017-04-28 07:14","ZooKeeperServer.java","75647","26461","102108"
"2017-02-12 00:12","ZooKeeperServer.java","74695","26408","101103"
"2014-07-18 02:19","ZooKeeperServer.java","52180","18296","70476"
"2013-12-11 19:22","ZooKeeperServer.java","32846","11124","43970"
"2019-02-13 13:12","ZooKeeperServer.java","235640","176918","412558"
"2012-02-11 00:34","ZooKeeperServer.java","5865","4710","10575"
"2016-11-24 17:18","ZooKeeperServer.java","74576","24513","99089"
"2018-07-19 05:59","ZooKeeperServer.java","104362","47191","151553"
"2018-09-18 01:00","ZooKeeperServer.java","173235","111478","284713"
"2019-03-04 08:07","ZooKeeperServer.java","236215","176916","413131"
"2019-07-08 23:26","ZooKeeperServer.java","245518","176966","422484"
"2019-01-23 14:00","ZooKeeperServer.java","233409","176906","410315"
"2019-02-13 13:19","ZooKeeperServer.java","235926","176918","412844"
"2019-05-14 17:11","ZooKeeperServer.java","241410","176967","418377"
"2013-01-25 02:17","ZooKeeperServer.java","19945","9211","29156"
"2015-07-10 08:19","ZooKeeperServer.java","63107","20236","83343"
"2019-06-04 10:55","ZooKeeperServer.java","242226","176966","419192"
"2019-04-09 15:35","ZooKeeperServer.java","237550","176917","414467"
"2019-08-03 08:42","ZooKeeperServer.java","257450","176966","434416"
"2019-05-15 11:56","ZooKeeperServer.java","241497","176967","418464"
"2019-05-22 11:39","ZooKeeperServer.java","241943","176967","418910"
"2019-04-22 19:15","ZooKeeperServer.java","239525","176967","416492"
"2018-02-23 23:49","ZooKeeperServer.java","83036","29076","112112"
"2016-11-16 06:21","ZooKeeperServer.java","74002","23960","97962"
"2012-12-19 19:07","ZooKeeperServer.java","18856","9160","28016"
"2017-08-18 06:32","ZooKeeperServer.java","77018","28292","105310"
"2017-06-26 00:16","ZooKeeperServer.java","76280","27562","103842"
"2019-09-10 04:26","ZooKeeperServer.java","257787","176966","434753"
"2019-08-17 17:13","ZooKeeperServer.java","256742","176966","433708"
"2019-09-05 23:12","ZooKeeperServer.java","257661","176966","434627"
"2019-09-10 15:21","ZooKeeperServer.java","257785","176966","434751"
"2019-08-01 07:31","ZooKeeperServer.java","257413","176966","434379"
"2019-08-01 07:28","ZooKeeperServer.java","256923","176966","433889"
"2019-06-03 19:40","ZooKeeperServer.java","242073","176966","419039"
"2015-03-17 18:06","ZooKeeperServer.java","58743","18886","77629"
"2019-11-23 17:08","ZooKeeperServer.java","262672","178195","440867"
"2019-10-09 16:49","ZooKeeperServer.java","260328","176966","437294"
"2019-07-03 00:44","ZooKeeperServer.java","244755","176966","421721"
"2018-01-19 01:12","ZooKeeperServer.java","81925","29007","110932"
"2019-07-24 18:00","ZooKeeperServer.java","253197","176966","430163"
"2013-05-16 18:49","ZooKeeperServer.java","25551","10267","35818"
"2018-08-08 06:21","ZooKeeperServer.java","147355","88704","236059"
"2018-05-09 23:57","ZooKeeperServer.java","84689","29224","113913"
"2019-12-27 22:33","ZooKeeperServer.java","266649","178195","444844"
"2016-08-13 15:01","ZooKeeperServer.java","69698","23557","93255"
"2018-09-11 00:17","ZooKeeperServer.java","170973","111418","282391"
"2019-11-18 09:05","ZooKeeperServer.java","261115","178195","439310"
"2019-10-10 14:37","ZooKeeperServer.java","260495","176966","437461"
"2019-09-16 23:26","ZooKeeperServer.java","259761","176966","436727"
"2013-10-08 01:35","ZooKeeperServer.java","28931","10843","39774"
"2017-06-23 18:39","ZooKeeperServer.java","76235","27497","103732"
"2011-12-28 07:07","ZooKeeperServer.java","4393","4162","8555"
"2019-12-03 10:01","ZooKeeperServer.java","264574","178195","442769"
"2020-03-25 03:38","ZooKeeperServer.java","270756","178195","448951"
"2019-11-28 12:24","ZooKeeperServer.java","262877","178195","441072"
"2019-11-06 15:21","ZooKeeperServer.java","260739","176994","437733"
"2020-04-12 11:14","ZooKeeperServer.java","271509","178195","449704"
"2013-10-09 22:21","ZooKeeperServer.java","31347","11019","42366"
"2015-03-08 23:07","ZooKeeperServer.java","57598","18789","76387"
"2018-06-08 16:52","ZooKeeperServer.java","85482","29268","114750"
"2018-06-15 07:41","ZooKeeperServer.java","85489","29272","114761"
"2018-07-28 04:37","ZooKeeperServer.java","104986","47239","152225"
"2019-04-18 19:17","ZooKeeperServer.java","239260","176967","416227"
"2012-03-15 17:47","ZooKeeperServer.java","6978","4789","11767"
"2014-03-25 22:13","ZooKeeperServer.java","36251","11512","47763"
"2015-10-18 19:00","QuorumPeer.java","62889","17736","80625"
"2018-12-20 15:13","QuorumPeer.java","230152","175271","405423"
"2019-05-16 16:25","QuorumPeer.java","241458","175348","416806"
"2018-10-16 16:22","QuorumPeer.java","236173","156465","392638"
"2019-06-14 09:06","QuorumPeer.java","244657","175348","420005"
"2018-12-07 12:41","QuorumPeer.java","227166","175271","402437"
"2012-04-23 01:20","QuorumPeer.java","9260","4430","13690"
"2012-07-17 23:19","QuorumPeer.java","10085","4483","14568"
"2019-03-11 19:47","QuorumPeer.java","236599","175290","411889"
"2012-02-27 03:41","QuorumPeer.java","4622","1877","6499"
"2014-07-18 02:19","QuorumPeer.java","51127","15708","66835"
"2019-02-13 13:12","QuorumPeer.java","235548","175291","410839"
"2019-04-12 19:01","QuorumPeer.java","238466","175348","413814"
"2018-12-09 03:16","QuorumPeer.java","229240","175271","404511"
"2018-09-11 15:23","QuorumPeer.java","170827","108790","279617"
"2019-11-29 14:49","QuorumPeer.java","264521","176653","441174"
"2013-03-07 07:01","QuorumPeer.java","24296","7628","31924"
"2018-12-15 07:34","QuorumPeer.java","229155","175271","404426"
"2018-11-27 10:02","QuorumPeer.java","226916","175271","402187"
"2018-09-18 01:00","QuorumPeer.java","172142","108850","280992"
"2012-02-06 09:40","QuorumPeer.java","3999","1495","5494"
"2019-06-03 19:40","QuorumPeer.java","241990","175348","417338"
"2019-07-15 14:15","QuorumPeer.java","252078","175348","427426"
"2015-03-17 18:06","QuorumPeer.java","57712","16320","74032"
"2019-07-03 00:44","QuorumPeer.java","244672","175348","420020"
"2019-08-17 17:13","QuorumPeer.java","256659","175348","432007"
"2015-06-27 02:03","QuorumPeer.java","60738","16657","77395"
"2017-11-28 00:10","QuorumPeer.java","80366","26070","106436"
"2014-01-21 04:50","QuorumPeer.java","32453","8635","41088"
"2014-06-04 22:07","QuorumPeer.java","44589","14970","59559"
"2018-01-30 08:02","QuorumPeer.java","80805","26356","107161"
"2019-05-15 11:56","QuorumPeer.java","241413","175348","416761"
"2019-06-05 00:33","QuorumPeer.java","242380","175348","417728"
"2019-05-20 23:13","QuorumPeer.java","241531","175348","416879"
"2019-06-04 10:55","QuorumPeer.java","242143","175348","417491"
"2019-07-12 17:01","QuorumPeer.java","251972","175348","427320"
"2020-01-09 11:27","QuorumPeer.java","266067","176653","442720"
"2017-02-09 11:40","QuorumPeer.java","75254","22182","97436"
"2017-07-06 18:48","QuorumPeer.java","75864","25106","100970"
"2018-10-01 06:11","QuorumPeer.java","174884","109013","283897"
"2015-04-09 20:16","QuorumPeer.java","58791","16336","75127"
"2013-10-07 21:08","QuorumPeer.java","27712","8228","35940"
"2013-09-30 22:20","QuorumPeer.java","27133","8080","35213"
"2018-07-04 17:11","QuorumPeer.java","92267","34257","126524"
"2019-12-17 13:48","QuorumPeer.java","265093","176653","441746"
"2015-12-07 05:59","QuorumPeer.java","63873","17962","81835"
"2020-01-23 13:43","QuorumPeer.java","267891","176653","444544"
"2016-06-23 23:45","QuorumPeer.java","67740","20759","88499"
"2016-06-23 23:25","QuorumPeer.java","67633","20760","88393"
"2014-03-23 04:12","QuorumPeer.java","34941","8903","43844"
"2013-09-26 00:13","QuorumPeer.java","26869","8060","34929"
"2014-07-18 20:48","QuorumPeer.java","51622","15744","67366"
"2014-07-04 04:19","QuorumPeer.java","46276","15014","61290"
"2018-12-06 10:56","QuorumPeer.java","227110","175271","402381"
"2014-06-25 15:04","QuorumPeer.java","45094","14978","60072"
"2014-03-28 01:58","QuorumPeer.java","35374","8918","44292"
"2013-10-21 23:36","QuorumPeer.java","30647","8421","39068"
"2019-10-10 14:37","QuorumPeer.java","260412","175348","435760"
"2013-11-07 06:41","QuorumPeer.java","31149","8492","39641"
"2017-07-27 23:09","QuorumPeer.java","75326","25554","100880"
"2014-05-18 05:49","QuorumPeer.java","44084","14954","59038"
"2014-03-25 22:13","QuorumPeer.java","35189","8915","44104"
"2011-11-01 08:15","QuorumPeer.java","473","284","757"
"2018-06-26 11:18","QuorumPeer.java","84632","26640","111272"
"2018-07-27 12:32","QuorumPeer.java","103806","44596","148402"
"2019-04-18 19:17","QuorumPeer.java","239176","175348","414524"
"2011-10-27 23:25","QuorumPeer.java","265","105","370"
"2013-10-09 22:21","QuorumPeer.java","30274","8411","38685"
"2016-12-20 14:47","QuorumPeer.java","74006","22069","96075"
"2017-05-11 16:59","QuorumPeer.java","74762","24871","99633"
"2014-07-03 06:01","QuorumPeer.java","45846","15006","60852"
"2014-08-14 08:08","QuorumPeer.java","52614","15875","68489"
"2014-08-01 07:38","QuorumPeer.java","52192","15874","68066"
"2014-07-20 04:50","QuorumPeer.java","51714","15774","67488"
"2016-06-02 00:59","QuorumPeer.java","67245","20741","87986"
"2020-02-16 10:25","QuorumPeer.java","268604","176653","445257"
"2019-12-28 16:17","SetAclCommand.java","68886","37960","106846"
"2019-08-17 17:13","SetAclCommand.java","52428","30087","82515"
"2019-07-12 17:01","FLEBackwardElectionRoundTest.java","250499","224314","474813"
"2017-11-28 00:10","FLEBackwardElectionRoundTest.java","4448","591","5039"
"2019-08-17 17:13","FLEBackwardElectionRoundTest.java","255186","224314","479500"
"2019-06-03 19:40","FLEBackwardElectionRoundTest.java","240516","224313","464829"
"2019-07-15 14:15","QuorumZooKeeperServer.java","252434","167718","420152"
"2019-06-26 10:57","QuorumZooKeeperServer.java","244865","167718","412583"
"2019-08-17 17:13","QuorumZooKeeperServer.java","257015","167718","424733"
"2019-05-15 11:56","QuorumZooKeeperServer.java","241770","167719","409489"
"2019-06-04 10:55","QuorumZooKeeperServer.java","242499","167718","410217"
"2017-03-21 17:49","QuorumZooKeeperServer.java","111924","40956","152880"
"2013-03-07 07:01","QuorumZooKeeperServer.java","66572","29381","95953"
"2019-11-29 14:49","QuorumZooKeeperServer.java","264619","168765","433384"
"2013-10-09 22:21","QuorumZooKeeperServer.java","72308","29922","102230"
"2010-05-05 22:32","QuorumZooKeeperServer.java","5595","5565","11160"
"2020-03-25 03:38","QuorumZooKeeperServer.java","270847","168765","439612"
"2016-08-13 15:01","QuorumZooKeeperServer.java","107333","39134","146467"
"2019-10-10 14:37","QuorumZooKeeperServer.java","260768","167718","428486"
"2019-11-21 05:58","NIOServerCnxn.java","12196","9029","21225"
"2019-11-18 09:05","NIOServerCnxn.java","12157","9013","21170"
"2019-09-16 23:26","NIOServerCnxn.java","4958","1939","6897"
"2019-10-10 14:37","NIOServerCnxn.java","7470","3717","11187"
"2020-02-11 06:50","NIOServerCnxn.java","22409","11890","34299"
"2017-09-11 18:55","QuorumBase.java","109538","38581","148119"
"2012-04-23 01:20","QuorumBase.java","48867","23519","72386"
"2019-07-12 17:01","QuorumBase.java","252303","167723","420026"
"2012-12-11 08:42","QuorumBase.java","54822","24295","79117"
"2019-08-17 17:13","QuorumBase.java","256990","167723","424713"
"2019-08-01 07:31","QuorumBase.java","257661","167723","425384"
"2018-08-08 06:21","QuorumBase.java","162672","81968","244640"
"2019-10-10 14:37","QuorumBase.java","260743","167723","428466"
"2020-03-25 03:38","QuorumBase.java","270847","168795","439642"
"2014-07-18 19:46","QuorumBase.java","88805","32641","121446"
"2010-07-23 06:22","QuorumBase.java","14534","739","15273"
"2011-05-20 01:17","QuorumBase.java","26411","14852","41263"
"2010-08-18 08:24","QuorumBase.java","21983","2288","24271"
"2013-10-09 22:21","QuorumBase.java","68255","25874","94129"
"2014-06-25 19:25","QuorumBase.java","83255","32087","115342"
"2011-04-12 09:14","QuorumBase.java","25467","14727","40194"
"2019-05-20 17:18","LocalPeerBeanTest.java","238936","232044","470980"
"2019-02-13 13:12","LocalPeerBeanTest.java","232989","231942","464931"
"2019-08-17 17:13","LocalPeerBeanTest.java","254163","232062","486225"
"2019-09-20 10:06","TxnLogToolkit.java","257027","232675","489702"
"2019-12-27 22:33","TxnLogToolkit.java","264780","234613","499393"
"2018-09-12 13:32","TxnLogToolkit.java","91038","88649","179687"
"2019-11-28 12:24","TxnLogToolkit.java","261007","234612","495619"
"2019-04-12 19:08","TxnLogToolkit.java","235953","232636","468589"
"2019-07-09 13:34","TxnLogToolkit.java","243064","232673","475737"
"2019-08-17 17:13","TxnLogToolkit.java","254163","232674","486837"
"2018-09-15 00:03","TxnLogToolkit.java","91385","88657","180042"
"2018-11-17 18:37","ConfigUtils.java","222079","231903","453982"
"2018-10-08 14:33","ConfigUtils.java","216603","199062","415665"
"2019-08-17 17:13","ConfigUtils.java","254163","232062","486225"
"2019-11-08 17:30","WatchManagerTest.java","9522","3908","13430"
"2017-11-15 22:33","CommitProcessor.java","34683","16235","50918"
"2019-08-17 17:13","CommitProcessor.java","256154","207310","463464"
"2019-07-30 02:31","CommitProcessor.java","254075","207310","461385"
"2016-05-15 23:31","CommitProcessor.java","22377","8449","30826"
"2019-08-03 08:42","CommitProcessor.java","256862","207310","464172"
"2019-04-09 15:35","CommitProcessor.java","236923","207222","444145"
"2019-04-25 02:11","CommitProcessor.java","239858","207294","447152"
"2019-01-07 14:24","CommitProcessor.java","230875","207201","438076"
"2015-03-08 23:07","CommitProcessor.java","10189","2312","12501"
"2020-03-25 03:38","CommitProcessor.java","270379","208750","479129"
"2019-10-10 14:37","CommitProcessor.java","259907","207310","467217"
"2019-11-11 13:55","CommitProcessor.java","261890","207338","469228"
"2019-12-27 22:33","CommitProcessor.java","266271","208749","475020"
"2019-08-17 17:13","ObserverMXBean.java","63823","36481","100304"
"2017-07-28 00:36","HostProvider.java","64619","23875","88494"
"2019-08-17 17:13","HostProvider.java","256464","184285","440749"
"2018-07-16 05:45","HostProvider.java","92819","43278","136097"
"2015-06-04 18:26","DataNode.java","72006","21175","93181"
"2019-08-17 17:13","DataNode.java","256905","180473","437378"
"2015-06-04 19:51","DataNode.java","72778","21236","94014"
"2016-10-07 21:51","DataNode.java","81180","24587","105767"
"2019-01-07 14:24","DataNode.java","231669","180407","412076"
"2017-02-05 07:22","DataNode.java","86098","25245","111343"
"2019-07-31 19:06","DataNode.java","256212","180473","436685"
"2019-12-27 22:33","DataNode.java","266681","181571","448252"
"2019-05-20 17:18","LocalPeerBeanTest.java","239621","231511","471132"
"2019-02-13 13:12","LocalPeerBeanTest.java","233675","231410","465085"
"2019-08-17 17:13","LocalPeerBeanTest.java","254848","231529","486377"
"2018-07-27 12:32","LocalPeerBeanTest.java","22615","21397","44012"
"2018-01-19 00:43","FileTxnLog.java","20625","11952","32577"
"2019-12-27 22:33","FileTxnLog.java","266144","221934","488078"
"2019-10-10 14:37","FileTxnLog.java","259640","220355","479995"
"2018-11-12 22:36","FileTxnLog.java","223858","220234","444092"
"2018-08-01 21:19","FileTxnLog.java","46195","32567","78762"
"2018-04-27 20:28","FileTxnLog.java","22767","12244","35011"
"2018-06-08 16:52","FileTxnLog.java","24460","12490","36950"
"2020-01-28 17:26","FileTxnLog.java","267865","221935","489800"
"2019-05-14 17:11","FileTxnLog.java","240535","220336","460871"
"2019-01-07 14:24","FileTxnLog.java","230598","220236","450834"
"2019-04-12 19:01","FileTxnLog.java","237675","220336","458011"
"2017-04-28 07:14","FileTxnLog.java","12948","8006","20954"
"2018-09-06 01:11","FileTxnLog.java","124935","109676","234611"
"2018-09-18 01:00","FileTxnLog.java","127328","109815","237143"
"2019-08-17 17:13","FileTxnLog.java","255887","220355","476242"
"2019-06-03 19:40","FileTxnLog.java","241217","220354","461571"
"2018-04-24 00:20","FileTxnLog.java","22512","12076","34588"
"2018-02-14 21:23","FileTxnLog.java","21571","12019","33590"
"2019-08-03 08:42","FileTxnLog.java","256595","220355","476950"
"2019-04-09 15:35","FileTxnLog.java","236650","220261","456911"
"2017-08-03 20:41","FileTxnLog.java","14986","10860","25846"
"2018-02-02 00:26","FileTxnLog.java","20642","11962","32604"
"2017-06-26 00:07","FileTxnLog.java","13684","9204","22888"
"2019-08-17 17:13","EmptySnapshotTest.java","254163","232256","486419"
"2019-12-27 22:33","FileTxnSnapLogTest.java","62846","38005","100851"
"2019-06-03 19:40","FileTxnSnapLogTest.java","2138","644","2782"
"2019-08-17 17:13","FileTxnSnapLogTest.java","45945","29782","75727"
"2019-02-06 09:46","ZooKeeper.java","234019","187117","421136"
"2019-01-16 14:21","ZooKeeper.java","232295","187116","419411"
"2017-04-18 02:02","ZooKeeper.java","60067","21564","81631"
"2019-11-08 17:30","ZooKeeper.java","262055","187242","449297"
"2019-02-07 11:26","ZooKeeper.java","234648","187117","421765"
"2013-03-07 07:01","ZooKeeper.java","6034","1478","7512"
"2013-12-17 17:55","ZooKeeper.java","14427","3067","17494"
"2017-05-01 17:19","ZooKeeper.java","60207","21577","81784"
"2014-01-24 07:18","ZooKeeper.java","16490","3201","19691"
"2019-08-17 17:13","ZooKeeper.java","256413","187214","443627"
"2015-06-04 19:51","ZooKeeper.java","44529","12915","57444"
"2016-10-07 21:51","ZooKeeper.java","55150","18485","73635"
"2015-03-16 09:09","ZooKeeper.java","40926","12356","53282"
"2015-03-17 18:06","ZooKeeper.java","41739","12459","54198"
"2016-05-02 18:15","ZooKeeper.java","51403","17504","68907"
"2019-06-26 10:57","ZooKeeper.java","244263","187214","431477"
"2019-06-03 19:40","ZooKeeper.java","241744","187214","428958"
"2018-05-09 23:57","ZooKeeper.java","69187","24299","93486"
"2019-08-03 08:42","ZooKeeper.java","257121","187214","444335"
"2016-11-13 20:59","ZooKeeper.java","57431","18513","75944"
"2013-02-03 15:52","ZooKeeper.java","1218","725","1943"
"2017-07-28 00:36","ZooKeeper.java","60935","23171","84106"
"2017-08-18 23:35","ZooKeeper.java","61512","23263","84775"
"2017-07-04 07:56","ZooKeeper.java","61079","22705","83784"
"2020-04-16 12:50","ZooKeeper.java","271332","188559","459891"
"2018-07-27 05:16","ZooKeeper.java","89545","42639","132184"
"2019-10-10 14:37","ZooKeeper.java","260166","187214","447380"
"2014-04-01 04:03","ZooKeeper.java","18508","3739","22247"
"2019-02-11 12:34","ZooKeeper.java","235011","187117","422128"
"2014-07-08 20:18","ZooKeeper.java","30748","11092","41840"
"2020-05-17 15:13","ZooKeeper.java","271707","188563","460270"
"2017-01-09 22:49","ZooKeeper.java","59710","19224","78934"
"2019-03-12 19:08","ZooKeeper.java","236456","187134","423590"
"2014-07-22 06:51","ZooKeeper.java","35362","11508","46870"
"2014-04-29 02:23","ZooKeeper.java","26547","9993","36540"
"2019-10-10 14:37","SyncCallTest.java","3934","3093","7027"
"2019-12-03 19:12","SnapStream.java","8994","6132","15126"
"2017-02-12 00:34","StandaloneTest.java","3319","4527","7846"
"2019-08-17 17:13","StandaloneTest.java","255292","225011","480303"
"2019-05-14 17:11","SyncRequestProcessor.java","241653","187414","429067"
"2019-06-05 00:46","SyncRequestProcessor.java","242845","187413","430258"
"2019-05-22 11:39","SyncRequestProcessor.java","242186","187414","429600"
"2013-09-30 22:20","SyncRequestProcessor.java","46481","26548","73029"
"2019-06-03 19:40","SyncRequestProcessor.java","242316","187413","429729"
"2019-08-17 17:13","SyncRequestProcessor.java","256985","187413","444398"
"2019-10-10 14:37","SyncRequestProcessor.java","260738","187413","448151"
"2013-10-24 20:41","SyncRequestProcessor.java","50332","26885","77217"
"2020-01-07 20:39","SyncRequestProcessor.java","267111","188486","455597"
"2020-03-25 03:38","SyncRequestProcessor.java","270843","188486","459329"
"2015-03-08 23:07","SyncRequestProcessor.java","75362","34138","109500"
"2011-04-12 09:14","SyncRequestProcessor.java","5707","14662","20369"
"2019-04-30 18:08","SyncRequestProcessor.java","240822","187414","428236"
"2019-04-12 19:01","ServerStats.java","236618","231249","467867"
"2019-01-07 14:39","ServerStats.java","229538","231137","460675"
"2018-09-18 01:00","ServerStats.java","106205","100662","206867"
"2019-08-17 17:13","ServerStats.java","254848","231286","486134"
"2018-07-12 01:33","ServerStats.java","11401","10932","22333"
"2019-08-17 17:13","WatchEventWhenAutoResetTest.java","71003","69284","140287"
"2019-10-10 14:37","SaslAuthFailDesignatedClientTest.java","259640","220587","480227"
"2019-08-17 17:13","SaslAuthFailDesignatedClientTest.java","255887","220587","476474"
"2015-07-07 07:11","OSMXBeanTest.java","49885","14809","64694"
"2019-10-10 14:37","OSMXBeanTest.java","260217","184336","444553"
"2019-08-17 17:13","OSMXBeanTest.java","256464","184336","440800"
"2019-08-17 17:13","Summary.java","212928","192100","405028"
"2019-08-17 17:13","ClientWatchManager.java","256904","174609","431513"
"2018-11-17 18:33","ServerCnxn.java","133712","150192","283904"
"2019-01-14 19:38","ServerCnxn.java","147211","156474","303685"
"2019-04-12 19:01","ServerCnxn.java","154074","156822","310896"
"2019-07-08 23:26","ServerCnxn.java","162323","158102","320425"
"2019-08-17 17:13","ServerCnxn.java","174218","158773","332991"
"2019-07-03 00:44","ServerCnxn.java","161560","158102","319662"
"2019-11-18 09:05","ServerCnxn.java","180358","161769","342127"
"2020-02-26 22:41","ServerCnxn.java","188217","162118","350335"
"2019-11-11 13:59","ServerCnxn.java","182684","159829","342513"
"2018-10-16 16:22","QuorumPeerConfig.java","219565","199067","418632"
"2018-12-09 03:16","QuorumPeerConfig.java","226665","231906","458571"
"2019-04-12 19:01","QuorumPeerConfig.java","235932","232024","467956"
"2018-09-11 15:23","QuorumPeerConfig.java","91606","88779","180385"
"2018-12-15 07:34","QuorumPeerConfig.java","226580","231906","458486"
"2019-02-13 13:12","QuorumPeerConfig.java","232989","231942","464931"
"2019-08-17 17:13","QuorumPeerConfig.java","254163","232062","486225"
"2019-06-05 00:29","QuorumPeerConfig.java","239829","232061","471890"
"2020-01-09 11:27","QuorumPeerConfig.java","264206","234002","498208"
"2019-07-12 17:01","QuorumPeerConfig.java","249476","232062","481538"
"2019-05-15 11:56","QuorumPeerConfig.java","238896","232041","470937"
"2018-10-01 06:11","QuorumPeerConfig.java","96297","89636","185933"
"2020-01-23 13:43","QuorumPeerConfig.java","266030","234002","500032"
"2019-10-10 14:37","QuorumPeerConfig.java","257917","232063","489980"
"2019-04-18 19:17","QuorumPeerConfig.java","236642","232024","468666"
"2020-02-16 10:25","QuorumPeerConfig.java","266743","234002","500745"
"2020-05-14 18:18","QuorumPeerConfig.java","270061","234095","504156"
"2019-11-29 14:49","QuorumCnxManager.java","264022","222657","486679"
"2018-07-11 06:04","QuorumCnxManager.java","32215","20669","52884"
"2018-08-06 14:11","QuorumCnxManager.java","44682","31363","76045"
"2018-10-16 16:22","QuorumCnxManager.java","232847","199642","432489"
"2019-06-14 09:06","QuorumCnxManager.java","243884","221078","464962"
"2019-08-03 08:42","QuorumCnxManager.java","256595","221079","477674"
"2019-11-13 20:41","QuorumCnxManager.java","263654","221127","484781"
"2019-04-09 16:08","QuorumCnxManager.java","236649","220985","457634"
"2019-08-06 12:52","QuorumCnxManager.java","256860","221079","477939"
"2017-02-09 11:40","QuorumCnxManager.java","9376","2807","12183"
"2019-05-20 23:13","QuorumCnxManager.java","240741","221061","461802"
"2017-08-23 02:16","QuorumCnxManager.java","12908","9035","21943"
"2019-07-27 20:04","QuorumCnxManager.java","252418","221079","473497"
"2020-03-12 14:47","QuorumCnxManager.java","269410","222659","492069"
"2019-08-17 17:13","QuorumCnxManager.java","255887","221079","476966"
"2017-11-28 00:10","QuorumCnxManager.java","17490","9697","27187"
"2019-10-10 14:37","QuorumCnxManager.java","259640","221079","480719"
"2017-06-09 18:37","QuorumCnxManager.java","10812","7235","18047"
"2020-01-23 13:43","QuorumCnxManager.java","267394","222659","490053"
"2019-11-28 12:24","QuorumCnxManager.java","262371","222657","485028"
"2020-03-23 16:20","QuorumCnxManager.java","269581","222659","492240"
"2020-02-16 10:25","QuorumCnxManager.java","268107","222659","490766"
"2018-07-27 12:32","QuorumCnxManager.java","43858","31151","75009"
"2019-10-10 14:37","LearnerHandler.java","258833","228065","486898"
"2019-07-03 20:54","LearnerHandler.java","243072","228063","471135"
"2018-09-18 01:00","LearnerHandler.java","110256","101260","211516"
"2018-08-03 18:52","LearnerHandler.java","27974","22554","50528"
"2018-12-09 03:16","LearnerHandler.java","227596","227923","455519"
"2019-04-12 19:01","LearnerHandler.java","236849","228027","464876"
"2019-06-29 00:33","LearnerHandler.java","243065","228063","471128"
"2019-07-25 21:41","LearnerHandler.java","251562","228064","479626"
"2019-08-23 19:43","LearnerHandler.java","255745","228064","483809"
"2019-08-17 17:13","LearnerHandler.java","255079","228064","483143"
"2019-05-06 17:48","LearnerHandler.java","239372","228044","467416"
"2019-08-03 08:42","LearnerHandler.java","255787","228064","483851"
"2019-04-22 19:15","LearnerHandler.java","237824","228027","465851"
"2019-01-22 06:43","WriteLock.java","233581","112936","346517"
"2019-08-03 08:42","WriteLock.java","258266","112979","371245"
"2019-10-10 14:37","WriteLock.java","261311","112979","374290"
"2019-08-27 09:23","WriteLock.java","258151","112979","371130"
"2011-04-12 09:14","WriteLock.java","83817","17765","101582"
"2017-02-12 00:34","StandaloneTest.java","25085","12116","37201"
"2016-11-13 20:59","StandaloneTest.java","22390","8213","30603"
"2019-08-17 17:13","StandaloneTest.java","256128","211670","467798"
"2019-08-17 17:13","EagerACLFilterTest.java","24433","25104","49537"
"2019-12-27 22:33","FileTxnSnapLog.java","61695","38005","99700"
"2019-10-10 14:37","FileTxnSnapLog.java","50860","32095","82955"
"2019-12-13 08:51","FileTxnSnapLog.java","59607","37880","97487"
"2020-01-23 16:46","FileTxnSnapLog.java","64285","39346","103631"
"2020-01-28 17:26","FileTxnSnapLog.java","64832","39422","104254"
"2019-09-02 08:23","FileTxnSnapLog.java","46504","30835","77339"
"2019-07-31 19:06","FileTxnSnapLog.java","21141","6822","27963"
"2020-01-30 09:43","FileTxnSnapLog.java","64932","39446","104378"
"2019-05-27 10:54","FileTxnSnapLog.java","348","16","364"
"2019-08-17 17:13","FileTxnSnapLog.java","44724","29712","74436"
"2019-08-17 17:13","ReconfigDuringLeaderSyncTest.java","255250","223711","478961"
"2020-01-25 18:48","ReconfigDuringLeaderSyncTest.java","266994","225338","492332"
"2016-07-27 01:33","StatCommand.java","61514","17918","79432"
"2016-12-22 23:23","StatCommand.java","67823","19226","87049"
"2017-05-27 00:52","StatCommand.java","68500","22228","90728"
"2018-02-07 01:05","StatCommand.java","75313","23843","99156"
"2018-07-12 01:33","StatCommand.java","86598","32061","118659"
"2015-06-28 21:09","StatCommand.java","54784","14384","69168"
"2019-08-17 17:13","StatCommand.java","256502","178872","435374"
"2020-03-26 18:41","ZooKeeperMain.java","270511","194735","465246"
"2016-10-16 14:21","ZooKeeperMain.java","48071","17569","65640"
"2020-04-01 17:02","ZooKeeperMain.java","270835","194735","465570"
"2013-10-01 23:18","ZooKeeperMain.java","987","227","1214"
"2019-10-10 14:37","ZooKeeperMain.java","260130","193389","453519"
"2015-11-22 00:33","ZooKeeperMain.java","40733","13304","54037"
"2020-03-26 22:19","ZooKeeperMain.java","270580","194735","465315"
"2015-11-08 22:54","ZooKeeperMain.java","40315","13179","53494"
"2016-07-27 01:33","ZooKeeperMain.java","45847","16893","62740"
"2014-04-04 00:39","ZooKeeperMain.java","10097","1518","11615"
"2019-11-28 12:24","ZooKeeperMain.java","262629","194735","457364"
"2016-11-13 20:59","ZooKeeperMain.java","50412","17705","68117"
"2019-08-03 08:42","ZooKeeperMain.java","257085","193389","450474"
"2017-07-28 00:36","ZooKeeperMain.java","54662","23109","77771"
"2016-05-02 18:15","ZooKeeperMain.java","44158","16470","60628"
"2015-03-28 20:08","ZooKeeperMain.java","35436","11378","46814"
"2019-08-17 17:13","ZooKeeperMain.java","256377","193389","449766"
"2018-08-06 14:11","ZooKeeperMain.java","84408","42909","127317"
"2015-12-06 21:37","ZooKeeperServerBean.java","7320","2906","10226"
"2015-12-07 06:26","ZooKeeperServerBean.java","7650","2910","10560"
"2020-03-25 03:38","ZooKeeperServerBean.java","270322","217618","487940"
"2019-11-14 03:54","ZooKeeperServerBean.java","264121","216193","480314"
"2019-09-16 23:26","ZooKeeperServerBean.java","259102","216164","475266"
"2018-06-08 16:52","ZooKeeperServerBean.java","32695","16338","49033"
"2020-04-30 18:53","ZooKeeperServerBean.java","271222","217618","488840"
"2019-01-23 14:00","ZooKeeperServerBean.java","232700","216054","448754"
"2019-07-08 23:26","ZooKeeperServerBean.java","244858","216163","461021"
"2015-07-10 08:19","ZooKeeperServerBean.java","5535","2521","8056"
"2017-04-28 07:14","ZooKeeperServerBean.java","21267","11938","33205"
"2019-01-14 19:38","ZooKeeperServerBean.java","231264","216053","447317"
"2019-01-07 14:39","ZooKeeperServerBean.java","230811","216053","446864"
"2019-08-17 17:13","ZooKeeperServerBean.java","256083","216164","472247"
"2018-02-07 01:05","ZooKeeperServerBean.java","29634","15875","45509"
"2018-07-12 01:33","ZooKeeperServerBean.java","42417","25591","68008"
"2019-05-22 11:39","ZooKeeperServerBean.java","241266","216147","457413"
"2019-07-30 02:31","ZooKeeperServerBean.java","254004","216164","470168"
"2019-08-27 09:23","ZooKeeperOperation.java","258151","112979","371130"
"2015-10-18 19:00","QuorumPeer.java","31365","12486","43851"
"2018-12-20 15:13","QuorumPeer.java","229754","201147","430901"
"2019-05-16 16:25","QuorumPeer.java","241074","201238","442312"
"2018-10-16 16:22","QuorumPeer.java","235185","181751","416936"
"2019-06-14 09:06","QuorumPeer.java","244289","201254","445543"
"2018-12-07 12:41","QuorumPeer.java","226767","201146","427913"
"2019-03-11 19:47","QuorumPeer.java","236201","201166","437367"
"2014-07-18 02:19","QuorumPeer.java","18209","9064","27273"
"2019-02-13 13:12","QuorumPeer.java","235150","201167","436317"
"2019-04-12 19:01","QuorumPeer.java","238082","201238","439320"
"2018-12-09 03:16","QuorumPeer.java","228841","201146","429987"
"2018-09-11 15:23","QuorumPeer.java","147895","112132","260027"
"2019-11-29 14:49","QuorumPeer.java","264266","202672","466938"
"2018-12-15 07:34","QuorumPeer.java","228756","201146","429902"
"2018-11-27 10:02","QuorumPeer.java","226517","201146","427663"
"2018-09-18 01:00","QuorumPeer.java","149226","112208","261434"
"2019-06-03 19:40","QuorumPeer.java","241622","201254","442876"
"2019-07-15 14:15","QuorumPeer.java","251710","201254","452964"
"2015-03-17 18:06","QuorumPeer.java","25604","10486","36090"
"2019-07-03 00:44","QuorumPeer.java","244304","201254","445558"
"2019-08-17 17:13","QuorumPeer.java","256291","201254","457545"
"2015-06-27 02:03","QuorumPeer.java","29077","11270","40347"
"2017-11-28 00:10","QuorumPeer.java","51682","23660","75342"
"2014-06-04 22:07","QuorumPeer.java","11058","7713","18771"
"2018-01-30 08:02","QuorumPeer.java","52238","24063","76301"
"2019-05-15 11:56","QuorumPeer.java","241029","201238","442267"
"2019-06-05 00:33","QuorumPeer.java","242012","201254","443266"
"2019-05-20 23:13","QuorumPeer.java","241147","201238","442385"
"2019-06-04 10:55","QuorumPeer.java","241775","201254","443029"
"2019-07-12 17:01","QuorumPeer.java","251604","201254","452858"
"2020-01-09 11:27","QuorumPeer.java","265812","202672","468484"
"2017-02-09 11:40","QuorumPeer.java","44958","18160","63118"
"2017-07-06 18:48","QuorumPeer.java","46478","21994","68472"
"2018-10-01 06:11","QuorumPeer.java","151976","112379","264355"
"2015-04-09 20:16","QuorumPeer.java","26709","10528","37237"
"2018-07-04 17:11","QuorumPeer.java","64196","32460","96656"
"2019-12-17 13:48","QuorumPeer.java","264838","202672","467510"
"2015-12-07 05:59","QuorumPeer.java","32412","12775","45187"
"2020-01-23 13:43","QuorumPeer.java","267636","202672","470308"
"2016-06-23 23:45","QuorumPeer.java","36804","16097","52901"
"2016-06-23 23:25","QuorumPeer.java","36665","16066","52731"
"2014-07-18 20:48","QuorumPeer.java","18888","9284","28172"
"2014-07-04 04:19","QuorumPeer.java","12863","7875","20738"
"2018-12-06 10:56","QuorumPeer.java","226711","201146","427857"
"2014-06-25 15:04","QuorumPeer.java","11582","7740","19322"
"2014-03-28 01:58","QuorumPeer.java","194","12","206"
"2019-10-10 14:37","QuorumPeer.java","260044","201254","461298"
"2017-07-27 23:09","QuorumPeer.java","46490","22992","69482"
"2014-05-18 05:49","QuorumPeer.java","10481","7625","18106"
"2018-06-26 11:18","QuorumPeer.java","56165","24447","80612"
"2018-07-27 12:32","QuorumPeer.java","75828","42892","118720"
"2019-04-18 19:17","QuorumPeer.java","238792","201238","440030"
"2016-12-20 14:47","QuorumPeer.java","43599","17936","61535"
"2017-05-11 16:59","QuorumPeer.java","45283","21666","66949"
"2014-07-03 06:01","QuorumPeer.java","12351","7785","20136"
"2014-08-14 08:08","QuorumPeer.java","20210","9745","29955"
"2014-08-01 07:38","QuorumPeer.java","19693","9649","29342"
"2014-07-20 04:50","QuorumPeer.java","18989","9323","28312"
"2016-06-02 00:59","QuorumPeer.java","36262","16032","52294"
"2020-02-16 10:25","QuorumPeer.java","268349","202672","471021"
"2019-08-17 17:13","ClientPortBindTest.java","256292","198547","454839"
"2017-01-14 06:32","ClientPortBindTest.java","47400","18182","65582"
"2018-10-08 14:33","ClientPortBindTest.java","232226","179041","411267"
"2016-08-24 01:36","ClientPortBindTest.java","40970","17092","58062"
"2016-07-30 01:02","ClientPortBindTest.java","40465","16821","57286"
"2019-10-10 14:37","ClientPortBindTest.java","260045","198547","458592"
"2018-11-17 18:33","ServerCnxn.java","224918","179135","404053"
"2019-01-14 19:38","ServerCnxn.java","232136","179136","411272"
"2019-04-12 19:01","ServerCnxn.java","238718","179203","417921"
"2011-08-19 00:05","ServerCnxn.java","12149","1545","13694"
"2014-07-18 02:19","ServerCnxn.java","65036","20532","85568"
"2018-09-18 01:00","ServerCnxn.java","179643","107266","286909"
"2019-07-08 23:26","ServerCnxn.java","245686","179202","424888"
"2016-11-16 06:21","ServerCnxn.java","85290","24628","109918"
"2019-08-17 17:13","ServerCnxn.java","256910","179202","436112"
"2019-07-03 00:44","ServerCnxn.java","244923","179202","424125"
"2015-03-28 20:08","ServerCnxn.java","72487","21021","93508"
"2015-06-28 21:09","ServerCnxn.java","75327","22161","97488"
"2018-07-12 01:33","ServerCnxn.java","103351","36048","139399"
"2018-08-08 06:21","ServerCnxn.java","155858","86587","242445"
"2017-11-28 00:10","ServerCnxn.java","91365","27984","119349"
"2019-11-18 09:05","ServerCnxn.java","261148","180296","441444"
"2020-02-26 22:41","ServerCnxn.java","268658","180296","448954"
"2018-09-28 23:38","ServerCnxn.java","182372","107421","289793"
"2011-08-11 08:00","ServerCnxn.java","9611","1436","11047"
"2019-11-11 13:59","ServerCnxn.java","264320","179202","443522"
"2010-03-31 06:26","WatcherFuncTest.java","122885","11761","134646"
"2009-04-17 00:59","WatcherFuncTest.java","56535","8687","65222"
"2019-08-17 17:13","WatcherFuncTest.java","257842","57679","315521"
"2009-07-17 00:09","WatcherFuncTest.java","94241","9494","103735"
"2020-03-26 22:20","InstanceContainer.java","269891","225979","495870"
"2019-08-17 17:13","InstanceContainer.java","255186","224314","479500"
"2018-08-06 14:11","InstanceContainer.java","32416","23033","55449"
"2019-08-17 17:13","QuorumRequestPipelineTest.java","256150","210485","466635"
"2017-09-11 18:55","QuorumRequestPipelineTest.java","30690","15897","46587"
"2015-07-07 07:11","QuorumRequestPipelineTest.java","12398","3785","16183"
"2019-10-10 14:37","FilePadding.java","258764","229915","488679"
"2018-04-27 20:28","FilePadding.java","295","208","503"
"2019-08-17 17:13","FilePadding.java","255010","229914","484924"
"2019-06-03 19:40","FilePadding.java","240340","229913","470253"
"2016-11-24 17:18","QuorumHierarchical.java","149912","26765","176677"
"2013-03-07 07:01","QuorumHierarchical.java","110655","22438","133093"
"2018-11-17 18:37","QuorumHierarchical.java","225590","113802","339392"
"2012-04-23 01:20","QuorumHierarchical.java","97889","21510","119399"
"2019-08-03 08:42","QuorumHierarchical.java","258266","113845","372111"
"2009-08-04 00:28","QuorumHierarchical.java","33461","4875","38336"
"2019-08-17 17:13","QuorumHierarchical.java","257558","113845","371403"
"2019-10-10 14:37","QuorumHierarchical.java","261311","113845","375156"
"2009-08-11 23:09","QuorumHierarchical.java","34986","5062","40048"
"2011-04-12 09:14","QuorumHierarchical.java","83159","17973","101132"
"2019-04-12 19:01","WatchManager.java","154074","156822","310896"
"2019-03-05 00:04","WatchManager.java","151785","156632","308417"
"2019-11-08 17:30","WatchManager.java","180888","159829","340717"
"2019-08-17 17:13","WatchManager.java","174218","158773","332991"
"2019-10-10 14:37","Login.java","258833","228065","486898"
"2019-11-11 13:59","Login.java","262538","228113","490651"
"2019-08-17 17:13","Login.java","255079","228064","483143"
"2019-08-03 08:42","Login.java","255787","228064","483851"
"2014-08-14 08:08","QuorumPeerTestBase.java","2073","753","2826"
"2014-07-26 04:11","QuorumPeerTestBase.java","1357","601","1958"
"2016-11-03 16:07","QuorumPeerTestBase.java","22744","8802","31546"
"2019-12-27 22:33","QuorumPeerTestBase.java","266269","211699","477968"
"2019-10-10 14:37","QuorumPeerTestBase.java","259904","210259","470163"
"2016-06-23 23:25","QuorumPeerTestBase.java","19174","7720","26894"
"2014-08-19 22:50","QuorumPeerTestBase.java","2281","847","3128"
"2019-07-12 17:01","QuorumPeerTestBase.java","251464","210259","461723"
"2017-01-13 19:29","QuorumPeerTestBase.java","27273","9913","37186"
"2015-03-17 18:06","QuorumPeerTestBase.java","7608","1635","9243"
"2019-08-17 17:13","QuorumPeerTestBase.java","256151","210259","466410"
"2017-11-28 00:10","QuorumPeerTestBase.java","35212","16335","51547"
"2017-12-16 01:25","QuorumPeerTestBase.java","35609","16688","52297"
"2018-10-12 10:25","QuorumPeerTestBase.java","231816","190489","422305"
"2010-03-13 01:06","FLENewEpochTest.java","76470","12663","89133"
"2019-10-10 14:37","FLENewEpochTest.java","261349","104503","365852"
"2011-04-12 09:14","FLENewEpochTest.java","92490","17924","110414"
"2010-03-31 06:26","FLENewEpochTest.java","77601","13547","91148"
"2009-07-17 00:09","FLENewEpochTest.java","43276","5599","48875"
"2019-08-17 17:13","FLENewEpochTest.java","257596","104503","362099"
"2009-06-18 18:37","FLENewEpochTest.java","33314","3728","37042"
"2019-08-17 17:13","QuorumPeerConfig.java","47204","29721","76925"
"2019-06-05 00:29","QuorumPeerConfig.java","4149","999","5148"
"2020-01-09 11:27","QuorumPeerConfig.java","64253","38667","102920"
"2019-07-12 17:01","QuorumPeerConfig.java","18222","5426","23648"
"2019-05-15 11:56","QuorumPeerConfig.java","2710","473","3183"
"2020-01-23 13:43","QuorumPeerConfig.java","66474","39064","105538"
"2019-10-10 14:37","QuorumPeerConfig.java","53072","31836","84908"
"2020-02-16 10:25","QuorumPeerConfig.java","67319","39196","106515"
"2020-05-14 18:18","QuorumPeerConfig.java","74210","42862","117072"
"2020-03-22 14:47","ZKUtil.java","70414","39251","109665"
"2019-11-11 13:59","ZKUtil.java","58660","32107","90767"
"2019-08-03 08:42","ZKUtil.java","27789","7938","35727"
"2019-06-06 00:01","ZKUtil.java","6670","1390","8060"
"2019-08-17 17:13","ZKUtil.java","48965","29822","78787"
"2019-12-27 22:33","FileTxnLog.java","18682","10004","28686"
"2019-10-10 14:37","FileTxnLog.java","7470","3717","11187"
"2020-01-28 17:26","FileTxnLog.java","22260","11862","34122"
"2020-03-22 14:47","ZKUtil.java","46708","35396","82104"
"2019-11-11 13:59","ZKUtil.java","34550","27848","62398"
"2019-08-17 17:13","ZKUtil.java","24190","24898","49088"
"2020-01-20 08:39","ZKConfig.java","19372","11472","30844"
"2020-01-20 09:06","ZKConfig.java","19469","11473","30942"
"2019-10-10 14:37","ZKConfig.java","7470","3717","11187"
"2019-11-08 17:30","ZooKeeper.java","59385","32466","91851"
"2019-08-17 17:13","ZooKeeper.java","51536","30231","81767"
"2019-06-26 10:57","ZooKeeper.java","14383","5228","19611"
"2019-06-03 19:40","ZooKeeper.java","8458","1822","10280"
"2019-08-03 08:42","ZooKeeper.java","30563","8550","39113"
"2020-04-16 12:50","ZooKeeper.java","74952","40073","115025"
"2019-10-10 14:37","ZooKeeper.java","57370","32312","89682"
"2020-05-17 15:13","ZooKeeper.java","78568","43318","121886"
"2019-03-12 19:08","ZooKeeper.java","1985","557","2542"
"2019-10-10 14:37","ClientTest.java","261459","91004","352463"
"2009-09-16 02:09","ClientTest.java","63317","9616","72933"
"2019-12-28 16:17","ClientTest.java","266747","91460","358207"
"2009-10-31 00:09","ClientTest.java","66190","10509","76699"
"2009-11-07 01:48","ClientTest.java","66788","10702","77490"
"2010-01-05 18:32","ClientTest.java","76018","11287","87305"
"2010-03-09 03:09","ClientTest.java","88259","11820","100079"
"2014-07-25 01:31","ClientTest.java","149737","19978","169715"
"2009-05-14 22:15","ClientTest.java","46416","7636","54052"
"2009-01-31 00:01","ClientTest.java","13289","5169","18458"
"2017-01-09 22:49","ClientTest.java","168299","22097","190396"
"2010-09-15 07:51","ClientTest.java","138428","13128","151556"
"2011-04-12 09:14","ClientTest.java","102199","14024","116223"
"2014-07-08 20:18","ClientTest.java","145246","19874","165120"
"2017-05-01 17:19","ClientTest.java","166894","22548","189442"
"2018-11-22 17:56","ClientTest.java","226376","90977","317353"
"2013-01-25 02:17","ClientTest.java","123754","17881","141635"
"2017-06-30 22:43","ClientTest.java","166660","22793","189453"
"2009-06-25 00:59","ClientTest.java","58941","8874","67815"
"2019-03-06 03:32","ClientTest.java","237470","90983","328453"
"2012-12-11 08:42","ClientTest.java","121066","17453","138519"
"2012-10-31 19:38","ClientTest.java","118076","17290","135366"
"2009-04-09 23:02","ClientTest.java","20855","6856","27711"
"2009-06-18 18:37","ClientTest.java","51506","8311","59817"
"2019-08-17 17:13","ClientTest.java","257706","91004","348710"
"2015-10-18 19:00","QuorumPeer.java","77387","22330","99717"
"2018-12-20 15:13","QuorumPeer.java","230436","178339","408775"
"2019-05-16 16:25","QuorumPeer.java","241732","178406","420138"
"2018-10-16 16:22","QuorumPeer.java","236761","147149","383910"
"2019-06-14 09:06","QuorumPeer.java","244930","178405","423335"
"2018-12-07 12:41","QuorumPeer.java","227450","178339","405789"
"2012-04-23 01:20","QuorumPeer.java","25525","10791","36316"
"2012-07-17 23:19","QuorumPeer.java","26328","10822","37150"
"2019-03-11 19:47","QuorumPeer.java","236878","178353","415231"
"2012-02-27 03:41","QuorumPeer.java","21004","8355","29359"
"2014-07-18 02:19","QuorumPeer.java","65966","20643","86609"
"2019-02-13 13:12","QuorumPeer.java","235825","178352","414177"
"2011-04-29 18:12","QuorumPeer.java","453","118","571"
"2019-04-12 19:01","QuorumPeer.java","238740","178406","417146"
"2018-12-09 03:16","QuorumPeer.java","229524","178339","407863"
"2018-09-11 15:23","QuorumPeer.java","179103","107162","286265"
"2019-11-29 14:49","QuorumPeer.java","264583","179499","444082"
"2013-03-07 07:01","QuorumPeer.java","39549","12977","52526"
"2018-12-15 07:34","QuorumPeer.java","229439","178339","407778"
"2018-11-27 10:02","QuorumPeer.java","227200","178339","405539"
"2018-09-18 01:00","QuorumPeer.java","180418","107222","287640"
"2012-02-06 09:40","QuorumPeer.java","20421","8013","28434"
"2019-06-03 19:40","QuorumPeer.java","242263","178405","420668"
"2019-07-15 14:15","QuorumPeer.java","252351","178405","430756"
"2015-03-17 18:06","QuorumPeer.java","72397","21101","93498"
"2019-07-03 00:44","QuorumPeer.java","244945","178405","423350"
"2019-08-17 17:13","QuorumPeer.java","256932","178405","435337"
"2015-06-27 02:03","QuorumPeer.java","75342","21357","96699"
"2017-11-28 00:10","QuorumPeer.java","92166","27966","120132"
"2014-01-21 04:50","QuorumPeer.java","47475","13753","61228"
"2014-06-04 22:07","QuorumPeer.java","59524","20001","79525"
"2018-01-30 08:02","QuorumPeer.java","92457","28104","120561"
"2019-05-15 11:56","QuorumPeer.java","241687","178406","420093"
"2019-06-05 00:33","QuorumPeer.java","242653","178405","421058"
"2019-05-20 23:13","QuorumPeer.java","241805","178406","420211"
"2019-06-04 10:55","QuorumPeer.java","242416","178405","420821"
"2019-07-12 17:01","QuorumPeer.java","252245","178405","430650"
"2020-01-09 11:27","QuorumPeer.java","266129","179499","445628"
"2017-02-09 11:40","QuorumPeer.java","88227","25251","113478"
"2011-06-14 07:14","QuorumPeer.java","2489","539","3028"
"2017-07-06 18:48","QuorumPeer.java","88298","27636","115934"
"2018-10-01 06:11","QuorumPeer.java","183152","107377","290529"
"2015-04-09 20:16","QuorumPeer.java","73473","21114","94587"
"2013-10-07 21:08","QuorumPeer.java","42799","13411","56210"
"2013-09-30 22:20","QuorumPeer.java","42226","13269","55495"
"2018-07-04 17:11","QuorumPeer.java","103820","35906","139726"
"2019-12-17 13:48","QuorumPeer.java","265155","179499","444654"
"2015-12-07 05:59","QuorumPeer.java","78289","22474","100763"
"2020-01-23 13:43","QuorumPeer.java","267953","179499","447452"
"2016-06-23 23:45","QuorumPeer.java","80978","24093","105071"
"2011-05-03 19:57","QuorumPeer.java","459","120","579"
"2016-06-23 23:25","QuorumPeer.java","80871","24094","104965"
"2014-03-23 04:12","QuorumPeer.java","49887","13945","63832"
"2013-09-26 00:13","QuorumPeer.java","41963","13250","55213"
"2011-06-17 01:34","QuorumPeer.java","2643","622","3265"
"2011-06-14 14:11","QuorumPeer.java","2517","540","3057"
"2014-07-18 20:48","QuorumPeer.java","66460","20678","87138"
"2014-07-04 04:19","QuorumPeer.java","61194","20028","81222"
"2018-12-06 10:56","QuorumPeer.java","227394","178339","405733"
"2014-06-25 15:04","QuorumPeer.java","60026","20006","80032"
"2014-03-28 01:58","QuorumPeer.java","50318","13958","64276"
"2013-10-21 23:36","QuorumPeer.java","45730","13600","59330"
"2019-10-10 14:37","QuorumPeer.java","260685","178405","439090"
"2013-11-07 06:41","QuorumPeer.java","46186","13625","59811"
"2017-07-27 23:09","QuorumPeer.java","87320","27644","114964"
"2014-05-18 05:49","QuorumPeer.java","59020","19986","79006"
"2011-10-25 08:09","QuorumPeer.java","16828","6924","23752"
"2014-03-25 22:13","QuorumPeer.java","50133","13955","64088"
"2011-11-01 08:15","QuorumPeer.java","17222","7129","24351"
"2018-06-26 11:18","QuorumPeer.java","96234","28338","124572"
"2018-07-27 12:32","QuorumPeer.java","114346","45232","159578"
"2019-04-18 19:17","QuorumPeer.java","239450","178406","417856"
"2011-10-27 23:25","QuorumPeer.java","17066","7002","24068"
"2011-08-30 08:37","QuorumPeer.java","14607","1817","16424"
"2011-08-30 08:29","QuorumPeer.java","14589","1811","16400"
"2013-10-09 22:21","QuorumPeer.java","45363","13596","58959"
"2016-12-20 14:47","QuorumPeer.java","86988","25147","112135"
"2011-05-20 01:17","QuorumPeer.java","1007","188","1195"
"2017-05-11 16:59","QuorumPeer.java","87357","27562","114919"
"2014-07-03 06:01","QuorumPeer.java","60771","20027","80798"
"2014-08-14 08:08","QuorumPeer.java","67408","20765","88173"
"2014-08-01 07:38","QuorumPeer.java","66988","20766","87754"
"2014-07-20 04:50","QuorumPeer.java","66544","20700","87244"
"2016-06-02 00:59","QuorumPeer.java","80489","24081","104570"
"2020-02-16 10:25","QuorumPeer.java","268666","179499","448165"
"2019-08-17 17:13","QuorumPeerConfigTest.java","255921","219766","475687"
"2018-07-04 17:11","QuorumPeerConfigTest.java","36425","23571","59996"
"2018-09-22 06:43","QuorumPeerConfigTest.java","129133","110963","240096"
"2018-10-16 16:22","QuorumPeerConfigTest.java","233382","198830","432212"
"2018-12-15 07:34","QuorumPeerConfigTest.java","228381","219653","448034"
"2019-04-18 19:17","QuorumPeerConfigTest.java","238420","219748","458168"
"2020-05-14 18:18","QuorumPeerConfigTest.java","271369","221349","492718"
"2016-06-23 19:42","QuorumPeerConfigTest.java","5399","3957","9356"
"2019-06-07 14:13","SessionTest.java","242396","198547","440943"
"2019-08-17 17:13","SessionTest.java","256292","198547","454839"
"2017-09-11 18:55","SessionTest.java","50157","23284","73441"
"2018-09-22 06:48","SessionTest.java","151972","112177","264149"
"2019-10-10 14:37","SessionTest.java","260045","198547","458592"
"2015-07-07 07:11","SessionTest.java","33362","12669","46031"
"2019-12-28 16:17","SessionTest.java","266294","199964","466258"
"2010-03-11 04:17","NIOServerCnxn.java","48772","13881","62653"
"2011-05-03 23:29","NIOServerCnxn.java","68962","22567","91529"
"2009-11-07 01:48","NIOServerCnxn.java","20076","6114","26190"
"2009-12-03 23:30","NIOServerCnxn.java","28613","6695","35308"
"2010-01-26 01:17","NIOServerCnxn.java","33728","7846","41574"
"2009-11-12 20:53","NIOServerCnxn.java","20768","6219","26987"
"2019-11-21 05:58","NIOServerCnxn.java","261306","133561","394867"
"2015-11-08 22:36","NIOServerCnxn.java","127969","30103","158072"
"2019-11-18 09:05","NIOServerCnxn.java","261283","133561","394844"
"2013-09-10 00:37","NIOServerCnxn.java","98423","27497","125920"
"2019-09-16 23:26","NIOServerCnxn.java","260519","132922","393441"
"2019-10-10 14:37","NIOServerCnxn.java","261253","132922","394175"
"2013-10-05 00:57","NIOServerCnxn.java","99311","27631","126942"
"2018-09-28 23:38","NIOServerCnxn.java","202934","84591","287525"
"2010-08-18 08:24","NIOServerCnxn.java","73137","18131","91268"
"2010-05-04 23:45","NIOServerCnxn.java","52485","17193","69678"
"2010-03-09 03:00","NIOServerCnxn.java","48012","13741","61753"
"2020-02-11 06:50","NIOServerCnxn.java","268658","133561","402219"
"2019-01-23 14:00","NIOServerCnxn.java","234183","132878","367061"
"2019-07-08 23:26","NIOServerCnxn.java","246276","132922","379198"
"2019-04-12 19:01","NIOServerCnxn.java","239307","132922","372229"
"2019-01-14 19:38","NIOServerCnxn.java","232748","132878","365626"
"2018-11-17 18:33","NIOServerCnxn.java","225531","132878","358409"
"2017-03-04 19:22","NIOServerCnxn.java","135797","33032","168829"
"2011-08-19 00:05","NIOServerCnxn.java","75174","21178","96352"
"2013-12-11 19:22","NIOServerCnxn.java","103488","27754","131242"
"2012-02-11 00:34","NIOServerCnxn.java","81186","26019","107205"
"2016-12-22 23:23","NIOServerCnxn.java","137035","32280","169315"
"2018-09-18 01:00","NIOServerCnxn.java","200266","84497","284763"
"2019-08-17 17:13","NIOServerCnxn.java","257500","132922","390422"
"2015-06-28 21:09","NIOServerCnxn.java","126568","30010","156578"
"2015-03-28 20:08","NIOServerCnxn.java","124754","29896","154650"
"2019-07-03 00:44","NIOServerCnxn.java","245513","132922","378435"
"2019-08-03 08:42","NIOServerCnxn.java","258208","132922","391130"
"2016-11-16 06:21","NIOServerCnxn.java","136111","32057","168168"
"2012-12-19 19:07","NIOServerCnxn.java","90689","26981","117670"
"2015-10-18 19:00","QuorumPeer.java","62491","17527","80018"
"2018-12-20 15:13","QuorumPeer.java","230152","175460","405612"
"2019-05-16 16:25","QuorumPeer.java","241458","175537","416995"
"2018-10-16 16:22","QuorumPeer.java","236173","156654","392827"
"2019-06-14 09:06","QuorumPeer.java","244657","175537","420194"
"2018-12-07 12:41","QuorumPeer.java","227166","175460","402626"
"2012-04-23 01:20","QuorumPeer.java","8851","4210","13061"
"2012-07-17 23:19","QuorumPeer.java","9676","4263","13939"
"2019-03-11 19:47","QuorumPeer.java","236599","175479","412078"
"2012-02-27 03:41","QuorumPeer.java","4192","1636","5828"
"2014-07-18 02:19","QuorumPeer.java","50771","15541","66312"
"2019-02-13 13:12","QuorumPeer.java","235548","175480","411028"
"2019-04-12 19:01","QuorumPeer.java","238466","175537","414003"
"2018-12-09 03:16","QuorumPeer.java","229240","175460","404700"
"2018-09-11 15:23","QuorumPeer.java","170533","108685","279218"
"2019-11-29 14:49","QuorumPeer.java","264521","176842","441363"
"2013-03-07 07:01","QuorumPeer.java","23936","7457","31393"
"2018-12-15 07:34","QuorumPeer.java","229155","175460","404615"
"2018-11-27 10:02","QuorumPeer.java","226916","175460","402376"
"2018-09-18 01:00","QuorumPeer.java","171848","108745","280593"
"2012-02-06 09:40","QuorumPeer.java","3567","1252","4819"
"2019-06-03 19:40","QuorumPeer.java","241990","175537","417527"
"2019-07-15 14:15","QuorumPeer.java","252078","175537","427615"
"2015-03-17 18:06","QuorumPeer.java","57353","16150","73503"
"2019-07-03 00:44","QuorumPeer.java","244672","175537","420209"
"2019-08-17 17:13","QuorumPeer.java","256659","175537","432196"
"2015-06-27 02:03","QuorumPeer.java","60340","16448","76788"
"2017-11-28 00:10","QuorumPeer.java","80035","25928","105963"
"2014-01-21 04:50","QuorumPeer.java","32097","8468","40565"
"2014-06-04 22:07","QuorumPeer.java","44233","14803","59036"
"2018-01-30 08:02","QuorumPeer.java","80480","26220","106700"
"2019-05-15 11:56","QuorumPeer.java","241413","175537","416950"
"2019-06-05 00:33","QuorumPeer.java","242380","175537","417917"
"2019-05-20 23:13","QuorumPeer.java","241531","175537","417068"
"2019-06-04 10:55","QuorumPeer.java","242143","175537","417680"
"2019-07-12 17:01","QuorumPeer.java","251972","175537","427509"
"2020-01-09 11:27","QuorumPeer.java","266067","176842","442909"
"2017-02-09 11:40","QuorumPeer.java","74890","22007","96897"
"2017-07-06 18:48","QuorumPeer.java","75533","24964","100497"
"2018-10-01 06:11","QuorumPeer.java","174590","108908","283498"
"2015-04-09 20:16","QuorumPeer.java","58432","16166","74598"
"2013-10-07 21:08","QuorumPeer.java","27354","8059","35413"
"2013-09-30 22:20","QuorumPeer.java","26775","7911","34686"
"2018-07-04 17:11","QuorumPeer.java","91972","34151","126123"
"2019-12-17 13:48","QuorumPeer.java","265093","176842","441935"
"2015-12-07 05:59","QuorumPeer.java","63483","17761","81244"
"2020-01-23 13:43","QuorumPeer.java","267891","176842","444733"
"2016-06-23 23:45","QuorumPeer.java","67350","20558","87908"
"2016-06-23 23:25","QuorumPeer.java","67243","20559","87802"
"2014-03-23 04:12","QuorumPeer.java","34585","8736","43321"
"2013-09-26 00:13","QuorumPeer.java","26511","7891","34402"
"2014-07-18 20:48","QuorumPeer.java","51266","15577","66843"
"2014-07-04 04:19","QuorumPeer.java","45920","14847","60767"
"2018-12-06 10:56","QuorumPeer.java","227110","175460","402570"
"2014-06-25 15:04","QuorumPeer.java","44738","14811","59549"
"2014-03-28 01:58","QuorumPeer.java","35018","8751","43769"
"2013-10-21 23:36","QuorumPeer.java","30290","8253","38543"
"2019-10-10 14:37","QuorumPeer.java","260412","175537","435949"
"2013-11-07 06:41","QuorumPeer.java","30792","8324","39116"
"2017-07-27 23:09","QuorumPeer.java","74995","25412","100407"
"2014-05-18 05:49","QuorumPeer.java","43728","14787","58515"
"2014-03-25 22:13","QuorumPeer.java","34833","8748","43581"
"2018-06-26 11:18","QuorumPeer.java","84308","26505","110813"
"2018-07-27 12:32","QuorumPeer.java","103512","44491","148003"
"2019-04-18 19:17","QuorumPeer.java","239176","175537","414713"
"2013-10-09 22:21","QuorumPeer.java","29917","8243","38160"
"2016-12-20 14:47","QuorumPeer.java","73642","21894","95536"
"2017-05-11 16:59","QuorumPeer.java","74430","24728","99158"
"2014-07-03 06:01","QuorumPeer.java","45490","14839","60329"
"2014-08-14 08:08","QuorumPeer.java","52254","15704","67958"
"2014-08-01 07:38","QuorumPeer.java","51832","15703","67535"
"2014-07-20 04:50","QuorumPeer.java","51358","15607","66965"
"2016-06-02 00:59","QuorumPeer.java","66855","20540","87395"
"2020-02-16 10:25","QuorumPeer.java","268604","176842","445446"
"2010-03-04 00:07","FileTxnLog.java","40708","13253","53961"
"2011-06-21 07:34","FileTxnLog.java","69405","22375","91780"
"2014-02-12 17:00","FileTxnLog.java","104617","27560","132177"
"2013-12-11 01:10","FileTxnLog.java","101654","27482","129136"
"2018-01-19 00:43","FileTxnLog.java","139277","33419","172696"
"2009-08-25 07:45","FileTxnLog.java","13394","3394","16788"
"2019-12-27 22:33","FileTxnLog.java","266817","134632","401449"
"2019-10-10 14:37","FileTxnLog.java","261253","133993","395246"
"2018-11-12 22:36","FileTxnLog.java","225548","133949","359497"
"2018-08-01 21:19","FileTxnLog.java","155926","45113","201039"
"2018-04-27 20:28","FileTxnLog.java","141227","33519","174746"
"2018-06-08 16:52","FileTxnLog.java","142683","33528","176211"
"2010-12-23 13:42","FileTxnLog.java","104005","18412","122417"
"2011-09-03 01:07","FileTxnLog.java","75868","20952","96820"
"2011-04-12 09:14","FileTxnLog.java","67194","22214","89408"
"2011-11-15 19:30","FileTxnLog.java","77718","25316","103034"
"2014-06-30 19:11","FileTxnLog.java","111186","29070","140256"
"2020-01-28 17:26","FileTxnLog.java","268537","134632","403169"
"2019-05-14 17:11","FileTxnLog.java","242167","133993","376160"
"2019-01-07 14:24","FileTxnLog.java","232286","133949","366235"
"2013-06-28 23:22","FileTxnLog.java","97168","27232","124400"
"2010-03-16 22:23","FileTxnLog.java","47740","13494","61234"
"2019-04-12 19:01","FileTxnLog.java","239307","133993","373300"
"2017-04-28 07:14","FileTxnLog.java","134964","32837","167801"
"2012-02-06 09:40","FileTxnLog.java","79457","25547","105004"
"2018-09-06 01:11","FileTxnLog.java","197570","85126","282696"
"2018-09-18 01:00","FileTxnLog.java","199870","85172","285042"
"2016-03-20 19:31","FileTxnLog.java","127256","30071","157327"
"2019-08-17 17:13","FileTxnLog.java","257500","133993","391493"
"2019-06-03 19:40","FileTxnLog.java","242831","133993","376824"
"2018-04-24 00:20","FileTxnLog.java","141105","33484","174589"
"2018-02-14 21:23","FileTxnLog.java","140194","33457","173651"
"2019-08-03 08:42","FileTxnLog.java","258208","133993","392201"
"2019-04-09 15:35","FileTxnLog.java","238321","133957","372278"
"2017-08-03 20:41","FileTxnLog.java","134572","33261","167833"
"2018-02-02 00:26","FileTxnLog.java","139286","33421","172707"
"2017-06-26 00:07","FileTxnLog.java","134874","33209","168083"
"2019-07-29 17:15","JCompType.java","254590","167551","422141"
"2011-09-28 16:46","ClientCnxnSocketNIO.java","19333","47645","66978"
"2011-05-20 01:17","ClientCnxnSocketNIO.java","4012","43191","47203"
"2011-09-28 22:17","ClientCnxnSocketNIO.java","19351","47653","67004"
"2011-11-02 22:53","ClientCnxnSocketNIO.java","19968","49630","69598"
"2019-10-10 14:37","ClientCnxnSocketNIO.java","260738","218456","479194"
"2011-07-15 06:10","ClientCnxnSocketNIO.java","10557","44217","54774"
"2012-10-31 18:24","ClientCnxnSocketNIO.java","30428","53356","83784"
"2014-12-20 15:29","ClientCnxnSocketNIO.java","73012","63142","136154"
"2019-04-09 15:35","ClientCnxnSocketNIO.java","237791","218405","456196"
"2019-08-03 08:42","ClientCnxnSocketNIO.java","257693","218456","476149"
"2014-07-17 22:56","ClientCnxnSocketNIO.java","65214","62656","127870"
"2019-08-17 17:13","ClientCnxnSocketNIO.java","256985","218456","475441"
"2016-05-02 18:15","ClientCnxnSocketNIO.java","82148","66231","148379"
"2010-11-11 18:11","ClientCnxnSocketNIO.java","48","52","100"
"2018-11-22 17:56","ClientCnxnSocketNIO.java","225616","218390","444006"
"2012-09-09 20:24","ClientCnxnSocketNIO.java","30237","53348","83585"
"2011-09-28 16:46","ClientCnxnSocketNIO.java","19289","47597","66886"
"2011-05-20 01:17","ClientCnxnSocketNIO.java","3967","43142","47109"
"2011-09-28 22:17","ClientCnxnSocketNIO.java","19307","47605","66912"
"2011-11-02 22:53","ClientCnxnSocketNIO.java","19924","49582","69506"
"2019-10-10 14:37","ClientCnxnSocketNIO.java","260738","218452","479190"
"2011-07-15 06:10","ClientCnxnSocketNIO.java","10512","44168","54680"
"2012-10-31 18:24","ClientCnxnSocketNIO.java","30385","53309","83694"
"2014-12-20 15:29","ClientCnxnSocketNIO.java","72973","63099","136072"
"2019-04-09 15:35","ClientCnxnSocketNIO.java","237791","218401","456192"
"2019-08-03 08:42","ClientCnxnSocketNIO.java","257693","218452","476145"
"2014-07-17 22:56","ClientCnxnSocketNIO.java","65171","62609","127780"
"2019-08-17 17:13","ClientCnxnSocketNIO.java","256985","218452","475437"
"2016-05-02 18:15","ClientCnxnSocketNIO.java","82110","66189","148299"
"2018-11-22 17:56","ClientCnxnSocketNIO.java","225616","218386","444002"
"2012-09-09 20:24","ClientCnxnSocketNIO.java","30194","53301","83495"
"2020-01-20 08:39","ZKConfig.java","265367","222167","487534"
"2020-01-20 09:06","ZKConfig.java","265463","222167","487630"
"2019-10-10 14:37","ZKConfig.java","259640","220587","480227"
"2016-12-30 23:01","ZKConfig.java","9168","2782","11950"
"2018-10-16 16:22","ZKConfig.java","232847","199150","431997"
"2018-12-15 07:34","ZKConfig.java","228340","220467","448807"
"2019-08-17 17:13","ZKConfig.java","255887","220587","476474"
"2012-08-28 21:51","ClientBase.java","5799","2847","8646"
"2017-06-08 17:51","ClientBase.java","70375","24118","94493"
"2012-07-17 23:19","ClientBase.java","4506","2628","7134"
"2017-04-18 01:37","ClientBase.java","70105","23216","93321"
"2018-09-07 02:49","ClientBase.java","166450","109123","275573"
"2019-07-31 19:06","ClientBase.java","255809","178915","434724"
"2015-02-06 06:17","ClientBase.java","51459","15013","66472"
"2017-09-11 18:55","ClientBase.java","71717","25002","96719"
"2019-08-17 17:13","ClientBase.java","256502","178915","435417"
"2015-03-28 20:08","ClientBase.java","53862","15205","69067"
"2019-06-07 14:13","ClientBase.java","242606","178915","421521"
"2018-04-24 00:20","ClientBase.java","78262","25771","104033"
"2018-08-08 06:21","ClientBase.java","142842","86380","229222"
"2018-05-09 23:57","ClientBase.java","79168","25892","105060"
"2019-06-24 11:05","ClientBase.java","243835","178915","422750"
"2012-12-11 08:42","ClientBase.java","10095","3810","13905"
"2017-01-13 19:29","ClientBase.java","70197","21142","91339"
"2016-06-23 23:25","ClientBase.java","62907","19758","82665"
"2014-01-03 01:40","ClientBase.java","27018","7036","34054"
"2014-01-25 01:17","ClientBase.java","28890","7102","35992"
"2019-11-14 16:44","ClientBase.java","264557","178943","443500"
"2019-10-10 14:37","ClientBase.java","260255","178915","439170"
"2016-08-24 01:36","ClientBase.java","64000","20280","84280"
"2015-03-08 23:07","ClientBase.java","51695","15075","66770"
"2018-11-17 18:37","KeyAuthenticationProvider.java","223246","225437","448683"
"2019-08-17 17:13","KeyAuthenticationProvider.java","255292","225558","480850"
"2018-11-17 18:33","ServerCnxn.java","224910","174614","399524"
"2019-01-14 19:38","ServerCnxn.java","232128","174615","406743"
"2019-04-12 19:01","ServerCnxn.java","238712","174684","413396"
"2011-08-19 00:05","ServerCnxn.java","2844","415","3259"
"2014-07-18 02:19","ServerCnxn.java","57757","21428","79185"
"2018-09-18 01:00","ServerCnxn.java","176626","112424","289050"
"2019-07-08 23:26","ServerCnxn.java","245680","174683","420363"
"2016-11-16 06:21","ServerCnxn.java","78266","25779","104045"
"2019-08-17 17:13","ServerCnxn.java","256904","174683","431587"
"2019-07-03 00:44","ServerCnxn.java","244917","174683","419600"
"2015-03-28 20:08","ServerCnxn.java","65284","21993","87277"
"2015-06-28 21:09","ServerCnxn.java","68208","23217","91425"
"2018-07-12 01:33","ServerCnxn.java","97314","38186","135500"
"2018-08-08 06:21","ServerCnxn.java","150854","89758","240612"
"2017-11-28 00:10","ServerCnxn.java","85231","30025","115256"
"2019-11-18 09:05","ServerCnxn.java","261146","175781","436927"
"2020-02-26 22:41","ServerCnxn.java","268656","175781","444437"
"2018-09-28 23:38","ServerCnxn.java","179356","112580","291936"
"2019-11-11 13:59","ServerCnxn.java","264314","174683","438997"
"2019-12-27 22:33","FuzzySnapshotRelatedTest.java","186102","158284","344386"
"2019-10-10 14:37","FuzzySnapshotRelatedTest.java","178988","156095","335083"
"2019-08-17 17:13","FuzzySnapshotRelatedTest.java","174233","155093","329326"
"2019-09-11 10:27","FuzzySnapshotRelatedTest.java","176575","156079","332654"
"2018-09-15 00:08","FuzzySnapshotRelatedTest.java","493","25","518"
"2019-12-27 22:33","FuzzySnapshotRelatedTest.java","186102","157151","343253"
"2019-10-10 14:37","FuzzySnapshotRelatedTest.java","178988","154962","333950"
"2019-08-17 17:13","FuzzySnapshotRelatedTest.java","174233","153960","328193"
"2018-09-12 13:29","FuzzySnapshotRelatedTest.java","1159","26","1185"
"2019-09-11 10:27","FuzzySnapshotRelatedTest.java","176575","154946","331521"
"2018-09-15 00:08","FuzzySnapshotRelatedTest.java","1652","51","1703"
"2019-08-17 17:13","ZkDatabaseCorruptionTest.java","257015","167976","424991"
"2013-02-19 09:18","ZkDatabaseCorruptionTest.java","60525","27557","88082"
"2019-10-10 14:37","ZkDatabaseCorruptionTest.java","260768","167976","428744"
"2014-05-15 03:35","ZkDatabaseCorruptionTest.java","83496","34498","117994"
"2011-07-29 10:14","ZkDatabaseCorruptionTest.java","36931","17628","54559"
"2014-01-27 14:37","ZkDatabaseCorruptionTest.java","74386","28578","102964"
"2018-04-06 06:04","ZkDatabaseCorruptionTest.java","116668","40875","157543"
"2011-04-12 09:14","ZkDatabaseCorruptionTest.java","27920","17408","45328"
"2016-08-24 01:36","ZkDatabaseCorruptionTest.java","105643","37909","143552"
"2019-08-17 17:13","FourLetterWordsQuorumTest.java","257015","166988","424003"
"2015-03-28 20:08","FourLetterWordsQuorumTest.java","100439","36805","137244"
"2015-07-10 08:19","FourLetterWordsQuorumTest.java","102721","37062","139783"
"2010-07-05 20:20","FourLetterWordsQuorumTest.java","17960","6125","24085"
"2010-03-12 19:26","FourLetterWordsQuorumTest.java","904","174","1078"
"2014-01-25 01:17","FourLetterWordsQuorumTest.java","76746","29981","106727"
"2019-10-10 14:37","FourLetterWordsQuorumTest.java","260768","166988","427756"
"2019-08-17 17:13","StringUtilTest.java","255966","218914","474880"
"2019-06-03 19:40","ZooKeeperServerMainTest.java","157660","153055","310715"
"2019-08-17 17:13","ZooKeeperServerMainTest.java","174233","154959","329192"
"2019-04-12 19:01","WatchManager.java","238795","178796","417591"
"2014-07-18 02:19","WatchManager.java","78452","33533","111985"
"2017-09-11 18:55","WatchManager.java","99541","39602","139143"
"2019-03-05 00:04","WatchManager.java","236643","178743","415386"
"2019-11-08 17:30","WatchManager.java","262601","178795","441396"
"2014-01-24 07:18","WatchManager.java","61637","26736","88373"
"2019-08-17 17:13","WatchManager.java","256987","178795","435782"
"2018-09-28 23:38","WatchManager.java","188792","113426","302218"
"2011-07-25 23:31","WatchManager.java","23795","15563","39358"
"2014-04-29 02:23","WatchManager.java","70954","32788","103742"
"2014-04-17 08:47","WatchManager.java","70243","32783","103026"
"2011-04-12 09:14","WatchManager.java","14762","15097","29859"
"2018-11-17 18:37","AbstractFourLetterCommand.java","223007","228772","451779"
"2019-08-17 17:13","AbstractFourLetterCommand.java","255075","228915","483990"
"2015-02-06 06:17","SimpleSysTest.java","71041","20967","92008"
"2019-08-17 17:13","SimpleSysTest.java","256932","178405","435337"
"2015-07-07 07:11","SimpleSysTest.java","76443","22280","98723"
"2016-07-27 01:33","AddAuthCommand.java","61514","17918","79432"
"2019-08-17 17:13","AddAuthCommand.java","256502","178872","435374"
"2018-08-06 14:11","SledgeHammer.java","105739","47480","153219"
"2019-08-17 17:13","SledgeHammer.java","256750","177002","433752"
"2016-08-24 01:36","SledgeHammer.java","69883","24002","93885"
"2019-10-10 14:37","ClientTest.java","260217","185162","445379"
"2019-12-28 16:17","ClientTest.java","266361","186474","452835"
"2014-07-25 01:31","ClientTest.java","38475","12329","50804"
"2017-01-09 22:49","ClientTest.java","62165","19576","81741"
"2014-07-08 20:18","ClientTest.java","33615","11856","45471"
"2017-05-01 17:19","ClientTest.java","62615","21882","84497"
"2018-11-22 17:56","ClientTest.java","225066","185067","410133"
"2013-01-25 02:17","ClientTest.java","3157","897","4054"
"2017-06-30 22:43","ClientTest.java","63250","22996","86246"
"2019-03-06 03:32","ClientTest.java","236174","185087","421261"
"2019-08-17 17:13","ClientTest.java","256464","185162","441626"
"2019-08-17 17:13","X509AuthTest.java","44192","29523","73715"
"2019-12-27 22:33","AdHash.java","42830","33459","76289"
"2019-08-17 17:13","AdHash.java","25455","24762","50217"
"2019-08-17 17:13","ReadOnlyModeTest.java","256369","193634","450003"
"2015-02-06 06:17","ReadOnlyModeTest.java","32743","11149","43892"
"2017-04-18 01:37","ReadOnlyModeTest.java","52970","20933","73903"
"2017-06-08 17:51","ReadOnlyModeTest.java","53277","21872","75149"
"2013-10-09 22:21","ReadOnlyModeTest.java","3819","532","4351"
"2019-08-17 17:13","PathUtils.java","256147","211011","467158"
"2020-03-22 14:47","ZKUtil.java","65208","39325","104533"
"2019-11-11 13:59","ZKUtil.java","53317","32044","85361"
"2019-08-03 08:42","ZKUtil.java","21217","6646","27863"
"2019-08-17 17:13","ZKUtil.java","43295","29432","72727"
"2019-06-26 10:57","OpResult.java","244263","187214","431477"
"2019-08-17 17:13","OpResult.java","256413","187214","443627"
"2014-08-14 08:08","QuorumPeerTestBase.java","31667","11596","43263"
"2014-07-26 04:11","QuorumPeerTestBase.java","31012","11505","42517"
"2014-03-25 22:13","QuorumPeerTestBase.java","11837","2231","14068"
"2016-11-03 16:07","QuorumPeerTestBase.java","51095","18402","69497"
"2019-12-27 22:33","QuorumPeerTestBase.java","266430","193109","459539"
"2019-10-10 14:37","QuorumPeerTestBase.java","260159","191763","451922"
"2016-06-23 23:25","QuorumPeerTestBase.java","47680","17475","65155"
"2014-07-18 20:48","QuorumPeerTestBase.java","30380","11170","41550"
"2014-08-19 22:50","QuorumPeerTestBase.java","31868","11683","43551"
"2019-07-12 17:01","QuorumPeerTestBase.java","251719","191763","443482"
"2017-01-13 19:29","QuorumPeerTestBase.java","55383","19272","74655"
"2015-03-17 18:06","QuorumPeerTestBase.java","36957","12233","49190"
"2019-08-17 17:13","QuorumPeerTestBase.java","256406","191763","448169"
"2017-11-28 00:10","QuorumPeerTestBase.java","62058","24430","86488"
"2014-01-21 04:50","QuorumPeerTestBase.java","9042","1892","10934"
"2017-12-16 01:25","QuorumPeerTestBase.java","62408","24736","87144"
"2014-07-18 02:19","QuorumPeerTestBase.java","29702","10951","40653"
"2018-10-12 10:25","QuorumPeerTestBase.java","232378","172300","404678"
"2019-07-29 17:15","Record.java","252834","223799","476633"
"2019-08-17 17:13","ZooTrace.java","256367","194259","450626"
"2017-01-28 06:43","ZooTrace.java","52155","18369","70524"
"2014-07-18 02:19","ZooTrace.java","26083","9867","35950"
"2019-10-10 14:37","ZooTrace.java","260120","194259","454379"
"2019-10-10 14:37","ClientTest.java","260217","182335","442552"
"2019-12-28 16:17","ClientTest.java","266361","183647","450008"
"2014-07-25 01:31","ClientTest.java","41850","12877","54727"
"2017-01-09 22:49","ClientTest.java","65384","19968","85352"
"2014-07-08 20:18","ClientTest.java","37075","12489","49564"
"2017-05-01 17:19","ClientTest.java","65813","22253","88066"
"2018-11-22 17:56","ClientTest.java","225066","182240","407306"
"2013-01-25 02:17","ClientTest.java","6739","1652","8391"
"2017-06-30 22:43","ClientTest.java","66448","23367","89815"
"2019-03-06 03:32","ClientTest.java","236174","182260","418434"
"2012-12-11 08:42","ClientTest.java","3643","816","4459"
"2019-08-17 17:13","ClientTest.java","256464","182335","438799"
"2019-11-29 14:49","QuorumUtil.java","264583","179499","444082"
"2013-03-07 07:01","QuorumUtil.java","39549","12977","52526"
"2019-08-17 17:13","QuorumUtil.java","256932","178405","435337"
"2020-03-12 14:47","QuorumUtil.java","269969","179499","449468"
"2019-07-12 17:01","QuorumUtil.java","252245","178405","430650"
"2012-12-11 08:42","QuorumUtil.java","31586","11673","43259"
"2014-01-16 23:59","QuorumUtil.java","47421","13741","61162"
"2019-10-10 14:37","QuorumUtil.java","260685","178405","439090"
"2014-05-18 05:49","QuorumUtil.java","59020","19986","79006"
"2011-09-17 02:13","QuorumUtil.java","16250","4783","21033"
"2013-10-09 22:21","QuorumUtil.java","45363","13596","58959"
"2013-09-26 14:05","QuorumUtil.java","42122","13258","55380"
"2018-11-17 18:33","ServerCnxn.java","224993","187346","412339"
"2019-01-14 19:38","ServerCnxn.java","232211","187347","419558"
"2019-04-12 19:01","ServerCnxn.java","238793","187414","426207"
"2011-08-19 00:05","ServerCnxn.java","17925","15526","33451"
"2014-07-18 02:19","ServerCnxn.java","70119","33820","103939"
"2018-09-18 01:00","ServerCnxn.java","183707","119535","303242"
"2019-07-08 23:26","ServerCnxn.java","245761","187413","433174"
"2016-11-16 06:21","ServerCnxn.java","90066","37609","127675"
"2019-08-17 17:13","ServerCnxn.java","256985","187413","444398"
"2019-07-03 00:44","ServerCnxn.java","244998","187413","432411"
"2015-03-28 20:08","ServerCnxn.java","77496","34235","111731"
"2015-06-28 21:09","ServerCnxn.java","80242","35281","115523"
"2018-07-12 01:33","ServerCnxn.java","107790","48692","156482"
"2018-08-08 06:21","ServerCnxn.java","160019","98953","258972"
"2017-11-28 00:10","ServerCnxn.java","95905","40729","136634"
"2019-11-18 09:05","ServerCnxn.java","261202","188486","449688"
"2020-02-26 22:41","ServerCnxn.java","268712","188486","457198"
"2018-09-28 23:38","ServerCnxn.java","186435","119689","306124"
"2011-05-20 01:17","ServerCnxn.java","6674","14810","21484"
"2011-08-11 08:00","ServerCnxn.java","15388","15418","30806"
"2019-11-11 13:59","ServerCnxn.java","264395","187413","451808"
"2019-08-17 17:13","AsyncOpsTest.java","256154","205486","461640"
"2019-10-10 14:37","AsyncOpsTest.java","259907","205486","465393"
"2012-08-28 21:51","ClientBase.java","31743","52357","84100"
"2017-06-08 17:51","ClientBase.java","91115","68424","159539"
"2012-07-17 23:19","ClientBase.java","30586","52274","82860"
"2017-04-18 01:37","ClientBase.java","90981","67658","158639"
"2018-09-07 02:49","ClientBase.java","181323","147562","328885"
"2019-07-31 19:06","ClientBase.java","256292","215583","471875"
"2012-02-06 09:47","ClientBase.java","24785","49594","74379"
"2015-02-06 06:17","ClientBase.java","75022","62142","137164"
"2017-09-11 18:55","ClientBase.java","91846","68697","160543"
"2019-08-17 17:13","ClientBase.java","256985","215583","472568"
"2015-03-28 20:08","ClientBase.java","77376","62285","139661"
"2019-06-07 14:13","ClientBase.java","243089","215583","458672"
"2018-04-24 00:20","ClientBase.java","97930","69005","166935"
"2018-08-08 06:21","ClientBase.java","159936","127040","286976"
"2018-05-09 23:57","ClientBase.java","98828","69118","167946"
"2019-06-24 11:05","ClientBase.java","244318","215583","459901"
"2012-12-11 08:42","ClientBase.java","35792","53073","88865"
"2017-01-13 19:29","ClientBase.java","91688","66199","157887"
"2016-06-23 23:25","ClientBase.java","84733","65150","149883"
"2014-01-03 01:40","ClientBase.java","51398","54982","106380"
"2014-01-25 01:17","ClientBase.java","53264","55042","108306"
"2019-11-14 16:44","ClientBase.java","265012","215583","480595"
"2019-10-10 14:37","ClientBase.java","260738","215583","476321"
"2012-03-15 17:47","ClientBase.java","26304","49870","76174"
"2012-01-14 00:28","ClientBase.java","24144","49469","73613"
"2011-04-12 09:14","ClientBase.java","5544","42669","48213"
"2011-11-05 07:29","ClientBase.java","21932","48677","70609"
"2016-08-24 01:36","ClientBase.java","85728","65574","151302"
"2011-09-17 02:13","ClientBase.java","20762","46489","67251"
"2015-03-08 23:07","ClientBase.java","75242","62188","137430"
"2020-01-16 21:46","AvgMinMaxCounterSet.java","64801","38643","103444"
"2019-08-17 17:13","AvgMinMaxCounterSet.java","47813","29620","77433"
"2019-11-28 12:24","DataTree.java","262621","198857","461478"
"2019-10-10 14:37","DataTree.java","260119","197508","457627"
"2019-12-27 22:33","DataTree.java","266393","198857","465250"
"2015-06-06 03:48","DataTree.java","33009","11631","44640"
"2019-11-11 13:59","DataTree.java","263804","197536","461340"
"2018-07-10 13:29","DataTree.java","68118","32531","100649"
"2014-04-17 08:47","DataTree.java","13448","7941","21389"
"2014-04-29 02:23","DataTree.java","14160","7947","22107"
"2018-09-28 23:38","DataTree.java","155720","112307","268027"
"2019-11-08 17:30","DataTree.java","262008","197536","459544"
"2019-01-30 16:28","DataTree.java","233379","197410","430789"
"2019-01-30 17:02","DataTree.java","233923","197410","431333"
"2016-11-24 17:18","DataTree.java","47289","18144","65433"
"2017-09-11 18:55","DataTree.java","51307","23321","74628"
"2017-02-05 07:22","DataTree.java","48951","18367","67318"
"2014-07-18 02:19","DataTree.java","22513","9547","32060"
"2019-02-07 11:26","DataTree.java","234601","197411","432012"
"2018-09-04 11:54","DataTree.java","150368","112039","262407"
"2018-09-05 22:35","DataTree.java","150643","112058","262701"
"2018-12-20 15:17","DataTree.java","229867","197409","427276"
"2019-09-10 09:53","DataTree.java","257415","197508","454923"
"2019-04-12 19:01","DataTree.java","238157","197492","435649"
"2019-07-31 19:06","DataTree.java","255673","197508","453181"
"2019-09-11 10:27","DataTree.java","257722","197508","455230"
"2016-03-23 00:30","DataTree.java","38939","16122","55061"
"2019-08-01 07:31","DataTree.java","257037","197508","454545"
"2014-01-24 07:18","DataTree.java","3293","345","3638"
"2019-08-17 17:13","DataTree.java","256366","197508","453874"
"2019-09-10 15:21","DataTree.java","257409","197508","454917"
"2015-06-04 19:51","DataTree.java","32897","11624","44521"
"2016-10-07 21:51","DataTree.java","43727","17403","61130"
"2017-06-18 19:23","DataTree.java","49674","22002","71676"
"2019-04-12 12:29","DataTree.java","237726","197492","435218"
"2019-08-03 08:42","DataTree.java","257074","197508","454582"
"2019-08-09 16:15","DataTree.java","257822","197508","455330"
"2016-11-13 20:59","DataTree.java","46116","17539","63655"
"2019-04-29 16:49","DataTree.java","240187","197492","437679"
"2019-12-28 16:17","SetAclCommand.java","266397","180182","446579"
"2016-07-27 01:33","SetAclCommand.java","61514","17918","79432"
"2018-10-04 15:46","SetAclCommand.java","169721","107487","277208"
"2017-05-27 00:52","SetAclCommand.java","68500","22228","90728"
"2019-01-31 15:55","SetAclCommand.java","234068","178779","412847"
"2019-08-17 17:13","SetAclCommand.java","256502","178872","435374"
"2019-10-10 14:37","ZKDatabase.java","258829","228916","487745"
"2019-12-27 22:33","ZKDatabase.java","265525","230687","496212"
"2018-04-06 06:04","ZKDatabase.java","499","147","646"
"2018-09-28 23:38","ZKDatabase.java","112448","101733","214181"
"2019-11-08 17:30","ZKDatabase.java","260738","228964","489702"
"2019-05-14 17:11","ZKDatabase.java","239722","228895","468617"
"2018-09-18 01:00","ZKDatabase.java","109173","101032","210205"
"2019-02-07 11:26","ZKDatabase.java","233273","228781","462054"
"2019-04-12 19:01","ZKDatabase.java","236845","228878","465723"
"2018-09-05 22:35","ZKDatabase.java","106769","100882","207651"
"2019-08-17 17:13","ZKDatabase.java","255075","228915","483990"
"2019-09-10 00:27","ZKDatabase.java","256016","228916","484932"
"2018-02-23 23:49","ZKDatabase.java","476","132","608"
"2019-04-09 15:35","ZKDatabase.java","235822","228805","464627"
"2012-08-28 21:51","ClientBase.java","8163","3452","11615"
"2017-06-08 17:51","ClientBase.java","72378","24362","96740"
"2012-07-17 23:19","ClientBase.java","6886","3249","10135"
"2017-04-18 01:37","ClientBase.java","72110","23462","95572"
"2018-09-07 02:49","ClientBase.java","168319","109233","277552"
"2019-07-31 19:06","ClientBase.java","255957","177304","433261"
"2012-02-06 09:47","ClientBase.java","796","280","1076"
"2015-02-06 06:17","ClientBase.java","53637","15432","69069"
"2017-09-11 18:55","ClientBase.java","73715","25241","98956"
"2019-08-17 17:13","ClientBase.java","256650","177304","433954"
"2015-03-28 20:08","ClientBase.java","56034","15618","71652"
"2019-06-07 14:13","ClientBase.java","242754","177304","420058"
"2018-04-24 00:20","ClientBase.java","80243","25993","106236"
"2018-08-08 06:21","ClientBase.java","144722","86501","231223"
"2018-05-09 23:57","ClientBase.java","81149","26114","107263"
"2019-06-24 11:05","ClientBase.java","243983","177304","421287"
"2012-12-11 08:42","ClientBase.java","12414","4370","16784"
"2017-01-13 19:29","ClientBase.java","72262","21448","93710"
"2016-06-23 23:25","ClientBase.java","64982","20074","85056"
"2014-01-03 01:40","ClientBase.java","29215","7474","36689"
"2014-01-25 01:17","ClientBase.java","31087","7540","38627"
"2019-11-14 16:44","ClientBase.java","264705","177332","442037"
"2019-10-10 14:37","ClientBase.java","260403","177304","437707"
"2012-03-15 17:47","ClientBase.java","2404","645","3049"
"2016-08-24 01:36","ClientBase.java","66073","20594","86667"
"2015-03-08 23:07","ClientBase.java","53869","15490","69359"
"2019-07-29 17:15","JVector.java","254590","167551","422141"
"2019-12-27 22:33","FuzzySnapshotRelatedTest.java","15661","8339","24000"
"2019-10-10 14:37","FuzzySnapshotRelatedTest.java","4429","2032","6461"
"2020-02-16 10:25","QuorumSSLTest.java","22565","11925","34490"
"2019-11-29 14:49","QuorumSSLTest.java","16330","9773","26103"
"2018-10-16 16:22","QuorumPeerConfig.java","232100","201753","433853"
"2018-12-09 03:16","QuorumPeerConfig.java","227848","223240","451088"
"2019-04-12 19:01","QuorumPeerConfig.java","237098","223341","460439"
"2018-09-11 15:23","QuorumPeerConfig.java","120025","107349","227374"
"2018-12-15 07:34","QuorumPeerConfig.java","227763","223240","451003"
"2019-02-13 13:12","QuorumPeerConfig.java","234159","223263","457422"
"2019-08-17 17:13","QuorumPeerConfig.java","255310","223360","478670"
"2017-11-28 00:10","QuorumPeerConfig.java","13416","8481","21897"
"2019-06-05 00:29","QuorumPeerConfig.java","240976","223359","464335"
"2020-01-09 11:27","QuorumPeerConfig.java","265001","224948","489949"
"2019-07-12 17:01","QuorumPeerConfig.java","250623","223360","473983"
"2016-11-13 20:59","QuorumPeerConfig.java","1916","247","2163"
"2019-05-15 11:56","QuorumPeerConfig.java","240045","223341","463386"
"2018-10-01 06:11","QuorumPeerConfig.java","124671","108161","232832"
"2017-07-28 00:36","QuorumPeerConfig.java","8210","7695","15905"
"2017-07-06 18:48","QuorumPeerConfig.java","7553","6156","13709"
"2020-01-23 13:43","QuorumPeerConfig.java","266825","224948","491773"
"2019-10-10 14:37","QuorumPeerConfig.java","259063","223360","482423"
"2018-07-27 12:32","QuorumPeerConfig.java","39928","30079","70007"
"2019-04-18 19:17","QuorumPeerConfig.java","237808","223341","461149"
"2020-02-16 10:25","QuorumPeerConfig.java","267538","224948","492486"
"2020-05-14 18:18","QuorumPeerConfig.java","270855","225040","495895"
"2017-05-11 16:59","QuorumPeerConfig.java","6342","5812","12154"
"2009-11-07 01:48","SessionTracker.java","8865","3537","12402"
"2010-01-26 01:17","SessionTracker.java","23202","5954","29156"
"2011-11-14 20:18","SessionTracker.java","73216","26425","99641"
"2013-10-09 22:21","SessionTracker.java","97686","29994","127680"
"2014-07-18 02:19","SessionTracker.java","113191","31943","145134"
"2018-09-18 01:00","SessionTracker.java","197222","88101","285323"
"2019-09-05 23:12","SessionTracker.java","258419","141556","399975"
"2019-08-17 17:13","SessionTracker.java","257500","141556","399056"
"2018-08-08 06:21","SessionTracker.java","175503","69488","244991"
"2019-12-27 22:33","FileTxnSnapLog.java","266819","104163","370982"
"2009-11-07 08:16","FileTxnSnapLog.java","51448","8062","59510"
"2019-10-10 14:37","FileTxnSnapLog.java","261436","103705","365141"
"2019-12-13 08:51","FileTxnSnapLog.java","264856","104163","369019"
"2017-01-07 01:09","FileTxnSnapLog.java","160567","26239","186806"
"2011-07-13 15:48","FileTxnSnapLog.java","94248","16068","110316"
"2014-02-12 17:00","FileTxnSnapLog.java","129666","22263","151929"
"2012-03-06 09:20","FileTxnSnapLog.java","105570","20892","126462"
"2020-01-23 16:46","FileTxnSnapLog.java","268068","104163","372231"
"2020-01-28 17:26","FileTxnSnapLog.java","268539","104163","372702"
"2011-10-20 20:02","FileTxnSnapLog.java","102052","20354","122406"
"2016-09-18 23:21","FileTxnSnapLog.java","155887","26031","181918"
"2017-01-23 02:13","FileTxnSnapLog.java","160991","26259","187250"
"2011-04-12 09:14","FileTxnSnapLog.java","93189","17738","110927"
"2018-06-08 16:52","FileTxnSnapLog.java","166797","27296","194093"
"2019-09-02 08:23","FileTxnSnapLog.java","258340","103705","362045"
"2011-12-21 21:39","FileTxnSnapLog.java","103970","20575","124545"
"2017-04-28 07:14","FileTxnSnapLog.java","159275","26802","186077"
"2019-07-31 19:06","FileTxnSnapLog.java","256990","103705","360695"
"2018-07-30 06:22","FileTxnSnapLog.java","175173","34017","209190"
"2012-02-06 09:40","FileTxnSnapLog.java","104955","20699","125654"
"2012-07-17 23:25","FileTxnSnapLog.java","109087","21108","130195"
"2020-01-30 09:43","FileTxnSnapLog.java","268615","104163","372778"
"2019-05-14 17:11","FileTxnSnapLog.java","242351","103706","346057"
"2010-03-12 23:36","FileTxnSnapLog.java","77403","12662","90065"
"2013-06-28 23:22","FileTxnSnapLog.java","122412","22130","144542"
"2014-02-10 21:50","FileTxnSnapLog.java","129533","22242","151775"
"2019-05-21 23:34","FileTxnSnapLog.java","242672","103706","346378"
"2019-05-27 10:54","FileTxnSnapLog.java","243004","103706","346710"
"2017-01-13 19:29","FileTxnSnapLog.java","160774","26243","187017"
"2017-06-26 00:07","FileTxnSnapLog.java","159055","27044","186099"
"2018-02-23 23:49","FileTxnSnapLog.java","164499","27252","191751"
"2017-08-18 06:32","FileTxnSnapLog.java","159120","27107","186227"
"2009-06-18 18:37","FileTxnSnapLog.java","34643","4172","38815"
"2019-08-17 17:13","FileTxnSnapLog.java","257683","103705","361388"
"2009-06-15 22:52","FileTxnSnapLog.java","33256","3856","37112"
"2018-02-14 21:23","FileTxnSnapLog.java","164335","27252","191587"
"2019-10-10 14:37","BufferSizeTest.java","257917","231874","489791"
"2019-08-17 17:13","BufferSizeTest.java","254163","231873","486036"
"2019-08-17 17:13","CommandNotFoundException.java","255887","221853","477740"
"2016-08-05 23:05","CommandNotFoundException.java","182","237","419"
"2019-11-29 14:49","ReconfigMisconfigTest.java","263432","226322","489754"
"2019-08-17 17:13","ReconfigMisconfigTest.java","255250","224697","479947"
"2019-10-10 14:37","StandaloneDisabledTest.java","260045","199042","459087"
"2016-08-24 01:36","StandaloneDisabledTest.java","40423","17040","57463"
"2018-05-21 20:11","StandaloneDisabledTest.java","57655","24438","82093"
"2017-03-14 17:06","StandaloneDisabledTest.java","47019","20779","67798"
"2017-02-12 00:34","StandaloneDisabledTest.java","46509","20748","67257"
"2019-06-03 19:40","StandaloneDisabledTest.java","241623","199042","440665"
"2015-05-14 21:53","StandaloneDisabledTest.java","30054","11156","41210"
"2019-08-17 17:13","StandaloneDisabledTest.java","256292","199042","455334"
"2014-08-24 07:42","StandaloneDisabledTest.java","23131","10096","33227"
"2016-11-13 20:59","StandaloneDisabledTest.java","44362","17393","61755"
"2019-10-10 14:37","ProtocolSupport.java","261311","112979","374290"
"2019-08-27 09:23","ProtocolSupport.java","258151","112979","371130"
"2011-04-12 09:14","ProtocolSupport.java","83817","17765","101582"
"2011-08-19 00:05","Watcher.java","12149","1545","13694"
"2019-11-08 17:30","Watcher.java","262524","179202","441726"
"2017-07-28 00:36","Watcher.java","86631","27670","114301"
"2019-08-17 17:13","Watcher.java","256910","179202","436112"
"2015-05-29 21:48","Watcher.java","73217","21169","94386"
"2014-01-24 07:18","Watcher.java","48128","13642","61770"
"2015-10-18 19:00","QuorumPeer.java","78010","64426","142436"
"2018-12-20 15:13","QuorumPeer.java","230457","219833","450290"
"2019-05-16 16:25","QuorumPeer.java","241753","219900","461653"
"2018-10-16 16:22","QuorumPeer.java","236782","188643","425425"
"2019-06-14 09:06","QuorumPeer.java","244951","219899","464850"
"2018-12-07 12:41","QuorumPeer.java","227471","219833","447304"
"2012-04-23 01:20","QuorumPeer.java","26232","52971","79203"
"2012-07-17 23:19","QuorumPeer.java","27035","53002","80037"
"2019-03-11 19:47","QuorumPeer.java","236899","219847","456746"
"2012-02-27 03:41","QuorumPeer.java","21721","50545","72266"
"2014-07-18 02:19","QuorumPeer.java","66603","62753","129356"
"2019-02-13 13:12","QuorumPeer.java","235846","219846","455692"
"2011-04-29 18:12","QuorumPeer.java","1511","42649","44160"
"2019-04-12 19:01","QuorumPeer.java","238761","219900","458661"
"2018-12-09 03:16","QuorumPeer.java","229545","219833","449378"
"2018-09-11 15:23","QuorumPeer.java","179384","148916","328300"
"2019-11-29 14:49","QuorumPeer.java","264583","220972","485555"
"2013-03-07 07:01","QuorumPeer.java","40238","55139","95377"
"2018-12-15 07:34","QuorumPeer.java","229460","219833","449293"
"2018-11-27 10:02","QuorumPeer.java","227221","219833","447054"
"2018-09-18 01:00","QuorumPeer.java","180699","148976","329675"
"2012-02-06 09:40","QuorumPeer.java","21143","50208","71351"
"2019-06-03 19:40","QuorumPeer.java","242284","219899","462183"
"2019-07-15 14:15","QuorumPeer.java","252372","219899","472271"
"2015-03-17 18:06","QuorumPeer.java","73031","63208","136239"
"2019-07-03 00:44","QuorumPeer.java","244966","219899","464865"
"2019-08-17 17:13","QuorumPeer.java","256953","219899","476852"
"2015-06-27 02:03","QuorumPeer.java","75969","63457","139426"
"2017-11-28 00:10","QuorumPeer.java","92745","70018","162763"
"2014-01-21 04:50","QuorumPeer.java","48134","55885","104019"
"2014-06-04 22:07","QuorumPeer.java","60171","62121","122292"
"2018-01-30 08:02","QuorumPeer.java","93036","70156","163192"
"2019-05-15 11:56","QuorumPeer.java","241708","219900","461608"
"2019-06-05 00:33","QuorumPeer.java","242674","219899","462573"
"2019-05-20 23:13","QuorumPeer.java","241826","219900","461726"
"2019-06-04 10:55","QuorumPeer.java","242437","219899","462336"
"2019-07-12 17:01","QuorumPeer.java","252266","219899","472165"
"2020-01-09 11:27","QuorumPeer.java","266129","220972","487101"
"2017-02-09 11:40","QuorumPeer.java","88839","67336","156175"
"2011-06-14 07:14","QuorumPeer.java","3546","43069","46615"
"2017-07-06 18:48","QuorumPeer.java","88877","69688","158565"
"2018-10-01 06:11","QuorumPeer.java","183432","149130","332562"
"2015-04-09 20:16","QuorumPeer.java","74107","63221","137328"
"2013-10-07 21:08","QuorumPeer.java","43478","55563","99041"
"2013-09-30 22:20","QuorumPeer.java","42913","55429","98342"
"2018-07-04 17:11","QuorumPeer.java","104379","77938","182317"
"2019-12-17 13:48","QuorumPeer.java","265155","220972","486127"
"2015-12-07 05:59","QuorumPeer.java","78908","64566","143474"
"2020-01-23 13:43","QuorumPeer.java","267953","220972","488925"
"2016-06-23 23:45","QuorumPeer.java","81595","66183","147778"
"2011-05-03 19:57","QuorumPeer.java","1517","42651","44168"
"2016-06-23 23:25","QuorumPeer.java","81488","66184","147672"
"2014-03-23 04:12","QuorumPeer.java","50540","56071","106611"
"2013-09-26 00:13","QuorumPeer.java","42650","55410","98060"
"2011-06-17 01:34","QuorumPeer.java","3700","43152","46852"
"2011-06-14 14:11","QuorumPeer.java","3574","43070","46644"
"2014-07-18 20:48","QuorumPeer.java","67097","62788","129885"
"2014-07-04 04:19","QuorumPeer.java","61841","62148","123989"
"2018-12-06 10:56","QuorumPeer.java","227415","219833","447248"
"2014-06-25 15:04","QuorumPeer.java","60673","62126","122799"
"2014-03-28 01:58","QuorumPeer.java","50971","56084","107055"
"2013-10-21 23:36","QuorumPeer.java","46402","55745","102147"
"2019-10-10 14:37","QuorumPeer.java","260706","219899","480605"
"2013-11-07 06:41","QuorumPeer.java","46858","55770","102628"
"2017-07-27 23:09","QuorumPeer.java","87899","69696","157595"
"2014-05-18 05:49","QuorumPeer.java","59667","62106","121773"
"2011-10-25 08:09","QuorumPeer.java","17566","49135","66701"
"2014-03-25 22:13","QuorumPeer.java","50786","56081","106867"
"2011-04-12 09:14","QuorumPeer.java","1058","42531","43589"
"2011-11-01 08:15","QuorumPeer.java","17960","49340","67300"
"2018-06-26 11:18","QuorumPeer.java","96815","70392","167207"
"2018-07-27 12:32","QuorumPeer.java","114890","87249","202139"
"2019-04-18 19:17","QuorumPeer.java","239471","219900","459371"
"2011-10-27 23:25","QuorumPeer.java","17804","49213","67017"
"2011-08-30 08:37","QuorumPeer.java","15386","44069","59455"
"2011-08-30 08:29","QuorumPeer.java","15368","44063","59431"
"2013-10-09 22:21","QuorumPeer.java","46035","55741","101776"
"2016-12-20 14:47","QuorumPeer.java","87599","67231","154830"
"2011-05-20 01:17","QuorumPeer.java","2065","42719","44784"
"2017-05-11 16:59","QuorumPeer.java","87937","69615","157552"
"2014-07-03 06:01","QuorumPeer.java","61418","62147","123565"
"2014-08-14 08:08","QuorumPeer.java","68045","62875","130920"
"2014-08-01 07:38","QuorumPeer.java","67625","62876","130501"
"2014-07-20 04:50","QuorumPeer.java","67181","62810","129991"
"2016-06-02 00:59","QuorumPeer.java","81106","66171","147277"
"2020-02-16 10:25","QuorumPeer.java","268666","220972","489638"
"2019-08-17 17:13","Transaction.java","255234","223799","479033"
"2019-04-12 19:01","WatchManager.java","238712","174326","413038"
"2014-07-18 02:19","WatchManager.java","58103","21416","79519"
"2017-09-11 18:55","WatchManager.java","81493","29786","111279"
"2019-03-05 00:04","WatchManager.java","236560","174273","410833"
"2019-11-08 17:30","WatchManager.java","262518","174325","436843"
"2014-01-24 07:18","WatchManager.java","41109","14440","55549"
"2019-08-17 17:13","WatchManager.java","256904","174325","431229"
"2018-09-28 23:38","WatchManager.java","179485","112351","291836"
"2014-04-29 02:23","WatchManager.java","50477","20543","71020"
"2014-04-17 08:47","WatchManager.java","49765","20537","70302"
"2010-01-26 01:17","SessionTrackerImpl.java","33728","7846","41574"
"2009-11-07 01:48","SessionTrackerImpl.java","20076","6114","26190"
"2019-10-10 14:37","SessionTrackerImpl.java","261253","132922","394175"
"2019-09-20 10:02","SessionTrackerImpl.java","260420","132922","393342"
"2011-04-12 09:14","SessionTrackerImpl.java","68582","22531","91113"
"2011-11-14 20:18","SessionTrackerImpl.java","79059","25620","104679"
"2010-08-18 08:24","SessionTrackerImpl.java","73137","18131","91268"
"2013-10-09 22:21","SessionTrackerImpl.java","102061","27721","129782"
"2020-03-26 22:16","SessionTrackerImpl.java","270931","133561","404492"
"2015-03-08 23:07","SessionTrackerImpl.java","122703","29882","152585"
"2014-07-25 00:58","SessionTrackerImpl.java","118242","29699","147941"
"2014-07-23 20:17","SessionTrackerImpl.java","118236","29699","147935"
"2012-09-17 09:53","SessionTrackerImpl.java","86061","26448","112509"
"2015-02-06 06:17","SessionTrackerImpl.java","122503","29856","152359"
"2014-07-18 02:19","SessionTrackerImpl.java","117562","29666","147228"
"2018-09-18 01:00","SessionTrackerImpl.java","200266","84497","284763"
"2009-06-26 22:29","SessionTrackerImpl.java","11691","3057","14748"
"2019-09-05 23:12","SessionTrackerImpl.java","258419","132922","391341"
"2019-08-17 17:13","SessionTrackerImpl.java","257500","132922","390422"
"2018-08-08 06:21","SessionTrackerImpl.java","178748","66085","244833"
"2018-05-09 23:57","SessionTrackerImpl.java","143186","33709","176895"
"2019-04-22 19:15","SessionTrackerImpl.java","240282","132922","373204"
"2012-12-19 19:07","SessionTrackerImpl.java","90689","26981","117670"
"2019-12-27 22:33","QuorumPeerTestBase.java","125467","112224","237691"
"2019-10-10 14:37","QuorumPeerTestBase.java","117870","109552","227422"
"2019-07-12 17:01","QuorumPeerTestBase.java","96444","96566","193010"
"2019-08-17 17:13","QuorumPeerTestBase.java","112707","108142","220849"
"2015-02-06 06:17","ConnectionBean.java","71041","20967","92008"
"2019-08-17 17:13","ConnectionBean.java","256932","178405","435337"
"2019-10-10 14:37","ConnectionBean.java","260685","178405","439090"
"2019-08-17 17:13","CreateModeTest.java","255978","218393","474371"
"2014-11-29 16:53","NumEvents.java","82724","33673","116397"
"2011-04-12 09:14","NumEvents.java","14937","15099","30036"
"2019-08-17 17:13","FourLetterWordsQuorumTest.java","257015","167718","424733"
"2015-03-28 20:08","FourLetterWordsQuorumTest.java","99807","36903","136710"
"2015-07-10 08:19","FourLetterWordsQuorumTest.java","102091","37162","139253"
"2010-07-05 20:20","FourLetterWordsQuorumTest.java","17077","5972","23049"
"2014-01-25 01:17","FourLetterWordsQuorumTest.java","76066","30031","106097"
"2019-10-10 14:37","FourLetterWordsQuorumTest.java","260768","167718","428486"
"2019-11-14 03:54","LocalPeerMXBean.java","264191","204490","468681"
"2018-06-26 11:18","LocalPeerMXBean.java","46102","17729","63831"
"2018-12-20 15:13","LocalPeerMXBean.java","229615","204353","433968"
"2019-08-17 17:13","LocalPeerMXBean.java","256154","204462","460616"
"2019-12-27 22:33","FileTxnSnapLog.java","61375","38017","99392"
"2019-10-10 14:37","FileTxnSnapLog.java","50540","32107","82647"
"2019-12-13 08:51","FileTxnSnapLog.java","59287","37892","97179"
"2020-01-23 16:46","FileTxnSnapLog.java","63967","39360","103327"
"2020-01-28 17:26","FileTxnSnapLog.java","64514","39436","103950"
"2019-09-02 08:23","FileTxnSnapLog.java","46182","30845","77027"
"2019-07-31 19:06","FileTxnSnapLog.java","20796","6809","27605"
"2020-01-30 09:43","FileTxnSnapLog.java","64614","39460","104074"
"2019-08-17 17:13","FileTxnSnapLog.java","44402","29722","74124"
"2020-03-26 22:20","InstanceContainer.java","269143","234614","503757"
"2019-08-17 17:13","InstanceContainer.java","254163","232674","486837"
"2019-10-10 14:37","SaslAuthFailDesignatedClientTest.java","7470","3717","11187"
"2019-09-05 23:12","SessionTracker.java","2357","1438","3795"
"2012-08-28 21:51","ClientBase.java","27493","10913","38406"
"2017-06-08 17:51","ClientBase.java","87451","27566","115017"
"2012-07-17 23:19","ClientBase.java","26328","10822","37150"
"2017-04-18 01:37","ClientBase.java","87304","26787","114091"
"2018-09-07 02:49","ClientBase.java","178115","107160","285275"
"2019-07-31 19:06","ClientBase.java","256239","178405","434644"
"2012-02-06 09:47","ClientBase.java","20475","8090","28565"
"2015-02-06 06:17","ClientBase.java","71041","20967","92008"
"2017-09-11 18:55","ClientBase.java","88187","27844","116031"
"2019-08-17 17:13","ClientBase.java","256932","178405","435337"
"2015-03-28 20:08","ClientBase.java","73399","21114","94513"
"2019-06-07 14:13","ClientBase.java","243036","178405","421441"
"2018-04-24 00:20","ClientBase.java","94311","28192","122503"
"2018-08-08 06:21","ClientBase.java","156645","86555","243200"
"2018-05-09 23:57","ClientBase.java","95212","28308","123520"
"2019-06-24 11:05","ClientBase.java","244265","178405","422670"
"2012-12-11 08:42","ClientBase.java","31586","11673","43259"
"2017-01-13 19:29","ClientBase.java","87856","25173","113029"
"2016-06-23 23:25","ClientBase.java","80871","24094","104965"
"2014-01-03 01:40","ClientBase.java","47318","13708","61026"
"2014-01-25 01:17","ClientBase.java","49186","13770","62956"
"2019-11-14 16:44","ClientBase.java","264959","178405","443364"
"2019-10-10 14:37","ClientBase.java","260685","178405","439090"
"2012-03-15 17:47","ClientBase.java","22013","8385","30398"
"2012-01-14 00:28","ClientBase.java","19815","7946","27761"
"2011-11-05 07:29","ClientBase.java","17580","7131","24711"
"2016-08-24 01:36","ClientBase.java","81876","24528","106404"
"2011-09-17 02:13","ClientBase.java","16250","4783","21033"
"2015-03-08 23:07","ClientBase.java","71263","21015","92278"
"2019-07-25 21:41","FollowerBean.java","38206","14381","52587"
"2019-08-17 17:13","FollowerBean.java","63823","36481","100304"
"2012-08-28 21:51","ClientBase.java","10564","4433","14997"
"2017-06-08 17:51","ClientBase.java","74307","24871","99178"
"2012-07-17 23:19","ClientBase.java","9290","4233","13523"
"2017-04-18 01:37","ClientBase.java","74041","23973","98014"
"2018-09-07 02:49","ClientBase.java","169329","108823","278152"
"2019-07-31 19:06","ClientBase.java","255966","175893","431859"
"2012-02-06 09:47","ClientBase.java","3234","1298","4532"
"2015-02-06 06:17","ClientBase.java","55687","16062","71749"
"2017-09-11 18:55","ClientBase.java","75643","25749","101392"
"2019-08-17 17:13","ClientBase.java","256659","175893","432552"
"2015-03-28 20:08","ClientBase.java","58072","16236","74308"
"2019-06-07 14:13","ClientBase.java","242763","175893","418656"
"2018-04-24 00:20","ClientBase.java","82123","26453","108576"
"2018-08-08 06:21","ClientBase.java","145752","86111","231863"
"2018-05-09 23:57","ClientBase.java","83029","26574","109603"
"2019-06-24 11:05","ClientBase.java","243992","175893","419885"
"2012-12-11 08:42","ClientBase.java","14811","5347","20158"
"2017-01-13 19:29","ClientBase.java","74274","22040","96314"
"2016-06-23 23:25","ClientBase.java","67004","20676","87680"
"2014-01-03 01:40","ClientBase.java","31528","8367","39895"
"2014-01-25 01:17","ClientBase.java","33400","8433","41833"
"2019-11-14 16:44","ClientBase.java","264714","175921","440635"
"2019-10-10 14:37","ClientBase.java","260412","175893","436305"
"2012-03-15 17:47","ClientBase.java","4828","1649","6477"
"2012-01-14 00:28","ClientBase.java","2439","1019","3458"
"2016-08-24 01:36","ClientBase.java","68094","21195","89289"
"2015-03-08 23:07","ClientBase.java","55919","16120","72039"
"2019-10-10 14:37","ZooKeeperSaslClient.java","260217","182317","442534"
"2016-03-02 07:46","ZooKeeperSaslClient.java","54719","15620","70339"
"2016-03-05 01:03","ZooKeeperSaslClient.java","54769","16777","71546"
"2015-12-05 22:32","ZooKeeperSaslClient.java","54053","15452","69505"
"2020-02-04 10:39","ZooKeeperSaslClient.java","268260","183629","451889"
"2019-01-31 15:50","ZooKeeperSaslClient.java","234038","182224","416262"
"2019-08-03 08:42","ZooKeeperSaslClient.java","257172","182317","439489"
"2014-12-20 15:29","ZooKeeperSaslClient.java","46265","13465","59730"
"2017-11-28 00:10","ZooKeeperSaslClient.java","71501","24369","95870"
"2013-09-18 12:58","ZooKeeperSaslClient.java","15426","3921","19347"
"2013-10-11 21:18","ZooKeeperSaslClient.java","19311","4398","23709"
"2016-05-02 18:15","ZooKeeperSaslClient.java","57237","18390","75627"
"2013-09-28 01:24","ZooKeeperSaslClient.java","15747","3947","19694"
"2019-08-17 17:13","ZooKeeperSaslClient.java","256464","182317","438781"
"2019-08-17 17:13","RecoveryTest.java","256932","178405","435337"
"2013-12-21 22:05","RecoveryTest.java","47163","13693","60856"
"2019-10-10 14:37","RecoveryTest.java","260685","178405","439090"
"2019-08-17 17:13","RemoveWatchesCommand.java","255250","223892","479142"
"2019-01-31 15:55","RemoveWatchesCommand.java","232791","223774","456565"
"2020-03-19 17:09","Learner.java","60792","36746","97538"
"2020-02-03 04:30","Learner.java","59165","36624","95789"
"2020-01-23 13:43","Learner.java","58498","36514","95012"
"2020-03-25 03:38","Learner.java","61663","36821","98484"
"2019-11-28 12:24","Learner.java","51667","34704","86371"
"2019-12-27 22:33","Learner.java","55884","35149","91033"
"2020-01-25 18:48","Learner.java","58694","36520","95214"
"2020-05-03 19:43","Learner.java","63274","37496","100770"
"2019-10-10 14:37","Learner.java","45023","29213","74236"
"2019-07-15 14:15","Learner.java","8572","1096","9668"
"2019-08-23 19:43","Learner.java","39503","26780","66283"
"2019-08-17 17:13","Learner.java","38835","26778","65613"
"2019-07-12 17:01","Learner.java","8466","1096","9562"
"2019-11-29 14:49","Learner.java","53613","34999","88612"
"2020-03-25 03:38","ZooKeeperServerBean.java","24918","12133","37051"
"2019-11-14 03:54","ZooKeeperServerBean.java","12030","4021","16051"
"2019-09-16 23:26","ZooKeeperServerBean.java","4958","1939","6897"
"2020-04-30 18:53","ZooKeeperServerBean.java","26534","12849","39383"
"2019-12-27 22:33","FuzzySnapshotRelatedTest.java","186102","158752","344854"
"2019-10-10 14:37","FuzzySnapshotRelatedTest.java","178988","156563","335551"
"2019-08-17 17:13","FuzzySnapshotRelatedTest.java","174233","155561","329794"
"2019-09-11 10:27","FuzzySnapshotRelatedTest.java","176575","156547","333122"
"2019-10-10 14:37","LoadFromLogNoServerTest.java","4778","2068","6846"
"2019-11-14 16:44","ZKTestCase.java","4592","318","4910"
"2019-11-28 12:24","ZKTestCase.java","6767","5614","12381"
"2018-12-20 15:13","QuorumPeer.java","228269","231380","459649"
"2019-05-16 16:25","QuorumPeer.java","239627","231509","471136"
"2018-10-16 16:22","QuorumPeer.java","230889","209173","440062"
"2019-06-14 09:06","QuorumPeer.java","242845","231528","474373"
"2018-12-07 12:41","QuorumPeer.java","225282","231379","456661"
"2019-03-11 19:47","QuorumPeer.java","234728","231411","466139"
"2019-02-13 13:12","QuorumPeer.java","233675","231410","465085"
"2019-04-12 19:01","QuorumPeer.java","236618","231492","468110"
"2018-12-09 03:16","QuorumPeer.java","227356","231379","458735"
"2018-09-11 15:23","QuorumPeer.java","104531","100486","205017"
"2019-11-29 14:49","QuorumPeer.java","263341","233465","496806"
"2018-12-15 07:34","QuorumPeer.java","227271","231379","458650"
"2018-11-27 10:02","QuorumPeer.java","225032","231379","456411"
"2018-09-18 01:00","QuorumPeer.java","105933","100633","206566"
"2019-06-03 19:40","QuorumPeer.java","240178","231528","471706"
"2019-07-15 14:15","QuorumPeer.java","250267","231529","481796"
"2019-07-03 00:44","QuorumPeer.java","242860","231528","474388"
"2019-08-17 17:13","QuorumPeer.java","254848","231529","486377"
"2019-05-15 11:56","QuorumPeer.java","239582","231509","471091"
"2019-06-05 00:33","QuorumPeer.java","240568","231528","472096"
"2019-05-20 23:13","QuorumPeer.java","239702","231511","471213"
"2019-06-04 10:55","QuorumPeer.java","240331","231528","471859"
"2019-07-12 17:01","QuorumPeer.java","250161","231529","481690"
"2020-01-09 11:27","QuorumPeer.java","264889","233467","498356"
"2018-10-01 06:11","QuorumPeer.java","109216","101337","210553"
"2018-07-04 17:11","QuorumPeer.java","10631","10613","21244"
"2019-12-17 13:48","QuorumPeer.java","263913","233465","497378"
"2020-01-23 13:43","QuorumPeer.java","266713","233467","500180"
"2018-12-06 10:56","QuorumPeer.java","225226","231379","456605"
"2019-10-10 14:37","QuorumPeer.java","258602","231530","490132"
"2018-07-27 12:32","QuorumPeer.java","22615","21397","44012"
"2019-04-18 19:17","QuorumPeer.java","237328","231492","468820"
"2020-02-16 10:25","QuorumPeer.java","267426","233467","500893"
"2019-10-10 14:37","FourLetterWordsTest.java","259719","219061","478780"
"2015-11-08 22:36","FourLetterWordsTest.java","1160","177","1337"
"2019-08-17 17:13","FourLetterWordsTest.java","255966","219061","475027"
"2019-05-08 21:54","FourLetterWordsTest.java","240450","219043","459493"
"2019-10-10 14:37","FourLetterWordsWhiteListTest.java","259018","224242","483260"
"2019-08-17 17:13","FourLetterWordsWhiteListTest.java","255265","224242","479507"
"2019-08-17 17:13","Leader.java","255887","221449","477336"
"2019-06-29 00:33","Leader.java","243873","221448","465321"
"2019-06-03 19:40","Leader.java","241217","221448","462665"
"2019-07-15 14:15","Leader.java","251306","221449","472755"
"2019-07-25 21:41","Leader.java","252370","221449","473819"
"2018-05-10 06:00","Leader.java","21023","10611","31634"
"2018-07-12 01:33","Leader.java","32080","20735","52815"
"2018-02-07 01:05","Leader.java","18473","10195","28668"
"2017-11-28 00:10","Leader.java","17134","9711","26845"
"2019-06-05 00:33","Leader.java","241607","221448","463055"
"2019-08-03 08:42","Leader.java","256595","221449","478044"
"2019-06-05 23:57","Leader.java","241876","221448","463324"
"2017-01-13 19:29","Leader.java","8453","2547","11000"
"2019-01-07 14:55","Leader.java","230659","221330","451989"
"2019-04-12 19:01","Leader.java","237675","221430","459105"
"2018-12-09 03:16","Leader.java","228425","221329","449754"
"2018-08-17 14:40","Leader.java","92602","78961","171563"
"2019-11-29 14:49","Leader.java","264022","223027","487049"
"2018-11-27 10:02","Leader.java","226101","221329","447430"
"2017-02-15 23:04","Leader.java","8986","6036","15022"
"2018-08-29 06:26","Leader.java","116916","103067","219983"
"2018-08-03 18:52","Leader.java","44177","31334","75511"
"2017-09-11 18:55","Leader.java","12758","9192","21950"
"2018-09-18 01:00","Leader.java","124864","108445","233309"
"2016-12-20 14:47","Leader.java","7502","2438","9940"
"2020-03-25 03:38","Leader.java","270252","223029","493281"
"2019-12-27 22:33","Leader.java","266144","223028","489172"
"2016-08-13 15:01","Leader.java","1469","666","2135"
"2019-10-10 14:37","Leader.java","259640","221449","481089"
"2019-12-27 22:33","FollowerZooKeeperServer.java","4647","875","5522"
"2020-03-19 17:09","Learner.java","128686","115094","243780"
"2020-02-03 04:30","Learner.java","127127","115040","242167"
"2020-01-23 13:43","Learner.java","126467","114937","241404"
"2020-03-25 03:38","Learner.java","129553","115165","244718"
"2019-11-28 12:24","Learner.java","120173","113664","233837"
"2019-12-27 22:33","Learner.java","124281","114000","238281"
"2020-01-25 18:48","Learner.java","126663","114943","241606"
"2020-05-03 19:43","Learner.java","130798","115474","246272"
"2019-10-10 14:37","Learner.java","116649","111293","227942"
"2019-06-03 19:40","Learner.java","82447","95513","177960"
"2019-07-15 14:15","Learner.java","95116","98094","193210"
"2019-08-23 19:43","Learner.java","112149","109880","222029"
"2019-08-17 17:13","Learner.java","111485","109882","221367"
"2019-04-09 15:35","Learner.java","77160","94700","171860"
"2019-07-12 17:01","Learner.java","95010","98094","193104"
"2019-07-02 07:34","Learner.java","86625","97079","183704"
"2018-12-09 03:16","Learner.java","61230","86969","148199"
"2019-11-29 14:49","Learner.java","122062","113902","235964"
"2018-11-27 10:02","Learner.java","58568","86631","145199"
"2019-08-17 17:13","WatchManagerOptimized.java","50361","30069","80430"
"2019-04-12 19:01","WatchManagerOptimized.java","2851","752","3603"
"2018-06-08 16:52","ZooKeeperServerMXBean.java","81019","25960","106979"
"2019-09-16 23:26","ZooKeeperServerMXBean.java","259668","178028","437696"
"2019-11-14 03:54","ZooKeeperServerMXBean.java","264686","178056","442742"
"2015-12-07 06:26","ZooKeeperServerMXBean.java","60353","16911","77264"
"2020-03-25 03:38","ZooKeeperServerMXBean.java","270743","179337","450080"
"2019-05-22 11:39","ZooKeeperServerMXBean.java","241849","178028","419877"
"2019-07-30 02:31","ZooKeeperServerMXBean.java","254570","178028","432598"
"2018-02-07 01:05","ZooKeeperServerMXBean.java","78149","25688","103837"
"2018-07-12 01:33","ZooKeeperServerMXBean.java","89375","33847","123222"
"2019-08-17 17:13","ZooKeeperServerMXBean.java","256649","178028","434677"
"2017-04-28 07:14","ZooKeeperServerMXBean.java","71249","23218","94467"
"2019-01-14 19:38","ZooKeeperServerMXBean.java","231863","177950","409813"
"2015-07-10 08:19","ZooKeeperServerMXBean.java","58319","16603","74922"
"2019-07-08 23:26","ZooKeeperServerMXBean.java","245425","178028","423453"
"2019-01-23 14:00","ZooKeeperServerMXBean.java","233299","177951","411250"
"2019-06-03 19:40","ReconfigBackupTest.java","241217","222019","463236"
"2019-08-17 17:13","ReconfigBackupTest.java","255887","222020","477907"
"2016-11-13 20:59","ReconfigBackupTest.java","4196","610","4806"
"2016-09-09 00:10","LoadFromLogTest.java","67232","20876","88108"
"2012-03-06 09:20","LoadFromLogTest.java","2143","860","3003"
"2019-10-10 14:37","LoadFromLogTest.java","260409","176988","437397"
"2014-02-10 21:50","LoadFromLogTest.java","31706","7810","39516"
"2019-08-17 17:13","LoadFromLogTest.java","256656","176988","433644"
"2019-06-07 14:13","LoadFromLogTest.java","242760","176988","419748"
"2017-12-06 23:14","LoadFromLogTest.java","78451","25867","104318"
"2013-06-28 23:22","LoadFromLogTest.java","23917","7030","30947"
"2019-11-29 14:49","QuorumUtil.java","264150","205412","469562"
"2019-08-17 17:13","QuorumUtil.java","256154","203973","460127"
"2020-03-12 14:47","QuorumUtil.java","269537","205413","474950"
"2019-07-12 17:01","QuorumUtil.java","251467","203973","455440"
"2019-10-10 14:37","QuorumUtil.java","259907","203973","463880"
"2018-12-20 15:13","QuorumPeer.java","227578","231907","459485"
"2019-05-16 16:25","QuorumPeer.java","238941","232041","470982"
"2018-10-16 16:22","QuorumPeer.java","219565","199067","418632"
"2019-06-14 09:06","QuorumPeer.java","242160","232061","474221"
"2018-12-07 12:41","QuorumPeer.java","224591","231906","456497"
"2019-03-11 19:47","QuorumPeer.java","234042","231943","465985"
"2019-02-13 13:12","QuorumPeer.java","232989","231942","464931"
"2019-04-12 19:01","QuorumPeer.java","235932","232024","467956"
"2018-12-09 03:16","QuorumPeer.java","226665","231906","458571"
"2018-09-11 15:23","QuorumPeer.java","91606","88779","180385"
"2019-11-29 14:49","QuorumPeer.java","262658","234000","496658"
"2018-12-15 07:34","QuorumPeer.java","226580","231906","458486"
"2018-11-27 10:02","QuorumPeer.java","224341","231906","456247"
"2018-09-18 01:00","QuorumPeer.java","93013","88931","181944"
"2019-06-03 19:40","QuorumPeer.java","239493","232061","471554"
"2019-07-15 14:15","QuorumPeer.java","249582","232062","481644"
"2019-07-03 00:44","QuorumPeer.java","242175","232061","474236"
"2019-08-17 17:13","QuorumPeer.java","254163","232062","486225"
"2019-05-15 11:56","QuorumPeer.java","238896","232041","470937"
"2019-06-05 00:33","QuorumPeer.java","239883","232061","471944"
"2019-05-20 23:13","QuorumPeer.java","239017","232044","471061"
"2019-06-04 10:55","QuorumPeer.java","239646","232061","471707"
"2019-07-12 17:01","QuorumPeer.java","249476","232062","481538"
"2020-01-09 11:27","QuorumPeer.java","264206","234002","498208"
"2018-10-01 06:11","QuorumPeer.java","96297","89636","185933"
"2019-12-17 13:48","QuorumPeer.java","263230","234000","497230"
"2020-01-23 13:43","QuorumPeer.java","266030","234002","500032"
"2018-12-06 10:56","QuorumPeer.java","224535","231906","456441"
"2019-10-10 14:37","QuorumPeer.java","257917","232063","489980"
"2019-04-18 19:17","QuorumPeer.java","236642","232024","468666"
"2020-02-16 10:25","QuorumPeer.java","266743","234002","500745"
"2018-10-08 14:33","ConfigUtilsTest.java","216603","199062","415665"
"2019-08-17 17:13","ConfigUtilsTest.java","254163","232062","486225"
"2019-08-17 17:13","SaslQuorumServerCallbackHandler.java","255079","228064","483143"
"2019-11-21 05:58","NIOServerCnxn.java","260678","220281","480959"
"2015-11-08 22:36","NIOServerCnxn.java","1679","371","2050"
"2019-11-18 09:05","NIOServerCnxn.java","260655","220281","480936"
"2019-09-16 23:26","NIOServerCnxn.java","258986","218737","477723"
"2019-10-10 14:37","NIOServerCnxn.java","259720","218737","478457"
"2018-09-28 23:38","NIOServerCnxn.java","133283","111498","244781"
"2020-02-11 06:50","NIOServerCnxn.java","268032","220283","488315"
"2019-01-23 14:00","NIOServerCnxn.java","232583","218626","451209"
"2019-07-08 23:26","NIOServerCnxn.java","244742","218736","463478"
"2019-04-12 19:01","NIOServerCnxn.java","237756","218719","456475"
"2019-01-14 19:38","NIOServerCnxn.java","231147","218625","449772"
"2018-11-17 18:33","NIOServerCnxn.java","223928","218623","442551"
"2017-03-04 19:22","NIOServerCnxn.java","16060","9853","25913"
"2016-12-22 23:23","NIOServerCnxn.java","14721","6524","21245"
"2018-09-18 01:00","NIOServerCnxn.java","130033","110822","240855"
"2019-08-17 17:13","NIOServerCnxn.java","255967","218737","474704"
"2019-07-03 00:44","NIOServerCnxn.java","243979","218736","462715"
"2019-08-03 08:42","NIOServerCnxn.java","256675","218737","475412"
"2016-11-16 06:21","NIOServerCnxn.java","13207","5711","18918"
"2015-03-08 23:07","LearnerSessionTracker.java","6426","1501","7927"
"2019-10-10 14:37","LearnerSessionTracker.java","259904","210259","470163"
"2019-09-20 10:02","LearnerSessionTracker.java","259071","210259","469330"
"2019-08-17 17:13","LearnerSessionTracker.java","256151","210259","466410"
"2018-08-08 06:21","LearnerSessionTracker.java","108138","83371","191509"
"2019-02-06 09:46","ZooKeeper.java","233750","206504","440254"
"2019-01-16 14:21","ZooKeeper.java","232026","206503","438529"
"2017-04-18 02:02","ZooKeeper.java","31896","13049","44945"
"2019-11-08 17:30","ZooKeeper.java","261796","206639","468435"
"2019-02-07 11:26","ZooKeeper.java","234379","206504","440883"
"2017-05-01 17:19","ZooKeeper.java","32039","13065","45104"
"2019-08-17 17:13","ZooKeeper.java","256154","206611","462765"
"2015-06-04 19:51","ZooKeeper.java","14893","2935","17828"
"2016-10-07 21:51","ZooKeeper.java","26000","8991","34991"
"2015-03-16 09:09","ZooKeeper.java","10785","1871","12656"
"2015-03-17 18:06","ZooKeeper.java","11606","1982","13588"
"2016-05-02 18:15","ZooKeeper.java","21986","7743","29729"
"2019-06-26 10:57","ZooKeeper.java","244004","206611","450615"
"2019-06-03 19:40","ZooKeeper.java","241485","206611","448096"
"2018-05-09 23:57","ZooKeeper.java","41922","16690","58612"
"2019-08-03 08:42","ZooKeeper.java","256862","206611","463473"
"2016-11-13 20:59","ZooKeeper.java","28448","9186","37634"
"2017-07-28 00:36","ZooKeeper.java","33426","15318","48744"
"2017-08-18 23:35","ZooKeeper.java","34009","15416","49425"
"2017-07-04 07:56","ZooKeeper.java","33015","14297","47312"
"2020-04-16 12:50","ZooKeeper.java","271168","208051","479219"
"2018-07-27 05:16","ZooKeeper.java","62663","35413","98076"
"2019-10-10 14:37","ZooKeeper.java","259907","206611","466518"
"2019-02-11 12:34","ZooKeeper.java","234742","206504","441246"
"2020-05-17 15:13","ZooKeeper.java","271550","208062","479612"
"2017-01-09 22:49","ZooKeeper.java","30851","10021","40872"
"2019-03-12 19:08","ZooKeeper.java","236187","206521","442708"
"2014-07-22 06:51","ZooKeeper.java","4829","631","5460"
"2019-11-21 05:58","NIOServerCnxn.java","260702","218605","479307"
"2015-11-08 22:36","NIOServerCnxn.java","5660","2652","8312"
"2019-11-18 09:05","NIOServerCnxn.java","260679","218605","479284"
"2019-09-16 23:26","NIOServerCnxn.java","259102","217153","476255"
"2019-10-10 14:37","NIOServerCnxn.java","259836","217153","476989"
"2018-09-28 23:38","NIOServerCnxn.java","136703","113218","249921"
"2020-02-11 06:50","NIOServerCnxn.java","268056","218607","486663"
"2019-01-23 14:00","NIOServerCnxn.java","232700","217043","449743"
"2019-07-08 23:26","NIOServerCnxn.java","244858","217152","462010"
"2019-04-12 19:01","NIOServerCnxn.java","237873","217136","455009"
"2019-01-14 19:38","NIOServerCnxn.java","231264","217042","448306"
"2018-11-17 18:33","NIOServerCnxn.java","224045","217040","441085"
"2017-03-04 19:22","NIOServerCnxn.java","19782","11875","31657"
"2016-12-22 23:23","NIOServerCnxn.java","18572","8675","27247"
"2018-09-18 01:00","NIOServerCnxn.java","133455","112544","245999"
"2019-08-17 17:13","NIOServerCnxn.java","256083","217153","473236"
"2015-06-28 21:09","NIOServerCnxn.java","3989","2289","6278"
"2019-07-03 00:44","NIOServerCnxn.java","244095","217152","461247"
"2019-08-03 08:42","NIOServerCnxn.java","256791","217153","473944"
"2016-11-16 06:21","NIOServerCnxn.java","17070","7874","24944"
"2019-12-27 22:33","LeaderBeanTest.java","215107","185632","400739"
"2019-08-17 17:13","LeaderBeanTest.java","203477","182680","386157"
"2019-01-07 14:55","LeaderBeanTest.java","178054","182366","360420"
"2018-12-07 12:41","LeaderBeanTest.java","167487","176106","343593"
"2016-11-24 17:18","PurgeTxnLog.java","179381","20408","199789"
"2020-01-30 09:43","PurgeTxnLog.java","268637","72935","341572"
"2009-01-31 02:18","PurgeTxnLog.java","37514","9076","46590"
"2017-07-28 00:36","PurgeTxnLog.java","178088","20837","198925"
"2019-08-17 17:13","PurgeTxnLog.java","257710","72482","330192"
"2014-05-18 03:01","PurgeTxnLog.java","156101","19720","175821"
"2019-10-10 14:37","PurgeTxnLog.java","261463","72482","333945"
"2015-11-08 22:21","PurgeTxnLog.java","172711","19997","192708"
"2019-11-28 12:24","PurgeTxnLog.java","263069","72935","336004"
"2015-11-22 00:33","PurgeTxnLog.java","173127","20000","193127"
"2017-01-23 02:13","PurgeTxnLog.java","180802","20447","201249"
"2017-09-11 18:55","CSharpGenerator.java","109609","38480","148089"
"2019-07-29 17:15","CSharpGenerator.java","254590","167551","422141"
"2018-11-17 18:33","DumbWatcher.java","133712","150192","283904"
"2019-01-14 19:38","DumbWatcher.java","147211","156474","303685"
"2019-08-17 17:13","DumbWatcher.java","174218","158773","332991"
"2019-11-18 09:05","DumbWatcher.java","180358","161769","342127"
"2019-10-10 14:37","ZooKeeperSaslClient.java","58260","32174","90434"
"2020-02-04 10:39","ZooKeeperSaslClient.java","71959","39142","111101"
"2019-08-03 08:42","ZooKeeperSaslClient.java","31580","8539","40119"
"2019-08-17 17:13","ZooKeeperSaslClient.java","52449","30116","82565"
"2019-10-10 14:37","LeaderElectionSupport.java","5697","2537","8234"
"2019-12-28 16:17","GetAllChildrenNumberTest.java","18815","10230","29045"
"2019-11-14 03:54","ServerCnxnFactory.java","263204","224380","487584"
"2019-11-11 13:59","ServerCnxnFactory.java","262605","224380","486985"
"2018-10-24 04:03","ServerCnxnFactory.java","231393","202280","433673"
"2019-02-13 13:12","ServerCnxnFactory.java","233979","224218","458197"
"2019-08-17 17:13","ServerCnxnFactory.java","255146","224331","479477"
"2019-06-07 14:13","ServerCnxnFactory.java","241249","224330","465579"
"2019-07-03 00:44","ServerCnxnFactory.java","243158","224330","467488"
"2019-08-17 17:13","DeserializationPerfTest.java","256932","178405","435337"
"2014-04-25 21:35","DeserializationPerfTest.java","57713","19824","77537"
"2019-10-10 14:37","DeserializationPerfTest.java","260685","178405","439090"
"2019-09-11 10:27","SerializeUtils.java","258288","178405","436693"
"2013-03-07 07:01","SerializeUtils.java","39549","12977","52526"
"2011-07-01 00:53","SerializeUtils.java","6351","1706","8057"
"2019-08-17 17:13","SerializeUtils.java","256932","178405","435337"
"2015-06-04 19:51","SerializeUtils.java","74960","21330","96290"
"2016-10-07 21:51","SerializeUtils.java","83275","24594","107869"
"2018-02-07 01:05","SerializeUtils.java","93197","28142","121339"
"2011-06-23 18:01","SerializeUtils.java","3281","1186","4467"
"2019-12-27 22:33","SerializeUtils.java","266704","179499","446203"
"2012-12-19 19:16","SerializeUtils.java","34481","12465","46946"
"2020-04-30 18:53","RequestThrottler.java","3261","2361","5622"
"2014-03-25 22:13","QuorumPeerMainTest.java","26390","4946","31336"
"2018-05-10 00:14","QuorumPeerMainTest.java","76619","24397","101016"
"2018-10-05 14:25","QuorumPeerMainTest.java","222681","160785","383466"
"2018-07-17 10:41","QuorumPeerMainTest.java","96480","42611","139091"
"2018-07-27 12:32","QuorumPeerMainTest.java","97046","42666","139712"
"2013-10-09 22:21","QuorumPeerMainTest.java","21406","4373","25779"
"2015-11-03 08:11","QuorumPeerMainTest.java","55287","14926","70213"
"2020-01-23 13:43","QuorumPeerMainTest.java","267707","181299","449006"
"2019-10-10 14:37","QuorumPeerMainTest.java","260221","179987","440208"
"2019-12-28 16:17","QuorumPeerMainTest.java","266365","181299","447664"
"2017-12-16 01:25","QuorumPeerMainTest.java","73633","24123","97756"
"2018-01-19 00:52","QuorumPeerMainTest.java","73792","24169","97961"
"2018-04-30 06:34","QuorumPeerMainTest.java","75987","24396","100383"
"2019-07-25 21:41","QuorumPeerMainTest.java","252951","179987","432938"
"2019-08-17 17:13","QuorumPeerMainTest.java","256468","179987","436455"
"2018-02-23 23:49","QuorumPeerMainTest.java","74913","24248","99161"
"2014-01-09 20:21","QuorumPeerMainTest.java","23459","4580","28039"
"2019-07-02 07:34","QuorumPeerMainTest.java","244411","179987","424398"
"2019-05-20 17:18","QuorumPeerMainTest.java","241243","179971","421214"
"2018-10-16 16:22","QuorumPeerMainTest.java","235666","160788","396454"
"2015-02-06 06:17","QuorumPeerMainTest.java","48515","13175","61690"
"2018-08-29 06:26","QuorumPeerMainTest.java","158402","102510","260912"
"2018-08-03 18:52","QuorumPeerMainTest.java","97555","42669","140224"
"2018-09-11 15:23","QuorumPeerMainTest.java","164852","107645","272497"
"2019-08-17 17:13","Leader.java","255887","221557","477444"
"2019-06-29 00:33","Leader.java","243873","221556","465429"
"2019-06-03 19:40","Leader.java","241217","221556","462773"
"2019-07-15 14:15","Leader.java","251306","221557","472863"
"2019-07-25 21:41","Leader.java","252370","221557","473927"
"2018-05-10 06:00","Leader.java","20889","10585","31474"
"2018-07-12 01:33","Leader.java","31946","20709","52655"
"2018-02-07 01:05","Leader.java","18339","10169","28508"
"2017-11-28 00:10","Leader.java","17000","9685","26685"
"2019-06-05 00:33","Leader.java","241607","221556","463163"
"2019-08-03 08:42","Leader.java","256595","221557","478152"
"2019-06-05 23:57","Leader.java","241876","221556","463432"
"2017-01-13 19:29","Leader.java","8316","2518","10834"
"2019-01-07 14:55","Leader.java","230659","221438","452097"
"2019-04-12 19:01","Leader.java","237675","221538","459213"
"2018-12-09 03:16","Leader.java","228425","221437","449862"
"2018-08-17 14:40","Leader.java","92469","78936","171405"
"2019-11-29 14:49","Leader.java","264022","223135","487157"
"2018-11-27 10:02","Leader.java","226101","221437","447538"
"2017-02-15 23:04","Leader.java","8852","6010","14862"
"2018-08-29 06:26","Leader.java","116783","103042","219825"
"2018-08-03 18:52","Leader.java","44044","31309","75353"
"2017-09-11 18:55","Leader.java","12624","9166","21790"
"2018-09-18 01:00","Leader.java","124731","108420","233151"
"2016-12-20 14:47","Leader.java","7365","2409","9774"
"2020-03-25 03:38","Leader.java","270252","223137","493389"
"2019-12-27 22:33","Leader.java","266144","223136","489280"
"2016-08-13 15:01","Leader.java","1326","631","1957"
"2019-10-10 14:37","Leader.java","259640","221557","481197"
"2019-10-10 14:37","LoadFromLogNoServerTest.java","7470","3717","11187"
"2019-09-10 15:21","LoadFromLogNoServerTest.java","2737","1694","4431"
"2014-03-25 22:13","QuorumPeerMainTest.java","3043","478","3521"
"2018-05-10 00:14","QuorumPeerMainTest.java","57692","24349","82041"
"2018-10-05 14:25","QuorumPeerMainTest.java","222201","179184","401385"
"2018-07-17 10:41","QuorumPeerMainTest.java","77819","42829","120648"
"2018-07-27 12:32","QuorumPeerMainTest.java","78403","42902","121305"
"2015-11-03 08:11","QuorumPeerMainTest.java","34305","12823","47128"
"2020-01-23 13:43","QuorumPeerMainTest.java","267636","200107","467743"
"2019-10-10 14:37","QuorumPeerMainTest.java","260045","198690","458735"
"2019-12-28 16:17","QuorumPeerMainTest.java","266294","200107","466401"
"2017-12-16 01:25","QuorumPeerMainTest.java","54688","24057","78745"
"2018-01-19 00:52","QuorumPeerMainTest.java","54848","24104","78952"
"2018-04-30 06:34","QuorumPeerMainTest.java","57053","24341","81394"
"2019-07-25 21:41","QuorumPeerMainTest.java","252775","198690","451465"
"2019-08-17 17:13","QuorumPeerMainTest.java","256292","198690","454982"
"2018-02-23 23:49","QuorumPeerMainTest.java","55975","24189","80164"
"2019-07-02 07:34","QuorumPeerMainTest.java","244235","198690","442925"
"2019-05-20 17:18","QuorumPeerMainTest.java","241067","198674","439741"
"2018-10-16 16:22","QuorumPeerMainTest.java","235186","179187","414373"
"2015-02-06 06:17","QuorumPeerMainTest.java","27034","10573","37607"
"2018-08-29 06:26","QuorumPeerMainTest.java","143967","106954","250921"
"2018-08-03 18:52","QuorumPeerMainTest.java","79051","43044","122095"
"2018-09-11 15:23","QuorumPeerMainTest.java","150451","112123","262574"
"2010-01-26 01:17","SessionTrackerImpl.java","37670","8605","46275"
"2009-11-07 01:48","SessionTrackerImpl.java","24075","6930","31005"
"2019-10-10 14:37","SessionTrackerImpl.java","261256","129742","390998"
"2019-09-20 10:02","SessionTrackerImpl.java","260423","129742","390165"
"2011-04-12 09:14","SessionTrackerImpl.java","70513","21279","91792"
"2011-11-14 20:18","SessionTrackerImpl.java","80709","24150","104859"
"2010-08-18 08:24","SessionTrackerImpl.java","75252","17063","92315"
"2013-10-09 22:21","SessionTrackerImpl.java","103638","26178","129816"
"2020-03-26 22:16","SessionTrackerImpl.java","270931","130378","401309"
"2015-03-08 23:07","SessionTrackerImpl.java","124141","28200","152341"
"2014-07-25 00:58","SessionTrackerImpl.java","119682","28019","147701"
"2014-07-23 20:17","SessionTrackerImpl.java","119676","28019","147695"
"2012-09-17 09:53","SessionTrackerImpl.java","87664","24931","112595"
"2015-02-06 06:17","SessionTrackerImpl.java","123943","28176","152119"
"2014-07-18 02:19","SessionTrackerImpl.java","119007","27991","146998"
"2018-09-18 01:00","SessionTrackerImpl.java","200794","81905","282699"
"2009-06-15 22:52","SessionTrackerImpl.java","4603","1420","6023"
"2009-06-26 22:29","SessionTrackerImpl.java","15968","4151","20119"
"2019-09-05 23:12","SessionTrackerImpl.java","258422","129742","388164"
"2019-08-17 17:13","SessionTrackerImpl.java","257503","129742","387245"
"2018-08-08 06:21","SessionTrackerImpl.java","179736","63953","243689"
"2018-05-09 23:57","SessionTrackerImpl.java","144382","31785","176167"
"2019-04-22 19:15","SessionTrackerImpl.java","240285","129742","370027"
"2012-12-19 19:07","SessionTrackerImpl.java","92288","25460","117748"
"2017-09-11 18:55","QuorumBase.java","91941","40622","132563"
"2012-04-23 01:20","QuorumBase.java","29940","24230","54170"
"2019-07-12 17:01","QuorumBase.java","252298","187413","439711"
"2012-12-11 08:42","QuorumBase.java","35937","25048","60985"
"2019-08-17 17:13","QuorumBase.java","256985","187413","444398"
"2019-08-01 07:31","QuorumBase.java","257656","187413","445069"
"2018-08-08 06:21","QuorumBase.java","160019","98953","258972"
"2019-10-10 14:37","QuorumBase.java","260738","187413","448151"
"2020-03-25 03:38","QuorumBase.java","270843","188486","459329"
"2014-07-18 19:46","QuorumBase.java","70366","33840","104206"
"2011-05-20 01:17","QuorumBase.java","6674","14810","21484"
"2013-10-09 22:21","QuorumBase.java","49599","26856","76455"
"2014-06-25 19:25","QuorumBase.java","64764","33234","97998"
"2011-04-12 09:14","QuorumBase.java","5707","14662","20369"
"2012-06-30 08:30","KerberosName.java","5128","2705","7833"
"2019-08-17 17:13","KerberosName.java","256649","177845","434494"
"2010-01-26 01:17","SessionTrackerImpl.java","23202","5954","29156"
"2009-11-07 01:48","SessionTrackerImpl.java","8865","3537","12402"
"2019-10-10 14:37","SessionTrackerImpl.java","261253","141556","402809"
"2019-09-20 10:02","SessionTrackerImpl.java","260420","141556","401976"
"2011-04-12 09:14","SessionTrackerImpl.java","60498","23081","83579"
"2011-11-14 20:18","SessionTrackerImpl.java","73216","26425","99641"
"2010-08-18 08:24","SessionTrackerImpl.java","64582","18210","82792"
"2013-10-09 22:21","SessionTrackerImpl.java","97686","29994","127680"
"2020-03-26 22:16","SessionTrackerImpl.java","270931","142195","413126"
"2015-03-08 23:07","SessionTrackerImpl.java","118336","32163","150499"
"2014-07-25 00:58","SessionTrackerImpl.java","113873","31978","145851"
"2014-07-23 20:17","SessionTrackerImpl.java","113867","31978","145845"
"2012-09-17 09:53","SessionTrackerImpl.java","81284","28319","109603"
"2015-02-06 06:17","SessionTrackerImpl.java","118136","32137","150273"
"2014-07-18 02:19","SessionTrackerImpl.java","113191","31943","145134"
"2018-09-18 01:00","SessionTrackerImpl.java","197222","88101","285323"
"2019-09-05 23:12","SessionTrackerImpl.java","258419","141556","399975"
"2019-08-17 17:13","SessionTrackerImpl.java","257500","141556","399056"
"2018-08-08 06:21","SessionTrackerImpl.java","175503","69488","244991"
"2018-05-09 23:57","SessionTrackerImpl.java","138944","36115","175059"
"2019-04-22 19:15","SessionTrackerImpl.java","240282","141556","381838"
"2012-12-19 19:07","SessionTrackerImpl.java","86307","29247","115554"
"2019-10-10 14:37","SessionTrackerImpl.java","5160","2326","7486"
"2019-09-20 10:02","SessionTrackerImpl.java","2871","870","3741"
"2020-03-26 22:16","SessionTrackerImpl.java","22740","10867","33607"
"2019-12-27 22:33","FileTxnLog.java","61187","37840","99027"
"2019-10-10 14:37","FileTxnLog.java","50347","31925","82272"
"2020-01-28 17:26","FileTxnLog.java","64326","39259","103585"
"2019-08-17 17:13","FileTxnLog.java","44192","29523","73715"
"2019-08-03 08:42","FileTxnLog.java","22321","6944","29265"
"2018-12-09 03:16","LeaderZooKeeperServer.java","228925","196819","425744"
"2018-11-21 17:56","LeaderZooKeeperServer.java","224356","196818","421174"
"2019-06-04 10:55","LeaderZooKeeperServer.java","241851","196919","438770"
"2015-06-04 19:51","LeaderZooKeeperServer.java","33308","11445","44753"
"2019-08-17 17:13","LeaderZooKeeperServer.java","256367","196919","453286"
"2019-06-03 19:40","LeaderZooKeeperServer.java","241698","196919","438617"
"2019-11-25 15:37","LeaderZooKeeperServer.java","262523","198267","460790"
"2019-12-27 22:33","LeaderZooKeeperServer.java","266393","198267","464660"
"2017-09-11 18:55","QuorumBase.java","51672","23096","74768"
"2019-07-12 17:01","QuorumBase.java","251680","196919","448599"
"2019-08-17 17:13","QuorumBase.java","256367","196919","453286"
"2019-08-01 07:31","QuorumBase.java","257038","196919","453957"
"2018-08-08 06:21","QuorumBase.java","123640","85317","208957"
"2019-10-10 14:37","QuorumBase.java","260120","196919","457039"
"2020-03-25 03:38","QuorumBase.java","270500","198267","468767"
"2014-07-18 19:46","QuorumBase.java","23412","9629","33041"
"2014-06-25 19:25","QuorumBase.java","17101","8314","25415"
"2019-05-08 21:54","SyncCallTest.java","241749","146226","387975"
"2019-08-17 17:13","SyncCallTest.java","257247","146226","403473"
"2010-03-31 06:26","SyncCallTest.java","34631","12649","47280"
"2012-12-19 19:16","SyncCallTest.java","81233","28082","109315"
"2019-09-18 11:20","SyncCallTest.java","260159","146226","406385"
"2019-10-10 14:37","SyncCallTest.java","261000","146226","407226"
"2019-12-28 16:17","QuorumTest.java","11443","6611","18054"
"2014-08-14 08:08","ReconfigRecoveryTest.java","31667","11596","43263"
"2014-07-18 20:48","ReconfigRecoveryTest.java","30380","11170","41550"
"2014-08-24 07:42","ReconfigRecoveryTest.java","32113","11685","43798"
"2017-07-06 18:48","ReconfigRecoveryTest.java","56957","22867","79824"
"2019-08-17 17:13","ReconfigRecoveryTest.java","256406","191763","448169"
"2017-09-11 18:55","ReconfigRecoveryTest.java","57866","24095","81961"
"2018-10-16 16:22","QuorumPeerConfig.java","236761","147149","383910"
"2012-04-23 01:20","QuorumPeerConfig.java","25525","10791","36316"
"2018-12-09 03:16","QuorumPeerConfig.java","229524","178339","407863"
"2019-04-12 19:01","QuorumPeerConfig.java","238740","178406","417146"
"2018-09-11 15:23","QuorumPeerConfig.java","179103","107162","286265"
"2013-03-07 07:01","QuorumPeerConfig.java","39549","12977","52526"
"2018-12-15 07:34","QuorumPeerConfig.java","229439","178339","407778"
"2019-02-13 13:12","QuorumPeerConfig.java","235825","178352","414177"
"2019-08-17 17:13","QuorumPeerConfig.java","256932","178405","435337"
"2015-03-17 18:06","QuorumPeerConfig.java","72397","21101","93498"
"2014-01-21 04:50","QuorumPeerConfig.java","47475","13753","61228"
"2012-12-16 07:43","QuorumPeerConfig.java","32071","11893","43964"
"2017-11-28 00:10","QuorumPeerConfig.java","92166","27966","120132"
"2019-06-05 00:29","QuorumPeerConfig.java","242599","178405","421004"
"2014-09-17 07:34","QuorumPeerConfig.java","68658","20815","89473"
"2020-01-09 11:27","QuorumPeerConfig.java","266129","179499","445628"
"2019-07-12 17:01","QuorumPeerConfig.java","252245","178405","430650"
"2016-11-13 20:59","QuorumPeerConfig.java","85548","24614","110162"
"2019-05-15 11:56","QuorumPeerConfig.java","241687","178406","420093"
"2014-08-19 22:50","QuorumPeerConfig.java","67572","20815","88387"
"2018-10-01 06:11","QuorumPeerConfig.java","183152","107377","290529"
"2017-07-28 00:36","QuorumPeerConfig.java","87433","27653","115086"
"2013-09-30 22:20","QuorumPeerConfig.java","42226","13269","55495"
"2017-07-06 18:48","QuorumPeerConfig.java","88298","27636","115934"
"2013-09-26 00:13","QuorumPeerConfig.java","41963","13250","55213"
"2020-01-23 13:43","QuorumPeerConfig.java","267953","179499","447452"
"2014-05-17 13:23","QuorumPeerConfig.java","58464","19847","78311"
"2014-07-04 04:19","QuorumPeerConfig.java","61194","20028","81222"
"2011-09-17 02:42","QuorumPeerConfig.java","16656","5064","21720"
"2016-06-23 19:42","QuorumPeerConfig.java","80596","24094","104690"
"2015-09-06 20:02","QuorumPeerConfig.java","77102","22294","99396"
"2015-09-29 03:56","QuorumPeerConfig.java","77317","22328","99645"
"2019-10-10 14:37","QuorumPeerConfig.java","260685","178405","439090"
"2018-07-27 12:32","QuorumPeerConfig.java","114346","45232","159578"
"2019-04-18 19:17","QuorumPeerConfig.java","239450","178406","417856"
"2016-11-03 16:07","QuorumPeerConfig.java","83858","24593","108451"
"2014-03-25 22:13","QuorumPeerConfig.java","50133","13955","64088"
"2011-09-02 22:50","QuorumPeerConfig.java","15039","1837","16876"
"2013-10-09 22:21","QuorumPeerConfig.java","45363","13596","58959"
"2014-08-01 07:38","QuorumPeerConfig.java","66988","20766","87754"
"2014-08-14 08:08","QuorumPeerConfig.java","67408","20765","88173"
"2020-02-16 10:25","QuorumPeerConfig.java","268666","179499","448165"
"2020-05-14 18:18","QuorumPeerConfig.java","271893","179501","451394"
"2017-05-11 16:59","QuorumPeerConfig.java","87357","27562","114919"
"2016-05-02 18:15","SaslClientTest.java","43819","16477","60296"
"2019-08-17 17:13","SaslClientTest.java","256369","193727","450096"
"2015-07-07 07:11","CommandResponseTest.java","12639","3799","16438"
"2019-08-17 17:13","CommandResponseTest.java","256151","210259","466410"
"2019-08-17 17:13","WatchesPathReportTest.java","174218","158773","332991"
"2019-09-18 11:20","ReconfigTest.java","68159","37905","106064"
"2019-05-03 17:37","ReconfigTest.java","20205","8741","28946"
"2019-05-08 21:54","ReconfigTest.java","20624","8780","29404"
"2019-08-17 17:13","ReconfigTest.java","63823","36481","100304"
"2019-11-29 14:49","ReconfigTest.java","77796","43897","121693"
"2018-09-15 00:08","ZooKeeperServer.java","172959","114415","287374"
"2019-04-12 19:01","ZooKeeperServer.java","238569","179546","418115"
"2019-07-31 19:06","ZooKeeperServer.java","256068","179545","435613"
"2019-09-11 10:27","ZooKeeperServer.java","258117","179545","437662"
"2019-01-14 19:38","ZooKeeperServer.java","231994","179486","411480"
"2019-01-07 15:34","ZooKeeperServer.java","231595","179486","411081"
"2018-11-21 17:56","ZooKeeperServer.java","224791","179485","404276"
"2012-01-31 07:45","ZooKeeperServer.java","5615","7605","13220"
"2017-04-28 07:14","ZooKeeperServer.java","76223","29597","105820"
"2017-02-12 00:12","ZooKeeperServer.java","75275","29548","104823"
"2014-07-18 02:19","ZooKeeperServer.java","52831","21507","74338"
"2013-12-11 19:22","ZooKeeperServer.java","33513","14351","47864"
"2019-02-13 13:12","ZooKeeperServer.java","235661","179499","415160"
"2012-02-11 00:34","ZooKeeperServer.java","6637","8042","14679"
"2016-11-24 17:18","ZooKeeperServer.java","75194","27691","102885"
"2018-07-19 05:59","ZooKeeperServer.java","104826","50215","155041"
"2018-09-18 01:00","ZooKeeperServer.java","173669","114472","288141"
"2019-03-04 08:07","ZooKeeperServer.java","236236","179497","415733"
"2019-07-08 23:26","ZooKeeperServer.java","245537","179545","425082"
"2019-01-23 14:00","ZooKeeperServer.java","233430","179487","412917"
"2019-02-13 13:19","ZooKeeperServer.java","235947","179499","415446"
"2019-05-14 17:11","ZooKeeperServer.java","241429","179546","420975"
"2013-01-25 02:17","ZooKeeperServer.java","20655","12481","33136"
"2015-07-10 08:19","ZooKeeperServer.java","63752","23441","87193"
"2019-06-04 10:55","ZooKeeperServer.java","242245","179545","421790"
"2019-04-09 15:35","ZooKeeperServer.java","237571","179498","417069"
"2019-08-03 08:42","ZooKeeperServer.java","257469","179545","437014"
"2019-05-15 11:56","ZooKeeperServer.java","241516","179546","421062"
"2019-05-22 11:39","ZooKeeperServer.java","241962","179546","421508"
"2019-04-22 19:15","ZooKeeperServer.java","239544","179546","419090"
"2018-02-23 23:49","ZooKeeperServer.java","83507","32107","115614"
"2016-11-16 06:21","ZooKeeperServer.java","74620","27138","101758"
"2012-12-19 19:07","ZooKeeperServer.java","19566","12430","31996"
"2017-08-18 06:32","ZooKeeperServer.java","77551","31385","108936"
"2017-06-26 00:16","ZooKeeperServer.java","76814","30656","107470"
"2019-09-10 04:26","ZooKeeperServer.java","257806","179545","437351"
"2019-08-17 17:13","ZooKeeperServer.java","256761","179545","436306"
"2019-09-05 23:12","ZooKeeperServer.java","257680","179545","437225"
"2019-09-10 15:21","ZooKeeperServer.java","257804","179545","437349"
"2019-08-01 07:31","ZooKeeperServer.java","257432","179545","436977"
"2019-08-01 07:28","ZooKeeperServer.java","256942","179545","436487"
"2019-06-03 19:40","ZooKeeperServer.java","242092","179545","421637"
"2015-03-17 18:06","ZooKeeperServer.java","59390","22093","81483"
"2019-11-23 17:08","ZooKeeperServer.java","262672","180755","443427"
"2019-10-09 16:49","ZooKeeperServer.java","260347","179545","439892"
"2019-07-03 00:44","ZooKeeperServer.java","244774","179545","424319"
"2018-01-19 01:12","ZooKeeperServer.java","82386","32028","114414"
"2019-07-24 18:00","ZooKeeperServer.java","253216","179545","432761"
"2013-05-16 18:49","ZooKeeperServer.java","26258","13534","39792"
"2018-08-08 06:21","ZooKeeperServer.java","147826","91735","239561"
"2018-05-09 23:57","ZooKeeperServer.java","85157","32252","117409"
"2019-12-27 22:33","ZooKeeperServer.java","266649","180755","447404"
"2016-08-13 15:01","ZooKeeperServer.java","70316","26735","97051"
"2018-09-11 00:17","ZooKeeperServer.java","171406","114411","285817"
"2019-11-18 09:05","ZooKeeperServer.java","261115","180755","441870"
"2019-10-10 14:37","ZooKeeperServer.java","260514","179545","440059"
"2019-09-16 23:26","ZooKeeperServer.java","259780","179545","439325"
"2013-10-08 01:35","ZooKeeperServer.java","29613","14085","43698"
"2017-06-23 18:39","ZooKeeperServer.java","76769","30591","107360"
"2011-12-28 07:07","ZooKeeperServer.java","5173","7502","12675"
"2019-12-03 10:01","ZooKeeperServer.java","264574","180755","445329"
"2020-03-25 03:38","ZooKeeperServer.java","270756","180755","451511"
"2019-11-28 12:24","ZooKeeperServer.java","262877","180755","443632"
"2019-11-06 15:21","ZooKeeperServer.java","260758","179573","440331"
"2011-09-17 02:36","ZooKeeperServer.java","811","3371","4182"
"2020-04-12 11:14","ZooKeeperServer.java","271509","180755","452264"
"2013-10-09 22:21","ZooKeeperServer.java","32026","14258","46284"
"2015-03-08 23:07","ZooKeeperServer.java","58245","21996","80241"
"2018-06-08 16:52","ZooKeeperServer.java","85950","32296","118246"
"2018-06-15 07:41","ZooKeeperServer.java","85957","32300","118257"
"2018-07-28 04:37","ZooKeeperServer.java","105450","50263","155713"
"2019-04-18 19:17","ZooKeeperServer.java","239279","179546","418825"
"2012-03-15 17:47","ZooKeeperServer.java","7750","8121","15871"
"2014-03-25 22:13","ZooKeeperServer.java","36915","14736","51651"
"2019-05-16 16:25","QuorumPeer.java","2778","496","3274"
"2019-06-14 09:06","QuorumPeer.java","7079","1598","8677"
"2019-11-29 14:49","QuorumPeer.java","61635","37595","99230"
"2019-06-03 19:40","QuorumPeer.java","3583","769","4352"
"2019-07-15 14:15","QuorumPeer.java","18328","5426","23754"
"2019-07-03 00:44","QuorumPeer.java","9893","4397","14290"
"2019-08-17 17:13","QuorumPeer.java","47204","29721","76925"
"2019-05-15 11:56","QuorumPeer.java","2710","473","3183"
"2019-06-05 00:33","QuorumPeer.java","4209","1005","5214"
"2019-05-20 23:13","QuorumPeer.java","2910","555","3465"
"2019-06-04 10:55","QuorumPeer.java","3905","938","4843"
"2019-07-12 17:01","QuorumPeer.java","18222","5426","23648"
"2020-01-09 11:27","QuorumPeer.java","64253","38667","102920"
"2019-12-17 13:48","QuorumPeer.java","62254","37642","99896"
"2020-01-23 13:43","QuorumPeer.java","66474","39064","105538"
"2019-10-10 14:37","QuorumPeer.java","53072","31836","84908"
"2020-02-16 10:25","QuorumPeer.java","67319","39196","106515"
"2015-02-06 06:17","PrepRequestProcessor.java","57369","18734","76103"
"2012-02-06 10:39","PrepRequestProcessor.java","5666","4690","10356"
"2013-03-07 07:01","PrepRequestProcessor.java","25366","10233","35599"
"2019-02-07 11:26","PrepRequestProcessor.java","235015","176907","411922"
"2019-09-11 10:27","PrepRequestProcessor.java","258098","176966","435064"
"2018-07-19 05:59","PrepRequestProcessor.java","104362","47191","151553"
"2017-09-11 18:55","PrepRequestProcessor.java","77318","28414","105732"
"2019-01-16 14:21","PrepRequestProcessor.java","232662","176906","409568"
"2017-06-01 05:45","PrepRequestProcessor.java","75782","27342","103124"
"2012-04-14 02:32","PrepRequestProcessor.java","9445","6905","16350"
"2019-11-08 17:30","PrepRequestProcessor.java","262384","176994","439378"
"2016-11-13 20:59","PrepRequestProcessor.java","73431","23936","97367"
"2019-04-09 15:35","PrepRequestProcessor.java","237550","176917","414467"
"2019-04-17 14:16","PrepRequestProcessor.java","238815","176967","415782"
"2014-10-28 05:35","PrepRequestProcessor.java","55265","18569","73834"
"2019-05-10 12:22","PrepRequestProcessor.java","241250","176967","418217"
"2017-06-26 00:16","PrepRequestProcessor.java","76280","27562","103842"
"2019-02-07 11:22","PrepRequestProcessor.java","234677","176907","411584"
"2016-11-16 06:21","PrepRequestProcessor.java","74002","23960","97962"
"2019-08-01 07:31","PrepRequestProcessor.java","257413","176966","434379"
"2019-06-26 10:57","PrepRequestProcessor.java","244592","176966","421558"
"2014-01-24 07:18","PrepRequestProcessor.java","35119","11253","46372"
"2015-05-29 19:45","PrepRequestProcessor.java","60514","19088","79602"
"2016-10-07 21:51","PrepRequestProcessor.java","71159","23917","95076"
"2015-06-04 19:51","PrepRequestProcessor.java","61393","19202","80595"
"2019-08-17 17:13","PrepRequestProcessor.java","256742","176966","433708"
"2018-08-08 06:21","PrepRequestProcessor.java","147355","88704","236059"
"2018-05-09 23:57","PrepRequestProcessor.java","84689","29224","113913"
"2015-06-11 20:09","PrepRequestProcessor.java","61533","19216","80749"
"2019-12-27 22:33","PrepRequestProcessor.java","266649","178195","444844"
"2014-04-01 01:47","PrepRequestProcessor.java","36827","11698","48525"
"2019-10-10 14:37","PrepRequestProcessor.java","260495","176966","437461"
"2020-03-25 03:38","PrepRequestProcessor.java","270756","178195","448951"
"2014-07-25 01:31","PrepRequestProcessor.java","53043","18423","71466"
"2013-10-09 22:21","PrepRequestProcessor.java","31347","11019","42366"
"2014-04-29 02:23","PrepRequestProcessor.java","44519","17388","61907"
"2015-03-08 23:07","PrepRequestProcessor.java","57598","18789","76387"
"2014-07-22 06:51","PrepRequestProcessor.java","52796","18365","71161"
"2012-03-15 17:47","PrepRequestProcessor.java","6978","4789","11767"
"2011-11-01 15:41","PrepRequestProcessor.java","2028","3236","5264"
"2011-10-28 00:58","PrepRequestProcessor.java","1678","3048","4726"
"2011-10-20 20:02","PrepRequestProcessor.java","921","2510","3431"
"2011-10-17 16:59","PrepRequestProcessor.java","641","822","1463"
"2018-06-15 07:41","PrepRequestProcessor.java","85489","29272","114761"
"2012-12-19 19:16","PrepRequestProcessor.java","19770","9193","28963"
"2011-11-14 20:18","PrepRequestProcessor.java","2681","3254","5935"
"2016-12-20 14:47","FollowerMXBean.java","165672","19195","184867"
"2019-07-25 21:41","FollowerMXBean.java","254189","90102","344291"
"2019-08-17 17:13","FollowerMXBean.java","257706","90102","347808"
"2018-12-09 03:16","FollowerMXBean.java","230337","90075","320412"
"2011-08-21 02:53","AuthTest.java","17221","44748","61969"
"2011-04-12 09:14","AuthTest.java","4451","43429","47880"
"2019-08-17 17:13","AuthTest.java","256985","217436","474421"
"2012-03-02 03:44","AuthTest.java","24781","51101","75882"
"2018-09-15 00:08","ZooKeeperServer.java","174085","112993","287078"
"2019-04-12 19:01","ZooKeeperServer.java","238712","177141","415853"
"2019-07-31 19:06","ZooKeeperServer.java","256211","177140","433351"
"2019-09-11 10:27","ZooKeeperServer.java","258260","177140","435400"
"2019-01-14 19:38","ZooKeeperServer.java","232128","177072","409200"
"2019-01-07 15:34","ZooKeeperServer.java","231729","177072","408801"
"2018-11-21 17:56","ZooKeeperServer.java","224925","177071","401996"
"2012-01-31 07:45","ZooKeeperServer.java","8291","7733","16024"
"2017-04-28 07:14","ZooKeeperServer.java","77551","28377","105928"
"2017-02-12 00:12","ZooKeeperServer.java","76606","28331","104937"
"2014-07-18 02:19","ZooKeeperServer.java","55399","21527","76926"
"2013-12-11 19:22","ZooKeeperServer.java","36097","14387","50484"
"2019-02-13 13:12","ZooKeeperServer.java","235797","177087","412884"
"2012-02-11 00:34","ZooKeeperServer.java","9311","8168","17479"
"2016-11-24 17:18","ZooKeeperServer.java","76575","26524","103099"
"2018-07-19 05:59","ZooKeeperServer.java","106068","48909","154977"
"2018-09-18 01:00","ZooKeeperServer.java","174795","113050","287845"
"2019-03-04 08:07","ZooKeeperServer.java","236375","177088","413463"
"2019-07-08 23:26","ZooKeeperServer.java","245680","177140","422820"
"2019-01-23 14:00","ZooKeeperServer.java","233564","177073","410637"
"2019-02-13 13:19","ZooKeeperServer.java","236083","177087","413170"
"2019-05-14 17:11","ZooKeeperServer.java","241572","177141","418713"
"2013-01-25 02:17","ZooKeeperServer.java","23293","12571","35864"
"2015-07-10 08:19","ZooKeeperServer.java","66292","23433","89725"
"2019-06-04 10:55","ZooKeeperServer.java","242388","177140","419528"
"2019-04-09 15:35","ZooKeeperServer.java","237710","177089","414799"
"2019-08-03 08:42","ZooKeeperServer.java","257612","177140","434752"
"2019-05-15 11:56","ZooKeeperServer.java","241659","177141","418800"
"2019-05-22 11:39","ZooKeeperServer.java","242105","177141","419246"
"2019-04-22 19:15","ZooKeeperServer.java","239687","177141","416828"
"2018-02-23 23:49","ZooKeeperServer.java","84832","30884","115716"
"2016-11-16 06:21","ZooKeeperServer.java","76001","25971","101972"
"2012-12-19 19:07","ZooKeeperServer.java","22205","12521","34726"
"2017-08-18 06:32","ZooKeeperServer.java","78871","30157","109028"
"2017-06-26 00:16","ZooKeeperServer.java","78136","29430","107566"
"2019-09-10 04:26","ZooKeeperServer.java","257949","177140","435089"
"2019-08-17 17:13","ZooKeeperServer.java","256904","177140","434044"
"2019-09-05 23:12","ZooKeeperServer.java","257823","177140","434963"
"2019-09-10 15:21","ZooKeeperServer.java","257947","177140","435087"
"2019-08-01 07:31","ZooKeeperServer.java","257575","177140","434715"
"2019-08-01 07:28","ZooKeeperServer.java","257085","177140","434225"
"2019-06-03 19:40","ZooKeeperServer.java","242235","177140","419375"
"2015-03-17 18:06","ZooKeeperServer.java","61929","22084","84013"
"2019-11-23 17:08","ZooKeeperServer.java","262703","178238","440941"
"2019-10-09 16:49","ZooKeeperServer.java","260490","177140","437630"
"2019-07-03 00:44","ZooKeeperServer.java","244917","177140","422057"
"2018-01-19 01:12","ZooKeeperServer.java","83728","30822","114550"
"2019-07-24 18:00","ZooKeeperServer.java","253359","177140","430499"
"2013-05-16 18:49","ZooKeeperServer.java","28886","13614","42500"
"2018-08-08 06:21","ZooKeeperServer.java","149014","90375","239389"
"2018-05-09 23:57","ZooKeeperServer.java","86482","31029","117511"
"2019-12-27 22:33","ZooKeeperServer.java","266680","178238","444918"
"2016-08-13 15:01","ZooKeeperServer.java","71697","25568","97265"
"2018-09-11 00:17","ZooKeeperServer.java","172532","112989","285521"
"2019-11-18 09:05","ZooKeeperServer.java","261146","178238","439384"
"2019-10-10 14:37","ZooKeeperServer.java","260657","177140","437797"
"2019-09-16 23:26","ZooKeeperServer.java","259923","177140","437063"
"2013-10-08 01:35","ZooKeeperServer.java","32201","14125","46326"
"2017-06-23 18:39","ZooKeeperServer.java","78091","29365","107456"
"2011-12-28 07:07","ZooKeeperServer.java","7852","7633","15485"
"2019-12-03 10:01","ZooKeeperServer.java","264605","178238","442843"
"2020-03-25 03:38","ZooKeeperServer.java","270787","178238","449025"
"2019-11-28 12:24","ZooKeeperServer.java","262908","178238","441146"
"2019-11-06 15:21","ZooKeeperServer.java","260873","177140","438013"
"2011-09-17 02:36","ZooKeeperServer.java","3620","3632","7252"
"2020-04-12 11:14","ZooKeeperServer.java","271540","178238","449778"
"2011-09-14 08:56","ZooKeeperServer.java","2876","328","3204"
"2013-10-09 22:21","ZooKeeperServer.java","34614","14298","48912"
"2015-03-08 23:07","ZooKeeperServer.java","60787","21990","82777"
"2018-06-08 16:52","ZooKeeperServer.java","87236","31034","118270"
"2018-06-15 07:41","ZooKeeperServer.java","87243","31038","118281"
"2018-07-28 04:37","ZooKeeperServer.java","106692","48957","155649"
"2019-04-18 19:17","ZooKeeperServer.java","239422","177141","416563"
"2012-03-15 17:47","ZooKeeperServer.java","10424","8247","18671"
"2014-03-25 22:13","ZooKeeperServer.java","39498","14771","54269"
"2018-12-09 03:16","FollowerRequestProcessor.java","229240","175467","404707"
"2013-03-07 07:01","FollowerRequestProcessor.java","24022","7550","31572"
"2016-10-07 21:51","FollowerRequestProcessor.java","69892","21311","91203"
"2019-08-17 17:13","FollowerRequestProcessor.java","256659","175544","432203"
"2015-06-04 19:51","FollowerRequestProcessor.java","60052","16522","76574"
"2019-08-01 07:31","FollowerRequestProcessor.java","257330","175544","432874"
"2014-03-23 04:12","FollowerRequestProcessor.java","34671","8829","43500"
"2020-03-25 03:38","FollowerRequestProcessor.java","270749","176849","447598"
"2014-07-18 19:46","FollowerRequestProcessor.java","51104","15654","66758"
"2019-10-10 14:37","FollowerRequestProcessor.java","260412","175544","435956"
"2020-05-05 21:20","FollowerRequestProcessor.java","271780","176849","448629"
"2013-10-09 22:21","FollowerRequestProcessor.java","30003","8336","38339"
"2015-03-08 23:07","FollowerRequestProcessor.java","56290","16142","72432"
"2019-08-17 17:13","Election.java","256932","178405","435337"
"2019-08-17 17:13","WatchDeregistration.java","256292","200382","456674"
"2018-09-15 00:08","ZooKeeperServer.java","182999","119480","302479"
"2019-04-12 19:01","ZooKeeperServer.java","238793","187414","426207"
"2019-07-31 19:06","ZooKeeperServer.java","256292","187413","443705"
"2019-09-11 10:27","ZooKeeperServer.java","258341","187413","445754"
"2019-01-14 19:38","ZooKeeperServer.java","232211","187347","419558"
"2019-01-07 15:34","ZooKeeperServer.java","231812","187347","419159"
"2018-11-21 17:56","ZooKeeperServer.java","225008","187346","412354"
"2012-01-31 07:45","ZooKeeperServer.java","24459","21474","45933"
"2017-04-28 07:14","ZooKeeperServer.java","91192","39591","130783"
"2011-08-19 00:05","ZooKeeperServer.java","17925","15526","33451"
"2017-02-12 00:12","ZooKeeperServer.java","90251","39549","129800"
"2014-07-18 02:19","ZooKeeperServer.java","70119","33820","103939"
"2013-12-11 19:22","ZooKeeperServer.java","51042","26905","77947"
"2019-02-13 13:12","ZooKeeperServer.java","235878","187360","423238"
"2012-02-11 00:34","ZooKeeperServer.java","25381","21811","47192"
"2016-11-24 17:18","ZooKeeperServer.java","90637","38159","128796"
"2018-07-19 05:59","ZooKeeperServer.java","117435","57849","175284"
"2018-09-18 01:00","ZooKeeperServer.java","183707","119535","303242"
"2019-03-04 08:07","ZooKeeperServer.java","236456","187361","423817"
"2019-07-08 23:26","ZooKeeperServer.java","245761","187413","433174"
"2019-01-23 14:00","ZooKeeperServer.java","233647","187348","420995"
"2019-02-13 13:19","ZooKeeperServer.java","236164","187360","423524"
"2019-05-14 17:11","ZooKeeperServer.java","241653","187414","429067"
"2013-01-25 02:17","ZooKeeperServer.java","38986","25837","64823"
"2015-07-10 08:19","ZooKeeperServer.java","80660","35374","116034"
"2019-06-04 10:55","ZooKeeperServer.java","242469","187413","429882"
"2011-06-14 07:14","ZooKeeperServer.java","8151","15156","23307"
"2019-04-09 15:35","ZooKeeperServer.java","237791","187362","425153"
"2019-08-03 08:42","ZooKeeperServer.java","257693","187413","445106"
"2019-05-15 11:56","ZooKeeperServer.java","241740","187414","429154"
"2019-05-22 11:39","ZooKeeperServer.java","242186","187414","429600"
"2019-04-22 19:15","ZooKeeperServer.java","239768","187414","427182"
"2018-02-23 23:49","ZooKeeperServer.java","97276","40901","138177"
"2016-11-16 06:21","ZooKeeperServer.java","90066","37609","127675"
"2012-12-19 19:07","ZooKeeperServer.java","37882","25771","63653"
"2017-08-18 06:32","ZooKeeperServer.java","91646","40505","132151"
"2017-06-26 00:16","ZooKeeperServer.java","91542","40409","131951"
"2019-09-10 04:26","ZooKeeperServer.java","258030","187413","445443"
"2019-08-17 17:13","ZooKeeperServer.java","256985","187413","444398"
"2019-09-05 23:12","ZooKeeperServer.java","257904","187413","445317"
"2019-09-10 15:21","ZooKeeperServer.java","258028","187413","445441"
"2019-08-01 07:31","ZooKeeperServer.java","257656","187413","445069"
"2019-08-01 07:28","ZooKeeperServer.java","257166","187413","444579"
"2019-06-03 19:40","ZooKeeperServer.java","242316","187413","429729"
"2015-03-17 18:06","ZooKeeperServer.java","76494","34222","110716"
"2019-11-23 17:08","ZooKeeperServer.java","262759","188486","451245"
"2019-10-09 16:49","ZooKeeperServer.java","260571","187413","447984"
"2019-07-03 00:44","ZooKeeperServer.java","244998","187413","432411"
"2018-01-19 01:12","ZooKeeperServer.java","96169","40836","137005"
"2019-07-24 18:00","ZooKeeperServer.java","253440","187413","440853"
"2013-05-16 18:49","ZooKeeperServer.java","44021","26322","70343"
"2018-08-08 06:21","ZooKeeperServer.java","160019","98953","258972"
"2018-05-09 23:57","ZooKeeperServer.java","98922","41042","139964"
"2019-12-27 22:33","ZooKeeperServer.java","266736","188486","455222"
"2016-08-13 15:01","ZooKeeperServer.java","85920","37364","123284"
"2018-09-11 00:17","ZooKeeperServer.java","181446","119476","300922"
"2019-11-18 09:05","ZooKeeperServer.java","261202","188486","449688"
"2019-10-10 14:37","ZooKeeperServer.java","260738","187413","448151"
"2019-09-16 23:26","ZooKeeperServer.java","260004","187413","447417"
"2013-10-08 01:35","ZooKeeperServer.java","47189","26686","73875"
"2017-06-23 18:39","ZooKeeperServer.java","91504","40351","131855"
"2011-12-28 07:07","ZooKeeperServer.java","24098","21452","45550"
"2019-12-03 10:01","ZooKeeperServer.java","264661","188486","453147"
"2020-03-25 03:38","ZooKeeperServer.java","270843","188486","459329"
"2019-11-28 12:24","ZooKeeperServer.java","262964","188486","451450"
"2019-11-06 15:21","ZooKeeperServer.java","260954","187413","448367"
"2011-05-20 01:17","ZooKeeperServer.java","6674","14810","21484"
"2011-09-17 02:36","ZooKeeperServer.java","21073","18658","39731"
"2020-04-12 11:14","ZooKeeperServer.java","271596","188486","460082"
"2011-09-14 08:56","ZooKeeperServer.java","20736","15761","36497"
"2011-08-21 02:53","ZooKeeperServer.java","17957","15530","33487"
"2013-10-09 22:21","ZooKeeperServer.java","49599","26856","76455"
"2015-03-08 23:07","ZooKeeperServer.java","75362","34138","109500"
"2018-06-08 16:52","ZooKeeperServer.java","99676","41047","140723"
"2018-06-15 07:41","ZooKeeperServer.java","99696","41064","140760"
"2018-07-28 04:37","ZooKeeperServer.java","118044","57882","175926"
"2019-04-18 19:17","ZooKeeperServer.java","239503","187414","426917"
"2012-03-15 17:47","ZooKeeperServer.java","26462","21858","48320"
"2014-03-25 22:13","ZooKeeperServer.java","54339","27185","81524"
"2011-04-12 09:14","ZooKeeperServer.java","5707","14662","20369"
"2017-09-11 18:55","QuorumBase.java","111393","40664","152057"
"2012-04-23 01:20","QuorumBase.java","51233","26113","77346"
"2019-07-12 17:01","QuorumBase.java","252328","167976","420304"
"2012-12-11 08:42","QuorumBase.java","57243","26944","84187"
"2019-08-17 17:13","QuorumBase.java","257015","167976","424991"
"2019-08-01 07:31","QuorumBase.java","257686","167976","425662"
"2018-08-08 06:21","QuorumBase.java","163454","82978","246432"
"2019-10-10 14:37","QuorumBase.java","260768","167976","428744"
"2020-03-25 03:38","QuorumBase.java","270847","169023","439870"
"2014-07-18 19:46","QuorumBase.java","91153","35217","126370"
"2010-07-23 06:22","QuorumBase.java","17048","3481","20529"
"2011-05-20 01:17","QuorumBase.java","28863","17532","46395"
"2010-05-05 22:32","QuorumBase.java","2522","2750","5272"
"2010-08-18 08:24","QuorumBase.java","24450","4983","29433"
"2013-10-09 22:21","QuorumBase.java","70612","28459","99071"
"2014-06-25 19:25","QuorumBase.java","85611","34671","120282"
"2011-04-12 09:14","QuorumBase.java","27920","17408","45328"
"2019-11-21 05:58","NIOServerCnxn.java","49578","34424","84002"
"2019-11-18 09:05","NIOServerCnxn.java","49545","34414","83959"
"2019-09-16 23:26","NIOServerCnxn.java","43333","28327","71660"
"2019-10-10 14:37","NIOServerCnxn.java","44915","29175","74090"
"2020-02-11 06:50","NIOServerCnxn.java","59096","36590","95686"
"2019-07-08 23:26","NIOServerCnxn.java","854","91","945"
"2019-08-17 17:13","NIOServerCnxn.java","38727","26740","65467"
"2019-08-03 08:42","NIOServerCnxn.java","15997","3302","19299"
"2013-09-26 14:05","Zab1_0Test.java","17768","3917","21685"
"2014-05-09 23:37","Zab1_0Test.java","35029","11439","46468"
"2017-01-07 01:09","Zab1_0Test.java","67021","19554","86575"
"2015-12-06 21:30","Zab1_0Test.java","55821","15120","70941"
"2019-12-17 13:48","Zab1_0Test.java","264905","181574","446479"
"2013-11-19 02:03","Zab1_0Test.java","22082","4486","26568"
"2015-07-07 07:11","Zab1_0Test.java","53952","14802","68754"
"2019-12-27 22:33","Zab1_0Test.java","266454","181574","448028"
"2013-10-24 20:41","Zab1_0Test.java","21903","4445","26348"
"2019-10-10 14:37","Zab1_0Test.java","260217","180262","440479"
"2013-11-07 06:41","Zab1_0Test.java","22003","4455","26458"
"2015-05-14 18:40","Zab1_0Test.java","51381","13531","64912"
"2019-08-17 17:13","Zab1_0Test.java","256464","180262","436726"
"2019-06-03 19:40","Zab1_0Test.java","241795","180262","422057"
"2018-05-10 06:00","Zab1_0Test.java","76731","24555","101286"
"2017-11-28 00:10","Zab1_0Test.java","73072","23885","96957"
"2013-10-07 21:08","Zab1_0Test.java","18488","4113","22601"
"2012-12-31 02:38","Zab1_0Test.java","9062","2015","11077"
"2017-08-18 06:32","Zab1_0Test.java","68589","23437","92026"
"2012-08-01 17:53","Zab1_0Test.java","1222","80","1302"
"2013-03-07 07:01","Zab1_0Test.java","14933","3374","18307"
"2012-12-13 08:25","Zab1_0Test.java","6540","1433","7973"
"2017-02-12 00:12","Zab1_0Test.java","66421","21708","88129"
"2019-01-31 15:55","CliCommand.java","232833","224893","457726"
"2019-08-17 17:13","CliCommand.java","255292","225011","480303"
"2019-08-17 17:13","Leader.java","256291","201018","457309"
"2019-06-29 00:33","Leader.java","244278","201018","445296"
"2019-06-03 19:40","Leader.java","241622","201018","442640"
"2014-05-20 23:42","Leader.java","10839","7722","18561"
"2019-07-15 14:15","Leader.java","251710","201018","452728"
"2015-03-17 18:06","Leader.java","25853","10499","36352"
"2019-07-25 21:41","Leader.java","252774","201018","453792"
"2018-05-10 06:00","Leader.java","55652","24405","80057"
"2018-07-12 01:33","Leader.java","64759","32579","97338"
"2018-02-07 01:05","Leader.java","53208","24095","77303"
"2017-11-28 00:10","Leader.java","51900","23642","75542"
"2019-06-05 00:33","Leader.java","242012","201018","443030"
"2015-04-10 22:22","Leader.java","26967","10545","37512"
"2019-08-03 08:42","Leader.java","256999","201018","458017"
"2019-06-05 23:57","Leader.java","242281","201018","443299"
"2017-01-13 19:29","Leader.java","44740","17999","62739"
"2019-01-07 14:55","Leader.java","231075","200911","431986"
"2019-04-12 19:01","Leader.java","238082","201002","439084"
"2018-12-09 03:16","Leader.java","228841","200910","429751"
"2018-08-17 14:40","Leader.java","120048","85572","205620"
"2019-11-29 14:49","Leader.java","264266","202436","466702"
"2018-11-27 10:02","Leader.java","226517","200910","427427"
"2015-02-06 06:17","Leader.java","24402","10270","34672"
"2017-02-15 23:04","Leader.java","44470","20685","65155"
"2014-07-18 02:19","Leader.java","18459","9078","27537"
"2018-08-29 06:26","Leader.java","141621","106937","248558"
"2018-08-03 18:52","Leader.java","76690","43012","119702"
"2017-09-11 18:55","Leader.java","47617","23216","70833"
"2018-09-18 01:00","Leader.java","149425","112171","261596"
"2016-12-20 14:47","Leader.java","43848","17949","61797"
"2014-07-20 04:50","Leader.java","19239","9337","28576"
"2014-06-10 00:19","Leader.java","11793","7742","19535"
"2016-06-23 23:25","Leader.java","36914","16079","52993"
"2016-06-23 23:45","Leader.java","37053","16110","53163"
"2020-03-25 03:38","Leader.java","270494","202436","472930"
"2019-12-27 22:33","Leader.java","266387","202436","468823"
"2016-08-13 15:01","Leader.java","38223","16585","54808"
"2019-10-10 14:37","Leader.java","260044","201018","461062"
"2019-10-10 14:37","ClientCnxnSocket.java","7470","3717","11187"
"2018-12-09 03:16","FollowerRequestProcessor.java","229524","178339","407863"
"2013-03-07 07:01","FollowerRequestProcessor.java","39549","12977","52526"
"2016-10-07 21:51","FollowerRequestProcessor.java","83275","24594","107869"
"2019-08-17 17:13","FollowerRequestProcessor.java","256932","178405","435337"
"2015-06-04 19:51","FollowerRequestProcessor.java","74960","21330","96290"
"2019-08-01 07:31","FollowerRequestProcessor.java","257603","178405","436008"
"2014-03-23 04:12","FollowerRequestProcessor.java","49887","13945","63832"
"2020-03-25 03:38","FollowerRequestProcessor.java","270811","179499","450310"
"2014-07-18 19:46","FollowerRequestProcessor.java","66213","20663","86876"
"2019-10-10 14:37","FollowerRequestProcessor.java","260685","178405","439090"
"2011-10-28 18:37","FollowerRequestProcessor.java","17162","7062","24224"
"2011-07-15 06:50","FollowerRequestProcessor.java","7880","1495","9375"
"2020-05-05 21:20","FollowerRequestProcessor.java","271842","179499","451341"
"2013-10-09 22:21","FollowerRequestProcessor.java","45363","13596","58959"
"2015-03-08 23:07","FollowerRequestProcessor.java","71263","21015","92278"
"2016-12-22 23:23","StatResetCommand.java","14721","6524","21245"
"2019-08-17 17:13","StatResetCommand.java","255967","218737","474704"
"2018-02-07 01:05","StatResetCommand.java","24954","13884","38838"
"2019-06-07 14:13","TruncateTest.java","243119","167729","410848"
"2015-05-14 18:40","TruncateTest.java","100373","36902","137275"
"2019-08-17 17:13","TruncateTest.java","257015","167729","424744"
"2018-05-09 23:57","TruncateTest.java","119677","42165","161842"
"2014-09-27 08:20","TruncateTest.java","95099","36643","131742"
"2019-07-12 17:01","TruncateTest.java","252328","167729","420057"
"2017-08-18 06:32","TruncateTest.java","112538","41765","154303"
"2012-07-17 23:25","TruncateTest.java","54348","27609","81957"
"2010-03-16 22:23","TruncateTest.java","34","9","43"
"2017-09-11 18:55","TruncateTest.java","112814","41863","154677"
"2014-06-30 19:11","TruncateTest.java","87238","36016","123254"
"2016-08-24 01:36","TruncateTest.java","107149","39193","146342"
"2010-03-31 06:26","TruncateTest.java","2961","2714","5675"
"2010-08-18 08:24","TruncateTest.java","27381","7667","35048"
"2017-05-11 16:59","TruncateTest.java","112016","41613","153629"
"2020-01-28 17:26","TruncateTest.java","268460","168776","437236"
"2017-01-07 01:09","TruncateTest.java","112695","39607","152302"
"2014-02-12 17:00","TruncateTest.java","76131","29968","106099"
"2014-01-03 01:24","TruncateTest.java","74089","29888","103977"
"2019-07-30 02:31","CommitProcessorConcurrencyTest.java","253887","218914","472801"
"2016-05-15 23:31","CommitProcessorConcurrencyTest.java","6097","3961","10058"
"2019-08-17 17:13","CommitProcessorConcurrencyTest.java","255966","218914","474880"
"2017-09-11 18:55","CommitProcessorConcurrencyTest.java","18975","12795","31770"
"2019-10-10 14:37","CommitProcessorConcurrencyTest.java","259719","218914","478633"
"2019-10-10 14:37","SessionTrackerImpl.java","7470","3717","11187"
"2019-09-20 10:02","SessionTrackerImpl.java","5217","2297","7514"
"2020-03-26 22:16","SessionTrackerImpl.java","25016","12224","37240"
"2019-09-05 23:12","SessionTrackerImpl.java","2357","1438","3795"
"2014-02-12 17:00","TxnLogProposalIterator.java","8558","1437","9995"
"2019-12-27 22:33","TxnLogProposalIterator.java","266401","194942","461343"
"2019-08-17 17:13","TxnLogProposalIterator.java","256377","193596","449973"
"2019-09-18 11:20","ReconfigTest.java","72097","37882","109979"
"2019-05-03 17:37","ReconfigTest.java","24912","9487","34399"
"2019-05-08 21:54","ReconfigTest.java","25331","9526","34857"
"2019-08-17 17:13","ReconfigTest.java","67761","36458","104219"
"2019-11-29 14:49","ReconfigTest.java","81689","43829","125518"
"2018-12-09 03:16","ReconfigTest.java","4757","796","5553"
"2019-02-06 09:46","ZooKeeper.java","234624","218759","453383"
"2019-01-16 14:21","ZooKeeper.java","232900","218758","451658"
"2017-04-18 02:02","ZooKeeper.java","88736","68582","157318"
"2019-11-08 17:30","ZooKeeper.java","262599","218823","481422"
"2019-02-07 11:26","ZooKeeper.java","235253","218759","454012"
"2013-03-07 07:01","ZooKeeper.java","41230","55023","96253"
"2011-07-01 00:53","ZooKeeper.java","8586","44306","52892"
"2013-12-17 17:55","ZooKeeper.java","48679","55668","104347"
"2012-02-06 09:56","ZooKeeper.java","22236","50189","72425"
"2012-03-17 01:31","ZooKeeper.java","24023","50471","74494"
"2012-11-17 15:03","ZooKeeper.java","31872","53201","85073"
"2017-05-01 17:19","ZooKeeper.java","88874","68593","157467"
"2014-01-24 07:18","ZooKeeper.java","50686","55746","106432"
"2019-08-17 17:13","ZooKeeper.java","256985","218823","475808"
"2015-06-04 19:51","ZooKeeper.java","76530","63265","139795"
"2016-10-07 21:51","ZooKeeper.java","84784","66468","151252"
"2015-03-16 09:09","ZooKeeper.java","73185","62964","136149"
"2015-03-17 18:06","ZooKeeper.java","73976","63045","137021"
"2016-05-02 18:15","ZooKeeper.java","81516","65966","147482"
"2019-06-26 10:57","ZooKeeper.java","244835","218823","463658"
"2019-06-03 19:40","ZooKeeper.java","242316","218823","461139"
"2018-05-09 23:57","ZooKeeper.java","96602","70063","166665"
"2019-08-03 08:42","ZooKeeper.java","257693","218823","476516"
"2016-11-13 20:59","ZooKeeper.java","87055","66486","153541"
"2013-02-03 15:52","ZooKeeper.java","36725","54581","91306"
"2012-09-28 18:32","ZooKeeper.java","29716","53013","82729"
"2017-07-28 00:36","ZooKeeper.java","88846","69431","158277"
"2017-08-18 23:35","ZooKeeper.java","89407","69507","158914"
"2017-07-04 07:56","ZooKeeper.java","89439","69414","158853"
"2020-04-16 12:50","ZooKeeper.java","271632","219896","491528"
"2018-07-27 05:16","ZooKeeper.java","115484","86927","202411"
"2019-10-10 14:37","ZooKeeper.java","260738","218823","479561"
"2014-04-01 04:03","ZooKeeper.java","52534","56114","108648"
"2012-12-19 19:16","ZooKeeper.java","36170","54519","90689"
"2019-02-11 12:34","ZooKeeper.java","235616","218759","454375"
"2014-07-08 20:18","ZooKeeper.java","63670","62363","126033"
"2020-05-17 15:13","ZooKeeper.java","272005","219898","491903"
"2017-01-09 22:49","ZooKeeper.java","89173","67036","156209"
"2011-05-20 01:17","ZooKeeper.java","3279","42825","46104"
"2019-03-12 19:08","ZooKeeper.java","237056","218771","455827"
"2011-09-06 00:58","ZooKeeper.java","17282","44239","61521"
"2014-07-22 06:51","ZooKeeper.java","68158","62653","130811"
"2014-04-29 02:23","ZooKeeper.java","60002","61797","121799"
"2019-08-17 17:13","NetUtilsTest.java","254163","232585","486748"
"2019-08-17 17:13","PathUtilsTest.java","255966","218914","474880"
"2019-08-17 17:13","X509AuthTest.java","256083","217153","473236"
"2019-06-03 19:40","X509AuthTest.java","241413","217152","458565"
"2018-10-16 16:22","QuorumPeerConfig.java","235185","181751","416936"
"2018-12-09 03:16","QuorumPeerConfig.java","228841","201146","429987"
"2019-04-12 19:01","QuorumPeerConfig.java","238082","201238","439320"
"2018-09-11 15:23","QuorumPeerConfig.java","147895","112132","260027"
"2018-12-15 07:34","QuorumPeerConfig.java","228756","201146","429902"
"2019-02-13 13:12","QuorumPeerConfig.java","235150","201167","436317"
"2019-08-17 17:13","QuorumPeerConfig.java","256291","201254","457545"
"2015-03-17 18:06","QuorumPeerConfig.java","25604","10486","36090"
"2017-11-28 00:10","QuorumPeerConfig.java","51682","23660","75342"
"2019-06-05 00:29","QuorumPeerConfig.java","241958","201254","443212"
"2014-09-17 07:34","QuorumPeerConfig.java","21505","9840","31345"
"2020-01-09 11:27","QuorumPeerConfig.java","265812","202672","468484"
"2019-07-12 17:01","QuorumPeerConfig.java","251604","201254","452858"
"2016-11-13 20:59","QuorumPeerConfig.java","41970","17214","59184"
"2019-05-15 11:56","QuorumPeerConfig.java","241029","201238","442267"
"2014-08-19 22:50","QuorumPeerConfig.java","20417","9838","30255"
"2018-10-01 06:11","QuorumPeerConfig.java","151976","112379","264355"
"2017-07-28 00:36","QuorumPeerConfig.java","46610","23008","69618"
"2017-07-06 18:48","QuorumPeerConfig.java","46478","21994","68472"
"2020-01-23 13:43","QuorumPeerConfig.java","267636","202672","470308"
"2014-05-17 13:23","QuorumPeerConfig.java","9917","7478","17395"
"2014-07-04 04:19","QuorumPeerConfig.java","12863","7875","20738"
"2016-06-23 19:42","QuorumPeerConfig.java","36385","16061","52446"
"2015-09-06 20:02","QuorumPeerConfig.java","31061","12431","43492"
"2015-09-29 03:56","QuorumPeerConfig.java","31288","12477","43765"
"2019-10-10 14:37","QuorumPeerConfig.java","260044","201254","461298"
"2018-07-27 12:32","QuorumPeerConfig.java","75828","42892","118720"
"2019-04-18 19:17","QuorumPeerConfig.java","238792","201238","440030"
"2016-11-03 16:07","QuorumPeerConfig.java","40153","17066","57219"
"2014-08-01 07:38","QuorumPeerConfig.java","19693","9649","29342"
"2014-08-14 08:08","QuorumPeerConfig.java","20210","9745","29955"
"2020-02-16 10:25","QuorumPeerConfig.java","268349","202672","471021"
"2020-05-14 18:18","QuorumPeerConfig.java","271585","202683","474268"
"2017-05-11 16:59","QuorumPeerConfig.java","45283","21666","66949"
"2018-09-15 00:08","ZooKeeperServer.java","152529","111753","264282"
"2019-04-12 19:01","ZooKeeperServer.java","238158","196903","435061"
"2019-07-31 19:06","ZooKeeperServer.java","255674","196919","452593"
"2019-09-11 10:27","ZooKeeperServer.java","257723","196919","454642"
"2019-01-14 19:38","ZooKeeperServer.java","231560","196820","428380"
"2019-01-07 15:34","ZooKeeperServer.java","231161","196820","427981"
"2018-11-21 17:56","ZooKeeperServer.java","224356","196818","421174"
"2017-04-28 07:14","ZooKeeperServer.java","49537","20679","70216"
"2017-02-12 00:12","ZooKeeperServer.java","48559","20600","69159"
"2014-07-18 02:19","ZooKeeperServer.java","23155","9599","32754"
"2013-12-11 19:22","ZooKeeperServer.java","1599","205","1804"
"2019-02-13 13:12","ZooKeeperServer.java","235234","196840","432074"
"2016-11-24 17:18","ZooKeeperServer.java","47696","17961","65657"
"2018-07-19 05:59","ZooKeeperServer.java","79430","42587","122017"
"2018-09-18 01:00","ZooKeeperServer.java","153242","111813","265055"
"2019-03-04 08:07","ZooKeeperServer.java","235810","196839","432649"
"2019-07-08 23:26","ZooKeeperServer.java","245143","196919","442062"
"2019-01-23 14:00","ZooKeeperServer.java","232996","196821","429817"
"2019-02-13 13:19","ZooKeeperServer.java","235520","196840","432360"
"2019-05-14 17:11","ZooKeeperServer.java","241018","196903","437921"
"2015-07-10 08:19","ZooKeeperServer.java","35153","12610","47763"
"2019-06-04 10:55","ZooKeeperServer.java","241851","196919","438770"
"2019-04-09 15:35","ZooKeeperServer.java","237145","196840","433985"
"2019-08-03 08:42","ZooKeeperServer.java","257075","196919","453994"
"2019-05-15 11:56","ZooKeeperServer.java","241105","196903","438008"
"2019-05-22 11:39","ZooKeeperServer.java","241551","196903","438454"
"2019-04-22 19:15","ZooKeeperServer.java","239133","196903","436036"
"2018-02-23 23:49","ZooKeeperServer.java","57612","23980","81592"
"2016-11-16 06:21","ZooKeeperServer.java","47108","17394","64502"
"2017-08-18 06:32","ZooKeeperServer.java","51359","22961","74320"
"2017-06-26 00:16","ZooKeeperServer.java","50238","21848","72086"
"2019-09-10 04:26","ZooKeeperServer.java","257412","196919","454331"
"2019-08-17 17:13","ZooKeeperServer.java","256367","196919","453286"
"2019-09-05 23:12","ZooKeeperServer.java","257286","196919","454205"
"2019-09-10 15:21","ZooKeeperServer.java","257410","196919","454329"
"2019-08-01 07:31","ZooKeeperServer.java","257038","196919","453957"
"2019-08-01 07:28","ZooKeeperServer.java","256548","196919","453467"
"2019-06-03 19:40","ZooKeeperServer.java","241698","196919","438617"
"2015-03-17 18:06","ZooKeeperServer.java","30466","10937","41403"
"2019-11-23 17:08","ZooKeeperServer.java","262416","198267","460683"
"2019-10-09 16:49","ZooKeeperServer.java","259953","196919","456872"
"2019-07-03 00:44","ZooKeeperServer.java","244380","196919","441299"
"2018-01-19 01:12","ZooKeeperServer.java","56483","23893","80376"
"2019-07-24 18:00","ZooKeeperServer.java","252822","196919","449741"
"2018-08-08 06:21","ZooKeeperServer.java","123640","85317","208957"
"2018-05-09 23:57","ZooKeeperServer.java","59272","24135","83407"
"2019-12-27 22:33","ZooKeeperServer.java","266393","198267","464660"
"2016-08-13 15:01","ZooKeeperServer.java","42574","16761","59335"
"2018-09-11 00:17","ZooKeeperServer.java","150963","111736","262699"
"2019-11-18 09:05","ZooKeeperServer.java","260859","198267","459126"
"2019-10-10 14:37","ZooKeeperServer.java","260120","196919","457039"
"2019-09-16 23:26","ZooKeeperServer.java","259386","196919","456305"
"2017-06-23 18:39","ZooKeeperServer.java","50192","21782","71974"
"2019-12-03 10:01","ZooKeeperServer.java","264318","198267","462585"
"2020-03-25 03:38","ZooKeeperServer.java","270500","198267","468767"
"2019-11-28 12:24","ZooKeeperServer.java","262621","198267","460888"
"2019-11-06 15:21","ZooKeeperServer.java","260364","196947","457311"
"2020-04-12 11:14","ZooKeeperServer.java","271253","198267","469520"
"2015-03-08 23:07","ZooKeeperServer.java","29285","10804","40089"
"2018-06-08 16:52","ZooKeeperServer.java","60141","24255","84396"
"2018-06-15 07:41","ZooKeeperServer.java","60150","24261","84411"
"2018-07-28 04:37","ZooKeeperServer.java","80079","42660","122739"
"2019-04-18 19:17","ZooKeeperServer.java","238868","196903","435771"
"2014-03-25 22:13","ZooKeeperServer.java","5181","770","5951"
"2019-10-10 14:37","ZooKeeperSaslClient.java","260217","181397","441614"
"2016-03-02 07:46","ZooKeeperSaslClient.java","55506","15487","70993"
"2016-03-05 01:03","ZooKeeperSaslClient.java","55556","16644","72200"
"2015-12-05 22:32","ZooKeeperSaslClient.java","54840","15319","70159"
"2020-02-04 10:39","ZooKeeperSaslClient.java","268260","182709","450969"
"2012-09-09 20:24","ZooKeeperSaslClient.java","962","223","1185"
"2012-09-28 18:32","ZooKeeperSaslClient.java","1175","255","1430"
"2019-01-31 15:50","ZooKeeperSaslClient.java","234038","181304","415342"
"2019-08-03 08:42","ZooKeeperSaslClient.java","257172","181397","438569"
"2014-12-20 15:29","ZooKeeperSaslClient.java","47055","13335","60390"
"2017-11-28 00:10","ZooKeeperSaslClient.java","72219","24167","96386"
"2013-09-18 12:58","ZooKeeperSaslClient.java","16531","4106","20637"
"2013-10-11 21:18","ZooKeeperSaslClient.java","20413","4580","24993"
"2016-05-02 18:15","ZooKeeperSaslClient.java","58010","18243","76253"
"2013-09-28 01:24","ZooKeeperSaslClient.java","16851","4131","20982"
"2019-08-17 17:13","ZooKeeperSaslClient.java","256464","181397","437861"
"2019-07-23 15:55","SSLAuthTest.java","251895","221174","473069"
"2019-08-17 17:13","SSLAuthTest.java","255887","221174","477061"
"2019-06-03 19:40","SSLAuthTest.java","241217","221173","462390"
"2018-12-15 07:34","SSLAuthTest.java","228340","221054","449394"
"2019-02-13 13:12","SSLAuthTest.java","234736","221077","455813"
"2018-10-16 16:22","SSLAuthTest.java","232847","199737","432584"
"2018-12-20 07:24","SSLAuthTest.java","229268","221055","450323"
"2019-10-10 14:37","JUnit4ZKTestRunner.java","51320","32069","83389"
"2019-08-17 17:13","JUnit4ZKTestRunner.java","45184","29686","74870"
"2019-08-17 17:13","CliCommand.java","52428","30087","82515"
"2018-09-15 00:08","ZooKeeperServer.java","214341","53480","267821"
"2019-04-12 19:01","ZooKeeperServer.java","239514","84483","323997"
"2019-07-31 19:06","ZooKeeperServer.java","257013","84482","341495"
"2019-09-11 10:27","ZooKeeperServer.java","259062","84482","343544"
"2019-01-14 19:38","ZooKeeperServer.java","232971","84455","317426"
"2019-01-07 15:34","ZooKeeperServer.java","232572","84455","317027"
"2018-11-21 17:56","ZooKeeperServer.java","225769","84455","310224"
"2012-01-31 07:45","ZooKeeperServer.java","118189","17862","136051"
"2017-04-28 07:14","ZooKeeperServer.java","170947","22004","192951"
"2011-08-19 00:05","ZooKeeperServer.java","113248","13507","126755"
"2017-02-12 00:12","ZooKeeperServer.java","170037","21993","192030"
"2014-07-18 02:19","ZooKeeperServer.java","154378","20737","175115"
"2013-12-11 19:22","ZooKeeperServer.java","140643","19164","159807"
"2019-02-13 13:12","ZooKeeperServer.java","236632","84462","321094"
"2012-02-11 00:34","ZooKeeperServer.java","118901","17989","136890"
"2016-11-24 17:18","ZooKeeperServer.java","171456","21636","193092"
"2018-07-19 05:59","ZooKeeperServer.java","185189","28261","213450"
"2018-09-18 01:00","ZooKeeperServer.java","215030","53516","268546"
"2019-03-04 08:07","ZooKeeperServer.java","237208","84461","321669"
"2019-07-08 23:26","ZooKeeperServer.java","246482","84482","330964"
"2019-01-23 14:00","ZooKeeperServer.java","234406","84455","318861"
"2019-02-13 13:19","ZooKeeperServer.java","236918","84462","321380"
"2019-05-14 17:11","ZooKeeperServer.java","242374","84483","326857"
"2009-01-15 23:57","ZooKeeperServer.java","12667","7047","19714"
"2013-01-25 02:17","ZooKeeperServer.java","129255","18764","148019"
"2015-07-10 08:19","ZooKeeperServer.java","163551","20923","184474"
"2009-02-20 01:23","ZooKeeperServer.java","27678","8432","36110"
"2009-02-06 22:19","ZooKeeperServer.java","27433","8327","35760"
"2019-06-04 10:55","ZooKeeperServer.java","243190","84482","327672"
"2011-06-14 07:14","ZooKeeperServer.java","111836","15189","127025"
"2009-02-27 20:00","ZooKeeperServer.java","27710","8438","36148"
"2019-04-09 15:35","ZooKeeperServer.java","238542","84461","323003"
"2019-08-03 08:42","ZooKeeperServer.java","258414","84482","342896"
"2019-05-15 11:56","ZooKeeperServer.java","242461","84483","326944"
"2019-05-22 11:39","ZooKeeperServer.java","242907","84483","327390"
"2019-04-22 19:15","ZooKeeperServer.java","240489","84483","324972"
"2018-02-23 23:49","ZooKeeperServer.java","176137","22420","198557"
"2016-11-16 06:21","ZooKeeperServer.java","171301","21502","192803"
"2012-12-19 19:07","ZooKeeperServer.java","128167","18714","146881"
"2017-08-18 06:32","ZooKeeperServer.java","170785","22302","193087"
"2009-01-16 00:48","ZooKeeperServer.java","12884","7245","20129"
"2017-06-26 00:16","ZooKeeperServer.java","170728","22253","192981"
"2009-02-02 23:26","ZooKeeperServer.java","25162","8135","33297"
"2019-09-10 04:26","ZooKeeperServer.java","258751","84482","343233"
"2019-08-17 17:13","ZooKeeperServer.java","257706","84482","342188"
"2019-09-05 23:12","ZooKeeperServer.java","258625","84482","343107"
"2019-09-10 15:21","ZooKeeperServer.java","258749","84482","343231"
"2009-05-20 20:48","ZooKeeperServer.java","54945","9482","64427"
"2009-06-15 22:52","ZooKeeperServer.java","58497","9851","68348"
"2019-08-01 07:31","ZooKeeperServer.java","258377","84482","342859"
"2019-08-01 07:28","ZooKeeperServer.java","257887","84482","342369"
"2019-06-03 19:40","ZooKeeperServer.java","243037","84482","327519"
"2015-03-17 18:06","ZooKeeperServer.java","160476","20862","181338"
"2019-11-23 17:08","ZooKeeperServer.java","262863","84938","347801"
"2019-10-09 16:49","ZooKeeperServer.java","261292","84482","345774"
"2019-07-03 00:44","ZooKeeperServer.java","245719","84482","330201"
"2018-01-19 01:12","ZooKeeperServer.java","175061","22386","197447"
"2019-07-24 18:00","ZooKeeperServer.java","254161","84482","338643"
"2013-05-16 18:49","ZooKeeperServer.java","134068","19027","153095"
"2018-08-08 06:21","ZooKeeperServer.java","195492","37084","232576"
"2018-05-09 23:57","ZooKeeperServer.java","177679","22457","200136"
"2009-11-07 01:48","ZooKeeperServer.java","74813","12205","87018"
"2009-12-18 03:19","ZooKeeperServer.java","83830","12752","96582"
"2010-01-26 01:17","ZooKeeperServer.java","87562","13034","100596"
"2019-12-27 22:33","ZooKeeperServer.java","266840","84938","351778"
"2016-08-13 15:01","ZooKeeperServer.java","167282","21384","188666"
"2018-09-11 00:17","ZooKeeperServer.java","212787","53475","266262"
"2019-11-18 09:05","ZooKeeperServer.java","261306","84938","346244"
"2019-10-10 14:37","ZooKeeperServer.java","261459","84482","345941"
"2019-09-16 23:26","ZooKeeperServer.java","260725","84482","345207"
"2013-10-08 01:35","ZooKeeperServer.java","136949","19104","156053"
"2017-06-23 18:39","ZooKeeperServer.java","170727","22232","192959"
"2009-08-07 01:23","ZooKeeperServer.java","69351","10712","80063"
"2011-12-28 07:07","ZooKeeperServer.java","117838","17850","135688"
"2019-12-03 10:01","ZooKeeperServer.java","264765","84938","349703"
"2020-03-25 03:38","ZooKeeperServer.java","270947","84938","355885"
"2010-03-12 19:26","ZooKeeperServer.java","97083","13156","110239"
"2019-11-28 12:24","ZooKeeperServer.java","263068","84938","348006"
"2019-11-06 15:21","ZooKeeperServer.java","261675","84482","346157"
"2011-05-20 01:17","ZooKeeperServer.java","110676","15160","125836"
"2010-07-29 23:10","ZooKeeperServer.java","112414","13952","126366"
"2011-09-17 02:36","ZooKeeperServer.java","115879","16122","132001"
"2020-04-12 11:14","ZooKeeperServer.java","271700","84938","356638"
"2011-09-14 08:56","ZooKeeperServer.java","115904","13587","129491"
"2011-08-21 02:53","ZooKeeperServer.java","113276","13507","126783"
"2010-08-18 08:24","ZooKeeperServer.java","117951","14299","132250"
"2013-10-09 22:21","ZooKeeperServer.java","139220","19135","158355"
"2008-12-02 01:13","ZooKeeperServer.java","7511","2163","9674"
"2015-03-08 23:07","ZooKeeperServer.java","159424","20858","180282"
"2018-06-08 16:52","ZooKeeperServer.java","178429","22458","200887"
"2018-06-15 07:41","ZooKeeperServer.java","178447","22473","200920"
"2018-07-28 04:37","ZooKeeperServer.java","185776","28272","214048"
"2019-04-18 19:17","ZooKeeperServer.java","240224","84483","324707"
"2012-03-15 17:47","ZooKeeperServer.java","119948","18002","137950"
"2014-03-25 22:13","ZooKeeperServer.java","143775","19279","163054"
"2011-04-12 09:14","ZooKeeperServer.java","109834","15137","124971"
"2010-01-21 22:44","CGenerator.java","36687","8213","44900"
"2016-11-24 17:18","CGenerator.java","137276","30264","167540"
"2017-09-11 18:55","CGenerator.java","137377","31524","168901"
"2019-07-29 17:15","CGenerator.java","255100","129922","385022"
"2019-08-17 17:13","ClientCnxnLimitException.java","41002","29003","70005"
"2019-08-17 17:13","CommitProcessorMetricsTest.java","23984","24868","48852"
"2019-10-10 14:37","X509Util.java","71822","38403","110225"
"2019-07-29 17:09","X509Util.java","41522","14842","56364"
"2019-06-05 00:29","X509Util.java","25124","9791","34915"
"2019-08-17 17:13","X509Util.java","66092","36426","102518"
"2019-01-24 11:53","X509Util.java","14639","7982","22621"
"2018-12-15 07:34","X509Util.java","3674","1435","5109"
"2019-01-25 14:32","X509Util.java","14701","7985","22686"
"2019-01-14 19:40","X509Util.java","12897","7831","20728"
"2019-01-25 14:37","X509Util.java","14733","7995","22728"
"2019-10-10 14:37","X509Util.java","74532","38655","113187"
"2019-07-29 17:09","X509Util.java","44749","15611","60360"
"2019-06-05 00:29","X509Util.java","28393","10602","38995"
"2019-08-17 17:13","X509Util.java","68806","36682","105488"
"2018-11-27 10:02","X509Util.java","3389","931","4320"
"2019-01-24 11:53","X509Util.java","17988","8873","26861"
"2018-12-15 07:34","X509Util.java","7044","2347","9391"
"2019-01-25 14:32","X509Util.java","18050","8876","26926"
"2019-01-14 19:40","X509Util.java","16267","8743","25010"
"2019-01-25 14:37","X509Util.java","18082","8886","26968"
"2019-11-14 03:54","ServerCnxnFactory.java","12030","4021","16051"
"2019-11-11 13:59","ServerCnxnFactory.java","11345","3935","15280"
"2019-05-14 17:11","SyncRequestProcessor.java","240739","215105","455844"
"2019-06-05 00:46","SyncRequestProcessor.java","241948","215121","457069"
"2019-05-22 11:39","SyncRequestProcessor.java","241272","215105","456377"
"2019-06-03 19:40","SyncRequestProcessor.java","241419","215121","456540"
"2019-08-17 17:13","SyncRequestProcessor.java","256089","215122","471211"
"2019-10-10 14:37","SyncRequestProcessor.java","259842","215122","474964"
"2020-01-07 20:39","SyncRequestProcessor.java","266590","216570","483160"
"2020-03-25 03:38","SyncRequestProcessor.java","270322","216570","486892"
"2019-04-30 18:08","SyncRequestProcessor.java","239908","215105","455013"
"2014-07-18 02:19","ExpiryQueue.java","35645","11457","47102"
"2015-02-06 06:17","ExpiryQueue.java","41243","12304","53547"
"2019-08-17 17:13","ExpiryQueue.java","256413","186333","442746"
"2019-06-03 19:40","ExpiryQueue.java","241744","186333","428077"
"2019-12-03 10:01","CommandsTest.java","16379","9776","26155"
"2019-11-29 14:49","CommandsTest.java","16330","9773","26103"
"2019-11-23 17:08","CommandsTest.java","13955","9254","23209"
"2019-10-10 14:37","X509Util.java","58859","32097","90956"
"2019-07-29 17:09","X509Util.java","27462","7439","34901"
"2019-06-05 00:29","X509Util.java","10765","2089","12854"
"2019-08-17 17:13","X509Util.java","53052","30043","83095"
"2019-01-25 14:32","X509Util.java","63","4","67"
"2019-01-25 14:37","X509Util.java","95","14","109"
"2012-11-17 15:03","StaticHostProvider.java","30174","11138","41312"
"2012-12-20 06:50","StaticHostProvider.java","34506","12472","46978"
"2014-07-17 22:56","StaticHostProvider.java","62963","20407","83370"
"2019-08-17 17:13","StaticHostProvider.java","256932","178405","435337"
"2018-07-16 05:45","StaticHostProvider.java","113767","45190","158957"
"2017-08-03 20:32","StaticHostProvider.java","87460","27653","115113"
"2017-07-28 00:36","StaticHostProvider.java","87433","27653","115086"
"2014-06-27 23:47","StaticHostProvider.java","60602","20022","80624"
"2019-10-10 14:37","X509Util.java","68872","37692","106564"
"2019-07-29 17:09","X509Util.java","37972","13531","51503"
"2019-06-05 00:29","X509Util.java","21508","8414","29922"
"2019-08-17 17:13","X509Util.java","63127","35700","98827"
"2019-01-24 11:53","X509Util.java","10990","6572","17562"
"2019-01-25 14:32","X509Util.java","11052","6575","17627"
"2019-01-14 19:40","X509Util.java","9240","6413","15653"
"2019-01-25 14:37","X509Util.java","11084","6585","17669"
"2012-06-30 08:30","KerberosName.java","14116","10705","24821"
"2019-08-17 17:13","KerberosName.java","256904","177112","434016"
"2012-02-06 10:06","KerberosName.java","9131","8143","17274"
"2019-10-10 14:37","QuorumTest.java","3934","3093","7027"
"2019-12-28 16:17","QuorumTest.java","15306","9633","24939"
"2019-08-17 17:13","EphemeralTypeTest.java","111461","109885","221346"
"2019-06-03 19:40","EphemeralTypeTest.java","82414","95507","177921"
"2018-11-22 17:56","ClientCnxnSocketTest.java","223853","226242","450095"
"2019-08-17 17:13","ClientCnxnSocketTest.java","255276","226362","481638"
"2019-10-10 14:37","LearnerHandler.java","45059","29293","74352"
"2019-07-03 20:54","LearnerHandler.java","199","192","391"
"2019-07-25 21:41","LearnerHandler.java","10602","2106","12708"
"2019-08-23 19:43","LearnerHandler.java","39539","26860","66399"
"2019-08-17 17:13","LearnerHandler.java","38871","26858","65729"
"2019-08-03 08:42","LearnerHandler.java","16151","3430","19581"
"2019-07-29 17:15","BinaryInputArchiveTest.java","253566","218914","472480"
"2019-09-26 08:55","BinaryInputArchiveTest.java","259290","218914","478204"
"2019-01-02 15:10","BinaryInputArchiveTest.java","229892","218802","448694"
"2020-03-26 18:41","ZooKeeperMain.java","268891","234614","503505"
"2020-04-01 17:02","ZooKeeperMain.java","269273","234672","503945"
"2019-10-10 14:37","ZooKeeperMain.java","257917","232675","490592"
"2020-03-26 22:19","ZooKeeperMain.java","268960","234614","503574"
"2019-11-28 12:24","ZooKeeperMain.java","261007","234612","495619"
"2019-08-03 08:42","ZooKeeperMain.java","254871","232674","487545"
"2019-08-17 17:13","ZooKeeperMain.java","254163","232674","486837"
"2019-02-06 09:46","ZooKeeper.java","232862","226446","459308"
"2019-01-16 14:21","ZooKeeper.java","231138","226445","457583"
"2017-04-18 02:02","ZooKeeper.java","1840","3823","5663"
"2019-11-08 17:30","ZooKeeper.java","260938","226611","487549"
"2019-02-07 11:26","ZooKeeper.java","233491","226446","459937"
"2017-05-01 17:19","ZooKeeper.java","1985","3841","5826"
"2019-08-17 17:13","ZooKeeper.java","255276","226563","481839"
"2019-06-26 10:57","ZooKeeper.java","243125","226562","469687"
"2019-06-03 19:40","ZooKeeper.java","240606","226562","467168"
"2018-05-09 23:57","ZooKeeper.java","12691","8289","20980"
"2019-08-03 08:42","ZooKeeper.java","255984","226563","482547"
"2017-07-28 00:36","ZooKeeper.java","3920","6642","10562"
"2017-08-18 23:35","ZooKeeper.java","4505","6742","11247"
"2017-07-04 07:56","ZooKeeper.java","2975","5087","8062"
"2020-04-16 12:50","ZooKeeper.java","270517","228230","498747"
"2018-07-27 05:16","ZooKeeper.java","35623","29203","64826"
"2019-10-10 14:37","ZooKeeper.java","259029","226563","485592"
"2019-02-11 12:34","ZooKeeper.java","233854","226446","460300"
"2020-05-17 15:13","ZooKeeper.java","270920","228262","499182"
"2019-03-12 19:08","ZooKeeper.java","235303","226467","461770"
"2019-07-03 00:44","NIOServerCnxnFactory.java","243899","221556","465455"
"2019-08-17 17:13","NIOServerCnxnFactory.java","255887","221557","477444"
"2019-08-03 08:42","NIOServerCnxnFactory.java","256595","221557","478152"
"2019-04-22 19:15","NIOServerCnxnFactory.java","238650","221538","460188"
"2018-11-23 11:51","NIOServerCnxnFactory.java","224540","221437","445977"
"2019-02-13 13:12","NIOServerCnxnFactory.java","234736","221460","456196"
"2018-10-24 04:03","NIOServerCnxnFactory.java","232742","200114","432856"
"2019-04-12 19:01","NIOServerCnxnFactory.java","237675","221538","459213"
"2018-06-15 08:02","NIOServerCnxnFactory.java","21438","10664","32102"
"2019-10-10 14:37","NIOServerCnxnFactory.java","259640","221557","481197"
"2019-11-14 03:54","NIOServerCnxnFactory.java","263944","221605","485549"
"2019-10-10 14:37","X509Util.java","58806","32103","90909"
"2019-07-29 17:09","X509Util.java","27399","7435","34834"
"2019-06-05 00:29","X509Util.java","10702","2085","12787"
"2019-08-17 17:13","X509Util.java","52996","30046","83042"
"2018-09-15 00:08","ZooKeeperServer.java","212344","55129","267473"
"2019-04-12 19:01","ZooKeeperServer.java","239514","89831","329345"
"2019-07-31 19:06","ZooKeeperServer.java","257013","89830","346843"
"2019-09-11 10:27","ZooKeeperServer.java","259062","89830","348892"
"2019-01-14 19:38","ZooKeeperServer.java","232971","89803","322774"
"2019-01-07 15:34","ZooKeeperServer.java","232572","89803","322375"
"2018-11-21 17:56","ZooKeeperServer.java","225769","89803","315572"
"2012-01-31 07:45","ZooKeeperServer.java","113952","17271","131223"
"2017-04-28 07:14","ZooKeeperServer.java","167981","22684","190665"
"2011-08-19 00:05","ZooKeeperServer.java","108992","12897","121889"
"2017-02-12 00:12","ZooKeeperServer.java","167055","22657","189712"
"2014-07-18 02:19","ZooKeeperServer.java","150192","20197","170389"
"2013-12-11 19:22","ZooKeeperServer.java","136450","18617","155067"
"2019-02-13 13:12","ZooKeeperServer.java","236632","89810","326442"
"2012-02-11 00:34","ZooKeeperServer.java","114664","17398","132062"
"2016-11-24 17:18","ZooKeeperServer.java","168445","22271","190716"
"2018-07-19 05:59","ZooKeeperServer.java","182396","29114","211510"
"2018-09-18 01:00","ZooKeeperServer.java","213033","55165","268198"
"2019-03-04 08:07","ZooKeeperServer.java","237208","89809","327017"
"2019-07-08 23:26","ZooKeeperServer.java","246482","89830","336312"
"2019-01-23 14:00","ZooKeeperServer.java","234406","89803","324209"
"2019-02-13 13:19","ZooKeeperServer.java","236918","89810","326728"
"2019-05-14 17:11","ZooKeeperServer.java","242374","89831","332205"
"2009-01-15 23:57","ZooKeeperServer.java","5818","5546","11364"
"2013-01-25 02:17","ZooKeeperServer.java","125032","18187","143219"
"2015-07-10 08:19","ZooKeeperServer.java","159397","20415","179812"
"2009-02-20 01:23","ZooKeeperServer.java","20906","7008","27914"
"2009-02-06 22:19","ZooKeeperServer.java","20661","6903","27564"
"2019-06-04 10:55","ZooKeeperServer.java","243190","89830","333020"
"2011-06-14 07:14","ZooKeeperServer.java","105632","14333","119965"
"2009-02-27 20:00","ZooKeeperServer.java","20942","7018","27960"
"2019-04-09 15:35","ZooKeeperServer.java","238542","89809","328351"
"2019-08-03 08:42","ZooKeeperServer.java","258414","89830","348244"
"2019-05-15 11:56","ZooKeeperServer.java","242461","89831","332292"
"2019-05-22 11:39","ZooKeeperServer.java","242907","89831","332738"
"2019-04-22 19:15","ZooKeeperServer.java","240489","89831","330320"
"2018-02-23 23:49","ZooKeeperServer.java","173173","23102","196275"
"2016-11-16 06:21","ZooKeeperServer.java","168290","22137","190427"
"2012-12-19 19:07","ZooKeeperServer.java","123945","18138","142083"
"2017-08-18 06:32","ZooKeeperServer.java","167819","22982","190801"
"2009-01-16 00:48","ZooKeeperServer.java","6039","5748","11787"
"2017-06-26 00:16","ZooKeeperServer.java","167759","22930","190689"
"2009-02-02 23:26","ZooKeeperServer.java","18394","6715","25109"
"2019-09-10 04:26","ZooKeeperServer.java","258751","89830","348581"
"2019-08-17 17:13","ZooKeeperServer.java","257706","89830","347536"
"2019-09-05 23:12","ZooKeeperServer.java","258625","89830","348455"
"2019-09-10 15:21","ZooKeeperServer.java","258749","89830","348579"
"2009-05-20 20:48","ZooKeeperServer.java","48350","8235","56585"
"2009-06-15 22:52","ZooKeeperServer.java","51913","8615","60528"
"2019-08-01 07:31","ZooKeeperServer.java","258377","89830","348207"
"2019-08-01 07:28","ZooKeeperServer.java","257887","89830","347717"
"2019-06-03 19:40","ZooKeeperServer.java","243037","89830","332867"
"2015-03-17 18:06","ZooKeeperServer.java","156314","20346","176660"
"2019-11-23 17:08","ZooKeeperServer.java","262863","90286","353149"
"2019-10-09 16:49","ZooKeeperServer.java","261292","89830","351122"
"2019-07-03 00:44","ZooKeeperServer.java","245719","89830","335549"
"2018-01-19 01:12","ZooKeeperServer.java","172097","23068","195165"
"2019-07-24 18:00","ZooKeeperServer.java","254161","89830","343991"
"2013-05-16 18:49","ZooKeeperServer.java","129849","18454","148303"
"2018-08-08 06:21","ZooKeeperServer.java","192701","37939","230640"
"2018-05-09 23:57","ZooKeeperServer.java","174715","23139","197854"
"2009-11-07 01:48","ZooKeeperServer.java","68424","11164","79588"
"2009-12-18 03:19","ZooKeeperServer.java","77449","11719","89168"
"2010-01-26 01:17","ZooKeeperServer.java","81182","12002","93184"
"2019-12-27 22:33","ZooKeeperServer.java","266840","90286","357126"
"2016-08-13 15:01","ZooKeeperServer.java","164270","22018","186288"
"2018-09-11 00:17","ZooKeeperServer.java","210790","55124","265914"
"2019-11-18 09:05","ZooKeeperServer.java","261306","90286","351592"
"2019-10-10 14:37","ZooKeeperServer.java","261459","89830","351289"
"2019-09-16 23:26","ZooKeeperServer.java","260725","89830","350555"
"2013-10-08 01:35","ZooKeeperServer.java","132754","18555","151309"
"2017-06-23 18:39","ZooKeeperServer.java","167758","22909","190667"
"2009-08-07 01:23","ZooKeeperServer.java","62914","9623","72537"
"2011-12-28 07:07","ZooKeeperServer.java","113601","17259","130860"
"2019-12-03 10:01","ZooKeeperServer.java","264765","90286","355051"
"2020-03-25 03:38","ZooKeeperServer.java","270947","90286","361233"
"2010-03-12 19:26","ZooKeeperServer.java","90809","12230","103039"
"2019-11-28 12:24","ZooKeeperServer.java","263068","90286","353354"
"2019-11-06 15:21","ZooKeeperServer.java","261675","89830","351505"
"2011-05-20 01:17","ZooKeeperServer.java","104472","14304","118776"
"2010-07-29 23:10","ZooKeeperServer.java","106128","13014","119142"
"2011-09-17 02:36","ZooKeeperServer.java","111636","15525","127161"
"2020-04-12 11:14","ZooKeeperServer.java","271700","90286","361986"
"2011-09-14 08:56","ZooKeeperServer.java","111656","12985","124641"
"2011-08-21 02:53","ZooKeeperServer.java","109020","12897","121917"
"2010-08-18 08:24","ZooKeeperServer.java","111666","13362","125028"
"2013-10-09 22:21","ZooKeeperServer.java","135027","18588","153615"
"2015-03-08 23:07","ZooKeeperServer.java","155261","20341","175602"
"2018-06-08 16:52","ZooKeeperServer.java","175465","23140","198605"
"2018-06-15 07:41","ZooKeeperServer.java","175483","23155","198638"
"2018-07-28 04:37","ZooKeeperServer.java","182981","29123","212104"
"2019-04-18 19:17","ZooKeeperServer.java","240224","89831","330055"
"2012-03-15 17:47","ZooKeeperServer.java","115711","17411","133122"
"2014-03-25 22:13","ZooKeeperServer.java","139588","18738","158326"
"2011-04-12 09:14","ZooKeeperServer.java","103630","14281","117911"
"2019-11-08 17:30","FinalRequestProcessor.java","262055","187242","449297"
"2019-07-08 23:26","FinalRequestProcessor.java","245189","187214","432403"
"2019-01-16 23:23","FinalRequestProcessor.java","232295","187116","419411"
"2018-09-18 01:00","FinalRequestProcessor.java","160730","109550","270280"
"2019-04-12 19:01","FinalRequestProcessor.java","238204","187198","425402"
"2019-02-07 11:26","FinalRequestProcessor.java","234648","187117","421765"
"2019-01-14 19:38","FinalRequestProcessor.java","231606","187115","418721"
"2013-03-07 07:01","FinalRequestProcessor.java","6034","1478","7512"
"2019-01-09 17:22","FinalRequestProcessor.java","234288","187117","421405"
"2015-06-04 19:51","FinalRequestProcessor.java","44529","12915","57444"
"2019-09-10 04:26","FinalRequestProcessor.java","257458","187214","444672"
"2019-08-17 17:13","FinalRequestProcessor.java","256413","187214","443627"
"2016-10-07 21:51","FinalRequestProcessor.java","55150","18485","73635"
"2014-01-24 07:18","FinalRequestProcessor.java","16490","3201","19691"
"2019-06-26 10:57","FinalRequestProcessor.java","244263","187214","431477"
"2019-08-01 07:28","FinalRequestProcessor.java","256594","187214","443808"
"2019-07-03 00:44","FinalRequestProcessor.java","244426","187214","431640"
"2016-03-23 00:30","FinalRequestProcessor.java","50521","17363","67884"
"2019-08-06 17:11","FinalRequestProcessor.java","257514","187214","444728"
"2015-03-17 18:06","FinalRequestProcessor.java","41739","12459","54198"
"2018-07-10 12:46","FinalRequestProcessor.java","78230","32280","110510"
"2020-03-25 03:38","FinalRequestProcessor.java","270543","188559","459102"
"2019-09-16 23:26","FinalRequestProcessor.java","259432","187214","446646"
"2019-10-10 14:37","FinalRequestProcessor.java","260166","187214","447380"
"2019-11-21 05:58","FinalRequestProcessor.java","260925","188559","449484"
"2019-11-18 09:05","FinalRequestProcessor.java","260902","188559","449461"
"2019-11-11 13:59","FinalRequestProcessor.java","263851","187242","451093"
"2020-03-26 22:12","FinalRequestProcessor.java","270545","188559","459104"
"2014-04-17 08:47","FinalRequestProcessor.java","25835","9987","35822"
"2014-04-29 02:23","FinalRequestProcessor.java","26547","9993","36540"
"2013-10-09 22:21","FinalRequestProcessor.java","12635","2884","15519"
"2015-01-31 08:05","ClientCnxn.java","24098","10161","34259"
"2016-05-02 18:15","ClientCnxn.java","35900","15927","51827"
"2019-08-17 17:13","ClientCnxn.java","256291","201018","457309"
"2015-05-10 00:27","ClientCnxn.java","27061","10585","37646"
"2017-12-19 19:27","ClientCnxn.java","52314","24012","76326"
"2019-01-31 15:50","ClientCnxn.java","233852","200912","434764"
"2019-04-09 15:35","ClientCnxn.java","237061","200931","437992"
"2014-12-20 15:29","ClientCnxn.java","24055","10129","34184"
"2019-11-08 17:30","ClientCnxn.java","261933","201046","462979"
"2017-06-08 17:59","ClientCnxn.java","45842","21830","67672"
"2019-01-16 14:21","ClientCnxn.java","232165","200912","433077"
"2019-01-07 14:24","ClientCnxn.java","231014","200911","431925"
"2019-03-06 03:32","ClientCnxn.java","235988","200930","436918"
"2015-02-06 06:17","ClientCnxn.java","24402","10270","34672"
"2019-02-07 11:26","ClientCnxn.java","234518","200913","435431"
"2018-11-05 19:40","ClientCnxn.java","235274","181515","416789"
"2020-05-17 15:13","ClientCnxn.java","271665","202447","474112"
"2018-06-25 12:30","ClientCnxn.java","56249","24421","80670"
"2020-03-03 03:12","ClientCnxn.java","269444","202436","471880"
"2018-09-10 11:44","ClientCnxn.java","147122","112109","259231"
"2015-06-13 02:42","ClientCnxn.java","29196","11258","40454"
"2015-11-09 00:05","ClientCnxn.java","32026","12596","44622"
"2015-12-06 19:58","ClientCnxn.java","32453","12718","45171"
"2020-01-21 17:53","ClientCnxn.java","265705","202436","468141"
"2015-12-05 22:43","ClientCnxn.java","32450","12718","45168"
"2015-12-05 22:32","ClientCnxn.java","32444","12717","45161"
"2019-10-10 14:37","ClientCnxn.java","260044","201018","461062"
"2014-04-01 04:03","ClientCnxn.java","1098","255","1353"
"2019-11-21 05:58","ClientCnxn.java","260876","202436","463312"
"2020-04-16 12:50","ClientCnxn.java","271283","202436","473719"
"2018-07-27 05:16","ClientCnxn.java","75826","42846","118672"
"2019-10-10 14:37","SessionTrackerImpl.java","216682","191804","408486"
"2019-09-20 10:02","SessionTrackerImpl.java","215849","191804","407653"
"2020-03-26 22:16","SessionTrackerImpl.java","227719","193802","421521"
"2018-09-18 01:00","SessionTrackerImpl.java","44209","41103","85312"
"2019-09-05 23:12","SessionTrackerImpl.java","213848","191804","405652"
"2019-08-17 17:13","SessionTrackerImpl.java","212928","191803","404731"
"2019-04-22 19:15","SessionTrackerImpl.java","195661","191754","387415"
"2019-10-10 14:37","ACLTest.java","258987","224284","483271"
"2017-09-11 18:55","ACLTest.java","244","166","410"
"2019-05-06 18:32","ACLTest.java","239569","224265","463834"
"2019-08-17 17:13","ACLTest.java","255234","224284","479518"
"2019-12-27 22:33","FileTxnSnapLog.java","266823","101355","368178"
"2009-11-07 08:16","FileTxnSnapLog.java","55272","9074","64346"
"2019-10-10 14:37","FileTxnSnapLog.java","261442","100899","362341"
"2019-12-13 08:51","FileTxnSnapLog.java","264860","101355","366215"
"2017-01-07 01:09","FileTxnSnapLog.java","163280","26604","189884"
"2011-07-13 15:48","FileTxnSnapLog.java","97142","16614","113756"
"2014-02-12 17:00","FileTxnSnapLog.java","132424","22673","155097"
"2012-03-06 09:20","FileTxnSnapLog.java","108383","21357","129740"
"2020-01-23 16:46","FileTxnSnapLog.java","268072","101355","369427"
"2020-01-28 17:26","FileTxnSnapLog.java","268543","101355","369898"
"2011-10-20 20:02","FileTxnSnapLog.java","104911","20865","125776"
"2016-09-18 23:21","FileTxnSnapLog.java","158602","26398","185000"
"2017-01-23 02:13","FileTxnSnapLog.java","163699","26619","190318"
"2011-04-12 09:14","FileTxnSnapLog.java","96496","18233","114729"
"2018-06-08 16:52","FileTxnSnapLog.java","169454","27605","197059"
"2019-09-02 08:23","FileTxnSnapLog.java","258346","100899","359245"
"2011-12-21 21:39","FileTxnSnapLog.java","106813","21070","127883"
"2017-04-28 07:14","FileTxnSnapLog.java","161941","27120","189061"
"2019-07-31 19:06","FileTxnSnapLog.java","256996","100899","357895"
"2018-07-30 06:22","FileTxnSnapLog.java","177668","34164","211832"
"2012-02-06 09:40","FileTxnSnapLog.java","107788","21184","128972"
"2012-07-17 23:25","FileTxnSnapLog.java","111871","21544","133415"
"2020-01-30 09:43","FileTxnSnapLog.java","268619","101355","369974"
"2019-05-14 17:11","FileTxnSnapLog.java","242357","100900","343257"
"2010-03-12 23:36","FileTxnSnapLog.java","80834","13281","94115"
"2013-06-28 23:22","FileTxnSnapLog.java","125180","22550","147730"
"2014-02-10 21:50","FileTxnSnapLog.java","132291","22652","154943"
"2019-05-21 23:34","FileTxnSnapLog.java","242678","100900","343578"
"2009-02-20 01:23","FileTxnSnapLog.java","4985","2173","7158"
"2019-05-27 10:54","FileTxnSnapLog.java","243010","100900","343910"
"2017-01-13 19:29","FileTxnSnapLog.java","163487","26608","190095"
"2017-06-26 00:07","FileTxnSnapLog.java","161727","27368","189095"
"2018-02-23 23:49","FileTxnSnapLog.java","167153","27558","194711"
"2017-08-18 06:32","FileTxnSnapLog.java","161785","27424","189209"
"2009-06-18 18:37","FileTxnSnapLog.java","38692","5409","44101"
"2019-08-17 17:13","FileTxnSnapLog.java","257689","100899","358588"
"2009-06-15 22:52","FileTxnSnapLog.java","37323","5111","42434"
"2018-02-14 21:23","FileTxnSnapLog.java","166989","27558","194547"
"2019-12-27 22:33","FileTxnSnapLog.java","266840","90935","357775"
"2009-11-07 08:16","FileTxnSnapLog.java","67521","10886","78407"
"2019-10-10 14:37","FileTxnSnapLog.java","261459","90479","351938"
"2019-12-13 08:51","FileTxnSnapLog.java","264877","90935","355812"
"2017-01-07 01:09","FileTxnSnapLog.java","168854","22149","191003"
"2011-07-13 15:48","FileTxnSnapLog.java","103113","12556","115669"
"2014-02-12 17:00","FileTxnSnapLog.java","138212","18432","156644"
"2012-03-06 09:20","FileTxnSnapLog.java","114216","17161","131377"
"2020-01-23 16:46","FileTxnSnapLog.java","268089","90935","359024"
"2020-01-28 17:26","FileTxnSnapLog.java","268560","90935","359495"
"2011-10-20 20:02","FileTxnSnapLog.java","110827","16752","127579"
"2016-09-18 23:21","FileTxnSnapLog.java","164178","21945","186123"
"2017-01-23 02:13","FileTxnSnapLog.java","169274","22165","191439"
"2011-04-12 09:14","FileTxnSnapLog.java","102846","14146","116992"
"2018-06-08 16:52","FileTxnSnapLog.java","174924","23046","197970"
"2019-09-02 08:23","FileTxnSnapLog.java","258363","90479","348842"
"2011-12-21 21:39","FileTxnSnapLog.java","112695","16923","129618"
"2017-04-28 07:14","FileTxnSnapLog.java","167442","22592","190034"
"2019-07-31 19:06","FileTxnSnapLog.java","257013","90479","347492"
"2018-07-30 06:22","FileTxnSnapLog.java","182763","29230","211993"
"2012-02-06 09:40","FileTxnSnapLog.java","113666","17033","130699"
"2012-07-17 23:25","FileTxnSnapLog.java","117701","17345","135046"
"2020-01-30 09:43","FileTxnSnapLog.java","268636","90935","359571"
"2019-05-14 17:11","FileTxnSnapLog.java","242374","90480","332854"
"2010-03-12 23:36","FileTxnSnapLog.java","90039","12049","102088"
"2013-06-28 23:22","FileTxnSnapLog.java","130976","18317","149293"
"2014-02-10 21:50","FileTxnSnapLog.java","138081","18413","156494"
"2019-05-21 23:34","FileTxnSnapLog.java","242695","90480","333175"
"2009-02-20 01:23","FileTxnSnapLog.java","19993","6744","26737"
"2019-05-27 10:54","FileTxnSnapLog.java","243027","90480","333507"
"2009-01-31 02:18","FileTxnSnapLog.java","16101","5664","21765"
"2017-01-13 19:29","FileTxnSnapLog.java","169067","22159","191226"
"2017-06-26 00:07","FileTxnSnapLog.java","167224","22836","190060"
"2018-02-23 23:49","FileTxnSnapLog.java","172632","23008","195640"
"2017-08-18 06:32","FileTxnSnapLog.java","167281","22891","190172"
"2009-06-18 18:37","FileTxnSnapLog.java","52256","8536","60792"
"2019-08-17 17:13","FileTxnSnapLog.java","257706","90479","348185"
"2009-06-15 22:52","FileTxnSnapLog.java","50942","8293","59235"
"2018-02-14 21:23","FileTxnSnapLog.java","172468","23008","195476"
"2019-09-18 11:20","TimeTest.java","48877","31296","80173"
"2019-08-17 17:13","TimeTest.java","44192","29523","73715"
"2018-11-17 18:37","ConfigUtils.java","223839","221975","445814"
"2018-10-08 14:33","ConfigUtils.java","229732","200503","430235"
"2019-08-17 17:13","ConfigUtils.java","255885","222096","477981"
"2018-07-27 12:32","ConfigUtils.java","41919","30231","72150"
"2014-02-12 17:00","LearnerHandler.java","10932","1997","12929"
"2014-03-23 04:12","LearnerHandler.java","11527","2205","13732"
"2019-10-10 14:37","LearnerHandler.java","260159","191811","451970"
"2015-06-05 20:38","LearnerHandler.java","39731","12718","52449"
"2015-06-05 20:51","LearnerHandler.java","39758","12718","52476"
"2015-06-12 23:02","LearnerHandler.java","39871","12733","52604"
"2013-09-26 14:05","LearnerHandler.java","3273","1029","4302"
"2019-07-03 20:54","LearnerHandler.java","244400","191811","436211"
"2013-06-28 23:22","LearnerHandler.java","2402","588","2990"
"2018-09-18 01:00","LearnerHandler.java","158435","111859","270294"
"2013-05-14 14:27","LearnerHandler.java","200","123","323"
"2018-08-03 18:52","LearnerHandler.java","86558","43558","130116"
"2018-12-09 03:16","LearnerHandler.java","228964","191711","420675"
"2019-04-12 19:01","LearnerHandler.java","238197","191795","429992"
"2017-11-28 00:10","LearnerHandler.java","62010","24430","86440"
"2019-06-29 00:33","LearnerHandler.java","244393","191811","436204"
"2019-07-25 21:41","LearnerHandler.java","252889","191811","444700"
"2019-08-23 19:43","LearnerHandler.java","257072","191811","448883"
"2019-08-17 17:13","LearnerHandler.java","256406","191811","448217"
"2017-06-26 00:16","LearnerHandler.java","56392","22855","79247"
"2017-08-03 20:28","LearnerHandler.java","57066","23881","80947"
"2019-05-06 17:48","LearnerHandler.java","240703","191795","432498"
"2019-08-03 08:42","LearnerHandler.java","257114","191811","448925"
"2019-04-22 19:15","LearnerHandler.java","239172","191795","430967"
"2019-08-17 17:13","ZooKeeperServerConfTest.java","51153","30099","81252"
"2019-12-27 22:33","FileTxnLog.java","265463","231689","497152"
"2019-10-10 14:37","FileTxnLog.java","258764","229915","488679"
"2018-11-12 22:36","FileTxnLog.java","222959","229771","452730"
"2018-08-01 21:19","FileTxnLog.java","25150","21958","47108"
"2018-04-27 20:28","FileTxnLog.java","295","208","503"
"2018-06-08 16:52","FileTxnLog.java","2082","548","2630"
"2020-01-28 17:26","FileTxnLog.java","267184","231690","498874"
"2019-05-14 17:11","FileTxnLog.java","239657","229894","469551"
"2019-01-07 14:24","FileTxnLog.java","229700","229774","459474"
"2019-04-12 19:01","FileTxnLog.java","236780","229877","466657"
"2018-09-06 01:11","FileTxnLog.java","105588","100765","206353"
"2018-09-18 01:00","FileTxnLog.java","107999","100922","208921"
"2019-08-17 17:13","FileTxnLog.java","255010","229914","484924"
"2019-06-03 19:40","FileTxnLog.java","240340","229913","470253"
"2019-08-03 08:42","FileTxnLog.java","255718","229914","485632"
"2019-04-09 15:35","FileTxnLog.java","235757","229804","465561"
"2014-02-12 17:00","ZKDatabase.java","362","112","474"
"2019-10-10 14:37","ZKDatabase.java","260045","200382","460427"
"2019-12-27 22:33","ZKDatabase.java","266387","201799","468186"
"2018-04-06 06:04","ZKDatabase.java","54341","24239","78580"
"2014-04-29 02:23","ZKDatabase.java","10994","7729","18723"
"2014-04-17 08:47","ZKDatabase.java","10230","7671","17901"
"2018-09-28 23:38","ZKDatabase.java","152914","112449","265363"
"2019-11-08 17:30","ZKDatabase.java","261934","200410","462344"
"2019-05-14 17:11","ZKDatabase.java","240943","200366","441309"
"2018-09-18 01:00","ZKDatabase.java","150170","112279","262449"
"2019-02-07 11:26","ZKDatabase.java","234519","200277","434796"
"2019-04-12 19:01","ZKDatabase.java","238083","200366","438449"
"2018-09-05 22:35","ZKDatabase.java","147828","112191","260019"
"2015-02-06 06:17","ZKDatabase.java","25332","10563","35895"
"2014-07-18 02:19","ZKDatabase.java","19392","9374","28766"
"2018-02-07 01:05","ZKDatabase.java","53951","24201","78152"
"2019-08-17 17:13","ZKDatabase.java","256292","200382","456674"
"2019-09-10 00:27","ZKDatabase.java","257232","200382","457614"
"2016-03-23 00:30","ZKDatabase.java","35894","16025","51919"
"2018-02-23 23:49","ZKDatabase.java","54327","24233","78560"
"2017-08-03 20:28","ZKDatabase.java","47620","23120","70740"
"2017-06-18 19:23","ZKDatabase.java","46743","22019","68762"
"2019-04-09 15:35","ZKDatabase.java","237062","200295","437357"
"2019-08-17 17:13","ProposalRequestProcessor.java","256985","187413","444398"
"2012-03-15 17:47","ProposalRequestProcessor.java","26462","21858","48320"
"2011-10-20 20:02","ProposalRequestProcessor.java","21179","20353","41532"
"2016-07-27 01:33","CreateCommand.java","61514","17918","79432"
"2013-10-09 22:21","CreateCommand.java","22937","4755","27692"
"2014-03-29 04:33","CreateCommand.java","28386","5514","33900"
"2017-05-27 00:52","CreateCommand.java","68500","22228","90728"
"2015-06-04 19:51","CreateCommand.java","53500","13455","66955"
"2019-08-17 17:13","CreateCommand.java","256502","178872","435374"
"2018-05-09 23:57","CreateCommand.java","77340","24021","101361"
"2019-08-17 17:13","HierarchicalQuorumTest.java","254848","231529","486377"
"2019-07-12 17:01","HierarchicalQuorumTest.java","250161","231529","481690"
"2019-10-10 14:37","HierarchicalQuorumTest.java","258602","231530","490132"
"2017-06-08 17:51","ClientBase.java","8683","6146","14829"
"2017-04-18 01:37","ClientBase.java","8354","5185","13539"
"2018-09-07 02:49","ClientBase.java","121029","107422","228451"
"2019-07-31 19:06","ClientBase.java","255194","222020","477214"
"2017-09-11 18:55","ClientBase.java","11244","8249","19493"
"2019-08-17 17:13","ClientBase.java","255887","222020","477907"
"2019-06-07 14:13","ClientBase.java","241990","222019","464009"
"2018-04-24 00:20","ClientBase.java","18098","9327","27425"
"2018-08-08 06:21","ClientBase.java","90774","78032","168806"
"2018-05-09 23:57","ClientBase.java","19091","9535","28626"
"2019-06-24 11:05","ClientBase.java","243219","222019","465238"
"2017-01-13 19:29","ClientBase.java","6892","1557","8449"
"2019-11-14 16:44","ClientBase.java","263962","222068","486030"
"2019-10-10 14:37","ClientBase.java","259640","222020","481660"
"2019-08-17 17:13","AsyncOps.java","44192","29523","73715"
"2019-08-17 17:13","ReconfigRollingRestartCompatibilityTest.java","255250","224697","479947"
"2019-10-10 14:37","X509Util.java","60270","31917","92187"
"2019-07-29 17:09","X509Util.java","29175","7561","36736"
"2019-06-05 00:29","X509Util.java","12480","2213","14693"
"2019-08-17 17:13","X509Util.java","54519","29919","84438"
"2019-01-24 11:53","X509Util.java","1760","169","1929"
"2019-01-25 14:32","X509Util.java","1822","172","1994"
"2019-01-25 14:37","X509Util.java","1854","182","2036"
"2019-08-17 17:13","DataNodeTest.java","255272","226998","482270"
"2013-01-25 07:46","NIOServerCnxnFactory.java","35066","12921","47987"
"2015-03-17 18:06","NIOServerCnxnFactory.java","72959","21499","94458"
"2019-07-03 00:44","NIOServerCnxnFactory.java","244946","178242","423188"
"2019-08-17 17:13","NIOServerCnxnFactory.java","256933","178242","435175"
"2012-12-19 19:07","NIOServerCnxnFactory.java","34147","12848","46995"
"2019-08-03 08:42","NIOServerCnxnFactory.java","257641","178242","435883"
"2019-04-22 19:15","NIOServerCnxnFactory.java","239716","178243","417959"
"2014-09-28 19:15","NIOServerCnxnFactory.java","69311","21226","90537"
"2018-11-23 11:51","NIOServerCnxnFactory.java","225640","178176","403816"
"2012-08-28 21:51","NIOServerCnxnFactory.java","28105","11361","39466"
"2019-02-13 13:12","NIOServerCnxnFactory.java","235826","178189","414015"
"2014-07-18 02:19","NIOServerCnxnFactory.java","66531","21044","87575"
"2011-08-19 00:05","NIOServerCnxnFactory.java","13840","2253","16093"
"2013-03-07 07:01","NIOServerCnxnFactory.java","40153","13417","53570"
"2018-10-24 04:03","NIOServerCnxnFactory.java","236663","146986","383649"
"2019-04-12 19:01","NIOServerCnxnFactory.java","238741","178243","416984"
"2011-04-12 09:14","NIOServerCnxnFactory.java","966","802","1768"
"2018-06-15 08:02","NIOServerCnxnFactory.java","96514","28691","125205"
"2016-06-23 23:45","NIOServerCnxnFactory.java","81525","24476","106001"
"2014-03-23 04:12","NIOServerCnxnFactory.java","50468","14362","64830"
"2011-12-28 07:07","NIOServerCnxnFactory.java","20251","8417","28668"
"2019-10-10 14:37","NIOServerCnxnFactory.java","260686","178242","438928"
"2019-11-14 03:54","NIOServerCnxnFactory.java","264942","178242","443184"
"2017-07-28 00:36","Transaction.java","60071","22800","82871"
"2019-08-17 17:13","Transaction.java","256407","187701","444108"
"2019-10-10 14:37","IntegrityCheck.java","7470","3717","11187"
"2020-02-26 22:41","NettyServerCnxnFactory.java","22587","11933","34520"
"2019-10-10 14:37","NettyServerCnxnFactory.java","7470","3717","11187"
"2019-09-10 18:50","NettyServerCnxnFactory.java","2812","1695","4507"
"2019-11-14 03:54","NettyServerCnxnFactory.java","12030","4021","16051"
"2019-11-23 17:08","NettyServerCnxnFactory.java","13955","9254","23209"
"2018-12-09 03:16","LeaderZooKeeperServer.java","230340","72454","302794"
"2018-11-21 17:56","LeaderZooKeeperServer.java","225772","72454","298226"
"2012-01-31 07:45","LeaderZooKeeperServer.java","126625","17145","143770"
"2009-01-15 23:57","LeaderZooKeeperServer.java","26401","8777","35178"
"2009-02-06 22:19","LeaderZooKeeperServer.java","40942","9832","50774"
"2019-06-04 10:55","LeaderZooKeeperServer.java","243194","72482","315676"
"2009-02-02 23:26","LeaderZooKeeperServer.java","38697","9666","48363"
"2015-06-04 19:51","LeaderZooKeeperServer.java","171087","19986","191073"
"2009-06-26 22:29","LeaderZooKeeperServer.java","80646","11362","92008"
"2019-08-17 17:13","LeaderZooKeeperServer.java","257710","72482","330192"
"2009-06-18 18:37","LeaderZooKeeperServer.java","72814","11093","83907"
"2009-05-20 22:16","LeaderZooKeeperServer.java","68198","10663","78861"
"2019-06-03 19:40","LeaderZooKeeperServer.java","243041","72482","315523"
"2009-12-18 03:19","LeaderZooKeeperServer.java","96383","13301","109684"
"2019-11-25 15:37","LeaderZooKeeperServer.java","262971","72935","335906"
"2019-12-27 22:33","LeaderZooKeeperServer.java","266841","72935","339776"
"2009-08-07 01:23","LeaderZooKeeperServer.java","82123","11480","93603"
"2010-03-12 19:26","LeaderZooKeeperServer.java","109620","13689","123309"
"2013-10-09 22:21","LeaderZooKeeperServer.java","147585","18347","165932"
"2011-10-20 20:02","LeaderZooKeeperServer.java","124302","16981","141283"
"2019-12-27 22:33","FileTxnSnapLog.java","265557","228347","493904"
"2019-10-10 14:37","FileTxnSnapLog.java","259027","226742","485769"
"2019-12-13 08:51","FileTxnSnapLog.java","263593","228346","491939"
"2020-01-23 16:46","FileTxnSnapLog.java","266807","228348","495155"
"2020-01-28 17:26","FileTxnSnapLog.java","267278","228348","495626"
"2017-01-23 02:13","FileTxnSnapLog.java","256","55","311"
"2018-06-08 16:52","FileTxnSnapLog.java","13473","8503","21976"
"2019-09-02 08:23","FileTxnSnapLog.java","255931","226742","482673"
"2017-04-28 07:14","FileTxnSnapLog.java","1687","3745","5432"
"2019-07-31 19:06","FileTxnSnapLog.java","254581","226742","481323"
"2018-07-30 06:22","FileTxnSnapLog.java","35944","29319","65263"
"2020-01-30 09:43","FileTxnSnapLog.java","267354","228348","495702"
"2019-05-14 17:11","FileTxnSnapLog.java","239922","226723","466645"
"2019-05-21 23:34","FileTxnSnapLog.java","240244","226724","466968"
"2019-05-27 10:54","FileTxnSnapLog.java","240576","226724","467300"
"2017-06-26 00:07","FileTxnSnapLog.java","2431","4951","7382"
"2018-02-23 23:49","FileTxnSnapLog.java","10700","7984","18684"
"2017-08-18 06:32","FileTxnSnapLog.java","4127","6645","10772"
"2019-08-17 17:13","FileTxnSnapLog.java","255274","226742","482016"
"2018-02-14 21:23","FileTxnSnapLog.java","10517","7965","18482"
"2019-08-17 17:13","FileTxnSnapLogMetricsTest.java","44724","29712","74436"
"2019-11-28 12:24","DataTree.java","262371","221424","483795"
"2019-10-10 14:37","DataTree.java","259640","219846","479486"
"2019-12-27 22:33","DataTree.java","266144","221425","487569"
"2019-11-11 13:59","DataTree.java","263345","219894","483239"
"2018-07-10 13:29","DataTree.java","33775","21005","54780"
"2018-09-28 23:38","DataTree.java","130093","109497","239590"
"2019-11-08 17:30","DataTree.java","261549","219894","481443"
"2019-01-30 16:28","DataTree.java","232880","219728","452608"
"2019-01-30 17:02","DataTree.java","233424","219728","453152"
"2016-11-24 17:18","DataTree.java","9149","2821","11970"
"2017-09-11 18:55","DataTree.java","14883","9714","24597"
"2017-02-05 07:22","DataTree.java","11022","3255","14277"
"2019-02-07 11:26","DataTree.java","234102","219729","453831"
"2018-09-04 11:54","DataTree.java","124165","108653","232818"
"2018-09-05 22:35","DataTree.java","124440","108672","233112"
"2018-12-20 15:17","DataTree.java","229368","219727","449095"
"2019-09-10 09:53","DataTree.java","256936","219846","476782"
"2019-04-12 19:01","DataTree.java","237675","219827","457502"
"2019-07-31 19:06","DataTree.java","255194","219846","475040"
"2019-09-11 10:27","DataTree.java","257243","219846","477089"
"2019-08-01 07:31","DataTree.java","256558","219846","476404"
"2019-08-17 17:13","DataTree.java","255887","219846","475733"
"2019-09-10 15:21","DataTree.java","256930","219846","476776"
"2016-10-07 21:51","DataTree.java","5458","1951","7409"
"2017-06-18 19:23","DataTree.java","12664","7809","20473"
"2019-04-12 12:29","DataTree.java","237244","219827","457071"
"2019-08-03 08:42","DataTree.java","256595","219846","476441"
"2019-08-09 16:15","DataTree.java","257343","219846","477189"
"2016-11-13 20:59","DataTree.java","7961","2201","10162"
"2019-04-29 16:49","DataTree.java","239705","219827","459532"
"2019-10-10 14:37","ClientCnxnSocketNIO.java","73487","38431","111918"
"2019-04-09 15:35","ClientCnxnSocketNIO.java","21091","8931","30022"
"2019-08-03 08:42","ClientCnxnSocketNIO.java","48189","16178","64367"
"2019-08-17 17:13","ClientCnxnSocketNIO.java","67761","36458","104219"
"2019-07-29 17:15","JFile.java","252786","224314","477100"
"2019-11-23 17:08","NettyServerCnxnFactoryTest.java","11190","7606","18796"
"2019-12-16 22:09","NettyServerCnxnFactoryTest.java","14035","8195","22230"
"2015-07-07 07:11","MultiResponseTest.java","72119","22594","94713"
"2019-08-17 17:13","MultiResponseTest.java","256904","183022","439926"
"2018-09-15 00:08","ZooKeeperServer.java","219071","49057","268128"
"2019-04-12 19:01","ZooKeeperServer.java","239517","72482","311999"
"2019-07-31 19:06","ZooKeeperServer.java","257017","72482","329499"
"2019-09-11 10:27","ZooKeeperServer.java","259066","72482","331548"
"2019-01-14 19:38","ZooKeeperServer.java","232974","72454","305428"
"2019-01-07 15:34","ZooKeeperServer.java","232575","72454","305029"
"2018-11-21 17:56","ZooKeeperServer.java","225772","72454","298226"
"2012-01-31 07:45","ZooKeeperServer.java","126625","17145","143770"
"2017-04-28 07:14","ZooKeeperServer.java","178673","20577","199250"
"2011-08-19 00:05","ZooKeeperServer.java","123136","14242","137378"
"2017-02-12 00:12","ZooKeeperServer.java","177764","20567","198331"
"2014-07-18 02:19","ZooKeeperServer.java","162615","19821","182436"
"2013-12-11 19:22","ZooKeeperServer.java","148979","18347","167326"
"2019-02-13 13:12","ZooKeeperServer.java","236635","72461","309096"
"2012-02-11 00:34","ZooKeeperServer.java","127283","17218","144501"
"2016-11-24 17:18","ZooKeeperServer.java","179381","20408","199789"
"2018-07-19 05:59","ZooKeeperServer.java","190015","23934","213949"
"2018-09-18 01:00","ZooKeeperServer.java","219760","49093","268853"
"2008-10-07 20:51","ZooKeeperServer.java","3686","2501","6187"
"2019-03-04 08:07","ZooKeeperServer.java","237211","72460","309671"
"2019-07-08 23:26","ZooKeeperServer.java","246486","72482","318968"
"2019-01-23 14:00","ZooKeeperServer.java","234409","72454","306863"
"2019-02-13 13:19","ZooKeeperServer.java","236921","72461","309382"
"2019-05-14 17:11","ZooKeeperServer.java","242377","72482","314859"
"2009-01-15 23:57","ZooKeeperServer.java","26401","8777","35178"
"2013-01-25 02:17","ZooKeeperServer.java","137645","18001","155646"
"2015-07-10 08:19","ZooKeeperServer.java","171766","19985","191751"
"2008-10-03 15:06","ZooKeeperServer.java","1811","1546","3357"
"2009-02-20 01:23","ZooKeeperServer.java","41172","9922","51094"
"2009-02-06 22:19","ZooKeeperServer.java","40942","9832","50774"
"2019-06-04 10:55","ZooKeeperServer.java","243194","72482","315676"
"2011-06-14 07:14","ZooKeeperServer.java","124032","15381","139413"
"2009-02-27 20:00","ZooKeeperServer.java","41204","9928","51132"
"2019-04-09 15:35","ZooKeeperServer.java","238545","72460","311005"
"2019-08-03 08:42","ZooKeeperServer.java","258418","72482","330900"
"2019-05-15 11:56","ZooKeeperServer.java","242464","72482","314946"
"2019-05-22 11:39","ZooKeeperServer.java","242910","72482","315392"
"2019-04-22 19:15","ZooKeeperServer.java","240492","72482","312974"
"2018-02-23 23:49","ZooKeeperServer.java","183802","20932","204734"
"2016-11-16 06:21","ZooKeeperServer.java","179226","20274","199500"
"2012-12-19 19:07","ZooKeeperServer.java","136563","17957","154520"
"2017-08-18 06:32","ZooKeeperServer.java","178487","20851","199338"
"2009-01-16 00:48","ZooKeeperServer.java","26588","8945","35533"
"2017-06-26 00:16","ZooKeeperServer.java","178445","20817","199262"
"2009-02-02 23:26","ZooKeeperServer.java","38697","9666","48363"
"2019-09-10 04:26","ZooKeeperServer.java","258755","72482","331237"
"2019-08-17 17:13","ZooKeeperServer.java","257710","72482","330192"
"2019-09-05 23:12","ZooKeeperServer.java","258629","72482","331111"
"2019-09-10 15:21","ZooKeeperServer.java","258753","72482","331235"
"2009-05-20 20:48","ZooKeeperServer.java","68085","10618","78703"
"2009-06-15 22:52","ZooKeeperServer.java","71604","10954","82558"
"2019-08-01 07:31","ZooKeeperServer.java","258381","72482","330863"
"2019-08-01 07:28","ZooKeeperServer.java","257891","72482","330373"
"2019-06-03 19:40","ZooKeeperServer.java","243041","72482","315523"
"2015-03-17 18:06","ZooKeeperServer.java","168704","19937","188641"
"2019-11-23 17:08","ZooKeeperServer.java","262864","72935","335799"
"2019-10-09 16:49","ZooKeeperServer.java","261296","72482","333778"
"2019-07-03 00:44","ZooKeeperServer.java","245723","72482","318205"
"2018-01-19 01:12","ZooKeeperServer.java","182727","20899","203626"
"2019-07-24 18:00","ZooKeeperServer.java","254165","72482","326647"
"2013-05-16 18:49","ZooKeeperServer.java","142444","18250","160694"
"2018-08-08 06:21","ZooKeeperServer.java","200317","32756","233073"
"2018-05-09 23:57","ZooKeeperServer.java","185341","20966","206307"
"2009-11-07 01:48","ZooKeeperServer.java","87483","12871","100354"
"2009-12-18 03:19","ZooKeeperServer.java","96383","13301","109684"
"2010-01-26 01:17","ZooKeeperServer.java","100089","13557","113646"
"2019-12-27 22:33","ZooKeeperServer.java","266841","72935","339776"
"2016-08-13 15:01","ZooKeeperServer.java","175213","20162","195375"
"2018-09-11 00:17","ZooKeeperServer.java","217518","49053","266571"
"2019-11-18 09:05","ZooKeeperServer.java","261307","72935","334242"
"2019-10-10 14:37","ZooKeeperServer.java","261463","72482","333945"
"2019-09-16 23:26","ZooKeeperServer.java","260729","72482","333211"
"2013-10-08 01:35","ZooKeeperServer.java","145320","18322","163642"
"2017-06-23 18:39","ZooKeeperServer.java","178447","20799","199246"
"2009-08-07 01:23","ZooKeeperServer.java","82123","11480","93603"
"2011-12-28 07:07","ZooKeeperServer.java","126274","17133","143407"
"2019-12-03 10:01","ZooKeeperServer.java","264766","72935","337701"
"2020-03-25 03:38","ZooKeeperServer.java","270948","72935","343883"
"2010-03-12 19:26","ZooKeeperServer.java","109620","13689","123309"
"2019-11-28 12:24","ZooKeeperServer.java","263069","72935","336004"
"2019-11-06 15:21","ZooKeeperServer.java","261679","72482","334161"
"2011-05-20 01:17","ZooKeeperServer.java","122882","15362","138244"
"2010-07-29 23:10","ZooKeeperServer.java","124791","14325","139116"
"2011-09-17 02:36","ZooKeeperServer.java","125731","16821","142552"
"2020-04-12 11:14","ZooKeeperServer.java","271701","72935","344636"
"2011-09-14 08:56","ZooKeeperServer.java","125785","14315","140100"
"2011-08-21 02:53","ZooKeeperServer.java","123164","14242","137406"
"2010-08-18 08:24","ZooKeeperServer.java","130287","14631","144918"
"2013-10-09 22:21","ZooKeeperServer.java","147585","18347","165932"
"2008-10-22 01:49","ZooKeeperServer.java","15814","3810","19624"
"2008-12-02 01:13","ZooKeeperServer.java","22140","4788","26928"
"2015-03-08 23:07","ZooKeeperServer.java","167650","19931","187581"
"2018-06-08 16:52","ZooKeeperServer.java","186091","20967","207058"
"2018-06-15 07:41","ZooKeeperServer.java","186108","20981","207089"
"2018-07-28 04:37","ZooKeeperServer.java","190602","23945","214547"
"2019-04-18 19:17","ZooKeeperServer.java","240227","72482","312709"
"2012-03-15 17:47","ZooKeeperServer.java","128327","17228","145555"
"2014-03-25 22:13","ZooKeeperServer.java","152103","18454","170557"
"2011-04-12 09:14","ZooKeeperServer.java","122033","15332","137365"
"2019-10-10 14:37","FLEZeroWeightTest.java","7470","3717","11187"
"2019-08-17 17:13","IDeadWatcherListener.java","174218","158773","332991"
"2019-10-10 14:37","LoadFromLogNoServerTest.java","258833","227996","486829"
"2019-07-31 19:06","LoadFromLogNoServerTest.java","254386","227995","482381"
"2019-09-10 15:21","LoadFromLogNoServerTest.java","256123","227996","484119"
"2019-08-17 17:13","LoadFromLogNoServerTest.java","255079","227995","483074"
"2016-07-27 01:33","GetAclCommand.java","61514","17918","79432"
"2019-11-11 13:59","GetAclCommand.java","263940","178900","442840"
"2017-05-27 00:52","GetAclCommand.java","68500","22228","90728"
"2019-01-31 15:55","GetAclCommand.java","234068","178779","412847"
"2019-08-17 17:13","GetAclCommand.java","256502","178872","435374"
"2018-06-08 16:52","ZooKeeperServerMXBean.java","11812","4784","16596"
"2019-09-16 23:26","ZooKeeperServerMXBean.java","258269","224660","482929"
"2019-11-14 03:54","ZooKeeperServerMXBean.java","263307","224708","488015"
"2020-03-25 03:38","ZooKeeperServerMXBean.java","269662","226287","495949"
"2019-05-22 11:39","ZooKeeperServerMXBean.java","240432","224642","465074"
"2019-07-30 02:31","ZooKeeperServerMXBean.java","253171","224660","477831"
"2018-02-07 01:05","ZooKeeperServerMXBean.java","8587","4157","12744"
"2018-07-12 01:33","ZooKeeperServerMXBean.java","22715","15218","37933"
"2019-08-17 17:13","ZooKeeperServerMXBean.java","255250","224660","479910"
"2019-01-14 19:38","ZooKeeperServerMXBean.java","230423","224541","454964"
"2019-07-08 23:26","ZooKeeperServerMXBean.java","244025","224659","468684"
"2019-01-23 14:00","ZooKeeperServerMXBean.java","231859","224542","456401"
"2019-08-17 17:13","ConsCommand.java","255276","226243","481519"
"2019-10-10 14:37","FilePadding.java","7470","3717","11187"
"2016-12-22 23:23","IsroCommand.java","14721","6524","21245"
"2019-08-17 17:13","IsroCommand.java","255967","218737","474704"
"2018-11-22 17:56","NettyServerCnxnTest.java","224690","214646","439336"
"2018-09-07 02:34","NettyServerCnxnTest.java","133544","112461","246005"
"2019-02-12 15:25","NettyServerCnxnTest.java","234821","214649","449470"
"2019-06-24 11:05","NettyServerCnxnTest.java","243437","214757","458194"
"2019-07-23 15:55","NettyServerCnxnTest.java","252112","214757","466869"
"2018-07-12 01:33","NettyServerCnxnTest.java","43982","25728","69710"
"2019-08-17 17:13","NettyServerCnxnTest.java","256104","214757","470861"
"2019-06-07 14:13","NettyServerCnxnTest.java","242208","214757","456965"
"2019-08-17 17:13","AuthTest.java","256646","178089","434735"
"2019-08-17 17:13","PEMFileLoader.java","68806","36682","105488"
"2019-08-17 17:13","WatchManagerFactory.java","174218","158773","332991"
"2019-08-17 17:13","ZxidRolloverTest.java","255916","220352","476268"
"2019-10-10 14:37","ZooKeeperSaslClient.java","30687","27642","58329"
"2020-02-04 10:39","ZooKeeperSaslClient.java","45037","35261","80298"
"2019-08-17 17:13","ZooKeeperSaslClient.java","24190","24898","49088"
"2020-03-25 03:38","Request.java","15508","10133","25641"
"2019-12-27 22:33","Request.java","7578","6310","13888"
"2020-05-05 21:20","Request.java","20238","13832","34070"
"2015-03-17 18:06","NIOServerCnxnFactory.java","25853","10499","36352"
"2019-07-03 00:44","NIOServerCnxnFactory.java","244304","201018","445322"
"2019-08-17 17:13","NIOServerCnxnFactory.java","256291","201018","457309"
"2019-08-03 08:42","NIOServerCnxnFactory.java","256999","201018","458017"
"2019-04-22 19:15","NIOServerCnxnFactory.java","239057","201002","440059"
"2014-09-28 19:15","NIOServerCnxnFactory.java","21844","9865","31709"
"2018-11-23 11:51","NIOServerCnxnFactory.java","224956","200910","425866"
"2019-02-13 13:12","NIOServerCnxnFactory.java","235150","200931","436081"
"2014-07-18 02:19","NIOServerCnxnFactory.java","18459","9078","27537"
"2018-10-24 04:03","NIOServerCnxnFactory.java","235086","181515","416601"
"2019-04-12 19:01","NIOServerCnxnFactory.java","238082","201002","439084"
"2018-06-15 08:02","NIOServerCnxnFactory.java","56136","24419","80555"
"2016-06-23 23:45","NIOServerCnxnFactory.java","37053","16110","53163"
"2019-10-10 14:37","NIOServerCnxnFactory.java","260044","201018","461062"
"2019-11-14 03:54","NIOServerCnxnFactory.java","264328","201046","465374"
"2019-08-17 17:13","OOMTest.java","256292","198547","454839"
"2017-09-11 18:55","OOMTest.java","50157","23284","73441"
"2019-09-18 11:20","OOMTest.java","259204","198547","457751"
"2019-10-10 14:37","SessionTrackerImpl.java","258676","230612","489288"
"2019-09-20 10:02","SessionTrackerImpl.java","257843","230612","488455"
"2020-03-26 22:16","SessionTrackerImpl.java","269578","232475","502053"
"2018-09-18 01:00","SessionTrackerImpl.java","107055","100763","207818"
"2019-09-05 23:12","SessionTrackerImpl.java","255842","230612","486454"
"2019-08-17 17:13","SessionTrackerImpl.java","254922","230611","485533"
"2018-08-08 06:21","SessionTrackerImpl.java","72820","69634","142454"
"2019-04-22 19:15","SessionTrackerImpl.java","237667","230574","468241"
"2014-06-25 15:04","FastLeaderElection.java","107325","31691","139016"
"2018-12-06 10:56","FastLeaderElection.java","227984","141823","369807"
"2014-07-08 05:25","FastLeaderElection.java","109219","31949","141168"
"2014-07-18 20:48","FastLeaderElection.java","113421","32025","145446"
"2010-03-13 01:06","FastLeaderElection.java","39928","13581","53509"
"2014-03-23 04:12","FastLeaderElection.java","101843","30287","132130"
"2019-10-10 14:37","FastLeaderElection.java","261253","141867","403120"
"2013-10-21 23:36","FastLeaderElection.java","97811","30067","127878"
"2009-08-04 19:59","FastLeaderElection.java","1295","557","1852"
"2009-08-11 23:09","FastLeaderElection.java","3064","1220","4284"
"2009-12-15 23:23","FastLeaderElection.java","18244","5031","23275"
"2019-09-30 23:22","FastLeaderElection.java","260880","141867","402747"
"2011-04-12 09:14","FastLeaderElection.java","60224","23118","83342"
"2014-07-20 04:50","FastLeaderElection.java","113502","32044","145546"
"2010-07-05 21:50","FastLeaderElection.java","54917","17469","72386"
"2020-04-07 09:07","FastLeaderElection.java","271513","142506","414019"
"2012-03-20 01:33","FastLeaderElection.java","77659","28186","105845"
"2019-01-18 03:42","FastLeaderElection.java","233481","141823","375304"
"2012-02-06 09:40","FastLeaderElection.java","74746","26724","101470"
"2017-09-11 18:55","FastLeaderElection.java","131991","36034","168025"
"2013-03-07 07:01","FastLeaderElection.java","91879","29693","121572"
"2018-08-29 06:26","FastLeaderElection.java","190026","83786","273812"
"2011-04-29 18:12","FastLeaderElection.java","60594","23153","83747"
"2015-02-06 06:17","FastLeaderElection.java","117899","32211","150110"
"2018-04-30 06:34","FastLeaderElection.java","138172","36233","174405"
"2019-08-17 17:13","FastLeaderElection.java","257500","141867","399367"
"2019-08-02 20:08","FastLeaderElection.java","258281","141867","400148"
"2012-08-03 00:17","FastLeaderElection.java","80330","28369","108699"
"2017-01-13 19:29","FastLeaderElection.java","132996","34699","167695"
"2011-06-14 07:14","FastLeaderElection.java","62284","23228","85512"
"2019-08-03 08:42","FastLeaderElection.java","258208","141867","400075"
"2019-09-18 11:20","DataTreeTest.java","2468","599","3067"
"2019-12-27 22:33","DataTreeTest.java","16008","8373","24381"
"2019-10-09 16:38","DataTreeTest.java","3261","807","4068"
"2013-12-21 22:05","RepeatStartupTest.java","136098","18403","154501"
"2010-08-18 08:24","RepeatStartupTest.java","110913","13258","124171"
"2010-03-31 06:26","RepeatStartupTest.java","90919","12731","103650"
"2011-04-12 09:14","RepeatStartupTest.java","102846","14146","116992"
"2011-10-25 08:09","RepeatStartupTest.java","110913","16784","127697"
"2009-02-03 06:23","RepeatStartupTest.java","18935","6630","25565"
"2009-07-17 00:09","RepeatStartupTest.java","61089","9278","70367"
"2019-08-17 17:13","RepeatStartupTest.java","257706","90479","348185"
"2016-05-02 18:15","ClientCnxn.java","4097","3554","7651"
"2019-08-17 17:13","ClientCnxn.java","255918","220075","475993"
"2017-12-19 19:27","ClientCnxn.java","22592","13720","36312"
"2019-01-31 15:50","ClientCnxn.java","233474","219964","453438"
"2019-04-09 15:35","ClientCnxn.java","236685","219985","456670"
"2019-11-08 17:30","ClientCnxn.java","261564","220107","481671"
"2017-06-08 17:59","ClientCnxn.java","15484","10902","26386"
"2019-01-16 14:21","ClientCnxn.java","231787","219964","451751"
"2019-01-07 14:24","ClientCnxn.java","230636","219963","450599"
"2019-03-06 03:32","ClientCnxn.java","235611","219983","455594"
"2019-02-07 11:26","ClientCnxn.java","234140","219965","454105"
"2018-11-05 19:40","ClientCnxn.java","233462","199133","432595"
"2020-05-17 15:13","ClientCnxn.java","271446","221658","493104"
"2018-06-25 12:30","ClientCnxn.java","26692","14294","40986"
"2020-03-03 03:12","ClientCnxn.java","269204","221626","490830"
"2018-09-10 11:44","ClientCnxn.java","126356","110773","237129"
"2015-12-06 19:58","ClientCnxn.java","435","130","565"
"2020-01-21 17:53","ClientCnxn.java","265465","221626","487091"
"2015-12-05 22:43","ClientCnxn.java","432","130","562"
"2015-12-05 22:32","ClientCnxn.java","425","128","553"
"2019-10-10 14:37","ClientCnxn.java","259671","220075","479746"
"2019-11-21 05:58","ClientCnxn.java","260634","221624","482258"
"2020-04-16 12:50","ClientCnxn.java","271043","221626","492669"
"2018-07-27 05:16","ClientCnxn.java","47562","34012","81574"
"2019-10-10 14:37","StandaloneDisabledTest.java","50347","31925","82272"
"2019-08-17 17:13","StandaloneDisabledTest.java","44192","29523","73715"
"2019-08-17 17:13","StringUtils.java","256406","191763","448169"
"2019-06-03 19:40","StringUtils.java","241737","191763","433500"
"2019-06-07 14:13","SessionTest.java","243119","167718","410837"
"2019-08-17 17:13","SessionTest.java","257015","167718","424733"
"2017-09-11 18:55","SessionTest.java","112890","41928","154818"
"2010-11-04 17:01","SessionTest.java","57808","8001","65809"
"2018-09-22 06:48","SessionTest.java","187875","103991","291866"
"2011-10-25 08:09","SessionTest.java","44587","24064","68651"
"2010-08-17 09:24","SessionTest.java","22956","6591","29547"
"2011-04-12 09:14","SessionTest.java","30457","19687","50144"
"2010-03-31 06:26","SessionTest.java","3074","2816","5890"
"2010-08-18 08:24","SessionTest.java","27494","7769","35263"
"2010-10-21 02:44","SessionTest.java","57691","7990","65681"
"2010-08-05 09:09","SessionTest.java","20886","6297","27183"
"2013-12-21 22:05","SessionTest.java","74063","29974","104037"
"2019-10-10 14:37","SessionTest.java","260768","167718","428486"
"2015-07-07 07:11","SessionTest.java","101940","37158","139098"
"2019-12-28 16:17","SessionTest.java","266647","168765","435412"
"2019-07-29 17:15","TestReader.java","38161","14599","52760"
"2017-09-11 18:55","MeasureThroughput.java","88187","27844","116031"
"2013-03-07 07:01","QuorumMaj.java","110655","22438","133093"
"2017-09-11 18:55","QuorumMaj.java","149912","27924","177836"
"2012-04-23 01:20","QuorumMaj.java","97889","21510","119399"
"2009-08-04 00:28","QuorumMaj.java","33461","4875","38336"
"2019-08-17 17:13","QuorumMaj.java","257558","113845","371403"
"2011-04-12 09:14","QuorumMaj.java","83159","17973","101132"
"2019-12-27 22:33","DigestCalculator.java","42830","33459","76289"
"2019-09-10 15:21","DigestCalculator.java","28074","26338","54412"
"2019-08-17 17:13","DigestCalculator.java","25455","24762","50217"
"2020-03-25 03:38","ZooKeeperServerBean.java","269633","230688","500321"
"2019-11-14 03:54","ZooKeeperServerBean.java","263133","228964","492097"
"2019-09-16 23:26","ZooKeeperServerBean.java","258095","228916","487011"
"2018-06-08 16:52","ZooKeeperServerBean.java","3356","758","4114"
"2020-04-30 18:53","ZooKeeperServerBean.java","270594","230749","501343"
"2019-01-23 14:00","ZooKeeperServerBean.java","231664","228777","460441"
"2019-07-08 23:26","ZooKeeperServerBean.java","243850","228914","472764"
"2019-01-14 19:38","ZooKeeperServerBean.java","230227","228775","459002"
"2019-01-07 14:39","ZooKeeperServerBean.java","229774","228775","458549"
"2019-08-17 17:13","ZooKeeperServerBean.java","255075","228915","483990"
"2018-07-12 01:33","ZooKeeperServerBean.java","14643","11576","26219"
"2019-05-22 11:39","ZooKeeperServerBean.java","240257","228897","469154"
"2019-07-30 02:31","ZooKeeperServerBean.java","252996","228915","481911"
"2018-06-08 16:52","ZooKeeperServerMain.java","172422","20133","192555"
"2019-04-18 19:17","ZooKeeperServerMain.java","240224","90103","330327"
"2011-04-12 09:14","ZooKeeperServerMain.java","100048","10971","111019"
"2019-11-11 13:59","ZooKeeperServerMain.java","265116","90102","355218"
"2012-03-06 09:20","ZooKeeperServerMain.java","111565","14099","125664"
"2010-08-18 08:24","ZooKeeperServerMain.java","108101","10069","118170"
"2019-11-28 12:24","ZooKeeperServerMain.java","263068","90558","353626"
"2019-11-25 15:37","ZooKeeperServerMain.java","262970","90558","353528"
"2016-08-13 15:01","ZooKeeperServerMain.java","161125","18909","180034"
"2009-06-05 06:44","ZooKeeperServerMain.java","46238","4470","50708"
"2015-06-04 19:51","ZooKeeperServerMain.java","155470","17204","172674"
"2019-08-17 17:13","ZooKeeperServerMain.java","257706","90102","347808"
"2015-03-17 18:06","ZooKeeperServerMain.java","153076","17144","170220"
"2017-07-28 00:36","ZooKeeperServerMain.java","164353","19937","184290"
"2009-04-07 00:19","ZooKeeperServerMain.java","18141","3306","21447"
"2013-12-07 11:16","ZooKeeperServerMain.java","132660","15365","148025"
"2019-04-12 19:01","ZooKeeperServerMain.java","239514","90103","329617"
"2018-09-11 15:23","ZooKeeperServerMain.java","209448","52871","262319"
"2014-07-18 02:19","ZooKeeperServerMain.java","146940","16981","163921"
"2017-02-12 00:12","ZooKeeperServerMain.java","164000","19638","183638"
"2018-06-26 11:18","RemotePeerMXBean.java","46102","17729","63831"
"2019-08-17 17:13","RemotePeerMXBean.java","256154","204462","460616"
"2019-08-17 17:13","LearnerZooKeeperServer.java","256367","196919","453286"
"2014-03-21 06:36","LearnerZooKeeperServer.java","4676","715","5391"
"2016-08-13 15:01","LearnerZooKeeperServer.java","42574","16761","59335"
"2015-03-08 23:07","LearnerZooKeeperServer.java","29285","10804","40089"
"2019-07-29 17:15","JField.java","254590","167551","422141"
"2015-02-06 06:17","PrepRequestProcessor.java","14436","2932","17368"
"2019-02-07 11:26","PrepRequestProcessor.java","234380","203403","437783"
"2019-09-11 10:27","PrepRequestProcessor.java","257511","203510","461021"
"2018-07-19 05:59","PrepRequestProcessor.java","66332","36292","102624"
"2017-09-11 18:55","PrepRequestProcessor.java","38282","16509","54791"
"2019-01-16 14:21","PrepRequestProcessor.java","232027","203402","435429"
"2017-06-01 05:45","PrepRequestProcessor.java","36258","14949","51207"
"2019-11-08 17:30","PrepRequestProcessor.java","261797","203538","465335"
"2016-11-13 20:59","PrepRequestProcessor.java","32652","10288","42940"
"2019-04-09 15:35","PrepRequestProcessor.java","236924","203422","440346"
"2019-04-17 14:16","PrepRequestProcessor.java","238211","203494","441705"
"2014-10-28 05:35","PrepRequestProcessor.java","12161","2596","14757"
"2019-05-10 12:22","PrepRequestProcessor.java","240646","203494","444140"
"2017-06-26 00:16","PrepRequestProcessor.java","36838","15251","52089"
"2019-02-07 11:22","PrepRequestProcessor.java","234042","203403","437445"
"2016-11-16 06:21","PrepRequestProcessor.java","33234","10323","43557"
"2019-08-01 07:31","PrepRequestProcessor.java","256826","203510","460336"
"2019-06-26 10:57","PrepRequestProcessor.java","244005","203510","447515"
"2015-05-29 19:45","PrepRequestProcessor.java","18245","3950","22195"
"2016-10-07 21:51","PrepRequestProcessor.java","30216","10105","40321"
"2015-06-04 19:51","PrepRequestProcessor.java","19150","4090","23240"
"2019-08-17 17:13","PrepRequestProcessor.java","256155","203510","459665"
"2018-08-08 06:21","PrepRequestProcessor.java","115182","83662","198844"
"2018-05-09 23:57","PrepRequestProcessor.java","45975","17641","63616"
"2015-06-11 20:09","PrepRequestProcessor.java","19293","4107","23400"
"2019-12-27 22:33","PrepRequestProcessor.java","266272","204949","471221"
"2019-10-10 14:37","PrepRequestProcessor.java","259908","203510","463418"
"2020-03-25 03:38","PrepRequestProcessor.java","270379","204949","475328"
"2014-07-25 01:31","PrepRequestProcessor.java","9484","1995","11479"
"2015-03-08 23:07","PrepRequestProcessor.java","14713","3035","17748"
"2014-07-22 06:51","PrepRequestProcessor.java","9217","1917","11134"
"2018-06-15 07:41","PrepRequestProcessor.java","46917","17831","64748"
"2015-02-06 06:17","StaticHostProviderTest.java","57573","18966","76539"
"2012-11-17 15:03","StaticHostProviderTest.java","15680","8111","23791"
"2012-01-16 03:19","StaticHostProviderTest.java","4896","4491","9387"
"2014-06-27 23:47","StaticHostProviderTest.java","46939","17826","64765"
"2013-11-05 03:02","StaticHostProviderTest.java","32376","11330","43706"
"2014-07-17 22:56","StaticHostProviderTest.java","49381","18292","67673"
"2012-12-20 06:50","StaticHostProviderTest.java","20037","9470","29507"
"2019-08-17 17:13","StaticHostProviderTest.java","256750","177002","433752"
"2018-07-16 05:45","StaticHostProviderTest.java","104500","47390","151890"
"2015-05-10 00:27","StaticHostProviderTest.java","60111","19160","79271"
"2019-12-27 22:33","FileTxnLog.java","265525","230867","496392"
"2019-10-10 14:37","FileTxnLog.java","258829","229096","487925"
"2018-11-12 22:36","FileTxnLog.java","223024","228952","451976"
"2018-08-01 21:19","FileTxnLog.java","26082","22006","48088"
"2018-04-27 20:28","FileTxnLog.java","1324","353","1677"
"2018-06-08 16:52","FileTxnLog.java","3091","673","3764"
"2020-01-28 17:26","FileTxnLog.java","267246","230868","498114"
"2019-05-14 17:11","FileTxnLog.java","239722","229075","468797"
"2019-01-07 14:24","FileTxnLog.java","229765","228955","458720"
"2019-04-12 19:01","FileTxnLog.java","236845","229058","465903"
"2018-09-06 01:11","FileTxnLog.java","106505","100798","207303"
"2018-09-18 01:00","FileTxnLog.java","108908","100947","209855"
"2019-08-17 17:13","FileTxnLog.java","255075","229095","484170"
"2019-06-03 19:40","FileTxnLog.java","240405","229094","469499"
"2018-04-24 00:20","FileTxnLog.java","1033","149","1182"
"2019-08-03 08:42","FileTxnLog.java","255783","229095","484878"
"2019-04-09 15:35","FileTxnLog.java","235822","228985","464807"
"2019-06-07 14:13","TruncateTest.java","242396","200632","443028"
"2015-05-14 18:40","TruncateTest.java","28434","11126","39560"
"2019-08-17 17:13","TruncateTest.java","256292","200632","456924"
"2018-05-09 23:57","TruncateTest.java","55725","24376","80101"
"2014-09-27 08:20","TruncateTest.java","22359","10066","32425"
"2019-07-12 17:01","TruncateTest.java","251605","200632","452237"
"2017-08-18 06:32","TruncateTest.java","47778","23168","70946"
"2017-09-11 18:55","TruncateTest.java","48093","23305","71398"
"2014-06-30 19:11","TruncateTest.java","13055","7996","21051"
"2016-08-24 01:36","TruncateTest.java","38834","17041","55875"
"2017-05-11 16:59","TruncateTest.java","46001","21761","67762"
"2020-01-28 17:26","TruncateTest.java","268107","202049","470156"
"2017-01-07 01:09","TruncateTest.java","45058","18133","63191"
"2019-12-27 22:33","FileTxnSnapLogTest.java","265557","228347","493904"
"2017-04-28 07:14","FileTxnSnapLogTest.java","1687","3745","5432"
"2019-04-29 16:49","FileTxnSnapLogTest.java","239092","226723","465815"
"2019-06-03 19:40","FileTxnSnapLogTest.java","240604","226741","467345"
"2019-08-17 17:13","FileTxnSnapLogTest.java","255274","226742","482016"
"2018-02-14 21:23","FileTxnSnapLogTest.java","10517","7965","18482"
"2019-08-17 17:13","FollowerResyncConcurrencyTest.java","256904","174606","431510"
"2019-06-03 19:40","FollowerResyncConcurrencyTest.java","242235","174606","416841"
"2013-06-28 23:22","FollowerResyncConcurrencyTest.java","33377","13860","47237"
"2012-03-15 18:01","FollowerResyncConcurrencyTest.java","13180","8339","21519"
"2011-12-09 20:03","FollowerResyncConcurrencyTest.java","9166","6900","16066"
"2015-11-21 22:18","FollowerResyncConcurrencyTest.java","70227","23493","93720"
"2011-11-05 21:57","FollowerResyncConcurrencyTest.java","8679","6880","15559"
"2011-10-25 08:09","FollowerResyncConcurrencyTest.java","7618","6631","14249"
"2011-09-17 02:36","FollowerResyncConcurrencyTest.java","6569","4047","10616"
"2019-10-10 14:37","FollowerResyncConcurrencyTest.java","260657","174606","435263"
"2019-12-28 16:17","FollowerResyncConcurrencyTest.java","266587","175704","442291"
"2019-06-03 19:40","JettyAdminServer.java","241246","220356","461602"
"2019-08-17 17:13","JettyAdminServer.java","255916","220357","476273"
"2019-07-29 17:09","JettyAdminServer.java","252930","220357","473287"
"2016-08-25 02:23","JettyAdminServer.java","6596","4852","11448"
"2020-05-05 09:18","JettyAdminServer.java","271231","221910","493141"
"2019-10-10 14:37","JettyAdminServer.java","259669","220357","480026"
"2015-05-14 07:10","CnxManagerTest.java","16066","3507","19573"
"2020-03-12 14:47","CnxManagerTest.java","269537","206399","475936"
"2019-08-17 17:13","CnxManagerTest.java","256154","204959","461113"
"2019-06-03 19:40","CnxManagerTest.java","241485","204959","446444"
"2017-11-28 00:10","CnxManagerTest.java","40989","16809","57798"
"2019-07-12 17:01","CnxManagerTest.java","251467","204959","456426"
"2019-05-08 21:54","CnxManagerTest.java","240640","204943","445583"
"2019-08-06 12:52","CnxManagerTest.java","257127","204959","462086"
"2019-06-14 09:06","CnxManagerTest.java","244152","204959","449111"
"2019-11-29 14:49","CnxManagerTest.java","264150","206398","470548"
"2015-02-06 06:17","CnxManagerTest.java","12728","2674","15402"
"2017-09-11 18:55","CnxManagerTest.java","36703","16380","53083"
"2020-02-16 10:25","CnxManagerTest.java","268234","206399","474633"
"2015-11-03 08:11","CnxManagerTest.java","20249","5174","25423"
"2019-10-10 14:37","CnxManagerTest.java","259907","204959","464866"
"2014-07-23 19:36","CnxManagerTest.java","7524","1618","9142"
"2019-08-17 17:13","SaslClientTest.java","255887","220587","476474"
"2020-03-12 14:47","CnxManagerTest.java","269415","221352","490767"
"2019-08-17 17:13","CnxManagerTest.java","255921","219801","475722"
"2019-06-03 19:40","CnxManagerTest.java","241251","219800","461051"
"2017-11-28 00:10","CnxManagerTest.java","22436","13331","35767"
"2019-07-12 17:01","CnxManagerTest.java","251234","219801","471035"
"2019-05-08 21:54","CnxManagerTest.java","240405","219783","460188"
"2019-08-06 12:52","CnxManagerTest.java","256894","219801","476695"
"2019-06-14 09:06","CnxManagerTest.java","243918","219800","463718"
"2019-11-29 14:49","CnxManagerTest.java","264027","221350","485377"
"2017-09-11 18:55","CnxManagerTest.java","18108","12860","30968"
"2020-02-16 10:25","CnxManagerTest.java","268112","221352","489464"
"2019-10-10 14:37","CnxManagerTest.java","259674","219801","479475"
"2018-09-18 01:00","SessionTracker.java","44209","41103","85312"
"2019-09-05 23:12","SessionTracker.java","213848","191804","405652"
"2019-08-17 17:13","SessionTracker.java","212928","191803","404731"
"2019-10-10 14:37","ObserverMaster.java","7470","3717","11187"
"2019-11-29 14:49","ObserverMaster.java","16330","9773","26103"
"2019-10-10 14:37","IntegrityCheck.java","261253","142084","403337"
"2016-08-24 01:36","IntegrityCheck.java","127020","34275","161295"
"2011-04-12 09:14","IntegrityCheck.java","59741","22852","82593"
"2017-09-11 18:55","IntegrityCheck.java","131683","35943","167626"
"2018-08-06 14:11","IntegrityCheck.java","153059","47936","200995"
"2019-08-17 17:13","IntegrityCheck.java","257500","142084","399584"
"2019-09-18 11:20","DataTreeTest.java","5204","2292","7496"
"2019-12-27 22:33","DataTreeTest.java","18682","10004","28686"
"2019-10-09 16:38","DataTreeTest.java","5995","2498","8493"
"2019-09-10 15:21","DataTreeTest.java","2737","1694","4431"
"2016-05-02 18:15","ClientCnxn.java","3752","3514","7266"
"2019-08-17 17:13","ClientCnxn.java","255916","220378","476294"
"2017-12-19 19:27","ClientCnxn.java","22272","13705","35977"
"2019-01-31 15:50","ClientCnxn.java","233472","220267","453739"
"2019-04-09 15:35","ClientCnxn.java","236683","220288","456971"
"2019-11-08 17:30","ClientCnxn.java","261562","220410","481972"
"2017-06-08 17:59","ClientCnxn.java","15164","10887","26051"
"2019-01-16 14:21","ClientCnxn.java","231785","220267","452052"
"2019-01-07 14:24","ClientCnxn.java","230634","220266","450900"
"2019-03-06 03:32","ClientCnxn.java","235609","220286","455895"
"2019-02-07 11:26","ClientCnxn.java","234138","220268","454406"
"2018-11-05 19:40","ClientCnxn.java","233450","199426","432876"
"2020-05-17 15:13","ClientCnxn.java","271446","221963","493409"
"2018-06-25 12:30","ClientCnxn.java","26372","14279","40651"
"2020-03-03 03:12","ClientCnxn.java","269204","221931","491135"
"2018-09-10 11:44","ClientCnxn.java","126166","110888","237054"
"2020-01-21 17:53","ClientCnxn.java","265465","221931","487396"
"2019-10-10 14:37","ClientCnxn.java","259669","220378","480047"
"2019-11-21 05:58","ClientCnxn.java","260634","221929","482563"
"2020-04-16 12:50","ClientCnxn.java","271043","221931","492974"
"2018-07-27 05:16","ClientCnxn.java","47365","34120","81485"
"2019-11-08 17:30","Request.java","262301","175322","437623"
"2019-01-16 14:21","Request.java","232563","175218","407781"
"2019-04-25 02:11","Request.java","240379","175294","415673"
"2019-07-08 23:26","Request.java","245435","175294","420729"
"2015-02-06 06:17","Request.java","56752","16528","73280"
"2013-03-07 07:01","Request.java","24724","8002","32726"
"2019-02-07 11:26","Request.java","234916","175219","410135"
"2019-08-06 17:11","Request.java","257760","175294","433054"
"2019-08-01 07:28","Request.java","256840","175294","432134"
"2019-06-26 10:57","Request.java","244509","175294","419803"
"2014-01-24 07:18","Request.java","34479","9024","43503"
"2016-10-07 21:51","Request.java","70561","21730","92291"
"2015-06-04 19:51","Request.java","60783","17003","77786"
"2019-08-17 17:13","Request.java","256659","175294","431953"
"2019-04-17 14:16","Request.java","238731","175294","414025"
"2019-05-03 00:44","Request.java","240656","175294","415950"
"2019-06-05 00:46","Request.java","242519","175294","417813"
"2019-05-10 12:22","Request.java","241166","175294","416460"
"2020-03-25 03:38","Request.java","270749","176599","447348"
"2019-09-20 10:06","Request.java","259522","175294","434816"
"2019-09-16 23:26","Request.java","259678","175294","434972"
"2019-12-27 22:33","Request.java","266642","176599","443241"
"2019-11-11 13:59","Request.java","264097","175322","439419"
"2012-12-19 19:16","Request.java","18927","6761","25688"
"2014-04-29 02:23","Request.java","43886","15166","59052"
"2013-10-09 22:21","Request.java","30704","8787","39491"
"2020-05-05 21:20","Request.java","271780","176599","448379"
"2020-04-30 18:53","RequestThrottler.java","14232","5453","19685"
"2020-03-25 03:38","RequestThrottler.java","12607","4728","17335"
"2020-05-17 15:13","ClientCnxn.java","13004","7055","20059"
"2020-03-03 03:12","ClientCnxn.java","6191","2452","8643"
"2020-04-16 12:50","ClientCnxn.java","8904","3326","12230"
"2019-08-17 17:13","PathTrie.java","23431","24887","48318"
"2020-02-16 10:25","QuorumKerberosHostBasedAuthTest.java","8112","4029","12141"
"2020-01-22 11:08","QuorumKerberosHostBasedAuthTest.java","3966","2080","6046"
"2019-07-23 15:55","NettyServerCnxnTest.java","11379","2704","14083"
"2019-08-17 17:13","NettyServerCnxnTest.java","40216","27549","67765"
"2016-08-13 15:01","ReadOnlyZooKeeperServer.java","13304","7020","20324"
"2019-11-29 14:49","ReadOnlyZooKeeperServer.java","264092","217616","481708"
"2019-08-17 17:13","ReadOnlyZooKeeperServer.java","256083","216164","472247"
"2018-07-10 12:46","QuorumTest.java","144582","43501","188083"
"2019-08-17 17:13","QuorumTest.java","257484","144483","401967"
"2010-11-04 17:01","QuorumTest.java","91182","17671","108853"
"2012-12-13 08:14","QuorumTest.java","82023","28831","110854"
"2011-06-22 00:19","QuorumTest.java","59406","22863","82269"
"2010-03-19 07:46","QuorumTest.java","36836","12793","49629"
"2011-07-15 06:50","QuorumTest.java","60804","21304","82108"
"2010-08-18 08:24","QuorumTest.java","60926","17497","78423"
"2013-10-09 22:21","QuorumTest.java","94650","29768","124418"
"2010-03-31 06:26","QuorumTest.java","38033","14071","52104"
"2011-09-17 02:13","QuorumTest.java","68732","24150","92882"
"2010-07-29 23:10","QuorumTest.java","54910","16671","71581"
"2011-04-12 09:14","QuorumTest.java","56963","22489","79452"
"2019-10-10 14:37","QuorumTest.java","261237","144483","405720"
"2019-09-18 11:20","QuorumTest.java","260396","144483","404879"
"2019-12-28 16:17","QuorumTest.java","266715","145129","411844"
"2009-10-30 17:19","QuorumTest.java","2643","1513","4156"
"2015-11-03 08:11","QuorumTest.java","120571","32361","152932"
"2011-07-29 10:14","QuorumTest.java","63412","21380","84792"
"2010-03-13 01:06","QuorumTest.java","36247","12532","48779"
"2019-10-10 14:37","LearnerHandler.java","35017","27747","62764"
"2019-08-23 19:43","LearnerHandler.java","29476","25293","54769"
"2019-08-17 17:13","LearnerHandler.java","28807","25290","54097"
"2019-08-03 08:42","LearnerHandler.java","5569","1344","6913"
"2019-10-10 14:37","FastLeaderElection.java","7470","3717","11187"
"2019-09-30 23:22","FastLeaderElection.java","5864","2484","8348"
"2020-04-07 09:07","FastLeaderElection.java","25848","12474","38322"
"2019-10-10 14:37","FastLeaderElection.java","30761","27789","58550"
"2019-09-30 23:22","FastLeaderElection.java","29874","27275","57149"
"2020-04-07 09:07","FastLeaderElection.java","48532","35939","84471"
"2019-08-17 17:13","FastLeaderElection.java","24321","25102","49423"
"2019-08-03 08:42","FastLeaderElection.java","207","280","487"
"2019-02-07 11:26","PrepRequestProcessor.java","234312","215013","449325"
"2019-09-11 10:27","PrepRequestProcessor.java","257445","215122","472567"
"2018-07-19 05:59","PrepRequestProcessor.java","54257","35895","90152"
"2017-09-11 18:55","PrepRequestProcessor.java","25125","15030","40155"
"2019-01-16 14:21","PrepRequestProcessor.java","231959","215012","446971"
"2017-06-01 05:45","PrepRequestProcessor.java","22559","12928","35487"
"2019-11-08 17:30","PrepRequestProcessor.java","261732","215151","476883"
"2016-11-13 20:59","PrepRequestProcessor.java","18610","7924","26534"
"2019-04-09 15:35","PrepRequestProcessor.java","236857","215033","451890"
"2019-04-17 14:16","PrepRequestProcessor.java","238144","215105","453249"
"2019-05-10 12:22","PrepRequestProcessor.java","240579","215105","455684"
"2017-06-26 00:16","PrepRequestProcessor.java","23140","13231","36371"
"2019-02-07 11:22","PrepRequestProcessor.java","233974","215013","448987"
"2016-11-16 06:21","PrepRequestProcessor.java","19194","7961","27155"
"2019-08-01 07:31","PrepRequestProcessor.java","256760","215122","471882"
"2019-06-26 10:57","PrepRequestProcessor.java","243938","215121","459059"
"2015-05-29 19:45","PrepRequestProcessor.java","3904","1287","5191"
"2016-10-07 21:51","PrepRequestProcessor.java","16146","7713","23859"
"2015-06-04 19:51","PrepRequestProcessor.java","4815","1433","6248"
"2019-08-17 17:13","PrepRequestProcessor.java","256089","215122","471211"
"2018-08-08 06:21","PrepRequestProcessor.java","103220","83378","186598"
"2018-05-09 23:57","PrepRequestProcessor.java","32843","16187","49030"
"2015-06-11 20:09","PrepRequestProcessor.java","4973","1465","6438"
"2019-12-27 22:33","PrepRequestProcessor.java","266214","216569","482783"
"2019-10-10 14:37","PrepRequestProcessor.java","259842","215122","474964"
"2020-03-25 03:38","PrepRequestProcessor.java","270322","216570","486892"
"2018-06-15 07:41","PrepRequestProcessor.java","33807","16399","50206"
"2017-09-11 18:55","LogEntry.java","99601","39489","139090"
"2019-10-10 14:37","ZooKeeperServerStartupTest.java","50347","31925","82272"
"2019-08-17 17:13","ZooKeeperServerStartupTest.java","44192","29523","73715"
"2015-07-07 07:11","ZooKeeperServerConfTest.java","12639","3799","16438"
"2019-08-17 17:13","ZooKeeperServerConfTest.java","256151","210259","466410"
"2019-02-13 13:12","ZooKeeperServerConfTest.java","235008","210170","445178"
"2019-11-28 12:24","ZKTestCase.java","2311","5432","7743"
"2019-10-10 14:37","ZKDatabase.java","7470","3717","11187"
"2019-12-27 22:33","ZKDatabase.java","18682","10004","28686"
"2019-11-08 17:30","ZKDatabase.java","9522","3908","13430"
"2019-09-10 00:27","ZKDatabase.java","2380","1440","3820"
"2019-10-10 14:37","Login.java","259640","220587","480227"
"2019-11-11 13:59","Login.java","263345","220635","483980"
"2017-11-28 00:10","Login.java","18215","9930","28145"
"2019-08-17 17:13","Login.java","255887","220587","476474"
"2019-08-03 08:42","Login.java","256595","220587","477182"
"2018-06-08 16:52","ZooKeeperServerMain.java","175872","23099","198971"
"2019-04-18 19:17","ZooKeeperServerMain.java","240224","89383","329607"
"2011-04-12 09:14","ZooKeeperServerMain.java","104096","14299","118395"
"2019-11-11 13:59","ZooKeeperServerMain.java","265116","89382","354498"
"2012-03-06 09:20","ZooKeeperServerMain.java","115349","17399","132748"
"2010-08-18 08:24","ZooKeeperServerMain.java","112212","13460","125672"
"2019-11-28 12:24","ZooKeeperServerMain.java","263068","89838","352906"
"2019-11-25 15:37","ZooKeeperServerMain.java","262970","89838","352808"
"2016-08-13 15:01","ZooKeeperServerMain.java","164688","21988","186676"
"2009-06-05 06:44","ZooKeeperServerMain.java","51231","8743","59974"
"2015-06-04 19:51","ZooKeeperServerMain.java","159132","20382","179514"
"2019-08-17 17:13","ZooKeeperServerMain.java","257706","89382","347088"
"2015-03-17 18:06","ZooKeeperServerMain.java","156740","20324","177064"
"2017-07-28 00:36","ZooKeeperServerMain.java","167815","22915","190730"
"2009-04-07 00:19","ZooKeeperServerMain.java","23278","7723","31001"
"2009-01-15 23:57","ZooKeeperServerMain.java","6590","5870","12460"
"2013-12-07 11:16","ZooKeeperServerMain.java","136375","18596","154971"
"2019-04-12 19:01","ZooKeeperServerMain.java","239514","89383","328897"
"2018-09-11 15:23","ZooKeeperServerMain.java","212046","54985","267031"
"2014-07-18 02:19","ZooKeeperServerMain.java","150618","20175","170793"
"2017-02-12 00:12","ZooKeeperServerMain.java","167466","22620","190086"
"2019-09-18 11:20","MultiOperationTest.java","43748","28686","72434"
"2019-08-17 17:13","MultiOperationTest.java","39048","26898","65946"
"2019-11-28 12:24","DataTree.java","37532","33297","70829"
"2019-10-10 14:37","DataTree.java","30873","27791","58664"
"2019-12-27 22:33","DataTree.java","41810","33803","75613"
"2019-11-11 13:59","DataTree.java","34736","27997","62733"
"2019-11-08 17:30","DataTree.java","32908","27965","60873"
"2019-09-10 09:53","DataTree.java","26864","26486","53350"
"2019-09-11 10:27","DataTree.java","27405","26720","54125"
"2019-08-17 17:13","DataTree.java","24433","25104","49537"
"2019-09-10 15:21","DataTree.java","27052","26680","53732"
"2019-08-03 08:42","DataTree.java","323","286","609"
"2019-08-09 16:15","DataTree.java","1337","552","1889"
"2019-08-17 17:13","ClientPortBindTest.java","257015","166988","424003"
"2017-01-14 06:32","ClientPortBindTest.java","113646","39609","153255"
"2018-10-08 14:33","ClientPortBindTest.java","234151","136147","370298"
"2016-08-24 01:36","ClientPortBindTest.java","107880","39183","147063"
"2016-07-30 01:02","ClientPortBindTest.java","107491","39028","146519"
"2010-08-18 08:24","ClientPortBindTest.java","28289","7834","36123"
"2010-03-31 06:26","ClientPortBindTest.java","3968","2980","6948"
"2013-12-21 22:05","ClientPortBindTest.java","74743","29924","104667"
"2019-10-10 14:37","ClientPortBindTest.java","260768","166988","427756"
"2019-08-17 17:13","FLELostMessageTest.java","255079","228064","483143"
"2019-07-12 17:01","FLELostMessageTest.java","250392","228064","478456"
"2012-11-17 15:03","StaticHostProvider.java","31872","53201","85073"
"2012-12-20 06:50","StaticHostProvider.java","36195","54526","90721"
"2014-07-17 22:56","StaticHostProvider.java","64556","62365","126921"
"2019-08-17 17:13","StaticHostProvider.java","256985","218823","475808"
"2018-07-16 05:45","StaticHostProvider.java","115116","86904","202020"
"2017-08-03 20:32","StaticHostProvider.java","88873","69431","158304"
"2017-07-28 00:36","StaticHostProvider.java","88846","69431","158277"
"2014-06-27 23:47","StaticHostProvider.java","62203","61988","124191"
"2011-04-12 09:14","StaticHostProvider.java","2273","42638","44911"
"2009-11-12 20:53","ConnectionMXBean.java","65238","7663","72901"
"2019-08-17 17:13","ConnectionMXBean.java","257706","90102","347808"
"2019-08-17 17:13","NettyServerCnxnTest.java","29608","25616","55224"
"2016-05-02 18:15","ClientCnxn.java","3756","3515","7271"
"2019-08-17 17:13","ClientCnxn.java","255916","220375","476291"
"2017-12-19 19:27","ClientCnxn.java","22273","13703","35976"
"2019-01-31 15:50","ClientCnxn.java","233472","220264","453736"
"2019-04-09 15:35","ClientCnxn.java","236683","220285","456968"
"2019-11-08 17:30","ClientCnxn.java","261562","220407","481969"
"2017-06-08 17:59","ClientCnxn.java","15165","10885","26050"
"2019-01-16 14:21","ClientCnxn.java","231785","220264","452049"
"2019-01-07 14:24","ClientCnxn.java","230634","220263","450897"
"2019-03-06 03:32","ClientCnxn.java","235609","220283","455892"
"2019-02-07 11:26","ClientCnxn.java","234138","220265","454403"
"2018-11-05 19:40","ClientCnxn.java","233450","199423","432873"
"2020-05-17 15:13","ClientCnxn.java","271446","221960","493406"
"2018-06-25 12:30","ClientCnxn.java","26373","14277","40650"
"2020-03-03 03:12","ClientCnxn.java","269204","221928","491132"
"2018-09-10 11:44","ClientCnxn.java","126167","110886","237053"
"2015-12-06 19:58","ClientCnxn.java","4","1","5"
"2020-01-21 17:53","ClientCnxn.java","265465","221928","487393"
"2019-10-10 14:37","ClientCnxn.java","259669","220375","480044"
"2019-11-21 05:58","ClientCnxn.java","260634","221926","482560"
"2020-04-16 12:50","ClientCnxn.java","271043","221928","492971"
"2018-07-27 05:16","ClientCnxn.java","47366","34118","81484"
"2018-07-10 12:46","QuorumTest.java","145358","43771","189129"
"2019-08-17 17:13","QuorumTest.java","257490","143983","401473"
"2010-11-04 17:01","QuorumTest.java","92094","18077","110171"
"2012-12-13 08:14","QuorumTest.java","82874","29176","112050"
"2011-06-22 00:19","QuorumTest.java","60310","23261","83571"
"2010-03-19 07:46","QuorumTest.java","37818","13269","51087"
"2011-07-15 06:50","QuorumTest.java","61697","21691","83388"
"2010-08-18 08:24","QuorumTest.java","61840","17905","79745"
"2013-10-09 22:21","QuorumTest.java","95489","30101","125590"
"2010-03-31 06:26","QuorumTest.java","38980","14512","53492"
"2011-09-17 02:13","QuorumTest.java","69618","24530","94148"
"2010-07-29 23:10","QuorumTest.java","55855","17110","72965"
"2011-04-12 09:14","QuorumTest.java","57867","22887","80754"
"2019-10-10 14:37","QuorumTest.java","261243","143983","405226"
"2019-09-18 11:20","QuorumTest.java","260402","143983","404385"
"2009-09-16 02:09","QuorumTest.java","1023","517","1540"
"2019-12-28 16:17","QuorumTest.java","266715","144623","411338"
"2009-10-30 17:19","QuorumTest.java","3666","2030","5696"
"2015-11-03 08:11","QuorumTest.java","121376","32660","154036"
"2011-07-29 10:14","QuorumTest.java","64301","21763","86064"
"2010-03-13 01:06","QuorumTest.java","37236","13015","50251"
"2019-10-10 14:37","LearnerHandler.java","6813","3726","10539"
"2019-10-10 14:37","ZKDatabase.java","5131","2318","7449"
"2019-12-27 22:33","ZKDatabase.java","16347","8609","24956"
"2019-11-08 17:30","ZKDatabase.java","7183","2509","9692"
"2019-10-10 14:37","SecurityUtils.java","30687","27642","58329"
"2019-09-30 22:26","SecurityUtils.java","29729","27072","56801"
"2019-08-17 17:13","SecurityUtils.java","24190","24898","49088"
"2019-08-17 17:13","FourLetterWordsQuorumTest.java","256292","200493","456785"
"2015-03-28 20:08","FourLetterWordsQuorumTest.java","27680","10811","38491"
"2015-07-10 08:19","FourLetterWordsQuorumTest.java","31577","12683","44260"
"2019-10-10 14:37","FourLetterWordsQuorumTest.java","260045","200493","460538"
"2019-07-29 17:15","JMap.java","254590","167551","422141"
"2019-10-10 14:37","QuorumPeerMain.java","258987","223799","482786"
"2020-01-23 13:43","QuorumPeerMain.java","266804","225442","492246"
"2019-11-28 12:24","QuorumPeerMain.java","261781","225440","487221"
"2020-02-16 10:25","QuorumPeerMain.java","267517","225442","492959"
"2019-04-18 19:17","QuorumPeerMain.java","237732","223780","461512"
"2019-11-11 13:59","QuorumPeerMain.java","262692","223847","486539"
"2019-04-12 19:01","QuorumPeerMain.java","237022","223780","460802"
"2018-09-11 15:23","QuorumPeerMain.java","113792","101631","215423"
"2018-08-06 14:11","QuorumPeerMain.java","33124","23178","56302"
"2019-08-17 17:13","QuorumPeerMain.java","255234","223799","479033"
"2017-11-28 00:10","QuorumPeerMain.java","5294","874","6168"
"2019-08-17 17:13","WatcherCleanerTest.java","47813","29620","77433"
"2016-05-02 18:15","ClientCnxn.java","3762","3516","7278"
"2019-08-17 17:13","ClientCnxn.java","255916","220370","476286"
"2017-12-19 19:27","ClientCnxn.java","22276","13701","35977"
"2019-01-31 15:50","ClientCnxn.java","233472","220259","453731"
"2019-04-09 15:35","ClientCnxn.java","236683","220280","456963"
"2019-11-08 17:30","ClientCnxn.java","261562","220402","481964"
"2017-06-08 17:59","ClientCnxn.java","15168","10883","26051"
"2019-01-16 14:21","ClientCnxn.java","231785","220259","452044"
"2019-01-07 14:24","ClientCnxn.java","230634","220258","450892"
"2019-03-06 03:32","ClientCnxn.java","235609","220278","455887"
"2019-02-07 11:26","ClientCnxn.java","234138","220260","454398"
"2018-11-05 19:40","ClientCnxn.java","233450","199418","432868"
"2020-05-17 15:13","ClientCnxn.java","271446","221955","493401"
"2018-06-25 12:30","ClientCnxn.java","26376","14275","40651"
"2020-03-03 03:12","ClientCnxn.java","269204","221923","491127"
"2018-09-10 11:44","ClientCnxn.java","126170","110884","237054"
"2015-12-06 19:58","ClientCnxn.java","10","2","12"
"2020-01-21 17:53","ClientCnxn.java","265465","221923","487388"
"2019-10-10 14:37","ClientCnxn.java","259669","220370","480039"
"2019-11-21 05:58","ClientCnxn.java","260634","221921","482555"
"2020-04-16 12:50","ClientCnxn.java","271043","221923","492966"
"2018-07-27 05:16","ClientCnxn.java","47369","34116","81485"
"2019-08-17 17:13","SerializationPerfTest.java","256905","180473","437378"
"2019-10-10 14:37","SerializationPerfTest.java","260658","180473","441131"
"2019-12-27 22:33","FileTxnSnapLog.java","265554","225824","491378"
"2019-10-10 14:37","FileTxnSnapLog.java","259003","224198","483201"
"2019-12-13 08:51","FileTxnSnapLog.java","263590","225823","489413"
"2020-01-23 16:46","FileTxnSnapLog.java","266804","225825","492629"
"2020-01-28 17:26","FileTxnSnapLog.java","267275","225825","493100"
"2018-06-08 16:52","FileTxnSnapLog.java","11114","3624","14738"
"2019-09-02 08:23","FileTxnSnapLog.java","255907","224198","480105"
"2019-07-31 19:06","FileTxnSnapLog.java","254557","224198","478755"
"2018-07-30 06:22","FileTxnSnapLog.java","33706","24561","58267"
"2020-01-30 09:43","FileTxnSnapLog.java","267351","225825","493176"
"2019-05-14 17:11","FileTxnSnapLog.java","239898","224179","464077"
"2019-05-21 23:34","FileTxnSnapLog.java","240220","224180","464400"
"2019-05-27 10:54","FileTxnSnapLog.java","240552","224180","464732"
"2018-02-23 23:49","FileTxnSnapLog.java","8339","3103","11442"
"2017-08-18 06:32","FileTxnSnapLog.java","1709","1707","3416"
"2019-08-17 17:13","FileTxnSnapLog.java","255250","224198","479448"
"2018-02-14 21:23","FileTxnSnapLog.java","8149","3077","11226"
"2010-03-13 01:06","FLENewEpochTest.java","39382","13252","52634"
"2019-10-10 14:37","FLENewEpochTest.java","261253","142084","403337"
"2011-04-12 09:14","FLENewEpochTest.java","59741","22852","82593"
"2010-03-31 06:26","FLENewEpochTest.java","40968","14591","55559"
"2019-08-17 17:13","FLENewEpochTest.java","257500","142084","399584"
"2019-11-29 14:49","ReadOnlyZooKeeperServer.java","16330","9773","26103"
"2018-10-18 11:18","Emulate353TTLTest.java","231000","208542","439542"
"2019-08-17 17:13","Emulate353TTLTest.java","254922","230888","485810"
"2019-10-10 14:37","SnapStream.java","3340","2906","6246"
"2019-12-03 19:12","SnapStream.java","12272","8976","21248"
"2019-10-10 14:37","ClientTest.java","261349","104893","366242"
"2009-09-16 02:09","ClientTest.java","45565","5863","51428"
"2019-12-28 16:17","ClientTest.java","266726","105438","372164"
"2009-10-31 00:09","ClientTest.java","48768","7086","55854"
"2009-11-07 01:48","ClientTest.java","49447","7360","56807"
"2010-01-05 18:32","ClientTest.java","59348","8616","67964"
"2010-03-09 03:09","ClientTest.java","74827","12387","87214"
"2014-07-25 01:31","ClientTest.java","140799","24167","164966"
"2009-05-14 22:15","ClientTest.java","26715","1934","28649"
"2017-01-09 22:49","ClientTest.java","159532","26457","185989"
"2010-09-15 07:51","ClientTest.java","125361","14060","139421"
"2011-04-12 09:14","ClientTest.java","92019","17843","109862"
"2014-07-08 20:18","ClientTest.java","136292","24047","160339"
"2017-05-01 17:19","ClientTest.java","158300","27081","185381"
"2018-11-22 17:56","ClientTest.java","226258","104858","331116"
"2013-01-25 02:17","ClientTest.java","114598","21852","136450"
"2017-06-30 22:43","ClientTest.java","158063","27323","185386"
"2009-06-25 00:59","ClientTest.java","41019","4951","45970"
"2019-03-06 03:32","ClientTest.java","237352","104864","342216"
"2012-12-11 08:42","ClientTest.java","111913","21427","133340"
"2012-10-31 19:38","ClientTest.java","108935","21276","130211"
"2009-06-18 18:37","ClientTest.java","32563","3367","35930"
"2019-08-17 17:13","ClientTest.java","257596","104893","362489"
"2019-11-28 12:24","DataTree.java","263045","133561","396606"
"2011-07-13 15:48","DataTree.java","69970","21065","91035"
"2011-06-25 08:13","DataTree.java","70946","22763","93709"
"2011-07-28 07:49","DataTree.java","72510","21159","93669"
"2019-10-10 14:37","DataTree.java","261253","132922","394175"
"2019-12-27 22:33","DataTree.java","266817","133561","400378"
"2015-06-06 03:48","DataTree.java","126302","29994","156296"
"2010-01-26 01:17","DataTree.java","33728","7846","41574"
"2009-10-31 00:09","DataTree.java","19396","5839","25235"
"2019-11-11 13:59","DataTree.java","264910","132922","397832"
"2011-04-12 09:14","DataTree.java","68582","22531","91113"
"2018-07-10 13:29","DataTree.java","151154","40637","191791"
"2012-12-19 19:16","DataTree.java","91619","27030","118649"
"2014-04-17 08:47","DataTree.java","109626","29189","138815"
"2014-04-29 02:23","DataTree.java","110332","29189","139521"
"2010-07-05 20:20","DataTree.java","63628","17242","80870"
"2011-09-15 00:55","DataTree.java","77912","23828","101740"
"2011-09-28 22:17","DataTree.java","78178","23909","102087"
"2018-09-28 23:38","DataTree.java","202934","84591","287525"
"2011-09-17 02:36","DataTree.java","77894","23882","101776"
"2011-10-20 18:48","DataTree.java","77724","25295","103019"
"2019-11-08 17:30","DataTree.java","263114","132922","396036"
"2013-09-05 23:50","DataTree.java","98368","27507","125875"
"2019-01-30 16:28","DataTree.java","234567","132878","367445"
"2019-01-30 17:02","DataTree.java","235111","132878","367989"
"2016-11-24 17:18","DataTree.java","136316","32241","168557"
"2017-09-11 18:55","DataTree.java","136449","33533","169982"
"2011-07-01 00:53","DataTree.java","73781","23085","96866"
"2012-02-06 10:39","DataTree.java","81004","26016","107020"
"2011-12-21 21:39","DataTree.java","79816","25696","105512"
"2017-02-05 07:22","DataTree.java","137850","32336","170186"
"2014-07-18 02:19","DataTree.java","117562","29666","147228"
"2019-02-07 11:26","DataTree.java","235788","132878","368666"
"2013-03-07 07:01","DataTree.java","96497","27352","123849"
"2018-09-04 11:54","DataTree.java","197710","84451","282161"
"2018-09-05 22:35","DataTree.java","197965","84450","282415"
"2018-12-20 15:17","DataTree.java","231056","132878","363934"
"2019-09-10 09:53","DataTree.java","258549","132922","391471"
"2019-04-12 19:01","DataTree.java","239307","132922","372229"
"2019-07-31 19:06","DataTree.java","256807","132922","389729"
"2019-09-11 10:27","DataTree.java","258856","132922","391778"
"2013-10-22 12:54","DataTree.java","102678","27748","130426"
"2016-03-23 00:30","DataTree.java","129391","31644","161035"
"2019-08-01 07:31","DataTree.java","258171","132922","391093"
"2014-01-24 07:18","DataTree.java","105686","27808","133494"
"2009-11-12 23:48","DataTree.java","25666","6499","32165"
"2009-06-18 18:37","DataTree.java","1657","586","2243"
"2019-08-17 17:13","DataTree.java","257500","132922","390422"
"2019-09-10 15:21","DataTree.java","258543","132922","391465"
"2015-06-04 19:51","DataTree.java","126195","29992","156187"
"2016-10-07 21:51","DataTree.java","133286","32032","165318"
"2017-06-18 19:23","DataTree.java","135977","33375","169352"
"2019-04-12 12:29","DataTree.java","238876","132922","371798"
"2019-08-03 08:42","DataTree.java","258208","132922","391130"
"2019-08-09 16:15","DataTree.java","258956","132922","391878"
"2016-11-13 20:59","DataTree.java","135554","32047","167601"
"2019-04-29 16:49","DataTree.java","241337","132922","374259"
"2019-09-05 22:59","AsyncCallback.java","2046","1414","3460"
"2020-05-05 21:20","ServerMetrics.java","79721","42632","122353"
"2020-02-26 22:41","ServerMetrics.java","73028","39101","112129"
"2020-03-25 03:38","ServerMetrics.java","75270","39212","114482"
"2019-09-16 23:26","ServerMetrics.java","57642","31350","88992"
"2019-11-18 09:05","ServerMetrics.java","63578","37161","100739"
"2020-05-03 19:43","ServerMetrics.java","76812","39818","116630"
"2019-06-29 00:33","ServerMetrics.java","16679","5419","22098"
"2019-11-23 17:08","ServerMetrics.java","65317","37343","102660"
"2019-08-17 17:13","ServerMetrics.java","53344","30071","83415"
"2019-05-06 17:48","ServerMetrics.java","9153","1567","10720"
"2019-06-05 00:46","ServerMetrics.java","11304","2171","13475"
"2019-04-17 14:16","ServerMetrics.java","6617","1272","7889"
"2019-05-03 00:44","ServerMetrics.java","8727","1457","10184"
"2019-04-22 19:15","ServerMetrics.java","7333","1278","8611"
"2019-06-05 23:57","ServerMetrics.java","11436","2173","13609"
"2019-05-21 23:34","ServerMetrics.java","10023","1762","11785"
"2019-07-23 15:55","ServerMetrics.java","26178","6897","33075"
"2019-07-08 23:26","ServerMetrics.java","17649","5600","23249"
"2019-02-13 13:19","ServerMetrics.java","3143","638","3781"
"2019-03-05 00:04","ServerMetrics.java","3630","649","4279"
"2019-04-25 02:11","ServerMetrics.java","8296","1303","9599"
"2019-04-12 19:01","ServerMetrics.java","6336","1256","7592"
"2019-07-31 19:06","ServerMetrics.java","30917","8337","39254"
"2019-11-28 12:24","DataTree.java","262615","201799","464414"
"2019-10-10 14:37","DataTree.java","260045","200382","460427"
"2019-12-27 22:33","DataTree.java","266387","201799","468186"
"2015-06-06 03:48","DataTree.java","29954","11524","41478"
"2019-11-11 13:59","DataTree.java","263730","200410","464140"
"2018-07-10 13:29","DataTree.java","65228","32589","97817"
"2014-04-17 08:47","DataTree.java","10230","7671","17901"
"2014-04-29 02:23","DataTree.java","10994","7729","18723"
"2018-09-28 23:38","DataTree.java","152914","112449","265363"
"2019-11-08 17:30","DataTree.java","261934","200410","462344"
"2019-01-30 16:28","DataTree.java","233297","200276","433573"
"2019-01-30 17:02","DataTree.java","233841","200276","434117"
"2016-11-24 17:18","DataTree.java","44262","18065","62327"
"2017-09-11 18:55","DataTree.java","48379","23341","71720"
"2017-02-05 07:22","DataTree.java","45924","18288","64212"
"2014-07-18 02:19","DataTree.java","19392","9374","28766"
"2019-02-07 11:26","DataTree.java","234519","200277","434796"
"2018-09-04 11:54","DataTree.java","147553","112172","259725"
"2018-09-05 22:35","DataTree.java","147828","112191","260019"
"2018-12-20 15:17","DataTree.java","229785","200275","430060"
"2019-09-10 09:53","DataTree.java","257341","200382","457723"
"2019-04-12 19:01","DataTree.java","238083","200366","438449"
"2019-07-31 19:06","DataTree.java","255599","200382","455981"
"2019-09-11 10:27","DataTree.java","257648","200382","458030"
"2016-03-23 00:30","DataTree.java","35894","16025","51919"
"2019-08-01 07:31","DataTree.java","256963","200382","457345"
"2019-08-17 17:13","DataTree.java","256292","200382","456674"
"2019-09-10 15:21","DataTree.java","257335","200382","457717"
"2015-06-04 19:51","DataTree.java","29842","11517","41359"
"2016-10-07 21:51","DataTree.java","40689","17313","58002"
"2017-06-18 19:23","DataTree.java","46743","22019","68762"
"2019-04-12 12:29","DataTree.java","237652","200366","438018"
"2019-08-03 08:42","DataTree.java","257000","200382","457382"
"2019-08-09 16:15","DataTree.java","257748","200382","458130"
"2016-11-13 20:59","DataTree.java","43089","17460","60549"
"2019-04-29 16:49","DataTree.java","240113","200366","440479"
"2020-05-05 21:20","ServerMetrics.java","65355","40315","105670"
"2020-02-26 22:41","ServerMetrics.java","58509","36631","95140"
"2020-03-25 03:38","ServerMetrics.java","60801","36792","97593"
"2019-09-16 23:26","ServerMetrics.java","42576","28333","70909"
"2019-11-18 09:05","ServerMetrics.java","48790","34422","83212"
"2020-05-03 19:43","ServerMetrics.java","62414","37469","99883"
"2019-11-23 17:08","ServerMetrics.java","50542","34617","85159"
"2019-08-17 17:13","ServerMetrics.java","37963","26739","64702"
"2019-07-23 15:55","ServerMetrics.java","8550","1318","9868"
"2019-07-31 19:06","ServerMetrics.java","13386","2855","16241"
"2018-09-11 15:23","ServerConfig.java","117201","107436","224637"
"2019-04-12 19:01","ServerConfig.java","237064","226218","463282"
"2019-02-13 13:12","ServerConfig.java","234125","226140","460265"
"2017-07-28 00:36","ServerConfig.java","4268","6664","10932"
"2019-05-15 11:56","ServerConfig.java","240011","226218","466229"
"2019-08-17 17:13","ServerConfig.java","255276","226237","481513"
"2019-04-18 19:17","ServerConfig.java","237774","226218","463992"
"2020-05-05 21:20","ServerMetrics.java","77455","42871","120326"
"2020-02-26 22:41","ServerMetrics.java","70708","39286","109994"
"2020-03-25 03:38","ServerMetrics.java","72985","39432","112417"
"2019-09-16 23:26","ServerMetrics.java","55211","31424","86635"
"2019-11-18 09:05","ServerMetrics.java","61239","37327","98566"
"2020-05-03 19:43","ServerMetrics.java","74538","40049","114587"
"2019-06-29 00:33","ServerMetrics.java","13843","5088","18931"
"2019-11-23 17:08","ServerMetrics.java","62978","37509","100487"
"2019-08-17 17:13","ServerMetrics.java","50898","30130","81028"
"2019-05-06 17:48","ServerMetrics.java","6283","1202","7485"
"2019-06-05 00:46","ServerMetrics.java","8455","1827","10282"
"2019-04-17 14:16","ServerMetrics.java","3738","898","4636"
"2019-05-03 00:44","ServerMetrics.java","5856","1091","6947"
"2019-04-22 19:15","ServerMetrics.java","4454","904","5358"
"2019-06-05 23:57","ServerMetrics.java","8587","1829","10416"
"2019-05-21 23:34","ServerMetrics.java","7168","1412","8580"
"2019-07-23 15:55","ServerMetrics.java","23348","6572","29920"
"2019-07-08 23:26","ServerMetrics.java","14817","5273","20090"
"2019-03-05 00:04","ServerMetrics.java","724","248","972"
"2019-04-25 02:11","ServerMetrics.java","5424","936","6360"
"2019-04-12 19:01","ServerMetrics.java","3457","882","4339"
"2019-07-31 19:06","ServerMetrics.java","28089","8014","36103"
"2019-11-11 13:59","GetAclCommand.java","62081","32330","94411"
"2019-08-17 17:13","GetAclCommand.java","52428","30087","82515"
"2019-08-17 17:13","RequestPathMetricsCollectorTest.java","24863","25044","49907"
"2019-05-14 17:11","SyncRequestProcessor.java","242377","72482","314859"
"2010-03-14 05:01","SyncRequestProcessor.java","109653","13703","123356"
"2019-06-05 00:46","SyncRequestProcessor.java","243570","72482","316052"
"2019-05-22 11:39","SyncRequestProcessor.java","242910","72482","315392"
"2009-02-20 01:23","SyncRequestProcessor.java","41172","9922","51094"
"2009-01-16 00:48","SyncRequestProcessor.java","26588","8945","35533"
"2013-09-30 22:20","SyncRequestProcessor.java","144749","18321","163070"
"2019-06-03 19:40","SyncRequestProcessor.java","243041","72482","315523"
"2019-08-17 17:13","SyncRequestProcessor.java","257710","72482","330192"
"2009-06-18 18:37","SyncRequestProcessor.java","72814","11093","83907"
"2009-11-07 08:16","SyncRequestProcessor.java","87520","12884","100404"
"2019-10-10 14:37","SyncRequestProcessor.java","261463","72482","333945"
"2013-10-24 20:41","SyncRequestProcessor.java","148288","18346","166634"
"2020-01-07 20:39","SyncRequestProcessor.java","267216","72935","340151"
"2020-03-25 03:38","SyncRequestProcessor.java","270948","72935","343883"
"2010-08-18 08:24","SyncRequestProcessor.java","130287","14631","144918"
"2015-03-08 23:07","SyncRequestProcessor.java","167650","19931","187581"
"2011-04-12 09:14","SyncRequestProcessor.java","122033","15332","137365"
"2019-04-30 18:08","SyncRequestProcessor.java","241546","72482","314028"
"2011-07-01 00:53","PrepRequestProcessor.java","103378","18678","122056"
"2015-02-06 06:17","PrepRequestProcessor.java","150355","24293","174648"
"2012-02-06 10:39","PrepRequestProcessor.java","109642","21239","130881"
"2013-03-07 07:01","PrepRequestProcessor.java","124877","22317","147194"
"2019-02-07 11:26","PrepRequestProcessor.java","235994","99080","335074"
"2019-09-11 10:27","PrepRequestProcessor.java","259045","99107","358152"
"2018-07-19 05:59","PrepRequestProcessor.java","178496","33898","212394"
"2017-09-11 18:55","PrepRequestProcessor.java","163545","27214","190759"
"2019-01-16 14:21","PrepRequestProcessor.java","233642","99080","332722"
"2017-06-01 05:45","PrepRequestProcessor.java","162972","27105","190077"
"2012-04-14 02:32","PrepRequestProcessor.java","111351","21384","132735"
"2019-11-08 17:30","PrepRequestProcessor.java","263303","99107","362410"
"2016-11-13 20:59","PrepRequestProcessor.java","163116","26194","189310"
"2019-04-09 15:35","PrepRequestProcessor.java","238525","99086","337611"
"2019-04-17 14:16","PrepRequestProcessor.java","239762","99108","338870"
"2014-10-28 05:35","PrepRequestProcessor.java","148375","24252","172627"
"2019-05-10 12:22","PrepRequestProcessor.java","242197","99108","341305"
"2009-02-20 01:23","PrepRequestProcessor.java","6751","2147","8898"
"2017-06-26 00:16","PrepRequestProcessor.java","163270","27125","190395"
"2019-02-07 11:22","PrepRequestProcessor.java","235656","99080","334736"
"2016-11-16 06:21","PrepRequestProcessor.java","163673","26204","189877"
"2019-08-01 07:31","PrepRequestProcessor.java","258360","99107","357467"
"2019-06-26 10:57","PrepRequestProcessor.java","245539","99107","344646"
"2009-11-12 23:48","PrepRequestProcessor.java","62434","9263","71697"
"2014-01-24 07:18","PrepRequestProcessor.java","133836","22543","156379"
"2009-06-15 22:52","PrepRequestProcessor.java","39084","5080","44164"
"2015-05-29 19:45","PrepRequestProcessor.java","153165","24312","177477"
"2016-10-07 21:51","PrepRequestProcessor.java","160853","26184","187037"
"2015-06-04 19:51","PrepRequestProcessor.java","153991","24373","178364"
"2009-06-26 22:29","PrepRequestProcessor.java","49446","6808","56254"
"2019-08-17 17:13","PrepRequestProcessor.java","257689","99107","356796"
"2009-06-18 18:37","PrepRequestProcessor.java","40452","5377","45829"
"2018-08-08 06:21","PrepRequestProcessor.java","189095","43017","232112"
"2018-05-09 23:57","PrepRequestProcessor.java","170242","27350","197592"
"2015-06-11 20:09","PrepRequestProcessor.java","154119","24375","178494"
"2019-12-27 22:33","PrepRequestProcessor.java","266823","99563","366386"
"2009-12-18 03:19","PrepRequestProcessor.java","66477","10041","76518"
"2009-12-11 21:24","PrepRequestProcessor.java","65396","9413","74809"
"2009-11-07 01:48","PrepRequestProcessor.java","56964","8998","65962"
"2014-04-01 01:47","PrepRequestProcessor.java","135300","22744","158044"
"2019-10-10 14:37","PrepRequestProcessor.java","261442","99107","360549"
"2020-03-25 03:38","PrepRequestProcessor.java","270930","99563","370493"
"2010-01-25 04:28","PrepRequestProcessor.java","69773","10296","80069"
"2011-08-15 02:35","PrepRequestProcessor.java","101831","16631","118462"
"2014-07-25 01:31","PrepRequestProcessor.java","146257","24210","170467"
"2013-10-09 22:21","PrepRequestProcessor.java","130252","22497","152749"
"2010-08-18 08:24","PrepRequestProcessor.java","103634","14624","118258"
"2011-09-17 02:36","PrepRequestProcessor.java","106704","19277","125981"
"2014-04-29 02:23","PrepRequestProcessor.java","138473","23915","162388"
"2015-03-08 23:07","PrepRequestProcessor.java","150545","24309","174854"
"2014-07-22 06:51","PrepRequestProcessor.java","146026","24168","170194"
"2012-03-15 17:47","PrepRequestProcessor.java","110875","21259","132134"
"2011-04-12 09:14","PrepRequestProcessor.java","98210","18155","116365"
"2011-11-01 15:41","PrepRequestProcessor.java","107111","20892","128003"
"2011-10-28 00:58","PrepRequestProcessor.java","106900","20843","127743"
"2011-10-20 20:02","PrepRequestProcessor.java","106623","20785","127408"
"2011-10-17 16:59","PrepRequestProcessor.java","106563","19317","125880"
"2018-06-15 07:41","PrepRequestProcessor.java","171011","27367","198378"
"2012-12-19 19:16","PrepRequestProcessor.java","120032","22028","142060"
"2011-11-14 20:18","PrepRequestProcessor.java","107739","20885","128624"
"2019-11-08 17:30","FinalRequestProcessor.java","262301","175322","437623"
"2019-07-08 23:26","FinalRequestProcessor.java","245435","175294","420729"
"2019-01-16 23:23","FinalRequestProcessor.java","232563","175218","407781"
"2018-09-18 01:00","FinalRequestProcessor.java","172523","109177","281700"
"2019-04-12 19:01","FinalRequestProcessor.java","238466","175294","413760"
"2019-02-07 11:26","FinalRequestProcessor.java","234916","175219","410135"
"2019-01-14 19:38","FinalRequestProcessor.java","231874","175217","407091"
"2013-03-07 07:01","FinalRequestProcessor.java","24724","8002","32726"
"2019-01-09 17:22","FinalRequestProcessor.java","234556","175219","409775"
"2015-06-04 19:51","FinalRequestProcessor.java","60783","17003","77786"
"2019-09-10 04:26","FinalRequestProcessor.java","257704","175294","432998"
"2019-08-17 17:13","FinalRequestProcessor.java","256659","175294","431953"
"2016-10-07 21:51","FinalRequestProcessor.java","70561","21730","92291"
"2014-01-24 07:18","FinalRequestProcessor.java","34479","9024","43503"
"2019-06-26 10:57","FinalRequestProcessor.java","244509","175294","419803"
"2019-08-01 07:28","FinalRequestProcessor.java","256840","175294","432134"
"2019-07-03 00:44","FinalRequestProcessor.java","244672","175294","419966"
"2016-03-23 00:30","FinalRequestProcessor.java","66331","21007","87338"
"2019-08-06 17:11","FinalRequestProcessor.java","257760","175294","433054"
"2015-03-17 18:06","FinalRequestProcessor.java","58130","16684","74814"
"2018-07-10 12:46","FinalRequestProcessor.java","92701","34585","127286"
"2020-03-25 03:38","FinalRequestProcessor.java","270749","176599","447348"
"2019-09-16 23:26","FinalRequestProcessor.java","259678","175294","434972"
"2019-10-10 14:37","FinalRequestProcessor.java","260412","175294","435706"
"2019-11-21 05:58","FinalRequestProcessor.java","261131","176599","437730"
"2019-11-18 09:05","FinalRequestProcessor.java","261108","176599","437707"
"2012-12-19 19:16","FinalRequestProcessor.java","18927","6761","25688"
"2011-10-28 18:59","FinalRequestProcessor.java","877","626","1503"
"2019-11-11 13:59","FinalRequestProcessor.java","264097","175322","439419"
"2020-03-26 22:12","FinalRequestProcessor.java","270751","176599","447350"
"2014-04-17 08:47","FinalRequestProcessor.java","43174","15160","58334"
"2014-04-29 02:23","FinalRequestProcessor.java","43886","15166","59052"
"2013-10-09 22:21","FinalRequestProcessor.java","30704","8787","39491"
"2019-08-17 17:13","AtomicFileWritingIdiomTest.java","256154","206105","462259"
"2016-12-21 23:32","AbstractFourLetterCommand.java","14654","6520","21174"
"2016-12-22 23:23","AbstractFourLetterCommand.java","14721","6524","21245"
"2018-11-17 18:37","AbstractFourLetterCommand.java","223928","218623","442551"
"2018-02-07 01:05","AbstractFourLetterCommand.java","24954","13884","38838"
"2019-08-17 17:13","AbstractFourLetterCommand.java","255967","218737","474704"
"2020-01-23 13:43","QuorumPeerMainTest.java","58498","36514","95012"
"2019-10-10 14:37","QuorumPeerMainTest.java","45023","29213","74236"
"2019-12-28 16:17","QuorumPeerMainTest.java","55943","35301","91244"
"2019-07-25 21:41","QuorumPeerMainTest.java","10566","2026","12592"
"2019-08-17 17:13","QuorumPeerMainTest.java","38835","26778","65613"
"2019-09-18 11:20","ReconfigTest.java","258099","224315","482414"
"2019-05-03 17:37","ReconfigTest.java","239289","224295","463584"
"2019-05-08 21:54","ReconfigTest.java","239669","224295","463964"
"2018-07-04 17:11","ReconfigTest.java","19805","12234","32039"
"2019-08-17 17:13","ReconfigTest.java","255186","224314","479500"
"2019-11-29 14:49","ReconfigTest.java","263406","225977","489383"
"2018-12-09 03:16","ReconfigTest.java","227703","224173","451876"
"2018-11-22 17:56","ReconfigTest.java","223742","224173","447915"
"2012-04-23 01:20","HierarchicalQuorumTest.java","25525","10791","36316"
"2014-06-04 22:07","HierarchicalQuorumTest.java","59524","20001","79525"
"2019-08-17 17:13","HierarchicalQuorumTest.java","256932","178405","435337"
"2019-07-12 17:01","HierarchicalQuorumTest.java","252245","178405","430650"
"2019-10-10 14:37","HierarchicalQuorumTest.java","260685","178405","439090"
"2018-06-26 11:18","HierarchicalQuorumTest.java","96234","28338","124572"
"2017-05-11 16:59","HierarchicalQuorumTest.java","87357","27562","114919"
"2018-05-23 05:34","JsonOutputter.java","39046","17188","56234"
"2019-08-17 17:13","JsonOutputter.java","256151","210259","466410"
"2011-04-12 09:14","GraphData.java","14937","15099","30036"
"2019-10-10 14:37","ZKDatabase.java","259640","219846","479486"
"2019-12-27 22:33","ZKDatabase.java","266144","221425","487569"
"2018-04-06 06:04","ZKDatabase.java","20949","10716","31665"
"2018-09-28 23:38","ZKDatabase.java","130093","109497","239590"
"2019-11-08 17:30","ZKDatabase.java","261549","219894","481443"
"2019-05-14 17:11","ZKDatabase.java","240535","219827","460362"
"2018-09-18 01:00","ZKDatabase.java","126837","108815","235652"
"2019-02-07 11:26","ZKDatabase.java","234102","219729","453831"
"2019-04-12 19:01","ZKDatabase.java","237675","219827","457502"
"2018-09-05 22:35","ZKDatabase.java","124440","108672","233112"
"2018-02-07 01:05","ZKDatabase.java","20555","10674","31229"
"2019-08-17 17:13","ZKDatabase.java","255887","219846","475733"
"2019-09-10 00:27","ZKDatabase.java","256827","219846","476673"
"2018-02-23 23:49","ZKDatabase.java","20932","10707","31639"
"2017-08-03 20:28","ZKDatabase.java","14096","9465","23561"
"2017-06-18 19:23","ZKDatabase.java","12664","7809","20473"
"2019-04-09 15:35","ZKDatabase.java","236650","219752","456402"
"2013-09-18 12:58","ClientCnxn.java","74740","28842","103582"
"2015-01-31 08:05","ClientCnxn.java","98792","31588","130380"
"2016-05-02 18:15","ClientCnxn.java","106896","33656","140552"
"2014-01-24 07:18","ClientCnxn.java","81888","29258","111146"
"2019-08-17 17:13","ClientCnxn.java","257033","160996","418029"
"2015-05-10 00:27","ClientCnxn.java","101453","31710","133163"
"2017-12-19 19:27","ClientCnxn.java","118123","36554","154677"
"2019-01-31 15:50","ClientCnxn.java","234643","160939","395582"
"2012-08-02 00:24","ClientCnxn.java","60475","27002","87477"
"2019-04-09 15:35","ClientCnxn.java","237849","160955","398804"
"2013-02-03 15:52","ClientCnxn.java","68100","28266","96366"
"2014-12-20 15:29","ClientCnxn.java","98771","31578","130349"
"2012-03-15 18:01","ClientCnxn.java","55775","24692","80467"
"2019-11-08 17:30","ClientCnxn.java","262647","160996","423643"
"2017-06-08 17:59","ClientCnxn.java","113492","36213","149705"
"2012-09-09 20:24","ClientCnxn.java","61279","27067","88346"
"2019-01-16 14:21","ClientCnxn.java","232956","160939","393895"
"2019-01-07 14:24","ClientCnxn.java","231805","160938","392743"
"2019-03-06 03:32","ClientCnxn.java","236776","160954","397730"
"2010-11-11 18:11","ClientCnxn.java","66135","8631","74766"
"2010-11-10 23:36","ClientCnxn.java","66092","8584","74676"
"2011-09-14 07:43","ClientCnxn.java","50328","19360","69688"
"2011-08-19 00:05","ClientCnxn.java","47915","19167","67082"
"2015-02-06 06:17","ClientCnxn.java","99028","31629","130657"
"2019-02-07 11:26","ClientCnxn.java","235309","160940","396249"
"2018-11-05 19:40","ClientCnxn.java","237318","130292","367610"
"2011-04-12 09:14","ClientCnxn.java","37193","19683","56876"
"2010-10-06 18:14","ClientCnxn.java","62756","7966","70722"
"2010-11-30 21:16","ClientCnxn.java","66719","8844","75563"
"2020-05-17 15:13","ClientCnxn.java","272009","162027","434036"
"2018-06-25 12:30","ClientCnxn.java","121859","36764","158623"
"2012-12-19 19:16","ClientCnxn.java","67558","28217","95775"
"2020-03-03 03:12","ClientCnxn.java","269797","162025","431822"
"2018-09-10 11:44","ClientCnxn.java","186186","97906","284092"
"2011-09-28 22:17","ClientCnxn.java","51241","22220","73461"
"2015-06-13 02:42","ClientCnxn.java","103087","31882","134969"
"2010-10-21 02:44","ClientCnxn.java","64601","8160","72761"
"2010-08-05 09:09","ClientCnxn.java","27916","6587","34503"
"2011-05-20 01:17","ClientCnxn.java","38133","19804","57937"
"2014-03-23 04:12","ClientCnxn.java","82687","29420","112107"
"2015-11-09 00:05","ClientCnxn.java","104707","32010","136717"
"2015-12-06 19:58","ClientCnxn.java","105049","32047","137096"
"2020-01-21 17:53","ClientCnxn.java","266058","162025","428083"
"2015-12-05 22:43","ClientCnxn.java","105046","32047","137093"
"2015-12-05 22:32","ClientCnxn.java","105040","32046","137086"
"2019-10-10 14:37","ClientCnxn.java","260786","160996","421782"
"2014-04-01 04:03","ClientCnxn.java","83658","29548","113206"
"2013-09-18 15:14","ClientCnxn.java","74758","28842","103600"
"2013-09-18 04:08","ClientCnxn.java","74654","28842","103496"
"2019-11-21 05:58","ClientCnxn.java","261229","162025","423254"
"2020-04-16 12:50","ClientCnxn.java","271636","162025","433661"
"2018-07-27 05:16","ClientCnxn.java","139557","53310","192867"
"2019-08-17 17:13","ChrootClientTest.java","256932","178405","435337"
"2019-10-10 14:37","ChrootClientTest.java","260685","178405","439090"
"2019-10-10 14:37","Login.java","7470","3717","11187"
"2019-11-11 13:59","Login.java","11345","3935","15280"
"2011-04-12 09:14","ChrootAsyncTest.java","61368","23260","84628"
"2010-03-31 06:26","ChrootAsyncTest.java","42660","15064","57724"
"2019-10-10 14:37","ChrootAsyncTest.java","261253","140865","402118"
"2019-08-17 17:13","ChrootAsyncTest.java","257500","140865","398365"
"2019-07-03 00:44","EnsembleAuthenticationProvider.java","13986","5205","19191"
"2019-08-17 17:13","EnsembleAuthenticationProvider.java","50898","30130","81028"
"2019-04-12 19:01","EnsembleAuthenticationProvider.java","3457","882","4339"
"2019-10-10 14:37","ZooKeeperSaslClient.java","259857","214757","474614"
"2016-03-02 07:46","ZooKeeperSaslClient.java","9714","3415","13129"
"2016-03-05 01:03","ZooKeeperSaslClient.java","9773","4581","14354"
"2015-12-05 22:32","ZooKeeperSaslClient.java","9022","3221","12243"
"2020-02-04 10:39","ZooKeeperSaslClient.java","268036","216205","484241"
"2019-01-31 15:50","ZooKeeperSaslClient.java","233662","214648","448310"
"2019-08-03 08:42","ZooKeeperSaslClient.java","256812","214757","471569"
"2017-11-28 00:10","ZooKeeperSaslClient.java","29985","15653","45638"
"2016-05-02 18:15","ZooKeeperSaslClient.java","12582","6535","19117"
"2019-08-17 17:13","ZooKeeperSaslClient.java","256104","214757","470861"
"2019-10-10 14:37","StandaloneDisabledTest.java","259825","217720","477545"
"2016-08-24 01:36","StandaloneDisabledTest.java","10954","6469","17423"
"2018-05-21 20:11","StandaloneDisabledTest.java","29801","15482","45283"
"2017-03-14 17:06","StandaloneDisabledTest.java","18410","11068","29478"
"2017-02-12 00:34","StandaloneDisabledTest.java","17891","11028","28919"
"2019-06-03 19:40","StandaloneDisabledTest.java","241402","217719","459121"
"2019-08-17 17:13","StandaloneDisabledTest.java","256072","217720","473792"
"2016-11-13 20:59","StandaloneDisabledTest.java","15046","6975","22021"
"2019-10-10 14:37","ObserverMaster.java","35017","27747","62764"
"2019-11-29 14:49","ObserverMaster.java","43635","33561","77196"
"2019-08-17 17:13","ObserverMaster.java","28807","25290","54097"
"2019-12-03 10:01","CommandsTest.java","58958","37686","96644"
"2019-11-29 14:49","CommandsTest.java","58918","37692","96610"
"2019-08-17 17:13","CommandsTest.java","44192","29523","73715"
"2019-06-29 00:33","CommandsTest.java","6225","3569","9794"
"2019-11-23 17:08","CommandsTest.java","56724","37354","94078"
"2019-06-04 10:55","CommandsTest.java","386","233","619"
"2019-09-20 10:06","TxnLogToolkit.java","178082","156458","334540"
"2019-12-27 22:33","TxnLogToolkit.java","186102","158663","344765"
"2019-11-28 12:24","TxnLogToolkit.java","182317","158650","340967"
"2019-04-12 19:08","TxnLogToolkit.java","154110","153521","307631"
"2019-07-09 13:34","TxnLogToolkit.java","162464","154801","317265"
"2019-08-17 17:13","TxnLogToolkit.java","174233","155472","329705"
"2019-06-07 14:13","TruncateTest.java","242396","198670","441066"
"2015-05-14 18:40","TruncateTest.java","30489","11219","41708"
"2019-08-17 17:13","TruncateTest.java","256292","198670","454962"
"2018-05-09 23:57","TruncateTest.java","57659","24348","82007"
"2014-09-27 08:20","TruncateTest.java","24427","10172","34599"
"2019-07-12 17:01","TruncateTest.java","251605","198670","450275"
"2017-08-18 06:32","TruncateTest.java","49734","23162","72896"
"2017-09-11 18:55","TruncateTest.java","50047","23297","73344"
"2014-06-30 19:11","TruncateTest.java","15132","8111","23243"
"2016-08-24 01:36","TruncateTest.java","40854","17099","57953"
"2017-05-11 16:59","TruncateTest.java","47963","21761","69724"
"2020-01-28 17:26","TruncateTest.java","268107","200087","468194"
"2017-01-07 01:09","TruncateTest.java","47060","18173","65233"
"2014-02-12 17:00","TruncateTest.java","2176","214","2390"
"2019-10-10 14:37","LearnerHandler.java","7470","3717","11187"
"2019-08-23 19:43","LearnerHandler.java","669","3","672"
"2018-12-20 15:13","LocalPeerBean.java","227578","231907","459485"
"2019-11-29 14:49","LocalPeerBean.java","262658","234000","496658"
"2019-08-17 17:13","LocalPeerBean.java","254163","232062","486225"
"2019-11-14 03:54","LocalPeerBean.java","262221","232111","494332"
"2019-09-18 11:20","ReconfigTest.java","258177","223776","481953"
"2019-05-03 17:37","ReconfigTest.java","239368","223757","463125"
"2019-05-08 21:54","ReconfigTest.java","239748","223757","463505"
"2018-07-04 17:11","ReconfigTest.java","23357","15169","38526"
"2019-08-17 17:13","ReconfigTest.java","255265","223776","479041"
"2019-11-29 14:49","ReconfigTest.java","263435","225389","488824"
"2018-12-09 03:16","ReconfigTest.java","227803","223656","451459"
"2018-11-22 17:56","ReconfigTest.java","223842","223656","447498"
"2017-09-11 18:55","ReconfigTest.java","3897","3280","7177"
"2019-08-17 17:13","SaslAuthTest.java","254848","231403","486251"
"2015-03-28 20:08","FourLetterWordMain.java","56281","15666","71947"
"2019-08-17 17:13","FourLetterWordMain.java","256656","177111","433767"
"2019-01-31 15:50","FourLetterWordMain.java","234246","177034","411280"
"2017-07-28 00:36","FourLetterWordMain.java","73178","25068","98246"
"2015-11-21 22:18","FourLetterWordMain.java","61243","17262","78505"
"2018-12-15 07:34","FourLetterWordMain.java","229151","177033","406184"
"2015-07-05 06:05","FourLetterWordMain.java","59279","16894","76173"
"2020-03-12 14:47","QuorumCnxManager.java","1619","316","1935"
"2020-03-23 16:20","QuorumCnxManager.java","1896","422","2318"
"2018-07-19 05:59","MBeanRegistry.java","105833","50050","155883"
"2019-05-03 17:37","MBeanRegistry.java","240899","178389","419288"
"2019-08-17 17:13","MBeanRegistry.java","256776","178388","435164"
"2019-10-10 14:37","MBeanRegistry.java","260529","178388","438917"
"2015-09-10 06:07","MBeanRegistry.java","65418","23425","88843"
"2014-05-18 05:49","MBeanRegistry.java","46974","20767","67741"
"2019-08-17 17:13","ClientSSLTest.java","44192","29523","73715"
"2019-06-05 00:29","ClientSSLTest.java","630","294","924"
"2019-10-10 14:37","WatcherCleaner.java","56196","32151","88347"
"2019-08-17 17:13","WatcherCleaner.java","50361","30069","80430"
"2019-04-12 19:01","WatcherCleaner.java","2851","752","3603"
"2019-10-10 14:37","FilePadding.java","50347","31925","82272"
"2019-08-17 17:13","FilePadding.java","44192","29523","73715"
"2019-11-14 03:54","ServerCnxnFactory.java","53977","32072","86049"
"2019-11-11 13:59","ServerCnxnFactory.java","53306","32000","85306"
"2019-08-17 17:13","ServerCnxnFactory.java","43284","29388","72672"
"2019-07-03 00:44","ServerCnxnFactory.java","5258","3349","8607"
"2019-08-17 17:13","Vote.java","256932","178405","435337"
"2011-06-14 07:14","Vote.java","2489","539","3028"
"2014-07-08 05:25","Vote.java","62059","20403","82462"
"2018-12-06 10:56","Vote.java","227394","178339","405733"
"2011-06-17 01:34","Vote.java","2643","622","3265"
"2010-03-31 06:26","WatchedEventTest.java","40968","14591","55559"
"2011-09-17 02:13","WatchedEventTest.java","71315","24451","95766"
"2019-08-17 17:13","WatchedEventTest.java","257500","142084","399584"
"2019-10-10 14:37","ClientHammerTest.java","7470","3717","11187"
"2017-02-12 00:34","ReconfigMisconfigTest.java","3319","4527","7846"
"2019-11-29 14:49","ReconfigMisconfigTest.java","263453","226615","490068"
"2017-07-06 18:48","ReconfigMisconfigTest.java","5686","5958","11644"
"2019-08-17 17:13","ReconfigMisconfigTest.java","255292","225011","480303"
"2019-12-27 22:33","FileTxnSnapLog.java","265525","231031","496556"
"2019-10-10 14:37","FileTxnSnapLog.java","258829","229260","488089"
"2019-12-13 08:51","FileTxnSnapLog.java","263561","231030","494591"
"2020-01-23 16:46","FileTxnSnapLog.java","266775","231032","497807"
"2020-01-28 17:26","FileTxnSnapLog.java","267246","231032","498278"
"2018-06-08 16:52","FileTxnSnapLog.java","2880","626","3506"
"2019-09-02 08:23","FileTxnSnapLog.java","255733","229260","484993"
"2019-07-31 19:06","FileTxnSnapLog.java","254382","229259","483641"
"2018-07-30 06:22","FileTxnSnapLog.java","25871","21962","47833"
"2020-01-30 09:43","FileTxnSnapLog.java","267322","231032","498354"
"2019-05-14 17:11","FileTxnSnapLog.java","239722","229239","468961"
"2019-05-21 23:34","FileTxnSnapLog.java","240045","229241","469286"
"2019-05-27 10:54","FileTxnSnapLog.java","240377","229241","469618"
"2019-08-17 17:13","FileTxnSnapLog.java","255075","229259","484334"
"2018-12-20 15:13","LocalPeerBean.java","228269","231380","459649"
"2019-11-29 14:49","LocalPeerBean.java","263341","233465","496806"
"2019-08-17 17:13","LocalPeerBean.java","254848","231529","486377"
"2019-11-14 03:54","LocalPeerBean.java","262906","231578","494484"
"2018-07-27 12:32","LocalPeerBean.java","22615","21397","44012"
"2014-02-12 17:00","LearnerHandler.java","104617","27560","132177"
"2014-03-23 04:12","LearnerHandler.java","105107","27663","132770"
"2010-01-25 04:28","LearnerHandler.java","31739","7337","39076"
"2019-10-10 14:37","LearnerHandler.java","261253","133993","395246"
"2015-06-05 20:38","LearnerHandler.java","124871","29736","154607"
"2015-06-05 20:51","LearnerHandler.java","124898","29736","154634"
"2015-06-12 23:02","LearnerHandler.java","125003","29743","154746"
"2009-08-25 07:45","LearnerHandler.java","13394","3394","16788"
"2010-03-11 15:05","LearnerHandler.java","47258","13427","60685"
"2009-10-30 17:19","LearnerHandler.java","16896","5260","22156"
"2009-11-30 13:03","LearnerHandler.java","27032","6193","33225"
"2011-04-12 09:14","LearnerHandler.java","67194","22214","89408"
"2013-09-26 14:05","LearnerHandler.java","97597","27231","124828"
"2019-07-03 20:54","LearnerHandler.java","245494","133993","379487"
"2011-09-14 08:56","LearnerHandler.java","76514","21013","97527"
"2011-08-30 08:37","LearnerHandler.java","75205","20913","96118"
"2010-07-29 23:10","LearnerHandler.java","65815","17070","82885"
"2011-09-17 02:36","LearnerHandler.java","76514","23573","100087"
"2012-04-23 01:20","LearnerHandler.java","82374","26138","108512"
"2013-06-28 23:22","LearnerHandler.java","97168","27232","124400"
"2018-09-18 01:00","LearnerHandler.java","199870","85172","285042"
"2010-11-04 17:01","LearnerHandler.java","101972","17955","119927"
"2012-02-06 09:40","LearnerHandler.java","79457","25547","105004"
"2013-05-14 14:27","LearnerHandler.java","95299","27100","122399"
"2018-08-03 18:52","LearnerHandler.java","156236","45114","201350"
"2011-01-22 20:38","LearnerHandler.java","104519","18404","122923"
"2018-12-09 03:16","LearnerHandler.java","230114","133949","364063"
"2019-04-12 19:01","LearnerHandler.java","239307","133993","373300"
"2013-03-07 07:01","LearnerHandler.java","95155","27081","122236"
"2009-11-18 20:06","LearnerHandler.java","26648","6139","32787"
"2017-11-28 00:10","LearnerHandler.java","139089","33387","172476"
"2019-06-29 00:33","LearnerHandler.java","245487","133993","379480"
"2013-05-11 15:35","LearnerHandler.java","95203","27081","122284"
"2019-07-25 21:41","LearnerHandler.java","253983","133993","387976"
"2019-08-23 19:43","LearnerHandler.java","258166","133993","392159"
"2019-08-17 17:13","LearnerHandler.java","257500","133993","391493"
"2009-06-26 22:29","LearnerHandler.java","10034","2471","12505"
"2017-06-26 00:16","LearnerHandler.java","134871","33212","168083"
"2017-08-03 20:28","LearnerHandler.java","134543","33236","167779"
"2012-07-29 07:02","LearnerHandler.java","83800","26161","109961"
"2019-05-06 17:48","LearnerHandler.java","241813","133993","375806"
"2019-08-03 08:42","LearnerHandler.java","258208","133993","392201"
"2019-04-22 19:15","LearnerHandler.java","240282","133993","374275"
"2011-06-14 07:14","LearnerHandler.java","69253","22323","91576"
"2016-07-27 01:33","CliCommand.java","61514","17918","79432"
"2014-03-29 04:33","CliCommand.java","28386","5514","33900"
"2016-11-13 20:59","CliCommand.java","65900","18551","84451"
"2019-01-31 15:55","CliCommand.java","234068","178779","412847"
"2019-08-17 17:13","CliCommand.java","256502","178872","435374"
"2020-01-21 18:14","ZNodeName.java","17894","10363","28257"
"2019-08-17 17:13","VersionCommand.java","44833","29687","74520"
"2018-07-10 12:46","QuorumTest.java","142655","42704","185359"
"2019-08-17 17:13","QuorumTest.java","257247","145376","402623"
"2010-11-04 17:01","QuorumTest.java","88805","16424","105229"
"2012-12-13 08:14","QuorumTest.java","79876","27814","107690"
"2011-06-22 00:19","QuorumTest.java","57123","21710","78833"
"2010-03-19 07:46","QuorumTest.java","34294","11381","45675"
"2011-07-15 06:50","QuorumTest.java","58527","20157","78684"
"2010-08-18 08:24","QuorumTest.java","58544","16245","74789"
"2013-10-09 22:21","QuorumTest.java","92615","28863","121478"
"2010-03-31 06:26","QuorumTest.java","35504","12672","48176"
"2011-09-17 02:13","QuorumTest.java","66484","23032","89516"
"2010-07-29 23:10","QuorumTest.java","52506","15397","67903"
"2011-04-12 09:14","QuorumTest.java","54664","21320","75984"
"2019-10-10 14:37","QuorumTest.java","261000","145376","406376"
"2019-09-18 11:20","QuorumTest.java","260159","145376","405535"
"2019-12-28 16:17","QuorumTest.java","266711","146255","412966"
"2015-11-03 08:11","QuorumTest.java","118561","31481","150042"
"2011-07-29 10:14","QuorumTest.java","61136","20234","81370"
"2010-03-13 01:06","QuorumTest.java","33700","11115","44815"
"2010-08-18 08:24","IPAuthenticationProvider.java","110256","13126","123382"
"2019-08-17 17:13","IPAuthenticationProvider.java","257706","91004","348710"
"2014-04-25 23:40","IPAuthenticationProvider.java","141332","19714","161046"
"2020-01-23 13:43","QuorumPeerMainTest.java","64453","39317","103770"
"2019-10-10 14:37","QuorumPeerMainTest.java","51030","32068","83098"
"2019-12-28 16:17","QuorumPeerMainTest.java","61922","38128","100050"
"2019-07-25 21:41","QuorumPeerMainTest.java","17581","5889","23470"
"2019-08-17 17:13","QuorumPeerMainTest.java","44894","29685","74579"
"2019-07-02 07:34","QuorumPeerMainTest.java","7039","3887","10926"
"2018-06-08 16:52","ZooKeeperServerMain.java","59473","24479","83952"
"2019-04-18 19:17","ZooKeeperServerMain.java","238861","197788","436649"
"2019-11-11 13:59","ZooKeeperServerMain.java","263798","197832","461630"
"2019-11-28 12:24","ZooKeeperServerMain.java","262615","199153","461768"
"2019-11-25 15:37","ZooKeeperServerMain.java","262517","199153","461670"
"2016-08-13 15:01","ZooKeeperServerMain.java","41814","16893","58707"
"2015-06-04 19:51","ZooKeeperServerMain.java","32543","11572","44115"
"2019-08-17 17:13","ZooKeeperServerMain.java","256360","197804","454164"
"2015-03-17 18:06","ZooKeeperServerMain.java","29488","10851","40339"
"2017-07-28 00:36","ZooKeeperServerMain.java","50213","23092","73305"
"2019-04-12 19:01","ZooKeeperServerMain.java","238151","197788","435939"
"2018-09-11 15:23","ZooKeeperServerMain.java","151392","112110","263502"
"2014-07-18 02:19","ZooKeeperServerMain.java","22139","9475","31614"
"2017-02-12 00:12","ZooKeeperServerMain.java","47866","20799","68665"
"2019-09-18 11:20","TimeTest.java","5204","2292","7496"
"2018-09-15 00:08","ZooKeeperServer.java","134651","112356","247007"
"2019-04-12 19:01","ZooKeeperServer.java","237879","215105","452984"
"2019-07-31 19:06","ZooKeeperServer.java","255396","215122","470518"
"2019-09-11 10:27","ZooKeeperServer.java","257445","215122","472567"
"2019-01-14 19:38","ZooKeeperServer.java","231270","215011","446281"
"2019-01-07 15:34","ZooKeeperServer.java","230871","215011","445882"
"2018-11-21 17:56","ZooKeeperServer.java","224066","215009","439075"
"2017-04-28 07:14","ZooKeeperServer.java","22381","12004","34385"
"2017-02-12 00:12","ZooKeeperServer.java","21382","11904","33286"
"2019-02-13 13:12","ZooKeeperServer.java","234945","215032","449977"
"2016-11-24 17:18","ZooKeeperServer.java","19790","8536","28326"
"2018-07-19 05:59","ZooKeeperServer.java","54257","35895","90152"
"2018-09-18 01:00","ZooKeeperServer.java","135411","112463","247874"
"2019-03-04 08:07","ZooKeeperServer.java","235521","215031","450552"
"2019-07-08 23:26","ZooKeeperServer.java","244864","215121","459985"
"2019-01-23 14:00","ZooKeeperServer.java","232706","215012","447718"
"2019-02-13 13:19","ZooKeeperServer.java","235231","215032","450263"
"2019-05-14 17:11","ZooKeeperServer.java","240739","215105","455844"
"2015-07-10 08:19","ZooKeeperServer.java","6734","2672","9406"
"2019-06-04 10:55","ZooKeeperServer.java","241572","215121","456693"
"2019-04-09 15:35","ZooKeeperServer.java","236857","215033","451890"
"2019-08-03 08:42","ZooKeeperServer.java","256797","215122","471919"
"2019-05-15 11:56","ZooKeeperServer.java","240826","215105","455931"
"2019-05-22 11:39","ZooKeeperServer.java","241272","215105","456377"
"2019-04-22 19:15","ZooKeeperServer.java","238854","215105","453959"
"2018-02-23 23:49","ZooKeeperServer.java","31117","15966","47083"
"2016-11-16 06:21","ZooKeeperServer.java","19194","7961","27155"
"2017-08-18 06:32","ZooKeeperServer.java","24783","14866","39649"
"2017-06-26 00:16","ZooKeeperServer.java","23140","13231","36371"
"2019-09-10 04:26","ZooKeeperServer.java","257134","215122","472256"
"2019-08-17 17:13","ZooKeeperServer.java","256089","215122","471211"
"2019-09-05 23:12","ZooKeeperServer.java","257008","215122","472130"
"2019-09-10 15:21","ZooKeeperServer.java","257132","215122","472254"
"2019-08-01 07:31","ZooKeeperServer.java","256760","215122","471882"
"2019-08-01 07:28","ZooKeeperServer.java","256270","215122","471392"
"2019-06-03 19:40","ZooKeeperServer.java","241419","215121","456540"
"2015-03-17 18:06","ZooKeeperServer.java","1211","163","1374"
"2019-11-23 17:08","ZooKeeperServer.java","262236","216568","478804"
"2019-10-09 16:49","ZooKeeperServer.java","259675","215122","474797"
"2019-07-03 00:44","ZooKeeperServer.java","244101","215121","459222"
"2018-01-19 01:12","ZooKeeperServer.java","29987","15878","45865"
"2019-07-24 18:00","ZooKeeperServer.java","252544","215122","467666"
"2018-08-08 06:21","ZooKeeperServer.java","103220","83378","186598"
"2018-05-09 23:57","ZooKeeperServer.java","32843","16187","49030"
"2019-12-27 22:33","ZooKeeperServer.java","266214","216569","482783"
"2016-08-13 15:01","ZooKeeperServer.java","14473","7141","21614"
"2018-09-11 00:17","ZooKeeperServer.java","133084","112338","245422"
"2019-11-18 09:05","ZooKeeperServer.java","260679","216568","477247"
"2019-10-10 14:37","ZooKeeperServer.java","259842","215122","474964"
"2019-09-16 23:26","ZooKeeperServer.java","259108","215122","474230"
"2017-06-23 18:39","ZooKeeperServer.java","23068","13139","36207"
"2019-12-03 10:01","ZooKeeperServer.java","264138","216568","480706"
"2020-03-25 03:38","ZooKeeperServer.java","270322","216570","486892"
"2019-11-28 12:24","ZooKeeperServer.java","262441","216568","479009"
"2019-11-06 15:21","ZooKeeperServer.java","260087","215151","475238"
"2020-04-12 11:14","ZooKeeperServer.java","271075","216570","487645"
"2018-06-08 16:52","ZooKeeperServer.java","33796","16391","50187"
"2018-06-15 07:41","ZooKeeperServer.java","33807","16399","50206"
"2018-07-28 04:37","ZooKeeperServer.java","54926","35988","90914"
"2019-04-18 19:17","ZooKeeperServer.java","238589","215105","453694"
"2019-08-17 17:13","AsyncOpsTest.java","257247","146226","403473"
"2010-03-31 06:26","AsyncOpsTest.java","34631","12649","47280"
"2011-04-12 09:14","AsyncOpsTest.java","53804","21310","75114"
"2012-12-19 19:16","AsyncOpsTest.java","81233","28082","109315"
"2014-06-25 19:06","AsyncOpsTest.java","102297","30615","132912"
"2019-10-10 14:37","AsyncOpsTest.java","261000","146226","407226"
"2011-06-21 07:34","ZooKeeperServerTest.java","61962","23023","84985"
"2010-03-31 06:26","ZooKeeperServerTest.java","40968","14591","55559"
"2011-09-27 03:05","ZooKeeperServerTest.java","71578","24516","96094"
"2019-04-10 13:19","ZooKeeperServerTest.java","238768","142084","380852"
"2019-08-17 17:13","ZooKeeperServerTest.java","257500","142084","399584"
"2019-10-10 14:37","SaslServerCallbackHandler.java","259580","223344","482924"
"2019-08-03 08:42","SaslServerCallbackHandler.java","256535","223344","479879"
"2019-08-17 17:13","SaslServerCallbackHandler.java","255827","223344","479171"
"2017-11-28 00:10","SaslServerCallbackHandler.java","13957","8489","22446"
"2019-12-03 10:01","CommandsTest.java","53688","35072","88760"
"2019-11-29 14:49","CommandsTest.java","53648","35078","88726"
"2019-08-17 17:13","CommandsTest.java","38871","26858","65729"
"2019-11-23 17:08","CommandsTest.java","51440","34726","86166"
"2020-05-05 21:20","ServerMetrics.java","77056","42948","120004"
"2020-02-26 22:41","ServerMetrics.java","70309","39363","109672"
"2020-03-25 03:38","ServerMetrics.java","72586","39509","112095"
"2019-09-16 23:26","ServerMetrics.java","54664","31353","86017"
"2019-11-18 09:05","ServerMetrics.java","60718","37282","98000"
"2020-05-03 19:43","ServerMetrics.java","74139","40126","114265"
"2019-06-29 00:33","ServerMetrics.java","13262","4983","18245"
"2019-11-23 17:08","ServerMetrics.java","62459","37466","99925"
"2019-08-17 17:13","ServerMetrics.java","50361","30069","80430"
"2019-05-06 17:48","ServerMetrics.java","5701","1096","6797"
"2019-06-05 00:46","ServerMetrics.java","7875","1723","9598"
"2019-04-17 14:16","ServerMetrics.java","3132","768","3900"
"2019-05-03 00:44","ServerMetrics.java","5274","985","6259"
"2019-04-22 19:15","ServerMetrics.java","3848","774","4622"
"2019-06-05 23:57","ServerMetrics.java","8007","1725","9732"
"2019-05-21 23:34","ServerMetrics.java","6588","1308","7896"
"2019-07-23 15:55","ServerMetrics.java","22767","6467","29234"
"2019-07-08 23:26","ServerMetrics.java","14236","5168","19404"
"2019-04-25 02:11","ServerMetrics.java","4821","809","5630"
"2019-04-12 19:01","ServerMetrics.java","2851","752","3603"
"2019-07-31 19:06","ServerMetrics.java","27508","7909","35417"
"2019-11-28 12:24","DataTree.java","263032","152715","415747"
"2011-07-13 15:48","DataTree.java","51927","20053","71980"
"2011-06-25 08:13","DataTree.java","50652","21636","72288"
"2011-07-28 07:49","DataTree.java","54471","20151","74622"
"2019-10-10 14:37","DataTree.java","260940","151776","412716"
"2019-12-27 22:33","DataTree.java","266804","152715","419519"
"2015-06-06 03:48","DataTree.java","110781","31504","142285"
"2010-01-26 01:17","DataTree.java","9219","2504","11723"
"2019-11-11 13:59","DataTree.java","264597","151776","416373"
"2011-04-12 09:14","DataTree.java","48053","21169","69222"
"2018-07-10 13:29","DataTree.java","136480","42994","179474"
"2012-12-19 19:16","DataTree.java","75631","28073","103704"
"2014-04-17 08:47","DataTree.java","93859","30453","124312"
"2014-04-29 02:23","DataTree.java","94568","30456","125024"
"2010-07-05 20:20","DataTree.java","41957","14738","56695"
"2011-09-15 00:55","DataTree.java","59952","22899","82851"
"2011-09-28 22:17","DataTree.java","60327","23089","83416"
"2018-09-28 23:38","DataTree.java","195166","93854","289020"
"2011-09-17 02:36","DataTree.java","60041","23060","83101"
"2011-10-20 18:48","DataTree.java","59896","24498","84394"
"2019-11-08 17:30","DataTree.java","262801","151776","414577"
"2013-09-05 23:50","DataTree.java","82475","28645","111120"
"2019-01-30 16:28","DataTree.java","234248","151726","385974"
"2019-01-30 17:02","DataTree.java","234792","151726","386518"
"2016-11-24 17:18","DataTree.java","120957","33913","154870"
"2017-09-11 18:55","DataTree.java","121415","35530","156945"
"2011-07-01 00:53","DataTree.java","53622","22093","75715"
"2012-02-06 10:39","DataTree.java","63344","25387","88731"
"2011-12-21 21:39","DataTree.java","62033","24944","86977"
"2017-02-05 07:22","DataTree.java","122506","34023","156529"
"2014-07-18 02:19","DataTree.java","101929","31064","132993"
"2019-02-07 11:26","DataTree.java","235470","151727","387197"
"2013-03-07 07:01","DataTree.java","80549","28435","108984"
"2018-09-04 11:54","DataTree.java","189930","93702","283632"
"2018-09-05 22:35","DataTree.java","190185","93701","283886"
"2018-12-20 15:17","DataTree.java","230737","151726","382463"
"2019-09-10 09:53","DataTree.java","258236","151776","410012"
"2019-04-12 19:01","DataTree.java","238994","151776","390770"
"2019-07-31 19:06","DataTree.java","256494","151776","408270"
"2019-09-11 10:27","DataTree.java","258543","151776","410319"
"2013-10-22 12:54","DataTree.java","86867","28968","115835"
"2016-03-23 00:30","DataTree.java","113949","33233","147182"
"2019-08-01 07:31","DataTree.java","257858","151776","409634"
"2014-01-24 07:18","DataTree.java","89895","29048","118943"
"2019-08-17 17:13","DataTree.java","257187","151776","408963"
"2019-09-10 15:21","DataTree.java","258230","151776","410006"
"2015-06-04 19:51","DataTree.java","110671","31499","142170"
"2016-10-07 21:51","DataTree.java","117914","33691","151605"
"2017-06-18 19:23","DataTree.java","120896","35325","156221"
"2019-04-12 12:29","DataTree.java","238563","151776","390339"
"2019-08-03 08:42","DataTree.java","257895","151776","409671"
"2019-08-09 16:15","DataTree.java","258643","151776","410419"
"2016-11-13 20:59","DataTree.java","120182","33706","153888"
"2019-04-29 16:49","DataTree.java","241024","151776","392800"
"2020-05-05 21:20","ServerMetrics.java","73253","43157","116410"
"2020-02-26 22:41","ServerMetrics.java","66493","39559","106052"
"2020-03-25 03:38","ServerMetrics.java","68771","39706","108477"
"2019-09-16 23:26","ServerMetrics.java","50655","31356","82011"
"2019-11-18 09:05","ServerMetrics.java","56830","37406","94236"
"2020-05-03 19:43","ServerMetrics.java","70329","40328","110657"
"2019-06-29 00:33","ServerMetrics.java","8499","4232","12731"
"2019-11-23 17:08","ServerMetrics.java","58582","37601","96183"
"2019-08-17 17:13","ServerMetrics.java","46141","29861","76002"
"2019-05-06 17:48","ServerMetrics.java","890","297","1187"
"2019-06-05 00:46","ServerMetrics.java","3109","969","4078"
"2019-05-03 00:44","ServerMetrics.java","463","186","649"
"2019-06-05 23:57","ServerMetrics.java","3241","971","4212"
"2019-05-21 23:34","ServerMetrics.java","1790","522","2312"
"2019-07-23 15:55","ServerMetrics.java","18038","5750","23788"
"2019-07-08 23:26","ServerMetrics.java","9503","4447","13950"
"2019-07-31 19:06","ServerMetrics.java","22814","7227","30041"
"2015-07-07 07:11","SetTest.java","76443","22280","98723"
"2014-03-23 04:12","WorkerService.java","20327","4324","24651"
"2015-02-06 06:17","WorkerService.java","43207","13072","56279"
"2018-07-27 05:13","WorkerService.java","91634","42949","134583"
"2019-06-03 19:40","WorkerService.java","241795","185188","426983"
"2019-08-17 17:13","WorkerService.java","256464","185188","441652"
"2020-03-25 03:38","ZooKeeperServerBean.java","269571","233693","503264"
"2019-11-14 03:54","ZooKeeperServerBean.java","262905","231803","494708"
"2019-09-16 23:26","ZooKeeperServerBean.java","257867","231755","489622"
"2020-04-30 18:53","ZooKeeperServerBean.java","270532","233754","504286"
"2019-01-23 14:00","ZooKeeperServerBean.java","231427","231607","463034"
"2019-07-08 23:26","ZooKeeperServerBean.java","243622","231753","475375"
"2019-01-14 19:38","ZooKeeperServerBean.java","229990","231605","461595"
"2019-01-07 14:39","ZooKeeperServerBean.java","229537","231605","461142"
"2019-08-17 17:13","ZooKeeperServerBean.java","254847","231754","486601"
"2019-05-22 11:39","ZooKeeperServerBean.java","240029","231736","471765"
"2019-07-30 02:31","ZooKeeperServerBean.java","252768","231754","484522"
"2016-08-24 01:36","RestoreCommittedLogTest.java","6534","4837","11371"
"2019-05-20 12:24","RestoreCommittedLogTest.java","240702","220334","461036"
"2019-04-09 15:35","RestoreCommittedLogTest.java","236683","220262","456945"
"2019-08-17 17:13","RestoreCommittedLogTest.java","255916","220352","476268"
"2019-05-14 17:11","RestoreCommittedLogTest.java","240565","220334","460899"
"2019-08-17 17:13","QuorumHammerTest.java","256932","178405","435337"
"2011-07-29 10:14","QuorumHammerTest.java","10534","1617","12151"
"2014-02-12 17:00","LearnerHandler.java","101590","30110","131700"
"2014-03-23 04:12","LearnerHandler.java","102080","30213","132293"
"2010-01-25 04:28","LearnerHandler.java","22734","5895","28629"
"2019-10-10 14:37","LearnerHandler.java","261253","141556","402809"
"2015-06-05 20:38","LearnerHandler.java","121847","32289","154136"
"2015-06-05 20:51","LearnerHandler.java","121874","32289","154163"
"2015-06-12 23:02","LearnerHandler.java","121979","32296","154275"
"2009-08-25 07:45","LearnerHandler.java","3707","1270","4977"
"2010-03-11 15:05","LearnerHandler.java","39778","13510","53288"
"2009-10-30 17:19","LearnerHandler.java","7240","3167","10407"
"2009-11-30 13:03","LearnerHandler.java","18020","4744","22764"
"2011-04-12 09:14","LearnerHandler.java","60498","23081","83579"
"2013-09-26 14:05","LearnerHandler.java","94557","29768","124325"
"2019-07-03 20:54","LearnerHandler.java","245494","141556","387050"
"2011-09-14 08:56","LearnerHandler.java","72037","22113","94150"
"2011-08-30 08:37","LearnerHandler.java","70728","22013","92741"
"2010-07-29 23:10","LearnerHandler.java","58633","17451","76084"
"2011-09-17 02:36","LearnerHandler.java","72038","24674","96712"
"2012-04-23 01:20","LearnerHandler.java","78936","28277","107213"
"2013-06-28 23:22","LearnerHandler.java","94129","29770","123899"
"2018-09-18 01:00","LearnerHandler.java","197222","88101","285323"
"2010-11-04 17:01","LearnerHandler.java","94818","18364","113182"
"2012-02-06 09:40","LearnerHandler.java","74989","26656","101645"
"2013-05-14 14:27","LearnerHandler.java","92260","29638","121898"
"2018-08-03 18:52","LearnerHandler.java","153409","47864","201273"
"2011-01-22 20:38","LearnerHandler.java","97412","18860","116272"
"2018-12-09 03:16","LearnerHandler.java","230114","141512","371626"
"2019-04-12 19:01","LearnerHandler.java","239307","141556","380863"
"2013-03-07 07:01","LearnerHandler.java","92116","29619","121735"
"2009-11-18 20:06","LearnerHandler.java","17137","4191","21328"
"2017-11-28 00:10","LearnerHandler.java","136100","35975","172075"
"2019-06-29 00:33","LearnerHandler.java","245487","141556","387043"
"2013-05-11 15:35","LearnerHandler.java","92164","29619","121783"
"2019-07-25 21:41","LearnerHandler.java","253983","141556","395539"
"2019-08-23 19:43","LearnerHandler.java","258166","141556","399722"
"2019-08-17 17:13","LearnerHandler.java","257500","141556","399056"
"2017-06-26 00:16","LearnerHandler.java","131879","35797","167676"
"2017-08-03 20:28","LearnerHandler.java","131552","35822","167374"
"2012-07-29 07:02","LearnerHandler.java","80362","28300","108662"
"2019-05-06 17:48","LearnerHandler.java","241813","141556","383369"
"2019-08-03 08:42","LearnerHandler.java","258208","141556","399764"
"2019-04-22 19:15","LearnerHandler.java","240282","141556","381838"
"2011-06-14 07:14","LearnerHandler.java","62557","23190","85747"
"2019-10-10 14:37","KeyAuthClientTest.java","7470","3717","11187"
"2019-11-08 17:30","FinalRequestProcessor.java","262546","178405","440951"
"2019-07-08 23:26","FinalRequestProcessor.java","245708","178405","424113"
"2019-01-16 23:23","FinalRequestProcessor.java","232847","178340","411187"
"2018-09-18 01:00","FinalRequestProcessor.java","180418","107222","287640"
"2019-04-12 19:01","FinalRequestProcessor.java","238740","178406","417146"
"2019-02-07 11:26","FinalRequestProcessor.java","235200","178341","413541"
"2019-01-14 19:38","FinalRequestProcessor.java","232158","178339","410497"
"2013-03-07 07:01","FinalRequestProcessor.java","39549","12977","52526"
"2019-01-09 17:22","FinalRequestProcessor.java","234840","178341","413181"
"2011-07-01 00:53","FinalRequestProcessor.java","6351","1706","8057"
"2015-06-04 19:51","FinalRequestProcessor.java","74960","21330","96290"
"2019-09-10 04:26","FinalRequestProcessor.java","257977","178405","436382"
"2019-08-17 17:13","FinalRequestProcessor.java","256932","178405","435337"
"2016-10-07 21:51","FinalRequestProcessor.java","83275","24594","107869"
"2014-01-24 07:18","FinalRequestProcessor.java","49071","13766","62837"
"2019-06-26 10:57","FinalRequestProcessor.java","244782","178405","423187"
"2019-08-01 07:28","FinalRequestProcessor.java","257113","178405","435518"
"2019-07-03 00:44","FinalRequestProcessor.java","244945","178405","423350"
"2016-03-23 00:30","FinalRequestProcessor.java","79204","24030","103234"
"2019-08-06 17:11","FinalRequestProcessor.java","258033","178405","436438"
"2015-03-17 18:06","FinalRequestProcessor.java","72397","21101","93498"
"2018-07-10 12:46","FinalRequestProcessor.java","103864","35898","139762"
"2020-03-25 03:38","FinalRequestProcessor.java","270811","179499","450310"
"2019-09-16 23:26","FinalRequestProcessor.java","259951","178405","438356"
"2019-10-10 14:37","FinalRequestProcessor.java","260685","178405","439090"
"2019-11-21 05:58","FinalRequestProcessor.java","261193","179499","440692"
"2019-11-18 09:05","FinalRequestProcessor.java","261170","179499","440669"
"2012-12-19 19:16","FinalRequestProcessor.java","34481","12465","46946"
"2011-10-20 20:02","FinalRequestProcessor.java","16601","6751","23352"
"2011-10-28 18:59","FinalRequestProcessor.java","17166","7065","24231"
"2019-11-11 13:59","FinalRequestProcessor.java","264342","178405","442747"
"2020-03-26 22:12","FinalRequestProcessor.java","270813","179499","450312"
"2014-04-17 08:47","FinalRequestProcessor.java","57687","19823","77510"
"2014-04-29 02:23","FinalRequestProcessor.java","58398","19828","78226"
"2013-10-09 22:21","FinalRequestProcessor.java","45363","13596","58959"
"2011-09-14 08:56","FinalRequestProcessor.java","15987","1988","17975"
"2019-11-28 12:24","DataTree.java","263045","134632","397677"
"2011-07-13 15:48","DataTree.java","68588","20754","89342"
"2011-06-25 08:13","DataTree.java","69564","22452","92016"
"2011-07-28 07:49","DataTree.java","71129","20849","91978"
"2019-10-10 14:37","DataTree.java","261253","133993","395246"
"2019-12-27 22:33","DataTree.java","266817","134632","401449"
"2015-06-06 03:48","DataTree.java","124975","29738","154713"
"2010-01-26 01:17","DataTree.java","32196","7385","39581"
"2009-10-31 00:09","DataTree.java","17825","5339","23164"
"2019-11-11 13:59","DataTree.java","264910","133993","398903"
"2011-04-12 09:14","DataTree.java","67194","22214","89408"
"2018-07-10 13:29","DataTree.java","149899","40453","190352"
"2012-12-19 19:16","DataTree.java","90281","26763","117044"
"2014-04-17 08:47","DataTree.java","108286","28920","137206"
"2014-04-29 02:23","DataTree.java","108992","28920","137912"
"2010-07-05 20:20","DataTree.java","62226","16911","79137"
"2011-09-15 00:55","DataTree.java","76533","23520","100053"
"2011-09-28 22:17","DataTree.java","76798","23600","100398"
"2018-09-28 23:38","DataTree.java","202540","85268","287808"
"2011-09-17 02:36","DataTree.java","76514","23573","100087"
"2011-10-20 18:48","DataTree.java","76345","24987","101332"
"2019-11-08 17:30","DataTree.java","263114","133993","397107"
"2013-09-05 23:50","DataTree.java","97027","27237","124264"
"2019-01-30 16:28","DataTree.java","234567","133949","368516"
"2019-01-30 17:02","DataTree.java","235111","133949","369060"
"2016-11-24 17:18","DataTree.java","135023","32019","167042"
"2017-09-11 18:55","DataTree.java","135178","33333","168511"
"2011-07-01 00:53","DataTree.java","72399","22774","95173"
"2012-02-06 10:39","DataTree.java","79658","25741","105399"
"2011-12-21 21:39","DataTree.java","78441","25392","103833"
"2017-02-05 07:22","DataTree.java","136557","32114","168671"
"2014-07-18 02:19","DataTree.java","116217","29392","145609"
"2019-02-07 11:26","DataTree.java","235788","133949","369737"
"2013-03-07 07:01","DataTree.java","95155","27081","122236"
"2018-09-04 11:54","DataTree.java","197314","85126","282440"
"2018-09-05 22:35","DataTree.java","197569","85125","282694"
"2018-12-20 15:17","DataTree.java","231056","133949","365005"
"2019-09-10 09:53","DataTree.java","258549","133993","392542"
"2019-04-12 19:01","DataTree.java","239307","133993","373300"
"2019-07-31 19:06","DataTree.java","256807","133993","390800"
"2019-09-11 10:27","DataTree.java","258856","133993","392849"
"2013-10-22 12:54","DataTree.java","101335","27476","128811"
"2016-03-23 00:30","DataTree.java","128075","31399","159474"
"2019-08-01 07:31","DataTree.java","258171","133993","392164"
"2014-01-24 07:18","DataTree.java","104343","27536","131879"
"2009-11-12 23:48","DataTree.java","24126","6030","30156"
"2019-08-17 17:13","DataTree.java","257500","133993","391493"
"2019-09-10 15:21","DataTree.java","258543","133993","392536"
"2015-06-04 19:51","DataTree.java","124868","29736","154604"
"2016-10-07 21:51","DataTree.java","131990","31807","163797"
"2017-06-18 19:23","DataTree.java","134702","33171","167873"
"2019-04-12 12:29","DataTree.java","238876","133993","372869"
"2019-08-03 08:42","DataTree.java","258208","133993","392201"
"2019-08-09 16:15","DataTree.java","258956","133993","392949"
"2016-11-13 20:59","DataTree.java","134258","31822","166080"
"2019-04-29 16:49","DataTree.java","241337","133993","375330"
"2019-12-03 19:35","ContainerManager.java","263493","228604","492097"
"2018-05-09 23:57","ContainerManager.java","12118","8155","20273"
"2019-08-17 17:13","ContainerManager.java","255272","226998","482270"
"2019-06-03 19:40","ContainerManager.java","240602","226997","467599"
"2019-10-10 14:37","PortForwarder.java","260217","181380","441597"
"2019-08-17 17:13","PortForwarder.java","256464","181380","437844"
"2019-06-03 19:40","PortForwarder.java","241795","181380","423175"
"2018-12-09 03:16","PortForwarder.java","229027","181285","410312"
"2013-01-25 07:46","NIOServerCnxnFactory.java","16073","5762","21835"
"2015-03-17 18:06","NIOServerCnxnFactory.java","55264","15638","70902"
"2019-07-03 00:44","NIOServerCnxnFactory.java","244669","177111","421780"
"2019-08-17 17:13","NIOServerCnxnFactory.java","256656","177111","433767"
"2012-12-19 19:07","NIOServerCnxnFactory.java","14636","5171","19807"
"2019-08-03 08:42","NIOServerCnxnFactory.java","257364","177111","434475"
"2019-04-22 19:15","NIOServerCnxnFactory.java","239438","177111","416549"
"2014-09-28 19:15","NIOServerCnxnFactory.java","51502","15251","66753"
"2018-11-23 11:51","NIOServerCnxnFactory.java","225351","177033","402384"
"2012-08-28 21:51","NIOServerCnxnFactory.java","8417","3507","11924"
"2019-02-13 13:12","NIOServerCnxnFactory.java","235544","177053","412597"
"2014-07-18 02:19","NIOServerCnxnFactory.java","48674","15021","63695"
"2013-03-07 07:01","NIOServerCnxnFactory.java","21367","6465","27832"
"2018-10-24 04:03","NIOServerCnxnFactory.java","235950","158107","394057"
"2019-04-12 19:01","NIOServerCnxnFactory.java","238463","177111","415574"
"2018-06-15 08:02","NIOServerCnxnFactory.java","82190","26201","108391"
"2016-06-23 23:45","NIOServerCnxnFactory.java","65333","20118","85451"
"2014-03-23 04:12","NIOServerCnxnFactory.java","32143","7871","40014"
"2019-10-10 14:37","NIOServerCnxnFactory.java","260409","177111","437520"
"2019-11-14 03:54","NIOServerCnxnFactory.java","264693","177139","441832"
"2019-08-17 17:13","DeleteAllCommand.java","255887","221853","477740"
"2019-06-06 00:01","DeleteAllCommand.java","242023","221852","463875"
"2017-05-27 00:52","DeleteAllCommand.java","9371","6695","16066"
"2019-11-08 17:30","FinalRequestProcessor.java","262301","175573","437874"
"2019-07-08 23:26","FinalRequestProcessor.java","245435","175545","420980"
"2019-01-16 23:23","FinalRequestProcessor.java","232563","175469","408032"
"2018-09-18 01:00","FinalRequestProcessor.java","171894","108799","280693"
"2019-04-12 19:01","FinalRequestProcessor.java","238466","175545","414011"
"2019-02-07 11:26","FinalRequestProcessor.java","234916","175470","410386"
"2019-01-14 19:38","FinalRequestProcessor.java","231874","175468","407342"
"2013-03-07 07:01","FinalRequestProcessor.java","24018","7547","31565"
"2019-01-09 17:22","FinalRequestProcessor.java","234556","175470","410026"
"2015-06-04 19:51","FinalRequestProcessor.java","60048","16519","76567"
"2019-09-10 04:26","FinalRequestProcessor.java","257704","175545","433249"
"2019-08-17 17:13","FinalRequestProcessor.java","256659","175545","432204"
"2016-10-07 21:51","FinalRequestProcessor.java","69888","21308","91196"
"2014-01-24 07:18","FinalRequestProcessor.java","33776","8572","42348"
"2019-06-26 10:57","FinalRequestProcessor.java","244509","175545","420054"
"2019-08-01 07:28","FinalRequestProcessor.java","256840","175545","432385"
"2019-07-03 00:44","FinalRequestProcessor.java","244672","175545","420217"
"2016-03-23 00:30","FinalRequestProcessor.java","65630","20557","86187"
"2019-08-06 17:11","FinalRequestProcessor.java","257760","175545","433305"
"2015-03-17 18:06","FinalRequestProcessor.java","57434","16239","73673"
"2018-07-10 12:46","FinalRequestProcessor.java","92071","34206","126277"
"2020-03-25 03:38","FinalRequestProcessor.java","270749","176850","447599"
"2019-09-16 23:26","FinalRequestProcessor.java","259678","175545","435223"
"2019-10-10 14:37","FinalRequestProcessor.java","260412","175545","435957"
"2019-11-21 05:58","FinalRequestProcessor.java","261131","176850","437981"
"2019-11-18 09:05","FinalRequestProcessor.java","261108","176850","437958"
"2012-12-19 19:16","FinalRequestProcessor.java","18202","6287","24489"
"2019-11-11 13:59","FinalRequestProcessor.java","264097","175573","439670"
"2020-03-26 22:12","FinalRequestProcessor.java","270751","176850","447601"
"2014-04-17 08:47","FinalRequestProcessor.java","42471","14708","57179"
"2014-04-29 02:23","FinalRequestProcessor.java","43183","14714","57897"
"2013-10-09 22:21","FinalRequestProcessor.java","29999","8333","38332"
"2013-09-18 12:58","ClientCnxn.java","76664","28572","105236"
"2015-01-31 08:05","ClientCnxn.java","100684","31286","131970"
"2016-05-02 18:15","ClientCnxn.java","108798","33364","142162"
"2014-01-24 07:18","ClientCnxn.java","83805","28981","112786"
"2019-08-17 17:13","ClientCnxn.java","257033","157928","414961"
"2015-05-10 00:27","ClientCnxn.java","103345","31408","134753"
"2017-12-19 19:27","ClientCnxn.java","119769","36006","155775"
"2019-01-31 15:50","ClientCnxn.java","234643","157871","392514"
"2012-08-02 00:24","ClientCnxn.java","62421","26754","89175"
"2019-04-09 15:35","ClientCnxn.java","237849","157887","395736"
"2013-02-03 15:52","ClientCnxn.java","70025","27997","98022"
"2014-12-20 15:29","ClientCnxn.java","100663","31276","131939"
"2012-03-15 18:01","ClientCnxn.java","58456","25179","83635"
"2019-11-08 17:30","ClientCnxn.java","262647","157928","420575"
"2017-06-08 17:59","ClientCnxn.java","115154","35681","150835"
"2012-09-09 20:24","ClientCnxn.java","63225","26819","90044"
"2019-01-16 14:21","ClientCnxn.java","232956","157871","390827"
"2019-01-07 14:24","ClientCnxn.java","231805","157870","389675"
"2019-03-06 03:32","ClientCnxn.java","236776","157886","394662"
"2010-11-11 18:11","ClientCnxn.java","76413","15841","92254"
"2010-11-10 23:36","ClientCnxn.java","76370","15794","92164"
"2011-09-14 07:43","ClientCnxn.java","53047","19885","72932"
"2011-08-19 00:05","ClientCnxn.java","50649","19707","70356"
"2015-02-06 06:17","ClientCnxn.java","100920","31327","132247"
"2019-02-07 11:26","ClientCnxn.java","235309","157872","393181"
"2018-11-05 19:40","ClientCnxn.java","238457","129237","367694"
"2011-04-12 09:14","ClientCnxn.java","41188","20610","61798"
"2010-10-06 18:14","ClientCnxn.java","73071","15213","88284"
"2010-11-30 21:16","ClientCnxn.java","76997","16054","93051"
"2020-05-17 15:13","ClientCnxn.java","272009","158959","430968"
"2018-06-25 12:30","ClientCnxn.java","123505","36216","159721"
"2012-12-19 19:16","ClientCnxn.java","69483","27948","97431"
"2020-03-03 03:12","ClientCnxn.java","269797","158957","428754"
"2018-09-10 11:44","ClientCnxn.java","187644","97170","284814"
"2011-09-28 22:17","ClientCnxn.java","53937","22722","76659"
"2015-06-13 02:42","ClientCnxn.java","104978","31579","136557"
"2010-10-21 02:44","ClientCnxn.java","74893","15384","90277"
"2010-08-05 09:09","ClientCnxn.java","38427","14030","52457"
"2011-05-20 01:17","ClientCnxn.java","42126","20729","62855"
"2014-03-23 04:12","ClientCnxn.java","84603","29142","113745"
"2015-11-09 00:05","ClientCnxn.java","106609","31718","138327"
"2015-12-06 19:58","ClientCnxn.java","106951","31755","138706"
"2020-01-21 17:53","ClientCnxn.java","266058","158957","425015"
"2015-12-05 22:43","ClientCnxn.java","106948","31755","138703"
"2015-12-05 22:32","ClientCnxn.java","106942","31754","138696"
"2010-03-04 02:28","ClientCnxn.java","11737","8669","20406"
"2019-10-10 14:37","ClientCnxn.java","260786","157928","418714"
"2014-04-01 04:03","ClientCnxn.java","85574","29270","114844"
"2013-09-18 15:14","ClientCnxn.java","76682","28572","105254"
"2013-09-18 04:08","ClientCnxn.java","76578","28572","105150"
"2019-11-21 05:58","ClientCnxn.java","261229","158957","420186"
"2020-04-16 12:50","ClientCnxn.java","271636","158957","430593"
"2018-07-27 05:16","ClientCnxn.java","141146","52705","193851"
"2010-01-26 03:22","ClientCnxn.java","1187","639","1826"
"2019-04-12 19:01","WatchManager.java","237946","203494","441440"
"2014-07-18 02:19","WatchManager.java","8408","1655","10063"
"2017-09-11 18:55","WatchManager.java","38282","16509","54791"
"2019-03-05 00:04","WatchManager.java","235773","203420","439193"
"2019-11-08 17:30","WatchManager.java","261797","203538","465335"
"2019-08-17 17:13","WatchManager.java","256155","203510","459665"
"2018-09-28 23:38","WatchManager.java","149282","112082","261364"
"2016-06-23 23:45","NettyServerCnxnFactory.java","12096","6507","18603"
"2020-02-26 22:41","NettyServerCnxnFactory.java","268191","217618","485809"
"2019-10-10 14:37","NettyServerCnxnFactory.java","259836","216164","476000"
"2019-09-10 18:50","NettyServerCnxnFactory.java","257200","216164","473364"
"2019-11-14 03:54","NettyServerCnxnFactory.java","264121","216193","480314"
"2019-02-12 15:25","NettyServerCnxnFactory.java","234799","216055","450854"
"2018-10-16 16:22","NettyServerCnxnFactory.java","233540","195224","428764"
"2019-02-15 15:36","NettyServerCnxnFactory.java","235231","216072","451303"
"2019-04-12 19:01","NettyServerCnxnFactory.java","237873","216147","454020"
"2018-11-22 17:56","NettyServerCnxnFactory.java","224668","216052","440720"
"2018-09-22 06:48","NettyServerCnxnFactory.java","134438","112469","246907"
"2018-12-15 07:34","NettyServerCnxnFactory.java","228544","216052","444596"
"2019-02-13 13:12","NettyServerCnxnFactory.java","234939","216074","451013"
"2019-08-17 17:13","NettyServerCnxnFactory.java","256083","216164","472247"
"2015-03-28 20:08","NettyServerCnxnFactory.java","1038","49","1087"
"2019-11-23 17:08","NettyServerCnxnFactory.java","262236","217616","479852"
"2019-07-03 00:44","NettyServerCnxnFactory.java","244095","216163","460258"
"2019-06-05 00:29","NettyServerCnxnFactory.java","241749","216163","457912"
"2019-07-23 15:55","NettyServerCnxnFactory.java","252091","216164","468255"
"2019-06-24 11:05","NettyServerCnxnFactory.java","243415","216163","459578"
"2019-08-03 08:42","NettyServerCnxnFactory.java","256791","216164","472955"
"2019-11-14 03:54","ServerCnxnFactory.java","49448","29452","78900"
"2019-11-11 13:59","ServerCnxnFactory.java","48777","29380","78157"
"2019-08-17 17:13","ServerCnxnFactory.java","38727","26740","65467"
"2016-06-23 23:45","NettyServerCnxnFactory.java","11100","6500","17600"
"2020-02-26 22:41","NettyServerCnxnFactory.java","268191","218607","486798"
"2019-10-10 14:37","NettyServerCnxnFactory.java","259836","217153","476989"
"2019-09-10 18:50","NettyServerCnxnFactory.java","257200","217153","474353"
"2019-11-14 03:54","NettyServerCnxnFactory.java","264121","217182","481303"
"2019-02-12 15:25","NettyServerCnxnFactory.java","234799","217044","451843"
"2018-10-16 16:22","NettyServerCnxnFactory.java","233540","196213","429753"
"2019-02-15 15:36","NettyServerCnxnFactory.java","235231","217061","452292"
"2019-04-12 19:01","NettyServerCnxnFactory.java","237873","217136","455009"
"2018-11-22 17:56","NettyServerCnxnFactory.java","224668","217041","441709"
"2018-09-22 06:48","NettyServerCnxnFactory.java","133525","112545","246070"
"2018-12-15 07:34","NettyServerCnxnFactory.java","228544","217041","445585"
"2019-02-13 13:12","NettyServerCnxnFactory.java","234939","217063","452002"
"2019-08-17 17:13","NettyServerCnxnFactory.java","256083","217153","473236"
"2019-11-23 17:08","NettyServerCnxnFactory.java","262236","218605","480841"
"2019-07-03 00:44","NettyServerCnxnFactory.java","244095","217152","461247"
"2019-06-05 00:29","NettyServerCnxnFactory.java","241749","217152","458901"
"2019-07-23 15:55","NettyServerCnxnFactory.java","252091","217153","469244"
"2019-06-24 11:05","NettyServerCnxnFactory.java","243415","217152","460567"
"2019-08-03 08:42","NettyServerCnxnFactory.java","256791","217153","473944"
"2019-12-27 22:33","TxnLog.java","18682","10004","28686"
"2019-11-28 12:24","DataTree.java","14222","9316","23538"
"2019-10-10 14:37","DataTree.java","7470","3717","11187"
"2019-12-27 22:33","DataTree.java","18682","10004","28686"
"2019-11-11 13:59","DataTree.java","11345","3935","15280"
"2019-11-08 17:30","DataTree.java","9522","3908","13430"
"2019-09-10 09:53","DataTree.java","2535","1486","4021"
"2019-09-11 10:27","DataTree.java","3093","1737","4830"
"2019-09-10 15:21","DataTree.java","2737","1694","4431"
"2019-08-17 17:13","ZooKeeperQuotaTest.java","29856","25620","55476"
"2019-08-17 17:13","ServerAuthenticationProvider.java","255292","225558","480850"
"2019-11-28 12:24","DataTree.java","11531","7668","19199"
"2019-10-10 14:37","DataTree.java","4778","2068","6846"
"2019-12-27 22:33","DataTree.java","16008","8373","24381"
"2019-11-11 13:59","DataTree.java","8653","2286","10939"
"2019-11-08 17:30","DataTree.java","6830","2259","9089"
"2019-09-11 10:27","DataTree.java","356","43","399"
"2019-08-17 17:13","UnifiedServerSocketTest.java","24419","25106","49525"
"2019-09-16 23:26","ZooKeeperServerMXBean.java","58873","31146","90019"
"2019-11-14 03:54","ZooKeeperServerMXBean.java","64879","32162","97041"
"2020-03-25 03:38","ZooKeeperServerMXBean.java","76457","38964","115421"
"2019-05-22 11:39","ZooKeeperServerMXBean.java","11726","1818","13544"
"2019-07-30 02:31","ZooKeeperServerMXBean.java","30939","8310","39249"
"2019-08-17 17:13","ZooKeeperServerMXBean.java","54619","29911","84530"
"2019-07-08 23:26","ZooKeeperServerMXBean.java","19130","5646","24776"
"2019-01-23 14:00","ZooKeeperServerMXBean.java","1523","88","1611"
"2019-11-28 12:24","DataTree.java","262428","219937","482365"
"2019-10-10 14:37","DataTree.java","259731","218393","478124"
"2019-12-27 22:33","DataTree.java","266201","219938","486139"
"2015-06-06 03:48","DataTree.java","116","11","127"
"2019-11-11 13:59","DataTree.java","263418","218423","481841"
"2018-07-10 13:29","DataTree.java","38884","24570","63454"
"2018-09-28 23:38","DataTree.java","134578","112438","247016"
"2019-11-08 17:30","DataTree.java","261622","218423","480045"
"2019-01-30 16:28","DataTree.java","232978","218282","451260"
"2019-01-30 17:02","DataTree.java","233522","218282","451804"
"2016-11-24 17:18","DataTree.java","15196","7324","22520"
"2017-09-11 18:55","DataTree.java","20658","13945","34603"
"2017-02-05 07:22","DataTree.java","17057","7746","24803"
"2019-02-07 11:26","DataTree.java","234200","218283","452483"
"2018-09-04 11:54","DataTree.java","128663","111607","240270"
"2018-09-05 22:35","DataTree.java","128938","111626","240564"
"2018-12-20 15:17","DataTree.java","229466","218281","447747"
"2019-09-10 09:53","DataTree.java","257027","218393","475420"
"2019-04-12 19:01","DataTree.java","237767","218375","456142"
"2019-07-31 19:06","DataTree.java","255285","218393","473678"
"2019-09-11 10:27","DataTree.java","257334","218393","475727"
"2016-03-23 00:30","DataTree.java","6284","4740","11024"
"2019-08-01 07:31","DataTree.java","256649","218393","475042"
"2019-08-17 17:13","DataTree.java","255978","218393","474371"
"2019-09-10 15:21","DataTree.java","257021","218393","475414"
"2016-10-07 21:51","DataTree.java","11533","6482","18015"
"2017-06-18 19:23","DataTree.java","18439","12040","30479"
"2019-04-12 12:29","DataTree.java","237336","218375","455711"
"2019-08-03 08:42","DataTree.java","256686","218393","475079"
"2019-08-09 16:15","DataTree.java","257434","218393","475827"
"2016-11-13 20:59","DataTree.java","14016","6712","20728"
"2019-04-29 16:49","DataTree.java","239797","218375","458172"
"2020-01-30 09:43","FileSnap.java","103","27","130"
"2020-02-26 22:41","NettyServerCnxnFactory.java","10528","4575","15103"
"2019-08-17 17:13","ReconfigRecoveryTest.java","255186","224314","479500"
"2019-08-17 17:13","LsCommand.java","255887","221853","477740"
"2019-01-31 15:55","LsCommand.java","233428","221735","455163"
"2017-05-27 00:52","LsCommand.java","9371","6695","16066"
"2016-09-08 22:52","LsCommand.java","1115","727","1842"
"2020-01-09 22:51","LsCommand.java","265569","223433","489002"
"2019-12-28 16:17","LsCommand.java","266051","223432","489483"
"2020-03-25 03:38","FinalRequestProcessor.java","15508","10133","25641"
"2019-11-21 05:58","FinalRequestProcessor.java","985","5228","6213"
"2019-11-18 09:05","FinalRequestProcessor.java","945","5211","6156"
"2020-03-26 22:12","FinalRequestProcessor.java","15564","10187","25751"
"2019-10-10 14:37","StandaloneDisabledTest.java","7470","3717","11187"
"2017-01-13 19:29","ZooKeeperServerMainTest.java","457","87","544"
"2019-06-03 19:40","ZooKeeperServerMainTest.java","240606","226373","466979"
"2019-08-17 17:13","ZooKeeperServerMainTest.java","255276","226374","481650"
"2018-09-11 15:23","ZooKeeperServerMainTest.java","117042","107414","224456"
"2019-12-27 22:33","FileTxnSnapLog.java","265554","225826","491380"
"2019-10-10 14:37","FileTxnSnapLog.java","258987","224184","483171"
"2019-12-13 08:51","FileTxnSnapLog.java","263590","225825","489415"
"2020-01-23 16:46","FileTxnSnapLog.java","266804","225827","492631"
"2020-01-28 17:26","FileTxnSnapLog.java","267275","225827","493102"
"2018-06-08 16:52","FileTxnSnapLog.java","9441","1953","11394"
"2019-09-02 08:23","FileTxnSnapLog.java","255891","224184","480075"
"2019-07-31 19:06","FileTxnSnapLog.java","254541","224184","478725"
"2018-07-30 06:22","FileTxnSnapLog.java","32155","23012","55167"
"2020-01-30 09:43","FileTxnSnapLog.java","267351","225827","493178"
"2019-05-14 17:11","FileTxnSnapLog.java","239882","224165","464047"
"2019-05-21 23:34","FileTxnSnapLog.java","240204","224166","464370"
"2019-05-27 10:54","FileTxnSnapLog.java","240536","224166","464702"
"2018-02-23 23:49","FileTxnSnapLog.java","6648","1414","8062"
"2019-08-17 17:13","FileTxnSnapLog.java","255234","224184","479418"
"2018-02-14 21:23","FileTxnSnapLog.java","6458","1388","7846"
"2017-09-11 18:55","QuorumBase.java","137782","31585","169367"
"2012-04-23 01:20","QuorumBase.java","85474","24886","110360"
"2019-07-12 17:01","QuorumBase.java","252845","129610","382455"
"2012-12-11 08:42","QuorumBase.java","90845","25078","115923"
"2009-06-18 18:37","QuorumBase.java","6460","2045","8505"
"2019-08-17 17:13","QuorumBase.java","257532","129610","387142"
"2009-07-17 00:09","QuorumBase.java","16983","4477","21460"
"2019-08-01 07:31","QuorumBase.java","258203","129610","387813"
"2009-11-18 20:06","QuorumBase.java","32380","7456","39836"
"2018-08-08 06:21","QuorumBase.java","179846","63902","243748"
"2009-11-07 01:48","QuorumBase.java","24277","6971","31248"
"2009-12-15 23:23","QuorumBase.java","33225","7723","40948"
"2009-11-20 23:28","QuorumBase.java","32709","7506","40215"
"2009-09-16 02:09","QuorumBase.java","20183","5262","25445"
"2019-10-10 14:37","QuorumBase.java","261285","129610","390895"
"2010-03-13 01:06","QuorumBase.java","51675","13039","64714"
"2020-03-25 03:38","QuorumBase.java","270924","130217","401141"
"2014-07-18 19:46","QuorumBase.java","119382","27978","147360"
"2010-07-23 06:22","QuorumBase.java","68834","16384","85218"
"2011-05-20 01:17","QuorumBase.java","71528","21314","92842"
"2010-05-05 22:32","QuorumBase.java","54835","16180","71015"
"2010-08-18 08:24","QuorumBase.java","75423","17073","92496"
"2013-10-09 22:21","QuorumBase.java","103790","26169","129959"
"2010-03-31 06:26","QuorumBase.java","52840","13957","66797"
"2014-06-25 19:25","QuorumBase.java","114188","27780","141968"
"2011-04-12 09:14","QuorumBase.java","70679","21284","91963"
"2015-03-08 23:07","LeaderSessionTracker.java","6426","1501","7927"
"2019-10-10 14:37","LeaderSessionTracker.java","259904","210259","470163"
"2018-08-08 06:21","LeaderSessionTracker.java","108138","83371","191509"
"2019-08-17 17:13","LeaderSessionTracker.java","256151","210259","466410"
"2015-10-18 19:00","QuorumPeer.java","62694","17701","80395"
"2018-12-20 15:13","QuorumPeer.java","230152","175431","405583"
"2019-05-16 16:25","QuorumPeer.java","241458","175508","416966"
"2018-10-16 16:22","QuorumPeer.java","236173","156625","392798"
"2019-06-14 09:06","QuorumPeer.java","244657","175508","420165"
"2018-12-07 12:41","QuorumPeer.java","227166","175431","402597"
"2012-04-23 01:20","QuorumPeer.java","9059","4389","13448"
"2012-07-17 23:19","QuorumPeer.java","9884","4442","14326"
"2019-03-11 19:47","QuorumPeer.java","236599","175450","412049"
"2012-02-27 03:41","QuorumPeer.java","4400","1815","6215"
"2014-07-18 02:19","QuorumPeer.java","50975","15716","66691"
"2019-02-13 13:12","QuorumPeer.java","235548","175451","410999"
"2019-04-12 19:01","QuorumPeer.java","238466","175508","413974"
"2018-12-09 03:16","QuorumPeer.java","229240","175431","404671"
"2018-09-11 15:23","QuorumPeer.java","170675","108798","279473"
"2019-11-29 14:49","QuorumPeer.java","264521","176813","441334"
"2013-03-07 07:01","QuorumPeer.java","24142","7634","31776"
"2018-12-15 07:34","QuorumPeer.java","229155","175431","404586"
"2018-11-27 10:02","QuorumPeer.java","226916","175431","402347"
"2018-09-18 01:00","QuorumPeer.java","171990","108858","280848"
"2012-02-06 09:40","QuorumPeer.java","3775","1431","5206"
"2019-06-03 19:40","QuorumPeer.java","241990","175508","417498"
"2019-07-15 14:15","QuorumPeer.java","252078","175508","427586"
"2015-03-17 18:06","QuorumPeer.java","57556","16324","73880"
"2019-07-03 00:44","QuorumPeer.java","244672","175508","420180"
"2019-08-17 17:13","QuorumPeer.java","256659","175508","432167"
"2015-06-27 02:03","QuorumPeer.java","60543","16622","77165"
"2017-11-28 00:10","QuorumPeer.java","80213","26077","106290"
"2014-01-21 04:50","QuorumPeer.java","32301","8643","40944"
"2014-06-04 22:07","QuorumPeer.java","44437","14978","59415"
"2018-01-30 08:02","QuorumPeer.java","80652","26363","107015"
"2019-05-15 11:56","QuorumPeer.java","241413","175508","416921"
"2019-06-05 00:33","QuorumPeer.java","242380","175508","417888"
"2019-05-20 23:13","QuorumPeer.java","241531","175508","417039"
"2019-06-04 10:55","QuorumPeer.java","242143","175508","417651"
"2019-07-12 17:01","QuorumPeer.java","251972","175508","427480"
"2020-01-09 11:27","QuorumPeer.java","266067","176813","442880"
"2017-02-09 11:40","QuorumPeer.java","75085","22173","97258"
"2017-07-06 18:48","QuorumPeer.java","75711","25113","100824"
"2018-10-01 06:11","QuorumPeer.java","174732","109021","283753"
"2015-04-09 20:16","QuorumPeer.java","58635","16340","74975"
"2013-10-07 21:08","QuorumPeer.java","27558","8234","35792"
"2013-09-30 22:20","QuorumPeer.java","26979","8086","35065"
"2018-07-04 17:11","QuorumPeer.java","92115","34265","126380"
"2019-12-17 13:48","QuorumPeer.java","265093","176813","441906"
"2015-12-07 05:59","QuorumPeer.java","63678","17927","81605"
"2020-01-23 13:43","QuorumPeer.java","267891","176813","444704"
"2016-06-23 23:45","QuorumPeer.java","67545","20724","88269"
"2016-06-23 23:25","QuorumPeer.java","67438","20725","88163"
"2014-03-23 04:12","QuorumPeer.java","34789","8911","43700"
"2013-09-26 00:13","QuorumPeer.java","26715","8066","34781"
"2014-07-18 20:48","QuorumPeer.java","51470","15752","67222"
"2014-07-04 04:19","QuorumPeer.java","46124","15022","61146"
"2018-12-06 10:56","QuorumPeer.java","227110","175431","402541"
"2014-06-25 15:04","QuorumPeer.java","44942","14986","59928"
"2014-03-28 01:58","QuorumPeer.java","35222","8926","44148"
"2013-10-21 23:36","QuorumPeer.java","30494","8428","38922"
"2019-10-10 14:37","QuorumPeer.java","260412","175508","435920"
"2013-11-07 06:41","QuorumPeer.java","30996","8499","39495"
"2017-07-27 23:09","QuorumPeer.java","75173","25561","100734"
"2014-05-18 05:49","QuorumPeer.java","43932","14962","58894"
"2014-03-25 22:13","QuorumPeer.java","35037","8923","43960"
"2011-11-01 08:15","QuorumPeer.java","209","180","389"
"2018-06-26 11:18","QuorumPeer.java","84480","26648","111128"
"2018-07-27 12:32","QuorumPeer.java","103654","44604","148258"
"2019-04-18 19:17","QuorumPeer.java","239176","175508","414684"
"2013-10-09 22:21","QuorumPeer.java","30121","8418","38539"
"2016-12-20 14:47","QuorumPeer.java","73837","22060","95897"
"2017-05-11 16:59","QuorumPeer.java","74608","24877","99485"
"2014-07-03 06:01","QuorumPeer.java","45694","15014","60708"
"2014-08-14 08:08","QuorumPeer.java","52458","15879","68337"
"2014-08-01 07:38","QuorumPeer.java","52036","15878","67914"
"2014-07-20 04:50","QuorumPeer.java","51562","15782","67344"
"2016-06-02 00:59","QuorumPeer.java","67050","20706","87756"
"2020-02-16 10:25","QuorumPeer.java","268604","176813","445417"
"2015-02-06 06:17","PrepRequestProcessor.java","5359","1155","6514"
"2019-02-07 11:26","PrepRequestProcessor.java","234371","210694","445065"
"2019-09-11 10:27","PrepRequestProcessor.java","257503","210802","468305"
"2018-07-19 05:59","PrepRequestProcessor.java","58524","35784","94308"
"2017-09-11 18:55","PrepRequestProcessor.java","30189","15716","45905"
"2019-01-16 14:21","PrepRequestProcessor.java","232018","210693","442711"
"2017-06-01 05:45","PrepRequestProcessor.java","27636","13627","41263"
"2019-11-08 17:30","PrepRequestProcessor.java","261790","210831","472621"
"2016-11-13 20:59","PrepRequestProcessor.java","23840","8776","32616"
"2019-04-09 15:35","PrepRequestProcessor.java","236916","210714","447630"
"2019-04-17 14:16","PrepRequestProcessor.java","238203","210786","448989"
"2014-10-28 05:35","PrepRequestProcessor.java","3078","813","3891"
"2019-05-10 12:22","PrepRequestProcessor.java","240638","210786","451424"
"2017-06-26 00:16","PrepRequestProcessor.java","28216","13929","42145"
"2019-02-07 11:22","PrepRequestProcessor.java","234033","210694","444727"
"2016-11-16 06:21","PrepRequestProcessor.java","24424","8813","33237"
"2019-08-01 07:31","PrepRequestProcessor.java","256818","210802","467620"
"2019-06-26 10:57","PrepRequestProcessor.java","243997","210802","454799"
"2015-05-29 19:45","PrepRequestProcessor.java","9229","2234","11463"
"2016-10-07 21:51","PrepRequestProcessor.java","21390","8579","29969"
"2015-06-04 19:51","PrepRequestProcessor.java","10138","2378","12516"
"2019-08-17 17:13","PrepRequestProcessor.java","256147","210802","466949"
"2018-08-08 06:21","PrepRequestProcessor.java","107460","83240","190700"
"2018-05-09 23:57","PrepRequestProcessor.java","37894","16860","54754"
"2015-06-11 20:09","PrepRequestProcessor.java","10282","2396","12678"
"2019-12-27 22:33","PrepRequestProcessor.java","266269","212246","478515"
"2019-10-10 14:37","PrepRequestProcessor.java","259900","210802","470702"
"2020-03-25 03:38","PrepRequestProcessor.java","270377","212247","482624"
"2014-07-25 01:31","PrepRequestProcessor.java","271","82","353"
"2015-03-08 23:07","PrepRequestProcessor.java","5638","1260","6898"
"2018-06-15 07:41","PrepRequestProcessor.java","38857","17071","55928"
"2019-08-17 17:13","ByteBufferOutputStream.java","256761","179545","436306"
"2019-08-17 17:13","ObserverQuorumHammerTest.java","257015","167976","424991"
"2011-04-12 09:14","ObserverQuorumHammerTest.java","27920","17408","45328"
"2019-08-17 17:13","DelayRequestProcessor.java","63823","36481","100304"
"2017-11-15 22:33","CommitProcessor.java","48176","23299","71475"
"2019-08-17 17:13","CommitProcessor.java","256291","201018","457309"
"2019-07-30 02:31","CommitProcessor.java","254212","201018","455230"
"2016-05-15 23:31","CommitProcessor.java","36399","16042","52441"
"2019-08-03 08:42","CommitProcessor.java","256999","201018","458017"
"2019-04-09 15:35","CommitProcessor.java","237061","200931","437992"
"2019-04-25 02:11","CommitProcessor.java","239995","201002","440997"
"2019-01-07 14:24","CommitProcessor.java","231014","200911","431925"
"2015-03-08 23:07","CommitProcessor.java","24675","10369","35044"
"2014-07-15 23:54","CommitProcessor.java","15189","8760","23949"
"2020-03-25 03:38","CommitProcessor.java","270494","202436","472930"
"2019-10-10 14:37","CommitProcessor.java","260044","201018","461062"
"2019-11-11 13:55","CommitProcessor.java","262027","201046","463073"
"2019-12-27 22:33","CommitProcessor.java","266387","202436","468823"
"2020-01-23 13:43","QuorumPeerMainTest.java","126467","114937","241404"
"2019-10-10 14:37","QuorumPeerMainTest.java","116649","111293","227942"
"2019-12-28 16:17","QuorumPeerMainTest.java","124205","114017","238222"
"2019-07-25 21:41","QuorumPeerMainTest.java","96695","98609","195304"
"2019-08-17 17:13","QuorumPeerMainTest.java","111485","109882","221367"
"2019-07-02 07:34","QuorumPeerMainTest.java","86625","97079","183704"
"2019-05-20 17:18","QuorumPeerMainTest.java","81773","95379","177152"
"2019-07-29 17:15","CppGenerator.java","252786","224314","477100"
"2019-11-14 03:54","ServerCnxnFactory.java","264121","216193","480314"
"2019-11-11 13:59","ServerCnxnFactory.java","263522","216193","479715"
"2017-04-19 01:19","ServerCnxnFactory.java","21154","11930","33084"
"2018-10-24 04:03","ServerCnxnFactory.java","233441","195224","428665"
"2019-02-13 13:12","ServerCnxnFactory.java","234939","216074","451013"
"2017-10-07 21:22","ServerCnxnFactory.java","24102","14998","39100"
"2019-08-17 17:13","ServerCnxnFactory.java","256083","216164","472247"
"2019-06-07 14:13","ServerCnxnFactory.java","242186","216163","458349"
"2019-07-03 00:44","ServerCnxnFactory.java","244095","216163","460258"
"2015-03-28 20:08","ServerCnxnFactory.java","1038","49","1087"
"2016-05-02 18:15","ServerCnxnFactory.java","10792","6173","16965"
"2020-02-26 22:41","NettyServerCnxnFactory.java","59263","36622","95885"
"2019-10-10 14:37","NettyServerCnxnFactory.java","44915","29175","74090"
"2019-09-10 18:50","NettyServerCnxnFactory.java","41189","28085","69274"
"2019-11-14 03:54","NettyServerCnxnFactory.java","49448","29452","78900"
"2019-08-17 17:13","NettyServerCnxnFactory.java","38727","26740","65467"
"2019-11-23 17:08","NettyServerCnxnFactory.java","51297","34609","85906"
"2019-07-23 15:55","NettyServerCnxnFactory.java","9404","1409","10813"
"2019-08-03 08:42","NettyServerCnxnFactory.java","15997","3302","19299"
"2019-11-14 03:54","ServerCnxnFactory.java","264121","217182","481303"
"2019-11-11 13:59","ServerCnxnFactory.java","263522","217182","480704"
"2017-04-19 01:19","ServerCnxnFactory.java","20170","11935","32105"
"2018-10-24 04:03","ServerCnxnFactory.java","233441","196213","429654"
"2019-02-13 13:12","ServerCnxnFactory.java","234939","217063","452002"
"2017-10-07 21:22","ServerCnxnFactory.java","23133","15018","38151"
"2019-08-17 17:13","ServerCnxnFactory.java","256083","217153","473236"
"2019-06-07 14:13","ServerCnxnFactory.java","242186","217152","459338"
"2019-07-03 00:44","ServerCnxnFactory.java","244095","217152","461247"
"2016-05-02 18:15","ServerCnxnFactory.java","9794","6164","15958"
"2014-02-12 17:00","LearnerHandler.java","105957","27829","133786"
"2014-03-23 04:12","LearnerHandler.java","106447","27932","134379"
"2010-01-25 04:28","LearnerHandler.java","33271","7798","41069"
"2019-10-10 14:37","LearnerHandler.java","261253","132922","394175"
"2015-06-05 20:38","LearnerHandler.java","126198","29992","156190"
"2015-06-05 20:51","LearnerHandler.java","126225","29992","156217"
"2015-06-12 23:02","LearnerHandler.java","126330","29999","156329"
"2009-08-25 07:45","LearnerHandler.java","15001","3930","18931"
"2010-03-11 15:05","LearnerHandler.java","48783","13881","62664"
"2009-10-30 17:19","LearnerHandler.java","18467","5760","24227"
"2009-11-30 13:03","LearnerHandler.java","28572","6662","35234"
"2011-04-12 09:14","LearnerHandler.java","68582","22531","91113"
"2013-09-26 14:05","LearnerHandler.java","98938","27501","126439"
"2019-07-03 20:54","LearnerHandler.java","245494","132922","378416"
"2011-09-14 08:56","LearnerHandler.java","77894","21322","99216"
"2011-08-30 08:37","LearnerHandler.java","76585","21222","97807"
"2010-07-29 23:10","LearnerHandler.java","67215","17399","84614"
"2011-09-17 02:36","LearnerHandler.java","77894","23882","101776"
"2012-04-23 01:20","LearnerHandler.java","83713","26406","110119"
"2013-06-28 23:22","LearnerHandler.java","98509","27502","126011"
"2018-09-18 01:00","LearnerHandler.java","200266","84497","284763"
"2010-11-04 17:01","LearnerHandler.java","103368","18280","121648"
"2012-02-06 09:40","LearnerHandler.java","80805","25824","106629"
"2013-05-14 14:27","LearnerHandler.java","96641","27371","124012"
"2018-08-03 18:52","LearnerHandler.java","157488","45295","202783"
"2011-01-22 20:38","LearnerHandler.java","105913","18727","124640"
"2018-12-09 03:16","LearnerHandler.java","230114","132878","362992"
"2019-04-12 19:01","LearnerHandler.java","239307","132922","372229"
"2013-03-07 07:01","LearnerHandler.java","96497","27352","123849"
"2009-11-18 20:06","LearnerHandler.java","28188","6608","34796"
"2017-11-28 00:10","LearnerHandler.java","140360","33587","173947"
"2019-06-29 00:33","LearnerHandler.java","245487","132922","378409"
"2013-05-11 15:35","LearnerHandler.java","96545","27352","123897"
"2019-07-25 21:41","LearnerHandler.java","253983","132922","386905"
"2019-08-23 19:43","LearnerHandler.java","258166","132922","391088"
"2019-08-17 17:13","LearnerHandler.java","257500","132922","390422"
"2009-06-18 18:37","LearnerHandler.java","1657","586","2243"
"2009-06-26 22:29","LearnerHandler.java","11691","3057","14748"
"2017-06-26 00:16","LearnerHandler.java","136143","33413","169556"
"2017-08-03 20:28","LearnerHandler.java","135815","33437","169252"
"2012-07-29 07:02","LearnerHandler.java","85139","26429","111568"
"2019-05-06 17:48","LearnerHandler.java","241813","132922","374735"
"2019-08-03 08:42","LearnerHandler.java","258208","132922","391130"
"2019-04-22 19:15","LearnerHandler.java","240282","132922","373204"
"2011-06-14 07:14","LearnerHandler.java","70641","22640","93281"
"2020-03-26 18:41","ZooKeeperMain.java","270846","219529","490375"
"2016-10-16 14:21","ZooKeeperMain.java","85454","66723","152177"
"2011-05-20 01:17","ZooKeeperMain.java","4012","43191","47203"
"2011-04-12 09:14","ZooKeeperMain.java","3022","43020","46042"
"2020-04-01 17:02","ZooKeeperMain.java","271170","219529","490699"
"2013-10-01 23:18","ZooKeeperMain.java","44687","55698","100385"
"2019-10-10 14:37","ZooKeeperMain.java","260738","218456","479194"
"2015-11-22 00:33","ZooKeeperMain.java","80252","64594","144846"
"2020-03-26 22:19","ZooKeeperMain.java","270915","219529","490444"
"2011-08-18 22:05","ZooKeeperMain.java","13698","44423","58121"
"2011-05-16 19:39","ZooKeeperMain.java","3539","43146","46685"
"2015-11-08 22:54","ZooKeeperMain.java","79914","64549","144463"
"2016-07-27 01:33","ZooKeeperMain.java","83461","66278","149739"
"2014-04-04 00:39","ZooKeeperMain.java","53223","56415","109638"
"2019-11-28 12:24","ZooKeeperMain.java","262964","219529","482493"
"2016-11-13 20:59","ZooKeeperMain.java","87677","66741","154418"
"2019-08-03 08:42","ZooKeeperMain.java","257693","218456","476149"
"2012-03-18 07:03","ZooKeeperMain.java","26474","52887","79361"
"2017-07-28 00:36","ZooKeeperMain.java","89458","69676","159134"
"2016-05-02 18:15","ZooKeeperMain.java","82148","66231","148379"
"2015-03-28 20:08","ZooKeeperMain.java","75624","63337","138961"
"2019-08-17 17:13","ZooKeeperMain.java","256985","218456","475441"
"2013-09-02 23:04","ZooKeeperMain.java","43775","55546","99321"
"2018-08-06 14:11","ZooKeeperMain.java","116938","87210","204148"
"2019-10-10 14:37","ObserverMaster.java","45059","29293","74352"
"2019-11-29 14:49","ObserverMaster.java","53648","35078","88726"
"2019-08-17 17:13","ObserverMaster.java","38871","26858","65729"
"2019-07-25 21:41","ObserverMaster.java","10602","2106","12708"
"2019-11-28 12:24","DataTree.java","262319","224879","487198"
"2019-10-10 14:37","DataTree.java","259580","223293","482873"
"2019-12-27 22:33","DataTree.java","266092","224880","490972"
"2019-11-11 13:59","DataTree.java","263285","223341","486626"
"2018-07-10 13:29","DataTree.java","28806","19543","48349"
"2018-09-28 23:38","DataTree.java","125229","108140","233369"
"2019-11-08 17:30","DataTree.java","261489","223341","484830"
"2019-01-30 16:28","DataTree.java","232820","223175","455995"
"2019-01-30 17:02","DataTree.java","233364","223175","456539"
"2016-11-24 17:18","DataTree.java","3707","886","4593"
"2017-09-11 18:55","DataTree.java","9624","7962","17586"
"2017-02-05 07:22","DataTree.java","5597","1337","6934"
"2019-02-07 11:26","DataTree.java","234042","223176","457218"
"2018-09-04 11:54","DataTree.java","119301","107296","226597"
"2018-09-05 22:35","DataTree.java","119576","107315","226891"
"2018-12-20 15:17","DataTree.java","229308","223174","452482"
"2019-09-10 09:53","DataTree.java","256876","223293","480169"
"2019-04-12 19:01","DataTree.java","237615","223274","460889"
"2019-07-31 19:06","DataTree.java","255134","223293","478427"
"2019-09-11 10:27","DataTree.java","257183","223293","480476"
"2019-08-01 07:31","DataTree.java","256498","223293","479791"
"2019-08-17 17:13","DataTree.java","255827","223293","479120"
"2019-09-10 15:21","DataTree.java","256870","223293","480163"
"2017-06-18 19:23","DataTree.java","7395","6047","13442"
"2019-04-12 12:29","DataTree.java","237184","223274","460458"
"2019-08-03 08:42","DataTree.java","256535","223293","479828"
"2019-08-09 16:15","DataTree.java","257283","223293","480576"
"2016-11-13 20:59","DataTree.java","2518","265","2783"
"2019-04-29 16:49","DataTree.java","239645","223274","462919"
"2019-11-14 03:54","LocalPeerMXBean.java","12030","4021","16051"
"2019-07-29 17:15","CppGenerator.java","252876","225563","478439"
"2017-09-11 18:55","CppGenerator.java","6182","7341","13523"
"2019-11-08 17:30","Request.java","262055","187242","449297"
"2019-01-16 14:21","Request.java","232295","187116","419411"
"2019-04-25 02:11","Request.java","240117","187198","427315"
"2019-07-08 23:26","Request.java","245189","187214","432403"
"2015-02-06 06:17","Request.java","40332","12274","52606"
"2013-03-07 07:01","Request.java","6034","1478","7512"
"2019-02-07 11:26","Request.java","234648","187117","421765"
"2019-08-06 17:11","Request.java","257514","187214","444728"
"2019-08-01 07:28","Request.java","256594","187214","443808"
"2019-06-26 10:57","Request.java","244263","187214","431477"
"2014-01-24 07:18","Request.java","16490","3201","19691"
"2016-10-07 21:51","Request.java","55150","18485","73635"
"2015-06-04 19:51","Request.java","44529","12915","57444"
"2019-08-17 17:13","Request.java","256413","187214","443627"
"2019-04-17 14:16","Request.java","238469","187198","425667"
"2019-05-03 00:44","Request.java","240394","187198","427592"
"2019-06-05 00:46","Request.java","242273","187214","429487"
"2019-05-10 12:22","Request.java","240904","187198","428102"
"2020-03-25 03:38","Request.java","270543","188559","459102"
"2019-09-20 10:06","Request.java","259276","187214","446490"
"2019-09-16 23:26","Request.java","259432","187214","446646"
"2019-12-27 22:33","Request.java","266436","188559","454995"
"2019-11-11 13:59","Request.java","263851","187242","451093"
"2014-04-29 02:23","Request.java","26547","9993","36540"
"2013-10-09 22:21","Request.java","12635","2884","15519"
"2020-05-05 21:20","Request.java","271574","188559","460133"
"2019-11-29 14:49","QuorumCnxManager.java","264148","212227","476375"
"2018-07-11 06:04","QuorumCnxManager.java","47532","25430","72962"
"2018-08-06 14:11","QuorumCnxManager.java","59937","36062","95999"
"2018-10-16 16:22","QuorumCnxManager.java","234776","191015","425791"
"2019-06-14 09:06","QuorumCnxManager.java","244145","210783","454928"
"2019-08-03 08:42","QuorumCnxManager.java","256855","210783","467638"
"2019-11-13 20:41","QuorumCnxManager.java","263895","210812","474707"
"2019-04-09 16:08","QuorumCnxManager.java","236915","210695","447610"
"2019-08-06 12:52","QuorumCnxManager.java","257120","210783","467903"
"2017-02-09 11:40","QuorumCnxManager.java","27007","9882","36889"
"2019-05-20 23:13","QuorumCnxManager.java","241003","210767","451770"
"2015-04-09 20:16","QuorumCnxManager.java","7946","1438","9384"
"2017-08-23 02:16","QuorumCnxManager.java","30007","15578","45585"
"2019-07-27 20:04","QuorumCnxManager.java","252678","210783","463461"
"2015-05-29 23:46","QuorumCnxManager.java","9263","2239","11502"
"2015-05-14 07:10","QuorumCnxManager.java","8741","2013","10754"
"2020-03-12 14:47","QuorumCnxManager.java","269535","212228","481763"
"2019-08-17 17:13","QuorumCnxManager.java","256147","210783","466930"
"2017-11-28 00:10","QuorumCnxManager.java","34501","16152","50653"
"2019-10-10 14:37","QuorumCnxManager.java","259900","210783","470683"
"2014-07-23 19:36","QuorumCnxManager.java","91","16","107"
"2017-06-09 18:37","QuorumCnxManager.java","27923","13790","41713"
"2020-01-23 13:43","QuorumCnxManager.java","267519","212228","479747"
"2019-11-28 12:24","QuorumCnxManager.java","262497","212227","474724"
"2016-06-08 17:43","QuorumCnxManager.java","18022","7466","25488"
"2020-03-23 16:20","QuorumCnxManager.java","269706","212228","481934"
"2020-02-16 10:25","QuorumCnxManager.java","268232","212228","480460"
"2018-07-27 12:32","QuorumCnxManager.java","59120","35857","94977"
"2015-07-07 07:11","SetTest.java","83925","35426","119351"
"2011-04-12 09:14","SetTest.java","10270","15865","26135"
"2019-08-17 17:13","StatResetCommand.java","255075","228915","483990"
"2019-10-10 14:37","Observer.java","45023","29213","74236"
"2019-12-27 22:33","Observer.java","55884","35149","91033"
"2019-07-15 14:15","Observer.java","8572","1096","9668"
"2019-08-23 19:43","Observer.java","39503","26780","66283"
"2019-08-17 17:13","Observer.java","38835","26778","65613"
"2018-02-07 01:05","LeaderBean.java","120651","36077","156728"
"2018-07-12 01:33","LeaderBean.java","131241","43600","174841"
"2019-07-25 21:41","LeaderBean.java","253516","157928","411444"
"2019-08-17 17:13","LeaderBean.java","257033","157928","414961"
"2019-01-07 14:55","LeaderBean.java","231866","157870","389736"
"2012-02-27 03:41","LeaderBean.java","57331","25163","82494"
"2018-08-17 14:40","LeaderBean.java","167598","77661","245259"
"2016-12-20 14:47","LeaderBean.java","115523","34163","149686"
"2019-12-03 10:01","CommandsTest.java","2477","575","3052"
"2019-11-29 14:49","CommandsTest.java","2428","572","3000"
"2019-10-10 14:37","FLENewEpochTest.java","7470","3717","11187"
"2010-03-13 01:06","ObserverHierarchicalQuorumTest.java","24575","10863","35438"
"2011-04-12 09:14","ObserverHierarchicalQuorumTest.java","46141","21670","67811"
"2019-08-17 17:13","ObserverHierarchicalQuorumTest.java","257187","154189","411376"
"2019-04-12 19:01","WatchManager.java","237947","202789","440736"
"2014-07-18 02:19","WatchManager.java","9178","1719","10897"
"2017-09-11 18:55","WatchManager.java","39011","16532","55543"
"2019-03-05 00:04","WatchManager.java","235774","202715","438489"
"2019-11-08 17:30","WatchManager.java","261798","202833","464631"
"2019-08-17 17:13","WatchManager.java","256156","202805","458961"
"2018-09-28 23:38","WatchManager.java","149966","112060","262026"
"2014-04-29 02:23","WatchManager.java","770","64","834"
"2019-08-17 17:13","NettyNettySuiteHammerTest.java","256104","214757","470861"
"2015-07-07 07:11","ExistsTest.java","99820","33962","133782"
"2010-08-17 09:24","ExistsTest.java","19284","1868","21152"
"2011-04-12 09:14","ExistsTest.java","27319","15498","42817"
"2016-12-22 23:23","DumpCommand.java","14721","6524","21245"
"2019-08-17 17:13","DumpCommand.java","255967","218737","474704"
"2018-09-15 00:08","ZooKeeperServer.java","226633","44741","271374"
"2019-04-12 19:01","ZooKeeperServer.java","239657","57537","297194"
"2019-07-31 19:06","ZooKeeperServer.java","257157","57537","314694"
"2019-09-11 10:27","ZooKeeperServer.java","259206","57537","316743"
"2019-01-14 19:38","ZooKeeperServer.java","233127","57522","290649"
"2019-01-07 15:34","ZooKeeperServer.java","232728","57522","290250"
"2008-08-16 00:02","ZooKeeperServer.java","1060","910","1970"
"2018-11-21 17:56","ZooKeeperServer.java","225925","57522","283447"
"2012-01-31 07:45","ZooKeeperServer.java","137471","16113","153584"
"2017-04-28 07:14","ZooKeeperServer.java","189074","19100","208174"
"2011-08-19 00:05","ZooKeeperServer.java","134142","13370","147512"
"2017-02-12 00:12","ZooKeeperServer.java","188172","19097","207269"
"2014-07-18 02:19","ZooKeeperServer.java","173334","18662","191996"
"2013-12-11 19:22","ZooKeeperServer.java","159740","17230","176970"
"2019-02-13 13:12","ZooKeeperServer.java","236781","57522","294303"
"2012-02-11 00:34","ZooKeeperServer.java","138094","16151","154245"
"2016-11-24 17:18","ZooKeeperServer.java","189897","19046","208943"
"2018-07-19 05:59","ZooKeeperServer.java","197931","19972","217903"
"2018-09-18 01:00","ZooKeeperServer.java","227322","44777","272099"
"2008-10-07 20:51","ZooKeeperServer.java","19647","3377","23024"
"2019-03-04 08:07","ZooKeeperServer.java","237358","57522","294880"
"2019-07-08 23:26","ZooKeeperServer.java","246626","57537","304163"
"2019-01-23 14:00","ZooKeeperServer.java","234562","57522","292084"
"2019-02-13 13:19","ZooKeeperServer.java","237067","57522","294589"
"2019-05-14 17:11","ZooKeeperServer.java","242517","57537","300054"
"2009-01-15 23:57","ZooKeeperServer.java","40656","7947","48603"
"2013-01-25 02:17","ZooKeeperServer.java","148440","16918","165358"
"2015-07-10 08:19","ZooKeeperServer.java","182444","18785","201229"
"2008-10-03 15:06","ZooKeeperServer.java","18685","3335","22020"
"2009-02-20 01:23","ZooKeeperServer.java","55109","8774","63883"
"2009-02-06 22:19","ZooKeeperServer.java","54903","8708","63611"
"2019-06-04 10:55","ZooKeeperServer.java","243334","57537","300871"
"2011-06-14 07:14","ZooKeeperServer.java","136780","13044","149824"
"2009-02-27 20:00","ZooKeeperServer.java","55141","8780","63921"
"2019-04-09 15:35","ZooKeeperServer.java","238692","57522","296214"
"2019-08-03 08:42","ZooKeeperServer.java","258558","57537","316095"
"2019-05-15 11:56","ZooKeeperServer.java","242604","57537","300141"
"2019-05-22 11:39","ZooKeeperServer.java","243050","57537","300587"
"2019-04-22 19:15","ZooKeeperServer.java","240632","57537","298169"
"2018-02-23 23:49","ZooKeeperServer.java","193992","19244","213236"
"2016-11-16 06:21","ZooKeeperServer.java","189753","18923","208676"
"2012-12-19 19:07","ZooKeeperServer.java","147359","16875","164234"
"2017-08-18 06:32","ZooKeeperServer.java","188733","19219","207952"
"2009-01-16 00:48","ZooKeeperServer.java","40827","8099","48926"
"2017-06-26 00:16","ZooKeeperServer.java","188720","19214","207934"
"2009-02-02 23:26","ZooKeeperServer.java","52754","8638","61392"
"2019-09-10 04:26","ZooKeeperServer.java","258895","57537","316432"
"2019-08-17 17:13","ZooKeeperServer.java","257850","57537","315387"
"2019-09-05 23:12","ZooKeeperServer.java","258769","57537","316306"
"2019-09-10 15:21","ZooKeeperServer.java","258893","57537","316430"
"2009-05-20 20:48","ZooKeeperServer.java","81976","9424","91400"
"2009-06-15 22:52","ZooKeeperServer.java","85456","9721","95177"
"2019-08-01 07:31","ZooKeeperServer.java","258521","57537","316058"
"2019-08-01 07:28","ZooKeeperServer.java","258031","57537","315568"
"2019-06-03 19:40","ZooKeeperServer.java","243181","57537","300718"
"2015-03-17 18:06","ZooKeeperServer.java","179397","18752","198149"
"2019-11-23 17:08","ZooKeeperServer.java","262864","57850","320714"
"2019-10-09 16:49","ZooKeeperServer.java","261436","57537","318973"
"2019-07-03 00:44","ZooKeeperServer.java","245863","57537","303400"
"2018-01-19 01:12","ZooKeeperServer.java","192943","19237","212180"
"2019-07-24 18:00","ZooKeeperServer.java","254305","57537","311842"
"2013-05-16 18:49","ZooKeeperServer.java","153216","17144","170360"
"2018-08-08 06:21","ZooKeeperServer.java","208053","28614","236667"
"2018-05-09 23:57","ZooKeeperServer.java","195524","19271","214795"
"2009-11-07 01:48","ZooKeeperServer.java","100830","11133","111963"
"2009-12-18 03:19","ZooKeeperServer.java","109613","11446","121059"
"2010-01-26 01:17","ZooKeeperServer.java","113306","11689","124995"
"2019-12-27 22:33","ZooKeeperServer.java","266841","57850","324691"
"2016-08-13 15:01","ZooKeeperServer.java","185781","18852","204633"
"2018-09-11 00:17","ZooKeeperServer.java","225082","44739","269821"
"2019-11-18 09:05","ZooKeeperServer.java","261307","57850","319157"
"2019-10-10 14:37","ZooKeeperServer.java","261603","57537","319140"
"2019-09-16 23:26","ZooKeeperServer.java","260869","57537","318406"
"2013-10-08 01:35","ZooKeeperServer.java","156079","17203","173282"
"2017-06-23 18:39","ZooKeeperServer.java","188739","19213","207952"
"2009-08-07 01:23","ZooKeeperServer.java","95771","10043","105814"
"2011-12-28 07:07","ZooKeeperServer.java","137121","16102","153223"
"2019-12-03 10:01","ZooKeeperServer.java","264766","57850","322616"
"2020-03-25 03:38","ZooKeeperServer.java","270948","57850","328798"
"2010-03-12 19:26","ZooKeeperServer.java","122799","11783","134582"
"2019-11-28 12:24","ZooKeeperServer.java","263069","57850","320919"
"2019-11-06 15:21","ZooKeeperServer.java","261819","57537","319356"
"2011-05-20 01:17","ZooKeeperServer.java","135641","13036","148677"
"2010-07-29 23:10","ZooKeeperServer.java","137719","12168","149887"
"2011-09-17 02:36","ZooKeeperServer.java","136703","15915","152618"
"2020-04-12 11:14","ZooKeeperServer.java","271701","57850","329551"
"2011-09-14 08:56","ZooKeeperServer.java","136783","13435","150218"
"2011-08-21 02:53","ZooKeeperServer.java","134170","13370","147540"
"2010-08-18 08:24","ZooKeeperServer.java","143198","12457","155655"
"2013-10-09 22:21","ZooKeeperServer.java","158346","17230","175576"
"2008-10-22 01:49","ZooKeeperServer.java","30551","3462","34013"
"2008-12-02 01:13","ZooKeeperServer.java","36745","4308","41053"
"2008-10-01 08:26","ZooKeeperServer.java","17980","2895","20875"
"2015-03-08 23:07","ZooKeeperServer.java","178350","18753","197103"
"2018-06-08 16:52","ZooKeeperServer.java","196273","19271","215544"
"2018-06-15 07:41","ZooKeeperServer.java","196289","19284","215573"
"2018-07-28 04:37","ZooKeeperServer.java","198511","19976","218487"
"2019-04-18 19:17","ZooKeeperServer.java","240367","57537","297904"
"2012-03-15 17:47","ZooKeeperServer.java","139135","16158","155293"
"2014-03-25 22:13","ZooKeeperServer.java","162833","17306","180139"
"2011-04-12 09:14","ZooKeeperServer.java","134793","13007","147800"
"2019-09-18 11:20","MultiOperationTest.java","5204","2292","7496"
"2019-04-10 13:19","FileSnap.java","238978","72482","311460"
"2019-07-31 19:06","FileSnap.java","257017","72482","329499"
"2020-01-30 09:43","FileSnap.java","268637","72935","341572"
"2008-10-21 19:30","FileSnap.java","15321","3720","19041"
"2008-10-21 20:45","FileSnap.java","15335","3722","19057"
"2008-10-21 06:26","FileSnap.java","15299","3705","19004"
"2010-03-12 23:36","FileSnap.java","109693","13702","123395"
"2019-05-27 10:54","FileSnap.java","243030","72482","315512"
"2017-06-26 00:07","FileSnap.java","178449","20815","199264"
"2009-01-31 02:18","FileSnap.java","37514","9076","46590"
"2017-08-18 06:32","FileSnap.java","178487","20851","199338"
"2019-08-17 17:13","FileSnap.java","257710","72482","330192"
"2009-04-17 20:11","FileSnap.java","43493","10430","53923"
"2018-02-14 21:23","FileSnap.java","183638","20932","204570"
"2019-12-03 19:12","FileSnap.java","264778","72935","337713"
"2019-12-27 22:33","FileSnap.java","266841","72935","339776"
"2019-10-10 14:37","FileSnap.java","261463","72482","333945"
"2020-01-28 17:26","FileSnap.java","268561","72935","341496"
"2011-04-12 09:14","FileSnap.java","122033","15332","137365"
"2017-01-23 02:13","FileSnap.java","180802","20447","201249"
"2020-05-21 14:13","ZKHostnameVerifier.java","25582","14506","40088"
"2020-02-16 10:25","QuorumKerberosAuthTest.java","267491","229836","497327"
"2019-11-29 14:49","QuorumKerberosAuthTest.java","263406","229834","493240"
"2020-01-22 11:08","QuorumKerberosAuthTest.java","265294","229836","495130"
"2019-08-17 17:13","QuorumKerberosAuthTest.java","255079","228064","483143"
"2010-03-13 01:06","FLENewEpochTest.java","47712","13491","61203"
"2019-10-10 14:37","FLENewEpochTest.java","261253","133993","395246"
"2011-04-12 09:14","FLENewEpochTest.java","67194","22214","89408"
"2010-03-31 06:26","FLENewEpochTest.java","49016","14548","63564"
"2009-07-17 00:09","FLENewEpochTest.java","10922","2831","13753"
"2019-08-17 17:13","FLENewEpochTest.java","257500","133993","391493"
"2019-10-10 14:37","ClientCnxnSocket.java","258601","231755","490356"
"2018-11-22 17:56","ClientCnxnSocket.java","223394","231604","454998"
"2019-08-17 17:13","ClientCnxnSocket.java","254847","231754","486601"
"2019-04-09 15:35","ClientCnxnSocket.java","235588","231638","467226"
"2019-11-14 03:54","ServerCnxnFactory.java","263944","220635","484579"
"2019-11-11 13:59","ServerCnxnFactory.java","263345","220635","483980"
"2017-04-19 01:19","ServerCnxnFactory.java","11008","6403","17411"
"2018-10-24 04:03","ServerCnxnFactory.java","232742","199144","431886"
"2019-02-13 13:12","ServerCnxnFactory.java","234736","220490","455226"
"2017-10-07 21:22","ServerCnxnFactory.java","13983","9498","23481"
"2019-08-17 17:13","ServerCnxnFactory.java","255887","220587","476474"
"2019-06-07 14:13","ServerCnxnFactory.java","241990","220586","462576"
"2019-07-03 00:44","ServerCnxnFactory.java","243899","220586","464485"
"2013-05-11 14:51","FLETest.java","136465","18149","154614"
"2019-10-10 14:37","FLETest.java","261463","80532","341995"
"2013-10-21 23:36","FLETest.java","142092","18256","160348"
"2013-10-02 20:19","FLETest.java","138949","18224","157173"
"2010-03-13 01:06","FLETest.java","101432","13540","114972"
"2014-06-25 15:04","FLETest.java","151369","19643","171012"
"2010-03-31 06:26","FLETest.java","102212","14073","116285"
"2011-09-17 02:13","FLETest.java","119674","16501","136175"
"2016-06-02 00:59","FLETest.java","168210","20096","188306"
"2011-04-12 09:14","FLETest.java","114008","15357","129365"
"2011-12-23 20:46","FLETest.java","120231","16933","137164"
"2011-04-29 18:12","FLETest.java","114363","15377","129740"
"2017-09-11 18:55","FLETest.java","173049","21000","194049"
"2012-04-23 01:20","FLETest.java","123665","17225","140890"
"2009-07-17 00:09","FLETest.java","72945","11183","84128"
"2009-06-18 18:37","FLETest.java","64439","10768","75207"
"2009-06-03 07:14","FLETest.java","62065","10634","72699"
"2019-08-17 17:13","FLETest.java","257710","80532","338242"
"2019-10-10 14:37","ZooKeeperServerStartupTest.java","7470","3717","11187"
"2019-01-22 06:43","DistributedQueue.java","232933","178340","411273"
"2017-09-11 18:55","DistributedQueue.java","88187","27844","116031"
"2019-08-03 08:42","DistributedQueue.java","257640","178405","436045"
"2019-10-10 14:37","DistributedQueue.java","260685","178405","439090"
"2019-08-27 09:23","DistributedQueue.java","257525","178405","435930"
"2019-10-10 14:37","ObserverZooKeeperServer.java","56995","32188","89183"
"2019-06-04 10:55","ObserverZooKeeperServer.java","8296","1758","10054"
"2019-08-17 17:13","ObserverZooKeeperServer.java","51153","30099","81252"
"2019-06-03 19:40","ObserverZooKeeperServer.java","8001","1616","9617"
"2017-09-11 18:55","QuorumBase.java","36171","16382","52553"
"2019-07-12 17:01","QuorumBase.java","251467","205493","456960"
"2019-08-17 17:13","QuorumBase.java","256154","205493","461647"
"2019-08-01 07:31","QuorumBase.java","256825","205493","462318"
"2018-08-08 06:21","QuorumBase.java","113115","83579","196694"
"2019-10-10 14:37","QuorumBase.java","259907","205493","465400"
"2020-03-25 03:38","QuorumBase.java","270379","206933","477312"
"2014-07-18 19:46","QuorumBase.java","6359","1363","7722"
"2019-12-27 22:33","LeaderBeanTest.java","71275","37488","108763"
"2019-08-17 17:13","LeaderBeanTest.java","54988","29879","84867"
"2016-05-02 18:15","WatcherTest.java","122997","33967","156964"
"2019-08-17 17:13","WatcherTest.java","257484","144483","401967"
"2013-02-19 08:55","WatcherTest.java","84768","29089","113857"
"2017-02-16 01:16","WatcherTest.java","128422","35566","163988"
"2011-04-12 09:14","WatcherTest.java","56963","22489","79452"
"2010-07-05 20:20","WatcherTest.java","51313","16504","67817"
"2011-09-17 02:13","WatcherTest.java","68732","24150","92882"
"2019-09-18 11:20","WatcherTest.java","260396","144483","404879"
"2020-03-19 17:09","Learner.java","269947","178752","448699"
"2013-10-09 22:21","Learner.java","27002","7244","34246"
"2020-02-03 04:30","Learner.java","268442","178752","447194"
"2020-01-23 13:43","Learner.java","267885","178752","446637"
"2017-07-04 07:39","Learner.java","72924","24543","97467"
"2020-03-25 03:38","Learner.java","270743","178752","449495"
"2015-03-15 08:54","Learner.java","53799","15448","69247"
"2019-11-28 12:24","Learner.java","262864","178752","441616"
"2019-12-27 22:33","Learner.java","266636","178752","445388"
"2020-01-25 18:48","Learner.java","268075","178752","446827"
"2020-05-03 19:43","Learner.java","271679","178752","450431"
"2016-08-13 15:01","Learner.java","65897","20326","86223"
"2013-10-21 23:36","Learner.java","27375","7254","34629"
"2019-10-10 14:37","Learner.java","260403","177444","437847"
"2015-01-25 01:22","Learner.java","53154","15294","68448"
"2019-06-03 19:40","Learner.java","241981","177444","419425"
"2015-03-17 18:06","Learner.java","54831","15544","70375"
"2019-07-15 14:15","Learner.java","252069","177444","429513"
"2019-08-23 19:43","Learner.java","257316","177444","434760"
"2016-09-08 22:59","Learner.java","66397","20578","86975"
"2019-08-17 17:13","Learner.java","256650","177444","434094"
"2017-11-28 00:10","Learner.java","77714","25523","103237"
"2014-03-12 23:57","Learner.java","31338","7693","39031"
"2018-05-09 00:54","Learner.java","80399","26080","106479"
"2019-04-09 15:35","Learner.java","237449","177386","414835"
"2019-07-12 17:01","Learner.java","251963","177444","429407"
"2017-07-06 18:48","Learner.java","73203","24550","97753"
"2013-10-07 21:08","Learner.java","24388","7009","31397"
"2017-08-18 06:32","Learner.java","73240","25084","98324"
"2019-07-02 07:34","Learner.java","244593","177444","422037"
"2018-10-16 16:22","Learner.java","236042","158439","394481"
"2014-07-18 02:19","Learner.java","48238","14924","63162"
"2017-02-12 00:12","Learner.java","71101","23384","94485"
"2018-12-09 03:16","Learner.java","229229","177365","406594"
"2013-03-07 07:01","Learner.java","20907","6344","27251"
"2019-11-29 14:49","Learner.java","264515","178752","443267"
"2018-11-27 10:02","Learner.java","226905","177365","404270"
"2018-08-06 14:11","Learner.java","102006","44289","146295"
"2019-06-03 19:40","DigestAuthenticationProvider.java","242316","187413","429729"
"2019-08-17 17:13","DigestAuthenticationProvider.java","256985","187413","444398"
"2019-11-11 13:59","DigestAuthenticationProvider.java","264395","187413","451808"
"2020-05-17 15:13","ClientCnxnSocketFragilityTest.java","8483","6273","14756"
"2020-02-16 10:25","QuorumDigestAuthTest.java","22565","11925","34490"
"2019-11-29 14:49","QuorumDigestAuthTest.java","16330","9773","26103"
"2008-10-22 01:49","StatTest.java","13229","2410","15639"
"2010-03-31 06:26","StatTest.java","108419","13415","121834"
"2019-08-17 17:13","StatTest.java","257710","73667","331377"
"2019-08-17 17:13","QuorumPeerConfigTest.java","255925","219518","475443"
"2018-07-04 17:11","QuorumPeerConfigTest.java","36738","23632","60370"
"2018-09-22 06:43","QuorumPeerConfigTest.java","129389","110967","240356"
"2018-10-16 16:22","QuorumPeerConfigTest.java","233387","198583","431970"
"2018-12-15 07:34","QuorumPeerConfigTest.java","228385","219405","447790"
"2019-04-18 19:17","QuorumPeerConfigTest.java","238424","219500","457924"
"2020-05-14 18:18","QuorumPeerConfigTest.java","271373","221101","492474"
"2015-10-28 22:54","QuorumPeerConfigTest.java","391","139","530"
"2016-06-23 19:42","QuorumPeerConfigTest.java","5760","4066","9826"
"2019-06-07 14:13","SessionTest.java","243594","142905","386499"
"2019-08-17 17:13","SessionTest.java","257490","142905","400395"
"2017-09-11 18:55","SessionTest.java","131180","36271","167451"
"2010-11-04 17:01","SessionTest.java","93182","18087","111269"
"2018-09-22 06:48","SessionTest.java","196428","88597","285025"
"2011-10-25 08:09","SessionTest.java","70744","26274","97018"
"2010-08-17 09:24","SessionTest.java","59080","17427","76507"
"2011-04-12 09:14","SessionTest.java","58941","22883","81824"
"2010-03-31 06:26","SessionTest.java","40094","14548","54642"
"2010-08-18 08:24","SessionTest.java","62940","17927","80867"
"2010-10-21 02:44","SessionTest.java","93070","18081","111151"
"2010-08-05 09:09","SessionTest.java","57011","17134","74145"
"2013-12-21 22:05","SessionTest.java","98133","30097","128230"
"2010-03-12 19:26","SessionTest.java","38350","13062","51412"
"2019-10-10 14:37","SessionTest.java","261243","142905","404148"
"2015-07-07 07:11","SessionTest.java","121287","32558","153845"
"2019-12-28 16:17","SessionTest.java","266715","143545","410260"
"2009-09-16 02:09","SessionTest.java","2795","1211","4006"
"2010-01-26 03:22","SessionTest.java","21560","5532","27092"
"2019-08-17 17:13","MaxCnxnsTest.java","257015","167976","424991"
"2013-12-21 22:05","MaxCnxnsTest.java","72367","28511","100878"
"2011-09-17 02:13","MaxCnxnsTest.java","42411","20558","62969"
"2019-01-23 14:00","NettyServerCnxn.java","148704","156532","305236"
"2019-02-18 17:05","NettyServerCnxn.java","151332","156628","307960"
"2019-02-12 15:25","NettyServerCnxn.java","150812","156542","307354"
"2019-04-12 19:01","NettyServerCnxn.java","154074","156822","310896"
"2018-11-22 17:56","NettyServerCnxn.java","134337","150195","284532"
"2018-10-24 04:03","NettyServerCnxn.java","130863","117120","247983"
"2018-11-17 18:33","NettyServerCnxn.java","133712","150192","283904"
"2019-01-14 19:38","NettyServerCnxn.java","147211","156474","303685"
"2019-08-17 17:13","NettyServerCnxn.java","174218","158773","332991"
"2019-07-03 00:44","NettyServerCnxn.java","161560","158102","319662"
"2019-11-23 17:08","NettyServerCnxn.java","182111","161965","344076"
"2019-07-23 15:55","NettyServerCnxn.java","169556","158103","327659"
"2019-05-06 18:32","NettyServerCnxn.java","156639","156840","313479"
"2019-04-22 19:15","NettyServerCnxn.java","155049","156822","311871"
"2019-08-03 08:42","NettyServerCnxn.java","174905","158752","333657"
"2019-11-18 09:05","NettyServerCnxn.java","180358","161769","342127"
"2019-11-21 05:58","NettyServerCnxn.java","180381","161769","342150"
"2019-09-16 23:26","NettyServerCnxn.java","178223","159759","337982"
"2019-10-10 14:37","NettyServerCnxn.java","178973","159775","338748"
"2019-01-07 14:55","LeaderMXBean.java","230048","225783","455831"
"2019-07-25 21:41","LeaderMXBean.java","251759","225902","477661"
"2019-08-17 17:13","LeaderMXBean.java","255276","225902","481178"
"2018-02-07 01:05","LeaderMXBean.java","11211","7997","19208"
"2019-08-17 17:13","EphemeralTypeEmulate353.java","254922","230888","485810"
"2019-06-03 19:40","EphemeralTypeEmulate353.java","240252","230887","471139"
"2013-09-26 14:05","Zab1_0Test.java","3342","1050","4392"
"2014-05-09 23:37","Zab1_0Test.java","21443","9412","30855"
"2017-01-07 01:09","Zab1_0Test.java","55166","19258","74424"
"2015-12-06 21:30","Zab1_0Test.java","43366","14224","57590"
"2019-12-17 13:48","Zab1_0Test.java","264881","193109","457990"
"2013-11-19 02:03","Zab1_0Test.java","7747","1710","9457"
"2015-07-07 07:11","Zab1_0Test.java","41477","13886","55363"
"2019-12-27 22:33","Zab1_0Test.java","266430","193109","459539"
"2013-10-24 20:41","Zab1_0Test.java","7522","1623","9145"
"2019-10-10 14:37","Zab1_0Test.java","260159","191763","451922"
"2013-11-07 06:41","Zab1_0Test.java","7661","1672","9333"
"2015-05-14 18:40","Zab1_0Test.java","38725","12434","51159"
"2019-08-17 17:13","Zab1_0Test.java","256406","191763","448169"
"2019-06-03 19:40","Zab1_0Test.java","241737","191763","433500"
"2018-05-10 06:00","Zab1_0Test.java","65739","25122","90861"
"2017-11-28 00:10","Zab1_0Test.java","62058","24430","86488"
"2013-10-07 21:08","Zab1_0Test.java","4073","1257","5330"
"2017-08-18 06:32","Zab1_0Test.java","57555","23962","81517"
"2017-02-12 00:12","Zab1_0Test.java","54791","21637","76428"
"2018-09-15 00:08","ZooKeeperServer.java","105435","100545","205980"
"2019-04-12 19:01","ZooKeeperServer.java","236618","231249","467867"
"2019-07-31 19:06","ZooKeeperServer.java","254155","231286","485441"
"2019-09-11 10:27","ZooKeeperServer.java","256205","231287","487492"
"2019-01-14 19:38","ZooKeeperServer.java","229991","231137","461128"
"2019-01-07 15:34","ZooKeeperServer.java","229592","231137","460729"
"2018-11-21 17:56","ZooKeeperServer.java","222785","231133","453918"
"2019-02-13 13:12","ZooKeeperServer.java","233675","231167","464842"
"2018-07-19 05:59","ZooKeeperServer.java","22266","21309","43575"
"2018-09-18 01:00","ZooKeeperServer.java","106205","100662","206867"
"2019-03-04 08:07","ZooKeeperServer.java","234253","231168","465421"
"2019-07-08 23:26","ZooKeeperServer.java","243623","231285","474908"
"2019-01-23 14:00","ZooKeeperServer.java","231428","231139","462567"
"2019-02-13 13:19","ZooKeeperServer.java","233961","231167","465128"
"2019-05-14 17:11","ZooKeeperServer.java","239495","231266","470761"
"2019-06-04 10:55","ZooKeeperServer.java","240331","231285","471616"
"2019-04-09 15:35","ZooKeeperServer.java","235589","231170","466759"
"2019-08-03 08:42","ZooKeeperServer.java","255556","231286","486842"
"2019-05-15 11:56","ZooKeeperServer.java","239582","231266","470848"
"2019-05-22 11:39","ZooKeeperServer.java","240030","231268","471298"
"2019-04-22 19:15","ZooKeeperServer.java","237593","231249","468842"
"2019-09-10 04:26","ZooKeeperServer.java","255894","231287","487181"
"2019-08-17 17:13","ZooKeeperServer.java","254848","231286","486134"
"2019-09-05 23:12","ZooKeeperServer.java","255768","231287","487055"
"2019-09-10 15:21","ZooKeeperServer.java","255892","231287","487179"
"2019-08-01 07:31","ZooKeeperServer.java","255519","231286","486805"
"2019-08-01 07:28","ZooKeeperServer.java","255029","231286","486315"
"2019-06-03 19:40","ZooKeeperServer.java","240178","231285","471463"
"2019-11-23 17:08","ZooKeeperServer.java","261485","233222","494707"
"2019-10-09 16:49","ZooKeeperServer.java","258435","231287","489722"
"2019-07-03 00:44","ZooKeeperServer.java","242860","231285","474145"
"2019-07-24 18:00","ZooKeeperServer.java","251303","231286","482589"
"2018-08-08 06:21","ZooKeeperServer.java","71767","69330","141097"
"2019-12-27 22:33","ZooKeeperServer.java","265463","233223","498686"
"2018-09-11 00:17","ZooKeeperServer.java","103854","100513","204367"
"2019-11-18 09:05","ZooKeeperServer.java","259928","233222","493150"
"2019-10-10 14:37","ZooKeeperServer.java","258602","231287","489889"
"2019-09-16 23:26","ZooKeeperServer.java","257868","231287","489155"
"2019-12-03 10:01","ZooKeeperServer.java","263387","233222","496609"
"2020-03-25 03:38","ZooKeeperServer.java","269571","233224","502795"
"2019-11-28 12:24","ZooKeeperServer.java","261690","233222","494912"
"2019-11-06 15:21","ZooKeeperServer.java","258866","231335","490201"
"2020-04-12 11:14","ZooKeeperServer.java","270385","233285","503670"
"2018-06-15 07:41","ZooKeeperServer.java","12","9","21"
"2018-07-28 04:37","ZooKeeperServer.java","22979","21446","44425"
"2019-04-18 19:17","ZooKeeperServer.java","237328","231249","468577"
"2015-02-06 06:17","PrepRequestProcessor.java","51459","15013","66472"
"2013-03-07 07:01","PrepRequestProcessor.java","18849","5905","24754"
"2019-02-07 11:26","PrepRequestProcessor.java","234742","178823","413565"
"2019-09-11 10:27","PrepRequestProcessor.java","257858","178915","436773"
"2018-07-19 05:59","PrepRequestProcessor.java","99098","44116","143214"
"2017-09-11 18:55","PrepRequestProcessor.java","71717","25002","96719"
"2019-01-16 14:21","PrepRequestProcessor.java","232389","178822","411211"
"2017-06-01 05:45","PrepRequestProcessor.java","70358","24107","94465"
"2012-04-14 02:32","PrepRequestProcessor.java","2516","2165","4681"
"2019-11-08 17:30","PrepRequestProcessor.java","262144","178943","441087"
"2016-11-13 20:59","PrepRequestProcessor.java","67766","20460","88226"
"2019-04-09 15:35","PrepRequestProcessor.java","237285","178841","416126"
"2019-04-17 14:16","PrepRequestProcessor.java","238558","178899","417457"
"2014-10-28 05:35","PrepRequestProcessor.java","49338","14831","64169"
"2019-05-10 12:22","PrepRequestProcessor.java","240993","178899","419892"
"2017-06-26 00:16","PrepRequestProcessor.java","70859","24330","95189"
"2019-02-07 11:22","PrepRequestProcessor.java","234404","178823","413227"
"2016-11-16 06:21","PrepRequestProcessor.java","68342","20489","88831"
"2019-08-01 07:31","PrepRequestProcessor.java","257173","178915","436088"
"2019-06-26 10:57","PrepRequestProcessor.java","244352","178915","423267"
"2014-01-24 07:18","PrepRequestProcessor.java","28775","7098","35873"
"2015-05-29 19:45","PrepRequestProcessor.java","54629","15392","70021"
"2016-10-07 21:51","PrepRequestProcessor.java","65489","20436","85925"
"2015-06-04 19:51","PrepRequestProcessor.java","55515","15513","71028"
"2019-08-17 17:13","PrepRequestProcessor.java","256502","178915","435417"
"2018-08-08 06:21","PrepRequestProcessor.java","142842","86380","229222"
"2018-05-09 23:57","PrepRequestProcessor.java","79168","25892","105060"
"2015-06-11 20:09","PrepRequestProcessor.java","55655","15527","71182"
"2019-12-27 22:33","PrepRequestProcessor.java","266490","180225","446715"
"2014-04-01 01:47","PrepRequestProcessor.java","30517","7577","38094"
"2019-10-10 14:37","PrepRequestProcessor.java","260255","178915","439170"
"2020-03-25 03:38","PrepRequestProcessor.java","270597","180225","450822"
"2014-07-25 01:31","PrepRequestProcessor.java","47108","14677","61785"
"2013-10-09 22:21","PrepRequestProcessor.java","24991","6852","31843"
"2014-04-29 02:23","PrepRequestProcessor.java","38549","13607","52156"
"2015-03-08 23:07","PrepRequestProcessor.java","51695","15075","66770"
"2014-07-22 06:51","PrepRequestProcessor.java","46861","14619","61480"
"2018-06-15 07:41","PrepRequestProcessor.java","80018","25990","106008"
"2012-12-19 19:16","PrepRequestProcessor.java","12999","4611","17610"
"2019-08-17 17:13","Leader.java","257247","145376","402623"
"2019-06-29 00:33","Leader.java","245234","145376","390610"
"2019-06-03 19:40","Leader.java","242578","145376","387954"
"2014-05-20 23:42","Leader.java","101573","30529","132102"
"2019-07-15 14:15","Leader.java","252666","145376","398042"
"2015-03-17 18:06","Leader.java","114479","31198","145677"
"2019-07-25 21:41","Leader.java","253730","145376","399106"
"2018-05-10 06:00","Leader.java","134709","35535","170244"
"2018-07-12 01:33","Leader.java","142865","42758","185623"
"2009-11-18 20:06","Leader.java","10303","1430","11733"
"2018-02-07 01:05","Leader.java","132464","35424","167888"
"2017-11-28 00:10","Leader.java","131551","35366","166917"
"2019-06-05 00:33","Leader.java","242968","145376","388344"
"2015-04-10 22:22","Leader.java","115551","31202","146753"
"2011-06-14 07:14","Leader.java","56758","21464","78222"
"2019-08-03 08:42","Leader.java","257955","145376","403331"
"2019-06-05 23:57","Leader.java","243237","145376","388613"
"2012-12-08 00:38","Leader.java","79491","27567","107058"
"2013-10-07 21:08","Leader.java","90085","28712","118797"
"2012-12-31 02:38","Leader.java","82077","28032","110109"
"2017-01-13 19:29","Leader.java","128445","33777","162222"
"2012-07-05 18:01","Leader.java","73905","26907","100812"
"2019-01-07 14:55","Leader.java","232090","145328","377418"
"2019-04-12 19:01","Leader.java","239054","145376","384430"
"2018-12-09 03:16","Leader.java","229857","145328","375185"
"2018-08-17 14:40","Leader.java","172136","69733","241869"
"2019-11-29 14:49","Leader.java","264683","146255","410938"
"2013-03-07 07:01","Leader.java","86927","28370","115297"
"2018-11-27 10:02","Leader.java","227533","145328","372861"
"2015-02-06 06:17","Leader.java","113209","31150","144359"
"2012-02-27 03:41","Leader.java","70028","25394","95422"
"2017-02-15 23:04","Leader.java","126445","34733","161178"
"2014-07-18 02:19","Leader.java","108260","30952","139212"
"2012-01-04 01:15","Leader.java","68830","25074","93904"
"2011-12-28 01:26","Leader.java","68675","25072","93747"
"2018-08-29 06:26","Leader.java","186889","84278","271167"
"2018-08-03 18:52","Leader.java","149062","47457","196519"
"2011-04-29 18:12","Leader.java","55040","21361","76401"
"2013-05-14 14:27","Leader.java","87076","28394","115470"
"2012-02-06 09:40","Leader.java","69511","25118","94629"
"2017-09-11 18:55","Leader.java","127610","35282","162892"
"2018-09-18 01:00","Leader.java","193912","88731","282643"
"2011-10-20 20:02","Leader.java","66526","24691","91217"
"2012-01-14 00:28","Leader.java","68933","25079","94012"
"2012-01-06 02:32","Leader.java","68832","25075","93907"
"2012-03-15 17:47","Leader.java","71022","25409","96431"
"2011-04-12 09:14","Leader.java","54664","21320","75984"
"2010-07-23 06:22","Leader.java","51793","15394","67187"
"2011-09-22 07:42","Leader.java","66734","23107","89841"
"2010-08-18 08:24","Leader.java","58544","16245","74789"
"2016-12-20 14:47","Leader.java","127595","33769","161364"
"2014-07-20 04:50","Leader.java","108809","30980","139789"
"2014-06-10 00:19","Leader.java","102511","30533","133044"
"2016-06-23 23:25","Leader.java","121856","33094","154950"
"2016-06-23 23:45","Leader.java","121964","33094","155058"
"2020-03-25 03:38","Leader.java","270911","146255","417166"
"2014-03-23 04:12","Leader.java","97038","29111","126149"
"2019-12-27 22:33","Leader.java","266804","146255","413059"
"2016-08-13 15:01","Leader.java","122915","33350","156265"
"2013-10-21 23:36","Leader.java","92977","28862","121839"
"2019-10-10 14:37","Leader.java","261000","145376","406376"
"2013-11-07 06:41","Leader.java","93435","28889","122324"
"2014-07-26 04:11","ZooKeeperServerMainTest.java","23467","10047","33514"
"2016-09-18 23:21","ZooKeeperServerMainTest.java","42644","17295","59939"
"2014-03-25 22:13","ZooKeeperServerMainTest.java","4094","575","4669"
"2016-08-24 01:36","ZooKeeperServerMainTest.java","41839","17150","58989"
"2016-08-13 15:01","ZooKeeperServerMainTest.java","41814","16893","58707"
"2014-09-28 19:15","ZooKeeperServerMainTest.java","25514","10252","35766"
"2017-01-13 19:29","ZooKeeperServerMainTest.java","48261","18237","66498"
"2019-06-03 19:40","ZooKeeperServerMainTest.java","241691","197804","439495"
"2019-08-17 17:13","ZooKeeperServerMainTest.java","256360","197804","454164"
"2018-09-11 15:23","ZooKeeperServerMainTest.java","151392","112110","263502"
"2017-01-05 22:32","ZooKeeperServerMainTest.java","47876","18222","66098"
"2020-05-05 21:20","ServerMetrics.java","191634","159799","351433"
"2020-02-26 22:41","ServerMetrics.java","188218","159545","347763"
"2020-03-25 03:38","ServerMetrics.java","190350","159546","349896"
"2019-09-16 23:26","ServerMetrics.java","178235","157197","335432"
"2019-11-18 09:05","ServerMetrics.java","180359","159196","339555"
"2020-05-03 19:43","ServerMetrics.java","191539","159799","351338"
"2019-06-29 00:33","ServerMetrics.java","161546","155540","317086"
"2019-11-23 17:08","ServerMetrics.java","182112","159392","341504"
"2019-08-17 17:13","ServerMetrics.java","174230","156211","330441"
"2019-05-06 17:48","ServerMetrics.java","156610","154278","310888"
"2019-06-05 00:46","ServerMetrics.java","158186","154307","312493"
"2019-04-17 14:16","ServerMetrics.java","154351","154260","308611"
"2019-05-03 00:44","ServerMetrics.java","156293","154277","310570"
"2019-04-22 19:15","ServerMetrics.java","155061","154260","309321"
"2019-06-05 23:57","ServerMetrics.java","158316","154307","312623"
"2019-05-21 23:34","ServerMetrics.java","157294","154287","311581"
"2019-07-23 15:55","ServerMetrics.java","169568","155541","325109"
"2019-01-23 14:00","ServerMetrics.java","148718","153972","302690"
"2019-07-08 23:26","ServerMetrics.java","162335","155540","317875"
"2019-02-13 13:19","ServerMetrics.java","151318","154067","305385"
"2019-03-05 00:04","ServerMetrics.java","151799","154072","305871"
"2019-04-25 02:11","ServerMetrics.java","156016","154277","310293"
"2019-04-12 19:01","ServerMetrics.java","154086","154260","308346"
"2019-07-31 19:06","ServerMetrics.java","173503","156177","329680"
"2019-01-14 19:38","ServerMetrics.java","147225","153914","301139"
"2019-08-17 17:13","Op.java","255827","223293","479120"
"2019-06-26 10:57","Op.java","243676","223292","466968"
"2019-07-29 17:15","JBuffer.java","254590","167551","422141"
"2020-02-12 15:48","JBuffer.java","268555","168623","437178"
"2020-02-12 15:52","JBuffer.java","268555","168623","437178"
"2019-10-10 14:37","ClientCnxnSocket.java","54806","31910","86716"
"2019-08-17 17:13","ClientCnxnSocket.java","48965","29822","78787"
"2019-08-17 17:13","DuplicateLocalSessionUpgradeTest.java","256367","196919","453286"
"2019-10-10 14:37","DuplicateLocalSessionUpgradeTest.java","260120","196919","457039"
"2019-07-15 14:15","QuorumZooKeeperServer.java","251306","222252","473558"
"2019-06-26 10:57","QuorumZooKeeperServer.java","243736","222251","465987"
"2019-08-17 17:13","QuorumZooKeeperServer.java","255887","222252","478139"
"2019-05-15 11:56","QuorumZooKeeperServer.java","240622","222233","462855"
"2019-06-04 10:55","QuorumZooKeeperServer.java","241370","222251","463621"
"2017-03-21 17:49","QuorumZooKeeperServer.java","8245","5476","13721"
"2019-11-29 14:49","QuorumZooKeeperServer.java","264022","223830","487852"
"2020-03-25 03:38","QuorumZooKeeperServer.java","270252","223832","494084"
"2019-10-10 14:37","QuorumZooKeeperServer.java","259640","222252","481892"
"2018-07-12 01:33","StatCommand.java","14643","11576","26219"
"2019-08-17 17:13","StatCommand.java","255075","228915","483990"
"2019-11-28 12:24","Version.java","51683","34757","86440"
"2020-04-07 15:40","Version.java","62607","37200","99807"
"2019-08-17 17:13","Version.java","38851","26831","65682"
"2019-08-17 17:13","ACLCountTest.java","255887","222020","477907"
"2013-10-05 00:57","ServerCnxnFactory.java","12614","3446","16060"
"2019-11-14 03:54","ServerCnxnFactory.java","264501","185216","449717"
"2019-11-11 13:59","ServerCnxnFactory.java","263902","185216","449118"
"2017-04-19 01:19","ServerCnxnFactory.java","62501","21920","84421"
"2018-10-24 04:03","ServerCnxnFactory.java","235385","165811","401196"
"2013-03-07 07:01","ServerCnxnFactory.java","8975","2342","11317"
"2014-07-18 02:19","ServerCnxnFactory.java","37618","12234","49852"
"2019-02-13 13:12","ServerCnxnFactory.java","235336","185114","420450"
"2017-10-07 21:22","ServerCnxnFactory.java","64204","23743","87947"
"2019-08-17 17:13","ServerCnxnFactory.java","256464","185188","441652"
"2019-06-07 14:13","ServerCnxnFactory.java","242568","185188","427756"
"2019-07-03 00:44","ServerCnxnFactory.java","244477","185188","429665"
"2015-03-17 18:06","ServerCnxnFactory.java","44612","13255","57867"
"2015-03-28 20:08","ServerCnxnFactory.java","45629","13283","58912"
"2016-05-02 18:15","ServerCnxnFactory.java","53911","17935","71846"
"2012-12-19 19:07","ServerCnxnFactory.java","2017","821","2838"
"2013-10-05 00:57","ServerCnxnFactory.java","10604","2632","13236"
"2019-11-14 03:54","ServerCnxnFactory.java","264450","186361","450811"
"2019-11-11 13:59","ServerCnxnFactory.java","263851","186361","450212"
"2017-04-19 01:19","ServerCnxnFactory.java","60846","21461","82307"
"2018-10-24 04:03","ServerCnxnFactory.java","235329","166951","402280"
"2013-03-07 07:01","ServerCnxnFactory.java","6961","1524","8485"
"2014-07-18 02:19","ServerCnxnFactory.java","35645","11457","47102"
"2019-02-13 13:12","ServerCnxnFactory.java","235280","186254","421534"
"2017-10-07 21:22","ServerCnxnFactory.java","62552","23287","85839"
"2019-08-17 17:13","ServerCnxnFactory.java","256413","186333","442746"
"2019-06-07 14:13","ServerCnxnFactory.java","242517","186333","428850"
"2019-07-03 00:44","ServerCnxnFactory.java","244426","186333","430759"
"2015-03-17 18:06","ServerCnxnFactory.java","42648","12487","55135"
"2015-03-28 20:08","ServerCnxnFactory.java","43669","12519","56188"
"2016-05-02 18:15","ServerCnxnFactory.java","52216","17436","69652"
"2019-08-17 17:13","WatchLeakTest.java","255966","218914","474880"
"2019-05-20 17:18","WatchLeakTest.java","240739","218896","459635"
"2019-11-21 05:58","WatchLeakTest.java","260678","220459","481137"
"2019-08-17 17:13","ZooKeeperServerConf.java","256151","210259","466410"
"2019-02-13 13:12","ZooKeeperServerConf.java","235008","210170","445178"
"2019-01-31 15:55","GetConfigCommand.java","233428","221735","455163"
"2019-08-17 17:13","GetConfigCommand.java","255887","221853","477740"
"2019-08-17 17:13","ZooKeeperServerListener.java","256089","215122","471211"
"2019-08-17 17:13","ClientRetryTest.java","256074","217280","473354"
"2020-03-19 17:09","Learner.java","269581","211700","481281"
"2020-02-03 04:30","Learner.java","268076","211700","479776"
"2020-01-23 13:43","Learner.java","267519","211700","479219"
"2017-07-04 07:39","Learner.java","29189","14122","43311"
"2020-03-25 03:38","Learner.java","270377","211700","482077"
"2015-03-15 08:54","Learner.java","6542","1505","8047"
"2019-11-28 12:24","Learner.java","262497","211699","474196"
"2019-12-27 22:33","Learner.java","266269","211699","477968"
"2020-01-25 18:48","Learner.java","267709","211700","479409"
"2020-05-03 19:43","Learner.java","271313","211700","483013"
"2016-08-13 15:01","Learner.java","20499","8242","28741"
"2019-10-10 14:37","Learner.java","259904","210259","470163"
"2015-01-25 01:22","Learner.java","5796","1250","7046"
"2019-06-03 19:40","Learner.java","241482","210259","451741"
"2015-03-17 18:06","Learner.java","7608","1635","9243"
"2019-07-15 14:15","Learner.java","251570","210259","461829"
"2019-08-23 19:43","Learner.java","256817","210259","467076"
"2016-09-08 22:59","Learner.java","21130","8625","29755"
"2019-08-17 17:13","Learner.java","256151","210259","466410"
"2017-11-28 00:10","Learner.java","35212","16335","51547"
"2018-05-09 00:54","Learner.java","38036","17031","55067"
"2019-04-09 15:35","Learner.java","236920","210171","447091"
"2019-07-12 17:01","Learner.java","251464","210259","461723"
"2017-07-06 18:48","Learner.java","29471","14132","43603"
"2017-08-18 06:32","Learner.java","30594","15752","46346"
"2019-07-02 07:34","Learner.java","244094","210259","454353"
"2018-10-16 16:22","Learner.java","234781","190492","425273"
"2017-02-12 00:12","Learner.java","27205","12802","40007"
"2018-12-09 03:16","Learner.java","228699","210149","438848"
"2019-11-29 14:49","Learner.java","264148","211699","475847"
"2018-11-27 10:02","Learner.java","226375","210149","436524"
"2018-08-06 14:11","Learner.java","60645","36242","96887"
"2020-03-19 17:09","Learner.java","268869","225391","494260"
"2020-02-03 04:30","Learner.java","267364","225391","492755"
"2020-01-23 13:43","Learner.java","266807","225391","492198"
"2017-07-04 07:39","Learner.java","2137","1473","3610"
"2020-03-25 03:38","Learner.java","269665","225391","495056"
"2019-11-28 12:24","Learner.java","261784","225389","487173"
"2019-12-27 22:33","Learner.java","265557","225390","490947"
"2020-01-25 18:48","Learner.java","266997","225391","492388"
"2020-05-03 19:43","Learner.java","270662","225452","496114"
"2019-10-10 14:37","Learner.java","259018","223776","482794"
"2019-06-03 19:40","Learner.java","240595","223775","464370"
"2019-07-15 14:15","Learner.java","250684","223776","474460"
"2019-08-23 19:43","Learner.java","255931","223776","479707"
"2019-08-17 17:13","Learner.java","255265","223776","479041"
"2017-11-28 00:10","Learner.java","8295","3821","12116"
"2018-05-09 00:54","Learner.java","11289","4687","15976"
"2019-04-09 15:35","Learner.java","236028","223682","459710"
"2019-07-12 17:01","Learner.java","250578","223776","474354"
"2017-07-06 18:48","Learner.java","2433","1497","3930"
"2017-08-18 06:32","Learner.java","3572","3133","6705"
"2019-07-02 07:34","Learner.java","243207","223775","466982"
"2018-10-16 16:22","Learner.java","231772","201886","433658"
"2018-12-09 03:16","Learner.java","227803","223656","451459"
"2019-11-29 14:49","Learner.java","263435","225389","488824"
"2018-11-27 10:02","Learner.java","225479","223656","449135"
"2018-08-06 14:11","Learner.java","35984","25984","61968"
"2019-08-17 17:13","ZooKeeperServerBeanTest.java","255916","220737","476653"
"2017-04-28 07:14","ZooKeeperServerBeanTest.java","14334","9745","24079"
"2019-02-13 13:12","ZooKeeperServerBeanTest.java","234771","220646","455417"
"2019-10-10 14:37","ZooKeeperSaslClient.java","258833","228065","486898"
"2020-02-04 10:39","ZooKeeperSaslClient.java","267335","229836","497171"
"2019-01-31 15:50","ZooKeeperSaslClient.java","232611","227929","460540"
"2019-08-03 08:42","ZooKeeperSaslClient.java","255787","228064","483851"
"2019-08-17 17:13","ZooKeeperSaslClient.java","255079","228064","483143"
"2019-11-28 12:24","DataTree.java","261781","225689","487470"
"2019-10-10 14:37","DataTree.java","259003","224064","483067"
"2019-12-27 22:33","DataTree.java","265554","225690","491244"
"2019-11-11 13:59","DataTree.java","262708","224112","486820"
"2018-07-10 13:29","DataTree.java","21966","14051","36017"
"2018-09-28 23:38","DataTree.java","119306","103565","222871"
"2019-11-08 17:30","DataTree.java","260912","224112","485024"
"2019-01-30 16:28","DataTree.java","232243","223946","456189"
"2019-01-30 17:02","DataTree.java","232787","223946","456733"
"2017-09-11 18:55","DataTree.java","2261","1947","4208"
"2019-02-07 11:26","DataTree.java","233465","223947","457412"
"2018-09-04 11:54","DataTree.java","113373","102716","216089"
"2018-09-05 22:35","DataTree.java","113648","102735","216383"
"2018-12-20 15:17","DataTree.java","228731","223945","452676"
"2019-09-10 09:53","DataTree.java","256299","224064","480363"
"2019-04-12 19:01","DataTree.java","237038","224045","461083"
"2019-07-31 19:06","DataTree.java","254557","224064","478621"
"2019-09-11 10:27","DataTree.java","256606","224064","480670"
"2019-08-01 07:31","DataTree.java","255921","224064","479985"
"2019-08-17 17:13","DataTree.java","255250","224064","479314"
"2019-09-10 15:21","DataTree.java","256293","224064","480357"
"2019-04-12 12:29","DataTree.java","236607","224045","460652"
"2019-08-03 08:42","DataTree.java","255958","224064","480022"
"2019-08-09 16:15","DataTree.java","256706","224064","480770"
"2019-04-29 16:49","DataTree.java","239068","224045","463113"
"2019-08-17 17:13","FourLetterWordsQuorumTest.java","257033","158337","415370"
"2015-03-28 20:08","FourLetterWordsQuorumTest.java","102990","31595","134585"
"2015-07-10 08:19","FourLetterWordsQuorumTest.java","105271","31851","137122"
"2010-07-05 20:20","FourLetterWordsQuorumTest.java","34208","13704","47912"
"2010-03-09 05:44","FourLetterWordsQuorumTest.java","17654","8985","26639"
"2010-03-12 19:26","FourLetterWordsQuorumTest.java","18543","9144","27687"
"2014-01-25 01:17","FourLetterWordsQuorumTest.java","83687","29161","112848"
"2019-10-10 14:37","FourLetterWordsQuorumTest.java","260786","158337","419123"
"2019-10-10 14:37","SessionTrackerImpl.java","52843","31872","84715"
"2019-09-20 10:02","SessionTrackerImpl.java","51388","31250","82638"
"2020-03-26 22:16","SessionTrackerImpl.java","69486","39476","108962"
"2019-09-05 23:12","SessionTrackerImpl.java","49110","30973","80083"
"2019-08-17 17:13","SessionTrackerImpl.java","46975","29757","76732"
"2016-10-07 21:51","Op.java","11533","6482","18015"
"2019-08-17 17:13","Op.java","255978","218393","474371"
"2019-06-26 10:57","Op.java","243827","218392","462219"
"2011-07-01 00:53","PrepRequestProcessor.java","6351","1706","8057"
"2015-02-06 06:17","PrepRequestProcessor.java","71041","20967","92008"
"2012-02-06 10:39","PrepRequestProcessor.java","20728","8313","29041"
"2013-03-07 07:01","PrepRequestProcessor.java","39549","12977","52526"
"2019-02-07 11:26","PrepRequestProcessor.java","235200","178341","413541"
"2019-09-11 10:27","PrepRequestProcessor.java","258288","178405","436693"
"2018-07-19 05:59","PrepRequestProcessor.java","113808","45198","159006"
"2017-09-11 18:55","PrepRequestProcessor.java","88187","27844","116031"
"2019-01-16 14:21","PrepRequestProcessor.java","232847","178340","411187"
"2017-06-01 05:45","PrepRequestProcessor.java","87446","27567","115013"
"2012-04-14 02:32","PrepRequestProcessor.java","24447","10468","34915"
"2019-11-08 17:30","PrepRequestProcessor.java","262546","178405","440951"
"2016-11-13 20:59","PrepRequestProcessor.java","85548","24614","110162"
"2019-04-09 15:35","PrepRequestProcessor.java","237738","178354","416092"
"2019-04-17 14:16","PrepRequestProcessor.java","239005","178406","417411"
"2014-10-28 05:35","PrepRequestProcessor.java","68988","20853","89841"
"2019-05-10 12:22","PrepRequestProcessor.java","241440","178406","419846"
"2017-06-26 00:16","PrepRequestProcessor.java","87784","27627","115411"
"2019-02-07 11:22","PrepRequestProcessor.java","234862","178341","413203"
"2016-11-16 06:21","PrepRequestProcessor.java","86114","24633","110747"
"2019-08-01 07:31","PrepRequestProcessor.java","257603","178405","436008"
"2019-06-26 10:57","PrepRequestProcessor.java","244782","178405","423187"
"2014-01-24 07:18","PrepRequestProcessor.java","49071","13766","62837"
"2015-05-29 19:45","PrepRequestProcessor.java","74123","21258","95381"
"2016-10-07 21:51","PrepRequestProcessor.java","83275","24594","107869"
"2015-06-04 19:51","PrepRequestProcessor.java","74960","21330","96290"
"2019-08-17 17:13","PrepRequestProcessor.java","256932","178405","435337"
"2018-08-08 06:21","PrepRequestProcessor.java","156645","86555","243200"
"2018-05-09 23:57","PrepRequestProcessor.java","95212","28308","123520"
"2015-06-11 20:09","PrepRequestProcessor.java","75100","21344","96444"
"2019-12-27 22:33","PrepRequestProcessor.java","266704","179499","446203"
"2014-04-01 01:47","PrepRequestProcessor.java","50708","14140","64848"
"2019-10-10 14:37","PrepRequestProcessor.java","260685","178405","439090"
"2020-03-25 03:38","PrepRequestProcessor.java","270811","179499","450310"
"2011-08-15 02:35","PrepRequestProcessor.java","10919","1707","12626"
"2014-07-25 01:31","PrepRequestProcessor.java","66813","20754","87567"
"2013-10-09 22:21","PrepRequestProcessor.java","45363","13596","58959"
"2011-09-17 02:36","PrepRequestProcessor.java","16472","5033","21505"
"2014-04-29 02:23","PrepRequestProcessor.java","58398","19828","78226"
"2015-03-08 23:07","PrepRequestProcessor.java","71263","21015","92278"
"2014-07-22 06:51","PrepRequestProcessor.java","66573","20703","87276"
"2012-03-15 17:47","PrepRequestProcessor.java","22013","8385","30398"
"2011-11-01 15:41","PrepRequestProcessor.java","17360","7129","24489"
"2011-10-28 00:58","PrepRequestProcessor.java","17071","7002","24073"
"2011-10-20 20:02","PrepRequestProcessor.java","16601","6751","23352"
"2011-10-17 16:59","PrepRequestProcessor.java","16362","5104","21466"
"2018-06-15 07:41","PrepRequestProcessor.java","95986","28330","124316"
"2012-12-19 19:16","PrepRequestProcessor.java","34481","12465","46946"
"2011-11-14 20:18","PrepRequestProcessor.java","17997","7131","25128"
"2019-10-10 14:37","BlueThrottle.java","7470","3717","11187"
"2019-09-05 23:12","BlueThrottle.java","2357","1438","3795"
"2020-01-28 17:26","SnapshotDigestTest.java","46122","35031","81153"
"2019-09-10 15:21","SnapshotDigestTest.java","28074","26338","54412"
"2019-08-17 17:13","SnapshotDigestTest.java","25455","24762","50217"
"2019-08-17 17:13","BlueThrottleTest.java","53344","30071","83415"
"2019-09-05 23:12","BlueThrottleTest.java","55466","31274","86740"
"2011-04-29 18:12","QuorumCnxManager.java","453","118","571"
"2011-12-28 01:26","QuorumCnxManager.java","19519","7901","27420"
"2019-11-29 14:49","QuorumCnxManager.java","264583","179499","444082"
"2013-03-07 07:01","QuorumCnxManager.java","39549","12977","52526"
"2018-07-11 06:04","QuorumCnxManager.java","103924","35971","139895"
"2018-08-06 14:11","QuorumCnxManager.java","114997","45271","160268"
"2012-06-29 22:08","QuorumCnxManager.java","25588","10811","36399"
"2018-10-16 16:22","QuorumCnxManager.java","236761","147149","383910"
"2019-06-14 09:06","QuorumCnxManager.java","244930","178405","423335"
"2019-08-03 08:42","QuorumCnxManager.java","257640","178405","436045"
"2019-11-13 20:41","QuorumCnxManager.java","264651","178405","443056"
"2019-04-09 16:08","QuorumCnxManager.java","237737","178354","416091"
"2019-08-06 12:52","QuorumCnxManager.java","257905","178405","436310"
"2017-02-09 11:40","QuorumCnxManager.java","88227","25251","113478"
"2019-05-20 23:13","QuorumCnxManager.java","241805","178406","420211"
"2015-04-09 20:16","QuorumCnxManager.java","73473","21114","94587"
"2017-08-23 02:16","QuorumCnxManager.java","88016","27736","115752"
"2019-07-27 20:04","QuorumCnxManager.java","253463","178405","431868"
"2015-05-29 23:46","QuorumCnxManager.java","74136","21261","95397"
"2015-05-14 07:10","QuorumCnxManager.java","73804","21225","95029"
"2020-03-12 14:47","QuorumCnxManager.java","269969","179499","449468"
"2019-08-17 17:13","QuorumCnxManager.java","256932","178405","435337"
"2017-11-28 00:10","QuorumCnxManager.java","92166","27966","120132"
"2019-10-10 14:37","QuorumCnxManager.java","260685","178405","439090"
"2014-07-23 19:36","QuorumCnxManager.java","66629","20703","87332"
"2017-06-09 18:37","QuorumCnxManager.java","87550","27566","115116"
"2020-01-23 13:43","QuorumCnxManager.java","267953","179499","447452"
"2014-03-23 04:12","QuorumCnxManager.java","49887","13945","63832"
"2014-07-08 05:25","QuorumCnxManager.java","62059","20403","82462"
"2019-11-28 12:24","QuorumCnxManager.java","262932","179499","442431"
"2014-06-25 15:04","QuorumCnxManager.java","60026","20006","80032"
"2011-08-15 02:44","QuorumCnxManager.java","10934","1709","12643"
"2016-06-08 17:43","QuorumCnxManager.java","80501","24094","104595"
"2020-03-23 16:20","QuorumCnxManager.java","270140","179499","449639"
"2020-02-16 10:25","QuorumCnxManager.java","268666","179499","448165"
"2014-07-22 06:45","QuorumCnxManager.java","66552","20701","87253"
"2018-07-27 12:32","QuorumCnxManager.java","114346","45232","159578"
"2019-10-10 14:37","BlueThrottle.java","5160","2326","7486"
"2019-12-28 16:17","FollowerResyncConcurrencyTest.java","11443","6611","18054"
"2019-11-08 17:30","FinalRequestProcessor.java","263320","84482","347802"
"2019-07-08 23:26","FinalRequestProcessor.java","246482","84482","330964"
"2019-01-16 23:23","FinalRequestProcessor.java","233659","84455","318114"
"2018-09-18 01:00","FinalRequestProcessor.java","215030","53516","268546"
"2019-04-12 19:01","FinalRequestProcessor.java","239514","84483","323997"
"2019-02-07 11:26","FinalRequestProcessor.java","236011","84455","320466"
"2019-01-14 19:38","FinalRequestProcessor.java","232971","84455","317426"
"2013-03-07 07:01","FinalRequestProcessor.java","133916","19026","152942"
"2019-01-09 17:22","FinalRequestProcessor.java","235651","84455","320106"
"2011-07-01 00:53","FinalRequestProcessor.java","114966","15624","130590"
"2015-06-04 19:51","FinalRequestProcessor.java","162868","20920","183788"
"2009-06-26 22:29","FinalRequestProcessor.java","67792","10512","78304"
"2019-09-10 04:26","FinalRequestProcessor.java","258751","84482","343233"
"2019-08-17 17:13","FinalRequestProcessor.java","257706","84482","342188"
"2016-10-07 21:51","FinalRequestProcessor.java","168482","21483","189965"
"2014-01-24 07:18","FinalRequestProcessor.java","142802","19179","161981"
"2019-06-26 10:57","FinalRequestProcessor.java","245556","84482","330038"
"2019-08-01 07:28","FinalRequestProcessor.java","257887","84482","342369"
"2019-07-03 00:44","FinalRequestProcessor.java","245719","84482","330201"
"2016-03-23 00:30","FinalRequestProcessor.java","164728","21236","185964"
"2019-08-06 17:11","FinalRequestProcessor.java","258807","84482","343289"
"2015-03-17 18:06","FinalRequestProcessor.java","160476","20862","181338"
"2018-07-10 12:46","FinalRequestProcessor.java","184524","28240","212764"
"2009-01-16 00:48","FinalRequestProcessor.java","12884","7245","20129"
"2008-12-22 23:23","FinalRequestProcessor.java","10002","3480","13482"
"2010-01-25 04:28","FinalRequestProcessor.java","87119","13000","100119"
"2020-03-25 03:38","FinalRequestProcessor.java","270947","84938","355885"
"2019-09-16 23:26","FinalRequestProcessor.java","260725","84482","345207"
"2019-10-10 14:37","FinalRequestProcessor.java","261459","84482","345941"
"2009-11-07 01:48","FinalRequestProcessor.java","74813","12205","87018"
"2009-10-31 00:09","FinalRequestProcessor.java","74233","12030","86263"
"2010-01-26 01:17","FinalRequestProcessor.java","87562","13034","100596"
"2009-11-12 20:53","FinalRequestProcessor.java","75463","12268","87731"
"2019-11-21 05:58","FinalRequestProcessor.java","261329","84938","346267"
"2019-11-18 09:05","FinalRequestProcessor.java","261306","84938","346244"
"2012-12-19 19:16","FinalRequestProcessor.java","129088","18754","147842"
"2011-10-20 20:02","FinalRequestProcessor.java","115760","17592","133352"
"2011-04-12 09:14","FinalRequestProcessor.java","109834","15137","124971"
"2011-10-28 18:59","FinalRequestProcessor.java","116066","17647","133713"
"2019-11-11 13:59","FinalRequestProcessor.java","265116","84482","349598"
"2020-03-26 22:12","FinalRequestProcessor.java","270949","84938","355887"
"2014-04-17 08:47","FinalRequestProcessor.java","146713","20531","167244"
"2014-04-29 02:23","FinalRequestProcessor.java","147421","20533","167954"
"2010-03-19 07:46","FinalRequestProcessor.java","97551","13285","110836"
"2010-08-18 08:24","FinalRequestProcessor.java","117951","14299","132250"
"2013-10-09 22:21","FinalRequestProcessor.java","139220","19135","158355"
"2011-09-14 08:56","FinalRequestProcessor.java","115904","13587","129491"
"2019-08-17 17:13","FourLetterWordsQuorumTest.java","257187","147158","404345"
"2015-03-28 20:08","FourLetterWordsQuorumTest.java","113961","31533","145494"
"2015-07-10 08:19","FourLetterWordsQuorumTest.java","116259","31806","148065"
"2010-07-05 20:20","FourLetterWordsQuorumTest.java","46865","15028","61893"
"2010-03-09 05:44","FourLetterWordsQuorumTest.java","30664","10662","41326"
"2010-03-12 19:26","FourLetterWordsQuorumTest.java","31519","10787","42306"
"2014-01-25 01:17","FourLetterWordsQuorumTest.java","94819","29260","124079"
"2010-01-26 01:17","FourLetterWordsQuorumTest.java","14421","3088","17509"
"2019-10-10 14:37","FourLetterWordsQuorumTest.java","260940","147158","408098"
"2014-02-12 17:00","LearnerHandler.java","135515","15343","150858"
"2014-03-23 04:12","LearnerHandler.java","135998","15439","151437"
"2010-01-25 04:28","LearnerHandler.java","76831","8351","85182"
"2019-10-10 14:37","LearnerHandler.java","261459","90121","351580"
"2015-06-05 20:38","LearnerHandler.java","155408","17158","172566"
"2015-06-05 20:51","LearnerHandler.java","155435","17158","172593"
"2015-06-12 23:02","LearnerHandler.java","155535","17160","172695"
"2009-08-25 07:45","LearnerHandler.java","59662","5584","65246"
"2010-03-11 15:05","LearnerHandler.java","86557","8648","95205"
"2009-10-30 17:19","LearnerHandler.java","62792","7078","69870"
"2009-11-30 13:03","LearnerHandler.java","72668","7751","80419"
"2011-04-12 09:14","LearnerHandler.java","99928","10870","110798"
"2013-09-26 14:05","LearnerHandler.java","128700","15219","143919"
"2009-04-24 20:26","LearnerHandler.java","27771","3899","31670"
"2019-07-03 20:54","LearnerHandler.java","245700","90121","335821"
"2011-09-14 08:56","LearnerHandler.java","108143","9527","117670"
"2011-08-30 08:37","LearnerHandler.java","106850","9443","116293"
"2010-07-29 23:10","LearnerHandler.java","102408","9585","111993"
"2011-09-17 02:36","LearnerHandler.java","108126","12070","120196"
"2012-04-23 01:20","LearnerHandler.java","113549","14198","127747"
"2013-06-28 23:22","LearnerHandler.java","128274","15223","143497"
"2018-09-18 01:00","LearnerHandler.java","210693","52880","263573"
"2010-11-04 17:01","LearnerHandler.java","138132","10037","148169"
"2012-02-06 09:40","LearnerHandler.java","110893","13868","124761"
"2013-05-14 14:27","LearnerHandler.java","126427","15113","141540"
"2018-08-03 18:52","LearnerHandler.java","180561","26324","206885"
"2011-01-22 20:38","LearnerHandler.java","140664","10471","151135"
"2018-12-09 03:16","LearnerHandler.java","230337","90094","320431"
"2019-04-12 19:01","LearnerHandler.java","239514","90122","329636"
"2013-03-07 07:01","LearnerHandler.java","126288","15099","141387"
"2009-11-18 20:06","LearnerHandler.java","72299","7712","80011"
"2017-11-28 00:10","LearnerHandler.java","168795","19978","188773"
"2019-06-29 00:33","LearnerHandler.java","245693","90121","335814"
"2013-05-11 15:35","LearnerHandler.java","126336","15099","141435"
"2019-07-25 21:41","LearnerHandler.java","254189","90121","344310"
"2019-08-23 19:43","LearnerHandler.java","258372","90121","348493"
"2019-08-17 17:13","LearnerHandler.java","257706","90121","347827"
"2009-06-18 18:37","LearnerHandler.java","48749","4671","53420"
"2009-06-26 22:29","LearnerHandler.java","56917","5276","62193"
"2009-06-15 22:52","LearnerHandler.java","47429","4422","51851"
"2017-06-26 00:16","LearnerHandler.java","164641","19867","184508"
"2017-08-03 20:28","LearnerHandler.java","164313","19891","184204"
"2012-07-29 07:02","LearnerHandler.java","114974","14220","129194"
"2019-05-06 17:48","LearnerHandler.java","242020","90122","332142"
"2019-08-03 08:42","LearnerHandler.java","258414","90121","348535"
"2019-04-22 19:15","LearnerHandler.java","240489","90122","330611"
"2009-02-20 01:23","LearnerHandler.java","16310","2703","19013"
"2011-06-14 07:14","LearnerHandler.java","101945","10937","112882"
"2019-04-10 13:19","FileSnap.java","238201","178406","416607"
"2019-07-31 19:06","FileSnap.java","256239","178405","434644"
"2020-01-30 09:43","FileSnap.java","268500","179499","447999"
"2019-05-27 10:54","FileSnap.java","242253","178406","420659"
"2017-06-26 00:07","FileSnap.java","87784","27621","115405"
"2017-08-18 06:32","FileSnap.java","87889","27724","115613"
"2019-08-17 17:13","FileSnap.java","256932","178405","435337"
"2018-02-14 21:23","FileSnap.java","93391","28156","121547"
"2019-12-03 19:12","FileSnap.java","264641","179499","444140"
"2019-12-27 22:33","FileSnap.java","266704","179499","446203"
"2019-10-10 14:37","FileSnap.java","260685","178405","439090"
"2020-01-28 17:26","FileSnap.java","268424","179499","447923"
"2017-01-23 02:13","FileSnap.java","88076","25192","113268"
"2010-01-25 04:28","AsyncOps.java","79118","11521","90639"
"2014-06-25 19:06","AsyncOps.java","143986","19739","163725"
"2009-10-31 00:09","AsyncOps.java","66190","10509","76699"
"2012-12-19 19:16","AsyncOps.java","123590","17874","141464"
"2014-03-23 22:03","AsyncOps.java","138109","18461","156570"
"2010-03-31 06:26","AsyncOps.java","90263","12600","102863"
"2019-06-03 19:40","AsyncOps.java","243037","91004","334041"
"2019-08-17 17:13","AsyncOps.java","257706","91004","348710"
"2019-12-27 22:33","TxnLog.java","265554","225824","491378"
"2018-06-08 16:52","TxnLog.java","11114","3624","14738"
"2019-05-14 17:11","TxnLog.java","239898","224179","464077"
"2019-08-17 17:13","TxnLog.java","255250","224198","479448"
"2019-04-12 19:06","TxnLog.java","237028","224179","461207"
"2019-08-17 17:13","WorkerService.java","44192","29523","73715"
"2018-09-15 00:08","ZooKeeperServer.java","105423","100536","205959"
"2019-04-12 19:01","ZooKeeperServer.java","236618","231252","467870"
"2019-07-31 19:06","ZooKeeperServer.java","254155","231289","485444"
"2019-09-11 10:27","ZooKeeperServer.java","256205","231290","487495"
"2019-01-14 19:38","ZooKeeperServer.java","229991","231140","461131"
"2019-01-07 15:34","ZooKeeperServer.java","229592","231140","460732"
"2018-11-21 17:56","ZooKeeperServer.java","222785","231136","453921"
"2019-02-13 13:12","ZooKeeperServer.java","233675","231170","464845"
"2018-07-19 05:59","ZooKeeperServer.java","22254","21300","43554"
"2018-09-18 01:00","ZooKeeperServer.java","106193","100653","206846"
"2019-03-04 08:07","ZooKeeperServer.java","234253","231171","465424"
"2019-07-08 23:26","ZooKeeperServer.java","243623","231288","474911"
"2019-01-23 14:00","ZooKeeperServer.java","231428","231142","462570"
"2019-02-13 13:19","ZooKeeperServer.java","233961","231170","465131"
"2019-05-14 17:11","ZooKeeperServer.java","239495","231269","470764"
"2019-06-04 10:55","ZooKeeperServer.java","240331","231288","471619"
"2019-04-09 15:35","ZooKeeperServer.java","235589","231173","466762"
"2019-08-03 08:42","ZooKeeperServer.java","255556","231289","486845"
"2019-05-15 11:56","ZooKeeperServer.java","239582","231269","470851"
"2019-05-22 11:39","ZooKeeperServer.java","240030","231271","471301"
"2019-04-22 19:15","ZooKeeperServer.java","237593","231252","468845"
"2019-09-10 04:26","ZooKeeperServer.java","255894","231290","487184"
"2019-08-17 17:13","ZooKeeperServer.java","254848","231289","486137"
"2019-09-05 23:12","ZooKeeperServer.java","255768","231290","487058"
"2019-09-10 15:21","ZooKeeperServer.java","255892","231290","487182"
"2019-08-01 07:31","ZooKeeperServer.java","255519","231289","486808"
"2019-08-01 07:28","ZooKeeperServer.java","255029","231289","486318"
"2019-06-03 19:40","ZooKeeperServer.java","240178","231288","471466"
"2019-11-23 17:08","ZooKeeperServer.java","261485","233225","494710"
"2019-10-09 16:49","ZooKeeperServer.java","258435","231290","489725"
"2019-07-03 00:44","ZooKeeperServer.java","242860","231288","474148"
"2019-07-24 18:00","ZooKeeperServer.java","251303","231289","482592"
"2018-08-08 06:21","ZooKeeperServer.java","71755","69321","141076"
"2019-12-27 22:33","ZooKeeperServer.java","265463","233226","498689"
"2018-09-11 00:17","ZooKeeperServer.java","103842","100504","204346"
"2019-11-18 09:05","ZooKeeperServer.java","259928","233225","493153"
"2019-10-10 14:37","ZooKeeperServer.java","258602","231290","489892"
"2019-09-16 23:26","ZooKeeperServer.java","257868","231290","489158"
"2019-12-03 10:01","ZooKeeperServer.java","263387","233225","496612"
"2020-03-25 03:38","ZooKeeperServer.java","269571","233227","502798"
"2019-11-28 12:24","ZooKeeperServer.java","261690","233225","494915"
"2019-11-06 15:21","ZooKeeperServer.java","258866","231338","490204"
"2020-04-12 11:14","ZooKeeperServer.java","270385","233288","503673"
"2018-07-28 04:37","ZooKeeperServer.java","22967","21437","44404"
"2019-04-18 19:17","ZooKeeperServer.java","237328","231252","468580"
"2014-06-25 15:04","FastLeaderElection.java","35479","11806","47285"
"2018-12-06 10:56","FastLeaderElection.java","226897","181501","408398"
"2014-07-08 05:25","FastLeaderElection.java","37947","12638","50585"
"2014-07-18 20:48","FastLeaderElection.java","42365","12930","55295"
"2014-03-23 04:12","FastLeaderElection.java","24690","5095","29785"
"2019-10-10 14:37","FastLeaderElection.java","260217","181596","441813"
"2013-10-21 23:36","FastLeaderElection.java","20309","4526","24835"
"2019-09-30 23:22","FastLeaderElection.java","259844","181596","441440"
"2014-07-20 04:50","FastLeaderElection.java","42461","12964","55425"
"2020-04-07 09:07","FastLeaderElection.java","271150","182908","454058"
"2019-01-18 03:42","FastLeaderElection.java","232396","181503","413899"
"2017-09-11 18:55","FastLeaderElection.java","68043","24047","92090"
"2013-03-07 07:01","FastLeaderElection.java","13415","3190","16605"
"2018-08-29 06:26","FastLeaderElection.java","157370","103091","260461"
"2015-02-06 06:17","FastLeaderElection.java","47350","13623","60973"
"2018-04-30 06:34","FastLeaderElection.java","74919","24941","99860"
"2019-08-17 17:13","FastLeaderElection.java","256464","181596","438060"
"2019-08-02 20:08","FastLeaderElection.java","257245","181596","438841"
"2017-01-13 19:29","FastLeaderElection.java","66360","20024","86384"
"2019-08-03 08:42","FastLeaderElection.java","257172","181596","438768"
"2019-11-29 14:49","QuorumUtil.java","264528","178223","442751"
"2013-03-07 07:01","QuorumUtil.java","25608","10503","36111"
"2019-08-17 17:13","QuorumUtil.java","256750","177002","433752"
"2020-03-12 14:47","QuorumUtil.java","269914","178223","448137"
"2019-07-12 17:01","QuorumUtil.java","252063","177002","429065"
"2012-12-11 08:42","QuorumUtil.java","17129","8683","25812"
"2014-01-16 23:59","QuorumUtil.java","33673","11460","45133"
"2019-10-10 14:37","QuorumUtil.java","260503","177002","437505"
"2014-05-18 05:49","QuorumUtil.java","45351","17784","63135"
"2013-10-09 22:21","QuorumUtil.java","31563","11263","42826"
"2013-09-26 14:05","QuorumUtil.java","28321","10924","39245"
"2019-08-17 17:13","Shell.java","256904","177112","434016"
"2015-11-21 22:18","Shell.java","67841","23613","91454"
"2015-02-06 06:17","Shell.java","60589","21938","82527"
"2018-08-06 14:11","Shell.java","107296","48993","156289"
"2013-03-07 07:01","KeeperException.java","38593","12840","51433"
"2011-07-01 00:53","KeeperException.java","5346","1520","6866"
"2012-02-06 09:56","KeeperException.java","19533","7940","27473"
"2014-01-24 07:18","KeeperException.java","48128","13642","61770"
"2019-08-17 17:13","KeeperException.java","256910","179202","436112"
"2014-04-30 04:30","KeeperException.java","57480","19715","77195"
"2019-07-24 18:00","KeeperException.java","253365","179202","432567"
"2016-11-13 20:59","KeeperException.java","84724","24609","109333"
"2017-07-28 00:36","KeeperException.java","86631","27670","114301"
"2020-03-25 03:38","KeeperException.java","270789","180296","451085"
"2018-07-27 05:16","KeeperException.java","113348","45245","158593"
"2013-10-09 22:21","KeeperException.java","44417","13469","57886"
"2019-10-10 14:37","QuorumPeerMain.java","261253","131664","392917"
"2010-03-13 01:06","QuorumPeerMain.java","50776","14226","65002"
"2020-01-23 13:43","QuorumPeerMain.java","268066","132303","400369"
"2019-11-28 12:24","QuorumPeerMain.java","263045","132303","395348"
"2012-03-06 09:20","QuorumPeerMain.java","82609","26011","108620"
"2010-08-18 08:24","QuorumPeerMain.java","74556","18292","92848"
"2013-10-09 22:21","QuorumPeerMain.java","103180","27645","130825"
"2011-09-02 22:50","QuorumPeerMain.java","78222","21252","99474"
"2020-02-16 10:25","QuorumPeerMain.java","268779","132303","401082"
"2019-04-18 19:17","QuorumPeerMain.java","240017","131664","371681"
"2011-04-12 09:14","QuorumPeerMain.java","70009","22700","92709"
"2019-11-11 13:59","QuorumPeerMain.java","264910","131664","396574"
"2019-04-12 19:01","QuorumPeerMain.java","239307","131664","370971"
"2018-09-11 15:23","QuorumPeerMain.java","199346","83637","282983"
"2017-02-13 22:09","QuorumPeerMain.java","136192","32698","168890"
"2014-07-18 02:19","QuorumPeerMain.java","118549","29458","148007"
"2018-08-06 14:11","QuorumPeerMain.java","158322","44828","203150"
"2012-04-23 01:20","QuorumPeerMain.java","84855","26353","111208"
"2017-07-28 00:36","QuorumPeerMain.java","136659","33111","169770"
"2019-08-17 17:13","QuorumPeerMain.java","257500","131664","389164"
"2015-03-17 18:06","QuorumPeerMain.java","124741","29677","154418"
"2017-11-28 00:10","QuorumPeerMain.java","141228","33260","174488"
"2020-01-30 09:43","PurgeTxnTest.java","15040","8319","23359"
"2020-03-03 10:53","PurgeTxnTest.java","18066","10078","28144"
"2020-01-31 12:01","PurgeTxnTest.java","15040","8319","23359"
"2015-02-06 06:17","PrepRequestProcessor.java","55902","16059","71961"
"2012-02-06 10:39","PrepRequestProcessor.java","3742","1558","5300"
"2013-03-07 07:01","PrepRequestProcessor.java","23736","7395","31131"
"2019-02-07 11:26","PrepRequestProcessor.java","234916","175600","410516"
"2019-09-11 10:27","PrepRequestProcessor.java","258015","175675","433690"
"2018-07-19 05:59","PrepRequestProcessor.java","102949","44570","147519"
"2017-09-11 18:55","PrepRequestProcessor.java","75847","25735","101582"
"2019-01-16 14:21","PrepRequestProcessor.java","232563","175599","408162"
"2017-06-01 05:45","PrepRequestProcessor.java","74496","24848","99344"
"2012-04-14 02:32","PrepRequestProcessor.java","7547","3799","11346"
"2019-11-08 17:30","PrepRequestProcessor.java","262301","175703","438004"
"2016-11-13 20:59","PrepRequestProcessor.java","72055","21352","93407"
"2019-04-09 15:35","PrepRequestProcessor.java","237459","175618","413077"
"2019-04-17 14:16","PrepRequestProcessor.java","238731","175675","414406"
"2014-10-28 05:35","PrepRequestProcessor.java","53787","15883","69670"
"2019-05-10 12:22","PrepRequestProcessor.java","241166","175675","416841"
"2017-06-26 00:16","PrepRequestProcessor.java","74995","25069","100064"
"2019-02-07 11:22","PrepRequestProcessor.java","234578","175600","410178"
"2016-11-16 06:21","PrepRequestProcessor.java","72631","21381","94012"
"2019-08-01 07:31","PrepRequestProcessor.java","257330","175675","433005"
"2019-06-26 10:57","PrepRequestProcessor.java","244509","175675","420184"
"2014-01-24 07:18","PrepRequestProcessor.java","33503","8429","41932"
"2015-05-29 19:45","PrepRequestProcessor.java","59054","16420","75474"
"2016-10-07 21:51","PrepRequestProcessor.java","69781","21331","91112"
"2015-06-04 19:51","PrepRequestProcessor.java","59938","16539","76477"
"2019-08-17 17:13","PrepRequestProcessor.java","256659","175675","432334"
"2018-08-08 06:21","PrepRequestProcessor.java","145950","86091","232041"
"2018-05-09 23:57","PrepRequestProcessor.java","83231","26558","109789"
"2015-06-11 20:09","PrepRequestProcessor.java","60078","16553","76631"
"2019-12-27 22:33","PrepRequestProcessor.java","266642","176980","443622"
"2014-04-01 01:47","PrepRequestProcessor.java","35218","8881","44099"
"2019-10-10 14:37","PrepRequestProcessor.java","260412","175675","436087"
"2020-03-25 03:38","PrepRequestProcessor.java","270749","176980","447729"
"2014-07-25 01:31","PrepRequestProcessor.java","51557","15729","67286"
"2013-10-09 22:21","PrepRequestProcessor.java","29726","8190","37916"
"2014-04-29 02:23","PrepRequestProcessor.java","43024","14685","57709"
"2015-03-08 23:07","PrepRequestProcessor.java","56134","16117","72251"
"2014-07-22 06:51","PrepRequestProcessor.java","51310","15671","66981"
"2012-03-15 17:47","PrepRequestProcessor.java","5058","1661","6719"
"2018-06-15 07:41","PrepRequestProcessor.java","84033","26608","110641"
"2012-12-19 19:16","PrepRequestProcessor.java","17920","6135","24055"
"2011-11-14 20:18","PrepRequestProcessor.java","690","55","745"
"2020-03-26 22:20","BaseSysTest.java","53832","36105","89937"
"2015-02-06 06:17","PrepRequestProcessor.java","56161","16156","72317"
"2012-02-06 10:39","PrepRequestProcessor.java","4092","1746","5838"
"2013-03-07 07:01","PrepRequestProcessor.java","24127","7624","31751"
"2019-02-07 11:26","PrepRequestProcessor.java","234916","175438","410354"
"2019-09-11 10:27","PrepRequestProcessor.java","258015","175513","433528"
"2018-07-19 05:59","PrepRequestProcessor.java","103104","44563","147667"
"2017-09-11 18:55","PrepRequestProcessor.java","76037","25763","101800"
"2019-01-16 14:21","PrepRequestProcessor.java","232563","175437","408000"
"2017-06-01 05:45","PrepRequestProcessor.java","74686","24876","99562"
"2012-04-14 02:32","PrepRequestProcessor.java","7896","3986","11882"
"2019-11-08 17:30","PrepRequestProcessor.java","262301","175541","437842"
"2016-11-13 20:59","PrepRequestProcessor.java","72261","21396","93657"
"2019-04-09 15:35","PrepRequestProcessor.java","237459","175456","412915"
"2019-04-17 14:16","PrepRequestProcessor.java","238731","175513","414244"
"2014-10-28 05:35","PrepRequestProcessor.java","54049","15983","70032"
"2019-05-10 12:22","PrepRequestProcessor.java","241166","175513","416679"
"2017-06-26 00:16","PrepRequestProcessor.java","75185","25097","100282"
"2019-02-07 11:22","PrepRequestProcessor.java","234578","175438","410016"
"2016-11-16 06:21","PrepRequestProcessor.java","72837","21425","94262"
"2019-08-01 07:31","PrepRequestProcessor.java","257330","175513","432843"
"2019-06-26 10:57","PrepRequestProcessor.java","244509","175513","420022"
"2014-01-24 07:18","PrepRequestProcessor.java","33883","8647","42530"
"2015-05-29 19:45","PrepRequestProcessor.java","59273","16477","75750"
"2016-10-07 21:51","PrepRequestProcessor.java","69987","21375","91362"
"2015-06-04 19:51","PrepRequestProcessor.java","60155","16594","76749"
"2019-08-17 17:13","PrepRequestProcessor.java","256659","175513","432172"
"2018-08-08 06:21","PrepRequestProcessor.java","146099","86078","232177"
"2018-05-09 23:57","PrepRequestProcessor.java","83415","26580","109995"
"2015-06-11 20:09","PrepRequestProcessor.java","60295","16608","76903"
"2019-12-27 22:33","PrepRequestProcessor.java","266642","176818","443460"
"2014-04-01 01:47","PrepRequestProcessor.java","35598","9099","44697"
"2019-10-10 14:37","PrepRequestProcessor.java","260412","175513","435925"
"2020-03-25 03:38","PrepRequestProcessor.java","270749","176818","447567"
"2014-07-25 01:31","PrepRequestProcessor.java","51819","15829","67648"
"2013-10-09 22:21","PrepRequestProcessor.java","30106","8408","38514"
"2014-04-29 02:23","PrepRequestProcessor.java","43290","14789","58079"
"2015-03-08 23:07","PrepRequestProcessor.java","56393","16214","72607"
"2014-07-22 06:51","PrepRequestProcessor.java","51576","15775","67351"
"2012-03-15 17:47","PrepRequestProcessor.java","5407","1848","7255"
"2011-11-01 15:41","PrepRequestProcessor.java","351","189","540"
"2018-06-15 07:41","PrepRequestProcessor.java","84217","26630","110847"
"2012-12-19 19:16","PrepRequestProcessor.java","18311","6364","24675"
"2011-11-14 20:18","PrepRequestProcessor.java","1040","243","1283"
"2012-04-23 01:20","HierarchicalQuorumTest.java","97889","21510","119399"
"2014-06-04 22:07","HierarchicalQuorumTest.java","125380","24212","149592"
"2009-11-18 20:06","HierarchicalQuorumTest.java","48346","7631","55977"
"2009-07-17 00:09","HierarchicalQuorumTest.java","33088","4791","37879"
"2009-06-18 18:37","HierarchicalQuorumTest.java","22640","2434","25074"
"2019-08-17 17:13","HierarchicalQuorumTest.java","257558","113845","371403"
"2019-07-12 17:01","HierarchicalQuorumTest.java","252871","113845","366716"
"2010-03-13 01:06","HierarchicalQuorumTest.java","66980","12553","79533"
"2019-10-10 14:37","HierarchicalQuorumTest.java","261311","113845","375156"
"2009-08-11 23:09","HierarchicalQuorumTest.java","34986","5062","40048"
"2009-11-07 01:48","HierarchicalQuorumTest.java","40242","7145","47387"
"2009-09-16 02:09","HierarchicalQuorumTest.java","36243","5531","41774"
"2018-06-26 11:18","HierarchicalQuorumTest.java","157660","28119","185779"
"2011-04-12 09:14","HierarchicalQuorumTest.java","83159","17973","101132"
"2017-05-11 16:59","HierarchicalQuorumTest.java","149228","27788","177016"
"2010-05-05 22:32","HierarchicalQuorumTest.java","67972","13526","81498"
"2010-03-31 06:26","HierarchicalQuorumTest.java","68135","13461","81596"
"2019-02-06 09:46","ZooKeeperTestable.java","233699","214649","448348"
"2019-08-17 17:13","ZooKeeperTestable.java","256104","214757","470861"
"2019-08-17 17:13","CreateTest.java","255966","218914","474880"
"2019-05-14 17:11","SyncRequestProcessor.java","241600","178406","420006"
"2019-06-05 00:46","SyncRequestProcessor.java","242792","178405","421197"
"2019-05-22 11:39","SyncRequestProcessor.java","242133","178406","420539"
"2013-09-30 22:20","SyncRequestProcessor.java","42226","13269","55495"
"2019-06-03 19:40","SyncRequestProcessor.java","242263","178405","420668"
"2019-08-17 17:13","SyncRequestProcessor.java","256932","178405","435337"
"2019-10-10 14:37","SyncRequestProcessor.java","260685","178405","439090"
"2013-10-24 20:41","SyncRequestProcessor.java","46096","13625","59721"
"2020-01-07 20:39","SyncRequestProcessor.java","267079","179499","446578"
"2020-03-25 03:38","SyncRequestProcessor.java","270811","179499","450310"
"2015-03-08 23:07","SyncRequestProcessor.java","71263","21015","92278"
"2019-04-30 18:08","SyncRequestProcessor.java","240769","178406","419175"
"2020-05-04 14:17","FileChangeWatcherTest.java","20918","10943","31861"
"2019-06-26 10:57","PrepRequestProcessorTest.java","243827","218518","462345"
"2019-09-05 23:12","PrepRequestProcessorTest.java","256897","218519","475416"
"2019-08-17 17:13","PrepRequestProcessorTest.java","255978","218519","474497"
"2018-08-08 06:21","PrepRequestProcessorTest.java","98819","82485","181304"
"2019-09-11 10:27","PrepRequestProcessorTest.java","257334","218519","475853"
"2018-09-18 01:00","PrepRequestProcessorTest.java","131213","111773","242986"
"2019-12-27 22:33","PrepRequestProcessorTest.java","266201","220064","486265"
"2019-10-10 14:37","ZKDatabase.java","258829","229260","488089"
"2019-12-27 22:33","ZKDatabase.java","265525","231031","496556"
"2018-04-06 06:04","ZKDatabase.java","23","15","38"
"2018-09-28 23:38","ZKDatabase.java","111978","101607","213585"
"2019-11-08 17:30","ZKDatabase.java","260738","229308","490046"
"2019-05-14 17:11","ZKDatabase.java","239722","229239","468961"
"2018-09-18 01:00","ZKDatabase.java","108703","100906","209609"
"2019-02-07 11:26","ZKDatabase.java","233273","229125","462398"
"2019-04-12 19:01","ZKDatabase.java","236845","229222","466067"
"2018-09-05 22:35","ZKDatabase.java","106298","100755","207053"
"2019-08-17 17:13","ZKDatabase.java","255075","229259","484334"
"2019-09-10 00:27","ZKDatabase.java","256016","229260","485276"
"2019-04-09 15:35","ZKDatabase.java","235822","229149","464971"
"2019-05-06 17:48","LearnerHandlerTest.java","240589","200616","441205"
"2017-11-28 00:10","LearnerHandlerTest.java","52376","23731","76107"
"2019-08-17 17:13","LearnerHandlerTest.java","256292","200632","456924"
"2017-09-11 18:55","LearnerHandlerTest.java","48093","23305","71398"
"2018-12-09 03:16","LearnerHandlerTest.java","228842","200524","429366"
"2019-05-20 17:18","LearnerHandlerTest.java","241067","200616","441683"
"2019-07-03 20:54","LearnerHandlerTest.java","244286","200632","444918"
"2019-10-10 14:37","JMXEnv.java","259907","204462","464369"
"2019-12-27 22:33","JMXEnv.java","266271","205901","472172"
"2015-11-03 08:11","JMXEnv.java","20767","5195","25962"
"2019-01-14 19:38","JMXEnv.java","231337","204353","435690"
"2019-08-17 17:13","JMXEnv.java","256154","204462","460616"
"2019-06-03 19:40","JMXEnv.java","241485","204462","445947"
"2019-06-07 14:13","TruncateTest.java","243594","143983","387577"
"2015-05-14 18:40","TruncateTest.java","118991","32507","151498"
"2019-08-17 17:13","TruncateTest.java","257490","143983","401473"
"2018-05-09 23:57","TruncateTest.java","137128","36603","173731"
"2014-09-27 08:20","TruncateTest.java","113762","32293","146055"
"2019-07-12 17:01","TruncateTest.java","252803","143983","396786"
"2017-08-18 06:32","TruncateTest.java","130117","36331","166448"
"2012-07-17 23:25","TruncateTest.java","78072","28320","106392"
"2010-03-16 22:23","TruncateTest.java","37265","13019","50284"
"2017-09-11 18:55","TruncateTest.java","130362","36398","166760"
"2014-06-30 19:11","TruncateTest.java","106003","31768","137771"
"2016-08-24 01:36","TruncateTest.java","125614","34645","160259"
"2010-03-31 06:26","TruncateTest.java","38980","14512","53492"
"2010-08-18 08:24","TruncateTest.java","61840","17905","79745"
"2017-05-11 16:59","TruncateTest.java","129643","36227","165870"
"2020-01-28 17:26","TruncateTest.java","268528","144623","413151"
"2017-01-07 01:09","TruncateTest.java","131042","34941","165983"
"2010-03-13 01:06","TruncateTest.java","37236","13015","50251"
"2014-02-12 17:00","TruncateTest.java","99408","30232","129640"
"2014-01-03 01:24","TruncateTest.java","97375","30161","127536"
"2009-09-16 02:09","TruncateTest.java","1023","517","1540"
"2014-08-14 08:08","QuorumPeerTestBase.java","43672","13160","56832"
"2014-07-26 04:11","QuorumPeerTestBase.java","43054","13106","56160"
"2014-03-25 22:13","QuorumPeerTestBase.java","25270","5223","30493"
"2016-11-03 16:07","QuorumPeerTestBase.java","62277","19143","81420"
"2019-12-27 22:33","QuorumPeerTestBase.java","266454","182692","449146"
"2019-10-10 14:37","QuorumPeerTestBase.java","260217","181380","441597"
"2016-06-23 23:25","QuorumPeerTestBase.java","58961","18315","77276"
"2014-07-18 20:48","QuorumPeerTestBase.java","42445","12794","55239"
"2014-08-19 22:50","QuorumPeerTestBase.java","43866","13240","57106"
"2019-07-12 17:01","QuorumPeerTestBase.java","251777","181380","433157"
"2017-01-13 19:29","QuorumPeerTestBase.java","66427","19875","86302"
"2015-03-17 18:06","QuorumPeerTestBase.java","48825","13660","62485"
"2019-08-17 17:13","QuorumPeerTestBase.java","256464","181380","437844"
"2017-11-28 00:10","QuorumPeerTestBase.java","72266","24197","96463"
"2014-01-21 04:50","QuorumPeerTestBase.java","22496","4905","27401"
"2017-12-16 01:25","QuorumPeerTestBase.java","72612","24499","97111"
"2014-07-18 02:19","QuorumPeerTestBase.java","41937","12745","54682"
"2013-03-07 07:01","QuorumPeerTestBase.java","13756","3315","17071"
"2018-10-12 10:25","QuorumPeerTestBase.java","232697","162178","394875"
"2018-09-15 00:08","ZooKeeperServer.java","92217","88860","181077"
"2019-04-12 19:01","ZooKeeperServer.java","235932","232096","468028"
"2019-07-31 19:06","ZooKeeperServer.java","253470","232134","485604"
"2019-09-11 10:27","ZooKeeperServer.java","255520","232135","487655"
"2019-01-14 19:38","ZooKeeperServer.java","229300","231979","461279"
"2019-01-07 15:34","ZooKeeperServer.java","228901","231979","460880"
"2018-11-21 17:56","ZooKeeperServer.java","222094","231975","454069"
"2019-02-13 13:12","ZooKeeperServer.java","232989","232014","465003"
"2018-09-18 01:00","ZooKeeperServer.java","92991","88981","181972"
"2019-03-04 08:07","ZooKeeperServer.java","233567","232015","465582"
"2019-07-08 23:26","ZooKeeperServer.java","242938","232133","475071"
"2019-01-23 14:00","ZooKeeperServer.java","230737","231981","462718"
"2019-02-13 13:19","ZooKeeperServer.java","233275","232014","465289"
"2019-05-14 17:11","ZooKeeperServer.java","238809","232113","470922"
"2019-06-04 10:55","ZooKeeperServer.java","239646","232133","471779"
"2019-04-09 15:35","ZooKeeperServer.java","234903","232017","466920"
"2019-08-03 08:42","ZooKeeperServer.java","254871","232134","487005"
"2019-05-15 11:56","ZooKeeperServer.java","238896","232113","471009"
"2019-05-22 11:39","ZooKeeperServer.java","239345","232116","471461"
"2019-04-22 19:15","ZooKeeperServer.java","236907","232096","469003"
"2019-09-10 04:26","ZooKeeperServer.java","255209","232135","487344"
"2019-08-17 17:13","ZooKeeperServer.java","254163","232134","486297"
"2019-09-05 23:12","ZooKeeperServer.java","255083","232135","487218"
"2019-09-10 15:21","ZooKeeperServer.java","255207","232135","487342"
"2019-08-01 07:31","ZooKeeperServer.java","254834","232134","486968"
"2019-08-01 07:28","ZooKeeperServer.java","254344","232134","486478"
"2019-06-03 19:40","ZooKeeperServer.java","239493","232133","471626"
"2019-11-23 17:08","ZooKeeperServer.java","260802","234072","494874"
"2019-10-09 16:49","ZooKeeperServer.java","257750","232135","489885"
"2019-07-03 00:44","ZooKeeperServer.java","242175","232133","474308"
"2019-07-24 18:00","ZooKeeperServer.java","250618","232134","482752"
"2018-08-08 06:21","ZooKeeperServer.java","48807","47903","96710"
"2019-12-27 22:33","ZooKeeperServer.java","264780","234073","498853"
"2018-09-11 00:17","ZooKeeperServer.java","90634","88826","179460"
"2019-11-18 09:05","ZooKeeperServer.java","259245","234072","493317"
"2019-10-10 14:37","ZooKeeperServer.java","257917","232135","490052"
"2019-09-16 23:26","ZooKeeperServer.java","257183","232135","489318"
"2019-12-03 10:01","ZooKeeperServer.java","262704","234072","496776"
"2020-03-25 03:38","ZooKeeperServer.java","268888","234074","502962"
"2019-11-28 12:24","ZooKeeperServer.java","261007","234072","495079"
"2019-11-06 15:21","ZooKeeperServer.java","258181","232183","490364"
"2020-04-12 11:14","ZooKeeperServer.java","269702","234135","503837"
"2019-04-18 19:17","ZooKeeperServer.java","236642","232096","468738"
"2019-04-10 13:19","FileSnap.java","236523","226924","463447"
"2019-07-31 19:06","FileSnap.java","254581","226943","481524"
"2020-01-30 09:43","FileSnap.java","267354","228549","495903"
"2019-05-27 10:54","FileSnap.java","240576","226925","467501"
"2017-06-26 00:07","FileSnap.java","2207","4928","7135"
"2017-08-18 06:32","FileSnap.java","3903","6622","10525"
"2019-08-17 17:13","FileSnap.java","255274","226943","482217"
"2018-02-14 21:23","FileSnap.java","10276","7925","18201"
"2019-12-03 19:12","FileSnap.java","263493","228547","492040"
"2019-12-27 22:33","FileSnap.java","265557","228548","494105"
"2019-10-10 14:37","FileSnap.java","259027","226943","485970"
"2020-01-28 17:26","FileSnap.java","267278","228549","495827"
"2019-08-17 17:13","ZooKeeperServerConf.java","51153","30099","81252"
"2019-11-08 17:30","Request.java","261797","203538","465335"
"2019-01-16 14:21","Request.java","232027","203402","435429"
"2019-04-25 02:11","Request.java","239859","203494","443353"
"2019-07-08 23:26","Request.java","244931","203510","448441"
"2015-02-06 06:17","Request.java","14436","2932","17368"
"2019-02-07 11:26","Request.java","234380","203403","437783"
"2019-08-06 17:11","Request.java","257256","203510","460766"
"2019-08-01 07:28","Request.java","256336","203510","459846"
"2019-06-26 10:57","Request.java","244005","203510","447515"
"2016-10-07 21:51","Request.java","30216","10105","40321"
"2015-06-04 19:51","Request.java","19150","4090","23240"
"2019-08-17 17:13","Request.java","256155","203510","459665"
"2019-04-17 14:16","Request.java","238211","203494","441705"
"2019-05-03 00:44","Request.java","240136","203494","443630"
"2019-06-05 00:46","Request.java","242015","203510","445525"
"2019-05-10 12:22","Request.java","240646","203494","444140"
"2020-03-25 03:38","Request.java","270379","204949","475328"
"2019-09-20 10:06","Request.java","259018","203510","462528"
"2019-09-16 23:26","Request.java","259174","203510","462684"
"2019-12-27 22:33","Request.java","266272","204949","471221"
"2019-11-11 13:59","Request.java","263593","203538","467131"
"2020-05-05 21:20","Request.java","271410","204949","476359"
"2019-08-17 17:13","PurgeTxnTest.java","256154","203849","460003"
"2020-01-30 09:43","PurgeTxnTest.java","268068","205289","473357"
"2016-08-24 01:36","PurgeTxnTest.java","28122","9684","37806"
"2017-01-23 02:13","PurgeTxnTest.java","35060","11086","46146"
"2020-03-03 10:53","PurgeTxnTest.java","269335","205289","474624"
"2020-01-31 12:01","PurgeTxnTest.java","268068","205289","473357"
"2019-10-10 14:37","PurgeTxnTest.java","259907","203849","463756"
"2015-11-08 22:21","PurgeTxnTest.java","21598","5265","26863"
"2019-10-10 14:37","LearnerHandler.java","259003","224192","483195"
"2019-07-03 20:54","LearnerHandler.java","243243","224191","467434"
"2018-09-18 01:00","LearnerHandler.java","115841","102802","218643"
"2018-08-03 18:52","LearnerHandler.java","34134","24671","58805"
"2018-12-09 03:16","LearnerHandler.java","227788","224072","451860"
"2019-04-12 19:01","LearnerHandler.java","237038","224173","461211"
"2017-11-28 00:10","LearnerHandler.java","6466","2423","8889"
"2019-06-29 00:33","LearnerHandler.java","243236","224191","467427"
"2019-07-25 21:41","LearnerHandler.java","251733","224192","475925"
"2019-08-23 19:43","LearnerHandler.java","255916","224192","480108"
"2019-08-17 17:13","LearnerHandler.java","255250","224192","479442"
"2017-08-03 20:28","LearnerHandler.java","1225","1577","2802"
"2019-05-06 17:48","LearnerHandler.java","239544","224173","463717"
"2019-08-03 08:42","LearnerHandler.java","255958","224192","480150"
"2019-04-22 19:15","LearnerHandler.java","238013","224173","462186"
"2018-09-18 01:00","UpgradeableSessionTracker.java","135411","112463","247874"
"2018-08-08 06:21","UpgradeableSessionTracker.java","103220","83378","186598"
"2019-08-17 17:13","UpgradeableSessionTracker.java","256089","215122","471211"
"2019-09-05 23:12","UpgradeableSessionTracker.java","257008","215122","472130"
"2019-10-10 14:37","UpgradeableSessionTracker.java","259842","215122","474964"
"2019-11-28 12:24","DataTree.java","263068","90577","353645"
"2011-07-13 15:48","DataTree.java","100283","9334","109617"
"2011-06-25 08:13","DataTree.java","102298","11108","113406"
"2011-07-28 07:49","DataTree.java","102816","9421","112237"
"2019-10-10 14:37","DataTree.java","261459","90121","351580"
"2019-12-27 22:33","DataTree.java","266840","90577","357417"
"2015-06-06 03:48","DataTree.java","155512","17160","172672"
"2010-01-26 01:17","DataTree.java","77284","8395","85679"
"2009-10-31 00:09","DataTree.java","63723","7159","70882"
"2019-11-11 13:59","DataTree.java","265116","90121","355237"
"2011-04-12 09:14","DataTree.java","99928","10870","110798"
"2018-07-10 13:29","DataTree.java","178860","26299","205159"
"2012-12-19 19:16","DataTree.java","121446","14813","136259"
"2014-04-17 08:47","DataTree.java","139174","16693","155867"
"2014-04-29 02:23","DataTree.java","139882","16695","156577"
"2010-07-05 20:20","DataTree.java","98890","9497","108387"
"2011-09-15 00:55","DataTree.java","108157","12029","120186"
"2011-09-28 22:17","DataTree.java","108390","12077","120467"
"2018-09-28 23:38","DataTree.java","213356","52969","266325"
"2011-09-17 02:36","DataTree.java","108126","12070","120196"
"2011-10-20 18:48","DataTree.java","107911","13438","121349"
"2019-11-08 17:30","DataTree.java","263320","90121","353441"
"2013-09-05 23:50","DataTree.java","128129","15224","143353"
"2009-02-03 06:23","DataTree.java","15065","2402","17467"
"2019-01-30 16:28","DataTree.java","234790","90094","324884"
"2019-01-30 17:02","DataTree.java","235334","90094","325428"
"2016-11-24 17:18","DataTree.java","165233","19114","184347"
"2017-09-11 18:55","DataTree.java","164915","19955","184870"
"2011-07-01 00:53","DataTree.java","105124","11421","116545"
"2012-02-06 10:39","DataTree.java","111056","14024","125080"
"2011-12-21 21:39","DataTree.java","109918","13754","123672"
"2017-02-05 07:22","DataTree.java","166745","19187","185932"
"2014-07-18 02:19","DataTree.java","146871","16931","163802"
"2019-02-07 11:26","DataTree.java","236011","90094","326105"
"2013-03-07 07:01","DataTree.java","126288","15099","141387"
"2018-09-04 11:54","DataTree.java","208135","52832","260967"
"2018-09-05 22:35","DataTree.java","208390","52831","261221"
"2018-12-20 15:17","DataTree.java","231279","90094","321373"
"2019-09-10 09:53","DataTree.java","258755","90121","348876"
"2019-04-12 19:01","DataTree.java","239514","90122","329636"
"2019-07-31 19:06","DataTree.java","257013","90121","347134"
"2019-09-11 10:27","DataTree.java","259062","90121","349183"
"2013-10-22 12:54","DataTree.java","132280","15306","147586"
"2016-03-23 00:30","DataTree.java","158445","18654","177099"
"2019-08-01 07:31","DataTree.java","258377","90121","348498"
"2009-06-15 22:52","DataTree.java","47429","4422","51851"
"2014-01-24 07:18","DataTree.java","135245","15323","150568"
"2009-11-12 23:48","DataTree.java","69852","7678","77530"
"2009-06-18 18:37","DataTree.java","48749","4671","53420"
"2019-08-17 17:13","DataTree.java","257706","90121","347827"
"2019-09-10 15:21","DataTree.java","258749","90121","348870"
"2015-06-04 19:51","DataTree.java","155405","17158","172563"
"2016-10-07 21:51","DataTree.java","162258","18960","181218"
"2017-06-18 19:23","DataTree.java","164492","19846","184338"
"2019-04-12 12:29","DataTree.java","239083","90122","329205"
"2019-08-03 08:42","DataTree.java","258414","90121","348535"
"2019-08-09 16:15","DataTree.java","259162","90121","349283"
"2016-11-13 20:59","DataTree.java","164521","18970","183491"
"2019-04-29 16:49","DataTree.java","241544","90122","331666"
"2020-03-20 11:00","FileChangeWatcher.java","83970","44535","128505"
"2019-10-10 14:37","FileChangeWatcher.java","68872","37692","106564"
"2019-08-17 17:13","FileChangeWatcher.java","63127","35700","98827"
"2019-08-03 08:42","FileChangeWatcher.java","42780","14645","57425"
"2019-08-17 17:13","ZkDatabaseCorruptionTest.java","255074","229266","484340"
"2019-10-10 14:37","ZkDatabaseCorruptionTest.java","258828","229267","488095"
"2019-10-10 14:37","ZKDatabase.java","258987","223824","482811"
"2019-12-27 22:33","ZKDatabase.java","265554","225466","491020"
"2018-04-06 06:04","ZKDatabase.java","7131","1529","8660"
"2018-09-28 23:38","ZKDatabase.java","118408","102443","220851"
"2019-11-08 17:30","ZKDatabase.java","260896","223872","484768"
"2019-05-14 17:11","ZKDatabase.java","239882","223805","463687"
"2018-09-18 01:00","ZKDatabase.java","115152","101761","216913"
"2019-02-07 11:26","ZKDatabase.java","233449","223707","457156"
"2019-04-12 19:01","ZKDatabase.java","237022","223805","460827"
"2018-09-05 22:35","ZKDatabase.java","112749","101612","214361"
"2018-02-07 01:05","ZKDatabase.java","6660","1410","8070"
"2019-08-17 17:13","ZKDatabase.java","255234","223824","479058"
"2019-09-10 00:27","ZKDatabase.java","256174","223824","479998"
"2018-02-23 23:49","ZKDatabase.java","7111","1517","8628"
"2019-04-09 15:35","ZKDatabase.java","235997","223730","459727"
"2019-06-07 14:13","TruncateTest.java","243588","144483","388071"
"2015-05-14 18:40","TruncateTest.java","118157","32179","150336"
"2019-08-17 17:13","TruncateTest.java","257484","144483","401967"
"2018-05-09 23:57","TruncateTest.java","136352","36333","172685"
"2014-09-27 08:20","TruncateTest.java","112925","31962","144887"
"2019-07-12 17:01","TruncateTest.java","252797","144483","397280"
"2017-08-18 06:32","TruncateTest.java","129322","36042","165364"
"2012-07-17 23:25","TruncateTest.java","77188","27942","105130"
"2010-03-16 22:23","TruncateTest.java","36276","12536","48812"
"2017-09-11 18:55","TruncateTest.java","129568","36110","165678"
"2014-06-30 19:11","TruncateTest.java","105165","31436","136601"
"2016-08-24 01:36","TruncateTest.java","124812","34349","159161"
"2010-03-31 06:26","TruncateTest.java","38033","14071","52104"
"2010-08-18 08:24","TruncateTest.java","60926","17497","78423"
"2017-05-11 16:59","TruncateTest.java","128848","35938","164786"
"2020-01-28 17:26","TruncateTest.java","268528","145129","413657"
"2017-01-07 01:09","TruncateTest.java","130241","34646","164887"
"2010-03-13 01:06","TruncateTest.java","36247","12532","48779"
"2014-02-12 17:00","TruncateTest.java","98569","29899","128468"
"2014-01-03 01:24","TruncateTest.java","96536","29828","126364"
"2020-03-25 03:38","CommitProcessor.java","19231","10199","29430"
"2019-11-11 13:55","CommitProcessor.java","2149","194","2343"
"2019-12-27 22:33","CommitProcessor.java","11303","6378","17681"
"2011-04-29 18:12","QuorumCnxManager.java","5820","42856","48676"
"2011-12-28 01:26","QuorumCnxManager.java","23694","49516","73210"
"2019-11-29 14:49","QuorumCnxManager.java","264615","216902","481517"
"2013-03-07 07:01","QuorumCnxManager.java","43556","54424","97980"
"2018-07-11 06:04","QuorumCnxManager.java","107394","76881","184275"
"2018-08-06 14:11","QuorumCnxManager.java","118436","86150","204586"
"2010-11-17 15:59","QuorumCnxManager.java","5032","2425","7457"
"2012-06-29 22:08","QuorumCnxManager.java","29701","52364","82065"
"2018-10-16 16:22","QuorumCnxManager.java","236875","184703","421578"
"2019-06-14 09:06","QuorumCnxManager.java","244983","215829","460812"
"2019-08-03 08:42","QuorumCnxManager.java","257693","215829","473522"
"2019-11-13 20:41","QuorumCnxManager.java","264704","215829","480533"
"2019-04-09 16:08","QuorumCnxManager.java","237790","215778","453568"
"2019-08-06 12:52","QuorumCnxManager.java","257958","215829","473787"
"2017-02-09 11:40","QuorumCnxManager.java","91920","66384","158304"
"2019-05-20 23:13","QuorumCnxManager.java","241858","215830","457688"
"2015-04-09 20:16","QuorumCnxManager.java","77310","62391","139701"
"2017-08-23 02:16","QuorumCnxManager.java","91555","68715","160270"
"2019-07-27 20:04","QuorumCnxManager.java","253516","215829","469345"
"2015-05-29 23:46","QuorumCnxManager.java","77960","62525","140485"
"2015-05-14 07:10","QuorumCnxManager.java","77633","62494","140127"
"2020-03-12 14:47","QuorumCnxManager.java","270001","216902","486903"
"2019-08-17 17:13","QuorumCnxManager.java","256985","215829","472814"
"2017-11-28 00:10","QuorumCnxManager.java","95695","68935","164630"
"2019-10-10 14:37","QuorumCnxManager.java","260738","215829","476567"
"2014-07-23 19:36","QuorumCnxManager.java","70504","62018","132522"
"2017-06-09 18:37","QuorumCnxManager.java","91094","68550","159644"
"2020-01-23 13:43","QuorumCnxManager.java","267985","216902","484887"
"2014-03-23 04:12","QuorumCnxManager.java","53818","55316","109134"
"2014-07-08 05:25","QuorumCnxManager.java","65965","61749","127714"
"2019-11-28 12:24","QuorumCnxManager.java","262964","216902","479866"
"2014-06-25 15:04","QuorumCnxManager.java","63951","61371","125322"
"2011-08-15 02:44","QuorumCnxManager.java","15381","43596","58977"
"2016-06-08 17:43","QuorumCnxManager.java","84229","65262","149491"
"2020-03-23 16:20","QuorumCnxManager.java","270172","216902","487074"
"2020-02-16 10:25","QuorumCnxManager.java","268698","216902","485600"
"2014-07-22 06:45","QuorumCnxManager.java","70428","62017","132445"
"2011-04-12 09:14","QuorumCnxManager.java","5374","42745","48119"
"2018-07-27 12:32","QuorumCnxManager.java","117786","86112","203898"
"2010-10-20 00:32","QuorumCnxManager.java","2948","1455","4403"
"2011-03-16 19:49","QuorumCnxManager.java","6914","2812","9726"
"2019-10-10 14:37","SaslServerCallbackHandler.java","260217","181829","442046"
"2019-08-03 08:42","SaslServerCallbackHandler.java","257172","181829","439001"
"2019-08-17 17:13","SaslServerCallbackHandler.java","256464","181829","438293"
"2017-11-28 00:10","SaslServerCallbackHandler.java","71961","24341","96302"
"2016-10-17 10:27","SaslServerCallbackHandler.java","61410","19258","80668"
"2017-11-16 00:21","ZNodeNameTest.java","109879","39379","149258"
"2020-01-21 18:14","ZNodeNameTest.java","266186","169799","435985"
"2015-07-07 07:11","ZNodeNameTest.java","97988","34158","132146"
"2019-08-27 09:23","ZNodeNameTest.java","257583","168727","426310"
"2010-03-04 00:07","FileTxnLog.java","70459","12533","82992"
"2011-06-21 07:34","FileTxnLog.java","95348","17847","113195"
"2014-02-12 17:00","FileTxnLog.java","129666","22263","151929"
"2013-12-11 01:10","FileTxnLog.java","126743","22225","148968"
"2018-01-19 00:43","FileTxnLog.java","163419","27215","190634"
"2009-08-25 07:45","FileTxnLog.java","46586","6115","52701"
"2019-12-27 22:33","FileTxnLog.java","266819","104163","370982"
"2019-10-10 14:37","FileTxnLog.java","261436","103705","365141"
"2018-11-12 22:36","FileTxnLog.java","225748","103678","329426"
"2018-08-01 21:19","FileTxnLog.java","175176","34017","209193"
"2018-04-27 20:28","FileTxnLog.java","165348","27294","192642"
"2018-06-08 16:52","FileTxnLog.java","166797","27296","194093"
"2010-12-23 13:42","FileTxnLog.java","130788","14724","145512"
"2011-09-03 01:07","FileTxnLog.java","101492","16230","117722"
"2011-04-12 09:14","FileTxnLog.java","93189","17738","110927"
"2011-11-15 19:30","FileTxnLog.java","103247","20499","123746"
"2014-06-30 19:11","FileTxnLog.java","136206","23744","159950"
"2020-01-28 17:26","FileTxnLog.java","268539","104163","372702"
"2019-05-14 17:11","FileTxnLog.java","242351","103706","346057"
"2019-01-07 14:24","FileTxnLog.java","232486","103678","336164"
"2013-06-28 23:22","FileTxnLog.java","122412","22130","144542"
"2010-03-16 22:23","FileTxnLog.java","77386","12669","90055"
"2019-04-12 19:01","FileTxnLog.java","239491","103706","343197"
"2017-04-28 07:14","FileTxnLog.java","159275","26802","186077"
"2012-02-06 09:40","FileTxnLog.java","104955","20699","125654"
"2018-09-06 01:11","FileTxnLog.java","203535","60745","264280"
"2018-09-18 01:00","FileTxnLog.java","205837","60793","266630"
"2016-03-20 19:31","FileTxnLog.java","151943","24412","176355"
"2019-08-17 17:13","FileTxnLog.java","257683","103705","361388"
"2009-06-18 18:37","FileTxnLog.java","34643","4172","38815"
"2019-06-03 19:40","FileTxnLog.java","243014","103705","346719"
"2018-04-24 00:20","FileTxnLog.java","165225","27258","192483"
"2018-02-14 21:23","FileTxnLog.java","164335","27252","191587"
"2019-08-03 08:42","FileTxnLog.java","258391","103705","362096"
"2019-04-09 15:35","FileTxnLog.java","238519","103684","342203"
"2017-08-03 20:41","FileTxnLog.java","158755","27098","185853"
"2018-02-02 00:26","FileTxnLog.java","163428","27217","190645"
"2017-06-26 00:07","FileTxnLog.java","159055","27044","186099"
"2019-08-17 17:13","BitHashSet.java","55054","29884","84938"
"2015-02-06 06:17","PrepRequestProcessor.java","56752","16528","73280"
"2012-02-06 10:39","PrepRequestProcessor.java","4789","2224","7013"
"2013-03-07 07:01","PrepRequestProcessor.java","24724","8002","32726"
"2019-02-07 11:26","PrepRequestProcessor.java","234916","175219","410135"
"2019-09-11 10:27","PrepRequestProcessor.java","258015","175294","433309"
"2018-07-19 05:59","PrepRequestProcessor.java","103648","44888","148536"
"2017-09-11 18:55","PrepRequestProcessor.java","76581","26088","102669"
"2019-01-16 14:21","PrepRequestProcessor.java","232563","175218","407781"
"2017-06-01 05:45","PrepRequestProcessor.java","75230","25201","100431"
"2012-04-14 02:32","PrepRequestProcessor.java","8570","4441","13011"
"2019-11-08 17:30","PrepRequestProcessor.java","262301","175322","437623"
"2016-11-13 20:59","PrepRequestProcessor.java","72834","21750","94584"
"2019-04-09 15:35","PrepRequestProcessor.java","237459","175237","412696"
"2019-04-17 14:16","PrepRequestProcessor.java","238731","175294","414025"
"2014-10-28 05:35","PrepRequestProcessor.java","54643","16358","71001"
"2019-05-10 12:22","PrepRequestProcessor.java","241166","175294","416460"
"2017-06-26 00:16","PrepRequestProcessor.java","75729","25422","101151"
"2019-02-07 11:22","PrepRequestProcessor.java","234578","175219","409797"
"2016-11-16 06:21","PrepRequestProcessor.java","73410","21779","95189"
"2019-08-01 07:31","PrepRequestProcessor.java","257330","175294","432624"
"2019-06-26 10:57","PrepRequestProcessor.java","244509","175294","419803"
"2014-01-24 07:18","PrepRequestProcessor.java","34479","9024","43503"
"2015-05-29 19:45","PrepRequestProcessor.java","59901","16886","76787"
"2016-10-07 21:51","PrepRequestProcessor.java","70561","21730","92291"
"2015-06-04 19:51","PrepRequestProcessor.java","60783","17003","77786"
"2019-08-17 17:13","PrepRequestProcessor.java","256659","175294","431953"
"2018-08-08 06:21","PrepRequestProcessor.java","146643","86403","233046"
"2018-05-09 23:57","PrepRequestProcessor.java","83962","26908","110870"
"2015-06-11 20:09","PrepRequestProcessor.java","60923","17017","77940"
"2019-12-27 22:33","PrepRequestProcessor.java","266642","176599","443241"
"2014-04-01 01:47","PrepRequestProcessor.java","36194","9476","45670"
"2019-10-10 14:37","PrepRequestProcessor.java","260412","175294","435706"
"2020-03-25 03:38","PrepRequestProcessor.java","270749","176599","447348"
"2014-07-25 01:31","PrepRequestProcessor.java","52413","16204","68617"
"2013-10-09 22:21","PrepRequestProcessor.java","30704","8787","39491"
"2014-04-29 02:23","PrepRequestProcessor.java","43886","15166","59052"
"2015-03-08 23:07","PrepRequestProcessor.java","56984","16586","73570"
"2014-07-22 06:51","PrepRequestProcessor.java","52166","16146","68312"
"2012-03-15 17:47","PrepRequestProcessor.java","6102","2324","8426"
"2011-11-01 15:41","PrepRequestProcessor.java","1115","734","1849"
"2011-10-28 00:58","PrepRequestProcessor.java","765","546","1311"
"2018-06-15 07:41","PrepRequestProcessor.java","84763","26957","111720"
"2012-12-19 19:16","PrepRequestProcessor.java","18927","6761","25688"
"2011-11-14 20:18","PrepRequestProcessor.java","1779","763","2542"
"2015-10-18 19:00","QuorumPeer.java","65741","23474","89215"
"2018-12-20 15:13","QuorumPeer.java","230287","178292","408579"
"2019-05-16 16:25","QuorumPeer.java","241576","178352","419928"
"2018-10-16 16:22","QuorumPeer.java","236347","159525","395872"
"2019-06-14 09:06","QuorumPeer.java","244774","178351","423125"
"2018-12-07 12:41","QuorumPeer.java","227301","178292","405593"
"2012-04-23 01:20","QuorumPeer.java","12582","10638","23220"
"2012-07-17 23:19","QuorumPeer.java","13396","10680","24076"
"2019-03-11 19:47","QuorumPeer.java","236726","178303","415029"
"2012-02-27 03:41","QuorumPeer.java","8017","8158","16175"
"2014-07-18 02:19","QuorumPeer.java","54036","21503","75539"
"2019-02-13 13:12","QuorumPeer.java","235676","178305","413981"
"2019-04-12 19:01","QuorumPeer.java","238584","178352","416936"
"2018-12-09 03:16","QuorumPeer.java","229375","178292","407667"
"2018-09-11 15:23","QuorumPeer.java","173348","114197","287545"
"2019-11-29 14:49","QuorumPeer.java","264539","179557","444096"
"2013-03-07 07:01","QuorumPeer.java","27328","13546","40874"
"2018-12-15 07:34","QuorumPeer.java","229290","178292","407582"
"2018-11-27 10:02","QuorumPeer.java","227051","178292","405343"
"2018-09-18 01:00","QuorumPeer.java","174664","114258","288922"
"2012-02-06 09:40","QuorumPeer.java","7394","7776","15170"
"2019-06-03 19:40","QuorumPeer.java","242107","178351","420458"
"2019-07-15 14:15","QuorumPeer.java","252195","178351","430546"
"2015-03-17 18:06","QuorumPeer.java","60569","22063","82632"
"2019-07-03 00:44","QuorumPeer.java","244789","178351","423140"
"2019-08-17 17:13","QuorumPeer.java","256776","178351","435127"
"2015-06-27 02:03","QuorumPeer.java","63599","22404","86003"
"2017-11-28 00:10","QuorumPeer.java","83131","31721","114852"
"2014-01-21 04:50","QuorumPeer.java","35407","14475","49882"
"2014-06-04 22:07","QuorumPeer.java","47527","20794","68321"
"2018-01-30 08:02","QuorumPeer.java","83526","31963","115489"
"2019-05-15 11:56","QuorumPeer.java","241531","178352","419883"
"2019-06-05 00:33","QuorumPeer.java","242497","178351","420848"
"2019-05-20 23:13","QuorumPeer.java","241649","178352","420001"
"2019-06-04 10:55","QuorumPeer.java","242260","178351","420611"
"2019-07-12 17:01","QuorumPeer.java","252089","178351","430440"
"2020-01-09 11:27","QuorumPeer.java","266085","179557","445642"
"2017-02-09 11:40","QuorumPeer.java","78007","27821","105828"
"2017-07-06 18:48","QuorumPeer.java","78448","30576","109024"
"2018-10-01 06:11","QuorumPeer.java","177399","114414","291813"
"2015-04-09 20:16","QuorumPeer.java","61648","22079","83727"
"2013-10-07 21:08","QuorumPeer.java","30692","14094","44786"
"2013-09-30 22:20","QuorumPeer.java","30113","13946","44059"
"2018-07-04 17:11","QuorumPeer.java","94886","39762","134648"
"2019-12-17 13:48","QuorumPeer.java","265111","179557","444668"
"2015-12-07 05:59","QuorumPeer.java","66661","23636","90297"
"2020-01-23 13:43","QuorumPeer.java","267909","179557","447466"
"2016-06-23 23:45","QuorumPeer.java","70511","26416","96927"
"2016-06-23 23:25","QuorumPeer.java","70404","26417","96821"
"2014-03-23 04:12","QuorumPeer.java","37887","14735","52622"
"2013-09-26 00:13","QuorumPeer.java","29850","13927","43777"
"2014-07-18 20:48","QuorumPeer.java","54531","21539","76070"
"2014-07-04 04:19","QuorumPeer.java","49205","20829","70034"
"2018-12-06 10:56","QuorumPeer.java","227245","178292","405537"
"2014-06-25 15:04","QuorumPeer.java","48029","20799","68828"
"2014-03-28 01:58","QuorumPeer.java","38319","14749","53068"
"2013-10-21 23:36","QuorumPeer.java","33621","14281","47902"
"2019-10-10 14:37","QuorumPeer.java","260529","178351","438880"
"2013-11-07 06:41","QuorumPeer.java","34109","14338","48447"
"2017-07-27 23:09","QuorumPeer.java","78097","31211","109308"
"2014-05-18 05:49","QuorumPeer.java","47023","20779","67802"
"2011-10-25 08:09","QuorumPeer.java","3528","6414","9942"
"2014-03-25 22:13","QuorumPeer.java","38134","14746","52880"
"2011-11-01 08:15","QuorumPeer.java","3967","6664","10631"
"2018-06-26 11:18","QuorumPeer.java","87293","32187","119480"
"2018-07-27 12:32","QuorumPeer.java","106409","50085","156494"
"2019-04-18 19:17","QuorumPeer.java","239294","178352","417646"
"2011-10-27 23:25","QuorumPeer.java","3778","6504","10282"
"2013-10-09 22:21","QuorumPeer.java","33249","14272","47521"
"2016-12-20 14:47","QuorumPeer.java","76767","27716","104483"
"2017-05-11 16:59","QuorumPeer.java","77347","30342","107689"
"2014-07-03 06:01","QuorumPeer.java","48781","20827","69608"
"2014-08-14 08:08","QuorumPeer.java","55520","21667","77187"
"2014-08-01 07:38","QuorumPeer.java","55099","21667","76766"
"2014-07-20 04:50","QuorumPeer.java","54622","21568","76190"
"2016-06-02 00:59","QuorumPeer.java","70016","26398","96414"
"2020-02-16 10:25","QuorumPeer.java","268622","179557","448179"
"2019-08-27 09:23","LeaderElectionSupport.java","257497","172009","429506"
"2019-10-10 14:37","LeaderElectionSupport.java","260657","172009","432666"
"2019-10-10 14:37","SecurityUtils.java","258833","228065","486898"
"2019-09-30 22:26","SecurityUtils.java","258445","228065","486510"
"2019-08-03 08:42","SecurityUtils.java","255787","228064","483851"
"2019-08-17 17:13","SecurityUtils.java","255079","228064","483143"
"2019-08-17 17:13","Shell.java","255916","220352","476268"
"2018-08-06 14:11","Shell.java","48464","34389","82853"
"2015-02-06 06:17","PrepRequestProcessor.java","56995","18179","75174"
"2012-02-06 10:39","PrepRequestProcessor.java","5066","3909","8975"
"2013-03-07 07:01","PrepRequestProcessor.java","24974","9660","34634"
"2019-02-07 11:26","PrepRequestProcessor.java","234916","176627","411543"
"2019-09-11 10:27","PrepRequestProcessor.java","258014","176701","434715"
"2018-07-19 05:59","PrepRequestProcessor.java","103867","46515","150382"
"2017-09-11 18:55","PrepRequestProcessor.java","76811","27726","104537"
"2019-01-16 14:21","PrepRequestProcessor.java","232563","176626","409189"
"2017-06-01 05:45","PrepRequestProcessor.java","75460","26839","102299"
"2012-04-14 02:32","PrepRequestProcessor.java","8845","6124","14969"
"2019-11-08 17:30","PrepRequestProcessor.java","262300","176729","439029"
"2016-11-13 20:59","PrepRequestProcessor.java","73071","23395","96466"
"2019-04-09 15:35","PrepRequestProcessor.java","237459","176645","414104"
"2019-04-17 14:16","PrepRequestProcessor.java","238731","176702","415433"
"2014-10-28 05:35","PrepRequestProcessor.java","54888","18011","72899"
"2019-05-10 12:22","PrepRequestProcessor.java","241166","176702","417868"
"2017-06-26 00:16","PrepRequestProcessor.java","75959","27060","103019"
"2019-02-07 11:22","PrepRequestProcessor.java","234578","176627","411205"
"2016-11-16 06:21","PrepRequestProcessor.java","73647","23424","97071"
"2019-08-01 07:31","PrepRequestProcessor.java","257329","176701","434030"
"2019-06-26 10:57","PrepRequestProcessor.java","244508","176701","421209"
"2014-01-24 07:18","PrepRequestProcessor.java","34731","10684","45415"
"2015-05-29 19:45","PrepRequestProcessor.java","60144","18537","78681"
"2016-10-07 21:51","PrepRequestProcessor.java","70798","23375","94173"
"2015-06-04 19:51","PrepRequestProcessor.java","61022","18650","79672"
"2019-08-17 17:13","PrepRequestProcessor.java","256658","176701","433359"
"2018-08-08 06:21","PrepRequestProcessor.java","146865","88033","234898"
"2018-05-09 23:57","PrepRequestProcessor.java","84183","28537","112720"
"2015-06-11 20:09","PrepRequestProcessor.java","61162","18664","79826"
"2019-12-27 22:33","PrepRequestProcessor.java","266641","178006","444647"
"2014-04-01 01:47","PrepRequestProcessor.java","36442","11132","47574"
"2019-10-10 14:37","PrepRequestProcessor.java","260411","176701","437112"
"2020-03-25 03:38","PrepRequestProcessor.java","270748","178006","448754"
"2014-07-25 01:31","PrepRequestProcessor.java","52658","17857","70515"
"2013-10-09 22:21","PrepRequestProcessor.java","30955","10446","41401"
"2014-04-29 02:23","PrepRequestProcessor.java","44134","16822","60956"
"2015-03-08 23:07","PrepRequestProcessor.java","57227","18237","75464"
"2014-07-22 06:51","PrepRequestProcessor.java","52411","17799","70210"
"2012-03-15 17:47","PrepRequestProcessor.java","6378","4008","10386"
"2011-11-01 15:41","PrepRequestProcessor.java","1399","2426","3825"
"2011-10-28 00:58","PrepRequestProcessor.java","1049","2238","3287"
"2011-10-20 20:02","PrepRequestProcessor.java","290","1698","1988"
"2018-06-15 07:41","PrepRequestProcessor.java","84982","28584","113566"
"2012-12-19 19:16","PrepRequestProcessor.java","19187","8429","27616"
"2011-11-14 20:18","PrepRequestProcessor.java","2063","2455","4518"
"2019-12-27 22:33","FileTxnSnapLogTest.java","61187","37840","99027"
"2019-08-17 17:13","FileTxnSnapLogTest.java","44192","29523","73715"
"2019-10-10 14:37","ClientCnxnSocketNIO.java","260217","182136","442353"
"2012-10-31 18:24","ClientCnxnSocketNIO.java","288","105","393"
"2014-12-20 15:29","ClientCnxnSocketNIO.java","46485","13504","59989"
"2019-04-09 15:35","ClientCnxnSocketNIO.java","237247","182062","419309"
"2019-08-03 08:42","ClientCnxnSocketNIO.java","257172","182136","439308"
"2014-07-17 22:56","ClientCnxnSocketNIO.java","38257","12588","50845"
"2019-08-17 17:13","ClientCnxnSocketNIO.java","256464","182136","438600"
"2016-05-02 18:15","ClientCnxnSocketNIO.java","57450","18422","75872"
"2018-11-22 17:56","ClientCnxnSocketNIO.java","225066","182041","407107"
"2019-02-06 09:46","ZooKeeper.java","234549","179138","413687"
"2019-01-16 14:21","ZooKeeper.java","232825","179137","411962"
"2017-04-18 02:02","ZooKeeper.java","86507","26807","113314"
"2019-11-08 17:30","ZooKeeper.java","262524","179202","441726"
"2019-02-07 11:26","ZooKeeper.java","235178","179138","414316"
"2013-03-07 07:01","ZooKeeper.java","38593","12840","51433"
"2011-07-01 00:53","ZooKeeper.java","5346","1520","6866"
"2013-12-17 17:55","ZooKeeper.java","46108","13551","59659"
"2012-02-06 09:56","ZooKeeper.java","19533","7940","27473"
"2012-03-17 01:31","ZooKeeper.java","21332","8234","29566"
"2012-11-17 15:03","ZooKeeper.java","29215","10998","40213"
"2017-05-01 17:19","ZooKeeper.java","86645","26818","113463"
"2014-01-24 07:18","ZooKeeper.java","48128","13642","61770"
"2019-08-17 17:13","ZooKeeper.java","256910","179202","436112"
"2015-06-04 19:51","ZooKeeper.java","74051","21240","95291"
"2016-10-07 21:51","ZooKeeper.java","82450","24588","107038"
"2015-03-16 09:09","ZooKeeper.java","70692","20925","91617"
"2015-03-17 18:06","ZooKeeper.java","71483","21006","92489"
"2016-05-02 18:15","ZooKeeper.java","79151","24055","103206"
"2019-06-26 10:57","ZooKeeper.java","244760","179202","423962"
"2019-06-03 19:40","ZooKeeper.java","242241","179202","421443"
"2018-05-09 23:57","ZooKeeper.java","94419","28334","122753"
"2019-08-03 08:42","ZooKeeper.java","257618","179202","436820"
"2016-11-13 20:59","ZooKeeper.java","84724","24609","109333"
"2013-02-03 15:52","ZooKeeper.java","34082","12392","46474"
"2012-09-28 18:32","ZooKeeper.java","27050","10801","37851"
"2017-07-28 00:36","ZooKeeper.java","86631","27670","114301"
"2017-08-18 23:35","ZooKeeper.java","87192","27746","114938"
"2017-07-04 07:56","ZooKeeper.java","87224","27653","114877"
"2020-04-16 12:50","ZooKeeper.java","271578","180296","451874"
"2018-07-27 05:16","ZooKeeper.java","113348","45245","158593"
"2019-10-10 14:37","ZooKeeper.java","260663","179202","439865"
"2014-04-01 04:03","ZooKeeper.java","49993","14027","64020"
"2012-12-19 19:16","ZooKeeper.java","33525","12328","45853"
"2019-02-11 12:34","ZooKeeper.java","235541","179138","414679"
"2014-07-08 20:18","ZooKeeper.java","61147","20294","81441"
"2020-05-17 15:13","ZooKeeper.java","271953","180300","452253"
"2017-01-09 22:49","ZooKeeper.java","86844","25161","112005"
"2019-03-12 19:08","ZooKeeper.java","236981","179150","416131"
"2011-09-06 00:58","ZooKeeper.java","14335","1746","16081"
"2014-07-22 06:51","ZooKeeper.java","65645","20594","86239"
"2014-04-29 02:23","ZooKeeper.java","57466","19715","77181"
"2010-03-31 06:26","ClientRetryTest.java","40968","14591","55559"
"2019-08-17 17:13","ClientRetryTest.java","257500","142084","399584"
"2015-05-10 23:29","ClientRetryTest.java","119973","32155","152128"
"2019-08-17 17:13","Shell.java","256104","214963","471067"
"2015-11-21 22:18","Shell.java","8630","3053","11683"
"2018-08-06 14:11","Shell.java","55853","36201","92054"
"2019-07-31 19:06","ZooKeeperServer.java","24021","7231","31252"
"2019-09-11 10:27","ZooKeeperServer.java","49853","31014","80867"
"2019-07-08 23:26","ZooKeeperServer.java","10740","4481","15221"
"2019-05-14 17:11","ZooKeeperServer.java","2548","398","2946"
"2019-06-04 10:55","ZooKeeperServer.java","3905","938","4843"
"2019-08-03 08:42","ZooKeeperServer.java","25772","7581","33353"
"2019-05-15 11:56","ZooKeeperServer.java","2710","473","3183"
"2019-05-22 11:39","ZooKeeperServer.java","3245","562","3807"
"2019-04-22 19:15","ZooKeeperServer.java","265","0","265"
"2019-09-10 04:26","ZooKeeperServer.java","49500","30972","80472"
"2019-08-17 17:13","ZooKeeperServer.java","47204","29721","76925"
"2019-09-05 23:12","ZooKeeperServer.java","49339","30937","80276"
"2019-09-10 15:21","ZooKeeperServer.java","49508","30982","80490"
"2019-08-01 07:31","ZooKeeperServer.java","25466","7312","32778"
"2019-08-01 07:28","ZooKeeperServer.java","24902","7238","32140"
"2019-06-03 19:40","ZooKeeperServer.java","3583","769","4352"
"2019-11-23 17:08","ZooKeeperServer.java","59443","37259","96702"
"2019-10-09 16:49","ZooKeeperServer.java","52435","31366","83801"
"2019-07-03 00:44","ZooKeeperServer.java","9893","4397","14290"
"2019-07-24 18:00","ZooKeeperServer.java","19743","5805","25548"
"2019-12-27 22:33","ZooKeeperServer.java","63903","37742","101645"
"2019-11-18 09:05","ZooKeeperServer.java","57691","37064","94755"
"2019-10-10 14:37","ZooKeeperServer.java","53072","31836","84908"
"2019-09-16 23:26","ZooKeeperServer.java","51516","31014","82530"
"2019-12-03 10:01","ZooKeeperServer.java","61675","37589","99264"
"2020-03-25 03:38","ZooKeeperServer.java","69618","39350","108968"
"2019-11-28 12:24","ZooKeeperServer.java","59704","37315","97019"
"2019-11-06 15:21","ZooKeeperServer.java","53425","31973","85398"
"2020-04-12 11:14","ZooKeeperServer.java","70960","39939","110899"
"2012-08-28 21:51","ClientBase.java","12910","7797","20707"
"2017-06-08 17:51","ClientBase.java","75982","27564","103546"
"2012-07-17 23:19","ClientBase.java","11641","7602","19243"
"2017-04-18 01:37","ClientBase.java","75716","26666","102382"
"2018-09-07 02:49","ClientBase.java","171110","111622","282732"
"2019-07-31 19:06","ClientBase.java","256057","177002","433059"
"2012-02-06 09:47","ClientBase.java","5637","4719","10356"
"2015-02-06 06:17","ClientBase.java","57573","18966","76539"
"2017-09-11 18:55","ClientBase.java","77503","28627","106130"
"2019-08-17 17:13","ClientBase.java","256750","177002","433752"
"2015-03-28 20:08","ClientBase.java","59951","19133","79084"
"2019-06-07 14:13","ClientBase.java","242854","177002","419856"
"2018-04-24 00:20","ClientBase.java","83968","29316","113284"
"2018-08-08 06:21","ClientBase.java","147541","88918","236459"
"2018-05-09 23:57","ClientBase.java","84873","29436","114309"
"2019-06-24 11:05","ClientBase.java","244083","177002","421085"
"2012-12-11 08:42","ClientBase.java","17129","8683","25812"
"2017-01-13 19:29","ClientBase.java","76049","24833","100882"
"2016-06-23 23:25","ClientBase.java","68819","23509","92328"
"2014-01-03 01:40","ClientBase.java","33567","11424","44991"
"2014-01-25 01:17","ClientBase.java","35439","11490","46929"
"2019-11-14 16:44","ClientBase.java","264805","177030","441835"
"2019-10-10 14:37","ClientBase.java","260503","177002","437505"
"2012-03-15 17:47","ClientBase.java","7226","5065","12291"
"2012-01-14 00:28","ClientBase.java","4892","4490","9382"
"2011-11-05 07:29","ClientBase.java","2508","3526","6034"
"2016-08-24 01:36","ClientBase.java","69883","24002","93885"
"2015-03-08 23:07","ClientBase.java","57801","19020","76821"
"2017-09-11 18:55","ProviderRegistry.java","88187","27844","116031"
"2019-02-13 13:19","ProviderRegistry.java","236111","178352","414463"
"2016-11-16 06:21","ProviderRegistry.java","86114","24633","110747"
"2019-08-17 17:13","ProviderRegistry.java","256932","178405","435337"
"2019-10-10 14:37","ProviderRegistry.java","260685","178405","439090"
"2019-10-10 14:37","ReferenceCountedACLCache.java","1525","1269","2794"
"2015-10-18 19:00","QuorumPeer.java","65746","23467","89213"
"2018-12-20 15:13","QuorumPeer.java","230287","178280","408567"
"2019-05-16 16:25","QuorumPeer.java","241576","178340","419916"
"2018-10-16 16:22","QuorumPeer.java","236347","159513","395860"
"2019-06-14 09:06","QuorumPeer.java","244774","178339","423113"
"2018-12-07 12:41","QuorumPeer.java","227301","178280","405581"
"2012-04-23 01:20","QuorumPeer.java","12587","10631","23218"
"2012-07-17 23:19","QuorumPeer.java","13401","10673","24074"
"2019-03-11 19:47","QuorumPeer.java","236726","178291","415017"
"2012-02-27 03:41","QuorumPeer.java","8022","8151","16173"
"2014-07-18 02:19","QuorumPeer.java","54041","21496","75537"
"2019-02-13 13:12","QuorumPeer.java","235676","178293","413969"
"2019-04-12 19:01","QuorumPeer.java","238584","178340","416924"
"2018-12-09 03:16","QuorumPeer.java","229375","178280","407655"
"2018-09-11 15:23","QuorumPeer.java","173351","114188","287539"
"2019-11-29 14:49","QuorumPeer.java","264539","179545","444084"
"2013-03-07 07:01","QuorumPeer.java","27333","13539","40872"
"2018-12-15 07:34","QuorumPeer.java","229290","178280","407570"
"2018-11-27 10:02","QuorumPeer.java","227051","178280","405331"
"2018-09-18 01:00","QuorumPeer.java","174667","114249","288916"
"2012-02-06 09:40","QuorumPeer.java","7399","7769","15168"
"2019-06-03 19:40","QuorumPeer.java","242107","178339","420446"
"2019-07-15 14:15","QuorumPeer.java","252195","178339","430534"
"2015-03-17 18:06","QuorumPeer.java","60574","22056","82630"
"2019-07-03 00:44","QuorumPeer.java","244789","178339","423128"
"2019-08-17 17:13","QuorumPeer.java","256776","178339","435115"
"2015-06-27 02:03","QuorumPeer.java","63604","22397","86001"
"2017-11-28 00:10","QuorumPeer.java","83134","31712","114846"
"2014-01-21 04:50","QuorumPeer.java","35412","14468","49880"
"2014-06-04 22:07","QuorumPeer.java","47532","20787","68319"
"2018-01-30 08:02","QuorumPeer.java","83529","31954","115483"
"2019-05-15 11:56","QuorumPeer.java","241531","178340","419871"
"2019-06-05 00:33","QuorumPeer.java","242497","178339","420836"
"2019-05-20 23:13","QuorumPeer.java","241649","178340","419989"
"2019-06-04 10:55","QuorumPeer.java","242260","178339","420599"
"2019-07-12 17:01","QuorumPeer.java","252089","178339","430428"
"2020-01-09 11:27","QuorumPeer.java","266085","179545","445630"
"2017-02-09 11:40","QuorumPeer.java","78012","27814","105826"
"2017-07-06 18:48","QuorumPeer.java","78451","30567","109018"
"2018-10-01 06:11","QuorumPeer.java","177402","114405","291807"
"2015-04-09 20:16","QuorumPeer.java","61653","22072","83725"
"2013-10-07 21:08","QuorumPeer.java","30697","14087","44784"
"2013-09-30 22:20","QuorumPeer.java","30118","13939","44057"
"2018-07-04 17:11","QuorumPeer.java","94889","39753","134642"
"2019-12-17 13:48","QuorumPeer.java","265111","179545","444656"
"2015-12-07 05:59","QuorumPeer.java","66666","23629","90295"
"2020-01-23 13:43","QuorumPeer.java","267909","179545","447454"
"2016-06-23 23:45","QuorumPeer.java","70516","26409","96925"
"2016-06-23 23:25","QuorumPeer.java","70409","26410","96819"
"2014-03-23 04:12","QuorumPeer.java","37892","14728","52620"
"2013-09-26 00:13","QuorumPeer.java","29855","13920","43775"
"2014-07-18 20:48","QuorumPeer.java","54536","21532","76068"
"2014-07-04 04:19","QuorumPeer.java","49210","20822","70032"
"2018-12-06 10:56","QuorumPeer.java","227245","178280","405525"
"2014-06-25 15:04","QuorumPeer.java","48034","20792","68826"
"2014-03-28 01:58","QuorumPeer.java","38324","14742","53066"
"2013-10-21 23:36","QuorumPeer.java","33626","14274","47900"
"2019-10-10 14:37","QuorumPeer.java","260529","178339","438868"
"2013-11-07 06:41","QuorumPeer.java","34114","14331","48445"
"2017-07-27 23:09","QuorumPeer.java","78100","31202","109302"
"2014-05-18 05:49","QuorumPeer.java","47028","20772","67800"
"2011-10-25 08:09","QuorumPeer.java","3570","6444","10014"
"2014-03-25 22:13","QuorumPeer.java","38139","14739","52878"
"2011-11-01 08:15","QuorumPeer.java","3972","6657","10629"
"2018-06-26 11:18","QuorumPeer.java","87296","32178","119474"
"2018-07-27 12:32","QuorumPeer.java","106412","50076","156488"
"2019-04-18 19:17","QuorumPeer.java","239294","178340","417634"
"2011-10-27 23:25","QuorumPeer.java","3820","6534","10354"
"2013-10-09 22:21","QuorumPeer.java","33254","14265","47519"
"2016-12-20 14:47","QuorumPeer.java","76772","27709","104481"
"2017-05-11 16:59","QuorumPeer.java","77350","30333","107683"
"2014-07-03 06:01","QuorumPeer.java","48786","20820","69606"
"2014-08-14 08:08","QuorumPeer.java","55525","21660","77185"
"2014-08-01 07:38","QuorumPeer.java","55104","21660","76764"
"2014-07-20 04:50","QuorumPeer.java","54627","21561","76188"
"2016-06-02 00:59","QuorumPeer.java","70021","26391","96412"
"2020-02-16 10:25","QuorumPeer.java","268622","179545","448167"
"2019-08-17 17:13","BitMap.java","55054","29884","84938"
"2018-11-22 17:56","NettyServerCnxnTest.java","223394","231604","454998"
"2018-09-07 02:34","NettyServerCnxnTest.java","92469","89640","182109"
"2019-02-12 15:25","NettyServerCnxnTest.java","233533","231615","465148"
"2019-06-24 11:05","NettyServerCnxnTest.java","242179","231753","473932"
"2019-07-23 15:55","NettyServerCnxnTest.java","250855","231754","482609"
"2019-08-17 17:13","NettyServerCnxnTest.java","254847","231754","486601"
"2019-06-07 14:13","NettyServerCnxnTest.java","240950","231753","472703"
"2014-11-29 16:53","NumEvents.java","70144","20862","91006"
"2019-10-10 14:37","MiniKdc.java","257917","232675","490592"
"2019-08-17 17:13","MiniKdc.java","254163","232674","486837"
"2019-05-08 21:54","MiniKdc.java","238644","232653","471297"
"2013-10-01 23:18","JLineZNodeCompleter.java","104734","23291","128025"
"2014-03-29 04:33","JLineZNodeCompleter.java","112565","23652","136217"
"2019-08-17 17:13","JLineZNodeCompleter.java","257558","123034","380592"
"2019-08-17 17:13","AvgMinMaxCounter.java","45184","29686","74870"
"2015-10-18 19:00","QuorumPeer.java","81450","35417","116867"
"2018-12-20 15:13","QuorumPeer.java","230489","187347","417836"
"2019-05-16 16:25","QuorumPeer.java","241785","187414","429199"
"2018-10-16 16:22","QuorumPeer.java","236875","156287","393162"
"2019-06-14 09:06","QuorumPeer.java","244983","187413","432396"
"2018-12-07 12:41","QuorumPeer.java","227503","187347","414850"
"2012-04-23 01:20","QuorumPeer.java","29940","24230","54170"
"2012-07-17 23:19","QuorumPeer.java","30732","24250","54982"
"2019-03-11 19:47","QuorumPeer.java","236931","187361","424292"
"2012-02-27 03:41","QuorumPeer.java","25470","21845","47315"
"2014-07-18 02:19","QuorumPeer.java","70119","33820","103939"
"2019-02-13 13:12","QuorumPeer.java","235878","187360","423238"
"2011-04-29 18:12","QuorumPeer.java","6153","14773","20926"
"2019-04-12 19:01","QuorumPeer.java","238793","187414","426207"
"2018-12-09 03:16","QuorumPeer.java","229577","187347","416924"
"2018-09-11 15:23","QuorumPeer.java","182393","119476","301869"
"2019-11-29 14:49","QuorumPeer.java","264615","188486","453101"
"2013-03-07 07:01","QuorumPeer.java","43840","26292","70132"
"2018-12-15 07:34","QuorumPeer.java","229492","187347","416839"
"2018-11-27 10:02","QuorumPeer.java","227253","187347","414600"
"2018-09-18 01:00","QuorumPeer.java","183707","119535","303242"
"2012-02-06 09:40","QuorumPeer.java","24893","21509","46402"
"2019-06-03 19:40","QuorumPeer.java","242316","187413","429729"
"2019-07-15 14:15","QuorumPeer.java","252404","187413","439817"
"2015-03-17 18:06","QuorumPeer.java","76494","34222","110716"
"2019-07-03 00:44","QuorumPeer.java","244998","187413","432411"
"2019-08-17 17:13","QuorumPeer.java","256985","187413","444398"
"2015-06-27 02:03","QuorumPeer.java","79412","34451","113863"
"2017-11-28 00:10","QuorumPeer.java","95905","40729","136634"
"2014-01-21 04:50","QuorumPeer.java","51687","26989","78676"
"2014-06-04 22:07","QuorumPeer.java","63724","33225","96949"
"2018-01-30 08:02","QuorumPeer.java","96168","40839","137007"
"2019-05-15 11:56","QuorumPeer.java","241740","187414","429154"
"2019-06-05 00:33","QuorumPeer.java","242706","187413","430119"
"2019-05-20 23:13","QuorumPeer.java","241858","187414","429272"
"2019-06-04 10:55","QuorumPeer.java","242469","187413","429882"
"2019-07-12 17:01","QuorumPeer.java","252298","187413","439711"
"2020-01-09 11:27","QuorumPeer.java","266161","188486","454647"
"2017-02-09 11:40","QuorumPeer.java","92173","38221","130394"
"2011-06-14 07:14","QuorumPeer.java","8151","15156","23307"
"2017-07-06 18:48","QuorumPeer.java","92055","40417","132472"
"2018-10-01 06:11","QuorumPeer.java","186440","119689","306129"
"2015-04-09 20:16","QuorumPeer.java","77570","34235","111805"
"2013-10-07 21:08","QuorumPeer.java","47045","26681","73726"
"2013-09-30 22:20","QuorumPeer.java","46481","26548","73029"
"2018-07-04 17:11","QuorumPeer.java","107488","48598","156086"
"2019-12-17 13:48","QuorumPeer.java","265187","188486","453673"
"2015-12-07 05:59","QuorumPeer.java","82307","35516","117823"
"2020-01-23 13:43","QuorumPeer.java","267985","188486","456471"
"2016-06-23 23:45","QuorumPeer.java","84960","37099","122059"
"2011-05-03 19:57","QuorumPeer.java","6159","14775","20934"
"2016-06-23 23:25","QuorumPeer.java","84853","37100","121953"
"2014-03-23 04:12","QuorumPeer.java","54093","27175","81268"
"2013-09-26 00:13","QuorumPeer.java","46218","26529","72747"
"2011-06-17 01:34","QuorumPeer.java","8303","15237","23540"
"2011-06-14 14:11","QuorumPeer.java","8179","15157","23336"
"2014-07-18 20:48","QuorumPeer.java","70612","33854","104466"
"2014-07-04 04:19","QuorumPeer.java","65383","33241","98624"
"2018-12-06 10:56","QuorumPeer.java","227447","187347","414794"
"2014-06-25 15:04","QuorumPeer.java","64226","33230","97456"
"2014-03-28 01:58","QuorumPeer.java","54524","27188","81712"
"2013-10-21 23:36","QuorumPeer.java","49966","26860","76826"
"2019-10-10 14:37","QuorumPeer.java","260738","187413","448151"
"2013-11-07 06:41","QuorumPeer.java","50421","26884","77305"
"2017-07-27 23:09","QuorumPeer.java","91077","40425","131502"
"2014-05-18 05:49","QuorumPeer.java","63220","33210","96430"
"2011-10-25 08:09","QuorumPeer.java","21389","20509","41898"
"2014-03-25 22:13","QuorumPeer.java","54339","27185","81524"
"2011-04-12 09:14","QuorumPeer.java","5707","14662","20369"
"2011-11-01 08:15","QuorumPeer.java","21733","20664","42397"
"2011-03-16 19:49","QuorumPeer.java","34304","1786","36090"
"2018-06-26 11:18","QuorumPeer.java","99945","41073","141018"
"2018-07-27 12:32","QuorumPeer.java","117969","57879","175848"
"2019-04-18 19:17","QuorumPeer.java","239503","187414","426917"
"2011-10-27 23:25","QuorumPeer.java","21627","20587","42214"
"2011-08-30 08:37","QuorumPeer.java","19376","15610","34986"
"2011-08-30 08:29","QuorumPeer.java","19358","15604","34962"
"2013-10-09 22:21","QuorumPeer.java","49599","26856","76455"
"2016-12-20 14:47","QuorumPeer.java","90940","38123","129063"
"2011-05-20 01:17","QuorumPeer.java","6674","14810","21484"
"2017-05-11 16:59","QuorumPeer.java","91116","40345","131461"
"2014-07-03 06:01","QuorumPeer.java","64960","33240","98200"
"2014-08-14 08:08","QuorumPeer.java","71557","33938","105495"
"2014-08-01 07:38","QuorumPeer.java","71137","33939","105076"
"2014-07-20 04:50","QuorumPeer.java","70695","33875","104570"
"2016-06-02 00:59","QuorumPeer.java","84484","37100","121584"
"2020-02-16 10:25","QuorumPeer.java","268698","188486","457184"
"2011-11-05 21:57","Learner.java","18929","49348","68277"
"2011-04-12 09:14","Learner.java","1421","42556","43977"
"2020-03-19 17:09","Learner.java","270034","220653","490687"
"2013-10-09 22:21","Learner.java","46345","55713","102058"
"2011-09-14 08:56","Learner.java","17112","44248","61360"
"2020-02-03 04:30","Learner.java","268529","220653","489182"
"2020-01-23 13:43","Learner.java","267972","220653","488625"
"2017-07-04 07:39","Learner.java","88827","69572","158399"
"2020-03-25 03:38","Learner.java","270830","220653","491483"
"2011-06-17 01:34","Learner.java","4057","43171","47228"
"2015-03-15 08:54","Learner.java","72314","63089","135403"
"2019-11-28 12:24","Learner.java","262951","220653","483604"
"2019-12-27 22:33","Learner.java","266723","220653","487376"
"2020-01-25 18:48","Learner.java","268162","220653","488815"
"2020-05-03 19:43","Learner.java","271766","220653","492419"
"2016-08-13 15:01","Learner.java","82818","66373","149191"
"2013-10-21 23:36","Learner.java","46712","55717","102429"
"2019-10-10 14:37","Learner.java","260725","219580","480305"
"2015-01-25 01:22","Learner.java","71716","62982","134698"
"2019-06-03 19:40","Learner.java","242303","219580","461883"
"2015-03-17 18:06","Learner.java","73332","63171","136503"
"2019-07-15 14:15","Learner.java","252391","219580","471971"
"2019-08-23 19:43","Learner.java","257638","219580","477218"
"2016-09-08 22:59","Learner.java","83239","66546","149785"
"2019-08-17 17:13","Learner.java","256972","219580","476552"
"2017-11-28 00:10","Learner.java","92968","69903","162871"
"2014-03-12 23:57","Learner.java","50496","55977","106473"
"2018-05-09 00:54","Learner.java","95438","70245","165683"
"2019-04-09 15:35","Learner.java","237778","219529","457307"
"2011-06-14 07:14","Learner.java","3905","43090","46995"
"2019-07-12 17:01","Learner.java","252285","219580","471865"
"2017-07-06 18:48","Learner.java","89106","69579","158685"
"2013-10-07 21:08","Learner.java","43790","55537","99327"
"2017-08-18 06:32","Learner.java","88697","69667","158364"
"2019-07-02 07:34","Learner.java","244915","219580","464495"
"2018-10-16 16:22","Learner.java","236801","188324","425125"
"2012-01-31 07:45","Learner.java","21038","50164","71202"
"2014-07-18 02:19","Learner.java","66908","62720","129628"
"2017-02-12 00:12","Learner.java","87300","68709","156009"
"2018-12-09 03:16","Learner.java","229564","219514","449078"
"2013-03-07 07:01","Learner.java","40554","55117","95671"
"2019-11-29 14:49","Learner.java","264602","220653","485255"
"2018-11-27 10:02","Learner.java","227240","219514","446754"
"2018-08-06 14:11","Learner.java","115764","87173","202937"
"2011-02-07 20:26","Learner.java","137","120","257"
"2019-11-29 14:49","QuorumUtil.java","264615","183296","447911"
"2013-03-07 07:01","QuorumUtil.java","50046","27308","77354"
"2011-01-22 20:38","QuorumUtil.java","40502","3132","43634"
"2019-08-17 17:13","QuorumUtil.java","256986","182224","439210"
"2020-03-12 14:47","QuorumUtil.java","270001","183296","453297"
"2019-07-12 17:01","QuorumUtil.java","252299","182224","434523"
"2012-12-11 08:42","QuorumUtil.java","42318","26239","68557"
"2014-01-16 23:59","QuorumUtil.java","57818","27972","85790"
"2019-10-10 14:37","QuorumUtil.java","260739","182224","442963"
"2011-04-12 09:14","QuorumUtil.java","12410","16175","28585"
"2014-05-18 05:49","QuorumUtil.java","69393","34193","103586"
"2011-09-17 02:13","QuorumUtil.java","27381","19748","47129"
"2013-10-09 22:21","QuorumUtil.java","55810","27877","83687"
"2013-09-26 14:05","QuorumUtil.java","52588","27558","80146"
"2020-01-09 22:51","LsCommand.java","501","984","1485"
"2019-08-17 17:13","StatResetCommandTest.java","254847","231754","486601"
"2015-07-07 07:11","SetTest.java","129600","27714","157314"
"2011-04-12 09:14","SetTest.java","72010","20746","92756"
"2010-08-17 09:24","SetTest.java","73013","16154","89167"
"2010-04-22 07:42","SetTest.java","55038","15595","70633"
"2019-10-10 14:37","QuorumPeerMain.java","7470","3717","11187"
"2020-01-23 13:43","QuorumPeerMain.java","21704","11777","33481"
"2019-11-28 12:24","QuorumPeerMain.java","14222","9316","23538"
"2020-02-16 10:25","QuorumPeerMain.java","22565","11925","34490"
"2019-11-11 13:59","QuorumPeerMain.java","11345","3935","15280"
"2019-08-17 17:13","SendAckRequestProcessor.java","45764","29761","75525"
"2015-10-18 19:00","QuorumPeer.java","35981","12691","48672"
"2018-12-20 15:13","QuorumPeer.java","229838","196820","426658"
"2019-05-16 16:25","QuorumPeer.java","241150","196903","438053"
"2018-10-16 16:22","QuorumPeer.java","235269","177424","412693"
"2019-06-14 09:06","QuorumPeer.java","244365","196919","441284"
"2018-12-07 12:41","QuorumPeer.java","226851","196819","423670"
"2019-03-11 19:47","QuorumPeer.java","236285","196839","433124"
"2014-07-18 02:19","QuorumPeer.java","23155","9599","32754"
"2019-02-13 13:12","QuorumPeer.java","235234","196840","432074"
"2019-04-12 19:01","QuorumPeer.java","238158","196903","435061"
"2018-12-09 03:16","QuorumPeer.java","228925","196819","425744"
"2018-09-11 15:23","QuorumPeer.java","151911","111737","263648"
"2019-11-29 14:49","QuorumPeer.java","264272","198267","462539"
"2018-12-15 07:34","QuorumPeer.java","228840","196819","425659"
"2018-11-27 10:02","QuorumPeer.java","226601","196819","423420"
"2018-09-18 01:00","QuorumPeer.java","153242","111813","265055"
"2019-06-03 19:40","QuorumPeer.java","241698","196919","438617"
"2019-07-15 14:15","QuorumPeer.java","251786","196919","448705"
"2015-03-17 18:06","QuorumPeer.java","30466","10937","41403"
"2019-07-03 00:44","QuorumPeer.java","244380","196919","441299"
"2019-08-17 17:13","QuorumPeer.java","256367","196919","453286"
"2015-06-27 02:03","QuorumPeer.java","33702","11484","45186"
"2017-11-28 00:10","QuorumPeer.java","55949","23516","79465"
"2014-01-21 04:50","QuorumPeer.java","2337","382","2719"
"2014-06-04 22:07","QuorumPeer.java","16039","8283","24322"
"2018-01-30 08:02","QuorumPeer.java","56484","23898","80382"
"2019-05-15 11:56","QuorumPeer.java","241105","196903","438008"
"2019-06-05 00:33","QuorumPeer.java","242088","196919","439007"
"2019-05-20 23:13","QuorumPeer.java","241223","196903","438126"
"2019-06-04 10:55","QuorumPeer.java","241851","196919","438770"
"2019-07-12 17:01","QuorumPeer.java","251680","196919","448599"
"2020-01-09 11:27","QuorumPeer.java","265818","198267","464085"
"2017-02-09 11:40","QuorumPeer.java","49458","18249","67707"
"2017-07-06 18:48","QuorumPeer.java","50755","21860","72615"
"2018-10-01 06:11","QuorumPeer.java","155985","111977","267962"
"2015-04-09 20:16","QuorumPeer.java","31570","10978","42548"
"2018-07-04 17:11","QuorumPeer.java","68383","32236","100619"
"2019-12-17 13:48","QuorumPeer.java","264844","198267","463111"
"2015-12-07 05:59","QuorumPeer.java","37027","12979","50006"
"2020-01-23 13:43","QuorumPeer.java","267642","198267","465909"
"2016-06-23 23:45","QuorumPeer.java","41405","16287","57692"
"2016-06-23 23:25","QuorumPeer.java","41266","16256","57522"
"2014-03-23 04:12","QuorumPeer.java","4933","758","5691"
"2014-07-18 20:48","QuorumPeer.java","23833","9818","33651"
"2014-07-04 04:19","QuorumPeer.java","17841","8442","26283"
"2018-12-06 10:56","QuorumPeer.java","226795","196819","423614"
"2014-06-25 15:04","QuorumPeer.java","16559","8306","24865"
"2014-03-28 01:58","QuorumPeer.java","5367","774","6141"
"2013-10-21 23:36","QuorumPeer.java","380","17","397"
"2019-10-10 14:37","QuorumPeer.java","260120","196919","457039"
"2013-11-07 06:41","QuorumPeer.java","943","149","1092"
"2017-07-27 23:09","QuorumPeer.java","50767","22858","73625"
"2014-05-18 05:49","QuorumPeer.java","15462","8195","23657"
"2014-03-25 22:13","QuorumPeer.java","5181","770","5951"
"2018-06-26 11:18","QuorumPeer.java","60401","24272","84673"
"2018-07-27 12:32","QuorumPeer.java","79989","42642","122631"
"2019-04-18 19:17","QuorumPeer.java","238868","196903","435771"
"2016-12-20 14:47","QuorumPeer.java","48152","18078","66230"
"2017-05-11 16:59","QuorumPeer.java","49608","21580","71188"
"2014-07-03 06:01","QuorumPeer.java","17329","8352","25681"
"2014-08-14 08:08","QuorumPeer.java","25135","10259","35394"
"2014-08-01 07:38","QuorumPeer.java","24632","10177","34809"
"2014-07-20 04:50","QuorumPeer.java","23934","9857","33791"
"2016-06-02 00:59","QuorumPeer.java","40864","16223","57087"
"2020-02-16 10:25","QuorumPeer.java","268355","198267","466622"
"2018-12-20 15:13","QuorumPeer.java","228727","225783","454510"
"2019-05-16 16:25","QuorumPeer.java","240056","225883","465939"
"2018-10-16 16:22","QuorumPeer.java","231792","204021","435813"
"2019-06-14 09:06","QuorumPeer.java","243273","225901","469174"
"2018-12-07 12:41","QuorumPeer.java","225740","225782","451522"
"2019-03-11 19:47","QuorumPeer.java","235178","225806","460984"
"2019-02-13 13:12","QuorumPeer.java","234125","225805","459930"
"2019-04-12 19:01","QuorumPeer.java","237064","225883","462947"
"2018-12-09 03:16","QuorumPeer.java","227814","225782","453596"
"2018-09-11 15:23","QuorumPeer.java","117537","107437","224974"
"2019-11-29 14:49","QuorumPeer.java","263437","227506","490943"
"2018-12-15 07:34","QuorumPeer.java","227729","225782","453511"
"2018-11-27 10:02","QuorumPeer.java","225490","225782","451272"
"2018-09-18 01:00","QuorumPeer.java","118920","107565","226485"
"2019-06-03 19:40","QuorumPeer.java","240606","225901","466507"
"2019-07-15 14:15","QuorumPeer.java","250695","225902","476597"
"2019-07-03 00:44","QuorumPeer.java","243288","225901","469189"
"2019-08-17 17:13","QuorumPeer.java","255276","225902","481178"
"2017-11-28 00:10","QuorumPeer.java","9819","7460","17279"
"2018-01-30 08:02","QuorumPeer.java","10463","7951","18414"
"2019-05-15 11:56","QuorumPeer.java","240011","225883","465894"
"2019-06-05 00:33","QuorumPeer.java","240996","225901","466897"
"2019-05-20 23:13","QuorumPeer.java","240130","225884","466014"
"2019-06-04 10:55","QuorumPeer.java","240759","225901","466660"
"2019-07-12 17:01","QuorumPeer.java","250589","225902","476491"
"2020-01-09 11:27","QuorumPeer.java","264985","227508","492493"
"2017-02-09 11:40","QuorumPeer.java","1477","342","1819"
"2017-07-06 18:48","QuorumPeer.java","3947","5126","9073"
"2018-10-01 06:11","QuorumPeer.java","122183","108249","230432"
"2018-07-04 17:11","QuorumPeer.java","24790","18717","43507"
"2019-12-17 13:48","QuorumPeer.java","264009","227506","491515"
"2020-01-23 13:43","QuorumPeer.java","266809","227508","494317"
"2018-12-06 10:56","QuorumPeer.java","225684","225782","451466"
"2019-10-10 14:37","QuorumPeer.java","259029","225902","484931"
"2017-07-27 23:09","QuorumPeer.java","4480","6645","11125"
"2018-06-26 11:18","QuorumPeer.java","14627","8572","23199"
"2018-07-27 12:32","QuorumPeer.java","36563","29290","65853"
"2019-04-18 19:17","QuorumPeer.java","237774","225883","463657"
"2017-05-11 16:59","QuorumPeer.java","2722","4768","7490"
"2020-02-16 10:25","QuorumPeer.java","267522","227508","495030"
"2020-03-25 03:38","ZooKeeperServerBean.java","67231","39646","106877"
"2019-11-14 03:54","ZooKeeperServerBean.java","55188","32379","87567"
"2019-09-16 23:26","ZooKeeperServerBean.java","49099","31280","80379"
"2020-04-30 18:53","ZooKeeperServerBean.java","68755","40270","109025"
"2019-07-08 23:26","ZooKeeperServerBean.java","7586","4010","11596"
"2019-08-17 17:13","ZooKeeperServerBean.java","44520","29720","74240"
"2019-07-30 02:31","ZooKeeperServerBean.java","19460","6739","26199"
"2019-11-18 09:05","ServerCnxn.java","945","5211","6156"
"2020-02-26 22:41","ServerCnxn.java","13167","9923","23090"
"2019-11-14 03:54","NIOServerCnxnFactory.java","4569","313","4882"
"2019-11-08 17:30","FinalRequestProcessor.java","261798","202833","464631"
"2019-07-08 23:26","FinalRequestProcessor.java","244932","202805","447737"
"2019-01-16 23:23","FinalRequestProcessor.java","232028","202697","434725"
"2018-09-18 01:00","FinalRequestProcessor.java","147213","111881","259094"
"2019-04-12 19:01","FinalRequestProcessor.java","237947","202789","440736"
"2019-02-07 11:26","FinalRequestProcessor.java","234381","202698","437079"
"2019-01-14 19:38","FinalRequestProcessor.java","231339","202696","434035"
"2019-01-09 17:22","FinalRequestProcessor.java","234021","202698","436719"
"2015-06-04 19:51","FinalRequestProcessor.java","19898","4132","24030"
"2019-09-10 04:26","FinalRequestProcessor.java","257201","202805","460006"
"2019-08-17 17:13","FinalRequestProcessor.java","256156","202805","458961"
"2016-10-07 21:51","FinalRequestProcessor.java","30964","10147","41111"
"2019-06-26 10:57","FinalRequestProcessor.java","244006","202805","446811"
"2019-08-01 07:28","FinalRequestProcessor.java","256337","202805","459142"
"2019-07-03 00:44","FinalRequestProcessor.java","244169","202805","446974"
"2016-03-23 00:30","FinalRequestProcessor.java","26054","8744","34798"
"2019-08-06 17:11","FinalRequestProcessor.java","257257","202805","460062"
"2015-03-17 18:06","FinalRequestProcessor.java","16661","3229","19890"
"2018-07-10 12:46","FinalRequestProcessor.java","56012","25910","81922"
"2020-03-25 03:38","FinalRequestProcessor.java","270379","204243","474622"
"2019-09-16 23:26","FinalRequestProcessor.java","259175","202805","461980"
"2019-10-10 14:37","FinalRequestProcessor.java","259909","202805","462714"
"2019-11-21 05:58","FinalRequestProcessor.java","260761","204243","465004"
"2019-11-18 09:05","FinalRequestProcessor.java","260738","204243","464981"
"2019-11-11 13:59","FinalRequestProcessor.java","263594","202833","466427"
"2020-03-26 22:12","FinalRequestProcessor.java","270381","204243","474624"
"2014-04-29 02:23","FinalRequestProcessor.java","770","64","834"
"2019-09-05 22:59","AsyncCallback.java","255866","223799","479665"
"2019-01-16 14:21","AsyncCallback.java","231096","223681","454777"
"2019-02-07 11:26","AsyncCallback.java","233449","223682","457131"
"2019-08-17 17:13","AsyncCallback.java","255234","223799","479033"
"2019-12-27 22:33","FileTxnSnapLog.java","266817","134632","401449"
"2009-11-07 08:16","FileTxnSnapLog.java","18564","5649","24213"
"2019-10-10 14:37","FileTxnSnapLog.java","261253","133993","395246"
"2019-12-13 08:51","FileTxnSnapLog.java","264854","134632","399486"
"2017-01-07 01:09","FileTxnSnapLog.java","136041","32059","168100"
"2011-07-13 15:48","FileTxnSnapLog.java","68588","20754","89342"
"2014-02-12 17:00","FileTxnSnapLog.java","104617","27560","132177"
"2012-03-06 09:20","FileTxnSnapLog.java","80085","25753","105838"
"2020-01-23 16:46","FileTxnSnapLog.java","268066","134632","402698"
"2020-01-28 17:26","FileTxnSnapLog.java","268537","134632","403169"
"2011-10-20 20:02","FileTxnSnapLog.java","76498","25146","101644"
"2016-09-18 23:21","FileTxnSnapLog.java","131296","31786","163082"
"2017-01-23 02:13","FileTxnSnapLog.java","136466","32080","168546"
"2011-04-12 09:14","FileTxnSnapLog.java","67194","22214","89408"
"2018-06-08 16:52","FileTxnSnapLog.java","142683","33528","176211"
"2019-09-02 08:23","FileTxnSnapLog.java","258157","133993","392150"
"2011-12-21 21:39","FileTxnSnapLog.java","78441","25392","103833"
"2017-04-28 07:14","FileTxnSnapLog.java","134964","32837","167801"
"2019-07-31 19:06","FileTxnSnapLog.java","256807","133993","390800"
"2018-07-30 06:22","FileTxnSnapLog.java","155923","45113","201036"
"2012-02-06 09:40","FileTxnSnapLog.java","79457","25547","105004"
"2012-07-17 23:25","FileTxnSnapLog.java","83793","26160","109953"
"2020-01-30 09:43","FileTxnSnapLog.java","268613","134632","403245"
"2019-05-14 17:11","FileTxnSnapLog.java","242167","133993","376160"
"2010-03-12 23:36","FileTxnSnapLog.java","47736","13466","61202"
"2013-06-28 23:22","FileTxnSnapLog.java","97168","27232","124400"
"2014-02-10 21:50","FileTxnSnapLog.java","104481","27536","132017"
"2019-05-21 23:34","FileTxnSnapLog.java","242488","133993","376481"
"2019-05-27 10:54","FileTxnSnapLog.java","242820","133993","376813"
"2017-01-13 19:29","FileTxnSnapLog.java","136249","32064","168313"
"2017-06-26 00:07","FileTxnSnapLog.java","134874","33209","168083"
"2018-02-23 23:49","FileTxnSnapLog.java","140357","33456","173813"
"2017-08-18 06:32","FileTxnSnapLog.java","134937","33270","168207"
"2019-08-17 17:13","FileTxnSnapLog.java","257500","133993","391493"
"2018-02-14 21:23","FileTxnSnapLog.java","140194","33457","173651"
"2015-10-18 19:00","QuorumPeer.java","76539","22301","98840"
"2018-12-20 15:13","QuorumPeer.java","230414","179136","409550"
"2019-05-16 16:25","QuorumPeer.java","241710","179203","420913"
"2018-10-16 16:22","QuorumPeer.java","236739","147946","384685"
"2019-06-14 09:06","QuorumPeer.java","244908","179202","424110"
"2018-12-07 12:41","QuorumPeer.java","227428","179136","406564"
"2012-04-23 01:20","QuorumPeer.java","24564","10649","35213"
"2012-07-17 23:19","QuorumPeer.java","25367","10680","36047"
"2019-03-11 19:47","QuorumPeer.java","236856","179150","416006"
"2012-02-27 03:41","QuorumPeer.java","20037","8207","28244"
"2014-07-18 02:19","QuorumPeer.java","65036","20532","85568"
"2019-02-13 13:12","QuorumPeer.java","235803","179149","414952"
"2019-04-12 19:01","QuorumPeer.java","238718","179203","417921"
"2018-12-09 03:16","QuorumPeer.java","229502","179136","408638"
"2018-09-11 15:23","QuorumPeer.java","178328","107206","285534"
"2019-11-29 14:49","QuorumPeer.java","264561","180296","444857"
"2013-03-07 07:01","QuorumPeer.java","38593","12840","51433"
"2018-12-15 07:34","QuorumPeer.java","229417","179136","408553"
"2018-11-27 10:02","QuorumPeer.java","227178","179136","406314"
"2018-09-18 01:00","QuorumPeer.java","179643","107266","286909"
"2012-02-06 09:40","QuorumPeer.java","19453","7864","27317"
"2019-06-03 19:40","QuorumPeer.java","242241","179202","421443"
"2019-07-15 14:15","QuorumPeer.java","252329","179202","431531"
"2015-03-17 18:06","QuorumPeer.java","71483","21006","92489"
"2019-07-03 00:44","QuorumPeer.java","244923","179202","424125"
"2019-08-17 17:13","QuorumPeer.java","256910","179202","436112"
"2015-06-27 02:03","QuorumPeer.java","74433","21267","95700"
"2017-11-28 00:10","QuorumPeer.java","91365","27984","119349"
"2014-01-21 04:50","QuorumPeer.java","46532","13629","60161"
"2014-06-04 22:07","QuorumPeer.java","58592","19888","78480"
"2018-01-30 08:02","QuorumPeer.java","91662","28128","119790"
"2019-05-15 11:56","QuorumPeer.java","241665","179203","420868"
"2019-06-05 00:33","QuorumPeer.java","242631","179202","421833"
"2019-05-20 23:13","QuorumPeer.java","241783","179203","420986"
"2019-06-04 10:55","QuorumPeer.java","242394","179202","421596"
"2019-07-12 17:01","QuorumPeer.java","252223","179202","431425"
"2020-01-09 11:27","QuorumPeer.java","266107","180296","446403"
"2017-02-09 11:40","QuorumPeer.java","87405","25248","112653"
"2011-06-14 07:14","QuorumPeer.java","1480","349","1829"
"2017-07-06 18:48","QuorumPeer.java","87496","27653","115149"
"2018-10-01 06:11","QuorumPeer.java","182377","107421","289798"
"2015-04-09 20:16","QuorumPeer.java","72561","21021","93582"
"2013-10-07 21:08","QuorumPeer.java","41851","13282","55133"
"2013-09-30 22:20","QuorumPeer.java","41278","13140","54418"
"2018-07-04 17:11","QuorumPeer.java","103030","35935","138965"
"2019-12-17 13:48","QuorumPeer.java","265133","180296","445429"
"2015-12-07 05:59","QuorumPeer.java","77444","22448","99892"
"2020-01-23 13:43","QuorumPeer.java","267931","180296","448227"
"2016-06-23 23:45","QuorumPeer.java","80138","24072","104210"
"2016-06-23 23:25","QuorumPeer.java","80031","24073","104104"
"2014-03-23 04:12","QuorumPeer.java","48955","13832","62787"
"2013-09-26 00:13","QuorumPeer.java","41015","13121","54136"
"2011-06-17 01:34","QuorumPeer.java","1638","436","2074"
"2011-06-14 14:11","QuorumPeer.java","1508","350","1858"
"2014-07-18 20:48","QuorumPeer.java","65532","20569","86101"
"2014-07-04 04:19","QuorumPeer.java","60264","19917","80181"
"2018-12-06 10:56","QuorumPeer.java","227372","179136","406508"
"2014-06-25 15:04","QuorumPeer.java","59094","19893","78987"
"2014-03-28 01:58","QuorumPeer.java","49386","13845","63231"
"2013-10-21 23:36","QuorumPeer.java","44786","13475","58261"
"2019-10-10 14:37","QuorumPeer.java","260663","179202","439865"
"2013-11-07 06:41","QuorumPeer.java","45242","13500","58742"
"2017-07-27 23:09","QuorumPeer.java","86518","27661","114179"
"2014-05-18 05:49","QuorumPeer.java","58088","19873","77961"
"2011-10-25 08:09","QuorumPeer.java","15860","6775","22635"
"2014-03-25 22:13","QuorumPeer.java","49201","13842","63043"
"2011-11-01 08:15","QuorumPeer.java","16245","6971","23216"
"2018-06-26 11:18","QuorumPeer.java","95444","28367","123811"
"2018-07-27 12:32","QuorumPeer.java","113559","45264","158823"
"2019-04-18 19:17","QuorumPeer.java","239428","179203","418631"
"2011-10-27 23:25","QuorumPeer.java","16103","6858","22961"
"2011-08-30 08:37","QuorumPeer.java","13623","1652","15275"
"2011-08-30 08:29","QuorumPeer.java","13584","1625","15209"
"2013-10-09 22:21","QuorumPeer.java","44417","13469","57886"
"2016-12-20 14:47","QuorumPeer.java","86166","25144","111310"
"2017-05-11 16:59","QuorumPeer.java","86555","27579","114134"
"2014-07-03 06:01","QuorumPeer.java","59841","19916","79757"
"2014-08-14 08:08","QuorumPeer.java","66480","20656","87136"
"2014-08-01 07:38","QuorumPeer.java","66060","20657","86717"
"2014-07-20 04:50","QuorumPeer.java","65616","20591","86207"
"2016-06-02 00:59","QuorumPeer.java","79648","24059","103707"
"2020-02-16 10:25","QuorumPeer.java","268644","180296","448940"
"2019-08-17 17:13","MetricsProviderLifeCycleException.java","212928","192100","405028"
"2012-08-28 21:51","ClientBase.java","40543","24367","64910"
"2017-06-08 17:51","ClientBase.java","98822","39341","138163"
"2012-07-17 23:19","ClientBase.java","39387","24285","63672"
"2017-04-18 01:37","ClientBase.java","98694","38581","137275"
"2018-09-07 02:49","ClientBase.java","183770","113219","296989"
"2019-07-31 19:06","ClientBase.java","256294","178795","435089"
"2012-02-06 09:47","ClientBase.java","33629","21648","55277"
"2015-02-06 06:17","ClientBase.java","83462","33792","117254"
"2017-09-11 18:55","ClientBase.java","99541","39602","139143"
"2019-08-17 17:13","ClientBase.java","256987","178795","435782"
"2015-03-28 20:08","ClientBase.java","85746","33865","119611"
"2019-06-07 14:13","ClientBase.java","243091","178795","421886"
"2018-04-24 00:20","ClientBase.java","105556","39841","145397"
"2018-08-08 06:21","ClientBase.java","162383","92697","255080"
"2018-05-09 23:57","ClientBase.java","106417","39917","146334"
"2019-06-24 11:05","ClientBase.java","244320","178795","423115"
"2012-12-11 08:42","ClientBase.java","44559","25050","69609"
"2017-01-13 19:29","ClientBase.java","99472","37193","136665"
"2016-06-23 23:25","ClientBase.java","92545","36172","128717"
"2014-01-03 01:40","ClientBase.java","59895","26689","86584"
"2014-01-25 01:17","ClientBase.java","61752","26740","88492"
"2019-11-14 16:44","ClientBase.java","265014","178795","443809"
"2019-10-10 14:37","ClientBase.java","260740","178795","439535"
"2012-03-15 17:47","ClientBase.java","35137","21913","57050"
"2010-09-15 07:51","ClientBase.java","38721","1931","40652"
"2012-01-14 00:28","ClientBase.java","32997","21532","54529"
"2011-04-12 09:14","ClientBase.java","14762","15097","29859"
"2011-11-05 07:29","ClientBase.java","30785","20740","51525"
"2016-08-24 01:36","ClientBase.java","93534","36590","130124"
"2011-09-17 02:13","ClientBase.java","29673","18610","48283"
"2010-08-18 08:24","ClientBase.java","10515","1895","12410"
"2015-03-08 23:07","ClientBase.java","83668","33824","117492"
"2019-08-17 17:13","ExpiryQueue.java","44192","29523","73715"
"2020-02-16 10:25","QuorumAuthTestBase.java","8112","4029","12141"
"2020-01-22 11:08","QuorumAuthTestBase.java","3966","2080","6046"
"2020-05-05 09:18","JettyAdminServer.java","23693","13684","37377"
"2019-10-10 14:37","KeyAuthClientTest.java","259045","225558","484603"
"2019-08-17 17:13","KeyAuthClientTest.java","255292","225558","480850"
"2019-12-27 22:33","FileTxnSnapLog.java","18682","10004","28686"
"2019-10-10 14:37","FileTxnSnapLog.java","7470","3717","11187"
"2019-12-13 08:51","FileTxnSnapLog.java","16531","9816","26347"
"2020-01-23 16:46","FileTxnSnapLog.java","21706","11779","33485"
"2020-01-28 17:26","FileTxnSnapLog.java","22260","11862","34122"
"2019-09-02 08:23","FileTxnSnapLog.java","1909","1252","3161"
"2020-01-30 09:43","FileTxnSnapLog.java","22363","11889","34252"
"2019-11-11 13:59","GetAclCommand.java","11345","3935","15280"
"2018-07-12 01:33","StatResetCommandTest.java","14643","11576","26219"
"2019-08-17 17:13","StatResetCommandTest.java","255075","228915","483990"
"2019-08-17 17:13","HierarchicalQuorumTest.java","255250","223830","479080"
"2019-07-12 17:01","HierarchicalQuorumTest.java","250563","223830","474393"
"2019-10-10 14:37","HierarchicalQuorumTest.java","259003","223830","482833"
"2018-06-26 11:18","HierarchicalQuorumTest.java","12038","3937","15975"
"2018-08-08 06:21","SessionTrackerCheckTest.java","103220","83378","186598"
"2019-08-17 17:13","SessionTrackerCheckTest.java","256089","215122","471211"
"2019-10-10 14:37","ACLTest.java","261253","142084","403337"
"2013-12-21 22:05","ACLTest.java","98786","29919","128705"
"2010-08-18 08:24","ACLTest.java","63794","17950","81744"
"2010-03-31 06:26","ACLTest.java","40968","14591","55559"
"2011-04-12 09:14","ACLTest.java","59741","22852","82593"
"2016-08-24 01:36","ACLTest.java","127020","34275","161295"
"2017-09-11 18:55","ACLTest.java","131683","35943","167626"
"2016-11-13 20:59","ACLTest.java","130657","34326","164983"
"2019-05-06 18:32","ACLTest.java","241854","142084","383938"
"2017-08-18 23:35","ACLTest.java","131546","35884","167430"
"2019-08-17 17:13","ACLTest.java","257500","142084","399584"
"2014-04-25 23:40","ACLTest.java","104673","31358","136031"
"2019-10-10 14:37","ZKDatabase.java","259003","224064","483067"
"2019-12-27 22:33","ZKDatabase.java","265554","225690","491244"
"2018-04-06 06:04","ZKDatabase.java","8553","3175","11728"
"2018-09-28 23:38","ZKDatabase.java","119306","103565","222871"
"2019-11-08 17:30","ZKDatabase.java","260912","224112","485024"
"2019-05-14 17:11","ZKDatabase.java","239898","224045","463943"
"2018-09-18 01:00","ZKDatabase.java","116050","102883","218933"
"2019-02-07 11:26","ZKDatabase.java","233465","223947","457412"
"2019-04-12 19:01","ZKDatabase.java","237038","224045","461083"
"2018-09-05 22:35","ZKDatabase.java","113648","102735","216383"
"2018-02-07 01:05","ZKDatabase.java","8085","3059","11144"
"2019-08-17 17:13","ZKDatabase.java","255250","224064","479314"
"2019-09-10 00:27","ZKDatabase.java","256190","224064","480254"
"2018-02-23 23:49","ZKDatabase.java","8536","3166","11702"
"2017-08-03 20:28","ZKDatabase.java","1458","1682","3140"
"2019-04-09 15:35","ZKDatabase.java","236013","223970","459983"
"2016-07-27 01:33","CreateCommand.java","9127","5576","14703"
"2017-05-27 00:52","CreateCommand.java","18050","11823","29873"
"2019-08-17 17:13","CreateCommand.java","255978","218393","474371"
"2018-05-09 23:57","CreateCommand.java","28407","15133","43540"
"2020-03-22 14:47","ZKUtil.java","24052","12032","36084"
"2019-11-11 13:59","ZKUtil.java","11345","3935","15280"
"2019-11-08 17:30","ZooKeeper.java","57791","32300","90091"
"2019-08-17 17:13","ZooKeeper.java","49925","30048","79973"
"2019-06-26 10:57","ZooKeeper.java","12566","4839","17405"
"2019-06-03 19:40","ZooKeeper.java","6633","1425","8058"
"2019-08-03 08:42","ZooKeeper.java","28773","8188","36961"
"2020-04-16 12:50","ZooKeeper.java","73558","40107","113665"
"2019-10-10 14:37","ZooKeeper.java","55764","32134","87898"
"2020-05-17 15:13","ZooKeeper.java","77203","43381","120584"
"2019-08-17 17:13","ZkDatabaseCorruptionTest.java","256932","178405","435337"
"2013-02-19 09:18","ZkDatabaseCorruptionTest.java","35140","12558","47698"
"2019-10-10 14:37","ZkDatabaseCorruptionTest.java","260685","178405","439090"
"2014-05-15 03:35","ZkDatabaseCorruptionTest.java","58447","19835","78282"
"2011-07-29 10:14","ZkDatabaseCorruptionTest.java","10534","1617","12151"
"2014-01-27 14:37","ZkDatabaseCorruptionTest.java","49198","13776","62974"
"2018-04-06 06:04","ZkDatabaseCorruptionTest.java","93576","28169","121745"
"2016-08-24 01:36","ZkDatabaseCorruptionTest.java","81876","24528","106404"
"2019-12-27 22:33","FileTxnLog.java","41627","33657","75284"
"2019-10-10 14:37","FileTxnLog.java","30687","27642","58329"
"2020-01-28 17:26","FileTxnLog.java","44919","35229","80148"
"2019-08-17 17:13","FileTxnLog.java","24190","24898","49088"
"2019-10-10 14:37","LearnerHandler.java","258987","223824","482811"
"2019-07-03 20:54","LearnerHandler.java","243227","223823","467050"
"2018-09-18 01:00","LearnerHandler.java","115152","101761","216913"
"2018-08-03 18:52","LearnerHandler.java","32944","23129","56073"
"2018-12-09 03:16","LearnerHandler.java","227772","223704","451476"
"2019-04-12 19:01","LearnerHandler.java","237022","223805","460827"
"2017-11-28 00:10","LearnerHandler.java","5265","870","6135"
"2019-06-29 00:33","LearnerHandler.java","243220","223823","467043"
"2019-07-25 21:41","LearnerHandler.java","251717","223824","475541"
"2019-08-23 19:43","LearnerHandler.java","255900","223824","479724"
"2019-08-17 17:13","LearnerHandler.java","255234","223824","479058"
"2019-05-06 17:48","LearnerHandler.java","239528","223805","463333"
"2019-08-03 08:42","LearnerHandler.java","255942","223824","479766"
"2019-04-22 19:15","LearnerHandler.java","237997","223805","461802"
"2014-02-12 17:00","LearnerHandler.java","24436","5018","29454"
"2014-03-23 04:12","LearnerHandler.java","25014","5209","30223"
"2019-10-10 14:37","LearnerHandler.java","260217","181386","441603"
"2015-06-05 20:38","LearnerHandler.java","51510","14014","65524"
"2015-06-05 20:51","LearnerHandler.java","51537","14014","65551"
"2015-06-12 23:02","LearnerHandler.java","51650","14029","65679"
"2013-09-26 14:05","LearnerHandler.java","16914","4187","21101"
"2019-07-03 20:54","LearnerHandler.java","244458","181386","425844"
"2013-06-28 23:22","LearnerHandler.java","16069","3772","19841"
"2018-09-18 01:00","LearnerHandler.java","165187","108128","273315"
"2013-05-14 14:27","LearnerHandler.java","13931","3371","17302"
"2018-08-03 18:52","LearnerHandler.java","96537","43054","139591"
"2018-12-09 03:16","LearnerHandler.java","229027","181291","410318"
"2019-04-12 19:01","LearnerHandler.java","238255","181370","419625"
"2013-03-07 07:01","LearnerHandler.java","13747","3312","17059"
"2017-11-28 00:10","LearnerHandler.java","72260","24197","96457"
"2019-06-29 00:33","LearnerHandler.java","244451","181386","425837"
"2013-05-11 15:35","LearnerHandler.java","13810","3327","17137"
"2019-07-25 21:41","LearnerHandler.java","252947","181386","434333"
"2019-08-23 19:43","LearnerHandler.java","257130","181386","438516"
"2019-08-17 17:13","LearnerHandler.java","256464","181386","437850"
"2017-06-26 00:16","LearnerHandler.java","67218","23198","90416"
"2017-08-03 20:28","LearnerHandler.java","67338","23670","91008"
"2019-05-06 17:48","LearnerHandler.java","240761","181370","422131"
"2019-08-03 08:42","LearnerHandler.java","257172","181386","438558"
"2019-04-22 19:15","LearnerHandler.java","239230","181370","420600"
"2016-08-24 01:36","InvalidSnapshotTest.java","62105","18498","80603"
"2013-12-21 22:05","InvalidSnapshotTest.java","24645","4916","29561"
"2013-10-02 01:45","InvalidSnapshotTest.java","19718","4450","24168"
"2019-10-10 14:37","InvalidSnapshotTest.java","260254","179027","439281"
"2019-08-17 17:13","InvalidSnapshotTest.java","256501","179027","435528"
"2014-06-30 19:11","Observer.java","61462","62000","123462"
"2011-10-20 20:02","Observer.java","17551","48853","66404"
"2019-10-10 14:37","Observer.java","260725","219597","480322"
"2015-06-05 21:25","Observer.java","75798","63283","139081"
"2019-12-27 22:33","Observer.java","266723","220670","487393"
"2017-11-28 00:10","Observer.java","92846","69798","162644"
"2019-07-15 14:15","Observer.java","252391","219597","471988"
"2019-08-23 19:43","Observer.java","257638","219597","477235"
"2019-08-17 17:13","Observer.java","256972","219597","476569"
"2019-05-03 00:44","Observer.java","240970","219598","460568"
"2019-06-05 00:33","Observer.java","242693","219597","462290"
"2019-07-02 07:34","Observer.java","244915","219597","464512"
"2013-03-07 07:01","Observer.java","40422","55002","95424"
"2018-12-09 03:16","Observer.java","229564","219531","449095"
"2018-12-09 03:16","FollowerRequestProcessor.java","229496","172008","401504"
"2013-03-07 07:01","FollowerRequestProcessor.java","32894","12707","45601"
"2016-10-07 21:51","FollowerRequestProcessor.java","76990","24694","101684"
"2019-08-17 17:13","FollowerRequestProcessor.java","256904","172074","428978"
"2015-06-04 19:51","FollowerRequestProcessor.java","68575","21330","89905"
"2019-08-01 07:31","FollowerRequestProcessor.java","257575","172074","429649"
"2014-03-23 04:12","FollowerRequestProcessor.java","43339","13782","57121"
"2020-03-25 03:38","FollowerRequestProcessor.java","270787","173172","443959"
"2014-07-18 19:46","FollowerRequestProcessor.java","59680","20515","80195"
"2019-10-10 14:37","FollowerRequestProcessor.java","260657","172074","432731"
"2011-10-28 18:37","FollowerRequestProcessor.java","10122","6407","16529"
"2020-05-05 21:20","FollowerRequestProcessor.java","271818","173172","444990"
"2013-10-09 22:21","FollowerRequestProcessor.java","38764","13382","52146"
"2015-03-08 23:07","FollowerRequestProcessor.java","64787","20924","85711"
"2015-05-14 07:10","CnxManagerTest.java","119495","32430","151925"
"2020-03-12 14:47","CnxManagerTest.java","270073","143625","413698"
"2019-08-17 17:13","CnxManagerTest.java","257490","142985","400475"
"2019-06-03 19:40","CnxManagerTest.java","242821","142985","385806"
"2017-11-28 00:10","CnxManagerTest.java","135021","36335","171356"
"2019-07-12 17:01","CnxManagerTest.java","252803","142985","395788"
"2019-05-08 21:54","CnxManagerTest.java","241992","142985","384977"
"2019-08-06 12:52","CnxManagerTest.java","258463","142985","401448"
"2019-06-14 09:06","CnxManagerTest.java","245488","142985","388473"
"2013-03-07 07:01","CnxManagerTest.java","90728","29670","120398"
"2019-11-29 14:49","CnxManagerTest.java","264687","143625","408312"
"2011-04-29 18:12","CnxManagerTest.java","59241","22928","82169"
"2015-02-06 06:17","CnxManagerTest.java","116871","32311","149182"
"2010-11-17 15:59","CnxManagerTest.java","94493","18537","113030"
"2017-09-11 18:55","CnxManagerTest.java","131106","36277","167383"
"2010-10-20 00:32","CnxManagerTest.java","92816","17974","110790"
"2011-03-16 19:49","CnxManagerTest.java","96205","18754","114959"
"2011-04-12 09:14","CnxManagerTest.java","58858","22880","81738"
"2010-10-06 19:01","CnxManagerTest.java","91303","17954","109257"
"2011-09-17 02:13","CnxManagerTest.java","70494","24541","95035"
"2010-03-31 06:26","CnxManagerTest.java","40011","14545","54556"
"2011-09-14 06:32","CnxManagerTest.java","69862","21938","91800"
"2020-02-16 10:25","CnxManagerTest.java","268770","143625","412395"
"2014-06-25 15:04","CnxManagerTest.java","106214","31708","137922"
"2015-11-03 08:11","CnxManagerTest.java","122169","32588","154757"
"2019-10-10 14:37","CnxManagerTest.java","261243","142985","404228"
"2014-07-23 19:36","CnxManagerTest.java","112557","32145","144702"
"2019-12-27 22:33","FileTxnLog.java","65531","37710","103241"
"2019-10-10 14:37","FileTxnLog.java","54806","31910","86716"
"2020-01-28 17:26","FileTxnLog.java","68648","39107","107755"
"2019-05-14 17:11","FileTxnLog.java","4619","809","5428"
"2019-04-12 19:01","FileTxnLog.java","1347","397","1744"
"2019-08-17 17:13","FileTxnLog.java","48965","29822","78787"
"2019-06-03 19:40","FileTxnLog.java","5644","1170","6814"
"2019-08-03 08:42","FileTxnLog.java","27789","7938","35727"
"2019-11-29 14:49","QuorumCnxManager.java","262658","234000","496658"
"2018-08-06 14:11","QuorumCnxManager.java","843","231","1074"
"2018-10-16 16:22","QuorumCnxManager.java","219565","199067","418632"
"2019-06-14 09:06","QuorumCnxManager.java","242160","232061","474221"
"2019-08-03 08:42","QuorumCnxManager.java","254871","232062","486933"
"2019-11-13 20:41","QuorumCnxManager.java","261931","232111","494042"
"2019-04-09 16:08","QuorumCnxManager.java","234902","231945","466847"
"2019-08-06 12:52","QuorumCnxManager.java","255136","232062","487198"
"2019-05-20 23:13","QuorumCnxManager.java","239017","232044","471061"
"2019-07-27 20:04","QuorumCnxManager.java","250694","232062","482756"
"2020-03-12 14:47","QuorumCnxManager.java","268046","234002","502048"
"2019-08-17 17:13","QuorumCnxManager.java","254163","232062","486225"
"2019-10-10 14:37","QuorumCnxManager.java","257917","232063","489980"
"2020-01-23 13:43","QuorumCnxManager.java","266030","234002","500032"
"2019-11-28 12:24","QuorumCnxManager.java","261007","234000","495007"
"2020-03-23 16:20","QuorumCnxManager.java","268217","234002","502219"
"2020-02-16 10:25","QuorumCnxManager.java","266743","234002","500745"
"2019-08-17 17:13","DatadirCleanupManager.java","256742","177119","433861"
"2017-02-14 09:23","DatadirCleanupManager.java","74529","26395","100924"
"2019-10-10 14:37","DatadirCleanupManager.java","260495","177119","437614"
"2009-08-25 07:45","SendAckRequestProcessor.java","46586","6115","52701"
"2009-10-30 17:19","SendAckRequestProcessor.java","49792","7685","57477"
"2011-10-20 20:02","SendAckRequestProcessor.java","102052","20354","122406"
"2011-04-12 09:14","SendAckRequestProcessor.java","93189","17738","110927"
"2019-08-17 17:13","SendAckRequestProcessor.java","257683","103705","361388"
"2019-05-03 00:44","SendAckRequestProcessor.java","241681","103706","345387"
"2019-08-17 17:13","GenerateLoad.java","254163","232674","486837"
"2019-10-10 14:37","ZooKeeperSaslClient.java","260122","193727","453849"
"2016-03-02 07:46","ZooKeeperSaslClient.java","41077","13483","54560"
"2016-03-05 01:03","ZooKeeperSaslClient.java","41129","14642","55771"
"2015-12-05 22:32","ZooKeeperSaslClient.java","40391","13295","53686"
"2020-02-04 10:39","ZooKeeperSaslClient.java","268199","195073","463272"
"2019-01-31 15:50","ZooKeeperSaslClient.java","233938","193629","427567"
"2019-08-03 08:42","ZooKeeperSaslClient.java","257077","193727","450804"
"2014-12-20 15:29","ZooKeeperSaslClient.java","32313","11018","43331"
"2017-11-28 00:10","ZooKeeperSaslClient.java","59390","23763","83153"
"2013-10-11 21:18","ZooKeeperSaslClient.java","3928","520","4448"
"2016-05-02 18:15","ZooKeeperSaslClient.java","43819","16477","60296"
"2013-09-28 01:24","ZooKeeperSaslClient.java","330","35","365"
"2019-08-17 17:13","ZooKeeperSaslClient.java","256369","193727","450096"
"2019-02-06 09:46","ZooKeeper.java","234411","178901","413312"
"2019-01-16 14:21","ZooKeeper.java","232687","178900","411587"
"2017-04-18 02:02","ZooKeeper.java","76688","29577","106265"
"2019-11-08 17:30","ZooKeeper.java","262407","178986","441393"
"2019-02-07 11:26","ZooKeeper.java","235040","178901","413941"
"2013-03-07 07:01","ZooKeeper.java","26710","13546","40256"
"2013-12-17 17:55","ZooKeeper.java","34386","14418","48804"
"2012-02-06 09:56","ZooKeeper.java","6861","7857","14718"
"2012-03-17 01:31","ZooKeeper.java","8706","8197","16903"
"2012-11-17 15:03","ZooKeeper.java","16795","11167","27962"
"2017-05-01 17:19","ZooKeeper.java","76826","29588","106414"
"2014-01-24 07:18","ZooKeeper.java","36413","14516","50929"
"2019-08-17 17:13","ZooKeeper.java","256765","178958","435723"
"2015-06-04 19:51","ZooKeeper.java","62634","22412","85046"
"2016-10-07 21:51","ZooKeeper.java","72371","27098","99469"
"2015-03-16 09:09","ZooKeeper.java","59197","22019","81216"
"2015-03-17 18:06","ZooKeeper.java","59989","22101","82090"
"2016-05-02 18:15","ZooKeeper.java","68951","26444","95395"
"2019-06-26 10:57","ZooKeeper.java","244615","178958","423573"
"2019-06-03 19:40","ZooKeeper.java","242096","178958","421054"
"2018-05-09 23:57","ZooKeeper.java","85730","32234","117964"
"2019-08-03 08:42","ZooKeeper.java","257473","178958","436431"
"2016-11-13 20:59","ZooKeeper.java","74643","27117","101760"
"2013-02-03 15:52","ZooKeeper.java","22238","13137","35375"
"2012-09-28 18:32","ZooKeeper.java","14601","10941","25542"
"2017-07-28 00:36","ZooKeeper.java","77667","31295","108962"
"2017-08-18 23:35","ZooKeeper.java","78232","31375","109607"
"2017-07-04 07:56","ZooKeeper.java","77632","30650","108282"
"2020-04-16 12:50","ZooKeeper.java","271545","180164","451709"
"2018-07-27 05:16","ZooKeeper.java","105688","50174","155862"
"2019-10-10 14:37","ZooKeeper.java","260518","178958","439476"
"2014-04-01 04:03","ZooKeeper.java","38336","14959","53295"
"2012-12-19 19:16","ZooKeeper.java","21124","12516","33640"
"2019-02-11 12:34","ZooKeeper.java","235403","178901","414304"
"2014-07-08 20:18","ZooKeeper.java","49568","21304","70872"
"2020-05-17 15:13","ZooKeeper.java","271920","180168","452088"
"2017-01-09 22:49","ZooKeeper.java","76877","27783","104660"
"2019-03-12 19:08","ZooKeeper.java","236840","178910","415750"
"2014-07-22 06:51","ZooKeeper.java","54072","21610","75682"
"2014-04-29 02:23","ZooKeeper.java","45810","20648","66458"
"2019-10-10 14:37","QuorumPeerMain.java","259836","216164","476000"
"2020-01-23 13:43","QuorumPeerMain.java","267464","217618","485082"
"2019-11-28 12:24","QuorumPeerMain.java","262441","217616","480057"
"2020-02-16 10:25","QuorumPeerMain.java","268177","217618","485795"
"2019-04-18 19:17","QuorumPeerMain.java","238583","216147","454730"
"2019-11-11 13:59","QuorumPeerMain.java","263522","216193","479715"
"2019-04-12 19:01","QuorumPeerMain.java","237873","216147","454020"
"2018-09-11 15:23","QuorumPeerMain.java","132990","112345","245335"
"2017-02-13 22:09","QuorumPeerMain.java","20269","11839","32108"
"2018-08-06 14:11","QuorumPeerMain.java","54612","36182","90794"
"2017-07-28 00:36","QuorumPeerMain.java","23199","14715","37914"
"2019-08-17 17:13","QuorumPeerMain.java","256083","216164","472247"
"2017-11-28 00:10","QuorumPeerMain.java","28317","15413","43730"
"2018-09-18 01:00","ServerStatsTest.java","93613","89020","182633"
"2019-08-17 17:13","ServerStatsTest.java","254163","231551","485714"
"2020-03-19 17:09","Learner.java","84634","45303","129937"
"2020-02-03 04:30","Learner.java","83064","45238","128302"
"2020-01-23 13:43","Learner.java","82402","45133","127535"
"2020-03-25 03:38","Learner.java","85493","45366","130859"
"2019-11-28 12:24","Learner.java","75871","43623","119494"
"2019-12-27 22:33","Learner.java","80018","43998","124016"
"2020-01-25 18:48","Learner.java","82598","45139","127737"
"2020-05-03 19:43","Learner.java","87000","45937","132937"
"2019-10-10 14:37","Learner.java","69561","38466","108027"
"2019-06-03 19:40","Learner.java","21803","9130","30933"
"2019-07-15 14:15","Learner.java","36225","13464","49689"
"2019-08-23 19:43","Learner.java","64486","36478","100964"
"2019-08-17 17:13","Learner.java","63823","36481","100304"
"2019-04-09 15:35","Learner.java","16380","8181","24561"
"2019-07-12 17:01","Learner.java","36119","13464","49583"
"2019-07-02 07:34","Learner.java","27695","12410","40105"
"2019-11-29 14:49","Learner.java","77796","43897","121693"
"2019-02-07 11:26","PrepRequestProcessor.java","233040","231149","464189"
"2019-09-11 10:27","PrepRequestProcessor.java","256205","231290","487495"
"2018-07-19 05:59","PrepRequestProcessor.java","22254","21300","43554"
"2019-01-16 14:21","PrepRequestProcessor.java","230681","231142","461823"
"2019-11-08 17:30","PrepRequestProcessor.java","260511","231338","491849"
"2019-04-09 15:35","PrepRequestProcessor.java","235589","231173","466762"
"2019-04-17 14:16","PrepRequestProcessor.java","236883","231252","468135"
"2019-05-10 12:22","PrepRequestProcessor.java","239335","231269","470604"
"2019-02-07 11:22","PrepRequestProcessor.java","232702","231149","463851"
"2019-08-01 07:31","PrepRequestProcessor.java","255519","231289","486808"
"2019-06-26 10:57","PrepRequestProcessor.java","242697","231288","473985"
"2019-08-17 17:13","PrepRequestProcessor.java","254848","231289","486137"
"2018-08-08 06:21","PrepRequestProcessor.java","71755","69321","141076"
"2019-12-27 22:33","PrepRequestProcessor.java","265463","233226","498689"
"2019-10-10 14:37","PrepRequestProcessor.java","258602","231290","489892"
"2020-03-25 03:38","PrepRequestProcessor.java","269571","233227","502798"
"2019-08-17 17:13","AclParser.java","256502","178872","435374"
"2019-11-29 14:49","QuorumUtil.java","264272","198267","462539"
"2019-08-17 17:13","QuorumUtil.java","256367","196919","453286"
"2020-03-12 14:47","QuorumUtil.java","269658","198267","467925"
"2019-07-12 17:01","QuorumUtil.java","251680","196919","448599"
"2014-01-16 23:59","QuorumUtil.java","2246","333","2579"
"2019-10-10 14:37","QuorumUtil.java","260120","196919","457039"
"2014-05-18 05:49","QuorumUtil.java","15462","8195","23657"
"2013-03-07 07:01","QuorumMaj.java","39549","12977","52526"
"2017-09-11 18:55","QuorumMaj.java","88187","27844","116031"
"2012-04-23 01:20","QuorumMaj.java","25525","10791","36316"
"2019-08-17 17:13","QuorumMaj.java","256932","178405","435337"
"2013-12-21 22:05","RepeatStartupTest.java","98786","29919","128705"
"2010-08-18 08:24","RepeatStartupTest.java","63794","17950","81744"
"2010-03-31 06:26","RepeatStartupTest.java","40968","14591","55559"
"2011-04-12 09:14","RepeatStartupTest.java","59741","22852","82593"
"2011-10-25 08:09","RepeatStartupTest.java","71479","26178","97657"
"2019-08-17 17:13","RepeatStartupTest.java","257500","142084","399584"
"2019-11-08 17:30","ClientCnxn.java","2052","191","2243"
"2020-05-17 15:13","ClientCnxn.java","24666","14474","39140"
"2020-03-03 03:12","ClientCnxn.java","18043","10061","28104"
"2020-01-21 17:53","ClientCnxn.java","12121","7878","19999"
"2019-11-21 05:58","ClientCnxn.java","4737","5323","10060"
"2020-04-16 12:50","ClientCnxn.java","20732","10911","31643"
"2018-10-16 16:22","QuorumPeerConfig.java","236336","159926","396262"
"2012-04-23 01:20","QuorumPeerConfig.java","12167","10635","22802"
"2018-12-09 03:16","QuorumPeerConfig.java","229364","178693","408057"
"2019-04-12 19:01","QuorumPeerConfig.java","238573","178753","417326"
"2018-09-11 15:23","QuorumPeerConfig.java","173009","114270","287279"
"2013-03-07 07:01","QuorumPeerConfig.java","26914","13544","40458"
"2018-12-15 07:34","QuorumPeerConfig.java","229279","178693","407972"
"2019-02-13 13:12","QuorumPeerConfig.java","235665","178706","414371"
"2019-08-17 17:13","QuorumPeerConfig.java","256765","178752","435517"
"2015-03-17 18:06","QuorumPeerConfig.java","60165","22071","82236"
"2014-01-21 04:50","QuorumPeerConfig.java","34993","14473","49466"
"2012-12-16 07:43","QuorumPeerConfig.java","18945","11969","30914"
"2017-11-28 00:10","QuorumPeerConfig.java","82740","31742","114482"
"2019-06-05 00:29","QuorumPeerConfig.java","242432","178752","421184"
"2014-09-17 07:34","QuorumPeerConfig.java","56366","21725","78091"
"2020-01-09 11:27","QuorumPeerConfig.java","266074","179958","446032"
"2019-07-12 17:01","QuorumPeerConfig.java","252078","178752","430830"
"2016-11-13 20:59","QuorumPeerConfig.java","74809","27077","101886"
"2019-05-15 11:56","QuorumPeerConfig.java","241520","178753","420273"
"2014-08-19 22:50","QuorumPeerConfig.java","55280","21725","77005"
"2018-10-01 06:11","QuorumPeerConfig.java","177060","114487","291547"
"2017-07-28 00:36","QuorumPeerConfig.java","77820","31242","109062"
"2013-09-30 22:20","QuorumPeerConfig.java","29699","13944","43643"
"2017-07-06 18:48","QuorumPeerConfig.java","78057","30597","108654"
"2013-09-26 00:13","QuorumPeerConfig.java","29436","13925","43361"
"2020-01-23 13:43","QuorumPeerConfig.java","267898","179958","447856"
"2014-05-17 13:23","QuorumPeerConfig.java","46053","20638","66691"
"2014-07-04 04:19","QuorumPeerConfig.java","48794","20830","69624"
"2011-09-17 02:42","QuorumPeerConfig.java","1943","3553","5496"
"2016-06-23 19:42","QuorumPeerConfig.java","69728","26428","96156"
"2015-09-06 20:02","QuorumPeerConfig.java","65045","23439","88484"
"2015-09-29 03:56","QuorumPeerConfig.java","65268","23481","88749"
"2019-10-10 14:37","QuorumPeerConfig.java","260518","178752","439270"
"2018-07-27 12:32","QuorumPeerConfig.java","106059","50147","156206"
"2019-04-18 19:17","QuorumPeerConfig.java","239283","178753","418036"
"2016-11-03 16:07","QuorumPeerConfig.java","73120","27057","100177"
"2014-03-25 22:13","QuorumPeerConfig.java","37720","14744","52464"
"2013-10-09 22:21","QuorumPeerConfig.java","32835","14270","47105"
"2014-08-01 07:38","QuorumPeerConfig.java","54695","21675","76370"
"2014-08-14 08:08","QuorumPeerConfig.java","55116","21675","76791"
"2020-02-16 10:25","QuorumPeerConfig.java","268611","179958","448569"
"2020-05-14 18:18","QuorumPeerConfig.java","271840","179962","451802"
"2017-05-11 16:59","QuorumPeerConfig.java","76956","30363","107319"
"2018-12-09 03:16","LeaderZooKeeperServer.java","229240","175217","404457"
"2018-11-21 17:56","LeaderZooKeeperServer.java","224671","175216","399887"
"2012-01-31 07:45","LeaderZooKeeperServer.java","3956","1797","5753"
"2019-06-04 10:55","LeaderZooKeeperServer.java","242143","175294","417437"
"2015-06-04 19:51","LeaderZooKeeperServer.java","60783","17003","77786"
"2019-08-17 17:13","LeaderZooKeeperServer.java","256659","175294","431953"
"2019-06-03 19:40","LeaderZooKeeperServer.java","241990","175294","417284"
"2019-11-25 15:37","LeaderZooKeeperServer.java","262772","176599","439371"
"2019-12-27 22:33","LeaderZooKeeperServer.java","266642","176599","443241"
"2013-10-09 22:21","LeaderZooKeeperServer.java","30704","8787","39491"
"2019-08-17 17:13","Op.java","39048","26898","65946"
"2019-07-25 21:41","FollowerMXBean.java","38206","14381","52587"
"2019-08-17 17:13","FollowerMXBean.java","63823","36481","100304"
"2015-10-18 19:00","QuorumPeer.java","99185","33514","132699"
"2018-12-20 15:13","QuorumPeer.java","230494","167657","398151"
"2019-05-16 16:25","QuorumPeer.java","241790","167724","409514"
"2018-10-16 16:22","QuorumPeer.java","237013","136787","373800"
"2019-06-14 09:06","QuorumPeer.java","244988","167723","412711"
"2018-12-07 12:41","QuorumPeer.java","227508","167657","395165"
"2012-04-23 01:20","QuorumPeer.java","48867","23519","72386"
"2012-07-17 23:19","QuorumPeer.java","49659","23539","73198"
"2019-03-11 19:47","QuorumPeer.java","236936","167671","404607"
"2012-02-27 03:41","QuorumPeer.java","44499","21236","65735"
"2014-07-18 02:19","QuorumPeer.java","88558","32621","121179"
"2019-02-13 13:12","QuorumPeer.java","235883","167670","403553"
"2011-04-29 18:12","QuorumPeer.java","25894","14819","40713"
"2019-04-12 19:01","QuorumPeer.java","238798","167724","406522"
"2018-12-09 03:16","QuorumPeer.java","229582","167657","397239"
"2018-09-11 15:23","QuorumPeer.java","185017","102462","287479"
"2019-11-29 14:49","QuorumPeer.java","264619","168795","433414"
"2013-03-07 07:01","QuorumPeer.java","62509","25323","87832"
"2018-12-15 07:34","QuorumPeer.java","229497","167657","397154"
"2018-11-27 10:02","QuorumPeer.java","227258","167657","394915"
"2018-09-18 01:00","QuorumPeer.java","186326","102516","288842"
"2012-02-06 09:40","QuorumPeer.java","43942","20920","64862"
"2019-06-03 19:40","QuorumPeer.java","242321","167723","410044"
"2019-07-15 14:15","QuorumPeer.java","252409","167723","420132"
"2015-03-17 18:06","QuorumPeer.java","94843","32933","127776"
"2019-07-03 00:44","QuorumPeer.java","245003","167723","412726"
"2019-08-17 17:13","QuorumPeer.java","256990","167723","424713"
"2015-06-27 02:03","QuorumPeer.java","97755","33156","130911"
"2017-11-28 00:10","QuorumPeer.java","113506","38692","152198"
"2014-01-21 04:50","QuorumPeer.java","70306","25970","96276"
"2014-06-04 22:07","QuorumPeer.java","82214","32077","114291"
"2018-01-30 08:02","QuorumPeer.java","113697","38730","152427"
"2019-05-15 11:56","QuorumPeer.java","241745","167724","409469"
"2019-06-05 00:33","QuorumPeer.java","242711","167723","410434"
"2019-05-20 23:13","QuorumPeer.java","241863","167724","409587"
"2019-06-04 10:55","QuorumPeer.java","242474","167723","410197"
"2019-07-12 17:01","QuorumPeer.java","252303","167723","420026"
"2020-01-09 11:27","QuorumPeer.java","266165","168795","434960"
"2017-02-09 11:40","QuorumPeer.java","109870","36280","146150"
"2011-06-14 07:14","QuorumPeer.java","27656","14966","42622"
"2017-07-06 18:48","QuorumPeer.java","109669","38393","148062"
"2018-10-01 06:11","QuorumPeer.java","189052","102663","291715"
"2015-04-09 20:16","QuorumPeer.java","95914","32941","128855"
"2013-10-07 21:08","QuorumPeer.java","65711","25709","91420"
"2013-09-30 22:20","QuorumPeer.java","65148","25577","90725"
"2018-07-04 17:11","QuorumPeer.java","124929","46401","171330"
"2019-12-17 13:48","QuorumPeer.java","265191","168795","433986"
"2015-12-07 05:59","QuorumPeer.java","100033","33604","133637"
"2020-01-23 13:43","QuorumPeer.java","267989","168795","436784"
"2016-06-23 23:45","QuorumPeer.java","102687","35188","137875"
"2011-05-03 19:57","QuorumPeer.java","25900","14821","40721"
"2016-06-23 23:25","QuorumPeer.java","102579","35188","137767"
"2014-03-23 04:12","QuorumPeer.java","72711","26155","98866"
"2013-09-26 00:13","QuorumPeer.java","64888","25561","90449"
"2011-06-17 01:34","QuorumPeer.java","27801","15040","42841"
"2011-06-14 14:11","QuorumPeer.java","27684","14967","42651"
"2014-07-18 20:48","QuorumPeer.java","89046","32650","121696"
"2014-07-04 04:19","QuorumPeer.java","83873","32093","115966"
"2018-12-06 10:56","QuorumPeer.java","227452","167657","395109"
"2014-06-25 15:04","QuorumPeer.java","82717","32083","114800"
"2014-03-28 01:58","QuorumPeer.java","73142","26168","99310"
"2013-10-21 23:36","QuorumPeer.java","68617","25873","94490"
"2019-10-10 14:37","QuorumPeer.java","260743","167723","428466"
"2013-11-07 06:41","QuorumPeer.java","69072","25897","94969"
"2017-07-27 23:09","QuorumPeer.java","108691","38401","147092"
"2014-05-18 05:49","QuorumPeer.java","81710","32062","113772"
"2011-10-25 08:09","QuorumPeer.java","40447","19929","60376"
"2014-03-25 22:13","QuorumPeer.java","72957","26165","99122"
"2011-04-12 09:14","QuorumPeer.java","25467","14727","40194"
"2011-11-01 08:15","QuorumPeer.java","40788","20081","60869"
"2011-03-16 19:49","QuorumPeer.java","56123","3910","60033"
"2018-06-26 11:18","QuorumPeer.java","117433","38923","156356"
"2018-07-27 12:32","QuorumPeer.java","135350","55622","190972"
"2019-04-18 19:17","QuorumPeer.java","239508","167724","407232"
"2011-10-27 23:25","QuorumPeer.java","40686","20008","60694"
"2011-08-30 08:37","QuorumPeer.java","38528","15124","53652"
"2011-08-30 08:29","QuorumPeer.java","38510","15118","53628"
"2010-08-18 08:24","QuorumPeer.java","21983","2288","24271"
"2013-10-09 22:21","QuorumPeer.java","68255","25874","94129"
"2016-12-20 14:47","QuorumPeer.java","108649","36194","144843"
"2011-05-20 01:17","QuorumPeer.java","26411","14852","41263"
"2017-05-11 16:59","QuorumPeer.java","108731","38322","147053"
"2014-07-03 06:01","QuorumPeer.java","83451","32093","115544"
"2014-08-14 08:08","QuorumPeer.java","89990","32733","122723"
"2014-08-01 07:38","QuorumPeer.java","89569","32733","122302"
"2014-07-20 04:50","QuorumPeer.java","89127","32669","121796"
"2016-06-02 00:59","QuorumPeer.java","102210","35188","137398"
"2020-02-16 10:25","QuorumPeer.java","268702","168795","437497"
"2019-08-17 17:13","EnvCommand.java","255967","218737","474704"
"2019-08-17 17:13","RecoveryTest.java","257015","167976","424991"
"2013-12-21 22:05","RecoveryTest.java","72367","28511","100878"
"2019-10-10 14:37","RecoveryTest.java","260768","167976","428744"
"2011-04-12 09:14","RecoveryTest.java","27920","17408","45328"
"2010-08-18 08:24","RecoveryTest.java","24450","4983","29433"
"2013-05-11 14:51","FLETest.java","91505","29498","121003"
"2019-10-10 14:37","FLETest.java","261253","142084","403337"
"2013-10-21 23:36","FLETest.java","97397","29870","127267"
"2013-10-02 20:19","FLETest.java","94186","29770","123956"
"2010-03-13 01:06","FLETest.java","39382","13252","52634"
"2014-06-25 15:04","FLETest.java","106939","31522","138461"
"2010-03-31 06:26","FLETest.java","40968","14591","55559"
"2011-09-17 02:13","FLETest.java","71315","24451","95766"
"2016-06-02 00:59","FLETest.java","125724","33919","159643"
"2011-04-12 09:14","FLETest.java","59741","22852","82593"
"2011-12-23 20:46","FLETest.java","73440","26451","99891"
"2011-04-29 18:12","FLETest.java","60111","22887","82998"
"2017-09-11 18:55","FLETest.java","131683","35943","167626"
"2012-04-23 01:20","FLETest.java","78282","28151","106433"
"2019-08-17 17:13","FLETest.java","257500","142084","399584"
"2020-01-16 21:46","AvgMinMaxCounterSet.java","69193","38921","108114"
"2019-08-17 17:13","AvgMinMaxCounterSet.java","52485","30178","82663"
"2019-04-12 19:01","AvgMinMaxCounterSet.java","5291","1177","6468"
"2019-06-26 10:57","ZooDefs.java","245097","146226","391323"
"2015-06-04 19:51","ZooDefs.java","116226","31461","147687"
"2019-08-17 17:13","ZooDefs.java","257247","146226","403473"
"2016-10-07 21:51","ZooDefs.java","123414","33598","157012"
"2010-01-26 03:03","ZooDefs.java","15727","3338","19065"
"2014-01-24 07:18","ZooDefs.java","95487","29047","124534"
"2017-07-28 00:36","ZooDefs.java","126174","35259","161433"
"2019-01-16 14:21","ZooDefs.java","233179","146178","379357"
"2019-01-07 14:24","ZooDefs.java","232029","146178","378207"
"2019-11-08 17:30","ZooDefs.java","262861","146226","409087"
"2011-08-19 00:05","ZooDefs.java","62850","20292","83142"
"2011-07-01 00:53","ZooDefs.java","59336","22197","81533"
"2019-07-31 19:06","ZooDefs.java","256554","146226","402780"
"2019-02-07 11:26","ZooDefs.java","235532","146179","381711"
"2014-04-29 02:23","ZooDefs.java","100158","30453","130611"
"2019-06-03 19:40","ReconfigBackupTest.java","241477","211574","453051"
"2019-08-17 17:13","ReconfigBackupTest.java","256146","211574","467720"
"2016-11-13 20:59","ReconfigBackupTest.java","22604","8313","30917"
"2014-09-10 09:00","ReconfigBackupTest.java","1385","193","1578"
"2016-08-24 01:36","ReconfigBackupTest.java","18536","7831","26367"
"2012-08-28 21:51","ClientBase.java","53236","26270","79506"
"2017-06-08 17:51","ClientBase.java","110689","40418","151107"
"2012-07-17 23:19","ClientBase.java","52081","26189","78270"
"2017-04-18 01:37","ClientBase.java","110565","39662","150227"
"2018-09-07 02:49","ClientBase.java","184397","103056","287453"
"2019-07-31 19:06","ClientBase.java","256322","167976","424298"
"2012-02-06 09:47","ClientBase.java","46359","23588","69947"
"2015-02-06 06:17","ClientBase.java","95889","35429","131318"
"2017-09-11 18:55","ClientBase.java","111393","40664","152057"
"2019-08-17 17:13","ClientBase.java","257015","167976","424991"
"2015-03-28 20:08","ClientBase.java","98173","35502","133675"
"2019-06-07 14:13","ClientBase.java","243119","167976","411095"
"2018-04-24 00:20","ClientBase.java","117403","40898","158301"
"2018-08-08 06:21","ClientBase.java","163454","82978","246432"
"2018-05-09 23:57","ClientBase.java","118261","40971","159232"
"2019-06-24 11:05","ClientBase.java","244348","167976","412324"
"2012-12-11 08:42","ClientBase.java","57243","26944","84187"
"2017-01-13 19:29","ClientBase.java","111417","38348","149765"
"2016-06-23 23:25","ClientBase.java","104656","37493","142149"
"2014-01-03 01:40","ClientBase.java","72517","28521","101038"
"2014-01-25 01:17","ClientBase.java","74374","28572","102946"
"2019-11-14 16:44","ClientBase.java","265042","167976","433018"
"2019-10-10 14:37","ClientBase.java","260768","167976","428744"
"2012-03-15 17:47","ClientBase.java","47864","23850","71714"
"2010-09-15 07:51","ClientBase.java","52650","5013","57663"
"2012-01-14 00:28","ClientBase.java","45727","23472","69199"
"2011-04-12 09:14","ClientBase.java","27920","17408","45328"
"2011-11-05 07:29","ClientBase.java","43519","22684","66203"
"2016-08-24 01:36","ClientBase.java","105643","37909","143552"
"2011-09-17 02:13","ClientBase.java","42411","20558","62969"
"2010-07-05 20:20","ClientBase.java","14007","3160","17167"
"2010-08-18 08:24","ClientBase.java","24450","4983","29433"
"2015-03-08 23:07","ClientBase.java","96095","35461","131556"
"2015-02-06 06:17","ConnectionBean.java","75142","34092","109234"
"2019-08-17 17:13","ConnectionBean.java","256985","187413","444398"
"2019-10-10 14:37","ConnectionBean.java","260738","187413","448151"
"2011-04-12 09:14","ConnectionBean.java","5707","14662","20369"
"2019-08-17 17:13","ReconfigLegacyTest.java","255925","219699","475624"
"2019-06-03 19:40","ReconfigLegacyTest.java","241255","219698","460953"
"2016-11-13 20:59","ReconfigLegacyTest.java","11615","5670","17285"
"2016-11-03 16:07","ReconfigLegacyTest.java","9713","5437","15150"
"2016-08-24 01:36","ReconfigLegacyTest.java","7451","5092","12543"
"2019-04-12 19:01","WatchManager.java","238740","178406","417146"
"2014-07-18 02:19","WatchManager.java","65966","20643","86609"
"2017-09-11 18:55","WatchManager.java","88187","27844","116031"
"2019-03-05 00:04","WatchManager.java","236588","178353","414941"
"2019-11-08 17:30","WatchManager.java","262546","178405","440951"
"2014-01-24 07:18","WatchManager.java","49071","13766","62837"
"2019-08-17 17:13","WatchManager.java","256932","178405","435337"
"2018-09-28 23:38","WatchManager.java","183147","107377","290524"
"2011-07-25 23:31","WatchManager.java","10217","1581","11798"
"2014-04-29 02:23","WatchManager.java","58398","19828","78226"
"2014-04-17 08:47","WatchManager.java","57687","19823","77510"
"2013-09-26 14:05","Zab1_0Test.java","11735","2991","14726"
"2014-05-09 23:37","Zab1_0Test.java","29028","10545","39573"
"2017-01-07 01:09","Zab1_0Test.java","61912","19552","81464"
"2015-12-06 21:30","Zab1_0Test.java","50359","14765","65124"
"2019-12-17 13:48","Zab1_0Test.java","264902","186678","451580"
"2013-11-19 02:03","Zab1_0Test.java","16073","3584","19657"
"2015-07-07 07:11","Zab1_0Test.java","48476","14433","62909"
"2019-12-27 22:33","Zab1_0Test.java","266451","186678","453129"
"2013-10-24 20:41","Zab1_0Test.java","15889","3538","19427"
"2019-10-10 14:37","Zab1_0Test.java","260204","185356","445560"
"2013-11-07 06:41","Zab1_0Test.java","15990","3549","19539"
"2015-05-14 18:40","Zab1_0Test.java","45891","13148","59039"
"2019-08-17 17:13","Zab1_0Test.java","256451","185356","441807"
"2019-06-03 19:40","Zab1_0Test.java","241782","185356","427138"
"2018-05-10 06:00","Zab1_0Test.java","71758","24689","96447"
"2017-11-28 00:10","Zab1_0Test.java","68089","24009","92098"
"2013-10-07 21:08","Zab1_0Test.java","12456","3188","15644"
"2012-12-31 02:38","Zab1_0Test.java","2593","653","3246"
"2017-08-18 06:32","Zab1_0Test.java","63598","23553","87151"
"2013-03-07 07:01","Zab1_0Test.java","8506","2054","10560"
"2017-02-12 00:12","Zab1_0Test.java","61426","21820","83246"
"2019-09-18 11:20","DataTreeTest.java","258162","224064","482226"
"2019-12-27 22:33","DataTreeTest.java","265554","225690","491244"
"2019-10-09 16:38","DataTreeTest.java","258747","224064","482811"
"2019-01-30 16:28","DataTreeTest.java","232243","223946","456189"
"2019-02-07 11:26","DataTreeTest.java","233465","223947","457412"
"2018-12-20 15:17","DataTreeTest.java","228731","223945","452676"
"2018-09-04 11:54","DataTreeTest.java","113373","102716","216089"
"2019-07-31 19:06","DataTreeTest.java","254557","224064","478621"
"2019-04-12 19:01","DataTreeTest.java","237038","224045","461083"
"2019-09-10 15:21","DataTreeTest.java","256293","224064","480357"
"2019-08-17 17:13","DataTreeTest.java","255250","224064","479314"
"2019-04-12 12:29","DataTreeTest.java","236607","224045","460652"
"2014-01-24 07:18","KeeperException.java","3936","398","4334"
"2019-08-17 17:13","KeeperException.java","256367","196919","453286"
"2014-04-30 04:30","KeeperException.java","14827","8010","22837"
"2019-07-24 18:00","KeeperException.java","252822","196919","449741"
"2016-11-13 20:59","KeeperException.java","46526","17359","63885"
"2017-07-28 00:36","KeeperException.java","50887","22874","73761"
"2020-03-25 03:38","KeeperException.java","270500","198267","468767"
"2018-07-27 05:16","KeeperException.java","79774","42619","122393"
"2012-08-28 21:51","ClientBase.java","31889","24333","56222"
"2017-06-08 17:51","ClientBase.java","91210","40349","131559"
"2012-07-17 23:19","ClientBase.java","30732","24250","54982"
"2017-04-18 01:37","ClientBase.java","91076","39583","130659"
"2018-09-07 02:49","ClientBase.java","181406","119475","300881"
"2019-07-31 19:06","ClientBase.java","256292","187413","443705"
"2012-02-06 09:47","ClientBase.java","24943","21582","46525"
"2015-02-06 06:17","ClientBase.java","75142","34092","109234"
"2017-09-11 18:55","ClientBase.java","91941","40622","132563"
"2019-08-17 17:13","ClientBase.java","256985","187413","444398"
"2015-03-28 20:08","ClientBase.java","77496","34235","111731"
"2019-06-07 14:13","ClientBase.java","243089","187413","430502"
"2018-04-24 00:20","ClientBase.java","98024","40929","138953"
"2018-08-08 06:21","ClientBase.java","160019","98953","258972"
"2018-05-09 23:57","ClientBase.java","98922","41042","139964"
"2019-06-24 11:05","ClientBase.java","244318","187413","431731"
"2012-12-11 08:42","ClientBase.java","35937","25048","60985"
"2017-01-13 19:29","ClientBase.java","91807","38148","129955"
"2016-06-23 23:25","ClientBase.java","84853","37100","121953"
"2014-01-03 01:40","ClientBase.java","51539","26953","78492"
"2014-01-25 01:17","ClientBase.java","53396","27004","80400"
"2019-11-14 16:44","ClientBase.java","265012","187413","452425"
"2019-10-10 14:37","ClientBase.java","260738","187413","448151"
"2012-03-15 17:47","ClientBase.java","26462","21858","48320"
"2010-09-15 07:51","ClientBase.java","28211","41","28252"
"2012-01-14 00:28","ClientBase.java","24302","21457","45759"
"2011-04-12 09:14","ClientBase.java","5707","14662","20369"
"2011-11-05 07:29","ClientBase.java","22090","20665","42755"
"2016-08-24 01:36","ClientBase.java","85848","37524","123372"
"2011-09-17 02:13","ClientBase.java","20925","18482","39407"
"2015-03-08 23:07","ClientBase.java","75362","34138","109500"
"2019-08-17 17:13","ObserverTest.java","63823","36481","100304"
"2019-10-10 14:37","ClientCnxnSocket.java","259857","214757","474614"
"2018-07-10 13:29","ClientCnxnSocket.java","43725","25649","69374"
"2016-12-30 23:01","ClientCnxnSocket.java","21405","8972","30377"
"2015-02-06 06:17","ClientCnxnSocket.java","373","167","540"
"2018-11-22 17:56","ClientCnxnSocket.java","224690","214646","439336"
"2016-05-02 18:15","ClientCnxnSocket.java","12582","6535","19117"
"2019-08-17 17:13","ClientCnxnSocket.java","256104","214757","470861"
"2018-07-12 01:33","ClientCnxnSocket.java","44003","25749","69752"
"2019-04-09 15:35","ClientCnxnSocket.java","236873","214669","451542"
"2020-03-25 03:38","Leader.java","8020","3913","11933"
"2020-03-25 03:38","ZooKeeperServerBean.java","49817","34953","84770"
"2019-11-14 03:54","ZooKeeperServerBean.java","37532","27444","64976"
"2019-09-16 23:26","ZooKeeperServerBean.java","31400","26302","57702"
"2020-04-30 18:53","ZooKeeperServerBean.java","51389","35625","87014"
"2019-08-17 17:13","ZooKeeperServerBean.java","26748","24669","51417"
"2018-07-10 12:46","QuorumTest.java","36397","23526","59923"
"2019-08-17 17:13","QuorumTest.java","255921","219801","475722"
"2019-10-10 14:37","QuorumTest.java","259674","219801","479475"
"2019-09-18 11:20","QuorumTest.java","258833","219801","478634"
"2019-12-28 16:17","QuorumTest.java","266056","221351","487407"
"2018-10-08 14:33","ConnectStringParserTest.java","233856","187566","421422"
"2019-08-17 17:13","ConnectStringParserTest.java","256985","218823","475808"
"2019-08-17 17:13","ZKUtilTest.java","54406","29928","84334"
"2019-11-08 17:30","FinalRequestProcessor.java","261797","203538","465335"
"2019-07-08 23:26","FinalRequestProcessor.java","244931","203510","448441"
"2019-01-16 23:23","FinalRequestProcessor.java","232027","203402","435429"
"2018-09-18 01:00","FinalRequestProcessor.java","146504","111878","258382"
"2019-04-12 19:01","FinalRequestProcessor.java","237946","203494","441440"
"2019-02-07 11:26","FinalRequestProcessor.java","234380","203403","437783"
"2019-01-14 19:38","FinalRequestProcessor.java","231338","203401","434739"
"2019-01-09 17:22","FinalRequestProcessor.java","234020","203403","437423"
"2015-06-04 19:51","FinalRequestProcessor.java","19150","4090","23240"
"2019-09-10 04:26","FinalRequestProcessor.java","257200","203510","460710"
"2019-08-17 17:13","FinalRequestProcessor.java","256155","203510","459665"
"2016-10-07 21:51","FinalRequestProcessor.java","30216","10105","40321"
"2019-06-26 10:57","FinalRequestProcessor.java","244005","203510","447515"
"2019-08-01 07:28","FinalRequestProcessor.java","256336","203510","459846"
"2019-07-03 00:44","FinalRequestProcessor.java","244168","203510","447678"
"2016-03-23 00:30","FinalRequestProcessor.java","25306","8702","34008"
"2019-08-06 17:11","FinalRequestProcessor.java","257256","203510","460766"
"2015-03-17 18:06","FinalRequestProcessor.java","15892","3166","19058"
"2018-07-10 12:46","FinalRequestProcessor.java","55283","25887","81170"
"2020-03-25 03:38","FinalRequestProcessor.java","270379","204949","475328"
"2019-09-16 23:26","FinalRequestProcessor.java","259174","203510","462684"
"2019-10-10 14:37","FinalRequestProcessor.java","259908","203510","463418"
"2019-11-21 05:58","FinalRequestProcessor.java","260761","204949","465710"
"2019-11-18 09:05","FinalRequestProcessor.java","260738","204949","465687"
"2019-11-11 13:59","FinalRequestProcessor.java","263593","203538","467131"
"2020-03-26 22:12","FinalRequestProcessor.java","270381","204949","475330"
"2019-08-17 17:13","RecoveryTest.java","256985","187413","444398"
"2013-12-21 22:05","RecoveryTest.java","51384","26938","78322"
"2019-10-10 14:37","RecoveryTest.java","260738","187413","448151"
"2011-04-12 09:14","RecoveryTest.java","5707","14662","20369"
"2019-05-14 17:11","SyncRequestProcessor.java","1012","181","1193"
"2019-06-05 00:46","SyncRequestProcessor.java","2823","799","3622"
"2019-05-22 11:39","SyncRequestProcessor.java","1717","353","2070"
"2019-06-03 19:40","SyncRequestProcessor.java","2058","563","2621"
"2019-08-17 17:13","SyncRequestProcessor.java","45888","29724","75612"
"2019-10-10 14:37","SyncRequestProcessor.java","51958","32041","83999"
"2020-01-07 20:39","SyncRequestProcessor.java","63318","38101","101419"
"2020-03-25 03:38","SyncRequestProcessor.java","68521","39572","108093"
"2019-08-17 17:13","ZooKeeperTestClient.java","257247","146226","403473"
"2015-02-06 06:17","ZooKeeperTestClient.java","112439","31230","143669"
"2010-03-31 06:26","ZooKeeperTestClient.java","34631","12649","47280"
"2019-08-17 17:13","SaslAuthRequiredFailNoSASLTest.java","29313","25768","55081"
"2019-08-17 17:13","Leader.java","257490","143986","401476"
"2019-06-29 00:33","Leader.java","245477","143986","389463"
"2019-06-03 19:40","Leader.java","242821","143986","386807"
"2014-05-20 23:42","Leader.java","104436","31759","136195"
"2019-07-15 14:15","Leader.java","252909","143986","396895"
"2015-03-17 18:06","Leader.java","117325","32411","149736"
"2019-07-25 21:41","Leader.java","253973","143986","397959"
"2018-05-10 06:00","Leader.java","137410","36603","174013"
"2018-07-12 01:33","Leader.java","145566","43826","189392"
"2009-11-18 20:06","Leader.java","13918","3412","17330"
"2018-02-07 01:05","Leader.java","135186","36513","171699"
"2017-11-28 00:10","Leader.java","134275","36457","170732"
"2019-06-05 00:33","Leader.java","243211","143986","387197"
"2015-04-10 22:22","Leader.java","118397","32415","150812"
"2011-06-14 07:14","Leader.java","59940","23013","82953"
"2019-08-03 08:42","Leader.java","258198","143986","402184"
"2019-06-05 23:57","Leader.java","243480","143986","387466"
"2012-12-08 00:38","Leader.java","82518","28961","111479"
"2013-10-07 21:08","Leader.java","93014","30008","123022"
"2012-12-31 02:38","Leader.java","85068","29390","114458"
"2017-01-13 19:29","Leader.java","131245","34944","166189"
"2012-07-05 18:01","Leader.java","76937","28306","105243"
"2019-01-07 14:55","Leader.java","232337","143942","376279"
"2019-04-12 19:01","Leader.java","239297","143986","383283"
"2018-12-09 03:16","Leader.java","230104","143942","374046"
"2018-08-17 14:40","Leader.java","174177","70141","244318"
"2019-11-29 14:49","Leader.java","264687","144626","409313"
"2013-03-07 07:01","Leader.java","89910","29720","119630"
"2018-11-27 10:02","Leader.java","227780","143942","371722"
"2015-02-06 06:17","Leader.java","116065","32373","148438"
"2012-02-27 03:41","Leader.java","73111","26844","99955"
"2017-02-15 23:04","Leader.java","129200","35855","165055"
"2014-07-18 02:19","Leader.java","111119","32178","143297"
"2012-01-04 01:15","Leader.java","71926","26537","98463"
"2011-12-28 01:26","Leader.java","71771","26535","98306"
"2018-08-29 06:26","Leader.java","188614","84370","272984"
"2018-08-03 18:52","Leader.java","151718","48480","200198"
"2011-04-29 18:12","Leader.java","58239","22927","81166"
"2013-05-14 14:27","Leader.java","90055","29740","119795"
"2012-02-06 09:40","Leader.java","72603","26577","99180"
"2017-09-11 18:55","Leader.java","130360","36399","166759"
"2018-09-18 01:00","Leader.java","195637","88823","284460"
"2011-10-20 20:02","Leader.java","69625","26157","95782"
"2012-01-14 00:28","Leader.java","72028","26541","98569"
"2012-01-06 02:32","Leader.java","71927","26537","98464"
"2012-03-15 17:47","Leader.java","74105","26859","100964"
"2011-04-12 09:14","Leader.java","57860","22883","80743"
"2010-07-23 06:22","Leader.java","55136","17104","72240"
"2011-09-22 07:42","Leader.java","69846","24586","94432"
"2010-08-18 08:24","Leader.java","61833","17901","79734"
"2016-12-20 14:47","Leader.java","130395","34936","165331"
"2014-07-20 04:50","Leader.java","111668","32206","143874"
"2014-06-10 00:19","Leader.java","105374","31763","137137"
"2016-06-23 23:25","Leader.java","124659","34264","158923"
"2016-06-23 23:45","Leader.java","124767","34264","159031"
"2020-03-25 03:38","Leader.java","270915","144626","415541"
"2014-03-23 04:12","Leader.java","99908","30348","130256"
"2009-10-30 17:19","Leader.java","3659","2026","5685"
"2019-12-27 22:33","Leader.java","266808","144626","411434"
"2016-08-13 15:01","Leader.java","125717","34519","160236"
"2013-10-21 23:36","Leader.java","95846","30098","125944"
"2019-10-10 14:37","Leader.java","261243","143986","405229"
"2013-11-07 06:41","Leader.java","96304","30125","126429"
"2019-12-27 22:33","FileTxnSnapLog.java","266817","133561","400378"
"2009-11-07 08:16","FileTxnSnapLog.java","20126","6140","26266"
"2019-10-10 14:37","FileTxnSnapLog.java","261253","132922","394175"
"2019-12-13 08:51","FileTxnSnapLog.java","264854","133561","398415"
"2017-01-07 01:09","FileTxnSnapLog.java","137334","32281","169615"
"2011-07-13 15:48","FileTxnSnapLog.java","69970","21065","91035"
"2014-02-12 17:00","FileTxnSnapLog.java","105957","27829","133786"
"2012-03-06 09:20","FileTxnSnapLog.java","81429","26026","107455"
"2020-01-23 16:46","FileTxnSnapLog.java","268066","133561","401627"
"2020-01-28 17:26","FileTxnSnapLog.java","268537","133561","402098"
"2011-10-20 20:02","FileTxnSnapLog.java","77874","25451","103325"
"2016-09-18 23:21","FileTxnSnapLog.java","132592","32011","164603"
"2017-01-23 02:13","FileTxnSnapLog.java","137759","32302","170061"
"2011-04-12 09:14","FileTxnSnapLog.java","68582","22531","91113"
"2018-06-08 16:52","FileTxnSnapLog.java","143937","33711","177648"
"2019-09-02 08:23","FileTxnSnapLog.java","258157","132922","391079"
"2011-12-21 21:39","FileTxnSnapLog.java","79816","25696","105512"
"2017-04-28 07:14","FileTxnSnapLog.java","136245","33047","169292"
"2019-07-31 19:06","FileTxnSnapLog.java","256807","132922","389729"
"2018-07-30 06:22","FileTxnSnapLog.java","157175","45294","202469"
"2012-02-06 09:40","FileTxnSnapLog.java","80805","25824","106629"
"2012-07-17 23:25","FileTxnSnapLog.java","85132","26428","111560"
"2020-01-30 09:43","FileTxnSnapLog.java","268613","133561","402174"
"2019-05-14 17:11","FileTxnSnapLog.java","242167","132922","375089"
"2010-03-12 23:36","FileTxnSnapLog.java","49261","13920","63181"
"2013-06-28 23:22","FileTxnSnapLog.java","98509","27502","126011"
"2014-02-10 21:50","FileTxnSnapLog.java","105824","27808","133632"
"2019-05-21 23:34","FileTxnSnapLog.java","242488","132922","375410"
"2019-05-27 10:54","FileTxnSnapLog.java","242820","132922","375742"
"2017-01-13 19:29","FileTxnSnapLog.java","137542","32286","169828"
"2017-06-26 00:07","FileTxnSnapLog.java","136146","33410","169556"
"2018-02-23 23:49","FileTxnSnapLog.java","141628","33656","175284"
"2017-08-18 06:32","FileTxnSnapLog.java","136211","33473","169684"
"2009-06-18 18:37","FileTxnSnapLog.java","1657","586","2243"
"2019-08-17 17:13","FileTxnSnapLog.java","257500","132922","390422"
"2018-02-14 21:23","FileTxnSnapLog.java","141465","33657","175122"
"2018-12-06 10:56","FastLeaderElection.java","225682","226622","452304"
"2019-10-10 14:37","FastLeaderElection.java","259027","226742","485769"
"2019-09-30 23:22","FastLeaderElection.java","258654","226742","485396"
"2020-04-07 09:07","FastLeaderElection.java","270312","228406","498718"
"2019-01-18 03:42","FastLeaderElection.java","231181","226624","457805"
"2017-09-11 18:55","FastLeaderElection.java","4480","6820","11300"
"2018-08-29 06:26","FastLeaderElection.java","109693","101750","211443"
"2018-04-30 06:34","FastLeaderElection.java","11851","8209","20060"
"2019-08-17 17:13","FastLeaderElection.java","255274","226742","482016"
"2019-08-02 20:08","FastLeaderElection.java","256055","226742","482797"
"2019-08-03 08:42","FastLeaderElection.java","255982","226742","482724"
"2019-08-01 07:31","ObserverRequestProcessor.java","256821","210485","467306"
"2019-08-17 17:13","ObserverRequestProcessor.java","256150","210485","466635"
"2015-06-04 19:51","ObserverRequestProcessor.java","10665","2585","13250"
"2016-10-07 21:51","ObserverRequestProcessor.java","21916","8785","30701"
"2015-03-08 23:07","ObserverRequestProcessor.java","6165","1467","7632"
"2020-03-25 03:38","ObserverRequestProcessor.java","270377","211927","482304"
"2018-09-18 01:00","ServerStatsTest.java","106205","100662","206867"
"2019-08-17 17:13","ServerStatsTest.java","254848","231286","486134"
"2018-07-18 15:49","ServerStatsTest.java","22239","21289","43528"
"2019-08-17 17:13","TxnLogToolkitTest.java","254922","230884","485806"
"2019-08-17 17:13","LogChopperTest.java","174233","155472","329705"
"2019-10-10 14:37","ACLTest.java","261253","140956","402209"
"2013-12-21 22:05","ACLTest.java","99564","29945","129509"
"2010-08-18 08:24","ACLTest.java","65368","18396","83764"
"2010-03-31 06:26","ACLTest.java","42573","15068","57641"
"2011-04-12 09:14","ACLTest.java","61292","23275","84567"
"2016-08-24 01:36","ACLTest.java","127740","34243","161983"
"2017-09-11 18:55","ACLTest.java","132311","35819","168130"
"2016-11-13 20:59","ACLTest.java","131370","34287","165657"
"2019-05-06 18:32","ACLTest.java","241854","140956","382810"
"2017-08-18 23:35","ACLTest.java","132175","35761","167936"
"2009-07-17 00:09","ACLTest.java","2382","1254","3636"
"2019-08-17 17:13","ACLTest.java","257500","140956","398456"
"2014-04-25 23:40","ACLTest.java","105443","31376","136819"
"2019-08-17 17:13","LocalSessionTracker.java","212928","191803","404731"
"2019-08-17 17:13","MonitorCommand.java","43884","29368","73252"
"2019-08-17 17:13","MaxCnxnsTest.java","256750","177002","433752"
"2013-12-21 22:05","MaxCnxnsTest.java","33411","11408","44819"
"2019-08-17 17:13","DeserializationPerfTest.java","257015","167976","424991"
"2014-04-25 21:35","DeserializationPerfTest.java","82762","34487","117249"
"2019-10-10 14:37","DeserializationPerfTest.java","260768","167976","428744"
"2011-04-12 09:14","DeserializationPerfTest.java","27920","17408","45328"
"2018-09-15 00:08","ZooKeeperServer.java","168044","109129","277173"
"2019-04-12 19:01","ZooKeeperServer.java","238293","178899","417192"
"2019-07-31 19:06","ZooKeeperServer.java","255809","178915","434724"
"2019-09-11 10:27","ZooKeeperServer.java","257858","178915","436773"
"2019-01-14 19:38","ZooKeeperServer.java","231700","178821","410521"
"2019-01-07 15:34","ZooKeeperServer.java","231301","178821","410122"
"2018-11-21 17:56","ZooKeeperServer.java","224496","178819","403315"
"2017-04-28 07:14","ZooKeeperServer.java","70223","23226","93449"
"2017-02-12 00:12","ZooKeeperServer.java","69269","23171","92440"
"2014-07-18 02:19","ZooKeeperServer.java","46243","14548","60791"
"2013-12-11 19:22","ZooKeeperServer.java","26498","6965","33463"
"2019-02-13 13:12","ZooKeeperServer.java","235374","178841","414215"
"2016-11-24 17:18","ZooKeeperServer.java","68916","21042","89958"
"2018-07-19 05:59","ZooKeeperServer.java","99098","44116","143214"
"2018-09-18 01:00","ZooKeeperServer.java","168755","109187","277942"
"2019-03-04 08:07","ZooKeeperServer.java","235950","178840","414790"
"2019-07-08 23:26","ZooKeeperServer.java","245278","178915","424193"
"2019-01-23 14:00","ZooKeeperServer.java","233136","178822","411958"
"2019-02-13 13:19","ZooKeeperServer.java","235660","178841","414501"
"2019-05-14 17:11","ZooKeeperServer.java","241153","178899","420052"
"2013-01-25 02:17","ZooKeeperServer.java","13176","4631","17807"
"2015-07-10 08:19","ZooKeeperServer.java","57259","16577","73836"
"2019-06-04 10:55","ZooKeeperServer.java","241986","178915","420901"
"2019-04-09 15:35","ZooKeeperServer.java","237285","178841","416126"
"2019-08-03 08:42","ZooKeeperServer.java","257210","178915","436125"
"2019-05-15 11:56","ZooKeeperServer.java","241240","178899","420139"
"2019-05-22 11:39","ZooKeeperServer.java","241686","178899","420585"
"2019-04-22 19:15","ZooKeeperServer.java","239268","178899","418167"
"2018-02-23 23:49","ZooKeeperServer.java","77514","25743","103257"
"2016-11-16 06:21","ZooKeeperServer.java","68342","20489","88831"
"2012-12-19 19:07","ZooKeeperServer.java","12071","4564","16635"
"2017-08-18 06:32","ZooKeeperServer.java","71412","24875","96287"
"2017-06-26 00:16","ZooKeeperServer.java","70859","24330","95189"
"2019-09-10 04:26","ZooKeeperServer.java","257547","178915","436462"
"2019-08-17 17:13","ZooKeeperServer.java","256502","178915","435417"
"2019-09-05 23:12","ZooKeeperServer.java","257421","178915","436336"
"2019-09-10 15:21","ZooKeeperServer.java","257545","178915","436460"
"2019-08-01 07:31","ZooKeeperServer.java","257173","178915","436088"
"2019-08-01 07:28","ZooKeeperServer.java","256683","178915","435598"
"2019-06-03 19:40","ZooKeeperServer.java","241833","178915","420748"
"2015-03-17 18:06","ZooKeeperServer.java","52845","15177","68022"
"2019-11-23 17:08","ZooKeeperServer.java","262513","180225","442738"
"2019-10-09 16:49","ZooKeeperServer.java","260088","178915","439003"
"2019-07-03 00:44","ZooKeeperServer.java","244515","178915","423430"
"2018-01-19 01:12","ZooKeeperServer.java","76393","25664","102057"
"2019-07-24 18:00","ZooKeeperServer.java","252957","178915","431872"
"2013-05-16 18:49","ZooKeeperServer.java","19052","5957","25009"
"2018-08-08 06:21","ZooKeeperServer.java","142842","86380","229222"
"2018-05-09 23:57","ZooKeeperServer.java","79168","25892","105060"
"2019-12-27 22:33","ZooKeeperServer.java","266490","180225","446715"
"2016-08-13 15:01","ZooKeeperServer.java","64007","20055","84062"
"2018-09-11 00:17","ZooKeeperServer.java","166491","109125","275616"
"2019-11-18 09:05","ZooKeeperServer.java","260956","180225","441181"
"2019-10-10 14:37","ZooKeeperServer.java","260255","178915","439170"
"2019-09-16 23:26","ZooKeeperServer.java","259521","178915","438436"
"2013-10-08 01:35","ZooKeeperServer.java","22520","6621","29141"
"2017-06-23 18:39","ZooKeeperServer.java","70813","24264","95077"
"2019-12-03 10:01","ZooKeeperServer.java","264415","180225","444640"
"2020-03-25 03:38","ZooKeeperServer.java","270597","180225","450822"
"2019-11-28 12:24","ZooKeeperServer.java","262718","180225","442943"
"2019-11-06 15:21","ZooKeeperServer.java","260499","178943","439442"
"2020-04-12 11:14","ZooKeeperServer.java","271350","180225","451575"
"2013-10-09 22:21","ZooKeeperServer.java","24991","6852","31843"
"2015-03-08 23:07","ZooKeeperServer.java","51695","15075","66770"
"2018-06-08 16:52","ZooKeeperServer.java","80011","25986","105997"
"2018-06-15 07:41","ZooKeeperServer.java","80018","25990","106008"
"2018-07-28 04:37","ZooKeeperServer.java","99722","44164","143886"
"2019-04-18 19:17","ZooKeeperServer.java","239003","178899","417902"
"2014-03-25 22:13","ZooKeeperServer.java","29940","7390","37330"
"2019-08-17 17:13","LeaderRequestProcessor.java","256367","196919","453286"
"2019-08-01 07:31","LeaderRequestProcessor.java","257038","196919","453957"
"2019-10-10 14:37","LeaderRequestProcessor.java","260120","196919","457039"
"2010-08-17 09:24","ZNodeResource.java","19284","1868","21152"
"2015-01-31 08:05","ClientCnxn.java","23367","10273","33640"
"2016-05-02 18:15","ClientCnxn.java","35328","16198","51526"
"2019-08-17 17:13","ClientCnxn.java","256271","201841","458112"
"2015-05-10 00:27","ClientCnxn.java","26489","10856","37345"
"2017-12-19 19:27","ClientCnxn.java","51858","24399","76257"
"2019-01-31 15:50","ClientCnxn.java","233831","201734","435565"
"2019-04-09 15:35","ClientCnxn.java","237040","201753","438793"
"2014-12-20 15:29","ClientCnxn.java","23324","10241","33565"
"2019-11-08 17:30","ClientCnxn.java","261913","201869","463782"
"2017-06-08 17:59","ClientCnxn.java","45389","22220","67609"
"2019-01-16 14:21","ClientCnxn.java","232144","201734","433878"
"2019-01-07 14:24","ClientCnxn.java","230993","201733","432726"
"2019-03-06 03:32","ClientCnxn.java","235967","201752","437719"
"2015-02-06 06:17","ClientCnxn.java","23671","10382","34053"
"2019-02-07 11:26","ClientCnxn.java","234497","201735","436232"
"2018-11-05 19:40","ClientCnxn.java","235253","182337","417590"
"2020-05-17 15:13","ClientCnxn.java","271665","203290","474955"
"2018-06-25 12:30","ClientCnxn.java","55853","24868","80721"
"2020-03-03 03:12","ClientCnxn.java","269444","203279","472723"
"2018-09-10 11:44","ClientCnxn.java","146606","112436","259042"
"2015-06-13 02:42","ClientCnxn.java","28624","11529","40153"
"2015-11-09 00:05","ClientCnxn.java","31454","12867","44321"
"2015-12-06 19:58","ClientCnxn.java","31881","12989","44870"
"2020-01-21 17:53","ClientCnxn.java","265705","203279","468984"
"2015-12-05 22:43","ClientCnxn.java","31878","12989","44867"
"2015-12-05 22:32","ClientCnxn.java","31872","12988","44860"
"2019-10-10 14:37","ClientCnxn.java","260024","201841","461865"
"2019-11-21 05:58","ClientCnxn.java","260876","203279","464155"
"2020-04-16 12:50","ClientCnxn.java","271283","203279","474562"
"2018-07-27 05:16","ClientCnxn.java","75479","43342","118821"
"2019-11-21 05:58","NIOServerCnxn.java","35348","32889","68237"
"2019-11-18 09:05","NIOServerCnxn.java","35320","32884","68204"
"2019-09-16 23:26","NIOServerCnxn.java","29036","26725","55761"
"2019-10-10 14:37","NIOServerCnxn.java","30687","27642","58329"
"2020-02-11 06:50","NIOServerCnxn.java","45073","35262","80335"
"2019-08-17 17:13","NIOServerCnxn.java","24190","24898","49088"
"2019-01-23 14:00","NettyServerCnxn.java","233647","187348","420995"
"2019-02-18 17:05","NettyServerCnxn.java","236191","187360","423551"
"2019-02-12 15:25","NettyServerCnxn.java","235746","187349","423095"
"2017-08-09 20:31","NettyServerCnxn.java","91401","40492","131893"
"2017-04-10 19:19","NettyServerCnxn.java","91034","39580","130614"
"2018-09-07 02:34","NettyServerCnxn.java","181402","119475","300877"
"2019-04-12 19:01","NettyServerCnxn.java","238793","187414","426207"
"2018-11-22 17:56","NettyServerCnxn.java","225616","187347","412963"
"2018-10-24 04:03","NettyServerCnxn.java","236776","156287","393063"
"2018-11-17 18:33","NettyServerCnxn.java","224993","187346","412339"
"2019-01-14 19:38","NettyServerCnxn.java","232211","187347","419558"
"2011-08-19 00:05","NettyServerCnxn.java","17925","15526","33451"
"2017-03-04 19:22","NettyServerCnxn.java","90738","39570","130308"
"2018-09-18 01:00","NettyServerCnxn.java","183707","119535","303242"
"2019-08-17 17:13","NettyServerCnxn.java","256985","187413","444398"
"2019-07-03 00:44","NettyServerCnxn.java","244998","187413","432411"
"2015-03-28 20:08","NettyServerCnxn.java","77496","34235","111731"
"2019-11-23 17:08","NettyServerCnxn.java","262759","188486","451245"
"2015-06-28 21:09","NettyServerCnxn.java","80242","35281","115523"
"2019-07-23 15:55","NettyServerCnxn.java","252993","187413","440406"
"2019-05-06 18:32","NettyServerCnxn.java","241340","187414","428754"
"2019-04-22 19:15","NettyServerCnxn.java","239768","187414","427182"
"2019-08-03 08:42","NettyServerCnxn.java","257693","187413","445106"
"2016-12-21 23:32","NettyServerCnxn.java","91228","38133","129361"
"2013-12-16 05:18","NettyServerCnxn.java","51071","26929","78000"
"2019-11-18 09:05","NettyServerCnxn.java","261202","188486","449688"
"2015-11-08 22:36","NettyServerCnxn.java","81709","35440","117149"
"2019-11-21 05:58","NettyServerCnxn.java","261225","188486","449711"
"2013-10-05 00:57","NettyServerCnxn.java","46758","26675","73433"
"2019-09-16 23:26","NettyServerCnxn.java","260004","187413","447417"
"2019-10-10 14:37","NettyServerCnxn.java","260738","187413","448151"
"2013-10-12 00:04","NettyServerCnxn.java","49827","26859","76686"
"2018-09-28 23:38","NettyServerCnxn.java","186435","119689","306124"
"2013-05-11 14:51","FLETest.java","95193","27081","122274"
"2019-10-10 14:37","FLETest.java","261253","133993","395246"
"2013-10-21 23:36","FLETest.java","101080","27448","128528"
"2013-10-02 20:19","FLETest.java","97877","27356","125233"
"2010-03-13 01:06","FLETest.java","47712","13491","61203"
"2014-06-25 15:04","FLETest.java","110590","29068","139658"
"2010-03-31 06:26","FLETest.java","49016","14548","63564"
"2011-09-17 02:13","FLETest.java","76501","23532","100033"
"2016-06-02 00:59","FLETest.java","129342","31432","160774"
"2011-04-12 09:14","FLETest.java","67194","22214","89408"
"2011-12-23 20:46","FLETest.java","78599","25505","104104"
"2011-04-29 18:12","FLETest.java","67564","22249","89813"
"2017-09-11 18:55","FLETest.java","135178","33333","168511"
"2012-04-23 01:20","FLETest.java","82374","26138","108512"
"2009-07-17 00:09","FLETest.java","10922","2831","13753"
"2019-08-17 17:13","FLETest.java","257500","133993","391493"
"2019-01-31 15:55","ReconfigCommand.java","233428","221735","455163"
"2016-11-13 20:59","ReconfigCommand.java","4977","1224","6201"
"2019-08-17 17:13","ReconfigCommand.java","255887","221853","477740"
"2019-08-17 17:13","Leader.java","257490","143983","401473"
"2019-06-29 00:33","Leader.java","245477","143983","389460"
"2019-06-03 19:40","Leader.java","242821","143983","386804"
"2014-05-20 23:42","Leader.java","104441","31761","136202"
"2019-07-15 14:15","Leader.java","252909","143983","396892"
"2015-03-17 18:06","Leader.java","117330","32413","149743"
"2019-07-25 21:41","Leader.java","253973","143983","397956"
"2018-05-10 06:00","Leader.java","137412","36602","174014"
"2018-07-12 01:33","Leader.java","145568","43825","189393"
"2009-11-18 20:06","Leader.java","13925","3416","17341"
"2018-02-07 01:05","Leader.java","135188","36512","171700"
"2017-11-28 00:10","Leader.java","134277","36456","170733"
"2019-06-05 00:33","Leader.java","243211","143983","387194"
"2015-04-10 22:22","Leader.java","118402","32417","150819"
"2011-06-14 07:14","Leader.java","59947","23017","82964"
"2019-08-03 08:42","Leader.java","258198","143983","402181"
"2019-06-05 23:57","Leader.java","243480","143983","387463"
"2012-12-08 00:38","Leader.java","82523","28963","111486"
"2013-10-07 21:08","Leader.java","93019","30010","123029"
"2012-12-31 02:38","Leader.java","85073","29392","114465"
"2017-01-13 19:29","Leader.java","131250","34946","166196"
"2012-07-05 18:01","Leader.java","76942","28308","105250"
"2019-01-07 14:55","Leader.java","232337","143939","376276"
"2019-04-12 19:01","Leader.java","239297","143983","383280"
"2018-12-09 03:16","Leader.java","230104","143939","374043"
"2018-08-17 14:40","Leader.java","174179","70140","244319"
"2019-11-29 14:49","Leader.java","264687","144623","409310"
"2013-03-07 07:01","Leader.java","89915","29722","119637"
"2018-11-27 10:02","Leader.java","227780","143939","371719"
"2015-02-06 06:17","Leader.java","116070","32375","148445"
"2012-02-27 03:41","Leader.java","73116","26846","99962"
"2017-02-15 23:04","Leader.java","129202","35854","165056"
"2014-07-18 02:19","Leader.java","111124","32180","143304"
"2012-01-04 01:15","Leader.java","71933","26541","98474"
"2011-12-28 01:26","Leader.java","71778","26539","98317"
"2018-08-29 06:26","Leader.java","188616","84369","272985"
"2018-08-03 18:52","Leader.java","151720","48479","200199"
"2011-04-29 18:12","Leader.java","58246","22931","81177"
"2013-05-14 14:27","Leader.java","90060","29742","119802"
"2012-02-06 09:40","Leader.java","72608","26579","99187"
"2017-09-11 18:55","Leader.java","130362","36398","166760"
"2018-09-18 01:00","Leader.java","195639","88822","284461"
"2011-10-20 20:02","Leader.java","69632","26161","95793"
"2012-01-14 00:28","Leader.java","72035","26545","98580"
"2012-01-06 02:32","Leader.java","71934","26541","98475"
"2012-03-15 17:47","Leader.java","74110","26861","100971"
"2011-04-12 09:14","Leader.java","57867","22887","80754"
"2010-07-23 06:22","Leader.java","55143","17108","72251"
"2011-09-22 07:42","Leader.java","69853","24590","94443"
"2010-08-18 08:24","Leader.java","61840","17905","79745"
"2016-12-20 14:47","Leader.java","130400","34938","165338"
"2014-07-20 04:50","Leader.java","111673","32208","143881"
"2014-06-10 00:19","Leader.java","105379","31765","137144"
"2016-06-23 23:25","Leader.java","124664","34266","158930"
"2016-06-23 23:45","Leader.java","124772","34266","159038"
"2020-03-25 03:38","Leader.java","270915","144623","415538"
"2014-03-23 04:12","Leader.java","99913","30350","130263"
"2009-10-30 17:19","Leader.java","3666","2030","5696"
"2019-12-27 22:33","Leader.java","266808","144623","411431"
"2009-08-27 20:07","Leader.java","7","4","11"
"2016-08-13 15:01","Leader.java","125722","34521","160243"
"2013-10-21 23:36","Leader.java","95851","30100","125951"
"2019-10-10 14:37","Leader.java","261243","143983","405226"
"2013-11-07 06:41","Leader.java","96309","30127","126436"
"2013-05-11 14:51","FLETest.java","97408","27119","124527"
"2019-10-10 14:37","FLETest.java","261253","131753","393006"
"2013-10-21 23:36","FLETest.java","103276","27467","130743"
"2013-10-02 20:19","FLETest.java","100087","27389","127476"
"2010-03-13 01:06","FLETest.java","50457","13996","64453"
"2014-06-25 15:04","FLETest.java","112781","29082","141863"
"2010-03-31 06:26","FLETest.java","51644","14936","66580"
"2011-09-17 02:13","FLETest.java","78790","23644","102434"
"2016-06-02 00:59","FLETest.java","131276","31189","162465"
"2011-04-12 09:14","FLETest.java","69708","22488","92196"
"2011-12-23 20:46","FLETest.java","80865","25594","106459"
"2011-04-29 18:12","FLETest.java","70078","22523","92601"
"2017-09-11 18:55","FLETest.java","137059","33037","170096"
"2012-04-23 01:20","FLETest.java","84591","26178","110769"
"2009-07-17 00:09","FLETest.java","14023","3692","17715"
"2009-06-18 18:37","FLETest.java","3460","1220","4680"
"2019-08-17 17:13","FLETest.java","257500","131753","389253"
"2019-08-17 17:13","QuorumPeerConfigTest.java","255887","221174","477061"
"2018-07-04 17:11","QuorumPeerConfigTest.java","31988","20576","52564"
"2018-09-22 06:43","QuorumPeerConfigTest.java","125156","108428","233584"
"2018-10-16 16:22","QuorumPeerConfigTest.java","232847","199737","432584"
"2018-12-15 07:34","QuorumPeerConfigTest.java","228340","221054","449394"
"2019-04-18 19:17","QuorumPeerConfigTest.java","238385","221155","459540"
"2020-05-14 18:18","QuorumPeerConfigTest.java","271364","222786","494150"
"2013-09-26 14:05","Zab1_0Test.java","23670","6815","30485"
"2014-05-09 23:37","Zab1_0Test.java","40604","14010","54614"
"2017-01-07 01:09","Zab1_0Test.java","71863","21392","93255"
"2015-12-06 21:30","Zab1_0Test.java","60918","17213","78131"
"2019-12-17 13:48","Zab1_0Test.java","265087","178752","443839"
"2013-11-19 02:03","Zab1_0Test.java","27949","7349","35298"
"2015-07-07 07:11","Zab1_0Test.java","59066","16912","75978"
"2019-12-27 22:33","Zab1_0Test.java","266636","178752","445388"
"2013-10-24 20:41","Zab1_0Test.java","27785","7323","35108"
"2019-10-10 14:37","Zab1_0Test.java","260403","177444","437847"
"2013-11-07 06:41","Zab1_0Test.java","27878","7326","35204"
"2015-05-14 18:40","Zab1_0Test.java","56554","15700","72254"
"2019-08-17 17:13","Zab1_0Test.java","256650","177444","434094"
"2019-06-03 19:40","Zab1_0Test.java","241981","177444","419425"
"2018-05-10 06:00","Zab1_0Test.java","81346","26166","107512"
"2017-11-28 00:10","Zab1_0Test.java","77714","25523","103237"
"2013-10-07 21:08","Zab1_0Test.java","24388","7009","31397"
"2012-12-31 02:38","Zab1_0Test.java","15143","5092","20235"
"2017-08-18 06:32","Zab1_0Test.java","73240","25084","98324"
"2012-08-01 17:53","Zab1_0Test.java","7390","3244","10634"
"2012-07-05 18:01","Zab1_0Test.java","6177","3173","9350"
"2013-03-07 07:01","Zab1_0Test.java","20907","6344","27251"
"2012-12-13 08:25","Zab1_0Test.java","12647","4536","17183"
"2017-02-12 00:12","Zab1_0Test.java","71101","23384","94485"
"2019-08-17 17:13","WatchManagerOptimized.java","47813","29620","77433"
"2016-12-22 23:23","CnxnStatResetCommand.java","14721","6524","21245"
"2019-08-17 17:13","CnxnStatResetCommand.java","255967","218737","474704"
"2019-08-17 17:13","FLELostMessageTest.java","30536","25849","56385"
"2020-03-19 17:09","Learner.java","269741","193109","462850"
"2013-10-09 22:21","Learner.java","6718","1523","8241"
"2020-02-03 04:30","Learner.java","268236","193109","461345"
"2020-01-23 13:43","Learner.java","267679","193109","460788"
"2017-07-04 07:39","Learner.java","56677","22859","79536"
"2020-03-25 03:38","Learner.java","270537","193109","463646"
"2015-03-15 08:54","Learner.java","35896","12108","48004"
"2019-11-28 12:24","Learner.java","262658","193109","455767"
"2019-12-27 22:33","Learner.java","266430","193109","459539"
"2020-01-25 18:48","Learner.java","267869","193109","460978"
"2020-05-03 19:43","Learner.java","271473","193109","464582"
"2016-08-13 15:01","Learner.java","48980","17972","66952"
"2013-10-21 23:36","Learner.java","7098","1540","8638"
"2019-10-10 14:37","Learner.java","260159","191763","451922"
"2015-01-25 01:22","Learner.java","35226","11929","47155"
"2019-06-03 19:40","Learner.java","241737","191763","433500"
"2015-03-17 18:06","Learner.java","36957","12233","49190"
"2019-07-15 14:15","Learner.java","251825","191763","443588"
"2019-08-23 19:43","Learner.java","257072","191763","448835"
"2016-09-08 22:59","Learner.java","49502","18246","67748"
"2019-08-17 17:13","Learner.java","256406","191763","448169"
"2017-11-28 00:10","Learner.java","62058","24430","86488"
"2014-03-12 23:57","Learner.java","11217","2135","13352"
"2018-05-09 00:54","Learner.java","64772","25016","89788"
"2019-04-09 15:35","Learner.java","237184","191684","428868"
"2019-07-12 17:01","Learner.java","251719","191763","443482"
"2017-07-06 18:48","Learner.java","56957","22867","79824"
"2013-10-07 21:08","Learner.java","4073","1257","5330"
"2017-08-18 06:32","Learner.java","57555","23962","81517"
"2019-07-02 07:34","Learner.java","244349","191763","436112"
"2018-10-16 16:22","Learner.java","235343","172303","407646"
"2014-07-18 02:19","Learner.java","29702","10951","40653"
"2017-02-12 00:12","Learner.java","54791","21637","76428"
"2018-12-09 03:16","Learner.java","228964","191663","420627"
"2019-11-29 14:49","Learner.java","264309","193109","457418"
"2018-11-27 10:02","Learner.java","226640","191663","418303"
"2018-08-06 14:11","Learner.java","86745","43591","130336"
"2020-05-05 21:20","ObserverMasterTest.java","23942","13879","37821"
"2019-12-28 16:17","ObserverMasterTest.java","11443","6611","18054"
"2019-08-17 17:13","BufferStatsTest.java","254847","231754","486601"
"2019-10-10 14:37","FLETest.java","7470","3717","11187"
"2019-08-17 17:13","Leader.java","255887","222252","478139"
"2019-06-29 00:33","Leader.java","243873","222251","466124"
"2019-06-03 19:40","Leader.java","241217","222251","463468"
"2019-07-15 14:15","Leader.java","251306","222252","473558"
"2019-07-25 21:41","Leader.java","252370","222252","474622"
"2018-05-10 06:00","Leader.java","19609","10000","29609"
"2018-07-12 01:33","Leader.java","30679","20137","50816"
"2018-02-07 01:05","Leader.java","17055","9580","26635"
"2017-11-28 00:10","Leader.java","15716","9096","24812"
"2019-06-05 00:33","Leader.java","241607","222251","463858"
"2019-08-03 08:42","Leader.java","256595","222252","478847"
"2019-06-05 23:57","Leader.java","241876","222251","464127"
"2017-01-13 19:29","Leader.java","6994","1891","8885"
"2019-01-07 14:55","Leader.java","230659","222133","452792"
"2019-04-12 19:01","Leader.java","237675","222233","459908"
"2018-12-09 03:16","Leader.java","228425","222132","450557"
"2018-08-17 14:40","Leader.java","91204","78366","169570"
"2019-11-29 14:49","Leader.java","264022","223830","487852"
"2018-11-27 10:02","Leader.java","226101","222132","448233"
"2017-02-15 23:04","Leader.java","7564","5417","12981"
"2018-08-29 06:26","Leader.java","115546","102500","218046"
"2018-08-03 18:52","Leader.java","42777","30737","73514"
"2017-09-11 18:55","Leader.java","11338","8575","19913"
"2018-09-18 01:00","Leader.java","123494","107878","231372"
"2016-12-20 14:47","Leader.java","6043","1782","7825"
"2020-03-25 03:38","Leader.java","270252","223832","494084"
"2019-12-27 22:33","Leader.java","266144","223831","489975"
"2019-10-10 14:37","Leader.java","259640","222252","481892"
"2016-08-10 19:32","CliException.java","195","240","435"
"2019-08-17 17:13","CliException.java","255887","221853","477740"
"2016-08-05 23:05","CliException.java","182","237","419"
"2020-03-19 17:09","Learner.java","9576","4144","13720"
"2020-02-03 04:30","Learner.java","6292","2365","8657"
"2020-01-23 13:43","Learner.java","5614","2244","7858"
"2020-03-25 03:38","Learner.java","10492","4264","14756"
"2019-12-27 22:33","Learner.java","2487","366","2853"
"2020-01-25 18:48","Learner.java","5811","2251","8062"
"2020-05-03 19:43","Learner.java","12184","5020","17204"
"2019-10-10 14:37","ZooKeeperSaslClient.java","260119","197132","457251"
"2016-03-02 07:46","ZooKeeperSaslClient.java","37298","13112","50410"
"2016-03-05 01:03","ZooKeeperSaslClient.java","37350","14271","51621"
"2015-12-05 22:32","ZooKeeperSaslClient.java","36608","12920","49528"
"2020-02-04 10:39","ZooKeeperSaslClient.java","268199","198481","466680"
"2019-01-31 15:50","ZooKeeperSaslClient.java","233935","197034","430969"
"2019-08-03 08:42","ZooKeeperSaslClient.java","257074","197132","454206"
"2014-12-20 15:29","ZooKeeperSaslClient.java","28501","10614","39115"
"2017-11-28 00:10","ZooKeeperSaslClient.java","55760","23541","79301"
"2016-05-02 18:15","ZooKeeperSaslClient.java","40051","16117","56168"
"2019-08-17 17:13","ZooKeeperSaslClient.java","256366","197132","453498"
"2015-07-07 07:11","ZxidRolloverTest.java","54905","14703","69608"
"2019-08-17 17:13","ZxidRolloverTest.java","256468","179214","435682"
"2015-05-14 18:40","ZxidRolloverTest.java","52355","13453","65808"
"2015-11-21 22:18","ZxidRolloverTest.java","56656","14966","71622"
"2017-09-11 18:55","QuorumBase.java","88187","27844","116031"
"2012-04-23 01:20","QuorumBase.java","25525","10791","36316"
"2019-07-12 17:01","QuorumBase.java","252245","178405","430650"
"2012-12-11 08:42","QuorumBase.java","31586","11673","43259"
"2019-08-17 17:13","QuorumBase.java","256932","178405","435337"
"2019-08-01 07:31","QuorumBase.java","257603","178405","436008"
"2018-08-08 06:21","QuorumBase.java","156645","86555","243200"
"2019-10-10 14:37","QuorumBase.java","260685","178405","439090"
"2020-03-25 03:38","QuorumBase.java","270811","179499","450310"
"2014-07-18 19:46","QuorumBase.java","66213","20663","86876"
"2011-05-20 01:17","QuorumBase.java","1007","188","1195"
"2013-10-09 22:21","QuorumBase.java","45363","13596","58959"
"2014-06-25 19:25","QuorumBase.java","60564","20010","80574"
"2015-07-07 07:11","BaseSysTest.java","10585","3083","13668"
"2015-08-23 19:12","BaseSysTest.java","11143","3099","14242"
"2018-12-20 07:24","BaseSysTest.java","229536","211482","441018"
"2020-03-26 22:20","BaseSysTest.java","270632","213038","483670"
"2017-09-11 18:55","BaseSysTest.java","28995","15313","44308"
"2019-07-12 17:01","BaseSysTest.java","251459","211592","463051"
"2019-07-02 07:34","Follower.java","244928","187413","432341"
"2018-12-09 03:16","Follower.java","229577","187347","416924"
"2019-04-12 19:01","Follower.java","238793","187414","426207"
"2013-03-07 07:01","Follower.java","43840","26292","70132"
"2015-02-06 06:17","Follower.java","75142","34092","109234"
"2011-04-29 18:12","Follower.java","6153","14773","20926"
"2011-01-22 20:38","Follower.java","33774","1594","35368"
"2011-02-07 20:26","Follower.java","33907","1710","35617"
"2018-09-18 01:00","Follower.java","183707","119535","303242"
"2019-08-17 17:13","Follower.java","256985","187413","444398"
"2019-06-29 00:33","Follower.java","244972","187413","432385"
"2019-08-06 17:11","Follower.java","258086","187413","445499"
"2019-07-15 14:15","Follower.java","252404","187413","439817"
"2019-08-23 19:43","Follower.java","257651","187413","445064"
"2017-11-28 00:10","Follower.java","95905","40729","136634"
"2019-06-05 00:33","Follower.java","242706","187413","430119"
"2011-06-14 07:14","Follower.java","8151","15156","23307"
"2019-05-03 00:44","Follower.java","240983","187414","428397"
"2015-06-05 21:15","Follower.java","79071","34431","113502"
"2019-12-27 22:33","Follower.java","266736","188486","455222"
"2016-08-13 15:01","Follower.java","85920","37364","123284"
"2019-10-10 14:37","Follower.java","260738","187413","448151"
"2016-12-20 14:47","Follower.java","90940","38123","129063"
"2014-07-22 06:51","Follower.java","70723","33877","104600"
"2014-01-25 01:17","FourLetterWordsTest.java","29988","7166","37154"
"2019-10-10 14:37","FourLetterWordsTest.java","260402","178028","438430"
"2015-11-08 22:36","FourLetterWordsTest.java","59443","16744","76187"
"2015-07-05 06:05","FourLetterWordsTest.java","57948","16487","74435"
"2015-06-28 21:09","FourLetterWordsTest.java","57876","16485","74361"
"2015-03-28 20:08","FourLetterWordsTest.java","54948","15257","70205"
"2019-08-17 17:13","FourLetterWordsTest.java","256649","178028","434677"
"2019-05-08 21:54","FourLetterWordsTest.java","241151","178028","419179"
"2015-07-10 08:19","FourLetterWordsTest.java","58319","16603","74922"
"2018-09-15 00:08","ZooKeeperServer.java","148513","112148","260661"
"2019-04-12 19:01","ZooKeeperServer.java","238082","201238","439320"
"2019-07-31 19:06","ZooKeeperServer.java","255598","201254","456852"
"2019-09-11 10:27","ZooKeeperServer.java","257647","201254","458901"
"2019-01-14 19:38","ZooKeeperServer.java","231476","201147","432623"
"2019-01-07 15:34","ZooKeeperServer.java","231077","201147","432224"
"2018-11-21 17:56","ZooKeeperServer.java","224272","201145","425417"
"2017-04-28 07:14","ZooKeeperServer.java","45211","20764","65975"
"2017-02-12 00:12","ZooKeeperServer.java","44231","20683","64914"
"2014-07-18 02:19","ZooKeeperServer.java","18209","9064","27273"
"2019-02-13 13:12","ZooKeeperServer.java","235150","201167","436317"
"2016-11-24 17:18","ZooKeeperServer.java","43143","17819","60962"
"2018-07-19 05:59","ZooKeeperServer.java","75253","42821","118074"
"2018-09-18 01:00","ZooKeeperServer.java","149226","112208","261434"
"2019-03-04 08:07","ZooKeeperServer.java","235726","201166","436892"
"2019-07-08 23:26","ZooKeeperServer.java","245067","201254","446321"
"2019-01-23 14:00","ZooKeeperServer.java","232912","201148","434060"
"2019-02-13 13:19","ZooKeeperServer.java","235436","201167","436603"
"2019-05-14 17:11","ZooKeeperServer.java","240942","201238","442180"
"2015-07-10 08:19","ZooKeeperServer.java","30535","12403","42938"
"2019-06-04 10:55","ZooKeeperServer.java","241775","201254","443029"
"2019-04-09 15:35","ZooKeeperServer.java","237061","201167","438228"
"2019-08-03 08:42","ZooKeeperServer.java","256999","201254","458253"
"2019-05-15 11:56","ZooKeeperServer.java","241029","201238","442267"
"2019-05-22 11:39","ZooKeeperServer.java","241475","201238","442713"
"2019-04-22 19:15","ZooKeeperServer.java","239057","201238","440295"
"2018-02-23 23:49","ZooKeeperServer.java","53366","24145","77511"
"2016-11-16 06:21","ZooKeeperServer.java","42552","17249","59801"
"2017-08-18 06:32","ZooKeeperServer.java","47083","23096","70179"
"2017-06-26 00:16","ZooKeeperServer.java","45961","21982","67943"
"2019-09-10 04:26","ZooKeeperServer.java","257336","201254","458590"
"2019-08-17 17:13","ZooKeeperServer.java","256291","201254","457545"
"2019-09-05 23:12","ZooKeeperServer.java","257210","201254","458464"
"2019-09-10 15:21","ZooKeeperServer.java","257334","201254","458588"
"2019-08-01 07:31","ZooKeeperServer.java","256962","201254","458216"
"2019-08-01 07:28","ZooKeeperServer.java","256472","201254","457726"
"2019-06-03 19:40","ZooKeeperServer.java","241622","201254","442876"
"2015-03-17 18:06","ZooKeeperServer.java","25604","10486","36090"
"2019-11-23 17:08","ZooKeeperServer.java","262410","202672","465082"
"2019-10-09 16:49","ZooKeeperServer.java","259877","201254","461131"
"2019-07-03 00:44","ZooKeeperServer.java","244304","201254","445558"
"2018-01-19 01:12","ZooKeeperServer.java","52237","24058","76295"
"2019-07-24 18:00","ZooKeeperServer.java","252746","201254","454000"
"2018-08-08 06:21","ZooKeeperServer.java","119498","85586","205084"
"2018-05-09 23:57","ZooKeeperServer.java","55031","24305","79336"
"2019-12-27 22:33","ZooKeeperServer.java","266387","202672","469059"
"2016-08-13 15:01","ZooKeeperServer.java","37974","16572","54546"
"2018-09-11 00:17","ZooKeeperServer.java","146947","112131","259078"
"2019-11-18 09:05","ZooKeeperServer.java","260853","202672","463525"
"2019-10-10 14:37","ZooKeeperServer.java","260044","201254","461298"
"2019-09-16 23:26","ZooKeeperServer.java","259310","201254","460564"
"2017-06-23 18:39","ZooKeeperServer.java","45891","21892","67783"
"2019-12-03 10:01","ZooKeeperServer.java","264312","202672","466984"
"2020-03-25 03:38","ZooKeeperServer.java","270494","202672","473166"
"2019-11-28 12:24","ZooKeeperServer.java","262615","202672","465287"
"2019-11-06 15:21","ZooKeeperServer.java","260288","201282","461570"
"2020-04-12 11:14","ZooKeeperServer.java","271247","202672","473919"
"2015-03-08 23:07","ZooKeeperServer.java","24426","10356","34782"
"2018-06-08 16:52","ZooKeeperServer.java","55905","24430","80335"
"2018-06-15 07:41","ZooKeeperServer.java","55914","24436","80350"
"2018-07-28 04:37","ZooKeeperServer.java","75918","42910","118828"
"2019-04-18 19:17","ZooKeeperServer.java","238792","201238","440030"
"2018-10-16 16:22","QuorumPeerConfig.java","235269","177424","412693"
"2018-12-09 03:16","QuorumPeerConfig.java","228925","196819","425744"
"2019-04-12 19:01","QuorumPeerConfig.java","238158","196903","435061"
"2018-09-11 15:23","QuorumPeerConfig.java","151911","111737","263648"
"2018-12-15 07:34","QuorumPeerConfig.java","228840","196819","425659"
"2019-02-13 13:12","QuorumPeerConfig.java","235234","196840","432074"
"2019-08-17 17:13","QuorumPeerConfig.java","256367","196919","453286"
"2015-03-17 18:06","QuorumPeerConfig.java","30466","10937","41403"
"2014-01-21 04:50","QuorumPeerConfig.java","2337","382","2719"
"2017-11-28 00:10","QuorumPeerConfig.java","55949","23516","79465"
"2019-06-05 00:29","QuorumPeerConfig.java","242034","196919","438953"
"2014-09-17 07:34","QuorumPeerConfig.java","26422","10346","36768"
"2020-01-09 11:27","QuorumPeerConfig.java","265818","198267","464085"
"2019-07-12 17:01","QuorumPeerConfig.java","251680","196919","448599"
"2016-11-13 20:59","QuorumPeerConfig.java","46526","17359","63885"
"2019-05-15 11:56","QuorumPeerConfig.java","241105","196903","438008"
"2014-08-19 22:50","QuorumPeerConfig.java","25336","10346","35682"
"2018-10-01 06:11","QuorumPeerConfig.java","155985","111977","267962"
"2017-07-28 00:36","QuorumPeerConfig.java","50887","22874","73761"
"2017-07-06 18:48","QuorumPeerConfig.java","50755","21860","72615"
"2020-01-23 13:43","QuorumPeerConfig.java","267642","198267","465909"
"2014-05-17 13:23","QuorumPeerConfig.java","14902","8052","22954"
"2014-07-04 04:19","QuorumPeerConfig.java","17841","8442","26283"
"2016-06-23 19:42","QuorumPeerConfig.java","40986","16251","57237"
"2015-09-06 20:02","QuorumPeerConfig.java","35677","12636","48313"
"2015-09-29 03:56","QuorumPeerConfig.java","35904","12682","48586"
"2019-10-10 14:37","QuorumPeerConfig.java","260120","196919","457039"
"2018-07-27 12:32","QuorumPeerConfig.java","79989","42642","122631"
"2019-04-18 19:17","QuorumPeerConfig.java","238868","196903","435771"
"2016-11-03 16:07","QuorumPeerConfig.java","44722","17224","61946"
"2014-03-25 22:13","QuorumPeerConfig.java","5181","770","5951"
"2014-08-01 07:38","QuorumPeerConfig.java","24632","10177","34809"
"2014-08-14 08:08","QuorumPeerConfig.java","25135","10259","35394"
"2020-02-16 10:25","QuorumPeerConfig.java","268355","198267","466622"
"2020-05-14 18:18","QuorumPeerConfig.java","271588","198275","469863"
"2017-05-11 16:59","QuorumPeerConfig.java","49608","21580","71188"
"2019-08-17 17:13","StatCommand.java","254847","231754","486601"
"2018-06-08 16:52","ZooKeeperServerMXBean.java","27546","14203","41749"
"2019-09-16 23:26","ZooKeeperServerMXBean.java","258985","219061","478046"
"2019-11-14 03:54","ZooKeeperServerMXBean.java","264005","219091","483096"
"2015-12-07 06:26","ZooKeeperServerMXBean.java","2127","401","2528"
"2020-03-25 03:38","ZooKeeperServerMXBean.java","270298","220608","490906"
"2019-05-22 11:39","ZooKeeperServerMXBean.java","241148","219043","460191"
"2019-07-30 02:31","ZooKeeperServerMXBean.java","253887","219061","472948"
"2018-02-07 01:05","ZooKeeperServerMXBean.java","24469","13724","38193"
"2018-07-12 01:33","ZooKeeperServerMXBean.java","37375","23563","60938"
"2019-08-17 17:13","ZooKeeperServerMXBean.java","255966","219061","475027"
"2017-04-28 07:14","ZooKeeperServerMXBean.java","16071","9756","25827"
"2019-01-14 19:38","ZooKeeperServerMXBean.java","231146","218949","450095"
"2019-07-08 23:26","ZooKeeperServerMXBean.java","244741","219060","463801"
"2019-01-23 14:00","ZooKeeperServerMXBean.java","232582","218950","451532"
"2019-07-02 07:34","Follower.java","243218","225901","469119"
"2018-12-09 03:16","Follower.java","227814","225782","453596"
"2019-04-12 19:01","Follower.java","237064","225883","462947"
"2018-09-18 01:00","Follower.java","118920","107565","226485"
"2019-08-17 17:13","Follower.java","255276","225902","481178"
"2019-06-29 00:33","Follower.java","243262","225901","469163"
"2019-08-06 17:11","Follower.java","256377","225902","482279"
"2019-07-15 14:15","Follower.java","250695","225902","476597"
"2019-08-23 19:43","Follower.java","255942","225902","481844"
"2017-11-28 00:10","Follower.java","9819","7460","17279"
"2019-06-05 00:33","Follower.java","240996","225901","466897"
"2019-05-03 00:44","Follower.java","239254","225883","465137"
"2019-12-27 22:33","Follower.java","265559","227507","493066"
"2019-10-10 14:37","Follower.java","259029","225902","484931"
"2020-03-26 18:41","ZooKeeperMain.java","270933","103223","374156"
"2016-10-16 14:21","ZooKeeperMain.java","157398","26142","183540"
"2011-05-20 01:17","ZooKeeperMain.java","95150","17936","113086"
"2011-04-12 09:14","ZooKeeperMain.java","94301","17906","112207"
"2020-04-01 17:02","ZooKeeperMain.java","271257","103223","374480"
"2013-10-01 23:18","ZooKeeperMain.java","123759","22245","146004"
"2019-10-10 14:37","ZooKeeperMain.java","261440","102765","364205"
"2015-11-22 00:33","ZooKeeperMain.java","152566","24383","176949"
"2020-03-26 22:19","ZooKeeperMain.java","271002","103223","374225"
"2011-08-18 22:05","ZooKeeperMain.java","98136","16336","114472"
"2011-05-16 19:39","ZooKeeperMain.java","94720","17934","112654"
"2015-11-08 22:54","ZooKeeperMain.java","152241","24351","176592"
"2016-07-27 01:33","ZooKeeperMain.java","155548","25840","181388"
"2014-04-04 00:39","ZooKeeperMain.java","131882","22549","154431"
"2019-11-28 12:24","ZooKeeperMain.java","263051","103223","366274"
"2016-11-13 20:59","ZooKeeperMain.java","159614","26153","185767"
"2019-08-03 08:42","ZooKeeperMain.java","258395","102765","361160"
"2009-06-09 07:04","ZooKeeperMain.java","32988","3818","36806"
"2012-03-18 07:03","ZooKeeperMain.java","107282","21170","128452"
"2017-07-28 00:36","ZooKeeperMain.java","159434","27127","186561"
"2016-05-02 18:15","ZooKeeperMain.java","154272","25830","180102"
"2015-03-28 20:08","ZooKeeperMain.java","149037","24225","173262"
"2019-08-17 17:13","ZooKeeperMain.java","257687","102765","360452"
"2009-06-10 01:03","ZooKeeperMain.java","34388","4097","38485"
"2009-06-09 07:12","ZooKeeperMain.java","33028","3819","36847"
"2009-07-31 22:32","ZooKeeperMain.java","45818","6268","52086"
"2009-05-08 00:34","ZooKeeperMain.java","23556","3158","26714"
"2013-09-02 23:04","ZooKeeperMain.java","123002","22248","145250"
"2018-08-06 14:11","ZooKeeperMain.java","176344","34091","210435"
"2010-11-10 23:36","ZooKeeperMain.java","131121","14728","145849"
"2020-03-19 17:09","Learner.java","86880","45225","132105"
"2020-02-03 04:30","Learner.java","85310","45160","130470"
"2020-01-23 13:43","Learner.java","84648","45055","129703"
"2020-03-25 03:38","Learner.java","87739","45288","133027"
"2019-11-28 12:24","Learner.java","78132","43560","121692"
"2019-12-27 22:33","Learner.java","82265","43921","126186"
"2020-01-25 18:48","Learner.java","84844","45061","129905"
"2020-05-03 19:43","Learner.java","89246","45859","135105"
"2019-10-10 14:37","Learner.java","71822","38403","110225"
"2019-06-03 19:40","Learner.java","24616","9619","34235"
"2019-07-15 14:15","Learner.java","39013","13928","52941"
"2019-08-23 19:43","Learner.java","66756","36424","103180"
"2019-08-17 17:13","Learner.java","66092","36426","102518"
"2019-04-09 15:35","Learner.java","19208","8685","27893"
"2019-07-12 17:01","Learner.java","38907","13928","52835"
"2019-07-02 07:34","Learner.java","30489","12880","43369"
"2018-12-09 03:16","Learner.java","2831","507","3338"
"2019-11-29 14:49","Learner.java","80044","43821","123865"
"2016-12-20 14:47","FollowerBean.java","165672","19195","184867"
"2019-07-25 21:41","FollowerBean.java","254189","90102","344291"
"2019-08-17 17:13","FollowerBean.java","257706","90102","347808"
"2018-12-09 03:16","FollowerBean.java","230337","90075","320412"
"2011-04-29 18:12","QuorumCnxManager.java","5133","43662","48795"
"2011-12-28 01:26","QuorumCnxManager.java","23533","50779","74312"
"2019-11-29 14:49","QuorumCnxManager.java","264615","218395","483010"
"2013-03-07 07:01","QuorumCnxManager.java","43406","55698","99104"
"2018-07-11 06:04","QuorumCnxManager.java","107296","78207","185503"
"2018-08-06 14:11","QuorumCnxManager.java","118338","87476","205814"
"2010-11-17 15:59","QuorumCnxManager.java","2279","1165","3444"
"2012-06-29 22:08","QuorumCnxManager.java","29541","53628","83169"
"2018-10-16 16:22","QuorumCnxManager.java","236817","186069","422886"
"2019-06-14 09:06","QuorumCnxManager.java","244983","217322","462305"
"2019-08-03 08:42","QuorumCnxManager.java","257693","217322","475015"
"2019-11-13 20:41","QuorumCnxManager.java","264704","217322","482026"
"2019-04-09 16:08","QuorumCnxManager.java","237790","217271","455061"
"2019-08-06 12:52","QuorumCnxManager.java","257958","217322","475280"
"2017-02-09 11:40","QuorumCnxManager.java","91803","67691","159494"
"2019-05-20 23:13","QuorumCnxManager.java","241858","217323","459181"
"2015-04-09 20:16","QuorumCnxManager.java","77181","63686","140867"
"2017-08-23 02:16","QuorumCnxManager.java","91455","70039","161494"
"2019-07-27 20:04","QuorumCnxManager.java","253516","217322","470838"
"2015-05-29 23:46","QuorumCnxManager.java","77831","63820","141651"
"2015-05-14 07:10","QuorumCnxManager.java","77504","63789","141293"
"2020-03-12 14:47","QuorumCnxManager.java","270001","218395","488396"
"2019-08-17 17:13","QuorumCnxManager.java","256985","217322","474307"
"2017-11-28 00:10","QuorumCnxManager.java","95596","70260","165856"
"2019-10-10 14:37","QuorumCnxManager.java","260738","217322","478060"
"2014-07-23 19:36","QuorumCnxManager.java","70375","63313","133688"
"2017-06-09 18:37","QuorumCnxManager.java","90994","69874","160868"
"2020-01-23 13:43","QuorumCnxManager.java","267985","218395","486380"
"2014-03-23 04:12","QuorumCnxManager.java","53668","56590","110258"
"2014-07-08 05:25","QuorumCnxManager.java","65815","63023","128838"
"2019-11-28 12:24","QuorumCnxManager.java","262964","218395","481359"
"2014-06-25 15:04","QuorumCnxManager.java","63801","62645","126446"
"2011-08-15 02:44","QuorumCnxManager.java","15206","44845","60051"
"2016-06-08 17:43","QuorumCnxManager.java","84112","66569","150681"
"2020-03-23 16:20","QuorumCnxManager.java","270172","218395","488567"
"2020-02-16 10:25","QuorumCnxManager.java","268698","218395","487093"
"2014-07-22 06:45","QuorumCnxManager.java","70299","63312","133611"
"2011-04-12 09:14","QuorumCnxManager.java","4687","43551","48238"
"2018-07-27 12:32","QuorumCnxManager.java","117688","87438","205126"
"2011-03-16 19:49","QuorumCnxManager.java","4162","1553","5715"
"2019-10-10 14:37","SessionUpgradeTest.java","7470","3717","11187"
"2015-02-06 06:17","PrepRequestProcessor.java","40332","12274","52606"
"2013-03-07 07:01","PrepRequestProcessor.java","6034","1478","7512"
"2019-02-07 11:26","PrepRequestProcessor.java","234648","187117","421765"
"2019-09-11 10:27","PrepRequestProcessor.java","257769","187214","444983"
"2018-07-19 05:59","PrepRequestProcessor.java","89209","42615","131824"
"2017-09-11 18:55","PrepRequestProcessor.java","61713","23386","85099"
"2019-01-16 14:21","PrepRequestProcessor.java","232295","187116","419411"
"2017-06-01 05:45","PrepRequestProcessor.java","60331","22468","82799"
"2019-11-08 17:30","PrepRequestProcessor.java","262055","187242","449297"
"2016-11-13 20:59","PrepRequestProcessor.java","57431","18513","75944"
"2019-04-09 15:35","PrepRequestProcessor.java","237191","187135","424326"
"2019-04-17 14:16","PrepRequestProcessor.java","238469","187198","425667"
"2014-10-28 05:35","PrepRequestProcessor.java","38116","11997","50113"
"2019-05-10 12:22","PrepRequestProcessor.java","240904","187198","428102"
"2017-06-26 00:16","PrepRequestProcessor.java","60837","22696","83533"
"2019-02-07 11:22","PrepRequestProcessor.java","234310","187117","421427"
"2016-11-16 06:21","PrepRequestProcessor.java","58012","18547","76559"
"2019-08-01 07:31","PrepRequestProcessor.java","257084","187214","444298"
"2019-06-26 10:57","PrepRequestProcessor.java","244263","187214","431477"
"2014-01-24 07:18","PrepRequestProcessor.java","16490","3201","19691"
"2015-05-29 19:45","PrepRequestProcessor.java","43638","12789","56427"
"2016-10-07 21:51","PrepRequestProcessor.java","55150","18485","73635"
"2015-06-04 19:51","PrepRequestProcessor.java","44529","12915","57444"
"2019-08-17 17:13","PrepRequestProcessor.java","256413","187214","443627"
"2018-08-08 06:21","PrepRequestProcessor.java","132997","84923","217920"
"2018-05-09 23:57","PrepRequestProcessor.java","69187","24299","93486"
"2015-06-11 20:09","PrepRequestProcessor.java","44669","12929","57598"
"2019-12-27 22:33","PrepRequestProcessor.java","266436","188559","454995"
"2014-04-01 01:47","PrepRequestProcessor.java","18288","3736","22024"
"2019-10-10 14:37","PrepRequestProcessor.java","260166","187214","447380"
"2020-03-25 03:38","PrepRequestProcessor.java","270543","188559","459102"
"2014-07-25 01:31","PrepRequestProcessor.java","35620","11577","47197"
"2013-10-09 22:21","PrepRequestProcessor.java","12635","2884","15519"
"2014-04-29 02:23","PrepRequestProcessor.java","26547","9993","36540"
"2015-03-08 23:07","PrepRequestProcessor.java","40570","12338","52908"
"2014-07-22 06:51","PrepRequestProcessor.java","35362","11508","46870"
"2018-06-15 07:41","PrepRequestProcessor.java","70052","24412","94464"
"2015-01-31 08:05","ClientCnxn.java","32310","11022","43332"
"2016-05-02 18:15","ClientCnxn.java","43798","16474","60272"
"2014-01-24 07:18","ClientCnxn.java","7618","904","8522"
"2019-08-17 17:13","ClientCnxn.java","256369","193745","450114"
"2015-05-10 00:27","ClientCnxn.java","35228","11401","46629"
"2017-12-19 19:27","ClientCnxn.java","59765","24112","83877"
"2019-01-31 15:50","ClientCnxn.java","233938","193647","427585"
"2019-04-09 15:35","ClientCnxn.java","237147","193666","430813"
"2014-12-20 15:29","ClientCnxn.java","32291","11014","43305"
"2019-11-08 17:30","ClientCnxn.java","262011","193773","455784"
"2017-06-08 17:59","ClientCnxn.java","53382","22019","75401"
"2019-01-16 14:21","ClientCnxn.java","232251","193647","425898"
"2019-01-07 14:24","ClientCnxn.java","231100","193646","424746"
"2019-03-06 03:32","ClientCnxn.java","236074","193665","429739"
"2015-02-06 06:17","ClientCnxn.java","32611","11128","43739"
"2019-02-07 11:26","ClientCnxn.java","234604","193648","428252"
"2018-11-05 19:40","ClientCnxn.java","235395","174285","409680"
"2020-05-17 15:13","ClientCnxn.java","271668","195099","466767"
"2018-06-25 12:30","ClientCnxn.java","63680","24501","88181"
"2020-03-03 03:12","ClientCnxn.java","269450","195091","464541"
"2018-09-10 11:44","ClientCnxn.java","154100","111736","265836"
"2015-06-13 02:42","ClientCnxn.java","37139","11850","48989"
"2014-03-23 04:12","ClientCnxn.java","8612","1261","9873"
"2015-11-09 00:05","ClientCnxn.java","39955","13174","53129"
"2015-12-06 19:58","ClientCnxn.java","40379","13293","53672"
"2020-01-21 17:53","ClientCnxn.java","265711","195091","460802"
"2015-12-05 22:43","ClientCnxn.java","40376","13293","53669"
"2015-12-05 22:32","ClientCnxn.java","40370","13292","53662"
"2019-10-10 14:37","ClientCnxn.java","260122","193745","453867"
"2014-04-01 04:03","ClientCnxn.java","9696","1502","11198"
"2019-11-21 05:58","ClientCnxn.java","260882","195091","455973"
"2020-04-16 12:50","ClientCnxn.java","271289","195091","466380"
"2018-07-27 05:16","ClientCnxn.java","83149","42818","125967"
"2018-12-09 03:16","FollowerRequestProcessor.java","228925","196819","425744"
"2016-10-07 21:51","FollowerRequestProcessor.java","44137","17223","61360"
"2019-08-17 17:13","FollowerRequestProcessor.java","256367","196919","453286"
"2015-06-04 19:51","FollowerRequestProcessor.java","33308","11445","44753"
"2019-08-01 07:31","FollowerRequestProcessor.java","257038","196919","453957"
"2014-03-23 04:12","FollowerRequestProcessor.java","4933","758","5691"
"2020-03-25 03:38","FollowerRequestProcessor.java","270500","198267","468767"
"2014-07-18 19:46","FollowerRequestProcessor.java","23412","9629","33041"
"2019-10-10 14:37","FollowerRequestProcessor.java","260120","196919","457039"
"2020-05-05 21:20","FollowerRequestProcessor.java","271531","198267","469798"
"2015-03-08 23:07","FollowerRequestProcessor.java","29285","10804","40089"
"2011-04-29 18:12","QuorumCnxManager.java","1511","42649","44160"
"2011-12-28 01:26","QuorumCnxManager.java","20251","50106","70357"
"2019-11-29 14:49","QuorumCnxManager.java","264583","220972","485555"
"2013-03-07 07:01","QuorumCnxManager.java","40238","55139","95377"
"2018-07-11 06:04","QuorumCnxManager.java","104483","78003","182486"
"2018-08-06 14:11","QuorumCnxManager.java","115541","87288","202829"
"2012-06-29 22:08","QuorumCnxManager.java","26295","52991","79286"
"2018-10-16 16:22","QuorumCnxManager.java","236782","188643","425425"
"2019-06-14 09:06","QuorumCnxManager.java","244951","219899","464850"
"2019-08-03 08:42","QuorumCnxManager.java","257661","219899","477560"
"2019-11-13 20:41","QuorumCnxManager.java","264672","219899","484571"
"2019-04-09 16:08","QuorumCnxManager.java","237758","219848","457606"
"2019-08-06 12:52","QuorumCnxManager.java","257926","219899","477825"
"2017-02-09 11:40","QuorumCnxManager.java","88839","67336","156175"
"2019-05-20 23:13","QuorumCnxManager.java","241826","219900","461726"
"2015-04-09 20:16","QuorumCnxManager.java","74107","63221","137328"
"2017-08-23 02:16","QuorumCnxManager.java","88595","69788","158383"
"2019-07-27 20:04","QuorumCnxManager.java","253484","219899","473383"
"2015-05-29 23:46","QuorumCnxManager.java","74770","63368","138138"
"2015-05-14 07:10","QuorumCnxManager.java","74438","63332","137770"
"2020-03-12 14:47","QuorumCnxManager.java","269969","220972","490941"
"2019-08-17 17:13","QuorumCnxManager.java","256953","219899","476852"
"2017-11-28 00:10","QuorumCnxManager.java","92745","70018","162763"
"2019-10-10 14:37","QuorumCnxManager.java","260706","219899","480605"
"2014-07-23 19:36","QuorumCnxManager.java","67266","62813","130079"
"2017-06-09 18:37","QuorumCnxManager.java","88130","69619","157749"
"2020-01-23 13:43","QuorumCnxManager.java","267953","220972","488925"
"2014-03-23 04:12","QuorumCnxManager.java","50540","56071","106611"
"2014-07-08 05:25","QuorumCnxManager.java","62702","62519","125221"
"2019-11-28 12:24","QuorumCnxManager.java","262932","220972","483904"
"2014-06-25 15:04","QuorumCnxManager.java","60673","62126","122799"
"2011-08-15 02:44","QuorumCnxManager.java","11713","43961","55674"
"2016-06-08 17:43","QuorumCnxManager.java","81118","66184","147302"
"2020-03-23 16:20","QuorumCnxManager.java","270140","220972","491112"
"2020-02-16 10:25","QuorumCnxManager.java","268666","220972","489638"
"2014-07-22 06:45","QuorumCnxManager.java","67189","62811","130000"
"2011-04-12 09:14","QuorumCnxManager.java","1058","42531","43589"
"2018-07-27 12:32","QuorumCnxManager.java","114890","87249","202139"
"2019-12-27 22:33","FileTxnSnapLogTest.java","18682","10004","28686"
"2015-01-31 08:05","ClientCnxn.java","32432","11040","43472"
"2016-05-02 18:15","ClientCnxn.java","43905","16477","60382"
"2014-01-24 07:18","ClientCnxn.java","7741","923","8664"
"2019-08-17 17:13","ClientCnxn.java","256369","193641","450010"
"2015-05-10 00:27","ClientCnxn.java","35349","11418","46767"
"2017-12-19 19:27","ClientCnxn.java","59868","24111","83979"
"2019-01-31 15:50","ClientCnxn.java","233938","193543","427481"
"2019-04-09 15:35","ClientCnxn.java","237147","193562","430709"
"2014-12-20 15:29","ClientCnxn.java","32413","11032","43445"
"2019-11-08 17:30","ClientCnxn.java","262011","193669","455680"
"2017-06-08 17:59","ClientCnxn.java","53485","22018","75503"
"2019-01-16 14:21","ClientCnxn.java","232251","193543","425794"
"2019-01-07 14:24","ClientCnxn.java","231100","193542","424642"
"2019-03-06 03:32","ClientCnxn.java","236074","193561","429635"
"2015-02-06 06:17","ClientCnxn.java","32733","11146","43879"
"2019-02-07 11:26","ClientCnxn.java","234604","193544","428148"
"2018-11-05 19:40","ClientCnxn.java","235395","174181","409576"
"2020-05-17 15:13","ClientCnxn.java","271668","194995","466663"
"2018-06-25 12:30","ClientCnxn.java","63783","24500","88283"
"2020-03-03 03:12","ClientCnxn.java","269450","194987","464437"
"2018-09-10 11:44","ClientCnxn.java","154203","111735","265938"
"2015-06-13 02:42","ClientCnxn.java","37260","11867","49127"
"2014-03-23 04:12","ClientCnxn.java","8734","1279","10013"
"2015-11-09 00:05","ClientCnxn.java","40076","13191","53267"
"2015-12-06 19:58","ClientCnxn.java","40500","13310","53810"
"2020-01-21 17:53","ClientCnxn.java","265711","194987","460698"
"2015-12-05 22:43","ClientCnxn.java","40497","13310","53807"
"2015-12-05 22:32","ClientCnxn.java","40491","13309","53800"
"2019-10-10 14:37","ClientCnxn.java","260122","193641","453763"
"2014-04-01 04:03","ClientCnxn.java","9818","1520","11338"
"2019-11-21 05:58","ClientCnxn.java","260882","194987","455869"
"2020-04-16 12:50","ClientCnxn.java","271289","194987","466276"
"2018-07-27 05:16","ClientCnxn.java","83252","42817","126069"
"2016-08-24 01:36","InvalidSnapshotTest.java","65482","20519","86001"
"2013-12-21 22:05","InvalidSnapshotTest.java","28395","7310","35705"
"2013-10-02 01:45","InvalidSnapshotTest.java","23476","6852","30328"
"2019-10-10 14:37","InvalidSnapshotTest.java","260403","177820","438223"
"2019-08-17 17:13","InvalidSnapshotTest.java","256650","177820","434470"
"2012-03-18 21:06","InvalidSnapshotTest.java","3849","2493","6342"
"2013-09-26 14:05","Zab1_0Test.java","23982","6889","30871"
"2014-05-09 23:37","Zab1_0Test.java","40896","14064","54960"
"2017-01-07 01:09","Zab1_0Test.java","72147","21438","93585"
"2015-12-06 21:30","Zab1_0Test.java","61206","17263","78469"
"2019-12-17 13:48","Zab1_0Test.java","265087","178514","443601"
"2013-11-19 02:03","Zab1_0Test.java","28244","7406","35650"
"2015-07-07 07:11","Zab1_0Test.java","59355","16963","76318"
"2019-12-27 22:33","Zab1_0Test.java","266636","178514","445150"
"2013-10-24 20:41","Zab1_0Test.java","28080","7380","35460"
"2019-10-10 14:37","Zab1_0Test.java","260403","177206","437609"
"2013-11-07 06:41","Zab1_0Test.java","28173","7383","35556"
"2015-05-14 18:40","Zab1_0Test.java","56843","15751","72594"
"2019-08-17 17:13","Zab1_0Test.java","256650","177206","433856"
"2019-06-03 19:40","Zab1_0Test.java","241981","177206","419187"
"2018-05-10 06:00","Zab1_0Test.java","81612","26194","107806"
"2017-11-28 00:10","Zab1_0Test.java","77980","25551","103531"
"2013-10-07 21:08","Zab1_0Test.java","24699","7082","31781"
"2012-12-31 02:38","Zab1_0Test.java","15460","5171","20631"
"2017-08-18 06:32","Zab1_0Test.java","73506","25112","98618"
"2012-08-01 17:53","Zab1_0Test.java","7708","3324","11032"
"2012-07-05 18:01","Zab1_0Test.java","6497","3255","9752"
"2013-03-07 07:01","Zab1_0Test.java","21221","6420","27641"
"2012-12-13 08:25","Zab1_0Test.java","12964","4615","17579"
"2012-01-31 07:45","Zab1_0Test.java","330","92","422"
"2017-02-12 00:12","Zab1_0Test.java","71367","23412","94779"
"2014-07-19 06:39","IconResource.java","49589","15226","64815"
"2018-09-15 00:08","ZooKeeperServer.java","179709","107166","286875"
"2019-04-12 19:01","ZooKeeperServer.java","238740","178406","417146"
"2019-07-31 19:06","ZooKeeperServer.java","256239","178405","434644"
"2019-09-11 10:27","ZooKeeperServer.java","258288","178405","436693"
"2019-01-14 19:38","ZooKeeperServer.java","232158","178339","410497"
"2019-01-07 15:34","ZooKeeperServer.java","231759","178339","410098"
"2018-11-21 17:56","ZooKeeperServer.java","224955","178338","403293"
"2012-01-31 07:45","ZooKeeperServer.java","19975","7966","27941"
"2017-04-28 07:14","ZooKeeperServer.java","87420","26795","114215"
"2011-08-19 00:05","ZooKeeperServer.java","13154","1731","14885"
"2017-02-12 00:12","ZooKeeperServer.java","86479","26753","113232"
"2014-07-18 02:19","ZooKeeperServer.java","65966","20643","86609"
"2013-12-11 19:22","ZooKeeperServer.java","46808","13647","60455"
"2019-02-13 13:12","ZooKeeperServer.java","235825","178352","414177"
"2012-02-11 00:34","ZooKeeperServer.java","20914","8320","29234"
"2016-11-24 17:18","ZooKeeperServer.java","86685","25183","111868"
"2018-07-19 05:59","ZooKeeperServer.java","113808","45198","159006"
"2018-09-18 01:00","ZooKeeperServer.java","180418","107222","287640"
"2019-03-04 08:07","ZooKeeperServer.java","236403","178353","414756"
"2019-07-08 23:26","ZooKeeperServer.java","245708","178405","424113"
"2019-01-23 14:00","ZooKeeperServer.java","233594","178340","411934"
"2019-02-13 13:19","ZooKeeperServer.java","236111","178352","414463"
"2019-05-14 17:11","ZooKeeperServer.java","241600","178406","420006"
"2013-01-25 02:17","ZooKeeperServer.java","34654","12481","47135"
"2015-07-10 08:19","ZooKeeperServer.java","76594","22284","98878"
"2019-06-04 10:55","ZooKeeperServer.java","242416","178405","420821"
"2011-06-14 07:14","ZooKeeperServer.java","2489","539","3028"
"2019-04-09 15:35","ZooKeeperServer.java","237738","178354","416092"
"2019-08-03 08:42","ZooKeeperServer.java","257640","178405","436045"
"2019-05-15 11:56","ZooKeeperServer.java","241687","178406","420093"
"2019-05-22 11:39","ZooKeeperServer.java","242133","178406","420539"
"2019-04-22 19:15","ZooKeeperServer.java","239715","178406","418121"
"2018-02-23 23:49","ZooKeeperServer.java","93563","28164","121727"
"2016-11-16 06:21","ZooKeeperServer.java","86114","24633","110747"
"2012-12-19 19:07","ZooKeeperServer.java","33539","12404","45943"
"2017-08-18 06:32","ZooKeeperServer.java","87889","27724","115613"
"2017-06-26 00:16","ZooKeeperServer.java","87784","27627","115411"
"2019-09-10 04:26","ZooKeeperServer.java","257977","178405","436382"
"2019-08-17 17:13","ZooKeeperServer.java","256932","178405","435337"
"2019-09-05 23:12","ZooKeeperServer.java","257851","178405","436256"
"2019-09-10 15:21","ZooKeeperServer.java","257975","178405","436380"
"2019-08-01 07:31","ZooKeeperServer.java","257603","178405","436008"
"2019-08-01 07:28","ZooKeeperServer.java","257113","178405","435518"
"2019-06-03 19:40","ZooKeeperServer.java","242263","178405","420668"
"2015-03-17 18:06","ZooKeeperServer.java","72397","21101","93498"
"2019-11-23 17:08","ZooKeeperServer.java","262727","179499","442226"
"2019-10-09 16:49","ZooKeeperServer.java","260518","178405","438923"
"2019-07-03 00:44","ZooKeeperServer.java","244945","178405","423350"
"2018-01-19 01:12","ZooKeeperServer.java","92458","28101","120559"
"2019-07-24 18:00","ZooKeeperServer.java","253387","178405","431792"
"2013-05-16 18:49","ZooKeeperServer.java","39731","13008","52739"
"2018-08-08 06:21","ZooKeeperServer.java","156645","86555","243200"
"2018-05-09 23:57","ZooKeeperServer.java","95212","28308","123520"
"2019-12-27 22:33","ZooKeeperServer.java","266704","179499","446203"
"2016-08-13 15:01","ZooKeeperServer.java","81939","24359","106298"
"2018-09-11 00:17","ZooKeeperServer.java","178156","107162","285318"
"2019-11-18 09:05","ZooKeeperServer.java","261170","179499","440669"
"2019-10-10 14:37","ZooKeeperServer.java","260685","178405","439090"
"2019-09-16 23:26","ZooKeeperServer.java","259951","178405","438356"
"2013-10-08 01:35","ZooKeeperServer.java","42943","13416","56359"
"2017-06-23 18:39","ZooKeeperServer.java","87745","27568","115313"
"2011-12-28 07:07","ZooKeeperServer.java","19611","7941","27552"
"2019-12-03 10:01","ZooKeeperServer.java","264629","179499","444128"
"2020-03-25 03:38","ZooKeeperServer.java","270811","179499","450310"
"2019-11-28 12:24","ZooKeeperServer.java","262932","179499","442431"
"2019-11-06 15:21","ZooKeeperServer.java","260901","178405","439306"
"2011-05-20 01:17","ZooKeeperServer.java","1007","188","1195"
"2011-09-17 02:36","ZooKeeperServer.java","16472","5033","21505"
"2020-04-12 11:14","ZooKeeperServer.java","271564","179499","451063"
"2011-09-14 08:56","ZooKeeperServer.java","15987","1988","17975"
"2011-08-21 02:53","ZooKeeperServer.java","13186","1735","14921"
"2013-10-09 22:21","ZooKeeperServer.java","45363","13596","58959"
"2015-03-08 23:07","ZooKeeperServer.java","71263","21015","92278"
"2018-06-08 16:52","ZooKeeperServer.java","95966","28313","124279"
"2018-06-15 07:41","ZooKeeperServer.java","95986","28330","124316"
"2018-07-28 04:37","ZooKeeperServer.java","114421","45235","159656"
"2019-04-18 19:17","ZooKeeperServer.java","239450","178406","417856"
"2012-03-15 17:47","ZooKeeperServer.java","22013","8385","30398"
"2014-03-25 22:13","ZooKeeperServer.java","50133","13955","64088"
"2019-12-17 13:48","Zab1_0Test.java","264007","225389","489396"
"2019-12-27 22:33","Zab1_0Test.java","265557","225390","490947"
"2019-10-10 14:37","Zab1_0Test.java","259018","223776","482794"
"2019-08-17 17:13","Zab1_0Test.java","255265","223776","479041"
"2019-06-03 19:40","Zab1_0Test.java","240595","223775","464370"
"2018-05-10 06:00","Zab1_0Test.java","12350","4887","17237"
"2017-11-28 00:10","Zab1_0Test.java","8295","3821","12116"
"2017-08-18 06:32","Zab1_0Test.java","3572","3133","6705"
"2019-10-10 14:37","ACLTest.java","261253","133993","395246"
"2013-12-21 22:05","ACLTest.java","102462","27490","129952"
"2010-08-18 08:24","ACLTest.java","71740","17805","89545"
"2010-03-31 06:26","ACLTest.java","49016","14548","63564"
"2011-04-12 09:14","ACLTest.java","67194","22214","89408"
"2016-08-24 01:36","ACLTest.java","130628","31778","162406"
"2017-09-11 18:55","ACLTest.java","135178","33333","168511"
"2016-11-13 20:59","ACLTest.java","134258","31822","166080"
"2019-05-06 18:32","ACLTest.java","241854","133993","375847"
"2017-08-18 23:35","ACLTest.java","135042","33275","168317"
"2009-07-17 00:09","ACLTest.java","10922","2831","13753"
"2009-06-25 22:41","ACLTest.java","9200","2237","11437"
"2019-08-17 17:13","ACLTest.java","257500","133993","391493"
"2014-04-25 23:40","ACLTest.java","108337","28917","137254"
"2019-10-10 14:37","ACLTest.java","7470","3717","11187"
"2019-08-17 17:13","ZKClientConfigTest.java","255276","226362","481638"
"2020-01-20 08:39","ZKClientConfigTest.java","264782","227968","492750"
"2018-12-20 07:24","ZKClientConfigTest.java","228657","226243","454900"
"2018-12-09 03:16","FollowerRequestProcessor.java","229577","187347","416924"
"2013-03-07 07:01","FollowerRequestProcessor.java","43840","26292","70132"
"2016-10-07 21:51","FollowerRequestProcessor.java","87230","37573","124803"
"2019-08-17 17:13","FollowerRequestProcessor.java","256985","187413","444398"
"2015-06-04 19:51","FollowerRequestProcessor.java","79033","34427","113460"
"2019-08-01 07:31","FollowerRequestProcessor.java","257656","187413","445069"
"2014-03-23 04:12","FollowerRequestProcessor.java","54093","27175","81268"
"2020-03-25 03:38","FollowerRequestProcessor.java","270843","188486","459329"
"2014-07-18 19:46","FollowerRequestProcessor.java","70366","33840","104206"
"2019-10-10 14:37","FollowerRequestProcessor.java","260738","187413","448151"
"2011-10-28 18:37","FollowerRequestProcessor.java","21673","20597","42270"
"2011-04-12 09:14","FollowerRequestProcessor.java","5707","14662","20369"
"2011-07-15 06:50","FollowerRequestProcessor.java","12673","15312","27985"
"2020-05-05 21:20","FollowerRequestProcessor.java","271874","188486","460360"
"2013-10-09 22:21","FollowerRequestProcessor.java","49599","26856","76455"
"2015-03-08 23:07","FollowerRequestProcessor.java","75362","34138","109500"
"2019-12-28 16:17","SessionTest.java","11443","6611","18054"
"2019-10-10 14:37","Login.java","260217","182317","442534"
"2015-12-09 05:05","Login.java","54494","15521","70015"
"2019-11-11 13:59","Login.java","263902","182345","446247"
"2015-11-21 22:18","Login.java","54031","15448","69479"
"2015-02-06 06:17","Login.java","46564","13558","60122"
"2017-11-28 00:10","Login.java","71501","24369","95870"
"2016-05-02 18:15","Login.java","57237","18390","75627"
"2019-08-17 17:13","Login.java","256464","182317","438781"
"2019-08-03 08:42","Login.java","257172","182317","439489"
"2015-07-07 07:11","WatchEventWhenAutoResetTest.java","34589","12783","47372"
"2018-11-05 08:45","WatchEventWhenAutoResetTest.java","235152","178013","413165"
"2015-05-14 18:40","WatchEventWhenAutoResetTest.java","31834","11328","43162"
"2019-08-17 17:13","WatchEventWhenAutoResetTest.java","256366","197508","453874"
"2010-08-18 08:24","DisconnectableZooKeeper.java","141546","12260","153806"
"2019-08-17 17:13","DisconnectableZooKeeper.java","257842","58984","316826"
"2019-11-28 12:24","Version.java","60256","37219","97475"
"2020-04-07 15:40","Version.java","71088","39570","110658"
"2019-08-17 17:13","Version.java","47757","29626","77383"
"2019-07-01 15:16","Version.java","10402","4291","14693"
"2019-08-17 17:13","SyncCommand.java","255887","221853","477740"
"2019-05-23 18:42","SyncCommand.java","241098","221835","462933"
"2017-05-27 00:52","SyncCommand.java","9371","6695","16066"
"2019-12-28 16:17","SyncCommand.java","266051","223432","489483"
"2013-09-26 14:05","Zab1_0Test.java","25460","7779","33239"
"2014-05-09 23:37","Zab1_0Test.java","42206","14786","56992"
"2017-01-07 01:09","Zab1_0Test.java","73430","22133","95563"
"2015-12-06 21:30","Zab1_0Test.java","62495","17964","80459"
"2019-12-17 13:48","Zab1_0Test.java","265093","177932","443025"
"2013-11-19 02:03","Zab1_0Test.java","29697","8271","37968"
"2015-07-07 07:11","Zab1_0Test.java","60647","17667","78314"
"2019-12-27 22:33","Zab1_0Test.java","266642","177932","444574"
"2013-10-24 20:41","Zab1_0Test.java","29533","8245","37778"
"2019-10-10 14:37","Zab1_0Test.java","260409","176624","437033"
"2013-11-07 06:41","Zab1_0Test.java","29626","8248","37874"
"2015-05-14 18:40","Zab1_0Test.java","58136","16456","74592"
"2019-08-17 17:13","Zab1_0Test.java","256656","176624","433280"
"2019-06-03 19:40","Zab1_0Test.java","241987","176624","418611"
"2018-05-10 06:00","Zab1_0Test.java","82780","26774","109554"
"2017-11-28 00:10","Zab1_0Test.java","79224","26207","105431"
"2013-10-07 21:08","Zab1_0Test.java","26168","7963","34131"
"2012-12-31 02:38","Zab1_0Test.java","16941","6064","23005"
"2017-08-18 06:32","Zab1_0Test.java","74751","25769","100520"
"2012-08-01 17:53","Zab1_0Test.java","9189","4217","13406"
"2012-07-05 18:01","Zab1_0Test.java","7981","4151","12132"
"2013-03-07 07:01","Zab1_0Test.java","22701","7312","30013"
"2012-12-13 08:25","Zab1_0Test.java","14445","5508","19953"
"2012-01-31 07:45","Zab1_0Test.java","1833","1007","2840"
"2012-01-04 01:15","Zab1_0Test.java","1507","919","2426"
"2017-02-12 00:12","Zab1_0Test.java","72612","24069","96681"
"2019-08-17 17:13","ClientSSLTest.java","43666","29333","72999"
"2019-11-21 05:58","NIOServerCnxn.java","260063","227162","487225"
"2019-11-18 09:05","NIOServerCnxn.java","260040","227162","487202"
"2019-09-16 23:26","NIOServerCnxn.java","258311","225558","483869"
"2019-10-10 14:37","NIOServerCnxn.java","259045","225558","484603"
"2018-09-28 23:38","NIOServerCnxn.java","122599","108310","230909"
"2020-02-11 06:50","NIOServerCnxn.java","267417","227164","494581"
"2019-01-23 14:00","NIOServerCnxn.java","231901","225440","457341"
"2019-07-08 23:26","NIOServerCnxn.java","244067","225557","469624"
"2019-04-12 19:01","NIOServerCnxn.java","237080","225539","462619"
"2019-01-14 19:38","NIOServerCnxn.java","230465","225439","455904"
"2018-11-17 18:33","NIOServerCnxn.java","223246","225437","448683"
"2017-03-04 19:22","NIOServerCnxn.java","3262","4551","7813"
"2016-12-22 23:23","NIOServerCnxn.java","1519","818","2337"
"2018-09-18 01:00","NIOServerCnxn.java","119343","107628","226971"
"2019-08-17 17:13","NIOServerCnxn.java","255292","225558","480850"
"2019-07-03 00:44","NIOServerCnxn.java","243304","225557","468861"
"2019-08-03 08:42","NIOServerCnxn.java","256000","225558","481558"
"2014-06-25 19:06","AsyncCallback.java","27780","9742","37522"
"2019-09-05 22:59","AsyncCallback.java","257039","187701","444740"
"2019-01-16 14:21","AsyncCallback.java","232289","187603","419892"
"2019-02-07 11:26","AsyncCallback.java","234642","187604","422246"
"2019-08-17 17:13","AsyncCallback.java","256407","187701","444108"
"2017-07-28 00:36","AsyncCallback.java","60071","22800","82871"
"2019-08-17 17:13","OSMXBean.java","256367","194259","450626"
"2019-10-10 14:37","PrometheusMetricsProvider.java","47673","31827","79500"
"2019-08-05 15:29","PrometheusMetricsProvider.java","19464","6627","26091"
"2019-08-17 17:13","CommitProcessorMetricsTest.java","26748","24669","51417"
"2019-08-06 01:49","CommitProcessorMetricsTest.java","3521","558","4079"
"2019-05-15 11:56","ServerConfig.java","2710","473","3183"
"2019-08-17 17:13","ServerConfig.java","47204","29721","76925"
"2019-08-01 07:31","ObserverRequestProcessor.java","256962","201018","457980"
"2019-08-17 17:13","ObserverRequestProcessor.java","256291","201018","457309"
"2015-06-04 19:51","ObserverRequestProcessor.java","28928","11240","40168"
"2016-10-07 21:51","ObserverRequestProcessor.java","39817","17078","56895"
"2015-03-08 23:07","ObserverRequestProcessor.java","24675","10369","35044"
"2014-07-18 19:46","ObserverRequestProcessor.java","18716","9108","27824"
"2020-03-25 03:38","ObserverRequestProcessor.java","270494","202436","472930"
"2019-10-10 14:37","JMXEnv.java","7470","3717","11187"
"2019-12-27 22:33","JMXEnv.java","18682","10004","28686"
"2020-02-16 10:25","LearnerTest.java","70942","39248","110190"
"2020-01-28 17:26","LearnerTest.java","70655","39203","109858"
"2019-08-17 17:13","LearnerTest.java","51153","30099","81252"
"2019-07-12 17:01","LearnerTest.java","22576","6209","28785"
"2019-11-29 14:49","LearnerTest.java","65423","37812","103235"
"2019-08-17 17:13","ZkDatabaseCorruptionTest.java","255887","222020","477907"
"2019-10-10 14:37","ZkDatabaseCorruptionTest.java","259640","222020","481660"
"2018-04-06 06:04","ZkDatabaseCorruptionTest.java","17357","9298","26655"
"2020-05-17 15:13","ClientCnxn.java","20083","9305","29388"
"2020-03-03 03:12","ClientCnxn.java","13338","4770","18108"
"2020-01-21 17:53","ClientCnxn.java","7414","2585","9999"
"2020-04-16 12:50","ClientCnxn.java","16030","5623","21653"
"2020-03-12 14:47","CnxManagerTest.java","18276","10086","28362"
"2019-11-29 14:49","CnxManagerTest.java","8927","6123","15050"
"2020-02-16 10:25","CnxManagerTest.java","16868","9981","26849"
"2019-10-10 14:37","JUnit4ZKTestRunner.java","7470","3717","11187"
"2016-09-09 00:10","LoadFromLogTest.java","47308","17839","65147"
"2019-10-10 14:37","LoadFromLogTest.java","260130","193596","453726"
"2014-02-10 21:50","LoadFromLogTest.java","8408","1399","9807"
"2019-08-17 17:13","LoadFromLogTest.java","256377","193596","449973"
"2019-06-07 14:13","LoadFromLogTest.java","242481","193596","436077"
"2017-12-06 23:14","LoadFromLogTest.java","59900","24203","84103"
"2019-08-17 17:13","TestHammer.java","256104","214963","471067"
"2018-10-16 16:22","QuorumPeerConfig.java","234776","191386","426162"
"2018-12-09 03:16","QuorumPeerConfig.java","228694","211043","439737"
"2019-04-12 19:01","QuorumPeerConfig.java","237938","211138","449076"
"2018-09-11 15:23","QuorumPeerConfig.java","137644","111925","249569"
"2018-12-15 07:34","QuorumPeerConfig.java","228609","211043","439652"
"2019-02-13 13:12","QuorumPeerConfig.java","235004","211065","446069"
"2019-08-17 17:13","QuorumPeerConfig.java","256147","211154","467301"
"2015-03-17 18:06","QuorumPeerConfig.java","6162","1088","7250"
"2017-11-28 00:10","QuorumPeerConfig.java","33877","15899","49776"
"2019-06-05 00:29","QuorumPeerConfig.java","241814","211154","452968"
"2014-09-17 07:34","QuorumPeerConfig.java","2006","385","2391"
"2020-01-09 11:27","QuorumPeerConfig.java","265695","212599","478294"
"2019-07-12 17:01","QuorumPeerConfig.java","251460","211154","462614"
"2016-11-13 20:59","QuorumPeerConfig.java","23200","8488","31688"
"2019-05-15 11:56","QuorumPeerConfig.java","240885","211138","452023"
"2014-08-19 22:50","QuorumPeerConfig.java","831","296","1127"
"2018-10-01 06:11","QuorumPeerConfig.java","142272","112719","254991"
"2017-07-28 00:36","QuorumPeerConfig.java","28775","15217","43992"
"2017-07-06 18:48","QuorumPeerConfig.java","28125","13685","41810"
"2020-01-23 13:43","QuorumPeerConfig.java","267519","212599","480118"
"2016-06-23 19:42","QuorumPeerConfig.java","17465","7185","24650"
"2015-09-06 20:02","QuorumPeerConfig.java","11895","3309","15204"
"2015-09-29 03:56","QuorumPeerConfig.java","12122","3355","15477"
"2019-10-10 14:37","QuorumPeerConfig.java","259900","211154","471054"
"2018-07-27 12:32","QuorumPeerConfig.java","58496","35604","94100"
"2019-04-18 19:17","QuorumPeerConfig.java","238648","211138","449786"
"2016-11-03 16:07","QuorumPeerConfig.java","21338","8295","29633"
"2014-08-14 08:08","QuorumPeerConfig.java","619","198","817"
"2020-02-16 10:25","QuorumPeerConfig.java","268232","212599","480831"
"2020-05-14 18:18","QuorumPeerConfig.java","271468","212610","484078"
"2017-05-11 16:59","QuorumPeerConfig.java","26926","13353","40279"
"2019-08-17 17:13","ServerMetricsTest.java","55038","29877","84915"
"2018-10-16 16:22","QuorumPeerConfig.java","234775","191806","426581"
"2018-12-09 03:16","QuorumPeerConfig.java","228693","211463","440156"
"2019-04-12 19:01","QuorumPeerConfig.java","237937","211558","449495"
"2018-09-11 15:23","QuorumPeerConfig.java","137084","111786","248870"
"2018-12-15 07:34","QuorumPeerConfig.java","228608","211463","440071"
"2019-02-13 13:12","QuorumPeerConfig.java","235003","211485","446488"
"2019-08-17 17:13","QuorumPeerConfig.java","256146","211574","467720"
"2015-03-17 18:06","QuorumPeerConfig.java","5554","901","6455"
"2017-11-28 00:10","QuorumPeerConfig.java","33315","15758","49073"
"2019-06-05 00:29","QuorumPeerConfig.java","241813","211574","453387"
"2014-09-17 07:34","QuorumPeerConfig.java","1394","194","1588"
"2020-01-09 11:27","QuorumPeerConfig.java","265695","213020","478715"
"2019-07-12 17:01","QuorumPeerConfig.java","251459","211574","463033"
"2016-11-13 20:59","QuorumPeerConfig.java","22604","8313","30917"
"2019-05-15 11:56","QuorumPeerConfig.java","240884","211558","452442"
"2014-08-19 22:50","QuorumPeerConfig.java","218","104","322"
"2018-10-01 06:11","QuorumPeerConfig.java","141713","112581","254294"
"2017-07-28 00:36","QuorumPeerConfig.java","28213","15076","43289"
"2017-07-06 18:48","QuorumPeerConfig.java","27563","13544","41107"
"2020-01-23 13:43","QuorumPeerConfig.java","267519","213020","480539"
"2016-06-23 19:42","QuorumPeerConfig.java","16859","7000","23859"
"2015-09-06 20:02","QuorumPeerConfig.java","11288","3123","14411"
"2015-09-29 03:56","QuorumPeerConfig.java","11515","3169","14684"
"2019-10-10 14:37","QuorumPeerConfig.java","259899","211574","471473"
"2018-07-27 12:32","QuorumPeerConfig.java","57934","35463","93397"
"2019-04-18 19:17","QuorumPeerConfig.java","238647","211558","450205"
"2016-11-03 16:07","QuorumPeerConfig.java","20741","8119","28860"
"2020-02-16 10:25","QuorumPeerConfig.java","268232","213020","481252"
"2020-05-14 18:18","QuorumPeerConfig.java","271468","213031","484499"
"2017-05-11 16:59","QuorumPeerConfig.java","26364","13212","39576"
"2019-05-20 12:24","RestoreCommittedLogTest.java","239","102","341"
"2019-08-17 17:13","RestoreCommittedLogTest.java","45008","29675","74683"
"2019-10-10 14:37","LearnerHandler.java","51466","32026","83492"
"2019-07-03 20:54","LearnerHandler.java","7839","4158","11997"
"2019-06-29 00:33","LearnerHandler.java","7645","3971","11616"
"2019-07-25 21:41","LearnerHandler.java","18222","6052","24274"
"2019-08-23 19:43","LearnerHandler.java","46063","29710","75773"
"2019-08-17 17:13","LearnerHandler.java","45395","29708","75103"
"2019-08-03 08:42","LearnerHandler.java","23712","7317","31029"
"2016-07-27 01:33","StatCommand.java","7713","4517","12230"
"2016-12-22 23:23","StatCommand.java","14721","6524","21245"
"2017-05-27 00:52","StatCommand.java","16711","10839","27550"
"2018-02-07 01:05","StatCommand.java","24954","13884","38838"
"2018-07-12 01:33","StatCommand.java","37839","23702","61541"
"2019-08-17 17:13","StatCommand.java","255967","218737","474704"
"2019-12-27 22:33","LogChopper.java","18682","10004","28686"
"2019-11-28 12:24","LogChopper.java","14222","9316","23538"
"2014-05-09 23:37","QuorumPeerInstance.java","136971","24008","160979"
"2014-08-14 14:33","QuorumPeerInstance.java","145331","24310","169641"
"2018-07-10 13:29","QuorumPeerInstance.java","176329","34025","210354"
"2018-12-20 07:24","QuorumPeerInstance.java","231162","100708","331870"
"2011-04-12 09:14","QuorumPeerInstance.java","96641","18214","114855"
"2013-10-05 00:17","QuorumPeerInstance.java","125998","22533","148531"
"2015-12-06 21:30","QuorumPeerInstance.java","154658","24584","179242"
"2009-02-02 23:26","QuorumPeerInstance.java","2137","1380","3517"
"2019-07-12 17:01","QuorumPeerInstance.java","253002","100735","353737"
"2009-02-20 01:23","QuorumPeerInstance.java","5159","2183","7342"
"2014-11-29 16:53","QuorumPeerInstance.java","147990","24348","172338"
"2014-08-14 09:32","QuorumPeerInstance.java","145331","24310","169641"
"2015-05-10 00:27","QuorumPeerInstance.java","151205","24427","175632"
"2017-09-11 18:55","QuorumPeerInstance.java","162057","27354","189411"
"2019-05-20 17:18","ClientReconnectTest.java","241450","175780","417230"
"2016-05-02 18:15","ClientReconnectTest.java","66222","20643","86865"
"2019-08-17 17:13","ClientReconnectTest.java","256659","175780","432439"
"2015-07-07 07:11","ClientReconnectTest.java","61392","17565","78957"
"2013-11-19 02:03","ClientReconnectTest.java","30556","8283","38839"
"2020-05-17 15:13","ClientReconnectTest.java","271913","177089","449002"
"2018-12-20 15:13","LocalPeerBean.java","230489","187347","417836"
"2019-11-29 14:49","LocalPeerBean.java","264615","188486","453101"
"2014-06-04 22:07","LocalPeerBean.java","63724","33225","96949"
"2019-08-17 17:13","LocalPeerBean.java","256985","187413","444398"
"2019-11-14 03:54","LocalPeerBean.java","264994","187413","452407"
"2015-08-05 22:16","LocalPeerBean.java","81045","35378","116423"
"2015-12-07 06:06","LocalPeerBean.java","82396","35516","117912"
"2018-07-27 12:32","LocalPeerBean.java","117969","57879","175848"
"2018-06-26 11:18","LocalPeerBean.java","99945","41073","141018"
"2014-05-09 23:37","LearnerTest.java","53887","19922","73809"
"2020-02-16 10:25","LearnerTest.java","268642","184120","452762"
"2020-01-28 17:26","LearnerTest.java","268400","184120","452520"
"2011-07-29 00:02","LearnerTest.java","4654","415","5069"
"2011-09-17 02:13","LearnerTest.java","11018","4189","15207"
"2015-03-15 08:54","LearnerTest.java","66891","21169","88060"
"2015-12-06 21:30","LearnerTest.java","73866","22790","96656"
"2019-08-17 17:13","LearnerTest.java","256904","183022","439926"
"2019-07-12 17:01","LearnerTest.java","252217","183022","435239"
"2019-02-13 13:12","LearnerTest.java","235797","182969","418766"
"2012-01-31 07:45","LearnerTest.java","15088","7717","22805"
"2019-11-29 14:49","LearnerTest.java","264559","184120","448679"
"2019-12-03 10:01","CommandsTest.java","58651","37532","96183"
"2019-11-29 14:49","CommandsTest.java","58611","37538","96149"
"2019-08-17 17:13","CommandsTest.java","43884","29368","73252"
"2019-06-29 00:33","CommandsTest.java","5843","3340","9183"
"2019-11-23 17:08","CommandsTest.java","56417","37200","93617"
"2018-09-18 01:00","UpgradeableSessionTracker.java","153242","111813","265055"
"2018-08-08 06:21","UpgradeableSessionTracker.java","123640","85317","208957"
"2019-08-17 17:13","UpgradeableSessionTracker.java","256367","196919","453286"
"2019-09-05 23:12","UpgradeableSessionTracker.java","257286","196919","454205"
"2019-10-10 14:37","UpgradeableSessionTracker.java","260120","196919","457039"
"2015-03-08 23:07","UpgradeableSessionTracker.java","29285","10804","40089"
"2019-09-11 10:27","SerializeUtils.java","259066","72482","331548"
"2013-03-07 07:01","SerializeUtils.java","142291","18248","160539"
"2011-07-01 00:53","SerializeUtils.java","126982","15636","142618"
"2019-08-17 17:13","SerializeUtils.java","257710","72482","330192"
"2015-06-04 19:51","SerializeUtils.java","171087","19986","191073"
"2016-10-07 21:51","SerializeUtils.java","176415","20263","196678"
"2009-06-15 22:52","SerializeUtils.java","71604","10954","82558"
"2009-04-17 20:11","SerializeUtils.java","43493","10430","53923"
"2018-02-07 01:05","SerializeUtils.java","183446","20920","204366"
"2011-06-23 18:01","SerializeUtils.java","124137","15341","139478"
"2019-12-27 22:33","SerializeUtils.java","266841","72935","339776"
"2012-12-19 19:16","SerializeUtils.java","137483","17996","155479"
"2011-04-12 09:14","SerializeUtils.java","122033","15332","137365"
"2020-05-05 09:18","JettyAdminServerTest.java","23693","13684","37377"
"2020-02-26 22:41","NettyServerCnxnFactory.java","64123","39136","103259"
"2019-10-10 14:37","NettyServerCnxnFactory.java","49826","31740","81566"
"2019-09-10 18:50","NettyServerCnxnFactory.java","46126","30676","76802"
"2019-11-14 03:54","NettyServerCnxnFactory.java","54358","32016","86374"
"2019-08-17 17:13","NettyServerCnxnFactory.java","43666","29333","72999"
"2019-11-23 17:08","NettyServerCnxnFactory.java","56203","37169","93372"
"2019-07-03 00:44","NettyServerCnxnFactory.java","5758","3412","9170"
"2019-07-23 15:55","NettyServerCnxnFactory.java","15147","4806","19953"
"2019-06-24 11:05","NettyServerCnxnFactory.java","3781","2115","5896"
"2019-08-03 08:42","NettyServerCnxnFactory.java","21699","6658","28357"
"2019-08-17 17:13","LeaderWithObserverTest.java","254922","230896","485818"
"2019-01-31 15:55","SetCommand.java","232791","223774","456565"
"2019-08-17 17:13","SetCommand.java","255250","223892","479142"
"2019-08-17 17:13","ProposalRequestProcessor.java","256502","178915","435417"
"2019-11-28 12:24","DataTree.java","60842","37312","98154"
"2019-10-10 14:37","DataTree.java","54219","31842","86061"
"2019-12-27 22:33","DataTree.java","65034","37732","102766"
"2019-11-11 13:59","DataTree.java","58073","32039","90112"
"2019-11-08 17:30","DataTree.java","56246","32008","88254"
"2019-09-10 09:53","DataTree.java","50665","30992","81657"
"2019-07-31 19:06","DataTree.java","25342","7411","32753"
"2019-09-11 10:27","DataTree.java","51014","31034","82048"
"2019-08-01 07:31","DataTree.java","26786","7491","34277"
"2019-08-17 17:13","DataTree.java","48367","29743","78110"
"2019-09-10 15:21","DataTree.java","50669","31002","81671"
"2019-08-03 08:42","DataTree.java","27092","7760","34852"
"2019-08-09 16:15","DataTree.java","28050","7970","36020"
"2019-04-29 16:49","DataTree.java","2827","366","3193"
"2010-03-31 06:26","NullDataTest.java","92128","12904","105032"
"2011-04-12 09:14","NullDataTest.java","104003","14267","118270"
"2019-08-17 17:13","NullDataTest.java","257706","89443","347149"
"2019-04-18 19:17","ZooKeeperServerMain.java","733","23","756"
"2019-11-11 13:59","ZooKeeperServerMain.java","57524","31921","89445"
"2019-11-28 12:24","ZooKeeperServerMain.java","60297","37198","97495"
"2019-11-25 15:37","ZooKeeperServerMain.java","60161","37160","97321"
"2019-08-17 17:13","ZooKeeperServerMain.java","47813","29620","77433"
"2019-08-17 17:13","RemotePeerBean.java","255925","219582","475507"
"2019-11-29 14:49","RemotePeerBean.java","264031","221131","485162"
"2018-06-26 11:18","RemotePeerBean.java","27509","14485","41994"
"2019-04-18 19:17","ZooKeeperServerMain.java","154799","153008","307807"
"2019-11-11 13:59","ZooKeeperServerMain.java","182699","156015","338714"
"2019-11-28 12:24","ZooKeeperServerMain.java","182317","158137","340454"
"2019-11-25 15:37","ZooKeeperServerMain.java","182219","158137","340356"
"2019-08-17 17:13","ZooKeeperServerMain.java","174233","154959","329192"
"2019-04-12 19:01","ZooKeeperServerMain.java","154089","153008","307097"
"2019-11-08 17:30","Request.java","262009","196947","458956"
"2019-01-16 14:21","Request.java","232249","196821","429070"
"2019-04-25 02:11","Request.java","240071","196903","436974"
"2019-07-08 23:26","Request.java","245143","196919","442062"
"2015-02-06 06:17","Request.java","29023","10716","39739"
"2019-02-07 11:26","Request.java","234602","196822","431424"
"2019-08-06 17:11","Request.java","257468","196919","454387"
"2019-08-01 07:28","Request.java","256548","196919","453467"
"2019-06-26 10:57","Request.java","244217","196919","441136"
"2014-01-24 07:18","Request.java","3936","398","4334"
"2016-10-07 21:51","Request.java","44137","17223","61360"
"2015-06-04 19:51","Request.java","33308","11445","44753"
"2019-08-17 17:13","Request.java","256367","196919","453286"
"2019-04-17 14:16","Request.java","238423","196903","435326"
"2019-05-03 00:44","Request.java","240348","196903","437251"
"2019-06-05 00:46","Request.java","242227","196919","439146"
"2019-05-10 12:22","Request.java","240858","196903","437761"
"2020-03-25 03:38","Request.java","270500","198267","468767"
"2019-09-20 10:06","Request.java","259230","196919","456149"
"2019-09-16 23:26","Request.java","259386","196919","456305"
"2019-12-27 22:33","Request.java","266393","198267","464660"
"2019-11-11 13:59","Request.java","263805","196947","460752"
"2014-04-29 02:23","Request.java","14802","7999","22801"
"2020-05-05 21:20","Request.java","271531","198267","469798"
"2019-10-10 14:37","JUnit4ZKTestRunner.java","259827","217320","477147"
"2015-07-07 07:11","JUnit4ZKTestRunner.java","4152","2450","6602"
"2019-05-08 21:54","JUnit4ZKTestRunner.java","240558","217302","457860"
"2019-08-17 17:13","JUnit4ZKTestRunner.java","256074","217320","473394"
"2019-07-02 07:34","Follower.java","245653","72482","318135"
"2009-01-15 23:57","Follower.java","26401","8777","35178"
"2018-12-09 03:16","Follower.java","230340","72454","302794"
"2019-04-12 19:01","Follower.java","239517","72482","311999"
"2013-03-07 07:01","Follower.java","142291","18248","160539"
"2015-02-06 06:17","Follower.java","167466","19921","187387"
"2011-04-29 18:12","Follower.java","122395","15359","137754"
"2011-01-22 20:38","Follower.java","162894","15058","177952"
"2011-02-07 20:26","Follower.java","162985","15132","178117"
"2018-09-18 01:00","Follower.java","219760","49093","268853"
"2019-08-17 17:13","Follower.java","257710","72482","330192"
"2009-06-15 22:52","Follower.java","71604","10954","82558"
"2019-06-29 00:33","Follower.java","245697","72482","318179"
"2019-08-06 17:11","Follower.java","258811","72482","331293"
"2019-07-15 14:15","Follower.java","253129","72482","325611"
"2019-08-23 19:43","Follower.java","258376","72482","330858"
"2017-11-28 00:10","Follower.java","182538","20867","203405"
"2019-06-05 00:33","Follower.java","243431","72482","315913"
"2009-02-20 01:23","Follower.java","41172","9922","51094"
"2011-06-14 07:14","Follower.java","124032","15381","139413"
"2019-05-03 00:44","Follower.java","241707","72482","314189"
"2010-01-25 04:28","Follower.java","99647","13524","113171"
"2009-10-30 17:19","Follower.java","85981","12624","98605"
"2009-11-20 23:28","Follower.java","95515","13006","108521"
"2015-06-05 21:15","Follower.java","171121","19986","191107"
"2019-12-27 22:33","Follower.java","266841","72935","339776"
"2016-08-13 15:01","Follower.java","175213","20162","195375"
"2019-10-10 14:37","Follower.java","261463","72482","333945"
"2010-08-18 08:24","Follower.java","130287","14631","144918"
"2016-12-20 14:47","Follower.java","179750","20438","200188"
"2014-07-22 06:51","Follower.java","163176","19835","183011"
"2019-08-17 17:13","FileTxnLogTest.java","68678","36770","105448"
"2019-10-10 14:37","FileTxnLogTest.java","74404","38743","113147"
"2019-09-18 11:20","FileTxnLogTest.java","73014","38194","111208"
"2019-07-29 17:15","ToStringOutputArchive.java","254361","179411","433772"
"2019-06-20 20:25","ToStringOutputArchive.java","244080","179411","423491"
"2019-10-10 14:37","StandaloneDisabledTest.java","259881","211913","471794"
"2016-08-24 01:36","StandaloneDisabledTest.java","18263","7915","26178"
"2018-05-21 20:11","StandaloneDisabledTest.java","36884","16702","53586"
"2017-03-14 17:06","StandaloneDisabledTest.java","25554","12349","37903"
"2017-02-12 00:34","StandaloneDisabledTest.java","25035","12309","37344"
"2019-06-03 19:40","StandaloneDisabledTest.java","241459","211913","453372"
"2015-05-14 21:53","StandaloneDisabledTest.java","7526","1663","9189"
"2019-08-17 17:13","StandaloneDisabledTest.java","256128","211913","468041"
"2016-11-13 20:59","StandaloneDisabledTest.java","22335","8401","30736"
"2019-11-21 05:58","NIOServerCnxn.java","260925","187678","448603"
"2015-11-08 22:36","NIOServerCnxn.java","48317","14159","62476"
"2019-11-18 09:05","NIOServerCnxn.java","260902","187678","448580"
"2013-09-10 00:37","NIOServerCnxn.java","9610","2392","12002"
"2019-09-16 23:26","NIOServerCnxn.java","259432","186333","445765"
"2019-10-10 14:37","NIOServerCnxn.java","260166","186333","446499"
"2013-10-05 00:57","NIOServerCnxn.java","10604","2632","13236"
"2018-09-28 23:38","NIOServerCnxn.java","163969","109334","273303"
"2020-02-11 06:50","NIOServerCnxn.java","268277","187678","455955"
"2019-01-23 14:00","NIOServerCnxn.java","233042","186235","419277"
"2019-07-08 23:26","NIOServerCnxn.java","245189","186333","431522"
"2019-04-12 19:01","NIOServerCnxn.java","238204","186317","424521"
"2019-01-14 19:38","NIOServerCnxn.java","231606","186234","417840"
"2018-11-17 18:33","NIOServerCnxn.java","224387","186232","410619"
"2017-03-04 19:22","NIOServerCnxn.java","60486","21429","81915"
"2013-12-11 19:22","NIOServerCnxn.java","15099","3073","18172"
"2016-12-22 23:23","NIOServerCnxn.java","60168","19121","79289"
"2018-09-18 01:00","NIOServerCnxn.java","161232","109171","270403"
"2019-08-17 17:13","NIOServerCnxn.java","256413","186333","442746"
"2015-06-28 21:09","NIOServerCnxn.java","46714","13864","60578"
"2015-03-28 20:08","NIOServerCnxn.java","43669","12519","56188"
"2019-07-03 00:44","NIOServerCnxn.java","244426","186333","430759"
"2019-08-03 08:42","NIOServerCnxn.java","257121","186333","443454"
"2016-11-16 06:21","NIOServerCnxn.java","58812","18466","77278"
"2019-05-20 17:18","SerializeUtilsTest.java","239848","228897","468745"
"2019-08-17 17:13","SerializeUtilsTest.java","255075","228915","483990"
"2019-10-10 14:37","StandaloneDisabledTest.java","259045","225011","484056"
"2018-05-21 20:11","StandaloneDisabledTest.java","15527","9279","24806"
"2017-03-14 17:06","StandaloneDisabledTest.java","3871","4600","8471"
"2017-02-12 00:34","StandaloneDisabledTest.java","3319","4527","7846"
"2019-06-03 19:40","StandaloneDisabledTest.java","240622","225010","465632"
"2019-08-17 17:13","StandaloneDisabledTest.java","255292","225011","480303"
"2019-07-30 02:31","CommitProcessorConcurrencyTest.java","254075","207310","461385"
"2016-05-15 23:31","CommitProcessorConcurrencyTest.java","22377","8449","30826"
"2019-08-17 17:13","CommitProcessorConcurrencyTest.java","256154","207310","463464"
"2017-09-11 18:55","CommitProcessorConcurrencyTest.java","34123","16151","50274"
"2015-03-08 23:07","CommitProcessorConcurrencyTest.java","10189","2312","12501"
"2015-07-07 07:11","CommitProcessorConcurrencyTest.java","16381","4589","20970"
"2019-10-10 14:37","CommitProcessorConcurrencyTest.java","259907","207310","467217"
"2019-08-17 17:13","SetQuotaCommand.java","29856","25620","55476"
"2019-12-28 16:17","SetQuotaCommand.java","47012","34191","81203"
"2019-07-02 07:34","Follower.java","244090","210802","454892"
"2018-12-09 03:16","Follower.java","228694","210691","439385"
"2019-04-12 19:01","Follower.java","237938","210786","448724"
"2015-02-06 06:17","Follower.java","5359","1155","6514"
"2018-09-18 01:00","Follower.java","139566","112240","251806"
"2019-08-17 17:13","Follower.java","256147","210802","466949"
"2019-06-29 00:33","Follower.java","244134","210802","454936"
"2019-08-06 17:11","Follower.java","257248","210802","468050"
"2019-07-15 14:15","Follower.java","251566","210802","462368"
"2019-08-23 19:43","Follower.java","256813","210802","467615"
"2017-11-28 00:10","Follower.java","34484","16154","50638"
"2019-06-05 00:33","Follower.java","241868","210802","452670"
"2019-05-03 00:44","Follower.java","240128","210786","450914"
"2015-06-05 21:15","Follower.java","10178","2384","12562"
"2019-12-27 22:33","Follower.java","266269","212246","478515"
"2016-08-13 15:01","Follower.java","19732","8022","27754"
"2019-10-10 14:37","Follower.java","259900","210802","470702"
"2016-12-20 14:47","Follower.java","25576","9605","35181"
"2020-03-25 03:38","CommitProcessor.java","17229","10152","27381"
"2019-12-27 22:33","CommitProcessor.java","9300","6330","15630"
"2019-12-28 16:17","SetAclCommand.java","18815","10230","29045"
"2020-02-26 22:41","NettyServerCnxnFactory.java","50191","35545","85736"
"2019-10-10 14:37","NettyServerCnxnFactory.java","35815","28070","63885"
"2019-09-10 18:50","NettyServerCnxnFactory.java","32078","26969","59047"
"2019-11-14 03:54","NettyServerCnxnFactory.java","40349","28348","68697"
"2019-08-17 17:13","NettyServerCnxnFactory.java","29608","25616","55224"
"2019-11-23 17:08","NettyServerCnxnFactory.java","42193","33500","75693"
"2019-08-03 08:42","NettyServerCnxnFactory.java","6613","1913","8526"
"2016-06-23 23:45","NettyServerCnxnFactory.java","16080","7116","23196"
"2020-02-26 22:41","NettyServerCnxnFactory.java","268228","214280","482508"
"2019-10-10 14:37","NettyServerCnxnFactory.java","259881","212834","472715"
"2019-09-10 18:50","NettyServerCnxnFactory.java","257245","212834","470079"
"2019-11-14 03:54","NettyServerCnxnFactory.java","264166","212863","477029"
"2019-02-12 15:25","NettyServerCnxnFactory.java","234845","212726","447571"
"2018-10-16 16:22","NettyServerCnxnFactory.java","234691","193000","427691"
"2019-02-15 15:36","NettyServerCnxnFactory.java","235277","212743","448020"
"2019-04-12 19:01","NettyServerCnxnFactory.java","237919","212818","450737"
"2018-11-22 17:56","NettyServerCnxnFactory.java","224714","212723","437437"
"2018-09-22 06:48","NettyServerCnxnFactory.java","138115","112771","250886"
"2018-12-15 07:34","NettyServerCnxnFactory.java","228590","212723","441313"
"2019-02-13 13:12","NettyServerCnxnFactory.java","234985","212745","447730"
"2019-08-17 17:13","NettyServerCnxnFactory.java","256128","212834","468962"
"2015-03-17 18:06","NettyServerCnxnFactory.java","4073","698","4771"
"2015-03-28 20:08","NettyServerCnxnFactory.java","5097","733","5830"
"2019-11-23 17:08","NettyServerCnxnFactory.java","262274","214279","476553"
"2019-07-03 00:44","NettyServerCnxnFactory.java","244141","212834","456975"
"2019-06-05 00:29","NettyServerCnxnFactory.java","241795","212834","454629"
"2019-07-23 15:55","NettyServerCnxnFactory.java","252136","212834","464970"
"2019-06-24 11:05","NettyServerCnxnFactory.java","243461","212834","456295"
"2015-01-30 03:23","NettyServerCnxnFactory.java","2289","342","2631"
"2019-08-03 08:42","NettyServerCnxnFactory.java","256836","212834","469670"
"2019-11-28 12:24","DataTree.java","37347","33149","70496"
"2019-10-10 14:37","DataTree.java","30687","27642","58329"
"2019-12-27 22:33","DataTree.java","41627","33657","75284"
"2019-11-11 13:59","DataTree.java","34550","27848","62398"
"2019-11-08 17:30","DataTree.java","32722","27816","60538"
"2019-09-10 09:53","DataTree.java","26623","26282","52905"
"2019-09-11 10:27","DataTree.java","27164","26516","53680"
"2019-08-17 17:13","DataTree.java","24190","24898","49088"
"2019-09-10 15:21","DataTree.java","26811","26476","53287"
"2019-08-09 16:15","DataTree.java","1014","266","1280"
"2016-09-08 22:52","ZooKeeperTest.java","920","487","1407"
"2018-10-04 15:46","ZooKeeperTest.java","127250","108567","235817"
"2016-10-16 14:21","ZooKeeperTest.java","2322","729","3051"
"2019-03-12 19:08","ZooKeeperTest.java","235914","221712","457626"
"2017-04-29 20:17","ZooKeeperTest.java","9046","5555","14601"
"2017-05-30 19:43","ZooKeeperTest.java","9199","6478","15677"
"2019-05-23 18:42","ZooKeeperTest.java","241098","221790","462888"
"2019-08-17 17:13","ZooKeeperTest.java","255887","221808","477695"
"2019-06-06 00:01","ZooKeeperTest.java","242023","221807","463830"
"2019-10-10 14:37","X509Util.java","116649","111293","227942"
"2019-07-29 17:09","X509Util.java","97263","98646","195909"
"2019-06-05 00:29","X509Util.java","82920","95650","178570"
"2019-08-17 17:13","X509Util.java","111485","109882","221367"
"2018-11-27 10:02","X509Util.java","58568","86631","145199"
"2018-11-07 02:29","X509Util.java","55461","85982","141443"
"2019-01-24 11:53","X509Util.java","72770","94176","166946"
"2018-12-15 07:34","X509Util.java","61890","87714","149604"
"2019-01-25 14:32","X509Util.java","72829","94176","167005"
"2019-01-14 19:40","X509Util.java","71101","94098","165199"
"2019-01-25 14:37","X509Util.java","72851","94176","167027"
"2018-05-10 00:14","QuorumPeerMainTest.java","33105","16223","49328"
"2018-10-05 14:25","QuorumPeerMainTest.java","220577","194021","414598"
"2018-07-17 10:41","QuorumPeerMainTest.java","54430","35901","90331"
"2018-07-27 12:32","QuorumPeerMainTest.java","55036","35996","91032"
"2015-11-03 08:11","QuorumPeerMainTest.java","7919","2898","10817"
"2020-01-23 13:43","QuorumPeerMainTest.java","267479","216411","483890"
"2019-10-10 14:37","QuorumPeerMainTest.java","259857","214963","474820"
"2019-12-28 16:17","QuorumPeerMainTest.java","266136","216410","482546"
"2017-12-16 01:25","QuorumPeerMainTest.java","30036","15866","45902"
"2018-01-19 00:52","QuorumPeerMainTest.java","30196","15913","46109"
"2018-04-30 06:34","QuorumPeerMainTest.java","32466","16215","48681"
"2019-07-25 21:41","QuorumPeerMainTest.java","252587","214963","467550"
"2019-08-17 17:13","QuorumPeerMainTest.java","256104","214963","471067"
"2018-02-23 23:49","QuorumPeerMainTest.java","31324","15999","47323"
"2019-07-02 07:34","QuorumPeerMainTest.java","244047","214963","459010"
"2019-05-20 17:18","QuorumPeerMainTest.java","240879","214947","455826"
"2018-10-16 16:22","QuorumPeerMainTest.java","233562","194024","427586"
"2018-08-29 06:26","QuorumPeerMainTest.java","127721","107169","234890"
"2018-08-03 18:52","QuorumPeerMainTest.java","55709","36163","91872"
"2018-09-11 15:23","QuorumPeerMainTest.java","134227","112360","246587"
"2019-10-10 14:37","ZooKeeperSaslClient.java","259640","220587","480227"
"2020-02-04 10:39","ZooKeeperSaslClient.java","267951","222167","490118"
"2019-01-31 15:50","ZooKeeperSaslClient.java","233436","220469","453905"
"2019-08-03 08:42","ZooKeeperSaslClient.java","256595","220587","477182"
"2017-11-28 00:10","ZooKeeperSaslClient.java","18215","9930","28145"
"2019-08-17 17:13","ZooKeeperSaslClient.java","255887","220587","476474"
"2015-05-14 07:10","CnxManagerTest.java","8651","1998","10649"
"2020-03-12 14:47","CnxManagerTest.java","269535","212303","481838"
"2019-08-17 17:13","CnxManagerTest.java","256147","210858","467005"
"2019-06-03 19:40","CnxManagerTest.java","241478","210858","452336"
"2017-11-28 00:10","CnxManagerTest.java","34422","16148","50570"
"2019-07-12 17:01","CnxManagerTest.java","251460","210858","462318"
"2019-05-08 21:54","CnxManagerTest.java","240633","210842","451475"
"2019-08-06 12:52","CnxManagerTest.java","257120","210858","467978"
"2019-06-14 09:06","CnxManagerTest.java","244145","210858","455003"
"2019-11-29 14:49","CnxManagerTest.java","264148","212302","476450"
"2015-02-06 06:17","CnxManagerTest.java","5289","1141","6430"
"2017-09-11 18:55","CnxManagerTest.java","30126","15709","45835"
"2020-02-16 10:25","CnxManagerTest.java","268232","212303","480535"
"2015-11-03 08:11","CnxManagerTest.java","12886","3717","16603"
"2019-10-10 14:37","CnxManagerTest.java","259900","210858","470758"
"2020-05-17 15:13","ClientCnxn.java","4387","4016","8403"
"2014-06-30 19:11","Observer.java","61592","62113","123705"
"2011-10-20 20:02","Observer.java","17683","48968","66651"
"2019-10-10 14:37","Observer.java","260725","219580","480305"
"2015-06-05 21:25","Observer.java","75927","63395","139322"
"2019-12-27 22:33","Observer.java","266723","220653","487376"
"2017-11-28 00:10","Observer.java","92968","69903","162871"
"2019-07-15 14:15","Observer.java","252391","219580","471971"
"2019-08-23 19:43","Observer.java","257638","219580","477218"
"2019-08-17 17:13","Observer.java","256972","219580","476552"
"2019-05-03 00:44","Observer.java","240970","219581","460551"
"2019-06-05 00:33","Observer.java","242693","219580","462273"
"2019-07-02 07:34","Observer.java","244915","219580","464495"
"2011-02-07 20:26","Observer.java","137","120","257"
"2013-03-07 07:01","Observer.java","40554","55117","95671"
"2018-12-09 03:16","Observer.java","229564","219514","449078"
"2017-11-28 00:10","EphemeralNodeDeletionTest.java","6227","2417","8644"
"2018-09-05 16:15","EphemeralNodeDeletionTest.java","112941","102629","215570"
"2019-08-17 17:13","EphemeralNodeDeletionTest.java","255250","224425","479675"
"2019-12-03 10:01","CommandsTest.java","59146","37863","97009"
"2019-11-29 14:49","CommandsTest.java","59106","37869","96975"
"2019-08-17 17:13","CommandsTest.java","44402","29722","74124"
"2019-06-03 19:40","CommandsTest.java","238","227","465"
"2019-06-29 00:33","CommandsTest.java","6455","3788","10243"
"2019-11-23 17:08","CommandsTest.java","56914","37533","94447"
"2019-06-04 10:55","CommandsTest.java","617","453","1070"
"2019-08-17 17:13","WatcherOrBitSetTest.java","174218","158773","332991"
"2019-05-08 21:54","WatcherOrBitSetTest.java","156793","156846","313639"
"2009-06-25 00:59","ZooKeeper.java","48757","6810","55567"
"2019-02-06 09:46","ZooKeeper.java","235365","99080","334445"
"2019-01-16 14:21","ZooKeeper.java","233642","99080","332722"
"2017-04-18 02:02","ZooKeeper.java","163380","26873","190253"
"2019-11-08 17:30","ZooKeeper.java","263303","99107","362410"
"2019-02-07 11:26","ZooKeeper.java","235994","99080","335074"
"2013-03-07 07:01","ZooKeeper.java","124877","22317","147194"
"2011-07-01 00:53","ZooKeeper.java","103378","18678","122056"
"2013-12-17 17:55","ZooKeeper.java","131893","22529","154422"
"2012-02-06 09:56","ZooKeeper.java","109511","21111","130622"
"2012-03-17 01:31","ZooKeeper.java","111165","21260","132425"
"2012-11-17 15:03","ZooKeeper.java","116603","21579","138182"
"2017-05-01 17:19","ZooKeeper.java","163510","26876","190386"
"2010-11-10 23:36","ZooKeeper.java","135053","15000","150053"
"2014-01-24 07:18","ZooKeeper.java","133836","22543","156379"
"2019-08-17 17:13","ZooKeeper.java","257689","99107","356796"
"2009-05-20 20:48","ZooKeeper.java","35335","4514","39849"
"2015-06-04 19:51","ZooKeeper.java","153991","24373","178364"
"2016-10-07 21:51","ZooKeeper.java","160853","26184","187037"
"2015-03-16 09:09","ZooKeeper.java","150882","24308","175190"
"2015-03-17 18:06","ZooKeeper.java","151595","24311","175906"
"2016-05-02 18:15","ZooKeeper.java","157784","25881","183665"
"2019-06-26 10:57","ZooKeeper.java","245539","99107","344646"
"2019-06-03 19:40","ZooKeeper.java","243020","99107","342127"
"2018-05-09 23:57","ZooKeeper.java","170242","27350","197592"
"2009-04-09 23:02","ZooKeeper.java","9003","3124","12127"
"2009-03-27 06:25","ZooKeeper.java","7529","2357","9886"
"2019-08-03 08:42","ZooKeeper.java","258397","99107","357504"
"2016-11-13 20:59","ZooKeeper.java","163116","26194","189310"
"2013-02-03 15:52","ZooKeeper.java","120566","22069","142635"
"2012-09-28 18:32","ZooKeeper.java","114507","21451","135958"
"2017-07-28 00:36","ZooKeeper.java","162917","27149","190066"
"2017-08-18 23:35","ZooKeeper.java","163434","27181","190615"
"2017-07-04 07:56","ZooKeeper.java","163509","27131","190640"
"2009-12-11 20:38","ZooKeeper.java","65324","9377","74701"
"2009-11-12 21:02","ZooKeeper.java","57673","9104","66777"
"2010-01-26 03:22","ZooKeeper.java","70405","10380","80785"
"2010-01-05 18:32","ZooKeeper.java","66665","10054","76719"
"2009-11-07 01:48","ZooKeeper.java","56964","8998","65962"
"2009-10-31 00:09","ZooKeeper.java","56308","8747","65055"
"2020-04-16 12:50","ZooKeeper.java","271719","99563","371282"
"2018-07-27 05:16","ZooKeeper.java","178817","33907","212724"
"2019-10-10 14:37","ZooKeeper.java","261442","99107","360549"
"2014-04-01 04:03","ZooKeeper.java","135517","22744","158261"
"2010-02-08 23:36","ZooKeeper.java","72571","12885","85456"
"2009-08-07 20:00","ZooKeeper.java","51132","7090","58222"
"2012-12-19 19:16","ZooKeeper.java","120032","22028","142060"
"2019-02-11 12:34","ZooKeeper.java","236357","99080","335437"
"2014-07-08 20:18","ZooKeeper.java","141753","24093","165846"
"2010-11-30 21:16","ZooKeeper.java","135570","15150","150720"
"2020-05-17 15:13","ZooKeeper.java","272091","99564","371655"
"2017-01-09 22:49","ZooKeeper.java","164860","26370","191230"
"2011-05-20 01:17","ZooKeeper.java","99059","18185","117244"
"2019-03-12 19:08","ZooKeeper.java","237791","99086","336877"
"2011-09-06 00:58","ZooKeeper.java","106104","16708","122812"
"2014-07-22 06:51","ZooKeeper.java","146026","24168","170194"
"2014-04-29 02:23","ZooKeeper.java","138473","23915","162388"
"2014-06-25 15:04","FastLeaderElection.java","133974","23769","157743"
"2018-12-06 10:56","FastLeaderElection.java","228081","105238","333319"
"2014-07-08 05:25","FastLeaderElection.java","135745","23904","159649"
"2014-07-18 20:48","FastLeaderElection.java","139939","23972","163911"
"2010-03-13 01:06","FastLeaderElection.java","75342","12313","87655"
"2014-03-23 04:12","FastLeaderElection.java","128507","22380","150887"
"2019-10-10 14:37","FastLeaderElection.java","261342","105274","366616"
"2013-10-21 23:36","FastLeaderElection.java","124521","22206","146727"
"2009-08-04 19:59","FastLeaderElection.java","42472","5052","47524"
"2009-08-11 23:09","FastLeaderElection.java","43639","5113","48752"
"2009-12-15 23:23","FastLeaderElection.java","57720","7825","65545"
"2019-09-30 23:22","FastLeaderElection.java","260969","105274","366243"
"2011-04-12 09:14","FastLeaderElection.java","91461","17673","109134"
"2014-07-20 04:50","FastLeaderElection.java","140019","23990","164009"
"2009-04-24 20:26","FastLeaderElection.java","9545","943","10488"
"2010-07-05 21:50","FastLeaderElection.java","87602","13472","101074"
"2020-04-07 09:07","FastLeaderElection.java","271515","105826","377341"
"2012-03-20 01:33","FastLeaderElection.java","105068","21024","126092"
"2019-01-18 03:42","FastLeaderElection.java","233578","105238","338816"
"2012-02-06 09:40","FastLeaderElection.java","103276","20683","123959"
"2017-09-11 18:55","FastLeaderElection.java","157921","27393","185314"
"2013-03-07 07:01","FastLeaderElection.java","118776","22019","140795"
"2018-08-29 06:26","FastLeaderElection.java","197702","56891","254593"
"2011-04-29 18:12","FastLeaderElection.java","91815","17692","109507"
"2015-02-06 06:17","FastLeaderElection.java","144405","24146","168551"
"2018-04-30 06:34","FastLeaderElection.java","164059","27549","191608"
"2009-06-30 22:47","FastLeaderElection.java","41416","4734","46150"
"2019-08-17 17:13","FastLeaderElection.java","257589","105274","362863"
"2019-08-02 20:08","FastLeaderElection.java","258370","105274","363644"
"2012-08-03 00:17","FastLeaderElection.java","107645","21113","128758"
"2017-01-13 19:29","FastLeaderElection.java","159196","26328","185524"
"2011-06-14 07:14","FastLeaderElection.java","93490","17752","111242"
"2019-08-03 08:42","FastLeaderElection.java","258297","105274","363571"
"2019-12-27 22:33","TxnLog.java","64494","37613","102107"
"2019-05-14 17:11","TxnLog.java","3273","403","3676"
"2019-08-17 17:13","TxnLog.java","47811","29608","77419"
"2019-08-17 17:13","ClientCnxn.java","254163","231870","486033"
"2019-01-31 15:50","ClientCnxn.java","231681","231721","463402"
"2019-04-09 15:35","ClientCnxn.java","234903","231753","466656"
"2019-11-08 17:30","ClientCnxn.java","259826","231919","491745"
"2019-01-16 14:21","ClientCnxn.java","229990","231717","461707"
"2019-01-07 14:24","ClientCnxn.java","228838","231715","460553"
"2019-03-06 03:32","ClientCnxn.java","233829","231751","465580"
"2019-02-07 11:26","ClientCnxn.java","232349","231724","464073"
"2018-11-05 19:40","ClientCnxn.java","219648","198869","418517"
"2020-05-17 15:13","ClientCnxn.java","270141","233903","504044"
"2020-03-03 03:12","ClientCnxn.java","267838","233810","501648"
"2018-09-10 11:44","ClientCnxn.java","90874","88841","179715"
"2020-01-21 17:53","ClientCnxn.java","264099","233810","497909"
"2019-10-10 14:37","ClientCnxn.java","257917","231871","489788"
"2019-11-21 05:58","ClientCnxn.java","259268","233808","493076"
"2020-04-16 12:50","ClientCnxn.java","269738","233871","503609"
"2019-08-17 17:13","Leader.java","256366","197281","453647"
"2019-06-29 00:33","Leader.java","244353","197281","441634"
"2019-06-03 19:40","Leader.java","241697","197281","438978"
"2014-05-20 23:42","Leader.java","15191","8262","23453"
"2019-07-15 14:15","Leader.java","251785","197281","449066"
"2015-03-17 18:06","Leader.java","30108","10942","41050"
"2019-07-25 21:41","Leader.java","252849","197281","450130"
"2018-05-10 06:00","Leader.java","59338","24279","83617"
"2018-07-12 01:33","Leader.java","68393","32401","100794"
"2018-02-07 01:05","Leader.java","56902","23977","80879"
"2017-11-28 00:10","Leader.java","55615","23545","79160"
"2019-06-05 00:33","Leader.java","242087","197281","439368"
"2015-04-10 22:22","Leader.java","31218","10984","42202"
"2019-08-03 08:42","Leader.java","257074","197281","454355"
"2019-06-05 23:57","Leader.java","242356","197281","439637"
"2017-01-13 19:29","Leader.java","48663","18110","66773"
"2019-01-07 14:55","Leader.java","231158","197182","428340"
"2019-04-12 19:01","Leader.java","238157","197265","435422"
"2018-12-09 03:16","Leader.java","228924","197181","426105"
"2018-08-17 14:40","Leader.java","123644","85356","209000"
"2019-11-29 14:49","Leader.java","264272","198630","462902"
"2018-11-27 10:02","Leader.java","226600","197181","423781"
"2015-02-06 06:17","Leader.java","28665","10721","39386"
"2017-02-15 23:04","Leader.java","48244","20647","68891"
"2014-07-18 02:19","Leader.java","22778","9585","32363"
"2018-08-29 06:26","Leader.java","145171","106675","251846"
"2018-08-03 18:52","Leader.java","80295","42805","123100"
"2017-09-11 18:55","Leader.java","51338","23125","74463"
"2018-09-18 01:00","Leader.java","152984","111918","264902"
"2016-12-20 14:47","Leader.java","47798","18087","65885"
"2014-07-20 04:50","Leader.java","23557","9843","33400"
"2014-06-10 00:19","Leader.java","16145","8282","24427"
"2016-06-23 23:25","Leader.java","40909","16262","57171"
"2016-06-23 23:45","Leader.java","41048","16293","57341"
"2020-03-25 03:38","Leader.java","270500","198630","469130"
"2014-03-23 04:12","Leader.java","4556","744","5300"
"2019-12-27 22:33","Leader.java","266393","198630","465023"
"2016-08-13 15:01","Leader.java","42217","16767","58984"
"2019-10-10 14:37","Leader.java","260119","197281","457400"
"2013-11-07 06:41","Leader.java","563","132","695"
"2018-10-16 16:22","QuorumPeerConfig.java","241770","90513","332283"
"2012-04-23 01:20","QuorumPeerConfig.java","97889","21510","119399"
"2009-05-22 21:02","QuorumPeerConfig.java","16973","826","17799"
"2018-12-09 03:16","QuorumPeerConfig.java","230173","113802","343975"
"2019-04-12 19:01","QuorumPeerConfig.java","239365","113845","353210"
"2018-09-11 15:23","QuorumPeerConfig.java","200059","66473","266532"
"2013-03-07 07:01","QuorumPeerConfig.java","110655","22438","133093"
"2018-12-15 07:34","QuorumPeerConfig.java","230088","113802","343890"
"2019-02-13 13:12","QuorumPeerConfig.java","236470","113811","350281"
"2009-06-05 06:44","QuorumPeerConfig.java","19074","1197","20271"
"2019-08-17 17:13","QuorumPeerConfig.java","257558","113845","371403"
"2015-03-17 18:06","QuorumPeerConfig.java","137562","24621","162183"
"2014-01-21 04:50","QuorumPeerConfig.java","118060","22693","140753"
"2009-11-18 20:06","QuorumPeerConfig.java","48346","7631","55977"
"2012-12-16 07:43","QuorumPeerConfig.java","103731","21908","125639"
"2017-11-28 00:10","QuorumPeerConfig.java","153827","27982","181809"
"2019-06-05 00:29","QuorumPeerConfig.java","243225","113845","357070"
"2014-09-17 07:34","QuorumPeerConfig.java","133997","24509","158506"
"2020-01-09 11:27","QuorumPeerConfig.java","266242","114426","380668"
"2019-07-12 17:01","QuorumPeerConfig.java","252871","113845","366716"
"2016-11-13 20:59","QuorumPeerConfig.java","149195","26616","175811"
"2019-05-15 11:56","QuorumPeerConfig.java","242312","113845","356157"
"2014-08-19 22:50","QuorumPeerConfig.java","132911","24509","157420"
"2018-10-01 06:11","QuorumPeerConfig.java","204028","66608","270636"
"2017-07-28 00:36","QuorumPeerConfig.java","149267","27842","177109"
"2013-09-30 22:20","QuorumPeerConfig.java","113188","22586","135774"
"2017-07-06 18:48","QuorumPeerConfig.java","150131","27824","177955"
"2013-09-26 00:13","QuorumPeerConfig.java","112940","22582","135522"
"2010-03-09 05:44","QuorumPeerConfig.java","66099","12413","78512"
"2020-01-23 13:43","QuorumPeerConfig.java","268066","114426","382492"
"2011-04-06 18:17","QuorumPeerConfig.java","82617","17595","100212"
"2010-03-12 19:26","QuorumPeerConfig.java","66923","12507","79430"
"2014-05-17 13:23","QuorumPeerConfig.java","124346","24084","148430"
"2014-07-04 04:19","QuorumPeerConfig.java","127031","24220","151251"
"2011-09-17 02:42","QuorumPeerConfig.java","92368","19131","111499"
"2016-06-23 19:42","QuorumPeerConfig.java","144422","26275","170697"
"2015-09-06 20:02","QuorumPeerConfig.java","141170","24717","165887"
"2015-09-29 03:56","QuorumPeerConfig.java","141380","24746","166126"
"2019-10-10 14:37","QuorumPeerConfig.java","261311","113845","375156"
"2009-08-11 00:24","QuorumPeerConfig.java","34225","4936","39161"
"2018-07-27 12:32","QuorumPeerConfig.java","170266","39507","209773"
"2019-04-18 19:17","QuorumPeerConfig.java","240075","113845","353920"
"2016-11-03 16:07","QuorumPeerConfig.java","147515","26605","174120"
"2011-04-12 09:14","QuorumPeerConfig.java","83159","17973","101132"
"2014-03-25 22:13","QuorumPeerConfig.java","120644","22821","143465"
"2011-09-02 22:50","QuorumPeerConfig.java","91323","16476","107799"
"2013-10-09 22:21","QuorumPeerConfig.java","116058","22646","138704"
"2014-08-01 07:38","QuorumPeerConfig.java","132349","24482","156831"
"2014-08-14 08:08","QuorumPeerConfig.java","132770","24482","157252"
"2020-02-16 10:25","QuorumPeerConfig.java","268779","114426","383205"
"2020-05-14 18:18","QuorumPeerConfig.java","272005","114427","386432"
"2017-05-11 16:59","QuorumPeerConfig.java","149228","27788","177016"
"2019-11-28 12:24","DataTree.java","36651","33201","69852"
"2019-10-10 14:37","DataTree.java","29984","27687","57671"
"2019-12-27 22:33","DataTree.java","40936","33714","74650"
"2019-11-11 13:59","DataTree.java","33847","27893","61740"
"2019-11-08 17:30","DataTree.java","32019","27861","59880"
"2019-09-10 09:53","DataTree.java","25902","26309","52211"
"2019-09-11 10:27","DataTree.java","26443","26543","52986"
"2019-08-17 17:13","DataTree.java","23431","24887","48318"
"2019-09-10 15:21","DataTree.java","26090","26503","52593"
"2020-02-26 22:41","NettyServerCnxnFactory.java","60727","37406","98133"
"2019-10-10 14:37","NettyServerCnxnFactory.java","46387","29967","76354"
"2019-09-10 18:50","NettyServerCnxnFactory.java","42678","28894","71572"
"2019-11-14 03:54","NettyServerCnxnFactory.java","50919","30243","81162"
"2019-08-17 17:13","NettyServerCnxnFactory.java","40216","27549","67765"
"2019-11-23 17:08","NettyServerCnxnFactory.java","52765","35397","88162"
"2019-07-03 00:44","NettyServerCnxnFactory.java","1979","1299","3278"
"2019-07-23 15:55","NettyServerCnxnFactory.java","11379","2704","14083"
"2019-08-03 08:42","NettyServerCnxnFactory.java","17969","4594","22563"
"2020-03-19 17:09","Learner.java","268092","234614","502706"
"2020-02-03 04:30","Learner.java","266587","234614","501201"
"2020-01-23 13:43","Learner.java","266030","234614","500644"
"2020-03-25 03:38","Learner.java","268888","234614","503502"
"2019-11-28 12:24","Learner.java","261007","234612","495619"
"2019-12-27 22:33","Learner.java","264780","234613","499393"
"2020-01-25 18:48","Learner.java","266220","234614","500834"
"2020-05-03 19:43","Learner.java","269885","234675","504560"
"2019-10-10 14:37","Learner.java","257917","232675","490592"
"2019-06-03 19:40","Learner.java","239493","232673","472166"
"2019-07-15 14:15","Learner.java","249582","232674","482256"
"2019-08-23 19:43","Learner.java","254829","232674","487503"
"2019-08-17 17:13","Learner.java","254163","232674","486837"
"2019-04-09 15:35","Learner.java","234903","232557","467460"
"2019-07-12 17:01","Learner.java","249476","232674","482150"
"2019-07-02 07:34","Learner.java","242105","232673","474778"
"2018-10-16 16:22","Learner.java","219525","199639","419164"
"2018-12-09 03:16","Learner.java","226665","232518","459183"
"2019-11-29 14:49","Learner.java","262658","234612","497270"
"2018-11-27 10:02","Learner.java","224341","232518","456859"
"2014-06-25 15:04","FastLeaderElection.java","58078","20008","78086"
"2018-12-06 10:56","FastLeaderElection.java","227368","180263","407631"
"2014-07-08 05:25","FastLeaderElection.java","60122","20416","80538"
"2014-07-18 20:48","FastLeaderElection.java","64524","20692","85216"
"2014-03-23 04:12","FastLeaderElection.java","47938","13946","61884"
"2019-10-10 14:37","FastLeaderElection.java","260659","180329","440988"
"2013-10-21 23:36","FastLeaderElection.java","43743","13563","57306"
"2019-09-30 23:22","FastLeaderElection.java","260286","180329","440615"
"2014-07-20 04:50","FastLeaderElection.java","64615","20721","85336"
"2020-04-07 09:07","FastLeaderElection.java","271378","181427","452805"
"2012-03-20 01:33","FastLeaderElection.java","22231","10322","32553"
"2019-01-18 03:42","FastLeaderElection.java","232866","180264","413130"
"2012-02-06 09:40","FastLeaderElection.java","18342","7884","26226"
"2017-09-11 18:55","FastLeaderElection.java","86426","28033","114459"
"2013-03-07 07:01","FastLeaderElection.java","37540","12918","50458"
"2018-08-29 06:26","FastLeaderElection.java","171114","102438","273552"
"2015-02-06 06:17","FastLeaderElection.java","69128","21004","90132"
"2018-04-30 06:34","FastLeaderElection.java","92946","28571","121517"
"2019-08-17 17:13","FastLeaderElection.java","256906","180329","437235"
"2019-08-02 20:08","FastLeaderElection.java","257687","180329","438016"
"2012-08-03 00:17","FastLeaderElection.java","25208","10811","36019"
"2017-01-13 19:29","FastLeaderElection.java","86048","25315","111363"
"2019-08-03 08:42","FastLeaderElection.java","257614","180329","437943"
"2019-06-03 19:40","JettyAdminServer.java","241297","218763","460060"
"2019-08-17 17:13","JettyAdminServer.java","255967","218764","474731"
"2019-07-29 17:09","JettyAdminServer.java","252981","218764","471745"
"2016-08-25 02:23","JettyAdminServer.java","8506","5118","13624"
"2020-05-05 09:18","JettyAdminServer.java","271275","220310","491585"
"2015-11-22 00:33","JettyAdminServer.java","2143","499","2642"
"2019-10-10 14:37","JettyAdminServer.java","259720","218764","478484"
"2010-08-17 09:24","ZNodeResource.java","73013","16154","89167"
"2010-04-22 07:42","ZNodeResource.java","55038","15595","70633"
"2020-05-05 21:20","ObserverMasterTest.java","26137","15233","41370"
"2019-10-10 14:37","ObserverMasterTest.java","3934","3093","7027"
"2019-12-28 16:17","ObserverMasterTest.java","15306","9633","24939"
"2019-11-28 12:24","DataTree.java","261802","226615","488417"
"2019-10-10 14:37","DataTree.java","259045","225011","484056"
"2019-12-27 22:33","DataTree.java","265575","226616","492191"
"2019-11-11 13:59","DataTree.java","262750","225059","487809"
"2018-07-10 13:29","DataTree.java","26529","19519","46048"
"2018-09-28 23:38","DataTree.java","123132","108296","231428"
"2019-11-08 17:30","DataTree.java","260954","225059","486013"
"2019-01-30 16:28","DataTree.java","232285","224893","457178"
"2019-01-30 17:02","DataTree.java","232829","224893","457722"
"2016-11-24 17:18","DataTree.java","1193","625","1818"
"2017-09-11 18:55","DataTree.java","7169","7760","14929"
"2017-02-05 07:22","DataTree.java","3084","1077","4161"
"2019-02-07 11:26","DataTree.java","233507","224894","458401"
"2018-09-04 11:54","DataTree.java","117204","107452","224656"
"2018-09-05 22:35","DataTree.java","117479","107471","224950"
"2018-12-20 15:17","DataTree.java","228773","224892","453665"
"2019-09-10 09:53","DataTree.java","256341","225011","481352"
"2019-04-12 19:01","DataTree.java","237080","224992","462072"
"2019-07-31 19:06","DataTree.java","254599","225011","479610"
"2019-09-11 10:27","DataTree.java","256648","225011","481659"
"2019-08-01 07:31","DataTree.java","255963","225011","480974"
"2019-08-17 17:13","DataTree.java","255292","225011","480303"
"2019-09-10 15:21","DataTree.java","256335","225011","481346"
"2017-06-18 19:23","DataTree.java","4926","5831","10757"
"2019-04-12 12:29","DataTree.java","236649","224992","461641"
"2019-08-03 08:42","DataTree.java","256000","225011","481011"
"2019-08-09 16:15","DataTree.java","256748","225011","481759"
"2019-04-29 16:49","DataTree.java","239110","224992","464102"
"2019-08-17 17:13","CRCTest.java","256292","198547","454839"
"2016-08-24 01:36","CRCTest.java","40970","17092","58062"
"2019-10-10 14:37","CRCTest.java","260045","198547","458592"
"2018-01-19 00:43","FileTxnLog.java","5837","1290","7127"
"2019-12-27 22:33","FileTxnLog.java","265554","225470","491024"
"2019-10-10 14:37","FileTxnLog.java","258987","223828","482815"
"2018-11-12 22:36","FileTxnLog.java","223205","223707","446912"
"2018-08-01 21:19","FileTxnLog.java","32434","22932","55366"
"2018-04-27 20:28","FileTxnLog.java","8073","1676","9749"
"2018-06-08 16:52","FileTxnLog.java","9834","1990","11824"
"2020-01-28 17:26","FileTxnLog.java","267275","225471","492746"
"2019-05-14 17:11","FileTxnLog.java","239882","223809","463691"
"2019-01-07 14:24","FileTxnLog.java","229945","223709","453654"
"2019-04-12 19:01","FileTxnLog.java","237022","223809","460831"
"2018-09-06 01:11","FileTxnLog.java","112689","101556","214245"
"2018-09-18 01:00","FileTxnLog.java","115091","101704","216795"
"2019-08-17 17:13","FileTxnLog.java","255234","223828","479062"
"2019-06-03 19:40","FileTxnLog.java","240564","223827","464391"
"2018-04-24 00:20","FileTxnLog.java","7817","1507","9324"
"2018-02-14 21:23","FileTxnLog.java","6855","1429","8284"
"2019-08-03 08:42","FileTxnLog.java","255942","223828","479770"
"2019-04-09 15:35","FileTxnLog.java","235997","223734","459731"
"2018-02-02 00:26","FileTxnLog.java","5854","1300","7154"
"2012-04-23 01:20","HierarchicalQuorumTest.java","48867","23519","72386"
"2014-06-04 22:07","HierarchicalQuorumTest.java","82214","32077","114291"
"2019-08-17 17:13","HierarchicalQuorumTest.java","256990","167723","424713"
"2019-07-12 17:01","HierarchicalQuorumTest.java","252303","167723","420026"
"2019-10-10 14:37","HierarchicalQuorumTest.java","260743","167723","428466"
"2018-06-26 11:18","HierarchicalQuorumTest.java","117433","38923","156356"
"2011-04-12 09:14","HierarchicalQuorumTest.java","25467","14727","40194"
"2017-05-11 16:59","HierarchicalQuorumTest.java","108731","38322","147053"
"2020-05-05 21:20","ObserverMasterTest.java","12653","7422","20075"
"2019-08-17 17:13","ChrootTest.java","257033","160996","418029"
"2011-09-17 02:13","ChrootTest.java","50841","22049","72890"
"2010-03-31 06:26","ChrootTest.java","10133","3135","13268"
"2011-04-12 09:14","ChrootTest.java","37193","19683","56876"
"2019-10-10 14:37","LearnerHandler.java","30687","27642","58329"
"2019-08-23 19:43","LearnerHandler.java","24859","24901","49760"
"2019-08-17 17:13","LearnerHandler.java","24190","24898","49088"
"2019-08-17 17:13","ClientX509Util.java","111485","109882","221367"
"2014-11-29 16:53","RestCfg.java","78290","34672","112962"
"2019-08-17 17:13","X509TestContext.java","29979","25828","55807"
"2019-11-29 14:49","Leader.java","8927","6123","15050"
"2020-03-25 03:38","Leader.java","19231","10199","29430"
"2019-12-27 22:33","Leader.java","11303","6378","17681"
"2009-06-25 00:59","ClientBase.java","67042","10453","77495"
"2008-11-19 11:20","ClientBase.java","7049","1937","8986"
"2012-08-28 21:51","ClientBase.java","123064","18166","141230"
"2017-06-08 17:51","ClientBase.java","170437","22234","192671"
"2012-07-17 23:19","ClientBase.java","121980","18156","140136"
"2017-04-18 01:37","ClientBase.java","170834","21999","192833"
"2010-03-16 22:23","ClientBase.java","97143","13180","110323"
"2018-09-07 02:49","ClientBase.java","212748","53475","266223"
"2019-07-31 19:06","ClientBase.java","257013","84482","341495"
"2012-02-06 09:47","ClientBase.java","118576","17873","136449"
"2015-02-06 06:17","ClientBase.java","159239","20847","180086"
"2017-09-11 18:55","ClientBase.java","171000","22339","193339"
"2009-07-17 00:09","ClientBase.java","68476","10668","79144"
"2009-06-30 03:32","ClientBase.java","67890","10518","78408"
"2019-08-17 17:13","ClientBase.java","257706","84482","342188"
"2009-06-18 18:37","ClientBase.java","59809","10092","69901"
"2015-03-28 20:08","ClientBase.java","161467","20864","182331"
"2019-06-07 14:13","ClientBase.java","243810","84482","328292"
"2018-04-24 00:20","ClientBase.java","176866","22429","199295"
"2018-08-08 06:21","ClientBase.java","195492","37084","232576"
"2018-05-09 23:57","ClientBase.java","177679","22457","200136"
"2009-06-09 07:04","ClientBase.java","57212","9740","66952"
"2019-06-24 11:05","ClientBase.java","245039","84482","329521"
"2012-12-11 08:42","ClientBase.java","126563","18332","144895"
"2017-01-13 19:29","ClientBase.java","172676","21675","194351"
"2010-01-25 04:28","ClientBase.java","87119","13000","100119"
"2010-03-09 05:44","ClientBase.java","96286","13089","109375"
"2016-06-23 23:25","ClientBase.java","166339","21244","187583"
"2014-01-03 01:40","ClientBase.java","141102","19174","160276"
"2014-01-25 01:17","ClientBase.java","142912","19178","162090"
"2009-11-20 23:28","ClientBase.java","82931","12426","95357"
"2009-11-25 20:06","ClientBase.java","82968","12430","95398"
"2009-11-12 20:53","ClientBase.java","75463","12268","87731"
"2009-08-25 07:45","ClientBase.java","70490","10773","81263"
"2009-09-16 02:09","ClientBase.java","71361","11138","82499"
"2019-11-14 16:44","ClientBase.java","265733","84482","350215"
"2019-10-10 14:37","ClientBase.java","261459","84482","345941"
"2012-03-15 17:47","ClientBase.java","119948","18002","137950"
"2010-09-15 07:51","ClientBase.java","146122","14300","160422"
"2012-01-14 00:28","ClientBase.java","118037","17850","135887"
"2011-04-12 09:14","ClientBase.java","109834","15137","124971"
"2011-11-05 07:29","ClientBase.java","116460","17693","134153"
"2016-08-24 01:36","ClientBase.java","167124","21458","188582"
"2011-09-17 02:13","ClientBase.java","115880","16095","131975"
"2010-07-05 20:20","ClientBase.java","108892","13860","122752"
"2010-03-31 06:26","ClientBase.java","97962","13777","111739"
"2010-08-18 08:24","ClientBase.java","117951","14299","132250"
"2009-05-14 22:15","ClientBase.java","54740","9438","64178"
"2015-03-08 23:07","ClientBase.java","159424","20858","180282"
"2008-12-13 01:27","ZooKeeper.java","25242","6223","31465"
"2009-06-25 00:59","ZooKeeper.java","81669","12240","93909"
"2019-02-06 09:46","ZooKeeper.java","235385","71618","307003"
"2019-01-16 14:21","ZooKeeper.java","233662","71618","305280"
"2017-04-18 02:02","ZooKeeper.java","179997","21171","201168"
"2019-11-08 17:30","ZooKeeper.java","263324","71646","334970"
"2019-02-07 11:26","ZooKeeper.java","236014","71618","307632"
"2013-03-07 07:01","ZooKeeper.java","143786","18907","162693"
"2011-07-01 00:53","ZooKeeper.java","128587","16405","144992"
"2013-12-17 17:55","ZooKeeper.java","150677","18994","169671"
"2012-02-06 09:56","ZooKeeper.java","128541","17822","146363"
"2012-03-17 01:31","ZooKeeper.java","130117","17893","148010"
"2012-11-17 15:03","ZooKeeper.java","135507","18164","153671"
"2017-05-01 17:19","ZooKeeper.java","180121","21168","201289"
"2010-11-10 23:36","ZooKeeper.java","163248","15713","178961"
"2014-01-24 07:18","ZooKeeper.java","152611","18999","171610"
"2019-08-17 17:13","ZooKeeper.java","257710","71646","329356"
"2009-05-20 20:48","ZooKeeper.java","69931","11628","81559"
"2015-06-04 19:51","ZooKeeper.java","172518","20581","193099"
"2016-10-07 21:51","ZooKeeper.java","177855","20867","198722"
"2015-03-16 09:09","ZooKeeper.java","169429","20536","189965"
"2015-03-17 18:06","ZooKeeper.java","170141","20538","190679"
"2016-05-02 18:15","ZooKeeper.java","174877","20655","195532"
"2019-06-26 10:57","ZooKeeper.java","245560","71646","317206"
"2019-06-03 19:40","ZooKeeper.java","243041","71646","314687"
"2018-05-09 23:57","ZooKeeper.java","186671","21460","208131"
"2009-04-09 23:02","ZooKeeper.java","44603","11242","55845"
"2009-03-27 06:25","ZooKeeper.java","43710","11056","54766"
"2019-08-03 08:42","ZooKeeper.java","258418","71646","330064"
"2016-11-13 20:59","ZooKeeper.java","180111","20870","200981"
"2013-02-03 15:52","ZooKeeper.java","139498","18682","158180"
"2012-09-28 18:32","ZooKeeper.java","133430","18055","151485"
"2017-07-28 00:36","ZooKeeper.java","179498","21411","200909"
"2017-08-18 23:35","ZooKeeper.java","179980","21408","201388"
"2017-07-04 07:56","ZooKeeper.java","180094","21397","201491"
"2008-12-22 23:23","ZooKeeper.java","25947","6585","32532"
"2009-01-28 01:21","ZooKeeper.java","28764","10092","38856"
"2009-12-11 20:38","ZooKeeper.java","97340","13911","111251"
"2009-11-12 21:02","ZooKeeper.java","89860","13809","103669"
"2010-01-26 03:22","ZooKeeper.java","101902","14395","116297"
"2010-01-05 18:32","ZooKeeper.java","98220","14127","112347"
"2009-11-07 01:48","ZooKeeper.java","89213","13765","102978"
"2009-10-31 00:09","ZooKeeper.java","88641","13598","102239"
"2020-04-16 12:50","ZooKeeper.java","271737","72099","343836"
"2018-07-27 05:16","ZooKeeper.java","191666","24437","216103"
"2019-10-10 14:37","ZooKeeper.java","261463","71646","333109"
"2014-04-01 04:03","ZooKeeper.java","154241","19149","173390"
"2010-02-08 23:36","ZooKeeper.java","101574","14406","115980"
"2009-08-07 20:00","ZooKeeper.java","83911","12387","96298"
"2012-12-19 19:16","ZooKeeper.java","138980","18657","157637"
"2019-02-11 12:34","ZooKeeper.java","236377","71618","307995"
"2014-07-08 20:18","ZooKeeper.java","160429","20450","180879"
"2010-11-30 21:16","ZooKeeper.java","163727","15825","179552"
"2020-05-17 15:13","ZooKeeper.java","272109","72100","344209"
"2017-01-09 22:49","ZooKeeper.java","181850","21041","202891"
"2011-05-20 01:17","ZooKeeper.java","124502","16146","140648"
"2019-03-12 19:08","ZooKeeper.java","237811","71624","309435"
"2011-09-06 00:58","ZooKeeper.java","126780","15065","141845"
"2009-01-31 00:01","ZooKeeper.java","37608","10126","47734"
"2014-07-22 06:51","ZooKeeper.java","164612","20435","185047"
"2008-10-22 01:49","ZooKeeper.java","17811","4971","22782"
"2008-12-02 01:13","ZooKeeper.java","24125","5937","30062"
"2014-04-29 02:23","ZooKeeper.java","157212","20335","177547"
"2019-06-07 14:13","SessionTest.java","242069","218913","460982"
"2019-08-17 17:13","SessionTest.java","255966","218914","474880"
"2017-09-11 18:55","SessionTest.java","18975","12795","31770"
"2018-09-22 06:48","SessionTest.java","129846","110744","240590"
"2019-10-10 14:37","SessionTest.java","259719","218914","478633"
"2019-12-28 16:17","SessionTest.java","266097","220460","486557"
"2009-07-17 00:09","RecoveryTest.java","68476","10668","79144"
"2019-08-17 17:13","RecoveryTest.java","257706","84482","342188"
"2009-06-18 18:37","RecoveryTest.java","59809","10092","69901"
"2009-04-17 00:59","RecoveryTest.java","29899","8990","38889"
"2009-02-20 01:23","RecoveryTest.java","27678","8432","36110"
"2013-12-21 22:05","RecoveryTest.java","140957","19169","160126"
"2019-10-10 14:37","RecoveryTest.java","261459","84482","345941"
"2011-04-12 09:14","RecoveryTest.java","109834","15137","124971"
"2010-03-31 06:26","RecoveryTest.java","97962","13777","111739"
"2010-08-18 08:24","RecoveryTest.java","117951","14299","132250"
"2019-02-06 09:46","ZooKeeper.java","233742","210694","444436"
"2019-01-16 14:21","ZooKeeper.java","232018","210693","442711"
"2017-04-18 02:02","ZooKeeper.java","27343","12694","40037"
"2019-11-08 17:30","ZooKeeper.java","261790","210831","472621"
"2019-02-07 11:26","ZooKeeper.java","234371","210694","445065"
"2017-05-01 17:19","ZooKeeper.java","27486","12710","40196"
"2019-08-17 17:13","ZooKeeper.java","256147","210802","466949"
"2015-06-04 19:51","ZooKeeper.java","10138","2378","12516"
"2016-10-07 21:51","ZooKeeper.java","21390","8579","29969"
"2015-03-16 09:09","ZooKeeper.java","5998","1282","7280"
"2015-03-17 18:06","ZooKeeper.java","6820","1394","8214"
"2016-05-02 18:15","ZooKeeper.java","17251","7206","24457"
"2019-06-26 10:57","ZooKeeper.java","243997","210802","454799"
"2019-06-03 19:40","ZooKeeper.java","241478","210802","452280"
"2018-05-09 23:57","ZooKeeper.java","37894","16860","54754"
"2019-08-03 08:42","ZooKeeper.java","256855","210802","467657"
"2016-11-13 20:59","ZooKeeper.java","23840","8776","32616"
"2017-07-28 00:36","ZooKeeper.java","29385","15475","44860"
"2017-08-18 23:35","ZooKeeper.java","29968","15573","45541"
"2017-07-04 07:56","ZooKeeper.java","28462","13942","42404"
"2020-04-16 12:50","ZooKeeper.java","271166","212247","483413"
"2018-07-27 05:16","ZooKeeper.java","58883","35831","94714"
"2019-10-10 14:37","ZooKeeper.java","259900","210802","470702"
"2019-02-11 12:34","ZooKeeper.java","234734","210694","445428"
"2020-05-17 15:13","ZooKeeper.java","271548","212258","483806"
"2017-01-09 22:49","ZooKeeper.java","26246","9614","35860"
"2019-03-12 19:08","ZooKeeper.java","236180","210712","446892"
"2019-08-17 17:13","Shell.java","254163","232674","486837"
"2017-11-15 22:33","CommitProcessor.java","120228","36341","156569"
"2019-08-17 17:13","CommitProcessor.java","257179","154525","411704"
"2012-12-08 00:38","CommitProcessor.java","71229","28222","99451"
"2019-07-30 02:31","CommitProcessor.java","255100","154525","409625"
"2016-05-15 23:31","CommitProcessor.java","113340","33973","147313"
"2019-08-03 08:42","CommitProcessor.java","257887","154525","412412"
"2019-04-09 15:35","CommitProcessor.java","237997","154486","392483"
"2019-04-25 02:11","CommitProcessor.java","240899","154525","395424"
"2019-01-07 14:24","CommitProcessor.java","231957","154473","386430"
"2011-04-12 09:14","CommitProcessor.java","45770","21643","67413"
"2011-10-28 18:37","CommitProcessor.java","58555","25387","83942"
"2015-03-08 23:07","CommitProcessor.java","105302","31986","137288"
"2010-08-18 08:24","CommitProcessor.java","49526","16444","65970"
"2014-07-15 23:54","CommitProcessor.java","97094","31655","128749"
"2014-03-23 04:12","CommitProcessor.java","88886","29876","118762"
"2020-03-25 03:38","CommitProcessor.java","270911","155472","426383"
"2019-10-10 14:37","CommitProcessor.java","260932","154525","415457"
"2019-11-11 13:55","CommitProcessor.java","262887","154525","417412"
"2019-12-27 22:33","CommitProcessor.java","266804","155472","422276"
"2019-10-10 14:37","AsyncHammerTest.java","259003","224681","483684"
"2019-08-17 17:13","AsyncHammerTest.java","255250","224681","479931"
"2019-08-17 17:13","FourLetterWordMain.java","255967","218807","474774"
"2019-01-31 15:50","FourLetterWordMain.java","233523","218696","452219"
"2017-07-28 00:36","FourLetterWordMain.java","18432","12707","31139"
"2015-11-21 22:18","FourLetterWordMain.java","2084","488","2572"
"2018-12-15 07:34","FourLetterWordMain.java","228427","218694","447121"
"2019-08-17 17:13","CreateCommand.java","254922","230611","485533"
"2019-08-17 17:13","VerifyingFileFactoryTest.java","255966","218914","474880"
"2019-08-17 17:13","AvgMinMaxPercentileCounterSetTest.java","52485","30178","82663"
"2019-01-22 06:43","WriteLock.java","232933","178340","411273"
"2019-08-03 08:42","WriteLock.java","257640","178405","436045"
"2019-10-10 14:37","WriteLock.java","260685","178405","439090"
"2019-08-27 09:23","WriteLock.java","257525","178405","435930"
"2019-08-05 15:29","ExportJvmInfoTest.java","19464","6627","26091"
"2016-12-22 23:23","WatchCommand.java","14721","6524","21245"
"2019-08-17 17:13","WatchCommand.java","255967","218737","474704"
"2019-08-17 17:13","IPAuthenticationProvider.java","256155","202858","459013"
"2019-10-10 14:37","ZooKeeperSaslClient.java","260122","194022","454144"
"2016-03-02 07:46","ZooKeeperSaslClient.java","40766","13467","54233"
"2016-03-05 01:03","ZooKeeperSaslClient.java","40818","14626","55444"
"2015-12-05 22:32","ZooKeeperSaslClient.java","40079","13278","53357"
"2020-02-04 10:39","ZooKeeperSaslClient.java","268199","195368","463567"
"2019-01-31 15:50","ZooKeeperSaslClient.java","233938","193924","427862"
"2019-08-03 08:42","ZooKeeperSaslClient.java","257077","194022","451099"
"2014-12-20 15:29","ZooKeeperSaslClient.java","31997","10997","42994"
"2017-11-28 00:10","ZooKeeperSaslClient.java","59098","23766","82864"
"2013-10-11 21:18","ZooKeeperSaslClient.java","3608","495","4103"
"2016-05-02 18:15","ZooKeeperSaslClient.java","43511","16464","59975"
"2019-08-17 17:13","ZooKeeperSaslClient.java","256369","194022","450391"
"2017-09-11 18:55","LocalSessionsOnlyTest.java","51672","23096","74768"
"2019-08-17 17:13","LocalSessionsOnlyTest.java","256367","196919","453286"
"2019-10-10 14:37","LocalSessionsOnlyTest.java","260120","196919","457039"
"2018-11-22 17:56","NioNettySuiteBase.java","225616","187347","412963"
"2019-08-17 17:13","NioNettySuiteBase.java","256985","187413","444398"
"2015-05-14 18:40","NioNettySuiteBase.java","78188","34349","112537"
"2019-01-07 14:24","EphemeralType.java","229613","230749","460362"
"2019-08-17 17:13","EphemeralType.java","254922","230888","485810"
"2019-06-03 19:40","EphemeralType.java","240252","230887","471139"
"2019-08-17 17:13","ReadOnlyModeTest.java","256905","180473","437378"
"2015-02-06 06:17","ReadOnlyModeTest.java","68841","20855","89696"
"2017-04-18 01:37","ReadOnlyModeTest.java","85263","26834","112097"
"2017-06-08 17:51","ReadOnlyModeTest.java","85480","27683","113163"
"2013-10-09 22:21","ReadOnlyModeTest.java","43079","13400","56479"
"2011-11-01 08:15","ReadOnlyModeTest.java","14733","6728","21461"
"2013-09-18 01:14","ReadOnlyModeTest.java","39426","13034","52460"
"2011-07-29 10:14","ReadOnlyModeTest.java","7765","936","8701"
"2019-11-29 14:49","ReconfigMisconfigTest.java","16330","9773","26103"
"2019-10-10 14:37","PortForwarder.java","69561","38466","108027"
"2019-08-17 17:13","PortForwarder.java","63823","36481","100304"
"2019-06-03 19:40","PortForwarder.java","21803","9130","30933"
"2016-06-23 23:45","NettyServerCnxnFactory.java","13839","6822","20661"
"2020-02-26 22:41","NettyServerCnxnFactory.java","268206","216205","484411"
"2019-10-10 14:37","NettyServerCnxnFactory.java","259857","214757","474614"
"2019-09-10 18:50","NettyServerCnxnFactory.java","257221","214757","471978"
"2019-11-14 03:54","NettyServerCnxnFactory.java","264142","214786","478928"
"2019-02-12 15:25","NettyServerCnxnFactory.java","234821","214649","449470"
"2018-10-16 16:22","NettyServerCnxnFactory.java","233562","193818","427380"
"2019-02-15 15:36","NettyServerCnxnFactory.java","235253","214666","449919"
"2019-04-12 19:01","NettyServerCnxnFactory.java","237895","214741","452636"
"2018-11-22 17:56","NettyServerCnxnFactory.java","224690","214646","439336"
"2018-09-22 06:48","NettyServerCnxnFactory.java","135984","112587","248571"
"2018-12-15 07:34","NettyServerCnxnFactory.java","228566","214646","443212"
"2019-02-13 13:12","NettyServerCnxnFactory.java","234961","214668","449629"
"2019-08-17 17:13","NettyServerCnxnFactory.java","256104","214757","470861"
"2015-03-17 18:06","NettyServerCnxnFactory.java","1809","381","2190"
"2015-03-28 20:08","NettyServerCnxnFactory.java","2833","416","3249"
"2019-11-23 17:08","NettyServerCnxnFactory.java","262251","216203","478454"
"2019-07-03 00:44","NettyServerCnxnFactory.java","244117","214757","458874"
"2019-06-05 00:29","NettyServerCnxnFactory.java","241771","214757","456528"
"2019-07-23 15:55","NettyServerCnxnFactory.java","252112","214757","466869"
"2019-06-24 11:05","NettyServerCnxnFactory.java","243437","214757","458194"
"2019-08-03 08:42","NettyServerCnxnFactory.java","256812","214757","471569"
"2020-05-14 18:18","QuorumPeerConfig.java","9146","5921","15067"
"2014-05-09 23:37","LearnerTest.java","40604","14010","54614"
"2020-02-16 10:25","LearnerTest.java","268598","178752","447350"
"2020-01-28 17:26","LearnerTest.java","268356","178752","447108"
"2015-03-15 08:54","LearnerTest.java","53799","15448","69247"
"2015-12-06 21:30","LearnerTest.java","60918","17213","78131"
"2019-08-17 17:13","LearnerTest.java","256650","177444","434094"
"2019-07-12 17:01","LearnerTest.java","251963","177444","429407"
"2019-02-13 13:12","LearnerTest.java","235538","177386","412924"
"2019-11-29 14:49","LearnerTest.java","264515","178752","443267"
"2019-08-17 17:13","ZooKeeperTest.java","43295","29432","72727"
"2019-08-17 17:13","WatcherCleanerTest.java","50361","30069","80430"
"2019-04-12 19:01","WatcherCleanerTest.java","2851","752","3603"
"2020-04-30 18:53","RequestThrottler.java","23302","12636","35938"
"2020-03-25 03:38","RequestThrottler.java","21686","11920","33606"
"2019-11-28 12:24","RequestThrottler.java","10936","9049","19985"
"2020-03-26 22:20","InstanceContainer.java","271185","101191","372376"
"2011-10-25 08:09","InstanceContainer.java","105170","20906","126076"
"2011-04-12 09:14","InstanceContainer.java","96641","18214","114855"
"2009-02-02 23:26","InstanceContainer.java","2137","1380","3517"
"2019-08-17 17:13","InstanceContainer.java","257689","100735","358424"
"2017-09-11 18:55","InstanceContainer.java","162057","27354","189411"
"2018-08-06 14:11","InstanceContainer.java","178156","34070","212226"
"2010-01-26 01:17","SessionTrackerImpl.java","77284","8395","85679"
"2009-11-07 01:48","SessionTrackerImpl.java","64375","7406","71781"
"2019-10-10 14:37","SessionTrackerImpl.java","261459","90121","351580"
"2019-09-20 10:02","SessionTrackerImpl.java","260626","90121","350747"
"2011-04-12 09:14","SessionTrackerImpl.java","99928","10870","110798"
"2011-11-14 20:18","SessionTrackerImpl.java","109161","13678","122839"
"2010-08-18 08:24","SessionTrackerImpl.java","107970","9957","117927"
"2013-10-09 22:21","SessionTrackerImpl.java","131663","15279","146942"
"2020-03-26 22:16","SessionTrackerImpl.java","270954","90577","361531"
"2015-03-08 23:07","SessionTrackerImpl.java","151952","17087","169039"
"2014-07-25 00:58","SessionTrackerImpl.java","147536","16949","164485"
"2014-07-23 20:17","SessionTrackerImpl.java","147530","16949","164479"
"2012-09-17 09:53","SessionTrackerImpl.java","115891","14234","130125"
"2015-02-06 06:17","SessionTrackerImpl.java","151762","17071","168833"
"2014-07-18 02:19","SessionTrackerImpl.java","146871","16931","163802"
"2018-09-18 01:00","SessionTrackerImpl.java","210693","52880","263573"
"2009-06-15 22:52","SessionTrackerImpl.java","47429","4422","51851"
"2009-05-20 20:48","SessionTrackerImpl.java","43846","4022","47868"
"2009-06-26 22:29","SessionTrackerImpl.java","56917","5276","62193"
"2019-09-05 23:12","SessionTrackerImpl.java","258625","90121","348746"
"2019-08-17 17:13","SessionTrackerImpl.java","257706","90121","347827"
"2018-08-08 06:21","SessionTrackerImpl.java","190125","35418","225543"
"2018-05-09 23:57","SessionTrackerImpl.java","171611","20090","191701"
"2019-04-22 19:15","SessionTrackerImpl.java","240489","90122","330611"
"2012-12-19 19:07","SessionTrackerImpl.java","120523","14771","135294"
"2019-10-10 14:37","RequestPathMetricsCollector.java","31301","27729","59030"
"2019-11-08 17:30","RequestPathMetricsCollector.java","33336","27903","61239"
"2019-08-17 17:13","RequestPathMetricsCollector.java","24863","25044","49907"
"2018-10-05 14:25","QuorumPeerMainTest.java","123793","117789","241582"
"2020-01-23 13:43","QuorumPeerMainTest.java","191221","160705","351926"
"2019-10-10 14:37","QuorumPeerMainTest.java","182815","158473","341288"
"2019-12-28 16:17","QuorumPeerMainTest.java","189811","160637","350448"
"2019-07-25 21:41","QuorumPeerMainTest.java","174514","157442","331956"
"2019-08-17 17:13","QuorumPeerMainTest.java","178065","157476","335541"
"2019-07-02 07:34","QuorumPeerMainTest.java","165971","157439","323410"
"2019-05-20 17:18","QuorumPeerMainTest.java","162792","157412","320204"
"2018-10-16 16:22","QuorumPeerMainTest.java","136781","117795","254576"
"2018-09-11 15:23","QuorumPeerMainTest.java","7044","5729","12773"
"2019-08-17 17:13","ReadOnlyBean.java","256910","179726","436636"
"2008-12-13 01:27","ZooKeeper.java","9294","3115","12409"
"2009-06-25 00:59","ZooKeeper.java","67042","10453","77495"
"2019-02-06 09:46","ZooKeeper.java","235382","84455","319837"
"2019-01-16 14:21","ZooKeeper.java","233659","84455","318114"
"2017-04-18 02:02","ZooKeeper.java","170839","22002","192841"
"2019-11-08 17:30","ZooKeeper.java","263320","84482","347802"
"2019-02-07 11:26","ZooKeeper.java","236011","84455","320466"
"2013-03-07 07:01","ZooKeeper.java","133916","19026","152942"
"2011-07-01 00:53","ZooKeeper.java","114966","15624","130590"
"2013-12-17 17:55","ZooKeeper.java","140862","19168","160030"
"2012-02-06 09:56","ZooKeeper.java","118603","17873","136476"
"2012-03-17 01:31","ZooKeeper.java","120237","18002","138239"
"2012-11-17 15:03","ZooKeeper.java","125639","18285","143924"
"2017-05-01 17:19","ZooKeeper.java","170969","22005","192974"
"2010-11-10 23:36","ZooKeeper.java","149290","14595","163885"
"2014-01-24 07:18","ZooKeeper.java","142802","19179","161981"
"2019-08-17 17:13","ZooKeeper.java","257706","84482","342188"
"2009-05-20 20:48","ZooKeeper.java","54945","9482","64427"
"2015-06-04 19:51","ZooKeeper.java","162868","20920","183788"
"2016-10-07 21:51","ZooKeeper.java","168482","21483","189965"
"2015-03-16 09:09","ZooKeeper.java","159768","20864","180632"
"2015-03-17 18:06","ZooKeeper.java","160476","20862","181338"
"2016-05-02 18:15","ZooKeeper.java","165471","21238","186709"
"2019-06-26 10:57","ZooKeeper.java","245556","84482","330038"
"2019-06-03 19:40","ZooKeeper.java","243037","84482","327519"
"2018-05-09 23:57","ZooKeeper.java","177679","22457","200136"
"2009-04-09 23:02","ZooKeeper.java","29292","8771","38063"
"2009-03-27 06:25","ZooKeeper.java","28353","8539","36892"
"2019-08-03 08:42","ZooKeeper.java","258414","84482","342896"
"2016-11-13 20:59","ZooKeeper.java","170744","21492","192236"
"2013-02-03 15:52","ZooKeeper.java","129619","18792","148411"
"2012-09-28 18:32","ZooKeeper.java","123562","18176","141738"
"2017-07-28 00:36","ZooKeeper.java","170372","22274","192646"
"2017-08-18 23:35","ZooKeeper.java","170888","22305","193193"
"2017-07-04 07:56","ZooKeeper.java","170967","22259","193226"
"2008-12-22 23:23","ZooKeeper.java","10002","3480","13482"
"2009-01-28 01:21","ZooKeeper.java","13103","7271","20374"
"2009-12-11 20:38","ZooKeeper.java","83049","12460","95509"
"2009-11-12 21:02","ZooKeeper.java","75479","12268","87747"
"2010-01-26 03:22","ZooKeeper.java","87721","13054","100775"
"2010-01-05 18:32","ZooKeeper.java","84018","12765","96783"
"2009-11-07 01:48","ZooKeeper.java","74813","12205","87018"
"2009-10-31 00:09","ZooKeeper.java","74233","12030","86263"
"2020-04-16 12:50","ZooKeeper.java","271736","84938","356674"
"2018-07-27 05:16","ZooKeeper.java","185512","28272","213784"
"2019-10-10 14:37","ZooKeeper.java","261459","84482","345941"
"2014-04-01 04:03","ZooKeeper.java","144451","19348","163799"
"2010-02-08 23:36","ZooKeeper.java","87393","13065","100458"
"2009-08-07 20:00","ZooKeeper.java","69399","10715","80114"
"2012-12-19 19:16","ZooKeeper.java","129088","18754","147842"
"2019-02-11 12:34","ZooKeeper.java","236374","84455","320829"
"2014-07-08 20:18","ZooKeeper.java","150677","20687","171364"
"2010-11-30 21:16","ZooKeeper.java","149788","14726","164514"
"2020-05-17 15:13","ZooKeeper.java","272108","84939","357047"
"2017-01-09 22:49","ZooKeeper.java","172486","21666","194152"
"2011-05-20 01:17","ZooKeeper.java","110676","15160","125836"
"2019-03-12 19:08","ZooKeeper.java","237808","84461","322269"
"2011-09-06 00:58","ZooKeeper.java","115294","13568","128862"
"2009-01-31 00:01","ZooKeeper.java","22143","7501","29644"
"2014-07-22 06:51","ZooKeeper.java","154937","20749","175686"
"2008-12-02 01:13","ZooKeeper.java","7511","2163","9674"
"2014-04-29 02:23","ZooKeeper.java","147421","20533","167954"
"2009-06-25 00:59","ClientBase.java","81669","12240","93909"
"2008-11-19 11:20","ClientBase.java","23810","5858","29668"
"2012-08-28 21:51","ClientBase.java","132931","18044","150975"
"2017-06-08 17:51","ClientBase.java","179581","21389","200970"
"2012-07-17 23:19","ClientBase.java","131857","18044","149901"
"2017-04-18 01:37","ClientBase.java","179992","21168","201160"
"2008-10-21 06:26","ClientBase.java","17315","4885","22200"
"2010-03-16 22:23","ClientBase.java","111304","14501","125805"
"2018-09-07 02:49","ClientBase.java","218614","49352","267966"
"2019-07-31 19:06","ClientBase.java","257017","71646","328663"
"2012-02-06 09:47","ClientBase.java","128514","17822","146336"
"2015-02-06 06:17","ClientBase.java","168902","20521","189423"
"2017-09-11 18:55","ClientBase.java","180090","21440","201530"
"2009-07-17 00:09","ClientBase.java","83000","12352","95352"
"2009-06-30 03:32","ClientBase.java","82487","12275","94762"
"2019-08-17 17:13","ClientBase.java","257710","71646","329356"
"2009-06-18 18:37","ClientBase.java","74562","12005","86567"
"2015-03-28 20:08","ClientBase.java","171132","20540","191672"
"2019-06-07 14:13","ClientBase.java","243814","71646","315460"
"2018-04-24 00:20","ClientBase.java","185856","21430","207286"
"2018-08-08 06:21","ClientBase.java","201612","33215","234827"
"2018-05-09 23:57","ClientBase.java","186671","21460","208131"
"2009-06-09 07:04","ClientBase.java","72180","11868","84048"
"2019-06-24 11:05","ClientBase.java","245043","71646","316689"
"2012-12-11 08:42","ClientBase.java","136459","18239","154698"
"2017-01-13 19:29","ClientBase.java","182034","21044","203078"
"2010-01-25 04:28","ClientBase.java","101298","14339","115637"
"2010-03-09 05:44","ClientBase.java","110466","14429","124895"
"2016-06-23 23:25","ClientBase.java","175741","20657","196398"
"2014-01-03 01:40","ClientBase.java","150917","19000","169917"
"2014-01-25 01:17","ClientBase.java","152721","18998","171719"
"2009-11-20 23:28","ClientBase.java","97222","13877","111099"
"2009-11-25 20:06","ClientBase.java","97259","13881","111140"
"2009-11-12 20:53","ClientBase.java","89844","13809","103653"
"2009-08-25 07:45","ClientBase.java","84980","12423","97403"
"2009-09-16 02:09","ClientBase.java","85825","12762","98587"
"2019-11-14 16:44","ClientBase.java","265737","71646","337383"
"2019-10-10 14:37","ClientBase.java","261463","71646","333109"
"2012-03-15 17:47","ClientBase.java","129828","17893","147721"
"2010-09-15 07:51","ClientBase.java","160089","15427","175516"
"2012-01-14 00:28","ClientBase.java","127983","17807","145790"
"2011-04-12 09:14","ClientBase.java","123653","16116","139769"
"2011-11-05 07:29","ClientBase.java","126503","17747","144250"
"2016-08-24 01:36","ClientBase.java","176478","20823","197301"
"2011-09-17 02:13","ClientBase.java","127348","17574","144922"
"2010-07-05 20:20","ClientBase.java","122928","15056","137984"
"2010-03-31 06:26","ClientBase.java","112022","14997","127019"
"2010-08-18 08:24","ClientBase.java","131919","15427","147346"
"2008-10-22 01:49","ClientBase.java","17811","4971","22782"
"2009-05-14 22:15","ClientBase.java","69727","11585","81312"
"2015-03-08 23:07","ClientBase.java","169085","20530","189615"
"2019-08-17 17:13","FileTxnLogTest.java","254922","229913","484835"
"2019-10-10 14:37","FileTxnLogTest.java","258676","229914","488590"
"2019-09-18 11:20","FileTxnLogTest.java","257835","229914","487749"
"2018-11-12 22:36","FileTxnLogTest.java","222871","229770","452641"
"2018-06-08 16:52","FileTxnLogTest.java","1793","346","2139"
"2008-12-13 01:27","ZooKeeper.java","47384","4588","51972"
"2009-06-25 00:59","ZooKeeper.java","102935","9729","112664"
"2019-02-06 09:46","ZooKeeper.java","235576","48032","283608"
"2019-01-16 14:21","ZooKeeper.java","233853","48032","281885"
"2017-04-18 02:02","ZooKeeper.java","198081","18685","216766"
"2019-11-08 17:30","ZooKeeper.java","263502","48047","311549"
"2008-09-04 19:02","ZooKeeper.java","11713","1580","13293"
"2019-02-07 11:26","ZooKeeper.java","236205","48032","284237"
"2013-03-07 07:01","ZooKeeper.java","162174","16725","178899"
"2008-08-16 00:02","ZooKeeper.java","11070","1392","12462"
"2011-07-01 00:53","ZooKeeper.java","149039","13080","162119"
"2013-12-17 17:55","ZooKeeper.java","169075","16822","185897"
"2012-02-06 09:56","ZooKeeper.java","147107","15818","162925"
"2012-03-17 01:31","ZooKeeper.java","148657","15863","164520"
"2012-11-17 15:03","ZooKeeper.java","153939","16026","169965"
"2017-05-01 17:19","ZooKeeper.java","198208","18685","216893"
"2010-11-10 23:36","ZooKeeper.java","183729","12417","196146"
"2014-01-24 07:18","ZooKeeper.java","170997","16815","187812"
"2019-08-17 17:13","ZooKeeper.java","257888","48047","305935"
"2009-05-20 20:48","ZooKeeper.java","91262","9182","100444"
"2015-06-04 19:51","ZooKeeper.java","190879","18372","209251"
"2016-10-07 21:51","ZooKeeper.java","196052","18494","214546"
"2015-03-16 09:09","ZooKeeper.java","187801","18338","206139"
"2015-03-17 18:06","ZooKeeper.java","188514","18341","206855"
"2016-05-02 18:15","ZooKeeper.java","193219","18427","211646"
"2019-06-26 10:57","ZooKeeper.java","245738","48047","293785"
"2019-06-03 19:40","ZooKeeper.java","243219","48047","291266"
"2018-05-09 23:57","ZooKeeper.java","204589","18808","223397"
"2009-04-09 23:02","ZooKeeper.java","66010","8872","74882"
"2009-03-27 06:25","ZooKeeper.java","65181","8750","73931"
"2019-08-03 08:42","ZooKeeper.java","258596","48047","306643"
"2016-11-13 20:59","ZooKeeper.java","198307","18496","216803"
"2013-02-03 15:52","ZooKeeper.java","157900","16514","174414"
"2012-09-28 18:32","ZooKeeper.java","151862","15917","167779"
"2017-07-28 00:36","ZooKeeper.java","197456","18799","216255"
"2017-08-18 23:35","ZooKeeper.java","197942","18800","216742"
"2017-07-04 07:56","ZooKeeper.java","198063","18796","216859"
"2008-12-22 23:23","ZooKeeper.java","48029","4890","52919"
"2009-01-28 01:21","ZooKeeper.java","50465","8016","58481"
"2009-12-11 20:38","ZooKeeper.java","118197","10991","129188"
"2009-11-12 21:02","ZooKeeper.java","110714","10886","121600"
"2010-01-26 03:22","ZooKeeper.java","122702","11418","134120"
"2010-01-05 18:32","ZooKeeper.java","119038","11168","130206"
"2009-11-07 01:48","ZooKeeper.java","110095","10870","120965"
"2009-10-31 00:09","ZooKeeper.java","109550","10730","120280"
"2020-04-16 12:50","ZooKeeper.java","271737","48322","320059"
"2018-07-27 05:16","ZooKeeper.java","207311","19512","226823"
"2019-10-10 14:37","ZooKeeper.java","261641","48047","309688"
"2014-04-01 04:03","ZooKeeper.java","172624","16962","189586"
"2010-02-08 23:36","ZooKeeper.java","122374","11429","133803"
"2009-08-07 20:00","ZooKeeper.java","105102","9801","114903"
"2012-12-19 19:16","ZooKeeper.java","157400","16507","173907"
"2019-02-11 12:34","ZooKeeper.java","236568","48032","284600"
"2014-07-08 20:18","ZooKeeper.java","178803","18254","197057"
"2010-11-30 21:16","ZooKeeper.java","184206","12527","196733"
"2020-05-17 15:13","ZooKeeper.java","272109","48323","320432"
"2017-01-09 22:49","ZooKeeper.java","200035","18656","218691"
"2011-05-20 01:17","ZooKeeper.java","144873","12740","157613"
"2019-03-12 19:08","ZooKeeper.java","237996","48032","286028"
"2011-09-06 00:58","ZooKeeper.java","145412","13127","158539"
"2009-01-31 00:01","ZooKeeper.java","59290","8031","67321"
"2008-09-26 20:09","ZooKeeper.java","25874","2097","27971"
"2014-07-22 06:51","ZooKeeper.java","183006","18259","201265"
"2008-10-22 01:49","ZooKeeper.java","40222","3605","43827"
"2008-12-02 01:13","ZooKeeper.java","46412","4447","50859"
"2008-08-15 19:15","ZooKeeper.java","10026","498","10524"
"2014-04-29 02:23","ZooKeeper.java","175595","18148","193743"
"2018-12-20 15:13","QuorumPeer.java","228701","223711","452412"
"2019-05-16 16:25","QuorumPeer.java","240030","223811","463841"
"2018-10-16 16:22","QuorumPeer.java","231628","201811","433439"
"2019-06-14 09:06","QuorumPeer.java","243247","223829","467076"
"2018-12-07 12:41","QuorumPeer.java","225714","223710","449424"
"2019-03-11 19:47","QuorumPeer.java","235152","223734","458886"
"2019-02-13 13:12","QuorumPeer.java","234099","223733","457832"
"2019-04-12 19:01","QuorumPeer.java","237038","223811","460849"
"2018-12-09 03:16","QuorumPeer.java","227788","223710","451498"
"2018-09-11 15:23","QuorumPeer.java","115093","102947","218040"
"2019-11-29 14:49","QuorumPeer.java","263432","225455","488887"
"2018-12-15 07:34","QuorumPeer.java","227703","223710","451413"
"2018-11-27 10:02","QuorumPeer.java","225464","223710","449174"
"2018-09-18 01:00","QuorumPeer.java","116481","103080","219561"
"2019-06-03 19:40","QuorumPeer.java","240580","223829","464409"
"2019-07-15 14:15","QuorumPeer.java","250669","223830","474499"
"2019-07-03 00:44","QuorumPeer.java","243262","223829","467091"
"2019-08-17 17:13","QuorumPeer.java","255250","223830","479080"
"2017-11-28 00:10","QuorumPeer.java","7152","2747","9899"
"2018-01-30 08:02","QuorumPeer.java","7796","3238","11034"
"2019-05-15 11:56","QuorumPeer.java","239985","223811","463796"
"2019-06-05 00:33","QuorumPeer.java","240970","223829","464799"
"2019-05-20 23:13","QuorumPeer.java","240104","223812","463916"
"2019-06-04 10:55","QuorumPeer.java","240733","223829","464562"
"2019-07-12 17:01","QuorumPeer.java","250563","223830","474393"
"2020-01-09 11:27","QuorumPeer.java","264980","225457","490437"
"2017-07-06 18:48","QuorumPeer.java","1229","362","1591"
"2018-10-01 06:11","QuorumPeer.java","119744","103764","223508"
"2018-07-04 17:11","QuorumPeer.java","22327","14208","36535"
"2019-12-17 13:48","QuorumPeer.java","264004","225455","489459"
"2020-01-23 13:43","QuorumPeer.java","266804","225457","492261"
"2018-12-06 10:56","QuorumPeer.java","225658","223710","449368"
"2019-10-10 14:37","QuorumPeer.java","259003","223830","482833"
"2017-07-27 23:09","QuorumPeer.java","1764","1883","3647"
"2018-06-26 11:18","QuorumPeer.java","12038","3937","15975"
"2018-07-27 12:32","QuorumPeer.java","34100","24781","58881"
"2019-04-18 19:17","QuorumPeer.java","237748","223811","461559"
"2020-02-16 10:25","QuorumPeer.java","267517","225457","492974"
"2018-10-05 14:25","QuorumPeerMainTest.java","206577","199567","406144"
"2020-01-23 13:43","QuorumPeerMainTest.java","266030","234508","500538"
"2019-10-10 14:37","QuorumPeerMainTest.java","257917","232569","490486"
"2019-12-28 16:17","QuorumPeerMainTest.java","264687","234507","499194"
"2019-07-25 21:41","QuorumPeerMainTest.java","250646","232568","483214"
"2019-08-17 17:13","QuorumPeerMainTest.java","254163","232568","486731"
"2019-07-02 07:34","QuorumPeerMainTest.java","242105","232567","474672"
"2019-05-20 17:18","QuorumPeerMainTest.java","238936","232550","471486"
"2018-10-16 16:22","QuorumPeerMainTest.java","219565","199573","419138"
"2018-08-29 06:26","QuorumPeerMainTest.java","83972","82966","166938"
"2018-09-11 15:23","QuorumPeerMainTest.java","91015","88694","179709"
"2019-08-17 17:13","Leader.java","256360","197706","454066"
"2019-06-29 00:33","Leader.java","244347","197706","442053"
"2019-06-03 19:40","Leader.java","241691","197706","439397"
"2014-05-20 23:42","Leader.java","14671","8173","22844"
"2019-07-15 14:15","Leader.java","251779","197706","449485"
"2015-03-17 18:06","Leader.java","29613","10878","40491"
"2019-07-25 21:41","Leader.java","252843","197706","450549"
"2018-05-10 06:00","Leader.java","59105","24477","83582"
"2018-07-12 01:33","Leader.java","68190","32629","100819"
"2018-02-07 01:05","Leader.java","56669","24175","80844"
"2017-11-28 00:10","Leader.java","55382","23743","79125"
"2019-06-05 00:33","Leader.java","242081","197706","439787"
"2015-04-10 22:22","Leader.java","30723","10920","41643"
"2019-08-03 08:42","Leader.java","257068","197706","454774"
"2019-06-05 23:57","Leader.java","242350","197706","440056"
"2017-01-13 19:29","Leader.java","48384","18262","66646"
"2019-01-07 14:55","Leader.java","231152","197607","428759"
"2019-04-12 19:01","Leader.java","238151","197690","435841"
"2018-12-09 03:16","Leader.java","228918","197606","426524"
"2018-08-17 14:40","Leader.java","123458","85601","209059"
"2019-11-29 14:49","Leader.java","264266","199055","463321"
"2018-11-27 10:02","Leader.java","226594","197606","424200"
"2015-02-06 06:17","Leader.java","28170","10657","38827"
"2017-02-15 23:04","Leader.java","47991","20825","68816"
"2014-07-18 02:19","Leader.java","22265","9503","31768"
"2018-08-29 06:26","Leader.java","144991","106926","251917"
"2018-08-03 18:52","Leader.java","80109","43050","123159"
"2017-09-11 18:55","Leader.java","51104","23322","74426"
"2018-09-18 01:00","Leader.java","152804","112169","264973"
"2016-12-20 14:47","Leader.java","47519","18239","65758"
"2014-07-20 04:50","Leader.java","23045","9762","32807"
"2014-06-10 00:19","Leader.java","15625","8193","23818"
"2016-06-23 23:25","Leader.java","40630","16414","57044"
"2016-06-23 23:45","Leader.java","40769","16445","57214"
"2020-03-25 03:38","Leader.java","270494","199055","469549"
"2014-03-23 04:12","Leader.java","3999","618","4617"
"2019-12-27 22:33","Leader.java","266387","199055","465442"
"2016-08-13 15:01","Leader.java","41938","16919","58857"
"2019-10-10 14:37","Leader.java","260113","197706","457819"
"2019-08-17 17:13","ProposalRequestProcessor.java","256659","175294","431953"
"2012-03-15 17:47","ProposalRequestProcessor.java","6102","2324","8426"
"2019-08-17 17:13","ZooKeeperThread.java","256291","201018","457309"
"2017-02-14 09:23","ZooKeeperThread.java","44469","20685","65154"
"2019-10-10 14:37","LearnerHandler.java","52843","31872","84715"
"2019-07-03 20:54","LearnerHandler.java","9669","4457","14126"
"2019-06-29 00:33","LearnerHandler.java","9475","4270","13745"
"2019-07-25 21:41","LearnerHandler.java","20052","6351","26403"
"2019-08-23 19:43","LearnerHandler.java","47643","29759","77402"
"2019-08-17 17:13","LearnerHandler.java","46975","29757","76732"
"2019-05-06 17:48","LearnerHandler.java","1866","335","2201"
"2019-08-03 08:42","LearnerHandler.java","25511","7585","33096"
"2019-08-17 17:13","SerializationPerfTest.java","257484","144483","401967"
"2011-04-12 09:14","SerializationPerfTest.java","56963","22489","79452"
"2010-03-31 06:26","SerializationPerfTest.java","38033","14071","52104"
"2011-06-23 18:01","SerializationPerfTest.java","59458","22889","82347"
"2019-10-10 14:37","SerializationPerfTest.java","261237","144483","405720"
"2019-06-07 14:13","SessionTest.java","243588","144483","388071"
"2019-08-17 17:13","SessionTest.java","257484","144483","401967"
"2017-09-11 18:55","SessionTest.java","129568","36110","165678"
"2010-11-04 17:01","SessionTest.java","91182","17671","108853"
"2018-09-22 06:48","SessionTest.java","195189","88809","283998"
"2011-10-25 08:09","SessionTest.java","68903","25884","94787"
"2010-08-17 09:24","SessionTest.java","57036","16967","74003"
"2011-04-12 09:14","SessionTest.java","56963","22489","79452"
"2010-03-31 06:26","SessionTest.java","38033","14071","52104"
"2010-08-18 08:24","SessionTest.java","60926","17497","78423"
"2010-10-21 02:44","SessionTest.java","91070","17665","108735"
"2010-08-05 09:09","SessionTest.java","54967","16674","71641"
"2013-12-21 22:05","SessionTest.java","96405","29820","126225"
"2010-03-12 19:26","SessionTest.java","36167","12463","48630"
"2019-10-10 14:37","SessionTest.java","261237","144483","405720"
"2015-07-07 07:11","SessionTest.java","119609","32331","151940"
"2019-12-28 16:17","SessionTest.java","266715","145129","411844"
"2010-01-26 03:22","SessionTest.java","19305","4861","24166"
"2019-12-27 22:33","FileTxnLog.java","265525","229995","495520"
"2019-10-10 14:37","FileTxnLog.java","258830","228225","487055"
"2018-11-12 22:36","FileTxnLog.java","223025","228081","451106"
"2018-08-01 21:19","FileTxnLog.java","26936","21988","48924"
"2018-04-27 20:28","FileTxnLog.java","2325","482","2807"
"2018-06-08 16:52","FileTxnLog.java","4092","802","4894"
"2020-01-28 17:26","FileTxnLog.java","267246","229996","497242"
"2019-05-14 17:11","FileTxnLog.java","239723","228204","467927"
"2019-01-07 14:24","FileTxnLog.java","229766","228084","457850"
"2019-04-12 19:01","FileTxnLog.java","236846","228187","465033"
"2018-09-06 01:11","FileTxnLog.java","107359","100780","208139"
"2018-09-18 01:00","FileTxnLog.java","109762","100929","210691"
"2019-08-17 17:13","FileTxnLog.java","255076","228224","483300"
"2019-06-03 19:40","FileTxnLog.java","240406","228223","468629"
"2018-04-24 00:20","FileTxnLog.java","2034","278","2312"
"2018-02-14 21:23","FileTxnLog.java","1001","129","1130"
"2019-08-03 08:42","FileTxnLog.java","255784","228224","484008"
"2019-04-09 15:35","FileTxnLog.java","235823","228114","463937"
"2008-12-13 01:27","ZooKeeper.java","2409","1578","3987"
"2009-06-25 00:59","ZooKeeper.java","60599","9358","69957"
"2019-02-06 09:46","ZooKeeper.java","235382","89803","325185"
"2019-01-16 14:21","ZooKeeper.java","233659","89803","323462"
"2017-04-18 02:02","ZooKeeper.java","167873","22682","190555"
"2019-11-08 17:30","ZooKeeper.java","263320","89830","353150"
"2019-02-07 11:26","ZooKeeper.java","236011","89803","325814"
"2013-03-07 07:01","ZooKeeper.java","129697","18453","148150"
"2011-07-01 00:53","ZooKeeper.java","108768","14774","123542"
"2013-12-17 17:55","ZooKeeper.java","136669","18621","155290"
"2012-02-06 09:56","ZooKeeper.java","114366","17282","131648"
"2012-03-17 01:31","ZooKeeper.java","116000","17411","133411"
"2012-11-17 15:03","ZooKeeper.java","121431","17723","139154"
"2017-05-01 17:19","ZooKeeper.java","168003","22685","190688"
"2010-11-10 23:36","ZooKeeper.java","143078","13731","156809"
"2014-01-24 07:18","ZooKeeper.java","138610","18633","157243"
"2019-08-17 17:13","ZooKeeper.java","257706","89830","347536"
"2009-05-20 20:48","ZooKeeper.java","48350","8235","56585"
"2015-06-04 19:51","ZooKeeper.java","158707","20405","179112"
"2016-10-07 21:51","ZooKeeper.java","165470","22117","187587"
"2015-03-16 09:09","ZooKeeper.java","155605","20347","175952"
"2015-03-17 18:06","ZooKeeper.java","156314","20346","176660"
"2016-05-02 18:15","ZooKeeper.java","162432","21845","184277"
"2019-06-26 10:57","ZooKeeper.java","245556","89830","335386"
"2019-06-03 19:40","ZooKeeper.java","243037","89830","332867"
"2018-05-09 23:57","ZooKeeper.java","174715","23139","197854"
"2009-04-09 23:02","ZooKeeper.java","22617","7444","30061"
"2009-03-27 06:25","ZooKeeper.java","21617","7151","28768"
"2019-08-03 08:42","ZooKeeper.java","258414","89830","348244"
"2016-11-13 20:59","ZooKeeper.java","167733","22127","189860"
"2013-02-03 15:52","ZooKeeper.java","125400","18219","143619"
"2012-09-28 18:32","ZooKeeper.java","119336","17596","136932"
"2017-07-28 00:36","ZooKeeper.java","167406","22954","190360"
"2017-08-18 23:35","ZooKeeper.java","167922","22985","190907"
"2017-07-04 07:56","ZooKeeper.java","167998","22936","190934"
"2008-12-22 23:23","ZooKeeper.java","3141","1967","5108"
"2009-01-28 01:21","ZooKeeper.java","6328","5844","12172"
"2009-12-11 20:38","ZooKeeper.java","76668","11427","88095"
"2009-11-12 21:02","ZooKeeper.java","69110","11247","80357"
"2010-01-26 03:22","ZooKeeper.java","81349","12030","93379"
"2010-01-05 18:32","ZooKeeper.java","77637","11732","89369"
"2009-11-07 01:48","ZooKeeper.java","68424","11164","79588"
"2009-10-31 00:09","ZooKeeper.java","67832","10977","78809"
"2020-04-16 12:50","ZooKeeper.java","271736","90286","362022"
"2018-07-27 05:16","ZooKeeper.java","182717","29123","211840"
"2019-10-10 14:37","ZooKeeper.java","261459","89830","351289"
"2014-04-01 04:03","ZooKeeper.java","140269","18812","159081"
"2010-02-08 23:36","ZooKeeper.java","81021","12041","93062"
"2009-08-07 20:00","ZooKeeper.java","62962","9626","72588"
"2012-12-19 19:16","ZooKeeper.java","124868","18180","143048"
"2019-02-11 12:34","ZooKeeper.java","236374","89803","326177"
"2014-07-08 20:18","ZooKeeper.java","146493","20149","166642"
"2010-11-30 21:16","ZooKeeper.java","143578","13864","157442"
"2020-05-17 15:13","ZooKeeper.java","272108","90287","362395"
"2017-01-09 22:49","ZooKeeper.java","169475","22301","191776"
"2011-05-20 01:17","ZooKeeper.java","104472","14304","118776"
"2019-03-12 19:08","ZooKeeper.java","237808","89809","327617"
"2011-09-06 00:58","ZooKeeper.java","111039","12959","123998"
"2009-01-31 00:01","ZooKeeper.java","15435","6141","21576"
"2014-07-22 06:51","ZooKeeper.java","150751","20209","170960"
"2014-04-29 02:23","ZooKeeper.java","143236","19994","163230"
"2019-10-10 14:37","FLEZeroWeightTest.java","36740","28300","65040"
"2019-08-17 17:13","FLEZeroWeightTest.java","30536","25849","56385"
"2019-10-10 14:37","Login.java","30687","27642","58329"
"2019-11-11 13:59","Login.java","34550","27848","62398"
"2019-08-17 17:13","Login.java","24190","24898","49088"
"2015-07-07 07:11","MultiOperationTest.java","45117","13463","58580"
"2019-09-18 11:20","MultiOperationTest.java","259319","187701","447020"
"2013-12-17 17:55","MultiOperationTest.java","13452","2585","16037"
"2015-11-21 22:18","MultiOperationTest.java","46881","13739","60620"
"2019-06-26 10:57","MultiOperationTest.java","244257","187701","431958"
"2019-08-17 17:13","MultiOperationTest.java","256407","187701","444108"
"2014-10-28 05:35","MultiOperationTest.java","37005","11379","48384"
"2019-08-17 17:13","FileTxnLogTest.java","254848","231286","486134"
"2019-10-10 14:37","FileTxnLogTest.java","258602","231287","489889"
"2019-09-18 11:20","FileTxnLogTest.java","257761","231287","489048"
"2018-11-12 22:36","FileTxnLogTest.java","222787","231133","453920"
"2015-10-18 19:00","QuorumPeer.java","19391","5078","24469"
"2018-12-20 15:13","QuorumPeer.java","229615","205574","435189"
"2019-05-16 16:25","QuorumPeer.java","240937","205667","446604"
"2018-10-16 16:22","QuorumPeer.java","234932","186064","420996"
"2019-06-14 09:06","QuorumPeer.java","244152","205683","449835"
"2018-12-07 12:41","QuorumPeer.java","226628","205573","432201"
"2019-03-11 19:47","QuorumPeer.java","236062","205593","441655"
"2014-07-18 02:19","QuorumPeer.java","5872","1293","7165"
"2019-02-13 13:12","QuorumPeer.java","235011","205594","440605"
"2019-04-12 19:01","QuorumPeer.java","237945","205667","443612"
"2018-12-09 03:16","QuorumPeer.java","228702","205573","434275"
"2018-09-11 15:23","QuorumPeer.java","142925","111728","254653"
"2019-11-29 14:49","QuorumPeer.java","264150","207122","471272"
"2018-12-15 07:34","QuorumPeer.java","228617","205573","434190"
"2018-11-27 10:02","QuorumPeer.java","226378","205573","431951"
"2018-09-18 01:00","QuorumPeer.java","144284","111832","256116"
"2019-06-03 19:40","QuorumPeer.java","241485","205683","447168"
"2019-07-15 14:15","QuorumPeer.java","251573","205683","457256"
"2015-03-17 18:06","QuorumPeer.java","13419","2867","16286"
"2019-07-03 00:44","QuorumPeer.java","244167","205683","449850"
"2019-08-17 17:13","QuorumPeer.java","256154","205683","461837"
"2015-06-27 02:03","QuorumPeer.java","17099","3858","20957"
"2017-11-28 00:10","QuorumPeer.java","40272","16816","57088"
"2018-01-30 08:02","QuorumPeer.java","40828","17219","58047"
"2019-05-15 11:56","QuorumPeer.java","240892","205667","446559"
"2019-06-05 00:33","QuorumPeer.java","241875","205683","447558"
"2019-05-20 23:13","QuorumPeer.java","241010","205667","446677"
"2019-06-04 10:55","QuorumPeer.java","241638","205683","447321"
"2019-07-12 17:01","QuorumPeer.java","251467","205683","457150"
"2020-01-09 11:27","QuorumPeer.java","265697","207123","472820"
"2017-02-09 11:40","QuorumPeer.java","33377","11145","44522"
"2017-07-06 18:48","QuorumPeer.java","35058","15140","50198"
"2018-10-01 06:11","QuorumPeer.java","147068","112037","259105"
"2015-04-09 20:16","QuorumPeer.java","14524","2909","17433"
"2018-07-04 17:11","QuorumPeer.java","52938","25768","78706"
"2019-12-17 13:48","QuorumPeer.java","264722","207122","471844"
"2015-12-07 05:59","QuorumPeer.java","20441","5370","25811"
"2020-01-23 13:43","QuorumPeer.java","267521","207123","474644"
"2016-06-23 23:45","QuorumPeer.java","24965","8824","33789"
"2016-06-23 23:25","QuorumPeer.java","24823","8790","33613"
"2014-07-18 20:48","QuorumPeer.java","6551","1513","8064"
"2014-07-04 04:19","QuorumPeer.java","512","90","602"
"2018-12-06 10:56","QuorumPeer.java","226572","205573","432145"
"2019-10-10 14:37","QuorumPeer.java","259907","205683","465590"
"2017-07-27 23:09","QuorumPeer.java","35073","16141","51214"
"2018-06-26 11:18","QuorumPeer.java","44877","17725","62602"
"2018-07-27 12:32","QuorumPeer.java","64639","36269","100908"
"2019-04-18 19:17","QuorumPeer.java","238655","205667","444322"
"2016-12-20 14:47","QuorumPeer.java","31967","10870","42837"
"2017-05-11 16:59","QuorumPeer.java","33859","14808","48667"
"2014-08-14 08:08","QuorumPeer.java","7889","1990","9879"
"2014-08-01 07:38","QuorumPeer.java","7364","1886","9250"
"2014-07-20 04:50","QuorumPeer.java","6653","1553","8206"
"2016-06-02 00:59","QuorumPeer.java","24397","8733","33130"
"2020-02-16 10:25","QuorumPeer.java","268234","207123","475357"
"2015-10-18 19:00","QuorumPeer.java","183200","18794","201994"
"2018-12-20 15:13","QuorumPeer.java","231405","57522","288927"
"2019-05-16 16:25","QuorumPeer.java","242649","57537","300186"
"2009-01-15 23:57","QuorumPeer.java","40656","7947","48603"
"2018-10-16 16:22","QuorumPeer.java","252850","53889","306739"
"2019-06-14 09:06","QuorumPeer.java","245848","57537","303385"
"2008-10-01 10:40","QuorumPeer.java","18403","3217","21620"
"2010-03-16 23:25","QuorumPeer.java","122849","11788","134637"
"2008-09-04 19:02","QuorumPeer.java","1760","1155","2915"
"2008-10-03 15:06","QuorumPeer.java","18685","3335","22020"
"2008-09-19 03:24","QuorumPeer.java","3524","1416","4940"
"2018-12-07 12:41","QuorumPeer.java","228419","57522","285941"
"2012-04-23 01:20","QuorumPeer.java","140375","16292","156667"
"2012-07-17 23:19","QuorumPeer.java","141160","16305","157465"
"2019-03-11 19:47","QuorumPeer.java","237833","57522","295355"
"2012-02-27 03:41","QuorumPeer.java","138150","16152","154302"
"2014-07-18 02:19","QuorumPeer.java","173334","18662","191996"
"2019-02-13 13:12","QuorumPeer.java","236781","57522","294303"
"2011-04-29 18:12","QuorumPeer.java","135154","13033","148187"
"2019-04-12 19:01","QuorumPeer.java","239657","57537","297194"
"2018-12-09 03:16","QuorumPeer.java","230493","57522","288015"
"2018-09-11 15:23","QuorumPeer.java","226030","44740","270770"
"2019-11-29 14:49","QuorumPeer.java","264720","57850","322570"
"2013-03-07 07:01","QuorumPeer.java","153063","17142","170205"
"2018-12-15 07:34","QuorumPeer.java","230408","57522","287930"
"2018-11-27 10:02","QuorumPeer.java","228169","57522","285691"
"2018-09-18 01:00","QuorumPeer.java","227322","44777","272099"
"2008-08-25 23:13","QuorumPeer.java","1243","961","2204"
"2009-11-18 18:47","QuorumPeer.java","106197","11216","117413"
"2012-02-06 09:40","QuorumPeer.java","137870","16113","153983"
"2019-06-03 19:40","QuorumPeer.java","243181","57537","300718"
"2019-07-15 14:15","QuorumPeer.java","253269","57537","310806"
"2015-03-17 18:06","QuorumPeer.java","179397","18752","198149"
"2019-07-03 00:44","QuorumPeer.java","245863","57537","303400"
"2009-06-18 18:37","QuorumPeer.java","86560","9754","96314"
"2019-08-17 17:13","QuorumPeer.java","257850","57537","315387"
"2015-06-27 02:03","QuorumPeer.java","182118","18784","200902"
"2009-11-18 20:06","QuorumPeer.java","108538","11223","119761"
"2017-11-28 00:10","QuorumPeer.java","192784","19235","212019"
"2014-01-21 04:50","QuorumPeer.java","160302","17231","177533"
"2014-06-04 22:07","QuorumPeer.java","167438","18566","186004"
"2018-01-30 08:02","QuorumPeer.java","192940","19238","212178"
"2019-05-15 11:56","QuorumPeer.java","242604","57537","300141"
"2019-06-05 00:33","QuorumPeer.java","243571","57537","301108"
"2009-02-06 22:19","QuorumPeer.java","54903","8708","63611"
"2019-05-20 23:13","QuorumPeer.java","242722","57537","300259"
"2019-06-04 10:55","QuorumPeer.java","243334","57537","300871"
"2019-07-12 17:01","QuorumPeer.java","253163","57537","310700"
"2020-01-09 11:27","QuorumPeer.java","266266","57850","324116"
"2017-02-09 11:40","QuorumPeer.java","191423","19098","210521"
"2011-06-14 07:14","QuorumPeer.java","136780","13044","149824"
"2009-04-17 00:59","QuorumPeer.java","57251","9253","66504"
"2008-12-09 06:14","QuorumPeer.java","36755","4308","41063"
"2017-07-06 18:48","QuorumPeer.java","189229","19218","208447"
"2018-10-01 06:11","QuorumPeer.java","229986","44862","274848"
"2015-04-09 20:16","QuorumPeer.java","180461","18753","199214"
"2013-10-07 21:08","QuorumPeer.java","155939","17202","173141"
"2013-09-30 22:20","QuorumPeer.java","155507","17201","172708"
"2018-07-04 17:11","QuorumPeer.java","197220","19957","217177"
"2019-12-17 13:48","QuorumPeer.java","265292","57850","323142"
"2015-12-07 05:59","QuorumPeer.java","183960","18796","202756"
"2020-01-23 13:43","QuorumPeer.java","268090","57850","325940"
"2016-06-23 23:45","QuorumPeer.java","185077","18843","203920"
"2011-05-03 19:57","QuorumPeer.java","135159","13034","148193"
"2016-06-23 23:25","QuorumPeer.java","184969","18843","203812"
"2010-03-09 05:44","QuorumPeer.java","122013","11727","133740"
"2010-03-12 19:26","QuorumPeer.java","122799","11783","134582"
"2014-03-23 04:12","QuorumPeer.java","162597","17306","179903"
"2013-09-26 00:13","QuorumPeer.java","155267","17205","172472"
"2011-06-17 01:34","QuorumPeer.java","136867","13060","149927"
"2011-06-14 14:11","QuorumPeer.java","136807","13044","149851"
"2010-03-10 02:27","QuorumPeer.java","122230","11730","133960"
"2010-03-10 19:52","QuorumPeer.java","122320","11734","134054"
"2014-07-18 20:48","QuorumPeer.java","173797","18666","192463"
"2014-07-04 04:19","QuorumPeer.java","169081","18566","187647"
"2018-12-06 10:56","QuorumPeer.java","228363","57522","285885"
"2014-06-25 15:04","QuorumPeer.java","167935","18566","186501"
"2014-03-28 01:58","QuorumPeer.java","163015","17306","180321"
"2009-10-30 17:19","QuorumPeer.java","99361","10919","110280"
"2009-11-20 23:28","QuorumPeer.java","108816","11222","120038"
"2009-12-18 03:19","QuorumPeer.java","109613","11446","121059"
"2009-12-15 23:23","QuorumPeer.java","109226","11333","120559"
"2013-10-21 23:36","QuorumPeer.java","158708","17229","175937"
"2019-10-10 14:37","QuorumPeer.java","261603","57537","319140"
"2013-11-07 06:41","QuorumPeer.java","159139","17229","176368"
"2017-07-27 23:09","QuorumPeer.java","188248","19223","207471"
"2014-05-18 05:49","QuorumPeer.java","166945","18562","185507"
"2011-10-25 08:09","QuorumPeer.java","135299","16046","151345"
"2014-03-25 22:13","QuorumPeer.java","162833","17306","180139"
"2011-04-12 09:14","QuorumPeer.java","134793","13007","147800"
"2011-11-01 08:15","QuorumPeer.java","135508","16066","151574"
"2011-03-16 19:49","QuorumPeer.java","176183","12924","189107"
"2018-06-26 11:18","QuorumPeer.java","196529","19284","215813"
"2018-07-27 12:32","QuorumPeer.java","198439","19976","218415"
"2019-04-18 19:17","QuorumPeer.java","240367","57537","297904"
"2011-10-27 23:25","QuorumPeer.java","135480","16067","151547"
"2011-08-30 08:37","QuorumPeer.java","135518","13379","148897"
"2011-08-30 08:29","QuorumPeer.java","135506","13379","148885"
"2010-08-18 08:24","QuorumPeer.java","143198","12457","155655"
"2013-10-09 22:21","QuorumPeer.java","158346","17230","175576"
"2016-12-20 14:47","QuorumPeer.java","190266","19076","209342"
"2011-05-20 01:17","QuorumPeer.java","135641","13036","148677"
"2010-05-05 22:32","QuorumPeer.java","123173","12127","135300"
"2017-05-11 16:59","QuorumPeer.java","188352","19208","207560"
"2014-07-03 06:01","QuorumPeer.java","168658","18565","187223"
"2014-08-14 08:08","QuorumPeer.java","174701","18709","193410"
"2014-08-01 07:38","QuorumPeer.java","174283","18712","192995"
"2009-04-24 20:26","QuorumPeer.java","65929","9329","75258"
"2014-07-20 04:50","QuorumPeer.java","173865","18672","192537"
"2008-10-01 08:26","QuorumPeer.java","17980","2895","20875"
"2016-06-02 00:59","QuorumPeer.java","184600","18843","203443"
"2020-02-16 10:25","QuorumPeer.java","268803","57850","326653"
"2019-11-28 12:24","DataTree.java","58647","37578","96225"
"2019-10-10 14:37","DataTree.java","52015","32099","84114"
"2019-12-27 22:33","DataTree.java","62846","38005","100851"
"2019-11-11 13:59","DataTree.java","55874","32301","88175"
"2019-11-08 17:30","DataTree.java","54047","32270","86317"
"2019-09-10 09:53","DataTree.java","48245","31033","79278"
"2019-07-31 19:06","DataTree.java","22611","7141","29752"
"2019-09-11 10:27","DataTree.java","48594","31075","79669"
"2019-08-01 07:31","DataTree.java","24056","7222","31278"
"2019-08-17 17:13","DataTree.java","45945","29782","75727"
"2019-09-10 15:21","DataTree.java","48249","31043","79292"
"2019-08-03 08:42","DataTree.java","24362","7491","31853"
"2019-08-09 16:15","DataTree.java","25320","7701","33021"
"2018-12-15 07:34","X509AuthenticationProvider.java","227618","224197","451815"
"2018-11-07 02:29","X509AuthenticationProvider.java","222920","224196","447116"
"2018-10-16 16:22","X509AuthenticationProvider.java","231538","202293","433831"
"2019-06-03 19:40","X509AuthenticationProvider.java","240516","224337","464853"
"2019-08-17 17:13","X509AuthenticationProvider.java","255186","224338","479524"
"2020-01-30 09:43","PurgeTxnLog.java","267354","228549","495903"
"2017-07-28 00:36","PurgeTxnLog.java","3427","6531","9958"
"2019-08-17 17:13","PurgeTxnLog.java","255274","226943","482217"
"2019-10-10 14:37","PurgeTxnLog.java","259027","226943","485970"
"2019-11-28 12:24","PurgeTxnLog.java","261784","228547","490331"
"2016-07-27 01:33","DelQuotaCommand.java","61514","17918","79432"
"2018-07-10 13:29","DelQuotaCommand.java","86330","31971","118301"
"2017-05-27 00:52","DelQuotaCommand.java","68500","22228","90728"
"2019-08-17 17:13","DelQuotaCommand.java","256502","178872","435374"
"2019-01-31 15:55","DelQuotaCommand.java","234068","178779","412847"
"2018-07-10 12:46","QuorumTest.java","97109","38060","135169"
"2019-08-17 17:13","QuorumTest.java","256904","174606","431510"
"2012-12-13 08:14","QuorumTest.java","23141","11981","35122"
"2013-10-09 22:21","QuorumTest.java","37091","14241","51332"
"2011-09-17 02:13","QuorumTest.java","6307","3757","10064"
"2019-10-10 14:37","QuorumTest.java","260657","174606","435263"
"2019-09-18 11:20","QuorumTest.java","259816","174606","434422"
"2019-12-28 16:17","QuorumTest.java","266587","175704","442291"
"2015-11-03 08:11","QuorumTest.java","69593","23415","93008"
"2015-07-07 07:11","ExistsTest.java","83925","35426","119351"
"2011-04-12 09:14","ExistsTest.java","10270","15865","26135"
"2019-10-10 14:37","FLERestartTest.java","258940","224315","483255"
"2019-08-17 17:13","FLERestartTest.java","255186","224314","479500"
"2019-07-12 17:01","FLERestartTest.java","250499","224314","474813"
"2015-07-07 07:11","PortAssignmentTest.java","2863","1563","4426"
"2019-08-17 17:13","PortAssignmentTest.java","256072","217720","473792"
"2015-02-06 06:17","PrepRequestProcessor.java","55388","16180","71568"
"2012-02-06 10:39","PrepRequestProcessor.java","3064","1515","4579"
"2013-03-07 07:01","PrepRequestProcessor.java","23063","7357","30420"
"2019-02-07 11:26","PrepRequestProcessor.java","234916","176235","411151"
"2019-09-11 10:27","PrepRequestProcessor.java","258015","176310","434325"
"2018-07-19 05:59","PrepRequestProcessor.java","102483","44739","147222"
"2017-09-11 18:55","PrepRequestProcessor.java","75363","25886","101249"
"2019-01-16 14:21","PrepRequestProcessor.java","232563","176234","408797"
"2017-06-01 05:45","PrepRequestProcessor.java","74012","24999","99011"
"2012-04-14 02:32","PrepRequestProcessor.java","6869","3756","10625"
"2019-11-08 17:30","PrepRequestProcessor.java","262301","176338","438639"
"2016-11-13 20:59","PrepRequestProcessor.java","71550","21482","93032"
"2019-04-09 15:35","PrepRequestProcessor.java","237459","176253","413712"
"2019-04-17 14:16","PrepRequestProcessor.java","238731","176310","415041"
"2014-10-28 05:35","PrepRequestProcessor.java","53273","16004","69277"
"2019-05-10 12:22","PrepRequestProcessor.java","241166","176310","417476"
"2017-06-26 00:16","PrepRequestProcessor.java","74511","25220","99731"
"2019-02-07 11:22","PrepRequestProcessor.java","234578","176235","410813"
"2016-11-16 06:21","PrepRequestProcessor.java","72126","21511","93637"
"2019-08-01 07:31","PrepRequestProcessor.java","257330","176310","433640"
"2019-06-26 10:57","PrepRequestProcessor.java","244509","176310","420819"
"2014-01-24 07:18","PrepRequestProcessor.java","32875","8436","41311"
"2015-05-29 19:45","PrepRequestProcessor.java","58540","16541","75081"
"2016-10-07 21:51","PrepRequestProcessor.java","69276","21461","90737"
"2015-06-04 19:51","PrepRequestProcessor.java","59424","16660","76084"
"2019-08-17 17:13","PrepRequestProcessor.java","256659","176310","432969"
"2018-08-08 06:21","PrepRequestProcessor.java","145484","86260","231744"
"2018-05-09 23:57","PrepRequestProcessor.java","82755","26717","109472"
"2015-06-11 20:09","PrepRequestProcessor.java","59564","16674","76238"
"2019-12-27 22:33","PrepRequestProcessor.java","266642","177615","444257"
"2014-04-01 01:47","PrepRequestProcessor.java","34590","8888","43478"
"2019-10-10 14:37","PrepRequestProcessor.java","260412","176310","436722"
"2020-03-25 03:38","PrepRequestProcessor.java","270749","177615","448364"
"2014-07-25 01:31","PrepRequestProcessor.java","51043","15850","66893"
"2013-10-09 22:21","PrepRequestProcessor.java","29094","8193","37287"
"2014-04-29 02:23","PrepRequestProcessor.java","42505","14801","57306"
"2015-03-08 23:07","PrepRequestProcessor.java","55620","16238","71858"
"2014-07-22 06:51","PrepRequestProcessor.java","50796","15792","66588"
"2012-03-15 17:47","PrepRequestProcessor.java","4380","1618","5998"
"2018-06-15 07:41","PrepRequestProcessor.java","83567","26777","110344"
"2012-12-19 19:16","PrepRequestProcessor.java","17247","6097","23344"
"2019-01-31 15:55","DeleteCommand.java","233428","221735","455163"
"2019-08-17 17:13","DeleteCommand.java","255887","221853","477740"
"2017-05-27 00:52","DeleteCommand.java","9371","6695","16066"
"2019-10-10 14:37","FastLeaderElection.java","30687","27642","58329"
"2019-09-30 23:22","FastLeaderElection.java","29745","27073","56818"
"2020-04-07 09:07","FastLeaderElection.java","48466","35800","84266"
"2019-08-17 17:13","FastLeaderElection.java","24190","24898","49088"
"2012-04-23 01:20","HierarchicalQuorumTest.java","51233","26113","77346"
"2014-06-04 22:07","HierarchicalQuorumTest.java","84570","34661","119231"
"2019-08-17 17:13","HierarchicalQuorumTest.java","257015","167976","424991"
"2019-07-12 17:01","HierarchicalQuorumTest.java","252328","167976","420304"
"2019-10-10 14:37","HierarchicalQuorumTest.java","260768","167976","428744"
"2018-06-26 11:18","HierarchicalQuorumTest.java","119283","41001","160284"
"2011-04-12 09:14","HierarchicalQuorumTest.java","27920","17408","45328"
"2017-05-11 16:59","HierarchicalQuorumTest.java","110595","40414","151009"
"2010-05-05 22:32","HierarchicalQuorumTest.java","2522","2750","5272"
"2018-01-19 00:43","FileTxnLog.java","7135","2942","10077"
"2019-12-27 22:33","FileTxnLog.java","265554","225824","491378"
"2019-10-10 14:37","FileTxnLog.java","259003","224198","483201"
"2018-11-12 22:36","FileTxnLog.java","223221","224077","447298"
"2018-08-01 21:19","FileTxnLog.java","33711","24563","58274"
"2018-04-27 20:28","FileTxnLog.java","9353","3310","12663"
"2018-06-08 16:52","FileTxnLog.java","11114","3624","14738"
"2020-01-28 17:26","FileTxnLog.java","267275","225825","493100"
"2019-05-14 17:11","FileTxnLog.java","239898","224179","464077"
"2019-01-07 14:24","FileTxnLog.java","229961","224079","454040"
"2019-04-12 19:01","FileTxnLog.java","237038","224179","461217"
"2018-09-06 01:11","FileTxnLog.java","113465","102686","216151"
"2018-09-18 01:00","FileTxnLog.java","115867","102834","218701"
"2019-08-17 17:13","FileTxnLog.java","255250","224198","479448"
"2019-06-03 19:40","FileTxnLog.java","240580","224197","464777"
"2018-04-24 00:20","FileTxnLog.java","9097","3141","12238"
"2018-02-14 21:23","FileTxnLog.java","8149","3077","11226"
"2019-08-03 08:42","FileTxnLog.java","255958","224198","480156"
"2019-04-09 15:35","FileTxnLog.java","236013","224104","460117"
"2017-08-03 20:41","FileTxnLog.java","1324","1678","3002"
"2018-02-02 00:26","FileTxnLog.java","7152","2952","10104"
"2009-06-25 00:59","ClientBase.java","15174","3887","19061"
"2012-08-28 21:51","ClientBase.java","87348","24914","112262"
"2017-06-08 17:51","ClientBase.java","137189","31450","168639"
"2012-07-17 23:19","ClientBase.java","86262","24902","111164"
"2017-04-18 01:37","ClientBase.java","137495","31124","168619"
"2010-03-16 22:23","ClientBase.java","51703","13042","64745"
"2018-09-07 02:49","ClientBase.java","198605","81796","280401"
"2019-07-31 19:06","ClientBase.java","256839","129610","386449"
"2012-02-06 09:47","ClientBase.java","82632","24393","107025"
"2015-02-06 06:17","ClientBase.java","124090","28162","152252"
"2017-09-11 18:55","ClientBase.java","137782","31585","169367"
"2009-07-17 00:09","ClientBase.java","16983","4477","21460"
"2009-06-30 03:32","ClientBase.java","16268","4198","20466"
"2019-08-17 17:13","ClientBase.java","257532","129610","387142"
"2009-06-18 18:37","ClientBase.java","6460","2045","8505"
"2015-03-28 20:08","ClientBase.java","126328","28189","154517"
"2019-06-07 14:13","ClientBase.java","243636","129610","373246"
"2018-04-24 00:20","ClientBase.java","143695","31722","175417"
"2018-08-08 06:21","ClientBase.java","179846","63902","243748"
"2018-05-09 23:57","ClientBase.java","144523","31765","176288"
"2009-06-09 07:04","ClientBase.java","3070","900","3970"
"2019-06-24 11:05","ClientBase.java","244865","129610","374475"
"2012-12-11 08:42","ClientBase.java","90845","25078","115923"
"2017-01-13 19:29","ClientBase.java","138975","30438","169413"
"2010-01-25 04:28","ClientBase.java","37417","8600","46017"
"2010-03-09 05:44","ClientBase.java","50794","12899","63693"
"2016-06-23 23:25","ClientBase.java","132507","29876","162383"
"2014-01-03 01:40","ClientBase.java","105677","26213","131890"
"2014-01-25 01:17","ClientBase.java","107523","26253","133776"
"2009-11-20 23:28","ClientBase.java","32709","7506","40215"
"2009-11-25 20:06","ClientBase.java","32746","7510","40256"
"2009-11-12 20:53","ClientBase.java","24969","7076","32045"
"2009-08-25 07:45","ClientBase.java","19240","4825","24065"
"2009-09-16 02:09","ClientBase.java","20183","5262","25445"
"2019-11-14 16:44","ClientBase.java","265559","129610","395169"
"2019-10-10 14:37","ClientBase.java","261285","129610","390895"
"2012-03-15 17:47","ClientBase.java","84049","24567","108616"
"2010-09-15 07:51","ClientBase.java","103599","17079","120678"
"2012-01-14 00:28","ClientBase.java","82048","24325","106373"
"2011-04-12 09:14","ClientBase.java","70679","21284","91963"
"2011-11-05 07:29","ClientBase.java","80464","24161","104625"
"2016-08-24 01:36","ClientBase.java","133406","30204","163610"
"2011-09-17 02:13","ClientBase.java","79721","22400","102121"
"2010-07-05 20:20","ClientBase.java","65960","16230","82190"
"2010-03-31 06:26","ClientBase.java","52840","13957","66797"
"2010-08-18 08:24","ClientBase.java","75423","17073","92496"
"2015-03-08 23:07","ClientBase.java","124288","28186","152474"
"2019-08-17 17:13","ReadOnlyRequestProcessor.java","255827","223293","479120"
"2019-08-17 17:13","PurgeTxnTest.java","255921","219949","475870"
"2020-01-30 09:43","PurgeTxnTest.java","267946","221500","489446"
"2016-08-24 01:36","PurgeTxnTest.java","6987","4882","11869"
"2017-01-23 02:13","PurgeTxnTest.java","14089","6448","20537"
"2020-03-03 10:53","PurgeTxnTest.java","269213","221500","490713"
"2020-01-31 12:01","PurgeTxnTest.java","267946","221500","489446"
"2019-10-10 14:37","PurgeTxnTest.java","259674","219949","479623"
"2019-10-10 14:37","ZKDatabase.java","54806","31910","86716"
"2019-12-27 22:33","ZKDatabase.java","65531","37710","103241"
"2019-11-08 17:30","ZKDatabase.java","56833","32076","88909"
"2019-05-14 17:11","ZKDatabase.java","4619","809","5428"
"2019-04-12 19:01","ZKDatabase.java","1347","397","1744"
"2019-08-17 17:13","ZKDatabase.java","48965","29822","78787"
"2019-09-10 00:27","ZKDatabase.java","51120","31037","82157"
"2017-09-11 18:55","MeasureThroughput.java","99601","39489","139090"
"2011-04-12 09:14","MeasureThroughput.java","14937","15099","30036"
"2019-08-17 17:13","SyncedLearnerTracker.java","178065","157476","335541"
"2019-08-17 17:13","ZooKeeperCriticalThread.java","256291","201018","457309"
"2018-08-06 14:11","ZooKeeperCriticalThread.java","76831","43047","119878"
"2019-04-12 19:01","ZooKeeperCriticalThread.java","238082","201002","439084"
"2015-03-08 23:07","ZooKeeperCriticalThread.java","24675","10369","35044"
"2017-09-11 18:55","JsonGenerator.java","99341","39408","138749"
"2019-07-31 19:06","CommandExecutor.java","255274","218737","474011"
"2015-07-10 08:19","CommandExecutor.java","519","194","713"
"2019-08-17 17:13","CommandExecutor.java","255967","218737","474704"
"2015-07-07 07:11","SetTest.java","99820","33962","133782"
"2011-04-12 09:14","SetTest.java","27319","15498","42817"
"2010-08-17 09:24","SetTest.java","19284","1868","21152"
"2015-10-18 19:00","QuorumPeer.java","11594","3180","14774"
"2018-12-20 15:13","QuorumPeer.java","229606","211464","441070"
"2019-05-16 16:25","QuorumPeer.java","240929","211558","452487"
"2018-10-16 16:22","QuorumPeer.java","234775","191806","426581"
"2019-06-14 09:06","QuorumPeer.java","244144","211574","455718"
"2018-12-07 12:41","QuorumPeer.java","226619","211463","438082"
"2019-03-11 19:47","QuorumPeer.java","236054","211484","447538"
"2019-02-13 13:12","QuorumPeer.java","235003","211485","446488"
"2019-04-12 19:01","QuorumPeer.java","237937","211558","449495"
"2018-12-09 03:16","QuorumPeer.java","228693","211463","440156"
"2018-09-11 15:23","QuorumPeer.java","137084","111786","248870"
"2019-11-29 14:49","QuorumPeer.java","264148","213019","477167"
"2018-12-15 07:34","QuorumPeer.java","228608","211463","440071"
"2018-11-27 10:02","QuorumPeer.java","226369","211463","437832"
"2018-09-18 01:00","QuorumPeer.java","138458","111905","250363"
"2019-06-03 19:40","QuorumPeer.java","241477","211574","453051"
"2019-07-15 14:15","QuorumPeer.java","251565","211574","463139"
"2015-03-17 18:06","QuorumPeer.java","5554","901","6455"
"2019-07-03 00:44","QuorumPeer.java","244159","211574","455733"
"2019-08-17 17:13","QuorumPeer.java","256146","211574","467720"
"2015-06-27 02:03","QuorumPeer.java","9281","1939","11220"
"2017-11-28 00:10","QuorumPeer.java","33315","15758","49073"
"2018-01-30 08:02","QuorumPeer.java","33871","16161","50032"
"2019-05-15 11:56","QuorumPeer.java","240884","211558","452442"
"2019-06-05 00:33","QuorumPeer.java","241867","211574","453441"
"2019-05-20 23:13","QuorumPeer.java","241002","211558","452560"
"2019-06-04 10:55","QuorumPeer.java","241630","211574","453204"
"2019-07-12 17:01","QuorumPeer.java","251459","211574","463033"
"2020-01-09 11:27","QuorumPeer.java","265695","213020","478715"
"2017-02-09 11:40","QuorumPeer.java","25778","9445","35223"
"2017-07-06 18:48","QuorumPeer.java","27563","13544","41107"
"2018-10-01 06:11","QuorumPeer.java","141713","112581","254294"
"2015-04-09 20:16","QuorumPeer.java","6659","943","7602"
"2018-07-04 17:11","QuorumPeer.java","46218","24947","71165"
"2019-12-17 13:48","QuorumPeer.java","264720","213019","477739"
"2015-12-07 05:59","QuorumPeer.java","12644","3472","16116"
"2020-01-23 13:43","QuorumPeer.java","267519","213020","480539"
"2016-06-23 23:45","QuorumPeer.java","17287","7045","24332"
"2016-06-23 23:25","QuorumPeer.java","17145","7011","24156"
"2018-12-06 10:56","QuorumPeer.java","226563","211463","438026"
"2019-10-10 14:37","QuorumPeer.java","259899","211574","471473"
"2017-07-27 23:09","QuorumPeer.java","28091","15058","43149"
"2018-06-26 11:18","QuorumPeer.java","37943","16690","54633"
"2018-07-27 12:32","QuorumPeer.java","57934","35463","93397"
"2019-04-18 19:17","QuorumPeer.java","238647","211558","450205"
"2016-12-20 14:47","QuorumPeer.java","24340","9142","33482"
"2017-05-11 16:59","QuorumPeer.java","26364","13212","39576"
"2016-06-02 00:59","QuorumPeer.java","16719","6954","23673"
"2020-02-16 10:25","QuorumPeer.java","268232","213020","481252"
"2017-07-28 00:36","JRecord.java","115094","35796","150890"
"2019-06-20 20:25","JRecord.java","244352","157929","402281"
"2019-07-29 17:15","JRecord.java","254633","157929","412562"
"2016-11-24 17:18","JRecord.java","115281","34261","149542"
"2017-09-11 18:55","JRecord.java","115800","35939","151739"
"2016-11-25 07:08","JRecord.java","115187","34174","149361"
"2011-07-19 02:59","JRecord.java","47845","19720","67565"
"2020-04-07 17:00","JRecord.java","271450","158958","430408"
"2010-05-03 23:49","JRecord.java","23237","13572","36809"
"2011-09-02 22:53","JRecord.java","52589","19866","72455"
"2010-01-25 04:28","JRecord.java","276","277","553"
"2018-10-05 14:25","QuorumPeerMainTest.java","118097","113408","231505"
"2020-01-23 13:43","QuorumPeerMainTest.java","187419","158218","345637"
"2019-10-10 14:37","QuorumPeerMainTest.java","178988","155961","334949"
"2019-12-28 16:17","QuorumPeerMainTest.java","186009","158150","344159"
"2019-07-25 21:41","QuorumPeerMainTest.java","170048","154291","324339"
"2019-08-17 17:13","QuorumPeerMainTest.java","174233","154959","329192"
"2019-07-02 07:34","QuorumPeerMainTest.java","161505","154288","315793"
"2019-05-20 17:18","QuorumPeerMainTest.java","157100","153035","310135"
"2018-10-16 16:22","QuorumPeerMainTest.java","131085","113414","244499"
"2018-07-19 05:59","MBeanRegistry.java","113808","45198","159006"
"2019-05-03 17:37","MBeanRegistry.java","241055","178406","419461"
"2019-08-17 17:13","MBeanRegistry.java","256932","178405","435337"
"2019-10-10 14:37","MBeanRegistry.java","260685","178405","439090"
"2015-09-10 06:07","MBeanRegistry.java","77114","22294","99408"
"2011-09-01 19:15","MBeanRegistry.java","14660","1833","16493"
"2014-05-18 05:49","MBeanRegistry.java","59020","19986","79006"
"2019-08-17 17:13","ChrootClientTest.java","257015","167976","424991"
"2019-10-10 14:37","ChrootClientTest.java","260768","167976","428744"
"2011-04-12 09:14","ChrootClientTest.java","27920","17408","45328"
"2019-09-18 11:20","DataTreeTest.java","52766","31230","83996"
"2019-12-27 22:33","DataTreeTest.java","65034","37732","102766"
"2019-10-09 16:38","DataTreeTest.java","53490","31369","84859"
"2019-07-31 19:06","DataTreeTest.java","25342","7411","32753"
"2019-09-10 15:21","DataTreeTest.java","50669","31002","81671"
"2019-08-17 17:13","DataTreeTest.java","48367","29743","78110"
"2019-10-10 14:37","QuorumPeerMain.java","258833","228065","486898"
"2020-01-23 13:43","QuorumPeerMain.java","266778","229836","496614"
"2019-11-28 12:24","QuorumPeerMain.java","261755","229834","491589"
"2020-02-16 10:25","QuorumPeerMain.java","267491","229836","497327"
"2019-04-18 19:17","QuorumPeerMain.java","237559","228027","465586"
"2019-11-11 13:59","QuorumPeerMain.java","262538","228113","490651"
"2019-04-12 19:01","QuorumPeerMain.java","236849","228027","464876"
"2018-09-11 15:23","QuorumPeerMain.java","108867","101126","209993"
"2018-08-06 14:11","QuorumPeerMain.java","28128","22602","50730"
"2019-08-17 17:13","QuorumPeerMain.java","255079","228064","483143"
"2019-11-29 14:49","QuorumZooKeeperServer.java","8927","6123","15050"
"2020-03-25 03:38","QuorumZooKeeperServer.java","19231","10199","29430"
"2015-10-18 19:00","QuorumPeer.java","12201","3366","15567"
"2018-12-20 15:13","QuorumPeer.java","229607","211044","440651"
"2019-05-16 16:25","QuorumPeer.java","240930","211138","452068"
"2018-10-16 16:22","QuorumPeer.java","234776","191386","426162"
"2019-06-14 09:06","QuorumPeer.java","244145","211154","455299"
"2018-12-07 12:41","QuorumPeer.java","226620","211043","437663"
"2019-03-11 19:47","QuorumPeer.java","236055","211064","447119"
"2019-02-13 13:12","QuorumPeer.java","235004","211065","446069"
"2019-04-12 19:01","QuorumPeer.java","237938","211138","449076"
"2018-12-09 03:16","QuorumPeer.java","228694","211043","439737"
"2018-09-11 15:23","QuorumPeer.java","137644","111925","249569"
"2019-11-29 14:49","QuorumPeer.java","264148","212598","476746"
"2018-12-15 07:34","QuorumPeer.java","228609","211043","439652"
"2018-11-27 10:02","QuorumPeer.java","226370","211043","437413"
"2018-09-18 01:00","QuorumPeer.java","139018","112044","251062"
"2019-06-03 19:40","QuorumPeer.java","241478","211154","452632"
"2019-07-15 14:15","QuorumPeer.java","251566","211154","462720"
"2015-03-17 18:06","QuorumPeer.java","6162","1088","7250"
"2019-07-03 00:44","QuorumPeer.java","244160","211154","455314"
"2019-08-17 17:13","QuorumPeer.java","256147","211154","467301"
"2015-06-27 02:03","QuorumPeer.java","9888","2125","12013"
"2017-11-28 00:10","QuorumPeer.java","33877","15899","49776"
"2018-01-30 08:02","QuorumPeer.java","34433","16302","50735"
"2019-05-15 11:56","QuorumPeer.java","240885","211138","452023"
"2019-06-05 00:33","QuorumPeer.java","241868","211154","453022"
"2019-05-20 23:13","QuorumPeer.java","241003","211138","452141"
"2019-06-04 10:55","QuorumPeer.java","241631","211154","452785"
"2019-07-12 17:01","QuorumPeer.java","251460","211154","462614"
"2020-01-09 11:27","QuorumPeer.java","265695","212599","478294"
"2017-02-09 11:40","QuorumPeer.java","26348","9594","35942"
"2017-07-06 18:48","QuorumPeer.java","28125","13685","41810"
"2018-10-01 06:11","QuorumPeer.java","142272","112719","254991"
"2015-04-09 20:16","QuorumPeer.java","7267","1130","8397"
"2018-07-04 17:11","QuorumPeer.java","46780","25088","71868"
"2019-12-17 13:48","QuorumPeer.java","264720","212598","477318"
"2015-12-07 05:59","QuorumPeer.java","13251","3658","16909"
"2020-01-23 13:43","QuorumPeer.java","267519","212599","480118"
"2016-06-23 23:45","QuorumPeer.java","17893","7230","25123"
"2016-06-23 23:25","QuorumPeer.java","17751","7196","24947"
"2018-12-06 10:56","QuorumPeer.java","226564","211043","437607"
"2019-10-10 14:37","QuorumPeer.java","259900","211154","471054"
"2017-07-27 23:09","QuorumPeer.java","28653","15199","43852"
"2018-06-26 11:18","QuorumPeer.java","38505","16831","55336"
"2018-07-27 12:32","QuorumPeer.java","58496","35604","94100"
"2019-04-18 19:17","QuorumPeer.java","238648","211138","449786"
"2016-12-20 14:47","QuorumPeer.java","24936","9317","34253"
"2017-05-11 16:59","QuorumPeer.java","26926","13353","40279"
"2014-08-14 08:08","QuorumPeer.java","619","198","817"
"2016-06-02 00:59","QuorumPeer.java","17326","7140","24466"
"2020-02-16 10:25","QuorumPeer.java","268232","212599","480831"
"2014-02-12 17:00","LearnerHandler.java","129666","22263","151929"
"2014-03-23 04:12","LearnerHandler.java","130149","22359","152508"
"2010-01-25 04:28","LearnerHandler.java","64348","9475","73823"
"2019-10-10 14:37","LearnerHandler.java","261436","103705","365141"
"2015-06-05 20:38","LearnerHandler.java","149665","24184","173849"
"2015-06-05 20:51","LearnerHandler.java","149692","24184","173876"
"2015-06-12 23:02","LearnerHandler.java","149792","24186","173978"
"2009-08-25 07:45","LearnerHandler.java","46586","6115","52701"
"2010-03-11 15:05","LearnerHandler.java","76929","12627","89556"
"2009-10-30 17:19","LearnerHandler.java","49792","7685","57477"
"2009-11-30 13:03","LearnerHandler.java","59816","8506","68322"
"2011-04-12 09:14","LearnerHandler.java","93189","17738","110927"
"2013-09-26 14:05","LearnerHandler.java","122841","22129","144970"
"2009-04-24 20:26","LearnerHandler.java","12480","2215","14695"
"2019-07-03 20:54","LearnerHandler.java","245677","103705","349382"
"2011-09-14 08:56","LearnerHandler.java","102135","16288","118423"
"2011-08-30 08:37","LearnerHandler.java","100833","16195","117028"
"2010-07-29 23:10","LearnerHandler.java","92969","13753","106722"
"2011-09-17 02:36","LearnerHandler.java","102127","18840","120967"
"2012-04-23 01:20","LearnerHandler.java","107669","21087","128756"
"2013-06-28 23:22","LearnerHandler.java","122412","22130","144542"
"2018-09-18 01:00","LearnerHandler.java","205837","60793","266630"
"2010-11-04 17:01","LearnerHandler.java","128770","14282","143052"
"2012-02-06 09:40","LearnerHandler.java","104955","20699","125654"
"2013-05-14 14:27","LearnerHandler.java","120565","22020","142585"
"2018-08-03 18:52","LearnerHandler.java","175486","34018","209504"
"2011-01-22 20:38","LearnerHandler.java","131305","14719","146024"
"2018-12-09 03:16","LearnerHandler.java","230314","103678","333992"
"2019-04-12 19:01","LearnerHandler.java","239491","103706","343197"
"2013-03-07 07:01","LearnerHandler.java","120426","22006","142432"
"2009-11-18 20:06","LearnerHandler.java","59433","8453","67886"
"2017-11-28 00:10","LearnerHandler.java","163231","27183","190414"
"2019-06-29 00:33","LearnerHandler.java","245670","103705","349375"
"2013-05-11 15:35","LearnerHandler.java","120474","22006","142480"
"2019-07-25 21:41","LearnerHandler.java","254166","103705","357871"
"2019-08-23 19:43","LearnerHandler.java","258349","103705","362054"
"2019-08-17 17:13","LearnerHandler.java","257683","103705","361388"
"2009-06-18 18:37","LearnerHandler.java","34643","4172","38815"
"2009-06-26 22:29","LearnerHandler.java","43777","5743","49520"
"2009-06-15 22:52","LearnerHandler.java","33256","3856","37112"
"2017-06-26 00:16","LearnerHandler.java","159052","27047","186099"
"2017-08-03 20:28","LearnerHandler.java","158724","27071","185795"
"2012-07-29 07:02","LearnerHandler.java","109094","21109","130203"
"2019-05-06 17:48","LearnerHandler.java","241997","103706","345703"
"2019-08-03 08:42","LearnerHandler.java","258391","103705","362096"
"2019-04-22 19:15","LearnerHandler.java","240466","103706","344172"
"2011-06-14 07:14","LearnerHandler.java","95202","17801","113003"
"2019-08-17 17:13","SaslAuthDesignatedServerTest.java","256464","181829","438293"
"2019-02-06 09:46","SessionTimeoutTest.java","232579","229793","462372"
"2019-08-17 17:13","SessionTimeoutTest.java","255010","229927","484937"
"2019-09-18 11:20","SessionTimeoutTest.java","257923","229928","487851"
"2015-07-07 07:11","WatchEventWhenAutoResetTest.java","2863","1563","4426"
"2018-11-05 08:45","WatchEventWhenAutoResetTest.java","233412","196779","430191"
"2019-08-17 17:13","WatchEventWhenAutoResetTest.java","256072","217720","473792"
"2014-06-30 19:11","Observer.java","23747","9705","33452"
"2019-10-10 14:37","Observer.java","260159","191763","451922"
"2015-06-05 21:25","Observer.java","39826","12731","52557"
"2019-12-27 22:33","Observer.java","266430","193109","459539"
"2017-11-28 00:10","Observer.java","62058","24430","86488"
"2019-07-15 14:15","Observer.java","251825","191763","443588"
"2019-08-23 19:43","Observer.java","257072","191763","448835"
"2019-08-17 17:13","Observer.java","256406","191763","448169"
"2019-05-03 00:44","Observer.java","240387","191747","432134"
"2019-06-05 00:33","Observer.java","242127","191763","433890"
"2019-07-02 07:34","Observer.java","244349","191763","436112"
"2018-12-09 03:16","Observer.java","228964","191663","420627"
"2008-12-13 01:27","ZooKeeper.java","37720","4452","42172"
"2009-06-25 00:59","ZooKeeper.java","93649","9971","103620"
"2019-02-06 09:46","ZooKeeper.java","235538","57522","293060"
"2019-01-16 14:21","ZooKeeper.java","233815","57522","291337"
"2017-04-18 02:02","ZooKeeper.java","188973","19105","208078"
"2019-11-08 17:30","ZooKeeper.java","263464","57537","321001"
"2008-09-04 19:02","ZooKeeper.java","1760","1155","2915"
"2019-02-07 11:26","ZooKeeper.java","236167","57522","293689"
"2013-03-07 07:01","ZooKeeper.java","153063","17142","170205"
"2008-08-16 00:02","ZooKeeper.java","1060","910","1970"
"2011-07-01 00:53","ZooKeeper.java","139803","13372","153175"
"2013-12-17 17:55","ZooKeeper.java","159957","17232","177189"
"2012-02-06 09:56","ZooKeeper.java","137874","16113","153987"
"2012-03-17 01:31","ZooKeeper.java","139424","16158","155582"
"2012-11-17 15:03","ZooKeeper.java","144811","16426","161237"
"2017-05-01 17:19","ZooKeeper.java","189095","19100","208195"
"2010-11-10 23:36","ZooKeeper.java","174494","12710","187204"
"2014-01-24 07:18","ZooKeeper.java","161879","17225","179104"
"2019-08-17 17:13","ZooKeeper.java","257850","57537","315387"
"2009-05-20 20:48","ZooKeeper.java","81976","9424","91400"
"2015-06-04 19:51","ZooKeeper.java","181762","18783","200545"
"2016-10-07 21:51","ZooKeeper.java","186943","18913","205856"
"2015-03-16 09:09","ZooKeeper.java","178685","18750","197435"
"2015-03-17 18:06","ZooKeeper.java","179397","18752","198149"
"2016-05-02 18:15","ZooKeeper.java","184105","18841","202946"
"2019-06-26 10:57","ZooKeeper.java","245700","57537","303237"
"2019-06-03 19:40","ZooKeeper.java","243181","57537","300718"
"2018-05-09 23:57","ZooKeeper.java","195524","19271","214795"
"2009-04-09 23:02","ZooKeeper.java","56670","9060","65730"
"2009-03-27 06:25","ZooKeeper.java","55774","8871","64645"
"2019-08-03 08:42","ZooKeeper.java","258558","57537","316095"
"2016-11-13 20:59","ZooKeeper.java","189198","18915","208113"
"2013-02-03 15:52","ZooKeeper.java","148779","16921","165700"
"2012-09-28 18:32","ZooKeeper.java","142734","16317","159051"
"2017-07-28 00:36","ZooKeeper.java","188350","19221","207571"
"2017-08-18 23:35","ZooKeeper.java","188838","19224","208062"
"2017-07-04 07:56","ZooKeeper.java","188957","19218","208175"
"2008-12-22 23:23","ZooKeeper.java","38366","4755","43121"
"2009-01-28 01:21","ZooKeeper.java","41045","8124","49169"
"2009-12-11 20:38","ZooKeeper.java","108930","11252","120182"
"2009-11-12 21:02","ZooKeeper.java","101449","11149","112598"
"2010-01-26 03:22","ZooKeeper.java","113462","11706","125168"
"2010-01-05 18:32","ZooKeeper.java","109797","11455","121252"
"2009-11-07 01:48","ZooKeeper.java","100830","11133","111963"
"2009-10-31 00:09","ZooKeeper.java","100285","10993","111278"
"2020-04-16 12:50","ZooKeeper.java","271737","57850","329587"
"2018-07-27 05:16","ZooKeeper.java","198246","19975","218221"
"2019-10-10 14:37","ZooKeeper.java","261603","57537","319140"
"2014-04-01 04:03","ZooKeeper.java","163509","17375","180884"
"2010-02-08 23:36","ZooKeeper.java","113134","11717","124851"
"2009-08-07 20:00","ZooKeeper.java","95816","10043","105859"
"2012-12-19 19:16","ZooKeeper.java","148275","16910","165185"
"2019-02-11 12:34","ZooKeeper.java","236530","57522","294052"
"2014-07-08 20:18","ZooKeeper.java","169688","18667","188355"
"2010-11-30 21:16","ZooKeeper.java","174971","12820","187791"
"2020-05-17 15:13","ZooKeeper.java","272109","57851","329960"
"2017-01-09 22:49","ZooKeeper.java","190926","19075","210001"
"2011-05-20 01:17","ZooKeeper.java","135641","13036","148677"
"2019-03-12 19:08","ZooKeeper.java","237958","57522","295480"
"2011-09-06 00:58","ZooKeeper.java","136176","13419","149595"
"2009-01-31 00:01","ZooKeeper.java","49867","8136","58003"
"2008-09-26 20:09","ZooKeeper.java","15928","1679","17607"
"2014-07-22 06:51","ZooKeeper.java","173891","18672","192563"
"2008-10-22 01:49","ZooKeeper.java","30551","3462","34013"
"2008-12-02 01:13","ZooKeeper.java","36745","4308","41053"
"2014-04-29 02:23","ZooKeeper.java","166480","18561","185041"
"2019-10-10 14:37","SecurityUtils.java","7470","3717","11187"
"2019-09-30 22:26","SecurityUtils.java","5847","2482","8329"
"2019-06-03 19:40","FollowerZooKeeperServer.java","242578","145376","387954"
"2019-08-17 17:13","FollowerZooKeeperServer.java","257247","145376","402623"
"2019-05-03 00:44","FollowerZooKeeperServer.java","241244","145376","386620"
"2019-06-04 10:55","FollowerZooKeeperServer.java","242731","145376","388107"
"2018-08-06 14:11","FollowerZooKeeperServer.java","149198","47487","196685"
"2018-12-09 03:16","FollowerZooKeeperServer.java","229857","145328","375185"
"2018-11-21 17:56","FollowerZooKeeperServer.java","225289","145328","370617"
"2011-10-20 20:02","FollowerZooKeeperServer.java","66526","24691","91217"
"2011-04-12 09:14","FollowerZooKeeperServer.java","54664","21320","75984"
"2010-08-18 08:24","FollowerZooKeeperServer.java","58544","16245","74789"
"2019-11-28 12:24","FollowerZooKeeperServer.java","263032","146255","409287"
"2019-12-27 22:33","FollowerZooKeeperServer.java","266804","146255","413059"
"2009-12-18 03:19","FollowerZooKeeperServer.java","12655","2930","15585"
"2019-10-10 14:37","ACLTest.java","259908","202858","462766"
"2016-08-24 01:36","ACLTest.java","29308","9878","39186"
"2017-09-11 18:55","ACLTest.java","38966","16541","55507"
"2016-11-13 20:59","ACLTest.java","33343","10327","43670"
"2019-05-06 18:32","ACLTest.java","240493","202842","443335"
"2017-08-18 23:35","ACLTest.java","38758","16411","55169"
"2019-08-17 17:13","ACLTest.java","256155","202858","459013"
"2017-07-28 00:36","JRecord.java","115052","35753","150805"
"2019-06-20 20:25","JRecord.java","244352","157928","402280"
"2019-07-29 17:15","JRecord.java","254633","157928","412561"
"2016-11-24 17:18","JRecord.java","115234","34213","149447"
"2017-09-11 18:55","JRecord.java","115758","35896","151654"
"2016-11-25 07:08","JRecord.java","115140","34126","149266"
"2011-07-19 02:59","JRecord.java","47789","19663","67452"
"2020-04-07 17:00","JRecord.java","271450","158957","430407"
"2010-05-03 23:49","JRecord.java","23178","13512","36690"
"2011-09-02 22:53","JRecord.java","52533","19809","72342"
"2019-08-17 17:13","ZKClientConfigTest.java","62404","35904","98308"
"2020-01-20 08:39","ZKClientConfigTest.java","78802","44402","123204"
"2019-10-10 14:37","JMXEnv.java","50347","31925","82272"
"2019-12-27 22:33","JMXEnv.java","61187","37840","99027"
"2019-08-17 17:13","JMXEnv.java","44192","29523","73715"
"2019-08-27 09:23","LeaderOffer.java","55527","31000","86527"
"2017-11-16 00:21","ZNodeNameTest.java","150927","27645","178572"
"2020-01-21 18:14","ZNodeNameTest.java","266263","113560","379823"
"2015-07-07 07:11","ZNodeNameTest.java","140999","24387","165386"
"2019-08-27 09:23","ZNodeNameTest.java","258151","112979","371130"
"2010-05-15 01:32","ZNodeNameTest.java","69688","13372","83060"
"2019-08-17 17:13","ZooKeeperQuotaTest.java","257015","167976","424991"
"2019-06-07 14:13","ZooKeeperQuotaTest.java","243119","167976","411095"
"2011-06-25 08:13","ZooKeeperQuotaTest.java","30719","18075","48794"
"2019-07-17 13:42","ZooKeeperQuotaTest.java","252779","167976","420755"
"2015-10-18 19:00","QuorumPeer.java","141449","24747","166196"
"2018-12-20 15:13","QuorumPeer.java","231085","113802","344887"
"2019-05-16 16:25","QuorumPeer.java","242357","113845","356202"
"2018-10-16 16:22","QuorumPeer.java","241770","90513","332283"
"2019-06-14 09:06","QuorumPeer.java","245556","113845","359401"
"2010-03-16 23:25","QuorumPeer.java","67017","12556","79573"
"2018-12-07 12:41","QuorumPeer.java","228099","113802","341901"
"2012-04-23 01:20","QuorumPeer.java","97889","21510","119399"
"2012-07-17 23:19","QuorumPeer.java","98677","21526","120203"
"2019-03-11 19:47","QuorumPeer.java","237521","113810","351331"
"2012-02-27 03:41","QuorumPeer.java","95506","21212","116718"
"2014-07-18 02:19","QuorumPeer.java","131382","24414","155796"
"2019-02-13 13:12","QuorumPeer.java","236470","113811","350281"
"2011-04-29 18:12","QuorumPeer.java","83513","17992","101505"
"2019-04-12 19:01","QuorumPeer.java","239365","113845","353210"
"2018-12-09 03:16","QuorumPeer.java","230173","113802","343975"
"2018-09-11 15:23","QuorumPeer.java","200059","66473","266532"
"2019-11-29 14:49","QuorumPeer.java","264696","114426","379122"
"2013-03-07 07:01","QuorumPeer.java","110655","22438","133093"
"2018-12-15 07:34","QuorumPeer.java","230088","113802","343890"
"2018-11-27 10:02","QuorumPeer.java","227849","113802","341651"
"2018-09-18 01:00","QuorumPeer.java","201360","66519","267879"
"2009-11-18 18:47","QuorumPeer.java","45920","7539","53459"
"2012-02-06 09:40","QuorumPeer.java","95072","21019","116091"
"2019-06-03 19:40","QuorumPeer.java","242889","113845","356734"
"2019-07-15 14:15","QuorumPeer.java","252977","113845","366822"
"2015-03-17 18:06","QuorumPeer.java","137562","24621","162183"
"2019-07-03 00:44","QuorumPeer.java","245571","113845","359416"
"2009-06-18 18:37","QuorumPeer.java","22640","2434","25074"
"2019-08-17 17:13","QuorumPeer.java","257558","113845","371403"
"2015-06-27 02:03","QuorumPeer.java","140323","24693","165016"
"2009-11-18 20:06","QuorumPeer.java","48346","7631","55977"
"2017-11-28 00:10","QuorumPeer.java","153827","27982","181809"
"2014-01-21 04:50","QuorumPeer.java","118060","22693","140753"
"2014-06-04 22:07","QuorumPeer.java","125380","24212","149592"
"2018-01-30 08:02","QuorumPeer.java","154013","28015","182028"
"2019-05-15 11:56","QuorumPeer.java","242312","113845","356157"
"2019-06-05 00:33","QuorumPeer.java","243279","113845","357124"
"2019-05-20 23:13","QuorumPeer.java","242430","113845","356275"
"2019-06-04 10:55","QuorumPeer.java","243042","113845","356887"
"2019-07-12 17:01","QuorumPeer.java","252871","113845","366716"
"2020-01-09 11:27","QuorumPeer.java","266242","114426","380668"
"2017-02-09 11:40","QuorumPeer.java","151482","26861","178343"
"2011-06-14 07:14","QuorumPeer.java","85194","18058","103252"
"2017-07-06 18:48","QuorumPeer.java","150131","27824","177955"
"2018-10-01 06:11","QuorumPeer.java","204028","66608","270636"
"2015-04-09 20:16","QuorumPeer.java","138628","24624","163252"
"2013-10-07 21:08","QuorumPeer.java","113630","22597","136227"
"2013-09-30 22:20","QuorumPeer.java","113188","22586","135774"
"2018-07-04 17:11","QuorumPeer.java","164396","34837","199233"
"2019-12-17 13:48","QuorumPeer.java","265268","114426","379694"
"2015-12-07 05:59","QuorumPeer.java","142280","24820","167100"
"2020-01-23 13:43","QuorumPeer.java","268066","114426","382492"
"2016-06-23 23:45","QuorumPeer.java","144805","26275","171080"
"2011-05-03 19:57","QuorumPeer.java","83518","17993","101511"
"2016-06-23 23:25","QuorumPeer.java","144697","26275","170972"
"2010-03-09 05:44","QuorumPeer.java","66099","12413","78512"
"2010-03-12 19:26","QuorumPeer.java","66923","12507","79430"
"2014-03-23 04:12","QuorumPeer.java","120407","22820","143227"
"2013-09-26 00:13","QuorumPeer.java","112940","22582","135522"
"2011-06-17 01:34","QuorumPeer.java","85311","18104","103415"
"2011-06-14 14:11","QuorumPeer.java","85219","18056","103275"
"2010-03-10 02:27","QuorumPeer.java","66320","12420","78740"
"2010-03-10 19:52","QuorumPeer.java","66413","12427","78840"
"2014-07-18 20:48","QuorumPeer.java","131849","24422","156271"
"2014-07-04 04:19","QuorumPeer.java","127031","24220","151251"
"2018-12-06 10:56","QuorumPeer.java","228043","113802","341845"
"2014-06-25 15:04","QuorumPeer.java","125879","24214","150093"
"2014-03-28 01:58","QuorumPeer.java","120828","22823","143651"
"2009-10-30 17:19","QuorumPeer.java","38635","6793","45428"
"2009-11-20 23:28","QuorumPeer.java","48674","7680","56354"
"2009-12-18 03:19","QuorumPeer.java","50009","8442","58451"
"2009-12-15 23:23","QuorumPeer.java","49190","7897","57087"
"2013-10-21 23:36","QuorumPeer.java","116421","22646","139067"
"2019-10-10 14:37","QuorumPeer.java","261311","113845","375156"
"2013-11-07 06:41","QuorumPeer.java","116879","22673","139552"
"2017-07-27 23:09","QuorumPeer.java","149153","27832","176985"
"2014-05-18 05:49","QuorumPeer.java","124876","24197","149073"
"2011-10-25 08:09","QuorumPeer.java","92294","20745","113039"
"2014-03-25 22:13","QuorumPeer.java","120644","22821","143465"
"2011-04-12 09:14","QuorumPeer.java","83159","17973","101132"
"2011-11-01 08:15","QuorumPeer.java","92562","20824","113386"
"2011-03-16 19:49","QuorumPeer.java","121493","14834","136327"
"2018-06-26 11:18","QuorumPeer.java","157660","28119","185779"
"2018-07-27 12:32","QuorumPeer.java","170266","39507","209773"
"2019-04-18 19:17","QuorumPeer.java","240075","113845","353920"
"2011-10-27 23:25","QuorumPeer.java","92484","20775","113259"
"2011-08-30 08:37","QuorumPeer.java","90894","16459","107353"
"2011-08-30 08:29","QuorumPeer.java","90882","16459","107341"
"2010-08-18 08:24","QuorumPeer.java","88262","14121","102383"
"2013-10-09 22:21","QuorumPeer.java","116058","22646","138704"
"2016-12-20 14:47","QuorumPeer.java","150288","26802","177090"
"2011-05-20 01:17","QuorumPeer.java","84007","18002","102009"
"2010-05-05 22:32","QuorumPeer.java","67972","13526","81498"
"2017-05-11 16:59","QuorumPeer.java","149228","27788","177016"
"2014-07-03 06:01","QuorumPeer.java","126609","24220","150829"
"2014-08-14 08:08","QuorumPeer.java","132770","24482","157252"
"2014-08-01 07:38","QuorumPeer.java","132349","24482","156831"
"2014-07-20 04:50","QuorumPeer.java","131929","24440","156369"
"2016-06-02 00:59","QuorumPeer.java","144327","26274","170601"
"2020-02-16 10:25","QuorumPeer.java","268779","114426","383205"
"2018-06-08 16:52","ZooKeeperServerMain.java","39573","17243","56816"
"2019-04-18 19:17","ZooKeeperServerMain.java","238652","210243","448895"
"2019-11-11 13:59","ZooKeeperServerMain.java","263589","210287","473876"
"2019-11-28 12:24","ZooKeeperServerMain.java","262497","211699","474196"
"2019-11-25 15:37","ZooKeeperServerMain.java","262399","211699","474098"
"2016-08-13 15:01","ZooKeeperServerMain.java","20499","8242","28741"
"2015-06-04 19:51","ZooKeeperServerMain.java","10906","2599","13505"
"2019-08-17 17:13","ZooKeeperServerMain.java","256151","210259","466410"
"2015-03-17 18:06","ZooKeeperServerMain.java","7608","1635","9243"
"2017-07-28 00:36","ZooKeeperServerMain.java","30121","15664","45785"
"2019-04-12 19:01","ZooKeeperServerMain.java","237942","210243","448185"
"2018-09-11 15:23","ZooKeeperServerMain.java","138856","112238","251094"
"2017-02-12 00:12","ZooKeeperServerMain.java","27205","12802","40007"
"2018-06-08 16:52","ZooKeeperServerMain.java","12908","4981","17889"
"2019-04-18 19:17","ZooKeeperServerMain.java","237763","223757","461520"
"2019-11-11 13:59","ZooKeeperServerMain.java","262723","223824","486547"
"2019-11-28 12:24","ZooKeeperServerMain.java","261784","225389","487173"
"2019-11-25 15:37","ZooKeeperServerMain.java","261686","225389","487075"
"2019-08-17 17:13","ZooKeeperServerMain.java","255265","223776","479041"
"2017-07-28 00:36","ZooKeeperServerMain.java","3093","3039","6132"
"2019-04-12 19:01","ZooKeeperServerMain.java","237053","223757","460810"
"2018-09-11 15:23","ZooKeeperServerMain.java","116134","103919","220053"
"2019-12-27 22:33","LeaderBeanTest.java","82001","43907","125908"
"2019-08-17 17:13","LeaderBeanTest.java","65821","36405","102226"
"2019-01-07 14:55","LeaderBeanTest.java","11956","7649","19605"
"2019-11-08 17:30","FinalRequestProcessor.java","262629","168057","430686"
"2019-07-08 23:26","FinalRequestProcessor.java","245791","168057","413848"
"2019-01-16 23:23","FinalRequestProcessor.java","232938","168000","400938"
"2018-09-18 01:00","FinalRequestProcessor.java","187669","104193","291862"
"2019-04-12 19:01","FinalRequestProcessor.java","238823","168058","406881"
"2019-02-07 11:26","FinalRequestProcessor.java","235291","168001","403292"
"2019-01-14 19:38","FinalRequestProcessor.java","232249","167999","400248"
"2013-03-07 07:01","FinalRequestProcessor.java","65982","29130","95112"
"2019-01-09 17:22","FinalRequestProcessor.java","234931","168001","402932"
"2011-07-01 00:53","FinalRequestProcessor.java","35545","20469","56014"
"2015-06-04 19:51","FinalRequestProcessor.java","100746","36836","137582"
"2019-09-10 04:26","FinalRequestProcessor.java","258060","168057","426117"
"2019-08-17 17:13","FinalRequestProcessor.java","257015","168057","425072"
"2016-10-07 21:51","FinalRequestProcessor.java","108053","39092","147145"
"2014-01-24 07:18","FinalRequestProcessor.java","75370","29785","105155"
"2019-06-26 10:57","FinalRequestProcessor.java","244865","168057","412922"
"2019-08-01 07:28","FinalRequestProcessor.java","257196","168057","425253"
"2019-07-03 00:44","FinalRequestProcessor.java","245028","168057","413085"
"2016-03-23 00:30","FinalRequestProcessor.java","104052","38598","142650"
"2019-08-06 17:11","FinalRequestProcessor.java","258116","168057","426173"
"2015-03-17 18:06","FinalRequestProcessor.java","98233","36657","134890"
"2018-07-10 12:46","FinalRequestProcessor.java","127808","49562","177370"
"2020-03-25 03:38","FinalRequestProcessor.java","270847","169104","439951"
"2019-09-16 23:26","FinalRequestProcessor.java","260034","168057","428091"
"2019-10-10 14:37","FinalRequestProcessor.java","260768","168057","428825"
"2019-11-21 05:58","FinalRequestProcessor.java","261229","169104","430333"
"2019-11-18 09:05","FinalRequestProcessor.java","261206","169104","430310"
"2012-12-19 19:16","FinalRequestProcessor.java","61006","28710","89716"
"2011-10-20 20:02","FinalRequestProcessor.java","43767","23637","67404"
"2011-04-12 09:14","FinalRequestProcessor.java","29822","19391","49213"
"2011-10-28 18:59","FinalRequestProcessor.java","44252","23871","68123"
"2019-11-11 13:59","FinalRequestProcessor.java","264425","168057","432482"
"2020-03-26 22:12","FinalRequestProcessor.java","270849","169104","439953"
"2014-04-17 08:47","FinalRequestProcessor.java","83836","35692","119528"
"2014-04-29 02:23","FinalRequestProcessor.java","84545","35695","120240"
"2010-08-18 08:24","FinalRequestProcessor.java","26775","7389","34164"
"2013-10-09 22:21","FinalRequestProcessor.java","71724","29677","101401"
"2011-09-14 08:56","FinalRequestProcessor.java","43406","19127","62533"
"2019-11-29 14:49","QuorumUtil.java","264272","195364","459636"
"2019-08-17 17:13","QuorumUtil.java","256369","194018","450387"
"2020-03-12 14:47","QuorumUtil.java","269658","195364","465022"
"2019-07-12 17:01","QuorumUtil.java","251682","194018","445700"
"2014-01-16 23:59","QuorumUtil.java","5639","823","6462"
"2019-10-10 14:37","QuorumUtil.java","260122","194018","454140"
"2014-05-18 05:49","QuorumUtil.java","18775","8605","27380"
"2013-10-09 22:21","QuorumUtil.java","3395","492","3887"
"2020-05-05 21:20","ServerMetrics.java","74675","42666","117341"
"2020-02-26 22:41","ServerMetrics.java","67923","39076","106999"
"2020-03-25 03:38","ServerMetrics.java","70200","39222","109422"
"2019-09-16 23:26","ServerMetrics.java","52124","30912","83036"
"2019-11-18 09:05","ServerMetrics.java","58284","36947","95231"
"2020-05-03 19:43","ServerMetrics.java","71758","39844","111602"
"2019-06-29 00:33","ServerMetrics.java","10459","4279","14738"
"2019-11-23 17:08","ServerMetrics.java","60036","37142","97178"
"2019-08-17 17:13","ServerMetrics.java","47813","29620","77433"
"2019-05-06 17:48","ServerMetrics.java","2864","358","3222"
"2019-06-05 00:46","ServerMetrics.java","5069","1016","6085"
"2019-04-17 14:16","ServerMetrics.java","282","17","299"
"2019-05-03 00:44","ServerMetrics.java","2437","247","2684"
"2019-04-22 19:15","ServerMetrics.java","998","23","1021"
"2019-06-05 23:57","ServerMetrics.java","5201","1018","6219"
"2019-05-21 23:34","ServerMetrics.java","3750","569","4319"
"2019-07-23 15:55","ServerMetrics.java","19981","5780","25761"
"2019-07-08 23:26","ServerMetrics.java","11448","4479","15927"
"2019-04-25 02:11","ServerMetrics.java","1974","61","2035"
"2019-07-31 19:06","ServerMetrics.java","24727","7227","31954"
"2019-10-10 14:37","X509Util.java","58788","32107","90895"
"2019-07-29 17:09","X509Util.java","27367","7425","34792"
"2019-06-05 00:29","X509Util.java","10670","2075","12745"
"2019-08-17 17:13","X509Util.java","52978","30050","83028"
"2013-09-18 12:58","ClientCnxn.java","76263","28719","104982"
"2015-01-31 08:05","ClientCnxn.java","100315","31465","131780"
"2016-05-02 18:15","ClientCnxn.java","108419","33533","141952"
"2014-01-24 07:18","ClientCnxn.java","83411","29135","112546"
"2019-08-17 17:13","ClientCnxn.java","257033","158476","415509"
"2015-05-10 00:27","ClientCnxn.java","102976","31587","134563"
"2017-12-19 19:27","ClientCnxn.java","119414","36199","155613"
"2019-01-31 15:50","ClientCnxn.java","234643","158419","393062"
"2012-08-02 00:24","ClientCnxn.java","62002","26883","88885"
"2019-04-09 15:35","ClientCnxn.java","237849","158435","396284"
"2013-02-03 15:52","ClientCnxn.java","69623","28143","97766"
"2014-12-20 15:29","ClientCnxn.java","100294","31455","131749"
"2012-03-15 18:01","ClientCnxn.java","58037","25308","83345"
"2019-11-08 17:30","ClientCnxn.java","262647","158476","421123"
"2017-06-08 17:59","ClientCnxn.java","114794","35869","150663"
"2012-09-09 20:24","ClientCnxn.java","62806","26948","89754"
"2019-01-16 14:21","ClientCnxn.java","232956","158419","391375"
"2019-01-07 14:24","ClientCnxn.java","231805","158418","390223"
"2019-03-06 03:32","ClientCnxn.java","236776","158434","395210"
"2010-11-11 18:11","ClientCnxn.java","75985","15961","91946"
"2010-11-10 23:36","ClientCnxn.java","75942","15914","91856"
"2011-09-14 07:43","ClientCnxn.java","52624","20010","72634"
"2011-08-19 00:05","ClientCnxn.java","50226","19832","70058"
"2015-02-06 06:17","ClientCnxn.java","100551","31506","132057"
"2019-02-07 11:26","ClientCnxn.java","235309","158420","393729"
"2018-11-05 19:40","ClientCnxn.java","238436","129764","368200"
"2011-04-12 09:14","ClientCnxn.java","40760","20730","61490"
"2010-10-06 18:14","ClientCnxn.java","72635","15325","87960"
"2010-11-30 21:16","ClientCnxn.java","76569","16174","92743"
"2020-05-17 15:13","ClientCnxn.java","272009","159507","431516"
"2018-06-25 12:30","ClientCnxn.java","123150","36409","159559"
"2012-12-19 19:16","ClientCnxn.java","69081","28094","97175"
"2020-03-03 03:12","ClientCnxn.java","269797","159505","429302"
"2018-09-10 11:44","ClientCnxn.java","187394","97468","284862"
"2011-09-28 22:17","ClientCnxn.java","53515","22848","76363"
"2015-06-13 02:42","ClientCnxn.java","104610","31759","136369"
"2010-10-21 02:44","ClientCnxn.java","74456","15495","89951"
"2010-08-05 09:09","ClientCnxn.java","37816","13967","51783"
"2011-05-20 01:17","ClientCnxn.java","41700","20851","62551"
"2014-03-23 04:12","ClientCnxn.java","84210","29297","113507"
"2015-11-09 00:05","ClientCnxn.java","106230","31887","138117"
"2015-12-06 19:58","ClientCnxn.java","106572","31924","138496"
"2020-01-21 17:53","ClientCnxn.java","266058","159505","425563"
"2015-12-05 22:43","ClientCnxn.java","106569","31924","138493"
"2015-12-05 22:32","ClientCnxn.java","106563","31923","138486"
"2010-03-04 02:28","ClientCnxn.java","10873","8353","19226"
"2019-10-10 14:37","ClientCnxn.java","260786","158476","419262"
"2014-04-01 04:03","ClientCnxn.java","85181","29425","114606"
"2013-09-18 15:14","ClientCnxn.java","76281","28719","105000"
"2013-09-18 04:08","ClientCnxn.java","76177","28719","104896"
"2019-11-21 05:58","ClientCnxn.java","261229","159505","420734"
"2020-04-16 12:50","ClientCnxn.java","271636","159505","431141"
"2018-07-27 05:16","ClientCnxn.java","140801","52908","193709"
"2020-03-25 03:38","CommitProcessor.java","8020","3913","11933"
"2010-03-11 04:17","NIOServerCnxn.java","86546","8648","95194"
"2011-05-03 23:29","NIOServerCnxn.java","100299","10897","111196"
"2009-11-07 01:48","NIOServerCnxn.java","64375","7406","71781"
"2009-12-03 23:30","NIOServerCnxn.java","72708","7783","80491"
"2010-01-26 01:17","NIOServerCnxn.java","77284","8395","85679"
"2009-11-12 20:53","NIOServerCnxn.java","65068","7512","72580"
"2019-11-21 05:58","NIOServerCnxn.java","261329","90577","351906"
"2015-11-08 22:36","NIOServerCnxn.java","157111","17201","174312"
"2019-11-18 09:05","NIOServerCnxn.java","261306","90577","351883"
"2013-09-10 00:37","NIOServerCnxn.java","128186","15216","143402"
"2019-09-16 23:26","NIOServerCnxn.java","260725","90121","350846"
"2019-10-10 14:37","NIOServerCnxn.java","261459","90121","351580"
"2013-10-05 00:57","NIOServerCnxn.java","128949","15225","144174"
"2018-09-28 23:38","NIOServerCnxn.java","213356","52969","266325"
"2010-08-18 08:24","NIOServerCnxn.java","107970","9957","117927"
"2010-05-04 23:45","NIOServerCnxn.java","87761","9462","97223"
"2010-03-09 03:00","NIOServerCnxn.java","85867","8589","94456"
"2020-02-11 06:50","NIOServerCnxn.java","268681","90577","359258"
"2019-01-23 14:00","NIOServerCnxn.java","234406","90094","324500"
"2019-07-08 23:26","NIOServerCnxn.java","246482","90121","336603"
"2019-04-12 19:01","NIOServerCnxn.java","239514","90122","329636"
"2019-01-14 19:38","NIOServerCnxn.java","232971","90094","323065"
"2018-11-17 18:33","NIOServerCnxn.java","225754","90094","315848"
"2017-03-04 19:22","NIOServerCnxn.java","164407","19598","184005"
"2011-08-19 00:05","NIOServerCnxn.java","105469","9429","114898"
"2013-12-11 19:22","NIOServerCnxn.java","133085","15307","148392"
"2012-02-11 00:34","NIOServerCnxn.java","111238","14027","125265"
"2016-12-22 23:23","NIOServerCnxn.java","165943","19144","185087"
"2018-09-18 01:00","NIOServerCnxn.java","210693","52880","263573"
"2019-08-17 17:13","NIOServerCnxn.java","257706","90121","347827"
"2009-06-15 22:52","NIOServerCnxn.java","47429","4422","51851"
"2015-06-28 21:09","NIOServerCnxn.java","155773","17171","172944"
"2015-03-28 20:08","NIOServerCnxn.java","154000","17098","171098"
"2019-07-03 00:44","NIOServerCnxn.java","245719","90121","335840"
"2019-08-03 08:42","NIOServerCnxn.java","258414","90121","348535"
"2016-11-16 06:21","NIOServerCnxn.java","165078","18980","184058"
"2012-12-19 19:07","NIOServerCnxn.java","120523","14771","135294"
"2009-02-03 23:19","NIOServerCnxn.java","15654","2400","18054"
"2017-09-11 18:55","JsonGenerator.java","99601","39489","139090"
"2010-07-05 21:57","JsonGenerator.java","479","300","779"
"2019-10-10 14:37","LeaderSessionTrackerTest.java","7470","3717","11187"
"2019-08-17 17:13","GenerateLoad.java","256104","214963","471067"
"2018-08-06 14:11","GenerateLoad.java","55853","36201","92054"
"2019-10-10 14:37","ProtocolSupport.java","260685","178405","439090"
"2019-08-27 09:23","ProtocolSupport.java","257525","178405","435930"
"2019-08-17 17:13","QuorumServerTest.java","256271","201687","457958"
"2019-05-16 16:25","QuorumServerTest.java","241054","201671","442725"
"2015-10-18 19:00","QuorumServerTest.java","31199","12773","43972"
"2020-02-16 10:25","QuorumServerTest.java","268349","203125","471474"
"2019-08-17 17:13","QuorumHammerTest.java","257015","167976","424991"
"2011-07-29 10:14","QuorumHammerTest.java","36931","17628","54559"
"2011-04-12 09:14","QuorumHammerTest.java","27920","17408","45328"
"2019-04-12 19:01","ZooKeeperCriticalThreadMetricsTest.java","2240","669","2909"
"2019-08-17 17:13","ZooKeeperCriticalThreadMetricsTest.java","49832","30068","79900"
"2015-10-18 19:00","QuorumPeer.java","12895","3682","16577"
"2018-12-20 15:13","QuorumPeer.java","229607","210666","440273"
"2019-05-16 16:25","QuorumPeer.java","240930","210760","451690"
"2018-10-16 16:22","QuorumPeer.java","234776","191008","425784"
"2019-06-14 09:06","QuorumPeer.java","244145","210776","454921"
"2018-12-07 12:41","QuorumPeer.java","226620","210665","437285"
"2019-03-11 19:47","QuorumPeer.java","236055","210686","446741"
"2019-02-13 13:12","QuorumPeer.java","235004","210687","445691"
"2019-04-12 19:01","QuorumPeer.java","237938","210760","448698"
"2018-12-09 03:16","QuorumPeer.java","228694","210665","439359"
"2018-09-11 15:23","QuorumPeer.java","138218","112121","250339"
"2019-11-29 14:49","QuorumPeer.java","264148","212220","476368"
"2018-12-15 07:34","QuorumPeer.java","228609","210665","439274"
"2018-11-27 10:02","QuorumPeer.java","226370","210665","437035"
"2018-09-18 01:00","QuorumPeer.java","139591","112239","251830"
"2019-06-03 19:40","QuorumPeer.java","241478","210776","452254"
"2019-07-15 14:15","QuorumPeer.java","251566","210776","462342"
"2015-03-17 18:06","QuorumPeer.java","6860","1408","8268"
"2019-07-03 00:44","QuorumPeer.java","244160","210776","454936"
"2019-08-17 17:13","QuorumPeer.java","256147","210776","466923"
"2015-06-27 02:03","QuorumPeer.java","10583","2442","13025"
"2017-11-28 00:10","QuorumPeer.java","34511","16155","50666"
"2018-01-30 08:02","QuorumPeer.java","35067","16558","51625"
"2019-05-15 11:56","QuorumPeer.java","240885","210760","451645"
"2019-06-05 00:33","QuorumPeer.java","241868","210776","452644"
"2019-05-20 23:13","QuorumPeer.java","241003","210760","451763"
"2019-06-04 10:55","QuorumPeer.java","241631","210776","452407"
"2019-07-12 17:01","QuorumPeer.java","251460","210776","462236"
"2020-01-09 11:27","QuorumPeer.java","265695","212221","477916"
"2017-02-09 11:40","QuorumPeer.java","27026","9894","36920"
"2017-07-06 18:48","QuorumPeer.java","28762","13944","42706"
"2018-10-01 06:11","QuorumPeer.java","142845","112914","255759"
"2015-04-09 20:16","QuorumPeer.java","7965","1450","9415"
"2018-07-04 17:11","QuorumPeer.java","47414","25344","72758"
"2019-12-17 13:48","QuorumPeer.java","264720","212220","476940"
"2015-12-07 05:59","QuorumPeer.java","13945","3974","17919"
"2020-01-23 13:43","QuorumPeer.java","267519","212221","479740"
"2016-06-23 23:45","QuorumPeer.java","18588","7547","26135"
"2016-06-23 23:25","QuorumPeer.java","18446","7513","25959"
"2018-12-06 10:56","QuorumPeer.java","226564","210665","437229"
"2019-10-10 14:37","QuorumPeer.java","259900","210776","470676"
"2017-07-27 23:09","QuorumPeer.java","29290","15458","44748"
"2018-06-26 11:18","QuorumPeer.java","39139","17087","56226"
"2018-07-27 12:32","QuorumPeer.java","59129","35859","94988"
"2019-04-18 19:17","QuorumPeer.java","238648","210760","449408"
"2016-12-20 14:47","QuorumPeer.java","25615","9618","35233"
"2017-05-11 16:59","QuorumPeer.java","27563","13612","41175"
"2014-08-14 08:08","QuorumPeer.java","1323","524","1847"
"2014-08-01 07:38","QuorumPeer.java","757","379","1136"
"2016-06-02 00:59","QuorumPeer.java","18019","7455","25474"
"2020-02-16 10:25","QuorumPeer.java","268232","212221","480453"
"2011-04-12 09:14","QuorumVerifier.java","59432","22832","82264"
"2013-03-07 07:01","QuorumVerifier.java","91184","29504","120688"
"2012-04-23 01:20","QuorumVerifier.java","78002","28160","106162"
"2019-08-17 17:13","QuorumVerifier.java","257499","142372","399871"
"2019-09-18 11:20","DataTreeTest.java","258204","225011","483215"
"2019-12-27 22:33","DataTreeTest.java","265575","226616","492191"
"2019-10-09 16:38","DataTreeTest.java","258789","225011","483800"
"2019-01-30 16:28","DataTreeTest.java","232285","224893","457178"
"2019-02-07 11:26","DataTreeTest.java","233507","224894","458401"
"2018-12-20 15:17","DataTreeTest.java","228773","224892","453665"
"2018-09-04 11:54","DataTreeTest.java","117204","107452","224656"
"2019-07-31 19:06","DataTreeTest.java","254599","225011","479610"
"2019-04-12 19:01","DataTreeTest.java","237080","224992","462072"
"2019-09-10 15:21","DataTreeTest.java","256335","225011","481346"
"2019-08-17 17:13","DataTreeTest.java","255292","225011","480303"
"2017-06-18 19:23","DataTreeTest.java","4926","5831","10757"
"2019-04-12 12:29","DataTreeTest.java","236649","224992","461641"
"2019-08-17 17:13","QuorumRequestPipelineTest.java","255966","218914","474880"
"2017-09-11 18:55","QuorumRequestPipelineTest.java","18975","12795","31770"
"2019-08-17 17:13","VerifyingFileFactoryTest.java","256742","177119","433861"
"2015-07-07 07:11","VerifyingFileFactoryTest.java","62770","20199","82969"
"2019-10-10 14:37","LocalSessionRequestTest.java","7470","3717","11187"
"2019-09-20 10:06","LocalSessionRequestTest.java","5302","2439","7741"
"2019-12-27 22:33","FileTxnSnapLog.java","265525","230867","496392"
"2019-10-10 14:37","FileTxnSnapLog.java","258829","229096","487925"
"2019-12-13 08:51","FileTxnSnapLog.java","263561","230866","494427"
"2020-01-23 16:46","FileTxnSnapLog.java","266775","230868","497643"
"2020-01-28 17:26","FileTxnSnapLog.java","267246","230868","498114"
"2018-06-08 16:52","FileTxnSnapLog.java","3091","673","3764"
"2019-09-02 08:23","FileTxnSnapLog.java","255733","229096","484829"
"2019-07-31 19:06","FileTxnSnapLog.java","254382","229095","483477"
"2018-07-30 06:22","FileTxnSnapLog.java","26077","22004","48081"
"2020-01-30 09:43","FileTxnSnapLog.java","267322","230868","498190"
"2019-05-14 17:11","FileTxnSnapLog.java","239722","229075","468797"
"2019-05-21 23:34","FileTxnSnapLog.java","240045","229077","469122"
"2019-05-27 10:54","FileTxnSnapLog.java","240377","229077","469454"
"2018-02-23 23:49","FileTxnSnapLog.java","211","47","258"
"2019-08-17 17:13","FileTxnSnapLog.java","255075","229095","484170"
"2019-07-03 00:44","EnsembleAuthenticationProvider.java","10602","4396","14998"
"2019-08-17 17:13","EnsembleAuthenticationProvider.java","47813","29620","77433"
"2019-08-17 17:13","ReadOnlyModeTest.java","256904","174606","431510"
"2015-02-06 06:17","ReadOnlyModeTest.java","62991","21834","84825"
"2017-04-18 01:37","ReadOnlyModeTest.java","79738","28138","107876"
"2017-06-08 17:51","ReadOnlyModeTest.java","79956","28988","108944"
"2013-10-09 22:21","ReadOnlyModeTest.java","37091","14241","51332"
"2011-11-01 08:15","ReadOnlyModeTest.java","8020","6844","14864"
"2013-09-18 01:14","ReadOnlyModeTest.java","33450","13887","47337"
"2019-05-20 17:18","KerberosUtil.java","241239","180067","421306"
"2019-08-17 17:13","KerberosUtil.java","256464","180083","436547"
"2019-08-17 17:13","PemReaderTest.java","68806","36682","105488"
"2019-09-16 23:26","ZooKeeperServerMXBean.java","42576","28333","70909"
"2019-11-14 03:54","ZooKeeperServerMXBean.java","48693","29460","78153"
"2020-03-25 03:38","ZooKeeperServerMXBean.java","60801","36792","97593"
"2019-07-30 02:31","ZooKeeperServerMXBean.java","11924","2779","14703"
"2019-08-17 17:13","ZooKeeperServerMXBean.java","37963","26739","64702"
"2019-09-16 23:26","ZooKeeperServerMXBean.java","57642","31350","88992"
"2019-11-14 03:54","ZooKeeperServerMXBean.java","63657","32375","96032"
"2020-03-25 03:38","ZooKeeperServerMXBean.java","75270","39212","114482"
"2019-05-22 11:39","ZooKeeperServerMXBean.java","10239","1766","12005"
"2019-07-30 02:31","ZooKeeperServerMXBean.java","29458","8264","37722"
"2019-08-17 17:13","ZooKeeperServerMXBean.java","53344","30071","83415"
"2019-07-08 23:26","ZooKeeperServerMXBean.java","17649","5600","23249"
"2015-10-18 19:00","QuorumPeer.java","172526","19998","192524"
"2018-12-20 15:13","QuorumPeer.java","231252","72454","303706"
"2019-05-16 16:25","QuorumPeer.java","242509","72482","314991"
"2009-01-15 23:57","QuorumPeer.java","26401","8777","35178"
"2018-10-16 16:22","QuorumPeer.java","248731","61648","310379"
"2019-06-14 09:06","QuorumPeer.java","245708","72482","318190"
"2010-03-16 23:25","QuorumPeer.java","109681","13705","123386"
"2008-10-03 15:06","QuorumPeer.java","1811","1546","3357"
"2018-12-07 12:41","QuorumPeer.java","228266","72454","300720"
"2012-04-23 01:20","QuorumPeer.java","129568","17363","146931"
"2012-07-17 23:19","QuorumPeer.java","130353","17376","147729"
"2019-03-11 19:47","QuorumPeer.java","237686","72460","310146"
"2012-02-27 03:41","QuorumPeer.java","127339","17219","144558"
"2014-07-18 02:19","QuorumPeer.java","162615","19821","182436"
"2019-02-13 13:12","QuorumPeer.java","236635","72461","309096"
"2011-04-29 18:12","QuorumPeer.java","122395","15359","137754"
"2019-04-12 19:01","QuorumPeer.java","239517","72482","311999"
"2018-12-09 03:16","QuorumPeer.java","230340","72454","302794"
"2018-09-11 15:23","QuorumPeer.java","218466","49054","267520"
"2019-11-29 14:49","QuorumPeer.java","264720","72935","337655"
"2013-03-07 07:01","QuorumPeer.java","142291","18248","160539"
"2018-12-15 07:34","QuorumPeer.java","230255","72454","302709"
"2018-11-27 10:02","QuorumPeer.java","228016","72454","300470"
"2018-09-18 01:00","QuorumPeer.java","219760","49093","268853"
"2009-11-18 18:47","QuorumPeer.java","92898","13002","105900"
"2012-02-06 09:40","QuorumPeer.java","127029","17150","144179"
"2019-06-03 19:40","QuorumPeer.java","243041","72482","315523"
"2019-07-15 14:15","QuorumPeer.java","253129","72482","325611"
"2015-03-17 18:06","QuorumPeer.java","168704","19937","188641"
"2019-07-03 00:44","QuorumPeer.java","245723","72482","318205"
"2009-06-18 18:37","QuorumPeer.java","72814","11093","83907"
"2019-08-17 17:13","QuorumPeer.java","257710","72482","330192"
"2015-06-27 02:03","QuorumPeer.java","171443","19987","191430"
"2009-11-18 20:06","QuorumPeer.java","95242","13012","108254"
"2017-11-28 00:10","QuorumPeer.java","182538","20867","203405"
"2014-01-21 04:50","QuorumPeer.java","149546","18353","167899"
"2014-06-04 22:07","QuorumPeer.java","156720","19726","176446"
"2018-01-30 08:02","QuorumPeer.java","182724","20900","203624"
"2019-05-15 11:56","QuorumPeer.java","242464","72482","314946"
"2019-06-05 00:33","QuorumPeer.java","243431","72482","315913"
"2009-02-06 22:19","QuorumPeer.java","40942","9832","50774"
"2019-05-20 23:13","QuorumPeer.java","242582","72482","315064"
"2019-06-04 10:55","QuorumPeer.java","243194","72482","315676"
"2019-07-12 17:01","QuorumPeer.java","253023","72482","325505"
"2020-01-09 11:27","QuorumPeer.java","266266","72935","339201"
"2017-02-09 11:40","QuorumPeer.java","180920","20473","201393"
"2011-06-14 07:14","QuorumPeer.java","124032","15381","139413"
"2009-04-17 00:59","QuorumPeer.java","43343","10430","53773"
"2008-12-09 06:14","QuorumPeer.java","22151","4789","26940"
"2017-07-06 18:48","QuorumPeer.java","178956","20823","199779"
"2018-10-01 06:11","QuorumPeer.java","222430","49184","271614"
"2015-04-09 20:16","QuorumPeer.java","169769","19939","189708"
"2013-10-07 21:08","QuorumPeer.java","145180","18321","163501"
"2013-09-30 22:20","QuorumPeer.java","144749","18321","163070"
"2018-07-04 17:11","QuorumPeer.java","189303","23918","213221"
"2019-12-17 13:48","QuorumPeer.java","265292","72935","338227"
"2015-12-07 05:59","QuorumPeer.java","173291","20005","193296"
"2020-01-23 13:43","QuorumPeer.java","268090","72935","341025"
"2016-06-23 23:45","QuorumPeer.java","174414","20058","194472"
"2011-05-03 19:57","QuorumPeer.java","122400","15360","137760"
"2016-06-23 23:25","QuorumPeer.java","174306","20058","194364"
"2010-03-09 05:44","QuorumPeer.java","108825","13624","122449"
"2010-03-12 19:26","QuorumPeer.java","109620","13689","123309"
"2014-03-23 04:12","QuorumPeer.java","151867","18454","170321"
"2013-09-26 00:13","QuorumPeer.java","144505","18321","162826"
"2011-06-17 01:34","QuorumPeer.java","124135","15413","139548"
"2011-06-14 14:11","QuorumPeer.java","124059","15381","139440"
"2010-03-10 02:27","QuorumPeer.java","109042","13627","122669"
"2010-03-10 19:52","QuorumPeer.java","109132","13631","122763"
"2014-07-18 20:48","QuorumPeer.java","163079","19826","182905"
"2014-07-04 04:19","QuorumPeer.java","158368","19731","178099"
"2018-12-06 10:56","QuorumPeer.java","228210","72454","300664"
"2014-06-25 15:04","QuorumPeer.java","157217","19726","176943"
"2014-03-28 01:58","QuorumPeer.java","152285","18454","170739"
"2009-10-30 17:19","QuorumPeer.java","85981","12624","98605"
"2009-11-20 23:28","QuorumPeer.java","95515","13006","108521"
"2009-12-18 03:19","QuorumPeer.java","96383","13301","109684"
"2009-12-15 23:23","QuorumPeer.java","95948","13140","109088"
"2013-10-21 23:36","QuorumPeer.java","147947","18346","166293"
"2019-10-10 14:37","QuorumPeer.java","261463","72482","333945"
"2013-11-07 06:41","QuorumPeer.java","148378","18346","166724"
"2017-07-27 23:09","QuorumPeer.java","177975","20828","198803"
"2014-05-18 05:49","QuorumPeer.java","156225","19720","175945"
"2011-10-25 08:09","QuorumPeer.java","124379","17004","141383"
"2014-03-25 22:13","QuorumPeer.java","152103","18454","170557"
"2011-04-12 09:14","QuorumPeer.java","122033","15332","137365"
"2011-11-01 08:15","QuorumPeer.java","124637","17073","141710"
"2011-03-16 19:49","QuorumPeer.java","163319","15145","178464"
"2018-06-26 11:18","QuorumPeer.java","186348","20981","207329"
"2018-07-27 12:32","QuorumPeer.java","190530","23945","214475"
"2019-04-18 19:17","QuorumPeer.java","240227","72482","312709"
"2011-10-27 23:25","QuorumPeer.java","124562","17027","141589"
"2011-08-30 08:37","QuorumPeer.java","124517","14256","138773"
"2011-08-30 08:29","QuorumPeer.java","124505","14256","138761"
"2010-08-18 08:24","QuorumPeer.java","130287","14631","144918"
"2013-10-09 22:21","QuorumPeer.java","147585","18347","165932"
"2016-12-20 14:47","QuorumPeer.java","179750","20438","200188"
"2011-05-20 01:17","QuorumPeer.java","122882","15362","138244"
"2010-05-05 22:32","QuorumPeer.java","110222","14261","124483"
"2017-05-11 16:59","QuorumPeer.java","178060","20794","198854"
"2014-07-03 06:01","QuorumPeer.java","157945","19730","177675"
"2014-08-14 08:08","QuorumPeer.java","163988","19874","183862"
"2014-08-01 07:38","QuorumPeer.java","163571","19878","183449"
"2009-04-24 20:26","QuorumPeer.java","52030","10515","62545"
"2014-07-20 04:50","QuorumPeer.java","163148","19833","182981"
"2016-06-02 00:59","QuorumPeer.java","173937","20058","193995"
"2020-02-16 10:25","QuorumPeer.java","268803","72935","341738"
"2019-10-10 14:37","WatcherCleaner.java","53666","31720","85386"
"2019-08-17 17:13","WatcherCleaner.java","47813","29620","77433"
"2020-05-05 21:20","ServerMetrics.java","53307","38798","92105"
"2020-02-26 22:41","ServerMetrics.java","46453","35106","81559"
"2020-03-25 03:38","ServerMetrics.java","48747","35269","84016"
"2019-09-16 23:26","ServerMetrics.java","30299","26587","56886"
"2019-11-18 09:05","ServerMetrics.java","36525","32688","69213"
"2020-05-03 19:43","ServerMetrics.java","50362","35948","86310"
"2019-11-23 17:08","ServerMetrics.java","38289","32895","71184"
"2019-08-17 17:13","ServerMetrics.java","25455","24762","50217"
"2019-08-17 17:13","AckRequestProcessor.java","256932","178405","435337"
"2019-05-28 15:55","AckRequestProcessor.java","242260","178406","420666"
"2016-10-07 21:51","ReadOnlyRequestProcessor.java","11533","6482","18015"
"2019-08-17 17:13","ReadOnlyRequestProcessor.java","255978","218393","474371"
"2016-11-24 17:18","QuorumHierarchical.java","86685","25183","111868"
"2013-03-07 07:01","QuorumHierarchical.java","39549","12977","52526"
"2018-11-17 18:37","QuorumHierarchical.java","224940","178338","403278"
"2012-04-23 01:20","QuorumHierarchical.java","25525","10791","36316"
"2019-08-03 08:42","QuorumHierarchical.java","257640","178405","436045"
"2019-08-17 17:13","QuorumHierarchical.java","256932","178405","435337"
"2019-10-10 14:37","QuorumHierarchical.java","260685","178405","439090"
"2018-12-09 03:16","FollowerRequestProcessor.java","228635","215010","443645"
"2016-10-07 21:51","FollowerRequestProcessor.java","16146","7713","23859"
"2019-08-17 17:13","FollowerRequestProcessor.java","256089","215122","471211"
"2015-06-04 19:51","FollowerRequestProcessor.java","4815","1433","6248"
"2019-08-01 07:31","FollowerRequestProcessor.java","256760","215122","471882"
"2020-03-25 03:38","FollowerRequestProcessor.java","270322","216570","486892"
"2019-10-10 14:37","FollowerRequestProcessor.java","259842","215122","474964"
"2020-05-05 21:20","FollowerRequestProcessor.java","271353","216570","487923"
"2020-02-16 10:25","LearnerTest.java","8112","4029","12141"
"2020-01-28 17:26","LearnerTest.java","6174","2333","8507"
"2014-07-08 05:25","FLELostMessageTest.java","37947","12638","50585"
"2019-08-17 17:13","FLELostMessageTest.java","256464","181596","438060"
"2017-11-28 00:10","FLELostMessageTest.java","72218","24365","96583"
"2019-07-12 17:01","FLELostMessageTest.java","251777","181596","433373"
"2018-06-08 16:52","ZooKeeperServerMXBean.java","172422","20133","192555"
"2019-09-16 23:26","ZooKeeperServerMXBean.java","260725","90102","350827"
"2019-11-14 03:54","ZooKeeperServerMXBean.java","265715","90102","355817"
"2015-12-07 06:26","ZooKeeperServerMXBean.java","157963","17291","175254"
"2010-03-12 19:26","ZooKeeperServerMXBean.java","87093","8786","95879"
"2020-03-25 03:38","ZooKeeperServerMXBean.java","270947","90558","361505"
"2019-05-22 11:39","ZooKeeperServerMXBean.java","242907","90103","333010"
"2019-07-30 02:31","ZooKeeperServerMXBean.java","255627","90102","345729"
"2018-02-07 01:05","ZooKeeperServerMXBean.java","169766","20075","189841"
"2018-07-12 01:33","ZooKeeperServerMXBean.java","179111","26353","205464"
"2019-08-17 17:13","ZooKeeperServerMXBean.java","257706","90102","347808"
"2012-02-11 00:34","ZooKeeperServerMXBean.java","111324","14094","125418"
"2017-04-28 07:14","ZooKeeperServerMXBean.java","164926","19665","184591"
"2019-01-14 19:38","ZooKeeperServerMXBean.java","232971","90075","323046"
"2015-07-10 08:19","ZooKeeperServerMXBean.java","156160","17214","173374"
"2019-07-08 23:26","ZooKeeperServerMXBean.java","246482","90102","336584"
"2019-01-23 14:00","ZooKeeperServerMXBean.java","234406","90075","324481"
"2019-11-08 17:30","FinalRequestProcessor.java","262599","187413","450012"
"2019-07-08 23:26","FinalRequestProcessor.java","245761","187413","433174"
"2019-01-16 23:23","FinalRequestProcessor.java","232900","187348","420248"
"2018-09-18 01:00","FinalRequestProcessor.java","183707","119535","303242"
"2019-04-12 19:01","FinalRequestProcessor.java","238793","187414","426207"
"2019-02-07 11:26","FinalRequestProcessor.java","235253","187349","422602"
"2019-01-14 19:38","FinalRequestProcessor.java","232211","187347","419558"
"2013-03-07 07:01","FinalRequestProcessor.java","43840","26292","70132"
"2019-01-09 17:22","FinalRequestProcessor.java","234893","187349","422242"
"2011-07-01 00:53","FinalRequestProcessor.java","11765","16075","27840"
"2015-06-04 19:51","FinalRequestProcessor.java","79033","34427","113460"
"2019-09-10 04:26","FinalRequestProcessor.java","258030","187413","445443"
"2019-08-17 17:13","FinalRequestProcessor.java","256985","187413","444398"
"2016-10-07 21:51","FinalRequestProcessor.java","87230","37573","124803"
"2014-01-24 07:18","FinalRequestProcessor.java","53281","27000","80281"
"2019-06-26 10:57","FinalRequestProcessor.java","244835","187413","432248"
"2019-08-01 07:28","FinalRequestProcessor.java","257166","187413","444579"
"2019-07-03 00:44","FinalRequestProcessor.java","244998","187413","432411"
"2016-03-23 00:30","FinalRequestProcessor.java","83208","37058","120266"
"2019-08-06 17:11","FinalRequestProcessor.java","258086","187413","445499"
"2015-03-17 18:06","FinalRequestProcessor.java","76494","34222","110716"
"2018-07-10 12:46","FinalRequestProcessor.java","107532","48590","156122"
"2020-03-25 03:38","FinalRequestProcessor.java","270843","188486","459329"
"2019-09-16 23:26","FinalRequestProcessor.java","260004","187413","447417"
"2019-10-10 14:37","FinalRequestProcessor.java","260738","187413","448151"
"2019-11-21 05:58","FinalRequestProcessor.java","261225","188486","449711"
"2019-11-18 09:05","FinalRequestProcessor.java","261202","188486","449688"
"2012-12-19 19:16","FinalRequestProcessor.java","38822","25830","64652"
"2011-10-20 20:02","FinalRequestProcessor.java","21179","20353","41532"
"2011-04-12 09:14","FinalRequestProcessor.java","5707","14662","20369"
"2011-10-28 18:59","FinalRequestProcessor.java","21677","20600","42277"
"2019-11-11 13:59","FinalRequestProcessor.java","264395","187413","451808"
"2020-03-26 22:12","FinalRequestProcessor.java","270845","188486","459331"
"2014-04-17 08:47","FinalRequestProcessor.java","61888","33048","94936"
"2014-04-29 02:23","FinalRequestProcessor.java","62599","33053","95652"
"2013-10-09 22:21","FinalRequestProcessor.java","49599","26856","76455"
"2011-09-14 08:56","FinalRequestProcessor.java","20736","15761","36497"
"2018-08-06 14:11","SledgeHammer.java","42836","30458","73294"
"2019-08-17 17:13","SledgeHammer.java","255887","222020","477907"
"2017-07-28 00:36","WatchedEvent.java","179301","21162","200463"
"2019-08-17 17:13","WatchedEvent.java","257710","71594","329304"
"2018-08-08 06:21","SessionTrackerCheckTest.java","123640","85317","208957"
"2019-08-17 17:13","SessionTrackerCheckTest.java","256367","196919","453286"
"2015-03-08 23:07","SessionTrackerCheckTest.java","29285","10804","40089"
"2018-07-10 12:46","QuorumTest.java","128242","49668","177910"
"2019-08-17 17:13","QuorumTest.java","257015","167729","424744"
"2010-11-04 17:01","QuorumTest.java","57696","7900","65596"
"2012-12-13 08:14","QuorumTest.java","59222","28537","87759"
"2011-06-22 00:19","QuorumTest.java","32940","20112","53052"
"2010-03-19 07:46","QuorumTest.java","631","303","934"
"2011-07-15 06:50","QuorumTest.java","35960","18967","54927"
"2010-08-18 08:24","QuorumTest.java","27381","7667","35048"
"2013-10-09 22:21","QuorumTest.java","72203","29828","102031"
"2010-03-31 06:26","QuorumTest.java","2961","2714","5675"
"2011-09-17 02:13","QuorumTest.java","44077","22002","66079"
"2010-07-29 23:10","QuorumTest.java","20716","6192","26908"
"2011-04-12 09:14","QuorumTest.java","30345","19586","49931"
"2019-10-10 14:37","QuorumTest.java","260768","167729","428497"
"2019-09-18 11:20","QuorumTest.java","259927","167729","427656"
"2019-12-28 16:17","QuorumTest.java","266647","168776","435423"
"2015-11-03 08:11","QuorumTest.java","102814","37111","139925"
"2011-07-29 10:14","QuorumTest.java","38590","19065","57655"
"2015-07-07 07:11","BaseSysTest.java","152053","24088","176141"
"2015-08-23 19:12","BaseSysTest.java","152598","24091","176689"
"2018-12-20 07:24","BaseSysTest.java","231160","101463","332623"
"2020-03-26 22:20","BaseSysTest.java","271185","101948","373133"
"2011-09-02 19:02","BaseSysTest.java","102815","16180","118995"
"2014-05-09 23:37","BaseSysTest.java","135903","23498","159401"
"2017-09-11 18:55","BaseSysTest.java","161119","26974","188093"
"2019-07-12 17:01","BaseSysTest.java","253000","101490","354490"
"2014-08-14 09:32","BaseSysTest.java","144338","23875","168213"
"2015-07-07 07:11","ExistsTest.java","76443","22280","98723"
"2019-11-08 17:30","FinalRequestProcessor.java","262009","196947","458956"
"2019-07-08 23:26","FinalRequestProcessor.java","245143","196919","442062"
"2019-01-16 23:23","FinalRequestProcessor.java","232249","196821","429070"
"2018-09-18 01:00","FinalRequestProcessor.java","153242","111813","265055"
"2019-04-12 19:01","FinalRequestProcessor.java","238158","196903","435061"
"2019-02-07 11:26","FinalRequestProcessor.java","234602","196822","431424"
"2019-01-14 19:38","FinalRequestProcessor.java","231560","196820","428380"
"2019-01-09 17:22","FinalRequestProcessor.java","234242","196822","431064"
"2015-06-04 19:51","FinalRequestProcessor.java","33308","11445","44753"
"2019-09-10 04:26","FinalRequestProcessor.java","257412","196919","454331"
"2019-08-17 17:13","FinalRequestProcessor.java","256367","196919","453286"
"2016-10-07 21:51","FinalRequestProcessor.java","44137","17223","61360"
"2014-01-24 07:18","FinalRequestProcessor.java","3936","398","4334"
"2019-06-26 10:57","FinalRequestProcessor.java","244217","196919","441136"
"2019-08-01 07:28","FinalRequestProcessor.java","256548","196919","453467"
"2019-07-03 00:44","FinalRequestProcessor.java","244380","196919","441299"
"2016-03-23 00:30","FinalRequestProcessor.java","39349","15942","55291"
"2019-08-06 17:11","FinalRequestProcessor.java","257468","196919","454387"
"2015-03-17 18:06","FinalRequestProcessor.java","30466","10937","41403"
"2018-07-10 12:46","FinalRequestProcessor.java","68441","32242","100683"
"2020-03-25 03:38","FinalRequestProcessor.java","270500","198267","468767"
"2019-09-16 23:26","FinalRequestProcessor.java","259386","196919","456305"
"2019-10-10 14:37","FinalRequestProcessor.java","260120","196919","457039"
"2019-11-21 05:58","FinalRequestProcessor.java","260882","198267","459149"
"2019-11-18 09:05","FinalRequestProcessor.java","260859","198267","459126"
"2019-11-11 13:59","FinalRequestProcessor.java","263805","196947","460752"
"2020-03-26 22:12","FinalRequestProcessor.java","270502","198267","468769"
"2014-04-17 08:47","FinalRequestProcessor.java","14090","7993","22083"
"2014-04-29 02:23","FinalRequestProcessor.java","14802","7999","22801"
"2019-06-03 19:40","FollowerZooKeeperServer.java","242446","154969","397415"
"2019-08-17 17:13","FollowerZooKeeperServer.java","257115","154969","412084"
"2019-05-03 00:44","FollowerZooKeeperServer.java","241113","154970","396083"
"2019-06-04 10:55","FollowerZooKeeperServer.java","242599","154969","397568"
"2018-08-06 14:11","FollowerZooKeeperServer.java","144997","52711","197708"
"2018-12-09 03:16","FollowerZooKeeperServer.java","229721","154917","384638"
"2018-11-21 17:56","FollowerZooKeeperServer.java","225153","154917","380070"
"2011-10-20 20:02","FollowerZooKeeperServer.java","56975","24565","81540"
"2011-04-12 09:14","FollowerZooKeeperServer.java","44456","20837","65293"
"2010-08-18 08:24","FollowerZooKeeperServer.java","48057","15483","63540"
"2019-11-28 12:24","FollowerZooKeeperServer.java","262968","155916","418884"
"2019-12-27 22:33","FollowerZooKeeperServer.java","266740","155916","422656"
"2019-08-17 17:13","DelQuotaCommand.java","52428","30087","82515"
"2020-02-26 22:41","NettyServerCnxnFactory.java","45250","35304","80554"
"2019-10-10 14:37","NettyServerCnxnFactory.java","30687","27642","58329"
"2019-09-10 18:50","NettyServerCnxnFactory.java","26885","26476","53361"
"2019-11-14 03:54","NettyServerCnxnFactory.java","35222","27921","63143"
"2019-08-17 17:13","NettyServerCnxnFactory.java","24190","24898","49088"
"2019-11-23 17:08","NettyServerCnxnFactory.java","37084","33091","70175"
"2019-10-10 14:37","Observer.java","69561","38466","108027"
"2019-12-27 22:33","Observer.java","80018","43998","124016"
"2019-07-15 14:15","Observer.java","36225","13464","49689"
"2019-08-23 19:43","Observer.java","64486","36478","100964"
"2019-08-17 17:13","Observer.java","63823","36481","100304"
"2019-05-03 00:44","Observer.java","19971","8632","28603"
"2019-06-05 00:33","Observer.java","22389","9326","31715"
"2019-07-02 07:34","Observer.java","27695","12410","40105"
"2019-06-24 11:05","NettyServerCnxnTest.java","3279","2050","5329"
"2019-07-23 15:55","NettyServerCnxnTest.java","14647","4743","19390"
"2019-08-17 17:13","NettyServerCnxnTest.java","43284","29388","72672"
"2018-07-19 05:59","MBeanRegistry.java","65753","36177","101930"
"2019-05-03 17:37","MBeanRegistry.java","240260","203957","444217"
"2019-08-17 17:13","MBeanRegistry.java","256154","203973","460127"
"2019-10-10 14:37","MBeanRegistry.java","259907","203973","463880"
"2015-09-10 06:07","MBeanRegistry.java","20884","5098","25982"
"2019-08-17 17:13","BitHashSetTest.java","174218","158773","332991"
"2019-12-27 22:33","FileTxnSnapLogTest.java","265525","230867","496392"
"2019-04-29 16:49","FileTxnSnapLogTest.java","238892","229075","467967"
"2019-06-03 19:40","FileTxnSnapLogTest.java","240405","229094","469499"
"2019-08-17 17:13","FileTxnSnapLogTest.java","255075","229095","484170"
"2015-07-07 07:11","MultiOperationTest.java","9091","3063","12154"
"2019-09-18 11:20","MultiOperationTest.java","259017","213025","472042"
"2015-11-21 22:18","MultiOperationTest.java","10890","3374","14264"
"2019-06-26 10:57","MultiOperationTest.java","243955","213025","456980"
"2019-08-17 17:13","MultiOperationTest.java","256105","213025","469130"
"2019-11-08 17:30","FinalRequestProcessor.java","262403","179573","441976"
"2019-07-08 23:26","FinalRequestProcessor.java","245537","179545","425082"
"2019-01-16 23:23","FinalRequestProcessor.java","232683","179487","412170"
"2018-09-18 01:00","FinalRequestProcessor.java","173669","114472","288141"
"2019-04-12 19:01","FinalRequestProcessor.java","238569","179546","418115"
"2019-02-07 11:26","FinalRequestProcessor.java","235036","179488","414524"
"2019-01-14 19:38","FinalRequestProcessor.java","231994","179486","411480"
"2013-03-07 07:01","FinalRequestProcessor.java","26075","13502","39577"
"2019-01-09 17:22","FinalRequestProcessor.java","234676","179488","414164"
"2015-06-04 19:51","FinalRequestProcessor.java","62039","22408","84447"
"2019-09-10 04:26","FinalRequestProcessor.java","257806","179545","437351"
"2019-08-17 17:13","FinalRequestProcessor.java","256761","179545","436306"
"2016-10-07 21:51","FinalRequestProcessor.java","71777","27095","98872"
"2014-01-24 07:18","FinalRequestProcessor.java","35785","14479","50264"
"2019-06-26 10:57","FinalRequestProcessor.java","244611","179545","424156"
"2019-08-01 07:28","FinalRequestProcessor.java","256942","179545","436487"
"2019-07-03 00:44","FinalRequestProcessor.java","244774","179545","424319"
"2016-03-23 00:30","FinalRequestProcessor.java","67551","26376","93927"
"2019-08-06 17:11","FinalRequestProcessor.java","257862","179545","437407"
"2015-03-17 18:06","FinalRequestProcessor.java","59390","22093","81483"
"2018-07-10 12:46","FinalRequestProcessor.java","93896","39929","133825"
"2020-03-25 03:38","FinalRequestProcessor.java","270756","180755","451511"
"2019-09-16 23:26","FinalRequestProcessor.java","259780","179545","439325"
"2019-10-10 14:37","FinalRequestProcessor.java","260514","179545","440059"
"2019-11-21 05:58","FinalRequestProcessor.java","261138","180755","441893"
"2019-11-18 09:05","FinalRequestProcessor.java","261115","180755","441870"
"2012-12-19 19:16","FinalRequestProcessor.java","20480","12463","32943"
"2011-10-20 20:02","FinalRequestProcessor.java","1723","5872","7595"
"2011-10-28 18:59","FinalRequestProcessor.java","2573","6471","9044"
"2019-11-11 13:59","FinalRequestProcessor.java","264199","179573","443772"
"2020-03-26 22:12","FinalRequestProcessor.java","270758","180755","451513"
"2014-04-17 08:47","FinalRequestProcessor.java","44471","20606","65077"
"2014-04-29 02:23","FinalRequestProcessor.java","45183","20612","65795"
"2013-10-09 22:21","FinalRequestProcessor.java","32026","14258","46284"
"2019-10-10 14:37","RequestPathMetricsCollector.java","7470","3717","11187"
"2019-11-08 17:30","RequestPathMetricsCollector.java","9522","3908","13430"
"2019-11-18 09:05","ResponseCache.java","12157","9013","21170"
"2019-08-17 17:13","GetProposalFromTxnTest.java","256292","198717","455009"
"2016-08-24 01:36","GetProposalFromTxnTest.java","40810","17102","57912"
"2019-12-27 22:33","GetProposalFromTxnTest.java","266387","200134","466521"
"2019-08-17 17:13","WrappedAuthenticationProvider.java","255292","225558","480850"
"2010-03-13 01:06","FLENewEpochTest.java","76545","12666","89211"
"2019-10-10 14:37","FLENewEpochTest.java","261369","104451","365820"
"2011-04-12 09:14","FLENewEpochTest.java","92545","17907","110452"
"2010-03-31 06:26","FLENewEpochTest.java","77672","13546","91218"
"2009-04-04 00:01","FLENewEpochTest.java","105","33","138"
"2009-07-17 00:09","FLENewEpochTest.java","43357","5608","48965"
"2019-08-17 17:13","FLENewEpochTest.java","257616","104451","362067"
"2009-06-18 18:37","FLENewEpochTest.java","33396","3738","37134"
"2019-10-10 14:37","ZooKeeperSaslClient.java","7470","3717","11187"
"2020-02-04 10:39","ZooKeeperSaslClient.java","22381","11897","34278"
"2018-12-20 15:13","QuorumPeer.java","229338","220961","450299"
"2019-05-16 16:25","QuorumPeer.java","240667","221061","461728"
"2018-10-16 16:22","QuorumPeer.java","232847","199643","432490"
"2019-06-14 09:06","QuorumPeer.java","243884","221079","464963"
"2018-12-07 12:41","QuorumPeer.java","226351","220960","447311"
"2019-03-11 19:47","QuorumPeer.java","235789","220984","456773"
"2019-02-13 13:12","QuorumPeer.java","234736","220983","455719"
"2019-04-12 19:01","QuorumPeer.java","237675","221061","458736"
"2018-12-09 03:16","QuorumPeer.java","228425","220960","449385"
"2018-09-11 15:23","QuorumPeer.java","123855","108322","232177"
"2019-11-29 14:49","QuorumPeer.java","264022","222658","486680"
"2018-12-15 07:34","QuorumPeer.java","228340","220960","449300"
"2018-11-27 10:02","QuorumPeer.java","226101","220960","447061"
"2018-09-18 01:00","QuorumPeer.java","125238","108450","233688"
"2019-06-03 19:40","QuorumPeer.java","241217","221079","462296"
"2019-07-15 14:15","QuorumPeer.java","251306","221080","472386"
"2019-07-03 00:44","QuorumPeer.java","243899","221079","464978"
"2019-08-17 17:13","QuorumPeer.java","255887","221080","476967"
"2017-11-28 00:10","QuorumPeer.java","17508","9716","27224"
"2018-01-30 08:02","QuorumPeer.java","18099","10154","28253"
"2019-05-15 11:56","QuorumPeer.java","240622","221061","461683"
"2019-06-05 00:33","QuorumPeer.java","241607","221079","462686"
"2019-05-20 23:13","QuorumPeer.java","240741","221062","461803"
"2019-06-04 10:55","QuorumPeer.java","241370","221079","462449"
"2019-07-12 17:01","QuorumPeer.java","251200","221080","472280"
"2020-01-09 11:27","QuorumPeer.java","265570","222660","488230"
"2017-02-09 11:40","QuorumPeer.java","9398","2830","12228"
"2017-07-06 18:48","QuorumPeer.java","11664","7410","19074"
"2018-10-01 06:11","QuorumPeer.java","128501","109134","237635"
"2018-07-04 17:11","QuorumPeer.java","32104","20598","52702"
"2019-12-17 13:48","QuorumPeer.java","264594","222658","487252"
"2020-01-23 13:43","QuorumPeer.java","267394","222660","490054"
"2016-06-23 23:45","QuorumPeer.java","571","94","665"
"2016-06-23 23:25","QuorumPeer.java","428","59","487"
"2018-12-06 10:56","QuorumPeer.java","226295","220960","447255"
"2019-10-10 14:37","QuorumPeer.java","259640","221080","480720"
"2017-07-27 23:09","QuorumPeer.java","12197","8929","21126"
"2018-06-26 11:18","QuorumPeer.java","22199","10711","32910"
"2018-07-27 12:32","QuorumPeer.java","43876","31170","75046"
"2019-04-18 19:17","QuorumPeer.java","238385","221061","459446"
"2016-12-20 14:47","QuorumPeer.java","7928","2495","10423"
"2017-05-11 16:59","QuorumPeer.java","10458","7071","17529"
"2020-02-16 10:25","QuorumPeer.java","268107","222660","490767"
"2011-11-05 21:57","Learner.java","18797","49233","68030"
"2011-04-12 09:14","Learner.java","1284","42436","43720"
"2020-03-19 17:09","Learner.java","270034","220670","490704"
"2013-10-09 22:21","Learner.java","46215","55600","101815"
"2011-09-14 08:56","Learner.java","16978","44131","61109"
"2020-02-03 04:30","Learner.java","268529","220670","489199"
"2020-01-23 13:43","Learner.java","267972","220670","488642"
"2017-07-04 07:39","Learner.java","88705","69467","158172"
"2020-03-25 03:38","Learner.java","270830","220670","491500"
"2011-06-17 01:34","Learner.java","3923","43054","46977"
"2015-03-15 08:54","Learner.java","72185","62977","135162"
"2019-11-28 12:24","Learner.java","262951","220670","483621"
"2019-12-27 22:33","Learner.java","266723","220670","487393"
"2020-01-25 18:48","Learner.java","268162","220670","488832"
"2020-05-03 19:43","Learner.java","271766","220670","492436"
"2016-08-13 15:01","Learner.java","82689","66261","148950"
"2013-10-21 23:36","Learner.java","46582","55604","102186"
"2019-10-10 14:37","Learner.java","260725","219597","480322"
"2015-01-25 01:22","Learner.java","71587","62870","134457"
"2019-06-03 19:40","Learner.java","242303","219597","461900"
"2015-03-17 18:06","Learner.java","73203","63059","136262"
"2019-07-15 14:15","Learner.java","252391","219597","471988"
"2019-08-23 19:43","Learner.java","257638","219597","477235"
"2016-09-08 22:59","Learner.java","83110","66434","149544"
"2019-08-17 17:13","Learner.java","256972","219597","476569"
"2017-11-28 00:10","Learner.java","92846","69798","162644"
"2014-03-12 23:57","Learner.java","50366","55864","106230"
"2018-05-09 00:54","Learner.java","95316","70140","165456"
"2019-04-09 15:35","Learner.java","237778","219546","457324"
"2011-06-14 07:14","Learner.java","3769","42971","46740"
"2019-07-12 17:01","Learner.java","252285","219597","471882"
"2017-07-06 18:48","Learner.java","88984","69474","158458"
"2013-10-07 21:08","Learner.java","43658","55422","99080"
"2017-08-18 06:32","Learner.java","88575","69562","158137"
"2019-07-02 07:34","Learner.java","244915","219597","464512"
"2018-10-16 16:22","Learner.java","236801","188341","425142"
"2012-01-31 07:45","Learner.java","20906","50049","70955"
"2014-07-18 02:19","Learner.java","66778","62607","129385"
"2017-02-12 00:12","Learner.java","87178","68604","155782"
"2018-12-09 03:16","Learner.java","229564","219531","449095"
"2013-03-07 07:01","Learner.java","40422","55002","95424"
"2019-11-29 14:49","Learner.java","264602","220670","485272"
"2018-11-27 10:02","Learner.java","227240","219531","446771"
"2018-08-06 14:11","Learner.java","115642","87068","202710"
"2020-05-05 21:20","ServerMetrics.java","80909","42385","123294"
"2020-02-26 22:41","ServerMetrics.java","74215","38853","113068"
"2020-03-25 03:38","ServerMetrics.java","76457","38964","115421"
"2019-09-16 23:26","ServerMetrics.java","58873","31146","90019"
"2019-11-18 09:05","ServerMetrics.java","64796","36944","101740"
"2020-05-03 19:43","ServerMetrics.java","77998","39569","117567"
"2019-06-29 00:33","ServerMetrics.java","18162","5467","23629"
"2019-11-23 17:08","ServerMetrics.java","66536","37127","103663"
"2019-08-17 17:13","ServerMetrics.java","54619","29911","84530"
"2019-05-06 17:48","ServerMetrics.java","10642","1621","12263"
"2019-06-05 00:46","ServerMetrics.java","12787","2219","15006"
"2019-04-17 14:16","ServerMetrics.java","8113","1333","9446"
"2019-05-03 00:44","ServerMetrics.java","10216","1511","11727"
"2019-04-22 19:15","ServerMetrics.java","8829","1339","10168"
"2019-06-05 23:57","ServerMetrics.java","12919","2221","15140"
"2019-05-21 23:34","ServerMetrics.java","11510","1814","13324"
"2019-07-23 15:55","ServerMetrics.java","27659","6943","34602"
"2019-01-23 14:00","ServerMetrics.java","1523","88","1611"
"2019-07-08 23:26","ServerMetrics.java","19130","5646","24776"
"2019-02-13 13:19","ServerMetrics.java","4646","706","5352"
"2019-03-05 00:04","ServerMetrics.java","5133","717","5850"
"2019-04-25 02:11","ServerMetrics.java","9792","1364","11156"
"2019-04-12 19:01","ServerMetrics.java","7832","1317","9149"
"2019-07-31 19:06","ServerMetrics.java","32398","8383","40781"
"2019-12-27 22:33","TxnLog.java","266819","104163","370982"
"2009-11-07 08:16","TxnLog.java","51448","8062","59510"
"2018-06-08 16:52","TxnLog.java","166797","27296","194093"
"2013-06-28 23:22","TxnLog.java","122412","22130","144542"
"2019-05-14 17:11","TxnLog.java","242351","103706","346057"
"2017-04-28 07:14","TxnLog.java","159275","26802","186077"
"2019-08-17 17:13","TxnLog.java","257683","103705","361388"
"2017-06-26 00:07","TxnLog.java","159055","27044","186099"
"2019-04-12 19:06","TxnLog.java","239481","103706","343187"
"2019-08-17 17:13","ClientRequestTimeoutTest.java","254163","231870","486033"
"2020-05-17 15:13","ClientRequestTimeoutTest.java","270141","233903","504044"
"2019-02-06 09:46","ZooKeeper.java","233751","203403","437154"
"2019-01-16 14:21","ZooKeeper.java","232027","203402","435429"
"2017-04-18 02:02","ZooKeeper.java","35970","14021","49991"
"2019-11-08 17:30","ZooKeeper.java","261797","203538","465335"
"2019-02-07 11:26","ZooKeeper.java","234380","203403","437783"
"2017-05-01 17:19","ZooKeeper.java","36113","14037","50150"
"2019-08-17 17:13","ZooKeeper.java","256155","203510","459665"
"2015-06-04 19:51","ZooKeeper.java","19150","4090","23240"
"2016-10-07 21:51","ZooKeeper.java","30216","10105","40321"
"2015-03-16 09:09","ZooKeeper.java","15073","3057","18130"
"2015-03-17 18:06","ZooKeeper.java","15892","3166","19058"
"2016-05-02 18:15","ZooKeeper.java","26220","8875","35095"
"2019-06-26 10:57","ZooKeeper.java","244005","203510","447515"
"2019-06-03 19:40","ZooKeeper.java","241486","203510","444996"
"2018-05-09 23:57","ZooKeeper.java","45975","17641","63616"
"2019-08-03 08:42","ZooKeeper.java","256863","203510","460373"
"2016-11-13 20:59","ZooKeeper.java","32652","10288","42940"
"2017-07-28 00:36","ZooKeeper.java","37490","16280","53770"
"2017-08-18 23:35","ZooKeeper.java","38073","16378","54451"
"2017-07-04 07:56","ZooKeeper.java","37084","15264","52348"
"2020-04-16 12:50","ZooKeeper.java","271168","204949","476117"
"2018-07-27 05:16","ZooKeeper.java","66687","36335","103022"
"2019-10-10 14:37","ZooKeeper.java","259908","203510","463418"
"2019-02-11 12:34","ZooKeeper.java","234743","203403","438146"
"2014-07-08 20:18","ZooKeeper.java","4400","1298","5698"
"2020-05-17 15:13","ZooKeeper.java","271550","204960","476510"
"2017-01-09 22:49","ZooKeeper.java","35043","11111","46154"
"2019-03-12 19:08","ZooKeeper.java","236188","203420","439608"
"2014-07-22 06:51","ZooKeeper.java","9217","1917","11134"
"2010-03-04 00:07","FileTxnLog.java","83102","11927","95029"
"2011-06-21 07:34","FileTxnLog.java","104993","14243","119236"
"2014-02-12 17:00","FileTxnLog.java","138212","18432","156644"
"2013-12-11 01:10","FileTxnLog.java","135295","18400","153695"
"2018-01-19 00:43","FileTxnLog.java","171555","22974","194529"
"2009-08-25 07:45","FileTxnLog.java","63095","9375","72470"
"2019-12-27 22:33","FileTxnLog.java","266840","90935","357775"
"2019-10-10 14:37","FileTxnLog.java","261459","90479","351938"
"2018-11-12 22:36","FileTxnLog.java","225771","90452","316223"
"2018-08-01 21:19","FileTxnLog.java","182766","29230","211996"
"2018-04-27 20:28","FileTxnLog.java","173484","23053","196537"
"2018-06-08 16:52","FileTxnLog.java","174924","23046","197970"
"2010-12-23 13:42","FileTxnLog.java","143062","13749","156811"
"2011-09-03 01:07","FileTxnLog.java","110324","12685","123009"
"2011-04-12 09:14","FileTxnLog.java","102846","14146","116992"
"2011-11-15 19:30","FileTxnLog.java","111975","16850","128825"
"2014-06-30 19:11","FileTxnLog.java","144634","19795","164429"
"2020-01-28 17:26","FileTxnLog.java","268560","90935","359495"
"2019-05-14 17:11","FileTxnLog.java","242374","90480","332854"
"2019-01-07 14:24","FileTxnLog.java","232509","90452","322961"
"2013-06-28 23:22","FileTxnLog.java","130976","18317","149293"
"2010-03-16 22:23","FileTxnLog.java","90018","12052","102070"
"2019-04-12 19:01","FileTxnLog.java","239514","90480","329994"
"2017-04-28 07:14","FileTxnLog.java","167442","22592","190034"
"2012-02-06 09:40","FileTxnLog.java","113666","17033","130699"
"2018-09-06 01:11","FileTxnLog.java","210450","55283","265733"
"2018-09-18 01:00","FileTxnLog.java","212745","55324","268069"
"2016-03-20 19:31","FileTxnLog.java","160247","20339","180586"
"2019-08-17 17:13","FileTxnLog.java","257706","90479","348185"
"2009-06-18 18:37","FileTxnLog.java","52256","8536","60792"
"2019-06-03 19:40","FileTxnLog.java","243037","90479","333516"
"2018-04-24 00:20","FileTxnLog.java","173361","23017","196378"
"2018-02-14 21:23","FileTxnLog.java","172468","23008","195476"
"2009-02-20 01:23","FileTxnLog.java","19993","6744","26737"
"2019-08-03 08:42","FileTxnLog.java","258414","90479","348893"
"2019-04-09 15:35","FileTxnLog.java","238542","90458","329000"
"2017-08-03 20:41","FileTxnLog.java","166917","22883","189800"
"2018-02-02 00:26","FileTxnLog.java","171564","22976","194540"
"2017-06-26 00:07","FileTxnLog.java","167224","22836","190060"
"2015-02-06 06:17","StaticHostProviderTest.java","72622","62913","135535"
"2012-11-17 15:03","StaticHostProviderTest.java","31872","53201","85073"
"2012-01-16 03:19","StaticHostProviderTest.java","21571","50064","71635"
"2014-06-27 23:47","StaticHostProviderTest.java","62203","61988","124191"
"2013-11-05 03:02","StaticHostProviderTest.java","47768","55620","103388"
"2014-07-17 22:56","StaticHostProviderTest.java","64556","62365","126921"
"2012-12-20 06:50","StaticHostProviderTest.java","36195","54526","90721"
"2019-08-17 17:13","StaticHostProviderTest.java","256985","218823","475808"
"2018-07-16 05:45","StaticHostProviderTest.java","115116","86904","202020"
"2015-05-10 00:27","StaticHostProviderTest.java","75136","63083","138219"
"2011-09-17 02:13","StaticHostProviderTest.java","18182","47080","65262"
"2013-09-18 12:58","ClientCnxn.java","88353","28645","116998"
"2015-01-31 08:05","ClientCnxn.java","112208","31194","143402"
"2016-05-02 18:15","ClientCnxn.java","120229","33179","153408"
"2014-01-24 07:18","ClientCnxn.java","95487","29047","124534"
"2019-08-17 17:13","ClientCnxn.java","257247","146226","403473"
"2015-05-10 00:27","ClientCnxn.java","114850","31297","146147"
"2017-12-19 19:27","ClientCnxn.java","130837","35458","166295"
"2019-01-31 15:50","ClientCnxn.java","234866","146178","381044"
"2012-08-02 00:24","ClientCnxn.java","74252","26969","101221"
"2019-04-09 15:35","ClientCnxn.java","238071","146193","384264"
"2013-02-03 15:52","ClientCnxn.java","81771","28127","109898"
"2014-12-20 15:29","ClientCnxn.java","112187","31184","143371"
"2012-03-15 18:01","ClientCnxn.java","70347","25454","95801"
"2019-11-08 17:30","ClientCnxn.java","262861","146226","409087"
"2017-06-08 17:59","ClientCnxn.java","126286","35197","161483"
"2012-09-09 20:24","ClientCnxn.java","75056","27034","102090"
"2019-01-16 14:21","ClientCnxn.java","233179","146178","379357"
"2019-01-07 14:24","ClientCnxn.java","232029","146178","378207"
"2019-03-06 03:32","ClientCnxn.java","236999","146193","383192"
"2010-11-11 18:11","ClientCnxn.java","89236","16748","105984"
"2010-11-10 23:36","ClientCnxn.java","89193","16701","105894"
"2011-09-14 07:43","ClientCnxn.java","65231","20453","85684"
"2011-08-19 00:05","ClientCnxn.java","62850","20292","83142"
"2015-02-06 06:17","ClientCnxn.java","112439","31230","143669"
"2019-02-07 11:26","ClientCnxn.java","235532","146179","381711"
"2018-11-05 19:40","ClientCnxn.java","239100","118264","357364"
"2011-04-12 09:14","ClientCnxn.java","53804","21310","75114"
"2010-10-06 18:14","ClientCnxn.java","86017","16243","102260"
"2010-11-30 21:16","ClientCnxn.java","89809","16950","106759"
"2020-05-17 15:13","ClientCnxn.java","272072","147106","419178"
"2018-06-25 12:30","ClientCnxn.java","134549","35644","170193"
"2012-12-19 19:16","ClientCnxn.java","81233","28082","109315"
"2020-03-03 03:12","ClientCnxn.java","269861","147105","416966"
"2018-09-10 11:44","ClientCnxn.java","191177","89087","280264"
"2011-09-28 22:17","ClientCnxn.java","65988","23157","89145"
"2015-06-13 02:42","ClientCnxn.java","116492","31477","147969"
"2010-10-21 02:44","ClientCnxn.java","87828","16403","104231"
"2010-08-05 09:09","ClientCnxn.java","51694","15381","67075"
"2011-05-20 01:17","ClientCnxn.java","54684","21371","76055"
"2014-03-23 04:12","ClientCnxn.java","96267","29190","125457"
"2015-11-09 00:05","ClientCnxn.java","118088","31581","149669"
"2015-12-06 19:58","ClientCnxn.java","118429","31617","150046"
"2020-01-21 17:53","ClientCnxn.java","266122","147105","413227"
"2015-12-05 22:43","ClientCnxn.java","118426","31617","150043"
"2015-12-05 22:32","ClientCnxn.java","118420","31616","150036"
"2010-03-04 02:28","ClientCnxn.java","25902","10918","36820"
"2010-01-25 04:28","ClientCnxn.java","15156","3240","18396"
"2019-10-10 14:37","ClientCnxn.java","261000","146226","407226"
"2014-04-01 04:03","ClientCnxn.java","97239","29319","126558"
"2013-09-18 15:14","ClientCnxn.java","88371","28645","117016"
"2013-09-18 04:08","ClientCnxn.java","88267","28645","116912"
"2019-11-21 05:58","ClientCnxn.java","261293","147105","408398"
"2020-04-16 12:50","ClientCnxn.java","271700","147105","418805"
"2018-07-27 05:16","ClientCnxn.java","147579","47522","195101"
"2010-01-26 03:22","ClientCnxn.java","15810","3346","19156"
"2009-11-07 01:48","ClientCnxn.java","703","298","1001"
"2010-01-05 18:32","ClientCnxn.java","11912","2862","14774"
"2013-09-18 12:58","ClientCnxn.java","87999","28696","116695"
"2015-01-31 08:05","ClientCnxn.java","111856","31247","143103"
"2016-05-02 18:15","ClientCnxn.java","119904","33259","153163"
"2014-01-24 07:18","ClientCnxn.java","95135","29100","124235"
"2019-08-17 17:13","ClientCnxn.java","257187","146571","403758"
"2015-05-10 00:27","ClientCnxn.java","114505","31357","145862"
"2017-12-19 19:27","ClientCnxn.java","130536","35562","166098"
"2019-01-31 15:50","ClientCnxn.java","234804","146521","381325"
"2012-08-02 00:24","ClientCnxn.java","73866","26988","100854"
"2019-04-09 15:35","ClientCnxn.java","238007","146534","384541"
"2013-02-03 15:52","ClientCnxn.java","81406","28167","109573"
"2014-12-20 15:29","ClientCnxn.java","111836","31238","143074"
"2012-03-15 18:01","ClientCnxn.java","69960","25472","95432"
"2019-11-08 17:30","ClientCnxn.java","262801","146571","409372"
"2017-06-08 17:59","ClientCnxn.java","125964","35280","161244"
"2012-09-09 20:24","ClientCnxn.java","74670","27053","101723"
"2019-01-16 14:21","ClientCnxn.java","233117","146521","379638"
"2019-01-07 14:24","ClientCnxn.java","231967","146521","378488"
"2019-03-06 03:32","ClientCnxn.java","236935","146534","383469"
"2010-11-11 18:11","ClientCnxn.java","88842","16759","105601"
"2010-11-10 23:36","ClientCnxn.java","88799","16712","105511"
"2011-09-14 07:43","ClientCnxn.java","64840","20467","85307"
"2011-08-19 00:05","ClientCnxn.java","62460","20307","82767"
"2015-02-06 06:17","ClientCnxn.java","112087","31283","143370"
"2019-02-07 11:26","ClientCnxn.java","235470","146522","381992"
"2018-11-05 19:40","ClientCnxn.java","239038","118607","357645"
"2011-04-12 09:14","ClientCnxn.java","53413","21324","74737"
"2010-10-06 18:14","ClientCnxn.java","85575","16206","101781"
"2010-11-30 21:16","ClientCnxn.java","89415","16961","106376"
"2020-05-17 15:13","ClientCnxn.java","272072","147511","419583"
"2018-06-25 12:30","ClientCnxn.java","134249","35749","169998"
"2012-12-19 19:16","ClientCnxn.java","80867","28121","108988"
"2020-03-03 03:12","ClientCnxn.java","269861","147510","417371"
"2018-09-10 11:44","ClientCnxn.java","190879","89194","280073"
"2011-09-28 22:17","ClientCnxn.java","65598","23172","88770"
"2015-06-13 02:42","ClientCnxn.java","116147","31537","147684"
"2010-10-21 02:44","ClientCnxn.java","87387","16367","103754"
"2010-08-05 09:09","ClientCnxn.java","51172","15264","66436"
"2011-05-20 01:17","ClientCnxn.java","54294","21386","75680"
"2014-03-23 04:12","ClientCnxn.java","95915","29243","125158"
"2015-11-09 00:05","ClientCnxn.java","117759","31657","149416"
"2015-12-06 19:58","ClientCnxn.java","118100","31693","149793"
"2020-01-21 17:53","ClientCnxn.java","266122","147510","413632"
"2015-12-05 22:43","ClientCnxn.java","118097","31693","149790"
"2015-12-05 22:32","ClientCnxn.java","118091","31692","149783"
"2010-03-04 02:28","ClientCnxn.java","25381","10802","36183"
"2010-01-25 04:28","ClientCnxn.java","14527","3016","17543"
"2019-10-10 14:37","ClientCnxn.java","260940","146571","407511"
"2014-04-01 04:03","ClientCnxn.java","96887","29372","126259"
"2013-09-18 15:14","ClientCnxn.java","88017","28696","116713"
"2013-09-18 04:08","ClientCnxn.java","87913","28696","116609"
"2019-11-21 05:58","ClientCnxn.java","261293","147510","408803"
"2020-04-16 12:50","ClientCnxn.java","271700","147510","419210"
"2018-07-27 05:16","ClientCnxn.java","147280","47628","194908"
"2010-01-26 03:22","ClientCnxn.java","15289","3230","18519"
"2010-01-05 18:32","ClientCnxn.java","11280","2635","13915"
"2019-08-17 17:13","ServerMetricsTest.java","174230","156211","330441"
"2019-01-07 14:39","ServerMetricsTest.java","146772","153914","300686"
"2019-10-10 14:37","SessionTrackerImpl.java","260166","186333","446499"
"2019-09-20 10:02","SessionTrackerImpl.java","259333","186333","445666"
"2013-10-09 22:21","SessionTrackerImpl.java","13556","2924","16480"
"2020-03-26 22:16","SessionTrackerImpl.java","270550","187678","458228"
"2015-03-08 23:07","SessionTrackerImpl.java","41481","12368","53849"
"2014-07-25 00:58","SessionTrackerImpl.java","36391","11556","47947"
"2014-07-23 20:17","SessionTrackerImpl.java","36386","11557","47943"
"2015-02-06 06:17","SessionTrackerImpl.java","41243","12304","53547"
"2014-07-18 02:19","SessionTrackerImpl.java","35645","11457","47102"
"2018-09-18 01:00","SessionTrackerImpl.java","161232","109171","270403"
"2019-09-05 23:12","SessionTrackerImpl.java","257332","186333","443665"
"2019-08-17 17:13","SessionTrackerImpl.java","256413","186333","442746"
"2018-08-08 06:21","SessionTrackerImpl.java","133759","84804","218563"
"2018-05-09 23:57","SessionTrackerImpl.java","69949","24180","94129"
"2019-04-22 19:15","SessionTrackerImpl.java","239179","186317","425496"
"2020-02-16 10:25","QuorumDigestAuthTest.java","267491","229836","497327"
"2019-11-29 14:49","QuorumDigestAuthTest.java","263406","229834","493240"
"2019-08-17 17:13","QuorumDigestAuthTest.java","255079","228064","483143"
"2019-10-10 14:37","WatcherCleaner.java","71812","38399","110211"
"2019-08-17 17:13","WatcherCleaner.java","66082","36422","102504"
"2019-03-05 00:04","WatcherCleaner.java","17781","8413","26194"
"2019-04-12 19:01","WatcherCleaner.java","20453","8986","29439"
"2018-10-16 16:22","QuorumPeerConfig.java","231628","201811","433439"
"2018-12-09 03:16","QuorumPeerConfig.java","227788","223710","451498"
"2019-04-12 19:01","QuorumPeerConfig.java","237038","223811","460849"
"2018-09-11 15:23","QuorumPeerConfig.java","115093","102947","218040"
"2018-12-15 07:34","QuorumPeerConfig.java","227703","223710","451413"
"2019-02-13 13:12","QuorumPeerConfig.java","234099","223733","457832"
"2019-08-17 17:13","QuorumPeerConfig.java","255250","223830","479080"
"2017-11-28 00:10","QuorumPeerConfig.java","7152","2747","9899"
"2019-06-05 00:29","QuorumPeerConfig.java","240916","223829","464745"
"2020-01-09 11:27","QuorumPeerConfig.java","264980","225457","490437"
"2019-07-12 17:01","QuorumPeerConfig.java","250563","223830","474393"
"2019-05-15 11:56","QuorumPeerConfig.java","239985","223811","463796"
"2018-10-01 06:11","QuorumPeerConfig.java","119744","103764","223508"
"2017-07-28 00:36","QuorumPeerConfig.java","1889","1904","3793"
"2017-07-06 18:48","QuorumPeerConfig.java","1229","362","1591"
"2020-01-23 13:43","QuorumPeerConfig.java","266804","225457","492261"
"2019-10-10 14:37","QuorumPeerConfig.java","259003","223830","482833"
"2018-07-27 12:32","QuorumPeerConfig.java","34100","24781","58881"
"2019-04-18 19:17","QuorumPeerConfig.java","237748","223811","461559"
"2020-02-16 10:25","QuorumPeerConfig.java","267517","225457","492974"
"2020-05-14 18:18","QuorumPeerConfig.java","270835","225550","496385"
"2019-08-17 17:13","ObserverQuorumHammerTest.java","256932","178405","435337"
"2010-03-31 06:26","ToStringTest.java","87872","9396","97268"
"2019-08-17 17:13","ToStringTest.java","257702","90187","347889"
"2019-10-10 14:37","ClientTest.java","261253","133993","395246"
"2009-09-16 02:09","ClientTest.java","14339","3833","18172"
"2019-12-28 16:17","ClientTest.java","266724","134632","401356"
"2009-10-31 00:09","ClientTest.java","17825","5339","23164"
"2009-11-07 01:48","ClientTest.java","18508","5617","24125"
"2010-01-05 18:32","ClientTest.java","28603","7067","35670"
"2010-03-09 03:09","ClientTest.java","46532","13288","59820"
"2014-07-25 01:31","ClientTest.java","117028","29467","146495"
"2017-01-09 22:49","ClientTest.java","136064","32060","168124"
"2010-09-15 07:51","ClientTest.java","99917","17812","117729"
"2011-04-12 09:14","ClientTest.java","67194","22214","89408"
"2014-07-08 20:18","ClientTest.java","112501","29327","141828"
"2017-05-01 17:19","ClientTest.java","134986","32838","167824"
"2018-11-22 17:56","ClientTest.java","226153","133949","360102"
"2013-01-25 02:17","ClientTest.java","90443","26768","117211"
"2017-06-30 22:43","ClientTest.java","134881","33212","168093"
"2009-06-25 00:59","ClientTest.java","9035","2163","11198"
"2019-03-06 03:32","ClientTest.java","237249","133957","371206"
"2012-12-11 08:42","ClientTest.java","87753","26338","114091"
"2012-10-31 19:38","ClientTest.java","84767","26179","110946"
"2019-08-17 17:13","ClientTest.java","257500","133993","391493"
"2014-02-12 17:00","LearnerHandler.java","47382","13777","61159"
"2014-03-23 04:12","LearnerHandler.java","47938","13946","61884"
"2019-10-10 14:37","LearnerHandler.java","260659","180329","440988"
"2015-06-05 20:38","LearnerHandler.java","73070","21387","94457"
"2015-06-05 20:51","LearnerHandler.java","73097","21387","94484"
"2015-06-12 23:02","LearnerHandler.java","73209","21401","94610"
"2013-09-26 14:05","LearnerHandler.java","40126","13212","53338"
"2019-07-03 20:54","LearnerHandler.java","244900","180329","425229"
"2011-09-14 08:56","LearnerHandler.java","13624","1575","15199"
"2011-08-30 08:37","LearnerHandler.java","12206","1366","13572"
"2011-09-17 02:36","LearnerHandler.java","14216","4727","18943"
"2012-04-23 01:20","LearnerHandler.java","23456","10672","34128"
"2013-06-28 23:22","LearnerHandler.java","39658","13174","52832"
"2018-09-18 01:00","LearnerHandler.java","178757","107511","286268"
"2012-02-06 09:40","LearnerHandler.java","18342","7884","26226"
"2013-05-14 14:27","LearnerHandler.java","37696","12949","50645"
"2018-08-03 18:52","LearnerHandler.java","113181","45511","158692"
"2018-12-09 03:16","LearnerHandler.java","229498","180263","409761"
"2019-04-12 19:01","LearnerHandler.java","238714","180330","419044"
"2013-03-07 07:01","LearnerHandler.java","37540","12918","50458"
"2017-11-28 00:10","LearnerHandler.java","90410","28160","118570"
"2019-06-29 00:33","LearnerHandler.java","244893","180329","425222"
"2013-05-11 15:35","LearnerHandler.java","37596","12926","50522"
"2019-07-25 21:41","LearnerHandler.java","253389","180329","433718"
"2019-08-23 19:43","LearnerHandler.java","257572","180329","437901"
"2019-08-17 17:13","LearnerHandler.java","256906","180329","437235"
"2017-06-26 00:16","LearnerHandler.java","86021","27814","113835"
"2017-08-03 20:28","LearnerHandler.java","85696","27841","113537"
"2012-07-29 07:02","LearnerHandler.java","24937","10750","35687"
"2019-05-06 17:48","LearnerHandler.java","241220","180330","421550"
"2019-08-03 08:42","LearnerHandler.java","257614","180329","437943"
"2019-04-22 19:15","LearnerHandler.java","239689","180330","420019"
"2019-10-10 14:37","ClientTest.java","7470","3717","11187"
"2019-12-28 16:17","ClientTest.java","18815","10230","29045"
"2017-06-08 17:51","ClientBase.java","22583","12946","35529"
"2017-04-18 01:37","ClientBase.java","22260","11991","34251"
"2018-09-07 02:49","ClientBase.java","133041","112334","245375"
"2019-07-31 19:06","ClientBase.java","255396","215122","470518"
"2017-09-11 18:55","ClientBase.java","25125","15030","40155"
"2019-08-17 17:13","ClientBase.java","256089","215122","471211"
"2015-03-28 20:08","ClientBase.java","2246","209","2455"
"2019-06-07 14:13","ClientBase.java","242192","215121","457313"
"2018-04-24 00:20","ClientBase.java","31871","16000","47871"
"2018-08-08 06:21","ClientBase.java","103220","83378","186598"
"2018-05-09 23:57","ClientBase.java","32843","16187","49030"
"2019-06-24 11:05","ClientBase.java","243421","215121","458542"
"2017-01-13 19:29","ClientBase.java","21280","8845","30125"
"2016-06-23 23:25","ClientBase.java","13125","6596","19721"
"2019-11-14 16:44","ClientBase.java","264145","215151","479296"
"2019-10-10 14:37","ClientBase.java","259842","215122","474964"
"2016-08-24 01:36","ClientBase.java","14538","7438","21976"
"2019-06-07 14:13","SessionTest.java","243137","158476","401613"
"2019-08-17 17:13","SessionTest.java","257033","158476","415509"
"2017-09-11 18:55","SessionTest.java","115403","36089","151492"
"2010-11-04 17:01","SessionTest.java","74573","15506","90079"
"2018-09-22 06:48","SessionTest.java","189758","97522","287280"
"2011-10-25 08:09","SessionTest.java","53501","24626","78127"
"2010-08-17 09:24","SessionTest.java","39886","14261","54147"
"2011-04-12 09:14","SessionTest.java","40760","20730","61490"
"2010-03-31 06:26","SessionTest.java","20257","10739","30996"
"2010-08-18 08:24","SessionTest.java","44282","15297","59579"
"2010-10-21 02:44","SessionTest.java","74456","15495","89951"
"2010-08-05 09:09","SessionTest.java","37816","13967","51783"
"2013-12-21 22:05","SessionTest.java","81522","29081","110603"
"2010-03-12 19:26","SessionTest.java","18357","9097","27454"
"2019-10-10 14:37","SessionTest.java","260786","158476","419262"
"2015-07-07 07:11","SessionTest.java","104959","31825","136784"
"2019-12-28 16:17","SessionTest.java","266647","159505","426152"
"2013-09-18 12:58","ClientCnxn.java","79773","28815","108588"
"2015-01-31 08:05","ClientCnxn.java","103704","31440","135144"
"2016-05-02 18:15","ClientCnxn.java","111818","33518","145336"
"2014-01-24 07:18","ClientCnxn.java","86914","29224","116138"
"2019-08-17 17:13","ClientCnxn.java","257073","155102","412175"
"2015-05-10 00:27","ClientCnxn.java","106365","31562","137927"
"2017-12-19 19:27","ClientCnxn.java","122635","36006","158641"
"2019-01-31 15:50","ClientCnxn.java","234688","155050","389738"
"2012-08-02 00:24","ClientCnxn.java","65531","26998","92529"
"2019-04-09 15:35","ClientCnxn.java","237892","155064","392956"
"2013-02-03 15:52","ClientCnxn.java","73135","28241","101376"
"2014-12-20 15:29","ClientCnxn.java","103683","31430","135113"
"2012-03-15 18:01","ClientCnxn.java","61573","25430","87003"
"2019-11-08 17:30","ClientCnxn.java","262687","155102","417789"
"2017-06-08 17:59","ClientCnxn.java","118031","35692","153723"
"2012-09-09 20:24","ClientCnxn.java","66335","27063","93398"
"2019-01-16 14:21","ClientCnxn.java","233001","155050","388051"
"2019-01-07 14:24","ClientCnxn.java","231851","155050","386901"
"2019-03-06 03:32","ClientCnxn.java","236819","155063","391882"
"2010-11-11 18:11","ClientCnxn.java","79555","16117","95672"
"2010-11-10 23:36","ClientCnxn.java","79512","16070","95582"
"2011-09-14 07:43","ClientCnxn.java","56169","20141","76310"
"2011-08-19 00:05","ClientCnxn.java","53771","19963","73734"
"2015-02-06 06:17","ClientCnxn.java","103940","31481","135421"
"2019-02-07 11:26","ClientCnxn.java","235354","155051","390405"
"2018-11-05 19:40","ClientCnxn.java","238503","126417","364920"
"2011-04-12 09:14","ClientCnxn.java","44320","20876","65196"
"2010-10-06 18:14","ClientCnxn.java","76214","15490","91704"
"2010-11-30 21:16","ClientCnxn.java","80134","16325","96459"
"2020-05-17 15:13","ClientCnxn.java","272009","156093","428102"
"2018-06-25 12:30","ClientCnxn.java","126371","36216","162587"
"2012-12-19 19:16","ClientCnxn.java","72593","28192","100785"
"2020-03-03 03:12","ClientCnxn.java","269797","156091","425888"
"2018-09-10 11:44","ClientCnxn.java","187781","94441","282222"
"2011-09-28 22:17","ClientCnxn.java","57055","22974","80029"
"2015-06-13 02:42","ClientCnxn.java","107998","31733","139731"
"2010-10-21 02:44","ClientCnxn.java","78035","15660","93695"
"2010-08-05 09:09","ClientCnxn.java","41570","14307","55877"
"2011-05-20 01:17","ClientCnxn.java","45257","20994","66251"
"2014-03-23 04:12","ClientCnxn.java","87709","29382","117091"
"2015-11-09 00:05","ClientCnxn.java","109629","31872","141501"
"2015-12-06 19:58","ClientCnxn.java","109971","31909","141880"
"2020-01-21 17:53","ClientCnxn.java","266058","156091","422149"
"2015-12-05 22:43","ClientCnxn.java","109968","31909","141877"
"2015-12-05 22:32","ClientCnxn.java","109962","31908","141870"
"2010-03-04 02:28","ClientCnxn.java","14886","8952","23838"
"2010-01-25 04:28","ClientCnxn.java","3364","498","3862"
"2019-10-10 14:37","ClientCnxn.java","260826","155102","415928"
"2014-04-01 04:03","ClientCnxn.java","88680","29510","118190"
"2013-09-18 15:14","ClientCnxn.java","79791","28815","108606"
"2013-09-18 04:08","ClientCnxn.java","79687","28815","108502"
"2019-11-21 05:58","ClientCnxn.java","261229","156091","417320"
"2020-04-16 12:50","ClientCnxn.java","271636","156091","427727"
"2018-07-27 05:16","ClientCnxn.java","144012","52705","196717"
"2010-01-26 03:22","ClientCnxn.java","4351","937","5288"
"2010-03-11 04:17","NIOServerCnxn.java","77474","12830","90304"
"2011-05-03 23:29","NIOServerCnxn.java","94104","17956","112060"
"2009-11-07 01:48","NIOServerCnxn.java","51964","8249","60213"
"2009-12-03 23:30","NIOServerCnxn.java","60422","8751","69173"
"2010-01-26 01:17","NIOServerCnxn.java","65328","9693","75021"
"2009-11-12 20:53","NIOServerCnxn.java","52657","8355","61012"
"2019-11-21 05:58","NIOServerCnxn.java","261312","103814","365126"
"2015-11-08 22:36","NIOServerCnxn.java","151867","24373","176240"
"2019-11-18 09:05","NIOServerCnxn.java","261289","103814","365103"
"2013-09-10 00:37","NIOServerCnxn.java","122816","22262","145078"
"2019-09-16 23:26","NIOServerCnxn.java","260706","103356","364062"
"2019-10-10 14:37","NIOServerCnxn.java","261440","103356","364796"
"2013-10-05 00:57","NIOServerCnxn.java","123580","22272","145852"
"2018-09-28 23:38","NIOServerCnxn.java","208858","60887","269745"
"2010-08-18 08:24","NIOServerCnxn.java","99097","14338","113435"
"2010-05-04 23:45","NIOServerCnxn.java","78848","13803","92651"
"2010-03-09 03:00","NIOServerCnxn.java","76764","12740","89504"
"2020-02-11 06:50","NIOServerCnxn.java","268664","103814","372478"
"2019-01-23 14:00","NIOServerCnxn.java","234387","103329","337716"
"2019-07-08 23:26","NIOServerCnxn.java","246463","103356","349819"
"2019-04-12 19:01","NIOServerCnxn.java","239495","103357","342852"
"2019-01-14 19:38","NIOServerCnxn.java","232952","103329","336281"
"2018-11-17 18:33","NIOServerCnxn.java","225735","103329","329064"
"2017-03-04 19:22","NIOServerCnxn.java","159260","26867","186127"
"2011-08-19 00:05","NIOServerCnxn.java","99979","16355","116334"
"2013-12-11 19:22","NIOServerCnxn.java","127714","22352","150066"
"2012-02-11 00:34","NIOServerCnxn.java","105840","21045","126885"
"2016-12-22 23:23","NIOServerCnxn.java","160732","26349","187081"
"2018-09-18 01:00","NIOServerCnxn.java","206195","60798","266993"
"2019-08-17 17:13","NIOServerCnxn.java","257687","103356","361043"
"2009-06-15 22:52","NIOServerCnxn.java","33890","4137","38027"
"2015-06-28 21:09","NIOServerCnxn.java","150496","24310","174806"
"2015-03-28 20:08","NIOServerCnxn.java","148733","24247","172980"
"2019-07-03 00:44","NIOServerCnxn.java","245700","103356","349056"
"2019-08-03 08:42","NIOServerCnxn.java","258395","103356","361751"
"2016-11-16 06:21","NIOServerCnxn.java","159867","26185","186052"
"2012-12-19 19:07","NIOServerCnxn.java","115146","21810","136956"
"2019-08-17 17:13","MetricsProviderBootstrap.java","174233","154959","329192"
"2019-05-08 21:54","MetricsProviderBootstrap.java","156808","153032","309840"
"2015-05-14 07:10","CnxManagerTest.java","119891","32161","152052"
"2020-03-12 14:47","CnxManagerTest.java","270082","142969","413051"
"2019-08-17 17:13","CnxManagerTest.java","257499","142329","399828"
"2019-06-03 19:40","CnxManagerTest.java","242830","142329","385159"
"2017-11-28 00:10","CnxManagerTest.java","135383","36032","171415"
"2019-07-12 17:01","CnxManagerTest.java","252812","142329","395141"
"2019-05-08 21:54","CnxManagerTest.java","242001","142329","384330"
"2019-08-06 12:52","CnxManagerTest.java","258472","142329","400801"
"2019-06-14 09:06","CnxManagerTest.java","245497","142329","387826"
"2013-03-07 07:01","CnxManagerTest.java","91211","29488","120699"
"2019-11-29 14:49","CnxManagerTest.java","264696","142969","407665"
"2011-04-29 18:12","CnxManagerTest.java","59845","22867","82712"
"2015-02-06 06:17","CnxManagerTest.java","117267","32042","149309"
"2010-11-17 15:59","CnxManagerTest.java","95118","18497","113615"
"2017-09-11 18:55","CnxManagerTest.java","131468","35974","167442"
"2010-10-20 00:32","CnxManagerTest.java","93441","17934","111375"
"2011-03-16 19:49","CnxManagerTest.java","96829","18713","115542"
"2011-04-12 09:14","CnxManagerTest.java","59474","22831","82305"
"2010-10-06 19:01","CnxManagerTest.java","91928","17914","109842"
"2011-09-17 02:13","CnxManagerTest.java","71058","24440","95498"
"2010-03-31 06:26","CnxManagerTest.java","40656","14525","55181"
"2011-09-14 06:32","CnxManagerTest.java","70450","21861","92311"
"2020-02-16 10:25","CnxManagerTest.java","268779","142969","411748"
"2014-06-25 15:04","CnxManagerTest.java","106693","31522","138215"
"2015-11-03 08:11","CnxManagerTest.java","122564","32318","154882"
"2009-08-07 23:00","CnxManagerTest.java","759","94","853"
"2019-10-10 14:37","CnxManagerTest.java","261252","142329","403581"
"2014-07-23 19:36","CnxManagerTest.java","112953","31876","144829"
