"2017-03-28 22:35","ClientConfiguration.java","167","4419","4586"
"2017-04-15 13:58","ClientConfiguration.java","547","5899","6446"
"2017-05-15 19:52","ClientConfiguration.java","2089","10095","12184"
"2017-06-21 19:58","ClientConfiguration.java","3872","17201","21073"
"2017-06-05 21:48","ClientConfiguration.java","3540","15481","19021"
"2017-06-21 19:50","ClientConfiguration.java","3866","17085","20951"
"2017-08-02 00:49","ClientConfiguration.java","9191","45831","55022"
"2017-08-01 08:34","ClientConfiguration.java","8424","42479","50903"
"2017-06-30 00:12","ClientConfiguration.java","4267","20740","25007"
"2017-07-04 06:27","ClientConfiguration.java","4538","22972","27510"
"2017-08-02 00:49","BKException.java","3657","17269","20926"
"2014-06-02 11:54","AuditorLedgerCheckerTest.java","9460","82534","91994"
"2014-07-24 01:41","AuditorLedgerCheckerTest.java","9742","83301","93043"
"2012-12-14 20:26","AuditorLedgerCheckerTest.java","3225","22325","25550"
"2012-10-26 16:25","AuditorLedgerCheckerTest.java","1673","8110","9783"
"2016-03-08 07:18","AuditorLedgerCheckerTest.java","11008","101099","112107"
"2012-12-18 12:00","AuditorLedgerCheckerTest.java","3466","23073","26539"
"2016-12-17 02:44","AuditorLedgerCheckerTest.java","70312","74767","145079"
"2017-07-07 05:11","AuditorLedgerCheckerTest.java","71991","103733","175724"
"2014-02-05 22:43","AuditorLedgerCheckerTest.java","9175","76976","86151"
"2013-08-21 13:19","AuditorLedgerCheckerTest.java","7279","68782","76061"
"2017-10-17 09:32","AuditorLedgerCheckerTest.java","79209","125488","204697"
"2017-05-12 15:20","AuditorLedgerCheckerTest.java","70804","89633","160437"
"2013-06-15 19:05","AuditorLedgerCheckerTest.java","7172","66999","74171"
"2013-05-31 12:02","AuditorLedgerCheckerTest.java","7094","62821","69915"
"2013-05-31 12:02","LedgerDeleteTest.java","276","705","981"
"2014-01-22 14:35","LedgerDeleteTest.java","2909","15278","18187"
"2016-03-08 06:49","LedgerDeleteTest.java","6272","40400","46672"
"2014-07-24 01:41","LedgerDeleteTest.java","4463","22724","27187"
"2013-10-12 05:42","JournalChannel.java","1476","3849","5325"
"2013-07-20 19:59","JournalChannel.java","36","273","309"
"2014-04-29 22:07","JournalChannel.java","3801","14956","18757"
"2014-03-07 13:30","JournalChannel.java","3619","12462","16081"
"2017-06-12 17:20","LedgerManagerTestCase.java","113001","82863","195864"
"2017-05-16 00:31","LedgerManagerTestCase.java","112069","77379","189448"
"2016-11-18 00:18","LedgerManagerTestCase.java","111057","54502","165559"
"2017-01-31 04:01","LedgerManagerTestCase.java","111104","67650","178754"
"2017-03-28 22:37","LedgerManagerTestCase.java","111195","72548","183743"
"2015-09-15 10:38","LedgerManagerTestCase.java","6053","37440","43493"
"2016-04-27 09:55","LedgerManagerTestCase.java","109476","44046","153522"
"2017-07-04 06:27","LedgerManagerTestCase.java","113323","88643","201966"
"2016-02-09 08:28","BookieShell.java","9055","78493","87548"
"2016-03-16 05:03","BookieShell.java","78870","45575","124445"
"2014-12-06 07:47","BookieShell.java","8050","71768","79818"
"2014-12-06 08:03","BookieShell.java","8056","71978","80034"
"2014-09-29 16:29","BookieShell.java","8006","71371","79377"
"2014-06-03 12:35","BookieShell.java","7381","61823","69204"
"2014-02-05 22:43","BookieShell.java","6998","55699","62697"
"2013-10-02 06:54","BookieShell.java","4896","47513","52409"
"2015-01-13 13:06","BookieShell.java","8310","74077","82387"
"2017-06-01 23:58","BookieShell.java","81969","85696","167665"
"2017-07-07 05:11","BookieShell.java","82301","94943","177244"
"2013-02-26 04:12","BookieShell.java","3726","38433","42159"
"2017-01-11 07:37","BookieShell.java","80452","66326","146778"
"2016-12-21 01:42","BookieShell.java","80449","65965","146414"
"2017-01-11 07:34","BookieShell.java","80452","66202","146654"
"2016-11-30 00:02","BookieShell.java","80429","60046","140475"
"2017-01-30 23:25","BookieShell.java","80453","66502","146955"
"2017-03-28 22:35","BookieShell.java","80536","77316","157852"
"2017-01-30 21:31","BookieShell.java","80452","66393","146845"
"2017-03-22 22:54","BookieShell.java","80538","73014","153552"
"2017-01-31 04:01","Bookie.java","79048","74791","153839"
"2017-03-28 22:37","Bookie.java","79137","79687","158824"
"2016-01-26 22:11","Bookie.java","8851","81718","90569"
"2015-03-18 07:38","Bookie.java","8287","77902","86189"
"2015-04-21 09:17","Bookie.java","8288","78005","86293"
"2013-06-21 19:26","Bookie.java","4752","49161","53913"
"2014-09-23 17:53","Bookie.java","7960","74518","82478"
"2017-07-04 06:27","Bookie.java","80820","95337","176157"
"2017-06-05 22:25","Bookie.java","80598","89329","169927"
"2014-02-06 09:25","Bookie.java","7031","59295","66326"
"2014-04-29 22:07","Bookie.java","7205","62974","70179"
"2013-12-06 07:39","Bookie.java","6120","56129","62249"
"2014-08-02 20:02","Bookie.java","7827","72293","80120"
"2013-10-02 07:01","Bookie.java","5025","51279","56304"
"2017-06-28 23:24","Bookie.java","80634","91318","171952"
"2017-07-07 08:19","Bookie.java","80810","97290","178100"
"2013-09-11 00:34","Bookie.java","4992","51045","56037"
"2014-01-21 17:26","Bookie.java","6371","58117","64488"
"2013-10-12 05:42","Bookie.java","5881","52868","58749"
"2013-10-22 16:21","Bookie.java","6056","53810","59866"
"2017-05-16 00:31","Bookie.java","79806","84313","164119"
"2013-07-24 16:55","Bookie.java","4852","50319","55171"
"2014-02-05 22:43","Bookie.java","7029","59285","66314"
"2014-08-18 23:03","Bookie.java","7840","73774","81614"
"2014-05-09 14:04","Bookie.java","7219","63629","70848"
"2013-06-15 19:05","Bookie.java","4735","49017","53752"
"2017-06-01 23:58","Bookie.java","80523","87805","168328"
"2017-08-02 00:49","Bookie.java","83817","116540","200357"
"2013-12-02 18:45","Bookie.java","6106","55963","62069"
"2013-05-04 14:22","Bookie.java","4488","44241","48729"
"2012-12-18 13:04","Bookie.java","647","4999","5646"
"2016-11-18 00:18","Bookie.java","78994","61636","140630"
"2017-03-28 22:35","Bookie.java","79119","79454","158573"
"2016-07-14 23:02","Bookie.java","77841","52593","130434"
"2017-06-05 20:30","Bookie.java","80576","88216","168792"
"2016-11-30 00:02","Bookie.java","79012","62184","141196"
"2012-12-24 05:50","Bookie.java","1287","5747","7034"
"2017-03-22 22:54","Bookie.java","79121","75152","154273"
"2012-12-24 06:23","Bookie.java","1361","6043","7404"
"2011-11-16 17:05","LedgerRecoveryOp.java","2735","4433","7168"
"2011-11-17 11:16","LedgerRecoveryOp.java","2969","5310","8279"
"2012-05-25 17:13","LedgerRecoveryOp.java","12570","35414","47984"
"2012-05-10 14:47","LedgerRecoveryOp.java","12253","33843","46096"
"2013-10-14 17:38","LedgerRecoveryOp.java","18917","139589","158506"
"2017-06-21 19:58","LedgerRecoveryOp.java","40535","123573","164108"
"2017-06-21 21:00","LedgerRecoveryOp.java","40535","124246","164781"
"2017-06-21 19:50","LedgerRecoveryOp.java","40534","123462","163996"
"2012-02-13 15:46","LedgerRecoveryOp.java","4625","16631","21256"
"2013-03-25 18:02","LedgerRecoveryOp.java","18737","131393","150130"
"2016-04-27 21:11","ZkLedgerUnderreplicationManager.java","78963","48668","127631"
"2016-07-14 23:02","ZkLedgerUnderreplicationManager.java","79153","49843","128996"
"2017-07-07 05:11","ZkLedgerUnderreplicationManager.java","82359","94494","176853"
"2013-08-22 16:40","ZkLedgerUnderreplicationManager.java","4593","46503","51096"
"2017-06-28 23:28","ZkLedgerUnderreplicationManager.java","82164","89278","171442"
"2013-06-15 19:05","ZkLedgerUnderreplicationManager.java","4352","44572","48924"
"2017-06-01 23:58","ZkLedgerUnderreplicationManager.java","82008","85228","167236"
"2014-08-18 23:03","ZkLedgerUnderreplicationManager.java","7743","69615","77358"
"2013-01-04 11:32","ZkLedgerUnderreplicationManager.java","1657","3668","5325"
"2014-06-03 12:35","ZkLedgerUnderreplicationManager.java","7239","61174","68413"
"2014-06-02 11:54","ZkLedgerUnderreplicationManager.java","7219","60686","67905"
"2017-03-28 22:40","ZkLedgerUnderreplicationManager.java","80657","77373","158030"
"2016-04-27 09:55","ZkLedgerUnderreplicationManager.java","78963","48668","127631"
"2017-10-17 09:32","BookKeeperAdmin.java","125918","110694","236612"
"2017-06-01 23:58","BookKeeperAdmin.java","114501","75825","190326"
"2017-04-11 20:19","BookKeeperAdmin.java","112881","67720","180601"
"2014-02-21 19:01","BookKeeperAdmin.java","3360","10821","14181"
"2014-02-05 22:43","BookKeeperAdmin.java","3185","9483","12668"
"2017-07-07 05:11","BookKeeperAdmin.java","114996","85235","200231"
"2016-11-09 03:05","BookKeeperAdmin.java","112623","49172","161795"
"2016-11-30 00:07","BookKeeperAdmin.java","112649","49862","162511"
"2016-09-10 21:01","BookKeeperAdmin.java","111170","44034","155204"
"2016-07-14 23:02","BookKeeperAdmin.java","109954","38748","148702"
"2016-10-13 09:27","BookKeeperAdmin.java","112620","48835","161455"
"2016-03-16 05:03","BookKeeperAdmin.java","109617","33919","143536"
"2016-03-08 07:18","BookKeeperAdmin.java","6344","34932","41276"
"2014-12-06 08:03","BookKeeperAdmin.java","5030","26549","31579"
"2014-04-24 10:43","BookKeeperAdmin.java","3560","12993","16553"
"2014-09-06 07:51","BookKeeperAdmin.java","4838","25220","30058"
"2017-11-08 12:27","EntryLogger.java","35771","69243","105014"
"2015-10-06 10:05","ReadEntryProcessor.java","2272","8714","10986"
"2017-05-15 19:52","ReadEntryProcessor.java","114187","53810","167997"
"2017-06-01 23:58","ReadEntryProcessor.java","115213","58029","173242"
"2017-05-16 00:31","ReadEntryProcessor.java","114344","54385","168729"
"2017-06-30 00:12","PerChannelBookieClient.java","114143","75246","189389"
"2014-05-27 13:56","PerChannelBookieClient.java","1865","7383","9248"
"2017-07-04 06:27","PerChannelBookieClient.java","114273","77337","191610"
"2017-01-31 04:01","PerChannelBookieClient.java","111696","55986","167682"
"2015-10-06 10:05","PerChannelBookieClient.java","4836","24291","29127"
"2016-04-05 18:47","PerChannelBookieClient.java","108544","30296","138840"
"2017-04-15 13:58","PerChannelBookieClient.java","111944","61926","173870"
"2017-05-15 19:52","PerChannelBookieClient.java","112723","65359","178082"
"2016-04-05 08:45","PerChannelBookieClient.java","108536","30046","138582"
"2017-07-28 20:12","PerChannelBookieClient.java","115195","82853","198048"
"2017-01-31 02:14","PerChannelBookieClient.java","111683","50504","162187"
"2017-03-28 22:35","PerChannelBookieClient.java","111796","60678","172474"
"2017-03-23 00:48","PerChannelBookieClient.java","111796","56426","168222"
"2014-07-25 00:34","PerChannelBookieClient.java","2864","15247","18111"
"2017-08-02 00:49","PerChannelBookieClient.java","117758","99028","216786"
"2017-06-21 19:58","PerChannelBookieClient.java","113940","71899","185839"
"2017-06-01 23:58","PerChannelBookieClient.java","113669","69498","183167"
"2014-02-21 19:01","PerChannelBookieClient.java","1382","3348","4730"
"2014-02-05 22:43","PerChannelBookieClient.java","1184","1987","3171"
"2017-04-20 19:55","PerChannelBookieClient.java","111948","61951","173899"
"2015-09-15 10:38","BookKeeper.java","20183","158020","178203"
"2015-10-22 09:22","BookKeeper.java","20196","159413","179609"
"2017-01-31 04:01","BookKeeper.java","42173","105169","147342"
"2012-07-23 23:39","BookKeeper.java","12738","40588","53326"
"2012-12-13 13:07","BookKeeper.java","16920","86097","103017"
"2015-07-10 22:48","BookKeeper.java","20034","157569","177603"
"2017-06-30 00:12","BookKeeper.java","42713","122522","165235"
"2014-02-06 09:21","BookKeeper.java","19520","139033","158553"
"2012-06-05 08:00","BookKeeper.java","10339","27225","37564"
"2012-06-19 12:39","BookKeeper.java","10996","29863","40859"
"2012-09-12 11:59","BookKeeper.java","13619","61435","75054"
"2014-01-21 05:19","BookKeeper.java","19229","137935","157164"
"2013-10-02 06:40","BookKeeper.java","18997","132398","151395"
"2014-02-21 19:01","BookKeeper.java","19558","140230","159788"
"2016-10-13 07:50","BookKeeper.java","42060","91500","133560"
"2017-06-21 21:00","BookKeeper.java","42709","120047","162756"
"2012-03-01 15:58","BookKeeper.java","1442","7998","9440"
"2013-06-12 18:41","BookKeeper.java","18901","130009","148910"
"2011-11-29 23:55","BookKeeper.java","438","483","921"
"2013-05-06 19:32","BookKeeper.java","18714","125820","144534"
"2013-01-10 19:13","BookKeeper.java","17594","91742","109336"
"2017-03-28 22:35","BookKeeper.java","42175","109763","151938"
"2016-07-11 23:01","BookKeeper.java","42045","84016","126061"
"2016-10-13 09:27","BookKeeper.java","42136","91562","133698"
"2017-07-28 20:12","BookKeeper.java","42974","129338","172312"
"2017-05-15 19:52","BookKeeper.java","42545","113887","156432"
"2013-09-10 15:14","BookKeeper.java","18969","132236","151205"
"2011-11-16 17:05","PendingAddOp.java","2735","4433","7168"
"2015-04-21 09:17","PendingAddOp.java","19430","162773","182203"
"2015-10-06 10:48","PendingAddOp.java","19470","164230","183700"
"2015-10-22 09:22","PendingAddOp.java","19474","165064","184538"
"2011-11-17 11:16","PendingAddOp.java","2969","5310","8279"
"2017-06-30 00:12","PendingAddOp.java","40530","126712","167242"
"2014-01-21 05:19","PendingAddOp.java","19001","144080","163081"
"2012-09-12 11:59","PendingAddOp.java","14547","68736","83283"
"2014-02-21 19:01","PendingAddOp.java","19192","146237","165429"
"2014-02-05 22:43","PendingAddOp.java","19159","145041","164200"
"2013-09-11 00:34","PendingAddOp.java","18868","138547","157415"
"2013-10-14 18:32","PendingAddOp.java","18919","139625","158544"
"2012-04-02 12:38","PendingAddOp.java","11814","31591","43405"
"2013-04-26 18:38","PendingAddOp.java","18736","131755","150491"
"2017-08-02 00:49","PendingAddOp.java","41168","147517","188685"
"2012-12-27 23:16","PendingAddOp.java","17403","95760","113163"
"2017-05-15 19:52","PendingAddOp.java","40437","118152","158589"
"2016-11-30 00:02","CookieTest.java","111328","38090","149418"
"2014-12-10 19:43","CookieTest.java","2611","13843","16454"
"2014-09-23 17:53","CookieTest.java","2169","12317","14486"
"2014-09-18 06:57","CookieTest.java","2151","12243","14394"
"2016-01-26 22:11","TestZooKeeperClient.java","688","3273","3961"
"2017-03-23 15:59","TestZooKeeperClient.java","111627","37779","149406"
"2012-12-08 11:18","Bookie.java","4619","23920","28539"
"2012-10-25 15:35","Bookie.java","3681","12925","16606"
"2012-10-26 16:25","Bookie.java","3938","14131","18069"
"2017-01-31 04:01","Bookie.java","66950","81994","148944"
"2017-03-28 22:37","Bookie.java","67043","86894","153937"
"2016-01-26 22:11","Bookie.java","12398","104566","116964"
"2015-03-18 07:38","Bookie.java","11964","100880","112844"
"2015-04-21 09:17","Bookie.java","11965","100983","112948"
"2012-10-18 16:40","Bookie.java","3502","11609","15111"
"2012-12-03 17:59","Bookie.java","4449","23705","28154"
"2013-06-21 19:26","Bookie.java","8830","72540","81370"
"2014-09-23 17:53","Bookie.java","11666","97525","109191"
"2017-07-04 06:27","Bookie.java","68608","102426","171034"
"2017-06-05 22:25","Bookie.java","68383","96415","164798"
"2014-02-06 09:25","Bookie.java","10796","82361","93157"
"2014-04-29 22:07","Bookie.java","10959","86029","96988"
"2013-12-06 07:39","Bookie.java","10036","79346","89382"
"2014-08-02 20:02","Bookie.java","11540","95307","106847"
"2013-10-02 07:01","Bookie.java","9012","74567","83579"
"2017-06-28 23:24","Bookie.java","68426","98411","166837"
"2017-07-07 08:19","Bookie.java","68599","104380","172979"
"2013-09-11 00:34","Bookie.java","8983","74337","83320"
"2014-01-21 17:26","Bookie.java","10203","81250","91453"
"2013-10-12 05:42","Bookie.java","9780","76068","85848"
"2013-10-22 16:21","Bookie.java","9986","77041","87027"
"2017-05-16 00:31","Bookie.java","67690","91498","159188"
"2013-07-24 16:55","Bookie.java","8885","73653","82538"
"2014-02-05 22:43","Bookie.java","10794","82351","93145"
"2014-08-18 23:03","Bookie.java","11548","96783","108331"
"2014-05-09 14:04","Bookie.java","10973","86684","97657"
"2013-06-15 19:05","Bookie.java","8826","72409","81235"
"2017-06-01 23:58","Bookie.java","68362","94945","163307"
"2017-08-02 00:49","Bookie.java","70018","122042","192060"
"2013-12-02 18:45","Bookie.java","10026","79184","89210"
"2013-05-04 14:22","Bookie.java","8610","67664","76274"
"2012-12-18 13:04","Bookie.java","5180","28833","34013"
"2016-11-18 00:18","Bookie.java","66898","68841","135739"
"2017-03-28 22:35","Bookie.java","67025","86661","153686"
"2016-07-14 23:02","Bookie.java","65870","59923","125793"
"2017-06-05 20:30","Bookie.java","68363","95304","163667"
"2016-11-30 00:02","Bookie.java","66915","69388","136303"
"2012-12-24 05:50","Bookie.java","5797","29558","35355"
"2017-03-22 22:54","Bookie.java","67023","82355","149378"
"2012-12-24 06:23","Bookie.java","5861","29844","35705"
"2015-10-22 09:22","BookKeeper.java","88","1468","1556"
"2017-01-31 04:01","BookKeeper.java","111059","36218","147277"
"2017-06-30 00:12","BookKeeper.java","114357","56329","170686"
"2016-10-13 07:50","BookKeeper.java","110784","22387","133171"
"2017-06-21 21:00","BookKeeper.java","114036","53537","167573"
"2017-03-28 22:35","BookKeeper.java","111258","41009","152267"
"2016-07-11 23:01","BookKeeper.java","105805","9939","115744"
"2016-10-13 09:27","BookKeeper.java","110906","22495","133401"
"2017-07-28 20:12","BookKeeper.java","115748","64275","180023"
"2017-05-15 19:52","BookKeeper.java","112523","46028","158551"
"2012-10-04 12:40","AuditorLedgerCheckerTest.java","3481","12694","16175"
"2014-06-02 11:54","AuditorLedgerCheckerTest.java","11523","93810","105333"
"2014-07-24 01:41","AuditorLedgerCheckerTest.java","11789","94561","106350"
"2012-12-14 20:26","AuditorLedgerCheckerTest.java","5627","33940","39567"
"2012-10-26 16:25","AuditorLedgerCheckerTest.java","4687","20337","25024"
"2016-03-08 07:18","AuditorLedgerCheckerTest.java","12908","112212","125120"
"2012-12-18 12:00","AuditorLedgerCheckerTest.java","5862","34682","40544"
"2016-12-17 02:44","AuditorLedgerCheckerTest.java","64043","77711","141754"
"2017-07-07 05:11","AuditorLedgerCheckerTest.java","65519","106474","171993"
"2014-02-05 22:43","AuditorLedgerCheckerTest.java","11253","88267","99520"
"2013-08-21 13:19","AuditorLedgerCheckerTest.java","9450","80166","89616"
"2017-10-17 09:32","AuditorLedgerCheckerTest.java","72072","127564","199636"
"2017-05-12 15:20","AuditorLedgerCheckerTest.java","64448","92490","156938"
"2013-06-15 19:05","AuditorLedgerCheckerTest.java","9358","78398","87756"
"2013-05-31 12:02","AuditorLedgerCheckerTest.java","9285","74225","83510"
"2017-06-01 23:58","ZkLedgerIdGenerator.java","3184","9688","12872"
"2017-05-02 23:04","ZkLedgerIdGenerator.java","765","2586","3351"
"2011-11-17 11:16","LedgerRecoveryOp.java","254","897","1151"
"2012-05-25 17:13","LedgerRecoveryOp.java","10849","31995","42844"
"2012-05-10 14:47","LedgerRecoveryOp.java","10538","30430","40968"
"2013-10-14 17:38","LedgerRecoveryOp.java","18111","137085","155196"
"2017-06-21 19:58","LedgerRecoveryOp.java","40393","121733","162126"
"2017-06-21 21:00","LedgerRecoveryOp.java","40395","122408","162803"
"2017-06-21 19:50","LedgerRecoveryOp.java","40392","121622","162014"
"2012-02-13 15:46","LedgerRecoveryOp.java","2421","12729","15150"
"2013-03-25 18:02","LedgerRecoveryOp.java","17800","128758","146558"
"2012-12-08 11:18","Bookie.java","1913","11970","13883"
"2012-10-26 16:25","Bookie.java","310","1259","1569"
"2017-01-31 04:01","Bookie.java","73855","79655","153510"
"2017-03-28 22:37","Bookie.java","73950","84557","158507"
"2016-01-26 22:11","Bookie.java","10228","93152","103380"
"2015-03-18 07:38","Bookie.java","9715","89387","99102"
"2015-04-21 09:17","Bookie.java","9716","89490","99206"
"2012-12-03 17:59","Bookie.java","1202","11214","12416"
"2013-06-21 19:26","Bookie.java","6368","60834","67202"
"2014-09-23 17:53","Bookie.java","9391","86006","95397"
"2017-07-04 06:27","Bookie.java","75579","100153","175732"
"2017-06-05 22:25","Bookie.java","75355","94143","169498"
"2014-02-06 09:25","Bookie.java","8502","70823","79325"
"2014-04-29 22:07","Bookie.java","8672","74498","83170"
"2013-12-06 07:39","Bookie.java","7655","67721","75376"
"2014-08-02 20:02","Bookie.java","9264","83787","93051"
"2013-10-02 07:01","Bookie.java","6614","62925","69539"
"2017-06-28 23:24","Bookie.java","75392","96133","171525"
"2017-07-07 08:19","Bookie.java","75567","102104","177671"
"2013-09-11 00:34","Bookie.java","6583","62693","69276"
"2014-01-21 17:26","Bookie.java","7897","69700","77597"
"2013-10-12 05:42","Bookie.java","7384","64428","71812"
"2013-10-22 16:21","Bookie.java","7592","65403","72995"
"2017-05-16 00:31","Bookie.java","74600","89164","163764"
"2013-07-24 16:55","Bookie.java","6444","61968","68412"
"2014-02-05 22:43","Bookie.java","8500","70813","79313"
"2014-08-18 23:03","Bookie.java","9272","85263","94535"
"2014-05-09 14:04","Bookie.java","8686","75153","83839"
"2013-06-15 19:05","Bookie.java","6351","60690","67041"
"2017-06-01 23:58","Bookie.java","75285","92624","167909"
"2017-08-02 00:49","Bookie.java","77003","119783","196786"
"2013-12-02 18:45","Bookie.java","7641","67555","75196"
"2013-05-04 14:22","Bookie.java","6122","55932","62054"
"2012-12-18 13:04","Bookie.java","2521","16930","19451"
"2016-11-18 00:18","Bookie.java","73802","66501","140303"
"2017-03-28 22:35","Bookie.java","73932","84324","158256"
"2016-07-14 23:02","Bookie.java","72650","57459","130109"
"2017-06-05 20:30","Bookie.java","75338","93035","168373"
"2016-11-30 00:02","Bookie.java","73819","67048","140867"
"2012-12-24 05:50","Bookie.java","3145","17662","20807"
"2017-03-22 22:54","Bookie.java","73929","80017","153946"
"2012-12-24 06:23","Bookie.java","3210","17949","21159"
"2012-12-08 11:18","Bookie.java","1632","10740","12372"
"2017-01-31 04:01","Bookie.java","74480","79331","153811"
"2017-03-28 22:37","Bookie.java","74574","84232","158806"
"2016-01-26 22:11","Bookie.java","10115","92090","102205"
"2015-03-18 07:38","Bookie.java","9590","88313","97903"
"2015-04-21 09:17","Bookie.java","9591","88416","98007"
"2012-12-03 17:59","Bookie.java","921","9984","10905"
"2013-06-21 19:26","Bookie.java","6155","59672","65827"
"2014-09-23 17:53","Bookie.java","9262","84928","94190"
"2017-07-04 06:27","Bookie.java","76212","99837","176049"
"2017-06-05 22:25","Bookie.java","75987","93826","169813"
"2014-02-06 09:25","Bookie.java","8366","69738","78104"
"2014-04-29 22:07","Bookie.java","8536","73413","81949"
"2013-12-06 07:39","Bookie.java","7496","66613","74109"
"2014-08-02 20:02","Bookie.java","9130","82704","91834"
"2013-10-02 07:01","Bookie.java","6404","61766","68170"
"2017-06-28 23:24","Bookie.java","76024","95816","171840"
"2017-07-07 08:19","Bookie.java","76201","101789","177990"
"2013-09-11 00:34","Bookie.java","6373","61534","67907"
"2014-01-21 17:26","Bookie.java","7740","68594","76334"
"2013-10-12 05:42","Bookie.java","7258","63353","70611"
"2013-10-22 16:21","Bookie.java","7432","64294","71726"
"2017-05-16 00:31","Bookie.java","75230","88845","164075"
"2013-07-24 16:55","Bookie.java","6234","60809","67043"
"2014-02-05 22:43","Bookie.java","8364","69728","78092"
"2014-08-18 23:03","Bookie.java","9142","84184","93326"
"2014-05-09 14:04","Bookie.java","8550","74068","82618"
"2013-06-15 19:05","Bookie.java","6138","59528","65666"
"2017-06-01 23:58","Bookie.java","75917","92307","168224"
"2017-08-02 00:49","Bookie.java","77638","119469","197107"
"2013-12-02 18:45","Bookie.java","7482","66447","73929"
"2013-05-04 14:22","Bookie.java","5906","54767","60673"
"2012-12-18 13:04","Bookie.java","2254","15714","17968"
"2016-11-18 00:18","Bookie.java","74427","66177","140604"
"2017-03-28 22:35","Bookie.java","74556","83999","158555"
"2016-07-14 23:02","Bookie.java","73274","57134","130408"
"2017-06-05 20:30","Bookie.java","75970","92718","168688"
"2016-11-30 00:02","Bookie.java","74444","66724","141168"
"2012-12-24 05:50","Bookie.java","2883","16451","19334"
"2017-03-22 22:54","Bookie.java","74553","79692","154245"
"2012-12-24 06:23","Bookie.java","2948","16738","19686"
"2012-12-08 11:18","Bookie.java","14447","93592","108039"
"2012-09-14 15:42","Bookie.java","12164","72008","84172"
"2012-10-25 15:35","Bookie.java","14270","83358","97628"
"2012-10-26 16:25","Bookie.java","14292","84329","98621"
"2011-11-28 19:25","Bookie.java","8040","19932","27972"
"2012-02-01 12:06","Bookie.java","8582","22121","30703"
"2011-09-05 19:38","Bookie.java","4889","10408","15297"
"2011-11-16 17:05","Bookie.java","7051","14268","21319"
"2011-11-11 11:24","Bookie.java","6609","12821","19430"
"2017-01-31 04:01","Bookie.java","36122","111010","147132"
"2017-03-28 22:37","Bookie.java","36108","115803","151911"
"2016-01-26 22:11","Bookie.java","16594","168606","185200"
"2015-03-18 07:38","Bookie.java","16568","165328","181896"
"2015-04-21 09:17","Bookie.java","16568","165430","181998"
"2012-02-01 12:58","Bookie.java","8582","23909","32491"
"2012-10-18 16:40","Bookie.java","14203","82154","96357"
"2012-12-03 17:59","Bookie.java","14393","93493","107886"
"2012-07-04 16:17","Bookie.java","10465","46811","57276"
"2012-07-23 23:39","Bookie.java","11567","51309","62876"
"2013-06-21 19:26","Bookie.java","16026","139580","155606"
"2012-09-07 07:04","Bookie.java","11963","71146","83109"
"2014-09-23 17:53","Bookie.java","16568","162271","178839"
"2017-07-04 06:27","Bookie.java","36309","129971","166280"
"2017-06-05 22:25","Bookie.java","36298","124174","160472"
"2014-02-06 09:25","Bookie.java","16330","147739","164069"
"2014-04-29 22:07","Bookie.java","16366","151280","167646"
"2013-12-06 07:39","Bookie.java","16163","145317","161480"
"2012-07-05 14:45","Bookie.java","10469","47297","57766"
"2012-05-10 14:47","Bookie.java","10034","37143","47177"
"2014-08-02 20:02","Bookie.java","16563","160174","176737"
"2012-04-17 13:16","Bookie.java","9826","35708","45534"
"2012-04-16 16:11","Bookie.java","9677","35147","44824"
"2013-10-02 07:01","Bookie.java","16068","141467","157535"
"2012-06-19 12:39","Bookie.java","10423","41182","51605"
"2017-06-28 23:24","Bookie.java","36297","126126","162423"
"2017-07-07 08:19","Bookie.java","36312","131937","168249"
"2013-09-11 00:34","Bookie.java","16052","141250","157302"
"2014-01-21 17:26","Bookie.java","16184","147075","163259"
"2013-10-12 05:42","Bookie.java","16090","142222","158312"
"2013-10-22 16:21","Bookie.java","16153","143052","159205"
"2017-05-16 00:31","Bookie.java","36286","119938","156224"
"2013-07-24 16:55","Bookie.java","16042","140654","156696"
"2014-02-05 22:43","Bookie.java","16331","147732","164063"
"2014-08-18 23:03","Bookie.java","16563","161642","178205"
"2014-05-09 14:04","Bookie.java","16366","151921","168287"
"2013-06-15 19:05","Bookie.java","16026","139453","155479"
"2017-06-01 23:58","Bookie.java","36292","122719","159011"
"2012-03-29 15:18","Bookie.java","9702","34022","43724"
"2012-04-17 12:18","Bookie.java","9700","35359","45059"
"2012-03-08 19:24","Bookie.java","8982","28401","37383"
"2012-02-15 16:11","Bookie.java","8734","26271","35005"
"2012-02-17 12:50","Bookie.java","8740","26518","35258"
"2012-03-20 14:09","Bookie.java","9693","33298","42991"
"2012-03-08 12:13","Bookie.java","8949","28324","37273"
"2012-03-13 07:31","Bookie.java","9045","30721","39766"
"2012-02-09 18:14","Bookie.java","8635","25913","34548"
"2012-04-02 12:38","Bookie.java","9677","34973","44650"
"2017-08-02 00:49","Bookie.java","36893","148761","185654"
"2011-11-16 19:01","Bookie.java","7051","14606","21657"
"2011-11-18 11:18","Bookie.java","7819","16967","24786"
"2013-12-02 18:45","Bookie.java","16161","145163","161324"
"2013-05-04 14:22","Bookie.java","15935","134833","150768"
"2012-12-18 13:04","Bookie.java","14603","98100","112703"
"2016-11-18 00:18","Bookie.java","36116","97903","134019"
"2017-03-28 22:35","Bookie.java","36108","115588","151696"
"2016-07-14 23:02","Bookie.java","36112","90009","126121"
"2017-06-05 20:30","Bookie.java","36292","123077","159369"
"2016-11-30 00:02","Bookie.java","36115","98432","134547"
"2012-12-24 05:50","Bookie.java","14612","98217","112829"
"2017-03-22 22:54","Bookie.java","36115","111291","147406"
"2012-12-24 06:23","Bookie.java","14655","98482","113137"
"2012-12-08 11:18","Bookie.java","16734","83987","100721"
"2012-09-14 15:42","Bookie.java","13866","61818","75684"
"2012-10-25 15:35","Bookie.java","16443","73639","90082"
"2012-10-26 16:25","Bookie.java","16478","74623","91101"
"2012-02-01 12:06","Bookie.java","830","2477","3307"
"2017-01-31 04:01","Bookie.java","42173","105169","147342"
"2017-03-28 22:37","Bookie.java","42176","109979","152155"
"2016-01-26 22:11","Bookie.java","20197","160317","180514"
"2015-03-18 07:38","Bookie.java","20000","156868","176868"
"2015-04-21 09:17","Bookie.java","19999","156969","176968"
"2012-02-01 12:58","Bookie.java","833","4268","5101"
"2012-10-18 16:40","Bookie.java","16355","72414","88769"
"2012-12-03 17:59","Bookie.java","16618","83826","100444"
"2012-07-04 16:17","Bookie.java","11197","35651","46848"
"2012-07-23 23:39","Bookie.java","12738","40588","53326"
"2013-06-21 19:26","Bookie.java","18903","130565","149468"
"2012-09-07 07:04","Bookie.java","13543","60834","74377"
"2014-09-23 17:53","Bookie.java","19971","153782","173753"
"2017-07-04 06:27","Bookie.java","42745","124515","167260"
"2017-06-05 22:25","Bookie.java","42683","118667","161350"
"2014-02-06 09:25","Bookie.java","19520","139037","158557"
"2014-04-29 22:07","Bookie.java","19566","142588","162154"
"2013-12-06 07:39","Bookie.java","19151","136413","155564"
"2012-07-05 14:45","Bookie.java","11205","36141","47346"
"2012-05-10 14:47","Bookie.java","9997","25214","35211"
"2014-08-02 20:02","Bookie.java","19960","151679","171639"
"2012-04-17 13:16","Bookie.java","9692","23682","33374"
"2012-04-16 16:11","Bookie.java","9359","22937","32296"
"2013-10-02 07:01","Bookie.java","18997","132504","151501"
"2012-06-19 12:39","Bookie.java","10996","29863","40859"
"2017-06-28 23:24","Bookie.java","42716","120653","163369"
"2017-07-07 08:19","Bookie.java","42738","126471","169209"
"2013-09-11 00:34","Bookie.java","18975","132281","151256"
"2014-01-21 17:26","Bookie.java","19236","138235","157471"
"2013-10-12 05:42","Bookie.java","19036","133276","152312"
"2013-10-22 16:21","Bookie.java","19133","134140","153273"
"2017-05-16 00:31","Bookie.java","42569","114329","156898"
"2013-07-24 16:55","Bookie.java","18927","131647","150574"
"2014-02-05 22:43","Bookie.java","19520","139029","158549"
"2014-08-18 23:03","Bookie.java","19960","153147","173107"
"2014-05-09 14:04","Bookie.java","19566","143229","162795"
"2013-06-15 19:05","Bookie.java","18906","130441","149347"
"2017-06-01 23:58","Bookie.java","42667","117202","159869"
"2012-03-29 15:18","Bookie.java","9230","21658","30888"
"2012-04-17 12:18","Bookie.java","9385","23152","32537"
"2012-03-08 19:24","Bookie.java","1646","9173","10819"
"2012-02-15 16:11","Bookie.java","1228","6873","8101"
"2012-02-17 12:50","Bookie.java","1232","7118","8350"
"2012-03-20 14:09","Bookie.java","9085","20798","29883"
"2012-03-08 12:13","Bookie.java","1580","9063","10643"
"2012-03-13 07:31","Bookie.java","2088","11872","13960"
"2012-02-09 18:14","Bookie.java","1074","6460","7534"
"2012-04-02 12:38","Bookie.java","9356","22760","32116"
"2017-08-02 00:49","Bookie.java","43374","143350","186724"
"2013-12-02 18:45","Bookie.java","19148","136258","155406"
"2013-05-04 14:22","Bookie.java","18714","125720","144434"
"2012-12-18 13:04","Bookie.java","16955","88560","105515"
"2016-11-18 00:18","Bookie.java","42135","92030","134165"
"2017-03-28 22:35","Bookie.java","42175","109763","151938"
"2016-07-14 23:02","Bookie.java","42049","84054","126103"
"2017-06-05 20:30","Bookie.java","42667","117560","160227"
"2016-11-30 00:02","Bookie.java","42136","92561","134697"
"2012-12-24 05:50","Bookie.java","17146","88859","106005"
"2017-03-22 22:54","Bookie.java","42177","105461","147638"
"2012-12-24 06:23","Bookie.java","17190","89125","106315"
"2015-04-21 09:17","PendingAddOp.java","18923","160568","179491"
"2015-10-06 10:48","PendingAddOp.java","18964","162026","180990"
"2015-10-22 09:22","PendingAddOp.java","18973","162865","181838"
"2011-11-17 11:16","PendingAddOp.java","254","897","1151"
"2017-06-30 00:12","PendingAddOp.java","40399","124883","165282"
"2014-01-21 05:19","PendingAddOp.java","18235","141616","159851"
"2012-09-12 11:59","PendingAddOp.java","13408","65899","79307"
"2014-02-21 19:01","PendingAddOp.java","18534","143881","162415"
"2014-02-05 22:43","PendingAddOp.java","18498","142682","161180"
"2013-09-11 00:34","PendingAddOp.java","18052","136033","154085"
"2013-10-14 18:32","PendingAddOp.java","18113","137121","155234"
"2012-04-02 12:38","PendingAddOp.java","9922","28001","37923"
"2013-04-26 18:38","PendingAddOp.java","17799","129120","146919"
"2017-08-02 00:49","PendingAddOp.java","41066","145717","186783"
"2012-12-27 23:16","PendingAddOp.java","16347","93006","109353"
"2017-05-15 19:52","PendingAddOp.java","40249","116266","156515"
"2014-01-21 05:19","PerChannelBookieClient.java","1106","5460","6566"
"2014-01-09 07:30","PerChannelBookieClient.java","703","3625","4328"
"2017-06-30 00:12","PerChannelBookieClient.java","114326","79783","194109"
"2014-05-27 13:56","PerChannelBookieClient.java","2807","12679","15486"
"2017-07-04 06:27","PerChannelBookieClient.java","114442","81860","196302"
"2017-01-31 04:01","PerChannelBookieClient.java","111994","60638","172632"
"2015-10-06 10:05","PerChannelBookieClient.java","5274","29083","34357"
"2016-04-05 18:47","PerChannelBookieClient.java","108918","35024","143942"
"2017-04-15 13:58","PerChannelBookieClient.java","112207","66543","178750"
"2017-05-15 19:52","PerChannelBookieClient.java","112965","69955","182920"
"2016-04-05 08:45","PerChannelBookieClient.java","108910","34774","143684"
"2017-07-28 20:12","PerChannelBookieClient.java","115181","87193","202374"
"2017-01-31 02:14","PerChannelBookieClient.java","111985","55160","167145"
"2017-03-28 22:35","PerChannelBookieClient.java","112081","65317","177398"
"2017-03-23 00:48","PerChannelBookieClient.java","112085","61069","173154"
"2014-07-25 00:34","PerChannelBookieClient.java","3570","20307","23877"
"2017-08-02 00:49","PerChannelBookieClient.java","117701","103325","221026"
"2017-06-21 19:58","PerChannelBookieClient.java","114128","76441","190569"
"2017-06-01 23:58","PerChannelBookieClient.java","113869","74052","187921"
"2013-10-29 05:14","PerChannelBookieClient.java","624","1415","2039"
"2014-02-21 19:01","PerChannelBookieClient.java","2435","8755","11190"
"2014-02-05 22:43","PerChannelBookieClient.java","2255","7412","9667"
"2017-04-20 19:55","PerChannelBookieClient.java","112209","66566","178775"
"2011-10-27 18:26","BookKeeperTestClient.java","5805","11919","17724"
"2011-11-18 11:18","BookKeeperTestClient.java","7801","17066","24867"
"2012-07-05 14:45","BookieJournalTest.java","2461","10926","13387"
"2014-04-29 22:07","BookieJournalTest.java","14592","121143","135735"
"2014-12-10 19:43","BookieJournalTest.java","15304","133728","149032"
"2017-05-15 19:52","BookieJournalTest.java","48676","103547","152223"
"2017-05-16 00:31","BookieJournalTest.java","48744","104033","152777"
"2013-10-11 08:36","BookieJournalTest.java","13672","110900","124572"
"2013-10-12 05:42","BookieJournalTest.java","13776","111545","125321"
"2017-01-31 04:01","LedgerDescriptor.java","40097","107768","147865"
"2017-05-16 00:31","LedgerDescriptor.java","40269","116704","156973"
"2012-04-17 12:18","LedgerDescriptor.java","9951","28393","38344"
"2012-03-20 14:09","LedgerDescriptor.java","9728","26116","35844"
"2012-02-09 18:14","LedgerDescriptor.java","2286","12347","14633"
"2012-12-18 13:04","LedgerDescriptor.java","16282","92562","108844"
"2016-11-18 00:18","LedgerDescriptor.java","40070","94640","134710"
"2011-11-16 17:05","LedgerMetadataImpl.java","2735","4433","7168"
"2016-02-23 19:16","LedgerMetadataImpl.java","19474","166267","185741"
"2012-06-27 15:35","LedgerMetadataImpl.java","12821","43266","56087"
"2012-06-19 12:39","LedgerMetadataImpl.java","12679","37919","50598"
"2012-09-12 11:59","LedgerMetadataImpl.java","14547","68736","83283"
"2013-08-13 14:32","LedgerMetadataImpl.java","18856","138164","157020"
"2017-06-01 23:58","LedgerMetadataImpl.java","40516","121424","161940"
"2012-01-17 16:52","LedgerMetadataImpl.java","4405","12129","16534"
"2013-03-25 18:02","LedgerMetadataImpl.java","18737","131393","150130"
"2013-04-26 18:38","LedgerMetadataImpl.java","18736","131755","150491"
"2017-07-28 20:12","LedgerMetadataImpl.java","40782","133519","174301"
"2016-07-11 23:01","LedgerMetadataImpl.java","40227","88571","128798"
"2012-07-18 17:00","LedgerMetadataImpl.java","13966","48121","62087"
"2017-06-01 21:20","BookieProtoEncoding.java","885","3205","4090"
"2017-05-17 08:57","BookieProtoEncoding.java","20","72","92"
"2017-06-05 22:25","BookieProtoEncoding.java","1594","5811","7405"
"2016-03-16 05:03","BookieShell.java","104966","2233","107199"
"2017-06-01 23:58","BookieShell.java","113443","47732","161175"
"2017-07-07 05:11","BookieShell.java","114448","57652","172100"
"2017-01-11 07:37","BookieShell.java","110831","27267","138098"
"2016-12-21 01:42","BookieShell.java","110820","26898","137718"
"2017-01-11 07:34","BookieShell.java","110831","27143","137974"
"2016-11-30 00:02","BookieShell.java","110786","20965","131751"
"2017-01-30 23:25","BookieShell.java","110836","27447","138283"
"2017-03-28 22:35","BookieShell.java","111059","38401","149460"
"2017-01-30 21:31","BookieShell.java","110833","27336","138169"
"2017-03-22 22:54","BookieShell.java","110994","34032","145026"
"2012-11-30 04:54","LedgerFragment.java","2161","15938","18099"
"2014-02-05 22:43","LedgerFragment.java","9255","75870","85125"
"2013-05-04 14:22","LedgerDeleteTest.java","17936","127686","145622"
"2012-03-15 10:37","LedgerDeleteTest.java","8763","22626","31389"
"2013-05-31 12:02","LedgerDeleteTest.java","18075","128254","146329"
"2014-01-22 14:35","LedgerDeleteTest.java","18490","140609","159099"
"2012-11-26 16:42","LedgerDeleteTest.java","16030","83291","99321"
"2016-03-08 06:49","LedgerDeleteTest.java","19220","163098","182318"
"2012-06-19 12:39","LedgerDeleteTest.java","10733","32344","43077"
"2014-07-24 01:41","LedgerDeleteTest.java","18947","146958","165905"
"2012-12-03 17:59","ReadOnlyBookieTest.java","1184","12333","13517"
"2014-12-10 19:43","ReadOnlyBookieTest.java","9619","88455","98074"
"2016-03-08 06:49","ReadOnlyBookieTest.java","10318","95393","105711"
"2016-04-14 00:51","ReadOnlyBookieTest.java","71321","55770","127091"
"2014-07-24 01:41","ReadOnlyBookieTest.java","9018","78226","87244"
"2013-03-25 06:48","ReadOnlyBookieTest.java","5768","55684","61452"
"2014-01-22 14:35","ReadOnlyBookieTest.java","7953","71269","79222"
"2014-01-21 17:26","ReadOnlyBookieTest.java","7840","70780","78620"
"2012-11-27 16:52","ReadOnlyBookieTest.java","1093","11438","12531"
"2016-04-07 21:39","ReadOnlyBookieTest.java","71311","55719","127030"
"2017-07-04 06:27","PendingReadOp.java","754","5859","6613"
"2014-08-02 20:02","ServerConfiguration.java","6537","64930","71467"
"2014-05-06 12:30","ServerConfiguration.java","5859","55602","61461"
"2014-05-15 00:41","ServerConfiguration.java","5879","56536","62415"
"2014-09-18 06:47","ServerConfiguration.java","6608","67010","73618"
"2017-07-04 06:27","ServerConfiguration.java","82279","90723","173002"
"2014-03-07 13:14","ServerConfiguration.java","5695","53079","58774"
"2014-04-29 22:07","ServerConfiguration.java","5856","55552","61408"
"2016-04-14 00:51","ServerConfiguration.java","78655","45837","124492"
"2015-01-16 15:57","ServerConfiguration.java","6989","70363","77352"
"2013-02-08 19:08","ServerConfiguration.java","1032","33193","34225"
"2016-03-08 06:49","ServerConfiguration.java","7983","75791","83774"
"2016-01-26 22:11","ServerConfiguration.java","7731","74525","82256"
"2014-01-21 05:05","ServerConfiguration.java","4621","49655","54276"
"2014-03-12 21:26","ServerConfiguration.java","5768","54954","60722"
"2016-04-05 18:47","ServerConfiguration.java","78635","45767","124402"
"2016-04-27 09:55","ServerConfiguration.java","78703","46397","125100"
"2015-04-21 09:55","ServerConfiguration.java","7042","70857","77899"
"2015-01-12 15:18","ServerConfiguration.java","6986","69422","76408"
"2015-04-21 10:02","ServerConfiguration.java","7038","70886","77924"
"2013-01-14 16:59","ServerConfiguration.java","778","2226","3004"
"2017-05-15 19:52","ServerConfiguration.java","81008","79024","160032"
"2017-03-22 22:54","ServerConfiguration.java","80325","70283","150608"
"2017-03-23 00:48","ServerConfiguration.java","80329","70339","150668"
"2017-01-31 02:11","ServerConfiguration.java","80239","63828","144067"
"2013-02-19 16:19","ServerConfiguration.java","1978","34092","36070"
"2013-02-19 16:15","ServerConfiguration.java","1972","34067","36039"
"2016-04-05 08:45","ServerConfiguration.java","78633","45523","124156"
"2016-11-09 03:02","ServerConfiguration.java","80206","56623","136829"
"2016-11-30 00:02","ServerConfiguration.java","80216","57315","137531"
"2017-06-05 20:30","ServerConfiguration.java","81885","83452","165337"
"2016-09-10 20:27","ServerConfiguration.java","80076","52704","132780"
"2017-08-02 00:49","ServerConfiguration.java","85337","111987","197324"
"2017-10-03 12:31","ServerConfiguration.java","91906","108713","200619"
"2017-08-16 03:37","ServerConfiguration.java","86558","119841","206399"
"2013-07-20 19:59","ServerConfiguration.java","3062","41840","44902"
"2013-12-02 18:45","ServerConfiguration.java","4505","48289","52794"
"2014-05-09 14:04","ServerConfiguration.java","5874","56211","62085"
"2017-05-26 12:38","ServerConfiguration.java","81137","81469","162606"
"2013-06-15 19:05","ServerConfiguration.java","2979","41188","44167"
"2014-01-15 15:58","ServerConfiguration.java","4585","48713","53298"
"2013-10-22 07:44","ServerConfiguration.java","4384","45671","50055"
"2017-07-07 08:19","ServerConfiguration.java","82268","92675","174943"
"2017-06-28 23:24","ServerConfiguration.java","82033","86644","168677"
"2017-11-08 12:27","ServerConfiguration.java","93243","127924","221167"
"2014-01-22 14:35","ServerConfiguration.java","4906","50955","55861"
"2013-10-12 05:42","ServerConfiguration.java","4271","45185","49456"
"2014-07-24 01:41","TestMetaStore.java","9721","70671","80392"
"2012-12-03 15:04","TestMetaStore.java","945","3490","4435"
"2012-12-08 11:18","Bookie.java","16285","81891","98176"
"2012-09-14 15:42","Bookie.java","13379","59684","73063"
"2012-10-25 15:35","Bookie.java","15988","71537","87525"
"2012-10-26 16:25","Bookie.java","16021","72519","88540"
"2017-01-31 04:01","Bookie.java","42841","104190","147031"
"2017-03-28 22:37","Bookie.java","42844","109000","151844"
"2016-01-26 22:11","Bookie.java","19873","158346","178219"
"2015-03-18 07:38","Bookie.java","19672","154893","174565"
"2015-04-21 09:17","Bookie.java","19671","154994","174665"
"2012-10-18 16:40","Bookie.java","15900","70312","86212"
"2012-12-03 17:59","Bookie.java","16169","81730","97899"
"2012-07-04 16:17","Bookie.java","10659","33466","44125"
"2012-07-23 23:39","Bookie.java","12205","38408","50613"
"2013-06-21 19:26","Bookie.java","18533","128548","147081"
"2012-09-07 07:04","Bookie.java","13035","58679","71714"
"2014-09-23 17:53","Bookie.java","19628","151792","171420"
"2017-07-04 06:27","Bookie.java","43535","123658","167193"
"2017-06-05 22:25","Bookie.java","43469","117806","161275"
"2014-02-06 09:25","Bookie.java","19182","137052","156234"
"2014-04-29 22:07","Bookie.java","19229","140604","159833"
"2013-12-06 07:39","Bookie.java","18804","134419","153223"
"2012-07-05 14:45","Bookie.java","10667","33956","44623"
"2012-05-10 14:47","Bookie.java","9333","22903","32236"
"2014-08-02 20:02","Bookie.java","19617","149689","169306"
"2012-04-17 13:16","Bookie.java","9004","21347","30351"
"2012-04-16 16:11","Bookie.java","8671","20602","29273"
"2013-10-02 07:01","Bookie.java","18634","130494","149128"
"2012-06-19 12:39","Bookie.java","10456","27676","38132"
"2017-06-28 23:24","Bookie.java","43502","119792","163294"
"2017-07-07 08:19","Bookie.java","43528","125614","169142"
"2013-09-11 00:34","Bookie.java","18612","130271","148883"
"2014-01-21 17:26","Bookie.java","18884","136236","155120"
"2013-10-12 05:42","Bookie.java","18680","131273","149953"
"2013-10-22 16:21","Bookie.java","18782","132142","150924"
"2017-05-16 00:31","Bookie.java","43247","113360","156607"
"2013-07-24 16:55","Bookie.java","18559","129632","148191"
"2014-02-05 22:43","Bookie.java","19182","137044","156226"
"2014-08-18 23:03","Bookie.java","19617","151157","170774"
"2014-05-09 14:04","Bookie.java","19229","141245","160474"
"2013-06-15 19:05","Bookie.java","18536","128424","146960"
"2017-06-01 23:58","Bookie.java","43453","116341","159794"
"2012-03-29 15:18","Bookie.java","8539","19320","27859"
"2012-04-17 12:18","Bookie.java","8697","20817","29514"
"2012-03-08 19:24","Bookie.java","885","6765","7650"
"2012-02-15 16:11","Bookie.java","408","4406","4814"
"2012-02-17 12:50","Bookie.java","412","4651","5063"
"2012-03-20 14:09","Bookie.java","8389","18455","26844"
"2012-03-08 12:13","Bookie.java","819","6655","7474"
"2012-03-13 07:31","Bookie.java","1332","9469","10801"
"2012-02-09 18:14","Bookie.java","251","3990","4241"
"2012-04-02 12:38","Bookie.java","8668","20425","29093"
"2017-08-02 00:49","Bookie.java","44231","142560","186791"
"2013-12-02 18:45","Bookie.java","18801","134264","153065"
"2013-05-04 14:22","Bookie.java","18344","123703","142047"
"2012-12-18 13:04","Bookie.java","16556","86514","103070"
"2016-11-18 00:18","Bookie.java","42803","91051","133854"
"2017-03-28 22:35","Bookie.java","42843","108784","151627"
"2016-07-14 23:02","Bookie.java","42723","83081","125804"
"2017-06-05 20:30","Bookie.java","43453","116699","160152"
"2016-11-30 00:02","Bookie.java","42804","91582","134386"
"2012-12-24 05:50","Bookie.java","16747","86813","103560"
"2017-03-22 22:54","Bookie.java","42845","104482","147327"
"2012-12-24 06:23","Bookie.java","16795","87083","103878"
"2017-06-01 23:58","BookieInfoReader.java","2913","8739","11652"
"2017-08-01 08:34","BookieInfoReader.java","8256","36938","45194"
"2017-07-28 20:12","BookieInfoReader.java","5676","23331","29007"
"2014-12-10 19:43","ReadOnlyBookieTest.java","9483","77170","86653"
"2016-03-08 06:49","ReadOnlyBookieTest.java","10270","84196","94466"
"2016-04-14 00:51","ReadOnlyBookieTest.java","77737","51037","128774"
"2014-07-24 01:41","ReadOnlyBookieTest.java","8857","66916","75773"
"2013-03-25 06:48","ReadOnlyBookieTest.java","5386","44153","49539"
"2014-01-22 14:35","ReadOnlyBookieTest.java","7713","59880","67593"
"2014-01-21 17:26","ReadOnlyBookieTest.java","7600","59391","66991"
"2016-04-07 21:39","ReadOnlyBookieTest.java","77727","50986","128713"
"2017-10-17 09:32","BookKeeperAdmin.java","33429","56881","90310"
"2017-07-07 05:11","BookKeeperAdmin.java","1305","10220","11525"
"2011-11-28 19:25","BookKeeper.java","1347","6022","7369"
"2015-09-15 10:38","BookKeeper.java","18960","161472","180432"
"2015-10-22 09:22","BookKeeper.java","18973","162865","181838"
"2017-01-31 04:01","BookKeeper.java","40097","107768","147865"
"2012-07-23 23:39","BookKeeper.java","12612","45137","57749"
"2012-12-13 13:07","BookKeeper.java","16249","90101","106350"
"2015-07-10 22:48","BookKeeper.java","18943","161153","180096"
"2017-06-30 00:12","BookKeeper.java","40399","124883","165282"
"2014-02-06 09:21","BookKeeper.java","18498","142686","161184"
"2012-06-05 08:00","BookKeeper.java","10856","32417","43273"
"2012-06-19 12:39","BookKeeper.java","11045","34587","45632"
"2012-09-12 11:59","BookKeeper.java","13408","65899","79307"
"2014-01-21 05:19","BookKeeper.java","18235","141616","159851"
"2013-10-02 06:40","BookKeeper.java","18070","136146","154216"
"2014-02-21 19:01","BookKeeper.java","18534","143881","162415"
"2016-10-13 07:50","BookKeeper.java","39989","94104","134093"
"2017-06-21 21:00","BookKeeper.java","40395","122408","162803"
"2012-03-01 15:58","BookKeeper.java","2623","13854","16477"
"2013-06-12 18:41","BookKeeper.java","17997","133780","151777"
"2011-11-18 11:18","BookKeeper.java","939","2870","3809"
"2011-11-29 23:55","BookKeeper.java","1725","6445","8170"
"2013-05-06 19:32","BookKeeper.java","17814","129595","147409"
"2013-01-10 19:13","BookKeeper.java","16726","95549","112275"
"2017-03-28 22:35","BookKeeper.java","40082","112345","152427"
"2016-07-11 23:01","BookKeeper.java","39984","86630","126614"
"2016-10-13 09:27","BookKeeper.java","40071","94172","134243"
"2017-07-28 20:12","BookKeeper.java","40668","131707","172375"
"2017-05-15 19:52","BookKeeper.java","40249","116266","156515"
"2013-09-10 15:14","BookKeeper.java","18047","135989","154036"
"2012-12-08 11:18","Bookie.java","17151","90777","107928"
"2012-09-14 15:42","Bookie.java","14716","69041","83757"
"2012-10-25 15:35","Bookie.java","16940","80509","97449"
"2012-10-26 16:25","Bookie.java","16974","81492","98466"
"2011-11-28 19:25","Bookie.java","3825","10198","14023"
"2012-02-01 12:06","Bookie.java","4431","12451","16882"
"2011-11-16 17:05","Bookie.java","2735","4433","7168"
"2011-11-11 11:24","Bookie.java","2245","2938","5183"
"2017-01-31 04:01","Bookie.java","40292","109661","149953"
"2017-03-28 22:37","Bookie.java","40277","114453","154730"
"2016-01-26 22:11","Bookie.java","19475","165968","185443"
"2015-03-18 07:38","Bookie.java","19430","162671","182101"
"2015-04-21 09:17","Bookie.java","19430","162773","182203"
"2012-02-01 12:58","Bookie.java","4431","14239","18670"
"2012-10-18 16:40","Bookie.java","16852","79284","96136"
"2012-12-03 17:59","Bookie.java","17094","90675","107769"
"2012-07-04 16:17","Bookie.java","12827","43654","56481"
"2012-07-23 23:39","Bookie.java","13991","48214","62205"
"2013-06-21 19:26","Bookie.java","18828","136863","155691"
"2012-09-07 07:04","Bookie.java","14480","68144","82624"
"2014-09-23 17:53","Bookie.java","19403","159587","178990"
"2017-07-04 06:27","Bookie.java","40546","128689","169235"
"2017-06-05 22:25","Bookie.java","40519","122876","163395"
"2014-02-06 09:25","Bookie.java","19159","145049","164208"
"2014-04-29 22:07","Bookie.java","19197","148592","167789"
"2013-12-06 07:39","Bookie.java","18984","142619","161603"
"2012-07-05 14:45","Bookie.java","12832","44141","56973"
"2012-05-10 14:47","Bookie.java","12253","33843","46096"
"2014-08-02 20:02","Bookie.java","19397","157489","176886"
"2012-04-17 13:16","Bookie.java","11975","32338","44313"
"2012-04-16 16:11","Bookie.java","11817","31768","43585"
"2013-10-02 07:01","Bookie.java","18886","138766","157652"
"2012-06-19 12:39","Bookie.java","12679","37919","50598"
"2017-06-28 23:24","Bookie.java","40532","124842","165374"
"2017-07-07 08:19","Bookie.java","40545","130651","171196"
"2013-09-11 00:34","Bookie.java","18868","138547","157415"
"2014-01-21 17:26","Bookie.java","18998","144370","163368"
"2013-10-12 05:42","Bookie.java","18908","139521","158429"
"2013-10-22 16:21","Bookie.java","18973","140353","159326"
"2017-05-16 00:31","Bookie.java","40457","118590","159047"
"2013-07-24 16:55","Bookie.java","18845","137938","156783"
"2014-02-05 22:43","Bookie.java","19159","145041","164200"
"2014-08-18 23:03","Bookie.java","19397","158957","178354"
"2014-05-09 14:04","Bookie.java","19197","149233","168430"
"2013-06-15 19:05","Bookie.java","18831","136739","155570"
"2017-06-01 23:58","Bookie.java","40516","121424","161940"
"2012-03-29 15:18","Bookie.java","11830","30631","42461"
"2012-04-17 12:18","Bookie.java","11840","31980","43820"
"2012-03-08 19:24","Bookie.java","4913","18813","23726"
"2012-02-15 16:11","Bookie.java","4626","16644","21270"
"2012-02-17 12:50","Bookie.java","4632","16891","21523"
"2012-03-20 14:09","Bookie.java","11821","29907","41728"
"2012-03-08 12:13","Bookie.java","4874","18730","23604"
"2012-03-13 07:31","Bookie.java","4997","21154","26151"
"2012-02-09 18:14","Bookie.java","4513","16272","20785"
"2012-04-02 12:38","Bookie.java","11814","31591","43405"
"2017-08-02 00:49","Bookie.java","41168","147517","188685"
"2011-11-16 19:01","Bookie.java","2735","4771","7506"
"2011-11-18 11:18","Bookie.java","3592","7221","10813"
"2013-12-02 18:45","Bookie.java","18981","142464","161445"
"2013-05-04 14:22","Bookie.java","18739","132118","150857"
"2012-12-18 13:04","Bookie.java","17339","95317","112656"
"2016-11-18 00:18","Bookie.java","40276","96544","136820"
"2017-03-28 22:35","Bookie.java","40277","114238","154515"
"2016-07-14 23:02","Bookie.java","40229","88607","128836"
"2017-06-05 20:30","Bookie.java","40516","121782","162298"
"2016-11-30 00:02","Bookie.java","40275","97073","137348"
"2012-12-24 05:50","Bookie.java","17351","95437","112788"
"2017-03-22 22:54","Bookie.java","40284","109941","150225"
"2012-12-24 06:23","Bookie.java","17395","95703","113098"
"2017-06-01 23:58","SASLClientAuthProvider.java","1148","2055","3203"
"2017-07-28 20:12","SASLClientAuthProvider.java","3994","16730","20724"
"2017-06-01 11:42","LedgerOutputStream.java","40823","119423","160246"
"2017-05-15 19:52","WriteLacProcessorV3.java","2252","10598","12850"
"2016-02-23 19:16","LedgerMetadataImpl.java","18973","164068","183041"
"2012-06-27 15:35","LedgerMetadataImpl.java","11226","39973","51199"
"2012-06-19 12:39","LedgerMetadataImpl.java","11045","34587","45632"
"2012-09-12 11:59","LedgerMetadataImpl.java","13408","65899","79307"
"2013-08-13 14:32","LedgerMetadataImpl.java","18028","135638","153666"
"2017-06-01 23:58","LedgerMetadataImpl.java","40364","119574","159938"
"2012-01-17 16:52","LedgerMetadataImpl.java","2040","8066","10106"
"2013-03-25 18:02","LedgerMetadataImpl.java","17800","128758","146558"
"2013-04-26 18:38","LedgerMetadataImpl.java","17799","129120","146919"
"2017-07-28 20:12","LedgerMetadataImpl.java","40668","131707","172375"
"2016-07-11 23:01","LedgerMetadataImpl.java","39984","86630","126614"
"2012-07-18 17:00","LedgerMetadataImpl.java","12586","45043","57629"
"2017-03-28 22:35","BookieClient.java","6827","34199","41026"
"2017-01-31 04:01","BookieClient.java","6632","29412","36044"
"2011-11-16 17:05","LedgerDescriptor.java","2735","4433","7168"
"2017-01-31 04:01","LedgerDescriptor.java","40292","109661","149953"
"2017-05-16 00:31","LedgerDescriptor.java","40457","118590","159047"
"2012-04-17 12:18","LedgerDescriptor.java","11840","31980","43820"
"2012-03-20 14:09","LedgerDescriptor.java","11821","29907","41728"
"2012-02-09 18:14","LedgerDescriptor.java","4513","16272","20785"
"2012-12-18 13:04","LedgerDescriptor.java","17339","95317","112656"
"2016-11-18 00:18","LedgerDescriptor.java","40276","96544","136820"
"2017-06-21 19:58","PendingReadOp.java","363","1751","2114"
"2017-07-04 06:27","PendingReadOp.java","1096","7589","8685"
"2017-06-21 19:58","PendingReadOp.java","361","1336","1697"
"2017-07-04 06:27","PendingReadOp.java","1094","7174","8268"
"2012-12-08 11:18","Bookie.java","16068","87996","104064"
"2012-09-14 15:42","Bookie.java","13591","66218","79809"
"2012-10-25 15:35","Bookie.java","15816","77687","93503"
"2012-10-26 16:25","Bookie.java","15850","78670","94520"
"2011-11-28 19:25","Bookie.java","1347","6022","7369"
"2012-02-01 12:06","Bookie.java","2068","8390","10458"
"2017-01-31 04:01","Bookie.java","40097","107768","147865"
"2017-03-28 22:37","Bookie.java","40083","112561","152644"
"2016-01-26 22:11","Bookie.java","18974","163769","182743"
"2015-03-18 07:38","Bookie.java","18923","160466","179389"
"2015-04-21 09:17","Bookie.java","18923","160568","179491"
"2012-02-01 12:58","Bookie.java","2071","10181","12252"
"2012-10-18 16:40","Bookie.java","15728","76462","92190"
"2012-12-03 17:59","Bookie.java","15978","87861","103839"
"2012-07-04 16:17","Bookie.java","11246","40375","51621"
"2012-07-23 23:39","Bookie.java","12612","45137","57749"
"2013-06-21 19:26","Bookie.java","17999","134336","152335"
"2012-09-07 07:04","Bookie.java","13332","65298","78630"
"2014-09-23 17:53","Bookie.java","18896","157382","176278"
"2017-07-04 06:27","Bookie.java","40429","126874","167303"
"2017-06-05 22:25","Bookie.java","40372","121031","161403"
"2014-02-06 09:25","Bookie.java","18498","142690","161188"
"2014-04-29 22:07","Bookie.java","18538","146235","164773"
"2013-12-06 07:39","Bookie.java","18181","140118","158299"
"2012-07-05 14:45","Bookie.java","11251","40862","52113"
"2012-05-10 14:47","Bookie.java","10538","30430","40968"
"2014-08-02 20:02","Bookie.java","18884","155278","174162"
"2012-04-17 13:16","Bookie.java","10246","28911","39157"
"2012-04-16 16:11","Bookie.java","9925","28178","38103"
"2013-10-02 07:01","Bookie.java","18070","136252","154322"
"2012-06-19 12:39","Bookie.java","11045","34587","45632"
"2017-06-28 23:24","Bookie.java","40402","123014","163416"
"2017-07-07 08:19","Bookie.java","40432","128840","169272"
"2013-09-11 00:34","Bookie.java","18052","136033","154085"
"2014-01-21 17:26","Bookie.java","18240","141914","160154"
"2013-10-12 05:42","Bookie.java","18094","137009","155103"
"2013-10-22 16:21","Bookie.java","18169","137851","156020"
"2017-05-16 00:31","Bookie.java","40269","116704","156973"
"2013-07-24 16:55","Bookie.java","18017","135412","153429"
"2014-02-05 22:43","Bookie.java","18498","142682","161180"
"2014-08-18 23:03","Bookie.java","18884","156746","175630"
"2014-05-09 14:04","Bookie.java","18538","146876","165414"
"2013-06-15 19:05","Bookie.java","18002","134212","152214"
"2017-06-01 23:58","Bookie.java","40364","119574","159938"
"2012-03-29 15:18","Bookie.java","9857","26960","36817"
"2012-04-17 12:18","Bookie.java","9951","28393","38344"
"2012-03-08 19:24","Bookie.java","2739","14941","17680"
"2012-02-15 16:11","Bookie.java","2422","12742","15164"
"2012-02-17 12:50","Bookie.java","2426","12987","15413"
"2012-03-20 14:09","Bookie.java","9728","26116","35844"
"2012-03-08 12:13","Bookie.java","2693","14851","17544"
"2012-03-13 07:31","Bookie.java","2832","17291","20123"
"2012-02-09 18:14","Bookie.java","2286","12347","14633"
"2012-04-02 12:38","Bookie.java","9922","28001","37923"
"2017-08-02 00:49","Bookie.java","41066","145717","186783"
"2011-11-18 11:18","Bookie.java","939","2870","3809"
"2013-12-02 18:45","Bookie.java","18178","139963","158141"
"2013-05-04 14:22","Bookie.java","17814","129495","147309"
"2012-12-18 13:04","Bookie.java","16282","92562","108844"
"2016-11-18 00:18","Bookie.java","40070","94640","134710"
"2017-03-28 22:35","Bookie.java","40082","112345","152427"
"2016-07-14 23:02","Bookie.java","39986","86666","126652"
"2017-06-05 20:30","Bookie.java","40364","119932","160296"
"2016-11-30 00:02","Bookie.java","40078","95178","135256"
"2012-12-24 05:50","Bookie.java","16295","92683","108978"
"2017-03-22 22:54","Bookie.java","40087","108046","148133"
"2012-12-24 06:23","Bookie.java","16339","92949","109288"
"2011-11-28 19:25","BookKeeper.java","3825","10198","14023"
"2015-09-15 10:38","BookKeeper.java","19467","163677","183144"
"2011-11-16 17:05","BookKeeper.java","2735","4433","7168"
"2015-10-22 09:22","BookKeeper.java","19474","165064","184538"
"2011-10-27 18:26","BookKeeper.java","1168","1646","2814"
"2017-01-31 04:01","BookKeeper.java","40292","109661","149953"
"2012-07-23 23:39","BookKeeper.java","13991","48214","62205"
"2012-12-13 13:07","BookKeeper.java","17306","92856","110162"
"2015-07-10 22:48","BookKeeper.java","19450","163358","182808"
"2017-06-30 00:12","BookKeeper.java","40530","126712","167242"
"2014-02-06 09:21","BookKeeper.java","19159","145045","164204"
"2012-06-05 08:00","BookKeeper.java","12575","35834","48409"
"2012-06-19 12:39","BookKeeper.java","12679","37919","50598"
"2012-09-12 11:59","BookKeeper.java","14547","68736","83283"
"2014-01-21 05:19","BookKeeper.java","19001","144080","163081"
"2013-10-02 06:40","BookKeeper.java","18886","138660","157546"
"2014-02-21 19:01","BookKeeper.java","19192","146237","165429"
"2016-10-13 07:50","BookKeeper.java","40232","96045","136277"
"2017-06-21 21:00","BookKeeper.java","40535","124246","164781"
"2012-03-01 15:58","BookKeeper.java","4807","17736","22543"
"2013-06-12 18:41","BookKeeper.java","18830","136311","155141"
"2011-11-18 11:18","BookKeeper.java","3592","7221","10813"
"2011-11-29 23:55","BookKeeper.java","4157","10575","14732"
"2013-05-06 19:32","BookKeeper.java","18733","132212","150945"
"2013-01-10 19:13","BookKeeper.java","17744","98265","116009"
"2017-03-28 22:35","BookKeeper.java","40277","114238","154515"
"2016-07-11 23:01","BookKeeper.java","40227","88571","128798"
"2016-10-13 09:27","BookKeeper.java","40277","96076","136353"
"2017-07-28 20:12","BookKeeper.java","40782","133519","174301"
"2017-05-15 19:52","BookKeeper.java","40437","118152","158589"
"2013-09-10 15:14","BookKeeper.java","18866","138506","157372"
"2012-12-12 11:20","BookieRecoveryTest.java","8861","58400","67261"
"2012-09-12 11:59","BookieRecoveryTest.java","4963","33912","38875"
"2017-06-30 00:12","BookieRecoveryTest.java","49493","110435","159928"
"2014-07-24 01:41","BookieRecoveryTest.java","14466","120866","135332"
"2012-12-04 22:15","BookieRecoveryTest.java","8721","57208","65929"
"2017-04-11 20:15","BookieRecoveryTest.java","48290","97471","145761"
"2017-05-15 19:52","BookieRecoveryTest.java","48739","101214","149953"
"2012-07-18 17:00","BookieRecoveryTest.java","3288","12203","15491"
"2012-12-10 16:02","BookieRecoveryTest.java","8827","57316","66143"
"2013-08-13 14:32","BookieRecoveryTest.java","12470","106538","119008"
"2014-02-05 22:43","BookieRecoveryTest.java","14036","114678","128714"
"2017-06-21 19:58","PendingReadOp.java","1496","3593","5089"
"2017-06-05 21:48","PendingReadOp.java","1140","1849","2989"
"2017-06-05 22:13","PendingReadOp.java","1149","2271","3420"
"2017-07-04 06:27","PendingReadOp.java","2227","9429","11656"
"2017-06-30 00:12","BookieRecoveryTest.java","81159","92562","173721"
"2014-07-24 01:41","BookieRecoveryTest.java","7769","64630","72399"
"2017-04-11 20:15","BookieRecoveryTest.java","79655","79297","158952"
"2017-05-15 19:52","BookieRecoveryTest.java","80153","83089","163242"
"2013-08-13 14:32","BookieRecoveryTest.java","4929","49458","54387"
"2014-02-05 22:43","BookieRecoveryTest.java","7110","58213","65323"
"2017-07-28 20:12","AsyncCallback.java","42839","129158","171997"
"2013-05-06 19:32","AsyncCallback.java","18417","125478","143895"
"2017-01-31 04:01","AsyncCallback.java","42030","104981","147011"
"2012-05-25 17:13","AsyncCallback.java","10001","26427","36428"
"2017-07-04 06:27","AsyncCallback.java","42610","124335","166945"
"2017-06-21 19:58","PendingReadOp.java","758","3273","4031"
"2017-06-05 21:48","PendingReadOp.java","401","1528","1929"
"2017-06-05 22:13","PendingReadOp.java","411","1951","2362"
"2017-07-04 06:27","PendingReadOp.java","1458","9078","10536"
"2012-12-12 11:20","BookieRecoveryTest.java","5077","25667","30744"
"2017-06-30 00:12","BookieRecoveryTest.java","68690","100683","169373"
"2014-07-24 01:41","BookieRecoveryTest.java","11666","89117","100783"
"2012-12-04 22:15","BookieRecoveryTest.java","4910","24448","29358"
"2017-04-11 20:15","BookieRecoveryTest.java","67362","87594","154956"
"2017-05-15 19:52","BookieRecoveryTest.java","67845","91371","159216"
"2012-12-10 16:02","BookieRecoveryTest.java","5042","24582","29624"
"2013-08-13 14:32","BookieRecoveryTest.java","9246","74365","83611"
"2014-02-05 22:43","BookieRecoveryTest.java","11112","82805","93917"
"2017-06-01 23:58","BookieShell.java","8607","45629","54236"
"2017-07-07 05:11","BookieShell.java","9676","55613","65289"
"2017-01-11 07:37","BookieShell.java","6043","25212","31255"
"2016-12-21 01:42","BookieShell.java","6031","24842","30873"
"2017-01-11 07:34","BookieShell.java","6043","25088","31131"
"2016-11-30 00:02","BookieShell.java","5997","18909","24906"
"2017-01-30 23:25","BookieShell.java","6052","25396","31448"
"2017-03-28 22:35","BookieShell.java","6281","36356","42637"
"2017-01-30 21:31","BookieShell.java","6049","25285","31334"
"2017-03-22 22:54","BookieShell.java","6216","31987","38203"
"2017-06-12 17:20","ZkUtils.java","114625","77712","192337"
"2017-03-28 22:40","ZkUtils.java","112797","67603","180400"
"2014-01-21 05:19","PerChannelBookieClient.java","14178","116959","131137"
"2013-10-22 07:35","PerChannelBookieClient.java","13939","112366","126305"
"2012-05-26 19:16","PerChannelBookieClient.java","263","864","1127"
"2014-01-09 07:30","PerChannelBookieClient.java","14082","115431","129513"
"2017-06-30 00:12","PerChannelBookieClient.java","49148","113032","162180"
"2014-05-27 13:56","PerChannelBookieClient.java","14726","123025","137751"
"2017-07-04 06:27","PerChannelBookieClient.java","49219","115064","164283"
"2012-07-23 23:39","PerChannelBookieClient.java","4511","16436","20947"
"2012-08-13 11:38","PerChannelBookieClient.java","5021","22841","27862"
"2017-01-31 04:01","PerChannelBookieClient.java","47908","94979","142887"
"2015-10-06 10:05","PerChannelBookieClient.java","15660","137896","153556"
"2016-04-05 18:47","PerChannelBookieClient.java","47684","72217","119901"
"2017-04-15 13:58","PerChannelBookieClient.java","48004","100767","148771"
"2017-05-15 19:52","PerChannelBookieClient.java","48402","103819","152221"
"2012-12-01 15:04","PerChannelBookieClient.java","9524","60436","69960"
"2016-04-05 08:45","PerChannelBookieClient.java","47682","71973","119655"
"2017-07-28 20:12","PerChannelBookieClient.java","49683","120122","169805"
"2017-01-31 02:14","PerChannelBookieClient.java","47894","89496","137390"
"2017-03-28 22:35","PerChannelBookieClient.java","47938","99601","147539"
"2017-03-23 00:48","PerChannelBookieClient.java","47944","95355","143299"
"2013-01-10 19:13","PerChannelBookieClient.java","11363","69586","80949"
"2014-07-25 00:34","PerChannelBookieClient.java","15116","130280","145396"
"2017-08-02 00:49","PerChannelBookieClient.java","50122","134173","184295"
"2017-06-21 19:58","PerChannelBookieClient.java","49136","109876","159012"
"2017-06-01 23:58","PerChannelBookieClient.java","49088","107698","156786"
"2013-10-29 05:14","PerChannelBookieClient.java","14072","113290","127362"
"2013-06-28 17:27","PerChannelBookieClient.java","13051","108970","122021"
"2014-02-21 19:01","PerChannelBookieClient.java","14636","119383","134019"
"2014-02-05 22:43","PerChannelBookieClient.java","14569","118153","132722"
"2017-04-20 19:55","PerChannelBookieClient.java","48005","100789","148794"
"2013-09-11 00:34","PerChannelBookieClient.java","13144","110525","123669"
"2013-08-20 12:51","PerChannelBookieClient.java","13103","110197","123300"
"2016-03-08 06:49","CompactionTest.java","3706","19581","23287"
"2015-01-16 15:57","CompactionTest.java","2308","13749","16057"
"2014-12-10 19:43","CompactionTest.java","2293","11929","14222"
"2015-04-21 09:55","CompactionTest.java","2447","14329","16776"
"2016-05-04 15:55","CompactionTest.java","108003","23787","131790"
"2017-03-22 22:54","CompactionTest.java","111297","49322","160619"
"2017-06-21 21:07","CompactionTest.java","113602","66046","179648"
"2017-11-08 12:27","CompactionTest.java","127353","110101","237454"
"2017-05-16 00:31","CompactionTest.java","112469","58970","171439"
"2017-07-07 08:19","CompactionTest.java","114062","72536","186598"
"2017-06-01 21:20","BookieProtoEncoding.java","895","3222","4117"
"2017-05-17 08:57","BookieProtoEncoding.java","30","89","119"
"2017-06-05 22:25","BookieProtoEncoding.java","1604","5828","7432"
"2017-06-01 23:58","LedgerMetadataImpl.java","113440","47555","160995"
"2017-07-28 20:12","LedgerMetadataImpl.java","115632","61576","177208"
"2016-07-11 23:01","LedgerMetadataImpl.java","105533","7084","112617"
"2017-08-01 08:34","BookieInfoReader.java","5494","28350","33844"
"2017-07-28 20:12","BookieInfoReader.java","2875","14704","17579"
"2012-12-08 11:18","Bookie.java","16248","89181","105429"
"2012-09-14 15:42","Bookie.java","13808","67440","81248"
"2012-10-25 15:35","Bookie.java","16027","78903","94930"
"2012-10-26 16:25","Bookie.java","16061","79886","95947"
"2011-11-28 19:25","Bookie.java","1918","7598","9516"
"2012-02-01 12:06","Bookie.java","2606","9933","12539"
"2011-11-16 17:05","Bookie.java","606","1611","2217"
"2017-01-31 04:01","Bookie.java","40083","108759","148842"
"2017-03-28 22:37","Bookie.java","40065","113548","153613"
"2016-01-26 22:11","Bookie.java","18962","164762","183724"
"2015-03-18 07:38","Bookie.java","18921","161469","180390"
"2015-04-21 09:17","Bookie.java","18921","161571","180492"
"2012-02-01 12:58","Bookie.java","2609","11724","14333"
"2012-10-18 16:40","Bookie.java","15939","77678","93617"
"2012-12-03 17:59","Bookie.java","16187","89075","105262"
"2012-07-04 16:17","Bookie.java","11551","41685","53236"
"2012-07-23 23:39","Bookie.java","12908","46438","59346"
"2013-06-21 19:26","Bookie.java","18134","135476","153610"
"2012-09-07 07:04","Bookie.java","13557","66528","80085"
"2014-09-23 17:53","Bookie.java","18894","158385","177279"
"2017-07-04 06:27","Bookie.java","40387","127837","168224"
"2017-06-05 22:25","Bookie.java","40343","122007","162350"
"2014-02-06 09:25","Bookie.java","18534","143731","162265"
"2014-04-29 22:07","Bookie.java","18570","147272","165842"
"2013-12-06 07:39","Bookie.java","18305","141247","159552"
"2012-07-05 14:45","Bookie.java","11556","42172","53728"
"2012-05-10 14:47","Bookie.java","10914","31811","42725"
"2014-08-02 20:02","Bookie.java","18882","156281","175163"
"2012-04-17 13:16","Bookie.java","10626","30296","40922"
"2012-04-16 16:11","Bookie.java","10301","29559","39860"
"2013-10-02 07:01","Bookie.java","18197","137384","155581"
"2012-06-19 12:39","Bookie.java","11362","35909","47271"
"2017-06-28 23:24","Bookie.java","40360","123977","164337"
"2017-07-07 08:19","Bookie.java","40391","129804","170195"
"2013-09-11 00:34","Bookie.java","18179","137165","155344"
"2014-01-21 17:26","Bookie.java","18332","143011","161343"
"2013-10-12 05:42","Bookie.java","18222","138142","156364"
"2013-10-22 16:21","Bookie.java","18294","138981","157275"
"2017-05-16 00:31","Bookie.java","40246","117686","157932"
"2013-07-24 16:55","Bookie.java","18152","136552","154704"
"2014-02-05 22:43","Bookie.java","18534","143723","162257"
"2014-08-18 23:03","Bookie.java","18882","157749","176631"
"2014-05-09 14:04","Bookie.java","18570","147913","166483"
"2013-06-15 19:05","Bookie.java","18131","135346","153477"
"2017-06-01 23:58","Bookie.java","40340","120555","160895"
"2012-03-29 15:18","Bookie.java","10307","28415","38722"
"2012-04-17 12:18","Bookie.java","10327","29774","40101"
"2012-03-08 19:24","Bookie.java","3250","16457","19707"
"2012-02-15 16:11","Bookie.java","2940","14265","17205"
"2012-02-17 12:50","Bookie.java","2944","14510","17454"
"2012-03-20 14:09","Bookie.java","10178","27571","37749"
"2012-03-08 12:13","Bookie.java","3204","16367","19571"
"2012-03-13 07:31","Bookie.java","3334","18798","22132"
"2012-02-09 18:14","Bookie.java","2821","13887","16708"
"2012-04-02 12:38","Bookie.java","10298","29382","39680"
"2017-08-02 00:49","Bookie.java","41023","146679","187702"
"2011-11-16 19:01","Bookie.java","606","1949","2555"
"2011-11-18 11:18","Bookie.java","1533","4469","6002"
"2013-12-02 18:45","Bookie.java","18302","141092","159394"
"2013-05-04 14:22","Bookie.java","17946","130632","148578"
"2012-12-18 13:04","Bookie.java","16460","93745","110205"
"2016-11-18 00:18","Bookie.java","40058","95633","135691"
"2017-03-28 22:35","Bookie.java","40065","113333","153398"
"2016-07-14 23:02","Bookie.java","39975","87660","127635"
"2017-06-05 20:30","Bookie.java","40340","120913","161253"
"2016-11-30 00:02","Bookie.java","40066","96171","136237"
"2012-12-24 05:50","Bookie.java","16472","93865","110337"
"2017-03-22 22:54","Bookie.java","40073","109037","149110"
"2012-12-24 06:23","Bookie.java","16516","94131","110647"
"2017-06-01 23:58","EntryLogger.java","113631","69167","182798"
"2014-01-22 14:35","EntryLogger.java","155","531","686"
"2017-11-08 12:27","EntryLogger.java","126955","115963","242918"
"2017-01-31 02:11","EntryLogger.java","111645","49561","161206"
"2017-03-23 00:48","EntryLogger.java","111755","56092","167847"
"2016-07-14 23:02","EntryLogger.java","108887","31893","140780"
"2016-02-24 00:44","EntryLogger.java","5052","26835","31887"
"2015-04-21 10:02","EntryLogger.java","4006","22181","26187"
"2015-04-21 09:44","EntryLogger.java","3983","21974","25957"
"2017-03-28 22:37","Bookie.java","375","5182","5557"
"2017-07-04 06:27","Bookie.java","4684","23458","28142"
"2017-06-05 22:25","Bookie.java","3944","16932","20876"
"2017-06-28 23:24","Bookie.java","4088","19029","23117"
"2017-07-07 08:19","Bookie.java","4745","25482","30227"
"2017-05-16 00:31","Bookie.java","2479","11243","13722"
"2017-06-01 23:58","Bookie.java","3520","15059","18579"
"2017-08-02 00:49","Bookie.java","9319","46299","55618"
"2017-03-28 22:35","Bookie.java","334","4926","5260"
"2017-06-05 20:30","Bookie.java","3688","15585","19273"
"2017-03-22 22:54","Bookie.java","164","452","616"
"2017-01-31 04:01","BookKeeper.java","111033","34812","145845"
"2017-06-30 00:12","BookKeeper.java","114384","54976","169360"
"2016-10-13 07:50","BookKeeper.java","110722","20945","131667"
"2017-06-21 21:00","BookKeeper.java","114056","52177","166233"
"2017-03-28 22:35","BookKeeper.java","111232","39603","150835"
"2016-07-11 23:01","BookKeeper.java","105742","8496","114238"
"2016-10-13 09:27","BookKeeper.java","110867","21076","131943"
"2017-07-28 20:12","BookKeeper.java","115780","62927","178707"
"2017-05-15 19:52","BookKeeper.java","112523","44648","157171"
"2014-09-17 16:32","MultipleThreadReadTest.java","3500","18866","22366"
"2014-09-11 00:41","MultipleThreadReadTest.java","3464","18854","22318"
"2013-06-15 19:05","AuditorBookieTest.java","2928","40924","43852"
"2014-02-05 22:43","AuditorBookieTest.java","5526","51496","57022"
"2014-01-21 05:19","PerChannelBookieClient.java","14107","116287","130394"
"2013-10-22 07:35","PerChannelBookieClient.java","13846","111672","125518"
"2014-01-09 07:30","PerChannelBookieClient.java","14011","114759","128770"
"2017-06-30 00:12","PerChannelBookieClient.java","49457","112740","162197"
"2014-05-27 13:56","PerChannelBookieClient.java","14675","122373","137048"
"2017-07-04 06:27","PerChannelBookieClient.java","49527","114771","164298"
"2012-07-23 23:39","PerChannelBookieClient.java","4266","15590","19856"
"2012-08-13 11:38","PerChannelBookieClient.java","4780","21999","26779"
"2017-01-31 04:01","PerChannelBookieClient.java","48211","94681","142892"
"2015-10-06 10:05","PerChannelBookieClient.java","15620","137255","152875"
"2016-04-05 18:47","PerChannelBookieClient.java","47984","71916","119900"
"2017-04-15 13:58","PerChannelBookieClient.java","48307","100469","148776"
"2017-05-15 19:52","PerChannelBookieClient.java","48707","103523","152230"
"2012-12-01 15:04","PerChannelBookieClient.java","9415","59726","69141"
"2016-04-05 08:45","PerChannelBookieClient.java","47982","71672","119654"
"2017-07-28 20:12","PerChannelBookieClient.java","49991","119829","169820"
"2017-01-31 02:14","PerChannelBookieClient.java","48202","89203","137405"
"2017-03-28 22:35","PerChannelBookieClient.java","48241","99303","147544"
"2017-03-23 00:48","PerChannelBookieClient.java","48247","95057","143304"
"2013-01-10 19:13","PerChannelBookieClient.java","11262","68884","80146"
"2014-07-25 00:34","PerChannelBookieClient.java","15060","129623","144683"
"2017-08-02 00:49","PerChannelBookieClient.java","50430","133880","184310"
"2017-06-21 19:58","PerChannelBookieClient.java","49441","109580","159021"
"2017-06-01 23:58","PerChannelBookieClient.java","49393","107402","156795"
"2013-10-29 05:14","PerChannelBookieClient.java","13999","112616","126615"
"2013-06-28 17:27","PerChannelBookieClient.java","12959","108277","121236"
"2014-02-21 19:01","PerChannelBookieClient.java","14583","118729","133312"
"2014-02-05 22:43","PerChannelBookieClient.java","14501","117484","131985"
"2017-04-20 19:55","PerChannelBookieClient.java","48308","100491","148799"
"2013-09-11 00:34","PerChannelBookieClient.java","13052","109832","122884"
"2013-08-20 12:51","PerChannelBookieClient.java","13011","109504","122515"
"2017-06-21 19:58","PendingReadOp.java","114654","78013","192667"
"2017-06-05 21:48","PendingReadOp.java","114513","76484","190997"
"2017-06-05 22:13","PendingReadOp.java","114519","76903","191422"
"2017-06-01 11:42","PendingReadOp.java","113760","75022","188782"
"2017-06-01 22:39","PendingReadOp.java","114401","75245","189646"
"2014-02-05 22:43","PendingReadOp.java","3076","9279","12355"
"2017-05-15 19:52","PendingReadOp.java","113551","71587","185138"
"2015-04-21 09:17","PendingReadOp.java","5265","28929","34194"
"2016-02-09 08:39","PendingReadOp.java","6110","33113","39223"
"2016-02-09 08:32","PendingReadOp.java","6111","33057","39168"
"2017-07-04 06:27","PendingReadOp.java","114955","83419","198374"
"2014-01-21 05:19","PendingReadOp.java","1962","7362","9324"
"2017-06-05 22:25","BookieProtoEncoding.java","735","2632","3367"
"2017-05-16 00:31","LedgerDescriptor.java","2479","11243","13722"
"2017-06-01 23:58","LedgerManagerFactory.java","81562","84384","165946"
"2015-09-15 10:38","LedgerManagerFactory.java","8247","74371","82618"
"2017-06-01 21:20","BookieProtoEncoding.java","866","3134","4000"
"2017-06-05 22:25","BookieProtoEncoding.java","1575","5740","7315"
"2016-04-05 21:52","ZooKeeperUtil.java","105768","8694","114462"
"2017-10-17 09:32","BookKeeperAdmin.java","35114","65051","100165"
"2017-06-01 23:58","BookKeeperAdmin.java","3082","9567","12649"
"2017-07-07 05:11","BookKeeperAdmin.java","4329","19729","24058"
"2015-10-06 10:48","PendingAddOp.java","1063","2480","3543"
"2015-10-22 09:22","PendingAddOp.java","1095","3342","4437"
"2017-06-30 00:12","PendingAddOp.java","115145","57984","173129"
"2017-08-02 00:49","PendingAddOp.java","119218","82224","201442"
"2017-05-15 19:52","PendingAddOp.java","113312","47684","160996"
"2017-06-01 23:58","EntryLogger.java","114449","75667","190116"
"2014-01-21 17:26","EntryLogger.java","2041","7723","9764"
"2014-01-22 14:35","EntryLogger.java","2186","8244","10430"
"2017-11-08 12:27","EntryLogger.java","126942","121632","248574"
"2013-10-22 07:44","EntryLogger.java","1327","2623","3950"
"2017-01-31 02:11","EntryLogger.java","112598","56196","168794"
"2017-03-23 00:48","EntryLogger.java","112693","62712","175405"
"2016-07-14 23:02","EntryLogger.java","109876","38564","148440"
"2016-02-24 00:44","EntryLogger.java","6233","33698","39931"
"2015-04-21 10:02","EntryLogger.java","5294","29151","34445"
"2015-04-21 09:44","EntryLogger.java","5282","28955","34237"
"2017-06-01 23:58","EntryLogger.java","113482","68642","182124"
"2017-11-08 12:27","EntryLogger.java","126878","115510","242388"
"2017-01-31 02:11","EntryLogger.java","111495","49035","160530"
"2017-03-23 00:48","EntryLogger.java","111605","55566","167171"
"2016-07-14 23:02","EntryLogger.java","108736","31366","140102"
"2016-02-24 00:44","EntryLogger.java","4901","26308","31209"
"2015-04-21 10:02","EntryLogger.java","3854","21653","25507"
"2015-04-21 09:44","EntryLogger.java","3829","21444","25273"
"2016-10-13 07:50","DNS.java","112401","28654","141055"
"2011-11-28 19:25","BookKeeper.java","2895","8790","11685"
"2015-09-15 10:38","BookKeeper.java","19259","162991","182250"
"2011-11-16 17:05","BookKeeper.java","1661","2881","4542"
"2015-10-22 09:22","BookKeeper.java","19267","164379","183646"
"2017-01-31 04:01","BookKeeper.java","40119","109010","149129"
"2012-07-23 23:39","BookKeeper.java","13338","47083","60421"
"2012-12-13 13:07","BookKeeper.java","16828","91900","108728"
"2015-07-10 22:48","BookKeeper.java","19242","162672","181914"
"2017-06-30 00:12","BookKeeper.java","40391","126095","166486"
"2014-02-06 09:21","BookKeeper.java","18838","144246","163084"
"2012-06-05 08:00","BookKeeper.java","11821","34602","46423"
"2012-06-19 12:39","BookKeeper.java","11948","36710","48658"
"2012-09-12 11:59","BookKeeper.java","14056","67767","81823"
"2014-01-21 05:19","BookKeeper.java","18635","143236","161871"
"2013-10-02 06:40","BookKeeper.java","18506","137802","156308"
"2014-02-21 19:01","BookKeeper.java","18870","145437","164307"
"2016-10-13 07:50","BookKeeper.java","40023","95358","135381"
"2017-06-21 21:00","BookKeeper.java","40396","123629","164025"
"2012-03-01 15:58","BookKeeper.java","3908","16359","20267"
"2013-06-12 18:41","BookKeeper.java","18445","135448","153893"
"2011-11-18 11:18","BookKeeper.java","2545","5696","8241"
"2011-11-29 23:55","BookKeeper.java","3227","9167","12394"
"2013-05-06 19:32","BookKeeper.java","18305","131306","149611"
"2013-01-10 19:13","BookKeeper.java","17273","97316","114589"
"2017-03-28 22:35","BookKeeper.java","40104","113587","153691"
"2016-07-11 23:01","BookKeeper.java","40018","87884","127902"
"2016-10-13 09:27","BookKeeper.java","40104","95425","135529"
"2017-07-28 20:12","BookKeeper.java","40646","132905","173551"
"2017-05-15 19:52","BookKeeper.java","40265","117502","157767"
"2013-09-10 15:14","BookKeeper.java","18484","137646","156130"
"2017-06-30 00:12","BookKeeper.java","4415","21228","25643"
"2017-06-21 21:00","BookKeeper.java","4036","18378","22414"
"2017-03-28 22:35","BookKeeper.java","334","4926","5260"
"2017-07-28 20:12","BookKeeper.java","6172","29540","35712"
"2017-05-15 19:52","BookKeeper.java","2252","10598","12850"
"2015-07-10 22:48","BookieInitializationTest.java","681","3321","4002"
"2017-07-07 08:19","BookieInitializationTest.java","115313","64151","179464"
"2017-06-28 23:24","BookieInitializationTest.java","114801","57843","172644"
"2017-07-28 06:39","BookieInitializationTest.java","116404","67131","183535"
"2017-08-02 00:49","BookieInitializationTest.java","119088","84169","203257"
"2017-06-05 20:30","BookieInitializationTest.java","114457","54455","168912"
"2017-05-15 19:52","BookieInitializationTest.java","113296","49743","163039"
"2017-06-01 23:58","ReplicationEnableCb.java","71763","94590","166353"
"2017-05-12 16:39","HierarchicalLedgerManager.java","60","740","800"
"2013-05-09 11:41","IndexCorruptionTest.java","2300","35553","37853"
"2015-10-06 10:05","ReadOnlyLedgerHandle.java","7657","72280","79937"
"2017-01-31 04:01","ReadOnlyLedgerHandle.java","80233","69691","149924"
"2014-01-17 18:13","ReadOnlyLedgerHandle.java","4587","48859","53446"
"2017-06-30 00:12","ReadOnlyLedgerHandle.java","82184","88455","170639"
"2014-02-05 22:43","ReadOnlyLedgerHandle.java","5529","51500","57029"
"2017-03-23 15:55","ReadOnlyLedgerHandle.java","80314","70138","150452"
"2015-04-21 09:17","CodahaleOpStatsLogger.java","4068","24093","28161"
"2013-02-12 11:16","BookieServer.java","1242","31828","33070"
"2013-04-02 17:38","BookieServer.java","1622","33211","34833"
"2017-08-16 03:37","BookieServer.java","87208","119043","206251"
"2017-08-02 00:49","BookieServer.java","85987","111189","197176"
"2013-07-03 17:39","BookieServer.java","2411","39489","41900"
"2013-07-24 16:55","BookieServer.java","2491","40437","42928"
"2014-02-05 22:43","BookieServer.java","5084","49819","54903"
"2017-06-28 23:24","BookieServer.java","82658","85821","168479"
"2013-06-15 19:05","BookieServer.java","2361","39122","41483"
"2017-06-01 23:58","BookieServer.java","82455","82216","164671"
"2017-10-17 09:32","BookieServer.java","93097","116310","209407"
"2014-08-02 20:02","BookieServer.java","6116","63061","69177"
"2013-12-06 07:39","BookieServer.java","4028","46516","50544"
"2014-01-21 05:05","BookieServer.java","4130","47716","51846"
"2017-08-16 03:41","DNSToSwitchMapping.java","119164","114889","234053"
"2017-05-16 00:31","AuditorPeriodicCheckTest.java","113543","48563","162106"
"2016-09-10 21:01","AuditorPeriodicCheckTest.java","110254","19589","129843"
"2014-04-29 22:07","JournalChannel.java","2831","11613","14444"
"2014-03-07 13:30","JournalChannel.java","2627","9097","11724"
"2016-11-18 00:18","IndexPersistenceMgr.java","5537","13427","18964"
"2017-05-16 00:31","IndexPersistenceMgr.java","7929","37684","45613"
"2017-10-03 12:31","IndexPersistenceMgr.java","27125","75253","102378"
"2017-07-04 06:27","IndexPersistenceMgr.java","9938","49703","59641"
"2017-01-31 04:01","IndexPersistenceMgr.java","6114","27105","33219"
"2014-05-09 14:04","CookieTest.java","2849","12272","15121"
"2016-11-30 00:02","CookieTest.java","112062","48247","160309"
"2014-12-10 19:43","CookieTest.java","4587","25242","29829"
"2014-09-23 17:53","CookieTest.java","4205","23776","27981"
"2014-09-18 06:57","CookieTest.java","4187","23702","27889"
"2017-07-04 06:27","Bookie.java","4475","18442","22917"
"2017-06-05 22:25","Bookie.java","3709","11890","15599"
"2017-06-28 23:24","Bookie.java","3859","13993","17852"
"2017-07-07 08:19","Bookie.java","4564","20494","25058"
"2017-05-16 00:31","Bookie.java","2203","6160","8363"
"2017-06-01 23:58","Bookie.java","3283","10015","13298"
"2017-08-02 00:49","Bookie.java","9385","41558","50943"
"2017-06-05 20:30","Bookie.java","3451","10541","13992"
"2014-12-10 19:43","LocalBookKeeper.java","12070","119115","131185"
"2013-02-08 19:08","LocalBookKeeper.java","7932","85569","93501"
"2015-07-10 22:48","LocalBookKeeper.java","12240","121925","134165"
"2017-05-26 12:38","LocalBookKeeper.java","54630","100438","155068"
"2017-06-01 11:31","LocalBookKeeper.java","54665","101387","156052"
"2017-06-01 23:58","LocalBookKeeper.java","55207","101892","157099"
"2013-01-14 16:59","LocalBookKeeper.java","7766","54690","62456"
"2017-01-31 04:01","Bookie.java","110942","33818","144760"
"2017-03-28 22:37","Bookie.java","111182","38865","150047"
"2017-07-04 06:27","Bookie.java","114490","56140","170630"
"2017-06-05 22:25","Bookie.java","113889","49753","163642"
"2017-06-28 23:24","Bookie.java","114007","51824","165831"
"2017-07-07 08:19","Bookie.java","114539","58152","172691"
"2017-05-16 00:31","Bookie.java","112599","44239","156838"
"2017-06-01 23:58","Bookie.java","113520","47935","161455"
"2017-08-02 00:49","Bookie.java","118625","78481","197106"
"2016-11-18 00:18","Bookie.java","110840","20615","131455"
"2017-03-28 22:35","Bookie.java","111142","38610","149752"
"2016-07-14 23:02","Bookie.java","105723","7608","113331"
"2017-06-05 20:30","Bookie.java","113640","48413","162053"
"2016-11-30 00:02","Bookie.java","110868","21173","132041"
"2017-03-22 22:54","Bookie.java","111076","34240","145316"
"2017-10-17 09:32","BookKeeperAdmin.java","125327","102642","227969"
"2017-06-01 23:58","BookKeeperAdmin.java","112883","66746","179629"
"2017-04-11 20:19","BookKeeperAdmin.java","111117","58495","169612"
"2017-07-07 05:11","BookKeeperAdmin.java","113597","76375","189972"
"2016-11-09 03:05","BookKeeperAdmin.java","110735","39823","150558"
"2016-11-30 00:07","BookKeeperAdmin.java","110781","40533","151314"
"2016-09-10 21:01","BookKeeperAdmin.java","109160","34563","143723"
"2016-07-14 23:02","BookKeeperAdmin.java","107924","29257","137181"
"2016-10-13 09:27","BookKeeperAdmin.java","110726","39480","150206"
"2016-03-16 05:03","BookKeeperAdmin.java","107506","24347","131853"
"2016-03-08 07:18","BookKeeperAdmin.java","4186","25313","29499"
"2014-12-06 08:03","BookKeeperAdmin.java","2468","16526","18994"
"2014-04-24 10:43","BookKeeperAdmin.java","222","2194","2416"
"2014-09-06 07:51","BookKeeperAdmin.java","1995","14916","16911"
"2017-08-16 03:41","BookKeeperServerStats.java","8633","39482","48115"
"2017-10-03 12:31","BookKeeperServerStats.java","31191","45340","76531"
"2017-03-28 22:35","LocalBookieEnsemblePlacementPolicy.java","1240","19388","20628"
"2017-07-28 20:12","LocalBookieEnsemblePlacementPolicy.java","6467","43391","49858"
"2014-07-24 01:41","ZkLedgerLayoutTest.java","7632","65646","73278"
"2013-03-25 06:27","ZkLedgerLayoutTest.java","4145","42832","46977"
"2013-05-31 12:02","TestLedgerUnderreplicationManager.java","4249","40369","44618"
"2013-10-12 05:42","TestLedgerUnderreplicationManager.java","5572","48497","54069"
"2015-07-10 22:48","TestLedgerUnderreplicationManager.java","8421","74641","83062"
"2016-11-18 00:18","InterleavedLedgerStorage.java","79935","58117","138052"
"2013-12-02 18:45","InterleavedLedgerStorage.java","5192","50589","55781"
"2013-05-04 14:22","InterleavedLedgerStorage.java","3430","38723","42153"
"2014-01-15 15:58","InterleavedLedgerStorage.java","5272","51013","56285"
"2014-01-21 17:26","InterleavedLedgerStorage.java","5464","52750","58214"
"2013-10-02 06:23","InterleavedLedgerStorage.java","4002","45606","49608"
"2017-05-16 00:31","InterleavedLedgerStorage.java","80826","80873","161699"
"2014-08-02 20:02","InterleavedLedgerStorage.java","7127","67133","74260"
"2017-07-04 06:27","InterleavedLedgerStorage.java","81993","92050","174043"
"2015-04-21 09:55","InterleavedLedgerStorage.java","7623","73051","80674"
"2017-01-31 04:01","InterleavedLedgerStorage.java","79989","71272","151261"
"2016-03-08 06:49","InterleavedLedgerStorage.java","8550","77971","86521"
"2017-03-28 22:37","InterleavedLedgerStorage.java","80079","76169","156248"
"2015-04-21 09:17","InterleavedLedgerStorage.java","7603","72860","80463"
"2012-03-21 06:13","GarbageCollectorThread.java","333","465","798"
"2013-05-04 14:22","GarbageCollectorThread.java","13550","108977","122527"
"2013-09-11 00:34","GarbageCollectorThread.java","13832","115559","129391"
"2014-01-15 15:58","GarbageCollectorThread.java","14653","120528","135181"
"2013-10-22 07:44","GarbageCollectorThread.java","14539","117573","132112"
"2017-05-09 23:06","GarbageCollectorThread.java","46966","105265","152231"
"2014-01-21 17:26","GarbageCollectorThread.java","14741","122161","136902"
"2013-10-02 06:23","GarbageCollectorThread.java","13832","115570","129402"
"2017-11-08 12:27","GarbageCollectorThread.java","50807","147235","198042"
"2012-12-24 05:50","GarbageCollectorThread.java","11441","71575","83016"
"2017-03-28 22:39","GarbageCollectorThread.java","46763","103006","149769"
"2017-01-30 23:25","GarbageCollectorThread.java","46698","91976","138674"
"2016-05-04 15:55","GarbageCollectorThread.java","46521","75985","122506"
"2012-07-23 23:39","GarbageCollectorThread.java","6018","22289","28307"
"2016-03-08 06:49","GarbageCollectorThread.java","16200","145755","161955"
"2016-02-24 00:44","GarbageCollectorThread.java","16196","145399","161595"
"2015-04-21 09:55","GarbageCollectorThread.java","15869","141431","157300"
"2012-05-17 19:07","GarbageCollectorThread.java","1986","6679","8665"
"2012-05-08 09:35","GarbageCollectorThread.java","1264","4195","5459"
"2013-10-30 16:23","GarbageCollectorThread.java","14635","119642","134277"
"2013-05-09 11:41","IndexCorruptionTest.java","2335","35785","38120"
"2013-05-04 14:22","GarbageCollectorThread.java","13320","108615","121935"
"2013-09-11 00:34","GarbageCollectorThread.java","13602","115197","128799"
"2014-01-15 15:58","GarbageCollectorThread.java","14441","120184","134625"
"2013-10-22 07:44","GarbageCollectorThread.java","14312","117214","131526"
"2017-05-09 23:06","GarbageCollectorThread.java","46859","105026","151885"
"2014-01-21 17:26","GarbageCollectorThread.java","14529","121817","136346"
"2013-10-02 06:23","GarbageCollectorThread.java","13602","115208","128810"
"2017-11-08 12:27","GarbageCollectorThread.java","50712","147008","197720"
"2012-12-24 05:50","GarbageCollectorThread.java","11211","71213","82424"
"2017-03-28 22:39","GarbageCollectorThread.java","46656","102767","149423"
"2017-01-30 23:25","GarbageCollectorThread.java","46578","91724","138302"
"2016-05-04 15:55","GarbageCollectorThread.java","46402","75734","122136"
"2012-07-23 23:39","GarbageCollectorThread.java","5770","21909","27679"
"2016-03-08 06:49","GarbageCollectorThread.java","16081","145504","161585"
"2016-02-24 00:44","GarbageCollectorThread.java","16078","145149","161227"
"2015-04-21 09:55","GarbageCollectorThread.java","15663","141093","156756"
"2012-05-17 19:07","GarbageCollectorThread.java","1737","6298","8035"
"2012-05-08 09:35","GarbageCollectorThread.java","1011","3810","4821"
"2013-10-30 16:23","GarbageCollectorThread.java","14424","119299","133723"
"2017-07-28 20:12","BKException.java","11151","56451","67602"
"2017-05-02 23:04","BKException.java","6998","35786","42784"
"2017-08-02 00:49","BKException.java","14208","73120","87328"
"2017-01-31 04:01","BKException.java","6061","27993","34054"
"2014-01-22 07:37","CheckpointSource.java","2776","14771","17547"
"2014-02-05 22:43","BookieLedgerIndexer.java","1505","3204","4709"
"2017-05-16 00:31","TestPerChannelBookieClient.java","112662","46261","158923"
"2017-01-31 02:14","TestPerChannelBookieClient.java","111001","30367","141368"
"2016-04-05 08:45","TestPerChannelBookieClient.java","105296","7351","112647"
"2017-05-15 19:52","TestPerChannelBookieClient.java","112499","45680","158179"
"2011-11-18 11:18","BookKeeperTestClient.java","2545","5696","8241"
"2017-06-01 23:58","EntryLogger.java","113893","73815","187708"
"2014-01-21 17:26","EntryLogger.java","1121","5507","6628"
"2014-01-22 14:35","EntryLogger.java","1271","6033","7304"
"2017-11-08 12:27","EntryLogger.java","126694","120088","246782"
"2017-01-31 02:11","EntryLogger.java","111999","54301","166300"
"2017-03-23 00:48","EntryLogger.java","112100","60823","172923"
"2016-07-14 23:02","EntryLogger.java","109266","36658","145924"
"2016-02-24 00:44","EntryLogger.java","5513","31682","37195"
"2015-04-21 10:02","EntryLogger.java","4512","27073","31585"
"2015-04-21 09:44","EntryLogger.java","4500","26877","31377"
"2015-10-22 09:22","PendingAddOp.java","33","863","896"
"2017-06-30 00:12","PendingAddOp.java","114336","55758","170094"
"2017-08-02 00:49","PendingAddOp.java","118418","80007","198425"
"2017-05-15 19:52","PendingAddOp.java","112498","45453","157951"
"2012-12-08 11:18","ZkLedgerLayoutTest.java","16734","83987","100721"
"2014-07-24 01:41","ZkLedgerLayoutTest.java","19806","145073","164879"
"2012-06-19 12:39","ZkLedgerLayoutTest.java","10996","29863","40859"
"2012-03-15 10:37","ZkLedgerLayoutTest.java","8486","19605","28091"
"2013-03-25 06:27","ZkLedgerLayoutTest.java","18652","124592","143244"
"2017-06-30 00:12","DistributionSchedule.java","40530","126712","167242"
"2012-09-12 11:59","DistributionSchedule.java","14547","68736","83283"
"2012-08-17 12:41","DistributionSchedule.java","14337","56997","71334"
"2012-02-13 15:46","DistributionSchedule.java","4625","16631","21256"
"2017-01-31 04:01","Bookie.java","111996","38124","150120"
"2017-03-28 22:37","Bookie.java","112226","43161","155387"
"2016-01-26 22:11","Bookie.java","1299","4551","5850"
"2015-04-21 09:17","Bookie.java","100","202","302"
"2017-07-04 06:27","Bookie.java","115392","60294","175686"
"2017-06-05 22:25","Bookie.java","114806","53922","168728"
"2017-06-28 23:24","Bookie.java","114918","55987","170905"
"2017-07-07 08:19","Bookie.java","115441","62306","177747"
"2017-05-16 00:31","Bookie.java","113558","48450","162008"
"2017-06-01 23:58","Bookie.java","114445","52112","166557"
"2017-08-02 00:49","Bookie.java","119276","82384","201660"
"2016-11-18 00:18","Bookie.java","111919","24946","136865"
"2017-03-28 22:35","Bookie.java","112186","42906","155092"
"2016-07-14 23:02","Bookie.java","106836","11973","118809"
"2017-06-05 20:30","Bookie.java","114564","52589","167153"
"2016-11-30 00:02","Bookie.java","111947","25504","137451"
"2017-03-22 22:54","Bookie.java","112124","38540","150664"
"2017-05-04 20:58","AbstractZkLedgerManager.java","47606","104659","152265"
"2013-07-29 12:30","AbstractZkLedgerManager.java","13612","113551","127163"
"2017-06-01 23:58","AbstractZkLedgerManager.java","48468","110178","158646"
"2017-06-12 17:20","AbstractZkLedgerManager.java","48496","111983","160479"
"2012-12-24 05:50","AbstractZkLedgerManager.java","11231","70119","81350"
"2013-03-25 06:27","AbstractZkLedgerManager.java","13296","106411","119707"
"2012-08-28 14:25","AbstractZkLedgerManager.java","6814","38216","45030"
"2017-03-28 22:40","AbstractZkLedgerManager.java","47403","102609","150012"
"2016-02-09 08:23","AbstractZkLedgerManager.java","16107","143364","159471"
"2015-09-15 10:38","AbstractZkLedgerManager.java","16013","141025","157038"
"2012-12-08 11:18","AbstractZkLedgerManager.java","10558","64986","75544"
"2016-02-23 19:16","AbstractZkLedgerManager.java","16109","143704","159813"
"2012-06-19 12:39","AbstractZkLedgerManager.java","2472","8514","10986"
"2014-05-12 08:10","AbstractZkLedgerManager.java","15089","126245","141334"
"2014-01-17 18:13","AbstractZkLedgerManager.java","14574","119559","134133"
"2016-08-01 08:04","LedgerOpenOp.java","40469","87171","127640"
"2015-10-06 10:05","LedgerOpenOp.java","19285","161478","180763"
"2015-04-21 09:17","LedgerOpenOp.java","19208","160210","179418"
"2014-01-21 05:19","LedgerOpenOp.java","18492","141230","159722"
"2012-06-19 12:39","LedgerOpenOp.java","11183","34082","45265"
"2014-02-21 19:01","LedgerOpenOp.java","18808","143512","162320"
"2011-11-18 11:18","LedgerOpenOp.java","717","2005","2722"
"2012-07-18 17:00","LedgerOpenOp.java","12729","44543","57272"
"2017-01-31 04:01","Bookie.java","111910","37936","149846"
"2017-03-28 22:37","Bookie.java","112142","42975","155117"
"2016-01-26 22:11","Bookie.java","1200","4350","5550"
"2017-07-04 06:27","Bookie.java","115326","60126","175452"
"2017-06-05 22:25","Bookie.java","114737","53751","168488"
"2017-06-28 23:24","Bookie.java","114849","55816","170665"
"2017-07-07 08:19","Bookie.java","115375","62138","177513"
"2017-05-16 00:31","Bookie.java","113474","48264","161738"
"2017-06-01 23:58","Bookie.java","114369","51934","166303"
"2017-08-02 00:49","Bookie.java","119218","82224","201442"
"2016-11-18 00:18","Bookie.java","111832","24757","136589"
"2017-03-28 22:35","Bookie.java","112102","42720","154822"
"2016-07-14 23:02","Bookie.java","106749","11784","118533"
"2017-06-05 20:30","Bookie.java","114488","52411","166899"
"2016-11-30 00:02","Bookie.java","111860","25315","137175"
"2017-03-22 22:54","Bookie.java","112040","38354","150394"
"2017-06-21 19:58","PendingReadOp.java","113106","70262","183368"
"2017-06-05 21:48","PendingReadOp.java","112944","68712","181656"
"2017-06-05 22:13","PendingReadOp.java","112951","69132","182083"
"2017-06-01 11:42","PendingReadOp.java","112113","67172","179285"
"2017-06-01 22:39","PendingReadOp.java","112759","67400","180159"
"2017-05-15 19:52","PendingReadOp.java","111874","63707","175581"
"2015-04-21 09:17","PendingReadOp.java","2945","20406","23351"
"2016-02-09 08:39","PendingReadOp.java","3922","24722","28644"
"2016-02-09 08:32","PendingReadOp.java","3922","24665","28587"
"2017-07-04 06:27","PendingReadOp.java","113475","75736","189211"
"2017-05-15 19:52","ClientUtil.java","112434","60754","173188"
"2017-05-25 14:23","ClientUtil.java","112626","63228","175854"
"2017-06-30 00:12","PendingAddOp.java","114384","54976","169360"
"2017-08-02 00:49","PendingAddOp.java","118470","79229","197699"
"2017-05-15 19:52","PendingAddOp.java","112523","44648","157171"
"2017-10-17 09:32","BookKeeperAdmin.java","125165","103643","228808"
"2017-06-01 23:58","BookKeeperAdmin.java","112825","67851","180676"
"2017-04-11 20:19","BookKeeperAdmin.java","111078","59619","170697"
"2014-02-21 19:01","BookKeeperAdmin.java","201","1364","1565"
"2017-07-07 05:11","BookKeeperAdmin.java","113496","77437","190933"
"2016-11-09 03:05","BookKeeperAdmin.java","110742","40993","151735"
"2016-11-30 00:07","BookKeeperAdmin.java","110786","41701","152487"
"2016-09-10 21:01","BookKeeperAdmin.java","109171","35737","144908"
"2016-07-14 23:02","BookKeeperAdmin.java","107943","30439","138382"
"2016-10-13 09:27","BookKeeperAdmin.java","110733","40650","151383"
"2016-03-16 05:03","BookKeeperAdmin.java","107526","25530","133056"
"2016-03-08 07:18","BookKeeperAdmin.java","4206","26496","30702"
"2014-12-06 08:03","BookKeeperAdmin.java","2510","17731","20241"
"2014-04-24 10:43","BookKeeperAdmin.java","422","3557","3979"
"2014-09-06 07:51","BookKeeperAdmin.java","2165","16249","18414"
"2015-04-21 09:17","LedgerDeleteOp.java","4052","22316","26368"
"2015-10-06 10:05","LedgerDeleteOp.java","4836","24291","29127"
"2017-05-16 00:31","IndexPersistenceMgr.java","2889","24754","27643"
"2017-10-03 12:31","IndexPersistenceMgr.java","29012","69250","98262"
"2017-07-04 06:27","IndexPersistenceMgr.java","4948","36823","41771"
"2017-01-31 04:01","IndexPersistenceMgr.java","779","13880","14659"
"2017-11-08 12:27","EntryLocation.java","132573","99446","232019"
"2017-05-16 00:31","WriteEntryProcessorV3.java","113474","48264","161738"
"2016-11-12 03:35","WriteEntryProcessorV3.java","111832","24628","136460"
"2017-05-15 19:52","WriteEntryProcessorV3.java","113312","47684","160996"
"2015-07-10 22:48","TestZooKeeperClient.java","1519","5500","7019"
"2016-01-26 22:11","TestZooKeeperClient.java","2135","8701","10836"
"2017-03-23 15:59","TestZooKeeperClient.java","112812","42945","155757"
"2014-12-10 19:43","TestEntryLog.java","1949","11577","13526"
"2016-02-24 00:44","TestEntryLog.java","3263","18778","22041"
"2017-05-16 00:31","TestEntryLog.java","112271","58764","171035"
"2017-07-07 08:19","TestEntryLog.java","113867","72333","186200"
"2017-06-05 22:25","BookieRequestProcessor.java","3944","16932","20876"
"2017-07-04 06:27","BookieRequestProcessor.java","4684","23458","28142"
"2017-08-02 00:49","BookieRequestProcessor.java","9319","46299","55618"
"2017-03-28 22:35","BookieRequestProcessor.java","334","4926","5260"
"2017-05-15 19:52","BookieRequestProcessor.java","2252","10598","12850"
"2014-08-02 20:02","DiskChecker.java","9204","84864","94068"
"2014-01-15 15:58","DiskChecker.java","7660","69055","76715"
"2017-07-07 08:19","DiskChecker.java","74455","102129","176584"
"2013-01-09 17:18","DiskChecker.java","4235","21886","26121"
"2017-06-05 20:30","DiskChecker.java","74230","93064","167294"
"2012-03-20 12:51","GarbageCollectorThread.java","7772","11868","19640"
"2012-03-21 06:13","GarbageCollectorThread.java","8096","12324","20420"
"2013-05-04 14:22","GarbageCollectorThread.java","19039","118562","137601"
"2013-09-11 00:34","GarbageCollectorThread.java","19314","125137","144451"
"2014-01-15 15:58","GarbageCollectorThread.java","19608","129579","149187"
"2013-10-22 07:44","GarbageCollectorThread.java","19501","126631","146132"
"2017-05-09 23:06","GarbageCollectorThread.java","46104","108499","154603"
"2014-01-21 17:26","GarbageCollectorThread.java","19696","131212","150908"
"2013-10-02 06:23","GarbageCollectorThread.java","19314","125148","144462"
"2017-11-08 12:27","GarbageCollectorThread.java","49703","150227","199930"
"2012-12-24 05:50","GarbageCollectorThread.java","17184","81414","98598"
"2017-03-28 22:39","GarbageCollectorThread.java","45901","106240","152141"
"2017-01-30 23:25","GarbageCollectorThread.java","45836","95210","141046"
"2016-05-04 15:55","GarbageCollectorThread.java","45693","79253","124946"
"2012-07-23 23:39","GarbageCollectorThread.java","12207","32574","44781"
"2016-03-08 06:49","GarbageCollectorThread.java","20886","154537","175423"
"2016-02-24 00:44","GarbageCollectorThread.java","20880","154179","175059"
"2015-04-21 09:55","GarbageCollectorThread.java","20659","150317","170976"
"2012-05-17 19:07","GarbageCollectorThread.java","9548","18337","27885"
"2012-05-08 09:35","GarbageCollectorThread.java","8903","15930","24833"
"2013-10-30 16:23","GarbageCollectorThread.java","19589","128692","148281"
"2016-03-08 06:49","ForceReadOnlyBookieTest.java","1716","7088","8804"
"2014-01-21 05:19","LedgerDeleteOp.java","13620","113459","127079"
"2015-04-21 09:17","LedgerDeleteOp.java","14909","133012","147921"
"2015-10-06 10:05","LedgerDeleteOp.java","15236","134530","149766"
"2012-12-24 05:50","LedgerDeleteOp.java","9710","62556","72266"
"2015-04-21 09:17","PendingAddOp.java","19208","160210","179418"
"2015-10-06 10:48","PendingAddOp.java","19287","161706","180993"
"2015-10-22 09:22","PendingAddOp.java","19296","162545","181841"
"2017-06-30 00:12","PendingAddOp.java","40883","124724","165607"
"2014-01-21 05:19","PendingAddOp.java","18492","141230","159722"
"2012-09-12 11:59","PendingAddOp.java","13601","65449","79050"
"2014-02-21 19:01","PendingAddOp.java","18808","143512","162320"
"2014-02-05 22:43","PendingAddOp.java","18772","142313","161085"
"2013-09-11 00:34","PendingAddOp.java","18282","135620","153902"
"2013-10-14 18:32","PendingAddOp.java","18368","136733","155101"
"2012-04-02 12:38","PendingAddOp.java","10040","27476","37516"
"2013-04-26 18:38","PendingAddOp.java","18019","128697","146716"
"2017-08-02 00:49","PendingAddOp.java","41569","145577","187146"
"2012-12-27 23:16","PendingAddOp.java","16555","92571","109126"
"2017-05-15 19:52","PendingAddOp.java","40724","116098","156822"
"2019-02-20 11:43","LedgerCacheTest.java","44522","383199","427721"
"2017-05-16 00:31","LedgerCacheTest.java","2755","18083","20838"
"2017-10-17 09:32","AuditorElector.java","125918","110694","236612"
"2016-07-14 23:02","AuditorElector.java","109954","38748","148702"
"2016-09-10 21:01","AuditorElector.java","111170","44034","155204"
"2017-03-28 22:40","AuditorElector.java","112839","67659","180498"
"2014-06-02 11:54","AuditorElector.java","3800","15371","19171"
"2014-04-24 10:43","AuditorElector.java","3560","12993","16553"
"2014-09-06 07:58","AuditorElector.java","4876","25390","30266"
"2017-03-28 22:40","ScanAndCompareGarbageCollector.java","6774","33785","40559"
"2014-08-02 20:02","Journal.java","15344","131846","147190"
"2014-03-07 13:14","Journal.java","14852","120345","135197"
"2014-04-29 22:07","Journal.java","14897","122702","137599"
"2013-12-06 07:39","Journal.java","14289","116334","130623"
"2012-10-18 16:40","Journal.java","9185","50027","59212"
"2012-07-23 23:39","Journal.java","4751","17384","22135"
"2015-04-21 09:23","Journal.java","15615","137372","152987"
"2012-10-16 23:20","Journal.java","8524","46795","55319"
"2016-02-09 08:30","Journal.java","15963","140987","156950"
"2015-02-23 08:11","Journal.java","15613","137134","152747"
"2017-05-26 16:52","Journal.java","48366","106827","155193"
"2017-03-22 22:54","Journal.java","47795","95862","143657"
"2016-11-12 03:37","Journal.java","47724","82298","130022"
"2016-07-14 23:02","Journal.java","47645","74433","122078"
"2013-05-04 14:22","Journal.java","13066","104855","117921"
"2013-07-20 19:59","Journal.java","13289","110176","123465"
"2013-07-04 14:01","Journal.java","13264","109914","123178"
"2017-06-01 23:58","Journal.java","48943","108261","157204"
"2017-05-09 22:24","Journal.java","48056","102719","150775"
"2013-10-12 05:42","Journal.java","14086","113109","127195"
"2013-10-02 06:23","Journal.java","13355","111455","124810"
"2017-05-16 00:31","Journal.java","48325","104868","153193"
"2017-03-23 00:48","ClientConfiguration.java","6772","29892","36664"
"2017-03-28 22:35","ClientConfiguration.java","6827","34199","41026"
"2017-01-31 02:14","ClientConfiguration.java","6577","23888","30465"
"2017-04-15 13:58","ClientConfiguration.java","7037","35509","42546"
"2017-03-23 00:59","ClientConfiguration.java","6785","29917","36702"
"2017-05-15 19:52","ClientConfiguration.java","8150","39276","47426"
"2016-10-13 07:50","ClientConfiguration.java","5862","15086","20948"
"2017-06-21 19:58","ClientConfiguration.java","9782","46231","56013"
"2017-06-05 21:48","ClientConfiguration.java","9461","44522","53983"
"2017-06-21 19:50","ClientConfiguration.java","9776","46115","55891"
"2017-08-02 00:49","ClientConfiguration.java","14572","74332","88904"
"2017-08-01 08:34","ClientConfiguration.java","13963","71138","85101"
"2017-06-30 00:12","ClientConfiguration.java","10126","49719","59845"
"2017-07-04 06:27","ClientConfiguration.java","10322","51876","62198"
"2017-01-31 04:01","ClientConfiguration.java","6632","29412","36044"
"2016-08-01 08:04","ClientConfiguration.java","743","3197","3940"
"2016-08-01 08:04","LedgerOpenOp.java","105848","10357","116205"
"2016-07-31 07:53","ConfigurationTest.java","108047","24885","132932"
"2012-05-25 17:13","LedgerRecoveryOp.java","10978","31481","42459"
"2012-05-10 14:47","LedgerRecoveryOp.java","10664","29913","40577"
"2013-10-14 17:38","LedgerRecoveryOp.java","18366","136697","155063"
"2017-06-21 19:58","LedgerRecoveryOp.java","40876","121573","162449"
"2017-06-21 21:00","LedgerRecoveryOp.java","40878","122248","163126"
"2017-06-21 19:50","LedgerRecoveryOp.java","40875","121462","162337"
"2012-02-13 15:46","LedgerRecoveryOp.java","2237","11902","14139"
"2013-03-25 18:02","LedgerRecoveryOp.java","18019","128334","146353"
"2013-05-04 14:22","LedgerDeleteTest.java","13938","109825","123763"
"2013-05-31 12:02","LedgerDeleteTest.java","14063","110379","124442"
"2014-01-22 14:35","LedgerDeleteTest.java","14731","122987","137718"
"2012-11-26 16:42","LedgerDeleteTest.java","11326","64724","76050"
"2016-03-08 06:49","LedgerDeleteTest.java","16094","146109","162203"
"2012-06-19 12:39","LedgerDeleteTest.java","3496","11244","14740"
"2014-07-24 01:41","LedgerDeleteTest.java","15357","129505","144862"
"2017-08-16 03:41","RackawareEnsemblePlacementPolicyImpl.java","11924","51169","63093"
"2012-05-10 14:47","Journal.java","434","1144","1578"
"2014-08-02 20:02","Journal.java","15591","132803","148394"
"2014-03-07 13:14","Journal.java","15105","121308","136413"
"2014-04-29 22:07","Journal.java","15150","123665","138815"
"2013-12-06 07:39","Journal.java","14552","117307","131859"
"2012-10-18 16:40","Journal.java","9546","51098","60644"
"2012-07-23 23:39","Journal.java","5136","18479","23615"
"2015-04-21 09:23","Journal.java","15857","138324","154181"
"2012-10-16 23:20","Journal.java","8887","47868","56755"
"2016-02-09 08:30","Journal.java","16198","141932","158130"
"2015-02-23 08:11","Journal.java","15855","138086","153941"
"2017-05-26 16:52","Journal.java","48204","107375","155579"
"2017-03-22 22:54","Journal.java","47639","96416","144055"
"2016-11-12 03:37","Journal.java","47568","82852","130420"
"2016-07-14 23:02","Journal.java","47489","74987","122476"
"2013-05-04 14:22","Journal.java","13338","105837","119175"
"2013-07-20 19:59","Journal.java","13560","111157","124717"
"2013-07-04 14:01","Journal.java","13535","110895","124430"
"2017-06-01 23:58","Journal.java","48789","108817","157606"
"2017-05-09 22:24","Journal.java","47898","103271","151169"
"2013-10-12 05:42","Journal.java","14349","114082","128431"
"2013-10-02 06:23","Journal.java","13624","112434","126058"
"2017-05-16 00:31","Journal.java","48163","105416","153579"
"2013-04-04 11:21","LedgerManagerTestCase.java","13351","106976","120327"
"2017-06-12 17:20","LedgerManagerTestCase.java","48496","111983","160479"
"2017-05-16 00:31","LedgerManagerTestCase.java","47857","106792","154649"
"2012-12-24 05:50","LedgerManagerTestCase.java","11231","70119","81350"
"2016-11-18 00:18","LedgerManagerTestCase.java","47292","84362","131654"
"2017-01-31 04:01","LedgerManagerTestCase.java","47334","97505","144839"
"2017-03-28 22:37","LedgerManagerTestCase.java","47360","102338","149698"
"2015-09-15 10:38","LedgerManagerTestCase.java","16013","141025","157038"
"2016-04-27 09:55","LedgerManagerTestCase.java","47142","75337","122479"
"2012-06-19 12:39","LedgerManagerTestCase.java","2472","8514","10986"
"2017-07-04 06:27","LedgerManagerTestCase.java","48600","117545","166145"
"2017-05-15 19:52","BookKeeperClusterTestCase.java","81193","81220","162413"
"2013-01-09 17:18","BookKeeperClusterTestCase.java","2116","4511","6627"
"2016-04-05 08:45","BookKeeperClusterTestCase.java","78897","47798","126695"
"2017-08-01 08:34","BookKeeperClusterTestCase.java","84888","110964","195852"
"2013-10-12 05:42","BookKeeperClusterTestCase.java","5572","48497","54069"
"2014-02-05 22:43","BookKeeperClusterTestCase.java","6786","54980","61766"
"2017-11-08 12:27","BookKeeperClusterTestCase.java","92927","129619","222546"
"2013-06-15 19:05","BookKeeperClusterTestCase.java","4352","44572","48924"
"2014-05-09 14:04","BookKeeperClusterTestCase.java","7073","59421","66494"
"2017-07-04 06:27","BookKeeperClusterTestCase.java","82358","92813","175171"
"2014-07-24 01:41","BookKeeperClusterTestCase.java","7530","61482","69012"
"2014-05-23 18:46","BookKeeperClusterTestCase.java","7078","59756","66834"
"2017-06-30 00:12","BookKeeperClusterTestCase.java","82266","90760","173026"
"2014-04-24 10:43","BookKeeperClusterTestCase.java","7017","58346","65363"
"2013-01-07 12:25","BookKeeperClusterTestCase.java","1746","3969","5715"
"2016-04-27 09:55","BookKeeperClusterTestCase.java","78963","48668","127631"
"2013-01-03 11:06","BookKeeperClusterTestCase.java","1615","2811","4426"
"2015-10-06 10:48","BookKeeperClusterTestCase.java","8806","75878","84684"
"2014-12-10 19:43","BookKeeperClusterTestCase.java","8168","71748","79916"
"2017-03-28 22:40","AbstractConfiguration.java","111394","41588","152982"
"2017-08-02 00:49","AbstractConfiguration.java","118438","80577","199015"
"2016-07-31 07:53","AbstractConfiguration.java","105879","10147","116026"
"2017-01-31 02:14","AbstractConfiguration.java","111039","30729","141768"
"2016-07-31 07:56","AbstractConfiguration.java","105879","10481","116360"
"2017-05-02 23:04","AbstractConfiguration.java","111956","43971","155927"
"2017-03-23 00:48","AbstractConfiguration.java","111197","36696","147893"
"2017-06-21 19:58","BookieClientTest.java","113106","70262","183368"
"2014-07-25 00:34","BookieClientTest.java","1736","13316","15052"
"2017-03-28 22:35","BookieClientTest.java","110928","59007","169935"
"2016-12-17 02:39","BookieClientTest.java","110791","47153","157944"
"2017-05-15 19:52","BookieClientTest.java","111874","63707","175581"
"2014-12-10 19:43","BookieClientTest.java","2838","18224","21062"
"2015-10-06 10:05","BookieClientTest.java","3740","22392","26132"
"2014-07-24 01:41","BookieClientTest.java","1183","6941","8124"
"2013-10-29 05:14","TestReadTimeout.java","10352","77679","88031"
"2014-02-05 22:43","TestReadTimeout.java","11112","82805","93917"
"2017-06-01 21:20","BookieProtocol.java","895","3222","4117"
"2017-06-05 22:25","BookieProtocol.java","1604","5828","7432"
"2017-07-07 05:11","ReplicationException.java","114166","74972","189138"
"2012-09-04 10:39","TestLedgerFragmentReplication.java","33","136","169"
"2012-10-05 16:24","TestLedgerFragmentReplication.java","3425","10494","13919"
"2014-07-24 01:41","TestLedgerFragmentReplication.java","11807","91249","103056"
"2014-02-05 22:43","TestLedgerFragmentReplication.java","11271","84955","96226"
"2015-04-21 09:23","Journal.java","1390","6645","8035"
"2016-02-09 08:30","Journal.java","2457","10979","13436"
"2015-02-23 08:11","Journal.java","1273","6292","7565"
"2017-05-26 16:52","Journal.java","114407","56366","170773"
"2017-03-22 22:54","Journal.java","112970","44535","157505"
"2016-11-12 03:37","Journal.java","112787","30859","143646"
"2016-07-14 23:02","Journal.java","107718","18004","125722"
"2017-06-01 23:58","Journal.java","115213","58029","173242"
"2017-05-09 22:24","Journal.java","113656","51817","165473"
"2017-05-16 00:31","Journal.java","114344","54385","168729"
"2014-05-23 18:46","BookieAutoRecoveryTest.java","111","1460","1571"
"2014-05-09 14:04","BookieAutoRecoveryTest.java","90","1109","1199"
"2013-01-09 17:18","LedgerDirsManager.java","2586","7761","10347"
"2017-06-05 20:30","LedgerDirsManager.java","81037","87395","168432"
"2017-01-30 23:25","LedgerDirsManager.java","79491","67813","147304"
"2017-03-28 22:35","LedgerDirsManager.java","79574","78627","158201"
"2013-12-02 18:45","LedgerDirsManager.java","6194","54769","60963"
"2014-01-15 15:58","LedgerDirsManager.java","6274","55193","61467"
"2017-06-28 23:24","LedgerDirsManager.java","81100","90502","171602"
"2017-07-07 08:19","LedgerDirsManager.java","81276","96474","177750"
"2014-01-21 17:26","LedgerDirsManager.java","6459","56923","63382"
"2013-10-02 07:01","LedgerDirsManager.java","5075","50047","55122"
"2014-08-02 20:02","LedgerDirsManager.java","7993","71177","79170"
"2012-10-05 16:24","TestLedgerFragmentReplication.java","3399","10365","13764"
"2014-07-24 01:41","TestLedgerFragmentReplication.java","11788","91127","102915"
"2014-02-05 22:43","TestLedgerFragmentReplication.java","11251","84832","96083"
"2012-05-10 14:47","Journal.java","511","1738","2249"
"2012-05-07 18:48","Journal.java","98","615","713"
"2014-08-02 20:02","Journal.java","15422","133151","148573"
"2014-03-07 13:14","Journal.java","14937","121657","136594"
"2014-04-29 22:07","Journal.java","14981","124013","138994"
"2013-12-06 07:39","Journal.java","14388","117660","132048"
"2012-10-18 16:40","Journal.java","9399","51468","60867"
"2012-07-23 23:39","Journal.java","5044","18904","23948"
"2015-04-21 09:23","Journal.java","15686","138670","154356"
"2012-10-16 23:20","Journal.java","8740","48238","56978"
"2016-02-09 08:30","Journal.java","16026","142277","158303"
"2015-02-23 08:11","Journal.java","15684","138432","154116"
"2017-05-26 16:52","Journal.java","47873","107561","155434"
"2017-03-22 22:54","Journal.java","47307","96601","143908"
"2016-11-12 03:37","Journal.java","47237","83038","130275"
"2016-07-14 23:02","Journal.java","47158","75173","122331"
"2013-05-04 14:22","Journal.java","13177","106193","119370"
"2013-07-20 19:59","Journal.java","13399","111513","124912"
"2013-07-04 14:01","Journal.java","13374","111251","124625"
"2017-06-01 23:58","Journal.java","48455","109000","157455"
"2017-05-09 22:24","Journal.java","47567","103457","151024"
"2013-10-12 05:42","Journal.java","14185","114435","128620"
"2013-10-02 06:23","Journal.java","13463","112790","126253"
"2017-05-16 00:31","Journal.java","47832","105602","153434"
"2017-07-28 20:12","BKException.java","5240","21752","26992"
"2017-08-02 00:49","BKException.java","8670","38794","47464"
"2017-06-01 23:58","MSLedgerManagerFactory.java","114505","75639","190144"
"2015-09-15 10:38","MSLedgerManagerFactory.java","5941","30377","36318"
"2017-03-28 22:40","MSLedgerManagerFactory.java","112819","67449","180268"
"2014-01-17 18:13","MSLedgerManagerFactory.java","1619","6028","7647"
"2014-05-12 08:10","MSLedgerManagerFactory.java","3500","14080","17580"
"2012-12-12 11:20","BookieLedgerIndexTest.java","5378","32423","37801"
"2012-08-31 15:25","BookieLedgerIndexTest.java","435","3448","3883"
"2013-10-14 16:43","BookieLedgerIndexTest.java","10088","83001","93089"
"2017-08-02 00:49","AuthHandler.java","7739","36373","44112"
"2017-06-01 23:58","AuthHandler.java","1414","4607","6021"
"2017-06-05 22:25","BookieProtocol.java","735","2632","3367"
"2016-08-01 08:04","LedgerOpenOp.java","106758","12458","119216"
"2015-10-06 10:05","LedgerOpenOp.java","1056","2247","3303"
"2011-11-17 11:16","LedgerOutputStream.java","2969","5310","8279"
"2017-06-01 11:42","LedgerOutputStream.java","40521","121462","161983"
"2014-02-05 22:43","TestSpeculativeRead.java","3888","17457","21345"
"2013-10-29 05:14","TestSpeculativeRead.java","2566","11769","14335"
"2017-06-01 22:39","TestSpeculativeRead.java","112654","80864","193518"
"2014-07-24 01:41","TestSpeculativeRead.java","4725","24052","28777"
"2014-02-05 22:43","BookieClientTest.java","2368","7637","10005"
"2017-06-21 19:58","BookieClientTest.java","114206","76631","190837"
"2014-07-25 00:34","BookieClientTest.java","3674","20523","24197"
"2017-03-28 22:35","BookieClientTest.java","112188","65536","177724"
"2016-12-17 02:39","BookieClientTest.java","112071","53702","165773"
"2017-05-15 19:52","BookieClientTest.java","113068","70170","183238"
"2014-12-10 19:43","BookieClientTest.java","4587","25242","29829"
"2015-10-06 10:05","BookieClientTest.java","5381","29302","34683"
"2014-07-24 01:41","BookieClientTest.java","3366","14393","17759"
"2015-09-15 10:38","AbstractConfiguration.java","20183","158020","178203"
"2017-03-28 22:40","AbstractConfiguration.java","42181","110212","152393"
"2012-10-05 16:24","AbstractConfiguration.java","15762","68656","84418"
"2012-05-24 07:12","AbstractConfiguration.java","10295","26586","36881"
"2012-06-19 12:39","AbstractConfiguration.java","10996","29863","40859"
"2012-12-12 11:20","AbstractConfiguration.java","16796","85202","101998"
"2017-08-02 00:49","AbstractConfiguration.java","43374","143350","186724"
"2013-06-12 18:41","AbstractConfiguration.java","18901","130009","148910"
"2012-06-13 16:57","AbstractConfiguration.java","10370","28471","38841"
"2016-07-31 07:53","AbstractConfiguration.java","42051","84156","126207"
"2017-01-31 02:14","AbstractConfiguration.java","42157","99684","141841"
"2016-07-31 07:56","AbstractConfiguration.java","42051","84490","126541"
"2017-05-02 23:04","AbstractConfiguration.java","42380","112232","154612"
"2017-03-23 00:48","AbstractConfiguration.java","42179","105515","147694"
"2012-11-30 04:54","AbstractConfiguration.java","16599","83270","99869"
"2014-09-18 06:47","ServerConfiguration.java","585","2594","3179"
"2017-07-04 06:27","ServerConfiguration.java","116075","66126","182201"
"2016-04-14 00:51","ServerConfiguration.java","107339","16128","123467"
"2015-01-16 15:57","ServerConfiguration.java","1248","6229","7477"
"2016-03-08 06:49","ServerConfiguration.java","2704","12119","14823"
"2016-01-26 22:11","ServerConfiguration.java","2348","10749","13097"
"2016-04-05 18:47","ServerConfiguration.java","107313","16052","123365"
"2016-04-27 09:55","ServerConfiguration.java","107400","16701","124101"
"2015-04-21 09:55","ServerConfiguration.java","1421","6843","8264"
"2015-01-12 15:18","ServerConfiguration.java","1239","5282","6521"
"2015-04-21 10:02","ServerConfiguration.java","1434","6889","8323"
"2017-05-15 19:52","ServerConfiguration.java","114187","53810","167997"
"2017-03-22 22:54","ServerConfiguration.java","112970","44535","157505"
"2017-03-23 00:48","ServerConfiguration.java","112975","44592","157567"
"2017-01-31 02:11","ServerConfiguration.java","112861","38057","150918"
"2016-04-05 08:45","ServerConfiguration.java","107302","15799","123101"
"2016-11-09 03:02","ServerConfiguration.java","112751","30775","143526"
"2016-11-30 00:02","ServerConfiguration.java","112812","31518","144330"
"2017-06-05 20:30","ServerConfiguration.java","115331","58505","173836"
"2016-09-10 20:27","ServerConfiguration.java","111124","25359","136483"
"2017-08-02 00:49","ServerConfiguration.java","119826","88083","207909"
"2017-10-03 12:31","ServerConfiguration.java","130390","88804","219194"
"2017-08-16 03:37","ServerConfiguration.java","121440","96330","217770"
"2017-05-26 12:38","ServerConfiguration.java","114403","56342","170745"
"2017-07-07 08:19","ServerConfiguration.java","116119","68133","184252"
"2017-06-28 23:24","ServerConfiguration.java","115626","61844","177470"
"2017-11-08 12:27","ServerConfiguration.java","132416","108704","241120"
"2016-02-09 08:28","BookieShell.java","1771","7491","9262"
"2016-03-16 05:03","BookieShell.java","106567","9554","116121"
"2015-01-13 13:06","BookieShell.java","393","2442","2835"
"2017-06-01 23:58","BookieShell.java","114680","54689","169369"
"2017-07-07 05:11","BookieShell.java","115638","64562","180200"
"2017-01-11 07:37","BookieShell.java","112254","34410","146664"
"2016-12-21 01:42","BookieShell.java","112243","34041","146284"
"2017-01-11 07:34","BookieShell.java","112254","34286","146540"
"2016-11-30 00:02","BookieShell.java","112210","28109","140319"
"2017-01-30 23:25","BookieShell.java","112259","34590","146849"
"2017-03-28 22:35","BookieShell.java","112443","45505","157948"
"2017-01-30 21:31","BookieShell.java","112256","34479","146735"
"2017-03-22 22:54","BookieShell.java","112386","41144","153530"
"2012-12-08 11:18","Bookie.java","17398","81216","98614"
"2012-09-14 15:42","Bookie.java","14492","59009","73501"
"2012-10-25 15:35","Bookie.java","17099","70860","87959"
"2012-10-26 16:25","Bookie.java","17134","71844","88978"
"2017-01-31 04:01","Bookie.java","44004","103565","147569"
"2017-03-28 22:37","Bookie.java","44007","108375","152382"
"2016-01-26 22:11","Bookie.java","21036","157721","178757"
"2015-03-18 07:38","Bookie.java","20835","154268","175103"
"2015-04-21 09:17","Bookie.java","20834","154369","175203"
"2012-10-18 16:40","Bookie.java","17011","69635","86646"
"2012-12-03 17:59","Bookie.java","17282","81055","98337"
"2012-07-04 16:17","Bookie.java","11768","32787","44555"
"2012-07-23 23:39","Bookie.java","13318","37733","51051"
"2013-06-21 19:26","Bookie.java","19683","127910","147593"
"2012-09-07 07:04","Bookie.java","14148","58004","72152"
"2014-09-23 17:53","Bookie.java","20791","151167","171958"
"2017-07-04 06:27","Bookie.java","45053","123388","168441"
"2017-06-05 22:25","Bookie.java","44987","117536","162523"
"2014-02-06 09:25","Bookie.java","20344","136426","156770"
"2014-04-29 22:07","Bookie.java","20391","139978","160369"
"2013-12-06 07:39","Bookie.java","19965","133792","153757"
"2012-07-05 14:45","Bookie.java","11778","33279","45057"
"2012-05-10 14:47","Bookie.java","10442","22224","32666"
"2014-08-02 20:02","Bookie.java","20780","149064","169844"
"2012-04-17 13:16","Bookie.java","10113","20668","30781"
"2012-04-16 16:11","Bookie.java","9763","19906","29669"
"2013-10-02 07:01","Bookie.java","19784","129856","149640"
"2012-06-19 12:39","Bookie.java","11565","26997","38562"
"2017-06-28 23:24","Bookie.java","45020","119522","164542"
"2017-07-07 08:19","Bookie.java","45046","125344","170390"
"2013-09-11 00:34","Bookie.java","19762","129633","149395"
"2014-01-21 17:26","Bookie.java","20045","135609","155654"
"2013-10-12 05:42","Bookie.java","19831","130636","150467"
"2013-10-22 16:21","Bookie.java","19943","131515","151458"
"2017-05-16 00:31","Bookie.java","44411","112736","157147"
"2013-07-24 16:55","Bookie.java","19709","128994","148703"
"2014-02-05 22:43","Bookie.java","20344","136418","156762"
"2014-08-18 23:03","Bookie.java","20780","150532","171312"
"2014-05-09 14:04","Bookie.java","20391","140619","161010"
"2013-06-15 19:05","Bookie.java","19686","127786","147472"
"2017-06-01 23:58","Bookie.java","44971","116071","161042"
"2012-03-29 15:18","Bookie.java","9629","18622","28251"
"2012-04-17 12:18","Bookie.java","9796","20128","29924"
"2012-03-08 19:24","Bookie.java","1907","5999","7906"
"2012-02-15 16:11","Bookie.java","1430","3640","5070"
"2012-02-17 12:50","Bookie.java","1434","3885","5319"
"2012-03-20 14:09","Bookie.java","9479","17757","27236"
"2012-03-08 12:13","Bookie.java","1841","5889","7730"
"2012-03-13 07:31","Bookie.java","2354","8703","11057"
"2012-02-09 18:14","Bookie.java","1273","3224","4497"
"2012-04-02 12:38","Bookie.java","9760","19729","29489"
"2017-08-02 00:49","Bookie.java","45748","142289","188037"
"2013-12-02 18:45","Bookie.java","19962","133637","153599"
"2013-05-04 14:22","Bookie.java","19494","123065","142559"
"2012-12-18 13:04","Bookie.java","17670","85840","103510"
"2016-11-18 00:18","Bookie.java","43966","90426","134392"
"2017-03-28 22:35","Bookie.java","44006","108159","152165"
"2016-07-14 23:02","Bookie.java","43886","82456","126342"
"2017-06-05 20:30","Bookie.java","44971","116429","161400"
"2016-11-30 00:02","Bookie.java","43967","90957","134924"
"2012-12-24 05:50","Bookie.java","17861","86139","104000"
"2017-03-22 22:54","Bookie.java","44008","103857","147865"
"2012-12-24 06:23","Bookie.java","17909","86409","104318"
"2017-11-08 12:27","BookieStorageThresholdTest.java","35439","65743","101182"
"2017-06-01 23:58","ReadEntryProcessorV3.java","115196","58642","173838"
"2017-05-16 00:31","ReadEntryProcessorV3.java","114331","55002","169333"
"2017-05-15 19:52","ReadEntryProcessorV3.java","114182","54435","168617"
"2016-11-12 03:35","ReadEntryProcessorV3.java","112797","31474","144271"
"2014-08-02 20:02","ReadEntryProcessorV3.java","165","795","960"
"2017-06-05 22:25","ReadEntryProcessorV3.java","115485","60380","175865"
"2017-05-15 19:52","AuthHandler.java","1608","4262","5870"
"2017-08-02 00:49","AuthHandler.java","9121","40409","49530"
"2017-06-01 23:58","AuthHandler.java","2935","8782","11717"
"2017-03-28 22:37","HandleFactoryImpl.java","111701","64497","176198"
"2016-02-09 08:28","BookieShell.java","1760","7276","9036"
"2016-03-16 05:03","BookieShell.java","106556","9339","115895"
"2015-01-13 13:06","BookieShell.java","381","2226","2607"
"2017-06-01 23:58","BookieShell.java","114680","54485","169165"
"2017-07-07 05:11","BookieShell.java","115638","64358","179996"
"2017-01-11 07:37","BookieShell.java","112249","34201","146450"
"2016-12-21 01:42","BookieShell.java","112238","33832","146070"
"2017-01-11 07:34","BookieShell.java","112249","34077","146326"
"2016-11-30 00:02","BookieShell.java","112205","27900","140105"
"2017-01-30 23:25","BookieShell.java","112254","34381","146635"
"2017-03-28 22:35","BookieShell.java","112438","45296","157734"
"2017-01-30 21:31","BookieShell.java","112251","34270","146521"
"2017-03-22 22:54","BookieShell.java","112381","40935","153316"
"2016-12-21 01:48","LedgerCacheTest.java","111405","62390","173795"
"2019-02-20 11:43","LedgerCacheTest.java","130352","420014","550366"
"2013-08-12 19:01","LedgerCacheTest.java","2208","9604","11812"
"2013-10-12 05:42","LedgerCacheTest.java","3400","12193","15593"
"2017-05-16 00:31","LedgerCacheTest.java","112268","78581","190849"
"2013-12-02 18:45","LedgerCacheTest.java","3734","15397","19131"
"2014-07-24 01:41","LedgerCacheTest.java","5631","25451","31082"
"2014-12-10 19:43","LedgerCacheTest.java","6303","35751","42054"
"2016-03-08 06:49","LedgerCacheTest.java","7307","42994","50301"
"2014-03-12 21:26","LedgerCacheTest.java","5046","22111","27157"
"2017-04-15 13:58","ClientConfiguration.java","433","1533","1966"
"2017-05-15 19:52","ClientConfiguration.java","2005","5759","7764"
"2017-06-21 19:58","ClientConfiguration.java","3810","12887","16697"
"2017-06-05 21:48","ClientConfiguration.java","3476","11165","14641"
"2017-06-21 19:50","ClientConfiguration.java","3804","12771","16575"
"2017-08-02 00:49","ClientConfiguration.java","9396","41784","51180"
"2017-08-01 08:34","ClientConfiguration.java","8602","38405","47007"
"2017-06-30 00:12","ClientConfiguration.java","4207","16428","20635"
"2017-07-04 06:27","ClientConfiguration.java","4491","18673","23164"
"2016-11-18 00:18","LedgerDescriptorImpl.java","80536","58826","139362"
"2017-05-16 00:31","LedgerDescriptorImpl.java","81360","81515","162875"
"2017-07-04 06:27","LedgerDescriptorImpl.java","82514","92679","175193"
"2017-06-05 22:25","LedgerDescriptorImpl.java","82238","86617","168855"
"2017-01-31 04:01","LedgerDescriptorImpl.java","80590","71981","152571"
"2016-02-09 08:39","BookKeeperTest.java","10659","84098","94757"
"2015-10-16 07:00","BookKeeperTest.java","10554","82097","92651"
"2016-04-08 19:43","BookKeeperTest.java","78033","51649","129682"
"2017-01-31 04:01","BookKeeperTest.java","79473","75599","155072"
"2014-07-24 01:41","BookKeeperTest.java","9383","67780","77163"
"2017-05-15 19:52","BookKeeperTest.java","80148","84620","164768"
"2017-05-02 22:07","BookKeeperTest.java","79666","81784","161450"
"2013-05-06 19:32","BookKeeperTest.java","6280","46516","52796"
"2013-01-10 19:13","BookKeeperTest.java","4445","11723","16168"
"2015-07-10 22:48","ZooKeeperUtil.java","1878","6218","8096"
"2014-12-10 19:43","ZooKeeperUtil.java","1217","2917","4134"
"2016-04-05 21:52","ZooKeeperUtil.java","107467","14733","122200"
"2017-08-02 00:49","BookieRequestHandler.java","117723","99339","217062"
"2017-05-15 19:52","BookieRequestHandler.java","112690","65672","178362"
"2017-03-23 00:48","ClientConfiguration.java","250","6059","6309"
"2017-03-28 22:35","ClientConfiguration.java","345","10406","10751"
"2017-04-15 13:58","ClientConfiguration.java","680","11841","12521"
"2017-03-23 00:59","ClientConfiguration.java","263","6084","6347"
"2017-05-15 19:52","ClientConfiguration.java","2090","15905","17995"
"2017-06-21 19:58","ClientConfiguration.java","3791","22929","26720"
"2017-06-05 21:48","ClientConfiguration.java","3466","21216","24682"
"2017-06-21 19:50","ClientConfiguration.java","3785","22813","26598"
"2017-08-02 00:49","ClientConfiguration.java","9032","51481","60513"
"2017-08-01 08:34","ClientConfiguration.java","8289","48153","56442"
"2017-06-30 00:12","ClientConfiguration.java","4161","26443","30604"
"2017-07-04 06:27","ClientConfiguration.java","4425","28668","33093"
"2014-04-29 22:07","BookieJournalTest.java","12843","110929","123772"
"2014-12-10 19:43","BookieJournalTest.java","13596","123555","137151"
"2017-05-15 19:52","BookieJournalTest.java","52246","98652","150898"
"2017-05-16 00:31","BookieJournalTest.java","52312","99136","151448"
"2013-10-11 08:36","BookieJournalTest.java","11780","100543","112323"
"2013-10-12 05:42","BookieJournalTest.java","11899","101203","113102"
"2012-09-07 07:04","BookieException.java","6130","38204","44334"
"2013-02-08 19:08","BookieException.java","11785","102055","113840"
"2017-07-07 08:19","BookieException.java","49070","117586","166656"
"2016-11-18 00:18","LedgerCacheImpl.java","79935","58117","138052"
"2017-05-16 00:31","LedgerCacheImpl.java","80826","80873","161699"
"2013-10-11 08:36","LedgerCacheImpl.java","4820","46806","51626"
"2017-06-01 23:58","LedgerCacheImpl.java","81562","84384","165946"
"2014-08-02 20:02","LedgerCacheImpl.java","7127","67133","74260"
"2017-07-04 06:27","LedgerCacheImpl.java","81993","92050","174043"
"2017-01-31 04:01","LedgerCacheImpl.java","79989","71272","151261"
"2017-01-31 04:01","BookieRequestProcessor.java","111668","56304","167972"
"2017-06-05 22:25","BookieRequestProcessor.java","113836","71460","185296"
"2017-07-04 06:27","BookieRequestProcessor.java","114239","77649","191888"
"2014-08-02 20:02","BookieRequestProcessor.java","2950","16309","19259"
"2017-08-02 00:49","BookieRequestProcessor.java","117723","99339","217062"
"2014-07-25 00:34","BookieRequestProcessor.java","2903","15632","18535"
"2017-03-28 22:35","BookieRequestProcessor.java","111768","60996","172764"
"2017-01-31 02:14","BookieRequestProcessor.java","111656","50823","162479"
"2017-05-15 19:52","BookieRequestProcessor.java","112690","65672","178362"
"2017-07-28 20:12","BookKeeperClientStats.java","115195","82853","198048"
"2017-06-21 19:50","BookKeeperClientStats.java","113935","71784","185719"
"2017-08-01 08:34","BookKeeperClusterTestCase.java","6815","32864","39679"
"2017-11-08 12:27","BookKeeperClusterTestCase.java","36593","73258","109851"
"2017-07-04 06:27","BookKeeperClusterTestCase.java","2652","13080","15732"
"2017-06-30 00:12","BookKeeperClusterTestCase.java","2341","10808","13149"
"2017-06-01 23:58","ReplicationWorker.java","3128","9616","12744"
"2017-05-26 16:52","ReplicationWorker.java","2141","7772","9913"
"2014-06-06 15:29","CompactionTest.java","2405","11078","13483"
"2014-01-17 18:13","CompactionTest.java","170","1394","1564"
"2016-03-08 06:49","CompactionTest.java","5177","29725","34902"
"2015-01-16 15:57","CompactionTest.java","3992","24106","28098"
"2014-12-10 19:43","CompactionTest.java","3979","22288","26267"
"2015-04-21 09:55","CompactionTest.java","4082","24637","28719"
"2016-05-04 15:55","CompactionTest.java","108622","33079","141701"
"2017-03-22 22:54","CompactionTest.java","111701","58399","170100"
"2017-06-21 21:07","CompactionTest.java","113806","74923","188729"
"2014-01-22 14:35","CompactionTest.java","739","3528","4267"
"2017-11-08 12:27","CompactionTest.java","126610","118031","244641"
"2017-05-16 00:31","CompactionTest.java","112733","67907","180640"
"2014-01-15 15:58","CompactionTest.java","132","1000","1132"
"2017-07-07 08:19","CompactionTest.java","114121","81268","195389"
"2017-06-01 23:58","PendingReadLacOp.java","1414","4607","6021"
"2017-06-30 00:12","PendingReadLacOp.java","2341","10808","13149"
"2014-01-17 18:13","BookieLedgerIndexer.java","10328","86777","97105"
"2014-02-05 22:43","BookieLedgerIndexer.java","10977","89125","100102"
"2016-08-01 08:04","LedgerOpenOp.java","40232","89275","129507"
"2011-11-17 11:16","LedgerOpenOp.java","2969","5310","8279"
"2015-10-06 10:05","LedgerOpenOp.java","19469","164003","183472"
"2015-04-21 09:17","LedgerOpenOp.java","19430","162773","182203"
"2011-11-16 17:05","LedgerOpenOp.java","2735","4433","7168"
"2014-01-21 05:19","LedgerOpenOp.java","19001","144080","163081"
"2012-06-19 12:39","LedgerOpenOp.java","12679","37919","50598"
"2014-02-21 19:01","LedgerOpenOp.java","19192","146237","165429"
"2011-11-18 11:18","LedgerOpenOp.java","3592","7221","10813"
"2012-07-18 17:00","LedgerOpenOp.java","13966","48121","62087"
"2014-04-24 10:43","ReplicationException.java","11094","92377","103471"
"2017-07-07 05:11","ReplicationException.java","65196","107285","172481"
"2017-05-16 00:31","LedgerDescriptorImpl.java","2889","24754","27643"
"2017-07-04 06:27","LedgerDescriptorImpl.java","4948","36823","41771"
"2017-06-05 22:25","LedgerDescriptorImpl.java","4302","30391","34693"
"2017-01-31 04:01","LedgerDescriptorImpl.java","779","13880","14659"
"2017-05-17 08:57","LedgerHandle.java","291","768","1059"
"2017-05-25 14:23","LedgerHandle.java","361","2643","3004"
"2017-06-21 19:50","LedgerHandle.java","1929","7142","9071"
"2017-06-21 21:00","LedgerHandle.java","1949","7945","9894"
"2017-06-01 23:58","LedgerHandle.java","1414","4607","6021"
"2017-07-04 06:27","LedgerHandle.java","2652","13080","15732"
"2017-06-30 00:12","LedgerHandle.java","2341","10808","13149"
"2017-06-01 23:58","ReplicationWorker.java","112825","67851","180676"
"2017-04-11 20:14","ReplicationWorker.java","111077","59615","170692"
"2016-03-16 04:51","ReplicationWorker.java","107525","25326","132851"
"2016-09-10 21:01","ReplicationWorker.java","109171","35737","144908"
"2017-05-26 16:52","ReplicationWorker.java","112056","66225","178281"
"2015-04-21 09:17","ReplicationWorker.java","2945","20406","23351"
"2014-04-24 10:43","ReplicationWorker.java","422","3557","3979"
"2014-09-06 07:58","ReplicationWorker.java","2206","16422","18628"
"2014-12-10 19:43","BookieInitializationTest.java","9686","87385","97071"
"2014-06-06 15:29","BookieInitializationTest.java","8806","76869","85675"
"2015-07-10 22:48","BookieInitializationTest.java","9913","90252","100165"
"2013-10-02 07:01","BookieInitializationTest.java","6614","62925","69539"
"2013-06-21 18:51","BookieInitializationTest.java","6352","60738","67090"
"2013-07-24 16:55","BookieInitializationTest.java","6444","61968","68412"
"2014-01-21 17:26","BookieInitializationTest.java","7897","69700","77597"
"2013-10-12 05:42","BookieInitializationTest.java","7384","64428","71812"
"2017-07-07 08:19","BookieInitializationTest.java","75567","102104","177671"
"2017-06-28 23:24","BookieInitializationTest.java","75392","96133","171525"
"2017-07-28 06:39","BookieInitializationTest.java","76140","104566","180706"
"2017-08-02 00:49","BookieInitializationTest.java","77003","119783","196786"
"2017-06-05 20:30","BookieInitializationTest.java","75338","93035","168373"
"2017-05-15 19:52","BookieInitializationTest.java","74528","88674","163202"
"2017-06-01 23:58","ReplicationWorker.java","114449","75667","190116"
"2017-04-11 20:14","ReplicationWorker.java","112809","67539","180348"
"2014-02-05 22:43","ReplicationWorker.java","3075","9267","12342"
"2016-03-16 04:51","ReplicationWorker.java","109530","33523","143053"
"2016-09-10 21:01","ReplicationWorker.java","111092","43850","154942"
"2017-05-26 16:52","ReplicationWorker.java","113714","74075","187789"
"2015-04-21 09:17","ReplicationWorker.java","5264","28917","34181"
"2013-12-06 07:39","ReplicationWorker.java","1547","5492","7039"
"2014-04-24 10:43","ReplicationWorker.java","3452","12779","16231"
"2014-09-06 07:58","ReplicationWorker.java","4775","25183","29958"
"2017-01-31 02:14","TestAuth.java","6577","23888","30465"
"2017-06-30 00:12","ReadLastConfirmedOp.java","49423","112761","162184"
"2012-08-27 14:43","ReadLastConfirmedOp.java","5395","29898","35293"
"2012-09-14 15:42","ReadLastConfirmedOp.java","6120","37601","43721"
"2017-05-15 19:52","ReadLastConfirmedOp.java","48676","103547","152223"
"2017-06-01 23:58","ReadLastConfirmedOp.java","49362","107426","156788"
"2014-02-21 19:01","ReadLastConfirmedOp.java","14544","118745","133289"
"2014-06-06 15:29","CompactionTest.java","2270","9719","11989"
"2016-03-08 06:49","CompactionTest.java","5089","28413","33502"
"2015-01-16 15:57","CompactionTest.java","3883","22773","26656"
"2014-12-10 19:43","CompactionTest.java","3871","20956","24827"
"2015-04-21 09:55","CompactionTest.java","3987","23318","27305"
"2016-05-04 15:55","CompactionTest.java","108534","31767","140301"
"2017-03-22 22:54","CompactionTest.java","111638","57112","168750"
"2017-06-21 21:07","CompactionTest.java","113776","73669","187445"
"2014-01-22 14:35","CompactionTest.java","582","2147","2729"
"2017-11-08 12:27","CompactionTest.java","126692","116889","243581"
"2017-05-16 00:31","CompactionTest.java","112679","66629","179308"
"2017-07-07 08:19","CompactionTest.java","114110","80033","194143"
"2013-09-11 00:34","GarbageCollectorThread.java","797","7097","7894"
"2014-01-15 15:58","GarbageCollectorThread.java","2351","12799","15150"
"2013-10-22 07:44","GarbageCollectorThread.java","2071","9678","11749"
"2017-05-09 23:06","GarbageCollectorThread.java","111584","74456","186040"
"2014-01-21 17:26","GarbageCollectorThread.java","2775","14768","17543"
"2013-10-02 06:23","GarbageCollectorThread.java","805","7116","7921"
"2017-11-08 12:27","GarbageCollectorThread.java","124608","125609","250217"
"2017-03-28 22:39","GarbageCollectorThread.java","111149","71965","183114"
"2017-01-30 23:25","GarbageCollectorThread.java","111005","60856","171861"
"2016-05-04 15:55","GarbageCollectorThread.java","109386","43423","152809"
"2016-03-08 06:49","GarbageCollectorThread.java","6272","40400","46672"
"2016-02-24 00:44","GarbageCollectorThread.java","6221","39997","46218"
"2015-04-21 09:55","GarbageCollectorThread.java","5302","35437","40739"
"2013-10-30 16:23","GarbageCollectorThread.java","2256","11836","14092"
"2017-07-04 06:27","SyncThreadTest.java","114022","70533","184555"
"2017-01-31 04:01","SyncThreadTest.java","111191","48928","160119"
"2016-04-14 00:51","SyncThreadTest.java","107892","23141","131033"
"2016-03-08 06:49","SyncThreadTest.java","3706","19581","23287"
"2017-03-28 22:37","SyncThreadTest.java","111345","53889","165234"
"2016-11-18 00:18","SyncThreadTest.java","111115","35751","146866"
"2017-05-16 00:31","SyncThreadTest.java","112469","58970","171439"
"2016-12-21 01:48","LedgerCacheTest.java","80243","63320","143563"
"2013-02-12 06:00","LedgerCacheTest.java","1046","33138","34184"
"2019-02-20 11:43","LedgerCacheTest.java","98903","420657","519560"
"2013-08-12 19:01","LedgerCacheTest.java","3126","42614","45740"
"2013-10-12 05:42","LedgerCacheTest.java","4278","45163","49441"
"2017-05-16 00:31","LedgerCacheTest.java","81099","79504","160603"
"2013-12-02 18:45","LedgerCacheTest.java","4512","48267","52779"
"2014-07-24 01:41","LedgerCacheTest.java","6343","58255","64598"
"2014-12-10 19:43","LedgerCacheTest.java","6989","68529","75518"
"2016-03-08 06:49","LedgerCacheTest.java","7990","75769","83759"
"2014-03-12 21:26","LedgerCacheTest.java","5775","54932","60707"
"2013-03-25 06:27","TestSpeculativeRead.java","2608","36813","39421"
"2014-02-05 22:43","TestSpeculativeRead.java","5802","53576","59378"
"2013-10-29 05:14","TestSpeculativeRead.java","4793","48201","52994"
"2017-06-01 22:39","TestSpeculativeRead.java","81377","83792","165169"
"2014-07-24 01:41","TestSpeculativeRead.java","6571","60103","66674"
"2016-08-01 08:04","LedgerOpenOp.java","39989","87334","127323"
"2011-11-17 11:16","LedgerOpenOp.java","254","897","1151"
"2015-10-06 10:05","LedgerOpenOp.java","18962","161798","180760"
"2015-04-21 09:17","LedgerOpenOp.java","18923","160568","179491"
"2014-01-21 05:19","LedgerOpenOp.java","18235","141616","159851"
"2012-06-19 12:39","LedgerOpenOp.java","11045","34587","45632"
"2014-02-21 19:01","LedgerOpenOp.java","18534","143881","162415"
"2011-11-18 11:18","LedgerOpenOp.java","939","2870","3809"
"2012-07-18 17:00","LedgerOpenOp.java","12586","45043","57629"
"2014-04-24 10:43","ReplicationException.java","11298","106016","117314"
"2012-08-27 16:55","ReplicationException.java","1311","14746","16057"
"2012-08-14 11:40","ReplicationException.java","596","8140","8736"
"2017-07-07 05:11","ReplicationException.java","55372","110896","166268"
"2016-08-01 08:04","LedgerOpenOp.java","36034","90980","127014"
"2011-11-17 11:16","LedgerOpenOp.java","7296","15540","22836"
"2015-10-06 10:05","LedgerOpenOp.java","16538","166975","183513"
"2015-04-21 09:17","LedgerOpenOp.java","16502","165748","182250"
"2011-09-05 19:38","LedgerOpenOp.java","4901","10804","15705"
"2011-11-16 17:05","LedgerOpenOp.java","7085","14686","21771"
"2014-01-21 05:19","LedgerOpenOp.java","16129","147111","163240"
"2012-06-19 12:39","LedgerOpenOp.java","10388","41531","51919"
"2014-02-21 19:01","LedgerOpenOp.java","16289","149237","165526"
"2011-11-18 11:18","LedgerOpenOp.java","7844","17376","25220"
"2012-07-18 17:00","LedgerOpenOp.java","11509","51567","63076"
"2017-05-15 19:52","LedgerHandle.java","1577","3931","5508"
"2017-05-17 08:57","LedgerHandle.java","1840","4671","6511"
"2017-05-25 14:23","LedgerHandle.java","1895","6531","8426"
"2017-06-21 19:50","LedgerHandle.java","3408","10975","14383"
"2017-06-21 21:00","LedgerHandle.java","3425","11775","15200"
"2017-06-01 23:58","LedgerHandle.java","2905","8452","11357"
"2017-07-04 06:27","LedgerHandle.java","4112","16894","21006"
"2017-06-30 00:12","LedgerHandle.java","3814","14635","18449"
"2014-12-09 19:57","TestCallbacks.java","2232","13817","16049"
"2014-06-02 11:54","TestCallbacks.java","345","1891","2236"
"2014-12-09 19:57","TestCallbacks.java","1997","12036","14033"
"2017-05-15 19:52","LedgerHandle.java","2056","10036","12092"
"2017-05-02 22:07","LedgerHandle.java","535","6161","6696"
"2017-05-17 08:57","LedgerHandle.java","2308","10765","13073"
"2017-05-25 14:23","LedgerHandle.java","2362","12624","14986"
"2017-06-21 19:50","LedgerHandle.java","3836","17029","20865"
"2017-06-21 21:00","LedgerHandle.java","3852","17828","21680"
"2017-06-01 23:58","LedgerHandle.java","3336","14509","17845"
"2017-07-04 06:27","LedgerHandle.java","4508","22916","27424"
"2017-06-30 00:12","LedgerHandle.java","4237","20684","24921"
"2016-07-14 23:02","ZkLedgerUnderreplicationManager.java","487","1472","1959"
"2017-07-07 05:11","ZkLedgerUnderreplicationManager.java","10286","52716","63002"
"2017-06-28 23:28","ZkLedgerUnderreplicationManager.java","9783","47192","56975"
"2017-06-01 23:58","ZkLedgerUnderreplicationManager.java","9212","42727","51939"
"2017-03-28 22:40","ZkLedgerUnderreplicationManager.java","6776","33787","40563"
"2014-01-15 15:58","GarbageCollectorThread.java","1625","5773","7398"
"2013-10-22 07:44","GarbageCollectorThread.java","1334","2641","3975"
"2017-05-09 23:06","GarbageCollectorThread.java","113202","69774","182976"
"2014-01-21 17:26","GarbageCollectorThread.java","2048","7741","9789"
"2013-10-02 06:23","GarbageCollectorThread.java","8","19","27"
"2017-11-08 12:27","GarbageCollectorThread.java","126932","121633","248565"
"2017-03-28 22:39","GarbageCollectorThread.java","112746","67262","180008"
"2017-01-30 23:25","GarbageCollectorThread.java","112597","56148","168745"
"2016-05-04 15:55","GarbageCollectorThread.java","109629","37366","146995"
"2016-03-08 06:49","GarbageCollectorThread.java","6287","34115","40402"
"2016-02-24 00:44","GarbageCollectorThread.java","6234","33710","39944"
"2015-04-21 09:55","GarbageCollectorThread.java","5285","29120","34405"
"2013-10-30 16:23","GarbageCollectorThread.java","1520","4800","6320"
"2017-05-15 19:52","BookKeeperClusterTestCase.java","80953","78585","159538"
"2016-04-05 08:45","BookKeeperClusterTestCase.java","78578","45084","123662"
"2017-08-01 08:34","BookKeeperClusterTestCase.java","84806","108487","193293"
"2013-10-12 05:42","BookKeeperClusterTestCase.java","3899","44429","48328"
"2014-02-05 22:43","BookKeeperClusterTestCase.java","5196","50995","56191"
"2017-11-08 12:27","BookKeeperClusterTestCase.java","93236","127533","220769"
"2013-06-15 19:05","BookKeeperClusterTestCase.java","2586","40411","42997"
"2014-05-09 14:04","BookKeeperClusterTestCase.java","5520","55473","60993"
"2017-07-04 06:27","BookKeeperClusterTestCase.java","82254","90314","172568"
"2014-07-24 01:41","BookKeeperClusterTestCase.java","5987","57544","63531"
"2014-05-23 18:46","BookKeeperClusterTestCase.java","5526","55809","61335"
"2017-06-30 00:12","BookKeeperClusterTestCase.java","82149","88248","170397"
"2014-04-24 10:43","BookKeeperClusterTestCase.java","5457","54391","59848"
"2016-04-27 09:55","BookKeeperClusterTestCase.java","78648","45958","124606"
"2015-10-06 10:48","BookKeeperClusterTestCase.java","7335","72012","79347"
"2014-12-10 19:43","BookKeeperClusterTestCase.java","6639","67824","74463"
"2017-06-01 23:58","ReplicationWorker.java","8617","45842","54459"
"2017-04-11 20:14","ReplicationWorker.java","6385","37122","43507"
"2016-09-10 21:01","ReplicationWorker.java","4273","13038","17311"
"2017-05-26 16:52","ReplicationWorker.java","7762","44130","51892"
"2017-06-01 23:58","EntryLogger.java","47572","110879","158451"
"2014-01-21 17:26","EntryLogger.java","14643","122414","137057"
"2013-10-02 06:23","EntryLogger.java","14218","116307","130525"
"2014-01-22 14:35","EntryLogger.java","14738","122885","137623"
"2017-11-08 12:27","EntryLogger.java","50558","147337","197895"
"2013-10-22 07:44","EntryLogger.java","14449","117834","132283"
"2012-06-13 16:57","EntryLogger.java","2799","9672","12471"
"2013-05-04 14:22","EntryLogger.java","13942","109720","123662"
"2017-01-31 02:11","EntryLogger.java","46491","92178","138669"
"2017-03-23 00:48","EntryLogger.java","46515","98623","145138"
"2016-07-14 23:02","EntryLogger.java","46384","77161","123545"
"2012-12-24 06:23","EntryLogger.java","12024","72731","84755"
"2012-12-10 11:04","EntryLogger.java","11538","67662","79200"
"2016-02-24 00:44","EntryLogger.java","16098","145652","161750"
"2015-04-21 10:02","EntryLogger.java","15771","141717","157488"
"2012-10-18 16:40","EntryLogger.java","10814","55645","66459"
"2012-07-26 04:32","EntryLogger.java","6589","23222","29811"
"2013-01-04 11:32","EntryLogger.java","12364","74462","86826"
"2015-04-21 09:44","EntryLogger.java","15770","141532","157302"
"2012-05-09 10:39","EntryLogger.java","1877","5580","7457"
"2012-05-07 18:48","EntryLogger.java","1857","5136","6993"
"2012-05-10 14:47","EntryLogger.java","2213","6202","8415"
"2012-05-17 19:07","EntryLogger.java","2580","7624","10204"
"2017-06-01 23:58","EntryLogger.java","49781","106215","155996"
"2014-01-21 17:26","EntryLogger.java","14077","114975","129052"
"2013-10-02 06:23","EntryLogger.java","12976","108192","121168"
"2014-01-22 14:35","EntryLogger.java","14182","115456","129638"
"2017-11-08 12:27","EntryLogger.java","53633","143539","197172"
"2013-10-22 07:44","EntryLogger.java","13824","110336","124160"
"2013-05-04 14:22","EntryLogger.java","12681","101586","114267"
"2017-01-31 02:11","EntryLogger.java","48583","87397","135980"
"2017-03-23 00:48","EntryLogger.java","48635","93870","142505"
"2016-07-14 23:02","EntryLogger.java","48477","72381","120858"
"2012-12-24 06:23","EntryLogger.java","10256","64090","74346"
"2012-12-10 11:04","EntryLogger.java","9523","58774","68297"
"2016-02-24 00:44","EntryLogger.java","15839","138520","154359"
"2015-04-21 10:02","EntryLogger.java","15365","134438","149803"
"2012-10-18 16:40","EntryLogger.java","8726","46684","55410"
"2012-07-26 04:32","EntryLogger.java","4135","13895","18030"
"2013-01-04 11:32","EntryLogger.java","10748","65973","76721"
"2015-04-21 09:44","EntryLogger.java","15363","134252","149615"
"2014-08-02 20:02","ServerConfiguration.java","1363","10013","11376"
"2014-05-15 00:41","ServerConfiguration.java","32","946","978"
"2014-09-18 06:47","ServerConfiguration.java","1944","12603","14547"
"2017-07-04 06:27","ServerConfiguration.java","114109","72810","186919"
"2016-04-14 00:51","ServerConfiguration.java","108052","25491","133543"
"2015-01-16 15:57","ServerConfiguration.java","2576","16207","18783"
"2016-03-08 06:49","ServerConfiguration.java","3909","21974","25883"
"2016-01-26 22:11","ServerConfiguration.java","3567","20618","24185"
"2016-04-05 18:47","ServerConfiguration.java","108026","25415","133441"
"2016-04-27 09:55","ServerConfiguration.java","108105","26056","134161"
"2015-04-21 09:55","ServerConfiguration.java","2711","16783","19494"
"2015-01-12 15:18","ServerConfiguration.java","2568","15261","17829"
"2015-04-21 10:02","ServerConfiguration.java","2724","16829","19553"
"2017-05-15 19:52","ServerConfiguration.java","112439","60712","173151"
"2017-03-22 22:54","ServerConfiguration.java","111413","51628","163041"
"2017-03-23 00:48","ServerConfiguration.java","111418","51685","163103"
"2017-01-31 02:11","ServerConfiguration.java","111319","45165","156484"
"2016-04-05 08:45","ServerConfiguration.java","108016","25163","133179"
"2016-11-09 03:02","ServerConfiguration.java","111225","37899","149124"
"2016-11-30 00:02","ServerConfiguration.java","111273","38629","149902"
"2017-06-05 20:30","ServerConfiguration.java","113528","65352","178880"
"2016-09-10 20:27","ServerConfiguration.java","109635","32520","142155"
"2017-08-02 00:49","ServerConfiguration.java","117765","94672","212437"
"2017-10-03 12:31","ServerConfiguration.java","125360","92424","217784"
"2017-08-16 03:37","ServerConfiguration.java","119366","102906","222272"
"2014-05-09 14:04","ServerConfiguration.java","16","610","626"
"2017-05-26 12:38","ServerConfiguration.java","112635","63224","175859"
"2017-07-07 08:19","ServerConfiguration.java","114141","74805","188946"
"2017-06-28 23:24","ServerConfiguration.java","113723","68591","182314"
"2017-11-08 12:27","ServerConfiguration.java","127265","112203","239468"
"2012-02-13 15:46","BookieFailureTest.java","1609","9986","11595"
"2012-12-20 06:48","BookieFailureTest.java","16393","90750","107143"
"2012-08-13 11:38","BookieFailureTest.java","12715","49204","61919"
"2014-07-24 01:41","BookieFailureTest.java","18947","146958","165905"
"2012-06-19 12:39","BookieFailureTest.java","10733","32344","43077"
"2017-05-12 16:39","SortedLedgerStorage.java","1650","15750","17400"
"2017-05-16 00:31","SortedLedgerStorage.java","2755","18083","20838"
"2017-03-22 22:54","Cookie.java","831","13690","14521"
"2017-05-09 23:06","GarbageCollectorThread.java","112203","64627","176830"
"2014-01-21 17:26","GarbageCollectorThread.java","464","2009","2473"
"2017-11-08 12:27","GarbageCollectorThread.java","126683","117236","243919"
"2017-03-28 22:39","GarbageCollectorThread.java","111745","62113","173858"
"2017-01-30 23:25","GarbageCollectorThread.java","111553","50956","162509"
"2016-05-04 15:55","GarbageCollectorThread.java","108557","32146","140703"
"2016-03-08 06:49","GarbageCollectorThread.java","5112","28792","33904"
"2016-02-24 00:44","GarbageCollectorThread.java","5023","28351","33374"
"2015-04-21 09:55","GarbageCollectorThread.java","4012","23699","27711"
"2014-01-15 15:58","GarbageCollectorThread.java","699","3540","4239"
"2017-05-09 23:06","GarbageCollectorThread.java","112613","67878","180491"
"2014-01-21 17:26","GarbageCollectorThread.java","1121","5507","6628"
"2017-11-08 12:27","GarbageCollectorThread.java","126694","120088","246782"
"2017-03-28 22:39","GarbageCollectorThread.java","112156","65365","177521"
"2017-01-30 23:25","GarbageCollectorThread.java","111999","54243","166242"
"2016-05-04 15:55","GarbageCollectorThread.java","109017","35447","144464"
"2016-03-08 06:49","GarbageCollectorThread.java","5589","32110","37699"
"2016-02-24 00:44","GarbageCollectorThread.java","5513","31682","37195"
"2015-04-21 09:55","GarbageCollectorThread.java","4502","27030","31532"
"2013-10-30 16:23","GarbageCollectorThread.java","549","2522","3071"
"2013-02-08 19:08","BookieException.java","7684","65880","73564"
"2017-07-07 08:19","BookieException.java","68758","105200","173958"
"2017-06-01 23:58","EntryLogger.java","46313","115203","161516"
"2014-01-21 17:26","EntryLogger.java","19327","132681","152008"
"2013-10-02 06:23","EntryLogger.java","18995","126667","145662"
"2014-01-22 14:35","EntryLogger.java","19397","133127","152524"
"2017-11-08 12:27","EntryLogger.java","48966","151328","200294"
"2013-10-22 07:44","EntryLogger.java","19146","128114","147260"
"2012-03-16 10:41","EntryLogger.java","7520","13103","20623"
"2012-06-13 16:57","EntryLogger.java","9733","22189","31922"
"2013-05-04 14:22","EntryLogger.java","18727","120088","138815"
"2012-03-08 12:13","EntryLogger.java","453","2291","2744"
"2017-01-31 02:11","EntryLogger.java","45295","96565","141860"
"2017-03-23 00:48","EntryLogger.java","45315","103006","148321"
"2016-07-14 23:02","EntryLogger.java","45193","81553","126746"
"2012-12-24 06:23","EntryLogger.java","17102","83392","100494"
"2012-12-10 11:04","EntryLogger.java","16634","78341","94975"
"2016-02-24 00:44","EntryLogger.java","20408","155545","175953"
"2015-04-21 10:02","EntryLogger.java","20209","151738","171947"
"2012-10-18 16:40","EntryLogger.java","16104","66518","82622"
"2012-07-26 04:32","EntryLogger.java","12171","34387","46558"
"2013-01-04 11:32","EntryLogger.java","17369","85050","102419"
"2015-04-21 09:44","EntryLogger.java","20208","151553","171761"
"2012-05-09 10:39","EntryLogger.java","8976","18262","27238"
"2012-05-07 18:48","EntryLogger.java","8963","17825","26788"
"2012-05-10 14:47","EntryLogger.java","9238","18810","28048"
"2012-05-17 19:07","EntryLogger.java","9603","20230","29833"
"2014-08-02 20:02","ServerConfiguration.java","1388","9124","10512"
"2014-09-18 06:47","ServerConfiguration.java","1969","11714","13683"
"2017-07-04 06:27","ServerConfiguration.java","114211","71998","186209"
"2016-04-14 00:51","ServerConfiguration.java","108137","24662","132799"
"2015-01-16 15:57","ServerConfiguration.java","2620","15337","17957"
"2016-03-08 06:49","ServerConfiguration.java","3997","21148","25145"
"2016-01-26 22:11","ServerConfiguration.java","3651","19788","23439"
"2016-04-05 18:47","ServerConfiguration.java","108111","24586","132697"
"2016-04-27 09:55","ServerConfiguration.java","108190","25227","133417"
"2015-04-21 09:55","ServerConfiguration.java","2755","15913","18668"
"2015-01-12 15:18","ServerConfiguration.java","2612","14391","17003"
"2015-04-21 10:02","ServerConfiguration.java","2768","15959","18727"
"2017-05-15 19:52","ServerConfiguration.java","112535","59894","172429"
"2017-03-22 22:54","ServerConfiguration.java","111514","50815","162329"
"2017-03-23 00:48","ServerConfiguration.java","111515","50868","162383"
"2017-01-31 02:11","ServerConfiguration.java","111405","44337","155742"
"2016-04-05 08:45","ServerConfiguration.java","108101","24334","132435"
"2016-11-09 03:02","ServerConfiguration.java","111310","37070","148380"
"2016-11-30 00:02","ServerConfiguration.java","111359","37801","149160"
"2017-06-05 20:30","ServerConfiguration.java","113629","64539","178168"
"2016-09-10 20:27","ServerConfiguration.java","109720","31691","141411"
"2017-08-02 00:49","ServerConfiguration.java","117865","93858","211723"
"2017-10-03 12:31","ServerConfiguration.java","125550","91700","217250"
"2017-08-16 03:37","ServerConfiguration.java","119472","102098","221570"
"2017-05-26 12:38","ServerConfiguration.java","112731","62406","175137"
"2017-07-07 08:19","ServerConfiguration.java","114238","73988","188226"
"2017-06-28 23:24","ServerConfiguration.java","113824","67778","181602"
"2017-11-08 12:27","ServerConfiguration.java","127463","111487","238950"
"2017-05-16 00:31","BookieProtocol.java","45822","112029","157851"
"2017-06-01 21:20","BookieProtocol.java","46407","114941","161348"
"2012-04-02 12:38","BookieProtocol.java","8643","16494","25137"
"2013-03-18 00:31","BookieProtocol.java","18697","118717","137414"
"2016-04-05 08:45","BookieProtocol.java","45209","79872","125081"
"2013-02-12 11:16","BookieProtocol.java","18597","118404","137001"
"2017-05-15 19:52","BookieProtocol.java","45779","111568","157347"
"2012-10-18 16:40","BookieProtocol.java","16219","66725","82944"
"2017-06-05 22:25","BookieProtocol.java","46399","116830","163229"
"2012-05-25 17:13","BookieProtocol.java","9784","20702","30486"
"2013-03-18 00:31","ResponseBuilder.java","187","400","587"
"2017-05-16 00:31","ResponseBuilder.java","111735","78135","189870"
"2017-06-01 23:58","AbstractZkLedgerManager.java","2474","7131","9605"
"2017-06-12 17:20","AbstractZkLedgerManager.java","2914","9348","12262"
"2017-11-08 12:27","GarbageCollectorThread.java","37484","75613","113097"
"2017-07-07 05:11","ZkLedgerUnderreplicationManager.java","9973","51418","61391"
"2017-06-28 23:28","ZkLedgerUnderreplicationManager.java","9470","45894","55364"
"2017-06-01 23:58","ZkLedgerUnderreplicationManager.java","8899","41429","50328"
"2017-03-28 22:40","ZkLedgerUnderreplicationManager.java","6459","32485","38944"
"2017-05-25 14:23","DigestManager.java","361","2643","3004"
"2017-06-05 22:25","BookkeeperInternalCallbacks.java","3944","16932","20876"
"2017-08-02 00:49","BookkeeperInternalCallbacks.java","9319","46299","55618"
"2017-06-21 21:00","BookkeeperInternalCallbacks.java","4036","18378","22414"
"2017-06-05 22:13","BookkeeperInternalCallbacks.java","3703","16397","20100"
"2017-05-15 19:52","BookkeeperInternalCallbacks.java","2252","10598","12850"
"2017-03-28 22:35","BookkeeperInternalCallbacks.java","334","4926","5260"
"2012-07-23 23:39","LocalBookKeeper.java","12759","44641","57400"
"2014-12-10 19:43","LocalBookKeeper.java","19200","158127","177327"
"2013-02-08 19:08","LocalBookKeeper.java","17094","126613","143707"
"2012-05-10 14:47","LocalBookKeeper.java","10664","29913","40577"
"2015-07-10 22:48","LocalBookKeeper.java","19231","160798","180029"
"2011-11-18 11:18","LocalBookKeeper.java","717","2005","2722"
"2017-05-26 12:38","LocalBookKeeper.java","40783","118473","159256"
"2017-06-01 11:31","LocalBookKeeper.java","40814","119418","160232"
"2017-06-01 23:58","LocalBookKeeper.java","40847","119414","160261"
"2013-01-14 16:59","LocalBookKeeper.java","16980","95786","112766"
"2012-05-07 18:48","LedgerCache.java","12010","32890","44900"
"2017-07-04 06:27","LedgerCache.java","40546","128689","169235"
"2012-03-20 12:51","LedgerCache.java","11724","29676","41400"
"2017-05-16 00:31","LedgerCache.java","40457","118590","159047"
"2012-12-18 13:04","LedgerCache.java","17339","95317","112656"
"2016-11-18 00:18","LedgerCache.java","40276","96544","136820"
"2016-04-08 19:43","BookKeeperTest.java","105061","5238","110299"
"2017-01-31 04:01","BookKeeperTest.java","110842","33529","144371"
"2017-05-15 19:52","BookKeeperTest.java","112343","43376","155719"
"2017-05-02 22:07","BookKeeperTest.java","111347","40026","151373"
"2017-05-16 00:31","LedgerDescriptorReadOnlyImpl.java","81360","81515","162875"
"2014-07-24 01:41","TestFencing.java","14466","120866","135332"
"2012-12-18 13:04","TestFencing.java","9117","61855","70972"
"2014-02-05 22:43","TestFencing.java","14036","114678","128714"
"2013-08-23 18:48","TestFencing.java","12497","106850","119347"
"2017-05-15 19:52","DigestManager.java","54557","98117","152674"
"2017-05-25 14:23","DigestManager.java","54661","100503","155164"
"2017-01-31 04:01","DigestManager.java","54001","89215","143216"
"2017-06-30 00:12","PendingWriteLacOp.java","4415","21228","25643"
"2017-05-15 19:52","PendingWriteLacOp.java","2252","10598","12850"
"2017-07-07 05:11","Auditor.java","113496","77437","190933"
"2017-05-26 16:52","Auditor.java","112056","66225","178281"
"2016-09-10 21:01","Auditor.java","109171","35737","144908"
"2016-11-09 03:02","Auditor.java","110736","40970","151706"
"2016-03-08 07:18","Auditor.java","4206","26496","30702"
"2014-04-24 10:43","Auditor.java","422","3557","3979"
"2014-06-02 11:54","Auditor.java","797","6070","6867"
"2014-05-06 12:30","Auditor.java","494","4054","4548"
"2014-05-23 18:48","Auditor.java","524","5008","5532"
"2014-07-24 01:41","TestEntryLog.java","15439","125775","141214"
"2014-12-10 19:43","TestEntryLog.java","15853","135817","151670"
"2016-02-24 00:44","TestEntryLog.java","16321","142172","158493"
"2014-03-12 21:26","TestEntryLog.java","15123","122704","137827"
"2012-10-18 16:40","TestEntryLog.java","9511","50639","60150"
"2013-10-12 05:42","TestEntryLog.java","14358","113667","128025"
"2017-05-16 00:31","TestEntryLog.java","48495","105324","153819"
"2017-07-07 08:19","TestEntryLog.java","49248","118050","167298"
"2016-12-21 01:48","LedgerCacheTest.java","79973","64692","144665"
"2013-02-12 06:00","LedgerCacheTest.java","1861","35595","37456"
"2013-01-07 03:48","LedgerCacheTest.java","894","2536","3430"
"2019-02-20 11:43","LedgerCacheTest.java","98066","421462","519528"
"2013-08-12 19:01","LedgerCacheTest.java","3846","44976","48822"
"2013-10-12 05:42","LedgerCacheTest.java","4958","47485","52443"
"2017-05-16 00:31","LedgerCacheTest.java","80826","80873","161699"
"2013-12-02 18:45","LedgerCacheTest.java","5192","50589","55781"
"2014-07-24 01:41","LedgerCacheTest.java","6927","60481","67408"
"2014-12-10 19:43","LedgerCacheTest.java","7565","70747","78312"
"2016-03-08 06:49","LedgerCacheTest.java","8550","77971","86521"
"2014-03-12 21:26","LedgerCacheTest.java","6377","57176","63553"
"2017-05-09 23:06","GarbageCollectorThread.java","112298","63177","175475"
"2017-11-08 12:27","GarbageCollectorThread.java","126955","115963","242918"
"2017-03-28 22:39","GarbageCollectorThread.java","111840","60663","172503"
"2017-01-30 23:25","GarbageCollectorThread.java","111645","49503","161148"
"2016-05-04 15:55","GarbageCollectorThread.java","108631","30675","139306"
"2016-03-08 06:49","GarbageCollectorThread.java","5141","27276","32417"
"2016-02-24 00:44","GarbageCollectorThread.java","5052","26835","31887"
"2015-04-21 09:55","GarbageCollectorThread.java","3996","22138","26134"
"2014-01-15 15:58","GarbageCollectorThread.java","1618","5755","7373"
"2013-10-22 07:44","GarbageCollectorThread.java","1327","2623","3950"
"2017-05-09 23:06","GarbageCollectorThread.java","113204","69765","182969"
"2014-01-21 17:26","GarbageCollectorThread.java","2041","7723","9764"
"2017-11-08 12:27","GarbageCollectorThread.java","126942","121632","248574"
"2017-03-28 22:39","GarbageCollectorThread.java","112748","67253","180001"
"2017-01-30 23:25","GarbageCollectorThread.java","112598","56138","168736"
"2016-05-04 15:55","GarbageCollectorThread.java","109630","37356","146986"
"2016-03-08 06:49","GarbageCollectorThread.java","6286","34103","40389"
"2016-02-24 00:44","GarbageCollectorThread.java","6233","33698","39931"
"2015-04-21 09:55","GarbageCollectorThread.java","5284","29108","34392"
"2013-10-30 16:23","GarbageCollectorThread.java","1513","4782","6295"
"2017-06-05 22:25","ReadEntryProcessorV3.java","449","1898","2347"
"2016-12-21 01:48","LedgerCacheTest.java","80101","64598","144699"
"2013-02-12 06:00","LedgerCacheTest.java","1787","35299","37086"
"2013-01-07 03:48","LedgerCacheTest.java","820","2240","3060"
"2019-02-20 11:43","LedgerCacheTest.java","98217","421391","519608"
"2013-08-12 19:01","LedgerCacheTest.java","3772","44680","48452"
"2013-10-12 05:42","LedgerCacheTest.java","4886","47191","52077"
"2017-05-16 00:31","LedgerCacheTest.java","80956","80781","161737"
"2013-12-02 18:45","LedgerCacheTest.java","5120","50295","55415"
"2014-07-24 01:41","LedgerCacheTest.java","6863","60195","67058"
"2014-12-10 19:43","LedgerCacheTest.java","7508","70468","77976"
"2016-03-08 06:49","LedgerCacheTest.java","8494","77693","86187"
"2014-03-12 21:26","LedgerCacheTest.java","6311","56888","63199"
"2012-12-03 15:04","InMemoryMetastoreCursor.java","945","3490","4435"
"2013-04-04 11:21","InMemoryMetastoreCursor.java","6399","48532","54931"
"2014-12-10 19:43","BookieJournalTest.java","2558","14431","16989"
"2017-05-15 19:52","BookieJournalTest.java","112434","60754","173188"
"2017-05-16 00:31","BookieJournalTest.java","112574","61312","173886"
"2017-05-04 20:58","AbstractZkLedgerManager.java","113297","70411","183708"
"2017-06-01 23:58","AbstractZkLedgerManager.java","114513","76284","190797"
"2017-06-12 17:20","AbstractZkLedgerManager.java","114680","78228","192908"
"2017-03-28 22:40","AbstractZkLedgerManager.java","112868","68135","181003"
"2016-02-09 08:23","AbstractZkLedgerManager.java","6218","33536","39754"
"2015-09-15 10:38","AbstractZkLedgerManager.java","6071","31144","37215"
"2016-02-23 19:16","AbstractZkLedgerManager.java","6243","33899","40142"
"2014-05-12 08:10","AbstractZkLedgerManager.java","3691","14908","18599"
"2014-01-17 18:13","AbstractZkLedgerManager.java","1851","6897","8748"
"2017-06-05 20:30","LedgerDirsManager.java","81835","83018","164853"
"2017-01-30 23:25","LedgerDirsManager.java","80185","63332","143517"
"2017-03-28 22:35","LedgerDirsManager.java","80269","74147","154416"
"2013-12-02 18:45","LedgerDirsManager.java","4134","47534","51668"
"2014-01-15 15:58","LedgerDirsManager.java","4214","47958","52172"
"2017-06-28 23:24","LedgerDirsManager.java","81983","86210","168193"
"2017-07-07 08:19","LedgerDirsManager.java","82244","92267","174511"
"2014-01-21 17:26","LedgerDirsManager.java","4407","49696","54103"
"2013-10-02 07:01","LedgerDirsManager.java","2949","42746","45695"
"2014-08-02 20:02","LedgerDirsManager.java","6190","64199","70389"
"2017-05-16 00:31","BookieProtocol.java","48023","106379","154402"
"2017-06-01 21:20","BookieProtocol.java","48654","109337","157991"
"2013-03-18 00:31","BookieProtocol.java","13315","105484","118799"
"2016-04-05 08:45","BookieProtocol.java","47294","74106","121400"
"2013-02-12 11:16","BookieProtocol.java","13191","105147","118338"
"2017-05-15 19:52","BookieProtocol.java","47971","105909","153880"
"2012-10-18 16:40","BookieProtocol.java","9845","52500","62345"
"2017-06-05 22:25","BookieProtocol.java","48653","111233","159886"
"2012-05-25 17:13","BookieProtocol.java","1469","4536","6005"
"2014-07-24 01:41","ConfigurationTest.java","15440","125802","141242"
"2016-07-31 07:53","ConfigurationTest.java","47821","75021","122842"
"2017-08-02 00:49","AbstractConfiguration.java","9309","41254","50563"
"2017-05-02 23:04","AbstractConfiguration.java","765","2586","3351"
"2014-02-05 22:43","TestBenchmark.java","8943","63909","72852"
"2016-02-09 08:12","TestBenchmark.java","10796","86332","97128"
"2015-07-10 22:48","LocalBookKeeper.java","681","3321","4002"
"2017-05-26 12:38","LocalBookKeeper.java","113512","52275","165787"
"2017-06-01 11:31","LocalBookKeeper.java","113576","53253","166829"
"2017-06-01 23:58","LocalBookKeeper.java","114338","53978","168316"
"2017-06-12 17:20","AbstractZkLedgerManager.java","462","2239","2701"
"2014-02-05 22:43","BookieClientTest.java","18694","140947","159641"
"2013-10-12 05:42","BookieClientTest.java","18238","135222","153460"
"2017-06-21 19:58","BookieClientTest.java","41175","120584","161759"
"2014-07-25 00:34","BookieClientTest.java","19101","152934","172035"
"2017-03-28 22:35","BookieClientTest.java","40847","111179","152026"
"2016-12-17 02:39","BookieClientTest.java","40827","99442","140269"
"2017-05-15 19:52","BookieClientTest.java","41020","115106","156126"
"2014-12-10 19:43","BookieClientTest.java","19127","156766","175893"
"2012-01-13 18:06","BookieClientTest.java","1183","5226","6409"
"2015-10-06 10:05","BookieClientTest.java","19214","160119","179333"
"2014-07-24 01:41","BookieClientTest.java","18947","146958","165905"
"2017-07-04 06:27","ServerConfiguration.java","115763","63805","179568"
"2016-04-14 00:51","ServerConfiguration.java","106929","13709","120638"
"2015-01-16 15:57","ServerConfiguration.java","664","3636","4300"
"2016-03-08 06:49","ServerConfiguration.java","2283","9689","11972"
"2016-01-26 22:11","ServerConfiguration.java","1927","8319","10246"
"2016-04-05 18:47","ServerConfiguration.java","106903","13633","120536"
"2016-04-27 09:55","ServerConfiguration.java","106990","14282","121272"
"2015-04-21 09:55","ServerConfiguration.java","839","4252","5091"
"2015-01-12 15:18","ServerConfiguration.java","655","2689","3344"
"2015-04-21 10:02","ServerConfiguration.java","852","4298","5150"
"2017-05-15 19:52","ServerConfiguration.java","113824","51438","165262"
"2017-03-22 22:54","ServerConfiguration.java","112569","42125","154694"
"2017-03-23 00:48","ServerConfiguration.java","112574","42182","154756"
"2017-01-31 02:11","ServerConfiguration.java","112460","35647","148107"
"2016-04-05 08:45","ServerConfiguration.java","106892","13380","120272"
"2016-11-09 03:02","ServerConfiguration.java","112350","28365","140715"
"2016-11-30 00:02","ServerConfiguration.java","112411","29108","141519"
"2017-06-05 20:30","ServerConfiguration.java","114972","56137","171109"
"2016-09-10 20:27","ServerConfiguration.java","110714","22940","133654"
"2017-08-02 00:49","ServerConfiguration.java","119520","85768","205288"
"2017-10-03 12:31","ServerConfiguration.java","130127","86532","216659"
"2017-08-16 03:37","ServerConfiguration.java","121135","94016","215151"
"2017-05-26 12:38","ServerConfiguration.java","114040","53970","168010"
"2017-07-07 08:19","ServerConfiguration.java","115807","65812","181619"
"2017-06-28 23:24","ServerConfiguration.java","115314","59523","174837"
"2017-11-08 12:27","ServerConfiguration.java","132210","106489","238699"
"2017-05-25 14:23","LedgerFragmentReplicator.java","112050","66165","178215"
"2014-02-21 19:01","LedgerFragmentReplicator.java","201","1364","1565"
"2016-09-10 21:01","LedgerFragmentReplicator.java","109171","35737","144908"
"2014-04-24 10:43","ReplicationException.java","11090","98264","109354"
"2012-08-27 16:55","ReplicationException.java","802","6693","7495"
"2017-07-07 05:11","ReplicationException.java","61519","109499","171018"
"2017-01-31 04:01","BookkeeperInternalCallbacks.java","40292","109661","149953"
"2011-11-28 19:25","BookkeeperInternalCallbacks.java","3825","10198","14023"
"2017-06-05 22:25","BookkeeperInternalCallbacks.java","40519","122876","163395"
"2012-07-05 07:10","BookkeeperInternalCallbacks.java","12827","43656","56483"
"2014-01-17 18:13","BookkeeperInternalCallbacks.java","18986","143169","162155"
"2017-08-02 00:49","BookkeeperInternalCallbacks.java","41168","147517","188685"
"2017-06-21 21:00","BookkeeperInternalCallbacks.java","40535","124246","164781"
"2017-06-05 22:13","BookkeeperInternalCallbacks.java","40516","122579","163095"
"2014-02-05 22:43","BookkeeperInternalCallbacks.java","19159","145041","164200"
"2017-05-15 19:52","BookkeeperInternalCallbacks.java","40437","118152","158589"
"2017-03-28 22:35","BookkeeperInternalCallbacks.java","40277","114238","154515"
"2017-05-16 00:31","LedgerCacheImpl.java","2889","24754","27643"
"2017-06-01 23:58","LedgerCacheImpl.java","3881","28521","32402"
"2017-07-04 06:27","LedgerCacheImpl.java","4948","36823","41771"
"2017-01-31 04:01","LedgerCacheImpl.java","779","13880","14659"
"2013-10-14 16:43","BookieLedgerIndexTest.java","6004","51872","57876"
"2012-12-20 06:48","BookieFailureTest.java","16896","82876","99772"
"2012-08-13 11:38","BookieFailureTest.java","12600","40712","53312"
"2014-07-24 01:41","BookieFailureTest.java","19972","139606","159578"
"2012-06-19 12:39","BookieFailureTest.java","10425","23659","34084"
"2016-02-09 08:39","BookKeeperTest.java","237","2133","2370"
"2016-04-08 19:43","BookKeeperTest.java","105294","7367","112661"
"2017-01-31 04:01","BookKeeperTest.java","111008","35591","146599"
"2017-05-15 19:52","BookKeeperTest.java","112496","45425","157921"
"2017-05-02 22:07","BookKeeperTest.java","111510","42085","153595"
"2016-07-14 23:02","FileSystemUpgrade.java","46004","78225","124229"
"2017-03-22 22:54","FileSystemUpgrade.java","46132","99632","145764"
"2013-02-08 19:08","FileSystemUpgrade.java","17954","113657","131611"
"2012-12-08 11:18","FileSystemUpgrade.java","16620","74089","90709"
"2012-09-07 07:26","FileSystemUpgrade.java","13104","50646","63750"
"2014-09-18 06:57","FileSystemUpgrade.java","20581","144552","165133"
"2012-05-10 14:47","FileSystemUpgrade.java","8924","14357","23281"
"2017-05-15 19:52","LedgerHandle.java","80589","80196","160785"
"2017-05-02 22:07","LedgerHandle.java","80026","77279","157305"
"2017-03-23 15:55","LedgerHandle.java","79913","71540","151453"
"2016-09-10 21:01","LedgerHandle.java","79671","54011","133682"
"2016-07-11 23:01","LedgerHandle.java","78417","48653","127070"
"2013-04-26 18:38","LedgerHandle.java","2823","37734","40557"
"2013-10-14 18:32","LedgerHandle.java","4666","47264","51930"
"2014-02-05 22:43","LedgerHandle.java","5802","53576","59378"
"2014-02-21 19:01","LedgerHandle.java","5936","54873","60809"
"2017-05-17 08:57","LedgerHandle.java","80681","80765","161446"
"2017-05-25 14:23","LedgerHandle.java","80713","82602","163315"
"2017-06-21 19:50","LedgerHandle.java","81597","86417","168014"
"2017-06-21 21:00","LedgerHandle.java","81602","87205","168807"
"2017-06-01 23:58","LedgerHandle.java","81412","84212","165624"
"2014-01-21 05:19","LedgerHandle.java","4996","51967","56963"
"2014-09-18 06:47","LedgerHandle.java","6842","68835","75677"
"2014-12-09 19:57","LedgerHandle.java","6960","70046","77006"
"2017-07-04 06:27","LedgerHandle.java","81852","91887","173739"
"2017-06-30 00:12","LedgerHandle.java","81750","89824","171574"
"2014-05-30 14:01","LedgerHandle.java","6167","59038","65205"
"2014-05-30 15:07","LedgerHandle.java","6187","59097","65284"
"2014-01-17 18:13","LedgerHandle.java","4923","50998","55921"
"2013-01-07 12:25","LedgerHandle.java","553","2356","2909"
"2016-02-09 08:32","LedgerHandle.java","8042","76559","84601"
"2016-03-16 05:03","LedgerHandle.java","78226","44004","122230"
"2015-10-22 09:22","LedgerHandle.java","7928","75410","83338"
"2015-10-06 10:05","LedgerHandle.java","7902","74328","82230"
"2017-01-31 04:01","LedgerHandle.java","79832","71093","150925"
"2015-04-21 09:39","LedgerHandle.java","7259","72514","79773"
"2015-10-06 11:12","LedgerHandle.java","7905","74571","82476"
"2014-12-05 14:10","LedgerHandle.java","6919","69556","76475"
"2017-07-28 20:12","BKException.java","115620","88717","204337"
"2016-07-11 22:53","BKException.java","109800","37597","147397"
"2017-05-02 23:04","BKException.java","113207","69792","182999"
"2014-02-21 19:01","BKException.java","3271","10676","13947"
"2017-08-02 00:49","BKException.java","118126","104835","222961"
"2015-09-15 10:38","BKException.java","5967","30537","36504"
"2017-01-31 04:01","BKException.java","112613","62342","174955"
"2015-10-06 10:48","BKException.java","5975","31095","37070"
"2015-10-22 09:22","BKException.java","6002","31952","37954"
"2017-05-25 14:23","LedgerFragmentReplicator.java","112098","65050","177148"
"2016-09-10 21:01","LedgerFragmentReplicator.java","109160","34563","143723"
"2017-01-31 04:01","BookKeeperTest.java","6636","29146","35782"
"2017-05-15 19:52","BookKeeperTest.java","8157","39013","47170"
"2017-05-02 22:07","BookKeeperTest.java","7060","35562","42622"
"2012-03-31 10:58","CloseTest.java","11840","31479","43319"
"2017-07-07 05:11","Auditor.java","114996","85235","200231"
"2014-02-05 22:43","Auditor.java","3185","9483","12668"
"2017-05-26 16:52","Auditor.java","113771","74238","188009"
"2016-09-10 21:01","Auditor.java","111170","44034","155204"
"2016-11-09 03:02","Auditor.java","112623","49155","161778"
"2016-03-08 07:18","Auditor.java","6344","34932","41276"
"2014-04-24 10:43","Auditor.java","3560","12993","16553"
"2014-06-02 11:54","Auditor.java","3800","15371","19171"
"2014-05-06 12:30","Auditor.java","3615","13473","17088"
"2014-05-23 18:48","Auditor.java","3636","14418","18054"
"2017-05-15 19:52","BookKeeperTest.java","2252","10598","12850"
"2017-05-02 22:07","BookKeeperTest.java","734","6726","7460"
"2016-03-08 06:49","ReadOnlyBookieTest.java","1660","7899","9559"
"2016-04-14 00:51","ReadOnlyBookieTest.java","106323","11936","118259"
"2016-04-07 21:39","ReadOnlyBookieTest.java","106310","11882","118192"
"2014-12-10 19:43","UpgradeTest.java","15304","133728","149032"
"2012-09-07 07:26","UpgradeTest.java","5696","36551","42247"
"2017-05-15 19:52","UpgradeTest.java","48676","103547","152223"
"2012-11-23 11:49","UpgradeTest.java","9363","57435","66798"
"2013-10-11 08:36","UpgradeTest.java","13672","110900","124572"
"2013-10-12 05:42","UpgradeTest.java","13776","111545","125321"
"2016-02-09 08:12","FlatLedgerManager.java","20194","160273","180467"
"2012-03-31 09:13","FlatLedgerManager.java","9292","22117","31409"
"2013-04-04 11:21","FlatLedgerManager.java","18700","125150","143850"
"2012-12-24 05:50","FlatLedgerManager.java","17146","88859","106005"
"2019-02-20 11:43","IndexInMemPageMgr.java","141104","404494","545598"
"2017-06-01 23:58","IndexInMemPageMgr.java","115213","58029","173242"
"2016-04-05 08:50","IndexInMemPageMgr.java","107306","15863","123169"
"2012-12-24 05:50","LedgerCacheImpl.java","796","904","1700"
"2016-11-18 00:18","LedgerCacheImpl.java","80536","58826","139362"
"2017-05-16 00:31","LedgerCacheImpl.java","81360","81515","162875"
"2013-10-11 08:36","LedgerCacheImpl.java","5517","47611","53128"
"2017-06-01 23:58","LedgerCacheImpl.java","82096","85026","167122"
"2014-08-02 20:02","LedgerCacheImpl.java","7815","67929","75744"
"2017-07-04 06:27","LedgerCacheImpl.java","82514","92679","175193"
"2017-01-31 04:01","LedgerCacheImpl.java","80590","71981","152571"
"2012-03-15 10:37","BookieZKExpireTest.java","8763","22626","31389"
"2013-03-25 06:27","BookieZKExpireTest.java","17871","126555","144426"
"2012-12-15 03:08","BookieZKExpireTest.java","16367","89984","106351"
"2014-12-10 19:43","BookieZKExpireTest.java","19127","156766","175893"
"2016-01-26 22:11","BookieZKExpireTest.java","19226","162090","181316"
"2014-01-21 05:19","PerChannelBookieClient.java","420","1852","2272"
"2017-06-30 00:12","PerChannelBookieClient.java","114000","76535","190535"
"2014-05-27 13:56","PerChannelBookieClient.java","2216","9166","11382"
"2017-07-04 06:27","PerChannelBookieClient.java","114137","78633","192770"
"2017-01-31 04:01","PerChannelBookieClient.java","111595","57317","168912"
"2015-10-06 10:05","PerChannelBookieClient.java","4770","25657","30427"
"2016-04-05 18:47","PerChannelBookieClient.java","108461","31645","140106"
"2017-04-15 13:58","PerChannelBookieClient.java","111837","63251","175088"
"2017-05-15 19:52","PerChannelBookieClient.java","112603","66671","179274"
"2016-04-05 08:45","PerChannelBookieClient.java","108453","31395","139848"
"2017-07-28 20:12","PerChannelBookieClient.java","115043","84133","199176"
"2017-01-31 02:14","PerChannelBookieClient.java","111586","51839","163425"
"2017-03-28 22:35","PerChannelBookieClient.java","111691","62005","173696"
"2017-03-23 00:48","PerChannelBookieClient.java","111695","57757","169452"
"2014-07-25 00:34","PerChannelBookieClient.java","2992","16807","19799"
"2017-08-02 00:49","PerChannelBookieClient.java","117600","100302","217902"
"2017-06-21 19:58","PerChannelBookieClient.java","113800","73191","186991"
"2017-06-01 23:58","PerChannelBookieClient.java","113538","70799","184337"
"2014-02-21 19:01","PerChannelBookieClient.java","1770","5168","6938"
"2014-02-05 22:43","PerChannelBookieClient.java","1587","3822","5409"
"2017-04-20 19:55","PerChannelBookieClient.java","111841","63276","175117"
"2017-06-01 23:58","ReadEntryProcessorV3.java","1160","3935","5095"
"2017-06-05 22:25","ReadEntryProcessorV3.java","1604","5828","7432"
"2017-01-31 04:01","BookkeeperInternalCallbacks.java","42173","105169","147342"
"2017-06-05 22:25","BookkeeperInternalCallbacks.java","42683","118667","161350"
"2012-07-05 07:10","BookkeeperInternalCallbacks.java","11198","35654","46852"
"2014-01-17 18:13","BookkeeperInternalCallbacks.java","19187","136997","156184"
"2017-08-02 00:49","BookkeeperInternalCallbacks.java","43374","143350","186724"
"2017-06-21 21:00","BookkeeperInternalCallbacks.java","42709","120047","162756"
"2017-06-05 22:13","BookkeeperInternalCallbacks.java","42668","118358","161026"
"2014-02-05 22:43","BookkeeperInternalCallbacks.java","19520","139029","158549"
"2017-05-15 19:52","BookkeeperInternalCallbacks.java","42545","113887","156432"
"2017-03-28 22:35","BookkeeperInternalCallbacks.java","42175","109763","151938"
"2012-09-14 15:42","LedgerLayout.java","13866","61818","75684"
"2012-06-19 12:39","LedgerLayout.java","10996","29863","40859"
"2012-09-07 07:04","LedgerLayout.java","13543","60834","74377"
"2017-06-01 23:58","LedgerLayout.java","42667","117202","159869"
"2016-07-14 23:02","LedgerLayout.java","42049","84054","126103"
"2017-08-02 00:49","ServerConfiguration.java","5371","23577","28948"
"2017-10-03 12:31","ServerConfiguration.java","30576","38939","69515"
"2017-08-16 03:37","ServerConfiguration.java","7866","32705","40571"
"2017-07-07 08:19","ServerConfiguration.java","141","2104","2245"
"2017-11-08 12:27","ServerConfiguration.java","34947","61184","96131"
"2013-10-02 06:40","MSLedgerManagerFactory.java","1079","8030","9109"
"2017-06-01 23:58","MSLedgerManagerFactory.java","112840","80925","193765"
"2015-09-15 10:38","MSLedgerManagerFactory.java","6053","37440","43493"
"2017-03-28 22:40","MSLedgerManagerFactory.java","111253","72834","184087"
"2014-01-17 18:13","MSLedgerManagerFactory.java","2537","13897","16434"
"2014-05-12 08:10","MSLedgerManagerFactory.java","4114","21645","25759"
"2017-06-01 23:58","LedgerLayout.java","68362","94945","163307"
"2016-07-14 23:02","LedgerLayout.java","65870","59923","125793"
"2017-05-16 00:31","BookieProtocol.java","111707","77894","189601"
"2017-06-01 21:20","BookieProtocol.java","112394","80908","193302"
"2016-04-05 08:45","BookieProtocol.java","109148","43791","152939"
"2017-05-15 19:52","BookieProtocol.java","111613","77382","188995"
"2017-06-05 22:25","BookieProtocol.java","112625","83036","195661"
"2016-03-16 04:51","AutoRecoveryMain.java","109530","33523","143053"
"2014-03-10 03:14","AutoRecoveryMain.java","3379","11458","14837"
"2014-04-24 10:43","AutoRecoveryMain.java","3452","12779","16231"
"2014-09-06 07:58","AutoRecoveryMain.java","4775","25183","29958"
"2013-12-06 07:39","AutoRecoveryMain.java","1547","5492","7039"
"2017-06-21 19:58","BookieClientTest.java","115554","61130","176684"
"2017-03-28 22:35","BookieClientTest.java","112996","49495","162491"
"2016-12-17 02:39","BookieClientTest.java","112831","37613","150444"
"2017-05-15 19:52","BookieClientTest.java","114182","54435","168617"
"2014-12-10 19:43","BookieClientTest.java","1394","5200","6594"
"2015-10-06 10:05","BookieClientTest.java","2400","9472","11872"
"2017-05-15 19:52","WriteEntryProcessor.java","112499","45680","158179"
"2017-05-15 19:52","LedgerHandle.java","4272","29539","33811"
"2017-05-02 22:07","LedgerHandle.java","2958","25871","28829"
"2017-03-23 15:55","LedgerHandle.java","2564","19851","22415"
"2017-05-17 08:57","LedgerHandle.java","4475","30219","34694"
"2017-05-25 14:23","LedgerHandle.java","4527","32076","36603"
"2017-06-21 19:50","LedgerHandle.java","5920","36400","42320"
"2017-06-21 21:00","LedgerHandle.java","5935","37198","43133"
"2017-06-01 23:58","LedgerHandle.java","5430","33890","39320"
"2017-07-04 06:27","LedgerHandle.java","6475","42170","48645"
"2017-06-30 00:12","LedgerHandle.java","6270","40004","46274"
"2017-01-31 04:01","LedgerHandle.java","2405","19326","21731"
"2017-03-28 22:40","ZkLedgerIdGenerator.java","111394","41588","152982"
"2016-02-09 08:12","ZkLedgerIdGenerator.java","290","2532","2822"
"2017-06-01 23:58","ZkLedgerIdGenerator.java","113588","50286","163874"
"2017-05-02 23:04","ZkLedgerIdGenerator.java","111956","43971","155927"
"2017-08-02 00:49","BookieNettyServer.java","118145","104804","222949"
"2017-06-01 09:47","BookieNettyServer.java","113715","74705","188420"
"2013-10-11 16:18","BookieNettyServer.java","913","1309","2222"
"2017-05-15 19:52","BookieNettyServer.java","113553","71578","185131"
"2016-09-10 20:27","BookieNettyServer.java","111078","43715","154793"
"2017-01-31 02:14","BookieNettyServer.java","112598","56808","169406"
"2016-04-05 08:45","BookieNettyServer.java","109546","36445","145991"
"2017-03-23 00:48","BookieNettyServer.java","112693","62712","175405"
"2016-04-05 18:47","BookieNettyServer.java","109548","36689","146237"
"2014-01-21 05:05","BookieNettyServer.java","1880","6923","8803"
"2017-05-15 19:52","AuthHandler.java","8150","39276","47426"
"2017-04-15 13:58","AuthHandler.java","7037","35509","42546"
"2016-04-10 05:58","AuthHandler.java","43","321","364"
"2017-01-31 02:14","AuthHandler.java","6577","23888","30465"
"2016-04-27 21:11","AuthHandler.java","247","1051","1298"
"2017-08-02 00:49","AuthHandler.java","14572","74332","88904"
"2017-06-01 23:58","AuthHandler.java","9287","43606","52893"
"2017-06-28 23:24","LedgerDirsManager.java","451","3495","3946"
"2017-07-07 08:19","LedgerDirsManager.java","1234","10074","11308"
"2015-07-10 22:48","ZooKeeperUtil.java","15948","139059","155007"
"2014-08-18 23:00","ZooKeeperUtil.java","15614","134385","149999"
"2012-06-05 08:00","ZooKeeperUtil.java","1014","3476","4490"
"2014-12-10 19:43","ZooKeeperUtil.java","15850","136321","152171"
"2013-03-25 06:27","ZooKeeperUtil.java","13144","104660","117804"
"2016-04-05 21:52","ZooKeeperUtil.java","47413","73450","120863"
"2012-11-21 12:24","ZooKeeperUtil.java","9931","59827","69758"
"2017-06-05 20:30","LedgerDirsManager.java","3920","21956","25876"
"2017-03-28 22:35","LedgerDirsManager.java","839","11570","12409"
"2017-06-28 23:24","LedgerDirsManager.java","4312","25392","29704"
"2017-07-07 08:19","LedgerDirsManager.java","4946","31822","36768"
"2013-08-21 13:19","BookKeeperAdmin.java","13723","113668","127391"
"2017-10-17 09:32","BookKeeperAdmin.java","51249","135970","187219"
"2017-06-01 23:58","BookKeeperAdmin.java","48601","109870","158471"
"2017-04-11 20:19","BookKeeperAdmin.java","47541","102325","149866"
"2014-02-21 19:01","BookKeeperAdmin.java","15181","122587","137768"
"2014-02-05 22:43","BookKeeperAdmin.java","15124","121367","136491"
"2017-07-07 05:11","BookKeeperAdmin.java","48731","118915","167646"
"2013-02-26 04:12","BookKeeperAdmin.java","13216","105465","118681"
"2016-11-09 03:05","BookKeeperAdmin.java","47434","83928","131362"
"2016-11-30 00:07","BookKeeperAdmin.java","47436","84594","132030"
"2016-09-10 21:01","BookKeeperAdmin.java","47360","80169","127529"
"2016-07-14 23:02","BookKeeperAdmin.java","47355","76094","123449"
"2016-10-13 09:27","BookKeeperAdmin.java","47434","83594","131028"
"2012-11-30 04:54","BookKeeperAdmin.java","10453","63858","74311"
"2012-07-18 17:00","BookKeeperAdmin.java","5526","20042","25568"
"2013-02-08 19:08","BookKeeperAdmin.java","12399","104620","117019"
"2016-03-16 05:03","BookKeeperAdmin.java","47268","71515","118783"
"2016-03-08 07:18","BookKeeperAdmin.java","16350","144883","161233"
"2014-12-06 08:03","BookKeeperAdmin.java","15735","137199","152934"
"2012-09-03 18:54","BookKeeperAdmin.java","6888","39447","46335"
"2014-04-24 10:43","BookKeeperAdmin.java","15192","124570","139762"
"2012-10-05 16:24","BookKeeperAdmin.java","9262","48890","58152"
"2012-09-07 07:04","BookKeeperAdmin.java","6965","40990","47955"
"2014-09-06 07:51","BookKeeperAdmin.java","15660","135987","151647"
"2012-08-19 11:39","BookKeeperAdmin.java","6668","33368","40036"
"2012-05-10 14:47","BookKeeperAdmin.java","1071","3022","4093"
"2013-05-10 12:45","BookKeeperAdmin.java","13500","107570","121070"
"2012-08-24 22:44","BookKeeperAdmin.java","6670","34262","40932"
"2017-06-21 19:58","PendingReadOp.java","48652","112051","160703"
"2017-06-05 21:48","PendingReadOp.java","48602","110613","159215"
"2017-06-05 22:13","PendingReadOp.java","48598","111022","159620"
"2017-06-01 11:42","PendingReadOp.java","48073","109375","157448"
"2017-06-01 22:39","PendingReadOp.java","48621","109505","158126"
"2013-09-11 00:34","PendingReadOp.java","13757","113797","127554"
"2014-02-05 22:43","PendingReadOp.java","15124","121367","136491"
"2013-03-25 18:02","PendingReadOp.java","13437","106454","119891"
"2017-05-15 19:52","PendingReadOp.java","47939","106015","153954"
"2012-11-07 17:27","PendingReadOp.java","10263","58984","69247"
"2015-04-21 09:17","PendingReadOp.java","15905","139609","155514"
"2012-12-03 10:46","PendingReadOp.java","10458","64547","75005"
"2016-02-09 08:39","PendingReadOp.java","16245","143288","159533"
"2016-02-09 08:32","PendingReadOp.java","16245","143231","159476"
"2012-12-13 13:07","PendingReadOp.java","10854","66765","77619"
"2017-07-04 06:27","PendingReadOp.java","48734","117238","165972"
"2014-01-21 05:19","PendingReadOp.java","14755","120195","134950"
"2016-11-30 00:19","NoSystemPropertiesConfigurationTest.java","5579","19339","24918"
"2017-05-15 19:52","AuthHandler.java","8164","39012","47176"
"2017-04-15 13:58","AuthHandler.java","7043","35237","42280"
"2017-01-31 02:14","AuthHandler.java","6581","23614","30195"
"2016-04-27 21:11","AuthHandler.java","205","731","936"
"2017-08-02 00:49","AuthHandler.java","14670","74152","88822"
"2017-06-01 23:58","AuthHandler.java","9310","43351","52661"
"2017-05-16 13:20","BookieProtoEncoding.java","114333","55011","169344"
"2017-05-16 00:31","BookieProtoEncoding.java","114331","55002","169333"
"2017-06-01 21:20","BookieProtoEncoding.java","115044","58042","173086"
"2017-05-17 08:57","BookieProtoEncoding.java","114351","55081","169432"
"2016-04-05 08:45","BookieProtoEncoding.java","107313","16440","123753"
"2017-05-15 19:52","BookieProtoEncoding.java","114182","54435","168617"
"2017-06-05 22:25","BookieProtoEncoding.java","115485","60380","175865"
"2014-01-22 14:35","LedgerDeleteTest.java","2732","14672","17404"
"2016-03-08 06:49","LedgerDeleteTest.java","6121","39820","45941"
"2014-07-24 01:41","LedgerDeleteTest.java","4302","22134","26436"
"2012-10-05 16:24","LedgerFragment.java","3887","20494","24381"
"2012-09-04 10:39","LedgerFragment.java","1064","10705","11769"
"2012-09-12 20:34","LedgerFragment.java","1356","13079","14435"
"2012-11-30 04:54","LedgerFragment.java","5312","35696","41008"
"2014-02-05 22:43","LedgerFragment.java","11012","94234","105246"
"2017-05-15 19:52","BenchBookie.java","112499","45680","158179"
"2016-07-14 23:02","BenchBookie.java","105839","9683","115522"
"2017-06-01 23:58","EntryLogger.java","112764","80293","193057"
"2014-01-21 17:26","EntryLogger.java","2775","14768","17543"
"2013-10-02 06:23","EntryLogger.java","805","7116","7921"
"2014-01-22 14:35","EntryLogger.java","2909","15278","18187"
"2017-11-08 12:27","EntryLogger.java","124608","125609","250217"
"2013-10-22 07:44","EntryLogger.java","2071","9678","11749"
"2017-01-31 02:11","EntryLogger.java","111005","60914","171919"
"2017-03-23 00:48","EntryLogger.java","111097","67427","178524"
"2016-07-14 23:02","EntryLogger.java","109632","44631","154263"
"2016-02-24 00:44","EntryLogger.java","6221","39997","46218"
"2015-04-21 10:02","EntryLogger.java","5312","35480","40792"
"2015-04-21 09:44","EntryLogger.java","5300","35284","40584"
"2016-04-14 00:51","ReadOnlyBookieTest.java","104791","4165","108956"
"2016-04-07 21:39","ReadOnlyBookieTest.java","104778","4111","108889"
"2013-02-08 19:08","ZooKeeperWatcherBase.java","4703","52900","57603"
"2014-08-18 23:00","ZooKeeperWatcherBase.java","9276","85181","94457"
"2015-07-10 22:48","ZooKeeperWatcherBase.java","9923","90168","100091"
"2017-06-01 23:58","ZooKeeperWatcherBase.java","75296","92541","167837"
"2017-06-05 20:30","LedgerDirsManager.java","3470","10775","14245"
"2017-06-28 23:24","LedgerDirsManager.java","3878","14227","18105"
"2017-07-07 08:19","LedgerDirsManager.java","4580","20725","25305"
"2017-05-16 13:20","BookieProtoEncoding.java","111707","77901","189608"
"2017-05-16 00:31","BookieProtoEncoding.java","111707","77894","189601"
"2017-06-01 21:20","BookieProtoEncoding.java","112394","80908","193302"
"2017-05-17 08:57","BookieProtoEncoding.java","111724","77970","189694"
"2014-07-25 00:34","BookieProtoEncoding.java","5139","30655","35794"
"2016-04-05 08:45","BookieProtoEncoding.java","109148","43791","152939"
"2017-05-15 19:52","BookieProtoEncoding.java","111613","77382","188995"
"2017-06-05 22:25","BookieProtoEncoding.java","112625","83036","195661"
"2016-04-27 09:55","GcLedgersTest.java","105436","8619","114055"
"2017-03-28 22:37","GcLedgersTest.java","111298","41264","152562"
"2016-03-08 06:49","GcLedgersTest.java","594","3891","4485"
"2017-07-04 06:27","GcLedgersTest.java","114541","58474","173015"
"2017-05-16 00:31","GcLedgersTest.java","112686","46609","159295"
"2017-10-17 09:32","BookKeeperAdmin.java","32507","47044","79551"
"2013-01-14 16:59","BookieServer.java","263","1327","1590"
"2013-02-12 11:16","BookieServer.java","1497","33147","34644"
"2013-04-02 17:38","BookieServer.java","1866","34519","36385"
"2017-08-16 03:37","BookieServer.java","86529","119428","205957"
"2017-08-02 00:49","BookieServer.java","85308","111574","196882"
"2013-07-03 17:39","BookieServer.java","2633","40775","43408"
"2013-07-24 16:55","BookieServer.java","2711","41721","44432"
"2014-02-05 22:43","BookieServer.java","5196","50995","56191"
"2017-06-28 23:24","BookieServer.java","81983","86210","168193"
"2013-06-15 19:05","BookieServer.java","2586","40411","42997"
"2017-06-01 23:58","BookieServer.java","81780","82605","164385"
"2017-10-17 09:32","BookieServer.java","92357","116634","208991"
"2014-08-02 20:02","BookieServer.java","6190","64199","70389"
"2013-12-06 07:39","BookieServer.java","4148","47700","51848"
"2014-01-21 05:05","BookieServer.java","4250","48900","53150"
"2013-08-21 13:19","BookKeeperAdmin.java","18161","134116","152277"
"2017-10-17 09:32","BookKeeperAdmin.java","42961","143692","186653"
"2017-06-01 23:58","BookKeeperAdmin.java","41147","118426","159573"
"2017-04-11 20:19","BookKeeperAdmin.java","40849","111643","152492"
"2014-02-21 19:01","BookKeeperAdmin.java","18731","142147","160878"
"2014-02-05 22:43","BookKeeperAdmin.java","18694","140947","159641"
"2012-03-31 10:58","BookKeeperAdmin.java","9542","25552","35094"
"2017-07-07 05:11","BookKeeperAdmin.java","41219","127413","168632"
"2013-02-26 04:12","BookKeeperAdmin.java","17728","125987","143715"
"2016-11-09 03:05","BookKeeperAdmin.java","40810","93314","134124"
"2016-11-30 00:07","BookKeeperAdmin.java","40822","93990","134812"
"2016-09-10 21:01","BookKeeperAdmin.java","40722","89541","130263"
"2016-07-14 23:02","BookKeeperAdmin.java","40717","85466","126183"
"2016-10-13 09:27","BookKeeperAdmin.java","40810","92980","133790"
"2012-11-30 04:54","BookKeeperAdmin.java","16039","85454","101493"
"2012-07-18 17:00","BookKeeperAdmin.java","12283","42809","55092"
"2013-02-08 19:08","BookKeeperAdmin.java","16980","125211","142191"
"2011-11-28 19:25","BookKeeperAdmin.java","482","3226","3708"
"2016-03-16 05:03","BookKeeperAdmin.java","40669","80926","121595"
"2016-03-08 07:18","BookKeeperAdmin.java","19230","163773","183003"
"2014-12-06 08:03","BookKeeperAdmin.java","19113","156587","175700"
"2012-09-03 18:54","BookKeeperAdmin.java","13082","61651","74733"
"2014-04-24 10:43","BookKeeperAdmin.java","18737","144125","162862"
"2012-10-05 16:24","BookKeeperAdmin.java","15235","70873","86108"
"2012-09-07 07:04","BookKeeperAdmin.java","13106","63141","76247"
"2014-09-06 07:51","BookKeeperAdmin.java","19096","155433","174529"
"2012-08-19 11:39","BookKeeperAdmin.java","12906","55616","68522"
"2012-05-10 14:47","BookKeeperAdmin.java","10188","28149","38337"
"2013-05-10 12:45","BookKeeperAdmin.java","17960","128040","146000"
"2012-08-24 22:44","BookKeeperAdmin.java","12908","56510","69418"
"2013-08-21 13:19","BookKeeperAdmin.java","17917","136538","154455"
"2017-10-17 09:32","BookKeeperAdmin.java","41743","145140","186883"
"2017-06-01 23:58","BookKeeperAdmin.java","40130","120075","160205"
"2017-04-11 20:19","BookKeeperAdmin.java","39856","113316","153172"
"2014-02-21 19:01","BookKeeperAdmin.java","18356","144438","162794"
"2014-02-05 22:43","BookKeeperAdmin.java","18324","143243","161567"
"2012-03-31 10:58","BookKeeperAdmin.java","9923","28599","38522"
"2017-07-07 05:11","BookKeeperAdmin.java","40179","129039","169218"
"2011-11-18 11:18","BookKeeperAdmin.java","1065","3731","4796"
"2013-02-26 04:12","BookKeeperAdmin.java","17504","128429","145933"
"2016-11-09 03:05","BookKeeperAdmin.java","39849","95019","134868"
"2016-11-30 00:07","BookKeeperAdmin.java","39856","95690","135546"
"2016-09-10 21:01","BookKeeperAdmin.java","39768","91253","131021"
"2016-07-14 23:02","BookKeeperAdmin.java","39765","87180","126945"
"2016-10-13 09:27","BookKeeperAdmin.java","39849","94685","134534"
"2012-11-30 04:54","BookKeeperAdmin.java","15878","87959","103837"
"2012-07-18 17:00","BookKeeperAdmin.java","12526","45718","58244"
"2013-02-08 19:08","BookKeeperAdmin.java","16790","127687","144477"
"2011-11-28 19:25","BookKeeperAdmin.java","1465","6875","8340"
"2016-03-16 05:03","BookKeeperAdmin.java","39727","82650","122377"
"2016-03-08 07:18","BookKeeperAdmin.java","18755","165964","184719"
"2011-11-16 17:05","BookKeeperAdmin.java","128","863","991"
"2014-12-06 08:03","BookKeeperAdmin.java","18691","158831","177522"
"2012-09-03 18:54","BookKeeperAdmin.java","13245","64480","77725"
"2014-04-24 10:43","BookKeeperAdmin.java","18360","146414","164774"
"2012-10-05 16:24","BookKeeperAdmin.java","15089","73393","88482"
"2012-09-07 07:04","BookKeeperAdmin.java","13266","65967","79233"
"2014-09-06 07:51","BookKeeperAdmin.java","18674","157677","176351"
"2012-08-19 11:39","BookKeeperAdmin.java","13083","58459","71542"
"2012-05-10 14:47","BookKeeperAdmin.java","10517","31144","41661"
"2013-05-10 12:45","BookKeeperAdmin.java","17716","130462","148178"
"2012-08-24 22:44","BookKeeperAdmin.java","13085","59353","72438"
"2013-07-20 19:59","BufferedChannel.java","18369","134743","153112"
"2013-10-22 16:21","BufferedChannel.java","18523","137800","156323"
"2013-10-12 05:42","BufferedChannel.java","18448","136958","155406"
"2014-01-22 14:35","BufferedChannel.java","18665","142310","160975"
"2017-06-21 19:58","PendingReadOp.java","113055","83437","196492"
"2017-06-05 21:48","PendingReadOp.java","112915","81909","194824"
"2017-06-05 22:13","PendingReadOp.java","112921","82328","195249"
"2017-06-01 11:42","PendingReadOp.java","112185","80470","192655"
"2017-06-01 22:39","PendingReadOp.java","112817","80684","193501"
"2013-09-11 00:34","PendingReadOp.java","1110","8133","9243"
"2014-02-05 22:43","PendingReadOp.java","3809","17035","20844"
"2017-05-15 19:52","PendingReadOp.java","111989","77048","189037"
"2015-04-21 09:17","PendingReadOp.java","5466","36153","41619"
"2016-02-09 08:39","PendingReadOp.java","6269","40295","46564"
"2016-02-09 08:32","PendingReadOp.java","6269","40238","46507"
"2017-07-04 06:27","PendingReadOp.java","113338","88825","202163"
"2014-01-21 05:19","PendingReadOp.java","2907","15330","18237"
"2013-02-08 19:08","BenchReadThroughputLatency.java","11847","102184","114031"
"2016-02-09 08:12","BenchReadThroughputLatency.java","15980","140909","156889"
"2016-07-14 23:02","BenchReadThroughputLatency.java","47652","74507","122159"
"2013-10-29 05:14","BenchReadThroughputLatency.java","14316","114309","128625"
"2013-10-14 16:43","BenchReadThroughputLatency.java","14162","113286","127448"
"2012-03-13 07:31","FileSystemUpgrade.java","1005","4607","5612"
"2016-07-14 23:02","FileSystemUpgrade.java","45263","81086","126349"
"2017-03-22 22:54","FileSystemUpgrade.java","45383","102485","147868"
"2013-02-08 19:08","FileSystemUpgrade.java","17723","117028","134751"
"2012-12-08 11:18","FileSystemUpgrade.java","16603","77674","94277"
"2012-09-07 07:26","FileSystemUpgrade.java","13250","54394","67644"
"2014-09-18 06:57","FileSystemUpgrade.java","20152","147725","167877"
"2012-05-10 14:47","FileSystemUpgrade.java","9245","18280","27525"
"2017-07-04 06:27","LedgerManagerTestCase.java","819","6277","7096"
"2017-05-15 19:52","LedgerHandle.java","7821","37192","45013"
"2017-05-02 22:07","LedgerHandle.java","6717","33734","40451"
"2017-03-23 15:55","LedgerHandle.java","6345","27736","34081"
"2016-09-10 21:01","LedgerHandle.java","3894","7998","11892"
"2017-05-17 08:57","LedgerHandle.java","8024","37872","45896"
"2017-05-25 14:23","LedgerHandle.java","8075","39728","47803"
"2017-06-21 19:50","LedgerHandle.java","9459","44043","53502"
"2017-06-21 21:00","LedgerHandle.java","9474","44841","54315"
"2017-06-01 23:58","LedgerHandle.java","8970","41534","50504"
"2017-07-04 06:27","LedgerHandle.java","10009","49808","59817"
"2017-06-30 00:12","LedgerHandle.java","9809","47647","57456"
"2017-01-31 04:01","LedgerHandle.java","6189","27214","33403"
"2015-10-06 10:05","WriteEntryProcessor.java","1056","2247","3303"
"2017-05-15 19:52","WriteEntryProcessor.java","113312","47684","160996"
"2012-08-17 12:41","RoundRobinDistributionSchedule.java","14337","56997","71334"
"2012-09-12 11:59","RoundRobinDistributionSchedule.java","14547","68736","83283"
"2014-12-05 17:51","RoundRobinDistributionSchedule.java","19410","160224","179634"
"2017-06-30 00:12","RoundRobinDistributionSchedule.java","40530","126712","167242"
"2012-02-13 15:46","RoundRobinDistributionSchedule.java","4625","16631","21256"
"2017-07-04 06:27","PerChannelBookieClient.java","343","2304","2647"
"2017-07-28 20:12","PerChannelBookieClient.java","2080","8635","10715"
"2017-08-02 00:49","PerChannelBookieClient.java","5648","25815","31463"
"2017-05-15 19:52","ClientConfiguration.java","1608","4262","5870"
"2017-06-21 19:58","ClientConfiguration.java","3445","11422","14867"
"2017-06-05 21:48","ClientConfiguration.java","3109","9698","12807"
"2017-06-21 19:50","ClientConfiguration.java","3437","11304","14741"
"2017-08-02 00:49","ClientConfiguration.java","9121","40409","49530"
"2017-08-01 08:34","ClientConfiguration.java","8273","36976","45249"
"2017-06-30 00:12","ClientConfiguration.java","3844","14965","18809"
"2017-07-04 06:27","ClientConfiguration.java","4136","17218","21354"
"2017-06-30 00:12","PerChannelBookieClient.java","113958","69543","183501"
"2017-07-04 06:27","PerChannelBookieClient.java","114110","71656","185766"
"2017-01-31 04:01","PerChannelBookieClient.java","111289","50061","161350"
"2015-10-06 10:05","PerChannelBookieClient.java","3432","17369","20801"
"2016-04-05 18:47","PerChannelBookieClient.java","107992","24226","132218"
"2017-04-15 13:58","PerChannelBookieClient.java","111600","56064","167664"
"2017-05-15 19:52","PerChannelBookieClient.java","112424","59542","171966"
"2016-04-05 08:45","PerChannelBookieClient.java","107981","23973","131954"
"2017-07-28 20:12","PerChannelBookieClient.java","115173","77313","192486"
"2017-01-31 02:14","PerChannelBookieClient.java","111283","44586","155869"
"2017-03-28 22:35","PerChannelBookieClient.java","111402","54766","166168"
"2017-03-23 00:48","PerChannelBookieClient.java","111395","50507","161902"
"2014-07-25 00:34","PerChannelBookieClient.java","1139","8004","9143"
"2017-08-02 00:49","PerChannelBookieClient.java","117771","93523","211294"
"2017-06-21 19:58","PerChannelBookieClient.java","113686","66127","179813"
"2017-06-01 23:58","PerChannelBookieClient.java","113406","63717","177123"
"2017-04-20 19:55","PerChannelBookieClient.java","111605","56090","167695"
"2017-06-30 00:12","BookieRecoveryTest.java","113672","68214","181886"
"2017-04-11 20:15","BookieRecoveryTest.java","111260","54041","165301"
"2017-05-15 19:52","BookieRecoveryTest.java","112131","58206","170337"
"2013-08-21 13:19","BookKeeperAdmin.java","1408","9104","10512"
"2017-10-17 09:32","BookKeeperAdmin.java","123236","115708","238944"
"2017-06-01 23:58","BookKeeperAdmin.java","112502","81522","194024"
"2017-04-11 20:19","BookKeeperAdmin.java","111026","73561","184587"
"2014-02-21 19:01","BookKeeperAdmin.java","4339","19496","23835"
"2014-02-05 22:43","BookKeeperAdmin.java","4178","18172","22350"
"2017-07-07 05:11","BookKeeperAdmin.java","112964","90899","203863"
"2016-11-09 03:05","BookKeeperAdmin.java","110796","55041","165837"
"2016-11-30 00:07","BookKeeperAdmin.java","110806","55715","166521"
"2016-09-10 21:01","BookKeeperAdmin.java","110679","51239","161918"
"2016-07-14 23:02","BookKeeperAdmin.java","109462","45952","155414"
"2016-10-13 09:27","BookKeeperAdmin.java","110793","54704","165497"
"2016-03-16 05:03","BookKeeperAdmin.java","109200","41198","150398"
"2016-03-08 07:18","BookKeeperAdmin.java","6685","42969","49654"
"2014-12-06 08:03","BookKeeperAdmin.java","5432","34647","40079"
"2014-04-24 10:43","BookKeeperAdmin.java","4468","21597","26065"
"2014-09-06 07:51","BookKeeperAdmin.java","5243","33321","38564"
"2013-05-10 12:45","BookKeeperAdmin.java","895","2716","3611"
"2013-01-07 12:25","ReadOnlyLedgerHandle.java","16595","94808","111403"
"2015-10-06 10:05","ReadOnlyLedgerHandle.java","18962","161798","180760"
"2017-01-31 04:01","ReadOnlyLedgerHandle.java","40097","107768","147865"
"2012-06-29 18:43","ReadOnlyLedgerHandle.java","11237","40314","51551"
"2012-05-25 17:13","ReadOnlyLedgerHandle.java","10849","31995","42844"
"2014-01-17 18:13","ReadOnlyLedgerHandle.java","18195","140680","158875"
"2017-06-30 00:12","ReadOnlyLedgerHandle.java","40399","124883","165282"
"2014-02-05 22:43","ReadOnlyLedgerHandle.java","18498","142682","161180"
"2017-03-23 15:55","ReadOnlyLedgerHandle.java","40090","108127","148217"
"2016-04-27 09:00","TestReplicationWorker.java","107591","28603","136194"
"2015-07-10 22:48","TestReplicationWorker.java","3273","21299","24572"
"2014-07-24 01:41","TestReplicationWorker.java","1183","6941","8124"
"2017-05-02 23:04","HierarchicalLedgerManager.java","80510","78649","159159"
"2017-05-12 16:39","HierarchicalLedgerManager.java","80524","79343","159867"
"2013-04-04 11:21","HierarchicalLedgerManager.java","3159","37896","41055"
"2014-01-17 18:13","HierarchicalLedgerManager.java","5306","51403","56709"
"2013-10-12 05:42","JournalChannel.java","1472","3608","5080"
"2014-04-29 22:07","JournalChannel.java","3825","14743","18568"
"2014-03-07 13:30","JournalChannel.java","3642","12248","15890"
"2015-04-21 10:19","TestLedgerChecker.java","3005","20685","23690"
"2014-07-24 01:41","TestLedgerChecker.java","1183","6941","8124"
"2017-03-28 22:40","ZkLedgerIdGenerator.java","111187","39139","150326"
"2017-06-01 23:58","ZkLedgerIdGenerator.java","113431","47887","161318"
"2017-05-02 23:04","ZkLedgerIdGenerator.java","111764","41537","153301"
"2016-04-05 18:47","BookieSocketAddress.java","143","3320","3463"
"2017-05-15 19:52","BookieSocketAddress.java","7509","41570","49079"
"2016-10-13 07:50","BookieSocketAddress.java","5780","17939","23719"
"2012-07-23 23:39","LocalBookKeeper.java","13991","48214","62205"
"2011-11-17 11:16","LocalBookKeeper.java","2969","5310","8279"
"2014-12-10 19:43","LocalBookKeeper.java","19422","160690","180112"
"2013-02-08 19:08","LocalBookKeeper.java","17898","129758","147656"
"2012-05-10 14:47","LocalBookKeeper.java","12253","33843","46096"
"2015-07-10 22:48","LocalBookKeeper.java","19450","163358","182808"
"2011-11-18 11:18","LocalBookKeeper.java","3592","7221","10813"
"2017-05-26 12:38","LocalBookKeeper.java","40482","120513","160995"
"2017-06-01 11:31","LocalBookKeeper.java","40512","121457","161969"
"2017-06-01 23:58","LocalBookKeeper.java","40516","121424","161940"
"2013-01-14 16:59","LocalBookKeeper.java","17784","98931","116715"
"2017-06-01 23:58","EntryLogger.java","41147","118426","159573"
"2014-01-21 17:26","EntryLogger.java","18415","140158","158573"
"2013-10-02 06:23","EntryLogger.java","18181","134242","152423"
"2014-01-22 14:35","EntryLogger.java","18490","140609","159099"
"2017-11-08 12:27","EntryLogger.java","43227","153978","197205"
"2013-10-22 07:44","EntryLogger.java","18279","135636","153915"
"2012-03-16 10:41","EntryLogger.java","8777","22749","31526"
"2012-06-13 16:57","EntryLogger.java","10563","31408","41971"
"2012-02-15 16:11","EntryLogger.java","1618","10007","11625"
"2013-05-04 14:22","EntryLogger.java","17936","127686","145622"
"2011-12-16 12:43","EntryLogger.java","1036","4245","5281"
"2012-03-08 12:13","EntryLogger.java","1901","12128","14029"
"2017-01-31 02:11","EntryLogger.java","40843","100502","141345"
"2017-03-23 00:48","EntryLogger.java","40851","106931","147782"
"2016-07-14 23:02","EntryLogger.java","40717","85466","126183"
"2012-12-24 06:23","EntryLogger.java","16428","91107","107535"
"2012-12-10 11:04","EntryLogger.java","16195","86291","102486"
"2016-02-24 00:44","EntryLogger.java","19221","162747","181968"
"2015-04-21 10:02","EntryLogger.java","19137","159055","178192"
"2012-10-18 16:40","EntryLogger.java","15802","74605","90407"
"2012-07-26 04:32","EntryLogger.java","12315","42920","55235"
"2013-01-04 11:32","EntryLogger.java","16668","92738","109406"
"2015-04-21 09:44","EntryLogger.java","19136","158870","178006"
"2012-05-09 10:39","EntryLogger.java","9937","27612","37549"
"2012-05-07 18:48","EntryLogger.java","9928","27179","37107"
"2012-05-10 14:47","EntryLogger.java","10188","28149","38337"
"2012-05-17 19:07","EntryLogger.java","10474","29490","39964"
"2017-03-28 22:35","ClientConfiguration.java","148","4388","4536"
"2017-04-15 13:58","ClientConfiguration.java","529","5869","6398"
"2017-05-15 19:52","ClientConfiguration.java","2071","10065","12136"
"2017-06-21 19:58","ClientConfiguration.java","3854","17171","21025"
"2017-06-05 21:48","ClientConfiguration.java","3522","15451","18973"
"2017-06-21 19:50","ClientConfiguration.java","3848","17055","20903"
"2017-08-02 00:49","ClientConfiguration.java","9174","45802","54976"
"2017-08-01 08:34","ClientConfiguration.java","8406","42449","50855"
"2017-06-30 00:12","ClientConfiguration.java","4249","20710","24959"
"2017-07-04 06:27","ClientConfiguration.java","4520","22942","27462"
"2017-06-21 19:58","ClientConfiguration.java","1939","7262","9201"
"2017-06-05 21:48","ClientConfiguration.java","1589","5524","7113"
"2017-06-21 19:50","ClientConfiguration.java","1929","7142","9071"
"2017-08-02 00:49","ClientConfiguration.java","7739","36373","44112"
"2017-08-01 08:34","ClientConfiguration.java","6815","32864","39679"
"2017-06-30 00:12","ClientConfiguration.java","2341","10808","13149"
"2017-07-04 06:27","ClientConfiguration.java","2652","13080","15732"
"2013-04-02 17:38","BookieServer.java","424","1427","1851"
"2017-08-16 03:37","BookieServer.java","117257","118506","235763"
"2017-08-02 00:49","BookieServer.java","116036","110652","226688"
"2013-07-03 17:39","BookieServer.java","1230","7722","8952"
"2013-07-24 16:55","BookieServer.java","1312","8672","9984"
"2014-02-05 22:43","BookieServer.java","4173","18322","22495"
"2017-06-28 23:24","BookieServer.java","112702","85279","197981"
"2013-06-15 19:05","BookieServer.java","1180","7355","8535"
"2017-06-01 23:58","BookieServer.java","112495","81670","194165"
"2017-10-17 09:32","BookieServer.java","123185","115812","238997"
"2014-08-02 20:02","BookieServer.java","5223","31582","36805"
"2013-12-06 07:39","BookieServer.java","2896","14798","17694"
"2014-01-21 05:05","BookieServer.java","3224","16224","19448"
"2017-03-28 22:37","GcLedgersTest.java","6680","33463","40143"
"2017-07-04 06:27","GcLedgersTest.java","10260","51010","61270"
"2017-05-16 00:31","GcLedgersTest.java","8252","38992","47244"
"2014-12-10 19:43","ConcurrentLedgerTest.java","1949","11577","13526"
"2017-05-16 00:31","ConcurrentLedgerTest.java","112271","58764","171035"
"2014-08-02 20:02","Journal.java","1579","12588","14167"
"2014-04-29 22:07","Journal.java","251","2563","2814"
"2015-04-21 09:23","Journal.java","2872","19136","22008"
"2016-02-09 08:30","Journal.java","3862","23393","27255"
"2015-02-23 08:11","Journal.java","2794","18822","21616"
"2017-05-26 16:52","Journal.java","112067","65035","177102"
"2017-03-22 22:54","Journal.java","110876","53450","164326"
"2016-11-12 03:37","Journal.java","110716","39797","150513"
"2016-07-14 23:02","Journal.java","107887","29182","137069"
"2017-06-01 23:58","Journal.java","112846","66671","179517"
"2017-05-09 22:24","Journal.java","111477","60647","172124"
"2017-05-16 00:31","Journal.java","112010","63060","175070"
"2014-08-02 20:02","Journal.java","1358","10055","11413"
"2015-04-21 09:23","Journal.java","2675","16627","19302"
"2016-02-09 08:30","Journal.java","3666","20885","24551"
"2015-02-23 08:11","Journal.java","2596","16312","18908"
"2017-05-26 16:52","Journal.java","112632","63288","175920"
"2017-03-22 22:54","Journal.java","111408","51670","163078"
"2016-11-12 03:37","Journal.java","111244","38013","149257"
"2016-07-14 23:02","Journal.java","108410","27393","135803"
"2017-06-01 23:58","Journal.java","113411","64924","178335"
"2017-05-09 22:24","Journal.java","112017","58875","170892"
"2017-05-16 00:31","Journal.java","112574","61312","173886"
"2012-12-13 18:34","BookieReadWriteTest.java","14570","97135","111705"
"2011-09-05 19:38","BookieReadWriteTest.java","4901","10804","15705"
"2011-08-11 21:37","BookieReadWriteTest.java","91","358","449"
"2011-08-11 20:36","BookieReadWriteTest.java","61","313","374"
"2014-01-21 05:05","BookieReadWriteTest.java","16113","146749","162862"
"2012-06-19 12:39","BookieReadWriteTest.java","10388","41531","51919"
"2012-05-25 17:13","BookieReadWriteTest.java","10317","39064","49381"
"2014-07-24 01:41","BookieReadWriteTest.java","16446","153989","170435"
"2012-02-13 11:19","BookieReadWriteTest.java","8637","26466","35103"
"2013-05-31 12:02","BookieReadWriteTest.java","15934","135645","151579"
"2016-03-08 06:49","LedgerDeleteTest.java","4990","26749","31739"
"2014-07-24 01:41","LedgerDeleteTest.java","2067","7959","10026"
"2014-01-21 05:05","BookieReadWriteTest.java","6146","54217","60363"
"2014-07-24 01:41","BookieReadWriteTest.java","7672","62650","70322"
"2013-05-31 12:02","BookieReadWriteTest.java","4512","41658","46170"
"2013-10-22 16:21","HandleFactoryImpl.java","14587","115827","130414"
"2017-03-28 22:37","HandleFactoryImpl.java","47523","101559","149082"
"2017-06-01 23:58","EntryLogger.java","42419","116489","158908"
"2014-01-21 17:26","EntryLogger.java","18821","137355","156176"
"2013-10-02 06:23","EntryLogger.java","18548","131400","149948"
"2014-01-22 14:35","EntryLogger.java","18891","137801","156692"
"2017-11-08 12:27","EntryLogger.java","44986","152528","197514"
"2013-10-22 07:44","EntryLogger.java","18662","132810","151472"
"2012-03-16 10:41","EntryLogger.java","7943","18706","26649"
"2012-06-13 16:57","EntryLogger.java","9902","27538","37440"
"2012-02-15 16:11","EntryLogger.java","617","5797","6414"
"2013-05-04 14:22","EntryLogger.java","18284","124825","143109"
"2012-03-08 12:13","EntryLogger.java","1018","8036","9054"
"2017-01-31 02:11","EntryLogger.java","41901","98351","140252"
"2017-03-23 00:48","EntryLogger.java","41923","104794","146717"
"2016-07-14 23:02","EntryLogger.java","41799","83339","125138"
"2012-12-24 06:23","EntryLogger.java","16756","88226","104982"
"2012-12-10 11:04","EntryLogger.java","16337","83224","99561"
"2016-02-24 00:44","EntryLogger.java","19781","160098","179879"
"2015-04-21 10:02","EntryLogger.java","19590","156299","175889"
"2012-10-18 16:40","EntryLogger.java","15910","71504","87414"
"2012-07-26 04:32","EntryLogger.java","12270","39666","51936"
"2013-01-04 11:32","EntryLogger.java","17006","89867","106873"
"2015-04-21 09:44","EntryLogger.java","19589","156114","175703"
"2012-05-09 10:39","EntryLogger.java","9208","23674","32882"
"2012-05-07 18:48","EntryLogger.java","9197","23239","32436"
"2012-05-10 14:47","EntryLogger.java","9466","24218","33684"
"2012-05-17 19:07","EntryLogger.java","9787","25594","35381"
"2017-07-07 08:19","LedgerDirsManagerTest.java","114509","84002","198511"
"2017-01-30 23:25","LedgerDirsManagerTest.java","112091","54708","166799"
"2017-06-05 20:30","LedgerDirsManagerTest.java","114060","74713","188773"
"2014-12-10 19:43","LedgerDirsManagerTest.java","4587","25242","29829"
"2014-07-24 01:41","LedgerDirsManagerTest.java","3366","14393","17759"
"2013-03-25 06:27","TestLedgerManager.java","13860","108681","122541"
"2012-11-23 11:49","TestLedgerManager.java","11284","64708","75992"
"2012-12-10 10:58","TestLedgerManager.java","11539","67666","79205"
"2017-03-28 22:40","TestLedgerManager.java","46547","103459","150006"
"2015-07-10 22:48","TestLedgerManager.java","15831","142247","158078"
"2014-07-24 01:41","TestLedgerManager.java","15357","129505","144862"
"2012-06-19 12:39","TestLedgerManager.java","3496","11244","14740"
"2012-02-01 16:19","CRC32DigestManager.java","4463","13280","17743"
"2017-05-15 19:52","CRC32DigestManager.java","40437","118152","158589"
"2013-07-04 14:01","JournalChannel.java","19044","125574","144618"
"2013-10-12 05:42","JournalChannel.java","19219","128122","147341"
"2013-07-20 19:59","JournalChannel.java","19063","125830","144893"
"2012-12-18 13:04","JournalChannel.java","16991","83259","100250"
"2014-04-29 22:07","JournalChannel.java","19811","137496","157307"
"2014-03-07 13:30","JournalChannel.java","19777","135150","154927"
"2012-05-07 18:48","JournalChannel.java","9126","18296","27422"
"2014-05-09 14:04","CookieTest.java","20124","134003","154127"
"2013-10-12 05:42","CookieTest.java","19402","123858","143260"
"2016-11-30 00:02","CookieTest.java","46090","86731","132821"
"2012-11-23 11:49","CookieTest.java","16413","71172","87585"
"2014-12-10 19:43","CookieTest.java","20772","145883","166655"
"2012-09-07 07:04","CookieTest.java","13103","50610","63713"
"2014-09-23 17:53","CookieTest.java","20598","144625","165223"
"2014-09-18 06:57","CookieTest.java","20581","144552","165133"
"2012-04-10 05:21","CookieTest.java","8017","11787","19804"
"2011-11-17 09:59","BufferedChannel.java","2736","4839","7575"
"2013-07-20 19:59","BufferedChannel.java","18843","137320","156163"
"2013-10-22 16:21","BufferedChannel.java","18973","140353","159326"
"2013-10-12 05:42","BufferedChannel.java","18908","139521","158429"
"2014-01-22 14:35","BufferedChannel.java","19065","144813","163878"
"2017-07-28 20:12","PerChannelBookieClient.java","1802","6396","8198"
"2017-08-02 00:49","PerChannelBookieClient.java","5371","23577","28948"
"2017-01-31 04:01","ReadOnlyLedgerHandle.java","111029","35864","146893"
"2017-06-30 00:12","ReadOnlyLedgerHandle.java","114336","55984","170320"
"2017-03-23 15:55","ReadOnlyLedgerHandle.java","111183","36384","147567"
"2016-04-29 05:05","ScanAndCompareGarbageCollector.java","78447","47754","126201"
"2013-04-04 11:21","ScanAndCompareGarbageCollector.java","3159","37896","41055"
"2016-04-27 09:55","ScanAndCompareGarbageCollector.java","78445","47752","126197"
"2016-03-08 06:49","ScanAndCompareGarbageCollector.java","8550","77971","86521"
"2017-03-28 22:40","ScanAndCompareGarbageCollector.java","80137","76455","156592"
"2017-05-25 14:23","LedgerHandleAdv.java","2988","26839","29827"
"2017-06-01 23:58","LedgerHandleAdv.java","3902","28664","32566"
"2012-12-24 05:50","InterleavedLedgerStorage.java","796","904","1700"
"2016-11-18 00:18","InterleavedLedgerStorage.java","80536","58826","139362"
"2013-12-02 18:45","InterleavedLedgerStorage.java","5885","51390","57275"
"2013-05-04 14:22","InterleavedLedgerStorage.java","4140","39541","43681"
"2014-01-15 15:58","InterleavedLedgerStorage.java","5965","51814","57779"
"2014-01-21 17:26","InterleavedLedgerStorage.java","6154","53548","59702"
"2013-10-02 06:23","InterleavedLedgerStorage.java","4706","46418","51124"
"2017-05-16 00:31","InterleavedLedgerStorage.java","81360","81515","162875"
"2014-08-02 20:02","InterleavedLedgerStorage.java","7815","67929","75744"
"2017-07-04 06:27","InterleavedLedgerStorage.java","82514","92679","175193"
"2015-04-21 09:55","InterleavedLedgerStorage.java","8310","73846","82156"
"2017-01-31 04:01","InterleavedLedgerStorage.java","80590","71981","152571"
"2016-03-08 06:49","InterleavedLedgerStorage.java","9157","78686","87843"
"2017-03-28 22:37","InterleavedLedgerStorage.java","80680","76878","157558"
"2015-04-21 09:17","InterleavedLedgerStorage.java","8290","73655","81945"
"2014-08-02 20:02","ServerConfiguration.java","1579","12588","14167"
"2014-05-06 12:30","ServerConfiguration.java","254","2613","2867"
"2014-05-15 00:41","ServerConfiguration.java","283","3556","3839"
"2014-09-18 06:47","ServerConfiguration.java","2150","15168","17318"
"2017-07-04 06:27","ServerConfiguration.java","113539","74599","188138"
"2014-04-29 22:07","ServerConfiguration.java","251","2563","2814"
"2016-04-14 00:51","ServerConfiguration.java","107525","27323","134848"
"2015-01-16 15:57","ServerConfiguration.java","2769","18759","21528"
"2016-03-08 06:49","ServerConfiguration.java","4083","24507","28590"
"2016-01-26 22:11","ServerConfiguration.java","3758","23168","26926"
"2014-03-12 21:26","ServerConfiguration.java","134","1936","2070"
"2016-04-05 18:47","ServerConfiguration.java","107499","27247","134746"
"2016-04-27 09:55","ServerConfiguration.java","107577","27887","135464"
"2015-04-21 09:55","ServerConfiguration.java","2903","19334","22237"
"2015-01-12 15:18","ServerConfiguration.java","2761","17813","20574"
"2015-04-21 10:02","ServerConfiguration.java","2915","19379","22294"
"2017-05-15 19:52","ServerConfiguration.java","111882","62514","174396"
"2017-03-22 22:54","ServerConfiguration.java","110876","53450","164326"
"2017-03-23 00:48","ServerConfiguration.java","110881","53507","164388"
"2017-01-31 02:11","ServerConfiguration.java","110781","46986","157767"
"2016-04-05 08:45","ServerConfiguration.java","107489","26995","134484"
"2016-11-09 03:02","ServerConfiguration.java","110692","39725","150417"
"2016-11-30 00:02","ServerConfiguration.java","110740","40455","151195"
"2017-06-05 20:30","ServerConfiguration.java","112959","67142","180101"
"2016-09-10 20:27","ServerConfiguration.java","109107","34351","143458"
"2017-08-02 00:49","ServerConfiguration.java","117108","96374","213482"
"2017-10-03 12:31","ServerConfiguration.java","124677","94100","218777"
"2017-08-16 03:37","ServerConfiguration.java","118703","104602","223305"
"2014-05-09 14:04","ServerConfiguration.java","270","3223","3493"
"2017-05-26 12:38","ServerConfiguration.java","112065","65013","177078"
"2017-07-07 08:19","ServerConfiguration.java","113569","76592","190161"
"2017-06-28 23:24","ServerConfiguration.java","113153","70380","183533"
"2017-11-08 12:27","ServerConfiguration.java","126583","113880","240463"
"2014-08-02 20:02","ServerConfiguration.java","1358","10055","11413"
"2014-05-06 12:30","ServerConfiguration.java","3","50","53"
"2014-05-15 00:41","ServerConfiguration.java","32","993","1025"
"2014-09-18 06:47","ServerConfiguration.java","1939","12645","14584"
"2017-07-04 06:27","ServerConfiguration.java","114104","72852","186956"
"2016-04-14 00:51","ServerConfiguration.java","108047","25533","133580"
"2015-01-16 15:57","ServerConfiguration.java","2571","16249","18820"
"2016-03-08 06:49","ServerConfiguration.java","3904","22016","25920"
"2016-01-26 22:11","ServerConfiguration.java","3562","20660","24222"
"2016-04-05 18:47","ServerConfiguration.java","108021","25457","133478"
"2016-04-27 09:55","ServerConfiguration.java","108100","26098","134198"
"2015-04-21 09:55","ServerConfiguration.java","2706","16825","19531"
"2015-01-12 15:18","ServerConfiguration.java","2563","15303","17866"
"2015-04-21 10:02","ServerConfiguration.java","2719","16871","19590"
"2017-05-15 19:52","ServerConfiguration.java","112434","60754","173188"
"2017-03-22 22:54","ServerConfiguration.java","111408","51670","163078"
"2017-03-23 00:48","ServerConfiguration.java","111413","51727","163140"
"2017-01-31 02:11","ServerConfiguration.java","111314","45207","156521"
"2016-04-05 08:45","ServerConfiguration.java","108011","25205","133216"
"2016-11-09 03:02","ServerConfiguration.java","111220","37941","149161"
"2016-11-30 00:02","ServerConfiguration.java","111268","38671","149939"
"2017-06-05 20:30","ServerConfiguration.java","113523","65394","178917"
"2016-09-10 20:27","ServerConfiguration.java","109630","32562","142192"
"2017-08-02 00:49","ServerConfiguration.java","117760","94714","212474"
"2017-10-03 12:31","ServerConfiguration.java","125346","92457","217803"
"2017-08-16 03:37","ServerConfiguration.java","119354","102941","222295"
"2014-05-09 14:04","ServerConfiguration.java","19","660","679"
"2017-05-26 12:38","ServerConfiguration.java","112630","63266","175896"
"2017-07-07 08:19","ServerConfiguration.java","114136","74847","188983"
"2017-06-28 23:24","ServerConfiguration.java","113718","68633","182351"
"2017-11-08 12:27","ServerConfiguration.java","127251","112236","239487"
"2017-08-02 00:49","BookieNettyServer.java","117951","106392","224343"
"2013-10-02 06:23","BookieNettyServer.java","469","2251","2720"
"2017-06-01 09:47","BookieNettyServer.java","113623","76395","190018"
"2013-10-11 16:18","BookieNettyServer.java","1361","3539","4900"
"2017-05-15 19:52","BookieNettyServer.java","113469","73276","186745"
"2016-09-10 20:27","BookieNettyServer.java","111072","45491","156563"
"2017-01-31 02:14","BookieNettyServer.java","112582","58574","171156"
"2016-04-05 08:45","BookieNettyServer.java","109534","38215","147749"
"2017-03-23 00:48","BookieNettyServer.java","112676","64477","177153"
"2016-04-05 18:47","BookieNettyServer.java","109536","38459","147995"
"2014-01-21 05:05","BookieNettyServer.java","2302","9127","11429"
"2013-01-07 22:53","AuditorBookieTest.java","1749","3973","5722"
"2013-06-15 19:05","AuditorBookieTest.java","4352","44572","48924"
"2014-02-05 22:43","AuditorBookieTest.java","6786","54980","61766"
"2012-12-13 18:34","BookieReadWriteTest.java","17334","93996","111330"
"2014-01-21 05:05","BookieReadWriteTest.java","18987","143720","162707"
"2012-06-19 12:39","BookieReadWriteTest.java","12679","37919","50598"
"2012-05-25 17:13","BookieReadWriteTest.java","12570","35414","47984"
"2014-07-24 01:41","BookieReadWriteTest.java","19365","151005","170370"
"2012-02-13 11:19","BookieReadWriteTest.java","4520","16446","20966"
"2013-05-31 12:02","BookieReadWriteTest.java","18788","132596","151384"
"2012-12-13 18:34","BookieReadWriteTest.java","14564","96862","111426"
"2011-09-05 19:38","BookieReadWriteTest.java","4875","10511","15386"
"2014-01-21 05:05","BookieReadWriteTest.java","16123","146492","162615"
"2012-06-19 12:39","BookieReadWriteTest.java","10379","41255","51634"
"2012-05-25 17:13","BookieReadWriteTest.java","10294","38774","49068"
"2014-07-24 01:41","BookieReadWriteTest.java","16459","153735","170194"
"2012-02-13 11:19","BookieReadWriteTest.java","8611","26173","34784"
"2013-05-31 12:02","BookieReadWriteTest.java","15944","135388","151332"
"2017-07-17 23:27","FileInfo.java","424","3531","3955"
"2017-06-01 11:42","LedgerEntry.java","122","1066","1188"
"2017-05-15 19:52","AuthHandler.java","2090","15905","17995"
"2017-04-15 13:58","AuthHandler.java","680","11841","12521"
"2017-08-02 00:49","AuthHandler.java","9032","51481","60513"
"2017-06-01 23:58","AuthHandler.java","3292","20300","23592"
"2013-03-25 06:27","BookieZKExpireTest.java","13860","108681","122541"
"2012-12-15 03:08","BookieZKExpireTest.java","11756","71510","83266"
"2014-12-10 19:43","BookieZKExpireTest.java","15740","139516","155256"
"2016-01-26 22:11","BookieZKExpireTest.java","16006","145007","161013"
"2014-07-24 01:41","AuditorLedgerCheckerTest.java","404","889","1293"
"2016-03-08 07:18","AuditorLedgerCheckerTest.java","3826","20843","24669"
"2016-12-17 02:44","AuditorLedgerCheckerTest.java","111173","42554","153727"
"2017-07-07 05:11","AuditorLedgerCheckerTest.java","114055","72723","186778"
"2017-10-17 09:32","AuditorLedgerCheckerTest.java","126023","99228","225251"
"2017-05-12 15:20","AuditorLedgerCheckerTest.java","111927","57682","169609"
"2014-08-02 20:02","Journal.java","3047","17504","20551"
"2014-03-07 13:14","Journal.java","1831","5279","7110"
"2014-04-29 22:07","Journal.java","2079","7839","9918"
"2015-04-21 09:23","Journal.java","4042","23754","27796"
"2016-02-09 08:30","Journal.java","4943","27922","32865"
"2015-02-23 08:11","Journal.java","3992","23468","27460"
"2017-05-26 16:52","Journal.java","112795","69211","182006"
"2017-03-22 22:54","Journal.java","111706","57728","169434"
"2016-11-12 03:37","Journal.java","111541","44070","155611"
"2016-07-14 23:02","Journal.java","108861","33604","142465"
"2017-06-01 23:58","Journal.java","113548","70821","184369"
"2017-05-09 22:24","Journal.java","112247","64865","177112"
"2017-05-16 00:31","Journal.java","112739","67237","179976"
"2012-12-08 11:18","Bookie.java","1886","13080","14966"
"2012-10-25 15:35","Bookie.java","313","1450","1763"
"2012-10-26 16:25","Bookie.java","596","2682","3278"
"2017-01-31 04:01","Bookie.java","72747","79684","152431"
"2017-03-28 22:37","Bookie.java","72842","84586","157428"
"2016-01-26 22:11","Bookie.java","10110","94171","104281"
"2015-03-18 07:38","Bookie.java","9648","90457","100105"
"2015-04-21 09:17","Bookie.java","9649","90560","100209"
"2012-12-03 17:59","Bookie.java","1184","12333","13517"
"2013-06-21 19:26","Bookie.java","6316","61919","68235"
"2014-09-23 17:53","Bookie.java","9331","87083","96414"
"2017-07-04 06:27","Bookie.java","74466","100177","174643"
"2017-06-05 22:25","Bookie.java","74247","94172","168419"
"2014-02-06 09:25","Bookie.java","8445","71903","80348"
"2014-04-29 22:07","Bookie.java","8615","75578","84193"
"2013-12-06 07:39","Bookie.java","7595","68798","76393"
"2014-08-02 20:02","Bookie.java","9204","84864","94068"
"2013-10-02 07:01","Bookie.java","6555","64003","70558"
"2017-06-28 23:24","Bookie.java","74280","96158","170438"
"2017-07-07 08:19","Bookie.java","74455","102129","176584"
"2013-09-11 00:34","Bookie.java","6524","63771","70295"
"2014-01-21 17:26","Bookie.java","7840","70780","78620"
"2013-10-12 05:42","Bookie.java","7324","65505","72829"
"2013-10-22 16:21","Bookie.java","7532","66480","74012"
"2017-05-16 00:31","Bookie.java","73492","89193","162685"
"2013-07-24 16:55","Bookie.java","6392","63053","69445"
"2014-02-05 22:43","Bookie.java","8443","71893","80336"
"2014-08-18 23:03","Bookie.java","9212","86340","95552"
"2014-05-09 14:04","Bookie.java","8629","76233","84862"
"2013-06-15 19:05","Bookie.java","6299","61775","68074"
"2017-06-01 23:58","Bookie.java","74177","92653","166830"
"2017-08-02 00:49","Bookie.java","75891","119808","195699"
"2013-12-02 18:45","Bookie.java","7581","68632","76213"
"2013-05-04 14:22","Bookie.java","6070","57017","63087"
"2012-12-18 13:04","Bookie.java","2494","18040","20534"
"2016-11-18 00:18","Bookie.java","72694","66530","139224"
"2017-03-28 22:35","Bookie.java","72824","84353","157177"
"2016-07-14 23:02","Bookie.java","71542","57488","129030"
"2017-06-05 20:30","Bookie.java","74230","93064","167294"
"2016-11-30 00:02","Bookie.java","72711","67077","139788"
"2012-12-24 05:50","Bookie.java","3115","18769","21884"
"2017-03-22 22:54","Bookie.java","72821","80046","152867"
"2012-12-24 06:23","Bookie.java","3180","19056","22236"
"2017-06-05 22:25","BookKeeperServerStats.java","115568","59748","175316"
"2015-03-18 07:38","BookKeeperServerStats.java","1303","6367","7670"
"2017-08-16 03:41","BookKeeperServerStats.java","121494","96523","218017"
"2017-10-03 12:31","BookKeeperServerStats.java","130437","88766","219203"
"2014-05-12 08:10","InMemoryMetastoreTable.java","9324","68988","78312"
"2012-12-03 15:04","InMemoryMetastoreTable.java","945","3490","4435"
"2013-10-02 06:40","InMemoryMetastoreTable.java","7168","56252","63420"
"2012-12-08 11:18","Bookie.java","1367","1412","2779"
"2017-01-31 04:01","Bookie.java","79169","74957","154126"
"2017-03-28 22:37","Bookie.java","79258","79853","159111"
"2016-01-26 22:11","Bookie.java","10057","82969","93026"
"2015-03-18 07:38","Bookie.java","9513","79173","88686"
"2015-04-21 09:17","Bookie.java","9514","79276","88790"
"2013-06-21 19:26","Bookie.java","5991","50445","56436"
"2014-09-23 17:53","Bookie.java","9185","75788","84973"
"2017-07-04 06:27","Bookie.java","80938","95500","176438"
"2017-06-05 22:25","Bookie.java","80716","89492","170208"
"2014-02-06 09:25","Bookie.java","8257","60566","68823"
"2014-04-29 22:07","Bookie.java","8430","64244","72674"
"2013-12-06 07:39","Bookie.java","7353","57407","64760"
"2014-08-02 20:02","Bookie.java","9052","73563","82615"
"2013-10-02 07:01","Bookie.java","6258","52557","58815"
"2017-06-28 23:24","Bookie.java","80752","91481","172233"
"2017-07-07 08:19","Bookie.java","80927","97452","178379"
"2013-09-11 00:34","Bookie.java","6225","52323","58548"
"2014-01-21 17:26","Bookie.java","7600","59391","66991"
"2013-10-12 05:42","Bookie.java","7114","54146","61260"
"2013-10-22 16:21","Bookie.java","7289","55088","62377"
"2017-05-16 00:31","Bookie.java","79925","84477","164402"
"2013-07-24 16:55","Bookie.java","6086","51598","57684"
"2014-02-05 22:43","Bookie.java","8255","60556","68811"
"2014-08-18 23:03","Bookie.java","9065","75044","84109"
"2014-05-09 14:04","Bookie.java","8444","64899","73343"
"2013-06-15 19:05","Bookie.java","5974","50301","56275"
"2017-06-01 23:58","Bookie.java","80641","87968","168609"
"2017-08-02 00:49","Bookie.java","83924","116692","200616"
"2013-12-02 18:45","Bookie.java","7339","57241","64580"
"2013-05-04 14:22","Bookie.java","5727","45525","51252"
"2012-12-18 13:04","Bookie.java","2009","6406","8415"
"2016-11-18 00:18","Bookie.java","79115","61802","140917"
"2017-03-28 22:35","Bookie.java","79240","79620","158860"
"2016-07-14 23:02","Bookie.java","77962","52759","130721"
"2017-06-05 20:30","Bookie.java","80694","88379","169073"
"2016-11-30 00:02","Bookie.java","79133","62350","141483"
"2012-12-24 05:50","Bookie.java","2638","7143","9781"
"2017-03-22 22:54","Bookie.java","79242","75318","154560"
"2012-12-24 06:23","Bookie.java","2712","7439","10151"
"2015-07-10 22:48","ZooKeeperUtil.java","15412","136061","151473"
"2014-08-18 23:00","ZooKeeperUtil.java","15045","131354","146399"
"2014-12-10 19:43","ZooKeeperUtil.java","15296","133305","148601"
"2013-03-25 06:27","ZooKeeperUtil.java","12475","101529","114004"
"2016-04-05 21:52","ZooKeeperUtil.java","48174","71749","119923"
"2012-11-21 12:24","ZooKeeperUtil.java","9154","56588","65742"
"2017-06-30 00:12","ReadOnlyLedgerHandle.java","4415","21228","25643"
"2017-03-23 15:55","ReadOnlyLedgerHandle.java","201","567","768"
"2014-02-05 22:43","TestReplicationWorker.java","3429","15503","18932"
"2013-06-15 19:05","TestReplicationWorker.java","154","4254","4408"
"2016-04-27 09:00","TestReplicationWorker.java","109176","42262","151438"
"2015-07-10 22:48","TestReplicationWorker.java","5389","35489","40878"
"2014-07-24 01:41","TestReplicationWorker.java","4302","22134","26436"
"2016-11-12 03:35","PacketProcessorBaseV3.java","112797","31474","144271"
"2017-05-15 19:52","PacketProcessorBaseV3.java","114182","54435","168617"
"2015-10-06 10:05","PacketProcessorBaseV3.java","2400","9472","11872"
"2015-04-21 09:17","PacketProcessorBaseV3.java","1509","7390","8899"
"2017-06-05 22:25","PacketProcessorBaseV3.java","115485","60380","175865"
"2014-08-02 20:02","PacketProcessorBaseV3.java","165","795","960"
"2016-03-08 07:18","AuditorLedgerCheckerTest.java","3454","19986","23440"
"2016-12-17 02:44","AuditorLedgerCheckerTest.java","110959","41855","152814"
"2017-07-07 05:11","AuditorLedgerCheckerTest.java","113861","72044","185905"
"2017-10-17 09:32","AuditorLedgerCheckerTest.java","125860","98580","224440"
"2017-05-12 15:20","AuditorLedgerCheckerTest.java","111717","56987","168704"
"2012-12-13 18:34","BookieReadWriteTest.java","14620","96933","111553"
"2011-09-05 19:38","BookieReadWriteTest.java","4941","10592","15533"
"2014-01-21 05:05","BookieReadWriteTest.java","16184","146568","162752"
"2012-06-19 12:39","BookieReadWriteTest.java","10435","41326","51761"
"2012-05-25 17:13","BookieReadWriteTest.java","10350","38845","49195"
"2014-07-24 01:41","BookieReadWriteTest.java","16520","153811","170331"
"2012-02-13 11:19","BookieReadWriteTest.java","8669","26246","34915"
"2013-05-31 12:02","BookieReadWriteTest.java","16005","135464","151469"
"2013-10-22 16:21","HandleFactoryImpl.java","14515","117809","132324"
"2012-04-17 12:18","HandleFactoryImpl.java","646","2700","3346"
"2017-03-28 22:37","HandleFactoryImpl.java","46641","102731","149372"
"2017-06-01 23:58","EntryLogger.java","46903","113955","160858"
"2014-01-21 17:26","EntryLogger.java","19696","131212","150908"
"2013-10-02 06:23","EntryLogger.java","19314","125148","144462"
"2014-01-22 14:35","EntryLogger.java","19789","131681","151470"
"2017-11-08 12:27","EntryLogger.java","49703","150227","199930"
"2013-10-22 07:44","EntryLogger.java","19501","126631","146132"
"2012-03-16 10:41","EntryLogger.java","7134","10879","18013"
"2012-06-13 16:57","EntryLogger.java","9750","20368","30118"
"2013-05-04 14:22","EntryLogger.java","19039","118562","137601"
"2017-01-31 02:11","EntryLogger.java","45835","95267","141102"
"2017-03-23 00:48","EntryLogger.java","45859","101712","147571"
"2016-07-14 23:02","EntryLogger.java","45739","80261","126000"
"2012-12-24 06:23","EntryLogger.java","17233","81685","98918"
"2012-12-10 11:04","EntryLogger.java","16751","76620","93371"
"2016-02-24 00:44","EntryLogger.java","20880","154179","175059"
"2015-04-21 10:02","EntryLogger.java","20660","150351","171011"
"2012-10-18 16:40","EntryLogger.java","16175","64751","80926"
"2012-07-26 04:32","EntryLogger.java","12207","32585","44792"
"2013-01-04 11:32","EntryLogger.java","17513","83356","100869"
"2015-04-21 09:44","EntryLogger.java","20658","150165","170823"
"2012-05-09 10:39","EntryLogger.java","8918","16366","25284"
"2012-05-07 18:48","EntryLogger.java","8898","15922","24820"
"2012-05-10 14:47","EntryLogger.java","9183","16917","26100"
"2012-05-17 19:07","EntryLogger.java","9548","18337","27885"
"2014-07-24 01:41","BookieReadWriteTest.java","2363","9270","11633"
"2017-05-15 19:52","AuthHandler.java","8066","38388","46454"
"2017-04-15 13:58","AuthHandler.java","6945","34613","41558"
"2017-01-31 02:14","AuthHandler.java","6379","22886","29265"
"2017-08-02 00:49","AuthHandler.java","14577","73533","88110"
"2017-06-01 23:58","AuthHandler.java","9212","42727","51939"
"2014-02-05 22:43","TestReplicationWorker.java","3442","11416","14858"
"2016-04-27 09:00","TestReplicationWorker.java","109565","38551","148116"
"2015-07-10 22:48","TestReplicationWorker.java","5776","31776","37552"
"2014-07-24 01:41","TestReplicationWorker.java","4324","18056","22380"
"2015-09-15 10:38","BookKeeper.java","12460","122447","134907"
"2015-10-22 09:22","BookKeeper.java","12472","123839","136311"
"2017-01-31 04:01","BookKeeper.java","53961","89107","143068"
"2012-12-13 13:07","BookKeeper.java","6047","47374","53421"
"2015-07-10 22:48","BookKeeper.java","12240","121925","134165"
"2017-06-30 00:12","BookKeeper.java","55274","107233","162507"
"2014-02-06 09:21","BookKeeper.java","11180","102843","114023"
"2012-09-12 11:59","BookKeeper.java","1820","21786","23606"
"2014-01-21 05:19","BookKeeper.java","10715","101571","112286"
"2013-10-02 06:40","BookKeeper.java","9601","95152","104753"
"2014-02-21 19:01","BookKeeper.java","11270","104092","115362"
"2016-10-13 07:50","BookKeeper.java","53840","75430","129270"
"2017-06-21 21:00","BookKeeper.java","55257","104745","160002"
"2013-06-12 18:41","BookKeeper.java","9435","92693","102128"
"2013-05-06 19:32","BookKeeper.java","9260","88516","97776"
"2013-01-10 19:13","BookKeeper.java","7705","54003","61708"
"2017-03-28 22:35","BookKeeper.java","54002","93740","147742"
"2016-07-11 23:01","BookKeeper.java","53391","67512","120903"
"2016-10-13 09:27","BookKeeper.java","53922","75498","129420"
"2017-07-28 20:12","BookKeeper.java","55938","114452","170390"
"2017-05-15 19:52","BookKeeper.java","54522","98014","152536"
"2013-09-10 15:14","BookKeeper.java","9561","94978","104539"
"2014-12-10 19:43","LocalBookKeeper.java","6351","35759","42110"
"2015-07-10 22:48","LocalBookKeeper.java","6633","38681","45314"
"2017-05-26 12:38","LocalBookKeeper.java","112362","80533","192895"
"2017-06-01 11:31","LocalBookKeeper.java","112401","81486","193887"
"2017-06-01 23:58","LocalBookKeeper.java","113060","82108","195168"
"2017-06-21 21:00","CleanupLedgerManager.java","115113","57944","173057"
"2017-08-02 00:49","BookieNettyServer.java","7441","33110","40551"
"2017-06-01 08:55","PrometheusStatsLogger.java","388","2998","3386"
"2017-05-16 00:31","InterleavedLedgerStorage.java","2889","24754","27643"
"2017-07-04 06:27","InterleavedLedgerStorage.java","4948","36823","41771"
"2017-01-31 04:01","InterleavedLedgerStorage.java","779","13880","14659"
"2017-03-28 22:37","InterleavedLedgerStorage.java","1057","18965","20022"
"2017-08-02 00:49","BookieNettyServer.java","117797","104060","221857"
"2017-06-01 09:47","BookieNettyServer.java","113291","73885","187176"
"2017-05-15 19:52","BookieNettyServer.java","113129","70758","183887"
"2016-09-10 20:27","BookieNettyServer.java","110633","42874","153507"
"2017-01-31 02:14","BookieNettyServer.java","112158","55972","168130"
"2016-04-05 08:45","BookieNettyServer.java","109085","35588","144673"
"2017-03-23 00:48","BookieNettyServer.java","112258","61881","174139"
"2016-04-05 18:47","BookieNettyServer.java","109093","35838","144931"
"2014-01-21 05:05","BookieNettyServer.java","1289","5936","7225"
"2017-05-16 00:31","EntryKeyValue.java","112644","61892","174536"
"2016-11-12 03:35","PacketProcessorBase.java","112797","31474","144271"
"2017-05-15 19:52","PacketProcessorBase.java","114182","54435","168617"
"2015-04-21 09:17","PacketProcessorBase.java","1509","7390","8899"
"2014-08-02 20:02","PacketProcessorBase.java","165","795","960"
"2017-05-15 19:52","BookKeeperClusterTestCase.java","8150","39276","47426"
"2017-08-01 08:34","BookKeeperClusterTestCase.java","13963","71138","85101"
"2017-11-08 12:27","BookKeeperClusterTestCase.java","29447","97238","126685"
"2017-07-04 06:27","BookKeeperClusterTestCase.java","10322","51876","62198"
"2017-06-30 00:12","BookKeeperClusterTestCase.java","10126","49719","59845"
"2016-04-27 09:55","BookKeeperClusterTestCase.java","242","1046","1288"
"2015-09-15 10:38","BookKeeper.java","8942","77602","86544"
"2015-10-22 09:22","BookKeeper.java","8971","79011","87982"
"2017-01-31 04:01","BookKeeper.java","79442","73261","152703"
"2015-07-10 22:48","BookKeeper.java","8563","76921","85484"
"2017-06-30 00:12","BookKeeper.java","81190","91822","173012"
"2014-02-06 09:21","BookKeeper.java","7026","57362","64388"
"2014-01-21 05:19","BookKeeper.java","6235","55764","61999"
"2013-10-02 06:40","BookKeeper.java","4929","49153","54082"
"2014-02-21 19:01","BookKeeper.java","7134","58629","65763"
"2016-10-13 07:50","BookKeeper.java","79281","59544","138825"
"2017-06-21 21:00","BookKeeper.java","81058","89219","170277"
"2013-06-12 18:41","BookKeeper.java","4604","46535","51139"
"2013-05-06 19:32","BookKeeper.java","4379","42308","46687"
"2013-01-10 19:13","BookKeeper.java","2502","7473","9975"
"2017-03-28 22:35","BookKeeper.java","79513","77924","157437"
"2016-07-11 23:01","BookKeeper.java","78171","50965","129136"
"2016-10-13 09:27","BookKeeper.java","79395","59644","139039"
"2017-07-28 20:12","BookKeeper.java","81888","99075","180963"
"2017-05-15 19:52","BookKeeper.java","80125","82290","162415"
"2013-09-10 15:14","BookKeeper.java","4881","48971","53852"
"2012-12-08 11:18","Bookie.java","7364","50163","57527"
"2012-09-14 15:42","Bookie.java","3848","27346","31194"
"2012-10-25 15:35","Bookie.java","6711","39453","46164"
"2012-10-26 16:25","Bookie.java","6912","40603","47515"
"2017-01-31 04:01","Bookie.java","51563","90105","141668"
"2017-03-28 22:37","Bookie.java","51622","94971","146593"
"2016-01-26 22:11","Bookie.java","13900","129566","143466"
"2015-03-18 07:38","Bookie.java","13558","125972","139530"
"2015-04-21 09:17","Bookie.java","13559","126075","139634"
"2012-10-18 16:40","Bookie.java","6592","38197","44789"
"2012-12-03 17:59","Bookie.java","7222","49976","57198"
"2012-07-23 23:39","Bookie.java","1880","5276","7156"
"2013-06-21 19:26","Bookie.java","10992","98200","109192"
"2012-09-07 07:04","Bookie.java","3394","26231","29625"
"2014-09-23 17:53","Bookie.java","13329","122686","136015"
"2017-07-04 06:27","Bookie.java","52955","110271","163226"
"2017-06-05 22:25","Bookie.java","52819","104349","157168"
"2014-02-06 09:25","Bookie.java","12667","107730","120397"
"2014-04-29 22:07","Bookie.java","12803","111371","124174"
"2013-12-06 07:39","Bookie.java","12134","104942","117076"
"2012-07-05 14:45","Bookie.java","22","504","526"
"2014-08-02 20:02","Bookie.java","13262","120527","133789"
"2013-10-02 07:01","Bookie.java","11142","100195","111337"
"2017-06-28 23:24","Bookie.java","52860","106343","159203"
"2017-07-07 08:19","Bookie.java","52951","112230","165181"
"2013-09-11 00:34","Bookie.java","11114","99966","111080"
"2014-01-21 17:26","Bookie.java","12248","106793","119041"
"2013-10-12 05:42","Bookie.java","11898","101684","113582"
"2013-10-22 16:21","Bookie.java","12089","102642","114731"
"2017-05-16 00:31","Bookie.java","52185","99491","151676"
"2013-07-24 16:55","Bookie.java","11042","99308","110350"
"2014-02-05 22:43","Bookie.java","12665","107720","120385"
"2014-08-18 23:03","Bookie.java","13270","122003","135273"
"2014-05-09 14:04","Bookie.java","12814","112023","124837"
"2013-06-15 19:05","Bookie.java","10989","98070","109059"
"2017-06-01 23:58","Bookie.java","52804","102885","155689"
"2017-08-02 00:49","Bookie.java","54262","129784","184046"
"2013-12-02 18:45","Bookie.java","12126","104782","116908"
"2013-05-04 14:22","Bookie.java","10805","93357","104162"
"2012-12-18 13:04","Bookie.java","7712","54863","62575"
"2016-11-18 00:18","Bookie.java","51518","76959","128477"
"2017-03-28 22:35","Bookie.java","51604","94738","146342"
"2016-07-14 23:02","Bookie.java","51091","68642","119733"
"2017-06-05 20:30","Bookie.java","52804","103243","156047"
"2016-11-30 00:02","Bookie.java","51529","77500","129029"
"2012-12-24 05:50","Bookie.java","8305","55564","63869"
"2017-03-22 22:54","Bookie.java","51606","90436","142042"
"2012-12-24 06:23","Bookie.java","8364","55845","64209"
"2012-12-08 11:18","Bookie.java","5783","45186","50969"
"2012-09-14 15:42","Bookie.java","2145","22247","24392"
"2012-10-25 15:35","Bookie.java","5071","34417","39488"
"2012-10-26 16:25","Bookie.java","5280","35575","40855"
"2017-01-31 04:01","Bookie.java","53961","89107","143068"
"2017-03-28 22:37","Bookie.java","54020","93973","147993"
"2016-01-26 22:11","Bookie.java","12475","124745","137220"
"2015-03-18 07:38","Bookie.java","12095","121113","133208"
"2015-04-21 09:17","Bookie.java","12096","121216","133312"
"2012-10-18 16:40","Bookie.java","4951","33160","38111"
"2012-12-03 17:59","Bookie.java","5640","44998","50638"
"2013-06-21 19:26","Bookie.java","9447","93259","102706"
"2012-09-07 07:04","Bookie.java","1681","21122","22803"
"2014-09-23 17:53","Bookie.java","11840","117801","129641"
"2017-07-04 06:27","Bookie.java","55359","109279","164638"
"2017-06-05 22:25","Bookie.java","55223","103357","158580"
"2014-02-06 09:25","Bookie.java","11182","102849","114031"
"2014-04-29 22:07","Bookie.java","11320","106492","117812"
"2013-12-06 07:39","Bookie.java","10603","100015","110618"
"2014-08-02 20:02","Bookie.java","11773","115642","127415"
"2013-10-02 07:01","Bookie.java","9602","95259","104861"
"2017-06-28 23:24","Bookie.java","55264","105351","160615"
"2017-07-07 08:19","Bookie.java","55358","111241","166599"
"2013-09-11 00:34","Bookie.java","9573","95029","104602"
"2014-01-21 17:26","Bookie.java","10758","101907","112665"
"2013-10-12 05:42","Bookie.java","10361","96751","107112"
"2013-10-22 16:21","Bookie.java","10553","97710","108263"
"2017-05-16 00:31","Bookie.java","54588","98498","153086"
"2013-07-24 16:55","Bookie.java","9500","94370","103870"
"2014-02-05 22:43","Bookie.java","11180","102839","114019"
"2014-08-18 23:03","Bookie.java","11781","117118","128899"
"2014-05-09 14:04","Bookie.java","11331","107144","118475"
"2013-06-15 19:05","Bookie.java","9444","93129","102573"
"2017-06-01 23:58","Bookie.java","55207","101892","157099"
"2017-08-02 00:49","Bookie.java","56717","128843","185560"
"2013-12-02 18:45","Bookie.java","10593","99853","110446"
"2013-05-04 14:22","Bookie.java","9260","88416","97676"
"2012-12-18 13:04","Bookie.java","6134","49889","56023"
"2016-11-18 00:18","Bookie.java","53915","75960","129875"
"2017-03-28 22:35","Bookie.java","54002","93740","147742"
"2016-07-14 23:02","Bookie.java","53441","67596","121037"
"2017-06-05 20:30","Bookie.java","55208","102251","157459"
"2016-11-30 00:02","Bookie.java","53926","76501","130427"
"2012-12-24 05:50","Bookie.java","6727","50590","57317"
"2017-03-22 22:54","Bookie.java","54004","89438","143442"
"2012-12-24 06:23","Bookie.java","6786","50871","57657"
"2015-09-15 10:38","LedgerManager.java","20183","158020","178203"
"2012-06-19 12:39","LedgerManager.java","10996","29863","40859"
"2014-01-17 18:13","LedgerManager.java","19187","136997","156184"
"2013-04-04 11:21","LedgerManager.java","18700","125150","143850"
"2012-01-18 15:11","LedgerManager.java","829","2307","3136"
"2012-12-24 05:50","LedgerManager.java","17146","88859","106005"
"2014-08-18 23:00","ZooKeeperWatcherBase.java","5898","33606","39504"
"2015-07-10 22:48","ZooKeeperWatcherBase.java","6633","38681","45314"
"2017-06-01 23:58","ZooKeeperWatcherBase.java","113060","82108","195168"
"2016-11-09 08:44","LedgerHandleAdv.java","5507","13273","18780"
"2016-10-13 09:27","LedgerHandleAdv.java","5472","12891","18363"
"2017-05-25 14:23","LedgerHandleAdv.java","8004","39621","47625"
"2017-06-01 23:58","LedgerHandleAdv.java","8899","41427","50326"
"2017-07-04 06:27","GcLedgersTest.java","4475","18442","22917"
"2017-05-16 00:31","GcLedgersTest.java","2203","6160","8363"
"2016-04-27 09:55","GcLedgersTest.java","104977","4863","109840"
"2017-03-28 22:37","GcLedgersTest.java","110849","37518","148367"
"2017-07-04 06:27","GcLedgersTest.java","114212","54848","169060"
"2017-05-16 00:31","GcLedgersTest.java","112289","42915","155204"
"2017-06-12 17:20","LedgerManagerTestCase.java","1617","6169","7786"
"2017-07-04 06:27","LedgerManagerTestCase.java","2419","12429","14848"
"2016-11-09 08:44","LedgerHandleAdv.java","53","400","453"
"2017-05-25 14:23","LedgerHandleAdv.java","3036","27234","30270"
"2017-06-01 23:58","LedgerHandleAdv.java","3946","29055","33001"
"2012-12-13 18:34","BookieReadWriteTest.java","9070","60492","69562"
"2014-01-21 05:05","BookieReadWriteTest.java","13556","113049","126605"
"2014-07-24 01:41","BookieReadWriteTest.java","14466","120866","135332"
"2013-05-31 12:02","BookieReadWriteTest.java","12335","100903","113238"
"2017-08-16 03:41","TestRackawareEnsemblePlacementPolicyUsingScript.java","11842","62519","74361"
"2016-12-20 22:43","TestRackawareEnsemblePlacementPolicyUsingScript.java","24","119","143"
"2012-12-18 13:04","LedgerDescriptorReadOnlyImpl.java","11114","71006","82120"
"2012-04-17 12:18","LedgerDescriptorReadOnlyImpl.java","646","2700","3346"
"2017-05-16 00:31","LedgerDescriptorReadOnlyImpl.java","47134","107181","154315"
"2017-01-31 04:01","Bookie.java","112604","63938","176542"
"2017-03-28 22:37","Bookie.java","112704","68845","181549"
"2016-01-26 22:11","Bookie.java","6261","34719","40980"
"2015-03-18 07:38","Bookie.java","5518","30724","36242"
"2015-04-21 09:17","Bookie.java","5520","30828","36348"
"2014-09-23 17:53","Bookie.java","5128","27277","32405"
"2017-07-04 06:27","Bookie.java","114859","84967","199826"
"2017-06-05 22:25","Bookie.java","114514","78836","193350"
"2014-02-06 09:25","Bookie.java","3437","11292","14729"
"2014-04-29 22:07","Bookie.java","3812","15172","18984"
"2013-12-06 07:39","Bookie.java","1959","7559","9518"
"2014-08-02 20:02","Bookie.java","4627","24684","29311"
"2013-10-02 07:01","Bookie.java","498","2343","2841"
"2017-06-28 23:24","Bookie.java","114586","80861","195447"
"2017-07-07 08:19","Bookie.java","114848","86919","201767"
"2013-09-11 00:34","Bookie.java","445","2089","2534"
"2014-01-21 17:26","Bookie.java","2450","9787","12237"
"2013-10-12 05:42","Bookie.java","1511","4089","5600"
"2013-10-22 16:21","Bookie.java","1880","5225","7105"
"2017-05-16 00:31","Bookie.java","113582","73680","187262"
"2013-07-24 16:55","Bookie.java","208","1266","1474"
"2014-02-05 22:43","Bookie.java","3432","11279","14711"
"2014-08-18 23:03","Bookie.java","5000","26525","31525"
"2014-05-09 14:04","Bookie.java","3830","15831","19661"
"2017-06-01 23:58","Bookie.java","114359","77232","191591"
"2017-08-02 00:49","Bookie.java","117969","106283","224252"
"2013-12-02 18:45","Bookie.java","1942","7390","9332"
"2016-11-18 00:18","Bookie.java","112544","50777","163321"
"2017-03-28 22:35","Bookie.java","112686","68612","181298"
"2016-07-14 23:02","Bookie.java","109877","40220","150097"
"2017-06-05 20:30","Bookie.java","114420","77651","192071"
"2016-11-30 00:02","Bookie.java","112570","51333","163903"
"2017-03-22 22:54","Bookie.java","112686","64308","176994"
"2015-10-06 10:05","BenchBookie.java","15890","138901","154791"
"2013-10-14 16:43","BenchBookie.java","14162","113286","127448"
"2014-02-05 22:43","BenchBookie.java","14805","119164","133969"
"2017-05-15 19:52","BenchBookie.java","48263","104455","152718"
"2016-07-14 23:02","BenchBookie.java","47652","74507","122159"
"2017-06-01 23:58","TopologyAwareEnsemblePlacementPolicy.java","4088","29183","33271"
"2014-02-05 22:43","AuditorBookieTest.java","3442","11416","14858"
"2012-12-14 20:26","BookieShell.java","5443","28960","34403"
"2016-02-09 08:28","BookieShell.java","12815","105770","118585"
"2016-03-16 05:03","BookieShell.java","65932","56154","122086"
"2014-12-06 07:47","BookieShell.java","12062","99297","111359"
"2014-12-06 08:03","BookieShell.java","12069","99508","111577"
"2014-09-29 16:29","BookieShell.java","12035","98917","110952"
"2014-06-03 12:35","BookieShell.java","11472","89431","100903"
"2014-02-05 22:43","BookieShell.java","11186","83404","94590"
"2013-10-02 06:54","BookieShell.java","9442","75576","85018"
"2015-01-13 13:06","BookieShell.java","12284","101568","113852"
"2017-06-01 23:58","BookieShell.java","68549","95793","164342"
"2017-07-07 05:11","BookieShell.java","68758","104917","173675"
"2013-02-26 04:12","BookieShell.java","8537","66761","75298"
"2017-01-11 07:37","BookieShell.java","67190","76581","143771"
"2016-12-21 01:42","BookieShell.java","67187","76220","143407"
"2017-01-11 07:34","BookieShell.java","67190","76457","143647"
"2016-11-30 00:02","BookieShell.java","67167","70301","137468"
"2017-01-30 23:25","BookieShell.java","67191","76757","143948"
"2017-03-28 22:35","BookieShell.java","67272","87569","154841"
"2017-01-30 21:31","BookieShell.java","67190","76648","143838"
"2017-03-22 22:54","BookieShell.java","67274","83267","150541"
"2017-06-21 19:58","BookieClientTest.java","3810","12887","16697"
"2017-05-15 19:52","BookieClientTest.java","2005","5759","7764"
"2016-02-09 08:12","BenchReadThroughputLatency.java","7186","41778","48964"
"2016-07-14 23:02","BenchReadThroughputLatency.java","110113","46631","156744"
"2013-10-29 05:14","BenchReadThroughputLatency.java","3763","13419","17182"
"2013-10-14 16:43","BenchReadThroughputLatency.java","3517","12304","15821"
"2012-07-27 15:51","TestBKStats.java","34","171","205"
"2013-01-07 12:25","ReadOnlyLedgerHandle.java","8898","58034","66932"
"2015-10-06 10:05","ReadOnlyLedgerHandle.java","13863","127622","141485"
"2017-01-31 04:01","ReadOnlyLedgerHandle.java","51519","90113","141632"
"2014-01-17 18:13","ReadOnlyLedgerHandle.java","12152","105560","117712"
"2017-06-30 00:12","ReadOnlyLedgerHandle.java","52827","108234","161061"
"2014-02-05 22:43","ReadOnlyLedgerHandle.java","12641","107748","120389"
"2017-03-23 15:55","ReadOnlyLedgerHandle.java","51569","90529","142098"
"2016-02-23 19:16","LedgerMetadataImpl.java","13955","130303","144258"
"2012-09-12 11:59","LedgerMetadataImpl.java","3525","27269","30794"
"2013-08-13 14:32","LedgerMetadataImpl.java","11051","99914","110965"
"2017-06-01 23:58","LedgerMetadataImpl.java","52494","102957","155451"
"2013-03-25 18:02","LedgerMetadataImpl.java","10596","92807","103403"
"2013-04-26 18:38","LedgerMetadataImpl.java","10629","93203","103832"
"2017-07-28 20:12","LedgerMetadataImpl.java","53155","115447","168602"
"2016-07-11 23:01","LedgerMetadataImpl.java","50734","68633","119367"
"2012-07-18 17:00","LedgerMetadataImpl.java","1835","5545","7380"
"2016-05-04 15:55","CompactionTest.java","105047","4956","110003"
"2017-03-22 22:54","CompactionTest.java","110842","32992","143834"
"2017-06-21 21:07","CompactionTest.java","113686","50255","163941"
"2017-11-08 12:27","CompactionTest.java","132573","99446","232019"
"2017-05-16 00:31","CompactionTest.java","112289","42915","155204"
"2017-07-07 08:19","CompactionTest.java","114263","56862","171125"
"2013-07-04 14:01","JournalChannel.java","4455","44717","49172"
"2013-10-12 05:42","JournalChannel.java","5654","48289","53943"
"2013-07-20 19:59","JournalChannel.java","4487","44986","49473"
"2014-04-29 22:07","JournalChannel.java","7141","58558","65699"
"2014-03-07 13:30","JournalChannel.java","6994","56099","63093"
"2016-10-13 07:50","Node.java","112110","50442","162552"
"2015-04-21 09:17","CodahaleOpStatsTest.java","578","3316","3894"
"2017-03-22 22:54","Cookie.java","46132","99632","145764"
"2016-11-30 00:02","Cookie.java","46090","86731","132821"
"2014-02-05 22:43","Cookie.java","20024","129749","149773"
"2014-05-09 14:04","Cookie.java","20124","134003","154127"
"2012-09-07 07:04","Cookie.java","13103","50610","63713"
"2014-09-23 17:53","Cookie.java","20598","144625","165223"
"2014-09-18 06:57","Cookie.java","20581","144552","165133"
"2014-12-06 08:03","Cookie.java","20624","145570","166194"
"2012-12-08 11:18","Cookie.java","16620","74089","90709"
"2013-02-08 19:08","Cookie.java","17954","113657","131611"
"2012-12-08 11:18","Bookie.java","5137","25099","30236"
"2012-09-14 15:42","Bookie.java","623","1284","1907"
"2012-10-25 15:35","Bookie.java","4206","14111","18317"
"2012-10-26 16:25","Bookie.java","4463","15317","19780"
"2017-01-31 04:01","Bookie.java","67202","82907","150109"
"2017-03-28 22:37","Bookie.java","67290","87802","155092"
"2016-01-26 22:11","Bookie.java","12736","105565","118301"
"2015-03-18 07:38","Bookie.java","12307","101884","114191"
"2015-04-21 09:17","Bookie.java","12308","101987","114295"
"2012-10-18 16:40","Bookie.java","4027","12795","16822"
"2012-12-03 17:59","Bookie.java","4967","24884","29851"
"2013-06-21 19:26","Bookie.java","9262","73633","82895"
"2014-09-23 17:53","Bookie.java","12034","98554","110588"
"2017-07-04 06:27","Bookie.java","68767","103246","172013"
"2017-06-05 22:25","Bookie.java","68565","97258","165823"
"2014-02-06 09:25","Bookie.java","11188","83414","94602"
"2014-04-29 22:07","Bookie.java","11339","87070","98409"
"2013-12-06 07:39","Bookie.java","10456","80427","90883"
"2014-08-02 20:02","Bookie.java","11918","96346","108264"
"2013-10-02 07:01","Bookie.java","9442","75658","85100"
"2017-06-28 23:24","Bookie.java","68608","99254","167862"
"2017-07-07 08:19","Bookie.java","68758","105200","173958"
"2013-09-11 00:34","Bookie.java","9413","75428","84841"
"2014-01-21 17:26","Bookie.java","10613","82321","92934"
"2013-10-12 05:42","Bookie.java","10205","77154","87359"
"2013-10-22 16:21","Bookie.java","10406","78122","88528"
"2017-05-16 00:31","Bookie.java","67915","92384","160299"
"2013-07-24 16:55","Bookie.java","9317","74746","84063"
"2014-02-05 22:43","Bookie.java","11186","83404","94590"
"2014-08-18 23:03","Bookie.java","11926","97822","109748"
"2014-05-09 14:04","Bookie.java","11353","87725","99078"
"2013-06-15 19:05","Bookie.java","9258","73502","82760"
"2017-06-01 23:58","Bookie.java","68549","95793","164342"
"2017-08-02 00:49","Bookie.java","70174","122859","193033"
"2013-12-02 18:45","Bookie.java","10446","80265","90711"
"2013-05-04 14:22","Bookie.java","9042","68757","77799"
"2012-12-18 13:04","Bookie.java","5693","30007","35700"
"2016-11-18 00:18","Bookie.java","67150","69754","136904"
"2017-03-28 22:35","Bookie.java","67272","87569","154841"
"2016-07-14 23:02","Bookie.java","66134","60848","126982"
"2017-06-05 20:30","Bookie.java","68550","96152","164702"
"2016-11-30 00:02","Bookie.java","67167","70301","137468"
"2012-12-24 05:50","Bookie.java","6295","30717","37012"
"2017-03-22 22:54","Bookie.java","67274","83267","150541"
"2012-12-24 06:23","Bookie.java","6359","31003","37362"
"2017-01-31 04:01","Bookie.java","112273","41458","153731"
"2017-03-28 22:37","Bookie.java","112492","46484","158976"
"2016-01-26 22:11","Bookie.java","1739","8048","9787"
"2015-03-18 07:38","Bookie.java","530","3587","4117"
"2015-04-21 09:17","Bookie.java","610","3769","4379"
"2017-07-04 06:27","Bookie.java","115595","63554","179149"
"2017-06-05 22:25","Bookie.java","115041","57214","172255"
"2017-06-28 23:24","Bookie.java","115146","59272","174418"
"2017-07-07 08:19","Bookie.java","115643","65565","181208"
"2017-05-16 00:31","Bookie.java","113813","51762","165575"
"2017-06-01 23:58","Bookie.java","114686","55410","170096"
"2017-08-02 00:49","Bookie.java","119395","85560","204955"
"2016-11-18 00:18","Bookie.java","112197","28281","140478"
"2017-03-28 22:35","Bookie.java","112452","46229","158681"
"2016-07-14 23:02","Bookie.java","107120","15314","122434"
"2017-06-05 20:30","Bookie.java","114804","55886","170690"
"2016-11-30 00:02","Bookie.java","112225","28839","141064"
"2017-03-22 22:54","Bookie.java","112395","41868","154263"
"2013-05-04 14:22","LedgerDeleteTest.java","6424","48913","55337"
"2013-05-31 12:02","LedgerDeleteTest.java","6571","49489","56060"
"2014-01-22 14:35","LedgerDeleteTest.java","8383","63241","71624"
"2016-03-08 06:49","LedgerDeleteTest.java","10885","87502","98387"
"2014-07-24 01:41","LedgerDeleteTest.java","9488","70238","79726"
"2015-09-15 10:38","BookKeeper.java","492","794","1286"
"2015-10-22 09:22","BookKeeper.java","579","2261","2840"
"2017-01-31 04:01","BookKeeper.java","111440","36901","148341"
"2017-06-30 00:12","BookKeeper.java","114724","56998","171722"
"2016-10-13 07:50","BookKeeper.java","111182","23087","134269"
"2017-06-21 21:00","BookKeeper.java","114394","54197","168591"
"2017-03-28 22:35","BookKeeper.java","111639","41692","153331"
"2016-07-11 23:01","BookKeeper.java","106203","10639","116842"
"2016-10-13 09:27","BookKeeper.java","111304","23195","134499"
"2017-07-28 20:12","BookKeeper.java","116112","64941","181053"
"2017-05-15 19:52","BookKeeper.java","112885","46692","159577"
"2014-01-21 05:19","PerChannelBookieClient.java","10715","101571","112286"
"2013-10-22 07:35","PerChannelBookieClient.java","10433","96935","107368"
"2014-01-09 07:30","PerChannelBookieClient.java","10610","100034","110644"
"2017-06-30 00:12","PerChannelBookieClient.java","55274","107233","162507"
"2014-05-27 13:56","PerChannelBookieClient.java","11368","107742","119110"
"2017-07-04 06:27","PerChannelBookieClient.java","55359","109279","164638"
"2012-08-13 11:38","PerChannelBookieClient.java","576","6471","7047"
"2017-01-31 04:01","PerChannelBookieClient.java","53961","89107","143068"
"2015-10-06 10:05","PerChannelBookieClient.java","12462","122773","135235"
"2016-04-05 18:47","PerChannelBookieClient.java","53274","65882","119156"
"2017-04-15 13:58","PerChannelBookieClient.java","54072","94910","148982"
"2017-05-15 19:52","PerChannelBookieClient.java","54522","98014","152536"
"2012-12-01 15:04","PerChannelBookieClient.java","5611","44598","50209"
"2016-04-05 08:45","PerChannelBookieClient.java","53272","65638","118910"
"2017-07-28 20:12","PerChannelBookieClient.java","55938","114452","170390"
"2017-01-31 02:14","PerChannelBookieClient.java","53949","83626","137575"
"2017-03-28 22:35","PerChannelBookieClient.java","54002","93740","147742"
"2017-03-23 00:48","PerChannelBookieClient.java","54008","89494","143502"
"2013-01-10 19:13","PerChannelBookieClient.java","7705","54003","61708"
"2014-07-25 00:34","PerChannelBookieClient.java","11758","114997","126755"
"2017-08-02 00:49","PerChannelBookieClient.java","56717","128843","185560"
"2017-06-21 19:58","PerChannelBookieClient.java","55254","104069","159323"
"2017-06-01 23:58","PerChannelBookieClient.java","55207","101892","157099"
"2013-10-29 05:14","PerChannelBookieClient.java","10592","97885","108477"
"2013-06-28 17:27","PerChannelBookieClient.java","9467","93461","102928"
"2014-02-21 19:01","PerChannelBookieClient.java","11270","104092","115362"
"2014-02-05 22:43","PerChannelBookieClient.java","11180","102839","114019"
"2017-04-20 19:55","PerChannelBookieClient.java","54073","94932","149005"
"2013-09-11 00:34","PerChannelBookieClient.java","9573","95029","104602"
"2013-08-20 12:51","PerChannelBookieClient.java","9526","94695","104221"
"2017-06-01 23:58","EntryLogger.java","3753","21373","25126"
"2017-11-08 12:27","EntryLogger.java","32346","83438","115784"
"2017-03-23 00:48","EntryLogger.java","744","7165","7909"
"2016-07-11 23:01","LedgerCreateOp.java","107874","30336","138210"
"2015-09-15 10:38","LedgerCreateOp.java","3701","22029","25730"
"2015-04-21 09:17","LedgerCreateOp.java","2945","20406","23351"
"2015-10-22 09:22","LedgerCreateOp.java","3774","23482","27256"
"2014-01-21 05:19","PerChannelBookieClient.java","10405","95366","105771"
"2013-10-22 07:35","PerChannelBookieClient.java","10123","90730","100853"
"2014-01-09 07:30","PerChannelBookieClient.java","10300","93829","104129"
"2017-06-30 00:12","PerChannelBookieClient.java","61005","107069","168074"
"2014-05-27 13:56","PerChannelBookieClient.java","11077","101556","112633"
"2017-07-04 06:27","PerChannelBookieClient.java","61090","109115","170205"
"2017-01-31 04:01","PerChannelBookieClient.java","59691","88942","148633"
"2015-10-06 10:05","PerChannelBookieClient.java","12202","116618","128820"
"2016-04-05 18:47","PerChannelBookieClient.java","59001","65714","124715"
"2017-04-15 13:58","PerChannelBookieClient.java","59802","94745","154547"
"2017-05-15 19:52","PerChannelBookieClient.java","60253","97850","158103"
"2012-12-01 15:04","PerChannelBookieClient.java","5248","38340","43588"
"2016-04-05 08:45","PerChannelBookieClient.java","58999","65470","124469"
"2017-07-28 20:12","PerChannelBookieClient.java","61669","114288","175957"
"2017-01-31 02:14","PerChannelBookieClient.java","59679","83461","143140"
"2017-03-28 22:35","PerChannelBookieClient.java","59732","93575","153307"
"2017-03-23 00:48","PerChannelBookieClient.java","59738","89329","149067"
"2013-01-10 19:13","PerChannelBookieClient.java","7372","47775","55147"
"2014-07-25 00:34","PerChannelBookieClient.java","11484","108828","120312"
"2017-08-02 00:49","PerChannelBookieClient.java","62451","128682","191133"
"2017-06-21 19:58","PerChannelBookieClient.java","60985","103905","164890"
"2017-06-01 23:58","PerChannelBookieClient.java","60938","101728","162666"
"2013-10-29 05:14","PerChannelBookieClient.java","10282","91680","101962"
"2013-06-28 17:27","PerChannelBookieClient.java","9155","87254","96409"
"2014-02-21 19:01","PerChannelBookieClient.java","10969","97896","108865"
"2014-02-05 22:43","PerChannelBookieClient.java","10878","96642","107520"
"2017-04-20 19:55","PerChannelBookieClient.java","59803","94767","154570"
"2013-09-11 00:34","PerChannelBookieClient.java","9263","88824","98087"
"2013-08-20 12:51","PerChannelBookieClient.java","9216","88490","97706"
"2015-09-15 10:38","LedgerManager.java","15234","134204","149438"
"2014-01-17 18:13","LedgerManager.java","13555","112498","126053"
"2013-04-04 11:21","LedgerManager.java","12029","99612","111641"
"2012-12-24 05:50","LedgerManager.java","9710","62556","72266"
"2017-03-23 00:48","ClientConfiguration.java","1145","15041","16186"
"2017-03-28 22:35","ClientConfiguration.java","1240","19388","20628"
"2017-01-31 02:14","ClientConfiguration.java","936","9023","9959"
"2017-04-15 13:58","ClientConfiguration.java","1575","20823","22398"
"2017-03-23 00:59","ClientConfiguration.java","1158","15066","16224"
"2017-05-15 19:52","ClientConfiguration.java","2924","24826","27750"
"2017-06-21 19:58","ClientConfiguration.java","4584","31809","36393"
"2017-06-05 21:48","ClientConfiguration.java","4262","30099","34361"
"2017-06-21 19:50","ClientConfiguration.java","4578","31693","36271"
"2017-08-02 00:49","ClientConfiguration.java","9547","60083","69630"
"2017-08-01 08:34","ClientConfiguration.java","8845","56796","65641"
"2017-06-30 00:12","ClientConfiguration.java","4934","35303","40237"
"2017-07-04 06:27","ClientConfiguration.java","5141","37471","42612"
"2017-01-31 04:01","ClientConfiguration.java","1002","14558","15560"
"2017-08-16 03:41","TestRackawareEnsemblePlacementPolicyUsingScript.java","11823","62405","74228"
"2017-08-02 00:49","ClientConfiguration.java","5992","29303","35295"
"2017-08-01 08:34","ClientConfiguration.java","5055","25781","30836"
"2017-06-30 00:12","ClientConfiguration.java","415","3559","3974"
"2017-07-04 06:27","ClientConfiguration.java","754","5859","6613"
"2017-03-23 15:58","LocalBookiesRegistry.java","2580","20047","22627"
"2017-07-04 06:27","FileInfo.java","75679","99864","175543"
"2014-12-04 12:28","FileInfo.java","9467","86245","95712"
"2017-01-31 04:01","FileInfo.java","73947","79358","153305"
"2017-03-23 15:55","FileInfo.java","74028","79805","153833"
"2016-11-18 00:18","FileInfo.java","73894","66204","140098"
"2012-12-18 13:04","FileInfo.java","2483","16503","18986"
"2013-05-04 14:22","FileInfo.java","6127","55548","61675"
"2017-06-01 23:58","FileInfo.java","75384","92334","167718"
"2017-07-17 23:27","FileInfo.java","75747","103039","178786"
"2017-05-16 00:31","FileInfo.java","74698","88873","163571"
"2013-10-22 16:21","FileInfo.java","7649","65071","72720"
"2013-10-11 08:36","FileInfo.java","7349","63463","70812"
"2012-12-18 13:04","LedgerDescriptorReadOnlyImpl.java","10762","68600","79362"
"2017-05-16 00:31","LedgerDescriptorReadOnlyImpl.java","48024","106017","154041"
"2013-04-04 11:21","LedgerManagerTestCase.java","3159","37896","41055"
"2017-06-12 17:20","LedgerManagerTestCase.java","81715","86314","168029"
"2017-05-16 00:31","LedgerManagerTestCase.java","80826","80873","161699"
"2016-11-18 00:18","LedgerManagerTestCase.java","79935","58117","138052"
"2017-01-31 04:01","LedgerManagerTestCase.java","79989","71272","151261"
"2017-03-28 22:37","LedgerManagerTestCase.java","80079","76169","156248"
"2015-09-15 10:38","LedgerManagerTestCase.java","8247","74371","82618"
"2016-04-27 09:55","LedgerManagerTestCase.java","78445","47752","126197"
"2017-07-04 06:27","LedgerManagerTestCase.java","81993","92050","174043"
"2017-07-07 08:19","Bookie.java","141","2104","2245"
"2017-08-02 00:49","Bookie.java","5371","23577","28948"
"2017-08-02 00:49","BookieAuthProvider.java","14572","74332","88904"
"2017-07-28 20:12","BookieAuthProvider.java","11588","57736","69324"
"2017-01-31 02:14","BookieAuthProvider.java","6577","23888","30465"
"2017-06-01 23:58","EntryLogger.java","3366","14565","17931"
"2017-11-08 12:27","EntryLogger.java","35665","80336","116001"
"2014-07-24 01:41","ConditionalSetTest.java","19016","148315","167331"
"2011-11-18 11:18","ConditionalSetTest.java","717","2005","2722"
"2015-10-06 10:05","WriteEntryProcessor.java","2272","8714","10986"
"2015-04-21 09:17","WriteEntryProcessor.java","1381","6632","8013"
"2017-05-15 19:52","WriteEntryProcessor.java","114187","53810","167997"
"2017-03-23 00:48","ClientConfiguration.java","111708","59901","171609"
"2016-04-05 08:45","ClientConfiguration.java","108492","33565","142057"
"2017-03-28 22:35","ClientConfiguration.java","111704","64149","175853"
"2017-01-31 02:14","ClientConfiguration.java","111607","53991","165598"
"2017-04-15 13:58","ClientConfiguration.java","111850","65395","177245"
"2017-03-23 00:59","ClientConfiguration.java","111713","59918","171631"
"2017-05-15 19:52","ClientConfiguration.java","112611","68810","181421"
"2016-10-13 07:50","ClientConfiguration.java","111429","45726","157155"
"2017-06-21 19:58","ClientConfiguration.java","113789","75311","189100"
"2017-06-05 21:48","ClientConfiguration.java","113629","73763","187392"
"2017-06-21 19:50","ClientConfiguration.java","113783","75195","188978"
"2017-08-02 00:49","ClientConfiguration.java","117487","102320","219807"
"2017-08-01 08:34","ClientConfiguration.java","116950","99198","216148"
"2014-05-27 13:56","ClientConfiguration.java","2318","11399","13717"
"2017-06-30 00:12","ClientConfiguration.java","113986","78652","192638"
"2014-09-18 06:47","ClientConfiguration.java","3557","22142","25699"
"2017-07-04 06:27","ClientConfiguration.java","114120","80747","194867"
"2017-01-31 04:01","ClientConfiguration.java","111616","59469","171085"
"2015-10-06 10:05","ClientConfiguration.java","4815","27833","32648"
"2015-10-06 10:48","ClientConfiguration.java","4818","28062","32880"
"2016-02-09 08:32","ClientConfiguration.java","4976","30085","35061"
"2014-12-06 07:54","ClientConfiguration.java","3677","23180","26857"
"2016-08-01 08:04","ClientConfiguration.java","108882","36409","145291"
"2013-01-07 12:25","ReadOnlyLedgerHandle.java","10906","67973","78879"
"2015-10-06 10:05","ReadOnlyLedgerHandle.java","15584","137274","152858"
"2017-01-31 04:01","ReadOnlyLedgerHandle.java","48182","94707","142889"
"2012-06-29 18:43","ReadOnlyLedgerHandle.java","2417","10348","12765"
"2014-01-17 18:13","ReadOnlyLedgerHandle.java","14025","115364","129389"
"2017-06-30 00:12","ReadOnlyLedgerHandle.java","49423","112761","162184"
"2014-02-05 22:43","ReadOnlyLedgerHandle.java","14477","117515","131992"
"2017-03-23 15:55","ReadOnlyLedgerHandle.java","48220","95111","143331"
"2012-09-12 11:59","RoundRobinDistributionSchedule.java","1356","12885","14241"
"2014-12-05 17:51","RoundRobinDistributionSchedule.java","11747","109901","121648"
"2017-06-30 00:12","RoundRobinDistributionSchedule.java","61527","105049","166576"
"2017-06-21 19:58","ClientConfiguration.java","363","1751","2114"
"2017-06-21 19:50","ClientConfiguration.java","353","1631","1984"
"2017-08-02 00:49","ClientConfiguration.java","6331","31030","37361"
"2017-08-01 08:34","ClientConfiguration.java","5394","27508","32902"
"2017-06-30 00:12","ClientConfiguration.java","764","5296","6060"
"2017-07-04 06:27","ClientConfiguration.java","1096","7589","8685"
"2017-08-02 00:49","ClientConfiguration.java","6003","29424","35427"
"2017-08-01 08:34","ClientConfiguration.java","5066","25902","30968"
"2017-06-30 00:12","ClientConfiguration.java","428","3682","4110"
"2017-07-04 06:27","ClientConfiguration.java","765","5980","6745"
"2013-10-12 05:42","BookieJournalRollingTest.java","1664","8469","10133"
"2014-07-24 01:41","BookieJournalRollingTest.java","4302","22134","26436"
"2015-10-06 10:05","BenchBookie.java","16188","140909","157097"
"2012-05-09 13:20","BenchBookie.java","918","2628","3546"
"2013-10-14 16:43","BenchBookie.java","14508","115342","129850"
"2014-02-05 22:43","BenchBookie.java","15142","121211","136353"
"2017-05-15 19:52","BenchBookie.java","47971","105873","153844"
"2016-07-14 23:02","BenchBookie.java","47388","75953","123341"
"2016-02-09 08:28","BookieShell.java","1840","7913","9753"
"2016-03-16 05:03","BookieShell.java","106624","9964","116588"
"2014-12-06 07:47","BookieShell.java","75","428","503"
"2014-12-06 08:03","BookieShell.java","87","644","731"
"2015-01-13 13:06","BookieShell.java","467","2869","3336"
"2017-06-01 23:58","BookieShell.java","114699","55061","169760"
"2017-07-07 05:11","BookieShell.java","115644","64921","180565"
"2017-01-11 07:37","BookieShell.java","112275","34784","147059"
"2016-12-21 01:42","BookieShell.java","112264","34415","146679"
"2017-01-11 07:34","BookieShell.java","112275","34660","146935"
"2016-11-30 00:02","BookieShell.java","112231","28483","140714"
"2017-01-30 23:25","BookieShell.java","112280","34964","147244"
"2017-03-28 22:35","BookieShell.java","112464","45879","158343"
"2017-01-30 21:31","BookieShell.java","112277","34853","147130"
"2017-03-22 22:54","BookieShell.java","112407","41518","153925"
"2016-03-08 06:49","CompactionTest.java","1726","6160","7886"
"2015-04-21 09:55","CompactionTest.java","191","632","823"
"2016-05-04 15:55","CompactionTest.java","106502","10845","117347"
"2017-03-22 22:54","CompactionTest.java","112112","38696","150808"
"2017-06-21 21:07","CompactionTest.java","114856","55859","170715"
"2017-11-08 12:27","CompactionTest.java","132737","104044","236781"
"2017-05-16 00:31","CompactionTest.java","113536","48596","162132"
"2017-07-07 08:19","CompactionTest.java","115408","62441","177849"
"2014-02-05 22:43","TestReplicationWorker.java","6786","54980","61766"
"2013-05-31 12:02","TestReplicationWorker.java","4249","40369","44618"
"2013-06-15 19:05","TestReplicationWorker.java","4352","44572","48924"
"2013-01-14 16:59","TestReplicationWorker.java","2346","5805","8151"
"2016-04-27 09:00","TestReplicationWorker.java","78924","48130","127054"
"2015-07-10 22:48","TestReplicationWorker.java","8421","74641","83062"
"2014-07-24 01:41","TestReplicationWorker.java","7530","61482","69012"
"2015-10-06 10:05","TestPerChannelBookieClient.java","2948","15842","18790"
"2017-05-16 00:31","TestPerChannelBookieClient.java","112271","58764","171035"
"2017-01-31 02:14","TestPerChannelBookieClient.java","110985","43245","154230"
"2016-04-05 08:45","TestPerChannelBookieClient.java","107629","22578","130207"
"2017-05-15 19:52","TestPerChannelBookieClient.java","112131","58206","170337"
"2017-10-17 09:32","AuditorElector.java","28066","84048","112114"
"2016-09-10 21:01","AuditorElector.java","3819","7889","11708"
"2017-03-28 22:40","AuditorElector.java","6459","32485","38944"
"2017-10-17 09:32","AuditorElector.java","31303","83215","114518"
"2017-03-28 22:40","AuditorElector.java","2750","24706","27456"
"2017-06-01 23:58","SASLBookieAuthProviderFactory.java","1148","2055","3203"
"2017-08-02 00:49","BookieNettyServer.java","7739","36373","44112"
"2017-06-01 09:47","BookieNettyServer.java","411","3376","3787"
"2016-02-24 00:44","TestEntryLog.java","1545","7432","8977"
"2017-05-16 00:31","TestEntryLog.java","113453","50318","163771"
"2017-07-07 08:19","TestEntryLog.java","115313","64151","179464"
"2017-06-05 22:25","BookKeeperServerStats.java","114806","53922","168728"
"2017-08-16 03:41","BookKeeperServerStats.java","121546","91511","213057"
"2017-10-03 12:31","BookKeeperServerStats.java","130621","83886","214507"
"2012-07-23 23:39","LocalBookKeeper.java","4751","17384","22135"
"2014-12-10 19:43","LocalBookKeeper.java","15598","135276","150874"
"2013-02-08 19:08","LocalBookKeeper.java","11785","102055","113840"
"2015-07-10 22:48","LocalBookKeeper.java","15701","138019","153720"
"2017-05-26 12:38","LocalBookKeeper.java","48366","106807","155173"
"2017-06-01 11:31","LocalBookKeeper.java","48401","107756","156157"
"2017-06-01 23:58","LocalBookKeeper.java","48943","108261","157204"
"2013-01-14 16:59","LocalBookKeeper.java","11634","71191","82825"
"2017-03-22 22:54","FileSystemUpgrade.java","6252","27531","33783"
"2012-12-18 12:00","BookKeeperClusterTestCase.java","11770","71966","83736"
"2017-05-15 19:52","BookKeeperClusterTestCase.java","46945","107168","154113"
"2013-01-09 17:18","BookKeeperClusterTestCase.java","12663","75254","87917"
"2016-04-05 08:45","BookKeeperClusterTestCase.java","46282","75379","121661"
"2012-03-31 10:58","BookKeeperClusterTestCase.java","1252","3399","4651"
"2017-08-01 08:34","BookKeeperClusterTestCase.java","48398","134670","183068"
"2013-10-12 05:42","BookKeeperClusterTestCase.java","14365","117486","131851"
"2014-02-05 22:43","BookKeeperClusterTestCase.java","14988","123378","138366"
"2017-11-08 12:27","BookKeeperClusterTestCase.java","50530","147418","197948"
"2013-06-15 19:05","BookKeeperClusterTestCase.java","14113","114529","128642"
"2014-05-09 14:04","BookKeeperClusterTestCase.java","15089","127633","142722"
"2012-12-12 11:20","BookKeeperClusterTestCase.java","11558","68845","80403"
"2012-09-12 11:59","BookKeeperClusterTestCase.java","8007","44704","52711"
"2017-07-04 06:27","BookKeeperClusterTestCase.java","47683","118334","166017"
"2014-07-24 01:41","BookKeeperClusterTestCase.java","15357","129505","144862"
"2014-05-23 18:46","BookKeeperClusterTestCase.java","15089","127963","143052"
"2017-06-30 00:12","BookKeeperClusterTestCase.java","47619","116309","163928"
"2014-04-24 10:43","BookKeeperClusterTestCase.java","15054","126579","141633"
"2012-12-13 12:33","BookKeeperClusterTestCase.java","11711","69239","80950"
"2013-01-07 12:25","BookKeeperClusterTestCase.java","12405","74824","87229"
"2016-04-27 09:55","BookKeeperClusterTestCase.java","46300","76201","122501"
"2013-01-03 11:06","BookKeeperClusterTestCase.java","12361","73753","86114"
"2015-10-06 10:48","BookKeeperClusterTestCase.java","15992","143260","159252"
"2014-12-10 19:43","BookKeeperClusterTestCase.java","15740","139516","155256"
"2014-07-24 01:41","TestWatchEnsembleChange.java","1183","6941","8124"
"2014-05-12 08:10","TestWatchEnsembleChange.java","523","4995","5518"
"2015-09-15 10:38","TestWatchEnsembleChange.java","3701","22029","25730"
"2017-06-01 23:58","ReplicationWorker.java","5430","33890","39320"
"2017-04-11 20:14","ReplicationWorker.java","2808","24780","27588"
"2017-05-26 16:52","ReplicationWorker.java","4545","32148","36693"
"2017-05-16 00:31","BookieProtocol.java","8327","39871","48198"
"2017-06-01 21:20","BookieProtocol.java","9111","42982","52093"
"2017-05-15 19:52","BookieProtocol.java","8150","39276","47426"
"2017-06-05 22:25","BookieProtocol.java","9705","45473","55178"
"2016-02-09 08:28","BookieShell.java","3472","18468","21940"
"2016-03-16 05:03","BookieShell.java","107839","20102","127941"
"2014-12-06 07:47","BookieShell.java","1941","11217","13158"
"2014-12-06 08:03","BookieShell.java","1949","11429","13378"
"2014-09-29 16:29","BookieShell.java","1868","10791","12659"
"2015-01-13 13:06","BookieShell.java","2319","13644","15963"
"2017-06-01 23:58","BookieShell.java","113325","62610","175935"
"2017-07-07 05:11","BookieShell.java","114068","72268","186336"
"2017-01-11 07:37","BookieShell.java","111195","42627","153822"
"2016-12-21 01:42","BookieShell.java","111186","42260","153446"
"2017-01-11 07:34","BookieShell.java","111195","42503","153698"
"2016-11-30 00:02","BookieShell.java","111153","36328","147481"
"2017-01-30 23:25","BookieShell.java","111200","42807","154007"
"2017-03-28 22:35","BookieShell.java","111317","53655","164972"
"2017-01-30 21:31","BookieShell.java","111197","42696","153893"
"2017-03-22 22:54","BookieShell.java","111309","49343","160652"
"2017-08-16 03:41","NetUtils.java","12047","69440","81487"
"2016-07-14 23:02","BenchReadThroughputLatency.java","105630","7556","113186"
"2012-12-24 05:50","LedgerCacheImpl.java","11441","71575","83016"
"2016-11-18 00:18","LedgerCacheImpl.java","46669","84985","131654"
"2012-12-18 13:04","LedgerCacheImpl.java","11232","71258","82490"
"2012-03-29 15:18","LedgerCacheImpl.java","499","1348","1847"
"2017-05-16 00:31","LedgerCacheImpl.java","47209","107390","154599"
"2013-10-11 08:36","LedgerCacheImpl.java","14374","116494","130868"
"2017-06-01 23:58","LedgerCacheImpl.java","47818","110774","158592"
"2014-08-02 20:02","LedgerCacheImpl.java","15609","135749","151358"
"2012-05-07 18:48","LedgerCacheImpl.java","1259","4187","5446"
"2017-07-04 06:27","LedgerCacheImpl.java","47942","118133","166075"
"2012-10-26 12:51","LedgerCacheImpl.java","10373","56379","66752"
"2017-01-31 04:01","LedgerCacheImpl.java","46710","98127","144837"
"2017-05-15 19:52","UpgradeTest.java","113296","49743","163039"
"2016-07-11 23:01","BookieWriteLedgerTest.java","107874","30336","138210"
"2014-07-24 01:41","BookieWriteLedgerTest.java","1183","6941","8124"
"2015-10-22 09:22","BookieWriteLedgerTest.java","3774","23482","27256"
"2017-08-02 00:49","BookieAuthProvider.java","3657","17269","20926"
"2013-10-12 05:42","LedgerDirsManagerTest.java","5965","51670","57635"
"2017-07-07 08:19","LedgerDirsManagerTest.java","81276","96474","177750"
"2017-01-30 23:25","LedgerDirsManagerTest.java","79491","67813","147304"
"2017-06-05 20:30","LedgerDirsManagerTest.java","81037","87395","168432"
"2014-12-10 19:43","LedgerDirsManagerTest.java","8427","74787","83214"
"2014-07-24 01:41","LedgerDirsManagerTest.java","7798","64530","72328"
"2014-09-22 12:11","CodahaleMetricsProvider.java","3519","18564","22083"
"2014-09-06 07:27","CodahaleMetricsProvider.java","3280","18146","21426"
"2016-12-17 02:43","CodahaleMetricsProvider.java","111661","49109","160770"
"2017-05-26 16:52","CodahaleMetricsProvider.java","112899","67865","180764"
"2014-02-05 22:43","TestReplicationWorker.java","5084","49819","54903"
"2013-05-31 12:02","TestReplicationWorker.java","2225","34886","37111"
"2013-06-15 19:05","TestReplicationWorker.java","2361","39122","41483"
"2016-04-27 09:00","TestReplicationWorker.java","79273","45020","124293"
"2015-07-10 22:48","TestReplicationWorker.java","6861","69622","76483"
"2014-07-24 01:41","TestReplicationWorker.java","5910","56403","62313"
"2012-12-13 18:34","BookieReadWriteTest.java","9860","63678","73538"
"2014-01-21 05:05","BookieReadWriteTest.java","14026","115915","129941"
"2012-06-19 12:39","BookieReadWriteTest.java","952","3348","4300"
"2014-07-24 01:41","BookieReadWriteTest.java","14876","123672","138548"
"2013-05-31 12:02","BookieReadWriteTest.java","12877","103841","116718"
"2017-07-04 06:27","Bookie.java","833","6619","7452"
"2017-06-28 23:24","Bookie.java","182","2135","2317"
"2017-07-07 08:19","Bookie.java","972","8721","9693"
"2017-08-02 00:49","Bookie.java","6070","30062","36132"
"2017-07-28 20:12","BookKeeper.java","2080","8635","10715"
"2012-12-24 05:50","LedgerCacheImpl.java","11090","70375","81465"
"2016-11-18 00:18","LedgerCacheImpl.java","47108","84575","131683"
"2012-12-18 13:04","LedgerCacheImpl.java","10879","70056","80935"
"2017-05-16 00:31","LedgerCacheImpl.java","47675","107007","154682"
"2013-10-11 08:36","LedgerCacheImpl.java","14075","115346","129421"
"2017-06-01 23:58","LedgerCacheImpl.java","48286","110393","158679"
"2014-08-02 20:02","LedgerCacheImpl.java","15335","134626","149961"
"2012-05-07 18:48","LedgerCacheImpl.java","824","2903","3727"
"2017-07-04 06:27","LedgerCacheImpl.java","48415","117757","166172"
"2012-10-26 12:51","LedgerCacheImpl.java","10009","55166","65175"
"2017-01-31 04:01","LedgerCacheImpl.java","47150","97718","144868"
"2016-07-14 23:02","BenchThroughputLatency.java","45986","79106","125092"
"2013-10-29 05:14","BenchThroughputLatency.java","19717","125975","145692"
"2013-10-14 16:43","BenchThroughputLatency.java","19589","124978","144567"
"2012-09-12 11:59","BenchThroughputLatency.java","13411","52342","65753"
"2012-05-09 13:20","BenchThroughputLatency.java","9134","15399","24533"
"2012-05-04 20:11","BenchThroughputLatency.java","8863","14401","23264"
"2012-06-12 17:37","BenchThroughputLatency.java","9780","17877","27657"
"2014-07-15 09:09","BenchThroughputLatency.java","20307","136713","157020"
"2013-02-08 19:08","BenchThroughputLatency.java","18130","114732","132862"
"2017-08-16 03:37","BookieServer.java","117659","117905","235564"
"2017-08-02 00:49","BookieServer.java","116409","110022","226431"
"2013-07-03 17:39","BookieServer.java","815","6304","7119"
"2013-07-24 16:55","BookieServer.java","897","7254","8151"
"2014-02-05 22:43","BookieServer.java","3807","16953","20760"
"2017-06-28 23:24","BookieServer.java","113070","84644","197714"
"2013-06-15 19:05","BookieServer.java","764","5936","6700"
"2017-06-01 23:58","BookieServer.java","112853","81025","193878"
"2017-10-17 09:32","BookieServer.java","123718","115342","239060"
"2014-08-02 20:02","BookieServer.java","4956","30312","35268"
"2013-12-06 07:39","BookieServer.java","2501","13400","15901"
"2014-01-21 05:05","BookieServer.java","2832","14829","17661"
"2015-10-06 10:05","TestPerChannelBookieClient.java","3432","17369","20801"
"2014-07-24 01:41","TestPerChannelBookieClient.java","517","1560","2077"
"2017-05-16 00:31","TestPerChannelBookieClient.java","112564","60100","172664"
"2017-01-31 02:14","TestPerChannelBookieClient.java","111283","44586","155869"
"2016-04-05 08:45","TestPerChannelBookieClient.java","107981","23973","131954"
"2017-05-15 19:52","TestPerChannelBookieClient.java","112424","59542","171966"
"2017-10-17 09:32","BookieServer.java","27155","18533","45688"
"2017-08-02 00:49","PendingAddOp.java","5648","25815","31463"
"2012-09-03 18:54","TestLedgerFragmentReplication.java","426","6285","6711"
"2012-09-04 10:39","TestLedgerFragmentReplication.java","459","6421","6880"
"2012-10-05 16:24","TestLedgerFragmentReplication.java","3417","16345","19762"
"2014-07-24 01:41","TestLedgerFragmentReplication.java","11175","96476","107651"
"2014-02-05 22:43","TestLedgerFragmentReplication.java","10685","90228","100913"
"2017-05-15 19:52","PacketProcessorBase.java","2703","24279","26982"
"2017-08-16 03:37","BookieServer.java","4701","11334","16035"
"2017-10-17 09:32","BookieServer.java","30953","28964","59917"
"2015-09-15 10:38","GcLedgersTest.java","15234","134204","149438"
"2016-04-27 09:55","GcLedgersTest.java","47977","70130","118107"
"2017-03-28 22:37","GcLedgersTest.java","48247","97183","145430"
"2016-03-08 06:49","GcLedgersTest.java","15444","137711","153155"
"2017-07-04 06:27","GcLedgersTest.java","49576","112479","162055"
"2014-07-24 01:41","GcLedgersTest.java","14466","120866","135332"
"2013-04-04 11:21","GcLedgersTest.java","12029","99612","111641"
"2013-07-29 12:30","GcLedgersTest.java","12462","106359","118821"
"2017-05-16 00:31","GcLedgersTest.java","48805","101698","150503"
"2012-12-24 05:50","GcLedgersTest.java","9710","62556","72266"
"2013-01-14 16:59","BookieServer.java","16676","96860","113536"
"2013-01-09 17:18","BookieServer.java","16587","95707","112294"
"2013-02-12 11:16","BookieServer.java","17508","128278","145786"
"2013-04-02 17:38","BookieServer.java","17679","129452","147131"
"2017-08-16 03:37","BookieServer.java","41279","153298","194577"
"2017-08-02 00:49","BookieServer.java","40816","146202","187018"
"2011-11-18 11:18","BookieServer.java","1065","3731","4796"
"2012-02-15 16:11","BookieServer.java","2523","13578","16101"
"2012-03-08 19:24","BookieServer.java","2833","15770","18603"
"2013-07-03 17:39","BookieServer.java","17889","135151","153040"
"2013-07-24 16:55","BookieServer.java","17901","136031","153932"
"2014-02-05 22:43","BookieServer.java","18324","143243","161567"
"2017-06-28 23:24","BookieServer.java","40150","123497","163647"
"2013-06-15 19:05","BookieServer.java","17880","134825","152705"
"2017-06-01 23:58","BookieServer.java","40130","120075","160205"
"2017-10-17 09:32","BookieServer.java","41743","145140","186883"
"2014-08-02 20:02","BookieServer.java","18672","155801","174473"
"2012-05-09 09:43","BookieServer.java","10270","30556","40826"
"2013-12-06 07:39","BookieServer.java","18054","140726","158780"
"2012-07-23 23:39","BookieServer.java","12552","45812","58364"
"2012-07-09 04:09","BookieServer.java","11196","41547","52743"
"2012-10-18 16:40","BookieServer.java","15648","77117","92765"
"2011-11-17 11:16","BookieServer.java","382","1760","2142"
"2012-02-01 12:58","BookieServer.java","2182","11027","13209"
"2014-01-21 05:05","BookieServer.java","18057","141827","159884"
"2015-09-15 10:38","BookKeeper.java","3694","22018","25712"
"2015-10-22 09:22","BookKeeper.java","3767","23471","27238"
"2017-01-31 04:01","BookKeeper.java","110823","54306","165129"
"2015-07-10 22:48","BookKeeper.java","3266","21288","24554"
"2017-06-30 00:12","BookKeeper.java","113336","73632","186968"
"2014-02-21 19:01","BookKeeper.java","194","1353","1547"
"2016-10-13 07:50","BookKeeper.java","110613","40540","151153"
"2017-06-21 21:00","BookKeeper.java","113109","70934","184043"
"2017-03-28 22:35","BookKeeper.java","110925","59000","169925"
"2016-07-11 23:01","BookKeeper.java","107867","30325","138192"
"2016-10-13 09:27","BookKeeper.java","110728","40641","151369"
"2017-07-28 20:12","BookKeeper.java","114465","81316","195781"
"2017-05-15 19:52","BookKeeper.java","111872","63701","175573"
"2014-07-24 01:41","BookieShutdownTest.java","4318","17923","22241"
"2013-11-22 10:40","BookieShutdownTest.java","1928","7284","9212"
"2013-01-14 16:59","BookieServer.java","16862","94380","111242"
"2013-01-09 17:18","BookieServer.java","16773","93227","110000"
"2013-02-12 11:16","BookieServer.java","17732","125836","143568"
"2013-04-02 17:38","BookieServer.java","17918","127025","144943"
"2017-08-16 03:37","BookieServer.java","42387","151740","194127"
"2017-08-02 00:49","BookieServer.java","41852","144572","186424"
"2012-02-15 16:11","BookieServer.java","1618","10007","11625"
"2012-03-08 19:24","BookieServer.java","1949","12220","14169"
"2013-07-03 17:39","BookieServer.java","18128","132724","150852"
"2013-07-24 16:55","BookieServer.java","18145","133609","151754"
"2014-02-05 22:43","BookieServer.java","18694","140947","159641"
"2017-06-28 23:24","BookieServer.java","41183","121864","163047"
"2013-06-15 19:05","BookieServer.java","18124","132403","150527"
"2017-06-01 23:58","BookieServer.java","41147","118426","159573"
"2017-10-17 09:32","BookieServer.java","42961","143692","186653"
"2014-08-02 20:02","BookieServer.java","19095","153558","172653"
"2012-05-09 09:43","BookieServer.java","9935","27555","37490"
"2013-12-06 07:39","BookieServer.java","18354","138360","156714"
"2012-07-23 23:39","BookieServer.java","12315","42909","55224"
"2012-07-09 04:09","BookieServer.java","10940","38625","49565"
"2012-10-18 16:40","BookieServer.java","15802","74605","90407"
"2012-02-01 12:58","BookieServer.java","1243","7422","8665"
"2014-01-21 05:05","BookieServer.java","18369","139473","157842"
"2016-11-18 00:18","InterleavedLedgerStorage.java","111559","44344","155903"
"2014-01-15 15:58","InterleavedLedgerStorage.java","112","456","568"
"2014-01-21 17:26","InterleavedLedgerStorage.java","568","2457","3025"
"2017-05-16 00:31","InterleavedLedgerStorage.java","112757","67407","180164"
"2014-08-02 20:02","InterleavedLedgerStorage.java","3072","17681","20753"
"2017-07-04 06:27","InterleavedLedgerStorage.java","114161","78821","192982"
"2015-04-21 09:55","InterleavedLedgerStorage.java","4087","24118","28205"
"2017-01-31 04:01","InterleavedLedgerStorage.java","111630","57516","169146"
"2016-03-08 06:49","InterleavedLedgerStorage.java","5185","29209","34394"
"2017-03-28 22:37","InterleavedLedgerStorage.java","111765","62458","174223"
"2015-04-21 09:17","InterleavedLedgerStorage.java","4061","23921","27982"
"2014-12-05 17:51","RoundRobinDistributionSchedule.java","12008","98633","110641"
"2017-06-30 00:12","RoundRobinDistributionSchedule.java","68690","100683","169373"
"2017-03-23 15:59","TestZooKeeperClient.java","111130","34697","145827"
"2016-11-18 00:18","InterleavedLedgerStorage.java","110963","53852","164815"
"2013-12-02 18:45","InterleavedLedgerStorage.java","2271","12375","14646"
"2014-01-15 15:58","InterleavedLedgerStorage.java","2351","12799","15150"
"2014-01-21 17:26","InterleavedLedgerStorage.java","2775","14768","17543"
"2013-10-02 06:23","InterleavedLedgerStorage.java","805","7116","7921"
"2017-05-16 00:31","InterleavedLedgerStorage.java","111989","76743","188732"
"2014-08-02 20:02","InterleavedLedgerStorage.java","4771","29484","34255"
"2017-07-04 06:27","InterleavedLedgerStorage.java","113249","88013","201262"
"2015-04-21 09:55","InterleavedLedgerStorage.java","5302","35437","40739"
"2017-01-31 04:01","InterleavedLedgerStorage.java","111011","67001","178012"
"2016-03-08 06:49","InterleavedLedgerStorage.java","6272","40400","46672"
"2017-03-28 22:37","InterleavedLedgerStorage.java","111109","71906","183015"
"2015-04-21 09:17","InterleavedLedgerStorage.java","5282","35246","40528"
"2017-05-25 14:23","LedgerEntry.java","361","2643","3004"
"2017-06-01 11:42","LedgerEntry.java","482","3708","4190"
"2014-05-12 08:10","MetastoreTable.java","9324","68988","78312"
"2016-07-14 23:02","MetastoreTable.java","77574","55262","132836"
"2017-03-28 22:35","RackawareEnsemblePlacementPolicyImpl.java","1240","19388","20628"
"2017-08-16 03:41","RackawareEnsemblePlacementPolicyImpl.java","12047","69440","81487"
"2014-07-24 01:41","BookieJournalRollingTest.java","3366","14393","17759"
"2014-09-09 05:57","TestTryReadLastConfirmed.java","1653","10773","12426"
"2017-05-16 13:20","BookieProtoEncoding.java","111735","78142","189877"
"2017-05-16 00:31","BookieProtoEncoding.java","111735","78135","189870"
"2017-06-01 21:20","BookieProtoEncoding.java","112413","81140","193553"
"2017-05-17 08:57","BookieProtoEncoding.java","111752","78211","189963"
"2014-07-25 00:34","BookieProtoEncoding.java","5200","30929","36129"
"2013-03-18 00:31","BookieProtoEncoding.java","187","400","587"
"2016-04-05 08:45","BookieProtoEncoding.java","109189","44045","153234"
"2017-05-15 19:52","BookieProtoEncoding.java","111646","77628","189274"
"2017-06-05 22:25","BookieProtoEncoding.java","112641","83265","195906"
"2017-08-02 00:49","BookieAuthProvider.java","9032","51481","60513"
"2017-07-28 20:12","BookieAuthProvider.java","5908","34745","40653"
"2017-05-15 19:52","PacketProcessorBaseV3.java","2703","24279","26982"
"2017-06-05 22:25","PacketProcessorBaseV3.java","4292","30510","34802"
"2017-01-31 04:01","Bookie.java","110818","54297","165115"
"2017-03-28 22:37","Bookie.java","110960","59246","170206"
"2016-01-26 22:11","Bookie.java","3802","24405","28207"
"2015-03-18 07:38","Bookie.java","2891","20242","23133"
"2015-04-21 09:17","Bookie.java","2933","20386","23319"
"2014-09-23 17:53","Bookie.java","2414","16708","19122"
"2017-07-04 06:27","Bookie.java","113468","75721","189189"
"2017-06-05 22:25","Bookie.java","113030","69497","182527"
"2014-04-29 22:07","Bookie.java","479","3984","4463"
"2014-08-02 20:02","Bookie.java","1777","13979","15756"
"2017-06-28 23:24","Bookie.java","113125","71545","184670"
"2017-07-07 08:19","Bookie.java","113498","77714","191212"
"2017-05-16 00:31","Bookie.java","111992","64235","176227"
"2014-08-18 23:03","Bookie.java","2151","15821","17972"
"2014-05-09 14:04","Bookie.java","498","4644","5142"
"2017-06-01 23:58","Bookie.java","112818","67836","180654"
"2017-08-02 00:49","Bookie.java","117033","97492","214525"
"2016-11-18 00:18","Bookie.java","110749","41127","151876"
"2017-03-28 22:35","Bookie.java","110920","58991","169911"
"2016-07-14 23:02","Bookie.java","107931","30419","138350"
"2017-06-05 20:30","Bookie.java","112931","68307","181238"
"2016-11-30 00:02","Bookie.java","110774","41682","152456"
"2017-03-22 22:54","Bookie.java","110910","54677","165587"
"2014-09-17 16:32","MultipleThreadReadTest.java","38","14","52"
"2017-07-04 06:27","SyncThreadTest.java","4684","23458","28142"
"2017-03-28 22:37","SyncThreadTest.java","375","5182","5557"
"2017-05-16 00:31","SyncThreadTest.java","2479","11243","13722"
"2016-03-16 04:43","LedgerCloseTest.java","106516","8976","115492"
"2017-05-16 00:31","LedgerCloseTest.java","113794","50733","164527"
"2017-06-01 22:39","TestSpeculativeRead.java","112759","67400","180159"
"2014-07-24 01:41","TestSpeculativeRead.java","1183","6941","8124"
"2014-07-24 01:41","TestEntryLog.java","19845","144849","164694"
"2012-05-09 10:39","TestEntryLog.java","9737","24405","34142"
"2014-12-10 19:43","TestEntryLog.java","20041","154673","174714"
"2016-02-24 00:44","TestEntryLog.java","20240","160759","180999"
"2014-03-12 21:26","TestEntryLog.java","19602","141851","161453"
"2012-10-18 16:40","TestEntryLog.java","16373","72169","88542"
"2013-10-12 05:42","TestEntryLog.java","19067","133044","152111"
"2017-05-16 00:31","TestEntryLog.java","42734","114231","156965"
"2017-07-07 08:19","TestEntryLog.java","42903","126373","169276"
"2011-12-16 15:32","TestEntryLog.java","566","779","1345"
"2012-03-08 12:13","TestEntryLog.java","1568","8788","10356"
"2012-03-13 07:31","TestEntryLog.java","2080","11601","13681"
"2012-03-16 10:41","TestEntryLog.java","8493","19458","27951"
"2012-03-21 06:13","TestEntryLog.java","9087","20535","29622"
"2017-05-15 19:52","SlowBookieTest.java","112611","68810","181421"
"2014-02-05 22:43","SlowBookieTest.java","1712","6078","7790"
"2014-01-03 18:12","SlowBookieTest.java","138","2261","2399"
"2014-01-21 05:05","SlowBookieTest.java","466","3683","4149"
"2013-01-04 11:32","ServerConfiguration.java","3833","21100","24933"
"2014-08-02 20:02","ServerConfiguration.java","9204","84864","94068"
"2014-05-06 12:30","ServerConfiguration.java","8615","75625","84240"
"2014-05-15 00:41","ServerConfiguration.java","8631","76555","85186"
"2014-09-18 06:47","ServerConfiguration.java","9266","86935","96201"
"2017-07-04 06:27","ServerConfiguration.java","74466","100177","174643"
"2014-03-07 13:14","ServerConfiguration.java","8549","73200","81749"
"2014-04-29 22:07","ServerConfiguration.java","8615","75578","84193"
"2016-04-14 00:51","ServerConfiguration.java","71321","55770","127091"
"2015-01-16 15:57","ServerConfiguration.java","9625","90266","99891"
"2013-02-08 19:08","ServerConfiguration.java","4651","54079","58730"
"2016-03-08 06:49","ServerConfiguration.java","10318","95393","105711"
"2016-01-26 22:11","ServerConfiguration.java","10110","94171","104281"
"2014-01-21 05:05","ServerConfiguration.java","7691","69992","77683"
"2014-03-12 21:26","ServerConfiguration.java","8575","75028","83603"
"2016-04-05 18:47","ServerConfiguration.java","71303","55702","127005"
"2016-04-27 09:55","ServerConfiguration.java","71357","56318","127675"
"2015-04-21 09:55","ServerConfiguration.java","9669","90751","100420"
"2015-01-12 15:18","ServerConfiguration.java","9623","89326","98949"
"2015-04-21 10:02","ServerConfiguration.java","9665","90780","100445"
"2013-01-14 16:59","ServerConfiguration.java","4435","23150","27585"
"2012-11-30 04:54","ServerConfiguration.java","1134","11746","12880"
"2017-05-15 19:52","ServerConfiguration.java","73420","88703","162123"
"2017-03-22 22:54","ServerConfiguration.java","72821","80046","152867"
"2012-12-11 18:59","ServerConfiguration.java","1988","13556","15544"
"2017-03-23 00:48","ServerConfiguration.java","72825","80102","152927"
"2017-01-31 02:11","ServerConfiguration.java","72734","73590","146324"
"2013-02-19 16:19","ServerConfiguration.java","5532","54913","60445"
"2013-02-19 16:15","ServerConfiguration.java","5527","54889","60416"
"2016-04-05 08:45","ServerConfiguration.java","71301","55458","126759"
"2016-11-09 03:02","ServerConfiguration.java","72702","66386","139088"
"2016-11-30 00:02","ServerConfiguration.java","72711","67077","139788"
"2017-06-05 20:30","ServerConfiguration.java","74230","93064","167294"
"2016-09-10 20:27","ServerConfiguration.java","72578","62473","135051"
"2017-08-02 00:49","ServerConfiguration.java","75891","119808","195699"
"2017-10-03 12:31","ServerConfiguration.java","81539","115613","197152"
"2017-08-16 03:37","ServerConfiguration.java","76920","127470","204390"
"2013-07-20 19:59","ServerConfiguration.java","6368","62413","68781"
"2013-12-02 18:45","ServerConfiguration.java","7581","68632","76213"
"2014-05-09 14:04","ServerConfiguration.java","8629","76233","84862"
"2017-05-26 12:38","ServerConfiguration.java","73537","91136","164673"
"2013-06-15 19:05","ServerConfiguration.java","6299","61775","68074"
"2014-01-15 15:58","ServerConfiguration.java","7660","69055","76715"
"2013-10-22 07:44","ServerConfiguration.java","7432","65986","73418"
"2017-07-07 08:19","ServerConfiguration.java","74455","102129","176584"
"2017-06-28 23:24","ServerConfiguration.java","74280","96158","170438"
"2017-11-08 12:27","ServerConfiguration.java","82721","134669","217390"
"2014-01-22 14:35","ServerConfiguration.java","7953","71269","79222"
"2013-10-12 05:42","ServerConfiguration.java","7324","65505","72829"
"2017-07-28 20:12","BKException.java","114568","80260","194828"
"2016-07-11 22:53","BKException.java","107836","28228","136064"
"2017-05-02 23:04","BKException.java","111509","60689","172198"
"2017-08-02 00:49","BKException.java","117144","96448","213592"
"2015-09-15 10:38","BKException.java","3675","20840","24515"
"2017-01-31 04:01","BKException.java","110821","53145","163966"
"2015-10-06 10:48","BKException.java","3727","21442","25169"
"2015-10-22 09:22","BKException.java","3755","22300","26055"
"2017-08-01 08:34","BookieInfoReader.java","2688","13715","16403"
"2017-05-15 19:52","LedgerHandle.java","45709","111418","157127"
"2017-05-02 22:07","LedgerHandle.java","45337","108692","154029"
"2017-03-23 15:55","LedgerHandle.java","45323","103052","148375"
"2012-12-28 12:32","LedgerHandle.java","17256","83358","100614"
"2016-09-10 21:01","LedgerHandle.java","45205","85647","130852"
"2016-07-11 23:01","LedgerHandle.java","45196","81534","126730"
"2012-03-31 10:58","LedgerHandle.java","8513","16146","24659"
"2013-04-26 18:38","LedgerHandle.java","18721","119734","138455"
"2013-10-14 18:32","LedgerHandle.java","19154","127854","147008"
"2014-02-05 22:43","LedgerHandle.java","19635","133511","153146"
"2014-02-21 19:01","LedgerHandle.java","19675","134714","154389"
"2017-05-17 08:57","LedgerHandle.java","45761","111947","157708"
"2017-05-25 14:23","LedgerHandle.java","45789","113780","159569"
"2017-06-21 19:50","LedgerHandle.java","46358","117280","163638"
"2017-06-21 21:00","LedgerHandle.java","46360","118065","164425"
"2017-06-01 23:58","LedgerHandle.java","46313","115215","161528"
"2012-06-29 18:43","LedgerHandle.java","10620","29389","40009"
"2012-05-25 17:13","LedgerHandle.java","9682","20520","30202"
"2012-05-10 14:47","LedgerHandle.java","9250","18834","28084"
"2012-09-12 11:59","LedgerHandle.java","13319","55502","68821"
"2012-06-19 12:39","LedgerHandle.java","10425","23659","34084"
"2014-01-21 05:19","LedgerHandle.java","19329","132402","151731"
"2012-06-27 15:35","LedgerHandle.java","10611","29050","39661"
"2014-09-18 06:47","LedgerHandle.java","20119","148214","168333"
"2014-12-09 19:57","LedgerHandle.java","20144","149332","169476"
"2017-07-04 06:27","LedgerHandle.java","46411","122548","168959"
"2017-06-30 00:12","LedgerHandle.java","46370","120546","166916"
"2014-05-30 14:01","LedgerHandle.java","19745","138718","158463"
"2014-05-30 15:07","LedgerHandle.java","19758","138770","158528"
"2014-01-17 18:13","LedgerHandle.java","19275","131452","150727"
"2013-01-07 12:25","LedgerHandle.java","17403","85308","102711"
"2012-08-28 10:51","LedgerHandle.java","13179","51778","64957"
"2012-09-14 11:53","LedgerHandle.java","13397","55815","69212"
"2016-02-09 08:32","LedgerHandle.java","20419","155038","175457"
"2016-03-16 05:03","LedgerHandle.java","45146","77026","122172"
"2015-10-22 09:22","LedgerHandle.java","20421","154005","174426"
"2015-10-06 10:05","LedgerHandle.java","20410","152938","173348"
"2017-01-31 04:01","LedgerHandle.java","45315","102678","147993"
"2015-04-21 09:39","LedgerHandle.java","20217","151574","171791"
"2015-10-06 11:12","LedgerHandle.java","20412","153180","173592"
"2014-12-05 14:10","LedgerHandle.java","20127","148866","168993"
"2017-07-04 06:27","LedgerEntryPage.java","114075","80838","194913"
"2017-05-15 19:52","LedgerHandle.java","43143","113134","156277"
"2017-05-02 22:07","LedgerHandle.java","42786","110423","153209"
"2017-03-23 15:55","LedgerHandle.java","42779","104790","147569"
"2012-12-28 12:32","LedgerHandle.java","16894","87278","104172"
"2016-09-10 21:01","LedgerHandle.java","42658","87382","130040"
"2016-07-11 23:01","LedgerHandle.java","42649","83269","125918"
"2012-02-13 15:46","LedgerHandle.java","426","4708","5134"
"2012-02-01 16:19","LedgerHandle.java","77","1170","1247"
"2012-02-13 11:19","LedgerHandle.java","296","4498","4794"
"2012-03-31 10:58","LedgerHandle.java","8656","20571","29227"
"2013-04-26 18:38","LedgerHandle.java","18282","123577","141859"
"2013-10-14 18:32","LedgerHandle.java","18673","131655","150328"
"2014-02-05 22:43","LedgerHandle.java","19117","137275","156392"
"2014-02-21 19:01","LedgerHandle.java","19156","138477","157633"
"2017-05-17 08:57","LedgerHandle.java","43183","113651","156834"
"2017-05-25 14:23","LedgerHandle.java","43210","115483","158693"
"2017-06-21 19:50","LedgerHandle.java","43313","118517","161830"
"2017-06-21 21:00","LedgerHandle.java","43315","119302","162617"
"2017-06-01 23:58","LedgerHandle.java","43273","116457","159730"
"2012-06-29 18:43","LedgerHandle.java","10612","33663","44275"
"2012-05-25 17:13","LedgerHandle.java","9732","24852","34584"
"2012-05-10 14:47","LedgerHandle.java","9335","23201","32536"
"2012-09-12 11:59","LedgerHandle.java","13070","59535","72605"
"2012-06-19 12:39","LedgerHandle.java","10418","27934","38352"
"2014-01-21 05:19","LedgerHandle.java","18826","136181","155007"
"2012-06-27 15:35","LedgerHandle.java","10603","33324","43927"
"2014-09-18 06:47","LedgerHandle.java","19563","151940","171503"
"2014-12-09 19:57","LedgerHandle.java","19575","153045","172620"
"2017-07-04 06:27","LedgerHandle.java","43351","123770","167121"
"2017-06-30 00:12","LedgerHandle.java","43319","121777","165096"
"2014-05-30 14:01","LedgerHandle.java","19197","142452","161649"
"2014-05-30 15:07","LedgerHandle.java","19199","142493","161692"
"2014-01-17 18:13","LedgerHandle.java","18784","135243","154027"
"2013-01-07 12:25","LedgerHandle.java","17030","89217","106247"
"2012-08-28 10:51","LedgerHandle.java","12928","55809","68737"
"2012-09-14 11:53","LedgerHandle.java","13148","59848","72996"
"2016-02-09 08:32","LedgerHandle.java","19803","158704","178507"
"2016-03-16 05:03","LedgerHandle.java","42601","78763","121364"
"2015-10-22 09:22","LedgerHandle.java","19804","157670","177474"
"2015-10-06 10:05","LedgerHandle.java","19793","156603","176396"
"2017-01-31 04:01","LedgerHandle.java","42771","104416","147187"
"2015-04-21 09:39","LedgerHandle.java","19607","155246","174853"
"2015-10-06 11:12","LedgerHandle.java","19795","156845","176640"
"2014-12-05 14:10","LedgerHandle.java","19570","152591","172161"
"2017-01-31 04:01","Bookie.java","111317","51291","162608"
"2017-03-28 22:37","Bookie.java","111460","56241","167701"
"2016-01-26 22:11","Bookie.java","3562","20660","24222"
"2015-03-18 07:38","Bookie.java","2623","16469","19092"
"2015-04-21 09:17","Bookie.java","2666","16614","19280"
"2014-09-23 17:53","Bookie.java","2133","12922","15055"
"2017-07-04 06:27","Bookie.java","114104","72852","186956"
"2017-06-05 22:25","Bookie.java","113622","66584","180206"
"2014-08-02 20:02","Bookie.java","1358","10055","11413"
"2017-06-28 23:24","Bookie.java","113718","68633","182351"
"2017-07-07 08:19","Bookie.java","114136","74847","188983"
"2017-05-16 00:31","Bookie.java","112574","61312","173886"
"2014-08-18 23:03","Bookie.java","1732","11897","13629"
"2014-05-09 14:04","Bookie.java","19","660","679"
"2017-06-01 23:58","Bookie.java","113411","64924","178335"
"2017-08-02 00:49","Bookie.java","117760","94714","212474"
"2016-11-18 00:18","Bookie.java","111243","38116","149359"
"2017-03-28 22:35","Bookie.java","111420","55986","167406"
"2016-07-14 23:02","Bookie.java","108410","27393","135803"
"2017-06-05 20:30","Bookie.java","113523","65394","178917"
"2016-11-30 00:02","Bookie.java","111268","38671","149939"
"2017-03-22 22:54","Bookie.java","111408","51670","163078"
"2017-07-28 20:12","LocalBookieEnsemblePlacementPolicy.java","6033","24809","30842"
"2016-03-16 04:51","AutoRecoveryMain.java","79246","41782","121028"
"2013-10-02 06:23","AutoRecoveryMain.java","2692","41235","43927"
"2014-03-10 03:14","AutoRecoveryMain.java","5309","51931","57240"
"2014-04-24 10:43","AutoRecoveryMain.java","5372","53242","58614"
"2014-09-06 07:58","AutoRecoveryMain.java","6169","65120","71289"
"2013-12-06 07:39","AutoRecoveryMain.java","4028","46516","50544"
"2012-12-03 06:23","BookKeeperTest.java","9354","59338","68692"
"2016-02-09 08:39","BookKeeperTest.java","15673","139096","154769"
"2015-10-16 07:00","BookKeeperTest.java","15584","137111","152695"
"2016-04-08 19:43","BookKeeperTest.java","48176","71776","119952"
"2017-01-31 04:01","BookKeeperTest.java","48396","94506","142902"
"2014-07-24 01:41","BookKeeperTest.java","14879","123260","138139"
"2017-05-15 19:52","BookKeeperTest.java","48892","103348","152240"
"2012-07-18 17:00","BookKeeperTest.java","4124","15020","19144"
"2017-05-02 22:07","BookKeeperTest.java","48493","100595","149088"
"2013-05-06 19:32","BookKeeperTest.java","12713","102933","115646"
"2013-01-10 19:13","BookKeeperTest.java","11210","68472","79682"
"2016-04-05 08:45","BookieClient.java","108492","33565","142057"
"2017-03-28 22:35","BookieClient.java","111704","64149","175853"
"2014-02-05 22:43","BookieClient.java","1712","6078","7790"
"2017-01-31 04:01","BookieClient.java","111616","59469","171085"
"2014-08-02 20:02","Journal.java","9204","84864","94068"
"2014-03-07 13:14","Journal.java","8549","73200","81749"
"2014-04-29 22:07","Journal.java","8615","75578","84193"
"2013-12-06 07:39","Journal.java","7595","68798","76393"
"2015-04-21 09:23","Journal.java","9649","90564","100213"
"2016-02-09 08:30","Journal.java","10190","94372","104562"
"2015-02-23 08:11","Journal.java","9644","90323","99967"
"2017-05-26 16:52","Journal.java","73537","91156","164693"
"2017-03-22 22:54","Journal.java","72821","80046","152867"
"2016-11-12 03:37","Journal.java","72702","66434","139136"
"2016-07-14 23:02","Journal.java","71542","57488","129030"
"2013-05-04 14:22","Journal.java","6070","57017","63087"
"2013-07-20 19:59","Journal.java","6368","62413","68781"
"2013-07-04 14:01","Journal.java","6341","62149","68490"
"2017-06-01 23:58","Journal.java","74177","92653","166830"
"2017-05-09 22:24","Journal.java","73204","87025","160229"
"2013-10-12 05:42","Journal.java","7324","65505","72829"
"2013-10-02 06:23","Journal.java","6524","63782","70306"
"2017-05-16 00:31","Journal.java","73492","89193","162685"
"2012-09-14 15:42","LedgerLayout.java","5284","34369","39653"
"2012-09-07 07:04","LedgerLayout.java","4844","33268","38112"
"2017-06-01 23:58","LedgerLayout.java","49427","105095","154522"
"2016-07-14 23:02","LedgerLayout.java","48071","71209","119280"
"2017-05-15 19:52","LedgerHandle.java","43342","112240","155582"
"2017-05-02 22:07","LedgerHandle.java","42976","109520","152496"
"2017-03-23 15:55","LedgerHandle.java","42969","103887","146856"
"2012-12-28 12:32","LedgerHandle.java","16997","86288","103285"
"2016-09-10 21:01","LedgerHandle.java","42848","86479","129327"
"2016-07-11 23:01","LedgerHandle.java","42839","82366","125205"
"2012-02-13 15:46","LedgerHandle.java","351","3540","3891"
"2012-02-13 11:19","LedgerHandle.java","221","3330","3551"
"2012-03-31 10:58","LedgerHandle.java","8685","19507","28192"
"2013-04-26 18:38","LedgerHandle.java","18425","122627","141052"
"2013-10-14 18:32","LedgerHandle.java","18827","130716","149543"
"2014-02-05 22:43","LedgerHandle.java","19294","136359","155653"
"2014-02-21 19:01","LedgerHandle.java","19334","137562","156896"
"2017-05-17 08:57","LedgerHandle.java","43384","112759","156143"
"2017-05-25 14:23","LedgerHandle.java","43412","114592","158004"
"2017-06-21 19:50","LedgerHandle.java","43977","118088","162065"
"2017-06-21 21:00","LedgerHandle.java","43979","118873","162852"
"2017-06-01 23:58","LedgerHandle.java","43937","116028","159965"
"2012-06-29 18:43","LedgerHandle.java","10701","32659","43360"
"2012-05-25 17:13","LedgerHandle.java","9780","23807","33587"
"2012-05-10 14:47","LedgerHandle.java","9382","22155","31537"
"2012-09-12 11:59","LedgerHandle.java","13168","58540","71708"
"2012-06-19 12:39","LedgerHandle.java","10506","26929","37435"
"2014-01-21 05:19","LedgerHandle.java","18988","135250","154238"
"2012-06-27 15:35","LedgerHandle.java","10692","32320","43012"
"2014-09-18 06:47","LedgerHandle.java","19749","151033","170782"
"2014-12-09 19:57","LedgerHandle.java","19761","152138","171899"
"2017-07-04 06:27","LedgerHandle.java","44019","123345","167364"
"2017-06-30 00:12","LedgerHandle.java","43983","121348","165331"
"2014-05-30 14:01","LedgerHandle.java","19375","141537","160912"
"2014-05-30 15:07","LedgerHandle.java","19384","141585","160969"
"2014-01-17 18:13","LedgerHandle.java","18943","134309","153252"
"2013-01-07 12:25","LedgerHandle.java","17134","88228","105362"
"2012-08-28 10:51","LedgerHandle.java","13024","54812","67836"
"2012-09-14 11:53","LedgerHandle.java","13246","58853","72099"
"2016-02-09 08:32","LedgerHandle.java","19991","157799","177790"
"2016-03-16 05:03","LedgerHandle.java","42789","77858","120647"
"2015-10-22 09:22","LedgerHandle.java","19993","156766","176759"
"2015-10-06 10:05","LedgerHandle.java","19982","155699","175681"
"2017-01-31 04:01","LedgerHandle.java","42961","103513","146474"
"2015-04-21 09:39","LedgerHandle.java","19793","154339","174132"
"2015-10-06 11:12","LedgerHandle.java","19984","155941","175925"
"2014-12-05 14:10","LedgerHandle.java","19756","151684","171440"
"2017-10-17 09:32","BookKeeperAdmin.java","30063","78290","108353"
"2017-06-01 23:58","BookKeeperAdmin.java","3904","28679","32583"
"2017-04-11 20:19","BookKeeperAdmin.java","1299","19589","20888"
"2017-07-07 05:11","BookKeeperAdmin.java","5006","38696","43702"
"2016-11-30 00:07","BookKeeperAdmin.java","151","815","966"
"2017-01-31 04:01","Bookie.java","111611","57345","168956"
"2017-03-28 22:37","Bookie.java","111746","62287","174033"
"2016-01-26 22:11","Bookie.java","4848","27706","32554"
"2015-03-18 07:38","Bookie.java","4014","23620","27634"
"2015-04-21 09:17","Bookie.java","4036","23744","27780"
"2014-09-23 17:53","Bookie.java","3555","20104","23659"
"2017-07-04 06:27","Bookie.java","114145","78653","192798"
"2017-06-05 22:25","Bookie.java","113740","72462","186202"
"2014-02-06 09:25","Bookie.java","1613","3868","5481"
"2014-04-29 22:07","Bookie.java","2079","7839","9918"
"2014-08-02 20:02","Bookie.java","3047","17504","20551"
"2017-06-28 23:24","Bookie.java","113836","74511","188347"
"2017-07-07 08:19","Bookie.java","114143","80614","194757"
"2014-01-21 17:26","Bookie.java","533","2270","2803"
"2017-05-16 00:31","Bookie.java","112739","67237","179976"
"2014-02-05 22:43","Bookie.java","1608","3855","5463"
"2014-08-18 23:03","Bookie.java","3420","19345","22765"
"2014-05-09 14:04","Bookie.java","2097","8498","10595"
"2017-06-01 23:58","Bookie.java","113548","70821","184369"
"2017-08-02 00:49","Bookie.java","117608","100322","217930"
"2016-11-18 00:18","Bookie.java","111540","44173","155713"
"2017-03-28 22:35","Bookie.java","111707","62033","173740"
"2016-07-14 23:02","Bookie.java","108861","33604","142465"
"2017-06-05 20:30","Bookie.java","113644","71275","184919"
"2016-11-30 00:02","Bookie.java","111565","44728","156293"
"2017-03-22 22:54","Bookie.java","111706","57728","169434"
"2017-05-16 00:31","BookieProtocol.java","111735","78135","189870"
"2017-06-01 21:20","BookieProtocol.java","112413","81140","193553"
"2013-03-18 00:31","BookieProtocol.java","187","400","587"
"2016-04-05 08:45","BookieProtocol.java","109189","44045","153234"
"2017-05-15 19:52","BookieProtocol.java","111646","77628","189274"
"2017-06-05 22:25","BookieProtocol.java","112641","83265","195906"
"2017-05-15 19:52","LedgerHandle.java","45779","111568","157347"
"2017-05-02 22:07","LedgerHandle.java","45407","108842","154249"
"2017-03-23 15:55","LedgerHandle.java","45393","103202","148595"
"2012-12-28 12:32","LedgerHandle.java","17360","83542","100902"
"2016-09-10 21:01","LedgerHandle.java","45275","85797","131072"
"2016-07-11 23:01","LedgerHandle.java","45266","81684","126950"
"2012-03-31 10:58","LedgerHandle.java","8627","16340","24967"
"2013-04-26 18:38","LedgerHandle.java","18814","119907","138721"
"2013-10-14 18:32","LedgerHandle.java","19245","128025","147270"
"2014-02-05 22:43","LedgerHandle.java","19726","133682","153408"
"2014-02-21 19:01","LedgerHandle.java","19765","134884","154649"
"2017-05-17 08:57","LedgerHandle.java","45831","112097","157928"
"2017-05-25 14:23","LedgerHandle.java","45859","113930","159789"
"2017-06-21 19:50","LedgerHandle.java","46423","117425","163848"
"2017-06-21 21:00","LedgerHandle.java","46425","118210","164635"
"2017-06-01 23:58","LedgerHandle.java","46383","115365","161748"
"2012-06-29 18:43","LedgerHandle.java","10722","29571","40293"
"2012-05-25 17:13","LedgerHandle.java","9784","20702","30486"
"2012-05-10 14:47","LedgerHandle.java","9353","19017","28370"
"2012-09-12 11:59","LedgerHandle.java","13426","55689","69115"
"2012-06-19 12:39","LedgerHandle.java","10527","23841","34368"
"2014-01-21 05:19","LedgerHandle.java","19420","132573","151993"
"2012-06-27 15:35","LedgerHandle.java","10713","29232","39945"
"2014-09-18 06:47","LedgerHandle.java","20202","148377","168579"
"2014-12-09 19:57","LedgerHandle.java","20215","149483","169698"
"2017-07-04 06:27","LedgerHandle.java","46470","122687","169157"
"2017-06-30 00:12","LedgerHandle.java","46429","120685","167114"
"2014-05-30 14:01","LedgerHandle.java","19832","138885","158717"
"2014-05-30 15:07","LedgerHandle.java","19841","138933","158774"
"2014-01-17 18:13","LedgerHandle.java","19366","131623","150989"
"2013-01-07 12:25","LedgerHandle.java","17505","85490","102995"
"2012-08-28 10:51","LedgerHandle.java","13282","51961","65243"
"2012-09-14 11:53","LedgerHandle.java","13504","56002","69506"
"2016-02-09 08:32","LedgerHandle.java","20489","155188","175677"
"2016-03-16 05:03","LedgerHandle.java","45216","77176","122392"
"2015-10-22 09:22","LedgerHandle.java","20491","154155","174646"
"2015-10-06 10:05","LedgerHandle.java","20480","153088","173568"
"2017-01-31 04:01","LedgerHandle.java","45385","102828","148213"
"2015-04-21 09:39","LedgerHandle.java","20288","151725","172013"
"2015-10-06 11:12","LedgerHandle.java","20482","153330","173812"
"2014-12-05 14:10","LedgerHandle.java","20210","149029","169239"
"2017-07-04 06:27","BookieRequestProcessor.java","833","6619","7452"
"2017-08-02 00:49","BookieRequestProcessor.java","6070","30062","36132"
"2017-05-16 00:31","TestEntryLog.java","112410","43388","155798"
"2017-07-07 08:19","TestEntryLog.java","114361","57312","171673"
"2014-07-25 00:34","PerChannelBookieClientPool.java","1139","8004","9143"
"2017-05-15 19:52","PerChannelBookieClientPool.java","112424","59542","171966"
"2017-07-04 06:27","SyncThreadTest.java","10334","51596","61930"
"2017-01-31 04:01","SyncThreadTest.java","6625","29113","35738"
"2017-03-28 22:37","SyncThreadTest.java","6764","34059","40823"
"2016-11-18 00:18","SyncThreadTest.java","6055","15442","21497"
"2017-05-16 00:31","SyncThreadTest.java","8330","39582","47912"
"2017-07-04 06:27","SyncThreadTest.java","114212","54848","169060"
"2017-01-31 04:01","SyncThreadTest.java","110707","32569","143276"
"2016-04-14 00:51","SyncThreadTest.java","104791","4165","108956"
"2017-03-28 22:37","SyncThreadTest.java","110849","37518","148367"
"2016-11-18 00:18","SyncThreadTest.java","110603","19364","129967"
"2017-05-16 00:31","SyncThreadTest.java","112289","42915","155204"
"2017-07-04 06:27","SyncThreadTest.java","4475","18442","22917"
"2017-05-16 00:31","SyncThreadTest.java","2203","6160","8363"
"2017-04-20 19:55","BookieInfoReader.java","450","1571","2021"
"2017-06-01 23:58","BookieInfoReader.java","3302","10249","13551"
"2017-08-01 08:34","BookieInfoReader.java","8602","38405","47007"
"2017-07-28 20:12","BookieInfoReader.java","6033","24809","30842"
"2015-09-15 10:38","AbstractConfiguration.java","10866","95809","106675"
"2017-03-28 22:40","AbstractConfiguration.java","71042","86179","157221"
"2012-12-12 11:20","AbstractConfiguration.java","2991","18503","21494"
"2017-08-02 00:49","AbstractConfiguration.java","73958","121040","194998"
"2013-06-12 18:41","AbstractConfiguration.java","7201","65415","72616"
"2016-07-31 07:53","AbstractConfiguration.java","69813","59024","128837"
"2017-01-31 02:14","AbstractConfiguration.java","70878","75511","146389"
"2016-07-31 07:56","AbstractConfiguration.java","69813","59358","129171"
"2017-05-02 23:04","AbstractConfiguration.java","71343","88301","159644"
"2017-03-23 00:48","AbstractConfiguration.java","70967","81409","152376"
"2012-11-30 04:54","AbstractConfiguration.java","2161","15938","18099"
"2017-07-07 05:11","Auditor.java","82359","94494","176853"
"2014-02-05 22:43","Auditor.java","6786","54980","61766"
"2013-08-21 13:19","Auditor.java","4546","46442","50988"
"2017-05-26 16:52","Auditor.java","81321","83684","165005"
"2013-03-25 06:27","Auditor.java","3735","38360","42095"
"2016-09-10 21:01","Auditor.java","80343","55103","135446"
"2016-11-09 03:02","Auditor.java","80459","58887","139346"
"2016-03-08 07:18","Auditor.java","9056","79540","88596"
"2013-01-04 11:32","Auditor.java","1657","3668","5325"
"2014-04-24 10:43","Auditor.java","7017","58346","65363"
"2014-06-02 11:54","Auditor.java","7219","60686","67905"
"2014-05-06 12:30","Auditor.java","7058","58812","65870"
"2014-05-23 18:48","Auditor.java","7078","59756","66834"
"2013-01-04 11:32","ServerConfiguration.java","6730","32046","38776"
"2014-08-02 20:02","ServerConfiguration.java","11757","95466","107223"
"2014-05-06 12:30","ServerConfiguration.java","11175","86234","97409"
"2014-05-15 00:41","ServerConfiguration.java","11191","87164","98355"
"2014-09-18 06:47","ServerConfiguration.java","11818","97536","109354"
"2017-07-04 06:27","ServerConfiguration.java","68716","102476","171192"
"2014-03-07 13:14","ServerConfiguration.java","11115","83815","94930"
"2014-04-29 22:07","ServerConfiguration.java","11175","86187","97362"
"2012-10-18 16:40","ServerConfiguration.java","3765","11814","15579"
"2016-04-14 00:51","ServerConfiguration.java","65830","58328","124158"
"2015-01-16 15:57","ServerConfiguration.java","12158","100848","113006"
"2013-02-08 19:08","ServerConfiguration.java","7481","64958","72439"
"2016-03-08 06:49","ServerConfiguration.java","12818","105942","118760"
"2016-01-26 22:11","ServerConfiguration.java","12610","104720","117330"
"2014-01-21 05:05","ServerConfiguration.java","10316","80666","90982"
"2014-03-12 21:26","ServerConfiguration.java","11135","85637","96772"
"2016-04-05 18:47","ServerConfiguration.java","65813","58261","124074"
"2016-04-27 09:55","ServerConfiguration.java","65854","58864","124718"
"2015-04-21 09:55","ServerConfiguration.java","12193","101324","113517"
"2015-01-12 15:18","ServerConfiguration.java","12156","99908","112064"
"2015-04-21 10:02","ServerConfiguration.java","12193","101357","113550"
"2013-01-14 16:59","ServerConfiguration.java","7291","34055","41346"
"2012-11-30 04:54","ServerConfiguration.java","4665","23326","27991"
"2017-05-15 19:52","ServerConfiguration.java","67783","91115","158898"
"2017-03-22 22:54","ServerConfiguration.java","67187","82461","149648"
"2012-12-11 18:59","ServerConfiguration.java","4960","24577","29537"
"2017-03-23 00:48","ServerConfiguration.java","67191","82517","149708"
"2017-01-31 02:11","ServerConfiguration.java","67103","76008","143111"
"2013-02-19 16:19","ServerConfiguration.java","8336","65766","74102"
"2013-02-19 16:15","ServerConfiguration.java","8336","65747","74083"
"2016-04-05 08:45","ServerConfiguration.java","65811","58017","123828"
"2016-11-09 03:02","ServerConfiguration.java","67070","68803","135873"
"2016-11-30 00:02","ServerConfiguration.java","67080","69495","136575"
"2017-06-05 20:30","ServerConfiguration.java","68483","95366","163849"
"2016-09-10 20:27","ServerConfiguration.java","66946","64890","131836"
"2017-08-02 00:49","ServerConfiguration.java","70126","122092","192218"
"2017-10-03 12:31","ServerConfiguration.java","75437","117560","192997"
"2017-08-16 03:37","ServerConfiguration.java","71124","129723","200847"
"2013-07-20 19:59","ServerConfiguration.java","9113","73207","82320"
"2013-12-02 18:45","ServerConfiguration.java","10251","79351","89602"
"2014-05-09 14:04","ServerConfiguration.java","11189","86842","98031"
"2017-05-26 12:38","ServerConfiguration.java","67894","93542","161436"
"2013-06-15 19:05","ServerConfiguration.java","9057","72582","81639"
"2014-01-15 15:58","ServerConfiguration.java","10286","79730","90016"
"2013-10-22 07:44","ServerConfiguration.java","10111","76714","86825"
"2017-07-07 08:19","ServerConfiguration.java","68707","104430","173137"
"2017-06-28 23:24","ServerConfiguration.java","68541","98468","167009"
"2017-11-08 12:27","ServerConfiguration.java","76560","136557","213117"
"2014-01-22 14:35","ServerConfiguration.java","10542","81907","92449"
"2013-10-12 05:42","ServerConfiguration.java","10007","76237","86244"
"2017-03-28 22:40","TestLedgerManager.java","111151","73242","184393"
"2015-07-10 22:48","TestLedgerManager.java","5783","37378","43161"
"2014-07-24 01:41","TestLedgerManager.java","4725","24052","28777"
"2017-06-01 23:58","ReadEntryProcessorV3.java","1414","4607","6021"
"2017-05-16 00:31","ReadEntryProcessorV3.java","263","681","944"
"2017-06-05 22:25","ReadEntryProcessorV3.java","1852","6494","8346"
"2017-07-04 06:27","LedgerDescriptorImpl.java","2419","12429","14848"
"2017-06-05 22:25","LedgerDescriptorImpl.java","1604","5828","7432"
"2017-05-16 13:20","BookieProtoEncoding.java","8333","39884","48217"
"2017-05-16 00:31","BookieProtoEncoding.java","8327","39871","48198"
"2017-06-01 21:20","BookieProtoEncoding.java","9111","42982","52093"
"2017-05-17 08:57","BookieProtoEncoding.java","8351","39954","48305"
"2017-05-15 19:52","BookieProtoEncoding.java","8150","39276","47426"
"2017-06-05 22:25","BookieProtoEncoding.java","9705","45473","55178"
"2015-03-12 08:21","AuditorPeriodicCheckTest.java","2653","16747","19400"
"2017-05-16 00:31","AuditorPeriodicCheckTest.java","112608","61722","174330"
"2014-07-25 00:34","AuditorPeriodicCheckTest.java","1347","9790","11137"
"2016-09-10 21:01","AuditorPeriodicCheckTest.java","109696","33125","142821"
"2017-06-01 08:55","NullStatsLogger.java","112801","71410","184211"
"2015-04-21 09:17","NullStatsLogger.java","4074","25340","29414"
"2016-12-21 01:48","LedgerCacheTest.java","112699","56288","168987"
"2019-02-20 11:43","LedgerCacheTest.java","133310","415576","548886"
"2013-10-12 05:42","LedgerCacheTest.java","1319","2716","4035"
"2017-05-16 00:31","LedgerCacheTest.java","113732","72649","186381"
"2013-12-02 18:45","LedgerCacheTest.java","1732","5999","7731"
"2014-07-24 01:41","LedgerCacheTest.java","4187","16611","20798"
"2014-12-10 19:43","LedgerCacheTest.java","5348","27400","32748"
"2016-03-08 06:49","LedgerCacheTest.java","6399","34690","41089"
"2014-03-12 21:26","LedgerCacheTest.java","3573","13242","16815"
"2017-05-16 00:31","LedgerCloseTest.java","7685","42164","49849"
"2013-01-07 12:25","LedgerRecoveryTest.java","2060","6951","9011"
"2013-06-12 18:41","LedgerRecoveryTest.java","4600","47061","51661"
"2013-03-25 18:02","LedgerRecoveryTest.java","4103","41739","45842"
"2014-02-05 22:43","LedgerRecoveryTest.java","6987","57849","64836"
"2017-05-16 00:31","LedgerRecoveryTest.java","80134","83247","163381"
"2017-06-21 19:50","LedgerRecoveryTest.java","80972","88880","169852"
"2014-08-02 20:02","Journal.java","11773","115642","127415"
"2014-03-07 13:14","Journal.java","11273","104133","115406"
"2014-04-29 22:07","Journal.java","11320","106492","117812"
"2013-12-06 07:39","Journal.java","10603","100015","110618"
"2012-10-18 16:40","Journal.java","4951","33160","38111"
"2015-04-21 09:23","Journal.java","12096","121220","133316"
"2012-10-16 23:20","Journal.java","4262","29900","34162"
"2016-02-09 08:30","Journal.java","12555","124946","137501"
"2015-02-23 08:11","Journal.java","12093","120981","133074"
"2017-05-26 16:52","Journal.java","54630","100458","155088"
"2017-03-22 22:54","Journal.java","54004","89438","143442"
"2016-11-12 03:37","Journal.java","53922","75863","129785"
"2016-07-14 23:02","Journal.java","53441","67596","121037"
"2013-05-04 14:22","Journal.java","9260","88416","97676"
"2013-07-20 19:59","Journal.java","9497","93751","103248"
"2013-07-04 14:01","Journal.java","9472","93489","102961"
"2017-06-01 23:58","Journal.java","55207","101892","157099"
"2017-05-09 22:24","Journal.java","54316","96346","150662"
"2013-10-12 05:42","Journal.java","10361","96751","107112"
"2013-10-02 06:23","Journal.java","9574","95041","104615"
"2017-05-16 00:31","Journal.java","54588","98498","153086"
"2014-12-10 19:43","BookieZKExpireTest.java","5497","34452","39949"
"2016-01-26 22:11","BookieZKExpireTest.java","6252","40432","46684"
"2017-07-07 08:19","DiskChecker.java","116119","68133","184252"
"2017-06-05 20:30","DiskChecker.java","115331","58505","173836"
"2017-07-28 20:12","MacDigestManager.java","114175","95052","209227"
"2017-05-15 19:52","MacDigestManager.java","112230","78085","190315"
"2017-05-17 08:57","MacDigestManager.java","112326","78658","190984"
"2013-01-14 16:59","BookieServer.java","17572","86701","104273"
"2013-01-09 17:18","BookieServer.java","17475","85540","103015"
"2013-02-12 11:16","BookieServer.java","18486","118201","136687"
"2013-04-02 17:38","BookieServer.java","18710","119428","138138"
"2017-08-16 03:37","BookieServer.java","47905","148869","196774"
"2017-08-02 00:49","BookieServer.java","47122","141453","188575"
"2012-03-08 19:24","BookieServer.java","529","2411","2940"
"2013-07-03 17:39","BookieServer.java","18919","125126","144045"
"2013-07-24 16:55","BookieServer.java","18940","126015","144955"
"2014-02-05 22:43","BookieServer.java","19626","133490","153116"
"2017-06-28 23:24","BookieServer.java","46367","118659","165026"
"2013-06-15 19:05","BookieServer.java","18903","124793","143696"
"2017-06-01 23:58","BookieServer.java","46313","115203","161516"
"2017-10-17 09:32","BookieServer.java","48668","141010","189678"
"2014-08-02 20:02","BookieServer.java","20099","146173","166272"
"2012-05-09 09:43","BookieServer.java","8970","18201","27171"
"2013-12-06 07:39","BookieServer.java","19237","130854","150091"
"2012-07-23 23:39","BookieServer.java","12171","34376","46547"
"2012-07-09 04:09","BookieServer.java","10631","29927","40558"
"2012-10-18 16:40","BookieServer.java","16104","66518","82622"
"2014-01-21 05:05","BookieServer.java","19267","131982","151249"
"2017-06-21 19:58","BookieClientTest.java","4277","25071","29348"
"2017-03-28 22:35","BookieClientTest.java","886","12603","13489"
"2017-05-15 19:52","BookieClientTest.java","2598","18069","20667"
"2014-04-24 10:43","BookieAutoRecoveryTest.java","5685","55818","61503"
"2014-05-23 18:46","BookieAutoRecoveryTest.java","5749","57231","62980"
"2013-06-15 19:05","BookieAutoRecoveryTest.java","2922","41946","44868"
"2014-05-09 14:04","BookieAutoRecoveryTest.java","5743","56895","62638"
"2014-02-05 22:43","BookieAutoRecoveryTest.java","5425","52423","57848"
"2014-02-05 22:43","TestSpeculativeRead.java","1712","6078","7790"
"2017-06-01 22:39","TestSpeculativeRead.java","113478","72485","185963"
"2014-07-24 01:41","TestSpeculativeRead.java","2768","12892","15660"
"2017-05-15 19:52","SlowBookieTest.java","111874","63707","175581"
"2013-06-12 18:41","LedgerRecoveryTest.java","2879","40449","43328"
"2013-03-25 18:02","LedgerRecoveryTest.java","2242","34987","37229"
"2014-02-05 22:43","LedgerRecoveryTest.java","5529","51500","57029"
"2017-05-16 00:31","LedgerRecoveryTest.java","81076","79298","160374"
"2017-06-21 19:50","LedgerRecoveryTest.java","82002","85019","167021"
"2017-05-04 20:58","AbstractZkLedgerManager.java","80512","78677","159189"
"2013-07-29 12:30","AbstractZkLedgerManager.java","3832","44883","48715"
"2017-06-01 23:58","AbstractZkLedgerManager.java","81562","84384","165946"
"2017-06-12 17:20","AbstractZkLedgerManager.java","81715","86314","168029"
"2013-03-25 06:27","AbstractZkLedgerManager.java","2995","37222","40217"
"2017-03-28 22:40","AbstractZkLedgerManager.java","80137","76455","156592"
"2016-02-09 08:23","AbstractZkLedgerManager.java","8385","76754","85139"
"2015-09-15 10:38","AbstractZkLedgerManager.java","8247","74371","82618"
"2016-02-23 19:16","AbstractZkLedgerManager.java","8406","77113","85519"
"2014-05-12 08:10","AbstractZkLedgerManager.java","6474","58742","65216"
"2014-01-17 18:13","AbstractZkLedgerManager.java","5306","51403","56709"
"2016-12-17 02:43","CodahaleMetricsProvider.java","112279","34682","146961"
"2017-05-26 16:52","CodahaleMetricsProvider.java","113906","53827","167733"
"2014-12-10 19:43","BookieInitializationTest.java","2293","11929","14222"
"2015-07-10 22:48","BookieInitializationTest.java","2759","15035","17794"
"2017-07-07 08:19","BookieInitializationTest.java","114062","72536","186598"
"2017-06-28 23:24","BookieInitializationTest.java","113624","66302","179926"
"2017-07-28 06:39","BookieInitializationTest.java","115063","75426","190489"
"2017-08-02 00:49","BookieInitializationTest.java","117706","92423","210129"
"2017-06-05 20:30","BookieInitializationTest.java","113425","63059","176484"
"2017-05-15 19:52","BookieInitializationTest.java","112329","58412","170741"
"2017-05-16 00:31","BookKeeperCloseTest.java","1998","5708","7706"
"2017-10-17 09:32","BookKeeperAdmin.java","30004","77567","107571"
"2017-06-01 23:58","BookKeeperAdmin.java","3793","27904","31697"
"2017-04-11 20:19","BookKeeperAdmin.java","1177","18803","19980"
"2017-07-07 05:11","BookKeeperAdmin.java","4911","37937","42848"
"2017-10-03 12:31","IndexPersistenceMgr.java","32583","50956","83539"
"2017-07-04 06:27","IndexPersistenceMgr.java","2419","12429","14848"
"2017-10-17 09:32","AuditorElector.java","123238","115705","238943"
"2013-08-21 13:19","AuditorElector.java","1408","9099","10507"
"2016-07-14 23:02","AuditorElector.java","109462","45947","155409"
"2016-09-10 21:01","AuditorElector.java","110679","51234","161913"
"2017-03-28 22:40","AuditorElector.java","110991","73502","184493"
"2014-06-02 11:54","AuditorElector.java","4690","23952","28642"
"2014-04-24 10:43","AuditorElector.java","4468","21592","26060"
"2014-09-06 07:58","AuditorElector.java","5281","33486","38767"
"2016-07-14 23:02","IndexPersistenceMgr.java","108831","35829","144660"
"2016-11-18 00:18","IndexPersistenceMgr.java","111510","46398","157908"
"2017-05-16 00:31","IndexPersistenceMgr.java","112683","69436","182119"
"2017-10-03 12:31","IndexPersistenceMgr.java","124844","99970","224814"
"2017-07-04 06:27","IndexPersistenceMgr.java","114075","80838","194913"
"2014-08-02 20:02","IndexPersistenceMgr.java","3086","19798","22884"
"2016-03-08 06:49","IndexPersistenceMgr.java","5154","31281","36435"
"2017-01-31 04:01","IndexPersistenceMgr.java","111574","59563","171137"
"2016-04-05 08:45","BookieClient.java","107546","28253","135799"
"2017-03-28 22:35","BookieClient.java","110928","59007","169935"
"2017-01-31 04:01","BookieClient.java","110826","54313","165139"
"2016-07-14 23:02","IndexPersistenceMgr.java","109433","37739","147172"
"2016-11-18 00:18","IndexPersistenceMgr.java","112105","48301","160406"
"2017-05-16 00:31","IndexPersistenceMgr.java","113235","71296","184531"
"2013-10-22 16:21","IndexPersistenceMgr.java","878","2186","3064"
"2017-10-03 12:31","IndexPersistenceMgr.java","125074","101508","226582"
"2017-07-04 06:27","IndexPersistenceMgr.java","114576","82647","197223"
"2014-08-02 20:02","IndexPersistenceMgr.java","3814","21834","25648"
"2016-03-08 06:49","IndexPersistenceMgr.java","5810","33245","39055"
"2017-01-31 04:01","IndexPersistenceMgr.java","112168","61465","173633"
"2016-03-08 06:49","CompactionTest.java","1660","7899","9559"
"2015-01-16 15:57","CompactionTest.java","24","1829","1853"
"2015-04-21 09:55","CompactionTest.java","204","2450","2654"
"2016-05-04 15:55","CompactionTest.java","106436","12584","119020"
"2017-03-22 22:54","CompactionTest.java","112029","40418","152447"
"2017-06-21 21:07","CompactionTest.java","114772","57580","172352"
"2017-11-08 12:27","CompactionTest.java","131976","105088","237064"
"2017-05-16 00:31","CompactionTest.java","113453","50318","163771"
"2017-07-07 08:19","CompactionTest.java","115313","64151","179464"
"2017-08-16 03:41","StaticDNSResolver.java","119164","114889","234053"
"2016-10-13 07:50","StaticDNSResolver.java","112110","50442","162552"
"2017-05-15 19:52","LedgerHandle.java","47939","106015","153954"
"2017-05-02 22:07","LedgerHandle.java","47547","103269","150816"
"2017-03-23 15:55","LedgerHandle.java","47485","97581","145066"
"2012-12-28 12:32","LedgerHandle.java","11629","70098","81727"
"2016-09-10 21:01","LedgerHandle.java","47360","80169","127529"
"2016-07-11 23:01","LedgerHandle.java","47323","76028","123351"
"2013-04-26 18:38","LedgerHandle.java","13454","106834","120288"
"2013-10-14 18:32","LedgerHandle.java","14525","115592","130117"
"2014-02-05 22:43","LedgerHandle.java","15124","121367","136491"
"2014-02-21 19:01","LedgerHandle.java","15181","122587","137768"
"2017-05-17 08:57","LedgerHandle.java","47999","106552","154551"
"2017-05-25 14:23","LedgerHandle.java","48028","108386","156414"
"2017-06-21 19:50","LedgerHandle.java","48652","111941","160593"
"2017-06-21 21:00","LedgerHandle.java","48653","112725","161378"
"2017-06-01 23:58","LedgerHandle.java","48601","109870","158471"
"2012-06-29 18:43","LedgerHandle.java","3911","15047","18958"
"2012-05-25 17:13","LedgerHandle.java","1521","4726","6247"
"2012-05-10 14:47","LedgerHandle.java","1071","3022","4093"
"2012-09-12 11:59","LedgerHandle.java","7052","41602","48654"
"2012-06-19 12:39","LedgerHandle.java","2455","8056","10511"
"2014-01-21 05:19","LedgerHandle.java","14755","120195","134950"
"2012-06-27 15:35","LedgerHandle.java","3902","14708","18610"
"2014-09-18 06:47","LedgerHandle.java","15670","136132","151802"
"2014-12-09 19:57","LedgerHandle.java","15735","137290","153025"
"2017-07-04 06:27","LedgerHandle.java","48734","117238","165972"
"2017-06-30 00:12","LedgerHandle.java","48666","115209","163875"
"2014-05-30 14:01","LedgerHandle.java","15263","126603","141866"
"2014-05-30 15:07","LedgerHandle.java","15278","126657","141935"
"2014-01-17 18:13","LedgerHandle.java","14700","119244","133944"
"2013-01-07 12:25","LedgerHandle.java","11886","72158","84044"
"2012-08-28 10:51","LedgerHandle.java","6857","37823","44680"
"2012-09-14 11:53","LedgerHandle.java","7133","41918","49051"
"2016-02-09 08:32","LedgerHandle.java","16245","143231","159476"
"2016-03-16 05:03","LedgerHandle.java","47268","71515","118783"
"2015-10-22 09:22","LedgerHandle.java","16166","142117","158283"
"2015-10-06 10:05","LedgerHandle.java","16154","141049","157203"
"2017-01-31 04:01","LedgerHandle.java","47471","97201","144672"
"2015-04-21 09:39","LedgerHandle.java","15906","139630","155536"
"2015-10-06 11:12","LedgerHandle.java","16156","141291","157447"
"2014-12-05 14:10","LedgerHandle.java","15718","136824","152542"
"2013-01-14 16:59","BookieServer.java","17818","85065","102883"
"2013-01-09 17:18","BookieServer.java","17718","83901","101619"
"2013-02-12 11:16","BookieServer.java","18735","116568","135303"
"2013-04-02 17:38","BookieServer.java","18951","117787","136738"
"2017-08-16 03:37","BookieServer.java","48534","147616","196150"
"2017-08-02 00:49","BookieServer.java","47710","140159","187869"
"2013-07-03 17:39","BookieServer.java","19180","123505","142685"
"2013-07-24 16:55","BookieServer.java","19201","124394","143595"
"2014-02-05 22:43","BookieServer.java","19957","131939","151896"
"2017-06-28 23:24","BookieServer.java","46903","117313","164216"
"2013-06-15 19:05","BookieServer.java","19155","123163","142318"
"2017-06-01 23:58","BookieServer.java","46856","113864","160720"
"2017-10-17 09:32","BookieServer.java","49365","139825","189190"
"2014-08-02 20:02","BookieServer.java","20460","144652","165112"
"2012-05-09 09:43","BookieServer.java","8846","16195","25041"
"2013-12-06 07:39","BookieServer.java","19534","129269","148803"
"2012-07-23 23:39","BookieServer.java","12141","32464","44605"
"2012-07-09 04:09","BookieServer.java","10586","28000","38586"
"2012-10-18 16:40","BookieServer.java","16107","64639","80746"
"2014-01-21 05:05","BookieServer.java","19574","130407","149981"
"2017-05-15 19:52","LedgerHandle.java","42402","113699","156101"
"2017-05-02 22:07","LedgerHandle.java","42045","110988","153033"
"2017-03-23 15:55","LedgerHandle.java","42038","105355","147393"
"2012-12-28 12:32","LedgerHandle.java","17034","88724","105758"
"2016-09-10 21:01","LedgerHandle.java","41911","87941","129852"
"2016-07-11 23:01","LedgerHandle.java","41902","83828","125730"
"2012-02-13 15:46","LedgerHandle.java","795","6383","7178"
"2012-01-17 16:52","LedgerHandle.java","375","1681","2056"
"2012-02-01 16:19","LedgerHandle.java","452","2851","3303"
"2012-02-13 11:19","LedgerHandle.java","668","6176","6844"
"2012-03-31 10:58","LedgerHandle.java","8983","22204","31187"
"2013-04-26 18:38","LedgerHandle.java","18402","125003","143405"
"2013-10-14 18:32","LedgerHandle.java","18794","133082","151876"
"2014-02-05 22:43","LedgerHandle.java","19238","138702","157940"
"2014-02-21 19:01","LedgerHandle.java","19277","139904","159181"
"2017-05-17 08:57","LedgerHandle.java","42442","114216","156658"
"2017-05-25 14:23","LedgerHandle.java","42469","116048","158517"
"2017-06-21 19:50","LedgerHandle.java","42572","119082","161654"
"2017-06-21 21:00","LedgerHandle.java","42574","119867","162441"
"2017-06-01 23:58","LedgerHandle.java","42532","117022","159554"
"2012-06-29 18:43","LedgerHandle.java","10866","35223","46089"
"2012-05-25 17:13","LedgerHandle.java","10001","26427","36428"
"2012-05-10 14:47","LedgerHandle.java","9643","24815","34458"
"2012-09-12 11:59","LedgerHandle.java","13308","61079","74387"
"2012-06-19 12:39","LedgerHandle.java","10674","29496","40170"
"2014-01-21 05:19","LedgerHandle.java","18947","137608","156555"
"2012-06-27 15:35","LedgerHandle.java","10857","34884","45741"
"2014-09-18 06:47","LedgerHandle.java","19697","153380","173077"
"2014-12-09 19:57","LedgerHandle.java","19704","154480","174184"
"2017-07-04 06:27","LedgerHandle.java","42610","124335","166945"
"2017-06-30 00:12","LedgerHandle.java","42578","122342","164920"
"2014-05-30 14:01","LedgerHandle.java","19318","143879","163197"
"2014-05-30 15:07","LedgerHandle.java","19320","143920","163240"
"2014-01-17 18:13","LedgerHandle.java","18905","136670","155575"
"2013-01-07 12:25","LedgerHandle.java","17166","90659","107825"
"2012-08-28 10:51","LedgerHandle.java","13166","57353","70519"
"2012-09-14 11:53","LedgerHandle.java","13386","61392","74778"
"2016-02-09 08:32","LedgerHandle.java","19931","160138","180069"
"2016-03-16 05:03","LedgerHandle.java","41855","79323","121178"
"2015-10-22 09:22","LedgerHandle.java","19932","159104","179036"
"2015-10-06 10:05","LedgerHandle.java","19921","158037","177958"
"2017-01-31 04:01","LedgerHandle.java","42030","104981","147011"
"2015-04-21 09:39","LedgerHandle.java","19735","156680","176415"
"2015-10-06 11:12","LedgerHandle.java","19923","158279","178202"
"2014-12-05 14:10","LedgerHandle.java","19699","154026","173725"
"2017-10-17 09:32","BookKeeperAdmin.java","31303","83215","114518"
"2017-06-01 23:58","BookKeeperAdmin.java","5430","33890","39320"
"2017-04-11 20:19","BookKeeperAdmin.java","2854","24829","27683"
"2017-07-07 05:11","BookKeeperAdmin.java","6514","43889","50403"
"2016-11-09 03:05","BookKeeperAdmin.java","1684","5369","7053"
"2016-11-30 00:07","BookKeeperAdmin.java","1753","6102","7855"
"2016-10-13 09:27","BookKeeperAdmin.java","1654","5005","6659"
"2017-07-04 06:27","LedgerCache.java","48920","116183","165103"
"2017-05-16 00:31","LedgerCache.java","48163","105416","153579"
"2012-12-18 13:04","LedgerCache.java","10585","67683","78268"
"2016-11-18 00:18","LedgerCache.java","47561","82949","130510"
"2017-10-17 09:32","BookKeeperAdmin.java","28066","84048","112114"
"2017-06-01 23:58","BookKeeperAdmin.java","8899","41429","50328"
"2017-04-11 20:19","BookKeeperAdmin.java","6557","32602","39159"
"2017-07-07 05:11","BookKeeperAdmin.java","9973","51418","61391"
"2016-11-09 03:05","BookKeeperAdmin.java","5501","13256","18757"
"2016-11-30 00:07","BookKeeperAdmin.java","5570","13989","19559"
"2016-09-10 21:01","BookKeeperAdmin.java","3819","7889","11708"
"2016-10-13 09:27","BookKeeperAdmin.java","5473","12894","18367"
"2016-02-09 08:12","TestBenchmark.java","3906","24476","28382"
"2012-12-24 05:50","InterleavedLedgerStorage.java","11147","69093","80240"
"2012-12-18 13:04","InterleavedLedgerStorage.java","10762","68600","79362"
"2016-11-18 00:18","InterleavedLedgerStorage.java","47444","83572","131016"
"2013-12-02 18:45","InterleavedLedgerStorage.java","14607","117950","132557"
"2013-05-04 14:22","InterleavedLedgerStorage.java","13424","106663","120087"
"2012-06-13 16:57","InterleavedLedgerStorage.java","1494","5828","7322"
"2014-01-15 15:58","InterleavedLedgerStorage.java","14625","118312","132937"
"2014-01-21 17:26","InterleavedLedgerStorage.java","14718","119950","134668"
"2013-10-02 06:23","InterleavedLedgerStorage.java","13703","113253","126956"
"2017-05-16 00:31","InterleavedLedgerStorage.java","48024","106017","154041"
"2012-05-25 17:13","InterleavedLedgerStorage.java","1333","4037","5370"
"2012-05-09 13:00","InterleavedLedgerStorage.java","537","1701","2238"
"2012-05-07 18:48","InterleavedLedgerStorage.java","478","1218","1696"
"2014-08-02 20:02","InterleavedLedgerStorage.java","15637","133589","149226"
"2017-07-04 06:27","InterleavedLedgerStorage.java","48796","116799","165595"
"2012-10-18 16:40","InterleavedLedgerStorage.java","9733","52025","61758"
"2015-04-21 09:55","InterleavedLedgerStorage.java","15911","139285","155196"
"2017-01-31 04:01","InterleavedLedgerStorage.java","47489","96718","144207"
"2016-03-08 06:49","InterleavedLedgerStorage.java","16348","143715","160063"
"2017-03-28 22:37","InterleavedLedgerStorage.java","47523","101559","149082"
"2015-04-21 09:17","InterleavedLedgerStorage.java","15900","139103","155003"
"2012-12-18 12:00","BookKeeperClusterTestCase.java","10907","68956","79863"
"2017-05-15 19:52","BookKeeperClusterTestCase.java","47939","106015","153954"
"2013-01-09 17:18","BookKeeperClusterTestCase.java","12149","72593","84742"
"2016-04-05 08:45","BookKeeperClusterTestCase.java","47261","74211","121472"
"2017-08-01 08:34","BookKeeperClusterTestCase.java","49450","133575","183025"
"2013-10-12 05:42","BookKeeperClusterTestCase.java","14464","115438","129902"
"2014-02-05 22:43","BookKeeperClusterTestCase.java","15124","121367","136491"
"2017-11-08 12:27","BookKeeperClusterTestCase.java","51638","146379","198017"
"2013-06-15 19:05","BookKeeperClusterTestCase.java","13651","111920","125571"
"2014-05-09 14:04","BookKeeperClusterTestCase.java","15227","125624","140851"
"2012-12-12 11:20","BookKeeperClusterTestCase.java","10678","65818","76496"
"2012-09-12 11:59","BookKeeperClusterTestCase.java","7052","41602","48654"
"2017-07-04 06:27","BookKeeperClusterTestCase.java","48734","117238","165972"
"2014-07-24 01:41","BookKeeperClusterTestCase.java","15496","127497","142993"
"2014-05-23 18:46","BookKeeperClusterTestCase.java","15227","125954","141181"
"2017-06-30 00:12","BookKeeperClusterTestCase.java","48666","115209","163875"
"2014-04-24 10:43","BookKeeperClusterTestCase.java","15192","124570","139762"
"2012-12-13 12:33","BookKeeperClusterTestCase.java","10844","66225","77069"
"2013-01-07 12:25","BookKeeperClusterTestCase.java","11886","72158","84044"
"2016-04-27 09:55","BookKeeperClusterTestCase.java","47280","75034","122314"
"2013-01-03 11:06","BookKeeperClusterTestCase.java","11824","71069","82893"
"2015-10-06 10:48","BookKeeperClusterTestCase.java","16156","141277","157433"
"2014-12-10 19:43","BookKeeperClusterTestCase.java","15891","137520","153411"
"2017-06-01 23:58","ExplicitLacFlushPolicy.java","1414","4607","6021"
"2017-06-01 23:58","ExplicitLacFlushPolicy.java","3348","14535","17883"
"2017-05-15 19:52","ExplicitLacFlushPolicy.java","2071","10065","12136"
"2016-12-21 01:48","LedgerCacheTest.java","112086","54278","166364"
"2019-02-20 11:43","LedgerCacheTest.java","133359","414228","547587"
"2017-05-16 00:31","LedgerCacheTest.java","113176","70696","183872"
"2013-12-02 18:45","LedgerCacheTest.java","761","3631","4392"
"2014-07-24 01:41","LedgerCacheTest.java","3366","14393","17759"
"2014-12-10 19:43","LedgerCacheTest.java","4587","25242","29829"
"2016-03-08 06:49","LedgerCacheTest.java","5721","32615","38336"
"2014-03-12 21:26","LedgerCacheTest.java","2716","10988","13704"
"2014-07-24 01:41","BookieFailureTest.java","7601","61255","68856"
"2014-07-24 01:41","TestFencing.java","18739","148681","167420"
"2012-06-19 12:39","TestFencing.java","11045","34587","45632"
"2012-12-18 13:04","TestFencing.java","16282","92562","108844"
"2014-02-05 22:43","TestFencing.java","18498","142682","161180"
"2011-11-18 11:18","TestFencing.java","939","2870","3809"
"2012-03-31 10:58","TestFencing.java","9907","27848","37755"
"2013-08-23 18:48","TestFencing.java","18040","135935","153975"
"2012-01-11 15:46","TestFencing.java","2013","7984","9997"
"2012-03-13 07:31","TestFencing.java","2832","17291","20123"
"2011-11-29 18:45","TestFencing.java","1385","6226","7611"
"2012-04-02 12:38","TestFencing.java","9922","28001","37923"
"2017-08-02 00:49","BookieRequestProcessor.java","5371","23577","28948"
"2017-06-05 20:30","LedgerDirsManager.java","113661","71444","185105"
"2017-01-30 23:25","LedgerDirsManager.java","111620","51367","162987"
"2017-03-28 22:35","LedgerDirsManager.java","111726","62204","173930"
"2014-01-15 15:58","LedgerDirsManager.java","112","456","568"
"2017-06-28 23:24","LedgerDirsManager.java","113852","74679","188531"
"2017-07-07 08:19","LedgerDirsManager.java","114157","80780","194937"
"2014-01-21 17:26","LedgerDirsManager.java","568","2457","3025"
"2014-08-02 20:02","LedgerDirsManager.java","3072","17681","20753"
"2012-12-24 05:50","InterleavedLedgerStorage.java","10199","63811","74010"
"2012-12-18 13:04","InterleavedLedgerStorage.java","9806","63310","73116"
"2016-11-18 00:18","InterleavedLedgerStorage.java","48550","80344","128894"
"2013-12-02 18:45","InterleavedLedgerStorage.java","13961","112970","126931"
"2013-05-04 14:22","InterleavedLedgerStorage.java","12681","101586","114267"
"2014-01-15 15:58","InterleavedLedgerStorage.java","13983","113336","127319"
"2014-01-21 17:26","InterleavedLedgerStorage.java","14077","114975","129052"
"2013-10-02 06:23","InterleavedLedgerStorage.java","12976","108192","121168"
"2017-05-16 00:31","InterleavedLedgerStorage.java","49163","102822","151985"
"2014-08-02 20:02","InterleavedLedgerStorage.java","15065","128683","143748"
"2017-07-04 06:27","InterleavedLedgerStorage.java","49927","113596","163523"
"2012-10-18 16:40","InterleavedLedgerStorage.java","8726","46684","55410"
"2015-04-21 09:55","InterleavedLedgerStorage.java","15365","134405","149770"
"2017-01-31 04:01","InterleavedLedgerStorage.java","48592","93487","142079"
"2016-03-08 06:49","InterleavedLedgerStorage.java","15848","138881","154729"
"2017-03-28 22:37","InterleavedLedgerStorage.java","48647","98349","146996"
"2015-04-21 09:17","InterleavedLedgerStorage.java","15349","134218","149567"
"2017-05-26 16:52","Value.java","8016","39689","47705"
"2014-12-05 17:51","RoundRobinDistributionScheduleTest.java","12008","98633","110641"
"2017-06-30 00:12","RoundRobinDistributionScheduleTest.java","68690","100683","169373"
"2013-10-14 16:43","RoundRobinDistributionScheduleTest.java","10169","76627","86796"
"2014-07-24 01:41","TestEntryLog.java","834","3589","4423"
"2014-12-10 19:43","TestEntryLog.java","2653","15036","17689"
"2016-02-24 00:44","TestEntryLog.java","3893","22163","26056"
"2017-05-16 00:31","TestEntryLog.java","112644","61892","174536"
"2017-07-07 08:19","TestEntryLog.java","114205","75426","189631"
"2017-06-30 00:12","ReadLastConfirmedOp.java","65050","103885","168935"
"2012-09-14 15:42","ReadLastConfirmedOp.java","1198","8176","9374"
"2017-05-15 19:52","ReadLastConfirmedOp.java","64266","94634","158900"
"2017-06-01 23:58","ReadLastConfirmedOp.java","64960","98521","163481"
"2014-02-21 19:01","ReadLastConfirmedOp.java","11012","90710","101722"
"2013-02-08 19:08","MacDigestManager.java","17898","129758","147656"
"2017-07-28 20:12","MacDigestManager.java","40782","133519","174301"
"2017-05-15 19:52","MacDigestManager.java","40437","118152","158589"
"2017-05-17 08:57","MacDigestManager.java","40463","118655","159118"
"2012-02-01 16:19","MacDigestManager.java","4463","13280","17743"
"2013-05-04 14:22","GarbageCollectorThread.java","3430","38723","42153"
"2013-09-11 00:34","GarbageCollectorThread.java","4001","45594","49595"
"2014-01-15 15:58","GarbageCollectorThread.java","5272","51013","56285"
"2013-10-22 07:44","GarbageCollectorThread.java","5071","47971","53042"
"2017-05-09 23:06","GarbageCollectorThread.java","80512","78677","159189"
"2014-01-21 17:26","GarbageCollectorThread.java","5464","52750","58214"
"2013-10-02 06:23","GarbageCollectorThread.java","4002","45606","49608"
"2017-11-08 12:27","GarbageCollectorThread.java","92613","128907","221520"
"2017-03-28 22:39","GarbageCollectorThread.java","80119","76228","156347"
"2017-01-30 23:25","GarbageCollectorThread.java","79977","65121","145098"
"2016-05-04 15:55","GarbageCollectorThread.java","78450","47780","126230"
"2016-03-08 06:49","GarbageCollectorThread.java","8550","77971","86521"
"2016-02-24 00:44","GarbageCollectorThread.java","8508","77577","86085"
"2015-04-21 09:55","GarbageCollectorThread.java","7623","73051","80674"
"2013-10-30 16:23","GarbageCollectorThread.java","5177","50050","55227"
"2014-07-24 01:41","ConditionalSetTest.java","19449","150859","170308"
"2011-11-17 11:16","ConditionalSetTest.java","2939","5050","7989"
"2011-11-18 11:18","ConditionalSetTest.java","3574","6973","10547"
"2016-03-16 04:51","AutoRecoveryMain.java","78897","44892","123789"
"2013-10-02 06:23","AutoRecoveryMain.java","4644","46646","51290"
"2013-01-14 16:59","AutoRecoveryMain.java","2346","5805","8151"
"2014-03-10 03:14","AutoRecoveryMain.java","6964","57045","64009"
"2014-04-24 10:43","AutoRecoveryMain.java","7017","58346","65363"
"2014-09-06 07:58","AutoRecoveryMain.java","7782","70192","77974"
"2013-12-06 07:39","AutoRecoveryMain.java","5817","51764","57581"
"2017-07-07 05:11","Auditor.java","2380","12152","14532"
"2017-04-11 20:19","BookKeeperCloseTest.java","111117","58495","169612"
"2017-05-16 00:31","BookKeeperCloseTest.java","112047","63135","175182"
"2014-09-18 06:53","BookKeeperCloseTest.java","2318","15250","17568"
"2014-12-06 07:38","BookKeeperCloseTest.java","2460","16295","18755"
"2016-03-08 06:49","CompactionTest.java","1555","5548","7103"
"2016-05-04 15:55","CompactionTest.java","106379","10281","116660"
"2017-03-22 22:54","CompactionTest.java","112026","38169","150195"
"2017-06-21 21:07","CompactionTest.java","114815","55377","170192"
"2017-11-08 12:27","CompactionTest.java","132826","103692","236518"
"2017-05-16 00:31","CompactionTest.java","113474","48093","161567"
"2017-07-07 08:19","CompactionTest.java","115376","61968","177344"
"2015-07-10 22:48","ZooKeeperUtil.java","681","3321","4002"
"2016-04-05 21:52","ZooKeeperUtil.java","106307","11873","118180"
"2017-11-08 12:27","BookKeeperClusterTestCase.java","33149","43765","76914"
"2017-05-09 23:06","GarbageCollectorThread.java","824","2880","3704"
"2017-11-08 12:27","GarbageCollectorThread.java","37457","77642","115099"
"2017-05-15 19:52","LedgerHandle.java","111946","76642","188588"
"2017-05-02 22:07","LedgerHandle.java","111266","73608","184874"
"2017-03-23 15:55","LedgerHandle.java","111156","67872","179028"
"2016-09-10 21:01","LedgerHandle.java","110917","50346","161263"
"2016-07-11 23:01","LedgerHandle.java","109633","44958","154591"
"2013-10-14 18:32","LedgerHandle.java","2134","9821","11955"
"2014-02-05 22:43","LedgerHandle.java","3706","16569","20275"
"2014-02-21 19:01","LedgerHandle.java","3869","17895","21764"
"2017-05-17 08:57","LedgerHandle.java","112061","77234","189295"
"2017-05-25 14:23","LedgerHandle.java","112093","79071","191164"
"2017-06-21 19:50","LedgerHandle.java","113014","82923","195937"
"2017-06-21 21:00","LedgerHandle.java","113021","83713","196734"
"2017-06-01 23:58","LedgerHandle.java","112815","80704","193519"
"2014-01-21 05:19","LedgerHandle.java","2801","14861","17662"
"2014-09-18 06:47","LedgerHandle.java","4931","32013","36944"
"2014-12-09 19:57","LedgerHandle.java","5062","33237","38299"
"2017-07-04 06:27","LedgerHandle.java","113300","88424","201724"
"2017-06-30 00:12","LedgerHandle.java","113195","86358","199553"
"2014-05-30 14:01","LedgerHandle.java","4137","22097","26234"
"2014-05-30 15:07","LedgerHandle.java","4155","22154","26309"
"2014-01-17 18:13","LedgerHandle.java","2497","13661","16158"
"2016-02-09 08:32","LedgerHandle.java","6169","39775","45944"
"2016-03-16 05:03","LedgerHandle.java","109364","40231","149595"
"2015-10-22 09:22","LedgerHandle.java","6053","38624","44677"
"2015-10-06 10:05","LedgerHandle.java","6023","37538","43561"
"2017-01-31 04:01","LedgerHandle.java","111074","67424","178498"
"2015-04-21 09:39","LedgerHandle.java","5371","35715","41086"
"2015-10-06 11:12","LedgerHandle.java","6026","37781","43807"
"2014-12-05 14:10","LedgerHandle.java","5021","32747","37768"
"2019-02-20 11:43","LedgerCacheTest.java","51839","375188","427027"
"2017-10-17 09:32","BookKeeperAdmin.java","30089","78650","108739"
"2017-06-01 23:58","BookKeeperAdmin.java","3946","29055","33001"
"2017-04-11 20:19","BookKeeperAdmin.java","1345","19969","21314"
"2017-07-07 05:11","BookKeeperAdmin.java","5038","39062","44100"
"2016-11-09 03:05","BookKeeperAdmin.java","46","380","426"
"2016-11-30 00:07","BookKeeperAdmin.java","197","1195","1392"
"2014-09-22 12:11","CodahaleMetricsProvider.java","387","566","953"
"2016-12-17 02:43","CodahaleMetricsProvider.java","112627","35209","147836"
"2017-05-26 16:52","CodahaleMetricsProvider.java","114234","54334","168568"
"2013-03-25 06:27","BookieZKExpireTest.java","3976","39043","43019"
"2014-12-10 19:43","BookieZKExpireTest.java","8298","72320","80618"
"2016-01-26 22:11","BookieZKExpireTest.java","8974","78221","87195"
"2017-06-01 23:58","EntryLogger.java","8899","41429","50328"
"2017-11-08 12:27","EntryLogger.java","29951","95953","125904"
"2017-01-31 02:11","EntryLogger.java","5623","20533","26156"
"2017-03-23 00:48","EntryLogger.java","6257","27588","33845"
"2017-07-07 08:19","BookieInitializationTest.java","114954","61152","176106"
"2017-06-28 23:24","BookieInitializationTest.java","114427","54829","169256"
"2017-07-28 06:39","BookieInitializationTest.java","116066","64153","180219"
"2017-08-02 00:49","BookieInitializationTest.java","118802","81243","200045"
"2017-06-05 20:30","BookieInitializationTest.java","114065","51423","165488"
"2017-05-15 19:52","BookieInitializationTest.java","112885","46692","159577"
"2017-05-16 00:31","ResponseBuilder.java","111707","77894","189601"
"2017-05-15 19:52","TestBackwardCompatCMS42.java","2090","15905","17995"
"2017-06-01 23:58","LedgerCacheImpl.java","1160","3935","5095"
"2017-07-04 06:27","LedgerCacheImpl.java","2419","12429","14848"
"2017-05-16 00:31","ConcurrentLedgerTest.java","113453","50318","163771"
"2017-05-15 19:52","BookKeeperClusterTestCase.java","113068","70170","183238"
"2016-04-05 08:45","BookKeeperClusterTestCase.java","109017","34993","144010"
"2017-08-01 08:34","BookKeeperClusterTestCase.java","117232","100383","217615"
"2014-02-05 22:43","BookKeeperClusterTestCase.java","2368","7637","10005"
"2017-11-08 12:27","BookKeeperClusterTestCase.java","126655","120422","247077"
"2014-05-09 14:04","BookKeeperClusterTestCase.java","2849","12272","15121"
"2017-07-04 06:27","BookKeeperClusterTestCase.java","114520","82050","196570"
"2014-07-24 01:41","BookKeeperClusterTestCase.java","3366","14393","17759"
"2014-05-23 18:46","BookKeeperClusterTestCase.java","2855","12608","15463"
"2017-06-30 00:12","BookKeeperClusterTestCase.java","114404","79973","194377"
"2014-04-24 10:43","BookKeeperClusterTestCase.java","2762","11166","13928"
"2016-04-27 09:55","BookKeeperClusterTestCase.java","109102","35882","144984"
"2015-10-06 10:48","BookKeeperClusterTestCase.java","5384","29531","34915"
"2014-12-10 19:43","BookKeeperClusterTestCase.java","4587","25242","29829"
"2017-05-02 23:04","HierarchicalLedgerManager.java","46868","104997","151865"
"2012-12-24 05:50","HierarchicalLedgerManager.java","11212","71202","82414"
"2017-05-12 16:39","HierarchicalLedgerManager.java","46871","105680","152551"
"2013-04-04 11:21","HierarchicalLedgerManager.java","13294","108021","121315"
"2014-01-17 18:13","HierarchicalLedgerManager.java","14468","120555","135023"
"2017-07-28 20:12","BKException.java","49151","122111","171262"
"2016-07-11 22:53","BKException.java","47349","75009","122358"
"2017-05-02 23:04","BKException.java","47775","104223","151998"
"2013-09-10 15:14","BKException.java","13760","113623","127383"
"2014-02-21 19:01","BKException.java","15209","122477","137686"
"2017-08-02 00:49","BKException.java","49587","136159","185746"
"2012-12-12 11:20","BKException.java","10626","65628","76254"
"2012-06-19 12:39","BKException.java","2403","7866","10269"
"2015-09-15 10:38","BKException.java","16185","140618","156803"
"2017-01-31 04:01","BKException.java","47503","97095","144598"
"2015-10-06 10:48","BKException.java","16189","141172","157361"
"2015-10-22 09:22","BKException.java","16199","142012","158211"
"2012-09-04 10:39","BKException.java","6836","39360","46196"
"2012-12-03 17:59","BKException.java","10423","64227","74650"
"2014-07-24 01:41","TestLedgerFragmentReplication.java","9824","82197","92021"
"2014-02-05 22:43","TestLedgerFragmentReplication.java","9255","75870","85125"
"2014-12-10 19:43","BookieInitializationTest.java","5212","26600","31812"
"2014-06-06 15:29","BookieInitializationTest.java","3695","15447","19142"
"2015-07-10 22:48","BookieInitializationTest.java","5540","29568","35108"
"2014-01-21 17:26","BookieInitializationTest.java","2004","7496","9500"
"2013-10-12 05:42","BookieInitializationTest.java","1067","1800","2867"
"2017-07-07 08:19","BookieInitializationTest.java","115059","85285","200344"
"2017-06-28 23:24","BookieInitializationTest.java","114788","79218","194006"
"2017-07-28 06:39","BookieInitializationTest.java","115706","87821","203527"
"2017-08-02 00:49","BookieInitializationTest.java","118254","104723","222977"
"2017-06-05 20:30","BookieInitializationTest.java","114618","76004","190622"
"2017-05-15 19:52","BookieInitializationTest.java","113632","71467","185099"
"2014-04-29 22:07","ClientUtil.java","11175","86187","97362"
"2017-05-15 19:52","ClientUtil.java","67783","91115","158898"
"2017-05-25 14:23","ClientUtil.java","67890","93504","161394"
"2017-07-04 06:27","ServerConfiguration.java","10334","51596","61930"
"2016-04-27 09:55","ServerConfiguration.java","188","700","888"
"2017-05-15 19:52","ServerConfiguration.java","8153","38987","47140"
"2017-03-22 22:54","ServerConfiguration.java","6760","29536","36296"
"2017-03-23 00:48","ServerConfiguration.java","6765","29593","36358"
"2017-01-31 02:11","ServerConfiguration.java","6139","22546","28685"
"2016-11-09 03:02","ServerConfiguration.java","6019","15254","21273"
"2016-11-30 00:02","ServerConfiguration.java","6084","16001","22085"
"2017-06-05 20:30","ServerConfiguration.java","9467","43852","53319"
"2016-09-10 20:27","ServerConfiguration.java","4321","9767","14088"
"2017-08-02 00:49","ServerConfiguration.java","14659","74127","88786"
"2017-10-03 12:31","ServerConfiguration.java","26807","76432","103239"
"2017-08-16 03:37","ServerConfiguration.java","17061","83162","100223"
"2017-05-26 12:38","ServerConfiguration.java","8409","41559","49968"
"2017-07-07 08:19","ServerConfiguration.java","10384","53609","63993"
"2017-06-28 23:24","ServerConfiguration.java","9839","47268","57107"
"2017-11-08 12:27","ServerConfiguration.java","29540","97039","126579"
"2017-06-05 20:30","LedgerDirsManager.java","113614","71053","184667"
"2017-01-30 23:25","LedgerDirsManager.java","111553","50956","162509"
"2017-03-28 22:35","LedgerDirsManager.java","111662","61796","173458"
"2017-06-28 23:24","LedgerDirsManager.java","113807","74290","188097"
"2017-07-07 08:19","LedgerDirsManager.java","114117","80396","194513"
"2014-01-21 17:26","LedgerDirsManager.java","464","2009","2473"
"2014-08-02 20:02","LedgerDirsManager.java","2987","17252","20239"
"2017-05-16 00:31","SortedLedgerStorage.java","1307","2535","3842"
"2017-07-07 05:11","BookKeeperConstants.java","5180","39190","44370"
"2017-06-30 00:12","BookKeeperConstants.java","4934","35303","40237"
"2015-09-15 10:38","AbstractConfiguration.java","15580","137126","152706"
"2017-03-28 22:40","AbstractConfiguration.java","48207","99947","148154"
"2012-10-05 16:24","AbstractConfiguration.java","8187","44790","52977"
"2012-06-19 12:39","AbstractConfiguration.java","1012","3588","4600"
"2012-12-12 11:20","AbstractConfiguration.java","9666","61781","71447"
"2017-08-02 00:49","AbstractConfiguration.java","50331","134016","184347"
"2013-06-12 18:41","AbstractConfiguration.java","12933","107750","120683"
"2012-06-13 16:57","AbstractConfiguration.java","229","2039","2268"
"2016-07-31 07:53","AbstractConfiguration.java","48001","73815","121816"
"2017-01-31 02:14","AbstractConfiguration.java","48103","89339","137442"
"2016-07-31 07:56","AbstractConfiguration.java","48001","74149","122150"
"2017-05-02 23:04","AbstractConfiguration.java","48411","101972","150383"
"2017-03-23 00:48","AbstractConfiguration.java","48153","95198","143351"
"2012-11-30 04:54","AbstractConfiguration.java","9426","59806","69232"
"2017-07-07 08:19","LedgerDirsManager.java","803","6599","7402"
"2017-06-01 23:58","LedgerHandleAdv.java","1085","1996","3081"
"2017-03-23 15:55","CheckpointSourceList.java","41","119","160"
"2015-04-21 09:17","WriteEntryProcessorV3.java","1381","6632","8013"
"2017-05-16 00:31","WriteEntryProcessorV3.java","114344","54385","168729"
"2016-11-12 03:35","WriteEntryProcessorV3.java","112787","30834","143621"
"2017-05-15 19:52","WriteEntryProcessorV3.java","114187","53810","167997"
"2017-08-02 00:49","DefaultPerChannelBookieClientPool.java","117771","93523","211294"
"2014-07-25 00:34","DefaultPerChannelBookieClientPool.java","1139","8004","9143"
"2017-05-15 19:52","BookKeeperClusterTestCase.java","111874","63707","175581"
"2016-04-05 08:45","BookKeeperClusterTestCase.java","107546","28253","135799"
"2017-08-01 08:34","BookKeeperClusterTestCase.java","116497","94379","210876"
"2017-11-08 12:27","BookKeeperClusterTestCase.java","126442","114940","241382"
"2014-05-09 14:04","BookKeeperClusterTestCase.java","510","4664","5174"
"2017-07-04 06:27","BookKeeperClusterTestCase.java","113475","75736","189211"
"2014-07-24 01:41","BookKeeperClusterTestCase.java","1183","6941","8124"
"2014-05-23 18:46","BookKeeperClusterTestCase.java","524","5008","5532"
"2017-06-30 00:12","BookKeeperClusterTestCase.java","113338","73638","186976"
"2014-04-24 10:43","BookKeeperClusterTestCase.java","422","3557","3979"
"2016-04-27 09:55","BookKeeperClusterTestCase.java","107634","29145","136779"
"2015-10-06 10:48","BookKeeperClusterTestCase.java","3746","22624","26370"
"2014-12-10 19:43","BookKeeperClusterTestCase.java","2838","18224","21062"
"2017-08-02 00:49","BookieNettyServer.java","10828","64850","75678"
"2017-06-01 09:47","BookieNettyServer.java","4571","32924","37495"
"2017-05-15 19:52","BookieNettyServer.java","4280","29668","33948"
"2017-01-31 02:14","BookieNettyServer.java","2353","13926","16279"
"2017-03-23 00:48","BookieNettyServer.java","2562","19944","22506"
"2015-10-06 10:05","LedgerDeleteOp.java","1056","2247","3303"
"2017-05-15 19:52","BookieJournalTest.java","113296","49743","163039"
"2017-05-16 00:31","BookieJournalTest.java","113453","50318","163771"
"2012-12-12 11:20","BookieLedgerIndexTest.java","5375","29407","34782"
"2013-10-14 16:43","BookieLedgerIndexTest.java","10379","80279","90658"
"2017-05-15 19:52","LedgerHandle.java","112963","69972","182935"
"2017-05-02 22:07","LedgerHandle.java","112212","66867","179079"
"2017-03-23 15:55","LedgerHandle.java","112091","61120","173211"
"2016-09-10 21:01","LedgerHandle.java","110473","42215","152688"
"2016-07-11 23:01","LedgerHandle.java","109181","36819","146000"
"2014-02-05 22:43","LedgerHandle.java","2261","7437","9698"
"2014-02-21 19:01","LedgerHandle.java","2441","8780","11221"
"2017-05-17 08:57","LedgerHandle.java","113089","70575","183664"
"2017-05-25 14:23","LedgerHandle.java","113122","72413","185535"
"2017-06-21 19:50","LedgerHandle.java","114120","76342","190462"
"2017-06-21 21:00","LedgerHandle.java","114131","77136","191267"
"2017-06-01 23:58","LedgerHandle.java","113867","74069","187936"
"2014-01-21 05:19","LedgerHandle.java","1112","5485","6597"
"2014-09-18 06:47","LedgerHandle.java","4035","23430","27465"
"2014-12-09 19:57","LedgerHandle.java","4167","24655","28822"
"2017-07-04 06:27","LedgerHandle.java","114440","81877","196317"
"2017-06-30 00:12","LedgerHandle.java","114324","79800","194124"
"2014-05-30 14:01","LedgerHandle.java","2818","13091","15909"
"2014-05-30 15:07","LedgerHandle.java","2838","13150","15988"
"2014-01-17 18:13","LedgerHandle.java","796","4273","5069"
"2016-02-09 08:32","LedgerHandle.java","5434","31353","36787"
"2016-03-16 05:03","LedgerHandle.java","108899","32079","140978"
"2015-10-22 09:22","LedgerHandle.java","5304","30188","35492"
"2015-10-06 10:05","LedgerHandle.java","5273","29101","34374"
"2017-01-31 04:01","LedgerHandle.java","111993","60656","172649"
"2015-04-21 09:39","LedgerHandle.java","4534","27191","31725"
"2015-10-06 11:12","LedgerHandle.java","5276","29344","34620"
"2014-12-05 14:10","LedgerHandle.java","4123","24162","28285"
"2014-07-24 01:41","ConcurrentLedgerTest.java","19016","148315","167331"
"2014-12-10 19:43","ConcurrentLedgerTest.java","19200","158127","177327"
"2011-11-28 19:25","ConcurrentLedgerTest.java","1137","5169","6306"
"2011-11-18 11:18","ConcurrentLedgerTest.java","717","2005","2722"
"2012-03-08 19:24","ConcurrentLedgerTest.java","2557","14116","16673"
"2012-02-15 16:11","ConcurrentLedgerTest.java","2238","11915","14153"
"2013-10-12 05:42","ConcurrentLedgerTest.java","18328","136600","154928"
"2014-02-05 22:43","ConcurrentLedgerTest.java","18772","142313","161085"
"2017-05-16 00:31","ConcurrentLedgerTest.java","40748","116540","157288"
"2017-06-30 00:12","RoundRobinDistributionScheduleTest.java","115434","60802","176236"
"2016-11-18 00:18","LedgerCacheImpl.java","112105","48301","160406"
"2017-05-16 00:31","LedgerCacheImpl.java","113235","71296","184531"
"2017-06-01 23:58","LedgerCacheImpl.java","114026","74862","188888"
"2014-08-02 20:02","LedgerCacheImpl.java","3814","21834","25648"
"2017-07-04 06:27","LedgerCacheImpl.java","114576","82647","197223"
"2017-01-31 04:01","LedgerCacheImpl.java","112168","61465","173633"
"2017-07-04 06:27","ServerConfiguration.java","115359","60429","175788"
"2016-04-14 00:51","ServerConfiguration.java","106389","10197","116586"
"2016-03-08 06:49","ServerConfiguration.java","1726","6160","7886"
"2016-01-26 22:11","ServerConfiguration.java","1349","4769","6118"
"2016-04-05 18:47","ServerConfiguration.java","106363","10121","116484"
"2016-04-27 09:55","ServerConfiguration.java","106450","10770","117220"
"2015-04-21 09:55","ServerConfiguration.java","191","632","823"
"2015-04-21 10:02","ServerConfiguration.java","204","678","882"
"2017-05-15 19:52","ServerConfiguration.java","113379","48021","161400"
"2017-03-22 22:54","ServerConfiguration.java","112112","38696","150808"
"2017-03-23 00:48","ServerConfiguration.java","112117","38753","150870"
"2017-01-31 02:11","ServerConfiguration.java","111985","32200","144185"
"2016-04-05 08:45","ServerConfiguration.java","106352","9868","116220"
"2016-11-09 03:02","ServerConfiguration.java","111872","24915","136787"
"2016-11-30 00:02","ServerConfiguration.java","111935","25660","137595"
"2017-06-05 20:30","ServerConfiguration.java","114541","52734","167275"
"2016-09-10 20:27","ServerConfiguration.java","110231","19485","129716"
"2017-08-02 00:49","ServerConfiguration.java","119198","82474","201672"
"2017-10-03 12:31","ServerConfiguration.java","130514","83947","214461"
"2017-08-16 03:37","ServerConfiguration.java","121434","91343","212777"
"2017-05-26 12:38","ServerConfiguration.java","113595","50553","164148"
"2017-07-07 08:19","ServerConfiguration.java","115408","62441","177849"
"2017-06-28 23:24","ServerConfiguration.java","114885","56122","171007"
"2017-11-08 12:27","ServerConfiguration.java","132737","104044","236781"
"2017-07-07 05:11","Auditor.java","113157","90667","203824"
"2014-02-05 22:43","Auditor.java","3888","17457","21345"
"2013-08-21 13:19","Auditor.java","1099","8370","9469"
"2017-05-26 16:52","Auditor.java","111975","79713","191688"
"2016-09-10 21:01","Auditor.java","110847","50982","161829"
"2016-11-09 03:02","Auditor.java","110964","54767","165731"
"2016-03-08 07:18","Auditor.java","6492","42351","48843"
"2014-04-24 10:43","Auditor.java","4179","20883","25062"
"2014-06-02 11:54","Auditor.java","4405","23247","27652"
"2014-05-06 12:30","Auditor.java","4233","21362","25595"
"2014-05-23 18:48","Auditor.java","4254","22307","26561"
"2015-10-06 10:05","ReadOnlyLedgerHandle.java","4712","25063","29775"
"2017-01-31 04:01","ReadOnlyLedgerHandle.java","111542","56728","168270"
"2017-06-30 00:12","ReadOnlyLedgerHandle.java","113974","75973","189947"
"2014-02-05 22:43","ReadOnlyLedgerHandle.java","1505","3204","4709"
"2017-03-23 15:55","ReadOnlyLedgerHandle.java","111653","57205","168858"
"2015-07-10 22:48","ZooKeeperWatcherBase.java","1878","6218","8096"
"2017-06-01 23:58","ZooKeeperWatcherBase.java","115384","56724","172108"
"2012-05-10 14:47","BookieException.java","12253","33843","46096"
"2012-09-07 07:04","BookieException.java","14480","68144","82624"
"2011-11-16 17:05","BookieException.java","2735","4433","7168"
"2013-02-08 19:08","BookieException.java","17898","129758","147656"
"2012-03-13 07:31","BookieException.java","4997","21154","26151"
"2017-07-07 08:19","BookieException.java","40545","130651","171196"
"2013-01-09 18:48","IndexCorruptionTest.java","12695","75483","88178"
"2013-01-09 17:18","IndexCorruptionTest.java","12663","75254","87917"
"2013-05-09 11:41","IndexCorruptionTest.java","13970","110011","123981"
"2016-02-09 08:30","Journal.java","1302","4569","5871"
"2017-05-26 16:52","Journal.java","113534","50238","163772"
"2017-03-22 22:54","Journal.java","112033","38343","150376"
"2016-11-12 03:37","Journal.java","111825","24642","136467"
"2016-07-14 23:02","Journal.java","106742","11773","118515"
"2017-06-01 23:58","Journal.java","114362","51923","166285"
"2017-05-09 22:24","Journal.java","112764","45670","158434"
"2017-05-16 00:31","Journal.java","113467","48253","161720"
"2014-08-02 20:02","ServerConfiguration.java","5885","32117","38002"
"2014-05-06 12:30","ServerConfiguration.java","5191","22773","27964"
"2014-05-15 00:41","ServerConfiguration.java","5211","23707","28918"
"2014-09-18 06:47","ServerConfiguration.java","5958","34199","40157"
"2017-07-04 06:27","ServerConfiguration.java","113535","89818","203353"
"2014-03-07 13:14","ServerConfiguration.java","5018","20241","25259"
"2014-04-29 22:07","ServerConfiguration.java","5188","22723","27911"
"2016-04-14 00:51","ServerConfiguration.java","109871","44892","154763"
"2015-01-16 15:57","ServerConfiguration.java","6358","37571","43929"
"2016-03-08 06:49","ServerConfiguration.java","7355","43002","50357"
"2016-01-26 22:11","ServerConfiguration.java","7101","41734","48835"
"2014-01-21 05:05","ServerConfiguration.java","3898","16771","20669"
"2014-03-12 21:26","ServerConfiguration.java","5094","22119","27213"
"2016-04-05 18:47","ServerConfiguration.java","109851","44822","154673"
"2016-04-27 09:55","ServerConfiguration.java","109919","45452","155371"
"2015-04-21 09:55","ServerConfiguration.java","6410","38064","44474"
"2015-01-12 15:18","ServerConfiguration.java","6355","36630","42985"
"2015-04-21 10:02","ServerConfiguration.java","6406","38093","44499"
"2017-05-15 19:52","ServerConfiguration.java","112230","78085","190315"
"2017-03-22 22:54","ServerConfiguration.java","111544","69341","180885"
"2017-03-23 00:48","ServerConfiguration.java","111548","69397","180945"
"2017-01-31 02:11","ServerConfiguration.java","111456","62884","174340"
"2013-02-19 16:19","ServerConfiguration.java","990","943","1933"
"2013-02-19 16:15","ServerConfiguration.java","984","918","1902"
"2016-04-05 08:45","ServerConfiguration.java","109849","44578","154427"
"2016-11-09 03:02","ServerConfiguration.java","111423","55679","167102"
"2016-11-30 00:02","ServerConfiguration.java","111433","56371","167804"
"2017-06-05 20:30","ServerConfiguration.java","113115","82521","195636"
"2016-09-10 20:27","ServerConfiguration.java","111294","51761","163055"
"2017-08-02 00:49","ServerConfiguration.java","116603","111092","227695"
"2017-10-03 12:31","ServerConfiguration.java","123286","107932","231218"
"2017-08-16 03:37","ServerConfiguration.java","117824","118946","236770"
"2013-07-20 19:59","ServerConfiguration.java","2198","8815","11013"
"2013-12-02 18:45","ServerConfiguration.java","3782","15405","19187"
"2014-05-09 14:04","ServerConfiguration.java","5206","23382","28588"
"2017-05-26 12:38","ServerConfiguration.java","112362","80533","192895"
"2013-06-15 19:05","ServerConfiguration.java","2108","8156","10264"
"2014-01-15 15:58","ServerConfiguration.java","3862","15829","19691"
"2013-10-22 07:44","ServerConfiguration.java","3655","12781","16436"
"2017-07-07 08:19","ServerConfiguration.java","113524","91770","205294"
"2017-06-28 23:24","ServerConfiguration.java","113269","85719","198988"
"2017-11-08 12:27","ServerConfiguration.java","124640","127160","251800"
"2014-01-22 14:35","ServerConfiguration.java","4184","18072","22256"
"2013-10-12 05:42","ServerConfiguration.java","3450","12203","15653"
"2016-04-14 00:51","TestBKConfiguration.java","108047","25533","133580"
"2017-05-15 19:52","LedgerHandle.java","111874","63707","175581"
"2017-05-02 22:07","LedgerHandle.java","111088","60567","171655"
"2017-03-23 15:55","LedgerHandle.java","110933","54786","165719"
"2016-09-10 21:01","LedgerHandle.java","109171","35737","144908"
"2016-07-11 23:01","LedgerHandle.java","107874","30336","138210"
"2014-02-21 19:01","LedgerHandle.java","201","1364","1565"
"2017-05-17 08:57","LedgerHandle.java","112017","64327","176344"
"2017-05-25 14:23","LedgerHandle.java","112050","66165","178215"
"2017-06-21 19:50","LedgerHandle.java","113101","70147","183248"
"2017-06-21 21:00","LedgerHandle.java","113111","70940","184051"
"2017-06-01 23:58","LedgerHandle.java","112825","67851","180676"
"2014-09-18 06:47","LedgerHandle.java","2360","16579","18939"
"2014-12-09 19:57","LedgerHandle.java","2516","17828","20344"
"2017-07-04 06:27","LedgerHandle.java","113475","75736","189211"
"2017-06-30 00:12","LedgerHandle.java","113338","73638","186976"
"2014-05-30 14:01","LedgerHandle.java","700","5797","6497"
"2014-05-30 15:07","LedgerHandle.java","720","5856","6576"
"2016-02-09 08:32","LedgerHandle.java","3922","24665","28587"
"2016-03-16 05:03","LedgerHandle.java","107526","25530","133056"
"2015-10-22 09:22","LedgerHandle.java","3774","23482","27256"
"2015-10-06 10:05","LedgerHandle.java","3740","22392","26132"
"2017-01-31 04:01","LedgerHandle.java","110826","54313","165139"
"2015-04-21 09:39","LedgerHandle.java","2956","20437","23393"
"2015-10-06 11:12","LedgerHandle.java","3746","22638","26384"
"2014-12-05 14:10","LedgerHandle.java","2462","17325","19787"
"2017-05-04 20:58","AbstractZkLedgerManager.java","111525","75463","186988"
"2013-07-29 12:30","AbstractZkLedgerManager.java","1010","7834","8844"
"2017-06-01 23:58","AbstractZkLedgerManager.java","112692","81287","193979"
"2017-06-12 17:20","AbstractZkLedgerManager.java","112853","83225","196078"
"2017-03-28 22:40","AbstractZkLedgerManager.java","111151","73242","184393"
"2016-02-09 08:23","AbstractZkLedgerManager.java","6337","40479","46816"
"2015-09-15 10:38","AbstractZkLedgerManager.java","6192","38089","44281"
"2016-02-23 19:16","AbstractZkLedgerManager.java","6362","40842","47204"
"2014-05-12 08:10","AbstractZkLedgerManager.java","4253","22294","26547"
"2014-01-17 18:13","AbstractZkLedgerManager.java","2699","14569","17268"
"2013-05-31 12:02","BookieJournalRollingTest.java","18841","120390","139231"
"2013-10-12 05:42","BookieJournalRollingTest.java","19088","127442","146530"
"2012-03-15 10:37","BookieJournalRollingTest.java","7474","12707","20181"
"2014-07-24 01:41","BookieJournalRollingTest.java","19959","139340","159299"
"2012-04-17 13:16","BookieJournalRollingTest.java","8883","16987","25870"
"2012-12-13 12:33","LedgerRecoveryTest.java","17296","92316","109612"
"2013-01-07 12:25","LedgerRecoveryTest.java","17622","97533","115155"
"2011-11-17 11:16","LedgerRecoveryTest.java","2969","5310","8279"
"2012-02-13 15:46","LedgerRecoveryTest.java","4625","16631","21256"
"2012-01-17 16:52","LedgerRecoveryTest.java","4405","12129","16534"
"2011-11-04 11:00","LedgerRecoveryTest.java","2094","2044","4138"
"2013-06-12 18:41","LedgerRecoveryTest.java","18830","136311","155141"
"2013-03-25 18:02","LedgerRecoveryTest.java","18737","131393","150130"
"2014-02-05 22:43","LedgerRecoveryTest.java","19159","145041","164200"
"2017-05-16 00:31","LedgerRecoveryTest.java","40457","118590","159047"
"2017-06-21 19:50","LedgerRecoveryTest.java","40534","123462","163996"
"2017-06-01 23:58","ReadEntryProcessorV3.java","3874","28643","32517"
"2017-05-16 00:31","ReadEntryProcessorV3.java","2882","24876","27758"
"2017-05-15 19:52","ReadEntryProcessorV3.java","2703","24279","26982"
"2017-06-05 22:25","ReadEntryProcessorV3.java","4292","30510","34802"
"2016-08-01 08:04","LedgerOpenOp.java","108938","32902","141840"
"2015-10-06 10:05","LedgerOpenOp.java","4836","24291","29127"
"2015-04-21 09:17","LedgerOpenOp.java","4052","22316","26368"
"2014-02-21 19:01","LedgerOpenOp.java","1382","3348","4730"
"2017-06-05 20:30","IndexPersistenceMgrTest.java","114824","55354","170178"
"2017-10-03 12:31","IndexPersistenceMgrTest.java","130084","85854","215938"
"2017-07-07 08:19","IndexPersistenceMgrTest.java","115669","65039","180708"
"2017-01-31 04:01","BookieRequestProcessor.java","112860","44137","156997"
"2017-06-05 22:25","BookieRequestProcessor.java","115521","59786","175307"
"2017-07-04 06:27","BookieRequestProcessor.java","116075","66126","182201"
"2017-08-02 00:49","BookieRequestProcessor.java","119826","88083","207909"
"2017-03-28 22:35","BookieRequestProcessor.java","112996","48865","161861"
"2017-01-31 02:14","BookieRequestProcessor.java","112858","38666","151524"
"2017-05-15 19:52","BookieRequestProcessor.java","114187","53810","167997"
"2013-05-04 14:22","BookieAccessor.java","2688","36368","39056"
"2017-03-22 22:54","BookieAccessor.java","80325","70283","150608"
"2017-08-02 00:49","BookkeeperInternalCallbacks.java","6070","30062","36132"
"2017-06-21 21:00","BookkeeperInternalCallbacks.java","107","1461","1568"
"2017-06-01 23:58","ReplicationWorker.java","1071","1928","2999"
"2016-12-21 01:48","LedgerCacheTest.java","111615","50937","162552"
"2019-02-20 11:43","LedgerCacheTest.java","133565","411564","545129"
"2017-05-16 00:31","LedgerCacheTest.java","112757","67407","180164"
"2014-07-24 01:41","LedgerCacheTest.java","2720","10877","13597"
"2014-12-10 19:43","LedgerCacheTest.java","3979","21764","25743"
"2016-03-08 06:49","LedgerCacheTest.java","5185","29209","34394"
"2014-03-12 21:26","LedgerCacheTest.java","1999","7401","9400"
"2013-01-09 18:48","IndexCorruptionTest.java","17734","85239","102973"
"2013-01-09 17:18","IndexCorruptionTest.java","17702","85010","102712"
"2013-05-09 11:41","IndexCorruptionTest.java","18984","119742","138726"
"2012-03-15 10:37","IndexCorruptionTest.java","7409","12126","19535"
"2012-05-10 14:47","BookieException.java","10538","30430","40968"
"2012-09-07 07:04","BookieException.java","13332","65298","78630"
"2013-02-08 19:08","BookieException.java","16880","127042","143922"
"2012-03-13 07:31","BookieException.java","2832","17291","20123"
"2017-07-07 08:19","BookieException.java","40432","128840","169272"
"2017-08-02 00:49","BookieNettyServer.java","9032","51481","60513"
"2017-06-01 09:47","BookieNettyServer.java","2400","19180","21580"
"2017-05-15 19:52","BookieNettyServer.java","2090","15905","17995"
"2017-03-23 00:48","BookieNettyServer.java","250","6059","6309"
"2017-06-05 20:30","LedgerDirsManager.java","113744","69638","183382"
"2017-01-30 23:25","LedgerDirsManager.java","111645","49503","161148"
"2017-03-28 22:35","LedgerDirsManager.java","111755","60344","172099"
"2017-06-28 23:24","LedgerDirsManager.java","113937","72875","186812"
"2017-07-07 08:19","LedgerDirsManager.java","114242","78976","193218"
"2014-08-02 20:02","LedgerDirsManager.java","2814","15534","18348"
"2017-03-23 00:54","TestDiskChecker.java","111671","57566","169237"
"2014-12-10 19:43","TestDiskChecker.java","3896","21337","25233"
"2017-08-02 00:49","AuthHandler.java","6431","31872","38303"
"2017-07-04 06:27","ServerConfiguration.java","114212","54848","169060"
"2016-04-14 00:51","ServerConfiguration.java","104791","4165","108956"
"2016-04-05 18:47","ServerConfiguration.java","104764","4088","108852"
"2016-04-27 09:55","ServerConfiguration.java","104977","4863","109840"
"2017-05-15 19:52","ServerConfiguration.java","112113","42321","154434"
"2017-03-22 22:54","ServerConfiguration.java","110842","32992","143834"
"2017-03-23 00:48","ServerConfiguration.java","110847","33049","143896"
"2017-01-31 02:11","ServerConfiguration.java","110683","26464","137147"
"2016-04-05 08:45","ServerConfiguration.java","104753","3835","108588"
"2016-11-09 03:02","ServerConfiguration.java","110567","19176","129743"
"2016-11-30 00:02","ServerConfiguration.java","110632","19923","130555"
"2017-06-05 20:30","ServerConfiguration.java","113351","47110","160461"
"2016-09-10 20:27","ServerConfiguration.java","108881","13701","122582"
"2017-08-02 00:49","ServerConfiguration.java","118405","77247","195652"
"2017-10-03 12:31","ServerConfiguration.java","129965","78964","208929"
"2017-08-16 03:37","ServerConfiguration.java","120802","86277","207079"
"2017-05-26 12:38","ServerConfiguration.java","112364","44888","157252"
"2017-07-07 08:19","ServerConfiguration.java","114263","56862","171125"
"2017-06-28 23:24","ServerConfiguration.java","113722","50525","164247"
"2017-11-08 12:27","ServerConfiguration.java","132573","99446","232019"
"2016-04-05 08:45","BookieClient.java","40664","83624","124288"
"2017-03-28 22:35","BookieClient.java","40847","111179","152026"
"2013-10-29 05:14","BookieClient.java","18349","136236","154585"
"2014-02-05 22:43","BookieClient.java","18694","140947","159641"
"2017-01-31 04:01","BookieClient.java","40857","106597","147454"
"2017-05-15 19:52","LedgerHandle.java","111919","62589","174508"
"2017-05-02 22:07","LedgerHandle.java","111127","59443","170570"
"2017-03-23 15:55","LedgerHandle.java","110928","53618","164546"
"2016-09-10 21:01","LedgerHandle.java","109160","34563","143723"
"2016-07-11 23:01","LedgerHandle.java","107855","29154","137009"
"2017-05-17 08:57","LedgerHandle.java","112065","63212","175277"
"2017-05-25 14:23","LedgerHandle.java","112098","65050","177148"
"2017-06-21 19:50","LedgerHandle.java","113159","69042","182201"
"2017-06-21 21:00","LedgerHandle.java","113169","69835","183004"
"2017-06-01 23:58","LedgerHandle.java","112883","66746","179629"
"2014-09-18 06:47","LedgerHandle.java","2190","15246","17436"
"2014-12-09 19:57","LedgerHandle.java","2474","16623","19097"
"2017-07-04 06:27","LedgerHandle.java","113576","74674","188250"
"2017-06-30 00:12","LedgerHandle.java","113438","72575","186013"
"2014-05-30 14:01","LedgerHandle.java","521","4455","4976"
"2014-05-30 15:07","LedgerHandle.java","544","4517","5061"
"2016-02-09 08:32","LedgerHandle.java","3903","23483","27386"
"2016-03-16 05:03","LedgerHandle.java","107506","24347","131853"
"2015-10-22 09:22","LedgerHandle.java","3755","22300","26055"
"2015-10-06 10:05","LedgerHandle.java","3721","21210","24931"
"2017-01-31 04:01","LedgerHandle.java","110821","53145","163966"
"2015-04-21 09:39","LedgerHandle.java","2914","19232","22146"
"2015-10-06 11:12","LedgerHandle.java","3727","21456","25183"
"2014-12-05 14:10","LedgerHandle.java","2420","16120","18540"
"2016-08-01 08:04","LedgerOpenOp.java","48076","71879","119955"
"2015-10-06 10:05","LedgerOpenOp.java","15236","134530","149766"
"2015-04-21 09:17","LedgerOpenOp.java","14909","133012","147921"
"2014-01-21 05:19","LedgerOpenOp.java","13620","113459","127079"
"2014-02-21 19:01","LedgerOpenOp.java","14125","115930","130055"
"2012-07-18 17:00","LedgerOpenOp.java","3288","12203","15491"
"2013-05-31 12:02","BookieJournalRollingTest.java","14063","110379","124442"
"2013-10-12 05:42","BookieJournalRollingTest.java","14365","117486","131851"
"2014-07-24 01:41","BookieJournalRollingTest.java","15357","129505","144862"
"2012-04-17 13:16","BookieJournalRollingTest.java","1777","4648","6425"
"2017-07-04 06:27","ServerConfiguration.java","114490","56140","170630"
"2016-04-14 00:51","ServerConfiguration.java","105185","5573","110758"
"2016-03-08 06:49","ServerConfiguration.java","397","1411","1808"
"2016-04-05 18:47","ServerConfiguration.java","105158","5496","110654"
"2016-04-27 09:55","ServerConfiguration.java","105261","6161","111422"
"2017-05-15 19:52","ServerConfiguration.java","112436","43658","156094"
"2017-03-22 22:54","ServerConfiguration.java","111076","34240","145316"
"2017-03-23 00:48","ServerConfiguration.java","111081","34297","145378"
"2017-01-31 02:11","ServerConfiguration.java","110918","27713","138631"
"2016-04-05 08:45","ServerConfiguration.java","105147","5243","110390"
"2016-11-09 03:02","ServerConfiguration.java","110804","20427","131231"
"2016-11-30 00:02","ServerConfiguration.java","110868","21173","132041"
"2017-06-05 20:30","ServerConfiguration.java","113640","48413","162053"
"2016-09-10 20:27","ServerConfiguration.java","109130","14964","124094"
"2017-08-02 00:49","ServerConfiguration.java","118625","78481","197106"
"2017-10-03 12:31","ServerConfiguration.java","130131","80144","210275"
"2017-08-16 03:37","ServerConfiguration.java","121020","87509","208529"
"2017-05-26 12:38","ServerConfiguration.java","112672","46210","158882"
"2017-07-07 08:19","ServerConfiguration.java","114539","58152","172691"
"2017-06-28 23:24","ServerConfiguration.java","114007","51824","165831"
"2017-11-08 12:27","ServerConfiguration.java","132729","100616","233345"
"2014-01-21 16:41","CodahaleMetricsProvider.java","500","2267","2767"
"2014-09-22 12:11","CodahaleMetricsProvider.java","3569","20381","23950"
"2014-09-06 07:27","CodahaleMetricsProvider.java","3453","20086","23539"
"2016-12-17 02:43","CodahaleMetricsProvider.java","111603","50818","162421"
"2017-05-26 16:52","CodahaleMetricsProvider.java","112808","69541","182349"
"2014-07-24 01:41","TestEntryLog.java","9018","78226","87244"
"2014-12-10 19:43","TestEntryLog.java","9619","88455","98074"
"2016-02-24 00:44","TestEntryLog.java","10308","95031","105339"
"2014-03-12 21:26","TestEntryLog.java","8575","75028","83603"
"2013-10-12 05:42","TestEntryLog.java","7324","65505","72829"
"2017-05-16 00:31","TestEntryLog.java","73492","89193","162685"
"2017-07-07 08:19","TestEntryLog.java","74455","102129","176584"
"2017-05-25 14:23","LedgerHandle.java","70","1875","1945"
"2017-06-21 19:50","LedgerHandle.java","1652","6388","8040"
"2017-06-21 21:00","LedgerHandle.java","1672","7191","8863"
"2017-06-01 23:58","LedgerHandle.java","1131","3847","4978"
"2017-07-04 06:27","LedgerHandle.java","2390","12341","14731"
"2017-06-30 00:12","LedgerHandle.java","2066","10056","12122"
"2014-02-21 19:01","LedgerChecker.java","11104","95489","106593"
"2014-02-05 22:43","LedgerChecker.java","11012","94234","105246"
"2017-07-28 20:12","LedgerChecker.java","62194","112271","174465"
"2017-05-15 19:52","LedgerChecker.java","60748","95803","156551"
"2017-03-23 00:48","ClientConfiguration.java","47515","96575","144090"
"2016-04-05 08:45","ClientConfiguration.java","47268","73208","120476"
"2017-03-28 22:35","ClientConfiguration.java","47509","100821","148330"
"2017-01-31 02:14","ClientConfiguration.java","47466","90717","138183"
"2017-04-15 13:58","ClientConfiguration.java","47574","101986","149560"
"2017-03-23 00:59","ClientConfiguration.java","47515","96587","144102"
"2017-05-15 19:52","ClientConfiguration.java","47968","105034","153002"
"2016-10-13 07:50","ClientConfiguration.java","47365","82529","129894"
"2017-06-21 19:58","ClientConfiguration.java","48706","111095","159801"
"2013-10-29 05:14","ClientConfiguration.java","14532","115399","129931"
"2017-06-05 21:48","ClientConfiguration.java","48660","109661","158321"
"2017-06-21 19:50","ClientConfiguration.java","48706","110985","159691"
"2017-08-02 00:49","ClientConfiguration.java","49668","135368","185036"
"2017-08-01 08:34","ClientConfiguration.java","49565","132680","182245"
"2013-06-12 18:41","ClientConfiguration.java","13492","110324","123816"
"2014-05-27 13:56","ClientConfiguration.java","15176","125124","140300"
"2017-06-30 00:12","ClientConfiguration.java","48719","114252","162971"
"2014-09-18 06:47","ClientConfiguration.java","15599","135051","150650"
"2017-07-04 06:27","ClientConfiguration.java","48790","116284","165074"
"2012-09-12 11:59","ClientConfiguration.java","6655","40195","46850"
"2017-01-31 04:01","ClientConfiguration.java","47480","96200","143680"
"2015-10-06 10:05","ClientConfiguration.java","16092","139977","156069"
"2015-10-06 10:48","ClientConfiguration.java","16093","140204","156297"
"2013-02-08 19:08","ClientConfiguration.java","12087","103298","115385"
"2012-12-03 10:46","ClientConfiguration.java","10105","63184","73289"
"2016-02-09 08:32","ClientConfiguration.java","16182","142158","158340"
"2014-12-06 07:54","ClientConfiguration.java","15664","136034","151698"
"2016-08-01 08:04","ClientConfiguration.java","47367","75761","123128"
"2012-12-13 13:07","ClientConfiguration.java","10510","65411","75921"
"2014-08-02 20:02","ServerConfiguration.java","2950","16309","19259"
"2014-05-06 12:30","ServerConfiguration.java","1744","6453","8197"
"2014-05-15 00:41","ServerConfiguration.java","1772","7395","9167"
"2014-09-18 06:47","ServerConfiguration.java","3515","18883","22398"
"2017-07-04 06:27","ServerConfiguration.java","114239","77649","191888"
"2014-03-07 13:14","ServerConfiguration.java","1493","3843","5336"
"2014-04-29 22:07","ServerConfiguration.java","1741","6403","8144"
"2016-04-14 00:51","ServerConfiguration.java","108541","30689","139230"
"2015-01-16 15:57","ServerConfiguration.java","3993","22333","26326"
"2016-03-08 06:49","ServerConfiguration.java","5199","27973","33172"
"2016-01-26 22:11","ServerConfiguration.java","4883","26643","31526"
"2014-03-12 21:26","ServerConfiguration.java","1626","5778","7404"
"2016-04-05 18:47","ServerConfiguration.java","108515","30613","139128"
"2016-04-27 09:55","ServerConfiguration.java","108592","31252","139844"
"2015-04-21 09:55","ServerConfiguration.java","4097","22878","26975"
"2015-01-12 15:18","ServerConfiguration.java","3985","21387","25372"
"2015-04-21 10:02","ServerConfiguration.java","4107","22921","27028"
"2017-05-15 19:52","ServerConfiguration.java","112690","65672","178362"
"2017-03-22 22:54","ServerConfiguration.java","111764","56688","168452"
"2017-03-23 00:48","ServerConfiguration.java","111769","56745","168514"
"2017-01-31 02:11","ServerConfiguration.java","111659","50214","161873"
"2016-04-05 08:45","ServerConfiguration.java","108507","30363","138870"
"2016-11-09 03:02","ServerConfiguration.java","111581","42964","154545"
"2016-11-30 00:02","ServerConfiguration.java","111621","43686","155307"
"2017-06-05 20:30","ServerConfiguration.java","113739","70272","184011"
"2016-09-10 20:27","ServerConfiguration.java","110111","37705","147816"
"2017-08-02 00:49","ServerConfiguration.java","117723","99339","217062"
"2017-10-03 12:31","ServerConfiguration.java","125183","96956","222139"
"2017-08-16 03:37","ServerConfiguration.java","119279","107528","226807"
"2014-05-09 14:04","ServerConfiguration.java","1759","7062","8821"
"2017-05-26 12:38","ServerConfiguration.java","112868","68166","181034"
"2017-07-07 08:19","ServerConfiguration.java","114238","79611","193849"
"2017-06-28 23:24","ServerConfiguration.java","113933","73510","187443"
"2017-11-08 12:27","ServerConfiguration.java","126821","116468","243289"
"2014-01-22 14:35","ServerConfiguration.java","341","1356","1697"
"2014-01-21 05:19","LedgerDeleteOp.java","19001","144080","163081"
"2012-06-19 12:39","LedgerDeleteOp.java","12679","37919","50598"
"2015-04-21 09:17","LedgerDeleteOp.java","19430","162773","182203"
"2015-10-06 10:05","LedgerDeleteOp.java","19469","164003","183472"
"2011-11-17 11:16","LedgerDeleteOp.java","2969","5310","8279"
"2012-12-24 05:50","LedgerDeleteOp.java","17351","95437","112788"
"2017-05-15 19:52","BookKeeperClusterTestCase.java","113469","73276","186745"
"2016-04-05 08:45","BookKeeperClusterTestCase.java","109534","38215","147749"
"2017-08-01 08:34","BookKeeperClusterTestCase.java","117427","103283","220710"
"2013-10-12 05:42","BookKeeperClusterTestCase.java","1526","4231","5757"
"2014-02-05 22:43","BookKeeperClusterTestCase.java","3442","11416","14858"
"2017-11-08 12:27","BookKeeperClusterTestCase.java","126535","123007","249542"
"2014-05-09 14:04","BookKeeperClusterTestCase.java","3837","15965","19802"
"2017-07-04 06:27","BookKeeperClusterTestCase.java","114840","85075","199915"
"2014-07-24 01:41","BookKeeperClusterTestCase.java","4324","18056","22380"
"2014-05-23 18:46","BookKeeperClusterTestCase.java","3843","16301","20144"
"2017-06-30 00:12","BookKeeperClusterTestCase.java","114731","83005","197736"
"2014-04-24 10:43","BookKeeperClusterTestCase.java","3767","14876","18643"
"2016-04-27 09:55","BookKeeperClusterTestCase.java","109609","39094","148703"
"2015-10-06 10:48","BookKeeperClusterTestCase.java","6193","33045","39238"
"2014-12-10 19:43","BookKeeperClusterTestCase.java","5462","28822","34284"
"2017-05-15 19:52","DigestManager.java","45709","111418","157127"
"2012-07-18 17:00","DigestManager.java","12140","34289","46429"
"2017-05-25 14:23","DigestManager.java","45789","113780","159569"
"2012-05-10 14:47","DigestManager.java","9250","18834","28084"
"2012-05-25 17:13","DigestManager.java","9682","20520","30202"
"2017-01-31 04:01","DigestManager.java","45315","102678","147993"
"2014-08-02 20:02","Journal.java","9919","88150","98069"
"2014-03-07 13:14","Journal.java","9274","76496","85770"
"2014-04-29 22:07","Journal.java","9334","78868","88202"
"2013-12-06 07:39","Journal.java","8395","72169","80564"
"2012-10-18 16:40","Journal.java","956","3527","4483"
"2015-04-21 09:23","Journal.java","10345","93831","104176"
"2016-02-09 08:30","Journal.java","10891","97644","108535"
"2015-02-23 08:11","Journal.java","10340","93590","103930"
"2017-05-26 16:52","Journal.java","71826","92016","163842"
"2017-03-22 22:54","Journal.java","71114","80910","152024"
"2016-11-12 03:37","Journal.java","70997","67300","138297"
"2016-07-14 23:02","Journal.java","69837","58354","128191"
"2013-05-04 14:22","Journal.java","6902","60420","67322"
"2013-07-20 19:59","Journal.java","7183","65799","72982"
"2013-07-04 14:01","Journal.java","7156","65535","72691"
"2017-06-01 23:58","Journal.java","72461","93508","165969"
"2017-05-09 22:24","Journal.java","71496","87888","159384"
"2013-10-12 05:42","Journal.java","8135","68887","77022"
"2013-10-02 06:23","Journal.java","7337","67166","74503"
"2017-05-16 00:31","Journal.java","71781","90053","161834"
"2017-07-28 20:12","ITopologyAwareEnsemblePlacementPolicy.java","6467","43391","49858"
"2017-07-04 06:27","FileInfo.java","40913","126715","167628"
"2012-10-26 12:51","FileInfo.java","16027","77644","93671"
"2014-12-04 12:28","FileInfo.java","19183","157578","176761"
"2017-01-31 04:01","FileInfo.java","40577","107605","148182"
"2017-03-23 15:55","FileInfo.java","40568","107962","148530"
"2016-11-18 00:18","FileInfo.java","40550","94477","135027"
"2012-12-18 13:04","FileInfo.java","16490","92127","108617"
"2013-05-04 14:22","FileInfo.java","18037","129075","147112"
"2012-02-09 18:14","FileInfo.java","2102","11520","13622"
"2012-02-17 11:18","FileInfo.java","2235","12108","14343"
"2012-02-24 19:20","FileInfo.java","2337","12775","15112"
"2012-06-13 16:57","FileInfo.java","11016","33149","44165"
"2012-03-29 15:18","FileInfo.java","9975","26435","36410"
"2017-06-01 23:58","FileInfo.java","40847","119414","160261"
"2017-07-17 23:27","FileInfo.java","40943","129852","170795"
"2017-05-16 00:31","FileInfo.java","40748","116540","157288"
"2013-10-22 16:21","FileInfo.java","18424","137463","155887"
"2013-10-11 08:36","FileInfo.java","18300","136031","154331"
"2017-06-21 19:50","LedgerHandle.java","1606","4537","6143"
"2017-06-21 21:00","LedgerHandle.java","1626","5340","6966"
"2017-06-01 23:58","LedgerHandle.java","1085","1996","3081"
"2017-07-04 06:27","LedgerHandle.java","2346","10492","12838"
"2017-06-30 00:12","LedgerHandle.java","2020","8205","10225"
"2017-07-04 06:27","LedgerStorage.java","4475","18442","22917"
"2017-05-16 00:31","LedgerStorage.java","2203","6160","8363"
"2017-07-04 06:27","LedgerStorage.java","114212","54848","169060"
"2017-03-28 22:37","LedgerStorage.java","110849","37518","148367"
"2017-01-31 04:01","LedgerStorage.java","110707","32569","143276"
"2016-11-18 00:18","LedgerStorage.java","110603","19364","129967"
"2017-05-16 00:31","LedgerStorage.java","112289","42915","155204"
"2015-09-15 10:38","AbstractConfiguration.java","15234","134204","149438"
"2017-03-28 22:40","AbstractConfiguration.java","48290","97454","145744"
"2012-10-05 16:24","AbstractConfiguration.java","7341","41368","48709"
"2012-12-12 11:20","AbstractConfiguration.java","8861","58400","67261"
"2017-08-02 00:49","AbstractConfiguration.java","50686","131795","182481"
"2013-06-12 18:41","AbstractConfiguration.java","12389","104630","117019"
"2016-07-31 07:53","AbstractConfiguration.java","48073","71311","119384"
"2017-01-31 02:14","AbstractConfiguration.java","48180","86840","135020"
"2016-07-31 07:56","AbstractConfiguration.java","48073","71645","119718"
"2017-05-02 23:04","AbstractConfiguration.java","48536","99521","148057"
"2017-03-23 00:48","AbstractConfiguration.java","48235","92704","140939"
"2012-11-30 04:54","AbstractConfiguration.java","8604","56408","65012"
"2017-05-15 19:52","TestBackwardCompatCMS42.java","8150","39276","47426"
"2017-01-31 02:14","TestBackwardCompatCMS42.java","6577","23888","30465"
"2017-06-30 00:12","ReadLastConfirmedOp.java","68520","100377","168897"
"2017-05-15 19:52","ReadLastConfirmedOp.java","67621","91011","158632"
"2017-06-01 23:58","ReadLastConfirmedOp.java","68362","94945","163307"
"2014-02-21 19:01","ReadLastConfirmedOp.java","10898","83618","94516"
"2017-07-04 06:27","FileInfo.java","115620","63027","178647"
"2017-01-31 04:01","FileInfo.java","112283","40916","153199"
"2017-03-23 15:55","FileInfo.java","112426","41425","153851"
"2016-11-18 00:18","FileInfo.java","112207","27739","139946"
"2017-06-01 23:58","FileInfo.java","114705","54877","169582"
"2017-07-17 23:27","FileInfo.java","115875","66389","182264"
"2017-05-16 00:31","FileInfo.java","113829","51226","165055"
"2015-09-15 10:38","AbstractConfiguration.java","9012","78443","87455"
"2017-03-28 22:40","AbstractConfiguration.java","79621","79246","158867"
"2017-08-02 00:49","AbstractConfiguration.java","84247","115817","200064"
"2013-06-12 18:41","AbstractConfiguration.java","4756","47458","52214"
"2016-07-31 07:53","AbstractConfiguration.java","78265","51964","130229"
"2017-01-31 02:14","AbstractConfiguration.java","79457","68578","148035"
"2016-07-31 07:56","AbstractConfiguration.java","78265","52298","130563"
"2017-05-02 23:04","AbstractConfiguration.java","79923","81369","161292"
"2017-03-23 00:48","AbstractConfiguration.java","79547","74477","154024"
"2014-01-21 05:19","PerChannelBookieClient.java","18492","141230","159722"
"2013-10-22 07:35","PerChannelBookieClient.java","18368","136752","155120"
"2012-05-17 16:05","PerChannelBookieClient.java","10849","30806","41655"
"2012-05-26 19:16","PerChannelBookieClient.java","10983","31541","42524"
"2014-01-09 07:30","PerChannelBookieClient.java","18441","139747","158188"
"2017-06-30 00:12","PerChannelBookieClient.java","40883","124724","165607"
"2014-05-27 13:56","PerChannelBookieClient.java","18844","147100","165944"
"2017-07-04 06:27","PerChannelBookieClient.java","40913","126715","167628"
"2012-07-23 23:39","PerChannelBookieClient.java","12759","44641","57400"
"2012-08-13 11:38","PerChannelBookieClient.java","13148","50925","64073"
"2017-01-31 04:01","PerChannelBookieClient.java","40577","107605","148182"
"2015-10-06 10:05","PerChannelBookieClient.java","19285","161478","180763"
"2016-04-05 18:47","PerChannelBookieClient.java","40426","84916","125342"
"2012-02-01 12:06","PerChannelBookieClient.java","1878","7557","9435"
"2017-04-15 13:58","PerChannelBookieClient.java","40567","113287","153854"
"2017-05-15 19:52","PerChannelBookieClient.java","40724","116098","156822"
"2012-12-01 15:04","PerChannelBookieClient.java","16168","87037","103205"
"2016-04-05 08:45","PerChannelBookieClient.java","40424","84672","125096"
"2017-07-28 20:12","PerChannelBookieClient.java","41165","131561","172726"
"2017-01-31 02:14","PerChannelBookieClient.java","40563","102122","142685"
"2017-03-28 22:35","PerChannelBookieClient.java","40560","112180","152740"
"2017-03-23 00:48","PerChannelBookieClient.java","40567","107935","148502"
"2013-01-10 19:13","PerChannelBookieClient.java","16940","95120","112060"
"2014-07-25 00:34","PerChannelBookieClient.java","19169","154290","173459"
"2012-02-24 20:07","PerChannelBookieClient.java","2381","12825","15206"
"2011-11-18 11:18","PerChannelBookieClient.java","717","2005","2722"
"2017-08-02 00:49","PerChannelBookieClient.java","41569","145577","187146"
"2012-04-02 12:38","PerChannelBookieClient.java","10040","27476","37516"
"2017-06-21 19:58","PerChannelBookieClient.java","40876","121573","162449"
"2017-06-01 23:58","PerChannelBookieClient.java","40847","119414","160261"
"2013-10-29 05:14","PerChannelBookieClient.java","18433","137608","156041"
"2013-06-28 17:27","PerChannelBookieClient.java","18229","134105","152334"
"2014-02-21 19:01","PerChannelBookieClient.java","18808","143512","162320"
"2014-02-05 22:43","PerChannelBookieClient.java","18772","142313","161085"
"2017-04-20 19:55","PerChannelBookieClient.java","40568","113309","153877"
"2013-09-11 00:34","PerChannelBookieClient.java","18282","135620","153902"
"2013-08-20 12:51","PerChannelBookieClient.java","18262","135313","153575"
"2014-08-02 20:02","ServerConfiguration.java","1466","10673","12139"
"2014-05-06 12:30","ServerConfiguration.java","120","677","797"
"2014-05-15 00:41","ServerConfiguration.java","149","1620","1769"
"2014-09-18 06:47","ServerConfiguration.java","2047","13263","15310"
"2017-07-04 06:27","ServerConfiguration.java","114173","73431","187604"
"2014-04-29 22:07","ServerConfiguration.java","117","627","744"
"2016-04-14 00:51","ServerConfiguration.java","108142","26138","134280"
"2015-01-16 15:57","ServerConfiguration.java","2666","16854","19520"
"2016-03-08 06:49","ServerConfiguration.java","3999","22621","26620"
"2016-01-26 22:11","ServerConfiguration.java","3657","21265","24922"
"2016-04-05 18:47","ServerConfiguration.java","108116","26062","134178"
"2016-04-27 09:55","ServerConfiguration.java","108195","26703","134898"
"2015-04-21 09:55","ServerConfiguration.java","2801","17430","20231"
"2015-01-12 15:18","ServerConfiguration.java","2658","15908","18566"
"2015-04-21 10:02","ServerConfiguration.java","2814","17476","20290"
"2017-05-15 19:52","ServerConfiguration.java","112505","61335","173840"
"2017-03-22 22:54","ServerConfiguration.java","111498","52270","163768"
"2017-03-23 00:48","ServerConfiguration.java","111503","52327","163830"
"2017-01-31 02:11","ServerConfiguration.java","111404","45807","157211"
"2016-04-05 08:45","ServerConfiguration.java","108106","25810","133916"
"2016-11-09 03:02","ServerConfiguration.java","111310","38541","149851"
"2016-11-30 00:02","ServerConfiguration.java","111358","39271","150629"
"2017-06-05 20:30","ServerConfiguration.java","113592","65973","179565"
"2016-09-10 20:27","ServerConfiguration.java","109725","33167","142892"
"2017-08-02 00:49","ServerConfiguration.java","117819","95283","213102"
"2017-10-03 12:31","ServerConfiguration.java","125398","93019","218417"
"2017-08-16 03:37","ServerConfiguration.java","119413","103510","222923"
"2014-05-09 14:04","ServerConfiguration.java","136","1287","1423"
"2017-05-26 12:38","ServerConfiguration.java","112699","63845","176544"
"2017-07-07 08:19","ServerConfiguration.java","114205","75426","189631"
"2017-06-28 23:24","ServerConfiguration.java","113787","69212","182999"
"2017-11-08 12:27","ServerConfiguration.java","127302","112797","240099"
"2013-10-02 06:40","MSLedgerManagerFactory.java","4037","45725","49762"
"2017-06-01 23:58","MSLedgerManagerFactory.java","81562","84384","165946"
"2013-04-04 11:21","MSLedgerManagerFactory.java","3159","37896","41055"
"2015-09-15 10:38","MSLedgerManagerFactory.java","8247","74371","82618"
"2017-03-28 22:40","MSLedgerManagerFactory.java","80137","76455","156592"
"2014-01-17 18:13","MSLedgerManagerFactory.java","5306","51403","56709"
"2014-05-12 08:10","MSLedgerManagerFactory.java","6474","58742","65216"
"2017-07-04 06:27","LedgerCacheImpl.java","1257","8492","9749"
"2017-01-31 04:01","BookkeeperInternalCallbacks.java","51562","90102","141664"
"2017-06-05 22:25","BookkeeperInternalCallbacks.java","52818","104346","157164"
"2014-01-17 18:13","BookkeeperInternalCallbacks.java","12175","105529","117704"
"2017-08-02 00:49","BookkeeperInternalCallbacks.java","54261","129781","184042"
"2017-06-21 21:00","BookkeeperInternalCallbacks.java","52852","105734","158586"
"2017-06-05 22:13","BookkeeperInternalCallbacks.java","52800","104034","156834"
"2014-02-05 22:43","BookkeeperInternalCallbacks.java","12664","107717","120381"
"2017-05-15 19:52","BookkeeperInternalCallbacks.java","52118","99004","151122"
"2017-03-28 22:35","BookkeeperInternalCallbacks.java","51603","94735","146338"
"2017-08-02 00:49","BookieNettyServer.java","14572","74332","88904"
"2017-06-01 09:47","BookieNettyServer.java","8436","42527","50963"
"2017-05-15 19:52","BookieNettyServer.java","8150","39276","47426"
"2016-09-10 20:27","BookieNettyServer.java","4345","10083","14428"
"2017-01-31 02:14","BookieNettyServer.java","6577","23888","30465"
"2017-03-23 00:48","BookieNettyServer.java","6772","29892","36664"
"2015-07-10 22:48","ZooKeeperClient.java","1878","6218","8096"
"2017-03-23 15:59","ZooKeeperClient.java","113156","43648","156804"
"2012-05-25 17:13","ReadLastConfirmedOp.java","12570","35414","47984"
"2017-06-30 00:12","ReadLastConfirmedOp.java","40530","126712","167242"
"2012-08-27 14:43","ReadLastConfirmedOp.java","14313","61660","75973"
"2012-09-14 15:42","ReadLastConfirmedOp.java","14716","69041","83757"
"2011-11-16 17:05","ReadLastConfirmedOp.java","2735","4433","7168"
"2011-11-17 11:16","ReadLastConfirmedOp.java","2969","5310","8279"
"2011-10-26 16:06","ReadLastConfirmedOp.java","76","326","402"
"2017-05-15 19:52","ReadLastConfirmedOp.java","40437","118152","158589"
"2012-02-13 15:46","ReadLastConfirmedOp.java","4625","16631","21256"
"2012-04-02 12:38","ReadLastConfirmedOp.java","11814","31591","43405"
"2017-06-01 23:58","ReadLastConfirmedOp.java","40516","121424","161940"
"2014-02-21 19:01","ReadLastConfirmedOp.java","19192","146237","165429"
"2014-12-10 19:43","UpgradeTest.java","12298","99867","112165"
"2017-05-15 19:52","UpgradeTest.java","67868","91884","159752"
"2012-11-23 11:49","UpgradeTest.java","4733","21950","26683"
"2013-10-11 08:36","UpgradeTest.java","10092","76465","86557"
"2013-10-12 05:42","UpgradeTest.java","10215","77129","87344"
"2017-06-01 23:58","ReplicationWorker.java","82008","85228","167236"
"2017-04-11 20:14","ReplicationWorker.java","80691","77423","158114"
"2014-02-05 22:43","ReplicationWorker.java","6786","54980","61766"
"2013-10-02 06:23","ReplicationWorker.java","4644","46646","51290"
"2016-03-16 04:51","ReplicationWorker.java","78897","44892","123789"
"2016-09-10 21:01","ReplicationWorker.java","80343","55103","135446"
"2017-05-26 16:52","ReplicationWorker.java","81321","83684","165005"
"2015-04-21 09:17","ReplicationWorker.java","8205","73860","82065"
"2013-01-03 11:06","ReplicationWorker.java","1615","2811","4426"
"2013-12-06 07:39","ReplicationWorker.java","5817","51764","57581"
"2014-04-24 10:43","ReplicationWorker.java","7017","58346","65363"
"2014-09-06 07:58","ReplicationWorker.java","7782","70192","77974"
"2017-05-16 00:31","BookieProtocol.java","263","681","944"
"2017-06-01 21:20","BookieProtocol.java","1150","3895","5045"
"2017-06-05 22:25","BookieProtocol.java","1852","6494","8346"
"2017-08-16 03:41","StaticDNSResolver.java","12047","69440","81487"
"2017-07-04 06:27","LedgerHandle.java","765","5980","6745"
"2017-06-30 00:12","LedgerHandle.java","428","3682","4110"
"2017-10-17 09:32","AuditorElector.java","92072","118744","210816"
"2013-08-21 13:19","AuditorElector.java","4546","46442","50988"
"2016-07-14 23:02","AuditorElector.java","79153","49843","128996"
"2016-09-10 21:01","AuditorElector.java","80343","55103","135446"
"2013-03-05 18:45","AuditorElector.java","3478","37683","41161"
"2017-03-28 22:40","AuditorElector.java","80657","77373","158030"
"2014-06-02 11:54","AuditorElector.java","7219","60686","67905"
"2014-04-24 10:43","AuditorElector.java","7017","58346","65363"
"2014-09-06 07:58","AuditorElector.java","7782","70192","77974"
"2013-01-04 11:32","AuditorElector.java","1657","3668","5325"
"2012-11-23 11:49","TestBenchmark.java","16617","72275","88892"
"2014-02-05 22:43","TestBenchmark.java","20163","130787","150950"
"2012-05-09 13:20","TestBenchmark.java","9134","15399","24533"
"2012-06-12 17:37","TestBenchmark.java","9780","17877","27657"
"2016-02-09 08:12","TestBenchmark.java","21100","152294","173394"
"2015-09-15 10:38","LedgerManager.java","4673","24700","29373"
"2017-07-04 06:27","LedgerStorage.java","4684","23458","28142"
"2017-03-28 22:37","LedgerStorage.java","375","5182","5557"
"2017-05-16 00:31","LedgerStorage.java","2479","11243","13722"
"2017-06-21 19:58","BookieClientTest.java","1939","7262","9201"
"2015-07-10 22:48","ZooWorker.java","1878","6218","8096"
"2017-07-04 06:27","LedgerHandle.java","737","5169","5906"
"2017-06-30 00:12","LedgerHandle.java","397","2868","3265"
"2012-05-25 17:13","ReadLastConfirmedOp.java","10317","39064","49381"
"2017-06-30 00:12","ReadLastConfirmedOp.java","36232","128317","164549"
"2012-08-27 14:43","ReadLastConfirmedOp.java","11814","65064","76878"
"2012-09-14 15:42","ReadLastConfirmedOp.java","12128","72356","84484"
"2011-09-05 19:38","ReadLastConfirmedOp.java","4901","10804","15705"
"2011-11-16 17:05","ReadLastConfirmedOp.java","7085","14686","21771"
"2011-11-17 11:16","ReadLastConfirmedOp.java","7296","15540","22836"
"2011-10-26 16:06","ReadLastConfirmedOp.java","4971","11124","16095"
"2017-05-15 19:52","ReadLastConfirmedOp.java","36169","119787","155956"
"2012-02-13 15:46","ReadLastConfirmedOp.java","8735","26644","35379"
"2012-04-02 12:38","ReadLastConfirmedOp.java","9668","35348","45016"
"2017-06-01 23:58","ReadLastConfirmedOp.java","36213","123024","159237"
"2014-02-21 19:01","ReadLastConfirmedOp.java","16289","149237","165526"
"2017-06-21 19:50","LedgerHandle.java","526","2546","3072"
"2017-06-21 21:00","LedgerHandle.java","546","3349","3895"
"2017-07-04 06:27","LedgerHandle.java","1257","8492","9749"
"2017-06-30 00:12","LedgerHandle.java","925","6199","7124"
"2012-07-23 23:39","BKStats.java","13318","37733","51051"
"2012-05-25 17:13","ReadLastConfirmedOp.java","10849","31995","42844"
"2017-06-30 00:12","ReadLastConfirmedOp.java","40399","124883","165282"
"2012-08-27 14:43","ReadLastConfirmedOp.java","13153","58802","71955"
"2012-09-14 15:42","ReadLastConfirmedOp.java","13591","66218","79809"
"2011-11-17 11:16","ReadLastConfirmedOp.java","254","897","1151"
"2017-05-15 19:52","ReadLastConfirmedOp.java","40249","116266","156515"
"2012-02-13 15:46","ReadLastConfirmedOp.java","2421","12729","15150"
"2012-04-02 12:38","ReadLastConfirmedOp.java","9922","28001","37923"
"2017-06-01 23:58","ReadLastConfirmedOp.java","40364","119574","159938"
"2014-02-21 19:01","ReadLastConfirmedOp.java","18534","143881","162415"
"2017-07-07 08:19","LedgerDirsManagerTest.java","4946","31822","36768"
"2017-06-05 20:30","LedgerDirsManagerTest.java","3920","21956","25876"
"2017-07-07 08:19","BookieException.java","113524","91770","205294"
"2013-03-25 06:27","TestLedgerManager.java","6126","47523","53649"
"2012-12-10 10:58","TestLedgerManager.java","2171","4874","7045"
"2017-03-28 22:40","TestLedgerManager.java","79034","82522","161556"
"2015-07-10 22:48","TestLedgerManager.java","10386","83378","93764"
"2014-07-24 01:41","TestLedgerManager.java","9529","70253","79782"
"2012-12-08 11:18","Bookie.java","7355","49672","57027"
"2012-09-14 15:42","Bookie.java","3829","26845","30674"
"2012-10-25 15:35","Bookie.java","6697","38957","45654"
"2012-10-26 16:25","Bookie.java","6903","40112","47015"
"2017-01-31 04:01","Bookie.java","51690","89750","141440"
"2017-03-28 22:37","Bookie.java","51749","94616","146365"
"2016-01-26 22:11","Bookie.java","13984","129168","143152"
"2015-03-18 07:38","Bookie.java","13621","125553","139174"
"2015-04-21 09:17","Bookie.java","13622","125656","139278"
"2012-10-18 16:40","Bookie.java","6575","37698","44273"
"2012-12-03 17:59","Bookie.java","7213","49485","56698"
"2012-07-23 23:39","Bookie.java","1858","4772","6630"
"2013-06-21 19:26","Bookie.java","10989","97715","108704"
"2012-09-07 07:04","Bookie.java","3375","25730","29105"
"2014-09-23 17:53","Bookie.java","13366","122241","135607"
"2017-07-04 06:27","Bookie.java","53083","109917","163000"
"2017-06-05 22:25","Bookie.java","52947","103995","156942"
"2014-02-06 09:25","Bookie.java","12706","107287","119993"
"2014-04-29 22:07","Bookie.java","12843","110929","123772"
"2013-12-06 07:39","Bookie.java","12137","104463","116600"
"2014-08-02 20:02","Bookie.java","13299","120082","133381"
"2013-10-02 07:01","Bookie.java","11139","99710","110849"
"2017-06-28 23:24","Bookie.java","52988","105989","158977"
"2017-07-07 08:19","Bookie.java","53080","111877","164957"
"2013-09-11 00:34","Bookie.java","11111","99481","110592"
"2014-01-21 17:26","Bookie.java","12287","106350","118637"
"2013-10-12 05:42","Bookie.java","11899","101203","113102"
"2013-10-22 16:21","Bookie.java","12090","102161","114251"
"2017-05-16 00:31","Bookie.java","52312","99136","151448"
"2013-07-24 16:55","Bookie.java","11039","98823","109862"
"2014-02-05 22:43","Bookie.java","12704","107277","119981"
"2014-08-18 23:03","Bookie.java","13307","121558","134865"
"2014-05-09 14:04","Bookie.java","12854","111581","124435"
"2013-06-15 19:05","Bookie.java","10986","97585","108571"
"2017-06-01 23:58","Bookie.java","52931","102530","155461"
"2017-08-02 00:49","Bookie.java","54424","129464","183888"
"2013-12-02 18:45","Bookie.java","12127","104301","116428"
"2013-05-04 14:22","Bookie.java","10802","92872","103674"
"2012-12-18 13:04","Bookie.java","7703","54372","62075"
"2016-11-18 00:18","Bookie.java","51645","76604","128249"
"2017-03-28 22:35","Bookie.java","51731","94383","146114"
"2016-07-14 23:02","Bookie.java","51218","68287","119505"
"2017-06-05 20:30","Bookie.java","52932","102889","155821"
"2016-11-30 00:02","Bookie.java","51656","77145","128801"
"2012-12-24 05:50","Bookie.java","8296","55073","63369"
"2017-03-22 22:54","Bookie.java","51733","90081","141814"
"2012-12-24 06:23","Bookie.java","8355","55354","63709"
"2017-07-04 06:27","ServerConfiguration.java","10341","51653","61994"
"2016-04-14 00:51","ServerConfiguration.java","43","93","136"
"2016-04-27 09:55","ServerConfiguration.java","231","793","1024"
"2017-05-15 19:52","ServerConfiguration.java","8171","39055","47226"
"2017-03-22 22:54","ServerConfiguration.java","6786","29612","36398"
"2017-03-23 00:48","ServerConfiguration.java","6791","29669","36460"
"2017-01-31 02:11","ServerConfiguration.java","6181","22638","28819"
"2016-11-09 03:02","ServerConfiguration.java","6061","15346","21407"
"2016-11-30 00:02","ServerConfiguration.java","6126","16093","22219"
"2017-06-05 20:30","ServerConfiguration.java","9476","43911","53387"
"2016-09-10 20:27","ServerConfiguration.java","4363","9859","14222"
"2017-08-02 00:49","ServerConfiguration.java","14665","74183","88848"
"2017-10-03 12:31","ServerConfiguration.java","26810","76485","103295"
"2017-08-16 03:37","ServerConfiguration.java","17067","83218","100285"
"2017-05-26 12:38","ServerConfiguration.java","8427","41627","50054"
"2017-07-07 08:19","ServerConfiguration.java","10391","53666","64057"
"2017-06-28 23:24","ServerConfiguration.java","9848","47327","57175"
"2017-11-08 12:27","ServerConfiguration.java","29540","97089","126629"
"2017-05-15 19:52","BookKeeperClusterTestCase.java","112502","60181","172683"
"2016-04-05 08:45","BookKeeperClusterTestCase.java","108070","24623","132693"
"2017-08-01 08:34","BookKeeperClusterTestCase.java","117278","91006","208284"
"2017-11-08 12:27","BookKeeperClusterTestCase.java","127418","111762","239180"
"2017-07-04 06:27","BookKeeperClusterTestCase.java","114172","72279","186451"
"2014-07-24 01:41","BookKeeperClusterTestCase.java","723","2327","3050"
"2014-05-23 18:46","BookKeeperClusterTestCase.java","24","354","378"
"2017-06-30 00:12","BookKeeperClusterTestCase.java","114034","70180","184214"
"2016-04-27 09:55","BookKeeperClusterTestCase.java","108159","25516","133675"
"2015-10-06 10:48","BookKeeperClusterTestCase.java","3556","18280","21836"
"2014-12-10 19:43","BookKeeperClusterTestCase.java","2611","13843","16454"
"2017-07-04 06:27","ServerConfiguration.java","10260","51010","61270"
"2017-05-15 19:52","ServerConfiguration.java","8075","38397","46472"
"2017-03-22 22:54","ServerConfiguration.java","6578","28842","35420"
"2017-03-23 00:48","ServerConfiguration.java","6583","28899","35482"
"2017-01-31 02:11","ServerConfiguration.java","5957","21852","27809"
"2016-11-09 03:02","ServerConfiguration.java","5837","14560","20397"
"2016-11-30 00:02","ServerConfiguration.java","5902","15307","21209"
"2017-06-05 20:30","ServerConfiguration.java","9389","43262","52651"
"2016-09-10 20:27","ServerConfiguration.java","4139","9073","13212"
"2017-08-02 00:49","ServerConfiguration.java","14585","73541","88126"
"2017-10-03 12:31","ServerConfiguration.java","26740","75853","102593"
"2017-08-16 03:37","ServerConfiguration.java","16991","82580","99571"
"2017-05-26 12:38","ServerConfiguration.java","8331","40969","49300"
"2017-07-07 08:19","ServerConfiguration.java","10310","53023","63333"
"2017-06-28 23:24","ServerConfiguration.java","9761","46678","56439"
"2017-11-08 12:27","ServerConfiguration.java","29494","96481","125975"
"2012-09-12 11:59","TestReadTimeout.java","13113","59282","72395"
"2012-03-15 10:37","TestReadTimeout.java","7788","17260","25048"
"2013-10-29 05:14","TestReadTimeout.java","18801","132297","151098"
"2014-02-05 22:43","TestReadTimeout.java","19182","137044","156226"
"2017-07-07 08:19","LedgerDirsManagerTest.java","1234","10074","11308"
"2013-03-25 06:27","TestLedgerManager.java","4093","42787","46880"
"2017-03-28 22:40","TestLedgerManager.java","79160","79945","159105"
"2015-07-10 22:48","TestLedgerManager.java","8455","78744","87199"
"2014-07-24 01:41","TestLedgerManager.java","7593","65614","73207"
"2012-09-14 15:42","LedgerLayout.java","623","1284","1907"
"2017-06-01 23:58","LedgerLayout.java","68549","95793","164342"
"2016-07-14 23:02","LedgerLayout.java","66134","60848","126982"
"2017-05-26 16:52","Journal.java","112591","46028","158619"
"2017-03-22 22:54","Journal.java","110981","34024","145005"
"2016-11-12 03:37","Journal.java","110744","20294","131038"
"2016-07-14 23:02","Journal.java","105615","7379","112994"
"2017-06-01 23:58","Journal.java","113431","47725","161156"
"2017-05-09 22:24","Journal.java","111771","41410","153181"
"2017-05-16 00:31","Journal.java","112510","44029","156539"
"2017-06-30 00:12","PendingReadLacOp.java","925","6199","7124"
"2016-02-09 08:39","BookKeeperTest.java","3135","18177","21312"
"2015-10-16 07:00","BookKeeperTest.java","2971","16117","19088"
"2016-04-08 19:43","BookKeeperTest.java","107655","22874","130529"
"2017-01-31 04:01","BookKeeperTest.java","110993","48722","159715"
"2017-05-15 19:52","BookKeeperTest.java","112131","58206","170337"
"2017-05-02 22:07","BookKeeperTest.java","111314","55035","166349"
"2013-10-22 16:21","LedgerEntryPage.java","18334","136085","154419"
"2017-07-04 06:27","LedgerEntryPage.java","41212","125726","166938"
"2012-05-25 17:13","LedgerEntryPage.java","10523","29738","40261"
"2012-05-10 14:47","LedgerEntryPage.java","10188","28149","38337"
"2012-12-24 05:50","StringUtils.java","17351","95437","112788"
"2017-05-02 23:04","StringUtils.java","40280","116505","156785"
"2013-08-21 13:19","BookKeeperAdmin.java","6684","53224","59908"
"2017-10-17 09:32","BookKeeperAdmin.java","90283","121599","211882"
"2017-06-01 23:58","BookKeeperAdmin.java","80830","88694","169524"
"2017-04-11 20:19","BookKeeperAdmin.java","79551","80930","160481"
"2014-02-21 19:01","BookKeeperAdmin.java","8882","62883","71765"
"2014-02-05 22:43","BookKeeperAdmin.java","8777","61615","70392"
"2017-07-07 05:11","BookKeeperAdmin.java","81118","97897","179015"
"2013-02-26 04:12","BookKeeperAdmin.java","5702","44546","50248"
"2016-11-09 03:05","BookKeeperAdmin.java","79322","62411","141733"
"2016-11-30 00:07","BookKeeperAdmin.java","79332","63085","142417"
"2016-09-10 21:01","BookKeeperAdmin.java","79206","58610","137816"
"2016-07-14 23:02","BookKeeperAdmin.java","78161","53495","131656"
"2016-10-13 09:27","BookKeeperAdmin.java","79321","62076","141397"
"2013-02-08 19:08","BookKeeperAdmin.java","4817","43633","48450"
"2016-03-16 05:03","BookKeeperAdmin.java","77922","48764","126686"
"2016-03-08 07:18","BookKeeperAdmin.java","10757","85885","96642"
"2014-12-06 08:03","BookKeeperAdmin.java","9742","77801","87543"
"2014-04-24 10:43","BookKeeperAdmin.java","8910","64883","73793"
"2014-09-06 07:51","BookKeeperAdmin.java","9572","76494","86066"
"2013-05-10 12:45","BookKeeperAdmin.java","6326","46991","53317"
"2016-04-27 21:11","ZkLedgerUnderreplicationManager.java","109657","37452","147109"
"2016-07-14 23:02","ZkLedgerUnderreplicationManager.java","109910","38690","148600"
"2017-07-07 05:11","ZkLedgerUnderreplicationManager.java","114953","85178","200131"
"2017-06-28 23:28","ZkLedgerUnderreplicationManager.java","114716","79920","194636"
"2017-06-01 23:58","ZkLedgerUnderreplicationManager.java","114459","75769","190228"
"2014-08-18 23:03","ZkLedgerUnderreplicationManager.java","4787","24749","29536"
"2014-06-03 12:35","ZkLedgerUnderreplicationManager.java","3771","15796","19567"
"2014-06-02 11:54","ZkLedgerUnderreplicationManager.java","3751","15308","19059"
"2017-03-28 22:40","ZkLedgerUnderreplicationManager.java","112797","67603","180400"
"2016-04-27 09:55","ZkLedgerUnderreplicationManager.java","109657","37452","147109"
"2017-03-23 00:48","ClientConfiguration.java","41073","106918","147991"
"2016-04-05 08:45","ClientConfiguration.java","40885","83610","124495"
"2017-03-28 22:35","ClientConfiguration.java","41069","111166","152235"
"2017-01-31 02:14","ClientConfiguration.java","41064","101100","142164"
"2017-04-15 13:58","ClientConfiguration.java","41076","112273","153349"
"2017-03-23 00:59","ClientConfiguration.java","41073","106930","148003"
"2017-05-15 19:52","ClientConfiguration.java","41242","115093","156335"
"2016-10-13 07:50","ClientConfiguration.java","40949","92898","133847"
"2017-06-21 19:58","ClientConfiguration.java","41397","120571","161968"
"2013-10-29 05:14","ClientConfiguration.java","18343","135995","154338"
"2017-06-05 21:48","ClientConfiguration.java","41368","119154","160522"
"2017-06-21 19:50","ClientConfiguration.java","41396","120460","161856"
"2012-04-20 19:18","ClientConfiguration.java","9877","26662","36539"
"2017-08-02 00:49","ClientConfiguration.java","42074","144559","186633"
"2017-08-01 08:34","ClientConfiguration.java","41978","141878","183856"
"2013-06-12 18:41","ClientConfiguration.java","18113","131730","149843"
"2014-05-27 13:56","ClientConfiguration.java","18765","145498","164263"
"2017-06-30 00:12","ClientConfiguration.java","41403","123721","165124"
"2014-09-18 06:47","ClientConfiguration.java","19102","155339","174441"
"2017-07-04 06:27","ClientConfiguration.java","41434","125713","167147"
"2012-09-12 11:59","ClientConfiguration.java","13166","63491","76657"
"2017-01-31 04:01","ClientConfiguration.java","41078","106583","147661"
"2015-10-06 10:05","ClientConfiguration.java","19212","159882","179094"
"2015-10-06 10:48","ClientConfiguration.java","19214","160110","179324"
"2013-02-08 19:08","ClientConfiguration.java","16971","124967","141938"
"2012-12-03 10:46","ClientConfiguration.java","16032","85896","101928"
"2012-02-01 12:06","ClientConfiguration.java","1215","5371","6586"
"2016-02-09 08:32","ClientConfiguration.java","19225","161986","181211"
"2014-12-06 07:54","ClientConfiguration.java","19109","156264","175373"
"2016-08-01 08:04","ClientConfiguration.java","40943","86122","127065"
"2012-12-13 13:07","ClientConfiguration.java","16321","88007","104328"
"2016-07-11 23:01","BookieWriteLedgerTest.java","109633","44958","154591"
"2014-02-05 22:43","BookieWriteLedgerTest.java","3706","16569","20275"
"2014-07-24 01:41","BookieWriteLedgerTest.java","4547","23168","27715"
"2015-10-22 09:22","BookieWriteLedgerTest.java","6053","38624","44677"
"2014-12-10 19:43","BookieInitializationTest.java","13596","123555","137151"
"2012-10-25 15:35","BookieInitializationTest.java","6697","38957","45654"
"2014-06-06 15:29","BookieInitializationTest.java","12917","113240","126157"
"2015-07-10 22:48","BookieInitializationTest.java","13768","126367","140135"
"2013-10-02 07:01","BookieInitializationTest.java","11139","99710","110849"
"2013-06-21 18:51","BookieInitializationTest.java","10986","97632","108618"
"2013-07-24 16:55","BookieInitializationTest.java","11039","98823","109862"
"2014-01-21 17:26","BookieInitializationTest.java","12287","106350","118637"
"2013-10-12 05:42","BookieInitializationTest.java","11899","101203","113102"
"2017-07-07 08:19","BookieInitializationTest.java","53080","111877","164957"
"2017-06-28 23:24","BookieInitializationTest.java","52988","105989","158977"
"2017-07-28 06:39","BookieInitializationTest.java","53624","114310","167934"
"2017-08-02 00:49","BookieInitializationTest.java","54424","129464","183888"
"2017-06-05 20:30","BookieInitializationTest.java","52932","102889","155821"
"2017-05-15 19:52","BookieInitializationTest.java","52246","98652","150898"
"2017-05-16 13:20","BookieProtoEncoding.java","273","698","971"
"2017-05-16 00:31","BookieProtoEncoding.java","263","681","944"
"2017-06-01 21:20","BookieProtoEncoding.java","1150","3895","5045"
"2017-05-17 08:57","BookieProtoEncoding.java","291","768","1059"
"2017-06-05 22:25","BookieProtoEncoding.java","1852","6494","8346"
"2013-10-14 17:38","LedgerRecoveryOp.java","13838","111666","125504"
"2017-06-21 19:58","LedgerRecoveryOp.java","49410","109604","159014"
"2017-06-21 21:00","LedgerRecoveryOp.java","49411","110278","159689"
"2017-06-21 19:50","LedgerRecoveryOp.java","49410","109494","158904"
"2013-03-25 18:02","LedgerRecoveryOp.java","12575","102387","114962"
"2017-06-30 00:12","RoundRobinDistributionSchedule.java","115434","60802","176236"
"2014-07-24 01:41","ConcurrentLedgerTest.java","19365","151005","170370"
"2014-12-10 19:43","ConcurrentLedgerTest.java","19422","160690","180112"
"2011-11-17 11:16","ConcurrentLedgerTest.java","2969","5310","8279"
"2011-11-28 19:25","ConcurrentLedgerTest.java","3825","10198","14023"
"2011-11-18 11:18","ConcurrentLedgerTest.java","3592","7221","10813"
"2012-03-08 19:24","ConcurrentLedgerTest.java","4913","18813","23726"
"2012-02-15 16:11","ConcurrentLedgerTest.java","4626","16644","21270"
"2013-10-12 05:42","ConcurrentLedgerTest.java","18908","139521","158429"
"2014-02-05 22:43","ConcurrentLedgerTest.java","19159","145041","164200"
"2017-05-16 00:31","ConcurrentLedgerTest.java","40457","118590","159047"
"2012-12-24 05:50","SnapshotMap.java","11231","70119","81350"
"2013-05-31 12:02","BookieJournalRollingTest.java","18075","128254","146329"
"2013-10-12 05:42","BookieJournalRollingTest.java","18238","135222","153460"
"2012-02-17 12:50","BookieJournalRollingTest.java","1622","10252","11874"
"2012-03-15 10:37","BookieJournalRollingTest.java","8763","22626","31389"
"2014-07-24 01:41","BookieJournalRollingTest.java","18947","146958","165905"
"2012-04-17 13:16","BookieJournalRollingTest.java","9891","26625","36516"
"2012-06-19 12:39","BookieRecoveryTest.java","11948","36710","48658"
"2012-12-12 11:20","BookieRecoveryTest.java","16732","91033","107765"
"2012-09-12 11:59","BookieRecoveryTest.java","14056","67767","81823"
"2017-06-30 00:12","BookieRecoveryTest.java","40391","126095","166486"
"2014-07-24 01:41","BookieRecoveryTest.java","19054","150216","169270"
"2011-11-28 19:25","BookieRecoveryTest.java","2895","8790","11685"
"2011-11-16 17:05","BookieRecoveryTest.java","1661","2881","4542"
"2012-12-04 22:15","BookieRecoveryTest.java","16667","89916","106583"
"2017-04-11 20:15","BookieRecoveryTest.java","40104","114047","154151"
"2017-05-15 19:52","BookieRecoveryTest.java","40265","117502","157767"
"2012-07-18 17:00","BookieRecoveryTest.java","13312","46989","60301"
"2012-12-10 16:02","BookieRecoveryTest.java","16719","89970","106689"
"2012-03-31 10:58","BookieRecoveryTest.java","11072","30233","41305"
"2011-11-15 19:42","BookieRecoveryTest.java","1566","2051","3617"
"2011-11-18 11:18","BookieRecoveryTest.java","2545","5696","8241"
"2012-02-13 15:46","BookieRecoveryTest.java","3724","15252","18976"
"2013-08-13 14:32","BookieRecoveryTest.java","18472","137302","155774"
"2014-02-05 22:43","BookieRecoveryTest.java","18838","144242","163080"
"2012-10-05 16:24","LedgerFragment.java","3399","10365","13764"
"2012-09-12 20:34","LedgerFragment.java","400","2482","2882"
"2012-11-30 04:54","LedgerFragment.java","5012","25755","30767"
"2014-02-05 22:43","LedgerFragment.java","11251","84832","96083"
"2017-07-04 06:27","FileInfo.java","39962","128033","167995"
"2012-10-26 12:51","FileInfo.java","15698","79584","95282"
"2011-11-17 11:16","FileInfo.java","954","3223","4177"
"2014-12-04 12:28","FileInfo.java","18502","159166","177668"
"2017-01-31 04:01","FileInfo.java","39661","108958","148619"
"2017-03-23 15:55","FileInfo.java","39656","109319","148975"
"2016-11-18 00:18","FileInfo.java","39645","95841","135486"
"2012-12-18 13:04","FileInfo.java","16126","94032","110158"
"2013-05-04 14:22","FileInfo.java","17581","130888","148469"
"2012-02-09 18:14","FileInfo.java","2794","14481","17275"
"2012-02-17 11:18","FileInfo.java","2910","15052","17962"
"2012-02-24 19:20","FileInfo.java","2997","15704","18701"
"2012-06-13 16:57","FileInfo.java","11046","35448","46494"
"2012-03-29 15:18","FileInfo.java","10264","28993","39257"
"2017-06-01 23:58","FileInfo.java","39916","120752","160668"
"2017-07-17 23:27","FileInfo.java","39968","131146","171114"
"2017-05-16 00:31","FileInfo.java","39828","117889","157717"
"2013-10-22 16:21","FileInfo.java","17896","139204","157100"
"2013-10-11 08:36","FileInfo.java","17802","137802","155604"
"2017-06-01 23:58","ZooKeeperWatcherBase.java","113946","50946","164892"
"2017-08-16 03:37","BookieServer.java","119527","114284","233811"
"2017-08-02 00:49","BookieServer.java","118002","106126","224128"
"2013-07-24 16:55","BookieServer.java","169","1037","1206"
"2014-02-05 22:43","BookieServer.java","3424","11081","14505"
"2017-06-28 23:24","BookieServer.java","114616","80701","195317"
"2017-06-01 23:58","BookieServer.java","114389","77072","191461"
"2017-10-17 09:32","BookieServer.java","125653","111788","237441"
"2014-08-02 20:02","BookieServer.java","4626","24493","29119"
"2013-12-06 07:39","BookieServer.java","1930","7340","9270"
"2014-01-21 05:05","BookieServer.java","2267","8775","11042"
"2017-07-07 05:11","Auditor.java","6514","43889","50403"
"2017-05-26 16:52","Auditor.java","4545","32148","36693"
"2016-11-09 03:02","Auditor.java","1684","5352","7036"
"2017-08-16 03:37","BookieServer.java","119735","113624","233359"
"2017-08-02 00:49","BookieServer.java","118212","105468","223680"
"2014-02-05 22:43","BookieServer.java","3275","10064","13339"
"2017-06-28 23:24","BookieServer.java","114756","79973","194729"
"2017-06-01 23:58","BookieServer.java","114529","76344","190873"
"2017-10-17 09:32","BookieServer.java","125916","111183","237099"
"2014-08-02 20:02","BookieServer.java","4526","23525","28051"
"2013-12-06 07:39","BookieServer.java","1776","6318","8094"
"2014-01-21 05:05","BookieServer.java","2113","7753","9866"
"2017-07-07 05:11","Auditor.java","5002","38709","43711"
"2017-05-26 16:52","Auditor.java","3008","26943","29951"
"2017-08-16 03:37","BookieServer.java","118635","105735","224370"
"2017-08-02 00:49","BookieServer.java","117040","97507","214547"
"2017-06-28 23:24","BookieServer.java","113132","71560","184692"
"2017-06-01 23:58","BookieServer.java","112825","67851","180676"
"2017-10-17 09:32","BookieServer.java","125165","103643","228808"
"2014-08-02 20:02","BookieServer.java","1789","13999","15788"
"2014-06-02 11:54","AuditorLedgerCheckerTest.java","7361","61335","68696"
"2014-07-24 01:41","AuditorLedgerCheckerTest.java","7669","62128","69797"
"2016-03-08 07:18","AuditorLedgerCheckerTest.java","9173","80164","89337"
"2012-12-18 12:00","AuditorLedgerCheckerTest.java","256","763","1019"
"2016-12-17 02:44","AuditorLedgerCheckerTest.java","80434","65789","146223"
"2017-07-07 05:11","AuditorLedgerCheckerTest.java","82301","94943","177244"
"2014-02-05 22:43","AuditorLedgerCheckerTest.java","6998","55699","62697"
"2013-08-21 13:19","AuditorLedgerCheckerTest.java","4768","47171","51939"
"2017-10-17 09:32","AuditorLedgerCheckerTest.java","91878","119057","210935"
"2017-05-12 15:20","AuditorLedgerCheckerTest.java","80932","80661","161593"
"2013-06-15 19:05","AuditorLedgerCheckerTest.java","4600","45327","49927"
"2013-05-31 12:02","AuditorLedgerCheckerTest.java","4497","41124","45621"
"2016-11-18 00:18","InterleavedLedgerStorage.java","111492","43933","155425"
"2014-01-21 17:26","InterleavedLedgerStorage.java","464","2009","2473"
"2017-05-16 00:31","InterleavedLedgerStorage.java","112699","67005","179704"
"2014-08-02 20:02","InterleavedLedgerStorage.java","2987","17252","20239"
"2017-07-04 06:27","InterleavedLedgerStorage.java","114118","78434","192552"
"2015-04-21 09:55","InterleavedLedgerStorage.java","4012","23699","27711"
"2017-01-31 04:01","InterleavedLedgerStorage.java","111563","57105","168668"
"2016-03-08 06:49","InterleavedLedgerStorage.java","5112","28792","33904"
"2017-03-28 22:37","InterleavedLedgerStorage.java","111701","62050","173751"
"2015-04-21 09:17","InterleavedLedgerStorage.java","3982","23498","27480"
"2016-07-14 23:02","BenchThroughputLatency.java","108873","35735","144608"
"2014-07-15 09:09","BenchThroughputLatency.java","2449","12597","15046"
"2017-03-23 00:48","ClientConfiguration.java","40851","106931","147782"
"2016-04-05 08:45","ClientConfiguration.java","40664","83624","124288"
"2017-03-28 22:35","ClientConfiguration.java","40847","111179","152026"
"2017-01-31 02:14","ClientConfiguration.java","40843","101114","141957"
"2017-04-15 13:58","ClientConfiguration.java","40854","112286","153140"
"2017-03-23 00:59","ClientConfiguration.java","40851","106943","147794"
"2017-05-15 19:52","ClientConfiguration.java","41020","115106","156126"
"2016-10-13 07:50","ClientConfiguration.java","40728","92912","133640"
"2017-06-21 19:58","ClientConfiguration.java","41175","120584","161759"
"2013-10-29 05:14","ClientConfiguration.java","18349","136236","154585"
"2017-06-05 21:48","ClientConfiguration.java","41146","119167","160313"
"2017-06-21 19:50","ClientConfiguration.java","41174","120473","161647"
"2012-04-20 19:18","ClientConfiguration.java","9893","26913","36806"
"2017-08-02 00:49","ClientConfiguration.java","41852","144572","186424"
"2017-08-01 08:34","ClientConfiguration.java","41756","141891","183647"
"2013-06-12 18:41","ClientConfiguration.java","18119","131971","150090"
"2014-05-27 13:56","ClientConfiguration.java","18770","145738","164508"
"2017-06-30 00:12","ClientConfiguration.java","41181","123734","164915"
"2014-09-18 06:47","ClientConfiguration.java","19106","155578","174684"
"2017-07-04 06:27","ClientConfiguration.java","41212","125726","166938"
"2012-09-12 11:59","ClientConfiguration.java","13182","63742","76924"
"2017-01-31 04:01","ClientConfiguration.java","40857","106597","147454"
"2015-10-06 10:05","ClientConfiguration.java","19214","160119","179333"
"2015-10-06 10:48","ClientConfiguration.java","19216","160347","179563"
"2013-02-08 19:08","ClientConfiguration.java","16980","125211","142191"
"2012-12-03 10:46","ClientConfiguration.java","16044","86143","102187"
"2012-02-01 12:06","ClientConfiguration.java","1240","5631","6871"
"2016-02-09 08:32","ClientConfiguration.java","19227","162223","181450"
"2014-12-06 07:54","ClientConfiguration.java","19113","156503","175616"
"2016-08-01 08:04","ClientConfiguration.java","40722","86136","126858"
"2012-12-13 13:07","ClientConfiguration.java","16333","88254","104587"
"2014-05-09 14:04","CookieTest.java","9129","68249","77378"
"2013-10-12 05:42","CookieTest.java","7828","57525","65353"
"2016-11-30 00:02","CookieTest.java","78850","64732","143582"
"2014-12-10 19:43","CookieTest.java","10150","80502","90652"
"2014-09-23 17:53","CookieTest.java","9852","79120","88972"
"2014-09-18 06:57","CookieTest.java","9834","79046","88880"
"2017-05-09 23:06","GarbageCollectorThread.java","1616","14637","16253"
"2017-11-08 12:27","GarbageCollectorThread.java","32341","83491","115832"
"2017-03-28 22:39","GarbageCollectorThread.java","940","11905","12845"
"2015-09-15 10:38","BookKeeper.java","15581","136532","152113"
"2015-10-22 09:22","BookKeeper.java","15593","137924","153517"
"2017-01-31 04:01","BookKeeper.java","48396","94506","142902"
"2012-07-23 23:39","BookKeeper.java","4184","15148","19332"
"2012-12-13 13:07","BookKeeper.java","9777","62068","71845"
"2015-07-10 22:48","BookKeeper.java","15412","136061","151473"
"2017-06-30 00:12","BookKeeper.java","49642","112565","162207"
"2014-02-06 09:21","BookKeeper.java","14458","117085","131543"
"2012-06-19 12:39","BookKeeper.java","857","2838","3695"
"2012-09-12 11:59","BookKeeper.java","5735","36665","42400"
"2014-01-21 05:19","BookKeeper.java","14064","115884","129948"
"2013-10-02 06:40","BookKeeper.java","13035","109550","122585"
"2014-02-21 19:01","BookKeeper.java","14545","118331","132876"
"2016-10-13 07:50","BookKeeper.java","48286","80840","129126"
"2017-06-21 21:00","BookKeeper.java","49627","110079","159706"
"2013-06-12 18:41","BookKeeper.java","12884","107106","119990"
"2013-05-06 19:32","BookKeeper.java","12713","102933","115646"
"2013-01-10 19:13","BookKeeper.java","11210","68472","79682"
"2017-03-28 22:35","BookKeeper.java","48426","99128","147554"
"2016-07-11 23:01","BookKeeper.java","48236","73321","121557"
"2016-10-13 09:27","BookKeeper.java","48362","80902","129264"
"2017-07-28 20:12","BookKeeper.java","50176","119654","169830"
"2017-05-15 19:52","BookKeeper.java","48892","103348","152240"
"2013-09-10 15:14","BookKeeper.java","12998","109379","122377"
"2016-07-14 23:02","BenchThroughputLatency.java","109280","37011","146291"
"2013-10-29 05:14","BenchThroughputLatency.java","662","1531","2193"
"2014-07-15 09:09","BenchThroughputLatency.java","2973","13990","16963"
"2014-06-02 11:54","AuditorLedgerCheckerTest.java","8656","75293","83949"
"2014-07-24 01:41","AuditorLedgerCheckerTest.java","8944","76066","85010"
"2012-12-14 20:26","AuditorLedgerCheckerTest.java","1983","14646","16629"
"2016-03-08 07:18","AuditorLedgerCheckerTest.java","10311","93965","104276"
"2012-12-18 12:00","AuditorLedgerCheckerTest.java","2238","15408","17646"
"2016-12-17 02:44","AuditorLedgerCheckerTest.java","74449","72467","146916"
"2017-07-07 05:11","AuditorLedgerCheckerTest.java","76202","101507","177709"
"2014-02-05 22:43","AuditorLedgerCheckerTest.java","8364","69728","78092"
"2013-08-21 13:19","AuditorLedgerCheckerTest.java","6283","61349","67632"
"2017-10-17 09:32","AuditorLedgerCheckerTest.java","83762","123604","207366"
"2017-05-12 15:20","AuditorLedgerCheckerTest.java","74942","87334","162276"
"2013-06-15 19:05","AuditorLedgerCheckerTest.java","6138","59528","65666"
"2013-05-31 12:02","AuditorLedgerCheckerTest.java","6053","55343","61396"
"2017-08-02 00:49","ClientConfiguration.java","984","3569","4553"
"2017-06-01 23:58","EntryLogger.java","81692","84292","165984"
"2014-01-21 17:26","EntryLogger.java","5392","52456","57848"
"2013-10-02 06:23","EntryLogger.java","3928","45310","49238"
"2014-01-22 14:35","EntryLogger.java","5520","52960","58480"
"2017-11-08 12:27","EntryLogger.java","92760","128832","221592"
"2013-10-22 07:44","EntryLogger.java","4999","47677","52676"
"2013-05-04 14:22","EntryLogger.java","3356","38427","41783"
"2017-01-31 02:11","EntryLogger.java","80104","65084","145188"
"2017-03-23 00:48","EntryLogger.java","80195","71596","151791"
"2016-07-14 23:02","EntryLogger.java","78765","48835","127600"
"2016-02-24 00:44","EntryLogger.java","8452","77299","85751"
"2015-04-21 10:02","EntryLogger.java","7562","72801","80363"
"2013-01-04 11:32","EntryLogger.java","771","2162","2933"
"2015-04-21 09:44","EntryLogger.java","7564","72619","80183"
"2017-05-26 12:38","LocalBookKeeper.java","113106","49229","162335"
"2017-06-01 11:31","LocalBookKeeper.java","113180","50217","163397"
"2017-06-01 23:58","LocalBookKeeper.java","113946","50946","164892"
"2016-12-21 01:48","LedgerCacheTest.java","47133","91137","138270"
"2013-02-12 06:00","LedgerCacheTest.java","12229","105248","117477"
"2013-01-07 03:48","LedgerCacheTest.java","11645","72572","84217"
"2012-12-24 05:50","LedgerCacheTest.java","11090","70375","81465"
"2012-12-24 06:23","LedgerCacheTest.java","11141","70648","81789"
"2019-02-20 11:43","LedgerCacheTest.java","53950","436631","490581"
"2013-08-12 19:01","LedgerCacheTest.java","13442","113857","127299"
"2013-10-12 05:42","LedgerCacheTest.java","14164","115976","130140"
"2017-05-16 00:31","LedgerCacheTest.java","47675","107007","154682"
"2013-12-02 18:45","LedgerCacheTest.java","14357","119039","133396"
"2012-03-31 09:31","LedgerCacheTest.java","78","548","626"
"2014-07-24 01:41","LedgerCacheTest.java","15185","128024","143209"
"2012-06-06 18:13","LedgerCacheTest.java","1785","6321","8106"
"2014-12-10 19:43","LedgerCacheTest.java","15580","138047","153627"
"2016-03-08 06:49","LedgerCacheTest.java","16023","144729","160752"
"2014-03-12 21:26","LedgerCacheTest.java","14880","124964","139844"
"2012-12-08 11:18","LedgerCacheTest.java","10591","65416","76007"
"2012-10-26 12:51","LedgerCacheTest.java","10009","55166","65175"
"2017-03-23 00:48","ClientConfiguration.java","112373","64601","176974"
"2016-04-05 08:45","ClientConfiguration.java","109237","38345","147582"
"2017-03-28 22:35","ClientConfiguration.java","112368","68848","181216"
"2017-01-31 02:14","ClientConfiguration.java","112279","58698","170977"
"2017-04-15 13:58","ClientConfiguration.java","112481","70061","182542"
"2017-03-23 00:59","ClientConfiguration.java","112374","64614","176988"
"2017-05-15 19:52","ClientConfiguration.java","113166","73400","186566"
"2016-10-13 07:50","ClientConfiguration.java","112110","50442","162552"
"2017-06-21 19:58","ClientConfiguration.java","114243","79800","194043"
"2013-10-29 05:14","ClientConfiguration.java","2010","6045","8055"
"2017-06-05 21:48","ClientConfiguration.java","114102","78271","192373"
"2017-06-21 19:50","ClientConfiguration.java","114241","79688","193929"
"2017-08-02 00:49","ClientConfiguration.java","117642","106510","224152"
"2017-08-01 08:34","ClientConfiguration.java","117118","103401","220519"
"2014-05-27 13:56","ClientConfiguration.java","3959","17075","21034"
"2017-06-30 00:12","ClientConfiguration.java","114422","83123","197545"
"2014-09-18 06:47","ClientConfiguration.java","4773","27393","32166"
"2017-07-04 06:27","ClientConfiguration.java","114531","85193","199724"
"2017-01-31 04:01","ClientConfiguration.java","112286","64174","176460"
"2015-10-06 10:05","ClientConfiguration.java","5893","32946","38839"
"2015-10-06 10:48","ClientConfiguration.java","5896","33175","39071"
"2016-02-09 08:32","ClientConfiguration.java","6039","35183","41222"
"2014-12-06 07:54","ClientConfiguration.java","4898","28436","33334"
"2016-08-01 08:04","ClientConfiguration.java","109573","41135","150708"
"2012-12-08 11:18","ZkLedgerLayoutTest.java","8777","57163","65940"
"2014-07-24 01:41","ZkLedgerLayoutTest.java","14466","120866","135332"
"2013-03-25 06:27","ZkLedgerLayoutTest.java","11968","99041","111009"
"2014-01-21 05:19","PerChannelBookieClient.java","19000","144076","163076"
"2013-10-22 07:35","PerChannelBookieClient.java","18916","139638","158554"
"2012-05-17 16:05","PerChannelBookieClient.java","12426","34721","47147"
"2012-05-26 19:16","PerChannelBookieClient.java","12557","35453","48010"
"2014-01-09 07:30","PerChannelBookieClient.java","18986","142630","161616"
"2017-06-30 00:12","PerChannelBookieClient.java","40529","126708","167237"
"2014-05-27 13:56","PerChannelBookieClient.java","19217","149811","169028"
"2017-07-04 06:27","PerChannelBookieClient.java","40545","128685","169230"
"2012-07-23 23:39","PerChannelBookieClient.java","13977","48197","62174"
"2012-08-13 11:38","PerChannelBookieClient.java","14328","54443","68771"
"2011-11-17 11:16","PerChannelBookieClient.java","2950","5288","8238"
"2011-10-27 15:41","PerChannelBookieClient.java","128","576","704"
"2017-01-31 04:01","PerChannelBookieClient.java","40290","109656","149946"
"2015-10-06 10:05","PerChannelBookieClient.java","19467","163998","183465"
"2016-04-05 18:47","PerChannelBookieClient.java","40190","87018","127208"
"2012-02-01 12:06","PerChannelBookieClient.java","4415","12432","16847"
"2011-11-16 17:05","PerChannelBookieClient.java","2716","4411","7127"
"2017-04-15 13:58","PerChannelBookieClient.java","40278","115336","155614"
"2017-05-15 19:52","PerChannelBookieClient.java","40436","118148","158584"
"2012-12-01 15:04","PerChannelBookieClient.java","17074","90281","107355"
"2016-04-05 08:45","PerChannelBookieClient.java","40188","86774","126962"
"2017-07-28 20:12","PerChannelBookieClient.java","40781","133515","174296"
"2017-01-31 02:14","PerChannelBookieClient.java","40278","104175","144453"
"2017-03-28 22:35","PerChannelBookieClient.java","40275","114233","154508"
"2017-03-23 00:48","PerChannelBookieClient.java","40284","109990","150274"
"2013-01-10 19:13","PerChannelBookieClient.java","17741","98259","116000"
"2014-07-25 00:34","PerChannelBookieClient.java","19397","156856","176253"
"2012-02-24 20:07","PerChannelBookieClient.java","4737","17519","22256"
"2011-11-18 11:18","PerChannelBookieClient.java","3574","7200","10774"
"2017-08-02 00:49","PerChannelBookieClient.java","41169","147515","188684"
"2012-04-02 12:38","PerChannelBookieClient.java","11798","31572","43370"
"2017-06-21 19:58","PerChannelBookieClient.java","40534","123569","164103"
"2017-06-01 23:58","PerChannelBookieClient.java","40515","121420","161935"
"2013-10-29 05:14","PerChannelBookieClient.java","18979","140492","159471"
"2013-06-28 17:27","PerChannelBookieClient.java","18831","137045","155876"
"2014-02-21 19:01","PerChannelBookieClient.java","19190","146232","165422"
"2014-02-05 22:43","PerChannelBookieClient.java","19158","145037","164195"
"2017-04-20 19:55","PerChannelBookieClient.java","40279","115358","155637"
"2013-09-11 00:34","PerChannelBookieClient.java","18866","138542","157408"
"2013-08-20 12:51","PerChannelBookieClient.java","18859","138248","157107"
"2014-12-10 19:43","ReadOnlyBookieTest.java","1949","11577","13526"
"2016-03-08 06:49","ReadOnlyBookieTest.java","3369","19236","22605"
"2016-04-14 00:51","ReadOnlyBookieTest.java","107666","22907","130573"
"2016-04-07 21:39","ReadOnlyBookieTest.java","107653","22853","130506"
"2017-05-02 23:04","HierarchicalLedgerManager.java","111667","75069","186736"
"2017-05-12 16:39","HierarchicalLedgerManager.java","111682","75764","187446"
"2014-01-17 18:13","HierarchicalLedgerManager.java","2537","13897","16434"
"2015-03-12 08:21","AuditorPeriodicCheckTest.java","7016","70430","77446"
"2014-04-24 14:44","AuditorPeriodicCheckTest.java","5815","55135","60950"
"2013-05-31 12:02","AuditorPeriodicCheckTest.java","2855","36964","39819"
"2013-10-11 08:36","AuditorPeriodicCheckTest.java","4131","44504","48635"
"2014-02-05 22:43","AuditorPeriodicCheckTest.java","5551","51734","57285"
"2017-05-16 00:31","AuditorPeriodicCheckTest.java","81092","79526","160618"
"2014-07-25 00:34","AuditorPeriodicCheckTest.java","6516","64279","70795"
"2016-09-10 21:01","AuditorPeriodicCheckTest.java","80088","52837","132925"
"2013-01-10 19:13","AuditorPeriodicCheckTest.java","635","1457","2092"
"2016-12-21 01:48","LedgerCacheTest.java","47342","90876","138218"
"2013-02-12 06:00","LedgerCacheTest.java","12361","104910","117271"
"2013-01-07 03:48","LedgerCacheTest.java","11777","72234","84011"
"2012-12-24 05:50","LedgerCacheTest.java","11219","70034","81253"
"2012-12-24 06:23","LedgerCacheTest.java","11271","70308","81579"
"2019-02-20 11:43","LedgerCacheTest.java","54182","436393","490575"
"2013-08-12 19:01","LedgerCacheTest.java","13606","113551","127157"
"2013-10-12 05:42","LedgerCacheTest.java","14363","115705","130068"
"2017-05-16 00:31","LedgerCacheTest.java","47882","106744","154626"
"2013-12-02 18:45","LedgerCacheTest.java","14556","118768","133324"
"2014-07-24 01:41","LedgerCacheTest.java","15383","127752","143135"
"2012-06-06 18:13","LedgerCacheTest.java","1709","5775","7484"
"2014-12-10 19:43","LedgerCacheTest.java","15778","137775","153553"
"2016-03-08 06:49","LedgerCacheTest.java","16231","144467","160698"
"2014-03-12 21:26","LedgerCacheTest.java","15079","124693","139772"
"2012-12-08 11:18","LedgerCacheTest.java","10546","64901","75447"
"2012-10-26 12:51","LedgerCacheTest.java","9964","54651","64615"
"2017-05-15 19:52","ReadLacProcessorV3.java","2252","10598","12850"
"2017-05-16 00:31","ReadLacProcessorV3.java","2479","11243","13722"
"2014-01-21 05:19","PerChannelBookieClient.java","19077","143705","162782"
"2013-10-22 07:35","PerChannelBookieClient.java","18990","139264","158254"
"2012-05-17 16:05","PerChannelBookieClient.java","12359","34206","46565"
"2012-05-26 19:16","PerChannelBookieClient.java","12494","34942","47436"
"2014-01-09 07:30","PerChannelBookieClient.java","19059","142255","161314"
"2017-06-30 00:12","PerChannelBookieClient.java","40775","126506","167281"
"2014-05-27 13:56","PerChannelBookieClient.java","19326","149472","168798"
"2017-07-04 06:27","PerChannelBookieClient.java","40800","128492","169292"
"2012-07-23 23:39","PerChannelBookieClient.java","13967","47739","61706"
"2012-08-13 11:38","PerChannelBookieClient.java","14330","53997","68327"
"2011-11-17 11:16","PerChannelBookieClient.java","2842","4732","7574"
"2017-01-31 04:01","PerChannelBookieClient.java","40508","109426","149934"
"2015-10-06 10:05","PerChannelBookieClient.java","19680","163763","183443"
"2016-04-05 18:47","PerChannelBookieClient.java","40404","86784","127188"
"2012-02-01 12:06","PerChannelBookieClient.java","4334","11903","16237"
"2011-11-16 17:05","PerChannelBookieClient.java","2605","3852","6457"
"2017-04-15 13:58","PerChannelBookieClient.java","40496","115106","155602"
"2017-05-15 19:52","PerChannelBookieClient.java","40654","117918","158572"
"2012-12-01 15:04","PerChannelBookieClient.java","17095","89854","106949"
"2016-04-05 08:45","PerChannelBookieClient.java","40402","86540","126942"
"2017-07-28 20:12","PerChannelBookieClient.java","41035","133321","174356"
"2017-01-31 02:14","PerChannelBookieClient.java","40495","103944","144439"
"2017-03-28 22:35","PerChannelBookieClient.java","40493","114003","154496"
"2017-03-23 00:48","PerChannelBookieClient.java","40502","109760","150262"
"2013-01-10 19:13","PerChannelBookieClient.java","17767","97837","115604"
"2014-07-25 00:34","PerChannelBookieClient.java","19607","156618","176225"
"2012-02-24 20:07","PerChannelBookieClient.java","4667","17001","21668"
"2011-11-18 11:18","PerChannelBookieClient.java","3477","6655","10132"
"2017-08-02 00:49","PerChannelBookieClient.java","41431","147329","188760"
"2012-04-02 12:38","PerChannelBookieClient.java","11728","31054","42782"
"2017-06-21 19:58","PerChannelBookieClient.java","40780","123367","164147"
"2017-06-01 23:58","PerChannelBookieClient.java","40760","121217","161977"
"2013-10-29 05:14","PerChannelBookieClient.java","19052","140117","159169"
"2013-06-28 17:27","PerChannelBookieClient.java","18895","136661","155556"
"2014-02-21 19:01","PerChannelBookieClient.java","19292","145886","165178"
"2014-02-05 22:43","PerChannelBookieClient.java","19260","144691","163951"
"2017-04-20 19:55","PerChannelBookieClient.java","40497","115128","155625"
"2013-09-11 00:34","PerChannelBookieClient.java","18934","138162","157096"
"2013-08-20 12:51","PerChannelBookieClient.java","18923","137864","156787"
"2017-05-15 19:52","BookieSocketAddress.java","8171","39055","47226"
"2016-10-13 07:50","BookieSocketAddress.java","5880","14862","20742"
"2016-12-17 02:44","AuditorLedgerCheckerTest.java","110566","24930","135496"
"2017-07-07 05:11","AuditorLedgerCheckerTest.java","114218","55869","170087"
"2017-10-17 09:32","AuditorLedgerCheckerTest.java","130873","87061","217934"
"2017-05-12 15:20","AuditorLedgerCheckerTest.java","111472","40210","151682"
"2017-03-22 22:54","Cookie.java","110918","54693","165611"
"2016-11-30 00:02","Cookie.java","110782","41698","152480"
"2014-05-09 14:04","Cookie.java","510","4664","5174"
"2014-09-23 17:53","Cookie.java","2426","16728","19154"
"2014-09-18 06:57","Cookie.java","2408","16654","19062"
"2014-12-06 08:03","Cookie.java","2510","17731","20241"
"2017-06-30 00:12","PerChannelBookieClient.java","4415","21228","25643"
"2017-07-04 06:27","PerChannelBookieClient.java","4684","23458","28142"
"2017-04-15 13:58","PerChannelBookieClient.java","713","6405","7118"
"2017-05-15 19:52","PerChannelBookieClient.java","2252","10598","12850"
"2017-07-28 20:12","PerChannelBookieClient.java","6172","29540","35712"
"2017-03-28 22:35","PerChannelBookieClient.java","334","4926","5260"
"2017-03-23 00:48","PerChannelBookieClient.java","171","511","682"
"2017-08-02 00:49","PerChannelBookieClient.java","9319","46299","55618"
"2017-06-21 19:58","PerChannelBookieClient.java","4026","17695","21721"
"2017-06-01 23:58","PerChannelBookieClient.java","3520","15059","18579"
"2017-04-20 19:55","PerChannelBookieClient.java","726","6439","7165"
"2016-11-18 00:18","InterleavedLedgerStorage.java","111581","42477","154058"
"2017-05-16 00:31","InterleavedLedgerStorage.java","112808","65569","178377"
"2014-08-02 20:02","InterleavedLedgerStorage.java","2814","15534","18348"
"2017-07-04 06:27","InterleavedLedgerStorage.java","114243","77014","191257"
"2015-04-21 09:55","InterleavedLedgerStorage.java","3996","22138","26134"
"2017-01-31 04:01","InterleavedLedgerStorage.java","111655","55652","167307"
"2016-03-08 06:49","InterleavedLedgerStorage.java","5141","27276","32417"
"2017-03-28 22:37","InterleavedLedgerStorage.java","111795","60599","172394"
"2015-04-21 09:17","InterleavedLedgerStorage.java","3959","21930","25889"
"2017-06-30 00:12","DistributionSchedule.java","68690","100683","169373"
"2014-07-24 01:41","ConcurrentLedgerTest.java","19806","145073","164879"
"2014-12-10 19:43","ConcurrentLedgerTest.java","19992","154887","174879"
"2012-03-08 19:24","ConcurrentLedgerTest.java","1646","9173","10819"
"2012-02-15 16:11","ConcurrentLedgerTest.java","1228","6873","8101"
"2013-10-12 05:42","ConcurrentLedgerTest.java","19036","133276","152312"
"2014-02-05 22:43","ConcurrentLedgerTest.java","19520","139029","158549"
"2017-05-16 00:31","ConcurrentLedgerTest.java","42569","114329","156898"
"2017-06-21 19:58","PendingReadOp.java","1939","7262","9201"
"2017-06-05 21:48","PendingReadOp.java","1589","5524","7113"
"2017-06-05 22:13","PendingReadOp.java","1598","5946","7544"
"2017-06-01 11:42","PendingReadOp.java","482","3708","4190"
"2017-06-01 22:39","PendingReadOp.java","1212","4020","5232"
"2017-07-04 06:27","PendingReadOp.java","2652","13080","15732"
"2013-10-12 05:42","TestLedgerUnderreplicationManager.java","1664","8469","10133"
"2015-07-10 22:48","TestLedgerUnderreplicationManager.java","5389","35489","40878"
"2016-11-18 00:18","InterleavedLedgerStorage.java","112544","49122","161666"
"2013-12-02 18:45","InterleavedLedgerStorage.java","1529","5322","6851"
"2014-01-15 15:58","InterleavedLedgerStorage.java","1618","5755","7373"
"2014-01-21 17:26","InterleavedLedgerStorage.java","2041","7723","9764"
"2017-05-16 00:31","InterleavedLedgerStorage.java","113660","72103","185763"
"2014-08-02 20:02","InterleavedLedgerStorage.java","4362","22764","27126"
"2017-07-04 06:27","InterleavedLedgerStorage.java","114959","83412","198371"
"2015-04-21 09:55","InterleavedLedgerStorage.java","5284","29108","34392"
"2017-01-31 04:01","InterleavedLedgerStorage.java","112606","62285","174891"
"2016-03-08 06:49","InterleavedLedgerStorage.java","6286","34103","40389"
"2017-03-28 22:37","InterleavedLedgerStorage.java","112707","67193","179900"
"2015-04-21 09:17","InterleavedLedgerStorage.java","5264","28917","34181"
"2016-07-11 23:01","LedgerCreateOp.java","42652","83145","125797"
"2014-02-05 22:43","LedgerCreateOp.java","19113","137144","156257"
"2014-01-21 05:19","LedgerCreateOp.java","18827","136055","154882"
"2012-06-19 12:39","LedgerCreateOp.java","10420","27809","38229"
"2015-09-15 10:38","LedgerCreateOp.java","19790","156149","175939"
"2015-04-21 09:17","LedgerCreateOp.java","19602","155094","174696"
"2015-10-22 09:22","LedgerCreateOp.java","19803","157542","177345"
"2017-06-12 17:20","LedgerManagerTestCase.java","4315","30732","35047"
"2017-05-16 00:31","LedgerManagerTestCase.java","2889","24754","27643"
"2017-01-31 04:01","LedgerManagerTestCase.java","779","13880","14659"
"2017-03-28 22:37","LedgerManagerTestCase.java","1057","18965","20022"
"2017-07-04 06:27","LedgerManagerTestCase.java","4948","36823","41771"
"2017-05-09 23:06","GarbageCollectorThread.java","7311","36146","43457"
"2017-11-08 12:27","GarbageCollectorThread.java","29479","96443","125922"
"2017-03-28 22:39","GarbageCollectorThread.java","6662","33441","40103"
"2017-01-30 23:25","GarbageCollectorThread.java","5878","21692","27570"
"2017-08-02 00:49","BookieNettyServer.java","116036","110652","226688"
"2013-10-02 06:23","BookieNettyServer.java","1523","9480","11003"
"2013-06-15 19:05","BookieNettyServer.java","1180","7355","8535"
"2017-06-01 09:47","BookieNettyServer.java","111790","80737","192527"
"2013-10-11 16:18","BookieNettyServer.java","2401","10754","13155"
"2017-05-15 19:52","BookieNettyServer.java","111646","77628","189274"
"2016-09-10 20:27","BookieNettyServer.java","110661","51255","161916"
"2017-01-31 02:14","BookieNettyServer.java","110822","62989","173811"
"2016-04-05 08:45","BookieNettyServer.java","109189","44045","153234"
"2017-03-23 00:48","BookieNettyServer.java","110915","68891","179806"
"2016-04-05 18:47","BookieNettyServer.java","109191","44289","153480"
"2014-01-21 05:05","BookieNettyServer.java","3224","16224","19448"
"2017-08-16 03:37","BookieServer.java","8421","37093","45514"
"2017-08-02 00:49","BookieServer.java","5929","27968","33897"
"2017-10-17 09:32","BookieServer.java","33029","53079","86108"
"2017-07-04 06:27","FileInfo.java","4684","23458","28142"
"2017-03-23 15:55","FileInfo.java","201","567","768"
"2017-06-01 23:58","FileInfo.java","3520","15059","18579"
"2017-07-17 23:27","FileInfo.java","4958","26839","31797"
"2017-05-16 00:31","FileInfo.java","2479","11243","13722"
"2017-06-01 23:58","EntryLogger.java","80497","87680","168177"
"2014-01-21 17:26","EntryLogger.java","6320","57967","64287"
"2013-10-02 06:23","EntryLogger.java","4933","50898","55831"
"2014-01-22 14:35","EntryLogger.java","6448","58471","64919"
"2017-11-08 12:27","EntryLogger.java","90849","131504","222353"
"2013-10-22 07:44","EntryLogger.java","5938","53199","59137"
"2013-05-04 14:22","EntryLogger.java","4423","44077","48500"
"2017-01-31 02:11","EntryLogger.java","79005","68568","147573"
"2017-03-23 00:48","EntryLogger.java","79095","75079","154174"
"2016-07-14 23:02","EntryLogger.java","77811","52464","130275"
"2012-12-24 06:23","EntryLogger.java","1292","5875","7167"
"2016-02-24 00:44","EntryLogger.java","9023","82453","91476"
"2015-04-21 10:02","EntryLogger.java","8274","78096","86370"
"2013-01-04 11:32","EntryLogger.java","2028","8002","10030"
"2015-04-21 09:44","EntryLogger.java","8276","77914","86190"
"2017-07-04 06:27","InterleavedLedgerStorage.java","2419","12429","14848"
"2012-12-13 12:33","LedgerRecoveryTest.java","16447","89126","105573"
"2013-01-07 12:25","LedgerRecoveryTest.java","16809","94379","111188"
"2012-02-13 15:46","LedgerRecoveryTest.java","2237","11902","14139"
"2012-01-17 16:52","LedgerRecoveryTest.java","1850","7233","9083"
"2013-06-12 18:41","LedgerRecoveryTest.java","18220","133360","151580"
"2013-03-25 18:02","LedgerRecoveryTest.java","18019","128334","146353"
"2014-02-05 22:43","LedgerRecoveryTest.java","18772","142313","161085"
"2017-05-16 00:31","LedgerRecoveryTest.java","40748","116540","157288"
"2017-06-21 19:50","LedgerRecoveryTest.java","40875","121462","162337"
"2014-07-24 01:41","ConcurrentLedgerTest.java","16126","154131","170257"
"2014-12-10 19:43","ConcurrentLedgerTest.java","16175","163808","179983"
"2011-11-17 11:16","ConcurrentLedgerTest.java","7104","15810","22914"
"2011-09-05 19:38","ConcurrentLedgerTest.java","4728","11093","15821"
"2011-11-28 19:25","ConcurrentLedgerTest.java","7878","20616","28494"
"2011-11-18 11:18","ConcurrentLedgerTest.java","7652","17646","25298"
"2012-03-08 19:24","ConcurrentLedgerTest.java","8724","28989","37713"
"2012-02-15 16:11","ConcurrentLedgerTest.java","8487","26870","35357"
"2013-10-12 05:42","ConcurrentLedgerTest.java","15717","142695","158412"
"2014-02-05 22:43","ConcurrentLedgerTest.java","15926","148173","164099"
"2017-05-16 00:31","ConcurrentLedgerTest.java","35872","120370","156242"
"2013-08-21 13:19","BookKeeperAdmin.java","9573","95002","104575"
"2017-10-17 09:32","BookKeeperAdmin.java","61238","131443","192681"
"2017-06-01 23:58","BookKeeperAdmin.java","55242","101995","157237"
"2017-04-11 20:19","BookKeeperAdmin.java","54104","94372","148476"
"2014-02-21 19:01","BookKeeperAdmin.java","11311","104201","115512"
"2014-02-05 22:43","BookKeeperAdmin.java","11220","102947","114167"
"2017-07-07 05:11","BookKeeperAdmin.java","55394","111062","166456"
"2013-02-26 04:12","BookKeeperAdmin.java","8836","86569","95405"
"2016-11-09 03:05","BookKeeperAdmin.java","53963","75941","129904"
"2016-11-30 00:07","BookKeeperAdmin.java","53967","76609","130576"
"2016-09-10 21:01","BookKeeperAdmin.java","53882","72175","126057"
"2016-07-14 23:02","BookKeeperAdmin.java","53482","67705","121187"
"2016-10-13 09:27","BookKeeperAdmin.java","53963","75607","129570"
"2012-11-30 04:54","BookKeeperAdmin.java","5665","44554","50219"
"2013-02-08 19:08","BookKeeperAdmin.java","7987","85692","93679"
"2016-03-16 05:03","BookKeeperAdmin.java","53321","63052","116373"
"2016-03-08 07:18","BookKeeperAdmin.java","12717","126734","139451"
"2014-12-06 08:03","BookKeeperAdmin.java","11910","118858","130768"
"2012-09-03 18:54","BookKeeperAdmin.java","1617","19660","21277"
"2014-04-24 10:43","BookKeeperAdmin.java","11324","106186","117510"
"2012-10-05 16:24","BookKeeperAdmin.java","4318","29430","33748"
"2012-09-07 07:04","BookKeeperAdmin.java","1738","21247","22985"
"2014-09-06 07:51","BookKeeperAdmin.java","11825","117636","129461"
"2012-08-19 11:39","BookKeeperAdmin.java","1355","13539","14894"
"2013-05-10 12:45","BookKeeperAdmin.java","9332","88886","98218"
"2012-08-24 22:44","BookKeeperAdmin.java","1358","14434","15792"
"2017-07-28 20:12","BookieConnectionPeer.java","5908","34745","40653"
"2017-06-30 00:12","PerChannelBookieClient.java","114336","55984","170320"
"2017-07-04 06:27","PerChannelBookieClient.java","114520","58129","172649"
"2017-01-31 04:01","PerChannelBookieClient.java","111029","35864","146893"
"2016-04-05 18:47","PerChannelBookieClient.java","105307","7604","112911"
"2017-04-15 13:58","PerChannelBookieClient.java","111514","42041","153555"
"2017-05-15 19:52","PerChannelBookieClient.java","112499","45680","158179"
"2016-04-05 08:45","PerChannelBookieClient.java","105296","7351","112647"
"2017-07-28 20:12","PerChannelBookieClient.java","115727","63930","179657"
"2017-01-31 02:14","PerChannelBookieClient.java","111001","30367","141368"
"2017-03-28 22:35","PerChannelBookieClient.java","111228","40655","151883"
"2017-03-23 00:48","PerChannelBookieClient.java","111167","36342","147509"
"2017-08-02 00:49","PerChannelBookieClient.java","118417","80232","198649"
"2017-06-21 19:58","PerChannelBookieClient.java","114006","52510","166516"
"2017-06-01 23:58","PerChannelBookieClient.java","113567","49941","163508"
"2017-04-20 19:55","PerChannelBookieClient.java","111525","42073","153598"
"2017-05-15 19:52","ReadEntryProcessor.java","112499","45680","158179"
"2017-06-01 23:58","ReadEntryProcessor.java","113567","49941","163508"
"2017-05-16 00:31","ReadEntryProcessor.java","112662","46261","158923"
"2017-06-21 19:58","PendingReadOp.java","79802","94480","174282"
"2017-06-05 21:48","PendingReadOp.java","79753","93043","172796"
"2017-06-05 22:13","PendingReadOp.java","79754","93457","173211"
"2017-06-01 11:42","PendingReadOp.java","79075","91656","170731"
"2017-06-01 22:39","PendingReadOp.java","79665","91828","171493"
"2013-09-11 00:34","PendingReadOp.java","6605","57924","64529"
"2014-02-05 22:43","PendingReadOp.java","8600","66122","74722"
"2013-03-25 18:02","PendingReadOp.java","5861","50157","56018"
"2017-05-15 19:52","PendingReadOp.java","78905","88260","167165"
"2015-04-21 09:17","PendingReadOp.java","9827","84810","94637"
"2012-12-03 10:46","PendingReadOp.java","436","5804","6240"
"2016-02-09 08:39","PendingReadOp.java","10439","88761","99200"
"2016-02-09 08:32","PendingReadOp.java","10439","88704","99143"
"2012-12-13 13:07","PendingReadOp.java","2124","9314","11438"
"2017-07-04 06:27","PendingReadOp.java","79996","99779","179775"
"2014-01-21 05:19","PendingReadOp.java","7891","64610","72501"
"2017-07-07 05:11","ZkLedgerUnderreplicationManager.java","680","5701","6381"
"2015-04-21 09:23","Journal.java","135","371","506"
"2016-02-09 08:30","Journal.java","1433","4936","6369"
"2017-05-26 16:52","Journal.java","113613","50553","164166"
"2017-03-22 22:54","Journal.java","112124","38670","150794"
"2016-11-12 03:37","Journal.java","111920","24973","136893"
"2016-07-14 23:02","Journal.java","106837","12104","118941"
"2017-06-01 23:58","Journal.java","114434","52231","166665"
"2017-05-09 22:24","Journal.java","112850","45992","158842"
"2017-05-16 00:31","Journal.java","113548","48570","162118"
"2017-06-01 23:58","LongZkLedgerIdGenerator.java","2460","7143","9603"
"2012-12-18 13:04","LedgerDescriptorImpl.java","10762","68600","79362"
"2016-11-18 00:18","LedgerDescriptorImpl.java","47444","83572","131016"
"2017-05-16 00:31","LedgerDescriptorImpl.java","48024","106017","154041"
"2017-07-04 06:27","LedgerDescriptorImpl.java","48796","116799","165595"
"2017-06-05 22:25","LedgerDescriptorImpl.java","48680","110897","159577"
"2017-01-31 04:01","LedgerDescriptorImpl.java","47489","96718","144207"
"2017-03-22 22:54","Cookie.java","111482","51103","162585"
"2016-11-30 00:02","Cookie.java","111328","38090","149418"
"2014-09-23 17:53","Cookie.java","2169","12317","14486"
"2014-09-18 06:57","Cookie.java","2151","12243","14394"
"2014-12-06 08:03","Cookie.java","2253","13320","15573"
"2015-04-21 09:17","PendingAddOp.java","4052","22316","26368"
"2015-10-06 10:48","PendingAddOp.java","4842","24523","29365"
"2015-10-22 09:22","PendingAddOp.java","4870","25381","30251"
"2017-06-30 00:12","PendingAddOp.java","114143","75246","189389"
"2014-02-21 19:01","PendingAddOp.java","1382","3348","4730"
"2014-02-05 22:43","PendingAddOp.java","1184","1987","3171"
"2017-08-02 00:49","PendingAddOp.java","117758","99028","216786"
"2017-05-15 19:52","PendingAddOp.java","112723","65359","178082"
"2014-01-21 05:19","PerChannelBookieClient.java","19001","144080","163081"
"2013-10-22 07:35","PerChannelBookieClient.java","18918","139643","158561"
"2012-05-17 16:05","PerChannelBookieClient.java","12440","34738","47178"
"2012-05-26 19:16","PerChannelBookieClient.java","12571","35470","48041"
"2014-01-09 07:30","PerChannelBookieClient.java","18987","142634","161621"
"2017-06-30 00:12","PerChannelBookieClient.java","40530","126712","167242"
"2014-05-27 13:56","PerChannelBookieClient.java","19218","149815","169033"
"2017-07-04 06:27","PerChannelBookieClient.java","40546","128689","169235"
"2012-07-23 23:39","PerChannelBookieClient.java","13991","48214","62205"
"2012-08-13 11:38","PerChannelBookieClient.java","14333","54451","68784"
"2011-11-17 11:16","PerChannelBookieClient.java","2969","5310","8279"
"2011-09-16 16:55","PerChannelBookieClient.java","19","22","41"
"2011-10-27 15:41","PerChannelBookieClient.java","147","598","745"
"2017-01-31 04:01","PerChannelBookieClient.java","40292","109661","149953"
"2015-10-06 10:05","PerChannelBookieClient.java","19469","164003","183472"
"2016-04-05 18:47","PerChannelBookieClient.java","40192","87023","127215"
"2012-02-01 12:06","PerChannelBookieClient.java","4431","12451","16882"
"2011-11-16 17:05","PerChannelBookieClient.java","2735","4433","7168"
"2017-04-15 13:58","PerChannelBookieClient.java","40280","115341","155621"
"2017-05-15 19:52","PerChannelBookieClient.java","40437","118152","158589"
"2012-12-01 15:04","PerChannelBookieClient.java","17079","90289","107368"
"2016-04-05 08:45","PerChannelBookieClient.java","40190","86779","126969"
"2017-07-28 20:12","PerChannelBookieClient.java","40782","133519","174301"
"2017-01-31 02:14","PerChannelBookieClient.java","40280","104180","144460"
"2017-03-28 22:35","PerChannelBookieClient.java","40277","114238","154515"
"2017-03-23 00:48","PerChannelBookieClient.java","40286","109995","150281"
"2013-01-10 19:13","PerChannelBookieClient.java","17744","98265","116009"
"2014-07-25 00:34","PerChannelBookieClient.java","19399","156861","176260"
"2012-02-24 20:07","PerChannelBookieClient.java","4753","17538","22291"
"2011-11-18 11:18","PerChannelBookieClient.java","3592","7221","10813"
"2017-08-02 00:49","PerChannelBookieClient.java","41168","147517","188685"
"2012-04-02 12:38","PerChannelBookieClient.java","11814","31591","43405"
"2017-06-21 19:58","PerChannelBookieClient.java","40535","123573","164108"
"2017-06-01 23:58","PerChannelBookieClient.java","40516","121424","161940"
"2013-10-29 05:14","PerChannelBookieClient.java","18980","140496","159476"
"2013-06-28 17:27","PerChannelBookieClient.java","18833","137050","155883"
"2014-02-21 19:01","PerChannelBookieClient.java","19192","146237","165429"
"2014-02-05 22:43","PerChannelBookieClient.java","19159","145041","164200"
"2017-04-20 19:55","PerChannelBookieClient.java","40281","115363","155644"
"2013-09-11 00:34","PerChannelBookieClient.java","18868","138547","157415"
"2013-08-20 12:51","PerChannelBookieClient.java","18861","138253","157114"
"2017-06-30 00:12","PerChannelBookieClient.java","10147","49498","59645"
"2017-07-04 06:27","PerChannelBookieClient.java","10341","51653","61994"
"2017-01-31 04:01","PerChannelBookieClient.java","6651","29189","35840"
"2017-04-15 13:58","PerChannelBookieClient.java","7058","35288","42346"
"2017-05-15 19:52","PerChannelBookieClient.java","8171","39055","47226"
"2017-07-28 20:12","PerChannelBookieClient.java","11608","57514","69122"
"2017-01-31 02:14","PerChannelBookieClient.java","6596","23665","30261"
"2017-03-28 22:35","PerChannelBookieClient.java","6848","33978","40826"
"2017-03-23 00:48","PerChannelBookieClient.java","6791","29669","36460"
"2017-08-02 00:49","PerChannelBookieClient.java","14665","74183","88848"
"2017-06-21 19:58","PerChannelBookieClient.java","9803","46010","55813"
"2017-06-01 23:58","PerChannelBookieClient.java","9308","43385","52693"
"2017-04-20 19:55","PerChannelBookieClient.java","7069","35320","42389"
"2014-01-21 05:19","PerChannelBookieClient.java","18877","135936","154813"
"2013-10-22 07:35","PerChannelBookieClient.java","18726","131431","150157"
"2012-05-17 16:05","PerChannelBookieClient.java","9534","23812","33346"
"2012-05-26 19:16","PerChannelBookieClient.java","9737","24616","34353"
"2014-01-09 07:30","PerChannelBookieClient.java","18807","134434","153241"
"2017-06-30 00:12","PerChannelBookieClient.java","43499","121661","165160"
"2014-05-27 13:56","PerChannelBookieClient.java","19262","141839","161101"
"2017-07-04 06:27","PerChannelBookieClient.java","43535","123658","167193"
"2012-07-23 23:39","PerChannelBookieClient.java","12205","38408","50613"
"2012-08-13 11:38","PerChannelBookieClient.java","12623","44721","57344"
"2017-01-31 04:01","PerChannelBookieClient.java","42841","104190","147031"
"2015-10-06 10:05","PerChannelBookieClient.java","19861","156375","176236"
"2016-04-05 18:47","PerChannelBookieClient.java","42664","81475","124139"
"2017-04-15 13:58","PerChannelBookieClient.java","42855","109896","152751"
"2017-05-15 19:52","PerChannelBookieClient.java","43215","112910","156125"
"2012-12-01 15:04","PerChannelBookieClient.java","16151","81341","97492"
"2016-04-05 08:45","PerChannelBookieClient.java","42662","81231","123893"
"2017-07-28 20:12","PerChannelBookieClient.java","43831","128548","172379"
"2017-01-31 02:14","PerChannelBookieClient.java","42825","98705","141530"
"2017-03-28 22:35","PerChannelBookieClient.java","42843","108784","151627"
"2017-03-23 00:48","PerChannelBookieClient.java","42847","104536","147383"
"2013-01-10 19:13","PerChannelBookieClient.java","17205","89706","106911"
"2014-07-25 00:34","PerChannelBookieClient.java","19620","149062","168682"
"2012-02-24 20:07","PerChannelBookieClient.java","562","5327","5889"
"2017-08-02 00:49","PerChannelBookieClient.java","44231","142560","186791"
"2012-04-02 12:38","PerChannelBookieClient.java","8668","20425","29093"
"2017-06-21 19:58","PerChannelBookieClient.java","43494","118512","162006"
"2017-06-01 23:58","PerChannelBookieClient.java","43453","116341","159794"
"2013-10-29 05:14","PerChannelBookieClient.java","18801","132297","151098"
"2013-06-28 17:27","PerChannelBookieClient.java","18541","128738","147279"
"2014-02-21 19:01","PerChannelBookieClient.java","19221","138246","157467"
"2014-02-05 22:43","PerChannelBookieClient.java","19182","137044","156226"
"2017-04-20 19:55","PerChannelBookieClient.java","42856","109918","152774"
"2013-09-11 00:34","PerChannelBookieClient.java","18612","130271","148883"
"2013-08-20 12:51","PerChannelBookieClient.java","18581","129953","148534"
"2017-07-04 06:27","ServerConfiguration.java","115326","59955","175281"
"2016-04-14 00:51","ServerConfiguration.java","106257","9624","115881"
"2016-03-08 06:49","ServerConfiguration.java","1555","5548","7103"
"2016-01-26 22:11","ServerConfiguration.java","1160","4139","5299"
"2016-04-05 18:47","ServerConfiguration.java","106231","9548","115779"
"2016-04-27 09:55","ServerConfiguration.java","106318","10197","116515"
"2017-05-15 19:52","ServerConfiguration.java","113312","47513","160825"
"2017-03-22 22:54","ServerConfiguration.java","112026","38169","150195"
"2017-03-23 00:48","ServerConfiguration.java","112031","38226","150257"
"2017-01-31 02:11","ServerConfiguration.java","111895","31669","143564"
"2016-04-05 08:45","ServerConfiguration.java","106220","9295","115515"
"2016-11-09 03:02","ServerConfiguration.java","111781","24383","136164"
"2016-11-30 00:02","ServerConfiguration.java","111845","25129","136974"
"2017-06-05 20:30","ServerConfiguration.java","114488","52240","166728"
"2016-09-10 20:27","ServerConfiguration.java","110140","18953","129093"
"2017-08-02 00:49","ServerConfiguration.java","119222","82057","201279"
"2017-10-03 12:31","ServerConfiguration.java","130569","83561","214130"
"2017-08-16 03:37","ServerConfiguration.java","121485","90953","212438"
"2017-05-26 12:38","ServerConfiguration.java","113533","50050","163583"
"2017-07-07 08:19","ServerConfiguration.java","115376","61968","177344"
"2017-06-28 23:24","ServerConfiguration.java","114849","55645","170494"
"2017-11-08 12:27","ServerConfiguration.java","132826","103692","236518"
"2016-04-27 21:11","ZkLedgerUnderreplicationManager.java","109609","39094","148703"
"2016-07-14 23:02","ZkLedgerUnderreplicationManager.java","109862","40332","150194"
"2017-07-07 05:11","ZkLedgerUnderreplicationManager.java","114830","86745","201575"
"2013-08-22 16:40","ZkLedgerUnderreplicationManager.java","398","2088","2486"
"2017-06-28 23:28","ZkLedgerUnderreplicationManager.java","114598","81492","196090"
"2017-06-01 23:58","ZkLedgerUnderreplicationManager.java","114345","77345","191690"
"2014-08-18 23:03","ZkLedgerUnderreplicationManager.java","5006","26658","31664"
"2014-06-03 12:35","ZkLedgerUnderreplicationManager.java","4014","17729","21743"
"2014-06-02 11:54","ZkLedgerUnderreplicationManager.java","3994","17241","21235"
"2017-03-28 22:40","ZkLedgerUnderreplicationManager.java","112747","69243","181990"
"2016-04-27 09:55","ZkLedgerUnderreplicationManager.java","109609","39094","148703"
"2017-07-07 05:11","ZkLedgerUnderreplicationManager.java","1305","10220","11525"
"2017-06-28 23:28","ZkLedgerUnderreplicationManager.java","644","4538","5182"
"2016-07-14 23:02","MetastoreTable.java","108503","26527","135030"
"2017-07-04 06:27","FileInfo.java","40546","128689","169235"
"2012-10-26 12:51","FileInfo.java","16945","80903","97848"
"2011-11-17 11:16","FileInfo.java","2969","5310","8279"
"2014-12-04 12:28","FileInfo.java","19405","160141","179546"
"2011-11-04 11:46","FileInfo.java","2143","2215","4358"
"2017-01-31 04:01","FileInfo.java","40292","109661","149953"
"2017-03-23 15:55","FileInfo.java","40287","110022","150309"
"2016-11-18 00:18","FileInfo.java","40276","96544","136820"
"2012-12-18 13:04","FileInfo.java","17339","95317","112656"
"2013-05-04 14:22","FileInfo.java","18739","132118","150857"
"2012-02-09 18:14","FileInfo.java","4513","16272","20785"
"2012-02-17 11:18","FileInfo.java","4626","16840","21466"
"2012-02-24 19:20","FileInfo.java","4713","17492","22205"
"2012-06-13 16:57","FileInfo.java","12599","37073","49672"
"2012-03-29 15:18","FileInfo.java","11830","30631","42461"
"2017-06-01 23:58","FileInfo.java","40516","121424","161940"
"2017-07-17 23:27","FileInfo.java","40553","131803","172356"
"2017-05-16 00:31","FileInfo.java","40457","118590","159047"
"2013-10-22 16:21","FileInfo.java","18973","140353","159326"
"2013-10-11 08:36","FileInfo.java","18886","138958","157844"
"2012-10-05 16:24","LedgerFragment.java","3002","7886","10888"
"2012-11-30 04:54","LedgerFragment.java","4665","23326","27991"
"2014-02-05 22:43","LedgerFragment.java","11016","82515","93531"
"2017-07-04 06:27","ServerConfiguration.java","115328","61336","176664"
"2016-04-14 00:51","ServerConfiguration.java","106379","11125","117504"
"2015-01-16 15:57","ServerConfiguration.java","16","954","970"
"2016-03-08 06:49","ServerConfiguration.java","1716","7088","8804"
"2016-01-26 22:11","ServerConfiguration.java","1354","5712","7066"
"2016-04-05 18:47","ServerConfiguration.java","106353","11049","117402"
"2016-04-27 09:55","ServerConfiguration.java","106440","11698","118138"
"2015-04-21 09:55","ServerConfiguration.java","197","1576","1773"
"2015-04-21 10:02","ServerConfiguration.java","210","1622","1832"
"2017-05-15 19:52","ServerConfiguration.java","113359","48939","162298"
"2017-03-22 22:54","ServerConfiguration.java","112092","39614","151706"
"2017-03-23 00:48","ServerConfiguration.java","112097","39671","151768"
"2017-01-31 02:11","ServerConfiguration.java","111965","33118","145083"
"2016-04-05 08:45","ServerConfiguration.java","106342","10796","117138"
"2016-11-09 03:02","ServerConfiguration.java","111852","25833","137685"
"2016-11-30 00:02","ServerConfiguration.java","111915","26578","138493"
"2017-06-05 20:30","ServerConfiguration.java","114521","53652","168173"
"2016-09-10 20:27","ServerConfiguration.java","110216","20408","130624"
"2017-08-02 00:49","ServerConfiguration.java","119164","83378","202542"
"2017-10-03 12:31","ServerConfiguration.java","130468","84839","215307"
"2017-08-16 03:37","ServerConfiguration.java","121393","92240","213633"
"2017-05-26 12:38","ServerConfiguration.java","113575","51471","165046"
"2017-07-07 08:19","ServerConfiguration.java","115377","63348","178725"
"2017-06-28 23:24","ServerConfiguration.java","114865","57040","171905"
"2017-11-08 12:27","ServerConfiguration.java","132668","104913","237581"
"2017-07-04 06:27","ServerConfiguration.java","115315","59911","175226"
"2016-04-14 00:51","ServerConfiguration.java","106244","9578","115822"
"2016-03-08 06:49","ServerConfiguration.java","1542","5502","7044"
"2016-01-26 22:11","ServerConfiguration.java","1147","4093","5240"
"2016-04-05 18:47","ServerConfiguration.java","106218","9502","115720"
"2016-04-27 09:55","ServerConfiguration.java","106305","10151","116456"
"2017-05-15 19:52","ServerConfiguration.java","113301","47469","160770"
"2017-03-22 22:54","ServerConfiguration.java","112015","38125","150140"
"2017-03-23 00:48","ServerConfiguration.java","112020","38182","150202"
"2017-01-31 02:11","ServerConfiguration.java","111884","31625","143509"
"2016-04-05 08:45","ServerConfiguration.java","106207","9249","115456"
"2016-11-09 03:02","ServerConfiguration.java","111770","24339","136109"
"2016-11-30 00:02","ServerConfiguration.java","111834","25085","136919"
"2017-06-05 20:30","ServerConfiguration.java","114477","52196","166673"
"2016-09-10 20:27","ServerConfiguration.java","110129","18909","129038"
"2017-08-02 00:49","ServerConfiguration.java","119211","82013","201224"
"2017-10-03 12:31","ServerConfiguration.java","130558","83517","214075"
"2017-08-16 03:37","ServerConfiguration.java","121474","90909","212383"
"2017-05-26 12:38","ServerConfiguration.java","113522","50006","163528"
"2017-07-07 08:19","ServerConfiguration.java","115365","61924","177289"
"2017-06-28 23:24","ServerConfiguration.java","114838","55601","170439"
"2017-11-08 12:27","ServerConfiguration.java","132817","103650","236467"
"2012-12-08 11:18","Bookie.java","9906","61942","71848"
"2012-09-14 15:42","Bookie.java","6557","39292","45849"
"2012-10-25 15:35","Bookie.java","9293","51272","60565"
"2012-10-26 16:25","Bookie.java","9485","52413","61898"
"2017-01-31 04:01","Bookie.java","47763","95542","143305"
"2017-03-28 22:37","Bookie.java","47811","100397","148208"
"2016-01-26 22:11","Bookie.java","15886","140789","156675"
"2015-03-18 07:38","Bookie.java","15615","137266","152881"
"2015-04-21 09:17","Bookie.java","15615","137368","152983"
"2012-10-18 16:40","Bookie.java","9185","50027","59212"
"2012-12-03 17:59","Bookie.java","9767","61758","71525"
"2012-07-04 16:17","Bookie.java","2931","12168","15099"
"2012-07-23 23:39","Bookie.java","4751","17384","22135"
"2013-06-21 19:26","Bookie.java","13243","109688","122931"
"2012-09-07 07:04","Bookie.java","6130","38204","44334"
"2014-09-23 17:53","Bookie.java","15407","134001","149408"
"2017-07-04 06:27","Bookie.java","49074","115627","164701"
"2017-06-05 22:25","Bookie.java","48958","109725","158683"
"2014-02-06 09:25","Bookie.java","14784","119084","133868"
"2014-04-29 22:07","Bookie.java","14897","122702","137599"
"2013-12-06 07:39","Bookie.java","14289","116334","130623"
"2012-07-05 14:45","Bookie.java","2948","12667","15615"
"2014-08-02 20:02","Bookie.java","15344","131846","147190"
"2013-10-02 07:01","Bookie.java","13382","111672","125054"
"2012-06-19 12:39","Bookie.java","1445","5095","6540"
"2017-06-28 23:24","Bookie.java","48999","111719","160718"
"2017-07-07 08:19","Bookie.java","49070","117586","166656"
"2013-09-11 00:34","Bookie.java","13355","111444","124799"
"2014-01-21 17:26","Bookie.java","14396","118178","132574"
"2013-10-12 05:42","Bookie.java","14086","113109","127195"
"2013-10-22 16:21","Bookie.java","14264","114054","128318"
"2017-05-16 00:31","Bookie.java","48325","104868","153193"
"2013-07-24 16:55","Bookie.java","13292","110795","124087"
"2014-02-05 22:43","Bookie.java","14782","119074","133856"
"2014-08-18 23:03","Bookie.java","15357","133327","148684"
"2014-05-09 14:04","Bookie.java","14905","123351","138256"
"2013-06-15 19:05","Bookie.java","13240","109558","122798"
"2017-06-01 23:58","Bookie.java","48943","108261","157204"
"2017-08-02 00:49","Bookie.java","49976","134735","184711"
"2013-12-02 18:45","Bookie.java","14284","116177","130461"
"2013-05-04 14:22","Bookie.java","13066","104855","117921"
"2012-12-18 13:04","Bookie.java","10227","66615","76842"
"2016-11-18 00:18","Bookie.java","47717","82395","130112"
"2017-03-28 22:35","Bookie.java","47793","100164","147957"
"2016-07-14 23:02","Bookie.java","47645","74433","122078"
"2017-06-05 20:30","Bookie.java","48943","108619","157562"
"2016-11-30 00:02","Bookie.java","47728","82936","130664"
"2012-12-24 05:50","Bookie.java","10620","67116","77736"
"2017-03-22 22:54","Bookie.java","47795","95862","143657"
"2012-12-24 06:23","Bookie.java","10673","67391","78064"
"2017-08-16 03:37","BookieServer.java","119476","114550","234026"
"2017-08-02 00:49","BookieServer.java","117951","106392","224343"
"2013-07-03 17:39","BookieServer.java","57","374","431"
"2013-07-24 16:55","BookieServer.java","224","1409","1633"
"2014-02-05 22:43","BookieServer.java","3442","11416","14858"
"2017-06-28 23:24","BookieServer.java","114567","80969","195536"
"2017-06-01 23:58","BookieServer.java","114345","77345","191690"
"2017-10-17 09:32","BookieServer.java","125588","112040","237628"
"2014-08-02 20:02","BookieServer.java","4633","24817","29450"
"2013-12-06 07:39","BookieServer.java","1970","7697","9667"
"2014-01-21 05:05","BookieServer.java","2302","9127","11429"
"2015-04-21 09:17","PendingAddOp.java","12261","101415","113676"
"2015-10-06 10:48","PendingAddOp.java","12665","103236","115901"
"2015-10-22 09:22","PendingAddOp.java","12688","104089","116777"
"2017-06-30 00:12","PendingAddOp.java","68690","100683","169373"
"2014-01-21 05:19","PendingAddOp.java","10484","81374","91858"
"2014-02-21 19:01","PendingAddOp.java","11210","84066","95276"
"2014-02-05 22:43","PendingAddOp.java","11112","82805","93917"
"2013-09-11 00:34","PendingAddOp.java","9316","74806","84122"
"2013-10-14 18:32","PendingAddOp.java","10193","76710","86903"
"2013-04-26 18:38","PendingAddOp.java","8778","67608","76386"
"2017-08-02 00:49","PendingAddOp.java","70188","122348","192536"
"2012-12-27 23:16","PendingAddOp.java","6238","30406","36644"
"2017-05-15 19:52","PendingAddOp.java","67845","91371","159216"
"2017-08-16 03:37","BookieServer.java","8894","40968","49862"
"2017-08-02 00:49","BookieServer.java","6431","31872","38303"
"2017-06-28 23:24","BookieServer.java","613","4015","4628"
"2017-10-17 09:32","BookieServer.java","33429","56881","90310"
"2012-06-19 12:39","BookieRecoveryTest.java","10996","29863","40859"
"2012-12-12 11:20","BookieRecoveryTest.java","16796","85202","101998"
"2012-09-12 11:59","BookieRecoveryTest.java","13619","61435","75054"
"2017-06-30 00:12","BookieRecoveryTest.java","42713","122522","165235"
"2014-07-24 01:41","BookieRecoveryTest.java","19806","145073","164879"
"2012-12-04 22:15","BookieRecoveryTest.java","16701","84055","100756"
"2017-04-11 20:15","BookieRecoveryTest.java","42181","110229","152410"
"2017-05-15 19:52","BookieRecoveryTest.java","42545","113887","156432"
"2012-07-18 17:00","BookieRecoveryTest.java","12704","40486","53190"
"2012-12-10 16:02","BookieRecoveryTest.java","16783","84139","100922"
"2012-03-31 10:58","BookieRecoveryTest.java","9341","22607","31948"
"2012-02-13 15:46","BookieRecoveryTest.java","1210","6843","8053"
"2013-08-13 14:32","BookieRecoveryTest.java","18941","131876","150817"
"2014-02-05 22:43","BookieRecoveryTest.java","19520","139029","158549"
"2014-01-21 05:19","LedgerDeleteOp.java","18492","141230","159722"
"2012-06-19 12:39","LedgerDeleteOp.java","11183","34082","45265"
"2015-04-21 09:17","LedgerDeleteOp.java","19208","160210","179418"
"2015-10-06 10:05","LedgerDeleteOp.java","19285","161478","180763"
"2012-12-24 05:50","LedgerDeleteOp.java","16503","92248","108751"
"2014-01-21 05:19","PerChannelBookieClient.java","18235","141616","159851"
"2013-10-22 07:35","PerChannelBookieClient.java","18113","137140","155253"
"2012-05-17 16:05","PerChannelBookieClient.java","10723","31323","42046"
"2012-05-26 19:16","PerChannelBookieClient.java","10854","32055","42909"
"2014-01-09 07:30","PerChannelBookieClient.java","18184","140133","158317"
"2017-06-30 00:12","PerChannelBookieClient.java","40399","124883","165282"
"2014-05-27 13:56","PerChannelBookieClient.java","18568","147467","166035"
"2017-07-04 06:27","PerChannelBookieClient.java","40429","126874","167303"
"2012-07-23 23:39","PerChannelBookieClient.java","12612","45137","57749"
"2012-08-13 11:38","PerChannelBookieClient.java","12980","51400","64380"
"2011-11-17 11:16","PerChannelBookieClient.java","254","897","1151"
"2017-01-31 04:01","PerChannelBookieClient.java","40097","107768","147865"
"2015-10-06 10:05","PerChannelBookieClient.java","18962","161798","180760"
"2016-04-05 18:47","PerChannelBookieClient.java","39946","85079","125025"
"2012-02-01 12:06","PerChannelBookieClient.java","2068","8390","10458"
"2017-04-15 13:58","PerChannelBookieClient.java","40089","113452","153541"
"2017-05-15 19:52","PerChannelBookieClient.java","40249","116266","156515"
"2012-12-01 15:04","PerChannelBookieClient.java","15963","87475","103438"
"2016-04-05 08:45","PerChannelBookieClient.java","39944","84835","124779"
"2017-07-28 20:12","PerChannelBookieClient.java","40668","131707","172375"
"2017-01-31 02:14","PerChannelBookieClient.java","40083","102285","142368"
"2017-03-28 22:35","PerChannelBookieClient.java","40082","112345","152427"
"2017-03-23 00:48","PerChannelBookieClient.java","40089","108100","148189"
"2013-01-10 19:13","PerChannelBookieClient.java","16726","95549","112275"
"2014-07-25 00:34","PerChannelBookieClient.java","18889","154653","173542"
"2012-02-24 20:07","PerChannelBookieClient.java","2564","13651","16215"
"2011-11-18 11:18","PerChannelBookieClient.java","939","2870","3809"
"2017-08-02 00:49","PerChannelBookieClient.java","41066","145717","186783"
"2012-04-02 12:38","PerChannelBookieClient.java","9922","28001","37923"
"2017-06-21 19:58","PerChannelBookieClient.java","40393","121733","162126"
"2017-06-01 23:58","PerChannelBookieClient.java","40364","119574","159938"
"2013-10-29 05:14","PerChannelBookieClient.java","18176","137994","156170"
"2013-06-28 17:27","PerChannelBookieClient.java","18005","134524","152529"
"2014-02-21 19:01","PerChannelBookieClient.java","18534","143881","162415"
"2014-02-05 22:43","PerChannelBookieClient.java","18498","142682","161180"
"2017-04-20 19:55","PerChannelBookieClient.java","40090","113474","153564"
"2013-09-11 00:34","PerChannelBookieClient.java","18052","136033","154085"
"2013-08-20 12:51","PerChannelBookieClient.java","18033","135727","153760"
"2016-04-29 05:05","ScanAndCompareGarbageCollector.java","109478","44048","153526"
"2016-04-27 09:55","ScanAndCompareGarbageCollector.java","109476","44046","153522"
"2016-03-08 06:49","ScanAndCompareGarbageCollector.java","6373","41057","47430"
"2017-03-28 22:40","ScanAndCompareGarbageCollector.java","111253","72834","184087"
"2017-05-25 14:23","LedgerFragmentReplicator.java","4527","32076","36603"
"2013-01-04 11:32","ServerConfiguration.java","18164","88055","106219"
"2014-08-02 20:02","ServerConfiguration.java","20780","149064","169844"
"2014-05-06 12:30","ServerConfiguration.java","20391","140025","160416"
"2014-05-15 00:41","ServerConfiguration.java","20391","140939","161330"
"2014-09-18 06:47","ServerConfiguration.java","20791","151084","171875"
"2017-07-04 06:27","ServerConfiguration.java","45053","123388","168441"
"2014-03-07 13:14","ServerConfiguration.java","20383","137658","158041"
"2014-04-29 22:07","ServerConfiguration.java","20391","139978","160369"
"2012-10-18 16:40","ServerConfiguration.java","17011","69635","86646"
"2012-09-12 20:34","ServerConfiguration.java","14226","58801","73027"
"2016-04-14 00:51","ServerConfiguration.java","43842","80915","124757"
"2015-01-16 15:57","ServerConfiguration.java","20825","154090","174915"
"2013-02-08 19:08","ServerConfiguration.java","18485","120537","139022"
"2016-03-08 06:49","ServerConfiguration.java","21029","158728","179757"
"2016-01-26 22:11","ServerConfiguration.java","21036","157721","178757"
"2014-01-21 05:05","ServerConfiguration.java","19994","134919","154913"
"2014-03-12 21:26","ServerConfiguration.java","20391","139468","159859"
"2016-04-05 18:47","ServerConfiguration.java","43827","80850","124677"
"2016-04-27 09:55","ServerConfiguration.java","43843","81428","125271"
"2015-04-21 09:55","ServerConfiguration.java","20835","154541","175376"
"2015-01-12 15:18","ServerConfiguration.java","20825","153152","173977"
"2015-04-21 10:02","ServerConfiguration.java","20836","154575","175411"
"2013-01-14 16:59","ServerConfiguration.java","18363","89702","108065"
"2012-11-30 04:54","ServerConfiguration.java","17261","80497","97758"
"2017-05-15 19:52","ServerConfiguration.java","44378","112285","156663"
"2017-03-22 22:54","ServerConfiguration.java","44008","103857","147865"
"2012-12-11 18:59","ServerConfiguration.java","17463","81655","99118"
"2017-03-23 00:48","ServerConfiguration.java","44010","103911","147921"
"2017-01-31 02:11","ServerConfiguration.java","43988","97468","141456"
"2013-02-19 16:19","ServerConfiguration.java","19273","121278","140551"
"2013-02-19 16:15","ServerConfiguration.java","19273","121259","140532"
"2016-04-05 08:45","ServerConfiguration.java","43825","80606","124431"
"2016-11-09 03:02","ServerConfiguration.java","43967","90275","134242"
"2016-11-30 00:02","ServerConfiguration.java","43967","90957","134924"
"2017-06-05 20:30","ServerConfiguration.java","44971","116429","161400"
"2016-09-10 20:27","ServerConfiguration.java","43891","86410","130301"
"2012-03-29 15:18","ServerConfiguration.java","9629","18622","28251"
"2012-02-15 10:58","ServerConfiguration.java","1421","3616","5037"
"2012-02-24 19:08","ServerConfiguration.java","1531","4498","6029"
"2017-08-02 00:49","ServerConfiguration.java","45748","142289","188037"
"2017-10-03 12:31","ServerConfiguration.java","46922","133620","180542"
"2017-08-16 03:37","ServerConfiguration.java","46531","149705","196236"
"2013-07-20 19:59","ServerConfiguration.java","19707","128376","148083"
"2013-12-02 18:45","ServerConfiguration.java","19962","133637","153599"
"2012-03-08 12:13","ServerConfiguration.java","1841","5889","7730"
"2014-05-09 14:04","ServerConfiguration.java","20391","140619","161010"
"2017-05-26 12:38","ServerConfiguration.java","44449","114672","159121"
"2013-06-15 19:05","ServerConfiguration.java","19686","127786","147472"
"2014-01-15 15:58","ServerConfiguration.java","19967","133986","153953"
"2013-10-22 07:44","ServerConfiguration.java","19878","131056","150934"
"2017-07-07 08:19","ServerConfiguration.java","45046","125344","170390"
"2017-06-28 23:24","ServerConfiguration.java","45020","119522","164542"
"2017-11-08 12:27","ServerConfiguration.java","47583","152155","199738"
"2014-01-22 14:35","ServerConfiguration.java","20115","136055","156170"
"2013-10-12 05:42","ServerConfiguration.java","19831","130636","150467"
"2017-01-31 04:01","BookkeeperInternalCallbacks.java","111542","56728","168270"
"2017-06-05 22:25","BookkeeperInternalCallbacks.java","113701","71875","185576"
"2017-08-02 00:49","BookkeeperInternalCallbacks.java","117594","99760","217354"
"2017-06-21 21:00","BookkeeperInternalCallbacks.java","113776","73304","187080"
"2017-06-05 22:13","BookkeeperInternalCallbacks.java","113617","71497","185114"
"2014-02-05 22:43","BookkeeperInternalCallbacks.java","1505","3204","4709"
"2017-05-15 19:52","BookkeeperInternalCallbacks.java","112556","66088","178644"
"2017-03-28 22:35","BookkeeperInternalCallbacks.java","111642","61420","173062"
"2013-08-22 16:40","ZkUtils.java","3951","45463","49414"
"2017-06-12 17:20","ZkUtils.java","81715","86314","168029"
"2017-03-28 22:40","ZkUtils.java","80137","76455","156592"
"2017-01-31 04:01","Bookie.java","112860","44137","156997"
"2017-03-28 22:37","Bookie.java","113036","49120","162156"
"2016-01-26 22:11","Bookie.java","2348","10749","13097"
"2015-03-18 07:38","Bookie.java","1303","6452","7755"
"2015-04-21 09:17","Bookie.java","1381","6632","8013"
"2014-09-23 17:53","Bookie.java","779","2871","3650"
"2017-07-04 06:27","Bookie.java","116075","66126","182201"
"2017-06-05 22:25","Bookie.java","115521","59786","175307"
"2017-06-28 23:24","Bookie.java","115626","61844","177470"
"2017-07-07 08:19","Bookie.java","116119","68133","184252"
"2017-05-16 00:31","Bookie.java","114344","54385","168729"
"2014-08-18 23:03","Bookie.java","374","1842","2216"
"2017-06-01 23:58","Bookie.java","115213","58029","173242"
"2017-08-02 00:49","Bookie.java","119826","88083","207909"
"2016-11-18 00:18","Bookie.java","112786","30962","143748"
"2017-03-28 22:35","Bookie.java","112996","48865","161861"
"2016-07-14 23:02","Bookie.java","107718","18004","125722"
"2017-06-05 20:30","Bookie.java","115331","58505","173836"
"2016-11-30 00:02","Bookie.java","112812","31518","144330"
"2017-03-22 22:54","Bookie.java","112970","44535","157505"
"2017-07-04 06:27","FileInfo.java","35909","130417","166326"
"2012-10-26 12:51","FileInfo.java","13990","84313","98303"
"2011-11-17 11:16","FileInfo.java","7104","15810","22914"
"2014-12-04 12:28","FileInfo.java","16164","163265","179429"
"2011-11-04 11:46","FileInfo.java","6367","12804","19171"
"2017-01-31 04:01","FileInfo.java","35724","111458","147182"
"2011-09-05 19:38","FileInfo.java","4728","11093","15821"
"2017-03-23 15:55","FileInfo.java","35720","111820","147540"
"2016-11-18 00:18","FileInfo.java","35714","98347","134061"
"2012-12-18 13:04","FileInfo.java","14292","98635","112927"
"2013-05-04 14:22","FileInfo.java","15594","135338","150932"
"2012-02-09 18:14","FileInfo.java","8410","26534","34944"
"2012-02-17 11:18","FileInfo.java","8487","27066","35553"
"2012-02-24 19:20","FileInfo.java","8570","27714","36284"
"2012-06-13 16:57","FileInfo.java","10086","40925","51011"
"2012-03-29 15:18","FileInfo.java","9444","34610","44054"
"2017-06-01 23:58","FileInfo.java","35891","123164","159055"
"2017-07-17 23:27","FileInfo.java","35909","133524","169433"
"2017-05-16 00:31","FileInfo.java","35872","120370","156242"
"2013-10-22 16:21","FileInfo.java","15780","143525","159305"
"2013-10-11 08:36","FileInfo.java","15695","142132","157827"
"2017-06-30 00:12","DistributionSchedule.java","61527","105049","166576"
"2012-09-12 11:59","DistributionSchedule.java","1356","12885","14241"
"2012-06-19 12:39","BookieRecoveryTest.java","12679","37919","50598"
"2012-12-12 11:20","BookieRecoveryTest.java","17210","91989","109199"
"2012-09-12 11:59","BookieRecoveryTest.java","14547","68736","83283"
"2017-06-30 00:12","BookieRecoveryTest.java","40530","126712","167242"
"2014-07-24 01:41","BookieRecoveryTest.java","19365","151005","170370"
"2011-10-27 18:26","BookieRecoveryTest.java","1168","1646","2814"
"2011-11-28 19:25","BookieRecoveryTest.java","3825","10198","14023"
"2011-11-16 17:05","BookieRecoveryTest.java","2735","4433","7168"
"2012-12-04 22:15","BookieRecoveryTest.java","17149","90876","108025"
"2017-04-11 20:15","BookieRecoveryTest.java","40277","114698","154975"
"2017-05-15 19:52","BookieRecoveryTest.java","40437","118152","158589"
"2012-07-18 17:00","BookieRecoveryTest.java","13966","48121","62087"
"2012-12-10 16:02","BookieRecoveryTest.java","17197","90926","108123"
"2012-03-31 10:58","BookieRecoveryTest.java","11840","31479","43319"
"2011-11-15 19:42","BookieRecoveryTest.java","2654","3617","6271"
"2011-11-18 11:18","BookieRecoveryTest.java","3592","7221","10813"
"2012-02-13 15:46","BookieRecoveryTest.java","4625","16631","21256"
"2013-08-13 14:32","BookieRecoveryTest.java","18856","138164","157020"
"2014-02-05 22:43","BookieRecoveryTest.java","19159","145041","164200"
"2012-12-08 11:18","Bookie.java","10118","63381","73499"
"2012-09-14 15:42","Bookie.java","6821","40783","47604"
"2012-10-25 15:35","Bookie.java","9507","52713","62220"
"2012-10-26 16:25","Bookie.java","9699","53854","63553"
"2017-01-31 04:01","Bookie.java","47275","96281","143556"
"2017-03-28 22:37","Bookie.java","47323","101136","148459"
"2016-01-26 22:11","Bookie.java","15950","142080","158030"
"2015-03-18 07:38","Bookie.java","15686","138564","154250"
"2015-04-21 09:17","Bookie.java","15686","138666","154352"
"2012-10-18 16:40","Bookie.java","9399","51468","60867"
"2012-12-03 17:59","Bookie.java","9979","63197","73176"
"2012-07-04 16:17","Bookie.java","3384","13848","17232"
"2012-07-23 23:39","Bookie.java","5044","18904","23948"
"2013-06-21 19:26","Bookie.java","13353","111025","124378"
"2012-09-07 07:04","Bookie.java","6428","39729","46157"
"2014-09-23 17:53","Bookie.java","15485","135306","150791"
"2017-07-04 06:27","Bookie.java","48586","116366","164952"
"2017-06-05 22:25","Bookie.java","48470","110464","158934"
"2014-02-06 09:25","Bookie.java","14869","120396","135265"
"2014-04-29 22:07","Bookie.java","14981","124013","138994"
"2013-12-06 07:39","Bookie.java","14388","117660","132048"
"2012-07-05 14:45","Bookie.java","3401","14347","17748"
"2012-05-10 14:47","Bookie.java","511","1738","2249"
"2014-08-02 20:02","Bookie.java","15422","133151","148573"
"2013-10-02 07:01","Bookie.java","13488","113005","126493"
"2012-06-19 12:39","Bookie.java","1907","6784","8691"
"2017-06-28 23:24","Bookie.java","48511","112458","160969"
"2017-07-07 08:19","Bookie.java","48582","118325","166907"
"2013-09-11 00:34","Bookie.java","13463","112779","126242"
"2014-01-21 17:26","Bookie.java","14495","119504","133999"
"2013-10-12 05:42","Bookie.java","14185","114435","128620"
"2013-10-22 16:21","Bookie.java","14363","115380","129743"
"2017-05-16 00:31","Bookie.java","47832","105602","153434"
"2013-07-24 16:55","Bookie.java","13402","112132","125534"
"2014-02-05 22:43","Bookie.java","14867","120386","135253"
"2014-08-18 23:03","Bookie.java","15435","134632","150067"
"2014-05-09 14:04","Bookie.java","14989","124662","139651"
"2013-06-15 19:05","Bookie.java","13350","110895","124245"
"2017-06-01 23:58","Bookie.java","48455","109000","157455"
"2017-08-02 00:49","Bookie.java","49464","135450","184914"
"2013-12-02 18:45","Bookie.java","14383","117503","131886"
"2013-05-04 14:22","Bookie.java","13177","106193","119370"
"2012-12-18 13:04","Bookie.java","10429","68044","78473"
"2016-11-18 00:18","Bookie.java","47230","83135","130365"
"2017-03-28 22:35","Bookie.java","47305","100903","148208"
"2016-07-14 23:02","Bookie.java","47158","75173","122331"
"2017-06-05 20:30","Bookie.java","48455","109358","157813"
"2016-11-30 00:02","Bookie.java","47241","83676","130917"
"2012-12-24 05:50","Bookie.java","10814","68537","79351"
"2017-03-22 22:54","Bookie.java","47307","96601","143908"
"2012-12-24 06:23","Bookie.java","10866","68811","79677"
"2015-09-15 10:38","BookKeeper.java","15234","134204","149438"
"2015-10-22 09:22","BookKeeper.java","15245","135595","150840"
"2017-01-31 04:01","BookKeeper.java","48191","92320","140511"
"2012-07-23 23:39","BookKeeper.java","3348","12331","15679"
"2012-12-13 13:07","BookKeeper.java","9041","59351","68392"
"2015-07-10 22:48","BookKeeper.java","15034","133702","148736"
"2017-06-30 00:12","BookKeeper.java","49493","110435","159928"
"2014-02-06 09:21","BookKeeper.java","14036","114682","128718"
"2012-09-12 11:59","BookKeeper.java","4963","33912","38875"
"2014-01-21 05:19","BookKeeper.java","13620","113459","127079"
"2013-10-02 06:40","BookKeeper.java","12547","107081","119628"
"2014-02-21 19:01","BookKeeper.java","14125","115930","130055"
"2016-10-13 07:50","BookKeeper.java","48075","78648","126723"
"2017-06-21 21:00","BookKeeper.java","49476","107947","157423"
"2013-06-12 18:41","BookKeeper.java","12389","104630","117019"
"2013-05-06 19:32","BookKeeper.java","12215","100454","112669"
"2013-01-10 19:13","BookKeeper.java","10695","65976","76671"
"2017-03-28 22:35","BookKeeper.java","48229","96950","145179"
"2016-07-11 23:01","BookKeeper.java","48025","71129","119154"
"2016-10-13 09:27","BookKeeper.java","48153","78712","126865"
"2017-07-28 20:12","BookKeeper.java","50081","117578","167659"
"2017-05-15 19:52","BookKeeper.java","48739","101214","149953"
"2013-09-10 15:14","BookKeeper.java","12510","106910","119420"
"2012-12-18 13:04","LedgerDescriptorImpl.java","11114","71006","82120"
"2016-11-18 00:18","LedgerDescriptorImpl.java","46573","84755","131328"
"2017-05-16 00:31","LedgerDescriptorImpl.java","47134","107181","154315"
"2012-04-17 12:18","LedgerDescriptorImpl.java","646","2700","3346"
"2017-07-04 06:27","LedgerDescriptorImpl.java","47872","117929","165801"
"2017-06-05 22:25","LedgerDescriptorImpl.java","47770","112041","159811"
"2017-01-31 04:01","LedgerDescriptorImpl.java","46615","97898","144513"
"2012-12-08 11:18","Bookie.java","10536","64211","74747"
"2012-09-14 15:42","Bookie.java","7263","41637","48900"
"2012-10-25 15:35","Bookie.java","9925","53543","63468"
"2012-10-26 16:25","Bookie.java","10117","54684","64801"
"2017-01-31 04:01","Bookie.java","47520","96938","144458"
"2017-03-28 22:37","Bookie.java","47556","101781","149337"
"2016-01-26 22:11","Bookie.java","16203","142745","158948"
"2015-03-18 07:38","Bookie.java","15940","139230","155170"
"2015-04-21 09:17","Bookie.java","15939","139331","155270"
"2012-10-18 16:40","Bookie.java","9817","52298","62115"
"2012-12-03 17:59","Bookie.java","10397","64027","74424"
"2012-07-04 16:17","Bookie.java","3839","14715","18554"
"2012-07-23 23:39","Bookie.java","5497","19769","25266"
"2013-06-21 19:26","Bookie.java","13642","111726","125368"
"2012-09-07 07:04","Bookie.java","6881","40594","47475"
"2014-09-23 17:53","Bookie.java","15739","135972","151711"
"2017-07-04 06:27","Bookie.java","48794","116986","165780"
"2017-06-05 22:25","Bookie.java","48681","111087","159768"
"2014-02-06 09:25","Bookie.java","15134","121073","136207"
"2014-04-29 22:07","Bookie.java","15242","124686","139928"
"2013-12-06 07:39","Bookie.java","14655","118339","132994"
"2012-07-05 14:45","Bookie.java","3856","15214","19070"
"2012-05-10 14:47","Bookie.java","983","2622","3605"
"2014-08-02 20:02","Bookie.java","15676","133817","149493"
"2012-04-17 13:16","Bookie.java","508","920","1428"
"2013-10-02 07:01","Bookie.java","13774","113703","127477"
"2012-06-19 12:39","Bookie.java","2370","7659","10029"
"2017-06-28 23:24","Bookie.java","48721","113080","161801"
"2017-07-07 08:19","Bookie.java","48790","118945","167735"
"2013-09-11 00:34","Bookie.java","13749","113477","127226"
"2014-01-21 17:26","Bookie.java","14761","120182","134943"
"2013-10-12 05:42","Bookie.java","14458","115120","129578"
"2013-10-22 16:21","Bookie.java","14631","116060","130691"
"2017-05-16 00:31","Bookie.java","48051","106233","154284"
"2013-07-24 16:55","Bookie.java","13688","112830","126518"
"2014-02-05 22:43","Bookie.java","15132","121063","136195"
"2014-08-18 23:03","Bookie.java","15689","135298","150987"
"2014-05-09 14:04","Bookie.java","15250","125335","140585"
"2013-06-15 19:05","Bookie.java","13638","111595","125233"
"2017-06-01 23:58","Bookie.java","48662","109619","158281"
"2012-04-17 12:18","Bookie.java","127","316","443"
"2017-08-02 00:49","Bookie.java","49620","136018","185638"
"2013-12-02 18:45","Bookie.java","14651","118183","132834"
"2013-05-04 14:22","Bookie.java","13466","106894","120360"
"2012-12-18 13:04","Bookie.java","10845","68872","79717"
"2016-11-18 00:18","Bookie.java","47475","83792","131267"
"2017-03-28 22:35","Bookie.java","47538","101548","149086"
"2016-07-14 23:02","Bookie.java","47401","75828","123229"
"2017-06-05 20:30","Bookie.java","48662","109977","158639"
"2016-11-30 00:02","Bookie.java","47486","84333","131819"
"2012-12-24 05:50","Bookie.java","11230","69365","80595"
"2017-03-22 22:54","Bookie.java","47540","97246","144786"
"2012-12-24 06:23","Bookie.java","11282","69639","80921"
"2016-10-13 07:50","NetUtils.java","112110","50442","162552"
"2017-08-16 03:41","NetUtils.java","119164","114889","234053"
"2012-06-19 12:39","BookieRecoveryTest.java","10379","41255","51634"
"2012-12-12 11:20","BookieRecoveryTest.java","14464","94879","109343"
"2012-09-12 11:59","BookieRecoveryTest.java","11982","71807","83789"
"2017-06-30 00:12","BookieRecoveryTest.java","36237","128055","164292"
"2014-07-24 01:41","BookieRecoveryTest.java","16459","153735","170194"
"2011-10-27 18:26","BookieRecoveryTest.java","5805","11919","17724"
"2011-11-28 19:25","BookieRecoveryTest.java","8020","20029","28049"
"2011-09-05 19:38","BookieRecoveryTest.java","4875","10511","15386"
"2011-11-16 17:05","BookieRecoveryTest.java","7037","14371","21408"
"2012-12-04 22:15","BookieRecoveryTest.java","14409","93772","108181"
"2017-04-11 20:15","BookieRecoveryTest.java","36035","116092","152127"
"2017-05-15 19:52","BookieRecoveryTest.java","36187","119538","155725"
"2012-07-18 17:00","BookieRecoveryTest.java","11498","51289","62787"
"2012-12-10 16:02","BookieRecoveryTest.java","14451","93816","108267"
"2012-03-31 10:58","BookieRecoveryTest.java","9670","34945","44615"
"2011-11-15 19:42","BookieRecoveryTest.java","6976","13575","20551"
"2011-11-18 11:18","BookieRecoveryTest.java","7801","17066","24867"
"2012-02-13 15:46","BookieRecoveryTest.java","8709","26351","35060"
"2013-08-13 14:32","BookieRecoveryTest.java","16001","140945","156946"
"2014-02-05 22:43","BookieRecoveryTest.java","16258","147776","164034"
"2015-09-15 10:38","BookKeeper.java","12661","102682","115343"
"2015-10-22 09:22","BookKeeper.java","12688","104089","116777"
"2017-01-31 04:01","BookKeeper.java","67194","82374","149568"
"2012-12-13 13:07","BookKeeper.java","5258","26619","31877"
"2015-07-10 22:48","BookKeeper.java","12423","102142","114565"
"2017-06-30 00:12","BookKeeper.java","68690","100683","169373"
"2014-02-06 09:21","BookKeeper.java","11112","82809","93921"
"2014-01-21 05:19","BookKeeper.java","10484","81374","91858"
"2013-10-02 06:40","BookKeeper.java","9344","74929","84273"
"2014-02-21 19:01","BookKeeper.java","11210","84066","95276"
"2016-10-13 07:50","BookKeeper.java","67035","68659","135694"
"2017-06-21 21:00","BookKeeper.java","68596","98118","166714"
"2013-06-12 18:41","BookKeeper.java","9141","72433","81574"
"2013-05-06 19:32","BookKeeper.java","8943","68233","77176"
"2013-01-10 19:13","BookKeeper.java","7305","33637","40942"
"2017-03-28 22:35","BookKeeper.java","67268","87040","154308"
"2016-07-11 23:01","BookKeeper.java","66055","60210","126265"
"2016-10-13 09:27","BookKeeper.java","67146","68756","135902"
"2017-07-28 20:12","BookKeeper.java","69363","107911","177274"
"2017-05-15 19:52","BookKeeper.java","67845","91371","159216"
"2013-09-10 15:14","BookKeeper.java","9303","74754","84057"
"2017-06-05 22:25","PacketProcessorBaseV3.java","1852","6494","8346"
"2015-07-10 22:48","TestLedgerUnderreplicationManager.java","4921","28216","33137"
"2016-02-23 19:16","LedgerMetadataImpl.java","15331","136884","152215"
"2012-06-27 15:35","LedgerMetadataImpl.java","1465","6670","8135"
"2012-09-12 11:59","LedgerMetadataImpl.java","4963","33912","38875"
"2013-08-13 14:32","LedgerMetadataImpl.java","12470","106538","119008"
"2017-06-01 23:58","LedgerMetadataImpl.java","49427","105095","154522"
"2013-03-25 18:02","LedgerMetadataImpl.java","12026","99442","111468"
"2013-04-26 18:38","LedgerMetadataImpl.java","12057","99836","111893"
"2017-07-28 20:12","LedgerMetadataImpl.java","50081","117578","167659"
"2016-07-11 23:01","LedgerMetadataImpl.java","48025","71129","119154"
"2012-07-18 17:00","LedgerMetadataImpl.java","3288","12203","15491"
"2016-02-23 19:16","LedgerMetadataImpl.java","12787","105391","118178"
"2013-08-13 14:32","LedgerMetadataImpl.java","9246","74365","83611"
"2017-06-01 23:58","LedgerMetadataImpl.java","68544","95263","163807"
"2013-03-25 18:02","LedgerMetadataImpl.java","8732","67199","75931"
"2013-04-26 18:38","LedgerMetadataImpl.java","8778","67608","76386"
"2017-07-28 20:12","LedgerMetadataImpl.java","69363","107911","177274"
"2016-07-11 23:01","LedgerMetadataImpl.java","66055","60210","126265"
"2016-04-27 21:11","ZkLedgerUnderreplicationManager.java","107184","15017","122201"
"2016-07-14 23:02","ZkLedgerUnderreplicationManager.java","107502","16320","123822"
"2017-07-07 05:11","ZkLedgerUnderreplicationManager.java","115979","66242","182221"
"2017-06-28 23:28","ZkLedgerUnderreplicationManager.java","115525","60767","176292"
"2017-06-01 23:58","ZkLedgerUnderreplicationManager.java","115034","56382","171416"
"2017-03-28 22:40","ZkLedgerUnderreplicationManager.java","112925","47769","160694"
"2016-04-27 09:55","ZkLedgerUnderreplicationManager.java","107184","15017","122201"
"2017-08-02 00:49","BookieNettyServer.java","9191","45831","55022"
"2017-06-01 09:47","BookieNettyServer.java","2438","13409","15847"
"2017-05-15 19:52","BookieNettyServer.java","2089","10095","12184"
"2017-03-23 15:59","ZooKeeperClient.java","111627","37779","149406"
"2017-01-31 04:01","Bookie.java","112672","62161","174833"
"2017-03-28 22:37","Bookie.java","112781","67077","179858"
"2016-01-26 22:11","Bookie.java","6060","32673","38733"
"2015-03-18 07:38","Bookie.java","5254","28615","33869"
"2015-04-21 09:17","Bookie.java","5256","28719","33975"
"2014-09-23 17:53","Bookie.java","4839","25143","29982"
"2017-07-04 06:27","Bookie.java","115066","83329","198395"
"2017-06-05 22:25","Bookie.java","114712","77189","191901"
"2014-02-06 09:25","Bookie.java","3055","9065","12120"
"2014-04-29 22:07","Bookie.java","3482","12997","16479"
"2013-12-06 07:39","Bookie.java","1503","5258","6761"
"2014-08-02 20:02","Bookie.java","4338","22550","26888"
"2017-06-28 23:24","Bookie.java","114788","79218","194006"
"2017-07-07 08:19","Bookie.java","115059","85285","200344"
"2014-01-21 17:26","Bookie.java","2004","7496","9500"
"2013-10-12 05:42","Bookie.java","1067","1800","2867"
"2013-10-22 16:21","Bookie.java","1419","2919","4338"
"2017-05-16 00:31","Bookie.java","113739","71992","185731"
"2014-02-05 22:43","Bookie.java","3050","9052","12102"
"2014-08-18 23:03","Bookie.java","4711","24391","29102"
"2014-05-09 14:04","Bookie.java","3500","13656","17156"
"2017-06-01 23:58","Bookie.java","114528","75556","190084"
"2017-08-02 00:49","Bookie.java","118254","104723","222977"
"2013-12-02 18:45","Bookie.java","1485","5088","6573"
"2016-11-18 00:18","Bookie.java","112610","48998","161608"
"2017-03-28 22:35","Bookie.java","112762","66843","179605"
"2016-07-14 23:02","Bookie.java","109942","38440","148382"
"2017-06-05 20:30","Bookie.java","114618","76004","190622"
"2016-11-30 00:02","Bookie.java","112636","49554","162190"
"2017-03-22 22:54","Bookie.java","112758","62535","175293"
"2012-12-08 11:18","Bookie.java","8777","57163","65940"
"2012-09-14 15:42","Bookie.java","5284","34369","39653"
"2012-10-25 15:35","Bookie.java","8135","46464","54599"
"2012-10-26 16:25","Bookie.java","8331","47609","55940"
"2017-01-31 04:01","Bookie.java","48191","92320","140511"
"2017-03-28 22:37","Bookie.java","48247","97183","145430"
"2016-01-26 22:11","Bookie.java","15248","136501","151749"
"2015-03-18 07:38","Bookie.java","14908","132909","147817"
"2015-04-21 09:17","Bookie.java","14909","133012","147921"
"2012-10-18 16:40","Bookie.java","8016","45208","53224"
"2012-12-03 17:59","Bookie.java","8635","56976","65611"
"2012-07-04 16:17","Bookie.java","1501","7088","8589"
"2012-07-23 23:39","Bookie.java","3348","12331","15679"
"2013-06-21 19:26","Bookie.java","12400","105195","117595"
"2012-09-07 07:04","Bookie.java","4844","33268","38112"
"2014-09-23 17:53","Bookie.java","14691","129635","144326"
"2017-07-04 06:27","Bookie.java","49576","112479","162055"
"2017-06-05 22:25","Bookie.java","49442","106559","156001"
"2014-02-06 09:25","Bookie.java","14038","114688","128726"
"2014-04-29 22:07","Bookie.java","14173","118328","132501"
"2013-12-06 07:39","Bookie.java","13513","111908","125421"
"2012-07-05 14:45","Bookie.java","1523","7592","9115"
"2014-08-02 20:02","Bookie.java","14624","127476","142100"
"2013-10-02 07:01","Bookie.java","12548","107188","119736"
"2017-06-28 23:24","Bookie.java","49483","108553","158036"
"2017-07-07 08:19","Bookie.java","49572","114438","164010"
"2013-09-11 00:34","Bookie.java","12520","106959","119479"
"2014-01-21 17:26","Bookie.java","13627","113759","127386"
"2013-10-12 05:42","Bookie.java","13280","108653","121933"
"2013-10-22 16:21","Bookie.java","13468","109608","123076"
"2017-05-16 00:31","Bookie.java","48805","101698","150503"
"2013-07-24 16:55","Bookie.java","12450","106303","118753"
"2014-02-05 22:43","Bookie.java","14036","114678","128714"
"2014-08-18 23:03","Bookie.java","14632","128952","143584"
"2014-05-09 14:04","Bookie.java","14181","118977","133158"
"2013-06-15 19:05","Bookie.java","12397","105065","117462"
"2017-06-01 23:58","Bookie.java","49427","105095","154522"
"2017-08-02 00:49","Bookie.java","50686","131795","182481"
"2013-12-02 18:45","Bookie.java","13505","111748","125253"
"2013-05-04 14:22","Bookie.java","12215","100354","112569"
"2012-12-18 13:04","Bookie.java","9117","61855","70972"
"2016-11-18 00:18","Bookie.java","48146","79174","127320"
"2017-03-28 22:35","Bookie.java","48229","96950","145179"
"2016-07-14 23:02","Bookie.java","48071","71209","119280"
"2017-06-05 20:30","Bookie.java","49427","105453","154880"
"2016-11-30 00:02","Bookie.java","48157","79715","127872"
"2012-12-24 05:50","Bookie.java","9710","62556","72266"
"2017-03-22 22:54","Bookie.java","48231","92648","140879"
"2012-12-24 06:23","Bookie.java","9769","62837","72606"
"2012-06-19 12:39","BookieRecoveryTest.java","11045","34587","45632"
"2012-12-12 11:20","BookieRecoveryTest.java","16128","89209","105337"
"2012-09-12 11:59","BookieRecoveryTest.java","13408","65899","79307"
"2017-06-30 00:12","BookieRecoveryTest.java","40399","124883","165282"
"2014-07-24 01:41","BookieRecoveryTest.java","18739","148681","167420"
"2011-11-28 19:25","BookieRecoveryTest.java","1347","6022","7369"
"2012-12-04 22:15","BookieRecoveryTest.java","16061","88090","104151"
"2017-04-11 20:15","BookieRecoveryTest.java","40083","112806","152889"
"2017-05-15 19:52","BookieRecoveryTest.java","40249","116266","156515"
"2012-07-18 17:00","BookieRecoveryTest.java","12586","45043","57629"
"2012-12-10 16:02","BookieRecoveryTest.java","16115","88146","104261"
"2012-03-31 10:58","BookieRecoveryTest.java","9907","27848","37755"
"2011-11-18 11:18","BookieRecoveryTest.java","939","2870","3809"
"2012-02-13 15:46","BookieRecoveryTest.java","2421","12729","15150"
"2013-08-13 14:32","BookieRecoveryTest.java","18028","135638","153666"
"2014-02-05 22:43","BookieRecoveryTest.java","18498","142682","161180"
"2015-09-15 10:38","GcLedgersTest.java","2902","15472","18374"
"2016-04-27 09:55","GcLedgersTest.java","107727","23480","131207"
"2017-03-28 22:37","GcLedgersTest.java","111147","53683","164830"
"2016-03-08 06:49","GcLedgersTest.java","3369","19236","22605"
"2017-07-04 06:27","GcLedgersTest.java","113825","70328","184153"
"2017-05-16 00:31","GcLedgersTest.java","112271","58764","171035"
"2015-09-15 10:38","BookKeeper.java","4797","23928","28725"
"2015-10-22 09:22","BookKeeper.java","4870","25381","30251"
"2017-01-31 04:01","BookKeeper.java","111696","55986","167682"
"2015-07-10 22:48","BookKeeper.java","4375","23204","27579"
"2017-06-30 00:12","BookKeeper.java","114143","75246","189389"
"2014-02-06 09:21","BookKeeper.java","1191","1998","3189"
"2014-02-21 19:01","BookKeeper.java","1382","3348","4730"
"2016-10-13 07:50","BookKeeper.java","111484","42218","153702"
"2017-06-21 21:00","BookKeeper.java","113945","72577","186522"
"2017-03-28 22:35","BookKeeper.java","111796","60678","172474"
"2016-07-11 23:01","BookKeeper.java","108860","32125","140985"
"2016-10-13 09:27","BookKeeper.java","111605","42325","153930"
"2017-07-28 20:12","BookKeeper.java","115195","82853","198048"
"2017-05-15 19:52","BookKeeper.java","112723","65359","178082"
"2012-05-25 17:13","LedgerRecoveryOp.java","498","1752","2250"
"2013-10-14 17:38","LedgerRecoveryOp.java","14146","113228","127374"
"2017-06-21 19:58","LedgerRecoveryOp.java","48991","110439","159430"
"2017-06-21 21:00","LedgerRecoveryOp.java","48991","111112","160103"
"2017-06-21 19:50","LedgerRecoveryOp.java","48991","110329","159320"
"2013-03-25 18:02","LedgerRecoveryOp.java","12886","103952","116838"
"2017-07-28 20:12","AsyncCallback.java","113924","93182","207106"
"2017-01-31 04:01","AsyncCallback.java","111020","66910","177930"
"2017-07-04 06:27","AsyncCallback.java","113258","87922","201180"
"2012-05-25 17:13","ReadLastConfirmedOp.java","10978","31481","42459"
"2017-06-30 00:12","ReadLastConfirmedOp.java","40883","124724","165607"
"2012-08-27 14:43","ReadLastConfirmedOp.java","13344","58350","71694"
"2012-09-14 15:42","ReadLastConfirmedOp.java","13784","65768","79552"
"2017-05-15 19:52","ReadLastConfirmedOp.java","40724","116098","156822"
"2012-02-13 15:46","ReadLastConfirmedOp.java","2237","11902","14139"
"2012-04-02 12:38","ReadLastConfirmedOp.java","10040","27476","37516"
"2017-06-01 23:58","ReadLastConfirmedOp.java","40847","119414","160261"
"2014-02-21 19:01","ReadLastConfirmedOp.java","18808","143512","162320"
"2012-05-25 17:13","ReadLastConfirmedOp.java","12542","35136","47678"
"2017-06-30 00:12","ReadLastConfirmedOp.java","40628","126560","167188"
"2012-08-27 14:43","ReadLastConfirmedOp.java","14370","61467","75837"
"2012-09-14 15:42","ReadLastConfirmedOp.java","14779","68854","83633"
"2011-11-16 17:05","ReadLastConfirmedOp.java","2664","4112","6776"
"2011-11-17 11:16","ReadLastConfirmedOp.java","2901","4992","7893"
"2017-05-15 19:52","ReadLastConfirmedOp.java","40538","118003","158541"
"2012-02-13 15:46","ReadLastConfirmedOp.java","4592","16348","20940"
"2012-04-02 12:38","ReadLastConfirmedOp.java","11781","31308","43089"
"2017-06-01 23:58","ReadLastConfirmedOp.java","40613","121271","161884"
"2014-02-21 19:01","ReadLastConfirmedOp.java","19277","146072","165349"
"2017-06-30 00:12","PerChannelBookieClient.java","3844","14965","18809"
"2017-07-04 06:27","PerChannelBookieClient.java","4136","17218","21354"
"2017-05-15 19:52","PerChannelBookieClient.java","1608","4262","5870"
"2017-07-28 20:12","PerChannelBookieClient.java","5697","23373","29070"
"2017-08-02 00:49","PerChannelBookieClient.java","9121","40409","49530"
"2017-06-21 19:58","PerChannelBookieClient.java","3445","11422","14867"
"2017-06-01 23:58","PerChannelBookieClient.java","2935","8782","11717"
"2017-04-20 19:55","PerChannelBookieClient.java","23","44","67"
"2017-03-23 00:48","ClientConfiguration.java","111395","50507","161902"
"2016-04-05 08:45","ClientConfiguration.java","107981","23973","131954"
"2017-03-28 22:35","ClientConfiguration.java","111402","54766","166168"
"2017-01-31 02:14","ClientConfiguration.java","111283","44586","155869"
"2017-04-15 13:58","ClientConfiguration.java","111600","56064","167664"
"2017-03-23 00:59","ClientConfiguration.java","111402","50526","161928"
"2017-05-15 19:52","ClientConfiguration.java","112424","59542","171966"
"2016-10-13 07:50","ClientConfiguration.java","111067","36283","147350"
"2017-06-21 19:58","ClientConfiguration.java","113686","66127","179813"
"2017-06-05 21:48","ClientConfiguration.java","113524","64577","178101"
"2017-06-21 19:50","ClientConfiguration.java","113681","66012","179693"
"2017-08-02 00:49","ClientConfiguration.java","117771","93523","211294"
"2017-08-01 08:34","ClientConfiguration.java","117216","90383","207599"
"2017-06-30 00:12","ClientConfiguration.java","113958","69543","183501"
"2014-09-18 06:47","ClientConfiguration.java","1819","11323","13142"
"2017-07-04 06:27","ClientConfiguration.java","114110","71656","185766"
"2017-01-31 04:01","ClientConfiguration.java","111289","50061","161350"
"2015-10-06 10:05","ClientConfiguration.java","3432","17369","20801"
"2015-10-06 10:48","ClientConfiguration.java","3438","17601","21039"
"2016-02-09 08:32","ClientConfiguration.java","3619","19647","23266"
"2014-12-06 07:54","ClientConfiguration.java","2090","12512","14602"
"2016-08-01 08:04","ClientConfiguration.java","108390","26836","135226"
"2017-08-02 00:49","PerChannelBookieClientFactory.java","117771","93523","211294"
"2017-07-04 06:27","Bookie.java","663","4496","5159"
"2017-07-07 08:19","Bookie.java","803","6599","7402"
"2017-08-02 00:49","Bookie.java","5929","27968","33897"
"2017-08-02 00:49","Bookie.java","5256","21499","26755"
"2012-12-18 12:00","ZkLedgerUnderreplicationManager.java","5830","41675","47505"
"2016-04-27 21:11","ZkLedgerUnderreplicationManager.java","59135","64685","123820"
"2016-07-14 23:02","ZkLedgerUnderreplicationManager.java","59285","65820","125105"
"2017-07-07 05:11","ZkLedgerUnderreplicationManager.java","61519","109499","171018"
"2013-08-22 16:40","ZkLedgerUnderreplicationManager.java","9320","87075","96395"
"2017-06-28 23:28","ZkLedgerUnderreplicationManager.java","61423","104382","165805"
"2013-06-15 19:05","ZkLedgerUnderreplicationManager.java","9228","85293","94521"
"2017-06-01 23:58","ZkLedgerUnderreplicationManager.java","61347","100412","161759"
"2014-08-18 23:03","ZkLedgerUnderreplicationManager.java","11605","109322","120927"
"2012-10-04 12:40","ZkLedgerUnderreplicationManager.java","3879","20117","23996"
"2013-01-04 11:32","ZkLedgerUnderreplicationManager.java","7030","44886","51916"
"2014-06-03 12:35","ZkLedgerUnderreplicationManager.java","11203","100983","112186"
"2014-06-02 11:54","ZkLedgerUnderreplicationManager.java","11198","100510","111708"
"2017-03-28 22:40","ZkLedgerUnderreplicationManager.java","60194","92755","152949"
"2012-10-10 12:29","ZkLedgerUnderreplicationManager.java","3890","21732","25622"
"2012-10-16 17:01","ZkLedgerUnderreplicationManager.java","3892","21901","25793"
"2016-04-27 09:55","ZkLedgerUnderreplicationManager.java","59135","64685","123820"
"2012-12-14 20:26","ZkLedgerUnderreplicationManager.java","5790","41128","46918"
"2012-12-14 11:18","ZkLedgerUnderreplicationManager.java","5787","41013","46800"
"2012-12-08 11:42","ZkLedgerUnderreplicationManager.java","5487","37270","42757"
"2017-08-02 00:49","ClientConfiguration.java","5648","25815","31463"
"2017-08-01 08:34","ClientConfiguration.java","4709","22291","27000"
"2017-07-04 06:27","ClientConfiguration.java","343","2304","2647"
"2013-02-08 19:08","HardLink.java","13125","107597","120722"
"2017-01-31 04:01","Bookie.java","112605","62295","174900"
"2017-03-28 22:37","Bookie.java","112706","67203","179909"
"2016-01-26 22:11","Bookie.java","6021","32835","38856"
"2015-03-18 07:38","Bookie.java","5263","28825","34088"
"2015-04-21 09:17","Bookie.java","5265","28929","34194"
"2014-09-23 17:53","Bookie.java","4864","25369","30233"
"2017-07-04 06:27","Bookie.java","114955","83419","198374"
"2017-06-05 22:25","Bookie.java","114602","77280","191882"
"2014-02-06 09:25","Bookie.java","3081","9292","12373"
"2014-04-29 22:07","Bookie.java","3505","13221","16726"
"2013-12-06 07:39","Bookie.java","1554","5510","7064"
"2014-08-02 20:02","Bookie.java","4363","22776","27139"
"2013-10-02 07:01","Bookie.java","55","256","311"
"2017-06-28 23:24","Bookie.java","114674","79305","193979"
"2017-07-07 08:19","Bookie.java","114946","85373","200319"
"2014-01-21 17:26","Bookie.java","2048","7741","9789"
"2013-10-12 05:42","Bookie.java","1121","2055","3176"
"2013-10-22 16:21","Bookie.java","1473","3174","4647"
"2017-05-16 00:31","Bookie.java","113658","72112","185770"
"2014-02-05 22:43","Bookie.java","3076","9279","12355"
"2014-08-18 23:03","Bookie.java","4736","24617","29353"
"2014-05-09 14:04","Bookie.java","3523","13880","17403"
"2017-06-01 23:58","Bookie.java","114447","75676","190123"
"2017-08-02 00:49","Bookie.java","118141","104811","222952"
"2013-12-02 18:45","Bookie.java","1536","5340","6876"
"2016-11-18 00:18","Bookie.java","112543","49132","161675"
"2017-03-28 22:35","Bookie.java","112687","66969","179656"
"2016-07-14 23:02","Bookie.java","109875","38574","148449"
"2017-06-05 20:30","Bookie.java","114508","76095","190603"
"2016-11-30 00:02","Bookie.java","112569","49688","162257"
"2017-03-22 22:54","Bookie.java","112687","62665","175352"
"2012-12-12 11:20","BookieRecoveryTest.java","1397","2449","3846"
"2017-06-30 00:12","BookieRecoveryTest.java","80950","93405","174355"
"2014-07-24 01:41","BookieRecoveryTest.java","8825","66738","75563"
"2017-04-11 20:15","BookieRecoveryTest.java","79453","80147","159600"
"2017-05-15 19:52","BookieRecoveryTest.java","79946","83934","163880"
"2012-12-10 16:02","BookieRecoveryTest.java","1349","1351","2700"
"2013-08-13 14:32","BookieRecoveryTest.java","6078","51659","57737"
"2014-02-05 22:43","BookieRecoveryTest.java","8222","60377","68599"
"2015-09-15 10:38","BookKeeper.java","5941","30377","36318"
"2015-10-22 09:22","BookKeeper.java","6010","31826","37836"
"2017-01-31 04:01","BookKeeper.java","112653","62248","174901"
"2015-07-10 22:48","BookKeeper.java","5520","29654","35174"
"2017-06-30 00:12","BookKeeper.java","114907","81315","196222"
"2014-02-06 09:21","BookKeeper.java","3045","9157","12202"
"2014-01-21 05:19","BookKeeper.java","1925","7230","9155"
"2014-02-21 19:01","BookKeeper.java","3225","10496","13721"
"2016-10-13 07:50","BookKeeper.java","112472","48511","160983"
"2017-06-21 21:00","BookKeeper.java","114718","78655","193373"
"2017-03-28 22:35","BookKeeper.java","112739","66926","179665"
"2016-07-11 23:01","BookKeeper.java","109857","38427","148284"
"2016-10-13 09:27","BookKeeper.java","112592","48617","161209"
"2017-07-28 20:12","BookKeeper.java","115696","88659","204355"
"2017-05-15 19:52","BookKeeper.java","113609","71550","185159"
"2015-04-21 09:17","PendingAddOp.java","2903","19201","22104"
"2015-10-06 10:48","PendingAddOp.java","3727","21442","25169"
"2015-10-22 09:22","PendingAddOp.java","3755","22300","26055"
"2017-06-30 00:12","PendingAddOp.java","113438","72575","186013"
"2017-08-02 00:49","PendingAddOp.java","117144","96448","213592"
"2017-05-15 19:52","PendingAddOp.java","111919","62589","174508"
"2013-08-21 13:19","BookKeeperAdmin.java","18477","137583","156060"
"2017-10-17 09:32","BookKeeperAdmin.java","41938","145820","187758"
"2017-06-01 23:58","BookKeeperAdmin.java","40373","120803","161176"
"2017-04-11 20:19","BookKeeperAdmin.java","40105","114050","154155"
"2014-02-21 19:01","BookKeeperAdmin.java","18870","145437","164307"
"2014-02-05 22:43","BookKeeperAdmin.java","18838","144242","163080"
"2012-03-31 10:58","BookKeeperAdmin.java","11072","30233","41305"
"2017-07-07 05:11","BookKeeperAdmin.java","40416","129761","170177"
"2011-11-18 11:18","BookKeeperAdmin.java","2545","5696","8241"
"2011-11-15 19:42","BookKeeperAdmin.java","1566","2051","3617"
"2013-02-26 04:12","BookKeeperAdmin.java","18129","129539","147668"
"2016-11-09 03:05","BookKeeperAdmin.java","40104","95759","135863"
"2016-11-30 00:07","BookKeeperAdmin.java","40102","96421","136523"
"2016-09-10 21:01","BookKeeperAdmin.java","40023","91993","132016"
"2016-07-14 23:02","BookKeeperAdmin.java","40020","87920","127940"
"2016-10-13 09:27","BookKeeperAdmin.java","40104","95425","135529"
"2012-11-30 04:54","BookKeeperAdmin.java","16594","89160","105754"
"2012-07-18 17:00","BookKeeperAdmin.java","13312","46989","60301"
"2013-02-08 19:08","BookKeeperAdmin.java","17427","128809","146236"
"2011-11-28 19:25","BookKeeperAdmin.java","2895","8790","11685"
"2016-03-16 05:03","BookKeeperAdmin.java","39982","83390","123372"
"2016-03-08 07:18","BookKeeperAdmin.java","19272","166966","186238"
"2011-11-16 17:05","BookKeeperAdmin.java","1661","2881","4542"
"2014-12-06 08:03","BookKeeperAdmin.java","19202","159827","179029"
"2012-09-03 18:54","BookKeeperAdmin.java","13965","65685","79650"
"2014-04-24 10:43","BookKeeperAdmin.java","18875","147414","166289"
"2012-10-05 16:24","BookKeeperAdmin.java","15800","74589","90389"
"2012-09-07 07:04","BookKeeperAdmin.java","13983","67169","81152"
"2014-09-06 07:51","BookKeeperAdmin.java","19185","158673","177858"
"2012-08-19 11:39","BookKeeperAdmin.java","13803","59664","73467"
"2012-05-10 14:47","BookKeeperAdmin.java","11494","32606","44100"
"2013-05-10 12:45","BookKeeperAdmin.java","18311","131542","149853"
"2012-08-24 22:44","BookKeeperAdmin.java","13805","60558","74363"
"2016-07-14 23:02","Value.java","110113","46631","156744"
"2017-05-26 16:52","Value.java","112363","80554","192917"
"2016-07-11 23:01","BookieWriteLedgerTest.java","107975","24679","132654"
"2015-10-22 09:22","BookieWriteLedgerTest.java","2982","16932","19914"
"2012-12-24 05:50","LedgerManagerFactory.java","6450","42693","49143"
"2017-06-01 23:58","LedgerManagerFactory.java","61347","100412","161759"
"2012-09-07 07:04","LedgerManagerFactory.java","1215","13036","14251"
"2015-09-15 10:38","LedgerManagerFactory.java","12294","114661","126955"
"2014-07-24 01:41","AsyncLedgerOpsTest.java","19016","148315","167331"
"2012-06-19 12:39","AsyncLedgerOpsTest.java","11183","34082","45265"
"2017-06-30 00:12","PerChannelBookieClient.java","2341","10808","13149"
"2017-07-04 06:27","PerChannelBookieClient.java","2652","13080","15732"
"2017-07-28 20:12","PerChannelBookieClient.java","4229","19251","23480"
"2017-08-02 00:49","PerChannelBookieClient.java","7739","36373","44112"
"2017-06-21 19:58","PerChannelBookieClient.java","1939","7262","9201"
"2017-06-01 23:58","PerChannelBookieClient.java","1414","4607","6021"
"2017-06-01 23:58","ReadEntryProcessor.java","1414","4607","6021"
"2017-05-16 00:31","ReadEntryProcessor.java","263","681","944"
"2016-02-23 19:16","LedgerMetadataImpl.java","6223","33708","39931"
"2017-06-01 23:58","LedgerMetadataImpl.java","114493","76093","190586"
"2017-07-28 20:12","LedgerMetadataImpl.java","115674","89103","204777"
"2016-07-11 23:01","LedgerMetadataImpl.java","109890","38926","148816"
"2015-10-06 10:05","TestPerChannelBookieClient.java","3740","22392","26132"
"2014-07-24 01:41","TestPerChannelBookieClient.java","1183","6941","8124"
"2014-05-27 13:56","TestPerChannelBookieClient.java","695","5410","6105"
"2017-05-16 00:31","TestPerChannelBookieClient.java","111999","64250","176249"
"2017-01-31 02:14","TestPerChannelBookieClient.java","110820","48838","159658"
"2016-04-05 08:45","TestPerChannelBookieClient.java","107546","28253","135799"
"2017-05-15 19:52","TestPerChannelBookieClient.java","111874","63707","175581"
"2016-07-14 23:02","BenchThroughputLatency.java","66115","60304","126419"
"2013-10-29 05:14","BenchThroughputLatency.java","10352","77679","88031"
"2013-10-14 16:43","BenchThroughputLatency.java","10169","76627","86796"
"2014-07-15 09:09","BenchThroughputLatency.java","11400","88875","100275"
"2013-02-08 19:08","BenchThroughputLatency.java","7585","65256","72841"
"2014-12-10 19:43","ReadOnlyBookieTest.java","5494","34414","39908"
"2016-03-08 06:49","ReadOnlyBookieTest.java","6503","41662","48165"
"2016-04-14 00:51","ReadOnlyBookieTest.java","109325","43858","153183"
"2014-07-24 01:41","ReadOnlyBookieTest.java","4722","24014","28736"
"2014-01-22 14:35","ReadOnlyBookieTest.java","3213","16613","19826"
"2014-01-21 17:26","ReadOnlyBookieTest.java","3085","16109","19194"
"2016-04-07 21:39","ReadOnlyBookieTest.java","109314","43806","153120"
"2016-02-09 08:12","FlatLedgerManager.java","16107","143361","159468"
"2013-04-04 11:21","FlatLedgerManager.java","13351","106976","120327"
"2012-12-24 05:50","FlatLedgerManager.java","11231","70119","81350"
"2017-06-01 23:58","EntryLogger.java","113339","47092","160431"
"2017-11-08 12:27","EntryLogger.java","132644","99869","232513"
"2017-01-31 02:11","EntryLogger.java","110714","26847","137561"
"2017-03-23 00:48","EntryLogger.java","110877","33431","144308"
"2016-07-14 23:02","EntryLogger.java","105495","6718","112213"
"2015-09-15 10:38","TestWatchEnsembleChange.java","2902","15472","18374"
"2012-08-17 12:41","RoundRobinDistributionSchedule.java","12604","43258","55862"
"2012-09-12 11:59","RoundRobinDistributionSchedule.java","13319","55502","68821"
"2014-12-05 17:51","RoundRobinDistributionSchedule.java","20144","148952","169096"
"2017-06-30 00:12","RoundRobinDistributionSchedule.java","46370","120546","166916"
"2013-10-22 16:21","BufferedChannel.java","1821","4724","6545"
"2013-10-12 05:42","BufferedChannel.java","1472","3608","5080"
"2014-01-22 14:35","BufferedChannel.java","2537","9808","12345"
"2013-08-22 16:40","ZkUtils.java","18951","132176","151127"
"2017-06-12 17:20","ZkUtils.java","42687","118999","161686"
"2012-12-24 05:50","ZkUtils.java","17146","88859","106005"
"2017-03-28 22:40","ZkUtils.java","42181","110212","152393"
"2012-09-07 07:04","ZkUtils.java","13543","60834","74377"
"2017-08-16 03:41","TestRackawareEnsemblePlacementPolicy.java","10268","45759","56027"
"2017-07-04 06:27","FileInfo.java","4508","22916","27424"
"2017-06-01 23:58","FileInfo.java","3336","14509","17845"
"2017-07-17 23:27","FileInfo.java","4786","26301","31087"
"2017-05-16 00:31","FileInfo.java","2284","10682","12966"
"2017-05-16 00:31","ReadLacProcessorV3.java","263","681","944"
"2016-01-26 22:11","BookieZKExpireTest.java","1301","6526","7827"
"2015-04-21 09:17","PendingAddOp.java","2945","20406","23351"
"2015-10-06 10:48","PendingAddOp.java","3746","22624","26370"
"2015-10-22 09:22","PendingAddOp.java","3774","23482","27256"
"2017-06-30 00:12","PendingAddOp.java","113338","73638","186976"
"2014-02-21 19:01","PendingAddOp.java","201","1364","1565"
"2017-08-02 00:49","PendingAddOp.java","117040","97507","214547"
"2017-05-15 19:52","PendingAddOp.java","111874","63707","175581"
"2014-01-21 05:19","PerChannelBookieClient.java","8057","59926","67983"
"2013-10-22 07:35","PerChannelBookieClient.java","7740","55255","62995"
"2014-01-09 07:30","PerChannelBookieClient.java","7907","58344","66251"
"2017-06-30 00:12","PerChannelBookieClient.java","81146","94118","175264"
"2014-05-27 13:56","PerChannelBookieClient.java","9010","66397","75407"
"2017-07-04 06:27","PerChannelBookieClient.java","81235","96168","177403"
"2017-01-31 04:01","PerChannelBookieClient.java","79472","75631","155103"
"2015-10-06 10:05","PerChannelBookieClient.java","10538","81862","92400"
"2016-04-05 18:47","PerChannelBookieClient.java","78020","51641","129661"
"2017-04-15 13:58","PerChannelBookieClient.java","79660","81511","161171"
"2017-05-15 19:52","PerChannelBookieClient.java","80147","84652","164799"
"2016-04-05 08:45","PerChannelBookieClient.java","78018","51397","129415"
"2017-07-28 20:12","PerChannelBookieClient.java","81835","101362","183197"
"2017-01-31 02:14","PerChannelBookieClient.java","79459","70149","149608"
"2017-03-28 22:35","PerChannelBookieClient.java","79543","80294","159837"
"2017-03-23 00:48","PerChannelBookieClient.java","79549","76048","155597"
"2013-01-10 19:13","PerChannelBookieClient.java","4445","11756","16201"
"2014-07-25 00:34","PerChannelBookieClient.java","9553","73805","83358"
"2017-08-02 00:49","PerChannelBookieClient.java","84219","117358","201577"
"2017-06-21 19:58","PerChannelBookieClient.java","81041","90869","171910"
"2017-06-01 23:58","PerChannelBookieClient.java","80937","88635","169572"
"2013-10-29 05:14","PerChannelBookieClient.java","7867","56173","64040"
"2013-06-28 17:27","PerChannelBookieClient.java","6557","51564","58121"
"2014-02-21 19:01","PerChannelBookieClient.java","8890","62725","71615"
"2014-02-05 22:43","PerChannelBookieClient.java","8785","61457","70242"
"2017-04-20 19:55","PerChannelBookieClient.java","79661","81533","161194"
"2013-09-11 00:34","PerChannelBookieClient.java","6765","53234","59999"
"2013-08-20 12:51","PerChannelBookieClient.java","6657","52839","59496"
"2014-02-05 22:43","TestReplicationWorker.java","11245","86527","97772"
"2013-05-31 12:02","TestReplicationWorker.java","9263","72471","81734"
"2013-06-15 19:05","TestReplicationWorker.java","9336","76644","85980"
"2012-12-18 12:00","TestReplicationWorker.java","5782","32870","38652"
"2013-01-14 16:59","TestReplicationWorker.java","7584","38131","45715"
"2016-04-27 09:00","TestReplicationWorker.java","64429","60723","125152"
"2012-08-31 15:25","TestReplicationWorker.java","96","243","339"
"2012-09-12 20:34","TestReplicationWorker.java","739","4522","5261"
"2012-12-08 11:18","TestReplicationWorker.java","5243","28269","33512"
"2012-10-05 16:24","TestReplicationWorker.java","3482","12149","15631"
"2015-07-10 22:48","TestReplicationWorker.java","12462","105770","118232"
"2014-07-24 01:41","TestReplicationWorker.java","11781","92821","104602"
"2016-07-14 23:02","BenchThroughputLatency.java","47652","74507","122159"
"2013-10-29 05:14","BenchThroughputLatency.java","14316","114309","128625"
"2013-10-14 16:43","BenchThroughputLatency.java","14162","113286","127448"
"2012-09-12 11:59","BenchThroughputLatency.java","6318","38984","45302"
"2012-06-12 17:37","BenchThroughputLatency.java","712","2544","3256"
"2014-07-15 09:09","BenchThroughputLatency.java","14983","125124","140107"
"2013-02-08 19:08","BenchThroughputLatency.java","11847","102184","114031"
"2017-07-07 08:19","GetBookieInfoProcessorV3.java","1351","10549","11900"
"2017-01-31 04:01","Bookie.java","111655","55652","167307"
"2017-03-28 22:37","Bookie.java","111795","60599","172394"
"2016-01-26 22:11","Bookie.java","4824","25945","30769"
"2015-03-18 07:38","Bookie.java","3917","21786","25703"
"2015-04-21 09:17","Bookie.java","3959","21930","25889"
"2014-09-23 17:53","Bookie.java","3444","18256","21700"
"2017-07-04 06:27","Bookie.java","114243","77014","191257"
"2017-06-05 22:25","Bookie.java","113842","70827","184669"
"2014-02-06 09:25","Bookie.java","1095","1613","2708"
"2014-04-29 22:07","Bookie.java","1571","5594","7165"
"2014-08-02 20:02","Bookie.java","2814","15534","18348"
"2017-06-28 23:24","Bookie.java","113937","72875","186812"
"2017-07-07 08:19","Bookie.java","114242","78976","193218"
"2017-05-16 00:31","Bookie.java","112808","65569","178377"
"2014-02-05 22:43","Bookie.java","1083","1593","2676"
"2014-08-18 23:03","Bookie.java","3187","17375","20562"
"2014-05-09 14:04","Bookie.java","1589","6253","7842"
"2017-06-01 23:58","Bookie.java","113631","69167","182798"
"2017-08-02 00:49","Bookie.java","117740","98717","216457"
"2016-11-18 00:18","Bookie.java","111581","42477","154058"
"2017-03-28 22:35","Bookie.java","111755","60344","172099"
"2016-07-14 23:02","Bookie.java","108887","31893","140780"
"2017-06-05 20:30","Bookie.java","113744","69638","183382"
"2016-11-30 00:02","Bookie.java","111606","43032","154638"
"2017-03-22 22:54","Bookie.java","111751","56036","167787"
"2017-06-01 23:58","EntryLogger.java","40340","120555","160895"
"2014-01-21 17:26","EntryLogger.java","18332","143011","161343"
"2013-10-02 06:23","EntryLogger.java","18179","137176","155355"
"2014-01-22 14:35","EntryLogger.java","18397","143452","161849"
"2017-11-08 12:27","EntryLogger.java","42188","155875","198063"
"2013-10-22 07:44","EntryLogger.java","18239","138532","156771"
"2012-03-16 10:41","EntryLogger.java","9683","26591","36274"
"2012-06-13 16:57","EntryLogger.java","11254","35035","46289"
"2012-02-15 16:11","EntryLogger.java","2940","14265","17205"
"2013-05-04 14:22","EntryLogger.java","17946","130632","148578"
"2011-11-18 11:18","EntryLogger.java","1533","4469","6002"
"2011-12-16 12:43","EntryLogger.java","2447","8592","11039"
"2012-03-08 12:13","EntryLogger.java","3204","16367","19571"
"2017-01-31 02:11","EntryLogger.java","40071","102666","142737"
"2017-03-23 00:48","EntryLogger.java","40075","109091","149166"
"2016-07-14 23:02","EntryLogger.java","39975","87660","127635"
"2012-12-24 06:23","EntryLogger.java","16516","94131","110647"
"2012-12-10 11:04","EntryLogger.java","16294","89326","105620"
"2016-02-24 00:44","EntryLogger.java","18960","165422","184382"
"2011-11-17 11:16","EntryLogger.java","858","2506","3364"
"2015-04-21 10:02","EntryLogger.java","18921","161775","180696"
"2012-10-18 16:40","EntryLogger.java","15939","77678","93617"
"2012-07-26 04:32","EntryLogger.java","12908","46449","59357"
"2013-01-04 11:32","EntryLogger.java","16735","95741","112476"
"2015-04-21 09:44","EntryLogger.java","18921","161591","180512"
"2012-05-09 10:39","EntryLogger.java","10670","31281","41951"
"2012-05-07 18:48","EntryLogger.java","10662","30849","41511"
"2012-05-10 14:47","EntryLogger.java","10914","31811","42725"
"2012-05-17 19:07","EntryLogger.java","11190","33142","44332"
"2014-07-24 01:41","TestWatchEnsembleChange.java","720","2006","2726"
"2015-09-15 10:38","TestWatchEnsembleChange.java","3534","17390","20924"
"2017-07-07 05:11","LedgerUnderreplicationManager.java","82269","92393","174662"
"2014-06-03 12:35","LedgerUnderreplicationManager.java","6042","57966","64008"
"2017-01-31 04:01","Bookie.java","112101","60857","172958"
"2017-03-28 22:37","Bookie.java","112207","65770","177977"
"2016-01-26 22:11","Bookie.java","5442","31322","36764"
"2015-03-18 07:38","Bookie.java","4629","27257","31886"
"2015-04-21 09:17","Bookie.java","4631","27361","31992"
"2014-09-23 17:53","Bookie.java","4205","23776","27981"
"2017-07-04 06:27","Bookie.java","114520","82050","196570"
"2017-06-05 22:25","Bookie.java","114154","75898","190052"
"2014-02-06 09:25","Bookie.java","2373","7650","10023"
"2014-04-29 22:07","Bookie.java","2831","11613","14444"
"2013-12-06 07:39","Bookie.java","796","3818","4614"
"2014-08-02 20:02","Bookie.java","3699","21178","24877"
"2017-06-28 23:24","Bookie.java","114231","77928","192159"
"2017-07-07 08:19","Bookie.java","114509","84002","198511"
"2014-01-21 17:26","Bookie.java","1306","6065","7371"
"2013-10-22 16:21","Bookie.java","695","1462","2157"
"2017-05-16 00:31","Bookie.java","113176","70696","183872"
"2014-02-05 22:43","Bookie.java","2368","7637","10005"
"2014-08-18 23:03","Bookie.java","4072","23019","27091"
"2014-05-09 14:04","Bookie.java","2849","12272","15121"
"2017-06-01 23:58","Bookie.java","113967","74262","188229"
"2017-08-02 00:49","Bookie.java","117767","103503","221270"
"2013-12-02 18:45","Bookie.java","761","3631","4392"
"2016-11-18 00:18","Bookie.java","112037","47692","159729"
"2017-03-28 22:35","Bookie.java","112188","65536","177724"
"2016-07-14 23:02","Bookie.java","109358","37123","146481"
"2017-06-05 20:30","Bookie.java","114060","74713","188773"
"2016-11-30 00:02","Bookie.java","112062","48247","160309"
"2017-03-22 22:54","Bookie.java","112187","61231","173418"
"2017-06-21 19:58","LedgerRecoveryOp.java","114126","76492","190618"
"2017-06-21 21:00","LedgerRecoveryOp.java","114131","77170","191301"
"2017-06-21 19:50","LedgerRecoveryOp.java","114120","76376","190496"
"2016-10-13 07:50","LocalBookieEnsemblePlacementPolicy.java","110534","19537","130071"
"2017-03-28 22:35","LocalBookieEnsemblePlacementPolicy.java","111045","38196","149241"
"2017-07-28 20:12","LocalBookieEnsemblePlacementPolicy.java","115630","61557","177187"
"2012-12-24 05:50","InterleavedLedgerStorage.java","10294","65536","75830"
"2012-12-18 13:04","InterleavedLedgerStorage.java","9901","65035","74936"
"2016-11-18 00:18","InterleavedLedgerStorage.java","48136","81560","129696"
"2013-12-02 18:45","InterleavedLedgerStorage.java","13979","114618","128597"
"2013-05-04 14:22","InterleavedLedgerStorage.java","12756","103291","116047"
"2012-06-13 16:57","InterleavedLedgerStorage.java","168","1798","1966"
"2014-01-15 15:58","InterleavedLedgerStorage.java","14000","114983","128983"
"2014-01-21 17:26","InterleavedLedgerStorage.java","14093","116621","130714"
"2013-10-02 06:23","InterleavedLedgerStorage.java","13048","109894","122942"
"2017-05-16 00:31","InterleavedLedgerStorage.java","48744","104033","152777"
"2014-08-02 20:02","InterleavedLedgerStorage.java","15040","130288","145328"
"2017-07-04 06:27","InterleavedLedgerStorage.java","49493","114792","164285"
"2012-10-18 16:40","InterleavedLedgerStorage.java","8847","48435","57282"
"2015-04-21 09:55","InterleavedLedgerStorage.java","15343","136013","151356"
"2017-01-31 04:01","InterleavedLedgerStorage.java","48182","94707","142889"
"2016-03-08 06:49","InterleavedLedgerStorage.java","15787","140450","156237"
"2017-03-28 22:37","InterleavedLedgerStorage.java","48230","99562","147792"
"2015-04-21 09:17","InterleavedLedgerStorage.java","15327","135826","151153"
"2015-04-21 09:17","PendingAddOp.java","5265","28929","34194"
"2015-10-06 10:48","PendingAddOp.java","5964","31045","37009"
"2015-10-22 09:22","PendingAddOp.java","5991","31902","37893"
"2017-06-30 00:12","PendingAddOp.java","114845","81348","196193"
"2014-01-21 05:19","PendingAddOp.java","1962","7362","9324"
"2014-02-21 19:01","PendingAddOp.java","3253","10619","13872"
"2014-02-05 22:43","PendingAddOp.java","3076","9279","12355"
"2013-10-14 18:32","PendingAddOp.java","1229","2256","3485"
"2017-08-02 00:49","PendingAddOp.java","118141","104811","222952"
"2017-05-15 19:52","PendingAddOp.java","113551","71587","185138"
"2014-02-05 22:43","TestReplicationWorker.java","11294","86429","97723"
"2013-05-31 12:02","TestReplicationWorker.java","9311","72372","81683"
"2013-06-15 19:05","TestReplicationWorker.java","9384","76545","85929"
"2012-12-18 12:00","TestReplicationWorker.java","5830","32771","38601"
"2013-01-14 16:59","TestReplicationWorker.java","7632","38032","45664"
"2016-04-27 09:00","TestReplicationWorker.java","64515","60662","125177"
"2012-09-12 20:34","TestReplicationWorker.java","644","4280","4924"
"2012-12-08 11:18","TestReplicationWorker.java","5290","28169","33459"
"2012-10-05 16:24","TestReplicationWorker.java","3529","12049","15578"
"2015-07-10 22:48","TestReplicationWorker.java","12511","105672","118183"
"2014-07-24 01:41","TestReplicationWorker.java","11830","92723","104553"
"2017-01-31 04:01","Bookie.java","111574","59563","171137"
"2017-03-28 22:37","Bookie.java","111701","64497","176198"
"2016-01-26 22:11","Bookie.java","4847","29960","34807"
"2015-03-18 07:38","Bookie.java","4034","25895","29929"
"2015-04-21 09:17","Bookie.java","4036","25999","30035"
"2014-09-23 17:53","Bookie.java","3592","22396","25988"
"2017-07-04 06:27","Bookie.java","114075","80838","194913"
"2017-06-05 22:25","Bookie.java","113674","74651","188325"
"2014-02-06 09:25","Bookie.java","1744","6254","7998"
"2014-04-29 22:07","Bookie.java","2202","10217","12419"
"2013-12-06 07:39","Bookie.java","171","2426","2597"
"2014-08-02 20:02","Bookie.java","3086","19798","22884"
"2017-06-28 23:24","Bookie.java","113769","76699","190468"
"2017-07-07 08:19","Bookie.java","114064","82790","196854"
"2014-01-21 17:26","Bookie.java","671","4663","5334"
"2017-05-16 00:31","Bookie.java","112683","69436","182119"
"2014-02-05 22:43","Bookie.java","1739","6241","7980"
"2014-08-18 23:03","Bookie.java","3459","21639","25098"
"2014-05-09 14:04","Bookie.java","2220","10876","13096"
"2017-06-01 23:58","Bookie.java","113485","73013","186498"
"2017-08-02 00:49","Bookie.java","117442","102411","219853"
"2013-12-02 18:45","Bookie.java","136","2239","2375"
"2016-11-18 00:18","Bookie.java","111510","46398","157908"
"2017-03-28 22:35","Bookie.java","111662","64243","175905"
"2016-07-14 23:02","Bookie.java","108831","35829","144660"
"2017-06-05 20:30","Bookie.java","113578","73464","187042"
"2016-11-30 00:02","Bookie.java","111535","46953","158488"
"2017-03-22 22:54","Bookie.java","111661","59938","171599"
"2015-04-21 09:17","PendingAddOp.java","4523","27160","31683"
"2015-10-06 10:48","PendingAddOp.java","5276","29330","34606"
"2015-10-22 09:22","PendingAddOp.java","5304","30188","35492"
"2017-06-30 00:12","PendingAddOp.java","114324","79800","194124"
"2014-01-21 05:19","PendingAddOp.java","1112","5485","6597"
"2014-02-21 19:01","PendingAddOp.java","2441","8780","11221"
"2014-02-05 22:43","PendingAddOp.java","2261","7437","9698"
"2017-08-02 00:49","PendingAddOp.java","117699","103342","221041"
"2017-05-15 19:52","PendingAddOp.java","112963","69972","182935"
"2016-02-09 08:28","BookieShell.java","3908","24645","28553"
"2016-03-16 05:03","BookieShell.java","107526","25530","133056"
"2014-12-06 07:47","BookieShell.java","2503","17520","20023"
"2014-12-06 08:03","BookieShell.java","2510","17731","20241"
"2014-09-29 16:29","BookieShell.java","2430","17094","19524"
"2014-06-03 12:35","BookieShell.java","839","6580","7419"
"2015-01-13 13:06","BookieShell.java","2844","19910","22754"
"2017-06-01 23:58","BookieShell.java","112825","67851","180676"
"2017-07-07 05:11","BookieShell.java","113496","77437","190933"
"2017-01-11 07:37","BookieShell.java","110818","47991","158809"
"2016-12-21 01:42","BookieShell.java","110815","47630","158445"
"2017-01-11 07:34","BookieShell.java","110818","47867","158685"
"2016-11-30 00:02","BookieShell.java","110782","41698","152480"
"2017-01-30 23:25","BookieShell.java","110823","48171","158994"
"2017-03-28 22:35","BookieShell.java","110928","59007","169935"
"2017-01-30 21:31","BookieShell.java","110820","48060","158880"
"2017-03-22 22:54","BookieShell.java","110918","54693","165611"
"2016-02-09 08:28","BookieShell.java","6121","32942","39063"
"2016-03-16 05:03","BookieShell.java","109579","33667","143246"
"2014-12-06 07:47","BookieShell.java","4894","25995","30889"
"2014-12-06 08:03","BookieShell.java","4900","26205","31105"
"2014-09-29 16:29","BookieShell.java","4837","25585","30422"
"2014-06-03 12:35","BookieShell.java","3685","15510","19195"
"2014-02-05 22:43","BookieShell.java","3050","9134","12184"
"2015-01-13 13:06","BookieShell.java","5195","28345","33540"
"2017-06-01 23:58","BookieShell.java","114504","75614","190118"
"2017-07-07 05:11","BookieShell.java","115001","85026","200027"
"2017-01-11 07:37","BookieShell.java","112639","55896","168535"
"2016-12-21 01:42","BookieShell.java","112636","55535","168171"
"2017-01-11 07:34","BookieShell.java","112639","55772","168411"
"2016-11-30 00:02","BookieShell.java","112612","49612","162224"
"2017-01-30 23:25","BookieShell.java","112640","56072","168712"
"2017-03-28 22:35","BookieShell.java","112738","66901","179639"
"2017-01-30 21:31","BookieShell.java","112639","55963","168602"
"2017-03-22 22:54","BookieShell.java","112734","62593","175327"
"2015-09-15 10:38","LedgerManager.java","6053","37440","43493"
"2014-01-17 18:13","LedgerManager.java","2537","13897","16434"
"2017-07-04 06:27","Bookie.java","2419","12429","14848"
"2017-06-05 22:25","Bookie.java","1604","5828","7432"
"2017-06-28 23:24","Bookie.java","1763","7940","9703"
"2017-07-07 08:19","Bookie.java","2510","14483","16993"
"2017-06-01 23:58","Bookie.java","1160","3935","5095"
"2017-08-02 00:49","Bookie.java","7527","35743","43270"
"2017-06-05 20:30","Bookie.java","1328","4461","5789"
"2016-07-14 23:02","BenchThroughputLatency.java","47482","75064","122546"
"2013-10-29 05:14","BenchThroughputLatency.java","14541","115261","129802"
"2013-10-14 16:43","BenchThroughputLatency.java","14387","114238","128625"
"2012-09-12 11:59","BenchThroughputLatency.java","6610","40003","46613"
"2012-05-09 13:20","BenchThroughputLatency.java","335","1062","1397"
"2012-06-12 17:37","BenchThroughputLatency.java","1048","3607","4655"
"2014-07-15 09:09","BenchThroughputLatency.java","15205","126073","141278"
"2013-02-08 19:08","BenchThroughputLatency.java","12094","103158","115252"
"2016-10-13 07:50","LocalBookieEnsemblePlacementPolicy.java","110548","19742","130290"
"2017-03-28 22:35","LocalBookieEnsemblePlacementPolicy.java","111059","38401","149460"
"2017-07-28 20:12","LocalBookieEnsemblePlacementPolicy.java","115632","61750","177382"
"2016-02-24 00:34","LocalBookieEnsemblePlacementPolicy.java","40","231","271"
"2017-06-30 00:12","BookieRecoveryTest.java","4035","15796","19831"
"2017-05-15 19:52","BookieRecoveryTest.java","1805","5099","6904"
"2017-06-21 19:58","BookieClientTest.java","114763","56533","171296"
"2017-03-28 22:35","BookieClientTest.java","112086","44779","156865"
"2016-12-17 02:39","BookieClientTest.java","111862","32838","144700"
"2017-05-15 19:52","BookieClientTest.java","113296","49743","163039"
"2015-10-06 10:05","BookieClientTest.java","1219","4485","5704"
"2017-06-01 23:58","SaslClientState.java","1148","2055","3203"
"2012-12-18 12:00","ZkLedgerUnderreplicationManager.java","3466","23073","26539"
"2016-04-27 21:11","ZkLedgerUnderreplicationManager.java","69083","58395","127478"
"2016-07-14 23:02","ZkLedgerUnderreplicationManager.java","69264","59561","128825"
"2017-07-07 05:11","ZkLedgerUnderreplicationManager.java","71991","103733","175724"
"2013-08-22 16:40","ZkLedgerUnderreplicationManager.java","7316","68833","76149"
"2017-06-28 23:28","ZkLedgerUnderreplicationManager.java","71839","98560","170399"
"2013-06-15 19:05","ZkLedgerUnderreplicationManager.java","7172","66999","74171"
"2017-06-01 23:58","ZkLedgerUnderreplicationManager.java","71763","94590","166353"
"2014-08-18 23:03","ZkLedgerUnderreplicationManager.java","9932","91411","101343"
"2013-01-04 11:32","ZkLedgerUnderreplicationManager.java","4805","26423","31228"
"2014-06-03 12:35","ZkLedgerUnderreplicationManager.java","9474","83016","92490"
"2014-06-02 11:54","ZkLedgerUnderreplicationManager.java","9460","82534","91994"
"2017-03-28 22:40","ZkLedgerUnderreplicationManager.java","70495","86818","157313"
"2012-10-10 12:29","ZkLedgerUnderreplicationManager.java","202","1806","2008"
"2012-10-16 17:01","ZkLedgerUnderreplicationManager.java","207","1978","2185"
"2016-04-27 09:55","ZkLedgerUnderreplicationManager.java","69083","58395","127478"
"2012-12-14 20:26","ZkLedgerUnderreplicationManager.java","3225","22325","25550"
"2012-12-14 11:18","ZkLedgerUnderreplicationManager.java","3216","22204","25420"
"2012-12-08 11:42","ZkLedgerUnderreplicationManager.java","2907","18452","21359"
"2017-06-30 00:12","BookieRecoveryTest.java","2341","10808","13149"
"2015-10-06 10:05","TestPerChannelBookieClient.java","6076","31218","37294"
"2014-07-24 01:41","TestPerChannelBookieClient.java","4172","16420","20592"
"2014-05-27 13:56","TestPerChannelBookieClient.java","3737","14942","18679"
"2014-02-05 22:43","TestPerChannelBookieClient.java","3224","9714","12938"
"2017-05-16 00:31","TestPerChannelBookieClient.java","113730","72471","186201"
"2017-01-31 02:14","TestPerChannelBookieClient.java","112693","57201","169894"
"2016-04-05 08:45","TestPerChannelBookieClient.java","109650","36847","146497"
"2017-05-15 19:52","TestPerChannelBookieClient.java","113623","71946","185569"
"2017-01-31 04:01","Bookie.java","112737","63013","175750"
"2017-03-28 22:37","Bookie.java","112837","67920","180757"
"2016-01-26 22:11","Bookie.java","6163","33563","39726"
"2015-03-18 07:38","Bookie.java","5420","29568","34988"
"2015-04-21 09:17","Bookie.java","5422","29672","35094"
"2014-09-23 17:53","Bookie.java","5027","26118","31145"
"2017-07-04 06:27","Bookie.java","115030","84080","199110"
"2017-06-05 22:25","Bookie.java","114684","77948","192632"
"2014-02-06 09:25","Bookie.java","3280","10077","13357"
"2014-04-29 22:07","Bookie.java","3699","14001","17700"
"2013-12-06 07:39","Bookie.java","1776","6318","8094"
"2014-08-02 20:02","Bookie.java","4526","23525","28051"
"2013-10-02 07:01","Bookie.java","298","1085","1383"
"2017-06-28 23:24","Bookie.java","114756","79973","194729"
"2017-07-07 08:19","Bookie.java","115021","86034","201055"
"2013-09-11 00:34","Bookie.java","244","830","1074"
"2014-01-21 17:26","Bookie.java","2272","8551","10823"
"2013-10-12 05:42","Bookie.java","1345","2865","4210"
"2013-10-22 16:21","Bookie.java","1695","3982","5677"
"2017-05-16 00:31","Bookie.java","113747","72787","186534"
"2014-02-05 22:43","Bookie.java","3275","10064","13339"
"2014-08-18 23:03","Bookie.java","4899","25366","30265"
"2014-05-09 14:04","Bookie.java","3717","14660","18377"
"2017-06-01 23:58","Bookie.java","114529","76344","190873"
"2017-08-02 00:49","Bookie.java","118212","105468","223680"
"2013-12-02 18:45","Bookie.java","1758","6148","7906"
"2016-11-18 00:18","Bookie.java","112677","49852","162529"
"2017-03-28 22:35","Bookie.java","112819","67687","180506"
"2016-07-14 23:02","Bookie.java","110005","39290","149295"
"2017-06-05 20:30","Bookie.java","114590","76763","191353"
"2016-11-30 00:02","Bookie.java","112703","50408","163111"
"2017-03-22 22:54","Bookie.java","112819","63383","176202"
"2014-07-24 01:41","TestMetaStore.java","8858","67263","76121"
"2012-12-12 11:20","BookieRecoveryTest.java","5924","46548","52472"
"2012-09-12 11:59","BookieRecoveryTest.java","1877","21911","23788"
"2017-06-30 00:12","BookieRecoveryTest.java","55310","107337","162647"
"2014-07-24 01:41","BookieRecoveryTest.java","11656","109141","120797"
"2012-12-04 22:15","BookieRecoveryTest.java","5784","45356","51140"
"2017-04-11 20:15","BookieRecoveryTest.java","54103","94369","148472"
"2017-05-15 19:52","BookieRecoveryTest.java","54557","98117","152674"
"2012-12-10 16:02","BookieRecoveryTest.java","5890","45464","51354"
"2013-08-13 14:32","BookieRecoveryTest.java","9568","94721","104289"
"2014-02-05 22:43","BookieRecoveryTest.java","11220","102947","114167"
"2017-06-21 19:58","PendingReadOp.java","114806","54501","169307"
"2017-06-05 21:48","PendingReadOp.java","114494","52801","167295"
"2017-06-05 22:13","PendingReadOp.java","114501","53221","167722"
"2017-06-01 11:42","PendingReadOp.java","113616","51214","164830"
"2017-06-01 22:39","PendingReadOp.java","114274","51454","165728"
"2017-05-15 19:52","PendingReadOp.java","113312","47684","160996"
"2016-02-09 08:39","PendingReadOp.java","1316","4655","5971"
"2016-02-09 08:32","PendingReadOp.java","1316","4598","5914"
"2017-07-04 06:27","PendingReadOp.java","115326","60126","175452"
"2015-09-15 10:38","BookKeeper.java","3675","20840","24515"
"2015-10-22 09:22","BookKeeper.java","3755","22300","26055"
"2017-01-31 04:01","BookKeeper.java","110821","53145","163966"
"2015-07-10 22:48","BookKeeper.java","3233","20096","23329"
"2017-06-30 00:12","BookKeeper.java","113438","72575","186013"
"2016-10-13 07:50","BookKeeper.java","110610","39378","149988"
"2017-06-21 21:00","BookKeeper.java","113169","69835","183004"
"2017-03-28 22:35","BookKeeper.java","110925","57841","168766"
"2016-07-11 23:01","BookKeeper.java","107855","29154","137009"
"2016-10-13 09:27","BookKeeper.java","110726","39480","150206"
"2017-07-28 20:12","BookKeeper.java","114568","80260","194828"
"2017-05-15 19:52","BookKeeper.java","111919","62589","174508"
"2017-01-31 04:01","Bookie.java","110826","54313","165139"
"2017-03-28 22:37","Bookie.java","110968","59262","170230"
"2016-01-26 22:11","Bookie.java","3814","24425","28239"
"2015-03-18 07:38","Bookie.java","2903","20262","23165"
"2015-04-21 09:17","Bookie.java","2945","20406","23351"
"2014-09-23 17:53","Bookie.java","2426","16728","19154"
"2017-07-04 06:27","Bookie.java","113475","75736","189211"
"2017-06-05 22:25","Bookie.java","113037","69512","182549"
"2014-02-06 09:25","Bookie.java","12","20","32"
"2014-04-29 22:07","Bookie.java","491","4004","4495"
"2014-08-02 20:02","Bookie.java","1789","13999","15788"
"2017-06-28 23:24","Bookie.java","113132","71560","184692"
"2017-07-07 08:19","Bookie.java","113505","77729","191234"
"2017-05-16 00:31","Bookie.java","111999","64250","176249"
"2014-08-18 23:03","Bookie.java","2163","15841","18004"
"2014-05-09 14:04","Bookie.java","510","4664","5174"
"2017-06-01 23:58","Bookie.java","112825","67851","180676"
"2017-08-02 00:49","Bookie.java","117040","97507","214547"
"2016-11-18 00:18","Bookie.java","110757","41143","151900"
"2017-03-28 22:35","Bookie.java","110928","59007","169935"
"2016-07-14 23:02","Bookie.java","107943","30439","138382"
"2017-06-05 20:30","Bookie.java","112938","68322","181260"
"2016-11-30 00:02","Bookie.java","110782","41698","152480"
"2017-03-22 22:54","Bookie.java","110918","54693","165611"
"2014-06-02 11:54","AuditorLedgerCheckerTest.java","7219","60686","67905"
"2014-07-24 01:41","AuditorLedgerCheckerTest.java","7530","61482","69012"
"2016-03-08 07:18","AuditorLedgerCheckerTest.java","9056","79540","88596"
"2016-12-17 02:44","AuditorLedgerCheckerTest.java","80474","65322","145796"
"2017-07-07 05:11","AuditorLedgerCheckerTest.java","82359","94494","176853"
"2014-02-05 22:43","AuditorLedgerCheckerTest.java","6786","54980","61766"
"2013-08-21 13:19","AuditorLedgerCheckerTest.java","4546","46442","50988"
"2017-10-17 09:32","AuditorLedgerCheckerTest.java","92072","118744","210816"
"2017-05-12 15:20","AuditorLedgerCheckerTest.java","80972","80194","161166"
"2013-06-15 19:05","AuditorLedgerCheckerTest.java","4352","44572","48924"
"2013-05-31 12:02","AuditorLedgerCheckerTest.java","4249","40369","44618"
"2013-08-21 13:19","BookKeeperAdmin.java","2342","10066","12408"
"2017-10-17 09:32","BookKeeperAdmin.java","123748","116248","239996"
"2017-06-01 23:58","BookKeeperAdmin.java","113060","82108","195168"
"2017-04-11 20:19","BookKeeperAdmin.java","111653","74216","185869"
"2014-02-21 19:01","BookKeeperAdmin.java","5008","20193","25201"
"2014-02-05 22:43","BookKeeperAdmin.java","4847","18869","23716"
"2017-07-07 05:11","BookKeeperAdmin.java","113524","91487","205011"
"2013-02-26 04:12","BookKeeperAdmin.java","991","1019","2010"
"2016-11-09 03:05","BookKeeperAdmin.java","111423","55696","167119"
"2016-11-30 00:07","BookKeeperAdmin.java","111433","56370","167803"
"2016-09-10 21:01","BookKeeperAdmin.java","111306","51894","163200"
"2016-07-14 23:02","BookKeeperAdmin.java","110113","46631","156744"
"2016-10-13 09:27","BookKeeperAdmin.java","111420","55359","166779"
"2016-03-16 05:03","BookKeeperAdmin.java","109856","41882","151738"
"2016-03-08 07:18","BookKeeperAdmin.java","7341","43653","50994"
"2014-12-06 08:03","BookKeeperAdmin.java","6089","35332","41421"
"2014-04-24 10:43","BookKeeperAdmin.java","5137","22294","27431"
"2014-09-06 07:51","BookKeeperAdmin.java","5900","34006","39906"
"2013-05-10 12:45","BookKeeperAdmin.java","1848","3697","5545"
"2015-10-06 10:05","WriteEntryProcessor.java","2400","9472","11872"
"2015-04-21 09:17","WriteEntryProcessor.java","1509","7390","8899"
"2014-08-02 20:02","WriteEntryProcessor.java","165","795","960"
"2017-05-15 19:52","WriteEntryProcessor.java","114182","54435","168617"
"2012-12-24 05:50","InterleavedLedgerStorage.java","10916","67698","78614"
"2012-12-18 13:04","InterleavedLedgerStorage.java","10531","67205","77736"
"2016-11-18 00:18","InterleavedLedgerStorage.java","47875","82839","130714"
"2013-12-02 18:45","InterleavedLedgerStorage.java","14541","116720","131261"
"2013-05-04 14:22","InterleavedLedgerStorage.java","13326","105401","118727"
"2012-06-13 16:57","InterleavedLedgerStorage.java","989","4159","5148"
"2014-01-15 15:58","InterleavedLedgerStorage.java","14560","117083","131643"
"2014-01-21 17:26","InterleavedLedgerStorage.java","14653","118721","133374"
"2013-10-02 06:23","InterleavedLedgerStorage.java","13615","112001","125616"
"2017-05-16 00:31","InterleavedLedgerStorage.java","48478","105307","153785"
"2012-05-25 17:13","InterleavedLedgerStorage.java","827","2367","3194"
"2014-08-02 20:02","InterleavedLedgerStorage.java","15588","132376","147964"
"2017-07-04 06:27","InterleavedLedgerStorage.java","49221","116060","165281"
"2012-10-18 16:40","InterleavedLedgerStorage.java","9489","50617","60106"
"2015-04-21 09:55","InterleavedLedgerStorage.java","15872","138082","153954"
"2017-01-31 04:01","InterleavedLedgerStorage.java","47921","95986","143907"
"2016-03-08 06:49","InterleavedLedgerStorage.java","16315","142518","158833"
"2017-03-28 22:37","InterleavedLedgerStorage.java","47968","100840","148808"
"2015-04-21 09:17","InterleavedLedgerStorage.java","15856","137895","153751"
"2015-10-06 10:05","TestPerChannelBookieClient.java","6190","32816","39006"
"2014-07-24 01:41","TestPerChannelBookieClient.java","4324","18056","22380"
"2014-05-27 13:56","TestPerChannelBookieClient.java","3897","16586","20483"
"2014-02-05 22:43","TestPerChannelBookieClient.java","3442","11416","14858"
"2017-05-16 00:31","TestPerChannelBookieClient.java","113568","73793","187361"
"2013-08-20 12:51","TestPerChannelBookieClient.java","297","1781","2078"
"2013-06-28 17:27","TestPerChannelBookieClient.java","52","361","413"
"2017-01-31 02:14","TestPerChannelBookieClient.java","112582","58574","171156"
"2016-04-05 08:45","TestPerChannelBookieClient.java","109534","38215","147749"
"2017-05-15 19:52","TestPerChannelBookieClient.java","113469","73276","186745"
"2017-06-01 11:42","LedgerInputStream.java","40521","121462","161983"
"2015-10-06 10:05","BenchBookie.java","21009","150285","171294"
"2012-05-09 13:20","BenchBookie.java","9134","15399","24533"
"2012-04-03 18:02","BenchBookie.java","8321","12876","21197"
"2013-10-14 16:43","BenchBookie.java","19589","124978","144567"
"2014-02-05 22:43","BenchBookie.java","20163","130787","150950"
"2017-05-15 19:52","BenchBookie.java","46548","109005","155553"
"2016-07-14 23:02","BenchBookie.java","45986","79106","125092"
"2017-01-31 04:01","Bookie.java","112654","42463","155117"
"2017-03-28 22:37","Bookie.java","112857","47473","160330"
"2016-01-26 22:11","Bookie.java","2132","9065","11197"
"2015-03-18 07:38","Bookie.java","929","4610","5539"
"2015-04-21 09:17","Bookie.java","1007","4790","5797"
"2014-09-23 17:53","Bookie.java","405","1029","1434"
"2017-07-04 06:27","Bookie.java","115943","64526","180469"
"2017-06-05 22:25","Bookie.java","115389","58186","173575"
"2017-06-28 23:24","Bookie.java","115494","60244","175738"
"2017-07-07 08:19","Bookie.java","115987","66533","182520"
"2017-05-16 00:31","Bookie.java","114165","52738","166903"
"2017-06-01 23:58","Bookie.java","115034","56382","171416"
"2017-08-02 00:49","Bookie.java","119697","86486","206183"
"2016-11-18 00:18","Bookie.java","112580","29288","141868"
"2017-03-28 22:35","Bookie.java","112817","47218","160035"
"2016-07-14 23:02","Bookie.java","107502","16320","123822"
"2017-06-05 20:30","Bookie.java","115152","56858","172010"
"2016-11-30 00:02","Bookie.java","112606","29844","142450"
"2017-03-22 22:54","Bookie.java","112764","42861","155625"
"2012-07-23 23:39","LocalBookKeeper.java","12315","42909","55224"
"2014-12-10 19:43","LocalBookKeeper.java","19127","156766","175893"
"2013-02-08 19:08","LocalBookKeeper.java","16980","125211","142191"
"2012-05-10 14:47","LocalBookKeeper.java","10188","28149","38337"
"2015-07-10 22:48","LocalBookKeeper.java","19160","159439","178599"
"2017-05-26 12:38","LocalBookKeeper.java","41082","117484","158566"
"2017-06-01 11:31","LocalBookKeeper.java","41115","118431","159546"
"2017-06-01 23:58","LocalBookKeeper.java","41147","118426","159573"
"2013-01-14 16:59","LocalBookKeeper.java","16862","94380","111242"
"2017-06-01 23:58","EntryLogger.java","40516","121424","161940"
"2014-01-21 17:26","EntryLogger.java","18998","144370","163368"
"2013-10-02 06:23","EntryLogger.java","18868","138558","157426"
"2014-01-22 14:35","EntryLogger.java","19065","144813","163878"
"2017-11-08 12:27","EntryLogger.java","42113","156493","198606"
"2013-10-22 07:44","EntryLogger.java","18919","139905","158824"
"2012-03-16 10:41","EntryLogger.java","11321","28922","40243"
"2012-06-13 16:57","EntryLogger.java","12599","37073","49672"
"2012-02-15 16:11","EntryLogger.java","4626","16644","21270"
"2013-05-04 14:22","EntryLogger.java","18739","132118","150857"
"2011-11-18 11:18","EntryLogger.java","3592","7221","10813"
"2011-12-16 12:43","EntryLogger.java","4277","11115","15392"
"2012-03-08 12:13","EntryLogger.java","4874","18730","23604"
"2017-01-31 02:11","EntryLogger.java","40280","103568","143848"
"2017-03-23 00:48","EntryLogger.java","40286","109995","150281"
"2016-07-14 23:02","EntryLogger.java","40229","88607","128836"
"2012-12-24 06:23","EntryLogger.java","17395","95703","113098"
"2012-12-10 11:04","EntryLogger.java","17197","90922","108119"
"2016-02-24 00:44","EntryLogger.java","19473","166628","186101"
"2011-11-11 11:24","EntryLogger.java","2245","2938","5183"
"2011-11-17 11:16","EntryLogger.java","2969","5310","8279"
"2015-04-21 10:02","EntryLogger.java","19430","162977","182407"
"2012-10-18 16:40","EntryLogger.java","16852","79284","96136"
"2012-07-26 04:32","EntryLogger.java","13989","48223","62212"
"2013-01-04 11:32","EntryLogger.java","17610","97309","114919"
"2015-04-21 09:44","EntryLogger.java","19430","162793","182223"
"2012-05-09 10:39","EntryLogger.java","12018","33322","45340"
"2012-05-07 18:48","EntryLogger.java","12010","32890","44900"
"2012-05-10 14:47","EntryLogger.java","12253","33843","46096"
"2012-05-17 19:07","EntryLogger.java","12540","35185","47725"
"2017-05-16 00:31","BookieJournalTest.java","263","681","944"
"2014-12-10 19:43","IOUtils.java","2558","14431","16989"
"2012-12-24 05:50","LedgerManagerFactory.java","9710","62556","72266"
"2017-06-01 23:58","LedgerManagerFactory.java","49427","105095","154522"
"2012-08-14 11:40","LedgerManagerFactory.java","3878","20481","24359"
"2012-09-07 07:04","LedgerManagerFactory.java","4844","33268","38112"
"2015-09-15 10:38","LedgerManagerFactory.java","15234","134204","149438"
"2015-07-10 22:48","ZooKeeperUtil.java","5783","37378","43161"
"2014-08-18 23:00","ZooKeeperUtil.java","5044","32299","37343"
"2014-12-10 19:43","ZooKeeperUtil.java","5497","34452","39949"
"2016-04-05 21:52","ZooKeeperUtil.java","109314","43835","153149"
"2012-12-18 12:00","TestLedgerUnderreplicationManager.java","3466","23073","26539"
"2013-05-31 12:02","TestLedgerUnderreplicationManager.java","7094","62821","69915"
"2013-10-12 05:42","TestLedgerUnderreplicationManager.java","8160","70692","78852"
"2015-07-10 22:48","TestLedgerUnderreplicationManager.java","10506","96333","106839"
"2012-12-08 11:42","TestLedgerUnderreplicationManager.java","2907","18452","21359"
"2012-10-16 17:01","TestLedgerUnderreplicationManager.java","207","1978","2185"
"2017-03-23 00:48","ClientConfiguration.java","112574","42182","154756"
"2016-04-05 08:45","ClientConfiguration.java","106892","13380","120272"
"2017-03-28 22:35","ClientConfiguration.java","112626","46486","159112"
"2017-01-31 02:14","ClientConfiguration.java","112457","36256","148713"
"2017-04-15 13:58","ClientConfiguration.java","112881","47841","160722"
"2017-03-23 00:59","ClientConfiguration.java","112581","42201","154782"
"2017-05-15 19:52","ClientConfiguration.java","113824","51438","165262"
"2016-10-13 07:50","ClientConfiguration.java","112206","27918","140124"
"2017-06-21 19:58","ClientConfiguration.java","115278","58215","173493"
"2017-06-05 21:48","ClientConfiguration.java","114978","56527","171505"
"2017-06-21 19:50","ClientConfiguration.java","115273","58100","173373"
"2017-08-02 00:49","ClientConfiguration.java","119520","85768","205288"
"2017-08-01 08:34","ClientConfiguration.java","118955","82618","201573"
"2017-06-30 00:12","ClientConfiguration.java","115603","61684","177287"
"2017-07-04 06:27","ClientConfiguration.java","115763","63805","179568"
"2017-01-31 04:01","ClientConfiguration.java","112459","41727","154186"
"2015-10-06 10:05","ClientConfiguration.java","1849","6282","8131"
"2015-10-06 10:48","ClientConfiguration.java","1855","6514","8369"
"2016-02-09 08:32","ClientConfiguration.java","2041","8565","10606"
"2014-12-06 07:54","ClientConfiguration.java","277","1195","1472"
"2016-08-01 08:04","ClientConfiguration.java","107317","16259","123576"
"2013-08-21 13:19","BookKeeperAdmin.java","18946","132157","151103"
"2017-10-17 09:32","BookKeeperAdmin.java","44532","142519","187051"
"2017-06-01 23:58","BookKeeperAdmin.java","42667","117202","159869"
"2017-04-11 20:19","BookKeeperAdmin.java","42182","110232","152414"
"2014-02-21 19:01","BookKeeperAdmin.java","19558","140230","159788"
"2014-02-05 22:43","BookKeeperAdmin.java","19520","139029","158549"
"2012-03-31 10:58","BookKeeperAdmin.java","9341","22607","31948"
"2017-07-07 05:11","BookKeeperAdmin.java","42742","126192","168934"
"2013-02-26 04:12","BookKeeperAdmin.java","18505","124020","142525"
"2016-11-09 03:05","BookKeeperAdmin.java","42136","91896","134032"
"2016-11-30 00:07","BookKeeperAdmin.java","42136","92560","134696"
"2016-09-10 21:01","BookKeeperAdmin.java","42054","88129","130183"
"2016-07-14 23:02","BookKeeperAdmin.java","42049","84054","126103"
"2016-10-13 09:27","BookKeeperAdmin.java","42136","91562","133698"
"2012-11-30 04:54","BookKeeperAdmin.java","16599","83270","99869"
"2012-07-18 17:00","BookKeeperAdmin.java","12704","40486","53190"
"2013-02-08 19:08","BookKeeperAdmin.java","17756","123243","140999"
"2016-03-16 05:03","BookKeeperAdmin.java","41999","79512","121511"
"2016-03-08 07:18","BookKeeperAdmin.java","20196","161995","182191"
"2014-12-06 08:03","BookKeeperAdmin.java","19978","154708","174686"
"2012-09-03 18:54","BookKeeperAdmin.java","13513","59338","72851"
"2014-04-24 10:43","BookKeeperAdmin.java","19566","142210","161776"
"2012-10-05 16:24","BookKeeperAdmin.java","15762","68656","84418"
"2012-09-07 07:04","BookKeeperAdmin.java","13543","60834","74377"
"2014-09-06 07:51","BookKeeperAdmin.java","19961","153554","173515"
"2012-08-19 11:39","BookKeeperAdmin.java","13332","53298","66630"
"2012-05-10 14:47","BookKeeperAdmin.java","9997","25214","35211"
"2013-05-10 12:45","BookKeeperAdmin.java","18740","126076","144816"
"2012-08-24 22:44","BookKeeperAdmin.java","13330","54188","67518"
"2016-12-21 01:48","EntryMemTable.java","112852","37565","150417"
"2017-01-31 04:01","Bookie.java","111377","50710","162087"
"2017-03-28 22:37","Bookie.java","111530","55670","167200"
"2016-01-26 22:11","Bookie.java","3624","20081","23705"
"2015-03-18 07:38","Bookie.java","2678","15883","18561"
"2015-04-21 09:17","Bookie.java","2721","16028","18749"
"2014-09-23 17:53","Bookie.java","2169","12317","14486"
"2017-07-04 06:27","Bookie.java","114172","72279","186451"
"2017-06-05 22:25","Bookie.java","113690","66011","179701"
"2014-08-02 20:02","Bookie.java","1394","9450","10844"
"2017-06-28 23:24","Bookie.java","113786","68060","181846"
"2017-07-07 08:19","Bookie.java","114199","74269","188468"
"2017-05-16 00:31","Bookie.java","112642","60739","173381"
"2014-08-18 23:03","Bookie.java","1768","11292","13060"
"2017-06-01 23:58","Bookie.java","113479","64351","177830"
"2017-08-02 00:49","Bookie.java","117826","94139","211965"
"2016-11-18 00:18","Bookie.java","111302","37534","148836"
"2017-03-28 22:35","Bookie.java","111490","55415","166905"
"2016-07-14 23:02","Bookie.java","108469","26811","135280"
"2017-06-05 20:30","Bookie.java","113591","64821","178412"
"2016-11-30 00:02","Bookie.java","111328","38090","149418"
"2017-03-22 22:54","Bookie.java","111482","51103","162585"
"2017-08-16 03:37","BookieServer.java","121440","96330","217770"
"2017-08-02 00:49","BookieServer.java","119826","88083","207909"
"2017-06-28 23:24","BookieServer.java","115626","61844","177470"
"2017-06-01 23:58","BookieServer.java","115213","58029","173242"
"2017-10-17 09:32","BookieServer.java","131088","97356","228444"
"2013-01-14 16:59","BookieServer.java","11947","71845","83792"
"2013-01-09 17:18","BookieServer.java","11824","70658","82482"
"2013-02-12 11:16","BookieServer.java","12933","103417","116350"
"2013-04-02 17:38","BookieServer.java","13190","104677","117867"
"2017-08-16 03:37","BookieServer.java","51018","142751","193769"
"2017-08-02 00:49","BookieServer.java","50127","135227","185354"
"2013-07-03 17:39","BookieServer.java","13538","110514","124052"
"2013-07-24 16:55","BookieServer.java","13567","111411","124978"
"2014-02-05 22:43","BookieServer.java","15043","119676","134719"
"2017-06-28 23:24","BookieServer.java","49174","112235","161409"
"2013-06-15 19:05","BookieServer.java","13515","110174","123689"
"2017-06-01 23:58","BookieServer.java","49118","108777","157895"
"2017-10-17 09:32","BookieServer.java","51933","135044","186977"
"2014-08-02 20:02","BookieServer.java","15601","132444","148045"
"2013-12-06 07:39","BookieServer.java","14560","116946","131506"
"2012-07-23 23:39","BookieServer.java","5105","18079","23184"
"2012-07-09 04:09","BookieServer.java","3302","13367","16669"
"2012-10-18 16:40","BookieServer.java","9516","50699","60215"
"2014-01-21 05:05","BookieServer.java","14600","118084","132684"
"2016-02-09 08:28","BookieShell.java","1455","5126","6581"
"2016-03-16 05:03","BookieShell.java","106259","7197","113456"
"2017-06-01 23:58","BookieShell.java","114412","52372","166784"
"2017-07-07 05:11","BookieShell.java","115375","62250","177625"
"2017-01-11 07:37","BookieShell.java","111970","32077","144047"
"2016-12-21 01:42","BookieShell.java","111959","31708","143667"
"2017-01-11 07:34","BookieShell.java","111970","31953","143923"
"2016-11-30 00:02","BookieShell.java","111925","25775","137700"
"2017-01-30 23:25","BookieShell.java","111975","32257","144232"
"2017-03-28 22:35","BookieShell.java","112159","43172","155331"
"2017-01-30 21:31","BookieShell.java","111972","32146","144118"
"2017-03-22 22:54","BookieShell.java","112102","38811","150913"
"2017-06-21 19:58","PendingReadOp.java","81111","90421","171532"
"2017-06-05 21:48","PendingReadOp.java","81062","88984","170046"
"2017-06-05 22:13","PendingReadOp.java","81064","89399","170463"
"2017-06-01 11:42","PendingReadOp.java","80373","87586","167959"
"2017-06-01 22:39","PendingReadOp.java","80974","87769","168743"
"2013-09-11 00:34","PendingReadOp.java","6792","52743","59535"
"2014-02-05 22:43","PendingReadOp.java","8838","60992","69830"
"2013-03-25 18:02","PendingReadOp.java","6036","44964","51000"
"2017-05-15 19:52","PendingReadOp.java","80204","84191","164395"
"2015-04-21 09:17","PendingReadOp.java","10093","79708","89801"
"2016-02-09 08:39","PendingReadOp.java","10715","83669","94384"
"2016-02-09 08:32","PendingReadOp.java","10715","83612","94327"
"2012-12-13 13:07","PendingReadOp.java","2248","4070","6318"
"2017-07-04 06:27","PendingReadOp.java","81339","95754","177093"
"2014-01-21 05:19","PendingReadOp.java","8085","59436","67521"
"2012-12-24 05:50","InterleavedLedgerStorage.java","10970","68176","79146"
"2012-12-18 13:04","InterleavedLedgerStorage.java","10585","67683","78268"
"2016-11-18 00:18","InterleavedLedgerStorage.java","47561","82949","130510"
"2013-12-02 18:45","InterleavedLedgerStorage.java","14547","117150","131697"
"2013-05-04 14:22","InterleavedLedgerStorage.java","13338","105837","119175"
"2012-06-13 16:57","InterleavedLedgerStorage.java","1054","4648","5702"
"2014-01-15 15:58","InterleavedLedgerStorage.java","14566","117513","132079"
"2014-01-21 17:26","InterleavedLedgerStorage.java","14659","119151","133810"
"2013-10-02 06:23","InterleavedLedgerStorage.java","13624","112434","126058"
"2017-05-16 00:31","InterleavedLedgerStorage.java","48163","105416","153579"
"2012-05-25 17:13","InterleavedLedgerStorage.java","890","2854","3744"
"2012-05-09 13:00","InterleavedLedgerStorage.java","63","487","550"
"2014-08-02 20:02","InterleavedLedgerStorage.java","15591","132803","148394"
"2017-07-04 06:27","InterleavedLedgerStorage.java","48920","116183","165103"
"2012-10-18 16:40","InterleavedLedgerStorage.java","9546","51098","60644"
"2015-04-21 09:55","InterleavedLedgerStorage.java","15868","138502","154370"
"2017-01-31 04:01","InterleavedLedgerStorage.java","47607","96096","143703"
"2016-03-08 06:49","InterleavedLedgerStorage.java","16306","142933","159239"
"2017-03-28 22:37","InterleavedLedgerStorage.java","47654","100950","148604"
"2015-04-21 09:17","InterleavedLedgerStorage.java","15857","138320","154177"
"2016-11-12 03:35","PacketProcessorBaseV3.java","110926","22531","133457"
"2017-05-15 19:52","PacketProcessorBaseV3.java","112499","45680","158179"
"2017-06-05 22:25","PacketProcessorBaseV3.java","113935","51758","165693"
"2015-09-15 10:38","GcLedgersTest.java","6053","37440","43493"
"2016-04-27 09:55","GcLedgersTest.java","109476","44046","153522"
"2017-03-28 22:37","GcLedgersTest.java","111195","72548","183743"
"2016-03-08 06:49","GcLedgersTest.java","6373","41057","47430"
"2017-07-04 06:27","GcLedgersTest.java","113323","88643","201966"
"2014-07-24 01:41","GcLedgersTest.java","4586","23403","27989"
"2013-07-29 12:30","GcLedgersTest.java","848","7162","8010"
"2017-05-16 00:31","GcLedgersTest.java","112069","77379","189448"
"2016-11-18 00:18","InterleavedLedgerStorage.java","112786","30962","143748"
"2017-05-16 00:31","InterleavedLedgerStorage.java","114344","54385","168729"
"2017-07-04 06:27","InterleavedLedgerStorage.java","116075","66126","182201"
"2015-04-21 09:55","InterleavedLedgerStorage.java","1421","6843","8264"
"2017-01-31 04:01","InterleavedLedgerStorage.java","112860","44137","156997"
"2016-03-08 06:49","InterleavedLedgerStorage.java","2704","12119","14823"
"2017-03-28 22:37","InterleavedLedgerStorage.java","113036","49120","162156"
"2015-04-21 09:17","InterleavedLedgerStorage.java","1381","6632","8013"
"2017-05-15 19:52","SlowBookieTest.java","112606","66682","179288"
"2014-02-05 22:43","SlowBookieTest.java","1599","3842","5441"
"2014-01-21 05:05","SlowBookieTest.java","347","1441","1788"
"2017-08-02 00:49","ClientConfiguration.java","5371","23577","28948"
"2017-08-01 08:34","ClientConfiguration.java","4431","20052","24483"
"2012-12-18 12:00","TestLedgerUnderreplicationManager.java","5830","41675","47505"
"2013-05-31 12:02","TestLedgerUnderreplicationManager.java","9164","81129","90293"
"2013-10-12 05:42","TestLedgerUnderreplicationManager.java","10149","88919","99068"
"2012-10-04 12:40","TestLedgerUnderreplicationManager.java","3879","20117","23996"
"2015-07-10 22:48","TestLedgerUnderreplicationManager.java","12064","114129","126193"
"2012-08-28 14:25","TestLedgerUnderreplicationManager.java","1040","9797","10837"
"2012-08-24 21:51","TestLedgerUnderreplicationManager.java","787","5355","6142"
"2012-08-27 12:09","TestLedgerUnderreplicationManager.java","796","6299","7095"
"2012-12-08 11:42","TestLedgerUnderreplicationManager.java","5487","37270","42757"
"2012-10-16 17:01","TestLedgerUnderreplicationManager.java","3892","21901","25793"
"2017-07-28 20:12","LedgerMetadataImpl.java","2875","14704","17579"
"2016-11-12 03:35","PacketProcessorBase.java","111832","24628","136460"
"2017-05-15 19:52","PacketProcessorBase.java","113312","47684","160996"
"2012-12-12 11:20","BookieRecoveryTest.java","48","1098","1146"
"2017-06-30 00:12","BookieRecoveryTest.java","80705","93158","173863"
"2014-07-24 01:41","BookieRecoveryTest.java","7602","65513","73115"
"2017-04-11 20:15","BookieRecoveryTest.java","79203","79895","159098"
"2017-05-15 19:52","BookieRecoveryTest.java","79700","83686","163386"
"2013-08-13 14:32","BookieRecoveryTest.java","4819","50398","55217"
"2014-02-05 22:43","BookieRecoveryTest.java","6994","59147","66141"
"2012-05-07 18:48","LedgerCache.java","1259","4187","5446"
"2017-07-04 06:27","LedgerCache.java","47942","118133","166075"
"2017-05-16 00:31","LedgerCache.java","47209","107390","154599"
"2012-12-18 13:04","LedgerCache.java","11232","71258","82490"
"2016-11-18 00:18","LedgerCache.java","46669","84985","131654"
"2017-05-15 19:52","CRC32DigestManager.java","43342","112240","155582"
"2014-07-24 01:41","BookieShutdownTest.java","2731","10980","13711"
"2017-01-31 04:01","Bookie.java","112589","64050","176639"
"2017-03-28 22:37","Bookie.java","112689","68957","181646"
"2016-01-26 22:11","Bookie.java","6246","34831","41077"
"2015-03-18 07:38","Bookie.java","5505","30838","36343"
"2015-04-21 09:17","Bookie.java","5507","30942","36449"
"2013-06-21 19:26","Bookie.java","17","144","161"
"2014-09-23 17:53","Bookie.java","5134","27410","32544"
"2017-07-04 06:27","Bookie.java","114840","85075","199915"
"2017-06-05 22:25","Bookie.java","114498","78947","193445"
"2014-02-06 09:25","Bookie.java","3444","11426","14870"
"2014-04-29 22:07","Bookie.java","3819","15306","19125"
"2013-12-06 07:39","Bookie.java","1970","7697","9667"
"2014-08-02 20:02","Bookie.java","4633","24817","29450"
"2013-10-02 07:01","Bookie.java","514","2486","3000"
"2017-06-28 23:24","Bookie.java","114567","80969","195536"
"2017-07-07 08:19","Bookie.java","114830","87028","201858"
"2013-09-11 00:34","Bookie.java","461","2232","2693"
"2014-01-21 17:26","Bookie.java","2460","9924","12384"
"2013-10-12 05:42","Bookie.java","1526","4231","5757"
"2013-10-22 16:21","Bookie.java","1895","5367","7262"
"2017-05-16 00:31","Bookie.java","113568","73793","187361"
"2013-07-24 16:55","Bookie.java","224","1409","1633"
"2014-02-05 22:43","Bookie.java","3442","11416","14858"
"2014-08-18 23:03","Bookie.java","5006","26658","31664"
"2014-05-09 14:04","Bookie.java","3837","15965","19802"
"2017-06-01 23:58","Bookie.java","114345","77345","191690"
"2017-08-02 00:49","Bookie.java","117951","106392","224343"
"2013-12-02 18:45","Bookie.java","1956","7531","9487"
"2016-11-18 00:18","Bookie.java","112529","50889","163418"
"2017-03-28 22:35","Bookie.java","112671","68724","181395"
"2016-07-14 23:02","Bookie.java","109862","40332","150194"
"2017-06-05 20:30","Bookie.java","114404","77762","192166"
"2016-11-30 00:02","Bookie.java","112555","51445","164000"
"2017-03-22 22:54","Bookie.java","112671","64420","177091"
"2017-06-21 19:58","PendingReadOp.java","40535","123573","164108"
"2017-06-05 21:48","PendingReadOp.java","40515","122165","162680"
"2017-06-05 22:13","PendingReadOp.java","40516","122579","163095"
"2017-06-01 11:42","PendingReadOp.java","40521","121462","161983"
"2017-06-01 22:39","PendingReadOp.java","40527","121050","161577"
"2013-09-11 00:34","PendingReadOp.java","18868","138547","157415"
"2014-02-05 22:43","PendingReadOp.java","19159","145041","164200"
"2012-03-31 10:58","PendingReadOp.java","11840","31479","43319"
"2013-03-25 18:02","PendingReadOp.java","18737","131393","150130"
"2017-05-15 19:52","PendingReadOp.java","40437","118152","158589"
"2012-11-07 17:27","PendingReadOp.java","17036","85396","102432"
"2015-04-21 09:17","PendingReadOp.java","19430","162773","182203"
"2012-12-03 10:46","PendingReadOp.java","17081","90809","107890"
"2016-02-09 08:39","PendingReadOp.java","19474","166156","185630"
"2016-02-09 08:32","PendingReadOp.java","19474","166099","185573"
"2012-12-13 13:07","PendingReadOp.java","17306","92856","110162"
"2017-07-04 06:27","PendingReadOp.java","40546","128689","169235"
"2014-01-21 05:19","PendingReadOp.java","19001","144080","163081"
"2017-10-17 09:32","BookKeeperAdmin.java","26351","86825","113176"
"2017-06-01 23:58","BookKeeperAdmin.java","8607","45629","54236"
"2017-04-11 20:19","BookKeeperAdmin.java","6420","36957","43377"
"2017-07-07 05:11","BookKeeperAdmin.java","9676","55613","65289"
"2016-11-09 03:05","BookKeeperAdmin.java","5932","18179","24111"
"2016-11-30 00:07","BookKeeperAdmin.java","6001","18912","24913"
"2016-09-10 21:01","BookKeeperAdmin.java","4250","12812","17062"
"2016-07-14 23:02","BookKeeperAdmin.java","816","5308","6124"
"2016-10-13 09:27","BookKeeperAdmin.java","5904","17817","23721"
"2017-10-17 09:32","BookKeeperAdmin.java","130873","87061","217934"
"2017-06-01 23:58","BookKeeperAdmin.java","113153","45889","159042"
"2017-04-11 20:19","BookKeeperAdmin.java","110967","37218","148185"
"2017-07-07 05:11","BookKeeperAdmin.java","114218","55869","170087"
"2016-11-09 03:05","BookKeeperAdmin.java","110483","18444","128927"
"2016-11-30 00:07","BookKeeperAdmin.java","110552","19177","129729"
"2016-09-10 21:01","BookKeeperAdmin.java","108809","13085","121894"
"2016-07-14 23:02","BookKeeperAdmin.java","105375","5581","110956"
"2016-10-13 09:27","BookKeeperAdmin.java","110455","18082","128537"
"2016-03-16 05:03","BookKeeperAdmin.java","104561","275","104836"
"2017-07-04 06:27","Bookie.java","1257","8492","9749"
"2017-06-05 22:25","Bookie.java","449","1898","2347"
"2017-06-28 23:24","Bookie.java","613","4015","4628"
"2017-07-07 08:19","Bookie.java","1351","10549","11900"
"2017-08-02 00:49","Bookie.java","6431","31872","38303"
"2017-06-05 20:30","Bookie.java","168","526","694"
"2016-07-14 23:02","TestClient.java","66128","60806","126934"
"2013-02-08 19:08","TestClient.java","7671","65831","73502"
"2014-02-05 22:43","TestReplicationWorker.java","11016","82515","93531"
"2013-05-31 12:02","TestReplicationWorker.java","8982","68407","77389"
"2013-06-15 19:05","TestReplicationWorker.java","9057","72582","81639"
"2012-12-18 12:00","TestReplicationWorker.java","5425","28730","34155"
"2013-01-14 16:59","TestReplicationWorker.java","7291","34055","41346"
"2016-04-27 09:00","TestReplicationWorker.java","65830","58341","124171"
"2012-12-08 11:18","TestReplicationWorker.java","4880","24123","29003"
"2012-10-05 16:24","TestReplicationWorker.java","3002","7886","10888"
"2015-07-10 22:48","TestReplicationWorker.java","12342","101867","114209"
"2014-07-24 01:41","TestReplicationWorker.java","11574","88831","100405"
"2015-09-15 10:38","LedgerManager.java","19790","156149","175939"
"2012-06-19 12:39","LedgerManager.java","10420","27809","38229"
"2014-01-17 18:13","LedgerManager.java","18782","135114","153896"
"2013-04-04 11:21","LedgerManager.java","18287","123259","141546"
"2012-12-24 05:50","LedgerManager.java","16706","86941","103647"
"2017-06-21 19:58","PendingReadOp.java","113875","50231","164106"
"2017-06-05 21:48","PendingReadOp.java","113555","48523","162078"
"2017-06-05 22:13","PendingReadOp.java","113564","48945","162509"
"2017-06-01 11:42","PendingReadOp.java","112666","46925","159591"
"2017-06-01 22:39","PendingReadOp.java","113327","47168","160495"
"2017-05-15 19:52","PendingReadOp.java","112343","43376","155719"
"2017-07-04 06:27","PendingReadOp.java","114402","55863","170265"
"2016-10-13 07:50","UpdateLedgerCmdTest.java","111718","24583","136301"
"2015-10-06 10:05","TestPerChannelBookieClient.java","6202","32519","38721"
"2014-07-24 01:41","TestPerChannelBookieClient.java","4316","17739","22055"
"2014-05-27 13:56","TestPerChannelBookieClient.java","3888","16268","20156"
"2014-02-05 22:43","TestPerChannelBookieClient.java","3424","11089","14513"
"2017-05-16 00:31","TestPerChannelBookieClient.java","113609","73525","187134"
"2013-08-20 12:51","TestPerChannelBookieClient.java","250","1425","1675"
"2017-01-31 02:14","TestPerChannelBookieClient.java","112599","58282","170881"
"2016-04-05 08:45","TestPerChannelBookieClient.java","109547","37919","147466"
"2017-05-15 19:52","TestPerChannelBookieClient.java","113510","73008","186518"
"2017-07-07 08:19","CreateNewLogTest.java","114509","84002","198511"
"2017-01-30 23:25","CreateNewLogTest.java","112091","54708","166799"
"2013-08-21 13:19","AutoRecoveryMainTest.java","7447","67997","75444"
"2017-01-31 04:01","BookKeeper.java","1002","14558","15560"
"2017-06-30 00:12","BookKeeper.java","4934","35303","40237"
"2017-06-21 21:00","BookKeeper.java","4593","32491","37084"
"2017-03-28 22:35","BookKeeper.java","1240","19388","20628"
"2017-07-28 20:12","BookKeeper.java","6467","43391","49858"
"2017-05-15 19:52","BookKeeper.java","2924","24826","27750"
"2017-03-28 22:40","TestZkLedgerIdGenerator.java","111394","41588","152982"
"2017-07-07 05:11","BookieShell.java","1305","10220","11525"
"2016-11-12 03:35","PacketProcessorBaseV3.java","111832","24628","136460"
"2017-05-15 19:52","PacketProcessorBaseV3.java","113312","47684","160996"
"2015-10-06 10:05","PacketProcessorBaseV3.java","1056","2247","3303"
"2017-06-05 22:25","PacketProcessorBaseV3.java","114737","53751","168488"
"2012-12-13 18:34","BookieReadWriteTest.java","16953","81689","98642"
"2014-01-21 05:05","BookieReadWriteTest.java","19367","132174","151541"
"2012-06-19 12:39","BookieReadWriteTest.java","10527","23841","34368"
"2012-05-25 17:13","BookieReadWriteTest.java","9784","20702","30486"
"2014-07-24 01:41","BookieReadWriteTest.java","20055","139769","159824"
"2013-05-31 12:02","BookieReadWriteTest.java","18953","120835","139788"
"2013-08-21 13:19","BookKeeperAdmin.java","18033","135919","153952"
"2017-10-17 09:32","BookKeeperAdmin.java","41993","144655","186648"
"2017-06-01 23:58","BookKeeperAdmin.java","40364","119574","159938"
"2017-04-11 20:19","BookKeeperAdmin.java","40084","112809","152893"
"2014-02-21 19:01","BookKeeperAdmin.java","18534","143881","162415"
"2014-02-05 22:43","BookKeeperAdmin.java","18498","142682","161180"
"2012-03-31 10:58","BookKeeperAdmin.java","9907","27848","37755"
"2017-07-07 05:11","BookKeeperAdmin.java","40427","128552","168979"
"2011-11-18 11:18","BookKeeperAdmin.java","939","2870","3809"
"2013-02-26 04:12","BookKeeperAdmin.java","17613","127803","145416"
"2016-11-09 03:05","BookKeeperAdmin.java","40071","94506","134577"
"2016-11-30 00:07","BookKeeperAdmin.java","40078","95177","135255"
"2016-09-10 21:01","BookKeeperAdmin.java","39989","90739","130728"
"2016-07-14 23:02","BookKeeperAdmin.java","39986","86666","126652"
"2016-10-13 09:27","BookKeeperAdmin.java","40071","94172","134243"
"2012-11-30 04:54","BookKeeperAdmin.java","15960","87306","103266"
"2012-07-18 17:00","BookKeeperAdmin.java","12586","45043","57629"
"2013-02-08 19:08","BookKeeperAdmin.java","16880","127042","143922"
"2011-11-28 19:25","BookKeeperAdmin.java","1347","6022","7369"
"2016-03-16 05:03","BookKeeperAdmin.java","39948","82136","122084"
"2016-03-08 07:18","BookKeeperAdmin.java","18976","165450","184426"
"2014-12-06 08:03","BookKeeperAdmin.java","18903","158308","177211"
"2012-09-03 18:54","BookKeeperAdmin.java","13311","63811","77122"
"2014-04-24 10:43","BookKeeperAdmin.java","18538","145857","164395"
"2012-10-05 16:24","BookKeeperAdmin.java","15163","72732","87895"
"2012-09-07 07:04","BookKeeperAdmin.java","13332","65298","78630"
"2014-09-06 07:51","BookKeeperAdmin.java","18886","157154","176040"
"2012-08-19 11:39","BookKeeperAdmin.java","13147","57788","70935"
"2012-05-10 14:47","BookKeeperAdmin.java","10538","30430","40968"
"2013-05-10 12:45","BookKeeperAdmin.java","17838","129849","147687"
"2012-08-24 22:44","BookKeeperAdmin.java","13149","58682","71831"
"2017-06-21 19:58","PendingReadOp.java","113872","50285","164157"
"2017-06-05 21:48","PendingReadOp.java","113555","48580","162135"
"2017-06-05 22:13","PendingReadOp.java","113562","49000","162562"
"2017-06-01 11:42","PendingReadOp.java","112666","46982","159648"
"2017-06-01 22:39","PendingReadOp.java","113327","47225","160552"
"2017-05-15 19:52","PendingReadOp.java","112343","43433","155776"
"2017-07-04 06:27","PendingReadOp.java","114399","55917","170316"
"2017-06-30 00:12","BookKeeper.java","397","2868","3265"
"2017-07-28 20:12","BookKeeper.java","2421","11447","13868"
"2014-12-09 19:57","LedgerCloseTest.java","4167","24655","28822"
"2016-03-16 04:43","LedgerCloseTest.java","108886","31834","140720"
"2014-02-05 22:43","LedgerCloseTest.java","2261","7437","9698"
"2017-05-16 00:31","LedgerCloseTest.java","113071","70498","183569"
"2013-10-29 05:14","LedgerCloseTest.java","630","1440","2070"
"2015-03-12 08:21","AuditorPeriodicCheckTest.java","5119","34424","39543"
"2014-04-24 14:44","AuditorPeriodicCheckTest.java","3762","18973","22735"
"2013-10-11 08:36","AuditorPeriodicCheckTest.java","1488","7752","9240"
"2014-02-05 22:43","AuditorPeriodicCheckTest.java","3429","15503","18932"
"2017-05-16 00:31","AuditorPeriodicCheckTest.java","111835","76160","187995"
"2014-07-25 00:34","AuditorPeriodicCheckTest.java","4588","28242","32830"
"2016-09-10 21:01","AuditorPeriodicCheckTest.java","110690","49330","160020"
"2017-05-02 23:04","HierarchicalLedgerManagerFactory.java","67633","90194","157827"
"2015-09-15 10:38","HierarchicalLedgerManagerFactory.java","12707","103253","115960"
"2017-03-28 22:40","HierarchicalLedgerManagerFactory.java","67349","88089","155438"
"2017-05-04 20:58","AbstractZkLedgerManager.java","65822","91473","157295"
"2013-07-29 12:30","AbstractZkLedgerManager.java","9407","77944","87351"
"2017-06-01 23:58","AbstractZkLedgerManager.java","66732","97040","163772"
"2017-06-12 17:20","AbstractZkLedgerManager.java","66754","98839","165593"
"2012-12-24 05:50","AbstractZkLedgerManager.java","6402","33888","40290"
"2013-03-25 06:27","AbstractZkLedgerManager.java","8845","70558","79403"
"2017-03-28 22:40","AbstractZkLedgerManager.java","65566","89370","154936"
"2016-02-09 08:23","AbstractZkLedgerManager.java","12793","108648","121441"
"2015-09-15 10:38","AbstractZkLedgerManager.java","12696","106306","119002"
"2012-12-08 11:18","AbstractZkLedgerManager.java","5243","28269","33512"
"2016-02-23 19:16","AbstractZkLedgerManager.java","12798","108991","121789"
"2014-05-12 08:10","AbstractZkLedgerManager.java","11412","91166","102578"
"2014-01-17 18:13","AbstractZkLedgerManager.java","10571","84154","94725"
"2014-07-24 01:41","TestFencing.java","7615","61277","68892"
"2014-02-05 22:43","TestFencing.java","6869","54773","61642"
"2013-08-23 18:48","TestFencing.java","4670","46285","50955"
"2014-08-02 20:02","ServerConfiguration.java","6116","63061","69177"
"2014-05-06 12:30","ServerConfiguration.java","5423","53718","59141"
"2014-05-15 00:41","ServerConfiguration.java","5443","54652","60095"
"2014-09-18 06:47","ServerConfiguration.java","6188","65142","71330"
"2017-07-04 06:27","ServerConfiguration.java","82922","89918","172840"
"2014-03-07 13:14","ServerConfiguration.java","5255","51191","56446"
"2014-04-29 22:07","ServerConfiguration.java","5420","53668","59088"
"2016-04-14 00:51","ServerConfiguration.java","79268","45002","124270"
"2015-01-16 15:57","ServerConfiguration.java","6587","68513","75100"
"2013-02-08 19:08","ServerConfiguration.java","269","30982","31251"
"2016-03-08 06:49","ServerConfiguration.java","7581","73941","81522"
"2016-01-26 22:11","ServerConfiguration.java","7329","72675","80004"
"2014-01-21 05:05","ServerConfiguration.java","4130","47716","51846"
"2014-03-12 21:26","ServerConfiguration.java","5329","53067","58396"
"2016-04-05 18:47","ServerConfiguration.java","79248","44932","124180"
"2016-04-27 09:55","ServerConfiguration.java","79316","45562","124878"
"2015-04-21 09:55","ServerConfiguration.java","6639","69006","75645"
"2015-01-12 15:18","ServerConfiguration.java","6584","67572","74156"
"2015-04-21 10:02","ServerConfiguration.java","6635","69035","75670"
"2017-05-15 19:52","ServerConfiguration.java","81626","78194","159820"
"2017-03-22 22:54","ServerConfiguration.java","80941","69451","150392"
"2017-03-23 00:48","ServerConfiguration.java","80945","69507","150452"
"2017-01-31 02:11","ServerConfiguration.java","80853","62994","143847"
"2013-02-19 16:19","ServerConfiguration.java","1253","31919","33172"
"2013-02-19 16:15","ServerConfiguration.java","1247","31894","33141"
"2016-04-05 08:45","ServerConfiguration.java","79246","44688","123934"
"2016-11-09 03:02","ServerConfiguration.java","80820","55789","136609"
"2016-11-30 00:02","ServerConfiguration.java","80830","56481","137311"
"2017-06-05 20:30","ServerConfiguration.java","82510","82629","165139"
"2016-09-10 20:27","ServerConfiguration.java","80691","51871","132562"
"2017-08-02 00:49","ServerConfiguration.java","85987","111189","197176"
"2017-10-03 12:31","ServerConfiguration.java","92636","107995","200631"
"2017-08-16 03:37","ServerConfiguration.java","87208","119043","206251"
"2013-07-20 19:59","ServerConfiguration.java","2451","39781","42232"
"2013-12-02 18:45","ServerConfiguration.java","4014","46350","50364"
"2014-05-09 14:04","ServerConfiguration.java","5438","54327","59765"
"2017-05-26 12:38","ServerConfiguration.java","81757","80641","162398"
"2013-06-15 19:05","ServerConfiguration.java","2361","39122","41483"
"2014-01-15 15:58","ServerConfiguration.java","4094","46774","50868"
"2013-10-22 07:44","ServerConfiguration.java","3889","43728","47617"
"2017-07-07 08:19","ServerConfiguration.java","82912","91871","174783"
"2017-06-28 23:24","ServerConfiguration.java","82658","85821","168479"
"2017-11-08 12:27","ServerConfiguration.java","93984","127217","221201"
"2014-01-22 14:35","ServerConfiguration.java","4415","49016","53431"
"2013-10-12 05:42","ServerConfiguration.java","3684","43150","46834"
"2016-02-09 08:12","FlatLedgerManager.java","6198","39827","46025"
"2017-07-28 20:12","ClientConnectionPeer.java","5908","34745","40653"
"2014-01-21 05:19","LedgerDeleteOp.java","5379","52372","57751"
"2015-04-21 09:17","LedgerDeleteOp.java","7603","72860","80463"
"2015-10-06 10:05","LedgerDeleteOp.java","8250","74698","82948"
"2017-05-15 19:52","RequestProcessor.java","112690","65672","178362"
"2011-11-17 11:16","AsyncLedgerOpsTest.java","2969","5310","8279"
"2011-10-18 10:42","AsyncLedgerOpsTest.java","45","275","320"
"2014-07-24 01:41","AsyncLedgerOpsTest.java","19365","151005","170370"
"2012-06-19 12:39","AsyncLedgerOpsTest.java","12679","37919","50598"
"2016-07-14 23:02","BenchThroughputLatency.java","48305","73328","121633"
"2013-10-29 05:14","BenchThroughputLatency.java","13940","112101","126041"
"2013-10-14 16:43","BenchThroughputLatency.java","13764","111056","124820"
"2012-09-12 11:59","BenchThroughputLatency.java","5682","36516","42198"
"2014-07-15 09:09","BenchThroughputLatency.java","14646","122955","137601"
"2013-02-08 19:08","BenchThroughputLatency.java","11382","99887","111269"
"2011-11-18 11:18","BookieFailureTest.java","2545","5696","8241"
"2012-02-13 15:46","BookieFailureTest.java","3724","15252","18976"
"2012-12-20 06:48","BookieFailureTest.java","16886","94394","111280"
"2012-08-13 11:38","BookieFailureTest.java","13701","53341","67042"
"2014-07-24 01:41","BookieFailureTest.java","19054","150216","169270"
"2012-06-19 12:39","BookieFailureTest.java","11948","36710","48658"
"2013-01-04 11:32","ServerConfiguration.java","3971","10626","14597"
"2014-08-02 20:02","ServerConfiguration.java","9557","74605","84162"
"2014-05-06 12:30","ServerConfiguration.java","8949","65347","74296"
"2014-05-15 00:41","ServerConfiguration.java","8965","66277","75242"
"2014-09-18 06:47","ServerConfiguration.java","9625","76682","86307"
"2017-07-04 06:27","ServerConfiguration.java","81128","96227","177355"
"2014-03-07 13:14","ServerConfiguration.java","8884","62923","71807"
"2014-04-29 22:07","ServerConfiguration.java","8949","65300","74249"
"2016-04-14 00:51","ServerConfiguration.java","77936","51773","129709"
"2015-01-16 15:57","ServerConfiguration.java","9994","80023","90017"
"2013-02-08 19:08","ServerConfiguration.java","4817","43633","48450"
"2016-03-08 06:49","ServerConfiguration.java","10769","85232","96001"
"2016-01-26 22:11","ServerConfiguration.java","10556","84005","94561"
"2014-01-21 05:05","ServerConfiguration.java","7996","59685","67681"
"2014-03-12 21:26","ServerConfiguration.java","8909","64750","73659"
"2016-04-05 18:47","ServerConfiguration.java","77916","51703","129619"
"2016-04-27 09:55","ServerConfiguration.java","77972","52321","130293"
"2015-04-21 09:55","ServerConfiguration.java","10038","80508","90546"
"2015-01-12 15:18","ServerConfiguration.java","9992","79083","89075"
"2015-04-21 10:02","ServerConfiguration.java","10034","80537","90571"
"2013-01-14 16:59","ServerConfiguration.java","4596","12699","17295"
"2017-05-15 19:52","ServerConfiguration.java","80036","84707","164743"
"2017-03-22 22:54","ServerConfiguration.java","79441","76054","155495"
"2012-12-11 18:59","ServerConfiguration.java","2046","3002","5048"
"2017-03-23 00:48","ServerConfiguration.java","79445","76110","155555"
"2017-01-31 02:11","ServerConfiguration.java","79355","69599","148954"
"2013-02-19 16:19","ServerConfiguration.java","5704","44473","50177"
"2013-02-19 16:15","ServerConfiguration.java","5699","44449","50148"
"2016-04-05 08:45","ServerConfiguration.java","77914","51459","129373"
"2016-11-09 03:02","ServerConfiguration.java","79322","62394","141716"
"2016-11-30 00:02","ServerConfiguration.java","79332","63086","142418"
"2017-06-05 20:30","ServerConfiguration.java","80883","89105","169988"
"2016-09-10 20:27","ServerConfiguration.java","79197","58480","137677"
"2017-08-02 00:49","ServerConfiguration.java","84109","117414","201523"
"2017-10-03 12:31","ServerConfiguration.java","89832","113294","203126"
"2017-08-16 03:37","ServerConfiguration.java","85141","125079","210220"
"2013-07-20 19:59","ServerConfiguration.java","6599","52032","58631"
"2013-12-02 18:45","ServerConfiguration.java","7885","58324","66209"
"2014-05-09 14:04","ServerConfiguration.java","8963","65955","74918"
"2017-05-26 12:38","ServerConfiguration.java","80162","87149","167311"
"2013-06-15 19:05","ServerConfiguration.java","6526","51390","57916"
"2014-01-15 15:58","ServerConfiguration.java","7965","58748","66713"
"2013-10-22 07:44","ServerConfiguration.java","7769","55711","63480"
"2017-07-07 08:19","ServerConfiguration.java","81117","98179","179296"
"2017-06-28 23:24","ServerConfiguration.java","80942","92208","173150"
"2017-11-08 12:27","ServerConfiguration.java","91032","132368","223400"
"2014-01-22 14:35","ServerConfiguration.java","8258","60962","69220"
"2013-10-12 05:42","ServerConfiguration.java","7661","55230","62891"
"2011-11-18 11:18","BookieZKExpireTest.java","3592","7221","10813"
"2012-03-15 10:37","BookieZKExpireTest.java","11307","28799","40106"
"2013-03-25 06:27","BookieZKExpireTest.java","18695","131008","149703"
"2012-12-15 03:08","BookieZKExpireTest.java","17338","94584","111922"
"2014-12-10 19:43","BookieZKExpireTest.java","19422","160690","180112"
"2016-01-26 22:11","BookieZKExpireTest.java","19475","165968","185443"
"2017-06-01 23:58","SASLBookieAuthProvider.java","1148","2055","3203"
"2017-05-15 19:52","LedgerHandle.java","52076","99016","151092"
"2017-05-02 22:07","LedgerHandle.java","51633","96219","147852"
"2017-03-23 15:55","LedgerHandle.java","51569","90529","142098"
"2012-12-28 12:32","LedgerHandle.java","8637","55970","64607"
"2016-09-10 21:01","LedgerHandle.java","51400","73073","124473"
"2016-07-11 23:01","LedgerHandle.java","50997","68566","119563"
"2013-04-26 18:38","LedgerHandle.java","10630","92874","103504"
"2013-10-14 18:32","LedgerHandle.java","11945","101876","113821"
"2014-02-05 22:43","LedgerHandle.java","12641","107748","120389"
"2014-02-21 19:01","LedgerHandle.java","12731","109001","121732"
"2017-05-17 08:57","LedgerHandle.java","52151","99568","151719"
"2017-05-25 14:23","LedgerHandle.java","52180","101402","153582"
"2017-06-21 19:50","LedgerHandle.java","52807","104960","157767"
"2017-06-21 21:00","LedgerHandle.java","52810","105746","158556"
"2017-06-01 23:58","LedgerHandle.java","52761","102894","155655"
"2012-09-12 11:59","LedgerHandle.java","3511","26925","30436"
"2014-01-21 05:19","LedgerHandle.java","12217","106521","118738"
"2014-09-18 06:47","LedgerHandle.java","13265","122591","135856"
"2014-12-09 19:57","LedgerHandle.java","13333","123752","137085"
"2017-07-04 06:27","LedgerHandle.java","52912","110280","163192"
"2017-06-30 00:12","LedgerHandle.java","52827","108234","161061"
"2014-05-30 14:01","LedgerHandle.java","12831","113035","125866"
"2014-05-30 15:07","LedgerHandle.java","12851","113094","125945"
"2014-01-17 18:13","LedgerHandle.java","12152","105560","117712"
"2013-01-07 12:25","LedgerHandle.java","8898","58034","66932"
"2012-08-28 10:51","LedgerHandle.java","3228","23058","26286"
"2012-09-14 11:53","LedgerHandle.java","3604","27253","30857"
"2016-02-09 08:32","LedgerHandle.java","13955","129805","143760"
"2016-03-16 05:03","LedgerHandle.java","50931","64042","114973"
"2015-10-22 09:22","LedgerHandle.java","13872","128687","142559"
"2015-10-06 10:05","LedgerHandle.java","13863","127622","141485"
"2017-01-31 04:01","LedgerHandle.java","51519","90113","141632"
"2015-04-21 09:39","LedgerHandle.java","13536","126124","139660"
"2015-10-06 11:12","LedgerHandle.java","13864","127863","141727"
"2014-12-05 14:10","LedgerHandle.java","13315","123285","136600"
"2014-12-10 19:43","BookieInitializationTest.java","5481","28794","34275"
"2014-06-06 15:29","BookieInitializationTest.java","4017","17694","21711"
"2015-07-10 22:48","BookieInitializationTest.java","5795","31748","37543"
"2013-10-02 07:01","BookieInitializationTest.java","513","2438","2951"
"2013-07-24 16:55","BookieInitializationTest.java","223","1361","1584"
"2014-01-21 17:26","BookieInitializationTest.java","2460","9877","12337"
"2013-10-12 05:42","BookieInitializationTest.java","1526","4184","5710"
"2017-07-07 08:19","BookieInitializationTest.java","114848","86999","201847"
"2017-06-28 23:24","BookieInitializationTest.java","114586","80941","195527"
"2017-07-28 06:39","BookieInitializationTest.java","115493","89533","205026"
"2017-08-02 00:49","BookieInitializationTest.java","117969","106363","224332"
"2017-06-05 20:30","BookieInitializationTest.java","114423","77734","192157"
"2017-05-15 19:52","BookieInitializationTest.java","113487","73247","186734"
"2014-02-05 22:43","BookieClientTest.java","19072","137282","156354"
"2013-10-12 05:42","BookieClientTest.java","18583","131524","150107"
"2017-06-21 19:58","BookieClientTest.java","43269","118635","161904"
"2014-07-25 00:34","BookieClientTest.java","19510","149300","168810"
"2017-03-28 22:35","BookieClientTest.java","42728","109017","151745"
"2016-12-17 02:39","BookieClientTest.java","42694","97266","139960"
"2017-05-15 19:52","BookieClientTest.java","43098","113141","156239"
"2014-12-10 19:43","BookieClientTest.java","19552","153148","172700"
"2015-10-06 10:05","BookieClientTest.java","19748","156610","176358"
"2014-07-24 01:41","BookieClientTest.java","19368","143336","162704"
"2014-03-07 13:30","NativeIO.java","3642","12248","15890"
"2013-10-14 16:43","NativeIO.java","1547","3717","5264"
"2014-02-05 22:43","BookieClientTest.java","18498","142682","161180"
"2013-10-12 05:42","BookieClientTest.java","18094","137009","155103"
"2017-06-21 19:58","BookieClientTest.java","40393","121733","162126"
"2011-11-18 11:18","BookieClientTest.java","939","2870","3809"
"2014-07-25 00:34","BookieClientTest.java","18889","154653","173542"
"2017-03-28 22:35","BookieClientTest.java","40082","112345","152427"
"2016-12-17 02:39","BookieClientTest.java","40083","100629","140712"
"2017-05-15 19:52","BookieClientTest.java","40249","116266","156515"
"2014-12-10 19:43","BookieClientTest.java","18915","158485","177400"
"2012-01-13 18:06","BookieClientTest.java","2014","7988","10002"
"2015-10-06 10:05","BookieClientTest.java","18962","161798","180760"
"2014-07-24 01:41","BookieClientTest.java","18739","148681","167420"
"2016-11-18 00:44","BookieWatcher.java","110766","41295","152061"
"2016-12-21 01:48","LedgerCacheTest.java","110979","42144","153123"
"2019-02-20 11:43","LedgerCacheTest.java","135568","405410","540978"
"2017-05-16 00:31","LedgerCacheTest.java","112271","58764","171035"
"2014-12-10 19:43","LedgerCacheTest.java","1949","11577","13526"
"2016-03-08 06:49","LedgerCacheTest.java","3369","19236","22605"
"2016-09-10 20:27","LocalBookiesRegistry.java","4363","9859","14222"
"2017-03-23 15:58","LocalBookiesRegistry.java","6809","29772","36581"
"2017-05-16 00:31","BookieProtocol.java","40269","116704","156973"
"2017-06-01 21:20","BookieProtocol.java","40382","119144","159526"
"2012-02-13 11:19","BookieProtocol.java","2295","12523","14818"
"2012-04-02 12:38","BookieProtocol.java","9922","28001","37923"
"2013-03-18 00:31","BookieProtocol.java","17715","127963","145678"
"2016-04-05 08:45","BookieProtocol.java","39944","84835","124779"
"2013-02-12 11:16","BookieProtocol.java","17617","127652","145269"
"2017-05-15 19:52","BookieProtocol.java","40249","116266","156515"
"2012-10-18 16:40","BookieProtocol.java","15728","76462","92190"
"2017-06-05 22:25","BookieProtocol.java","40372","121031","161403"
"2012-05-25 17:13","BookieProtocol.java","10849","31995","42844"
"2017-07-04 06:27","ServerConfiguration.java","2652","13080","15732"
"2017-06-05 20:30","ServerConfiguration.java","1582","5133","6715"
"2017-08-02 00:49","ServerConfiguration.java","7739","36373","44112"
"2017-10-03 12:31","ServerConfiguration.java","32773","51564","84337"
"2017-08-16 03:37","ServerConfiguration.java","10175","45442","55617"
"2017-05-26 12:38","ServerConfiguration.java","366","2682","3048"
"2017-07-07 08:19","ServerConfiguration.java","2743","15134","17877"
"2017-06-28 23:24","ServerConfiguration.java","2009","8604","10613"
"2017-11-08 12:27","ServerConfiguration.java","36593","73258","109851"
"2017-07-04 06:27","ServerConfiguration.java","4542","23028","27570"
"2017-05-15 19:52","ServerConfiguration.java","2093","10151","12244"
"2017-03-23 00:48","ServerConfiguration.java","7","59","66"
"2017-06-05 20:30","ServerConfiguration.java","3538","15147","18685"
"2017-08-02 00:49","ServerConfiguration.java","9194","45886","55080"
"2017-10-03 12:31","ServerConfiguration.java","32188","59037","91225"
"2017-08-16 03:37","ServerConfiguration.java","11628","54953","66581"
"2017-05-26 12:38","ServerConfiguration.java","2402","12776","15178"
"2017-07-07 08:19","ServerConfiguration.java","4606","25055","29661"
"2017-06-28 23:24","ServerConfiguration.java","3944","18597","22541"
"2017-11-08 12:27","ServerConfiguration.java","35668","80391","116059"
"2017-08-16 03:41","RackawareEnsemblePlacementPolicy.java","12047","69440","81487"
"2016-11-18 00:44","RackawareEnsemblePlacementPolicy.java","327","925","1252"
"2017-03-28 22:35","RackawareEnsemblePlacementPolicy.java","1240","19388","20628"
"2017-07-28 20:12","RackawareEnsemblePlacementPolicy.java","6467","43391","49858"
"2017-07-28 20:12","AuthProviderFactoryFactory.java","11588","57736","69324"
"2017-01-31 02:14","AuthProviderFactoryFactory.java","6577","23888","30465"
"2016-07-14 23:02","FileSystemUpgrade.java","110113","46631","156744"
"2017-03-22 22:54","FileSystemUpgrade.java","111544","69341","180885"
"2014-09-18 06:57","FileSystemUpgrade.java","6005","34273","40278"
"2017-07-28 20:12","LedgerChecker.java","114568","80260","194828"
"2017-05-15 19:52","LedgerChecker.java","111919","62589","174508"
"2016-10-13 07:50","EnsemblePlacementPolicy.java","110618","40549","151167"
"2017-03-28 22:35","EnsemblePlacementPolicy.java","110928","59007","169935"
"2017-07-28 20:12","EnsemblePlacementPolicy.java","114467","81322","195789"
"2016-11-18 00:44","EnsemblePlacementPolicy.java","110766","41295","152061"
"2017-06-01 23:58","Journal.java","1071","1928","2999"
"2017-06-01 23:58","ReplicationWorker.java","114369","51934","166303"
"2017-04-11 20:14","ReplicationWorker.java","112261","43338","155599"
"2016-03-16 04:51","ReplicationWorker.java","106139","6479","112618"
"2016-09-10 21:01","ReplicationWorker.java","110171","19276","129447"
"2017-05-26 16:52","ReplicationWorker.java","113541","50249","163790"
"2012-03-15 10:37","TestLedgerManager.java","8486","19605","28091"
"2013-03-25 06:27","TestLedgerManager.java","18652","124592","143244"
"2012-11-23 11:49","TestLedgerManager.java","16580","81123","97703"
"2012-12-10 10:58","TestLedgerManager.java","16781","84027","100808"
"2017-03-28 22:40","TestLedgerManager.java","42181","110212","152393"
"2015-07-10 22:48","TestLedgerManager.java","20034","157569","177603"
"2014-07-24 01:41","TestLedgerManager.java","19806","145073","164879"
"2012-06-19 12:39","TestLedgerManager.java","10996","29863","40859"
"2017-07-04 06:27","SyncThreadTest.java","4948","36823","41771"
"2017-01-31 04:01","SyncThreadTest.java","779","13880","14659"
"2017-03-28 22:37","SyncThreadTest.java","1057","18965","20022"
"2017-05-16 00:31","SyncThreadTest.java","2889","24754","27643"
"2017-06-01 08:55","StatsLogger.java","112801","71410","184211"
"2014-02-05 22:43","BookieClientTest.java","19159","145041","164200"
"2013-10-12 05:42","BookieClientTest.java","18908","139521","158429"
"2017-06-21 19:58","BookieClientTest.java","40535","123573","164108"
"2011-11-18 11:18","BookieClientTest.java","3592","7221","10813"
"2014-07-25 00:34","BookieClientTest.java","19399","156861","176260"
"2017-03-28 22:35","BookieClientTest.java","40277","114238","154515"
"2016-12-17 02:39","BookieClientTest.java","40280","102524","142804"
"2017-05-15 19:52","BookieClientTest.java","40437","118152","158589"
"2014-12-10 19:43","BookieClientTest.java","19422","160690","180112"
"2012-01-13 18:06","BookieClientTest.java","4405","12077","16482"
"2011-11-16 17:05","BookieClientTest.java","2735","4433","7168"
"2015-10-06 10:05","BookieClientTest.java","19469","164003","183472"
"2011-10-27 15:41","BookieClientTest.java","147","598","745"
"2014-07-24 01:41","BookieClientTest.java","19365","151005","170370"
"2014-12-09 19:57","LedgerCloseTest.java","2516","17828","20344"
"2016-03-16 04:43","LedgerCloseTest.java","107518","25290","132808"
"2017-05-16 00:31","LedgerCloseTest.java","111999","64250","176249"
"2017-05-02 23:04","StringUtils.java","80510","78649","159159"
"2017-06-01 23:58","MSLedgerManagerFactory.java","113588","50286","163874"
"2017-03-28 22:40","MSLedgerManagerFactory.java","111394","41588","152982"
"2016-12-21 01:48","SortedLedgerStorage.java","112852","37565","150417"
"2017-05-12 16:39","SortedLedgerStorage.java","113669","52482","166151"
"2017-05-16 00:31","SortedLedgerStorage.java","114344","54385","168729"
"2016-03-08 06:49","SortedLedgerStorage.java","2704","12119","14823"
"2015-04-21 10:02","SortedLedgerStorage.java","1434","6889","8323"
"2017-05-16 00:31","BookieProtocol.java","40457","118590","159047"
"2017-06-01 21:20","BookieProtocol.java","40527","120987","161514"
"2012-02-13 11:19","BookieProtocol.java","4520","16446","20966"
"2012-04-02 12:38","BookieProtocol.java","11814","31591","43405"
"2013-03-18 00:31","BookieProtocol.java","18654","130600","149254"
"2016-04-05 08:45","BookieProtocol.java","40190","86779","126969"
"2013-02-12 11:16","BookieProtocol.java","18566","130299","148865"
"2017-05-15 19:52","BookieProtocol.java","40437","118152","158589"
"2011-11-16 17:05","BookieProtocol.java","2735","4433","7168"
"2011-10-27 15:41","BookieProtocol.java","147","598","745"
"2012-10-18 16:40","BookieProtocol.java","16852","79284","96136"
"2017-06-05 22:25","BookieProtocol.java","40519","122876","163395"
"2012-05-25 17:13","BookieProtocol.java","12570","35414","47984"
"2017-05-15 19:52","LedgerHandle.java","48676","103547","152223"
"2017-05-02 22:07","LedgerHandle.java","48279","100796","149075"
"2017-03-23 15:55","LedgerHandle.java","48220","95111","143331"
"2012-12-28 12:32","LedgerHandle.java","10631","65895","76526"
"2016-09-10 21:01","LedgerHandle.java","48069","77673","125742"
"2016-07-11 23:01","LedgerHandle.java","48018","73518","121536"
"2013-04-26 18:38","LedgerHandle.java","12599","102774","115373"
"2013-10-14 18:32","LedgerHandle.java","13842","111704","125546"
"2014-02-05 22:43","LedgerHandle.java","14477","117515","131992"
"2014-02-21 19:01","LedgerHandle.java","14544","118745","133289"
"2017-05-17 08:57","LedgerHandle.java","48753","104101","152854"
"2017-05-25 14:23","LedgerHandle.java","48782","105935","154717"
"2017-06-21 19:50","LedgerHandle.java","49410","109494","158904"
"2017-06-21 21:00","LedgerHandle.java","49411","110278","159689"
"2017-06-01 23:58","LedgerHandle.java","49362","107426","156788"
"2012-06-29 18:43","LedgerHandle.java","2417","10348","12765"
"2012-09-12 11:59","LedgerHandle.java","5809","37154","42963"
"2012-06-19 12:39","LedgerHandle.java","952","3348","4300"
"2014-01-21 05:19","LedgerHandle.java","14086","116321","130407"
"2012-06-27 15:35","LedgerHandle.java","2403","10004","12407"
"2014-09-18 06:47","LedgerHandle.java","15072","132329","147401"
"2014-12-09 19:57","LedgerHandle.java","15139","133489","148628"
"2017-07-04 06:27","LedgerHandle.java","49493","114792","164285"
"2017-06-30 00:12","LedgerHandle.java","49423","112761","162184"
"2014-05-30 14:01","LedgerHandle.java","14637","122772","137409"
"2014-05-30 15:07","LedgerHandle.java","14655","122829","137484"
"2014-01-17 18:13","LedgerHandle.java","14025","115364","129389"
"2013-01-07 12:25","LedgerHandle.java","10906","67973","78879"
"2012-08-28 10:51","LedgerHandle.java","5582","33343","38925"
"2012-09-14 11:53","LedgerHandle.java","5894","37474","43368"
"2016-02-09 08:32","LedgerHandle.java","15675","139456","155131"
"2016-03-16 05:03","LedgerHandle.java","47955","68997","116952"
"2015-10-22 09:22","LedgerHandle.java","15595","138341","153936"
"2015-10-06 10:05","LedgerHandle.java","15584","137274","152858"
"2017-01-31 04:01","LedgerHandle.java","48182","94707","142889"
"2015-04-21 09:39","LedgerHandle.java","15328","135847","151175"
"2015-10-06 11:12","LedgerHandle.java","15585","137515","153100"
"2014-12-05 14:10","LedgerHandle.java","15122","133023","148145"
"2017-05-04 20:58","AbstractZkLedgerManager.java","771","2618","3389"
"2017-06-01 23:58","AbstractZkLedgerManager.java","3184","9688","12872"
"2017-06-12 17:20","AbstractZkLedgerManager.java","3623","11904","15527"
"2017-05-26 16:52","Journal.java","2416","12810","15226"
"2017-06-01 23:58","Journal.java","3370","14621","17991"
"2017-05-09 22:24","Journal.java","1037","7633","8670"
"2017-05-16 00:31","Journal.java","2320","10796","13116"
"2014-02-21 19:01","LedgerChecker.java","201","1364","1565"
"2017-07-28 20:12","LedgerChecker.java","114467","81322","195789"
"2017-05-15 19:52","LedgerChecker.java","111874","63707","175581"
"2017-06-30 00:12","ReadLastConfirmedOp.java","2341","10808","13149"
"2017-06-01 23:58","ReadLastConfirmedOp.java","1414","4607","6021"
"2017-08-02 00:49","DefaultPerChannelBookieClientPool.java","119734","88621","208355"
"2015-03-12 08:21","AuditorPeriodicCheckTest.java","4732","27773","32505"
"2014-04-24 14:44","AuditorPeriodicCheckTest.java","2906","11853","14759"
"2014-02-05 22:43","AuditorPeriodicCheckTest.java","2518","8328","10846"
"2017-05-16 00:31","AuditorPeriodicCheckTest.java","113235","71296","184531"
"2014-07-25 00:34","AuditorPeriodicCheckTest.java","3788","21178","24966"
"2016-09-10 21:01","AuditorPeriodicCheckTest.java","110649","43025","153674"
"2017-07-04 06:27","LedgerDescriptorImpl.java","833","6619","7452"
"2017-06-21 19:58","BookieClientTest.java","114006","52510","166516"
"2017-03-28 22:35","BookieClientTest.java","111228","40655","151883"
"2016-12-17 02:39","BookieClientTest.java","110963","28673","139636"
"2017-05-15 19:52","BookieClientTest.java","112499","45680","158179"
"2017-10-17 09:32","AuditorElector.java","91860","119151","211011"
"2013-08-21 13:19","AuditorElector.java","4775","47290","52065"
"2016-07-14 23:02","AuditorElector.java","79103","50412","129515"
"2016-09-10 21:01","AuditorElector.java","80293","55672","135965"
"2013-03-05 18:45","AuditorElector.java","3733","38557","42290"
"2012-12-18 12:00","AuditorElector.java","265","884","1149"
"2017-03-28 22:40","AuditorElector.java","80607","77942","158549"
"2014-06-02 11:54","AuditorElector.java","7362","61448","68810"
"2014-04-24 10:43","AuditorElector.java","7188","59136","66324"
"2014-09-06 07:58","AuditorElector.java","7916","70945","78861"
"2013-01-04 11:32","AuditorElector.java","1915","4545","6460"
"2015-09-15 10:38","GcLedgersTest.java","16013","141025","157038"
"2016-04-27 09:55","GcLedgersTest.java","47142","75337","122479"
"2017-03-28 22:37","GcLedgersTest.java","47360","102338","149698"
"2016-03-08 06:49","GcLedgersTest.java","16206","144515","160721"
"2012-06-19 12:39","GcLedgersTest.java","2472","8514","10986"
"2017-07-04 06:27","GcLedgersTest.java","48600","117545","166145"
"2014-07-24 01:41","GcLedgersTest.java","15358","127800","143158"
"2013-04-04 11:21","GcLedgersTest.java","13351","106976","120327"
"2013-07-29 12:30","GcLedgersTest.java","13612","113551","127163"
"2017-05-16 00:31","GcLedgersTest.java","47857","106792","154649"
"2012-12-24 05:50","GcLedgersTest.java","11231","70119","81350"
"2017-04-11 20:19","BookKeeperCloseTest.java","112702","47148","159850"
"2017-05-16 00:31","BookKeeperCloseTest.java","113857","52013","165870"
"2014-12-06 07:38","BookKeeperCloseTest.java","148","1051","1199"
"2017-05-15 19:52","LedgerHandle.java","48257","104382","152639"
"2017-05-02 22:07","LedgerHandle.java","47860","101631","149491"
"2017-03-23 15:55","LedgerHandle.java","47801","95946","143747"
"2012-12-28 12:32","LedgerHandle.java","10957","67475","78432"
"2016-09-10 21:01","LedgerHandle.java","47650","78508","126158"
"2016-07-11 23:01","LedgerHandle.java","47599","74353","121952"
"2013-04-26 18:38","LedgerHandle.java","12909","104338","117247"
"2013-10-14 18:32","LedgerHandle.java","14150","113266","127416"
"2014-02-05 22:43","LedgerHandle.java","14782","119074","133856"
"2014-02-21 19:01","LedgerHandle.java","14849","120304","135153"
"2017-05-17 08:57","LedgerHandle.java","48334","104936","153270"
"2017-05-25 14:23","LedgerHandle.java","48363","106770","155133"
"2017-06-21 19:50","LedgerHandle.java","48991","110329","159320"
"2017-06-21 21:00","LedgerHandle.java","48991","111112","160103"
"2017-06-01 23:58","LedgerHandle.java","48943","108261","157204"
"2012-06-29 18:43","LedgerHandle.java","2909","12094","15003"
"2012-05-25 17:13","LedgerHandle.java","498","1752","2250"
"2012-09-12 11:59","LedgerHandle.java","6248","38847","45095"
"2012-06-19 12:39","LedgerHandle.java","1445","5095","6540"
"2014-01-21 05:19","LedgerHandle.java","14389","117878","132267"
"2012-06-27 15:35","LedgerHandle.java","2895","11750","14645"
"2014-09-18 06:47","LedgerHandle.java","15368","133879","149247"
"2014-12-09 19:57","LedgerHandle.java","15433","135037","150470"
"2017-07-04 06:27","LedgerHandle.java","49074","115627","164701"
"2017-06-30 00:12","LedgerHandle.java","49003","113595","162598"
"2014-05-30 14:01","LedgerHandle.java","14942","124331","139273"
"2014-05-30 15:07","LedgerHandle.java","14959","124387","139346"
"2014-01-17 18:13","LedgerHandle.java","14328","116921","131249"
"2013-01-07 12:25","LedgerHandle.java","11232","69553","80785"
"2012-08-28 10:51","LedgerHandle.java","6022","35037","41059"
"2012-09-14 11:53","LedgerHandle.java","6331","39165","45496"
"2016-02-09 08:32","LedgerHandle.java","15963","140998","156961"
"2016-03-16 05:03","LedgerHandle.java","47544","69840","117384"
"2015-10-22 09:22","LedgerHandle.java","15883","139883","155766"
"2015-10-06 10:05","LedgerHandle.java","15872","138816","154688"
"2017-01-31 04:01","LedgerHandle.java","47763","95542","143305"
"2015-04-21 09:39","LedgerHandle.java","15616","137389","153005"
"2015-10-06 11:12","LedgerHandle.java","15873","139057","154930"
"2014-12-05 14:10","LedgerHandle.java","15416","134571","149987"
"2017-03-22 22:54","CompactionTest.java","6499","28740","35239"
"2017-06-21 21:07","CompactionTest.java","9648","46308","55956"
"2017-11-08 12:27","CompactionTest.java","29479","96443","125922"
"2017-05-16 00:31","CompactionTest.java","8174","38891","47065"
"2017-07-07 08:19","CompactionTest.java","10233","52923","63156"
"2016-04-27 21:11","ZkLedgerUnderreplicationManager.java","78703","46397","125100"
"2016-07-14 23:02","ZkLedgerUnderreplicationManager.java","78895","47574","126469"
"2017-07-07 05:11","ZkLedgerUnderreplicationManager.java","82269","92393","174662"
"2013-08-22 16:40","ZkLedgerUnderreplicationManager.java","3236","43135","46371"
"2017-06-28 23:28","ZkLedgerUnderreplicationManager.java","82064","87167","169231"
"2013-06-15 19:05","ZkLedgerUnderreplicationManager.java","2979","41188","44167"
"2017-06-01 23:58","ZkLedgerUnderreplicationManager.java","81833","83042","164875"
"2014-08-18 23:03","ZkLedgerUnderreplicationManager.java","6550","66411","72961"
"2014-06-03 12:35","ZkLedgerUnderreplicationManager.java","6042","57966","64008"
"2014-06-02 11:54","ZkLedgerUnderreplicationManager.java","6022","57478","63500"
"2017-03-28 22:40","ZkLedgerUnderreplicationManager.java","80400","75105","155505"
"2016-04-27 09:55","ZkLedgerUnderreplicationManager.java","78703","46397","125100"
"2014-12-10 19:43","BookieInitializationTest.java","5377","27552","32929"
"2014-06-06 15:29","BookieInitializationTest.java","3907","16446","20353"
"2015-07-10 22:48","BookieInitializationTest.java","5691","30506","36197"
"2013-10-02 07:01","BookieInitializationTest.java","298","1085","1383"
"2014-01-21 17:26","BookieInitializationTest.java","2272","8551","10823"
"2013-10-12 05:42","BookieInitializationTest.java","1345","2865","4210"
"2017-07-07 08:19","BookieInitializationTest.java","115021","86034","201055"
"2017-06-28 23:24","BookieInitializationTest.java","114756","79973","194729"
"2017-07-28 06:39","BookieInitializationTest.java","115668","88570","204238"
"2017-08-02 00:49","BookieInitializationTest.java","118212","105468","223680"
"2017-06-05 20:30","BookieInitializationTest.java","114590","76763","191353"
"2017-05-15 19:52","BookieInitializationTest.java","113641","72263","185904"
"2011-11-17 11:16","AsyncLedgerOpsTest.java","2939","5050","7989"
"2014-07-24 01:41","AsyncLedgerOpsTest.java","19449","150859","170308"
"2012-06-19 12:39","AsyncLedgerOpsTest.java","12697","37707","50404"
"2015-03-12 08:21","AuditorPeriodicCheckTest.java","2883","20114","22997"
"2014-04-24 14:44","AuditorPeriodicCheckTest.java","430","3567","3997"
"2017-05-16 00:31","AuditorPeriodicCheckTest.java","111999","64250","176249"
"2014-07-25 00:34","AuditorPeriodicCheckTest.java","1736","13316","15052"
"2016-09-10 21:01","AuditorPeriodicCheckTest.java","109171","35737","144908"
"2012-12-18 12:00","BookKeeperClusterTestCase.java","514","3423","3937"
"2017-05-15 19:52","BookKeeperClusterTestCase.java","80153","83089","163242"
"2013-01-09 17:18","BookKeeperClusterTestCase.java","2592","7896","10488"
"2016-04-05 08:45","BookKeeperClusterTestCase.java","78015","49825","127840"
"2017-08-01 08:34","BookKeeperClusterTestCase.java","83757","112742","196499"
"2013-10-12 05:42","BookKeeperClusterTestCase.java","5941","51775","57716"
"2014-02-05 22:43","BookKeeperClusterTestCase.java","7110","58213","65323"
"2017-11-08 12:27","BookKeeperClusterTestCase.java","91351","130952","222303"
"2013-06-15 19:05","BookKeeperClusterTestCase.java","4786","47915","52701"
"2014-05-09 14:04","BookKeeperClusterTestCase.java","7350","62607","69957"
"2017-07-04 06:27","BookKeeperClusterTestCase.java","81248","94612","175860"
"2014-07-24 01:41","BookKeeperClusterTestCase.java","7769","64630","72399"
"2014-05-23 18:46","BookKeeperClusterTestCase.java","7349","62936","70285"
"2017-06-30 00:12","BookKeeperClusterTestCase.java","81159","92562","173721"
"2014-04-24 10:43","BookKeeperClusterTestCase.java","7297","61535","68832"
"2012-12-13 12:33","BookKeeperClusterTestCase.java","177","418","595"
"2013-01-07 12:25","BookKeeperClusterTestCase.java","2224","7356","9580"
"2016-04-27 09:55","BookKeeperClusterTestCase.java","78074","50688","128762"
"2013-01-03 11:06","BookKeeperClusterTestCase.java","2100","6205","8305"
"2015-10-06 10:48","BookKeeperClusterTestCase.java","9018","78999","88017"
"2014-12-10 19:43","BookKeeperClusterTestCase.java","8395","74884","83279"
"2017-10-17 09:32","AuditorElector.java","90022","120756","210778"
"2013-08-21 13:19","AuditorElector.java","4901","50859","55760"
"2016-07-14 23:02","AuditorElector.java","77841","52593","130434"
"2016-09-10 21:01","AuditorElector.java","78886","57708","136594"
"2013-03-05 18:45","AuditorElector.java","3892","42159","46051"
"2012-12-18 12:00","AuditorElector.java","631","4693","5324"
"2012-12-14 11:18","AuditorElector.java","371","3814","4185"
"2017-03-28 22:40","AuditorElector.java","79199","79977","159176"
"2014-06-02 11:54","AuditorElector.java","7333","64862","72195"
"2014-04-24 10:43","AuditorElector.java","7166","62557","69723"
"2014-09-06 07:58","AuditorElector.java","7878","74350","82228"
"2013-01-04 11:32","AuditorElector.java","2096","8169","10265"
"2014-01-21 05:05","BookieRequestHandler.java","1887","6941","8828"
"2017-08-02 00:49","BookieRequestHandler.java","118141","104811","222952"
"2017-05-15 19:52","BookieRequestHandler.java","113551","71587","185138"
"2014-12-09 19:57","LedgerCloseTest.java","5189","28308","33497"
"2016-03-16 04:43","LedgerCloseTest.java","109522","35101","144623"
"2013-10-14 18:32","LedgerCloseTest.java","1610","4241","5851"
"2014-02-05 22:43","LedgerCloseTest.java","3427","11234","14661"
"2017-05-16 00:31","LedgerCloseTest.java","113577","73635","187212"
"2013-10-29 05:14","LedgerCloseTest.java","1917","5358","7275"
"2017-06-01 22:39","TestSpeculativeRead.java","113034","61917","174951"
"2017-06-01 23:58","EntryLogger.java","40847","119414","160261"
"2014-01-21 17:26","EntryLogger.java","18497","141528","160025"
"2013-10-02 06:23","EntryLogger.java","18282","135631","153913"
"2014-01-22 14:35","EntryLogger.java","18572","141979","160551"
"2017-11-08 12:27","EntryLogger.java","42823","154862","197685"
"2013-10-22 07:44","EntryLogger.java","18369","137014","155383"
"2012-03-16 10:41","EntryLogger.java","9310","24570","33880"
"2012-06-13 16:57","EntryLogger.java","11016","33149","44165"
"2012-02-15 16:11","EntryLogger.java","2238","11915","14153"
"2013-05-04 14:22","EntryLogger.java","18037","129075","147112"
"2011-11-18 11:18","EntryLogger.java","717","2005","2722"
"2011-12-16 12:43","EntryLogger.java","1686","6183","7869"
"2012-03-08 12:13","EntryLogger.java","2510","14025","16535"
"2017-01-31 02:11","EntryLogger.java","40563","101510","142073"
"2017-03-23 00:48","EntryLogger.java","40567","107935","148502"
"2016-07-14 23:02","EntryLogger.java","40466","86503","126969"
"2012-12-24 06:23","EntryLogger.java","16547","92514","109061"
"2012-12-10 11:04","EntryLogger.java","16319","87703","104022"
"2016-02-24 00:44","EntryLogger.java","19290","164104","183394"
"2015-04-21 10:02","EntryLogger.java","19209","160415","179624"
"2012-10-18 16:40","EntryLogger.java","15934","76025","91959"
"2012-07-26 04:32","EntryLogger.java","12759","44652","57411"
"2013-01-04 11:32","EntryLogger.java","16783","94141","110924"
"2015-04-21 09:44","EntryLogger.java","19209","160231","179440"
"2012-05-09 10:39","EntryLogger.java","10413","29376","39789"
"2012-05-07 18:48","EntryLogger.java","10405","28944","39349"
"2012-05-10 14:47","EntryLogger.java","10664","29913","40577"
"2012-05-17 19:07","EntryLogger.java","10943","31247","42190"
"2017-05-16 00:31","BookieProtocol.java","40674","118356","159030"
"2017-06-01 21:20","BookieProtocol.java","40775","120784","161559"
"2012-02-13 11:19","BookieProtocol.java","4426","15901","20327"
"2012-04-02 12:38","BookieProtocol.java","11728","31054","42782"
"2013-03-18 00:31","BookieProtocol.java","18714","130209","148923"
"2016-04-05 08:45","BookieProtocol.java","40402","86540","126942"
"2013-02-12 11:16","BookieProtocol.java","18626","129908","148534"
"2017-05-15 19:52","BookieProtocol.java","40654","117918","158572"
"2011-11-16 17:05","BookieProtocol.java","2605","3852","6457"
"2012-10-18 16:40","BookieProtocol.java","16868","78849","95717"
"2017-06-05 22:25","BookieProtocol.java","40763","122669","163432"
"2012-05-25 17:13","BookieProtocol.java","12489","34882","47371"
"2017-07-07 05:11","LedgerUnderreplicationManager.java","71991","103733","175724"
"2013-01-04 11:32","LedgerUnderreplicationManager.java","4805","26423","31228"
"2014-06-03 12:35","LedgerUnderreplicationManager.java","9474","83016","92490"
"2012-12-18 12:00","BookKeeperClusterTestCase.java","5533","29032","34565"
"2017-05-15 19:52","BookKeeperClusterTestCase.java","67845","91371","159216"
"2013-01-09 17:18","BookKeeperClusterTestCase.java","7226","33120","40346"
"2016-04-05 08:45","BookKeeperClusterTestCase.java","65891","58291","124182"
"2017-08-01 08:34","BookKeeperClusterTestCase.java","69704","119279","188983"
"2013-10-12 05:42","BookKeeperClusterTestCase.java","10109","76533","86642"
"2014-02-05 22:43","BookKeeperClusterTestCase.java","11112","82805","93917"
"2017-11-08 12:27","BookKeeperClusterTestCase.java","76592","136783","213375"
"2013-06-15 19:05","BookKeeperClusterTestCase.java","9161","72880","82041"
"2014-05-09 14:04","BookKeeperClusterTestCase.java","11281","87128","98409"
"2012-12-12 11:20","BookKeeperClusterTestCase.java","5077","25667","30744"
"2017-07-04 06:27","BookKeeperClusterTestCase.java","68778","102732","171510"
"2014-07-24 01:41","BookKeeperClusterTestCase.java","11666","89117","100783"
"2014-05-23 18:46","BookKeeperClusterTestCase.java","11279","87456","98735"
"2017-06-30 00:12","BookKeeperClusterTestCase.java","68690","100683","169373"
"2014-04-24 10:43","BookKeeperClusterTestCase.java","11229","86057","97286"
"2012-12-13 12:33","BookKeeperClusterTestCase.java","5243","26074","31317"
"2013-01-07 12:25","BookKeeperClusterTestCase.java","6921","32643","39564"
"2016-04-27 09:55","BookKeeperClusterTestCase.java","65934","59138","125072"
"2013-01-03 11:06","BookKeeperClusterTestCase.java","6808","31503","38311"
"2015-10-06 10:48","BookKeeperClusterTestCase.java","12665","103236","115901"
"2014-12-10 19:43","BookKeeperClusterTestCase.java","12235","99314","111549"
"2017-10-03 12:31","IndexPersistenceMgr.java","30576","38939","69515"
"2014-12-10 19:43","BookieInitializationTest.java","3852","19748","23600"
"2014-06-06 15:29","BookieInitializationTest.java","1892","8152","10044"
"2015-07-10 22:48","BookieInitializationTest.java","4289","22825","27114"
"2017-07-07 08:19","BookieInitializationTest.java","114242","78976","193218"
"2017-06-28 23:24","BookieInitializationTest.java","113937","72875","186812"
"2017-07-28 06:39","BookieInitializationTest.java","115135","81758","196893"
"2017-08-02 00:49","BookieInitializationTest.java","117740","98717","216457"
"2017-06-05 20:30","BookieInitializationTest.java","113744","69638","183382"
"2017-05-15 19:52","BookieInitializationTest.java","112684","65027","177711"
"2017-08-16 03:41","TestRegionAwareEnsemblePlacementPolicy.java","10268","45759","56027"
"2017-05-25 14:23","LedgerFragmentReplicator.java","67649","95345","162994"
"2014-02-05 22:43","LedgerFragmentReplicator.java","11251","84832","96083"
"2014-02-21 19:01","LedgerFragmentReplicator.java","11347","86091","97438"
"2016-09-10 21:01","LedgerFragmentReplicator.java","66786","66933","133719"
"2012-10-05 16:24","LedgerFragmentReplicator.java","3399","10365","13764"
"2016-11-18 00:18","LedgerCacheImpl.java","112786","30962","143748"
"2017-05-16 00:31","LedgerCacheImpl.java","114344","54385","168729"
"2017-06-01 23:58","LedgerCacheImpl.java","115213","58029","173242"
"2017-07-04 06:27","LedgerCacheImpl.java","116075","66126","182201"
"2017-01-31 04:01","LedgerCacheImpl.java","112860","44137","156997"
"2014-12-10 19:43","BookieInitializationTest.java","4587","25242","29829"
"2014-06-06 15:29","BookieInitializationTest.java","3044","14063","17107"
"2015-07-10 22:48","BookieInitializationTest.java","4921","28216","33137"
"2014-01-21 17:26","BookieInitializationTest.java","1306","6065","7371"
"2017-07-07 08:19","BookieInitializationTest.java","114509","84002","198511"
"2017-06-28 23:24","BookieInitializationTest.java","114231","77928","192159"
"2017-07-28 06:39","BookieInitializationTest.java","115207","86589","201796"
"2017-08-02 00:49","BookieInitializationTest.java","117767","103503","221270"
"2017-06-05 20:30","BookieInitializationTest.java","114060","74713","188773"
"2017-05-15 19:52","BookieInitializationTest.java","113068","70170","183238"
"2014-04-29 22:07","IOUtils.java","11339","87070","98409"
"2014-12-10 19:43","IOUtils.java","12282","99886","112168"
"2017-05-02 23:04","HierarchicalLedgerManager.java","112180","64222","176402"
"2017-05-12 16:39","HierarchicalLedgerManager.java","112195","64917","177112"
"2016-07-14 23:02","FileSystemUpgrade.java","77841","52593","130434"
"2017-03-22 22:54","FileSystemUpgrade.java","79121","75152","154273"
"2013-02-08 19:08","FileSystemUpgrade.java","3007","41241","44248"
"2014-09-18 06:57","FileSystemUpgrade.java","7942","74444","82386"
"2014-02-05 22:43","BookieClientTest.java","19260","144691","163951"
"2013-10-12 05:42","BookieClientTest.java","18974","139136","158110"
"2017-06-21 19:58","BookieClientTest.java","40780","123367","164147"
"2011-11-18 11:18","BookieClientTest.java","3477","6655","10132"
"2014-07-25 00:34","BookieClientTest.java","19607","156618","176225"
"2017-03-28 22:35","BookieClientTest.java","40493","114003","154496"
"2016-12-17 02:39","BookieClientTest.java","40495","102288","142783"
"2017-05-15 19:52","BookieClientTest.java","40654","117918","158572"
"2014-12-10 19:43","BookieClientTest.java","19633","160450","180083"
"2012-01-13 18:06","BookieClientTest.java","4306","11527","15833"
"2011-11-16 17:05","BookieClientTest.java","2605","3852","6457"
"2015-10-06 10:05","BookieClientTest.java","19680","163763","183443"
"2014-07-24 01:41","BookieClientTest.java","19476","150665","170141"
"2016-11-30 00:02","CookieTest.java","111853","27383","139236"
"2017-05-15 19:52","LedgerHandle.java","67845","91371","159216"
"2017-05-02 22:07","LedgerHandle.java","67373","88545","155918"
"2017-03-23 15:55","LedgerHandle.java","67272","82818","150090"
"2012-12-28 12:32","LedgerHandle.java","6523","30442","36965"
"2016-09-10 21:01","LedgerHandle.java","67034","65293","132327"
"2016-07-11 23:01","LedgerHandle.java","66055","60210","126265"
"2013-04-26 18:38","LedgerHandle.java","8778","67608","76386"
"2013-10-14 18:32","LedgerHandle.java","10193","76710","86903"
"2014-02-05 22:43","LedgerHandle.java","11112","82805","93917"
"2014-02-21 19:01","LedgerHandle.java","11210","84066","95276"
"2017-05-17 08:57","LedgerHandle.java","67920","91923","159843"
"2017-05-25 14:23","LedgerHandle.java","67952","93760","161712"
"2017-06-21 19:50","LedgerHandle.java","68593","97332","165925"
"2017-06-21 21:00","LedgerHandle.java","68596","98118","166714"
"2017-06-01 23:58","LedgerHandle.java","68544","95263","163807"
"2014-01-21 05:19","LedgerHandle.java","10484","81374","91858"
"2014-09-18 06:47","LedgerHandle.java","11899","97811","109710"
"2014-12-09 19:57","LedgerHandle.java","12016","99021","111037"
"2017-07-04 06:27","LedgerHandle.java","68778","102732","171510"
"2017-06-30 00:12","LedgerHandle.java","68690","100683","169373"
"2014-05-30 14:01","LedgerHandle.java","11317","88107","99424"
"2014-05-30 15:07","LedgerHandle.java","11337","88166","99503"
"2014-01-17 18:13","LedgerHandle.java","10417","80411","90828"
"2013-01-07 12:25","LedgerHandle.java","6921","32643","39564"
"2012-09-14 11:53","LedgerHandle.java","227","462","689"
"2016-02-09 08:32","LedgerHandle.java","12771","105207","117978"
"2016-03-16 05:03","LedgerHandle.java","65899","55596","121495"
"2015-10-22 09:22","LedgerHandle.java","12688","104089","116777"
"2015-10-06 10:05","LedgerHandle.java","12662","103007","115669"
"2017-01-31 04:01","LedgerHandle.java","67194","82374","149568"
"2015-04-21 09:39","LedgerHandle.java","12259","101433","113692"
"2015-10-06 11:12","LedgerHandle.java","12665","103250","115915"
"2014-12-05 14:10","LedgerHandle.java","11974","98530","110504"
"2017-07-07 05:11","LedgerUnderreplicationManager.java","61519","109499","171018"
"2013-01-04 11:32","LedgerUnderreplicationManager.java","7030","44886","51916"
"2012-10-04 12:40","LedgerUnderreplicationManager.java","3879","20117","23996"
"2014-06-03 12:35","LedgerUnderreplicationManager.java","11203","100983","112186"
"2016-08-01 08:04","LedgerOpenOp.java","107933","29931","137864"
"2015-10-06 10:05","LedgerOpenOp.java","3721","21210","24931"
"2015-04-21 09:17","LedgerOpenOp.java","2903","19201","22104"
"2017-05-15 19:52","LedgerHandle.java","48739","101214","149953"
"2017-05-02 22:07","LedgerHandle.java","48297","98418","146715"
"2017-03-23 15:55","LedgerHandle.java","48237","92732","140969"
"2012-12-28 12:32","LedgerHandle.java","10052","62920","72972"
"2016-09-10 21:01","LedgerHandle.java","48076","75284","123360"
"2016-07-11 23:01","LedgerHandle.java","48025","71129","119154"
"2013-04-26 18:38","LedgerHandle.java","12057","99836","111893"
"2013-10-14 18:32","LedgerHandle.java","13348","108814","122162"
"2014-02-05 22:43","LedgerHandle.java","14036","114678","128714"
"2014-02-21 19:01","LedgerHandle.java","14125","115930","130055"
"2017-05-17 08:57","LedgerHandle.java","48814","101766","150580"
"2017-05-25 14:23","LedgerHandle.java","48843","103600","152443"
"2017-06-21 19:50","LedgerHandle.java","49473","107161","156634"
"2017-06-21 21:00","LedgerHandle.java","49476","107947","157423"
"2017-06-01 23:58","LedgerHandle.java","49427","105095","154522"
"2012-06-29 18:43","LedgerHandle.java","1479","7014","8493"
"2012-09-12 11:59","LedgerHandle.java","4963","33912","38875"
"2014-01-21 05:19","LedgerHandle.java","13620","113459","127079"
"2012-06-27 15:35","LedgerHandle.java","1465","6670","8135"
"2014-09-18 06:47","LedgerHandle.java","14651","129512","144163"
"2014-12-09 19:57","LedgerHandle.java","14719","130673","145392"
"2017-07-04 06:27","LedgerHandle.java","49576","112479","162055"
"2017-06-30 00:12","LedgerHandle.java","49493","110435","159928"
"2014-05-30 14:01","LedgerHandle.java","14222","119961","134183"
"2014-05-30 15:07","LedgerHandle.java","14240","120018","134258"
"2014-01-17 18:13","LedgerHandle.java","13555","112498","126053"
"2013-01-07 12:25","LedgerHandle.java","10334","65005","75339"
"2012-08-28 10:51","LedgerHandle.java","4691","30056","34747"
"2012-09-14 11:53","LedgerHandle.java","5056","34240","39296"
"2016-02-09 08:32","LedgerHandle.java","15328","136713","152041"
"2016-03-16 05:03","LedgerHandle.java","47962","66608","114570"
"2015-10-22 09:22","LedgerHandle.java","15245","135595","150840"
"2015-10-06 10:05","LedgerHandle.java","15236","134530","149766"
"2017-01-31 04:01","LedgerHandle.java","48191","92320","140511"
"2015-04-21 09:39","LedgerHandle.java","14910","133033","147943"
"2015-10-06 11:12","LedgerHandle.java","15237","134771","150008"
"2014-12-05 14:10","LedgerHandle.java","14701","130206","144907"
"2012-12-24 05:50","LedgerCacheImpl.java","10970","68176","79146"
"2016-11-18 00:18","LedgerCacheImpl.java","47561","82949","130510"
"2012-12-18 13:04","LedgerCacheImpl.java","10585","67683","78268"
"2017-05-16 00:31","LedgerCacheImpl.java","48163","105416","153579"
"2013-10-11 08:36","LedgerCacheImpl.java","14246","113438","127684"
"2017-06-01 23:58","LedgerCacheImpl.java","48789","108817","157606"
"2014-08-02 20:02","LedgerCacheImpl.java","15591","132803","148394"
"2017-07-04 06:27","LedgerCacheImpl.java","48920","116183","165103"
"2012-10-26 12:51","LedgerCacheImpl.java","9679","52757","62436"
"2017-01-31 04:01","LedgerCacheImpl.java","47607","96096","143703"
"2017-06-05 20:30","LedgerDirsManager.java","114618","76004","190622"
"2017-01-30 23:25","LedgerDirsManager.java","112664","56014","168678"
"2017-03-28 22:35","LedgerDirsManager.java","112762","66843","179605"
"2013-12-02 18:45","LedgerDirsManager.java","1485","5088","6573"
"2014-01-15 15:58","LedgerDirsManager.java","1574","5521","7095"
"2017-06-28 23:24","LedgerDirsManager.java","114788","79218","194006"
"2017-07-07 08:19","LedgerDirsManager.java","115059","85285","200344"
"2014-01-21 17:26","LedgerDirsManager.java","2004","7496","9500"
"2014-08-02 20:02","LedgerDirsManager.java","4338","22550","26888"
"2017-06-01 23:58","EntryLogger.java","114358","51719","166077"
"2017-11-08 12:27","EntryLogger.java","132817","103650","236467"
"2017-01-31 02:11","EntryLogger.java","111884","31625","143509"
"2017-03-23 00:48","EntryLogger.java","112020","38182","150202"
"2016-07-14 23:02","EntryLogger.java","106723","11554","118277"
"2016-02-24 00:44","EntryLogger.java","1394","5002","6396"
"2013-01-04 11:32","ServerConfiguration.java","1990","7689","9679"
"2014-08-02 20:02","ServerConfiguration.java","7813","71905","79718"
"2014-05-06 12:30","ServerConfiguration.java","7186","62628","69814"
"2014-05-15 00:41","ServerConfiguration.java","7203","63559","70762"
"2014-09-18 06:47","ServerConfiguration.java","7882","73983","81865"
"2017-07-04 06:27","ServerConfiguration.java","81026","95169","176195"
"2014-03-07 13:14","ServerConfiguration.java","7076","60159","67235"
"2014-04-29 22:07","ServerConfiguration.java","7186","62581","69767"
"2016-04-14 00:51","ServerConfiguration.java","77817","50698","128515"
"2015-01-16 15:57","ServerConfiguration.java","8250","77323","85573"
"2013-02-08 19:08","ServerConfiguration.java","2904","40764","43668"
"2016-03-08 06:49","ServerConfiguration.java","9052","82559","91611"
"2016-01-26 22:11","ServerConfiguration.java","8839","81332","90171"
"2014-01-21 05:05","ServerConfiguration.java","6131","56864","62995"
"2014-03-12 21:26","ServerConfiguration.java","7146","62031","69177"
"2016-04-05 18:47","ServerConfiguration.java","77797","50628","128425"
"2016-04-27 09:55","ServerConfiguration.java","77854","51247","129101"
"2015-04-21 09:55","ServerConfiguration.java","8296","77810","86106"
"2015-01-12 15:18","ServerConfiguration.java","8248","76383","84631"
"2015-04-21 10:02","ServerConfiguration.java","8292","77839","86131"
"2013-01-14 16:59","ServerConfiguration.java","2675","9822","12497"
"2017-05-15 19:52","ServerConfiguration.java","79932","83647","163579"
"2017-03-22 22:54","ServerConfiguration.java","79323","74980","154303"
"2017-03-23 00:48","ServerConfiguration.java","79327","75036","154363"
"2017-01-31 02:11","ServerConfiguration.java","79237","68525","147762"
"2013-02-19 16:19","ServerConfiguration.java","3792","41605","45397"
"2013-02-19 16:15","ServerConfiguration.java","3786","41580","45366"
"2016-04-05 08:45","ServerConfiguration.java","77795","50384","128179"
"2016-11-09 03:02","ServerConfiguration.java","79204","61320","140524"
"2016-11-30 00:02","ServerConfiguration.java","79214","62012","141226"
"2017-06-05 20:30","ServerConfiguration.java","80782","88048","168830"
"2016-09-10 20:27","ServerConfiguration.java","79079","57406","136485"
"2017-08-02 00:49","ServerConfiguration.java","84023","116372","200395"
"2017-10-03 12:31","ServerConfiguration.java","89809","112315","202124"
"2017-08-16 03:37","ServerConfiguration.java","85082","124064","209146"
"2013-07-20 19:59","ServerConfiguration.java","4721","49198","53919"
"2013-12-02 18:45","ServerConfiguration.java","6019","55502","61521"
"2014-05-09 14:04","ServerConfiguration.java","7200","63236","70436"
"2017-05-26 12:38","ServerConfiguration.java","80058","86089","166147"
"2013-06-15 19:05","ServerConfiguration.java","4640","48548","53188"
"2014-01-15 15:58","ServerConfiguration.java","6099","55926","62025"
"2013-10-22 07:44","ServerConfiguration.java","5902","52888","58790"
"2017-07-07 08:19","ServerConfiguration.java","81016","97122","178138"
"2017-06-28 23:24","ServerConfiguration.java","80840","91150","171990"
"2017-11-08 12:27","ServerConfiguration.java","91113","131493","222606"
"2014-01-22 14:35","ServerConfiguration.java","6412","58160","64572"
"2013-10-12 05:42","ServerConfiguration.java","5793","52406","58199"
"2017-06-01 23:58","ReplicationWorker.java","81489","83513","165002"
"2017-04-11 20:14","ReplicationWorker.java","80092","75628","155720"
"2014-02-05 22:43","ReplicationWorker.java","5425","52423","57848"
"2013-10-02 06:23","ReplicationWorker.java","3230","44036","47266"
"2016-03-16 04:51","ReplicationWorker.java","78296","43095","121391"
"2016-09-10 21:01","ReplicationWorker.java","79748","53312","133060"
"2017-05-26 16:52","ReplicationWorker.java","80795","81962","162757"
"2015-04-21 09:17","ReplicationWorker.java","6889","71348","78237"
"2013-12-06 07:39","ReplicationWorker.java","4436","49187","53623"
"2014-04-24 10:43","ReplicationWorker.java","5685","55818","61503"
"2014-09-06 07:58","ReplicationWorker.java","6458","67672","74130"
"2017-10-17 09:32","BookKeeperAdmin.java","130777","94034","224811"
"2017-06-01 23:58","BookKeeperAdmin.java","114680","54485","169165"
"2017-04-11 20:19","BookKeeperAdmin.java","112643","45963","158606"
"2017-07-07 05:11","BookKeeperAdmin.java","115638","64358","179996"
"2016-11-09 03:05","BookKeeperAdmin.java","112148","27178","139326"
"2016-11-30 00:07","BookKeeperAdmin.java","112209","27903","140112"
"2016-09-10 21:01","BookKeeperAdmin.java","110521","21866","132387"
"2016-07-14 23:02","BookKeeperAdmin.java","107100","14375","121475"
"2016-10-13 09:27","BookKeeperAdmin.java","112114","26810","138924"
"2016-03-16 05:03","BookKeeperAdmin.java","106556","9339","115895"
"2016-03-08 07:18","BookKeeperAdmin.java","2122","9191","11313"
"2011-11-18 11:18","BookieFailureTest.java","7801","17066","24867"
"2012-02-13 15:46","BookieFailureTest.java","8709","26351","35060"
"2012-12-20 06:48","BookieFailureTest.java","14587","98209","112796"
"2011-10-27 18:26","BookieFailureTest.java","5805","11919","17724"
"2011-09-05 19:38","BookieFailureTest.java","4875","10511","15386"
"2012-08-13 11:38","BookieFailureTest.java","11774","57528","69302"
"2014-07-24 01:41","BookieFailureTest.java","16459","153735","170194"
"2012-06-19 12:39","BookieFailureTest.java","10379","41255","51634"
"2014-12-09 19:57","LedgerCloseTest.java","3689","23367","27056"
"2016-03-16 04:43","LedgerCloseTest.java","108461","30599","139060"
"2014-02-05 22:43","LedgerCloseTest.java","1712","6078","7790"
"2017-05-16 00:31","LedgerCloseTest.java","112728","69345","182073"
"2017-07-28 06:39","BookieInitializationTest.java","1425","3314","4739"
"2017-08-02 00:49","BookieInitializationTest.java","5256","21499","26755"
"2017-07-07 08:19","BookieInitializationTest.java","803","6599","7402"
"2017-07-28 06:39","BookieInitializationTest.java","2162","9847","12009"
"2017-08-02 00:49","BookieInitializationTest.java","5929","27968","33897"
"2013-05-04 14:22","GarbageCollectorThread.java","9260","88416","97676"
"2013-09-11 00:34","GarbageCollectorThread.java","9573","95029","104602"
"2014-01-15 15:58","GarbageCollectorThread.java","10620","100224","110844"
"2013-10-22 07:44","GarbageCollectorThread.java","10453","97216","107669"
"2017-05-09 23:06","GarbageCollectorThread.java","54316","96344","150660"
"2014-01-21 17:26","GarbageCollectorThread.java","10758","101907","112665"
"2013-10-02 06:23","GarbageCollectorThread.java","9574","95041","104615"
"2017-11-08 12:27","GarbageCollectorThread.java","61690","141847","203537"
"2012-12-24 05:50","GarbageCollectorThread.java","6727","50590","57317"
"2017-03-28 22:39","GarbageCollectorThread.java","54060","94032","148092"
"2017-01-30 23:25","GarbageCollectorThread.java","53950","82957","136907"
"2016-05-04 15:55","GarbageCollectorThread.java","53298","66491","119789"
"2016-03-08 06:49","GarbageCollectorThread.java","12672","125956","138628"
"2016-02-24 00:44","GarbageCollectorThread.java","12662","125594","138256"
"2015-04-21 09:55","GarbageCollectorThread.java","12112","121403","133515"
"2013-10-30 16:23","GarbageCollectorThread.java","10593","99329","109922"
"2017-05-15 19:52","LedgerHandle.java","112723","65359","178082"
"2017-05-02 22:07","LedgerHandle.java","111952","62234","174186"
"2017-03-23 15:55","LedgerHandle.java","111806","56462","168268"
"2016-09-10 21:01","LedgerHandle.java","110154","37523","147677"
"2016-07-11 23:01","LedgerHandle.java","108860","32125","140985"
"2014-02-05 22:43","LedgerHandle.java","1184","1987","3171"
"2014-02-21 19:01","LedgerHandle.java","1382","3348","4730"
"2017-05-17 08:57","LedgerHandle.java","112864","65977","178841"
"2017-05-25 14:23","LedgerHandle.java","112897","67815","180712"
"2017-06-21 19:50","LedgerHandle.java","113935","71784","185719"
"2017-06-21 21:00","LedgerHandle.java","113945","72577","186522"
"2017-06-01 23:58","LedgerHandle.java","113669","69498","183167"
"2014-09-18 06:47","LedgerHandle.java","3476","18498","21974"
"2014-12-09 19:57","LedgerHandle.java","3627","19742","23369"
"2017-07-04 06:27","LedgerHandle.java","114273","77337","191610"
"2017-06-30 00:12","LedgerHandle.java","114143","75246","189389"
"2014-05-30 14:01","LedgerHandle.java","1870","7770","9640"
"2014-05-30 15:07","LedgerHandle.java","1890","7829","9719"
"2016-02-09 08:32","LedgerHandle.java","5001","26547","31548"
"2016-03-16 05:03","LedgerHandle.java","108515","27322","135837"
"2015-10-22 09:22","LedgerHandle.java","4870","25381","30251"
"2015-10-06 10:05","LedgerHandle.java","4836","24291","29127"
"2017-01-31 04:01","LedgerHandle.java","111696","55986","167682"
"2015-04-21 09:39","LedgerHandle.java","4063","22347","26410"
"2015-10-06 11:12","LedgerHandle.java","4842","24537","29379"
"2014-12-05 14:10","LedgerHandle.java","3574","19240","22814"
"2011-11-18 11:18","BookieFailureTest.java","3592","7221","10813"
"2012-02-13 15:46","BookieFailureTest.java","4625","16631","21256"
"2012-12-20 06:48","BookieFailureTest.java","17363","95349","112712"
"2011-10-27 18:26","BookieFailureTest.java","1168","1646","2814"
"2012-08-13 11:38","BookieFailureTest.java","14333","54451","68784"
"2014-07-24 01:41","BookieFailureTest.java","19365","151005","170370"
"2012-06-19 12:39","BookieFailureTest.java","12679","37919","50598"
"2017-05-10 22:47","SafeRunnable.java","40279","116597","156876"
"2017-06-05 20:30","LedgerDirsManager.java","115331","58505","173836"
"2017-01-30 23:25","LedgerDirsManager.java","112861","37999","150860"
"2017-03-28 22:35","LedgerDirsManager.java","112996","48865","161861"
"2017-06-28 23:24","LedgerDirsManager.java","115626","61844","177470"
"2017-07-07 08:19","LedgerDirsManager.java","116119","68133","184252"
"2016-10-13 07:50","RackawareEnsemblePlacementPolicy.java","110618","40549","151167"
"2017-08-16 03:41","RackawareEnsemblePlacementPolicy.java","118642","105966","224608"
"2016-11-18 00:44","RackawareEnsemblePlacementPolicy.java","110766","41295","152061"
"2017-03-28 22:35","RackawareEnsemblePlacementPolicy.java","110928","59007","169935"
"2017-07-28 20:12","RackawareEnsemblePlacementPolicy.java","114467","81322","195789"
"2017-07-28 20:12","AuthProviderFactoryFactory.java","5908","34745","40653"
"2017-03-28 22:35","EnsemblePlacementPolicy.java","1240","19388","20628"
"2017-07-28 20:12","EnsemblePlacementPolicy.java","6467","43391","49858"
"2016-11-18 00:44","EnsemblePlacementPolicy.java","327","925","1252"
"2014-02-05 22:43","TestWatchEnsembleChange.java","1505","3204","4709"
"2014-07-24 01:41","TestWatchEnsembleChange.java","2600","10057","12657"
"2014-05-12 08:10","TestWatchEnsembleChange.java","2009","8180","10189"
"2015-09-15 10:38","TestWatchEnsembleChange.java","4673","24700","29373"
"2017-08-01 08:34","BookKeeperClusterTestCase.java","4431","20052","24483"
"2017-11-08 12:27","BookKeeperClusterTestCase.java","34947","61184","96131"
"2012-12-08 11:18","ZkLedgerLayoutTest.java","11492","67626","79118"
"2014-07-24 01:41","ZkLedgerLayoutTest.java","15357","129505","144862"
"2012-06-19 12:39","ZkLedgerLayoutTest.java","3496","11244","14740"
"2013-03-25 06:27","ZkLedgerLayoutTest.java","13860","108681","122541"
"2017-05-15 19:52","SlowBookieTest.java","67845","91371","159216"
"2013-10-29 05:14","SlowBookieTest.java","10352","77679","88031"
"2014-02-05 22:43","SlowBookieTest.java","11112","82805","93917"
"2014-01-03 18:12","SlowBookieTest.java","10371","79821","90192"
"2014-01-21 05:05","SlowBookieTest.java","10418","80962","91380"
"2017-08-02 00:49","BookkeeperInternalCallbacks.java","5975","28613","34588"
"2013-10-22 16:21","LedgerEntryPage.java","13959","112495","126454"
"2017-07-04 06:27","LedgerEntryPage.java","49493","114792","164285"
"2017-05-15 19:52","LedgerHandle.java","51808","99078","150886"
"2017-05-02 22:07","LedgerHandle.java","51366","96282","147648"
"2017-03-23 15:55","LedgerHandle.java","51302","90592","141894"
"2012-12-28 12:32","LedgerHandle.java","8637","56300","64937"
"2016-09-10 21:01","LedgerHandle.java","51137","73140","124277"
"2016-07-11 23:01","LedgerHandle.java","50734","68633","119367"
"2013-04-26 18:38","LedgerHandle.java","10629","93203","103832"
"2013-10-14 18:32","LedgerHandle.java","11944","102205","114149"
"2014-02-05 22:43","LedgerHandle.java","12640","108077","120717"
"2014-02-21 19:01","LedgerHandle.java","12730","109330","122060"
"2017-05-17 08:57","LedgerHandle.java","51883","99630","151513"
"2017-05-25 14:23","LedgerHandle.java","51912","101464","153376"
"2017-06-21 19:50","LedgerHandle.java","52540","105023","157563"
"2017-06-21 21:00","LedgerHandle.java","52543","105809","158352"
"2017-06-01 23:58","LedgerHandle.java","52494","102957","155451"
"2012-06-29 18:43","LedgerHandle.java","17","347","364"
"2012-09-12 11:59","LedgerHandle.java","3525","27269","30794"
"2014-01-21 05:19","LedgerHandle.java","12216","106850","119066"
"2014-09-18 06:47","LedgerHandle.java","13262","122918","136180"
"2014-12-09 19:57","LedgerHandle.java","13330","124079","137409"
"2017-07-04 06:27","LedgerHandle.java","52645","110343","162988"
"2017-06-30 00:12","LedgerHandle.java","52560","108297","160857"
"2014-05-30 14:01","LedgerHandle.java","12830","113364","126194"
"2014-05-30 15:07","LedgerHandle.java","12850","113423","126273"
"2014-01-17 18:13","LedgerHandle.java","12151","105889","118040"
"2013-01-07 12:25","LedgerHandle.java","8897","58363","67260"
"2012-08-28 10:51","LedgerHandle.java","3242","23402","26644"
"2012-09-14 11:53","LedgerHandle.java","3618","27597","31215"
"2016-02-09 08:32","LedgerHandle.java","13951","130131","144082"
"2016-03-16 05:03","LedgerHandle.java","50668","64109","114777"
"2015-10-22 09:22","LedgerHandle.java","13868","129013","142881"
"2015-10-06 10:05","LedgerHandle.java","13859","127948","141807"
"2017-01-31 04:01","LedgerHandle.java","51252","90176","141428"
"2015-04-21 09:39","LedgerHandle.java","13533","126451","139984"
"2015-10-06 11:12","LedgerHandle.java","13860","128189","142049"
"2014-12-05 14:10","LedgerHandle.java","13312","123612","136924"
"2017-05-25 14:23","ClientUtil.java","361","2643","3004"
"2017-05-15 19:52","LedgerHandle.java","113824","51438","165262"
"2017-05-02 22:07","LedgerHandle.java","112898","48158","161056"
"2017-03-23 15:55","LedgerHandle.java","112584","42218","154802"
"2016-09-10 21:01","LedgerHandle.java","110729","23076","133805"
"2016-07-11 23:01","LedgerHandle.java","107238","15481","122719"
"2017-05-17 08:57","LedgerHandle.java","114001","52092","166093"
"2017-05-25 14:23","LedgerHandle.java","114036","53932","167968"
"2017-06-21 19:50","LedgerHandle.java","115273","58100","173373"
"2017-06-21 21:00","LedgerHandle.java","115287","58897","174184"
"2017-06-01 23:58","LedgerHandle.java","114854","55661","170515"
"2014-12-09 19:57","LedgerHandle.java","295","1388","1683"
"2017-07-04 06:27","LedgerHandle.java","115763","63805","179568"
"2017-06-30 00:12","LedgerHandle.java","115603","61684","177287"
"2016-02-09 08:32","LedgerHandle.java","2041","8565","10606"
"2016-03-16 05:03","LedgerHandle.java","106806","10591","117397"
"2015-10-22 09:22","LedgerHandle.java","1884","7373","9257"
"2015-10-06 10:05","LedgerHandle.java","1849","6282","8131"
"2017-01-31 04:01","LedgerHandle.java","112459","41727","154186"
"2015-04-21 09:39","LedgerHandle.java","813","4075","4888"
"2015-10-06 11:12","LedgerHandle.java","1855","6528","8383"
"2014-12-05 14:10","LedgerHandle.java","236","880","1116"
"2017-07-07 05:11","LedgerUnderreplicationManager.java","114068","72268","186336"
"2017-05-15 19:52","DigestManager.java","48257","104382","152639"
"2012-07-18 17:00","DigestManager.java","4693","17258","21951"
"2017-05-25 14:23","DigestManager.java","48363","106770","155133"
"2012-05-25 17:13","DigestManager.java","498","1752","2250"
"2017-01-31 04:01","DigestManager.java","47763","95542","143305"
"2015-03-12 08:21","AuditorPeriodicCheckTest.java","1442","7093","8535"
"2017-05-16 00:31","AuditorPeriodicCheckTest.java","114331","55002","169333"
"2016-09-10 21:01","AuditorPeriodicCheckTest.java","111151","26137","137288"
"2016-10-13 07:50","RackawareEnsemblePlacementPolicy.java","112110","50442","162552"
"2014-02-05 22:43","RackawareEnsemblePlacementPolicy.java","3504","11905","15409"
"2017-08-16 03:41","RackawareEnsemblePlacementPolicy.java","119164","114889","234053"
"2016-11-18 00:44","RackawareEnsemblePlacementPolicy.java","112234","51164","163398"
"2017-03-28 22:35","RackawareEnsemblePlacementPolicy.java","112368","68848","181216"
"2017-07-28 20:12","RackawareEnsemblePlacementPolicy.java","115204","90460","205664"
"2017-07-07 05:11","AuditorLedgerCheckerTest.java","4934","32221","37155"
"2017-10-17 09:32","AuditorLedgerCheckerTest.java","30045","71869","101914"
"2017-05-12 15:20","AuditorLedgerCheckerTest.java","1667","16041","17708"
"2016-08-01 08:04","LedgerOpenOp.java","40722","86136","126858"
"2015-10-06 10:05","LedgerOpenOp.java","19214","160119","179333"
"2015-04-21 09:17","LedgerOpenOp.java","19135","158849","177984"
"2014-01-21 05:19","LedgerOpenOp.java","18410","139860","158270"
"2012-06-19 12:39","LedgerOpenOp.java","10733","32344","43077"
"2014-02-21 19:01","LedgerOpenOp.java","18731","142147","160878"
"2012-07-18 17:00","LedgerOpenOp.java","12283","42809","55092"
"2014-04-29 22:07","IOUtils.java","15150","123665","138815"
"2012-09-07 07:04","IOUtils.java","6524","39308","45832"
"2014-12-10 19:43","IOUtils.java","15840","136228","152068"
"2016-07-14 23:02","IndexPersistenceMgr.java","107718","18004","125722"
"2016-11-18 00:18","IndexPersistenceMgr.java","112786","30962","143748"
"2017-05-16 00:31","IndexPersistenceMgr.java","114344","54385","168729"
"2017-10-03 12:31","IndexPersistenceMgr.java","130390","88804","219194"
"2017-07-04 06:27","IndexPersistenceMgr.java","116075","66126","182201"
"2016-03-08 06:49","IndexPersistenceMgr.java","2704","12119","14823"
"2017-01-31 04:01","IndexPersistenceMgr.java","112860","44137","156997"
"2017-05-15 19:52","LedgerHandle.java","113637","50158","163795"
"2017-05-02 22:07","LedgerHandle.java","112706","46873","159579"
"2017-03-23 15:55","LedgerHandle.java","112387","40928","153315"
"2016-09-10 21:01","LedgerHandle.java","110512","21766","132278"
"2016-07-11 23:01","LedgerHandle.java","107019","14169","121188"
"2017-05-17 08:57","LedgerHandle.java","113814","50812","164626"
"2017-05-25 14:23","LedgerHandle.java","113849","52652","166501"
"2017-06-21 19:50","LedgerHandle.java","115091","56825","171916"
"2017-06-21 21:00","LedgerHandle.java","115105","57622","172727"
"2017-06-01 23:58","LedgerHandle.java","114671","54385","169056"
"2017-07-04 06:27","LedgerHandle.java","115593","62542","178135"
"2017-06-30 00:12","LedgerHandle.java","115428","60416","175844"
"2016-02-09 08:32","LedgerHandle.java","1765","7196","8961"
"2016-03-16 05:03","LedgerHandle.java","106545","9237","115782"
"2015-10-22 09:22","LedgerHandle.java","1608","6004","7612"
"2015-10-06 10:05","LedgerHandle.java","1571","4911","6482"
"2017-01-31 04:01","LedgerHandle.java","112244","40419","152663"
"2015-04-21 09:39","LedgerHandle.java","532","2701","3233"
"2015-10-06 11:12","LedgerHandle.java","1577","5157","6734"
"2017-07-04 06:27","ServerConfiguration.java","4538","22972","27510"
"2017-05-15 19:52","ServerConfiguration.java","2089","10095","12184"
"2017-06-05 20:30","ServerConfiguration.java","3534","15091","18625"
"2017-08-02 00:49","ServerConfiguration.java","9191","45831","55022"
"2017-10-03 12:31","ServerConfiguration.java","32185","58982","91167"
"2017-08-16 03:37","ServerConfiguration.java","11625","54898","66523"
"2017-05-26 12:38","ServerConfiguration.java","2398","12720","15118"
"2017-07-07 08:19","ServerConfiguration.java","4602","24999","29601"
"2017-06-28 23:24","ServerConfiguration.java","3940","18541","22481"
"2017-11-08 12:27","ServerConfiguration.java","35665","80336","116001"
"2017-05-04 20:58","AbstractZkLedgerManager.java","111764","41560","153324"
"2017-06-01 23:58","AbstractZkLedgerManager.java","113425","47878","161303"
"2017-06-12 17:20","AbstractZkLedgerManager.java","113807","50037","163844"
"2017-03-28 22:40","AbstractZkLedgerManager.java","111181","39130","150311"
"2016-02-23 19:16","AbstractZkLedgerManager.java","38","376","414"
"2014-03-07 13:30","NativeIO.java","2552","8988","11540"
"2017-03-28 22:40","FlatLedgerManagerFactory.java","111394","41588","152982"
"2015-04-21 09:17","WriteEntryProcessorV3.java","1509","7390","8899"
"2014-08-02 20:02","WriteEntryProcessorV3.java","165","795","960"
"2017-05-16 00:31","WriteEntryProcessorV3.java","114331","55002","169333"
"2016-11-12 03:35","WriteEntryProcessorV3.java","112797","31474","144271"
"2017-05-15 19:52","WriteEntryProcessorV3.java","114182","54435","168617"
"2017-08-02 00:49","BookkeeperInternalCallbacks.java","6329","30615","36944"
"2017-06-21 21:00","BookkeeperInternalCallbacks.java","371","2019","2390"
"2017-10-03 12:31","IndexPersistenceMgrTest.java","31432","46672","78104"
"2017-07-07 08:19","IndexPersistenceMgrTest.java","1234","10074","11308"
"2017-07-04 06:27","ServerConfiguration.java","4886","29741","34627"
"2017-05-15 19:52","ServerConfiguration.java","2552","16979","19531"
"2017-03-22 22:54","ServerConfiguration.java","739","7108","7847"
"2017-03-23 00:48","ServerConfiguration.java","744","7165","7909"
"2017-06-05 20:30","ServerConfiguration.java","3921","21899","25820"
"2017-08-02 00:49","ServerConfiguration.java","9364","52425","61789"
"2017-10-03 12:31","ServerConfiguration.java","29097","62315","91412"
"2017-08-16 03:37","ServerConfiguration.java","11796","61490","73286"
"2017-05-26 12:38","ServerConfiguration.java","2823","19566","22389"
"2017-07-07 08:19","ServerConfiguration.java","4947","31765","36712"
"2017-06-28 23:24","ServerConfiguration.java","4313","25335","29648"
"2017-11-08 12:27","ServerConfiguration.java","32346","83438","115784"
"2017-08-02 00:49","BookieInitializationTest.java","3898","18252","22150"
"2014-12-10 19:43","UpgradeTest.java","10150","80502","90652"
"2017-05-15 19:52","UpgradeTest.java","79553","86352","165905"
"2013-10-11 08:36","UpgradeTest.java","7700","56856","64556"
"2013-10-12 05:42","UpgradeTest.java","7828","57525","65353"
"2017-05-04 20:58","AbstractZkLedgerManager.java","111961","44002","155963"
"2017-06-01 23:58","AbstractZkLedgerManager.java","113588","50286","163874"
"2017-06-12 17:20","AbstractZkLedgerManager.java","113969","52444","166413"
"2017-03-28 22:40","AbstractZkLedgerManager.java","111394","41588","152982"
"2016-02-09 08:23","AbstractZkLedgerManager.java","296","2541","2837"
"2016-02-23 19:16","AbstractZkLedgerManager.java","334","2917","3251"
"2017-01-31 04:01","BookieRequestProcessor.java","112868","44775","157643"
"2017-06-05 22:25","BookieRequestProcessor.java","115485","60380","175865"
"2017-07-04 06:27","BookieRequestProcessor.java","116034","66715","182749"
"2014-08-02 20:02","BookieRequestProcessor.java","165","795","960"
"2017-08-02 00:49","BookieRequestProcessor.java","119734","88621","208355"
"2017-03-28 22:35","BookieRequestProcessor.java","112996","49495","162491"
"2017-01-31 02:14","BookieRequestProcessor.java","112866","39304","152170"
"2017-05-15 19:52","BookieRequestProcessor.java","114182","54435","168617"
"2017-05-04 20:58","AbstractZkLedgerManager.java","79502","82127","161629"
"2013-07-29 12:30","AbstractZkLedgerManager.java","4865","50376","55241"
"2017-06-01 23:58","AbstractZkLedgerManager.java","80523","87805","168328"
"2017-06-12 17:20","AbstractZkLedgerManager.java","80599","89658","170257"
"2012-12-24 05:50","AbstractZkLedgerManager.java","1287","5747","7034"
"2013-03-25 06:27","AbstractZkLedgerManager.java","4145","42832","46977"
"2017-03-28 22:40","AbstractZkLedgerManager.java","79199","79977","159176"
"2016-02-09 08:23","AbstractZkLedgerManager.java","8934","81763","90697"
"2015-09-15 10:38","AbstractZkLedgerManager.java","8805","79389","88194"
"2016-02-23 19:16","AbstractZkLedgerManager.java","8951","82118","91069"
"2014-05-12 08:10","AbstractZkLedgerManager.java","7222","63950","71172"
"2014-01-17 18:13","AbstractZkLedgerManager.java","6217","56774","62991"
"2013-04-04 11:21","InMemoryMetastoreCursor.java","5487","45075","50562"
"2012-12-20 06:48","BookieFailureTest.java","5797","43665","49462"
"2014-07-24 01:41","BookieFailureTest.java","11329","102851","114180"
"2017-06-01 23:58","MSLedgerManagerFactory.java","3184","9688","12872"
"2017-06-01 23:58","ReplicationWorker.java","68482","95007","163489"
"2017-04-11 20:14","ReplicationWorker.java","67300","87337","154637"
"2014-02-05 22:43","ReplicationWorker.java","11016","82515","93531"
"2013-10-02 06:23","ReplicationWorker.java","9215","74522","83737"
"2016-03-16 04:51","ReplicationWorker.java","65813","55113","120926"
"2016-09-10 21:01","ReplicationWorker.java","66955","65020","131975"
"2017-05-26 16:52","ReplicationWorker.java","67894","93562","161456"
"2012-12-18 12:00","ReplicationWorker.java","5425","28730","34155"
"2015-04-21 09:17","ReplicationWorker.java","12180","101140","113320"
"2013-01-03 11:06","ReplicationWorker.java","6701","31202","37903"
"2013-12-06 07:39","ReplicationWorker.java","10261","79513","89774"
"2014-04-24 10:43","ReplicationWorker.java","11136","85770","96906"
"2014-09-06 07:58","ReplicationWorker.java","11801","97516","109317"
"2012-10-04 18:31","ReplicationWorker.java","2901","7552","10453"
"2017-07-07 05:11","BookKeeperConstants.java","391","4032","4423"
"2012-11-23 11:49","TestBenchmark.java","9763","59156","68919"
"2014-02-05 22:43","TestBenchmark.java","14805","119164","133969"
"2012-06-12 17:37","TestBenchmark.java","712","2544","3256"
"2016-02-09 08:12","TestBenchmark.java","15980","140909","156889"
"2017-08-16 03:37","BookieServer.java","119164","108511","227675"
"2017-08-02 00:49","BookieServer.java","117608","100322","217930"
"2014-02-05 22:43","BookieServer.java","1608","3855","5463"
"2017-06-28 23:24","BookieServer.java","113836","74511","188347"
"2017-06-01 23:58","BookieServer.java","113548","70821","184369"
"2017-10-17 09:32","BookieServer.java","125597","106322","231919"
"2014-08-02 20:02","BookieServer.java","3047","17504","20551"
"2014-01-21 05:05","BookieServer.java","356","1454","1810"
"2017-07-28 20:12","MacDigestManager.java","4229","19251","23480"
"2017-05-17 08:57","MacDigestManager.java","291","768","1059"
"2017-05-15 19:52","PerChannelBookieClientPool.java","114182","54435","168617"
"2012-03-31 09:13","AbstractZkLedgerManager.java","9292","22117","31409"
"2017-05-04 20:58","AbstractZkLedgerManager.java","42379","112257","154636"
"2013-07-29 12:30","AbstractZkLedgerManager.java","18930","131694","150624"
"2017-06-01 23:58","AbstractZkLedgerManager.java","42667","117202","159869"
"2017-06-12 17:20","AbstractZkLedgerManager.java","42687","118999","161686"
"2012-12-24 05:50","AbstractZkLedgerManager.java","17146","88859","106005"
"2013-03-25 06:27","AbstractZkLedgerManager.java","18652","124592","143244"
"2012-08-28 14:25","AbstractZkLedgerManager.java","13486","57713","71199"
"2017-03-28 22:40","AbstractZkLedgerManager.java","42181","110212","152393"
"2016-02-09 08:23","AbstractZkLedgerManager.java","20194","160276","180470"
"2015-09-15 10:38","AbstractZkLedgerManager.java","20183","158020","178203"
"2012-12-08 11:18","AbstractZkLedgerManager.java","16734","83987","100721"
"2016-02-23 19:16","AbstractZkLedgerManager.java","20197","160617","180814"
"2012-06-19 12:39","AbstractZkLedgerManager.java","10996","29863","40859"
"2014-05-12 08:10","AbstractZkLedgerManager.java","19566","143547","163113"
"2014-01-17 18:13","AbstractZkLedgerManager.java","19187","136997","156184"
"2017-05-26 16:52","Journal.java","2978","26865","29843"
"2017-03-22 22:54","Journal.java","917","14410","15327"
"2017-06-01 23:58","Journal.java","3874","28618","32492"
"2017-05-09 22:24","Journal.java","1794","21883","23677"
"2017-05-16 00:31","Journal.java","2882","24851","27733"
"2014-07-24 01:41","TestLedgerFragmentReplication.java","1183","6941","8124"
"2017-06-30 00:12","PerChannelBookieClient.java","10126","49719","59845"
"2017-07-04 06:27","PerChannelBookieClient.java","10322","51876","62198"
"2017-01-31 04:01","PerChannelBookieClient.java","6632","29412","36044"
"2017-04-15 13:58","PerChannelBookieClient.java","7037","35509","42546"
"2017-05-15 19:52","PerChannelBookieClient.java","8150","39276","47426"
"2017-07-28 20:12","PerChannelBookieClient.java","11588","57736","69324"
"2017-01-31 02:14","PerChannelBookieClient.java","6577","23888","30465"
"2017-03-28 22:35","PerChannelBookieClient.java","6827","34199","41026"
"2017-03-23 00:48","PerChannelBookieClient.java","6772","29892","36664"
"2017-08-02 00:49","PerChannelBookieClient.java","14572","74332","88904"
"2017-06-21 19:58","PerChannelBookieClient.java","9782","46231","56013"
"2017-06-01 23:58","PerChannelBookieClient.java","9287","43606","52893"
"2017-04-20 19:55","PerChannelBookieClient.java","7048","35541","42589"
"2017-07-07 05:11","Auditor.java","114218","55869","170087"
"2017-05-26 16:52","Auditor.java","112298","44177","156475"
"2016-09-10 21:01","Auditor.java","108809","13085","121894"
"2016-11-09 03:02","Auditor.java","110483","18427","128910"
"2017-07-04 06:27","LedgerCache.java","2419","12429","14848"
"2017-07-07 08:19","LedgerDirsManagerTest.java","115313","64151","179464"
"2017-01-30 23:25","LedgerDirsManagerTest.java","111902","33864","145766"
"2017-06-05 20:30","LedgerDirsManagerTest.java","114457","54455","168912"
"2014-08-02 20:02","ServerConfiguration.java","5212","31491","36703"
"2014-05-06 12:30","ServerConfiguration.java","4506","22135","26641"
"2014-05-15 00:41","ServerConfiguration.java","4526","23069","27595"
"2014-09-18 06:47","ServerConfiguration.java","5285","33573","38858"
"2017-07-04 06:27","ServerConfiguration.java","112958","89288","202246"
"2014-03-07 13:14","ServerConfiguration.java","4333","19603","23936"
"2014-04-29 22:07","ServerConfiguration.java","4503","22085","26588"
"2016-04-14 00:51","ServerConfiguration.java","109204","44272","153476"
"2015-01-16 15:57","ServerConfiguration.java","5685","36945","42630"
"2016-03-08 06:49","ServerConfiguration.java","6683","42377","49060"
"2016-01-26 22:11","ServerConfiguration.java","6429","41109","47538"
"2014-01-21 05:05","ServerConfiguration.java","3213","16133","19346"
"2014-03-12 21:26","ServerConfiguration.java","4409","21481","25890"
"2016-04-05 18:47","ServerConfiguration.java","109180","44198","153378"
"2016-04-27 09:55","ServerConfiguration.java","109252","44832","154084"
"2015-04-21 09:55","ServerConfiguration.java","5737","37438","43175"
"2015-01-12 15:18","ServerConfiguration.java","5682","36004","41686"
"2015-04-21 10:02","ServerConfiguration.java","5733","37467","43200"
"2017-05-15 19:52","ServerConfiguration.java","111636","77538","189174"
"2017-03-22 22:54","ServerConfiguration.java","110900","68744","179644"
"2017-03-23 00:48","ServerConfiguration.java","110905","68801","179706"
"2017-01-31 02:11","ServerConfiguration.java","110813","62288","173101"
"2016-04-05 08:45","ServerConfiguration.java","109178","43954","153132"
"2016-11-09 03:02","ServerConfiguration.java","110780","55083","165863"
"2016-11-30 00:02","ServerConfiguration.java","110790","55775","166565"
"2017-06-05 20:30","ServerConfiguration.java","112540","81993","194533"
"2016-09-10 20:27","ServerConfiguration.java","110651","51165","161816"
"2017-08-02 00:49","ServerConfiguration.java","116026","110562","226588"
"2017-10-03 12:31","ServerConfiguration.java","122752","107445","230197"
"2017-08-16 03:37","ServerConfiguration.java","117274","118443","235717"
"2013-07-20 19:59","ServerConfiguration.java","1259","7923","9182"
"2013-12-02 18:45","ServerConfiguration.java","2871","14541","17412"
"2014-05-09 14:04","ServerConfiguration.java","4521","22744","27265"
"2017-05-26 12:38","ServerConfiguration.java","111778","79996","191774"
"2013-06-15 19:05","ServerConfiguration.java","1169","7264","8433"
"2014-01-15 15:58","ServerConfiguration.java","2951","14965","17916"
"2013-10-22 07:44","ServerConfiguration.java","2742","11915","14657"
"2017-07-07 08:19","ServerConfiguration.java","112947","91240","204187"
"2017-06-28 23:24","ServerConfiguration.java","112692","85189","197881"
"2017-11-08 12:27","ServerConfiguration.java","124133","126700","250833"
"2014-01-22 14:35","ServerConfiguration.java","3499","17434","20933"
"2013-10-12 05:42","ServerConfiguration.java","2534","11334","13868"
"2014-02-05 22:43","EnsemblePlacementPolicy.java","3504","11905","15409"
"2016-10-13 07:50","EnsemblePlacementPolicy.java","112110","50442","162552"
"2017-03-28 22:35","EnsemblePlacementPolicy.java","112368","68848","181216"
"2017-07-28 20:12","EnsemblePlacementPolicy.java","115204","90460","205664"
"2016-11-18 00:44","EnsemblePlacementPolicy.java","112234","51164","163398"
"2017-05-15 19:52","BookKeeperClusterTestCase.java","112131","58206","170337"
"2016-04-05 08:45","BookKeeperClusterTestCase.java","107629","22578","130207"
"2017-08-01 08:34","BookKeeperClusterTestCase.java","116956","89080","206036"
"2017-11-08 12:27","BookKeeperClusterTestCase.java","127172","109912","237084"
"2017-07-04 06:27","BookKeeperClusterTestCase.java","113825","70328","184153"
"2017-06-30 00:12","BookKeeperClusterTestCase.java","113672","68214","181886"
"2016-04-27 09:55","BookKeeperClusterTestCase.java","107727","23480","131207"
"2015-10-06 10:48","BookKeeperClusterTestCase.java","2954","16074","19028"
"2014-12-10 19:43","BookKeeperClusterTestCase.java","1949","11577","13526"
"2017-08-01 08:34","BookKeeperDiskSpaceWeightedLedgerPlacementTest.java","8602","38405","47007"
"2014-08-02 20:02","ServerConfiguration.java","5218","31516","36734"
"2014-05-06 12:30","ServerConfiguration.java","4512","22160","26672"
"2014-05-15 00:41","ServerConfiguration.java","4532","23094","27626"
"2014-09-18 06:47","ServerConfiguration.java","5291","33598","38889"
"2017-07-04 06:27","ServerConfiguration.java","112963","89312","202275"
"2014-03-07 13:14","ServerConfiguration.java","4339","19628","23967"
"2014-04-29 22:07","ServerConfiguration.java","4509","22110","26619"
"2016-04-14 00:51","ServerConfiguration.java","109209","44296","153505"
"2015-01-16 15:57","ServerConfiguration.java","5691","36970","42661"
"2016-03-08 06:49","ServerConfiguration.java","6689","42402","49091"
"2016-01-26 22:11","ServerConfiguration.java","6435","41134","47569"
"2014-01-21 05:05","ServerConfiguration.java","3219","16158","19377"
"2014-03-12 21:26","ServerConfiguration.java","4415","21506","25921"
"2016-04-05 18:47","ServerConfiguration.java","109186","44223","153409"
"2016-04-27 09:55","ServerConfiguration.java","109257","44856","154113"
"2015-04-21 09:55","ServerConfiguration.java","5743","37463","43206"
"2015-01-12 15:18","ServerConfiguration.java","5688","36029","41717"
"2015-04-21 10:02","ServerConfiguration.java","5739","37492","43231"
"2017-05-15 19:52","ServerConfiguration.java","111641","77562","189203"
"2017-03-22 22:54","ServerConfiguration.java","110905","68768","179673"
"2017-03-23 00:48","ServerConfiguration.java","110910","68825","179735"
"2017-01-31 02:11","ServerConfiguration.java","110818","62312","173130"
"2016-04-05 08:45","ServerConfiguration.java","109184","43979","153163"
"2016-11-09 03:02","ServerConfiguration.java","110785","55107","165892"
"2016-11-30 00:02","ServerConfiguration.java","110795","55799","166594"
"2017-06-05 20:30","ServerConfiguration.java","112545","82017","194562"
"2016-09-10 20:27","ServerConfiguration.java","110656","51189","161845"
"2017-08-02 00:49","ServerConfiguration.java","116031","110586","226617"
"2017-10-03 12:31","ServerConfiguration.java","122737","107449","230186"
"2017-08-16 03:37","ServerConfiguration.java","117261","118449","235710"
"2013-07-20 19:59","ServerConfiguration.java","1265","7948","9213"
"2013-12-02 18:45","ServerConfiguration.java","2877","14566","17443"
"2014-05-09 14:04","ServerConfiguration.java","4527","22769","27296"
"2017-05-26 12:38","ServerConfiguration.java","111783","80020","191803"
"2013-06-15 19:05","ServerConfiguration.java","1175","7289","8464"
"2014-01-15 15:58","ServerConfiguration.java","2957","14990","17947"
"2013-10-22 07:44","ServerConfiguration.java","2748","11940","14688"
"2017-07-07 08:19","ServerConfiguration.java","112952","91264","204216"
"2017-06-28 23:24","ServerConfiguration.java","112697","85213","197910"
"2017-11-08 12:27","ServerConfiguration.java","124118","126704","250822"
"2014-01-22 14:35","ServerConfiguration.java","3505","17459","20964"
"2013-10-12 05:42","ServerConfiguration.java","2540","11359","13899"
"2014-06-06 15:29","AuditorPeriodicBookieCheckTest.java","402","2425","2827"
"2017-05-16 00:31","BookieProtocol.java","73492","89193","162685"
"2017-06-01 21:20","BookieProtocol.java","74145","92173","166318"
"2013-03-18 00:31","BookieProtocol.java","5659","55173","60832"
"2016-04-05 08:45","BookieProtocol.java","71301","55458","126759"
"2013-02-12 11:16","BookieProtocol.java","5528","54829","60357"
"2017-05-15 19:52","BookieProtocol.java","73420","88703","162123"
"2017-06-05 22:25","BookieProtocol.java","74247","94172","168419"
"2017-08-02 00:49","PerChannelBookieClient.java","3657","17269","20926"
"2014-08-02 20:02","DiskChecker.java","2987","17252","20239"
"2017-07-07 08:19","DiskChecker.java","114117","80396","194513"
"2017-06-05 20:30","DiskChecker.java","113614","71053","184667"
"2016-07-14 23:02","TestClient.java","40466","86503","126969"
"2012-09-11 10:30","TestClient.java","13531","64890","78421"
"2013-02-08 19:08","TestClient.java","17094","126613","143707"
"2012-05-04 20:11","TestClient.java","10405","28860","39265"
"2012-05-09 13:20","TestClient.java","10596","29778","40374"
"2016-07-14 23:02","FileSystemUpgrade.java","66150","60829","126979"
"2017-03-22 22:54","FileSystemUpgrade.java","67290","83248","150538"
"2013-02-08 19:08","FileSystemUpgrade.java","7693","65854","73547"
"2012-12-08 11:18","FileSystemUpgrade.java","5133","25060","30193"
"2014-09-18 06:57","FileSystemUpgrade.java","12026","98455","110481"
"2017-10-17 09:32","AuditorElector.java","35213","65169","100382"
"2014-02-05 22:43","BookieWatcher.java","3504","11905","15409"
"2016-11-18 00:44","BookieWatcher.java","112234","51164","163398"
"2017-01-31 04:01","LedgerDescriptor.java","47489","96718","144207"
"2017-05-16 00:31","LedgerDescriptor.java","48024","106017","154041"
"2012-12-18 13:04","LedgerDescriptor.java","10762","68600","79362"
"2016-11-18 00:18","LedgerDescriptor.java","47444","83572","131016"
"2016-12-21 01:48","LedgerCacheTest.java","48415","87883","136298"
"2013-02-12 06:00","LedgerCacheTest.java","11455","99938","111393"
"2013-01-07 03:48","LedgerCacheTest.java","10803","67194","77997"
"2012-12-24 05:50","LedgerCacheTest.java","10209","64958","75167"
"2012-12-24 06:23","LedgerCacheTest.java","10265","65236","75501"
"2019-02-20 11:43","LedgerCacheTest.java","56326","434471","490797"
"2013-08-12 19:01","LedgerCacheTest.java","12927","108806","121733"
"2013-10-12 05:42","LedgerCacheTest.java","13735","111011","124746"
"2017-05-16 00:31","LedgerCacheTest.java","48991","103787","152778"
"2013-12-02 18:45","LedgerCacheTest.java","13955","114101","128056"
"2014-07-24 01:41","LedgerCacheTest.java","14878","123181","138059"
"2014-12-10 19:43","LedgerCacheTest.java","15295","133226","148521"
"2016-03-08 06:49","LedgerCacheTest.java","15815","139985","155800"
"2014-03-12 21:26","LedgerCacheTest.java","14556","120104","134660"
"2012-12-08 11:18","LedgerCacheTest.java","9489","59778","69267"
"2012-10-26 12:51","LedgerCacheTest.java","8883","49504","58387"
"2012-12-08 11:18","Bookie.java","10591","65416","76007"
"2012-09-14 15:42","Bookie.java","7324","42848","50172"
"2012-10-25 15:35","Bookie.java","9984","54752","64736"
"2012-10-26 16:25","Bookie.java","10176","55893","66069"
"2017-01-31 04:01","Bookie.java","47150","97718","144868"
"2017-03-28 22:37","Bookie.java","47176","102551","149727"
"2016-01-26 22:11","Bookie.java","15849","143541","159390"
"2015-03-18 07:38","Bookie.java","15595","140035","155630"
"2015-04-21 09:17","Bookie.java","15594","140136","155730"
"2012-10-18 16:40","Bookie.java","9876","53507","63383"
"2012-12-03 17:59","Bookie.java","10453","65233","75686"
"2012-07-04 16:17","Bookie.java","3969","15995","19964"
"2012-07-23 23:39","Bookie.java","5619","21041","26660"
"2013-06-21 19:26","Bookie.java","13385","112619","126004"
"2012-09-07 07:04","Bookie.java","6948","41811","48759"
"2014-09-23 17:53","Bookie.java","15398","136781","152179"
"2017-07-04 06:27","Bookie.java","48415","117757","166172"
"2017-06-05 22:25","Bookie.java","48310","111866","160176"
"2014-02-06 09:25","Bookie.java","14815","121904","136719"
"2014-04-29 22:07","Bookie.java","14912","125506","140418"
"2013-12-06 07:39","Bookie.java","14361","119195","133556"
"2012-07-05 14:45","Bookie.java","3986","16494","20480"
"2012-05-10 14:47","Bookie.java","1204","3993","5197"
"2014-08-02 20:02","Bookie.java","15335","134626","149961"
"2012-04-17 13:16","Bookie.java","728","2290","3018"
"2012-04-16 16:11","Bookie.java","220","1370","1590"
"2013-10-02 07:01","Bookie.java","13517","114596","128113"
"2012-06-19 12:39","Bookie.java","2508","8947","11455"
"2017-06-28 23:24","Bookie.java","48347","113856","162203"
"2017-07-07 08:19","Bookie.java","48412","119717","168129"
"2013-09-11 00:34","Bookie.java","13492","114370","127862"
"2014-01-21 17:26","Bookie.java","14462","121033","135495"
"2013-10-12 05:42","Bookie.java","14164","115976","130140"
"2013-10-22 16:21","Bookie.java","14337","116916","131253"
"2017-05-16 00:31","Bookie.java","47675","107007","154682"
"2013-07-24 16:55","Bookie.java","13431","113723","127154"
"2014-02-05 22:43","Bookie.java","14813","121894","136707"
"2014-08-18 23:03","Bookie.java","15348","136107","151455"
"2014-05-09 14:04","Bookie.java","14915","126150","141065"
"2013-06-15 19:05","Bookie.java","13381","112488","125869"
"2017-06-01 23:58","Bookie.java","48286","110393","158679"
"2012-04-17 12:18","Bookie.java","347","1686","2033"
"2012-04-02 12:38","Bookie.java","188","1164","1352"
"2017-08-02 00:49","Bookie.java","49234","136782","186016"
"2013-12-02 18:45","Bookie.java","14357","119039","133396"
"2013-05-04 14:22","Bookie.java","13206","107784","120990"
"2012-12-18 13:04","Bookie.java","10879","70056","80935"
"2016-11-18 00:18","Bookie.java","47108","84575","131683"
"2017-03-28 22:35","Bookie.java","47158","102318","149476"
"2016-07-14 23:02","Bookie.java","47033","76610","123643"
"2017-06-05 20:30","Bookie.java","48286","110751","159037"
"2016-11-30 00:02","Bookie.java","47115","85112","132227"
"2012-12-24 05:50","Bookie.java","11090","70375","81465"
"2017-03-22 22:54","Bookie.java","47159","98015","145174"
"2012-12-24 06:23","Bookie.java","11141","70648","81789"
"2017-07-04 06:27","LedgerHandle.java","343","2304","2647"
"2017-05-15 19:52","LedgerHandle.java","112424","59160","171584"
"2017-05-02 22:07","LedgerHandle.java","111607","55989","167596"
"2017-03-23 15:55","LedgerHandle.java","111403","50159","161562"
"2016-09-10 21:01","LedgerHandle.java","109615","31084","140699"
"2016-07-11 23:01","LedgerHandle.java","108310","25675","133985"
"2017-05-17 08:57","LedgerHandle.java","112582","59795","172377"
"2017-05-25 14:23","LedgerHandle.java","112616","61634","174250"
"2017-06-21 19:50","LedgerHandle.java","113681","65630","179311"
"2017-06-21 21:00","LedgerHandle.java","113691","66423","180114"
"2017-06-01 23:58","LedgerHandle.java","113406","63335","176741"
"2014-09-18 06:47","LedgerHandle.java","1817","10939","12756"
"2014-12-09 19:57","LedgerHandle.java","2101","12316","14417"
"2017-07-04 06:27","LedgerHandle.java","114111","71275","185386"
"2017-06-30 00:12","LedgerHandle.java","113958","69161","183119"
"2016-02-09 08:32","LedgerHandle.java","3617","19263","22880"
"2016-03-16 05:03","LedgerHandle.java","107951","20858","128809"
"2015-10-22 09:22","LedgerHandle.java","3464","18075","21539"
"2015-10-06 10:05","LedgerHandle.java","3430","16985","20415"
"2017-01-31 04:01","LedgerHandle.java","111287","49677","160964"
"2015-04-21 09:39","LedgerHandle.java","2581","14965","17546"
"2015-10-06 11:12","LedgerHandle.java","3436","17231","20667"
"2014-12-05 14:10","LedgerHandle.java","2047","11813","13860"
"2017-07-28 20:12","BKException.java","81854","99812","181666"
"2016-07-11 22:53","BKException.java","78181","50839","129020"
"2017-05-02 23:04","BKException.java","79923","81369","161292"
"2013-09-10 15:14","BKException.java","5031","49892","54923"
"2014-02-21 19:01","BKException.java","7216","59482","66698"
"2017-08-02 00:49","BKException.java","84247","115817","200064"
"2015-09-15 10:38","BKException.java","9012","78443","87455"
"2017-01-31 04:01","BKException.java","79470","74060","153530"
"2015-10-06 10:48","BKException.java","9018","78999","88017"
"2015-10-22 09:22","BKException.java","9041","79852","88893"
"2017-01-31 04:01","BookkeeperInternalCallbacks.java","110826","54313","165139"
"2017-06-05 22:25","BookkeeperInternalCallbacks.java","113037","69512","182549"
"2017-08-02 00:49","BookkeeperInternalCallbacks.java","117040","97507","214547"
"2017-06-21 21:00","BookkeeperInternalCallbacks.java","113111","70940","184051"
"2017-06-05 22:13","BookkeeperInternalCallbacks.java","112951","69132","182083"
"2017-05-15 19:52","BookkeeperInternalCallbacks.java","111874","63707","175581"
"2017-03-28 22:35","BookkeeperInternalCallbacks.java","110928","59007","169935"
"2017-07-28 20:12","BKException.java","50081","117578","167659"
"2016-07-11 22:53","BKException.java","48022","70219","118241"
"2017-05-02 23:04","BKException.java","48536","99521","148057"
"2013-09-10 15:14","BKException.java","12510","106910","119420"
"2014-02-21 19:01","BKException.java","14125","115930","130055"
"2017-08-02 00:49","BKException.java","50686","131795","182481"
"2012-12-12 11:20","BKException.java","8861","58400","67261"
"2015-09-15 10:38","BKException.java","15234","134204","149438"
"2017-01-31 04:01","BKException.java","48191","92320","140511"
"2015-10-06 10:48","BKException.java","15237","134757","149994"
"2015-10-22 09:22","BKException.java","15245","135595","150840"
"2012-09-04 10:39","BKException.java","4724","31785","36509"
"2012-12-03 17:59","BKException.java","8635","56976","65611"
"2017-05-15 19:52","LedgerHandle.java","112404","59101","171505"
"2017-05-02 22:07","LedgerHandle.java","111587","55930","167517"
"2017-03-23 15:55","LedgerHandle.java","111383","50100","161483"
"2016-09-10 21:01","LedgerHandle.java","109595","31025","140620"
"2016-07-11 23:01","LedgerHandle.java","108290","25616","133906"
"2017-05-17 08:57","LedgerHandle.java","112562","59736","172298"
"2017-05-25 14:23","LedgerHandle.java","112597","61576","174173"
"2017-06-21 19:50","LedgerHandle.java","113663","65573","179236"
"2017-06-21 21:00","LedgerHandle.java","113677","66370","180047"
"2017-06-01 23:58","LedgerHandle.java","113388","63278","176666"
"2014-09-18 06:47","LedgerHandle.java","1794","10877","12671"
"2014-12-09 19:57","LedgerHandle.java","2081","12257","14338"
"2017-07-04 06:27","LedgerHandle.java","114097","71222","185319"
"2017-06-30 00:12","LedgerHandle.java","113944","69108","183052"
"2016-02-09 08:32","LedgerHandle.java","3597","19204","22801"
"2016-03-16 05:03","LedgerHandle.java","107931","20799","128730"
"2015-10-22 09:22","LedgerHandle.java","3444","18016","21460"
"2015-10-06 10:05","LedgerHandle.java","3410","16926","20336"
"2017-01-31 04:01","LedgerHandle.java","111267","49618","160885"
"2015-04-21 09:39","LedgerHandle.java","2561","14906","17467"
"2015-10-06 11:12","LedgerHandle.java","3416","17172","20588"
"2014-12-05 14:10","LedgerHandle.java","2024","11751","13775"
"2012-12-08 11:18","Bookie.java","10452","63938","74390"
"2012-09-14 15:42","Bookie.java","7175","41360","48535"
"2012-10-25 15:35","Bookie.java","9841","53270","63111"
"2012-10-26 16:25","Bookie.java","10033","54411","64444"
"2017-01-31 04:01","Bookie.java","47489","96718","144207"
"2017-03-28 22:37","Bookie.java","47523","101559","149082"
"2016-01-26 22:11","Bookie.java","16165","142518","158683"
"2015-03-18 07:38","Bookie.java","15901","139002","154903"
"2015-04-21 09:17","Bookie.java","15900","139103","155003"
"2012-10-18 16:40","Bookie.java","9733","52025","61758"
"2012-12-03 17:59","Bookie.java","10313","63754","74067"
"2012-07-04 16:17","Bookie.java","3751","14438","18189"
"2012-07-23 23:39","Bookie.java","5409","19492","24901"
"2013-06-21 19:26","Bookie.java","13596","111491","125087"
"2012-09-07 07:04","Bookie.java","6793","40317","47110"
"2014-09-23 17:53","Bookie.java","15700","135744","151444"
"2017-07-04 06:27","Bookie.java","48796","116799","165595"
"2017-06-05 22:25","Bookie.java","48680","110897","159577"
"2014-02-06 09:25","Bookie.java","15092","120842","135934"
"2014-04-29 22:07","Bookie.java","15197","124452","139649"
"2013-12-06 07:39","Bookie.java","14611","118106","132717"
"2012-07-05 14:45","Bookie.java","3768","14937","18705"
"2012-05-10 14:47","Bookie.java","879","2329","3208"
"2014-08-02 20:02","Bookie.java","15637","133589","149226"
"2013-10-02 07:01","Bookie.java","13728","113468","127196"
"2012-06-19 12:39","Bookie.java","2275","7375","9650"
"2017-06-28 23:24","Bookie.java","48721","112891","161612"
"2017-07-07 08:19","Bookie.java","48792","118758","167550"
"2013-09-11 00:34","Bookie.java","13703","113242","126945"
"2014-01-21 17:26","Bookie.java","14718","119950","134668"
"2013-10-12 05:42","Bookie.java","14412","114885","129297"
"2013-10-22 16:21","Bookie.java","14587","115827","130414"
"2017-05-16 00:31","Bookie.java","48024","106017","154041"
"2013-07-24 16:55","Bookie.java","13642","112595","126237"
"2014-02-05 22:43","Bookie.java","15089","120831","135920"
"2014-08-18 23:03","Bookie.java","15650","135070","150720"
"2014-05-09 14:04","Bookie.java","15205","125101","140306"
"2013-06-15 19:05","Bookie.java","13596","111364","124960"
"2017-06-01 23:58","Bookie.java","48661","109429","158090"
"2017-08-02 00:49","Bookie.java","49635","135844","185479"
"2013-12-02 18:45","Bookie.java","14607","117950","132557"
"2013-05-04 14:22","Bookie.java","13424","106663","120087"
"2012-12-18 13:04","Bookie.java","10762","68600","79362"
"2016-11-18 00:18","Bookie.java","47444","83572","131016"
"2017-03-28 22:35","Bookie.java","47505","101326","148831"
"2016-07-14 23:02","Bookie.java","47372","75610","122982"
"2017-06-05 20:30","Bookie.java","48661","109787","158448"
"2016-11-30 00:02","Bookie.java","47455","84113","131568"
"2012-12-24 05:50","Bookie.java","11147","69093","80240"
"2017-03-22 22:54","Bookie.java","47507","97024","144531"
"2012-12-24 06:23","Bookie.java","11199","69367","80566"
"2017-06-01 23:58","ExplicitLacFlushPolicy.java","3520","15059","18579"
"2017-05-15 19:52","ExplicitLacFlushPolicy.java","2252","10598","12850"
"2017-03-23 00:59","ExplicitLacFlushPolicy.java","190","542","732"
"2017-07-04 06:27","LedgerStorage.java","4948","36823","41771"
"2017-03-28 22:37","LedgerStorage.java","1057","18965","20022"
"2017-01-31 04:01","LedgerStorage.java","779","13880","14659"
"2017-05-16 00:31","LedgerStorage.java","2889","24754","27643"
"2016-03-16 04:51","AutoRecoveryMain.java","73035","52200","125235"
"2013-10-02 06:23","AutoRecoveryMain.java","6373","61545","67918"
"2013-01-14 16:59","AutoRecoveryMain.java","4230","20859","25089"
"2012-12-18 12:00","AutoRecoveryMain.java","2238","15408","17646"
"2014-03-10 03:14","AutoRecoveryMain.java","8488","71739","80227"
"2014-04-24 10:43","AutoRecoveryMain.java","8497","72996","81493"
"2014-09-06 07:58","AutoRecoveryMain.java","9180","84760","93940"
"2013-12-06 07:39","AutoRecoveryMain.java","7496","66613","74109"
"2017-05-15 19:52","BookKeeperClusterTestCase.java","112528","59877","172405"
"2016-04-05 08:45","BookKeeperClusterTestCase.java","108094","24317","132411"
"2017-08-01 08:34","BookKeeperClusterTestCase.java","117310","90708","208018"
"2017-11-08 12:27","BookKeeperClusterTestCase.java","127458","111472","238930"
"2017-07-04 06:27","BookKeeperClusterTestCase.java","114204","71981","186185"
"2014-07-24 01:41","BookKeeperClusterTestCase.java","710","1984","2694"
"2017-06-30 00:12","BookKeeperClusterTestCase.java","114065","69881","183946"
"2016-04-27 09:55","BookKeeperClusterTestCase.java","108183","25210","133393"
"2015-10-06 10:48","BookKeeperClusterTestCase.java","3576","17970","21546"
"2014-12-10 19:43","BookKeeperClusterTestCase.java","2598","13500","16098"
"2017-05-09 23:06","GarbageCollectorThread.java","111536","40280","151816"
"2017-11-08 12:27","GarbageCollectorThread.java","132573","99446","232019"
"2017-03-28 22:39","GarbageCollectorThread.java","110910","37598","148508"
"2017-01-30 23:25","GarbageCollectorThread.java","110683","26406","137089"
"2016-05-04 15:55","GarbageCollectorThread.java","105047","4956","110003"
"2017-05-15 19:52","TestRackawareEnsemblePlacementPolicy.java","2005","5759","7764"
"2017-08-16 03:41","TestRackawareEnsemblePlacementPolicy.java","11924","51169","63093"
"2012-12-08 11:18","Bookie.java","16634","76360","92994"
"2012-09-14 15:42","Bookie.java","13584","54009","67593"
"2012-10-25 15:35","Bookie.java","16203","65872","82075"
"2012-10-26 16:25","Bookie.java","16333","66951","83284"
"2017-01-31 04:01","Bookie.java","45800","101269","147069"
"2017-03-28 22:37","Bookie.java","45816","106092","151908"
"2016-01-26 22:11","Bookie.java","20819","153412","174231"
"2015-03-18 07:38","Bookie.java","20593","149934","170527"
"2015-04-21 09:17","Bookie.java","20592","150035","170627"
"2012-10-18 16:40","Bookie.java","16107","64639","80746"
"2012-12-03 17:59","Bookie.java","16512","76193","92705"
"2012-07-04 16:17","Bookie.java","10570","27497","38067"
"2012-07-23 23:39","Bookie.java","12141","32464","44605"
"2013-06-21 19:26","Bookie.java","19160","123295","142455"
"2012-09-07 07:04","Bookie.java","13227","52991","66218"
"2014-09-23 17:53","Bookie.java","20471","146755","167226"
"2017-07-04 06:27","Bookie.java","46960","121203","168163"
"2017-06-05 22:25","Bookie.java","46868","115325","162193"
"2014-02-06 09:25","Bookie.java","19959","131949","151908"
"2014-04-29 22:07","Bookie.java","20049","135544","155593"
"2013-12-06 07:39","Bookie.java","19534","129269","148803"
"2012-07-05 14:45","Bookie.java","10586","27995","38581"
"2012-05-10 14:47","Bookie.java","9118","16808","25926"
"2014-08-02 20:02","Bookie.java","20460","144652","165112"
"2012-04-17 13:16","Bookie.java","8765","15228","23993"
"2012-04-16 16:11","Bookie.java","8321","14372","22693"
"2013-10-02 07:01","Bookie.java","19280","125260","144540"
"2012-06-19 12:39","Bookie.java","10366","21706","32072"
"2017-06-28 23:24","Bookie.java","46903","117313","164216"
"2017-07-07 08:19","Bookie.java","46954","123160","170114"
"2013-09-11 00:34","Bookie.java","19256","125035","144291"
"2014-01-21 17:26","Bookie.java","19635","131107","150742"
"2013-10-12 05:42","Bookie.java","19368","126081","145449"
"2013-10-22 16:21","Bookie.java","19510","126990","146500"
"2017-05-16 00:31","Bookie.java","46287","110520","156807"
"2013-07-24 16:55","Bookie.java","19201","124394","143595"
"2014-02-05 22:43","Bookie.java","19957","131939","151896"
"2014-08-18 23:03","Bookie.java","20460","146120","166580"
"2014-05-09 14:04","Bookie.java","20049","136185","156234"
"2013-06-15 19:05","Bookie.java","19155","123163","142318"
"2017-06-01 23:58","Bookie.java","46856","113864","160720"
"2012-03-29 15:18","Bookie.java","8153","13054","21207"
"2012-04-17 12:18","Bookie.java","8385","14625","23010"
"2012-03-20 14:09","Bookie.java","7873","12059","19932"
"2012-03-13 07:31","Bookie.java","518","2775","3293"
"2012-04-02 12:38","Bookie.java","8313","14190","22503"
"2017-08-02 00:49","Bookie.java","47710","140159","187869"
"2013-12-02 18:45","Bookie.java","19529","129112","148641"
"2013-05-04 14:22","Bookie.java","18973","118452","137425"
"2012-12-18 13:04","Bookie.java","16912","80990","97902"
"2016-11-18 00:18","Bookie.java","45770","88138","133908"
"2017-03-28 22:35","Bookie.java","45808","105869","151677"
"2016-07-14 23:02","Bookie.java","45691","80169","125860"
"2017-06-05 20:30","Bookie.java","46856","114222","161078"
"2016-11-30 00:02","Bookie.java","45766","88664","134430"
"2012-12-24 05:50","Bookie.java","17116","81302","98418"
"2017-03-22 22:54","Bookie.java","45809","101566","147375"
"2012-12-24 06:23","Bookie.java","17165","81573","98738"
"2017-05-04 20:58","AbstractZkLedgerManager.java","111768","41226","152994"
"2017-06-01 23:58","AbstractZkLedgerManager.java","113440","47555","160995"
"2017-06-12 17:20","AbstractZkLedgerManager.java","113824","49716","163540"
"2017-03-28 22:40","AbstractZkLedgerManager.java","111185","38796","149981"
"2017-08-01 08:34","BookKeeperClusterTestCase.java","4709","22291","27000"
"2017-11-08 12:27","BookKeeperClusterTestCase.java","35192","63390","98582"
"2017-07-04 06:27","BookKeeperClusterTestCase.java","343","2304","2647"
"2017-05-02 23:04","HierarchicalLedgerManagerFactory.java","48536","99521","148057"
"2012-09-07 07:04","HierarchicalLedgerManagerFactory.java","4844","33268","38112"
"2015-09-15 10:38","HierarchicalLedgerManagerFactory.java","15234","134204","149438"
"2017-03-28 22:40","HierarchicalLedgerManagerFactory.java","48290","97454","145744"
"2014-12-06 07:38","CleanupLedgerManager.java","2460","16295","18755"
"2017-06-21 21:00","CleanupLedgerManager.java","113169","69835","183004"
"2015-09-15 10:38","BookKeeper.java","20699","151980","172679"
"2015-10-22 09:22","BookKeeper.java","20714","153375","174089"
"2017-01-31 04:01","BookKeeper.java","45674","102114","147788"
"2012-07-23 23:39","BookKeeper.java","12199","33493","45692"
"2012-12-13 13:07","BookKeeper.java","16878","79499","96377"
"2015-07-10 22:48","BookKeeper.java","20544","151523","172067"
"2017-06-30 00:12","BookKeeper.java","46738","119991","166729"
"2014-02-06 09:21","BookKeeper.java","19872","132829","152701"
"2012-06-05 08:00","BookKeeper.java","9723","20053","29776"
"2012-06-19 12:39","BookKeeper.java","10436","22747","33183"
"2012-09-12 11:59","BookKeeper.java","13364","54624","67988"
"2014-01-21 05:19","BookKeeper.java","19566","131716","151282"
"2013-10-02 06:40","BookKeeper.java","19249","126094","145343"
"2014-02-21 19:01","BookKeeper.java","19926","134042","153968"
"2016-10-13 07:50","BookKeeper.java","45561","88445","134006"
"2017-06-21 21:00","BookKeeper.java","46726","117508","164234"
"2013-06-12 18:41","BookKeeper.java","19127","123679","142806"
"2013-05-06 19:32","BookKeeper.java","18961","119511","138472"
"2013-01-10 19:13","BookKeeper.java","17765","85357","103122"
"2017-03-28 22:35","BookKeeper.java","45668","106700","152368"
"2016-07-11 23:01","BookKeeper.java","45553","80968","126521"
"2016-10-13 09:27","BookKeeper.java","45637","88507","134144"
"2017-07-28 20:12","BookKeeper.java","47097","126905","174002"
"2017-05-15 19:52","BookKeeper.java","46069","110855","156924"
"2013-09-10 15:14","BookKeeper.java","19219","125930","145149"
"2017-07-28 22:34","LedgerMetadataCreationTest.java","2506","25034","27540"
"2017-06-30 00:12","PerChannelBookieClient.java","4161","26443","30604"
"2017-07-04 06:27","PerChannelBookieClient.java","4425","28668","33093"
"2017-04-15 13:58","PerChannelBookieClient.java","680","11841","12521"
"2017-05-15 19:52","PerChannelBookieClient.java","2090","15905","17995"
"2017-07-28 20:12","PerChannelBookieClient.java","5908","34745","40653"
"2017-03-28 22:35","PerChannelBookieClient.java","345","10406","10751"
"2017-03-23 00:48","PerChannelBookieClient.java","250","6059","6309"
"2017-08-02 00:49","PerChannelBookieClient.java","9032","51481","60513"
"2017-06-21 19:58","PerChannelBookieClient.java","3791","22929","26720"
"2017-06-01 23:58","PerChannelBookieClient.java","3292","20300","23592"
"2017-04-20 19:55","PerChannelBookieClient.java","692","11874","12566"
"2014-12-05 17:51","RoundRobinDistributionScheduleTest.java","4184","24351","28535"
"2017-06-30 00:12","RoundRobinDistributionScheduleTest.java","114332","79867","194199"
"2017-06-30 00:12","PerChannelBookieClient.java","4207","16428","20635"
"2017-07-04 06:27","PerChannelBookieClient.java","4491","18673","23164"
"2017-04-15 13:58","PerChannelBookieClient.java","433","1533","1966"
"2017-05-15 19:52","PerChannelBookieClient.java","2005","5759","7764"
"2017-07-28 20:12","PerChannelBookieClient.java","6033","24809","30842"
"2017-08-02 00:49","PerChannelBookieClient.java","9396","41784","51180"
"2017-06-21 19:58","PerChannelBookieClient.java","3810","12887","16697"
"2017-06-01 23:58","PerChannelBookieClient.java","3302","10249","13551"
"2017-04-20 19:55","PerChannelBookieClient.java","450","1571","2021"
"2017-01-31 04:01","LedgerDescriptor.java","46615","97898","144513"
"2017-05-16 00:31","LedgerDescriptor.java","47134","107181","154315"
"2012-04-17 12:18","LedgerDescriptor.java","646","2700","3346"
"2012-12-18 13:04","LedgerDescriptor.java","11114","71006","82120"
"2016-11-18 00:18","LedgerDescriptor.java","46573","84755","131328"
"2014-12-09 19:57","LedgerCloseTest.java","5062","33237","38299"
"2016-03-16 04:43","LedgerCloseTest.java","109350","39985","149335"
"2013-10-14 18:32","LedgerCloseTest.java","2134","9821","11955"
"2014-02-05 22:43","LedgerCloseTest.java","3706","16569","20275"
"2017-05-16 00:31","LedgerCloseTest.java","112044","77158","189202"
"2013-06-26 03:27","LedgerCloseTest.java","655","5711","6366"
"2013-10-29 05:14","LedgerCloseTest.java","2363","10860","13223"
"2017-05-15 19:52","BookKeeperClusterTestCase.java","112477","61175","173652"
"2016-04-05 08:45","BookKeeperClusterTestCase.java","108069","25641","133710"
"2017-08-01 08:34","BookKeeperClusterTestCase.java","117245","91992","209237"
"2017-11-08 12:27","BookKeeperClusterTestCase.java","127278","112641","239919"
"2014-05-09 14:04","BookKeeperClusterTestCase.java","90","1109","1199"
"2017-07-04 06:27","BookKeeperClusterTestCase.java","114145","73271","187416"
"2014-07-24 01:41","BookKeeperClusterTestCase.java","797","3420","4217"
"2014-05-23 18:46","BookKeeperClusterTestCase.java","111","1460","1571"
"2017-06-30 00:12","BookKeeperClusterTestCase.java","114007","71172","185179"
"2016-04-27 09:55","BookKeeperClusterTestCase.java","108158","26534","134692"
"2015-10-06 10:48","BookKeeperClusterTestCase.java","3552","19295","22847"
"2014-12-10 19:43","BookKeeperClusterTestCase.java","2616","14867","17483"
"2012-12-14 20:26","BookieShell.java","9762","62469","72231"
"2016-02-09 08:28","BookieShell.java","15733","137878","153611"
"2016-03-16 05:03","BookieShell.java","48366","67778","116144"
"2014-12-06 07:47","BookieShell.java","15160","131585","146745"
"2014-12-06 08:03","BookieShell.java","15160","131789","146949"
"2012-09-07 07:04","BookieShell.java","5566","34756","40322"
"2014-09-29 16:29","BookieShell.java","15133","131205","146338"
"2014-06-03 12:35","BookieShell.java","14686","121835","136521"
"2014-02-05 22:43","BookieShell.java","14481","115889","130370"
"2013-10-02 06:54","BookieShell.java","13004","108328","121332"
"2015-01-13 13:06","BookieShell.java","15326","133800","149126"
"2017-06-01 23:58","BookieShell.java","49781","106215","155996"
"2017-07-07 05:11","BookieShell.java","49924","115273","165197"
"2013-02-26 04:12","BookieShell.java","12237","99651","111888"
"2017-01-11 07:37","BookieShell.java","48583","87164","135747"
"2016-12-21 01:42","BookieShell.java","48581","86804","135385"
"2017-01-11 07:34","BookieShell.java","48583","87040","135623"
"2016-11-30 00:02","BookieShell.java","48561","80885","129446"
"2017-01-30 23:25","BookieShell.java","48584","87340","135924"
"2017-03-28 22:35","BookieShell.java","48629","98116","146745"
"2017-01-30 21:31","BookieShell.java","48583","87231","135814"
"2017-03-22 22:54","BookieShell.java","48631","93814","142445"
"2017-05-09 23:06","GarbageCollectorThread.java","111662","40758","152420"
"2017-11-08 12:27","GarbageCollectorThread.java","132644","99869","232513"
"2017-03-28 22:39","GarbageCollectorThread.java","111036","38076","149112"
"2017-01-30 23:25","GarbageCollectorThread.java","110714","26789","137503"
"2016-05-04 15:55","GarbageCollectorThread.java","105079","5340","110419"
"2016-03-08 06:49","GarbageCollectorThread.java","149","501","650"
"2015-09-15 10:38","AbstractConfiguration.java","19212","159793","179005"
"2011-11-28 19:25","AbstractConfiguration.java","482","3226","3708"
"2017-03-28 22:40","AbstractConfiguration.java","40848","111623","152471"
"2012-10-05 16:24","AbstractConfiguration.java","15235","70873","86108"
"2012-05-24 07:12","AbstractConfiguration.java","10483","29518","40001"
"2012-06-19 12:39","AbstractConfiguration.java","10733","32344","43077"
"2012-12-12 11:20","AbstractConfiguration.java","16209","87359","103568"
"2017-08-02 00:49","AbstractConfiguration.java","41852","144572","186424"
"2013-06-12 18:41","AbstractConfiguration.java","18119","131971","150090"
"2012-06-13 16:57","AbstractConfiguration.java","10563","31408","41971"
"2016-07-31 07:53","AbstractConfiguration.java","40719","85568","126287"
"2017-01-31 02:14","AbstractConfiguration.java","40843","101114","141957"
"2016-07-31 07:56","AbstractConfiguration.java","40719","85902","126621"
"2017-05-02 23:04","AbstractConfiguration.java","40855","113451","154306"
"2017-03-23 00:48","AbstractConfiguration.java","40851","106931","147782"
"2012-11-30 04:54","AbstractConfiguration.java","16039","85454","101493"
"2012-12-08 11:18","Bookie.java","16586","78194","94780"
"2012-09-14 15:42","Bookie.java","13586","55893","69479"
"2012-10-25 15:35","Bookie.java","16192","67743","83935"
"2012-10-26 16:25","Bookie.java","16322","68822","85144"
"2017-01-31 04:01","Bookie.java","45308","102659","147967"
"2017-03-28 22:37","Bookie.java","45319","107477","152796"
"2016-01-26 22:11","Bookie.java","20415","154890","175305"
"2015-03-18 07:38","Bookie.java","20208","151431","171639"
"2015-04-21 09:17","Bookie.java","20207","151532","171739"
"2012-10-18 16:40","Bookie.java","16104","66518","82622"
"2012-12-03 17:59","Bookie.java","16469","78032","94501"
"2012-07-04 16:17","Bookie.java","10617","29426","40043"
"2012-07-23 23:39","Bookie.java","12171","34376","46547"
"2013-06-21 19:26","Bookie.java","18900","124917","143817"
"2012-09-07 07:04","Bookie.java","13237","54883","68120"
"2014-09-23 17:53","Bookie.java","20110","148276","168386"
"2017-07-04 06:27","Bookie.java","46411","122536","168947"
"2017-06-05 22:25","Bookie.java","46330","116669","162999"
"2014-02-06 09:25","Bookie.java","19626","133498","153124"
"2014-04-29 22:07","Bookie.java","19702","137079","156781"
"2013-12-06 07:39","Bookie.java","19237","130854","150091"
"2012-07-05 14:45","Bookie.java","10631","29922","40553"
"2012-05-10 14:47","Bookie.java","9238","18810","28048"
"2014-08-02 20:02","Bookie.java","20099","146173","166272"
"2012-04-17 13:16","Bookie.java","8902","17247","26149"
"2012-04-16 16:11","Bookie.java","8528","16461","24989"
"2013-10-02 07:01","Bookie.java","19017","126879","145896"
"2012-06-19 12:39","Bookie.java","10413","23635","34048"
"2017-06-28 23:24","Bookie.java","46367","118659","165026"
"2017-07-07 08:19","Bookie.java","46404","124492","170896"
"2013-09-11 00:34","Bookie.java","18995","126656","145651"
"2014-01-21 17:26","Bookie.java","19327","132681","152008"
"2013-10-12 05:42","Bookie.java","19095","127690","146785"
"2013-10-22 16:21","Bookie.java","19214","128576","147790"
"2017-05-16 00:31","Bookie.java","45746","111861","157607"
"2013-07-24 16:55","Bookie.java","18940","126015","144955"
"2014-02-05 22:43","Bookie.java","19626","133490","153116"
"2014-08-18 23:03","Bookie.java","20099","147641","167740"
"2014-05-09 14:04","Bookie.java","19702","137720","157422"
"2013-06-15 19:05","Bookie.java","18903","124793","143696"
"2017-06-01 23:58","Bookie.java","46313","115203","161516"
"2012-03-29 15:18","Bookie.java","8379","15162","23541"
"2012-04-17 12:18","Bookie.java","8561","16683","25244"
"2012-03-08 19:24","Bookie.java","529","2411","2940"
"2012-02-17 12:50","Bookie.java","36","277","313"
"2012-03-20 14:09","Bookie.java","8227","14295","22522"
"2012-03-08 12:13","Bookie.java","453","2291","2744"
"2012-03-13 07:31","Bookie.java","1011","5150","6161"
"2012-04-02 12:38","Bookie.java","8521","16280","24801"
"2017-08-02 00:49","Bookie.java","47122","141453","188575"
"2013-12-02 18:45","Bookie.java","19234","130699","149933"
"2013-05-04 14:22","Bookie.java","18727","120088","138815"
"2012-12-18 13:04","Bookie.java","16863","82823","99686"
"2016-11-18 00:18","Bookie.java","45273","89523","134796"
"2017-03-28 22:35","Bookie.java","45311","107254","152565"
"2016-07-14 23:02","Bookie.java","45193","81553","126746"
"2017-06-05 20:30","Bookie.java","46313","115561","161874"
"2016-11-30 00:02","Bookie.java","45274","90054","135328"
"2012-12-24 05:50","Bookie.java","17054","83122","100176"
"2017-03-22 22:54","Bookie.java","45313","102952","148265"
"2012-12-24 06:23","Bookie.java","17102","83392","100494"
"2017-05-15 19:52","DigestManager.java","48676","103547","152223"
"2012-07-18 17:00","DigestManager.java","4210","15521","19731"
"2017-05-25 14:23","DigestManager.java","48782","105935","154717"
"2017-01-31 04:01","DigestManager.java","48182","94707","142889"
"2012-12-08 11:18","Bookie.java","16570","77937","94507"
"2012-09-14 15:42","Bookie.java","13570","55636","69206"
"2012-10-25 15:35","Bookie.java","16176","67486","83662"
"2012-10-26 16:25","Bookie.java","16306","68565","84871"
"2017-01-31 04:01","Bookie.java","45319","102429","147748"
"2017-03-28 22:37","Bookie.java","45330","107247","152577"
"2016-01-26 22:11","Bookie.java","20426","154660","175086"
"2015-03-18 07:38","Bookie.java","20219","151201","171420"
"2015-04-21 09:17","Bookie.java","20218","151302","171520"
"2012-10-18 16:40","Bookie.java","16088","66261","82349"
"2012-12-03 17:59","Bookie.java","16453","77775","94228"
"2012-07-04 16:17","Bookie.java","10599","29167","39766"
"2012-07-23 23:39","Bookie.java","12155","34119","46274"
"2013-06-21 19:26","Bookie.java","18889","124665","143554"
"2012-09-07 07:04","Bookie.java","13221","54626","67847"
"2014-09-23 17:53","Bookie.java","20109","148034","168143"
"2017-07-04 06:27","Bookie.java","46428","122312","168740"
"2017-06-05 22:25","Bookie.java","46347","116445","162792"
"2014-02-06 09:25","Bookie.java","19619","133250","152869"
"2014-04-29 22:07","Bookie.java","19696","136832","156528"
"2013-12-06 07:39","Bookie.java","19230","130606","149836"
"2012-07-05 14:45","Bookie.java","10615","29665","40280"
"2012-05-10 14:47","Bookie.java","9219","18550","27769"
"2014-08-02 20:02","Bookie.java","20098","145931","166029"
"2012-04-17 13:16","Bookie.java","8883","16987","25870"
"2012-04-16 16:11","Bookie.java","8511","16203","24714"
"2013-10-02 07:01","Bookie.java","19006","126627","145633"
"2012-06-19 12:39","Bookie.java","10395","23376","33771"
"2017-06-28 23:24","Bookie.java","46384","118435","164819"
"2017-07-07 08:19","Bookie.java","46421","124268","170689"
"2013-09-11 00:34","Bookie.java","18984","126404","145388"
"2014-01-21 17:26","Bookie.java","19320","132433","151753"
"2013-10-12 05:42","Bookie.java","19088","127442","146530"
"2013-10-22 16:21","Bookie.java","19207","128328","147535"
"2017-05-16 00:31","Bookie.java","45761","111635","157396"
"2013-07-24 16:55","Bookie.java","18929","125763","144692"
"2014-02-05 22:43","Bookie.java","19619","133242","152861"
"2014-08-18 23:03","Bookie.java","20098","147399","167497"
"2014-05-09 14:04","Bookie.java","19696","137473","157169"
"2013-06-15 19:05","Bookie.java","18892","124541","143433"
"2017-06-01 23:58","Bookie.java","46330","114979","161309"
"2012-03-29 15:18","Bookie.java","8362","14904","23266"
"2012-04-17 12:18","Bookie.java","8544","16425","24969"
"2012-03-08 19:24","Bookie.java","493","2134","2627"
"2012-03-20 14:09","Bookie.java","8209","14036","22245"
"2012-03-08 12:13","Bookie.java","417","2014","2431"
"2012-03-13 07:31","Bookie.java","980","4878","5858"
"2012-04-02 12:38","Bookie.java","8504","16022","24526"
"2017-08-02 00:49","Bookie.java","47143","141233","188376"
"2013-12-02 18:45","Bookie.java","19227","130451","149678"
"2013-05-04 14:22","Bookie.java","18716","119836","138552"
"2012-12-18 13:04","Bookie.java","16847","82566","99413"
"2016-11-18 00:18","Bookie.java","45284","89293","134577"
"2017-03-28 22:35","Bookie.java","45322","107024","152346"
"2016-07-14 23:02","Bookie.java","45204","81323","126527"
"2017-06-05 20:30","Bookie.java","46330","115337","161667"
"2016-11-30 00:02","Bookie.java","45285","89824","135109"
"2012-12-24 05:50","Bookie.java","17038","82865","99903"
"2017-03-22 22:54","Bookie.java","45324","102722","148046"
"2012-12-24 06:23","Bookie.java","17086","83135","100221"
"2012-12-08 11:18","Bookie.java","10826","66366","77192"
"2012-09-14 15:42","Bookie.java","7577","43816","51393"
"2012-10-25 15:35","Bookie.java","10225","55708","65933"
"2012-10-26 16:25","Bookie.java","10415","56847","67262"
"2017-01-31 04:01","Bookie.java","46615","97898","144513"
"2017-03-28 22:37","Bookie.java","46641","102731","149372"
"2016-01-26 22:11","Bookie.java","16019","144426","160445"
"2015-03-18 07:38","Bookie.java","15766","140921","156687"
"2015-04-21 09:17","Bookie.java","15765","141022","156787"
"2012-10-18 16:40","Bookie.java","10128","54474","64602"
"2012-12-03 17:59","Bookie.java","10692","66187","76879"
"2012-07-04 16:17","Bookie.java","4232","16973","21205"
"2012-07-23 23:39","Bookie.java","5882","22019","27901"
"2013-06-21 19:26","Bookie.java","13611","113560","127171"
"2012-09-07 07:04","Bookie.java","7201","42779","49980"
"2014-09-23 17:53","Bookie.java","15575","137673","153248"
"2017-07-04 06:27","Bookie.java","47872","117929","165801"
"2017-06-05 22:25","Bookie.java","47770","112041","159811"
"2014-02-06 09:25","Bookie.java","14994","122798","137792"
"2014-04-29 22:07","Bookie.java","15091","126400","141491"
"2013-12-06 07:39","Bookie.java","14539","120088","134627"
"2012-07-05 14:45","Bookie.java","4249","17472","21721"
"2012-05-10 14:47","Bookie.java","1483","4987","6470"
"2014-08-02 20:02","Bookie.java","15512","135518","151030"
"2012-04-17 13:16","Bookie.java","1027","3304","4331"
"2012-04-16 16:11","Bookie.java","519","2384","2903"
"2013-10-02 07:01","Bookie.java","13738","115532","129270"
"2012-06-19 12:39","Bookie.java","2776","9930","12706"
"2017-06-28 23:24","Bookie.java","47807","114031","161838"
"2017-07-07 08:19","Bookie.java","47869","119889","167758"
"2013-09-11 00:34","Bookie.java","13713","115306","129019"
"2014-01-21 17:26","Bookie.java","14640","121926","136566"
"2013-10-12 05:42","Bookie.java","14343","116870","131213"
"2013-10-22 16:21","Bookie.java","14515","117809","132324"
"2017-05-16 00:31","Bookie.java","47134","107181","154315"
"2013-07-24 16:55","Bookie.java","13653","114660","128313"
"2014-02-05 22:43","Bookie.java","14992","122788","137780"
"2014-08-18 23:03","Bookie.java","15525","136999","152524"
"2014-05-09 14:04","Bookie.java","15094","127044","142138"
"2013-06-15 19:05","Bookie.java","13607","113429","127036"
"2017-06-01 23:58","Bookie.java","47746","110568","158314"
"2012-03-29 15:18","Bookie.java","300","1015","1315"
"2012-04-17 12:18","Bookie.java","646","2700","3346"
"2012-04-02 12:38","Bookie.java","488","2179","2667"
"2017-08-02 00:49","Bookie.java","48692","136955","185647"
"2013-12-02 18:45","Bookie.java","14535","119932","134467"
"2013-05-04 14:22","Bookie.java","13432","108725","122157"
"2012-12-18 13:04","Bookie.java","11114","71006","82120"
"2016-11-18 00:18","Bookie.java","46573","84755","131328"
"2017-03-28 22:35","Bookie.java","46623","102498","149121"
"2016-07-14 23:02","Bookie.java","46498","76790","123288"
"2017-06-05 20:30","Bookie.java","47746","110926","158672"
"2016-11-30 00:02","Bookie.java","46580","85292","131872"
"2012-12-24 05:50","Bookie.java","11323","71323","82646"
"2017-03-22 22:54","Bookie.java","46624","98195","144819"
"2012-12-24 06:23","Bookie.java","11372","71594","82966"
"2017-07-04 06:27","LedgerStorage.java","82514","92679","175193"
"2017-03-28 22:37","LedgerStorage.java","80680","76878","157558"
"2016-03-08 06:49","LedgerStorage.java","9157","78686","87843"
"2017-01-31 04:01","LedgerStorage.java","80590","71981","152571"
"2016-11-18 00:18","LedgerStorage.java","80536","58826","139362"
"2013-05-04 14:22","LedgerStorage.java","4140","39541","43681"
"2017-05-16 00:31","LedgerStorage.java","81360","81515","162875"
"2015-09-15 10:38","AbstractConfiguration.java","5889","32618","38507"
"2017-03-28 22:40","AbstractConfiguration.java","112444","69367","181811"
"2017-08-02 00:49","AbstractConfiguration.java","117642","106510","224152"
"2016-07-31 07:53","AbstractConfiguration.java","109566","40563","150129"
"2017-01-31 02:14","AbstractConfiguration.java","112279","58698","170977"
"2016-07-31 07:56","AbstractConfiguration.java","109566","40897","150463"
"2017-05-02 23:04","AbstractConfiguration.java","112858","71602","184460"
"2017-03-23 00:48","AbstractConfiguration.java","112373","64601","176974"
"2013-10-22 16:21","LedgerEntryPage.java","14264","114054","128318"
"2017-07-04 06:27","LedgerEntryPage.java","49074","115627","164701"
"2012-05-25 17:13","LedgerEntryPage.java","498","1752","2250"
"2016-07-14 23:02","TestClient.java","110113","46631","156744"
"2017-07-04 06:27","ServerConfiguration.java","10322","51876","62198"
"2016-04-14 00:51","ServerConfiguration.java","54","346","400"
"2016-04-27 09:55","ServerConfiguration.java","242","1046","1288"
"2017-05-15 19:52","ServerConfiguration.java","8150","39276","47426"
"2017-03-22 22:54","ServerConfiguration.java","6767","29835","36602"
"2017-03-23 00:48","ServerConfiguration.java","6772","29892","36664"
"2017-01-31 02:11","ServerConfiguration.java","6163","22862","29025"
"2016-11-09 03:02","ServerConfiguration.java","6043","15570","21613"
"2016-11-30 00:02","ServerConfiguration.java","6108","16317","22425"
"2017-06-05 20:30","ServerConfiguration.java","9455","44132","53587"
"2016-09-10 20:27","ServerConfiguration.java","4345","10083","14428"
"2017-08-02 00:49","ServerConfiguration.java","14572","74332","88904"
"2017-10-03 12:31","ServerConfiguration.java","26717","76634","103351"
"2017-08-16 03:37","ServerConfiguration.java","16974","83367","100341"
"2017-05-26 12:38","ServerConfiguration.java","8406","41848","50254"
"2017-07-07 08:19","ServerConfiguration.java","10372","53889","64261"
"2017-06-28 23:24","ServerConfiguration.java","9827","47548","57375"
"2017-11-08 12:27","ServerConfiguration.java","29447","97238","126685"
"2014-02-05 22:43","TestReplicationWorker.java","7029","59285","66314"
"2013-05-31 12:02","TestReplicationWorker.java","4635","44817","49452"
"2013-06-15 19:05","TestReplicationWorker.java","4735","49017","53752"
"2012-12-18 12:00","TestReplicationWorker.java","631","4693","5324"
"2013-01-14 16:59","TestReplicationWorker.java","2781","10302","13083"
"2016-04-27 09:00","TestReplicationWorker.java","77615","50883","128498"
"2015-07-10 22:48","TestReplicationWorker.java","8494","78776","87270"
"2014-07-24 01:41","TestReplicationWorker.java","7632","65646","73278"
"2016-04-14 00:51","TestBKConfiguration.java","109051","35287","144338"
"2014-04-29 22:07","TestBKConfiguration.java","2831","11581","14412"
"2015-07-10 22:48","ZooKeeperUtil.java","10570","83785","94355"
"2014-08-18 23:00","ZooKeeperUtil.java","9916","78791","88707"
"2014-12-10 19:43","ZooKeeperUtil.java","10335","80910","91245"
"2013-03-25 06:27","ZooKeeperUtil.java","6321","47941","54262"
"2016-04-05 21:52","ZooKeeperUtil.java","77336","53477","130813"
"2017-05-09 23:06","GarbageCollectorThread.java","112771","45508","158279"
"2017-11-08 12:27","GarbageCollectorThread.java","132826","103692","236518"
"2017-03-28 22:39","GarbageCollectorThread.java","112187","42868","155055"
"2017-01-30 23:25","GarbageCollectorThread.java","111895","31611","143506"
"2016-05-04 15:55","GarbageCollectorThread.java","106379","10281","116660"
"2016-03-08 06:49","GarbageCollectorThread.java","1555","5548","7103"
"2016-02-24 00:44","GarbageCollectorThread.java","1407","5048","6455"
"2017-07-04 06:27","FileInfo.java","4948","36823","41771"
"2017-01-31 04:01","FileInfo.java","779","13880","14659"
"2017-03-23 15:55","FileInfo.java","938","14405","15343"
"2017-06-01 23:58","FileInfo.java","3881","28521","32402"
"2017-07-17 23:27","FileInfo.java","5220","40202","45422"
"2017-05-16 00:31","FileInfo.java","2889","24754","27643"
"2012-12-08 11:18","Bookie.java","16702","76472","93174"
"2012-09-14 15:42","Bookie.java","13650","54119","67769"
"2012-10-25 15:35","Bookie.java","16271","65984","82255"
"2012-10-26 16:25","Bookie.java","16401","67063","83464"
"2017-01-31 04:01","Bookie.java","45848","101361","147209"
"2017-03-28 22:37","Bookie.java","45863","106183","152046"
"2016-01-26 22:11","Bookie.java","20875","153512","174387"
"2015-03-18 07:38","Bookie.java","20650","150035","170685"
"2015-04-21 09:17","Bookie.java","20649","150136","170785"
"2012-10-18 16:40","Bookie.java","16175","64751","80926"
"2012-12-03 17:59","Bookie.java","16580","76305","92885"
"2012-07-04 16:17","Bookie.java","10636","27607","38243"
"2012-07-23 23:39","Bookie.java","12207","32574","44781"
"2013-06-21 19:26","Bookie.java","19218","123397","142615"
"2012-09-07 07:04","Bookie.java","13293","53101","66394"
"2014-09-23 17:53","Bookie.java","20528","146856","167384"
"2017-07-04 06:27","Bookie.java","47009","121296","168305"
"2017-06-05 22:25","Bookie.java","46915","115416","162331"
"2014-02-06 09:25","Bookie.java","20018","132052","152070"
"2014-04-29 22:07","Bookie.java","20108","135647","155755"
"2013-12-06 07:39","Bookie.java","19595","129374","148969"
"2012-07-05 14:45","Bookie.java","10652","28105","38757"
"2012-05-10 14:47","Bookie.java","9183","16917","26100"
"2014-08-02 20:02","Bookie.java","20517","144753","165270"
"2012-04-17 13:16","Bookie.java","8830","15337","24167"
"2012-04-16 16:11","Bookie.java","8406","14501","22907"
"2013-10-02 07:01","Bookie.java","19338","125362","144700"
"2012-06-19 12:39","Bookie.java","10432","21816","32248"
"2017-06-28 23:24","Bookie.java","46952","117406","164358"
"2017-07-07 08:19","Bookie.java","47003","123253","170256"
"2013-09-11 00:34","Bookie.java","19314","125137","144451"
"2014-01-21 17:26","Bookie.java","19696","131212","150908"
"2013-10-12 05:42","Bookie.java","19426","126183","145609"
"2013-10-22 16:21","Bookie.java","19569","127093","146662"
"2017-05-16 00:31","Bookie.java","46334","110611","156945"
"2013-07-24 16:55","Bookie.java","19259","124496","143755"
"2014-02-05 22:43","Bookie.java","20018","132044","152062"
"2014-08-18 23:03","Bookie.java","20517","146221","166738"
"2014-05-09 14:04","Bookie.java","20108","136288","156396"
"2013-06-15 19:05","Bookie.java","19221","123273","142494"
"2017-06-01 23:58","Bookie.java","46903","113955","160858"
"2012-03-29 15:18","Bookie.java","8239","13184","21423"
"2012-04-17 12:18","Bookie.java","8465","14749","23214"
"2012-03-20 14:09","Bookie.java","7962","12192","20154"
"2012-03-13 07:31","Bookie.java","610","2911","3521"
"2012-04-02 12:38","Bookie.java","8399","14320","22719"
"2017-08-02 00:49","Bookie.java","47751","140244","187995"
"2013-12-02 18:45","Bookie.java","19590","129217","148807"
"2013-05-04 14:22","Bookie.java","19039","118562","137601"
"2012-12-18 13:04","Bookie.java","16980","81102","98082"
"2016-11-18 00:18","Bookie.java","45818","88230","134048"
"2017-03-28 22:35","Bookie.java","45855","105960","151815"
"2016-07-14 23:02","Bookie.java","45739","80261","126000"
"2017-06-05 20:30","Bookie.java","46903","114313","161216"
"2016-11-30 00:02","Bookie.java","45814","88756","134570"
"2012-12-24 05:50","Bookie.java","17184","81414","98598"
"2017-03-22 22:54","Bookie.java","45856","101657","147513"
"2012-12-24 06:23","Bookie.java","17233","81685","98918"
"2017-06-12 17:20","LedgerManagerTestCase.java","3957","17273","21230"
"2017-05-16 00:31","LedgerManagerTestCase.java","2479","11243","13722"
"2017-03-28 22:37","LedgerManagerTestCase.java","375","5182","5557"
"2017-07-04 06:27","LedgerManagerTestCase.java","4684","23458","28142"
"2012-12-08 11:18","Bookie.java","16620","74089","90709"
"2012-09-14 15:42","Bookie.java","13463","51631","65094"
"2012-10-25 15:35","Bookie.java","16086","63498","79584"
"2012-10-26 16:25","Bookie.java","16217","64578","80795"
"2017-01-31 04:01","Bookie.java","46124","99336","145460"
"2017-03-28 22:37","Bookie.java","46139","104158","150297"
"2016-01-26 22:11","Bookie.java","21035","151371","172406"
"2015-03-18 07:38","Bookie.java","20783","147867","168650"
"2015-04-21 09:17","Bookie.java","20782","147968","168750"
"2012-10-18 16:40","Bookie.java","15989","62264","78253"
"2012-12-03 17:59","Bookie.java","16486","73910","90396"
"2012-07-04 16:17","Bookie.java","10388","25058","35446"
"2012-07-23 23:39","Bookie.java","11959","30025","41984"
"2013-06-21 19:26","Bookie.java","19160","121038","140198"
"2012-09-07 07:04","Bookie.java","13103","50610","63713"
"2014-09-23 17:53","Bookie.java","20598","144625","165223"
"2017-07-04 06:27","Bookie.java","47316","119302","166618"
"2017-06-05 22:25","Bookie.java","47215","113415","160630"
"2014-02-06 09:25","Bookie.java","20026","129759","149785"
"2014-04-29 22:07","Bookie.java","20122","133360","153482"
"2013-12-06 07:39","Bookie.java","19574","127052","146626"
"2012-07-05 14:45","Bookie.java","10404","25556","35960"
"2012-05-10 14:47","Bookie.java","8924","14357","23281"
"2014-08-02 20:02","Bookie.java","20535","142470","163005"
"2012-04-17 13:16","Bookie.java","8476","12682","21158"
"2012-04-16 16:11","Bookie.java","8025","11819","19844"
"2013-10-02 07:01","Bookie.java","19279","123002","142281"
"2012-06-19 12:39","Bookie.java","10184","19267","29451"
"2017-06-28 23:24","Bookie.java","47250","115403","162653"
"2017-07-07 08:19","Bookie.java","47312","121261","168573"
"2013-09-11 00:34","Bookie.java","19254","122776","142030"
"2014-01-21 17:26","Bookie.java","19675","128890","148565"
"2013-10-12 05:42","Bookie.java","19402","123858","143260"
"2013-10-22 16:21","Bookie.java","19549","124772","144321"
"2017-05-16 00:31","Bookie.java","46620","108596","155216"
"2013-07-24 16:55","Bookie.java","19199","122135","141334"
"2014-02-05 22:43","Bookie.java","20024","129749","149773"
"2014-08-18 23:03","Bookie.java","20548","143951","164499"
"2014-05-09 14:04","Bookie.java","20124","134003","154127"
"2013-06-15 19:05","Bookie.java","19155","120906","140061"
"2017-06-01 23:58","Bookie.java","47190","111941","159131"
"2012-03-29 15:18","Bookie.java","7834","10478","18312"
"2012-04-17 12:18","Bookie.java","8096","12079","20175"
"2012-03-20 14:09","Bookie.java","7553","9482","17035"
"2012-04-02 12:38","Bookie.java","7994","11614","19608"
"2017-08-02 00:49","Bookie.java","48126","138318","186444"
"2013-12-02 18:45","Bookie.java","19569","126895","146464"
"2013-05-04 14:22","Bookie.java","18981","116203","135184"
"2012-12-18 13:04","Bookie.java","16899","78720","95619"
"2016-11-18 00:18","Bookie.java","46083","86194","132277"
"2017-03-28 22:35","Bookie.java","46131","103935","150066"
"2016-07-14 23:02","Bookie.java","46004","78225","124229"
"2017-06-05 20:30","Bookie.java","47190","112299","159489"
"2016-11-30 00:02","Bookie.java","46090","86731","132821"
"2012-12-24 05:50","Bookie.java","17104","79033","96137"
"2017-03-22 22:54","Bookie.java","46132","99632","145764"
"2012-12-24 06:23","Bookie.java","17153","79304","96457"
"2017-03-22 22:54","Cookie.java","67274","83267","150541"
"2016-11-30 00:02","Cookie.java","67167","70301","137468"
"2014-02-05 22:43","Cookie.java","11186","83404","94590"
"2014-05-09 14:04","Cookie.java","11353","87725","99078"
"2014-09-23 17:53","Cookie.java","12034","98554","110588"
"2014-09-18 06:57","Cookie.java","12016","98480","110496"
"2014-12-06 08:03","Cookie.java","12069","99508","111577"
"2012-12-08 11:18","Cookie.java","5137","25099","30236"
"2013-02-08 19:08","Cookie.java","7684","65880","73564"
"2017-03-22 22:54","Cookie.java","112395","41868","154263"
"2016-11-30 00:02","Cookie.java","112225","28839","141064"
"2014-12-06 08:03","Cookie.java","94","1013","1107"
"2015-04-21 09:17","PendingAddOp.java","15939","139505","155444"
"2015-10-06 10:48","PendingAddOp.java","16189","141172","157361"
"2015-10-22 09:22","PendingAddOp.java","16199","142012","158211"
"2017-06-30 00:12","PendingAddOp.java","48697","115102","163799"
"2014-01-21 05:19","PendingAddOp.java","14771","120073","134844"
"2012-09-12 11:59","PendingAddOp.java","7000","41412","48412"
"2014-02-21 19:01","PendingAddOp.java","15209","122477","137686"
"2014-02-05 22:43","PendingAddOp.java","15142","121247","136389"
"2013-09-11 00:34","PendingAddOp.java","13768","113670","127438"
"2013-10-14 18:32","PendingAddOp.java","14536","115465","130001"
"2013-04-26 18:38","PendingAddOp.java","13460","106702","120162"
"2017-08-02 00:49","PendingAddOp.java","49587","136159","185746"
"2012-12-27 23:16","PendingAddOp.java","11318","69898","81216"
"2017-05-15 19:52","PendingAddOp.java","47971","105909","153880"
"2017-06-21 21:07","CompactionTest.java","3886","18305","22191"
"2017-11-08 12:27","CompactionTest.java","35668","80391","116059"
"2017-05-16 00:31","CompactionTest.java","2320","10796","13116"
"2017-07-07 08:19","CompactionTest.java","4606","25055","29661"
"2015-09-15 10:38","GcLedgersTest.java","6071","31144","37215"
"2016-04-27 09:55","GcLedgersTest.java","109723","37979","147702"
"2017-03-28 22:37","GcLedgersTest.java","112810","67849","180659"
"2016-03-08 06:49","GcLedgersTest.java","6398","34768","41166"
"2017-07-04 06:27","GcLedgersTest.java","115014","84020","199034"
"2014-07-24 01:41","GcLedgersTest.java","4186","16689","20875"
"2017-05-16 00:31","GcLedgersTest.java","113731","72727","186458"
"2014-01-21 05:05","BookieReadWriteTest.java","2440","13365","15805"
"2014-07-24 01:41","BookieReadWriteTest.java","4302","22134","26436"
"2017-05-15 19:52","StabilizeNetworkTopology.java","2924","24826","27750"
"2017-06-12 17:20","ZkUtils.java","3623","11904","15527"
"2017-05-15 19:52","LedgerHandle.java","112556","66088","178644"
"2017-05-02 22:07","LedgerHandle.java","111798","62976","174774"
"2017-03-23 15:55","LedgerHandle.java","111653","57205","168858"
"2016-09-10 21:01","LedgerHandle.java","110013","38278","148291"
"2016-07-11 23:01","LedgerHandle.java","108721","32882","141603"
"2014-02-05 22:43","LedgerHandle.java","1505","3204","4709"
"2014-02-21 19:01","LedgerHandle.java","1688","4550","6238"
"2017-05-17 08:57","LedgerHandle.java","112697","66706","179403"
"2017-05-25 14:23","LedgerHandle.java","112730","68544","181274"
"2017-06-21 19:50","LedgerHandle.java","113765","72510","186275"
"2017-06-21 21:00","LedgerHandle.java","113776","73304","187080"
"2017-06-01 23:58","LedgerHandle.java","113501","70226","183727"
"2014-01-21 05:19","LedgerHandle.java","326","1222","1548"
"2014-09-18 06:47","LedgerHandle.java","3405","19323","22728"
"2014-12-09 19:57","LedgerHandle.java","3552","20563","24115"
"2017-07-04 06:27","LedgerHandle.java","114111","78071","192182"
"2017-06-30 00:12","LedgerHandle.java","113974","75973","189947"
"2014-05-30 14:01","LedgerHandle.java","2147","8943","11090"
"2014-05-30 15:07","LedgerHandle.java","2167","9002","11169"
"2016-02-09 08:32","LedgerHandle.java","4874","27316","32190"
"2016-03-16 05:03","LedgerHandle.java","108378","28081","136459"
"2015-10-22 09:22","LedgerHandle.java","4743","26150","30893"
"2015-10-06 10:05","LedgerHandle.java","4712","25063","29775"
"2017-01-31 04:01","LedgerHandle.java","111542","56728","168270"
"2015-04-21 09:39","LedgerHandle.java","3968","23148","27116"
"2015-10-06 11:12","LedgerHandle.java","4715","25306","30021"
"2014-12-05 14:10","LedgerHandle.java","3503","20065","23568"
"2017-08-02 00:49","BookieNettyServer.java","14665","74183","88848"
"2017-06-01 09:47","BookieNettyServer.java","8457","42306","50763"
"2017-05-15 19:52","BookieNettyServer.java","8171","39055","47226"
"2016-09-10 20:27","BookieNettyServer.java","4363","9859","14222"
"2017-01-31 02:14","BookieNettyServer.java","6596","23665","30261"
"2017-03-23 00:48","BookieNettyServer.java","6791","29669","36460"
"2017-05-15 19:52","TestGetBookieInfoTimeout.java","2005","5759","7764"
"2014-06-06 15:29","CompactionTest.java","9208","69950","79158"
"2013-10-30 16:23","CompactionTest.java","8000","60069","68069"
"2014-01-17 18:13","CompactionTest.java","8120","61413","69533"
"2016-03-08 06:49","CompactionTest.java","10885","87502","98387"
"2015-01-16 15:57","CompactionTest.java","10115","82298","92413"
"2014-12-10 19:43","CompactionTest.java","10109","80487","90596"
"2015-04-21 09:55","CompactionTest.java","10159","82783","92942"
"2016-05-04 15:55","CompactionTest.java","77453","53979","131432"
"2017-03-22 22:54","CompactionTest.java","78919","77686","156605"
"2017-06-21 21:07","CompactionTest.java","80414","93600","174014"
"2014-01-22 14:35","CompactionTest.java","8383","63241","71624"
"2017-11-08 12:27","CompactionTest.java","88939","132429","221368"
"2017-05-16 00:31","CompactionTest.java","79591","86834","166425"
"2014-01-15 15:58","CompactionTest.java","8090","61027","69117"
"2013-10-22 07:44","CompactionTest.java","7894","57990","65884"
"2017-07-07 08:19","CompactionTest.java","80594","99810","180404"
"2013-05-04 14:22","CompactionTest.java","6424","48913","55337"
"2012-11-23 11:49","TestBenchmark.java","9246","56807","66053"
"2014-02-05 22:43","TestBenchmark.java","14443","116970","131413"
"2016-02-09 08:12","TestBenchmark.java","15688","138785","154473"
"2016-02-23 19:16","LedgerMetadataImpl.java","19805","158874","178679"
"2012-06-27 15:35","LedgerMetadataImpl.java","10603","33324","43927"
"2012-06-19 12:39","LedgerMetadataImpl.java","10418","27934","38352"
"2012-09-12 11:59","LedgerMetadataImpl.java","13070","59535","72605"
"2013-08-13 14:32","LedgerMetadataImpl.java","18526","130110","148636"
"2017-06-01 23:58","LedgerMetadataImpl.java","43273","116457","159730"
"2013-03-25 18:02","LedgerMetadataImpl.java","18281","123213","141494"
"2013-04-26 18:38","LedgerMetadataImpl.java","18282","123577","141859"
"2017-07-28 20:12","LedgerMetadataImpl.java","43647","128660","172307"
"2016-07-11 23:01","LedgerMetadataImpl.java","42649","83269","125918"
"2012-07-18 17:00","LedgerMetadataImpl.java","12130","38561","50691"
"2017-08-02 00:49","BookieNettyServer.java","117723","99339","217062"
"2017-06-01 09:47","BookieNettyServer.java","112877","68824","181701"
"2017-05-15 19:52","BookieNettyServer.java","112690","65672","178362"
"2016-09-10 20:27","BookieNettyServer.java","110111","37705","147816"
"2017-01-31 02:14","BookieNettyServer.java","111656","50823","162479"
"2016-04-05 08:45","BookieNettyServer.java","108507","30363","138870"
"2017-03-23 00:48","BookieNettyServer.java","111769","56745","168514"
"2016-04-05 18:47","BookieNettyServer.java","108515","30613","139128"
"2017-03-22 22:54","BookieAccessor.java","111092","67370","178462"
"2017-06-12 17:20","LedgerManagerTestCase.java","3722","12231","15953"
"2017-05-16 00:31","LedgerManagerTestCase.java","2203","6160","8363"
"2017-07-04 06:27","LedgerManagerTestCase.java","4475","18442","22917"
"2017-07-04 06:27","GcLedgersTest.java","2419","12429","14848"
"2017-07-04 06:27","FileInfo.java","82514","92679","175193"
"2014-12-04 12:28","FileInfo.java","7962","70720","78682"
"2017-01-31 04:01","FileInfo.java","80590","71981","152571"
"2017-03-23 15:55","FileInfo.java","80671","72428","153099"
"2016-11-18 00:18","FileInfo.java","80536","58826","139362"
"2013-05-04 14:22","FileInfo.java","4140","39541","43681"
"2017-06-01 23:58","FileInfo.java","82096","85026","167122"
"2017-07-17 23:27","FileInfo.java","82607","95879","178486"
"2017-05-16 00:31","FileInfo.java","81360","81515","162875"
"2013-10-22 16:21","FileInfo.java","5833","49235","55068"
"2013-10-11 08:36","FileInfo.java","5517","47611","53128"
"2014-02-05 22:43","TestLedgerChecker.java","8505","70628","79133"
"2015-04-21 10:19","TestLedgerChecker.java","9752","89555","99307"
"2014-07-24 01:41","TestLedgerChecker.java","9083","76964","86047"
"2012-12-08 11:18","Bookie.java","16678","78545","95223"
"2012-09-14 15:42","Bookie.java","13678","56244","69922"
"2012-10-25 15:35","Bookie.java","16286","68096","84382"
"2012-10-26 16:25","Bookie.java","16415","69174","85589"
"2017-01-31 04:01","Bookie.java","45367","102977","148344"
"2017-03-28 22:37","Bookie.java","45377","107794","153171"
"2016-01-26 22:11","Bookie.java","20474","155208","175682"
"2015-03-18 07:38","Bookie.java","20270","151752","172022"
"2015-04-21 09:17","Bookie.java","20269","151853","172122"
"2012-10-18 16:40","Bookie.java","16198","66871","83069"
"2012-12-03 17:59","Bookie.java","16562","78384","94946"
"2012-07-04 16:17","Bookie.java","10710","29778","40488"
"2012-07-23 23:39","Bookie.java","12260","34724","46984"
"2013-06-21 19:26","Bookie.java","18993","125269","144262"
"2012-09-07 07:04","Bookie.java","13327","55232","68559"
"2014-09-23 17:53","Bookie.java","20184","148609","168793"
"2017-07-04 06:27","Bookie.java","46452","122836","169288"
"2017-06-05 22:25","Bookie.java","46381","116979","163360"
"2014-02-06 09:25","Bookie.java","19708","133839","153547"
"2014-04-29 22:07","Bookie.java","19781","137417","157198"
"2013-12-06 07:39","Bookie.java","19329","131205","150534"
"2012-07-05 14:45","Bookie.java","10720","30270","40990"
"2012-05-10 14:47","Bookie.java","9354","19185","28539"
"2014-08-02 20:02","Bookie.java","20173","146506","166679"
"2012-04-17 13:16","Bookie.java","9023","17627","26650"
"2012-04-16 16:11","Bookie.java","8651","16843","25494"
"2013-10-02 07:01","Bookie.java","19109","127230","146339"
"2012-06-19 12:39","Bookie.java","10506","23987","34493"
"2017-06-28 23:24","Bookie.java","46414","118965","165379"
"2017-07-07 08:19","Bookie.java","46445","124792","171237"
"2013-09-11 00:34","Bookie.java","19087","127007","146094"
"2014-01-21 17:26","Bookie.java","19409","133022","152431"
"2013-10-12 05:42","Bookie.java","19186","128040","147226"
"2013-10-22 16:21","Bookie.java","19306","128927","148233"
"2017-05-16 00:31","Bookie.java","45804","112178","157982"
"2013-07-24 16:55","Bookie.java","19032","126366","145398"
"2014-02-05 22:43","Bookie.java","19708","133831","153539"
"2014-08-18 23:03","Bookie.java","20173","147974","168147"
"2014-05-09 14:04","Bookie.java","19781","138058","157839"
"2013-06-15 19:05","Bookie.java","18996","125145","144141"
"2017-06-01 23:58","Bookie.java","46365","115514","161879"
"2012-03-29 15:18","Bookie.java","8511","15553","24064"
"2012-04-17 12:18","Bookie.java","8684","17065","25749"
"2012-03-08 19:24","Bookie.java","685","2826","3511"
"2012-02-15 16:11","Bookie.java","169","428","597"
"2012-02-17 12:50","Bookie.java","204","704","908"
"2012-03-20 14:09","Bookie.java","8360","14687","23047"
"2012-03-08 12:13","Bookie.java","615","2712","3327"
"2012-03-13 07:31","Bookie.java","1158","5556","6714"
"2012-04-02 12:38","Bookie.java","8644","16662","25306"
"2017-08-02 00:49","Bookie.java","47162","141752","188914"
"2013-12-02 18:45","Bookie.java","19326","131050","150376"
"2013-05-04 14:22","Bookie.java","18804","120424","139228"
"2012-12-18 13:04","Bookie.java","16954","83173","100127"
"2016-11-18 00:18","Bookie.java","45332","89841","135173"
"2017-03-28 22:35","Bookie.java","45369","107571","152940"
"2016-07-14 23:02","Bookie.java","45252","81871","127123"
"2017-06-05 20:30","Bookie.java","46365","115872","162237"
"2016-11-30 00:02","Bookie.java","45333","90372","135705"
"2012-12-24 05:50","Bookie.java","17145","83472","100617"
"2017-03-22 22:54","Bookie.java","45371","103269","148640"
"2012-12-24 06:23","Bookie.java","17193","83742","100935"
"2012-12-08 11:18","Bookie.java","10562","64411","74973"
"2012-09-14 15:42","Bookie.java","7293","41841","49134"
"2012-10-25 15:35","Bookie.java","9953","53745","63698"
"2012-10-26 16:25","Bookie.java","10145","54886","65031"
"2017-01-31 04:01","Bookie.java","47503","97095","144598"
"2017-03-28 22:37","Bookie.java","47528","101927","149455"
"2016-01-26 22:11","Bookie.java","16203","142919","159122"
"2015-03-18 07:38","Bookie.java","15940","139404","155344"
"2015-04-21 09:17","Bookie.java","15939","139505","155444"
"2012-10-18 16:40","Bookie.java","9845","52500","62345"
"2012-12-03 17:59","Bookie.java","10423","64227","74650"
"2012-07-04 16:17","Bookie.java","3872","14922","18794"
"2012-07-23 23:39","Bookie.java","5530","19976","25506"
"2013-06-21 19:26","Bookie.java","13661","111919","125580"
"2012-09-07 07:04","Bookie.java","6913","40800","47713"
"2014-09-23 17:53","Bookie.java","15743","136150","151893"
"2017-07-04 06:27","Bookie.java","48766","117132","165898"
"2017-06-05 22:25","Bookie.java","48653","111233","159886"
"2014-02-06 09:25","Bookie.java","15144","121257","136401"
"2014-04-29 22:07","Bookie.java","15252","124870","140122"
"2013-12-06 07:39","Bookie.java","14672","118530","133202"
"2012-07-05 14:45","Bookie.java","3889","15421","19310"
"2012-05-10 14:47","Bookie.java","1019","2832","3851"
"2014-08-02 20:02","Bookie.java","15680","133995","149675"
"2012-04-17 13:16","Bookie.java","545","1131","1676"
"2012-04-16 16:11","Bookie.java","37","211","248"
"2013-10-02 07:01","Bookie.java","13793","113896","127689"
"2012-06-19 12:39","Bookie.java","2403","7866","10269"
"2017-06-28 23:24","Bookie.java","48693","113226","161919"
"2017-07-07 08:19","Bookie.java","48763","119092","167855"
"2013-09-11 00:34","Bookie.java","13768","113670","127438"
"2014-01-21 17:26","Bookie.java","14778","120373","135151"
"2013-10-12 05:42","Bookie.java","14475","115311","129786"
"2013-10-22 16:21","Bookie.java","14648","116251","130899"
"2017-05-16 00:31","Bookie.java","48023","106379","154402"
"2013-07-24 16:55","Bookie.java","13707","113023","126730"
"2014-02-05 22:43","Bookie.java","15142","121247","136389"
"2014-08-18 23:03","Bookie.java","15693","135476","151169"
"2014-05-09 14:04","Bookie.java","15255","125514","140769"
"2013-06-15 19:05","Bookie.java","13657","111788","125445"
"2017-06-01 23:58","Bookie.java","48634","109765","158399"
"2012-04-17 12:18","Bookie.java","164","527","691"
"2017-08-02 00:49","Bookie.java","49587","136159","185746"
"2013-12-02 18:45","Bookie.java","14668","118374","133042"
"2013-05-04 14:22","Bookie.java","13485","107087","120572"
"2012-12-18 13:04","Bookie.java","10871","69072","79943"
"2016-11-18 00:18","Bookie.java","47462","83953","131415"
"2017-03-28 22:35","Bookie.java","47510","101694","149204"
"2016-07-14 23:02","Bookie.java","47388","75989","123377"
"2017-06-05 20:30","Bookie.java","48634","110123","158757"
"2016-11-30 00:02","Bookie.java","47469","84490","131959"
"2012-12-24 05:50","Bookie.java","11256","69565","80821"
"2017-03-22 22:54","Bookie.java","47512","97392","144904"
"2012-12-24 06:23","Bookie.java","11308","69839","81147"
"2017-06-30 00:12","PerChannelBookieClient.java","4267","20740","25007"
"2017-07-04 06:27","PerChannelBookieClient.java","4538","22972","27510"
"2017-04-15 13:58","PerChannelBookieClient.java","547","5899","6446"
"2017-05-15 19:52","PerChannelBookieClient.java","2089","10095","12184"
"2017-07-28 20:12","PerChannelBookieClient.java","6040","29068","35108"
"2017-03-28 22:35","PerChannelBookieClient.java","167","4419","4586"
"2017-08-02 00:49","PerChannelBookieClient.java","9191","45831","55022"
"2017-06-21 19:58","PerChannelBookieClient.java","3872","17201","21073"
"2017-06-01 23:58","PerChannelBookieClient.java","3366","14565","17931"
"2017-04-20 19:55","PerChannelBookieClient.java","560","5933","6493"
"2015-10-06 10:05","ReadOnlyLedgerHandle.java","3740","22392","26132"
"2017-01-31 04:01","ReadOnlyLedgerHandle.java","110826","54313","165139"
"2017-06-30 00:12","ReadOnlyLedgerHandle.java","113338","73638","186976"
"2017-03-23 15:55","ReadOnlyLedgerHandle.java","110933","54786","165719"
"2017-06-21 19:58","PendingReadOp.java","81055","88543","169598"
"2017-06-05 21:48","PendingReadOp.java","80999","87099","168098"
"2017-06-05 22:13","PendingReadOp.java","81001","87514","168515"
"2017-06-01 11:42","PendingReadOp.java","80297","85688","165985"
"2017-06-01 22:39","PendingReadOp.java","80908","85881","166789"
"2013-09-11 00:34","PendingReadOp.java","4894","49023","53917"
"2014-02-05 22:43","PendingReadOp.java","7026","57358","64384"
"2013-03-25 18:02","PendingReadOp.java","4105","41211","45316"
"2017-05-15 19:52","PendingReadOp.java","80125","82290","162415"
"2015-04-21 09:17","PendingReadOp.java","8357","76150","84507"
"2016-02-09 08:39","PendingReadOp.java","9072","80204","89276"
"2016-02-09 08:32","PendingReadOp.java","9072","80147","89219"
"2017-07-04 06:27","PendingReadOp.java","81282","93875","175157"
"2014-01-21 05:19","PendingReadOp.java","6235","55764","61999"
"2012-12-24 05:50","LedgerManagerFactory.java","6295","30717","37012"
"2017-06-01 23:58","LedgerManagerFactory.java","68549","95793","164342"
"2015-09-15 10:38","LedgerManagerFactory.java","12707","103253","115960"
"2017-05-25 14:23","LedgerEntry.java","40482","120479","160961"
"2017-06-01 11:42","LedgerEntry.java","40521","121462","161983"
"2017-05-15 19:52","LedgerEntry.java","40437","118152","158589"
"2014-12-09 19:57","AuditorRollingRestartTest.java","1997","12036","14033"
"2017-08-16 03:41","RegionAwareEnsemblePlacementPolicy.java","12047","69440","81487"
"2016-10-20 19:38","RegionAwareEnsemblePlacementPolicy.java","169","154","323"
"2017-03-28 22:35","RegionAwareEnsemblePlacementPolicy.java","1240","19388","20628"
"2017-07-28 20:12","RegionAwareEnsemblePlacementPolicy.java","6467","43391","49858"
"2017-01-31 04:01","LedgerDescriptor.java","45367","102977","148344"
"2017-05-16 00:31","LedgerDescriptor.java","45804","112178","157982"
"2012-04-17 12:18","LedgerDescriptor.java","8684","17065","25749"
"2012-03-20 14:09","LedgerDescriptor.java","8360","14687","23047"
"2012-12-18 13:04","LedgerDescriptor.java","16954","83173","100127"
"2016-11-18 00:18","LedgerDescriptor.java","45332","89841","135173"
"2011-11-29 23:55","AsyncCallback.java","3227","9167","12394"
"2017-07-28 20:12","AsyncCallback.java","40646","132905","173551"
"2013-05-06 19:32","AsyncCallback.java","18305","131306","149611"
"2017-01-31 04:01","AsyncCallback.java","40119","109010","149129"
"2012-05-25 17:13","AsyncCallback.java","11812","34178","45990"
"2017-07-04 06:27","AsyncCallback.java","40417","128082","168499"
"2017-07-28 20:12","AsyncCallback.java","6172","29540","35712"
"2017-07-04 06:27","AsyncCallback.java","4684","23458","28142"
"2017-07-28 20:12","ClientAuthProvider.java","11588","57736","69324"
"2017-01-31 02:14","ClientAuthProvider.java","6577","23888","30465"
"2017-08-02 00:49","ClientAuthProvider.java","14572","74332","88904"
"2012-05-25 17:13","LedgerRecoveryOp.java","9682","20520","30202"
"2012-05-10 14:47","LedgerRecoveryOp.java","9250","18834","28084"
"2013-10-14 17:38","LedgerRecoveryOp.java","19150","127816","146966"
"2017-06-21 19:58","LedgerRecoveryOp.java","46359","117391","163750"
"2017-06-21 21:00","LedgerRecoveryOp.java","46360","118065","164425"
"2017-06-21 19:50","LedgerRecoveryOp.java","46358","117280","163638"
"2013-03-25 18:02","LedgerRecoveryOp.java","18718","119368","138086"
"2017-03-22 22:54","Cookie.java","112426","41955","154381"
"2016-11-30 00:02","Cookie.java","112262","28932","141194"
"2014-09-23 17:53","Cookie.java","43","99","142"
"2014-12-06 08:03","Cookie.java","135","1110","1245"
"2017-03-23 00:48","ClientConfiguration.java","67270","82790","150060"
"2016-04-05 08:45","ClientConfiguration.java","65891","58291","124182"
"2017-03-28 22:35","ClientConfiguration.java","67268","87040","154308"
"2017-01-31 02:14","ClientConfiguration.java","67182","76893","144075"
"2017-04-15 13:58","ClientConfiguration.java","67368","88240","155608"
"2017-03-23 00:59","ClientConfiguration.java","67270","82802","150072"
"2017-05-15 19:52","ClientConfiguration.java","67845","91371","159216"
"2016-10-13 07:50","ClientConfiguration.java","67035","68659","135694"
"2017-06-21 19:58","ClientConfiguration.java","68593","97442","166035"
"2013-10-29 05:14","ClientConfiguration.java","10352","77679","88031"
"2017-06-05 21:48","ClientConfiguration.java","68546","96007","164553"
"2017-06-21 19:50","ClientConfiguration.java","68593","97332","165925"
"2017-08-02 00:49","ClientConfiguration.java","70188","122348","192536"
"2017-08-01 08:34","ClientConfiguration.java","69704","119279","188983"
"2013-06-12 18:41","ClientConfiguration.java","9141","72433","81574"
"2014-05-27 13:56","ClientConfiguration.java","11314","87722","99036"
"2017-06-30 00:12","ClientConfiguration.java","68690","100683","169373"
"2014-09-18 06:47","ClientConfiguration.java","11899","97811","109710"
"2017-07-04 06:27","ClientConfiguration.java","68778","102732","171510"
"2017-01-31 04:01","ClientConfiguration.java","67194","82374","149568"
"2015-10-06 10:05","ClientConfiguration.java","12662","103007","115669"
"2015-10-06 10:48","ClientConfiguration.java","12665","103236","115901"
"2013-02-08 19:08","ClientConfiguration.java","7585","65256","72841"
"2012-12-03 10:46","ClientConfiguration.java","4797","24336","29133"
"2016-02-09 08:32","ClientConfiguration.java","12771","105207","117978"
"2014-12-06 07:54","ClientConfiguration.java","12009","98839","110848"
"2016-08-01 08:04","ClientConfiguration.java","66124","60978","127102"
"2012-12-13 13:07","ClientConfiguration.java","5258","26619","31877"
"2013-05-31 12:02","BookieJournalRollingTest.java","13298","106743","120041"
"2013-10-12 05:42","BookieJournalRollingTest.java","14185","114435","128620"
"2014-07-24 01:41","BookieJournalRollingTest.java","15260","126537","141797"
"2017-06-01 23:58","EntryLogger.java","74177","92653","166830"
"2014-01-21 17:26","EntryLogger.java","7840","70780","78620"
"2013-10-02 06:23","EntryLogger.java","6524","63782","70306"
"2014-01-22 14:35","EntryLogger.java","7953","71269","79222"
"2017-11-08 12:27","EntryLogger.java","82721","134669","217390"
"2013-10-22 07:44","EntryLogger.java","7432","65986","73418"
"2013-05-04 14:22","EntryLogger.java","6070","57017","63087"
"2017-01-31 02:11","EntryLogger.java","72734","73590","146324"
"2017-03-23 00:48","EntryLogger.java","72825","80102","152927"
"2016-07-14 23:02","EntryLogger.java","71542","57488","129030"
"2012-12-24 06:23","EntryLogger.java","3180","19056","22236"
"2012-12-10 11:04","EntryLogger.java","1951","13244","15195"
"2016-02-24 00:44","EntryLogger.java","10308","95031","105339"
"2015-04-21 10:02","EntryLogger.java","9665","90780","100445"
"2013-01-04 11:32","EntryLogger.java","3833","21100","24933"
"2015-04-21 09:44","EntryLogger.java","9667","90598","100265"
"2017-06-01 23:58","EntryLogger.java","55214","101888","157102"
"2014-01-21 17:26","EntryLogger.java","10755","101893","112648"
"2013-10-02 06:23","EntryLogger.java","9571","95027","104598"
"2014-01-22 14:35","EntryLogger.java","10871","102385","113256"
"2017-11-08 12:27","EntryLogger.java","61699","141845","203544"
"2013-10-22 07:44","EntryLogger.java","10450","97202","107652"
"2013-05-04 14:22","EntryLogger.java","9257","88402","97659"
"2017-01-31 02:11","EntryLogger.java","53956","83010","136966"
"2017-03-23 00:48","EntryLogger.java","54015","89490","143505"
"2016-07-14 23:02","EntryLogger.java","53448","67592","121040"
"2012-12-24 06:23","EntryLogger.java","6783","50857","57640"
"2012-12-10 11:04","EntryLogger.java","5829","45320","51149"
"2016-02-24 00:44","EntryLogger.java","12669","125590","138259"
"2015-04-21 10:02","EntryLogger.java","12120","121433","133553"
"2012-10-18 16:40","EntryLogger.java","4948","33146","38094"
"2013-01-04 11:32","EntryLogger.java","7273","52738","60011"
"2015-04-21 09:44","EntryLogger.java","12118","121247","133365"
"2015-10-06 10:05","BenchBookie.java","5303","29190","34493"
"2014-02-05 22:43","BenchBookie.java","2293","7528","9821"
"2017-05-15 19:52","BenchBookie.java","112991","70059","183050"
"2016-07-14 23:02","BenchBookie.java","109280","37011","146291"
"2017-07-04 06:27","ServerConfiguration.java","4958","36985","41943"
"2017-05-15 19:52","ServerConfiguration.java","2735","24334","27069"
"2017-03-22 22:54","ServerConfiguration.java","949","14490","15439"
"2017-03-23 00:48","ServerConfiguration.java","954","14547","15501"
"2017-01-31 02:11","ServerConfiguration.java","240","7412","7652"
"2016-11-30 00:02","ServerConfiguration.java","147","829","976"
"2017-06-05 20:30","ServerConfiguration.java","4068","29218","33286"
"2017-08-02 00:49","ServerConfiguration.java","9370","59603","68973"
"2017-10-03 12:31","ServerConfiguration.java","29014","69404","98418"
"2017-08-16 03:37","ServerConfiguration.java","11794","68660","80454"
"2017-05-26 12:38","ServerConfiguration.java","2994","26909","29903"
"2017-07-07 08:19","ServerConfiguration.java","5017","39007","44024"
"2017-06-28 23:24","ServerConfiguration.java","4445","32639","37084"
"2017-11-08 12:27","ServerConfiguration.java","32210","90474","122684"
"2017-07-04 06:27","ServerConfiguration.java","4871","36216","41087"
"2017-05-15 19:52","ServerConfiguration.java","2617","23534","26151"
"2017-03-22 22:54","ServerConfiguration.java","831","13690","14521"
"2017-03-23 00:48","ServerConfiguration.java","836","13747","14583"
"2017-01-31 02:11","ServerConfiguration.java","94","6584","6678"
"2017-06-05 20:30","ServerConfiguration.java","3965","28433","32398"
"2017-08-02 00:49","ServerConfiguration.java","9311","58862","68173"
"2017-10-03 12:31","ServerConfiguration.java","28963","68671","97634"
"2017-08-16 03:37","ServerConfiguration.java","11735","67919","79654"
"2017-05-26 12:38","ServerConfiguration.java","2886","26119","29005"
"2017-07-07 08:19","ServerConfiguration.java","4931","38239","43170"
"2017-06-28 23:24","ServerConfiguration.java","4344","31856","36200"
"2017-11-08 12:27","ServerConfiguration.java","32203","89785","121988"
"2015-04-21 09:17","PendingAddOp.java","5366","35690","41056"
"2015-10-06 10:48","PendingAddOp.java","6026","37767","43793"
"2015-10-22 09:22","PendingAddOp.java","6053","38624","44677"
"2017-06-30 00:12","PendingAddOp.java","113195","86358","199553"
"2014-01-21 05:19","PendingAddOp.java","2801","14861","17662"
"2014-02-21 19:01","PendingAddOp.java","3869","17895","21764"
"2014-02-05 22:43","PendingAddOp.java","3706","16569","20275"
"2013-09-11 00:34","PendingAddOp.java","1001","7661","8662"
"2013-10-14 18:32","PendingAddOp.java","2134","9821","11955"
"2017-08-02 00:49","PendingAddOp.java","116373","109703","226076"
"2017-05-15 19:52","PendingAddOp.java","111946","76642","188588"
"2017-06-12 17:20","LedgerManagerTestCase.java","113969","52444","166413"
"2017-05-16 00:31","LedgerManagerTestCase.java","112686","46609","159295"
"2016-11-18 00:18","LedgerManagerTestCase.java","110964","23022","133986"
"2017-01-31 04:01","LedgerManagerTestCase.java","111059","36218","147277"
"2017-03-28 22:37","LedgerManagerTestCase.java","111298","41264","152562"
"2016-04-27 09:55","LedgerManagerTestCase.java","105436","8619","114055"
"2017-07-04 06:27","LedgerManagerTestCase.java","114541","58474","173015"
"2015-09-15 10:38","BookKeeper.java","5889","32618","38507"
"2015-10-22 09:22","BookKeeper.java","5923","34032","39955"
"2017-01-31 04:01","BookKeeper.java","112286","64174","176460"
"2015-07-10 22:48","BookKeeper.java","5479","31906","37385"
"2017-06-30 00:12","BookKeeper.java","114422","83123","197545"
"2014-02-06 09:21","BookKeeper.java","3504","11909","15413"
"2014-01-21 05:19","BookKeeper.java","2448","10046","12494"
"2013-10-02 06:40","BookKeeper.java","580","2873","3453"
"2014-02-21 19:01","BookKeeper.java","3674","13238","16912"
"2016-10-13 07:50","BookKeeper.java","112110","50442","162552"
"2017-06-21 21:00","BookKeeper.java","114248","80478","194726"
"2017-03-28 22:35","BookKeeper.java","112368","68848","181216"
"2016-07-11 23:01","BookKeeper.java","109498","40361","149859"
"2016-10-13 09:27","BookKeeper.java","112227","50545","162772"
"2017-07-28 20:12","BookKeeper.java","115204","90460","205664"
"2017-05-15 19:52","BookKeeper.java","113166","73400","186566"
"2013-09-10 15:14","BookKeeper.java","515","2674","3189"
"2011-11-29 23:55","AsyncCallback.java","8365","20686","29051"
"2017-07-28 20:12","AsyncCallback.java","36438","135078","171516"
"2013-05-06 19:32","AsyncCallback.java","15876","135258","151134"
"2011-10-27 18:26","AsyncCallback.java","5861","12242","18103"
"2017-01-31 04:01","AsyncCallback.java","36044","111316","147360"
"2011-09-05 19:38","AsyncCallback.java","4901","10804","15705"
"2012-05-25 17:13","AsyncCallback.java","10317","39064","49381"
"2017-07-04 06:27","AsyncCallback.java","36231","130277","166508"
"2013-10-14 17:38","LedgerRecoveryOp.java","2237","10253","12490"
"2017-06-21 19:58","LedgerRecoveryOp.java","113055","83437","196492"
"2017-06-21 21:00","LedgerRecoveryOp.java","113060","84115","197175"
"2017-06-21 19:50","LedgerRecoveryOp.java","113053","83325","196378"
"2017-08-02 00:49","ClientAuthProvider.java","3657","17269","20926"
"2017-06-30 00:12","DistributionSchedule.java","46370","120546","166916"
"2012-09-12 11:59","DistributionSchedule.java","13319","55502","68821"
"2012-08-17 12:41","DistributionSchedule.java","12604","43258","55862"
"2017-07-04 06:27","ServerConfiguration.java","1095","7972","9067"
"2017-08-02 00:49","ServerConfiguration.java","6330","31413","37743"
"2017-10-03 12:31","ServerConfiguration.java","31432","46672","78104"
"2017-08-16 03:37","ServerConfiguration.java","8800","40516","49316"
"2017-07-07 08:19","ServerConfiguration.java","1234","10074","11308"
"2017-06-28 23:24","ServerConfiguration.java","451","3495","3946"
"2017-11-08 12:27","ServerConfiguration.java","35682","68796","104478"
"2014-01-22 14:35","BufferedChannel.java","826","5194","6020"
"2011-11-28 19:25","BookKeeper.java","482","3226","3708"
"2015-09-15 10:38","BookKeeper.java","19212","159793","179005"
"2015-10-22 09:22","BookKeeper.java","19225","161186","180411"
"2017-01-31 04:01","BookKeeper.java","40857","106597","147454"
"2012-07-23 23:39","BookKeeper.java","12315","42909","55224"
"2012-12-13 13:07","BookKeeper.java","16333","88254","104587"
"2015-07-10 22:48","BookKeeper.java","19160","159439","178599"
"2017-06-30 00:12","BookKeeper.java","41181","123734","164915"
"2014-02-06 09:21","BookKeeper.java","18694","140951","159645"
"2012-06-05 08:00","BookKeeper.java","10532","30162","40694"
"2012-06-19 12:39","BookKeeper.java","10733","32344","43077"
"2012-09-12 11:59","BookKeeper.java","13182","63742","76924"
"2014-01-21 05:19","BookKeeper.java","18410","139860","158270"
"2013-10-02 06:40","BookKeeper.java","18201","134346","152547"
"2014-02-21 19:01","BookKeeper.java","18731","142147","160878"
"2016-10-13 07:50","BookKeeper.java","40728","92912","133640"
"2017-06-21 21:00","BookKeeper.java","41177","121259","162436"
"2012-03-01 15:58","BookKeeper.java","1827","11127","12954"
"2013-06-12 18:41","BookKeeper.java","18119","131971","150090"
"2011-11-29 23:55","BookKeeper.java","872","3661","4533"
"2013-05-06 19:32","BookKeeper.java","17936","127786","145722"
"2013-01-10 19:13","BookKeeper.java","16822","93714","110536"
"2017-03-28 22:35","BookKeeper.java","40847","111179","152026"
"2016-07-11 23:01","BookKeeper.java","40715","85430","126145"
"2016-10-13 09:27","BookKeeper.java","40810","92980","133790"
"2017-07-28 20:12","BookKeeper.java","41451","130559","172010"
"2017-05-15 19:52","BookKeeper.java","41020","115106","156126"
"2013-09-10 15:14","BookKeeper.java","18175","134186","152361"
"2014-12-10 19:43","ReadOnlyBookieTest.java","3698","19218","22916"
"2016-03-08 06:49","ReadOnlyBookieTest.java","4990","26749","31739"
"2016-04-14 00:51","ReadOnlyBookieTest.java","108377","29510","137887"
"2014-07-24 01:41","ReadOnlyBookieTest.java","2067","7959","10026"
"2016-04-07 21:39","ReadOnlyBookieTest.java","108364","29456","137820"
"2014-01-21 05:19","PerChannelBookieClient.java","4327","48885","53212"
"2013-10-22 07:35","PerChannelBookieClient.java","3901","44105","48006"
"2014-01-09 07:30","PerChannelBookieClient.java","4169","47295","51464"
"2017-06-30 00:12","PerChannelBookieClient.java","82450","88111","170561"
"2014-05-27 13:56","PerChannelBookieClient.java","5611","55687","61298"
"2017-07-04 06:27","PerChannelBookieClient.java","82554","90176","172730"
"2017-01-31 04:01","PerChannelBookieClient.java","80502","69350","149852"
"2015-10-06 10:05","PerChannelBookieClient.java","7374","71387","78761"
"2016-04-05 18:47","PerChannelBookieClient.java","78883","45193","124076"
"2017-04-15 13:58","PerChannelBookieClient.java","80690","75230","155920"
"2017-05-15 19:52","PerChannelBookieClient.java","81261","78455","159716"
"2016-04-05 08:45","PerChannelBookieClient.java","78881","44949","123830"
"2017-07-28 20:12","PerChannelBookieClient.java","83195","95411","178606"
"2017-01-31 02:14","PerChannelBookieClient.java","80488","63867","144355"
"2017-03-28 22:35","PerChannelBookieClient.java","80574","74014","154588"
"2017-03-23 00:48","PerChannelBookieClient.java","80580","69768","150348"
"2014-07-25 00:34","PerChannelBookieClient.java","6210","63151","69361"
"2017-08-02 00:49","PerChannelBookieClient.java","85615","111443","197058"
"2017-06-21 19:58","PerChannelBookieClient.java","82277","84794","167071"
"2017-06-01 23:58","PerChannelBookieClient.java","82087","82474","164561"
"2013-10-29 05:14","PerChannelBookieClient.java","4121","45116","49237"
"2013-06-28 17:27","PerChannelBookieClient.java","2534","40230","42764"
"2014-02-21 19:01","PerChannelBookieClient.java","5362","51886","57248"
"2014-02-05 22:43","PerChannelBookieClient.java","5201","50562","55763"
"2017-04-20 19:55","PerChannelBookieClient.java","80691","75252","155943"
"2013-09-11 00:34","PerChannelBookieClient.java","2816","41974","44790"
"2013-08-20 12:51","PerChannelBookieClient.java","2664","41535","44199"
"2014-05-12 08:10","InMemoryMetastoreTable.java","8451","65570","74021"
"2013-10-02 06:40","InMemoryMetastoreTable.java","6268","52807","59075"
"2015-09-15 10:38","AbstractConfiguration.java","15642","135378","151020"
"2017-03-28 22:40","AbstractConfiguration.java","48689","98619","147308"
"2012-10-05 16:24","AbstractConfiguration.java","8053","42846","50899"
"2012-06-19 12:39","AbstractConfiguration.java","789","1555","2344"
"2012-12-12 11:20","AbstractConfiguration.java","9550","59855","69405"
"2017-08-02 00:49","AbstractConfiguration.java","50909","132784","183693"
"2013-06-12 18:41","AbstractConfiguration.java","12852","105859","118711"
"2016-07-31 07:53","AbstractConfiguration.java","48479","72483","120962"
"2017-01-31 02:14","AbstractConfiguration.java","48583","88009","136592"
"2016-07-31 07:56","AbstractConfiguration.java","48479","72817","121296"
"2017-05-02 23:04","AbstractConfiguration.java","48893","100644","149537"
"2017-03-23 00:48","AbstractConfiguration.java","48635","93870","142505"
"2012-11-30 04:54","AbstractConfiguration.java","9303","57873","67176"
"2016-07-11 23:01","LedgerCreateOp.java","108860","32125","140985"
"2014-02-05 22:43","LedgerCreateOp.java","1184","1987","3171"
"2015-09-15 10:38","LedgerCreateOp.java","4797","23928","28725"
"2015-04-21 09:17","LedgerCreateOp.java","4052","22316","26368"
"2015-10-22 09:22","LedgerCreateOp.java","4870","25381","30251"
"2013-10-22 16:21","BufferedChannel.java","695","1462","2157"
"2014-01-22 14:35","BufferedChannel.java","1456","6591","8047"
"2017-06-01 11:31","LocalBookKeeper.java","111","1025","1136"
"2017-06-01 23:58","LocalBookKeeper.java","1085","1962","3047"
"2016-07-14 23:02","BenchThroughputLatency.java","108277","24991","133268"
"2017-07-28 20:12","DefaultEnsemblePlacementPolicy.java","6033","24809","30842"
"2016-07-14 23:02","TestClient.java","40229","88607","128836"
"2012-09-11 10:30","TestClient.java","14486","68186","82672"
"2011-11-17 11:16","TestClient.java","2969","5310","8279"
"2013-02-08 19:08","TestClient.java","17898","129758","147656"
"2012-05-04 20:11","TestClient.java","12011","32807","44818"
"2012-05-09 13:20","TestClient.java","12195","33718","45913"
"2017-05-26 16:52","Journal.java","8016","39689","47705"
"2017-03-22 22:54","Journal.java","6252","27531","33783"
"2016-11-12 03:37","Journal.java","5537","13323","18860"
"2017-06-01 23:58","Journal.java","8899","41429","50328"
"2017-05-09 22:24","Journal.java","7065","34940","42005"
"2017-05-16 00:31","Journal.java","7929","37684","45613"
"2015-09-15 10:38","BookKeeper.java","19919","157711","177630"
"2015-10-22 09:22","BookKeeper.java","19932","159104","179036"
"2017-01-31 04:01","BookKeeper.java","42030","104981","147011"
"2012-07-23 23:39","BookKeeper.java","12416","40221","52637"
"2012-12-13 13:07","BookKeeper.java","16620","85752","102372"
"2015-07-10 22:48","BookKeeper.java","19770","157260","177030"
"2017-06-30 00:12","BookKeeper.java","42578","122342","164920"
"2014-02-06 09:21","BookKeeper.java","19238","138706","157944"
"2012-06-05 08:00","BookKeeper.java","10017","26858","36875"
"2012-06-19 12:39","BookKeeper.java","10674","29496","40170"
"2012-09-12 11:59","BookKeeper.java","13308","61079","74387"
"2014-01-21 05:19","BookKeeper.java","18947","137608","156555"
"2013-10-02 06:40","BookKeeper.java","18703","132059","150762"
"2014-02-21 19:01","BookKeeper.java","19277","139904","159181"
"2016-10-13 07:50","BookKeeper.java","41917","91312","133229"
"2017-06-21 21:00","BookKeeper.java","42574","119867","162441"
"2012-03-01 15:58","BookKeeper.java","1036","7547","8583"
"2013-06-12 18:41","BookKeeper.java","18604","129667","148271"
"2013-05-06 19:32","BookKeeper.java","18417","125478","143895"
"2013-01-10 19:13","BookKeeper.java","17295","91398","108693"
"2017-03-28 22:35","BookKeeper.java","42032","109575","151607"
"2016-07-11 23:01","BookKeeper.java","41902","83828","125730"
"2016-10-13 09:27","BookKeeper.java","41993","91374","133367"
"2017-07-28 20:12","BookKeeper.java","42839","129158","171997"
"2017-05-15 19:52","BookKeeper.java","42402","113699","156101"
"2013-09-10 15:14","BookKeeper.java","18675","131897","150572"
"2017-07-28 20:12","SASLClientAuthProvider.java","2875","14704","17579"
"2011-11-29 23:55","AsyncCallback.java","4157","10575","14732"
"2017-07-28 20:12","AsyncCallback.java","40782","133519","174301"
"2013-05-06 19:32","AsyncCallback.java","18733","132212","150945"
"2011-10-27 18:26","AsyncCallback.java","1168","1646","2814"
"2017-01-31 04:01","AsyncCallback.java","40292","109661","149953"
"2012-05-25 17:13","AsyncCallback.java","12570","35414","47984"
"2017-07-04 06:27","AsyncCallback.java","40546","128689","169235"
"2013-05-04 14:22","LedgerDeleteTest.java","18739","132118","150857"
"2011-11-18 11:18","LedgerDeleteTest.java","3592","7221","10813"
"2012-03-15 10:37","LedgerDeleteTest.java","11307","28799","40106"
"2013-05-31 12:02","LedgerDeleteTest.java","18788","132596","151384"
"2014-01-22 14:35","LedgerDeleteTest.java","19065","144813","163878"
"2012-11-26 16:42","LedgerDeleteTest.java","17067","87957","105024"
"2016-03-08 06:49","LedgerDeleteTest.java","19472","166979","186451"
"2012-06-19 12:39","LedgerDeleteTest.java","12679","37919","50598"
"2014-07-24 01:41","LedgerDeleteTest.java","19365","151005","170370"
"2014-12-10 19:43","ReadOnlyBookieTest.java","3852","19748","23600"
"2016-03-08 06:49","ReadOnlyBookieTest.java","5141","27276","32417"
"2016-04-14 00:51","ReadOnlyBookieTest.java","108528","30037","138565"
"2014-07-24 01:41","ReadOnlyBookieTest.java","2222","8490","10712"
"2014-01-22 14:35","ReadOnlyBookieTest.java","155","531","686"
"2016-04-07 21:39","ReadOnlyBookieTest.java","108515","29983","138498"
"2012-12-08 11:18","Bookie.java","16402","87992","104394"
"2012-09-14 15:42","Bookie.java","13925","66214","80139"
"2012-10-25 15:35","Bookie.java","16150","77683","93833"
"2012-10-26 16:25","Bookie.java","16184","78666","94850"
"2011-11-28 19:25","Bookie.java","1376","5713","7089"
"2012-02-01 12:06","Bookie.java","2100","8084","10184"
"2017-01-31 04:01","Bookie.java","40434","107767","148201"
"2017-03-28 22:37","Bookie.java","40418","112558","152976"
"2016-01-26 22:11","Bookie.java","19311","163768","183079"
"2015-03-18 07:38","Bookie.java","19260","160465","179725"
"2015-04-21 09:17","Bookie.java","19260","160567","179827"
"2012-02-01 12:58","Bookie.java","2103","9875","11978"
"2012-10-18 16:40","Bookie.java","16062","76458","92520"
"2012-12-03 17:59","Bookie.java","16312","87857","104169"
"2012-07-04 16:17","Bookie.java","11580","40371","51951"
"2012-07-23 23:39","Bookie.java","12946","45133","58079"
"2013-06-21 19:26","Bookie.java","18334","134333","152667"
"2012-09-07 07:04","Bookie.java","13666","65294","78960"
"2014-09-23 17:53","Bookie.java","19233","157381","176614"
"2017-07-04 06:27","Bookie.java","40764","126871","167635"
"2017-06-05 22:25","Bookie.java","40707","121028","161735"
"2014-02-06 09:25","Bookie.java","18833","142687","161520"
"2014-04-29 22:07","Bookie.java","18873","146232","165105"
"2013-12-06 07:39","Bookie.java","18516","140115","158631"
"2012-07-05 14:45","Bookie.java","11585","40858","52443"
"2012-05-10 14:47","Bookie.java","10872","30426","41298"
"2014-08-02 20:02","Bookie.java","19221","155277","174498"
"2012-04-17 13:16","Bookie.java","10580","28907","39487"
"2012-04-16 16:11","Bookie.java","10255","28170","38425"
"2013-10-02 07:01","Bookie.java","18405","136249","154654"
"2012-06-19 12:39","Bookie.java","11379","34583","45962"
"2017-06-28 23:24","Bookie.java","40737","123011","163748"
"2017-07-07 08:19","Bookie.java","40769","128839","169608"
"2013-09-11 00:34","Bookie.java","18387","136030","154417"
"2014-01-21 17:26","Bookie.java","18575","141911","160486"
"2013-10-12 05:42","Bookie.java","18429","137006","155435"
"2013-10-22 16:21","Bookie.java","18504","137848","156352"
"2017-05-16 00:31","Bookie.java","40604","116701","157305"
"2013-07-24 16:55","Bookie.java","18352","135409","153761"
"2014-02-05 22:43","Bookie.java","18833","142679","161512"
"2014-08-18 23:03","Bookie.java","19221","156745","175966"
"2014-05-09 14:04","Bookie.java","18873","146873","165746"
"2013-06-15 19:05","Bookie.java","18337","134209","152546"
"2017-06-01 23:58","Bookie.java","40699","119571","160270"
"2012-03-29 15:18","Bookie.java","10187","26952","37139"
"2012-04-17 12:18","Bookie.java","10281","28385","38666"
"2012-03-08 19:24","Bookie.java","2776","14640","17416"
"2012-02-15 16:11","Bookie.java","2459","12441","14900"
"2012-02-17 12:50","Bookie.java","2463","12686","15149"
"2012-03-20 14:09","Bookie.java","10058","26108","36166"
"2012-03-08 12:13","Bookie.java","2730","14550","17280"
"2012-03-13 07:31","Bookie.java","3162","17283","20445"
"2012-02-09 18:14","Bookie.java","2323","12046","14369"
"2012-04-02 12:38","Bookie.java","10252","27993","38245"
"2017-08-02 00:49","Bookie.java","41403","145716","187119"
"2011-11-18 11:18","Bookie.java","968","2561","3529"
"2013-12-02 18:45","Bookie.java","18513","139960","158473"
"2013-05-04 14:22","Bookie.java","18148","129491","147639"
"2012-12-18 13:04","Bookie.java","16616","92558","109174"
"2016-11-18 00:18","Bookie.java","40407","94639","135046"
"2017-03-28 22:35","Bookie.java","40417","112342","152759"
"2016-07-14 23:02","Bookie.java","40323","86665","126988"
"2017-06-05 20:30","Bookie.java","40699","119929","160628"
"2016-11-30 00:02","Bookie.java","40415","95177","135592"
"2012-12-24 05:50","Bookie.java","16629","92679","109308"
"2017-03-22 22:54","Bookie.java","40422","108043","148465"
"2012-12-24 06:23","Bookie.java","16673","92945","109618"
"2012-12-08 11:18","Bookie.java","16147","86144","102291"
"2012-09-14 15:42","Bookie.java","13392","64088","77480"
"2012-10-25 15:35","Bookie.java","15890","75830","91720"
"2012-10-26 16:25","Bookie.java","15925","76814","92739"
"2011-11-28 19:25","Bookie.java","482","3226","3708"
"2012-02-01 12:06","Bookie.java","1240","5631","6871"
"2017-01-31 04:01","Bookie.java","40857","106597","147454"
"2017-03-28 22:37","Bookie.java","40848","111395","152243"
"2016-01-26 22:11","Bookie.java","19226","162090","181316"
"2015-03-18 07:38","Bookie.java","19135","158747","177882"
"2015-04-21 09:17","Bookie.java","19135","158849","177984"
"2012-02-01 12:58","Bookie.java","1243","7422","8665"
"2012-10-18 16:40","Bookie.java","15802","74605","90407"
"2012-12-03 17:59","Bookie.java","16057","86009","102066"
"2012-07-04 16:17","Bookie.java","10934","38132","49066"
"2012-07-23 23:39","Bookie.java","12315","42909","55224"
"2013-06-21 19:26","Bookie.java","18121","132527","150648"
"2012-09-07 07:04","Bookie.java","13106","63141","76247"
"2014-09-23 17:53","Bookie.java","19106","155661","174767"
"2017-07-04 06:27","Bookie.java","41212","125726","166938"
"2017-06-05 22:25","Bookie.java","41154","119882","161036"
"2014-02-06 09:25","Bookie.java","18694","140955","159649"
"2014-04-29 22:07","Bookie.java","18737","144503","163240"
"2013-12-06 07:39","Bookie.java","18354","138360","156714"
"2012-07-05 14:45","Bookie.java","10940","38620","49560"
"2012-05-10 14:47","Bookie.java","10188","28149","38337"
"2014-08-02 20:02","Bookie.java","19095","153558","172653"
"2012-04-17 13:16","Bookie.java","9891","26625","36516"
"2012-04-16 16:11","Bookie.java","9560","25882","35442"
"2013-10-02 07:01","Bookie.java","18201","134452","152653"
"2012-06-19 12:39","Bookie.java","10733","32344","43077"
"2017-06-28 23:24","Bookie.java","41183","121864","163047"
"2017-07-07 08:19","Bookie.java","41214","127691","168905"
"2013-09-11 00:34","Bookie.java","18181","134231","152412"
"2014-01-21 17:26","Bookie.java","18415","140158","158573"
"2013-10-12 05:42","Bookie.java","18238","135222","153460"
"2013-10-22 16:21","Bookie.java","18334","136085","154419"
"2017-05-16 00:31","Bookie.java","41044","115548","156592"
"2013-07-24 16:55","Bookie.java","18145","133609","151754"
"2014-02-05 22:43","Bookie.java","18694","140947","159641"
"2014-08-18 23:03","Bookie.java","19095","155026","174121"
"2014-05-09 14:04","Bookie.java","18737","145144","163881"
"2013-06-15 19:05","Bookie.java","18124","132403","150527"
"2017-06-01 23:58","Bookie.java","41147","118426","159573"
"2012-03-29 15:18","Bookie.java","9491","24663","34154"
"2012-04-17 12:18","Bookie.java","9586","26097","35683"
"2012-03-08 19:24","Bookie.java","1949","12220","14169"
"2012-02-15 16:11","Bookie.java","1618","10007","11625"
"2012-02-17 12:50","Bookie.java","1622","10252","11874"
"2012-03-20 14:09","Bookie.java","9351","23808","33159"
"2012-03-08 12:13","Bookie.java","1901","12128","14029"
"2012-03-13 07:31","Bookie.java","2379","14907","17286"
"2012-02-09 18:14","Bookie.java","1473","9603","11076"
"2012-04-02 12:38","Bookie.java","9557","25705","35262"
"2017-08-02 00:49","Bookie.java","41852","144572","186424"
"2013-12-02 18:45","Bookie.java","18351","138205","156556"
"2013-05-04 14:22","Bookie.java","17936","127686","145622"
"2012-12-18 13:04","Bookie.java","16368","90717","107085"
"2016-11-18 00:18","Bookie.java","40809","93448","134257"
"2017-03-28 22:35","Bookie.java","40847","111179","152026"
"2016-07-14 23:02","Bookie.java","40717","85466","126183"
"2017-06-05 20:30","Bookie.java","41146","118783","159929"
"2016-11-30 00:02","Bookie.java","40822","93991","134813"
"2012-12-24 05:50","Bookie.java","16384","90841","107225"
"2017-03-22 22:54","Bookie.java","40849","106877","147726"
"2012-12-24 06:23","Bookie.java","16428","91107","107535"
"2015-07-10 22:48","ExponentialBackoffRetryPolicy.java","1878","6218","8096"
"2016-07-11 23:01","LedgerCreateOp.java","48025","71129","119154"
"2014-02-05 22:43","LedgerCreateOp.java","14036","114678","128714"
"2014-01-21 05:19","LedgerCreateOp.java","13620","113459","127079"
"2015-09-15 10:38","LedgerCreateOp.java","15234","134204","149438"
"2015-04-21 09:17","LedgerCreateOp.java","14909","133012","147921"
"2015-10-22 09:22","LedgerCreateOp.java","15245","135595","150840"
"2013-08-21 13:19","BookKeeperAdmin.java","9458","76844","86302"
"2017-10-17 09:32","BookKeeperAdmin.java","75039","127201","202240"
"2017-06-01 23:58","BookKeeperAdmin.java","68255","96965","165220"
"2017-04-11 20:19","BookKeeperAdmin.java","67090","89315","156405"
"2014-02-21 19:01","BookKeeperAdmin.java","11367","86214","97581"
"2014-02-05 22:43","BookKeeperAdmin.java","11271","84955","96226"
"2017-07-07 05:11","BookKeeperAdmin.java","68463","106088","174551"
"2013-02-26 04:12","BookKeeperAdmin.java","8635","68325","76960"
"2016-11-09 03:05","BookKeeperAdmin.java","66920","70855","137775"
"2016-11-30 00:07","BookKeeperAdmin.java","66924","71523","138447"
"2016-09-10 21:01","BookKeeperAdmin.java","66805","67055","133860"
"2016-07-14 23:02","BookKeeperAdmin.java","66119","62299","128418"
"2016-10-13 09:27","BookKeeperAdmin.java","66917","70518","137435"
"2012-11-30 04:54","BookKeeperAdmin.java","5038","25884","30922"
"2013-02-08 19:08","BookKeeperAdmin.java","7782","67444","75226"
"2016-03-16 05:03","BookKeeperAdmin.java","65923","57611","123534"
"2016-03-08 07:18","BookKeeperAdmin.java","12928","108902","121830"
"2014-12-06 08:03","BookKeeperAdmin.java","12107","101012","113119"
"2014-04-24 10:43","BookKeeperAdmin.java","11386","88205","99591"
"2012-10-05 16:24","BookKeeperAdmin.java","3425","10494","13919"
"2012-09-07 07:04","BookKeeperAdmin.java","172","1638","1810"
"2014-09-06 07:51","BookKeeperAdmin.java","11998","99766","111764"
"2013-05-10 12:45","BookKeeperAdmin.java","9173","70684","79857"
"2017-07-28 20:12","ClientAuthProvider.java","5908","34745","40653"
"2017-08-02 00:49","ClientAuthProvider.java","9032","51481","60513"
"2017-06-12 17:20","LedgerManagerTestCase.java","9652","44944","54596"
"2017-05-16 00:31","LedgerManagerTestCase.java","8252","38992","47244"
"2016-11-18 00:18","LedgerManagerTestCase.java","5873","14748","20621"
"2017-01-31 04:01","LedgerManagerTestCase.java","6443","28419","34862"
"2017-03-28 22:37","LedgerManagerTestCase.java","6680","33463","40143"
"2017-07-04 06:27","LedgerManagerTestCase.java","10260","51010","61270"
"2016-04-27 21:11","ZkLedgerUnderreplicationManager.java","107963","23733","131696"
"2016-07-14 23:02","ZkLedgerUnderreplicationManager.java","108274","25029","133303"
"2017-07-07 05:11","ZkLedgerUnderreplicationManager.java","114068","72268","186336"
"2017-06-28 23:28","ZkLedgerUnderreplicationManager.java","113667","66846","180513"
"2017-06-01 23:58","ZkLedgerUnderreplicationManager.java","113325","62610","175935"
"2014-08-18 23:03","ZkLedgerUnderreplicationManager.java","1457","9394","10851"
"2017-03-28 22:40","ZkLedgerUnderreplicationManager.java","111425","54206","165631"
"2016-04-27 09:55","ZkLedgerUnderreplicationManager.java","107963","23733","131696"
"2016-04-27 21:11","ZkLedgerUnderreplicationManager.java","107965","24203","132168"
"2016-07-14 23:02","ZkLedgerUnderreplicationManager.java","108276","25499","133775"
"2017-07-07 05:11","ZkLedgerUnderreplicationManager.java","114055","72723","186778"
"2017-06-28 23:28","ZkLedgerUnderreplicationManager.java","113667","67314","180981"
"2017-06-01 23:58","ZkLedgerUnderreplicationManager.java","113325","63078","176403"
"2014-08-18 23:03","ZkLedgerUnderreplicationManager.java","1499","9904","11403"
"2014-06-03 12:35","ZkLedgerUnderreplicationManager.java","42","510","552"
"2017-03-28 22:40","ZkLedgerUnderreplicationManager.java","111425","54674","166099"
"2016-04-27 09:55","ZkLedgerUnderreplicationManager.java","107965","24203","132168"
"2014-02-05 22:43","LedgerFragment.java","8777","61615","70392"
"2016-02-23 19:16","LedgerMetadataImpl.java","6289","40426","46715"
"2013-08-13 14:32","LedgerMetadataImpl.java","943","7595","8538"
"2017-06-01 23:58","LedgerMetadataImpl.java","112855","81107","193962"
"2013-04-26 18:38","LedgerMetadataImpl.java","135","498","633"
"2017-07-28 20:12","LedgerMetadataImpl.java","113982","94063","208045"
"2016-07-11 23:01","LedgerMetadataImpl.java","109723","45411","155134"
"2016-02-23 19:16","LedgerMetadataImpl.java","6189","39963","46152"
"2013-08-13 14:32","LedgerMetadataImpl.java","834","7123","7957"
"2017-06-01 23:58","LedgerMetadataImpl.java","112815","80704","193519"
"2017-07-28 20:12","LedgerMetadataImpl.java","113944","93662","207606"
"2016-07-11 23:01","LedgerMetadataImpl.java","109633","44958","154591"
"2013-01-07 22:53","AuditorBookieTest.java","7171","38215","45386"
"2012-12-18 12:00","AuditorBookieTest.java","5862","34682","40544"
"2013-06-15 19:05","AuditorBookieTest.java","9358","78398","87756"
"2014-02-05 22:43","AuditorBookieTest.java","11253","88267","99520"
"2012-10-26 16:25","AuditorBookieTest.java","4687","20337","25024"
"2017-07-04 06:27","ServerConfiguration.java","6475","42291","48766"
"2017-05-15 19:52","ServerConfiguration.java","4280","29668","33948"
"2017-03-22 22:54","ServerConfiguration.java","2557","19887","22444"
"2017-03-23 00:48","ServerConfiguration.java","2562","19944","22506"
"2017-01-31 02:11","ServerConfiguration.java","1850","12811","14661"
"2016-11-09 03:02","ServerConfiguration.java","1698","5487","7185"
"2016-11-30 00:02","ServerConfiguration.java","1763","6234","7997"
"2017-06-05 20:30","ServerConfiguration.java","5600","34539","40139"
"2017-08-02 00:49","ServerConfiguration.java","10828","64850","75678"
"2017-10-03 12:31","ServerConfiguration.java","30357","74536","104893"
"2017-08-16 03:37","ServerConfiguration.java","13249","73904","87153"
"2017-05-26 12:38","ServerConfiguration.java","4539","32243","36782"
"2017-07-07 08:19","ServerConfiguration.java","6525","44304","50829"
"2017-06-28 23:24","ServerConfiguration.java","5972","37955","43927"
"2017-11-08 12:27","ServerConfiguration.java","33199","95252","128451"
"2017-01-31 04:01","Bookie.java","111630","57516","169146"
"2017-03-28 22:37","Bookie.java","111765","62458","174223"
"2016-01-26 22:11","Bookie.java","4873","27883","32756"
"2015-03-18 07:38","Bookie.java","4039","23797","27836"
"2015-04-21 09:17","Bookie.java","4061","23921","27982"
"2014-09-23 17:53","Bookie.java","3580","20281","23861"
"2017-07-04 06:27","Bookie.java","114161","78821","192982"
"2017-06-05 22:25","Bookie.java","113757","72631","186388"
"2014-02-06 09:25","Bookie.java","1648","4055","5703"
"2014-04-29 22:07","Bookie.java","2114","8026","10140"
"2013-12-06 07:39","Bookie.java","35","187","222"
"2014-08-02 20:02","Bookie.java","3072","17681","20753"
"2017-06-28 23:24","Bookie.java","113852","74679","188531"
"2017-07-07 08:19","Bookie.java","114157","80780","194937"
"2014-01-21 17:26","Bookie.java","568","2457","3025"
"2017-05-16 00:31","Bookie.java","112757","67407","180164"
"2014-02-05 22:43","Bookie.java","1643","4042","5685"
"2014-08-18 23:03","Bookie.java","3445","19522","22967"
"2014-05-09 14:04","Bookie.java","2132","8685","10817"
"2017-06-01 23:58","Bookie.java","113566","70991","184557"
"2017-08-02 00:49","Bookie.java","117621","100487","218108"
"2016-11-18 00:18","Bookie.java","111559","44344","155903"
"2017-03-28 22:35","Bookie.java","111726","62204","173930"
"2016-07-14 23:02","Bookie.java","108880","33775","142655"
"2017-06-05 20:30","Bookie.java","113661","71444","185105"
"2016-11-30 00:02","Bookie.java","111584","44899","156483"
"2017-03-22 22:54","Bookie.java","111725","57899","169624"
"2017-01-31 04:01","Bookie.java","111011","67001","178012"
"2017-03-28 22:37","Bookie.java","111109","71906","183015"
"2016-01-26 22:11","Bookie.java","6009","39123","45132"
"2015-03-18 07:38","Bookie.java","5280","35142","40422"
"2015-04-21 09:17","Bookie.java","5282","35246","40528"
"2013-06-21 19:26","Bookie.java","446","5102","5548"
"2014-09-23 17:53","Bookie.java","4912","31717","36629"
"2017-07-04 06:27","Bookie.java","113249","88013","201262"
"2017-06-05 22:25","Bookie.java","112913","81891","194804"
"2014-02-06 09:25","Bookie.java","3603","16114","19717"
"2014-04-29 22:07","Bookie.java","3970","19986","23956"
"2013-12-06 07:39","Bookie.java","2285","12541","14826"
"2014-08-02 20:02","Bookie.java","4771","29484","34255"
"2013-10-02 07:01","Bookie.java","850","7351","8201"
"2017-06-28 23:24","Bookie.java","112982","83913","196895"
"2017-07-07 08:19","Bookie.java","113238","89965","203203"
"2013-09-11 00:34","Bookie.java","797","7097","7894"
"2014-01-21 17:26","Bookie.java","2775","14768","17543"
"2013-10-12 05:42","Bookie.java","1843","9077","10920"
"2013-10-22 16:21","Bookie.java","2210","10211","12421"
"2017-05-16 00:31","Bookie.java","111989","76743","188732"
"2013-07-24 16:55","Bookie.java","564","6278","6842"
"2014-02-05 22:43","Bookie.java","3601","16104","19705"
"2014-08-18 23:03","Bookie.java","4784","30965","35749"
"2014-05-09 14:04","Bookie.java","3988","20645","24633"
"2013-06-15 19:05","Bookie.java","429","4958","5387"
"2017-06-01 23:58","Bookie.java","112764","80293","193057"
"2017-08-02 00:49","Bookie.java","116343","109313","225656"
"2013-12-02 18:45","Bookie.java","2271","12375","14646"
"2016-11-18 00:18","Bookie.java","110963","53852","164815"
"2017-03-28 22:35","Bookie.java","111091","71673","182764"
"2016-07-14 23:02","Bookie.java","109632","44631","154263"
"2017-06-05 20:30","Bookie.java","112819","80706","193525"
"2016-11-30 00:02","Bookie.java","110981","54400","165381"
"2017-03-22 22:54","Bookie.java","111092","67370","178462"
"2015-10-06 10:05","BenchBookie.java","3740","22392","26132"
"2017-05-15 19:52","BenchBookie.java","111874","63707","175581"
"2016-07-14 23:02","BenchBookie.java","107943","30439","138382"
"2016-02-09 08:28","BookieShell.java","6530","41261","47791"
"2016-03-16 05:03","BookieShell.java","109200","41198","150398"
"2014-12-06 07:47","BookieShell.java","5426","34437","39863"
"2014-12-06 08:03","BookieShell.java","5432","34647","40079"
"2014-09-29 16:29","BookieShell.java","5369","34027","39396"
"2014-06-03 12:35","BookieShell.java","4710","24445","29155"
"2014-02-05 22:43","BookieShell.java","4178","18172","22350"
"2013-10-02 06:54","BookieShell.java","1560","9470","11030"
"2015-01-13 13:06","BookieShell.java","5699","36759","42458"
"2017-06-01 23:58","BookieShell.java","112502","81522","194024"
"2017-07-07 05:11","BookieShell.java","112964","90899","203863"
"2017-01-11 07:37","BookieShell.java","110829","61996","172825"
"2016-12-21 01:42","BookieShell.java","110826","61635","172461"
"2017-01-11 07:34","BookieShell.java","110829","61872","172701"
"2016-11-30 00:02","BookieShell.java","110806","55716","166522"
"2017-01-30 23:25","BookieShell.java","110830","62172","173002"
"2017-03-28 22:35","BookieShell.java","110915","72988","183903"
"2017-01-30 21:31","BookieShell.java","110829","62063","172892"
"2017-03-22 22:54","BookieShell.java","110916","68685","179601"
"2015-09-15 10:38","LedgerManager.java","8247","74371","82618"
"2014-01-17 18:13","LedgerManager.java","5306","51403","56709"
"2013-04-04 11:21","LedgerManager.java","3159","37896","41055"
"2014-08-02 20:02","ReadEntryProcessor.java","165","795","960"
"2015-10-06 10:05","ReadEntryProcessor.java","2400","9472","11872"
"2017-05-15 19:52","ReadEntryProcessor.java","114182","54435","168617"
"2017-06-01 23:58","ReadEntryProcessor.java","115196","58642","173838"
"2017-05-16 00:31","ReadEntryProcessor.java","114331","55002","169333"
"2016-04-29 05:05","ScanAndCompareGarbageCollector.java","13","13","26"
"2017-03-28 22:40","ScanAndCompareGarbageCollector.java","6785","33796","40581"
"2017-06-30 00:12","PerChannelBookieClient.java","115875","64595","180470"
"2017-07-04 06:27","PerChannelBookieClient.java","116034","66715","182749"
"2017-01-31 04:01","PerChannelBookieClient.java","112868","44775","157643"
"2015-10-06 10:05","PerChannelBookieClient.java","2400","9472","11872"
"2016-04-05 18:47","PerChannelBookieClient.java","107324","16693","124017"
"2017-04-15 13:58","PerChannelBookieClient.java","113247","50846","164093"
"2017-05-15 19:52","PerChannelBookieClient.java","114182","54435","168617"
"2016-04-05 08:45","PerChannelBookieClient.java","107313","16440","123753"
"2017-07-28 20:12","PerChannelBookieClient.java","117126","72401","189527"
"2017-01-31 02:14","PerChannelBookieClient.java","112866","39304","152170"
"2017-03-28 22:35","PerChannelBookieClient.java","112996","49495","162491"
"2017-03-23 00:48","PerChannelBookieClient.java","112975","45222","158197"
"2017-08-02 00:49","PerChannelBookieClient.java","119734","88621","208355"
"2017-06-21 19:58","PerChannelBookieClient.java","115554","61130","176684"
"2017-06-01 23:58","PerChannelBookieClient.java","115196","58642","173838"
"2017-04-20 19:55","PerChannelBookieClient.java","113258","50878","164136"
"2017-03-28 22:40","AbstractConfiguration.java","6468","32394","38862"
"2017-08-02 00:49","AbstractConfiguration.java","14280","72151","86431"
"2017-01-31 02:14","AbstractConfiguration.java","6063","21485","27548"
"2017-05-02 23:04","AbstractConfiguration.java","7064","34811","41875"
"2017-03-23 00:48","AbstractConfiguration.java","6266","27497","33763"
"2017-03-23 00:48","ClientConfiguration.java","171","511","682"
"2017-03-28 22:35","ClientConfiguration.java","334","4926","5260"
"2017-04-15 13:58","ClientConfiguration.java","713","6405","7118"
"2017-03-23 00:59","ClientConfiguration.java","190","542","732"
"2017-05-15 19:52","ClientConfiguration.java","2252","10598","12850"
"2017-06-21 19:58","ClientConfiguration.java","4026","17695","21721"
"2017-06-05 21:48","ClientConfiguration.java","3694","15975","19669"
"2017-06-21 19:50","ClientConfiguration.java","4020","17579","21599"
"2017-08-02 00:49","ClientConfiguration.java","9319","46299","55618"
"2017-08-01 08:34","ClientConfiguration.java","8553","42948","51501"
"2017-06-30 00:12","ClientConfiguration.java","4415","21228","25643"
"2017-07-04 06:27","ClientConfiguration.java","4684","23458","28142"
"2013-05-04 14:22","LedgerDeleteTest.java","12215","100354","112569"
"2013-05-31 12:02","LedgerDeleteTest.java","12335","100903","113238"
"2014-01-22 14:35","LedgerDeleteTest.java","13732","114240","127972"
"2012-11-26 16:42","LedgerDeleteTest.java","8591","54241","62832"
"2016-03-08 06:49","LedgerDeleteTest.java","15444","137711","153155"
"2014-07-24 01:41","LedgerDeleteTest.java","14466","120866","135332"
"2017-07-04 06:27","FileInfo.java","113249","88013","201262"
"2014-12-04 12:28","FileInfo.java","4937","32294","37231"
"2017-01-31 04:01","FileInfo.java","111011","67001","178012"
"2017-03-23 15:55","FileInfo.java","111100","67456","178556"
"2016-11-18 00:18","FileInfo.java","110963","53852","164815"
"2017-06-01 23:58","FileInfo.java","112764","80293","193057"
"2017-07-17 23:27","FileInfo.java","113332","91203","204535"
"2017-05-16 00:31","FileInfo.java","111989","76743","188732"
"2013-10-22 16:21","FileInfo.java","2210","10211","12421"
"2013-10-11 08:36","FileInfo.java","1681","8374","10055"
"2012-06-19 12:39","BookieRecoveryTest.java","2455","8056","10511"
"2012-12-12 11:20","BookieRecoveryTest.java","10678","65818","76496"
"2012-09-12 11:59","BookieRecoveryTest.java","7052","41602","48654"
"2017-06-30 00:12","BookieRecoveryTest.java","48666","115209","163875"
"2014-07-24 01:41","BookieRecoveryTest.java","15496","127497","142993"
"2012-12-04 22:15","BookieRecoveryTest.java","10561","64649","75210"
"2017-04-11 20:15","BookieRecoveryTest.java","47540","102322","149862"
"2017-05-15 19:52","BookieRecoveryTest.java","47939","106015","153954"
"2012-07-18 17:00","BookieRecoveryTest.java","5526","20042","25568"
"2012-12-10 16:02","BookieRecoveryTest.java","10662","64752","75414"
"2013-08-13 14:32","BookieRecoveryTest.java","13718","113387","127105"
"2014-02-05 22:43","BookieRecoveryTest.java","15124","121367","136491"
"2017-08-16 03:41","RackawareEnsemblePlacementPolicy.java","11794","68589","80383"
"2017-03-28 22:35","RackawareEnsemblePlacementPolicy.java","925","18475","19400"
"2017-07-28 20:12","RackawareEnsemblePlacementPolicy.java","6211","42537","48748"
"2016-07-11 23:01","LedgerCreateOp.java","40227","88571","128798"
"2014-02-05 22:43","LedgerCreateOp.java","19159","145041","164200"
"2012-01-18 15:11","LedgerCreateOp.java","4430","12281","16711"
"2014-01-21 05:19","LedgerCreateOp.java","19001","144080","163081"
"2012-06-19 12:39","LedgerCreateOp.java","12679","37919","50598"
"2015-09-15 10:38","LedgerCreateOp.java","19467","163677","183144"
"2011-11-28 19:25","LedgerCreateOp.java","3825","10198","14023"
"2015-04-21 09:17","LedgerCreateOp.java","19430","162773","182203"
"2015-10-22 09:22","LedgerCreateOp.java","19474","165064","184538"
"2011-11-17 11:16","LedgerCreateOp.java","2969","5310","8279"
"2013-01-04 11:32","ServerConfiguration.java","11609","72507","84116"
"2014-08-02 20:02","ServerConfiguration.java","15335","134626","149961"
"2014-05-06 12:30","ServerConfiguration.java","14912","125553","140465"
"2014-05-15 00:41","ServerConfiguration.java","14915","126470","141385"
"2014-09-18 06:47","ServerConfiguration.java","15359","136659","152018"
"2017-07-04 06:27","ServerConfiguration.java","48415","117757","166172"
"2014-03-07 13:14","ServerConfiguration.java","14869","123151","138020"
"2014-04-29 22:07","ServerConfiguration.java","14912","125506","140418"
"2012-10-18 16:40","ServerConfiguration.java","9876","53507","63383"
"2012-09-12 20:34","ServerConfiguration.java","7034","42616","49650"
"2016-04-14 00:51","ServerConfiguration.java","46957","75037","121994"
"2015-01-16 15:57","ServerConfiguration.java","15582","139854","155436"
"2013-02-08 19:08","ServerConfiguration.java","12170","105229","117399"
"2016-03-08 06:49","ServerConfiguration.java","16023","144729","160752"
"2016-01-26 22:11","ServerConfiguration.java","15849","143541","159390"
"2014-01-21 05:05","ServerConfiguration.java","14401","120333","134734"
"2014-03-12 21:26","ServerConfiguration.java","14880","124964","139844"
"2016-04-05 18:47","ServerConfiguration.java","46942","74972","121914"
"2016-04-27 09:55","ServerConfiguration.java","46958","75550","122508"
"2015-04-21 09:55","ServerConfiguration.java","15604","140317","155921"
"2015-01-12 15:18","ServerConfiguration.java","15580","138914","154494"
"2015-04-21 10:02","ServerConfiguration.java","15604","140350","155954"
"2013-01-14 16:59","ServerConfiguration.java","12023","74369","86392"
"2012-11-30 04:54","ServerConfiguration.java","10431","64674","75105"
"2017-05-15 19:52","ServerConfiguration.java","47623","106537","154160"
"2017-03-22 22:54","ServerConfiguration.java","47159","98015","145174"
"2012-12-11 18:59","ServerConfiguration.java","10655","65854","76509"
"2017-03-23 00:48","ServerConfiguration.java","47162","98070","145232"
"2017-01-31 02:11","ServerConfiguration.java","47136","91623","138759"
"2013-02-19 16:19","ServerConfiguration.java","12959","105971","118930"
"2013-02-19 16:15","ServerConfiguration.java","12959","105952","118911"
"2016-04-05 08:45","ServerConfiguration.java","46940","74728","121668"
"2016-11-09 03:02","ServerConfiguration.java","47113","84428","131541"
"2016-11-30 00:02","ServerConfiguration.java","47115","85112","132227"
"2017-06-05 20:30","ServerConfiguration.java","48286","110751","159037"
"2016-09-10 20:27","ServerConfiguration.java","47038","80564","127602"
"2017-08-02 00:49","ServerConfiguration.java","49234","136782","186016"
"2017-10-03 12:31","ServerConfiguration.java","50522","128227","178749"
"2017-08-16 03:37","ServerConfiguration.java","50058","144239","194297"
"2013-07-20 19:59","ServerConfiguration.java","13428","113104","126532"
"2013-12-02 18:45","ServerConfiguration.java","14357","119039","133396"
"2014-05-09 14:04","ServerConfiguration.java","14915","126150","141065"
"2017-05-26 12:38","ServerConfiguration.java","47716","108946","156662"
"2013-06-15 19:05","ServerConfiguration.java","13381","112488","125869"
"2014-01-15 15:58","ServerConfiguration.java","14374","119400","133774"
"2013-10-22 07:44","ServerConfiguration.java","14245","116430","130675"
"2017-07-07 08:19","ServerConfiguration.java","48412","119717","168129"
"2017-06-28 23:24","ServerConfiguration.java","48347","113856","162203"
"2017-11-08 12:27","ServerConfiguration.java","51284","146863","198147"
"2014-01-22 14:35","ServerConfiguration.java","14556","121503","136059"
"2013-10-12 05:42","ServerConfiguration.java","14164","115976","130140"
"2016-02-09 08:12","BenchReadThroughputLatency.java","4961","29897","34858"
"2016-07-14 23:02","BenchReadThroughputLatency.java","108873","35735","144608"
"2012-05-25 17:13","BookieJournalTest.java","9778","20863","30641"
"2012-07-05 14:45","BookieJournalTest.java","10720","30270","40990"
"2014-04-29 22:07","BookieJournalTest.java","19781","137417","157198"
"2014-12-10 19:43","BookieJournalTest.java","20260","149769","170029"
"2017-05-15 19:52","BookieJournalTest.java","45761","111717","157478"
"2012-03-13 07:31","BookieJournalTest.java","1158","5556","6714"
"2012-02-17 11:18","BookieJournalTest.java","179","634","813"
"2012-03-29 15:18","BookieJournalTest.java","8511","15553","24064"
"2017-05-16 00:31","BookieJournalTest.java","45804","112178","157982"
"2013-10-11 08:36","BookieJournalTest.java","19128","127441","146569"
"2013-10-12 05:42","BookieJournalTest.java","19186","128040","147226"
"2017-03-23 00:48","ClientConfiguration.java","111167","36342","147509"
"2016-04-05 08:45","ClientConfiguration.java","105296","7351","112647"
"2017-03-28 22:35","ClientConfiguration.java","111228","40655","151883"
"2017-01-31 02:14","ClientConfiguration.java","111001","30367","141368"
"2017-04-15 13:58","ClientConfiguration.java","111514","42041","153555"
"2017-03-23 00:59","ClientConfiguration.java","111180","36367","147547"
"2017-05-15 19:52","ClientConfiguration.java","112499","45680","158179"
"2016-10-13 07:50","ClientConfiguration.java","110746","22025","132771"
"2017-06-21 19:58","ClientConfiguration.java","114006","52510","166516"
"2017-06-05 21:48","ClientConfiguration.java","113692","50808","164500"
"2017-06-21 19:50","ClientConfiguration.java","114001","52395","166396"
"2017-08-02 00:49","ClientConfiguration.java","118417","80232","198649"
"2017-08-01 08:34","ClientConfiguration.java","117843","77073","194916"
"2017-06-30 00:12","ClientConfiguration.java","114336","55984","170320"
"2017-07-04 06:27","ClientConfiguration.java","114520","58129","172649"
"2017-01-31 04:01","ClientConfiguration.java","111029","35864","146893"
"2016-02-09 08:32","ClientConfiguration.java","266","2357","2623"
"2016-08-01 08:04","ClientConfiguration.java","105848","10357","116205"
"2012-08-27 19:21","ReflectionUtils.java","4626","29668","34294"
"2013-05-31 12:02","BookieJournalRollingTest.java","18086","131201","149287"
"2013-10-12 05:42","BookieJournalRollingTest.java","18222","138142","156364"
"2012-02-17 12:50","BookieJournalRollingTest.java","2944","14510","17454"
"2012-03-15 10:37","BookieJournalRollingTest.java","9669","26468","36137"
"2011-11-18 11:18","BookieJournalRollingTest.java","1533","4469","6002"
"2014-07-24 01:41","BookieJournalRollingTest.java","18751","149698","168449"
"2012-04-17 13:16","BookieJournalRollingTest.java","10626","30296","40922"
"2015-09-15 10:38","BookKeeper.java","5957","36688","42645"
"2015-10-22 09:22","BookKeeper.java","5991","38102","44093"
"2017-01-31 04:01","BookKeeper.java","111020","66910","177930"
"2015-07-10 22:48","BookKeeper.java","5548","35977","41525"
"2017-06-30 00:12","BookKeeper.java","113153","85856","199009"
"2014-02-06 09:21","BookKeeper.java","3601","16008","19609"
"2014-01-21 05:19","BookKeeper.java","2690","14290","16980"
"2013-10-02 06:40","BookKeeper.java","841","7136","7977"
"2014-02-21 19:01","BookKeeper.java","3771","17337","21108"
"2016-10-13 07:50","BookKeeper.java","110858","53192","164050"
"2017-06-21 21:00","BookKeeper.java","112979","83211","196190"
"2013-06-12 18:41","BookKeeper.java","354","4356","4710"
"2017-03-28 22:35","BookKeeper.java","111100","71582","182682"
"2016-07-11 23:01","BookKeeper.java","109574","44439","154013"
"2016-10-13 09:27","BookKeeper.java","110973","53293","164266"
"2017-07-28 20:12","BookKeeper.java","113924","93182","207106"
"2017-05-15 19:52","BookKeeper.java","111899","76135","188034"
"2013-09-10 15:14","BookKeeper.java","776","6937","7713"
"2016-02-09 08:12","BenchReadThroughputLatency.java","5449","31254","36703"
"2016-07-14 23:02","BenchReadThroughputLatency.java","109280","37011","146291"
"2013-10-29 05:14","BenchReadThroughputLatency.java","662","1531","2193"
"2017-03-23 00:48","ClientConfiguration.java","111162","36111","147273"
"2016-04-05 08:45","ClientConfiguration.java","105289","7118","112407"
"2017-03-28 22:35","ClientConfiguration.java","111223","40424","151647"
"2017-01-31 02:14","ClientConfiguration.java","110996","30136","141132"
"2017-04-15 13:58","ClientConfiguration.java","111509","41810","153319"
"2017-03-23 00:59","ClientConfiguration.java","111175","36136","147311"
"2017-05-15 19:52","ClientConfiguration.java","112498","45453","157951"
"2016-10-13 07:50","ClientConfiguration.java","110741","21794","132535"
"2017-06-21 19:58","ClientConfiguration.java","114005","52283","166288"
"2017-06-05 21:48","ClientConfiguration.java","113691","50581","164272"
"2017-06-21 19:50","ClientConfiguration.java","114000","52168","166168"
"2017-08-02 00:49","ClientConfiguration.java","118418","80007","198425"
"2017-08-01 08:34","ClientConfiguration.java","117844","76848","194692"
"2017-06-30 00:12","ClientConfiguration.java","114336","55758","170094"
"2017-07-04 06:27","ClientConfiguration.java","114521","57904","172425"
"2017-01-31 04:01","ClientConfiguration.java","111024","35633","146657"
"2016-02-09 08:32","ClientConfiguration.java","259","2124","2383"
"2016-08-01 08:04","ClientConfiguration.java","105843","10126","115969"
"2017-11-08 12:27","CompactionTest.java","35439","65743","101182"
"2017-07-07 08:19","CompactionTest.java","875","6905","7780"
"2017-05-25 14:23","LedgerFragmentReplicator.java","64090","97748","161838"
"2014-02-05 22:43","LedgerFragmentReplicator.java","10685","90228","100913"
"2014-02-21 19:01","LedgerFragmentReplicator.java","10780","91486","102266"
"2016-09-10 21:01","LedgerFragmentReplicator.java","63274","69383","132657"
"2012-09-04 10:39","LedgerFragmentReplicator.java","459","6421","6880"
"2012-10-05 16:24","LedgerFragmentReplicator.java","3417","16345","19762"
"2013-08-22 16:40","ZkUtils.java","9368","75302","84670"
"2017-06-12 17:20","ZkUtils.java","68573","97594","166167"
"2012-12-24 05:50","ZkUtils.java","6295","30717","37012"
"2017-03-28 22:40","ZkUtils.java","67349","88089","155438"
"2012-06-19 12:39","BookieRecoveryTest.java","11001","35278","46279"
"2012-12-12 11:20","BookieRecoveryTest.java","16046","89862","105908"
"2012-09-12 11:59","BookieRecoveryTest.java","13339","66565","79904"
"2017-06-30 00:12","BookieRecoveryTest.java","40149","125368","165517"
"2014-07-24 01:41","BookieRecoveryTest.java","18541","149218","167759"
"2011-11-28 19:25","BookieRecoveryTest.java","1465","6875","8340"
"2011-11-16 17:05","BookieRecoveryTest.java","128","863","991"
"2012-12-04 22:15","BookieRecoveryTest.java","15979","88743","104722"
"2017-04-11 20:15","BookieRecoveryTest.java","39855","113313","153168"
"2017-05-15 19:52","BookieRecoveryTest.java","40018","116770","156788"
"2012-07-18 17:00","BookieRecoveryTest.java","12526","45718","58244"
"2012-12-10 16:02","BookieRecoveryTest.java","16033","88799","104832"
"2012-03-31 10:58","BookieRecoveryTest.java","9923","28599","38522"
"2011-11-18 11:18","BookieRecoveryTest.java","1065","3731","4796"
"2012-02-13 15:46","BookieRecoveryTest.java","2522","13565","16087"
"2013-08-13 14:32","BookieRecoveryTest.java","17912","136257","154169"
"2014-02-05 22:43","BookieRecoveryTest.java","18324","143243","161567"
"2012-06-19 12:39","BookieRecoveryTest.java","10733","32344","43077"
"2012-12-12 11:20","BookieRecoveryTest.java","16209","87359","103568"
"2012-09-12 11:59","BookieRecoveryTest.java","13182","63742","76924"
"2017-06-30 00:12","BookieRecoveryTest.java","41181","123734","164915"
"2014-07-24 01:41","BookieRecoveryTest.java","18947","146958","165905"
"2011-11-28 19:25","BookieRecoveryTest.java","482","3226","3708"
"2012-12-04 22:15","BookieRecoveryTest.java","16140","86238","102378"
"2017-04-11 20:15","BookieRecoveryTest.java","40848","111640","152488"
"2017-05-15 19:52","BookieRecoveryTest.java","41020","115106","156126"
"2012-07-18 17:00","BookieRecoveryTest.java","12283","42809","55092"
"2012-12-10 16:02","BookieRecoveryTest.java","16196","86296","102492"
"2012-03-31 10:58","BookieRecoveryTest.java","9542","25552","35094"
"2012-02-13 15:46","BookieRecoveryTest.java","1609","9986","11595"
"2013-08-13 14:32","BookieRecoveryTest.java","18156","133835","151991"
"2014-02-05 22:43","BookieRecoveryTest.java","18694","140947","159641"
"2017-10-17 09:32","BookKeeperAdmin.java","125990","101333","227323"
"2017-06-01 23:58","BookKeeperAdmin.java","113452","65343","178795"
"2017-04-11 20:19","BookKeeperAdmin.java","111674","57080","168754"
"2017-07-07 05:11","BookKeeperAdmin.java","114166","74972","189138"
"2016-11-09 03:05","BookKeeperAdmin.java","111284","38400","149684"
"2016-11-30 00:07","BookKeeperAdmin.java","111330","39110","150440"
"2016-09-10 21:01","BookKeeperAdmin.java","109704","33135","142839"
"2016-07-14 23:02","BookKeeperAdmin.java","108468","27829","136297"
"2016-10-13 09:27","BookKeeperAdmin.java","111270","38052","149322"
"2016-03-16 05:03","BookKeeperAdmin.java","108049","22918","130967"
"2016-03-08 07:18","BookKeeperAdmin.java","4028","23183","27211"
"2014-12-06 08:03","BookKeeperAdmin.java","2288","14374","16662"
"2014-09-06 07:51","BookKeeperAdmin.java","1805","12754","14559"
"2015-04-21 09:17","PendingAddOp.java","7550","72536","80086"
"2015-10-06 10:48","PendingAddOp.java","8201","74604","82805"
"2015-10-22 09:22","PendingAddOp.java","8224","75457","83681"
"2017-06-30 00:12","PendingAddOp.java","82036","89861","171897"
"2014-01-21 05:19","PendingAddOp.java","5292","52014","57306"
"2014-02-21 19:01","PendingAddOp.java","6232","54920","61152"
"2014-02-05 22:43","PendingAddOp.java","6098","53623","59721"
"2013-09-11 00:34","PendingAddOp.java","3912","45234","49146"
"2013-10-14 18:32","PendingAddOp.java","4962","47311","52273"
"2013-04-26 18:38","PendingAddOp.java","3119","37781","40900"
"2017-08-02 00:49","PendingAddOp.java","85204","113196","198400"
"2017-05-15 19:52","PendingAddOp.java","80877","80235","161112"
"2017-07-28 20:12","EnsemblePlacementPolicy.java","6033","24809","30842"
"2016-07-14 23:02","TestClient.java","47482","75064","122546"
"2012-09-11 10:30","TestClient.java","6531","39435","45966"
"2013-02-08 19:08","TestClient.java","12094","103158","115252"
"2012-05-09 13:20","TestClient.java","335","1062","1397"
"2017-03-28 22:40","AbstractConfiguration.java","491","10995","11486"
"2017-08-02 00:49","AbstractConfiguration.java","9032","51481","60513"
"2017-05-02 23:04","AbstractConfiguration.java","1111","13436","14547"
"2017-03-23 00:48","AbstractConfiguration.java","250","6059","6309"
"2013-01-04 11:32","ServerConfiguration.java","17370","85066","102436"
"2014-08-02 20:02","ServerConfiguration.java","20101","146190","166291"
"2014-05-06 12:30","ServerConfiguration.java","19703","137142","156845"
"2014-05-15 00:41","ServerConfiguration.java","19703","138056","157759"
"2014-09-18 06:47","ServerConfiguration.java","20112","148210","168322"
"2017-07-04 06:27","ServerConfiguration.java","46405","122545","168950"
"2014-03-07 13:14","ServerConfiguration.java","19669","134749","154418"
"2014-04-29 22:07","ServerConfiguration.java","19703","137095","156798"
"2012-10-18 16:40","ServerConfiguration.java","16106","66535","82641"
"2012-09-12 20:34","ServerConfiguration.java","13312","55692","69004"
"2016-04-14 00:51","ServerConfiguration.java","45150","80028","125178"
"2015-01-16 15:57","ServerConfiguration.java","20200","151270","171470"
"2013-02-08 19:08","ServerConfiguration.java","17700","117557","135257"
"2016-03-08 06:49","ServerConfiguration.java","20408","155912","176320"
"2016-01-26 22:11","ServerConfiguration.java","20415","154905","175320"
"2014-01-21 05:05","ServerConfiguration.java","19270","132000","151270"
"2014-03-12 21:26","ServerConfiguration.java","19677","136559","156236"
"2016-04-05 18:47","ServerConfiguration.java","45135","79963","125098"
"2016-04-27 09:55","ServerConfiguration.java","45151","80541","125692"
"2015-04-21 09:55","ServerConfiguration.java","20210","151721","171931"
"2015-01-12 15:18","ServerConfiguration.java","20200","150332","170532"
"2015-04-21 10:02","ServerConfiguration.java","20211","151755","171966"
"2013-01-14 16:59","ServerConfiguration.java","17573","86717","104290"
"2012-11-30 04:54","ServerConfiguration.java","16449","77490","93939"
"2017-05-15 19:52","ServerConfiguration.java","45703","111415","157118"
"2017-03-22 22:54","ServerConfiguration.java","45313","102967","148280"
"2012-12-11 18:59","ServerConfiguration.java","16652","78649","95301"
"2017-03-23 00:48","ServerConfiguration.java","45315","103021","148336"
"2017-01-31 02:11","ServerConfiguration.java","45296","96581","141877"
"2013-02-19 16:19","ServerConfiguration.java","18488","118298","136786"
"2013-02-19 16:15","ServerConfiguration.java","18488","118279","136767"
"2016-04-05 08:45","ServerConfiguration.java","45133","79719","124852"
"2016-11-09 03:02","ServerConfiguration.java","45275","89388","134663"
"2016-11-30 00:02","ServerConfiguration.java","45275","90070","135345"
"2017-06-05 20:30","ServerConfiguration.java","46307","115570","161877"
"2016-09-10 20:27","ServerConfiguration.java","45199","85523","130722"
"2012-03-29 15:18","ServerConfiguration.java","8386","15184","23570"
"2012-02-24 19:08","ServerConfiguration.java","154","926","1080"
"2017-08-02 00:49","ServerConfiguration.java","47115","141461","188576"
"2017-10-03 12:31","ServerConfiguration.java","48298","132801","181099"
"2017-08-16 03:37","ServerConfiguration.java","47898","148877","196775"
"2013-07-20 19:59","ServerConfiguration.java","18939","125413","144352"
"2013-12-02 18:45","ServerConfiguration.java","19237","130717","149954"
"2012-03-08 12:13","ServerConfiguration.java","467","2320","2787"
"2014-05-09 14:04","ServerConfiguration.java","19703","137736","157439"
"2017-05-26 12:38","ServerConfiguration.java","45786","113814","159600"
"2013-06-15 19:05","ServerConfiguration.java","18904","124809","143713"
"2014-01-15 15:58","ServerConfiguration.java","19243","131067","150310"
"2013-10-22 07:44","ServerConfiguration.java","19149","128132","147281"
"2017-07-07 08:19","ServerConfiguration.java","46398","124501","170899"
"2017-06-28 23:24","ServerConfiguration.java","46361","118668","165029"
"2017-11-08 12:27","ServerConfiguration.java","48962","151339","200301"
"2014-01-22 14:35","ServerConfiguration.java","19400","133145","152545"
"2013-10-12 05:42","ServerConfiguration.java","19096","127706","146802"
"2017-07-07 05:11","ZkLedgerUnderreplicationManager.java","4430","19849","24279"
"2017-06-28 23:28","ZkLedgerUnderreplicationManager.java","3793","14191","17984"
"2017-06-01 23:58","ZkLedgerUnderreplicationManager.java","3184","9688","12872"
"2013-01-04 11:32","ServerConfiguration.java","17429","84353","101782"
"2014-08-02 20:02","ServerConfiguration.java","20342","145659","166001"
"2014-05-06 12:30","ServerConfiguration.java","19940","136607","156547"
"2014-05-15 00:41","ServerConfiguration.java","19940","137521","157461"
"2014-09-18 06:47","ServerConfiguration.java","20353","147679","168032"
"2017-07-04 06:27","ServerConfiguration.java","46684","122052","168736"
"2014-03-07 13:14","ServerConfiguration.java","19903","134211","154114"
"2014-04-29 22:07","ServerConfiguration.java","19940","136560","156500"
"2012-10-18 16:40","ServerConfiguration.java","16152","65809","81961"
"2012-09-12 20:34","ServerConfiguration.java","13360","54968","68328"
"2016-04-14 00:51","ServerConfiguration.java","45420","79526","124946"
"2015-01-16 15:57","ServerConfiguration.java","20464","150762","171226"
"2013-02-08 19:08","ServerConfiguration.java","17927","117012","134939"
"2016-03-08 06:49","ServerConfiguration.java","20678","155410","176088"
"2016-01-26 22:11","ServerConfiguration.java","20686","154404","175090"
"2014-01-21 05:05","ServerConfiguration.java","19504","131462","150966"
"2014-03-12 21:26","ServerConfiguration.java","19913","136023","155936"
"2016-04-05 18:47","ServerConfiguration.java","45405","79461","124866"
"2016-04-27 09:55","ServerConfiguration.java","45421","80039","125460"
"2015-04-21 09:55","ServerConfiguration.java","20474","151213","171687"
"2015-01-12 15:18","ServerConfiguration.java","20464","149824","170288"
"2015-04-21 10:02","ServerConfiguration.java","20475","151247","171722"
"2013-01-14 16:59","ServerConfiguration.java","17799","86171","103970"
"2012-11-30 04:54","ServerConfiguration.java","16496","76765","93261"
"2017-05-15 19:52","ServerConfiguration.java","45974","110914","156888"
"2017-03-22 22:54","ServerConfiguration.java","45578","102460","148038"
"2012-12-11 18:59","ServerConfiguration.java","16703","77928","94631"
"2017-03-23 00:48","ServerConfiguration.java","45580","102514","148094"
"2017-01-31 02:11","ServerConfiguration.java","45569","96082","141651"
"2013-02-19 16:19","ServerConfiguration.java","18714","117752","136466"
"2013-02-19 16:15","ServerConfiguration.java","18714","117733","136447"
"2016-04-05 08:45","ServerConfiguration.java","45403","79217","124620"
"2016-11-09 03:02","ServerConfiguration.java","45545","88886","134431"
"2016-11-30 00:02","ServerConfiguration.java","45548","89571","135119"
"2017-06-05 20:30","ServerConfiguration.java","46584","115075","161659"
"2016-09-10 20:27","ServerConfiguration.java","45469","85021","130490"
"2012-03-29 15:18","ServerConfiguration.java","8396","14422","22818"
"2017-08-02 00:49","ServerConfiguration.java","47410","140984","188394"
"2017-10-03 12:31","ServerConfiguration.java","48616","132347","180963"
"2017-08-16 03:37","ServerConfiguration.java","48212","148419","196631"
"2013-07-20 19:59","ServerConfiguration.java","19163","124865","144028"
"2013-12-02 18:45","ServerConfiguration.java","19470","130178","149648"
"2012-03-08 12:13","ServerConfiguration.java","319","1400","1719"
"2014-05-09 14:04","ServerConfiguration.java","19940","137201","157141"
"2017-05-26 12:38","ServerConfiguration.java","46055","113311","159366"
"2013-06-15 19:05","ServerConfiguration.java","19128","124261","143389"
"2014-01-15 15:58","ServerConfiguration.java","19477","130529","150006"
"2013-10-22 07:44","ServerConfiguration.java","19382","127593","146975"
"2017-07-07 08:19","ServerConfiguration.java","46679","124010","170689"
"2017-06-28 23:24","ServerConfiguration.java","46638","118173","164811"
"2017-11-08 12:27","ServerConfiguration.java","49275","150880","200155"
"2014-01-22 14:35","ServerConfiguration.java","19634","132607","152241"
"2013-10-12 05:42","ServerConfiguration.java","19330","127168","146498"
"2016-07-11 23:01","LedgerCreateOp.java","105805","9939","115744"
"2015-10-22 09:22","LedgerCreateOp.java","88","1468","1556"
"2014-01-21 05:19","PerChannelBookieClient.java","19516","131810","151326"
"2013-10-22 07:35","PerChannelBookieClient.java","19341","127281","146622"
"2012-05-17 16:05","PerChannelBookieClient.java","9446","18959","28405"
"2012-05-26 19:16","PerChannelBookieClient.java","9687","19801","29488"
"2014-01-09 07:30","PerChannelBookieClient.java","19436","130298","149734"
"2017-06-30 00:12","PerChannelBookieClient.java","46611","120008","166619"
"2014-05-27 13:56","PerChannelBookieClient.java","19941","137753","157694"
"2017-07-04 06:27","PerChannelBookieClient.java","46655","122013","168668"
"2012-07-23 23:39","PerChannelBookieClient.java","12183","33621","45804"
"2012-08-13 11:38","PerChannelBookieClient.java","12604","39937","52541"
"2017-01-31 04:01","PerChannelBookieClient.java","45552","102136","147688"
"2015-10-06 10:05","PerChannelBookieClient.java","20642","152391","173033"
"2016-04-05 18:47","PerChannelBookieClient.java","45375","79421","124796"
"2017-04-15 13:58","PerChannelBookieClient.java","45565","107841","153406"
"2017-05-15 19:52","PerChannelBookieClient.java","45944","110874","156818"
"2012-12-01 15:04","PerChannelBookieClient.java","16464","76889","93353"
"2016-04-05 08:45","PerChannelBookieClient.java","45373","79177","124550"
"2017-07-28 20:12","PerChannelBookieClient.java","46971","126923","173894"
"2017-01-31 02:14","PerChannelBookieClient.java","45539","96654","142193"
"2017-03-28 22:35","PerChannelBookieClient.java","45546","106722","152268"
"2017-03-23 00:48","PerChannelBookieClient.java","45550","102474","148024"
"2013-01-10 19:13","PerChannelBookieClient.java","17716","85452","103168"
"2014-07-25 00:34","PerChannelBookieClient.java","20315","144992","165307"
"2017-08-02 00:49","PerChannelBookieClient.java","47382","140946","188328"
"2012-04-02 12:38","PerChannelBookieClient.java","8501","15493","23994"
"2017-06-21 19:58","PerChannelBookieClient.java","46600","116853","163453"
"2017-06-01 23:58","PerChannelBookieClient.java","46554","114677","161231"
"2013-10-29 05:14","PerChannelBookieClient.java","19427","128158","147585"
"2013-06-28 17:27","PerChannelBookieClient.java","19100","124532","143632"
"2014-02-21 19:01","PerChannelBookieClient.java","19871","134131","154002"
"2014-02-05 22:43","PerChannelBookieClient.java","19822","132919","152741"
"2017-04-20 19:55","PerChannelBookieClient.java","45566","107863","153429"
"2013-09-11 00:34","PerChannelBookieClient.java","19177","126071","145248"
"2013-08-20 12:51","PerChannelBookieClient.java","19144","125751","144895"
"2014-02-05 22:43","TestReplicationWorker.java","10911","89562","100473"
"2013-05-31 12:02","TestReplicationWorker.java","8987","75564","84551"
"2013-06-15 19:05","TestReplicationWorker.java","9053","79730","88783"
"2012-12-18 12:00","TestReplicationWorker.java","5596","36053","41649"
"2013-01-14 16:59","TestReplicationWorker.java","7335","41251","48586"
"2016-04-27 09:00","TestReplicationWorker.java","62662","62325","124987"
"2012-08-28 14:25","TestReplicationWorker.java","349","3718","4067"
"2012-08-31 15:25","TestReplicationWorker.java","399","3915","4314"
"2012-09-12 20:34","TestReplicationWorker.java","873","8025","8898"
"2012-12-08 11:18","TestReplicationWorker.java","5251","31646","36897"
"2012-10-05 16:24","TestReplicationWorker.java","3549","15585","19134"
"2015-07-10 22:48","TestReplicationWorker.java","12077","108754","120831"
"2014-07-24 01:41","TestReplicationWorker.java","11401","95810","107211"
"2016-07-14 23:02","TestClient.java","47652","74507","122159"
"2012-09-11 10:30","TestClient.java","6235","38412","44647"
"2013-02-08 19:08","TestClient.java","11847","102184","114031"
"2017-03-23 00:48","ClientConfiguration.java","111548","69397","180945"
"2016-04-05 08:45","ClientConfiguration.java","109849","44578","154427"
"2017-03-28 22:35","ClientConfiguration.java","111542","73643","185185"
"2017-01-31 02:14","ClientConfiguration.java","111456","63496","174952"
"2017-04-15 13:58","ClientConfiguration.java","111658","74859","186517"
"2017-03-23 00:59","ClientConfiguration.java","111549","69410","180959"
"2017-05-15 19:52","ClientConfiguration.java","112230","78085","190315"
"2016-10-13 07:50","ClientConfiguration.java","111306","55259","166565"
"2017-06-21 19:58","ClientConfiguration.java","113255","84433","197688"
"2013-10-29 05:14","ClientConfiguration.java","3763","13419","17182"
"2017-06-05 21:48","ClientConfiguration.java","113120","82910","196030"
"2017-06-21 19:50","ClientConfiguration.java","113253","84321","197574"
"2017-08-02 00:49","ClientConfiguration.java","116603","111092","227695"
"2017-08-01 08:34","ClientConfiguration.java","116090","107994","224084"
"2013-06-12 18:41","ClientConfiguration.java","2047","7668","9715"
"2014-05-27 13:56","ClientConfiguration.java","5262","23999","29261"
"2017-06-30 00:12","ClientConfiguration.java","113431","87753","201184"
"2014-09-18 06:47","ClientConfiguration.java","5958","34199","40157"
"2017-07-04 06:27","ClientConfiguration.java","113535","89818","203353"
"2017-01-31 04:01","ClientConfiguration.java","111470","68979","180449"
"2015-10-06 10:05","ClientConfiguration.java","7045","39719","46764"
"2015-10-06 10:48","ClientConfiguration.java","7048","39948","46996"
"2016-02-09 08:32","ClientConfiguration.java","7191","41956","49147"
"2014-12-06 07:54","ClientConfiguration.java","6083","35242","41325"
"2016-08-01 08:04","ClientConfiguration.java","110122","47305","157427"
"2017-03-28 22:40","AbstractConfiguration.java","6468","32060","38528"
"2017-08-02 00:49","AbstractConfiguration.java","14281","71818","86099"
"2017-01-31 02:14","AbstractConfiguration.java","6063","21151","27214"
"2017-05-02 23:04","AbstractConfiguration.java","7064","34477","41541"
"2017-03-23 00:48","AbstractConfiguration.java","6266","27163","33429"
"2014-02-05 22:43","TestLedgerChecker.java","11012","94234","105246"
"2012-10-25 16:50","TestLedgerChecker.java","4732","25831","30563"
"2015-04-21 10:19","TestLedgerChecker.java","12001","112903","124904"
"2014-07-24 01:41","TestLedgerChecker.java","11482","100462","111944"
"2016-10-13 07:50","NetworkTopology.java","112110","50442","162552"
"2013-04-04 11:21","LedgerManagerTestCase.java","12029","99612","111641"
"2017-06-12 17:20","LedgerManagerTestCase.java","49448","106893","156341"
"2017-05-16 00:31","LedgerManagerTestCase.java","48805","101698","150503"
"2012-12-24 05:50","LedgerManagerTestCase.java","9710","62556","72266"
"2016-11-18 00:18","LedgerManagerTestCase.java","48146","79174","127320"
"2017-01-31 04:01","LedgerManagerTestCase.java","48191","92320","140511"
"2017-03-28 22:37","LedgerManagerTestCase.java","48247","97183","145430"
"2015-09-15 10:38","LedgerManagerTestCase.java","15234","134204","149438"
"2016-04-27 09:55","LedgerManagerTestCase.java","47977","70130","118107"
"2017-07-04 06:27","LedgerManagerTestCase.java","49576","112479","162055"
"2017-06-01 23:58","MSLedgerManagerFactory.java","113501","70226","183727"
"2015-09-15 10:38","MSLedgerManagerFactory.java","4673","24700","29373"
"2017-03-28 22:40","MSLedgerManagerFactory.java","111746","61967","173713"
"2014-05-12 08:10","MSLedgerManagerFactory.java","2009","8180","10189"
"2016-07-11 23:01","BookieWriteLedgerTest.java","105742","8496","114238"
"2012-12-03 17:59","ReadOnlyBookieTest.java","622","1426","2048"
"2014-12-10 19:43","ReadOnlyBookieTest.java","10025","78516","88541"
"2016-03-08 06:49","ReadOnlyBookieTest.java","10806","85536","96342"
"2016-04-14 00:51","ReadOnlyBookieTest.java","77682","51786","129468"
"2014-07-24 01:41","ReadOnlyBookieTest.java","9404","68267","77671"
"2013-03-25 06:48","ReadOnlyBookieTest.java","5995","45566","51561"
"2014-01-22 14:35","ReadOnlyBookieTest.java","8297","61268","69565"
"2014-01-21 17:26","ReadOnlyBookieTest.java","8184","60779","68963"
"2016-04-07 21:39","ReadOnlyBookieTest.java","77672","51735","129407"
"2014-05-12 08:10","InMemoryMetastoreTable.java","3500","14080","17580"
"2016-07-11 23:01","LedgerCreateOp.java","42045","84016","126061"
"2014-02-05 22:43","LedgerCreateOp.java","19520","139029","158549"
"2012-01-18 15:11","LedgerCreateOp.java","829","2307","3136"
"2014-01-21 05:19","LedgerCreateOp.java","19229","137935","157164"
"2012-06-19 12:39","LedgerCreateOp.java","10996","29863","40859"
"2015-09-15 10:38","LedgerCreateOp.java","20183","158020","178203"
"2015-04-21 09:17","LedgerCreateOp.java","19999","156969","176968"
"2015-10-22 09:22","LedgerCreateOp.java","20196","159413","179609"
"2012-09-12 11:59","TestReadTimeout.java","8007","44704","52711"
"2013-10-29 05:14","TestReadTimeout.java","14531","118555","133086"
"2014-02-05 22:43","TestReadTimeout.java","14988","123378","138366"
"2012-05-25 17:13","BookieJournalTest.java","9368","16055","25423"
"2012-07-05 14:45","BookieJournalTest.java","10404","25556","35960"
"2014-04-29 22:07","BookieJournalTest.java","20122","133360","153482"
"2014-12-10 19:43","BookieJournalTest.java","20772","145883","166655"
"2017-05-15 19:52","BookieJournalTest.java","46580","108138","154718"
"2012-03-29 15:18","BookieJournalTest.java","7834","10478","18312"
"2017-05-16 00:31","BookieJournalTest.java","46620","108596","155216"
"2013-10-11 08:36","BookieJournalTest.java","19320","123235","142555"
"2013-10-12 05:42","BookieJournalTest.java","19402","123858","143260"
"2014-01-21 05:19","PerChannelBookieClient.java","18410","139860","158270"
"2013-10-22 07:35","PerChannelBookieClient.java","18278","135374","153652"
"2012-05-17 16:05","PerChannelBookieClient.java","10373","29042","39415"
"2012-05-26 19:16","PerChannelBookieClient.java","10528","29798","40326"
"2014-01-09 07:30","PerChannelBookieClient.java","18357","138375","156732"
"2017-06-30 00:12","PerChannelBookieClient.java","41181","123734","164915"
"2014-05-27 13:56","PerChannelBookieClient.java","18770","145738","164508"
"2017-07-04 06:27","PerChannelBookieClient.java","41212","125726","166938"
"2012-07-23 23:39","PerChannelBookieClient.java","12315","42909","55224"
"2012-08-13 11:38","PerChannelBookieClient.java","12715","49204","61919"
"2017-01-31 04:01","PerChannelBookieClient.java","40857","106597","147454"
"2015-10-06 10:05","PerChannelBookieClient.java","19214","160119","179333"
"2016-04-05 18:47","PerChannelBookieClient.java","40666","83868","124534"
"2012-02-01 12:06","PerChannelBookieClient.java","1240","5631","6871"
"2017-04-15 13:58","PerChannelBookieClient.java","40854","112286","153140"
"2017-05-15 19:52","PerChannelBookieClient.java","41020","115106","156126"
"2012-12-01 15:04","PerChannelBookieClient.java","16042","85623","101665"
"2016-04-05 08:45","PerChannelBookieClient.java","40664","83624","124288"
"2017-07-28 20:12","PerChannelBookieClient.java","41451","130559","172010"
"2017-01-31 02:14","PerChannelBookieClient.java","40843","101114","141957"
"2017-03-28 22:35","PerChannelBookieClient.java","40847","111179","152026"
"2017-03-23 00:48","PerChannelBookieClient.java","40851","106931","147782"
"2013-01-10 19:13","PerChannelBookieClient.java","16822","93714","110536"
"2014-07-25 00:34","PerChannelBookieClient.java","19101","152934","172035"
"2012-02-24 20:07","PerChannelBookieClient.java","1764","10920","12684"
"2017-08-02 00:49","PerChannelBookieClient.java","41852","144572","186424"
"2012-04-02 12:38","PerChannelBookieClient.java","9557","25705","35262"
"2017-06-21 19:58","PerChannelBookieClient.java","41175","120584","161759"
"2017-06-01 23:58","PerChannelBookieClient.java","41147","118426","159573"
"2013-10-29 05:14","PerChannelBookieClient.java","18349","136236","154585"
"2013-06-28 17:27","PerChannelBookieClient.java","18127","132715","150842"
"2014-02-21 19:01","PerChannelBookieClient.java","18731","142147","160878"
"2014-02-05 22:43","PerChannelBookieClient.java","18694","140947","159641"
"2017-04-20 19:55","PerChannelBookieClient.java","40855","112308","153163"
"2013-09-11 00:34","PerChannelBookieClient.java","18181","134231","152412"
"2013-08-20 12:51","PerChannelBookieClient.java","18161","133924","152085"
"2017-05-15 19:52","TestRackawareEnsemblePlacementPolicy.java","113166","73400","186566"
"2017-03-28 22:35","TestRackawareEnsemblePlacementPolicy.java","112368","68848","181216"
"2017-08-16 03:41","TestRackawareEnsemblePlacementPolicy.java","119164","114889","234053"
"2016-10-13 07:50","TestRackawareEnsemblePlacementPolicy.java","112110","50442","162552"
"2013-06-26 03:35","TestRackawareEnsemblePlacementPolicy.java","101","723","824"
"2014-02-05 22:43","TestRackawareEnsemblePlacementPolicy.java","3504","11905","15409"
"2012-05-25 17:13","BookieJournalTest.java","9820","20954","30774"
"2012-07-05 14:45","BookieJournalTest.java","10760","30359","41119"
"2014-04-29 22:07","BookieJournalTest.java","19811","137496","157307"
"2014-12-10 19:43","BookieJournalTest.java","20293","149851","170144"
"2017-05-15 19:52","BookieJournalTest.java","45790","111795","157585"
"2012-02-09 18:14","BookieJournalTest.java","163","212","375"
"2012-03-13 07:31","BookieJournalTest.java","1270","5717","6987"
"2012-02-17 11:18","BookieJournalTest.java","327","831","1158"
"2012-03-29 15:18","BookieJournalTest.java","8566","15657","24223"
"2017-05-16 00:31","BookieJournalTest.java","45830","112253","158083"
"2013-10-11 08:36","BookieJournalTest.java","19161","127523","146684"
"2013-10-12 05:42","BookieJournalTest.java","19219","128122","147341"
"2015-09-15 10:38","BookKeeper.java","7371","71060","78431"
"2015-10-22 09:22","BookKeeper.java","7404","72473","79877"
"2017-01-31 04:01","BookKeeper.java","80502","69350","149852"
"2015-07-10 22:48","BookKeeper.java","6963","70350","77313"
"2017-06-30 00:12","BookKeeper.java","82450","88111","170561"
"2014-02-06 09:21","BookKeeper.java","5201","50566","55767"
"2014-01-21 05:19","BookKeeper.java","4327","48885","53212"
"2013-10-02 06:40","BookKeeper.java","2853","42106","44959"
"2014-02-21 19:01","BookKeeper.java","5362","51886","57248"
"2016-10-13 07:50","BookKeeper.java","80338","55630","135968"
"2017-06-21 21:00","BookKeeper.java","82280","85470","167750"
"2013-06-12 18:41","BookKeeper.java","2436","39396","41832"
"2013-05-06 19:32","BookKeeper.java","2147","35105","37252"
"2017-03-28 22:35","BookKeeper.java","80574","74014","154588"
"2016-07-11 23:01","BookKeeper.java","79081","46904","125985"
"2016-10-13 09:27","BookKeeper.java","80452","55730","136182"
"2017-07-28 20:12","BookKeeper.java","83195","95411","178606"
"2017-05-15 19:52","BookKeeper.java","81261","78455","159716"
"2013-09-10 15:14","BookKeeper.java","2799","41918","44717"
"2017-08-16 03:41","ScriptBasedMapping.java","12047","69440","81487"
"2017-01-31 04:01","LedgerDescriptor.java","80590","71981","152571"
"2017-05-16 00:31","LedgerDescriptor.java","81360","81515","162875"
"2016-11-18 00:18","LedgerDescriptor.java","80536","58826","139362"
"2016-04-29 05:05","ScanAndCompareGarbageCollector.java","104979","4865","109844"
"2016-04-27 09:55","ScanAndCompareGarbageCollector.java","104977","4863","109840"
"2017-03-28 22:40","ScanAndCompareGarbageCollector.java","110949","37846","148795"
"2017-06-01 23:58","BookieShell.java","3760","21613","25373"
"2017-07-07 05:11","BookieShell.java","4923","31691","36614"
"2017-01-30 23:25","BookieShell.java","13","188","201"
"2017-03-28 22:35","BookieShell.java","852","11758","12610"
"2017-01-30 21:31","BookieShell.java","8","75","83"
"2017-03-22 22:54","BookieShell.java","752","7354","8106"
"2014-06-06 15:29","CompactionTest.java","1737","7621","9358"
"2016-03-08 06:49","CompactionTest.java","4990","26749","31739"
"2015-01-16 15:57","CompactionTest.java","3711","21036","24747"
"2014-12-10 19:43","CompactionTest.java","3698","19218","22916"
"2015-04-21 09:55","CompactionTest.java","3842","21608","25450"
"2016-05-04 15:55","CompactionTest.java","108480","30148","138628"
"2017-03-22 22:54","CompactionTest.java","111601","55510","167111"
"2017-06-21 21:07","CompactionTest.java","113767","72095","185862"
"2017-11-08 12:27","CompactionTest.java","126878","115510","242388"
"2017-05-16 00:31","CompactionTest.java","112658","65043","177701"
"2017-07-07 08:19","CompactionTest.java","114093","78451","192544"
"2014-12-10 19:43","LocalBookKeeper.java","6580","66701","73281"
"2013-02-08 19:08","LocalBookKeeper.java","269","30982","31251"
"2015-07-10 22:48","LocalBookKeeper.java","6861","69622","76483"
"2017-05-26 12:38","LocalBookKeeper.java","81757","80641","162398"
"2017-06-01 11:31","LocalBookKeeper.java","81796","81594","163390"
"2017-06-01 23:58","LocalBookKeeper.java","82455","82216","164671"
"2017-06-01 23:58","ReplicationWorker.java","113548","70821","184369"
"2017-04-11 20:14","ReplicationWorker.java","111850","62635","174485"
"2014-02-05 22:43","ReplicationWorker.java","1608","3855","5463"
"2016-03-16 04:51","ReplicationWorker.java","108444","28492","136936"
"2016-09-10 21:01","ReplicationWorker.java","110084","38897","148981"
"2017-05-26 16:52","ReplicationWorker.java","112795","69211","182006"
"2015-04-21 09:17","ReplicationWorker.java","4036","23744","27780"
"2014-04-24 10:43","ReplicationWorker.java","2010","7392","9402"
"2014-09-06 07:58","ReplicationWorker.java","3460","19923","23383"
"2017-06-05 22:25","BookieRequestProcessor.java","3728","12124","15852"
"2017-07-04 06:27","BookieRequestProcessor.java","4491","18673","23164"
"2017-08-02 00:49","BookieRequestProcessor.java","9396","41784","51180"
"2017-05-15 19:52","BookieRequestProcessor.java","2005","5759","7764"
"2017-06-21 21:07","CompactionTest.java","1701","7644","9345"
"2017-11-08 12:27","CompactionTest.java","36687","72934","109621"
"2017-07-07 08:19","CompactionTest.java","2510","14483","16993"
"2017-05-02 23:04","HierarchicalLedgerManager.java","42380","112232","154612"
"2012-12-24 05:50","HierarchicalLedgerManager.java","17146","88859","106005"
"2017-05-12 16:39","HierarchicalLedgerManager.java","42382","112914","155296"
"2012-03-28 23:57","HierarchicalLedgerManager.java","9095","20818","29913"
"2013-04-04 11:21","HierarchicalLedgerManager.java","18700","125150","143850"
"2014-01-17 18:13","HierarchicalLedgerManager.java","19187","136997","156184"
"2017-06-05 22:25","BookieRequestProcessor.java","3713","22170","25883"
"2017-07-04 06:27","BookieRequestProcessor.java","4425","28668","33093"
"2017-08-02 00:49","BookieRequestProcessor.java","9032","51481","60513"
"2017-03-28 22:35","BookieRequestProcessor.java","345","10406","10751"
"2017-05-15 19:52","BookieRequestProcessor.java","2090","15905","17995"
"2017-06-01 23:58","BookieShell.java","3754","21965","25719"
"2017-07-07 05:11","BookieShell.java","4917","32043","36960"
"2017-01-11 07:37","BookieShell.java","13","371","384"
"2017-01-11 07:34","BookieShell.java","12","246","258"
"2017-01-30 23:25","BookieShell.java","24","557","581"
"2017-03-28 22:35","BookieShell.java","861","12125","12986"
"2017-01-30 21:31","BookieShell.java","21","446","467"
"2017-03-22 22:54","BookieShell.java","761","7721","8482"
"2017-08-16 03:41","RackawareEnsemblePlacementPolicy.java","11924","51169","63093"
"2017-07-28 20:12","RackawareEnsemblePlacementPolicy.java","6033","24809","30842"
"2013-08-21 13:19","BookKeeperAdmin.java","7343","67660","75003"
"2017-10-17 09:32","BookKeeperAdmin.java","79765","124858","204623"
"2017-06-01 23:58","BookKeeperAdmin.java","72310","93951","166261"
"2017-04-11 20:19","BookKeeperAdmin.java","71077","86233","157310"
"2014-02-21 19:01","BookKeeperAdmin.java","9360","77138","86498"
"2014-02-05 22:43","BookKeeperAdmin.java","9255","75870","85125"
"2017-07-07 05:11","BookKeeperAdmin.java","72539","103095","175634"
"2013-02-26 04:12","BookKeeperAdmin.java","6477","59098","65575"
"2016-11-09 03:05","BookKeeperAdmin.java","70846","67712","138558"
"2016-11-30 00:07","BookKeeperAdmin.java","70855","68385","139240"
"2016-09-10 21:01","BookKeeperAdmin.java","70731","63912","134643"
"2016-07-14 23:02","BookKeeperAdmin.java","69811","58922","128733"
"2016-10-13 09:27","BookKeeperAdmin.java","70845","67377","138222"
"2012-11-30 04:54","BookKeeperAdmin.java","2161","15938","18099"
"2013-02-08 19:08","BookKeeperAdmin.java","5612","58205","63817"
"2016-03-16 05:03","BookKeeperAdmin.java","69588","54207","123795"
"2016-03-08 07:18","BookKeeperAdmin.java","11103","100008","111111"
"2014-12-06 08:03","BookKeeperAdmin.java","10185","92021","102206"
"2014-04-24 10:43","BookKeeperAdmin.java","9382","79132","88514"
"2014-09-06 07:51","BookKeeperAdmin.java","10016","90715","100731"
"2013-05-10 12:45","BookKeeperAdmin.java","7029","61471","68500"
"2013-01-14 16:59","BookieServer.java","7766","54690","62456"
"2013-01-09 17:18","BookieServer.java","7628","53488","61116"
"2013-02-12 11:16","BookieServer.java","8788","86298","95086"
"2013-04-02 17:38","BookieServer.java","9063","87576","96639"
"2017-08-16 03:37","BookieServer.java","57701","136460","194161"
"2017-08-02 00:49","BookieServer.java","56717","128843","185560"
"2013-07-03 17:39","BookieServer.java","9468","93470","102938"
"2013-07-24 16:55","BookieServer.java","9500","94370","103870"
"2014-02-05 22:43","BookieServer.java","11180","102839","114019"
"2017-06-28 23:24","BookieServer.java","55264","105351","160615"
"2013-06-15 19:05","BookieServer.java","9444","93129","102573"
"2017-06-01 23:58","BookieServer.java","55207","101892","157099"
"2017-10-17 09:32","BookieServer.java","61216","131353","192569"
"2014-08-02 20:02","BookieServer.java","11773","115642","127415"
"2013-12-06 07:39","BookieServer.java","10603","100015","110618"
"2012-10-18 16:40","BookieServer.java","4951","33160","38111"
"2014-01-21 05:05","BookieServer.java","10649","101159","111808"
"2013-01-14 16:59","BookieServer.java","9321","59154","68475"
"2013-01-09 17:18","BookieServer.java","9184","57953","67137"
"2013-02-12 11:16","BookieServer.java","10336","90755","101091"
"2013-04-02 17:38","BookieServer.java","10605","92027","102632"
"2017-08-16 03:37","BookieServer.java","55408","137076","192484"
"2017-08-02 00:49","BookieServer.java","54424","129459","183883"
"2013-07-03 17:39","BookieServer.java","11010","97921","108931"
"2013-07-24 16:55","BookieServer.java","11039","98818","109857"
"2014-02-05 22:43","BookieServer.java","12704","107272","119976"
"2017-06-28 23:24","BookieServer.java","52988","105984","158972"
"2013-06-15 19:05","BookieServer.java","10986","97580","108566"
"2017-06-01 23:58","BookieServer.java","52931","102525","155456"
"2017-10-17 09:32","BookieServer.java","58636","131682","190318"
"2014-08-02 20:02","BookieServer.java","13299","120077","133376"
"2013-12-06 07:39","BookieServer.java","12137","104458","116595"
"2012-07-23 23:39","BookieServer.java","1858","4767","6625"
"2012-10-18 16:40","BookieServer.java","6575","37693","44268"
"2014-01-21 05:05","BookieServer.java","12180","105599","117779"
"2014-01-21 05:19","PerChannelBookieClient.java","14771","120073","134844"
"2013-10-22 07:35","PerChannelBookieClient.java","14536","115484","130020"
"2012-05-17 16:05","PerChannelBookieClient.java","1220","3741","4961"
"2012-05-26 19:16","PerChannelBookieClient.java","1476","4598","6074"
"2014-01-09 07:30","PerChannelBookieClient.java","14676","118546","133222"
"2017-06-30 00:12","PerChannelBookieClient.java","48697","115102","163799"
"2014-05-27 13:56","PerChannelBookieClient.java","15289","126109","141398"
"2017-07-04 06:27","PerChannelBookieClient.java","48766","117132","165898"
"2012-07-23 23:39","PerChannelBookieClient.java","5530","19976","25506"
"2012-08-13 11:38","PerChannelBookieClient.java","6032","26373","32405"
"2017-01-31 04:01","PerChannelBookieClient.java","47503","97095","144598"
"2015-10-06 10:05","PerChannelBookieClient.java","16188","140945","157133"
"2016-04-05 18:47","PerChannelBookieClient.java","47296","74350","121646"
"2017-04-15 13:58","PerChannelBookieClient.java","47577","102861","150438"
"2017-05-15 19:52","PerChannelBookieClient.java","47971","105909","153880"
"2012-12-01 15:04","PerChannelBookieClient.java","10404","63837","74241"
"2016-04-05 08:45","PerChannelBookieClient.java","47294","74106","121400"
"2017-07-28 20:12","PerChannelBookieClient.java","49151","122111","171262"
"2017-01-31 02:14","PerChannelBookieClient.java","47490","91613","139103"
"2017-03-28 22:35","PerChannelBookieClient.java","47510","101694","149204"
"2017-03-23 00:48","PerChannelBookieClient.java","47515","97447","144962"
"2013-01-10 19:13","PerChannelBookieClient.java","12157","72901","85058"
"2014-07-25 00:34","PerChannelBookieClient.java","15674","133359","149033"
"2017-08-02 00:49","PerChannelBookieClient.java","49587","136159","185746"
"2017-06-21 19:58","PerChannelBookieClient.java","48685","111946","160631"
"2017-06-01 23:58","PerChannelBookieClient.java","48634","109765","158399"
"2013-10-29 05:14","PerChannelBookieClient.java","14667","116406","131073"
"2013-06-28 17:27","PerChannelBookieClient.java","13680","112120","125800"
"2014-02-21 19:01","PerChannelBookieClient.java","15209","122477","137686"
"2014-02-05 22:43","PerChannelBookieClient.java","15142","121247","136389"
"2017-04-20 19:55","PerChannelBookieClient.java","47578","102883","150461"
"2013-09-11 00:34","PerChannelBookieClient.java","13768","113670","127438"
"2013-08-20 12:51","PerChannelBookieClient.java","13729","113344","127073"
"2012-12-24 05:50","InterleavedLedgerStorage.java","3115","18769","21884"
"2012-12-18 13:04","InterleavedLedgerStorage.java","2494","18040","20534"
"2016-11-18 00:18","InterleavedLedgerStorage.java","72694","66530","139224"
"2013-12-02 18:45","InterleavedLedgerStorage.java","7581","68632","76213"
"2013-05-04 14:22","InterleavedLedgerStorage.java","6070","57017","63087"
"2014-01-15 15:58","InterleavedLedgerStorage.java","7660","69055","76715"
"2014-01-21 17:26","InterleavedLedgerStorage.java","7840","70780","78620"
"2013-10-02 06:23","InterleavedLedgerStorage.java","6524","63782","70306"
"2017-05-16 00:31","InterleavedLedgerStorage.java","73492","89193","162685"
"2014-08-02 20:02","InterleavedLedgerStorage.java","9204","84864","94068"
"2017-07-04 06:27","InterleavedLedgerStorage.java","74466","100177","174643"
"2015-04-21 09:55","InterleavedLedgerStorage.java","9669","90751","100420"
"2017-01-31 04:01","InterleavedLedgerStorage.java","72747","79684","152431"
"2016-03-08 06:49","InterleavedLedgerStorage.java","10318","95393","105711"
"2017-03-28 22:37","InterleavedLedgerStorage.java","72842","84586","157428"
"2015-04-21 09:17","InterleavedLedgerStorage.java","9649","90560","100209"
"2017-03-23 00:48","ClientConfiguration.java","79606","75587","155193"
"2016-04-05 08:45","ClientConfiguration.java","78075","50936","129011"
"2017-03-28 22:35","ClientConfiguration.java","79600","79833","159433"
"2017-01-31 02:14","ClientConfiguration.java","79516","69688","149204"
"2017-04-15 13:58","ClientConfiguration.java","79717","81050","160767"
"2017-03-23 00:59","ClientConfiguration.java","79607","75600","155207"
"2017-05-15 19:52","ClientConfiguration.java","80204","84191","164395"
"2016-10-13 07:50","ClientConfiguration.java","79368","61453","140821"
"2017-06-21 19:58","ClientConfiguration.java","81111","90421","171532"
"2013-10-29 05:14","ClientConfiguration.java","7895","55683","63578"
"2017-06-05 21:48","ClientConfiguration.java","81062","88984","170046"
"2017-06-21 19:50","ClientConfiguration.java","81109","90309","171418"
"2017-08-02 00:49","ClientConfiguration.java","84329","116950","201279"
"2017-08-01 08:34","ClientConfiguration.java","83835","113871","197706"
"2013-06-12 18:41","ClientConfiguration.java","6510","50263","56773"
"2014-05-27 13:56","ClientConfiguration.java","9067","65936","75003"
"2017-06-30 00:12","ClientConfiguration.java","81245","93699","174944"
"2014-09-18 06:47","ClientConfiguration.java","9699","76072","85771"
"2017-07-04 06:27","ClientConfiguration.java","81339","95754","177093"
"2017-01-31 04:01","ClientConfiguration.java","79529","75170","154699"
"2015-10-06 10:05","ClientConfiguration.java","10595","81401","91996"
"2015-10-06 10:48","ClientConfiguration.java","10598","81630","92228"
"2013-02-08 19:08","ClientConfiguration.java","4820","42952","47772"
"2016-02-09 08:32","ClientConfiguration.java","10715","83612","94327"
"2014-12-06 07:54","ClientConfiguration.java","9809","77100","86909"
"2016-08-01 08:04","ClientConfiguration.java","78331","53646","131977"
"2012-12-13 13:07","ClientConfiguration.java","2248","4070","6318"
"2017-10-17 09:32","AuditorLedgerCheckerTest.java","32507","47044","79551"
"2014-05-09 14:04","CookieTest.java","11353","87725","99078"
"2013-10-12 05:42","CookieTest.java","10205","77154","87359"
"2016-11-30 00:02","CookieTest.java","67167","70301","137468"
"2012-11-23 11:49","CookieTest.java","4737","21989","26726"
"2014-12-10 19:43","CookieTest.java","12282","99886","112168"
"2014-09-23 17:53","CookieTest.java","12034","98554","110588"
"2014-09-18 06:57","CookieTest.java","12016","98480","110496"
"2012-06-19 12:39","BookieRecoveryTest.java","10425","23659","34084"
"2012-12-12 11:20","BookieRecoveryTest.java","16659","79432","96091"
"2012-09-12 11:59","BookieRecoveryTest.java","13319","55502","68821"
"2017-06-30 00:12","BookieRecoveryTest.java","46370","120546","166916"
"2014-07-24 01:41","BookieRecoveryTest.java","19972","139606","159578"
"2012-12-04 22:15","BookieRecoveryTest.java","16561","78282","94843"
"2017-04-11 20:15","BookieRecoveryTest.java","45330","107745","153075"
"2017-05-15 19:52","BookieRecoveryTest.java","45709","111418","157127"
"2012-07-18 17:00","BookieRecoveryTest.java","12140","34289","46429"
"2012-12-10 16:02","BookieRecoveryTest.java","16643","78366","95009"
"2012-03-31 10:58","BookieRecoveryTest.java","8513","16146","24659"
"2013-08-13 14:32","BookieRecoveryTest.java","18965","126267","145232"
"2014-02-05 22:43","BookieRecoveryTest.java","19635","133511","153146"
"2016-11-30 00:02","CookieTest.java","112225","28839","141064"
"2014-12-10 19:43","CookieTest.java","458","1542","2000"
"2017-07-04 06:27","FileInfo.java","46452","122836","169288"
"2012-10-26 12:51","FileInfo.java","16289","68488","84777"
"2014-12-04 12:28","FileInfo.java","20192","149169","169361"
"2017-01-31 04:01","FileInfo.java","45367","102977","148344"
"2017-03-23 15:55","FileInfo.java","45375","103351","148726"
"2016-11-18 00:18","FileInfo.java","45332","89841","135173"
"2012-12-18 13:04","FileInfo.java","16954","83173","100127"
"2013-05-04 14:22","FileInfo.java","18804","120424","139228"
"2012-02-17 11:18","FileInfo.java","179","634","813"
"2012-02-24 19:20","FileInfo.java","313","1333","1646"
"2012-06-13 16:57","FileInfo.java","9842","22557","32399"
"2012-03-29 15:18","FileInfo.java","8511","15553","24064"
"2017-06-01 23:58","FileInfo.java","46365","115514","161879"
"2017-07-17 23:27","FileInfo.java","46458","125949","172407"
"2017-05-16 00:31","FileInfo.java","45804","112178","157982"
"2013-10-22 16:21","FileInfo.java","19306","128927","148233"
"2013-10-11 08:36","FileInfo.java","19128","127441","146569"
"2017-01-31 04:01","Bookie.java","80590","71981","152571"
"2017-03-28 22:37","Bookie.java","80680","76878","157558"
"2016-01-26 22:11","Bookie.java","8940","77455","86395"
"2015-03-18 07:38","Bookie.java","8289","73552","81841"
"2015-04-21 09:17","Bookie.java","8290","73655","81945"
"2013-06-21 19:26","Bookie.java","4421","44478","48899"
"2014-09-23 17:53","Bookie.java","7950","70156","78106"
"2017-07-04 06:27","Bookie.java","82514","92679","175193"
"2017-06-05 22:25","Bookie.java","82238","86617","168855"
"2014-02-06 09:25","Bookie.java","6871","54783","61654"
"2014-04-29 22:07","Bookie.java","7141","58558","65699"
"2013-12-06 07:39","Bookie.java","5899","51556","57455"
"2014-08-02 20:02","Bookie.java","7815","67929","75744"
"2013-10-02 07:01","Bookie.java","4744","46646","51390"
"2017-06-28 23:24","Bookie.java","82285","88617","170902"
"2017-07-07 08:19","Bookie.java","82514","94642","177156"
"2013-09-11 00:34","Bookie.java","4705","46406","51111"
"2014-01-21 17:26","Bookie.java","6154","53548","59702"
"2013-10-12 05:42","Bookie.java","5654","48289","53943"
"2013-10-22 16:21","Bookie.java","5833","49235","55068"
"2017-05-16 00:31","Bookie.java","81360","81515","162875"
"2013-07-24 16:55","Bookie.java","4524","45639","50163"
"2014-02-05 22:43","Bookie.java","6869","54773","61642"
"2014-08-18 23:03","Bookie.java","7828","69410","77238"
"2014-05-09 14:04","Bookie.java","7158","59216","66374"
"2013-06-15 19:05","Bookie.java","4404","44334","48738"
"2017-06-01 23:58","Bookie.java","82096","85026","167122"
"2017-08-02 00:49","Bookie.java","85565","113936","199501"
"2013-12-02 18:45","Bookie.java","5885","51390","57275"
"2013-05-04 14:22","Bookie.java","4140","39541","43681"
"2016-11-18 00:18","Bookie.java","80536","58826","139362"
"2017-03-28 22:35","Bookie.java","80662","76645","157307"
"2016-07-14 23:02","Bookie.java","79238","49638","128876"
"2017-06-05 20:30","Bookie.java","82149","85437","167586"
"2016-11-30 00:02","Bookie.java","80554","59374","139928"
"2012-12-24 05:50","Bookie.java","796","904","1700"
"2017-03-22 22:54","Bookie.java","80664","72343","153007"
"2012-12-24 06:23","Bookie.java","870","1200","2070"
"2017-07-28 20:12","AsyncCallback.java","49957","119850","169807"
"2013-05-06 19:32","AsyncCallback.java","12756","103391","116147"
"2017-01-31 04:01","AsyncCallback.java","48182","94707","142889"
"2017-07-04 06:27","AsyncCallback.java","49493","114792","164285"
"2016-07-11 23:01","LedgerCreateOp.java","106677","11678","118355"
"2015-09-15 10:38","LedgerCreateOp.java","1009","1876","2885"
"2015-10-22 09:22","LedgerCreateOp.java","1095","3342","4437"
"2017-03-28 22:35","EnsemblePlacementPolicy.java","925","18475","19400"
"2017-07-28 20:12","EnsemblePlacementPolicy.java","6211","42537","48748"
"2017-06-01 23:58","BookieShell.java","3749","21726","25475"
"2017-07-07 05:11","BookieShell.java","4912","31804","36716"
"2017-01-30 23:25","BookieShell.java","12","311","323"
"2017-03-28 22:35","BookieShell.java","849","11879","12728"
"2017-01-30 21:31","BookieShell.java","9","200","209"
"2017-03-22 22:54","BookieShell.java","749","7475","8224"
"2013-08-21 13:19","BookKeeperAdmin.java","9361","75281","84642"
"2017-10-17 09:32","BookKeeperAdmin.java","75883","126579","202462"
"2017-06-01 23:58","BookKeeperAdmin.java","68549","95793","164342"
"2017-04-11 20:19","BookKeeperAdmin.java","67367","88126","155493"
"2014-02-21 19:01","BookKeeperAdmin.java","11282","84663","95945"
"2014-02-05 22:43","BookKeeperAdmin.java","11186","83404","94590"
"2017-07-07 05:11","BookKeeperAdmin.java","68758","104917","173675"
"2013-02-26 04:12","BookKeeperAdmin.java","8537","66761","75298"
"2016-11-09 03:05","BookKeeperAdmin.java","67157","69626","136783"
"2016-11-30 00:07","BookKeeperAdmin.java","67167","70300","137467"
"2016-09-10 21:01","BookKeeperAdmin.java","67042","65826","132868"
"2016-07-14 23:02","BookKeeperAdmin.java","66134","60848","126982"
"2016-10-13 09:27","BookKeeperAdmin.java","67154","69289","136443"
"2012-11-30 04:54","BookKeeperAdmin.java","4922","24302","29224"
"2013-02-08 19:08","BookKeeperAdmin.java","7684","65880","73564"
"2016-03-16 05:03","BookKeeperAdmin.java","65932","56154","122086"
"2016-03-08 07:18","BookKeeperAdmin.java","12924","107432","120356"
"2014-12-06 08:03","BookKeeperAdmin.java","12069","99508","111577"
"2014-04-24 10:43","BookKeeperAdmin.java","11301","86654","97955"
"2012-10-05 16:24","BookKeeperAdmin.java","3265","8868","12133"
"2014-09-06 07:51","BookKeeperAdmin.java","11928","98230","110158"
"2013-05-10 12:45","BookKeeperAdmin.java","9075","69120","78195"
"2017-04-11 20:19","BookKeeperCloseTest.java","112647","46190","158837"
"2017-05-16 00:31","BookKeeperCloseTest.java","113802","51055","164857"
"2014-06-06 15:29","CompactionTest.java","2296","10101","12397"
"2014-01-17 18:13","CompactionTest.java","37","393","430"
"2016-03-08 06:49","CompactionTest.java","5112","28792","33904"
"2015-01-16 15:57","CompactionTest.java","3908","23154","27062"
"2014-12-10 19:43","CompactionTest.java","3896","21337","25233"
"2015-04-21 09:55","CompactionTest.java","4012","23699","27711"
"2016-05-04 15:55","CompactionTest.java","108557","32146","140703"
"2017-03-22 22:54","CompactionTest.java","111659","57489","169148"
"2017-06-21 21:07","CompactionTest.java","113785","74034","187819"
"2014-01-22 14:35","CompactionTest.java","619","2540","3159"
"2017-11-08 12:27","CompactionTest.java","126683","117236","243919"
"2017-05-16 00:31","CompactionTest.java","112699","67005","179704"
"2017-07-07 08:19","CompactionTest.java","114117","80396","194513"
"2017-03-23 00:48","ClientConfiguration.java","42847","104536","147383"
"2016-04-05 08:45","ClientConfiguration.java","42662","81231","123893"
"2017-03-28 22:35","ClientConfiguration.java","42843","108784","151627"
"2017-01-31 02:14","ClientConfiguration.java","42825","98705","141530"
"2017-04-15 13:58","ClientConfiguration.java","42855","109896","152751"
"2017-03-23 00:59","ClientConfiguration.java","42847","104548","147395"
"2017-05-15 19:52","ClientConfiguration.java","43215","112910","156125"
"2016-10-13 07:50","ClientConfiguration.java","42728","90521","133249"
"2017-06-21 19:58","ClientConfiguration.java","43494","118512","162006"
"2013-10-29 05:14","ClientConfiguration.java","18801","132297","151098"
"2017-06-05 21:48","ClientConfiguration.java","43453","117083","160536"
"2017-06-21 19:50","ClientConfiguration.java","43493","118401","161894"
"2012-04-20 19:18","ClientConfiguration.java","9028","21657","30685"
"2017-08-02 00:49","ClientConfiguration.java","44231","142560","186791"
"2017-08-01 08:34","ClientConfiguration.java","44134","139878","184012"
"2013-06-12 18:41","ClientConfiguration.java","18531","127992","146523"
"2014-05-27 13:56","ClientConfiguration.java","19262","141839","161101"
"2017-06-30 00:12","ClientConfiguration.java","43499","121661","165160"
"2014-09-18 06:47","ClientConfiguration.java","19628","151709","171337"
"2017-07-04 06:27","ClientConfiguration.java","43535","123658","167193"
"2012-09-12 11:59","ClientConfiguration.java","13113","59282","72395"
"2017-01-31 04:01","ClientConfiguration.java","42841","104190","147031"
"2015-10-06 10:05","ClientConfiguration.java","19861","156375","176236"
"2015-10-06 10:48","ClientConfiguration.java","19863","156603","176466"
"2013-02-08 19:08","ClientConfiguration.java","17370","121210","138580"
"2012-12-03 10:46","ClientConfiguration.java","16153","81861","98014"
"2016-02-09 08:32","ClientConfiguration.java","19871","158476","178347"
"2014-12-06 07:54","ClientConfiguration.java","19640","152639","172279"
"2016-08-01 08:04","ClientConfiguration.java","42728","83751","126479"
"2012-12-13 13:07","ClientConfiguration.java","16511","84041","100552"
"2014-06-06 15:29","CompactionTest.java","2863","13509","16372"
"2013-10-30 16:23","CompactionTest.java","549","2522","3071"
"2014-01-17 18:13","CompactionTest.java","718","3915","4633"
"2016-03-08 06:49","CompactionTest.java","5589","32110","37699"
"2015-01-16 15:57","CompactionTest.java","4427","26514","30941"
"2014-12-10 19:43","CompactionTest.java","4414","24696","29110"
"2015-04-21 09:55","CompactionTest.java","4502","27030","31532"
"2016-05-04 15:55","CompactionTest.java","109017","35447","144464"
"2017-03-22 22:54","CompactionTest.java","112095","60766","172861"
"2017-06-21 21:07","CompactionTest.java","114157","77247","191404"
"2014-01-22 14:35","CompactionTest.java","1271","6033","7304"
"2017-11-08 12:27","CompactionTest.java","126694","120088","246782"
"2017-05-16 00:31","CompactionTest.java","113097","70244","183341"
"2014-01-15 15:58","CompactionTest.java","699","3540","4239"
"2017-07-07 08:19","CompactionTest.java","114461","83581","198042"
"2017-01-31 04:01","LedgerDescriptor.java","779","13880","14659"
"2017-05-16 00:31","LedgerDescriptor.java","2889","24754","27643"
"2016-12-21 01:48","LedgerCacheTest.java","111893","33430","145323"
"2019-02-20 11:43","LedgerCacheTest.java","140987","401201","542188"
"2017-05-16 00:31","LedgerCacheTest.java","113453","50318","163771"
"2016-03-08 06:49","LedgerCacheTest.java","1660","7899","9559"
"2017-07-07 05:11","Auditor.java","82269","92393","174662"
"2014-02-05 22:43","Auditor.java","5551","51734","57285"
"2013-08-21 13:19","Auditor.java","3188","43073","46261"
"2017-05-26 16:52","Auditor.java","81138","81490","162628"
"2013-03-25 06:27","Auditor.java","2250","34864","37114"
"2016-09-10 21:01","Auditor.java","80088","52837","132925"
"2016-11-09 03:02","Auditor.java","80206","56623","136829"
"2016-03-08 07:18","Auditor.java","7967","76440","84407"
"2014-04-24 10:43","Auditor.java","5811","55129","60940"
"2014-06-02 11:54","Auditor.java","6022","57478","63500"
"2014-05-06 12:30","Auditor.java","5859","55602","61461"
"2014-05-23 18:48","Auditor.java","5880","56547","62427"
"2017-05-15 19:52","DigestManager.java","40724","116098","156822"
"2012-07-18 17:00","DigestManager.java","12729","44543","57272"
"2017-05-25 14:23","DigestManager.java","40783","118439","159222"
"2012-02-13 15:46","DigestManager.java","2237","11902","14139"
"2012-05-10 14:47","DigestManager.java","10664","29913","40577"
"2012-05-25 17:13","DigestManager.java","10978","31481","42459"
"2017-01-31 04:01","DigestManager.java","40577","107605","148182"
"2016-11-30 00:02","CookieTest.java","112262","28932","141194"
"2014-12-10 19:43","CookieTest.java","497","1637","2134"
"2014-09-23 17:53","CookieTest.java","43","99","142"
"2017-08-16 03:41","RackawareEnsemblePlacementPolicy.java","6342","26811","33153"
"2017-07-07 08:19","BookieInitializationTest.java","1234","10074","11308"
"2017-06-28 23:24","BookieInitializationTest.java","451","3495","3946"
"2017-07-28 06:39","BookieInitializationTest.java","2575","13304","15879"
"2017-08-02 00:49","BookieInitializationTest.java","6330","31413","37743"
"2013-01-14 16:59","BookieServer.java","4435","23150","27585"
"2013-01-09 17:18","BookieServer.java","4235","21886","26121"
"2013-02-12 11:16","BookieServer.java","5528","54829","60357"
"2013-04-02 17:38","BookieServer.java","5837","56141","61978"
"2017-08-16 03:37","BookieServer.java","76920","127470","204390"
"2017-08-02 00:49","BookieServer.java","75891","119808","195699"
"2013-07-03 17:39","BookieServer.java","6337","62130","68467"
"2013-07-24 16:55","BookieServer.java","6392","63053","69445"
"2014-02-05 22:43","BookieServer.java","8443","71893","80336"
"2017-06-28 23:24","BookieServer.java","74280","96158","170438"
"2013-06-15 19:05","BookieServer.java","6299","61775","68074"
"2017-06-01 23:58","BookieServer.java","74177","92653","166830"
"2017-10-17 09:32","BookieServer.java","81990","123918","205908"
"2014-08-02 20:02","BookieServer.java","9204","84864","94068"
"2013-12-06 07:39","BookieServer.java","7595","68798","76393"
"2014-01-21 05:05","BookieServer.java","7691","69992","77683"
"2014-07-24 01:41","ZkLedgerLayoutTest.java","4725","24052","28777"
"2015-09-15 10:38","GcLedgersTest.java","8247","74371","82618"
"2016-04-27 09:55","GcLedgersTest.java","78445","47752","126197"
"2017-03-28 22:37","GcLedgersTest.java","80079","76169","156248"
"2016-03-08 06:49","GcLedgersTest.java","8550","77971","86521"
"2017-07-04 06:27","GcLedgersTest.java","81993","92050","174043"
"2014-07-24 01:41","GcLedgersTest.java","6927","60481","67408"
"2013-04-04 11:21","GcLedgersTest.java","3159","37896","41055"
"2013-07-29 12:30","GcLedgersTest.java","3832","44883","48715"
"2017-05-16 00:31","GcLedgersTest.java","80826","80873","161699"
"2017-03-23 00:48","ClientConfiguration.java","110981","34065","145046"
"2016-04-05 08:45","ClientConfiguration.java","105034","4998","110032"
"2017-03-28 22:35","ClientConfiguration.java","111041","38377","149418"
"2017-01-31 02:14","ClientConfiguration.java","110815","28090","138905"
"2017-04-15 13:58","ClientConfiguration.java","111330","39766","151096"
"2017-03-23 00:59","ClientConfiguration.java","110994","34090","145084"
"2017-05-15 19:52","ClientConfiguration.java","112343","43433","155776"
"2016-10-13 07:50","ClientConfiguration.java","110530","19718","130248"
"2017-06-21 19:58","ClientConfiguration.java","113872","50285","164157"
"2017-06-05 21:48","ClientConfiguration.java","113555","48580","162135"
"2017-06-21 19:50","ClientConfiguration.java","113867","50170","164037"
"2017-08-02 00:49","ClientConfiguration.java","118555","78279","196834"
"2017-08-01 08:34","ClientConfiguration.java","117982","75121","193103"
"2017-06-30 00:12","ClientConfiguration.java","114211","53768","167979"
"2017-07-04 06:27","ClientConfiguration.java","114399","55917","170316"
"2017-01-31 04:01","ClientConfiguration.java","110842","33586","144428"
"2016-08-01 08:04","ClientConfiguration.java","105620","8038","113658"
"2017-07-04 06:27","LedgerStorage.java","48796","116799","165595"
"2017-03-28 22:37","LedgerStorage.java","47523","101559","149082"
"2016-03-08 06:49","LedgerStorage.java","16348","143715","160063"
"2017-01-31 04:01","LedgerStorage.java","47489","96718","144207"
"2016-11-18 00:18","LedgerStorage.java","47444","83572","131016"
"2012-12-18 13:04","LedgerStorage.java","10762","68600","79362"
"2013-05-04 14:22","LedgerStorage.java","13424","106663","120087"
"2017-05-16 00:31","LedgerStorage.java","48024","106017","154041"
"2017-06-01 08:55","CodahaleStatsLogger.java","112816","70184","183000"
"2012-12-18 12:00","TestLedgerUnderreplicationManager.java","5782","32870","38652"
"2013-05-31 12:02","TestLedgerUnderreplicationManager.java","9263","72471","81734"
"2013-10-12 05:42","TestLedgerUnderreplicationManager.java","10274","80287","90561"
"2012-10-04 12:40","TestLedgerUnderreplicationManager.java","3368","10849","14217"
"2015-07-10 22:48","TestLedgerUnderreplicationManager.java","12462","105770","118232"
"2012-12-08 11:42","TestLedgerUnderreplicationManager.java","5243","28269","33512"
"2012-10-16 17:01","TestLedgerUnderreplicationManager.java","3486","12738","16224"
"2016-02-23 19:16","ListLedgersTest.java","6077","39161","45238"
"2012-12-18 12:00","TestLedgerUnderreplicationManager.java","5429","36706","42135"
"2013-05-31 12:02","TestLedgerUnderreplicationManager.java","8784","76181","84965"
"2013-10-12 05:42","TestLedgerUnderreplicationManager.java","9770","83972","93742"
"2012-10-04 12:40","TestLedgerUnderreplicationManager.java","3284","14954","18238"
"2015-07-10 22:48","TestLedgerUnderreplicationManager.java","11800","109297","121097"
"2012-08-28 14:25","TestLedgerUnderreplicationManager.java","340","4529","4869"
"2012-08-27 12:09","TestLedgerUnderreplicationManager.java","7","942","949"
"2012-12-08 11:42","TestLedgerUnderreplicationManager.java","5085","32300","37385"
"2012-10-16 17:01","TestLedgerUnderreplicationManager.java","3385","16826","20211"
"2017-06-30 00:12","ReadOnlyLedgerHandle.java","4237","20684","24921"
"2014-07-24 01:41","ConcurrentLedgerTest.java","18947","146958","165905"
"2014-12-10 19:43","ConcurrentLedgerTest.java","19127","156766","175893"
"2011-11-28 19:25","ConcurrentLedgerTest.java","482","3226","3708"
"2012-03-08 19:24","ConcurrentLedgerTest.java","1949","12220","14169"
"2012-02-15 16:11","ConcurrentLedgerTest.java","1618","10007","11625"
"2013-10-12 05:42","ConcurrentLedgerTest.java","18238","135222","153460"
"2014-02-05 22:43","ConcurrentLedgerTest.java","18694","140947","159641"
"2017-05-16 00:31","ConcurrentLedgerTest.java","41044","115548","156592"
"2017-05-16 00:31","AuditorPeriodicCheckTest.java","4451","30136","34587"
"2017-11-08 12:27","CompactionTest.java","34874","59148","94022"
"2017-01-31 04:01","Bookie.java","779","13880","14659"
"2017-03-28 22:37","Bookie.java","1057","18965","20022"
"2017-07-04 06:27","Bookie.java","4948","36823","41771"
"2017-06-05 22:25","Bookie.java","4302","30391","34693"
"2017-06-28 23:24","Bookie.java","4429","32471","36900"
"2017-07-07 08:19","Bookie.java","5007","38845","43852"
"2017-05-16 00:31","Bookie.java","2889","24754","27643"
"2017-06-01 23:58","Bookie.java","3881","28521","32402"
"2017-08-02 00:49","Bookie.java","9368","59449","68817"
"2017-03-28 22:35","Bookie.java","1017","18710","19727"
"2017-06-05 20:30","Bookie.java","4049","29047","33096"
"2016-11-30 00:02","Bookie.java","111","641","752"
"2017-03-22 22:54","Bookie.java","917","14306","15223"
"2016-07-11 23:01","LedgerCreateOp.java","105742","8496","114238"
"2012-12-18 12:00","TestLedgerUnderreplicationManager.java","5605","35947","41552"
"2013-05-31 12:02","TestLedgerUnderreplicationManager.java","8998","75460","84458"
"2013-10-12 05:42","TestLedgerUnderreplicationManager.java","9985","83252","93237"
"2012-10-04 12:40","TestLedgerUnderreplicationManager.java","3441","14176","17617"
"2015-07-10 22:48","TestLedgerUnderreplicationManager.java","12088","108650","120738"
"2012-08-28 14:25","TestLedgerUnderreplicationManager.java","345","3599","3944"
"2012-12-08 11:42","TestLedgerUnderreplicationManager.java","5248","31528","36776"
"2012-10-16 17:01","TestLedgerUnderreplicationManager.java","3547","16053","19600"
"2013-01-07 22:53","AuditorBookieTest.java","3697","19091","22788"
"2012-12-18 12:00","AuditorBookieTest.java","2238","15408","17646"
"2013-06-15 19:05","AuditorBookieTest.java","6138","59528","65666"
"2014-02-05 22:43","AuditorBookieTest.java","8364","69728","78092"
"2013-09-10 15:14","LedgerCreateDeleteTest.java","13753","113504","127257"
"2017-10-17 09:32","AuditorElector.java","126023","99228","225251"
"2016-07-14 23:02","AuditorElector.java","108276","25499","133775"
"2016-09-10 21:01","AuditorElector.java","109512","30805","140317"
"2017-03-28 22:40","AuditorElector.java","111425","54674","166099"
"2014-09-06 07:58","AuditorElector.java","1542","10485","12027"
"2017-05-16 00:31","WriteEntryProcessorV3.java","2882","24876","27758"
"2017-05-15 19:52","WriteEntryProcessorV3.java","2703","24279","26982"
"2017-10-17 09:32","AuditorElector.java","125990","101333","227323"
"2016-07-14 23:02","AuditorElector.java","108468","27829","136297"
"2016-09-10 21:01","AuditorElector.java","109704","33135","142839"
"2017-03-28 22:40","AuditorElector.java","111586","56973","168559"
"2014-06-02 11:54","AuditorElector.java","410","2548","2958"
"2014-09-06 07:58","AuditorElector.java","1846","12927","14773"
"2017-07-07 05:11","Auditor.java","65519","106474","171993"
"2014-02-05 22:43","Auditor.java","11253","88267","99520"
"2013-08-21 13:19","Auditor.java","9450","80166","89616"
"2012-12-18 12:00","Auditor.java","5862","34682","40544"
"2017-05-26 16:52","Auditor.java","64769","95952","160721"
"2013-03-25 06:27","Auditor.java","8880","72325","81205"
"2016-09-10 21:01","Auditor.java","63923","67503","131426"
"2016-11-09 03:02","Auditor.java","64034","71282","135316"
"2016-03-08 07:18","Auditor.java","12908","112212","125120"
"2013-01-04 11:32","Auditor.java","7101","37932","45033"
"2012-10-04 12:40","Auditor.java","3481","12694","16175"
"2014-04-24 10:43","Auditor.java","11370","91519","102889"
"2014-06-02 11:54","Auditor.java","11523","93810","105333"
"2014-05-06 12:30","Auditor.java","11407","91981","103388"
"2014-05-23 18:48","Auditor.java","11416","92914","104330"
"2017-10-03 12:31","ServerConfiguration.java","28787","18944","47731"
"2017-08-16 03:37","ServerConfiguration.java","4701","11334","16035"
"2017-11-08 12:27","ServerConfiguration.java","33453","41484","74937"
"2017-07-28 20:12","BKException.java","40782","133519","174301"
"2016-07-11 22:53","BKException.java","40226","87663","127889"
"2017-05-02 23:04","BKException.java","40280","116505","156785"
"2013-09-10 15:14","BKException.java","18866","138506","157372"
"2014-02-21 19:01","BKException.java","19192","146237","165429"
"2012-04-02 12:38","BKException.java","11814","31591","43405"
"2017-08-02 00:49","BKException.java","41168","147517","188685"
"2012-12-12 11:20","BKException.java","17210","91989","109199"
"2012-06-19 12:39","BKException.java","12679","37919","50598"
"2011-11-16 17:05","BKException.java","2735","4433","7168"
"2015-09-15 10:38","BKException.java","19467","163677","183144"
"2017-01-31 04:01","BKException.java","40292","109661","149953"
"2011-10-27 15:41","BKException.java","147","598","745"
"2015-10-06 10:48","BKException.java","19470","164230","183700"
"2015-10-22 09:22","BKException.java","19474","165064","184538"
"2012-09-04 10:39","BKException.java","14469","66770","81239"
"2012-12-03 17:59","BKException.java","17094","90675","107769"
"2017-07-28 20:12","BookiesListener.java","115684","88837","204521"
"2017-07-04 06:27","FileInfo.java","46437","122366","168803"
"2012-10-26 12:51","FileInfo.java","16195","67939","84134"
"2014-12-04 12:28","FileInfo.java","20126","148648","168774"
"2017-01-31 04:01","FileInfo.java","45328","102483","147811"
"2017-03-23 15:55","FileInfo.java","45337","102858","148195"
"2016-11-18 00:18","FileInfo.java","45293","89347","134640"
"2012-12-18 13:04","FileInfo.java","16863","82627","99490"
"2013-05-04 14:22","FileInfo.java","18731","119896","138627"
"2012-02-24 19:20","FileInfo.java","135","700","835"
"2012-06-13 16:57","FileInfo.java","9731","21991","31722"
"2012-03-29 15:18","FileInfo.java","8376","14963","23339"
"2017-06-01 23:58","FileInfo.java","46339","115033","161372"
"2017-07-17 23:27","FileInfo.java","46443","125479","171922"
"2017-05-16 00:31","FileInfo.java","45772","111691","157463"
"2013-10-22 16:21","FileInfo.java","19221","128387","147608"
"2013-10-11 08:36","FileInfo.java","19041","126899","145940"
"2013-01-04 11:32","ServerConfiguration.java","16668","92738","109406"
"2014-08-02 20:02","ServerConfiguration.java","19095","153558","172653"
"2014-05-06 12:30","ServerConfiguration.java","18737","144550","163287"
"2014-05-15 00:41","ServerConfiguration.java","18737","145464","164201"
"2014-09-18 06:47","ServerConfiguration.java","19106","155578","174684"
"2017-07-04 06:27","ServerConfiguration.java","41212","125726","166938"
"2014-03-07 13:14","ServerConfiguration.java","18731","142185","160916"
"2014-04-29 22:07","ServerConfiguration.java","18737","144503","163240"
"2012-10-18 16:40","ServerConfiguration.java","15802","74605","90407"
"2012-09-12 20:34","ServerConfiguration.java","13182","63936","77118"
"2016-04-14 00:51","ServerConfiguration.java","40681","83933","124614"
"2015-01-16 15:57","ServerConfiguration.java","19127","158571","177698"
"2013-02-08 19:08","ServerConfiguration.java","16980","125211","142191"
"2016-03-08 06:49","ServerConfiguration.java","19220","163098","182318"
"2016-01-26 22:11","ServerConfiguration.java","19226","162090","181316"
"2014-01-21 05:05","ServerConfiguration.java","18369","139473","157842"
"2014-03-12 21:26","ServerConfiguration.java","18737","143993","162730"
"2016-04-05 18:47","ServerConfiguration.java","40666","83868","124534"
"2016-04-27 09:55","ServerConfiguration.java","40682","84446","125128"
"2015-04-21 09:55","ServerConfiguration.java","19136","159021","178157"
"2015-01-12 15:18","ServerConfiguration.java","19127","157633","176760"
"2015-04-21 10:02","ServerConfiguration.java","19137","159055","178192"
"2012-02-01 12:58","ServerConfiguration.java","1243","7422","8665"
"2013-01-14 16:59","ServerConfiguration.java","16862","94380","111242"
"2012-11-30 04:54","ServerConfiguration.java","16039","85454","101493"
"2017-05-15 19:52","ServerConfiguration.java","41020","115106","156126"
"2017-03-22 22:54","ServerConfiguration.java","40849","106877","147726"
"2012-12-11 18:59","ServerConfiguration.java","16209","86580","102789"
"2017-03-23 00:48","ServerConfiguration.java","40851","106931","147782"
"2017-01-31 02:11","ServerConfiguration.java","40843","100502","141345"
"2013-02-19 16:19","ServerConfiguration.java","17732","125916","143648"
"2013-02-19 16:15","ServerConfiguration.java","17732","125897","143629"
"2016-04-05 08:45","ServerConfiguration.java","40664","83624","124288"
"2016-11-09 03:02","ServerConfiguration.java","40810","93297","134107"
"2016-11-30 00:02","ServerConfiguration.java","40822","93991","134813"
"2017-06-05 20:30","ServerConfiguration.java","41146","118783","159929"
"2016-09-10 20:27","ServerConfiguration.java","40722","89420","130142"
"2012-03-29 15:18","ServerConfiguration.java","9491","24663","34154"
"2012-02-15 10:58","ServerConfiguration.java","1617","9991","11608"
"2012-02-24 19:08","ServerConfiguration.java","1710","10856","12566"
"2017-08-02 00:49","ServerConfiguration.java","41852","144572","186424"
"2017-10-03 12:31","ServerConfiguration.java","42611","135488","178099"
"2017-08-16 03:37","ServerConfiguration.java","42387","151740","194127"
"2013-07-20 19:59","ServerConfiguration.java","18143","132991","151134"
"2013-12-02 18:45","ServerConfiguration.java","18351","138205","156556"
"2012-03-08 12:13","ServerConfiguration.java","1901","12128","14029"
"2014-05-09 14:04","ServerConfiguration.java","18737","145144","163881"
"2017-05-26 12:38","ServerConfiguration.java","41082","117484","158566"
"2013-06-15 19:05","ServerConfiguration.java","18124","132403","150527"
"2014-01-15 15:58","ServerConfiguration.java","18356","138554","156910"
"2013-10-22 07:44","ServerConfiguration.java","18279","135636","153915"
"2017-07-07 08:19","ServerConfiguration.java","41214","127691","168905"
"2017-06-28 23:24","ServerConfiguration.java","41183","121864","163047"
"2017-11-08 12:27","ServerConfiguration.java","43227","153978","197205"
"2014-01-22 14:35","ServerConfiguration.java","18490","140609","159099"
"2013-10-12 05:42","ServerConfiguration.java","18238","135222","153460"
"2017-07-04 06:27","Bookie.java","4491","18673","23164"
"2017-06-05 22:25","Bookie.java","3728","12124","15852"
"2017-06-28 23:24","Bookie.java","3878","14227","18105"
"2017-07-07 08:19","Bookie.java","4580","20725","25305"
"2017-05-16 00:31","Bookie.java","2236","6408","8644"
"2017-06-01 23:58","Bookie.java","3302","10249","13551"
"2017-08-02 00:49","Bookie.java","9396","41784","51180"
"2017-06-05 20:30","Bookie.java","3470","10775","14245"
"2017-06-01 23:58","BookieShell.java","3797","27907","31704"
"2017-07-07 05:11","BookieShell.java","4915","37940","42855"
"2017-01-11 07:37","BookieShell.java","83","6340","6423"
"2016-12-21 01:42","BookieShell.java","70","5969","6039"
"2017-01-11 07:34","BookieShell.java","82","6215","6297"
"2017-01-30 23:25","BookieShell.java","94","6526","6620"
"2017-03-28 22:35","BookieShell.java","931","18094","19025"
"2017-01-30 21:31","BookieShell.java","91","6415","6506"
"2017-03-22 22:54","BookieShell.java","831","13690","14521"
"2017-11-08 12:27","ServerConfiguration.java","5604","23478","29082"
"2017-06-01 23:58","BookieShell.java","3752","21430","25182"
"2017-07-07 05:11","BookieShell.java","4929","31522","36451"
"2017-03-28 22:35","BookieShell.java","839","11570","12409"
"2017-03-22 22:54","BookieShell.java","739","7166","7905"
"2017-06-01 23:58","ReplicationWorker.java","113452","65343","178795"
"2017-04-11 20:14","ReplicationWorker.java","111631","57034","168665"
"2016-03-16 04:51","ReplicationWorker.java","108048","22714","130762"
"2016-09-10 21:01","ReplicationWorker.java","109704","33135","142839"
"2017-05-26 16:52","ReplicationWorker.java","112673","63707","176380"
"2015-04-21 09:17","ReplicationWorker.java","2724","17050","19774"
"2014-09-06 07:58","ReplicationWorker.java","1846","12927","14773"
"2013-10-22 16:21","LedgerEntryPage.java","18973","140353","159326"
"2011-11-18 11:18","LedgerEntryPage.java","3592","7221","10813"
"2017-07-04 06:27","LedgerEntryPage.java","40546","128689","169235"
"2012-05-25 17:13","LedgerEntryPage.java","12570","35414","47984"
"2012-05-10 14:47","LedgerEntryPage.java","12253","33843","46096"
"2017-03-28 22:35","DefaultEnsemblePlacementPolicy.java","112368","68848","181216"
"2017-07-28 20:12","DefaultEnsemblePlacementPolicy.java","115204","90460","205664"
"2016-10-13 07:50","DefaultEnsemblePlacementPolicy.java","112110","50442","162552"
"2014-02-05 22:43","DefaultEnsemblePlacementPolicy.java","3504","11905","15409"
"2012-05-10 14:47","BookieException.java","8924","14357","23281"
"2012-09-07 07:04","BookieException.java","13103","50610","63713"
"2013-02-08 19:08","BookieException.java","17954","113657","131611"
"2017-07-07 08:19","BookieException.java","47312","121261","168573"
"2017-10-03 12:31","ServerConfiguration.java","24206","7730","31936"
"2017-11-08 12:27","ServerConfiguration.java","29681","31079","60760"
"2012-12-18 12:00","BookKeeperClusterTestCase.java","337","3005","3342"
"2017-05-15 19:52","BookKeeperClusterTestCase.java","80053","82748","162801"
"2013-01-09 17:18","BookKeeperClusterTestCase.java","2428","7491","9919"
"2016-04-05 08:45","BookKeeperClusterTestCase.java","77915","49484","127399"
"2017-08-01 08:34","BookKeeperClusterTestCase.java","83680","112424","196104"
"2013-10-12 05:42","BookKeeperClusterTestCase.java","5813","51406","57219"
"2014-02-05 22:43","BookKeeperClusterTestCase.java","6987","57849","64836"
"2017-11-08 12:27","BookKeeperClusterTestCase.java","91278","130638","221916"
"2013-06-15 19:05","BookKeeperClusterTestCase.java","4630","47518","52148"
"2014-05-09 14:04","BookKeeperClusterTestCase.java","7228","62244","69472"
"2017-07-04 06:27","BookKeeperClusterTestCase.java","81171","94294","175465"
"2014-07-24 01:41","BookKeeperClusterTestCase.java","7650","64270","71920"
"2014-05-23 18:46","BookKeeperClusterTestCase.java","7227","62573","69800"
"2017-06-30 00:12","BookKeeperClusterTestCase.java","81080","92242","173322"
"2014-04-24 10:43","BookKeeperClusterTestCase.java","7174","61171","68345"
"2013-01-07 12:25","BookKeeperClusterTestCase.java","2060","6951","9011"
"2016-04-27 09:55","BookKeeperClusterTestCase.java","77974","50347","128321"
"2013-01-03 11:06","BookKeeperClusterTestCase.java","1936","5800","7736"
"2015-10-06 10:48","BookKeeperClusterTestCase.java","8907","78647","87554"
"2014-12-10 19:43","BookKeeperClusterTestCase.java","8284","74532","82816"
"2014-04-24 10:43","BookieAutoRecoveryTest.java","3767","14876","18643"
"2014-05-23 18:46","BookieAutoRecoveryTest.java","3843","16301","20144"
"2014-05-09 14:04","BookieAutoRecoveryTest.java","3837","15965","19802"
"2014-02-05 22:43","BookieAutoRecoveryTest.java","3442","11416","14858"
"2013-12-06 07:39","BookieThread.java","796","3818","4614"
"2016-07-11 23:01","LedgerCreateOp.java","40464","86467","126931"
"2014-02-05 22:43","LedgerCreateOp.java","18772","142313","161085"
"2012-01-18 15:11","LedgerCreateOp.java","1877","7387","9264"
"2014-01-21 05:19","LedgerCreateOp.java","18492","141230","159722"
"2012-06-19 12:39","LedgerCreateOp.java","11183","34082","45265"
"2015-09-15 10:38","LedgerCreateOp.java","19283","161152","180435"
"2011-11-28 19:25","LedgerCreateOp.java","1137","5169","6306"
"2015-04-21 09:17","LedgerCreateOp.java","19208","160210","179418"
"2015-10-22 09:22","LedgerCreateOp.java","19296","162545","181841"
"2017-06-30 00:12","PendingWriteLacOp.java","2341","10808","13149"
"2013-01-04 11:32","ServerConfiguration.java","16657","92492","109149"
"2014-08-02 20:02","ServerConfiguration.java","19091","153319","172410"
"2014-05-06 12:30","ServerConfiguration.java","18732","144310","163042"
"2014-05-15 00:41","ServerConfiguration.java","18732","145224","163956"
"2014-09-18 06:47","ServerConfiguration.java","19102","155339","174441"
"2017-07-04 06:27","ServerConfiguration.java","41434","125713","167147"
"2014-03-07 13:14","ServerConfiguration.java","18725","141944","160669"
"2014-04-29 22:07","ServerConfiguration.java","18732","144263","162995"
"2012-10-18 16:40","ServerConfiguration.java","15786","74354","90140"
"2012-09-12 20:34","ServerConfiguration.java","13166","63685","76851"
"2016-04-14 00:51","ServerConfiguration.java","40902","83919","124821"
"2015-01-16 15:57","ServerConfiguration.java","19123","158332","177455"
"2013-02-08 19:08","ServerConfiguration.java","16971","124967","141938"
"2016-03-08 06:49","ServerConfiguration.java","19218","162861","182079"
"2016-01-26 22:11","ServerConfiguration.java","19224","161853","181077"
"2014-01-21 05:05","ServerConfiguration.java","18363","139232","157595"
"2014-03-12 21:26","ServerConfiguration.java","18732","143753","162485"
"2016-04-05 18:47","ServerConfiguration.java","40887","83854","124741"
"2016-04-27 09:55","ServerConfiguration.java","40903","84432","125335"
"2015-04-21 09:55","ServerConfiguration.java","19132","158782","177914"
"2015-01-12 15:18","ServerConfiguration.java","19123","157394","176517"
"2015-04-21 10:02","ServerConfiguration.java","19133","158816","177949"
"2012-02-01 12:58","ServerConfiguration.java","1218","7162","8380"
"2013-01-14 16:59","ServerConfiguration.java","16852","94135","110987"
"2012-11-30 04:54","ServerConfiguration.java","16027","85207","101234"
"2017-05-15 19:52","ServerConfiguration.java","41242","115093","156335"
"2017-03-22 22:54","ServerConfiguration.java","41071","106864","147935"
"2012-12-11 18:59","ServerConfiguration.java","16197","86333","102530"
"2017-03-23 00:48","ServerConfiguration.java","41073","106918","147991"
"2017-01-31 02:11","ServerConfiguration.java","41064","100488","141552"
"2013-02-19 16:19","ServerConfiguration.java","17723","125672","143395"
"2013-02-19 16:15","ServerConfiguration.java","17723","125653","143376"
"2016-04-05 08:45","ServerConfiguration.java","40885","83610","124495"
"2016-11-09 03:02","ServerConfiguration.java","41031","93283","134314"
"2016-11-30 00:02","ServerConfiguration.java","41043","93977","135020"
"2017-06-05 20:30","ServerConfiguration.java","41368","118770","160138"
"2016-09-10 20:27","ServerConfiguration.java","40943","89406","130349"
"2012-03-29 15:18","ServerConfiguration.java","9475","24412","33887"
"2012-02-15 10:58","ServerConfiguration.java","1593","9732","11325"
"2012-02-24 19:08","ServerConfiguration.java","1686","10597","12283"
"2017-08-02 00:49","ServerConfiguration.java","42074","144559","186633"
"2017-10-03 12:31","ServerConfiguration.java","42834","135476","178310"
"2017-08-16 03:37","ServerConfiguration.java","42609","151727","194336"
"2013-07-20 19:59","ServerConfiguration.java","18137","132750","150887"
"2013-12-02 18:45","ServerConfiguration.java","18345","137964","156309"
"2012-03-08 12:13","ServerConfiguration.java","1880","11872","13752"
"2014-05-09 14:04","ServerConfiguration.java","18732","144904","163636"
"2017-05-26 12:38","ServerConfiguration.java","41304","117471","158775"
"2013-06-15 19:05","ServerConfiguration.java","18118","132162","150280"
"2014-01-15 15:58","ServerConfiguration.java","18350","138313","156663"
"2013-10-22 07:44","ServerConfiguration.java","18273","135395","153668"
"2017-07-07 08:19","ServerConfiguration.java","41436","127678","169114"
"2017-06-28 23:24","ServerConfiguration.java","41405","121851","163256"
"2017-11-08 12:27","ServerConfiguration.java","43450","153966","197416"
"2014-01-22 14:35","ServerConfiguration.java","18484","140368","158852"
"2013-10-12 05:42","ServerConfiguration.java","18232","134981","153213"
"2016-07-14 23:02","IndexPersistenceMgr.java","105463","6334","111797"
"2016-11-18 00:18","IndexPersistenceMgr.java","110603","19364","129967"
"2017-05-16 00:31","IndexPersistenceMgr.java","112289","42915","155204"
"2017-10-03 12:31","IndexPersistenceMgr.java","129965","78964","208929"
"2017-07-04 06:27","IndexPersistenceMgr.java","114212","54848","169060"
"2017-01-31 04:01","IndexPersistenceMgr.java","110707","32569","143276"
"2017-07-04 06:27","FileInfo.java","46674","122038","168712"
"2012-10-26 12:51","FileInfo.java","16232","67411","83643"
"2014-12-04 12:28","FileInfo.java","20350","148307","168657"
"2017-01-31 04:01","FileInfo.java","45571","102161","147732"
"2017-03-23 15:55","FileInfo.java","45571","102527","148098"
"2016-11-18 00:18","FileInfo.java","45533","89022","134555"
"2012-12-18 13:04","FileInfo.java","16904","82103","99007"
"2013-05-04 14:22","FileInfo.java","18944","119544","138488"
"2012-06-13 16:57","FileInfo.java","9767","21462","31229"
"2012-03-29 15:18","FileInfo.java","8385","14407","22792"
"2017-06-01 23:58","FileInfo.java","46573","114702","161275"
"2017-07-17 23:27","FileInfo.java","46682","125153","171835"
"2017-05-16 00:31","FileInfo.java","46004","111358","157362"
"2013-10-22 16:21","FileInfo.java","19439","128040","147479"
"2013-10-11 08:36","FileInfo.java","19257","126550","145807"
"2017-07-28 20:12","BKException.java","40668","131707","172375"
"2016-07-11 22:53","BKException.java","39982","85721","125703"
"2017-05-02 23:04","BKException.java","40090","114617","154707"
"2013-09-10 15:14","BKException.java","18047","135989","154036"
"2014-02-21 19:01","BKException.java","18534","143881","162415"
"2012-04-02 12:38","BKException.java","9922","28001","37923"
"2017-08-02 00:49","BKException.java","41066","145717","186783"
"2012-12-12 11:20","BKException.java","16128","89209","105337"
"2012-06-19 12:39","BKException.java","11045","34587","45632"
"2015-09-15 10:38","BKException.java","18960","161472","180432"
"2017-01-31 04:01","BKException.java","40097","107768","147865"
"2015-10-06 10:48","BKException.java","18964","162026","180990"
"2015-10-22 09:22","BKException.java","18973","162865","181838"
"2012-09-04 10:39","BKException.java","13311","63914","77225"
"2012-12-03 17:59","BKException.java","15978","87861","103839"
"2017-05-02 23:04","HierarchicalLedgerManagerFactory.java","111956","43971","155927"
"2017-03-28 22:40","HierarchicalLedgerManagerFactory.java","111394","41588","152982"
"2017-01-31 04:01","Bookie.java","6114","27105","33219"
"2017-03-28 22:37","Bookie.java","6354","32152","38506"
"2017-07-04 06:27","Bookie.java","9938","49703","59641"
"2017-06-05 22:25","Bookie.java","9317","43296","52613"
"2017-06-28 23:24","Bookie.java","9439","45371","54810"
"2017-07-07 08:19","Bookie.java","9988","51716","61704"
"2017-05-16 00:31","Bookie.java","7929","37684","45613"
"2017-06-01 23:58","Bookie.java","8899","41429","50328"
"2017-08-02 00:49","Bookie.java","14270","72241","86511"
"2016-11-18 00:18","Bookie.java","5537","13427","18964"
"2017-03-28 22:35","Bookie.java","6314","31897","38211"
"2017-06-05 20:30","Bookie.java","9067","41955","51022"
"2016-11-30 00:02","Bookie.java","5566","13986","19552"
"2017-03-22 22:54","Bookie.java","6252","27531","33783"
"2017-07-07 05:11","Auditor.java","71991","103733","175724"
"2014-02-05 22:43","Auditor.java","9175","76976","86151"
"2013-08-21 13:19","Auditor.java","7279","68782","76061"
"2012-12-18 12:00","Auditor.java","3466","23073","26539"
"2017-05-26 16:52","Auditor.java","71128","93098","164226"
"2013-03-25 06:27","Auditor.java","6666","60898","67564"
"2016-09-10 21:01","Auditor.java","70184","64551","134735"
"2016-11-09 03:02","Auditor.java","70298","68333","138631"
"2016-03-08 07:18","Auditor.java","11008","101099","112107"
"2013-01-04 11:32","Auditor.java","4805","26423","31228"
"2014-04-24 10:43","Auditor.java","9301","80237","89538"
"2014-06-02 11:54","Auditor.java","9460","82534","91994"
"2014-05-06 12:30","Auditor.java","9340","80701","90041"
"2014-05-23 18:48","Auditor.java","9351","81636","90987"
"2012-12-13 12:33","LedgerRecoveryTest.java","16811","79825","96636"
"2013-01-07 12:25","LedgerRecoveryTest.java","17403","85308","102711"
"2013-06-12 18:41","LedgerRecoveryTest.java","18906","124381","143287"
"2013-03-25 18:02","LedgerRecoveryTest.java","18718","119368","138086"
"2014-02-05 22:43","LedgerRecoveryTest.java","19635","133511","153146"
"2017-05-16 00:31","LedgerRecoveryTest.java","45752","111879","157631"
"2017-06-21 19:50","LedgerRecoveryTest.java","46358","117280","163638"
"2017-06-05 22:25","BookkeeperInternalCallbacks.java","1852","6494","8346"
"2017-08-02 00:49","BookkeeperInternalCallbacks.java","7739","36373","44112"
"2017-06-21 21:00","BookkeeperInternalCallbacks.java","1949","7945","9894"
"2017-06-05 22:13","BookkeeperInternalCallbacks.java","1598","5946","7544"
"2017-07-04 06:27","Bookie.java","1095","7972","9067"
"2017-06-28 23:24","Bookie.java","451","3495","3946"
"2017-07-07 08:19","Bookie.java","1234","10074","11308"
"2017-08-02 00:49","Bookie.java","6330","31413","37743"
"2017-05-15 19:52","DigestManager.java","2252","10598","12850"
"2017-05-25 14:23","DigestManager.java","2557","13185","15742"
"2012-12-13 12:33","LedgerRecoveryTest.java","16456","83752","100208"
"2013-01-07 12:25","LedgerRecoveryTest.java","17030","89217","106247"
"2012-02-13 15:46","LedgerRecoveryTest.java","426","4708","5134"
"2013-06-12 18:41","LedgerRecoveryTest.java","18483","128240","146723"
"2013-03-25 18:02","LedgerRecoveryTest.java","18281","123213","141494"
"2014-02-05 22:43","LedgerRecoveryTest.java","19117","137275","156392"
"2017-05-16 00:31","LedgerRecoveryTest.java","43175","113584","156759"
"2017-06-21 19:50","LedgerRecoveryTest.java","43313","118517","161830"
"2017-07-04 06:27","FileInfo.java","49927","113596","163523"
"2012-10-26 12:51","FileInfo.java","8870","48354","57224"
"2014-12-04 12:28","FileInfo.java","15142","131404","146546"
"2017-01-31 04:01","FileInfo.java","48592","93487","142079"
"2017-03-23 15:55","FileInfo.java","48637","93898","142535"
"2016-11-18 00:18","FileInfo.java","48550","80344","128894"
"2012-12-18 13:04","FileInfo.java","9806","63310","73116"
"2013-05-04 14:22","FileInfo.java","12681","101586","114267"
"2017-06-01 23:58","FileInfo.java","49781","106215","155996"
"2017-07-17 23:27","FileInfo.java","50003","116779","166782"
"2017-05-16 00:31","FileInfo.java","49163","102822","151985"
"2013-10-22 16:21","FileInfo.java","13924","110830","124754"
"2013-10-11 08:36","FileInfo.java","13633","109231","122864"
"2017-06-30 00:12","BookKeeper.java","4207","16428","20635"
"2017-06-21 21:00","BookKeeper.java","3820","13570","17390"
"2017-07-28 20:12","BookKeeper.java","6033","24809","30842"
"2017-05-15 19:52","BookKeeper.java","2005","5759","7764"
"2017-01-31 04:01","Bookie.java","669","13240","13909"
"2017-03-28 22:37","Bookie.java","971","18349","19320"
"2017-07-04 06:27","Bookie.java","4871","36216","41087"
"2017-06-05 22:25","Bookie.java","4218","29777","33995"
"2017-06-28 23:24","Bookie.java","4344","31856","36200"
"2017-07-07 08:19","Bookie.java","4931","38239","43170"
"2017-05-16 00:31","Bookie.java","2804","24139","26943"
"2017-06-01 23:58","Bookie.java","3797","27907","31704"
"2017-08-02 00:49","Bookie.java","9311","58862","68173"
"2017-03-28 22:35","Bookie.java","931","18094","19025"
"2017-06-05 20:30","Bookie.java","3965","28433","32398"
"2017-03-22 22:54","Bookie.java","831","13690","14521"
"2017-06-01 23:58","BookieShell.java","3302","10249","13551"
"2017-07-07 05:11","BookieShell.java","4537","20399","24936"
"2017-07-04 06:27","SyncThreadTest.java","114889","84214","199103"
"2014-06-06 15:29","SyncThreadTest.java","3956","16770","20726"
"2017-01-31 04:01","SyncThreadTest.java","112597","63148","175745"
"2016-04-14 00:51","SyncThreadTest.java","109565","37628","147193"
"2016-03-08 06:49","SyncThreadTest.java","6471","35160","41631"
"2017-03-28 22:37","SyncThreadTest.java","112697","68055","180752"
"2016-11-18 00:18","SyncThreadTest.java","112537","49987","162524"
"2017-05-16 00:31","SyncThreadTest.java","113607","72922","186529"
"2017-08-02 00:49","AbstractConfiguration.java","8670","38794","47464"
"2017-05-16 00:31","TestPerChannelBookieClient.java","2279","16512","18791"
"2017-05-15 19:52","TestPerChannelBookieClient.java","2090","15905","17995"
"2016-12-21 01:48","LedgerCacheTest.java","110674","25972","136646"
"2019-02-20 11:43","LedgerCacheTest.java","143025","397000","540025"
"2017-05-16 00:31","LedgerCacheTest.java","112289","42915","155204"
"2014-05-23 18:46","BookieAutoRecoveryTest.java","24","354","378"
"2017-08-16 03:41","NetworkTopologyImpl.java","12047","69440","81487"
"2017-08-02 00:49","ConnectionPeer.java","9032","51481","60513"
"2017-06-01 08:55","NullStatsLogger.java","113558","50901","164459"
"2014-08-02 20:02","IndexInMemPageMgr.java","3086","19798","22884"
"2019-02-20 11:43","IndexInMemPageMgr.java","133291","413393","546684"
"2017-06-01 23:58","IndexInMemPageMgr.java","113485","73013","186498"
"2016-04-05 08:50","IndexInMemPageMgr.java","108454","33723","142177"
"2017-07-28 20:12","BKException.java","115748","64275","180023"
"2016-07-11 22:53","BKException.java","105786","9013","114799"
"2017-05-02 23:04","BKException.java","111956","43971","155927"
"2017-08-02 00:49","BKException.java","118438","80577","199015"
"2017-01-31 04:01","BKException.java","111059","36218","147277"
"2015-10-06 10:48","BKException.java","55","605","660"
"2015-10-22 09:22","BKException.java","88","1468","1556"
"2016-02-09 08:12","FlatLedgerManager.java","8385","76751","85136"
"2013-04-04 11:21","FlatLedgerManager.java","3159","37896","41055"
"2017-03-28 22:40","TestLedgerManager.java","111768","42264","154032"
"2014-08-02 20:02","IndexInMemPageMgr.java","3814","21834","25648"
"2019-02-20 11:43","IndexInMemPageMgr.java","133243","414653","547896"
"2013-10-22 16:21","IndexInMemPageMgr.java","878","2186","3064"
"2017-06-01 23:58","IndexInMemPageMgr.java","114026","74862","188888"
"2016-04-05 08:50","IndexInMemPageMgr.java","109100","35677","144777"
"2014-08-02 20:02","ServerConfiguration.java","4646","24261","28907"
"2014-05-06 12:30","ServerConfiguration.java","3828","14793","18621"
"2014-05-15 00:41","ServerConfiguration.java","3848","15727","19575"
"2014-09-18 06:47","ServerConfiguration.java","5082","26706","31788"
"2017-07-04 06:27","ServerConfiguration.java","114952","84618","199570"
"2014-03-07 13:14","ServerConfiguration.java","3600","12206","15806"
"2014-04-29 22:07","ServerConfiguration.java","3825","14743","18568"
"2016-04-14 00:51","ServerConfiguration.java","109637","38041","147678"
"2015-01-16 15:57","ServerConfiguration.java","5502","30098","35600"
"2016-03-08 06:49","ServerConfiguration.java","6543","35573","42116"
"2016-01-26 22:11","ServerConfiguration.java","6280","34296","40576"
"2014-01-21 05:05","ServerConfiguration.java","2239","8495","10734"
"2014-03-12 21:26","ServerConfiguration.java","3729","14137","17866"
"2016-04-05 18:47","ServerConfiguration.java","109613","37967","147580"
"2016-04-27 09:55","ServerConfiguration.java","109685","38601","148286"
"2015-04-21 09:55","ServerConfiguration.java","5559","30596","36155"
"2015-01-12 15:18","ServerConfiguration.java","5498","29156","34654"
"2015-04-21 10:02","ServerConfiguration.java","5569","30639","36208"
"2017-05-15 19:52","ServerConfiguration.java","113573","72811","186384"
"2017-03-22 22:54","ServerConfiguration.java","112751","63931","176682"
"2017-03-23 00:48","ServerConfiguration.java","112756","63988","176744"
"2017-01-31 02:11","ServerConfiguration.java","112663","57474","170137"
"2016-04-05 08:45","ServerConfiguration.java","109611","37723","147334"
"2016-11-09 03:02","ServerConfiguration.java","112613","50252","162865"
"2016-11-30 00:02","ServerConfiguration.java","112635","50956","163591"
"2017-06-05 20:30","ServerConfiguration.java","114513","77302","191815"
"2016-09-10 20:27","ServerConfiguration.java","111148","44998","156146"
"2017-08-02 00:49","ServerConfiguration.java","118067","105939","224006"
"2017-10-03 12:31","ServerConfiguration.java","125243","103272","228515"
"2017-08-16 03:37","ServerConfiguration.java","119590","114095","233685"
"2013-12-02 18:45","ServerConfiguration.java","1884","6890","8774"
"2014-05-09 14:04","ServerConfiguration.java","3843","15402","19245"
"2017-05-26 12:38","ServerConfiguration.java","113725","75279","189004"
"2014-01-15 15:58","ServerConfiguration.java","1973","7323","9296"
"2013-10-22 07:44","ServerConfiguration.java","1682","4191","5873"
"2017-07-07 08:19","ServerConfiguration.java","114943","86572","201515"
"2017-06-28 23:24","ServerConfiguration.java","114679","80512","195191"
"2017-11-08 12:27","ServerConfiguration.java","126686","122589","249275"
"2014-01-22 14:35","ServerConfiguration.java","2537","9808","12345"
"2013-10-12 05:42","ServerConfiguration.java","1472","3608","5080"
"2014-08-02 20:02","ServerConfiguration.java","3072","17681","20753"
"2014-05-06 12:30","ServerConfiguration.java","2117","8076","10193"
"2014-05-15 00:41","ServerConfiguration.java","2137","9010","11147"
"2014-09-18 06:47","ServerConfiguration.java","3515","20133","23648"
"2017-07-04 06:27","ServerConfiguration.java","114161","78821","192982"
"2014-03-07 13:14","ServerConfiguration.java","1866","5466","7332"
"2014-04-29 22:07","ServerConfiguration.java","2114","8026","10140"
"2016-04-14 00:51","ServerConfiguration.java","108529","31927","140456"
"2015-01-16 15:57","ServerConfiguration.java","3992","23582","27574"
"2016-03-08 06:49","ServerConfiguration.java","5185","29209","34394"
"2016-01-26 22:11","ServerConfiguration.java","4873","27883","32756"
"2014-01-21 05:05","ServerConfiguration.java","391","1641","2032"
"2014-03-12 21:26","ServerConfiguration.java","1999","7401","9400"
"2016-04-05 18:47","ServerConfiguration.java","108503","31851","140354"
"2016-04-27 09:55","ServerConfiguration.java","108580","32490","141070"
"2015-04-21 09:55","ServerConfiguration.java","4087","24118","28205"
"2015-01-12 15:18","ServerConfiguration.java","3983","22635","26618"
"2015-04-21 10:02","ServerConfiguration.java","4097","24161","28258"
"2017-05-15 19:52","ServerConfiguration.java","112633","66865","179498"
"2017-03-22 22:54","ServerConfiguration.java","111725","57899","169624"
"2017-03-23 00:48","ServerConfiguration.java","111730","57956","169686"
"2017-01-31 02:11","ServerConfiguration.java","111620","51425","163045"
"2016-04-05 08:45","ServerConfiguration.java","108495","31601","140096"
"2016-11-09 03:02","ServerConfiguration.java","111559","44192","155751"
"2016-11-30 00:02","ServerConfiguration.java","111584","44899","156483"
"2017-06-05 20:30","ServerConfiguration.java","113661","71444","185105"
"2016-09-10 20:27","ServerConfiguration.java","110089","38933","149022"
"2017-08-02 00:49","ServerConfiguration.java","117621","100487","218108"
"2017-10-03 12:31","ServerConfiguration.java","125063","98086","223149"
"2017-08-16 03:37","ServerConfiguration.java","119177","108676","227853"
"2014-05-09 14:04","ServerConfiguration.java","2132","8685","10817"
"2017-05-26 12:38","ServerConfiguration.java","112812","69360","182172"
"2014-01-15 15:58","ServerConfiguration.java","112","456","568"
"2017-07-07 08:19","ServerConfiguration.java","114157","80780","194937"
"2017-06-28 23:24","ServerConfiguration.java","113852","74679","188531"
"2017-11-08 12:27","ServerConfiguration.java","126688","117585","244273"
"2014-01-22 14:35","ServerConfiguration.java","723","2988","3711"
"2013-10-12 05:42","SyncThread.java","1395","3190","4585"
"2017-03-28 22:35","BookieClient.java","334","4926","5260"
"2017-01-31 04:01","BookKeeper.java","6189","27214","33403"
"2017-06-30 00:12","BookKeeper.java","9809","47647","57456"
"2016-10-13 07:50","BookKeeper.java","5395","12864","18259"
"2017-06-21 21:00","BookKeeper.java","9474","44841","54315"
"2017-03-28 22:35","BookKeeper.java","6386","32003","38389"
"2016-10-13 09:27","BookKeeper.java","5548","13003","18551"
"2017-07-28 20:12","BookKeeper.java","11279","55672","66951"
"2017-05-15 19:52","BookKeeper.java","7821","37192","45013"
"2014-02-05 22:43","TestAutoRecoveryAlongWithBookieServers.java","5084","49819","54903"
"2017-07-04 06:27","FileInfo.java","48415","117757","166172"
"2012-10-26 12:51","FileInfo.java","10009","55166","65175"
"2014-12-04 12:28","FileInfo.java","15407","137342","152749"
"2017-01-31 04:01","FileInfo.java","47150","97718","144868"
"2017-03-23 15:55","FileInfo.java","47164","98098","145262"
"2016-11-18 00:18","FileInfo.java","47108","84575","131683"
"2012-12-18 13:04","FileInfo.java","10879","70056","80935"
"2013-05-04 14:22","FileInfo.java","13206","107784","120990"
"2012-06-13 16:57","FileInfo.java","1811","7484","9295"
"2017-06-01 23:58","FileInfo.java","48286","110393","158679"
"2017-07-17 23:27","FileInfo.java","48461","120910","169371"
"2017-05-16 00:31","FileInfo.java","47675","107007","154682"
"2013-10-22 16:21","FileInfo.java","14337","116916","131253"
"2013-10-11 08:36","FileInfo.java","14075","115346","129421"
"2017-01-31 04:01","BookKeeper.java","857","14427","15284"
"2017-06-30 00:12","BookKeeper.java","4793","35176","39969"
"2017-06-21 21:00","BookKeeper.java","4451","32363","36814"
"2017-03-28 22:35","BookKeeper.java","1095","19257","20352"
"2017-07-28 20:12","BookKeeper.java","6326","43264","49590"
"2017-05-15 19:52","BookKeeper.java","2781","24697","27478"
"2017-03-28 22:40","FlatLedgerManagerFactory.java","60194","92755","152949"
"2015-09-15 10:38","FlatLedgerManagerFactory.java","12294","114661","126955"
"2012-09-07 07:04","FlatLedgerManagerFactory.java","1215","13036","14251"
"2013-07-20 20:06","SyncThread.java","450","5735","6185"
"2013-10-12 05:42","SyncThread.java","1780","8860","10640"
"2017-06-01 23:58","LedgerMetadataImpl.java","8970","41534","50504"
"2017-07-28 20:12","LedgerMetadataImpl.java","11279","55672","66951"
"2014-08-02 20:02","Journal.java","4771","29484","34255"
"2014-03-07 13:14","Journal.java","3789","17493","21282"
"2014-04-29 22:07","Journal.java","3970","19986","23956"
"2013-12-06 07:39","Journal.java","2285","12541","14826"
"2015-04-21 09:23","Journal.java","5282","35250","40532"
"2016-02-09 08:30","Journal.java","6095","39330","45425"
"2015-02-23 08:11","Journal.java","5272","35004","40276"
"2017-05-26 16:52","Journal.java","112043","78715","190758"
"2017-03-22 22:54","Journal.java","111092","67370","178462"
"2016-11-12 03:37","Journal.java","110968","53753","164721"
"2016-07-14 23:02","Journal.java","109632","44631","154263"
"2013-07-20 19:59","Journal.java","522","5620","6142"
"2013-07-04 14:01","Journal.java","486","5347","5833"
"2017-06-01 23:58","Journal.java","112764","80293","193057"
"2017-05-09 22:24","Journal.java","111584","74458","186042"
"2013-10-12 05:42","Journal.java","1843","9077","10920"
"2013-10-02 06:23","Journal.java","805","7116","7921"
"2017-05-16 00:31","Journal.java","111989","76743","188732"
"2014-08-02 20:02","Journal.java","4646","24261","28907"
"2014-03-07 13:14","Journal.java","3600","12206","15806"
"2014-04-29 22:07","Journal.java","3825","14743","18568"
"2013-12-06 07:39","Journal.java","1902","7060","8962"
"2015-04-21 09:23","Journal.java","5539","30409","35948"
"2016-02-09 08:30","Journal.java","6366","34503","40869"
"2015-02-23 08:11","Journal.java","5527","30161","35688"
"2017-05-26 16:52","Journal.java","113726","75300","189026"
"2017-03-22 22:54","Journal.java","112751","63931","176682"
"2016-11-12 03:37","Journal.java","112614","50301","162915"
"2016-07-14 23:02","Journal.java","109938","39839","149777"
"2017-06-01 23:58","Journal.java","114452","76883","191335"
"2017-05-09 22:24","Journal.java","113245","71021","184266"
"2013-10-12 05:42","Journal.java","1472","3608","5080"
"2013-10-02 06:23","Journal.java","381","1594","1975"
"2017-05-16 00:31","Journal.java","113672","73328","187000"
"2017-06-01 23:58","ReadEntryProcessorV3.java","115213","58029","173242"
"2017-05-16 00:31","ReadEntryProcessorV3.java","114344","54385","168729"
"2017-05-15 19:52","ReadEntryProcessorV3.java","114187","53810","167997"
"2016-11-12 03:35","ReadEntryProcessorV3.java","112787","30834","143621"
"2017-06-05 22:25","ReadEntryProcessorV3.java","115521","59786","175307"
"2017-05-16 00:31","IndexPersistenceMgr.java","2479","11243","13722"
"2017-10-03 12:31","IndexPersistenceMgr.java","32313","59450","91763"
"2017-07-04 06:27","IndexPersistenceMgr.java","4684","23458","28142"
"2017-10-17 09:32","AuditorElector.java","130957","95219","226176"
"2016-07-14 23:02","AuditorElector.java","107464","15744","123208"
"2016-09-10 21:01","AuditorElector.java","110885","23235","134120"
"2017-03-28 22:40","AuditorElector.java","112889","47195","160084"
"2017-07-28 20:12","ReadLastConfirmedAndEntryOp.java","1802","6396","8198"
"2017-05-26 16:52","CodahaleMetricsProvider.java","2874","20392","23266"
"2013-05-04 14:22","GarbageCollectorThread.java","12776","103510","116286"
"2013-09-11 00:34","GarbageCollectorThread.java","13066","110100","123166"
"2014-01-15 15:58","GarbageCollectorThread.java","14014","115196","129210"
"2013-10-22 07:44","GarbageCollectorThread.java","13880","112221","126101"
"2017-05-09 23:06","GarbageCollectorThread.java","48417","102023","150440"
"2014-01-21 17:26","GarbageCollectorThread.java","14107","116834","130941"
"2013-10-02 06:23","GarbageCollectorThread.java","13066","110111","123177"
"2017-11-08 12:27","GarbageCollectorThread.java","52892","144627","197519"
"2012-12-24 05:50","GarbageCollectorThread.java","10317","65758","76075"
"2017-03-28 22:39","GarbageCollectorThread.java","48209","99759","147968"
"2017-01-30 23:25","GarbageCollectorThread.java","48110","88695","136805"
"2016-05-04 15:55","GarbageCollectorThread.java","47919","72690","120609"
"2012-07-23 23:39","GarbageCollectorThread.java","4345","15923","20268"
"2016-03-08 06:49","GarbageCollectorThread.java","15792","140654","156446"
"2016-02-24 00:44","GarbageCollectorThread.java","15784","140294","156078"
"2015-04-21 09:55","GarbageCollectorThread.java","15348","136217","151565"
"2013-10-30 16:23","GarbageCollectorThread.java","13995","114309","128304"
"2016-11-09 08:49","ZeroBuffer.java","111511","46278","157789"
"2017-06-01 23:58","ReplicationWorker.java","115005","55815","170820"
"2017-04-11 20:14","ReplicationWorker.java","112938","47260","160198"
"2016-03-16 04:51","ReplicationWorker.java","106943","10528","117471"
"2016-09-10 21:01","ReplicationWorker.java","110885","23235","134120"
"2017-05-26 16:52","ReplicationWorker.java","114198","54151","168349"
"2015-04-21 09:17","ReplicationWorker.java","966","4211","5177"
"2017-03-28 22:40","TestLedgerManager.java","111215","53979","165194"
"2015-07-10 22:48","TestLedgerManager.java","2416","14684","17100"
"2016-12-21 01:48","LedgerCacheTest.java","111396","45316","156712"
"2019-02-20 11:43","LedgerCacheTest.java","135130","407727","542857"
"2017-05-16 00:31","LedgerCacheTest.java","112644","61892","174536"
"2014-07-24 01:41","LedgerCacheTest.java","834","3589","4423"
"2014-12-10 19:43","LedgerCacheTest.java","2653","15036","17689"
"2016-03-08 06:49","LedgerCacheTest.java","3999","22621","26620"
"2016-12-21 01:48","LedgerCacheTest.java","79032","68211","147243"
"2013-02-12 06:00","LedgerCacheTest.java","3069","41263","44332"
"2013-01-07 03:48","LedgerCacheTest.java","2145","8247","10392"
"2012-12-24 05:50","LedgerCacheTest.java","1287","5747","7034"
"2012-12-24 06:23","LedgerCacheTest.java","1361","6043","7404"
"2019-02-20 11:43","LedgerCacheTest.java","96036","423892","519928"
"2013-08-12 19:01","LedgerCacheTest.java","4870","50460","55330"
"2013-10-12 05:42","LedgerCacheTest.java","5881","52868","58749"
"2017-05-16 00:31","LedgerCacheTest.java","79806","84313","164119"
"2013-12-02 18:45","LedgerCacheTest.java","6106","55963","62069"
"2014-07-24 01:41","LedgerCacheTest.java","7632","65646","73278"
"2014-12-10 19:43","LedgerCacheTest.java","8257","75899","84156"
"2016-03-08 06:49","LedgerCacheTest.java","9064","82945","92009"
"2014-03-12 21:26","LedgerCacheTest.java","7165","62424","69589"
"2014-04-29 22:07","JournalChannel.java","209","2521","2730"
"2017-07-07 08:19","CreateNewLogTest.java","4946","31822","36768"
"2017-06-01 23:58","GetBookieInfoProcessorV3.java","3302","10249","13551"
"2017-07-07 08:19","GetBookieInfoProcessorV3.java","4580","20725","25305"
"2012-05-25 17:13","BookieJournalTest.java","9668","20298","29966"
"2012-07-05 14:45","BookieJournalTest.java","10631","29726","40357"
"2014-04-29 22:07","BookieJournalTest.java","19710","136891","156601"
"2014-12-10 19:43","BookieJournalTest.java","20218","149272","169490"
"2017-05-15 19:52","BookieJournalTest.java","45729","111230","156959"
"2012-03-13 07:31","BookieJournalTest.java","1006","4949","5955"
"2012-03-29 15:18","BookieJournalTest.java","8376","14963","23339"
"2017-05-16 00:31","BookieJournalTest.java","45772","111691","157463"
"2013-10-11 08:36","BookieJournalTest.java","19041","126899","145940"
"2013-10-12 05:42","BookieJournalTest.java","19102","127501","146603"
"2016-04-05 08:45","BookieClient.java","40190","86779","126969"
"2017-03-28 22:35","BookieClient.java","40277","114238","154515"
"2013-10-29 05:14","BookieClient.java","18980","140496","159476"
"2014-02-05 22:43","BookieClient.java","19159","145041","164200"
"2011-11-18 11:18","BookieClient.java","3592","7221","10813"
"2017-01-31 04:01","BookieClient.java","40292","109661","149953"
"2014-04-24 10:43","BookieAutoRecoveryTest.java","422","3557","3979"
"2014-05-23 18:46","BookieAutoRecoveryTest.java","524","5008","5532"
"2014-05-09 14:04","BookieAutoRecoveryTest.java","510","4664","5174"
"2015-03-12 08:21","AuditorPeriodicCheckTest.java","6716","69308","76024"
"2014-04-24 14:44","AuditorPeriodicCheckTest.java","5496","53994","59490"
"2013-05-31 12:02","AuditorPeriodicCheckTest.java","2361","35648","38009"
"2013-10-11 08:36","AuditorPeriodicCheckTest.java","3666","43217","46883"
"2014-02-05 22:43","AuditorPeriodicCheckTest.java","5201","50562","55763"
"2017-05-16 00:31","AuditorPeriodicCheckTest.java","81347","78959","160306"
"2014-07-25 00:34","AuditorPeriodicCheckTest.java","6210","63151","69361"
"2016-09-10 21:01","AuditorPeriodicCheckTest.java","80338","52265","132603"
"2014-03-07 13:14","LogMark.java","3789","17493","21282"
"2016-09-10 21:01","UpdateLedgerOpTest.java","110237","19737","129974"
"2012-12-03 15:04","InMemoryMetaStore.java","945","3490","4435"
"2012-12-12 18:26","LedgerDirsManager.java","1998","14474","16472"
"2013-01-09 17:18","LedgerDirsManager.java","4235","21886","26121"
"2017-06-05 20:30","LedgerDirsManager.java","74230","93064","167294"
"2017-01-30 23:25","LedgerDirsManager.java","72735","73533","146268"
"2017-03-28 22:35","LedgerDirsManager.java","72824","84353","157177"
"2013-12-02 18:45","LedgerDirsManager.java","7581","68632","76213"
"2014-01-15 15:58","LedgerDirsManager.java","7660","69055","76715"
"2017-06-28 23:24","LedgerDirsManager.java","74280","96158","170438"
"2017-07-07 08:19","LedgerDirsManager.java","74455","102129","176584"
"2014-01-21 17:26","LedgerDirsManager.java","7840","70780","78620"
"2013-10-02 07:01","LedgerDirsManager.java","6555","64003","70558"
"2014-08-02 20:02","LedgerDirsManager.java","9204","84864","94068"
"2017-06-01 23:58","BookieShell.java","3757","21543","25300"
"2017-07-07 05:11","BookieShell.java","4921","31622","36543"
"2017-03-28 22:35","BookieShell.java","844","11683","12527"
"2017-03-22 22:54","BookieShell.java","744","7279","8023"
"2017-10-17 09:32","BookKeeperAdmin.java","130983","95377","226360"
"2017-06-01 23:58","BookKeeperAdmin.java","115037","55979","171016"
"2017-04-11 20:19","BookKeeperAdmin.java","113016","47473","160489"
"2017-07-07 05:11","BookKeeperAdmin.java","115982","65839","181821"
"2016-11-09 03:05","BookKeeperAdmin.java","112551","28718","141269"
"2016-11-30 00:07","BookKeeperAdmin.java","112610","29441","142051"
"2016-09-10 21:01","BookKeeperAdmin.java","110924","23406","134330"
"2016-07-14 23:02","BookKeeperAdmin.java","107503","15915","123418"
"2016-10-13 09:27","BookKeeperAdmin.java","112517","28350","140867"
"2016-03-16 05:03","BookKeeperAdmin.java","107001","10921","117922"
"2016-03-08 07:18","BookKeeperAdmin.java","2593","10799","13392"
"2014-12-06 08:03","BookKeeperAdmin.java","493","1630","2123"
"2016-10-13 07:50","NodeBase.java","112110","50442","162552"
"2014-07-24 01:41","TestEntryLog.java","3366","14393","17759"
"2014-12-10 19:43","TestEntryLog.java","4587","25242","29829"
"2016-02-24 00:44","TestEntryLog.java","5665","32207","37872"
"2014-03-12 21:26","TestEntryLog.java","2716","10988","13704"
"2017-05-16 00:31","TestEntryLog.java","113176","70696","183872"
"2017-07-07 08:19","TestEntryLog.java","114509","84002","198511"
"2014-07-24 01:41","ConcurrentLedgerTest.java","20313","138053","158366"
"2014-12-10 19:43","ConcurrentLedgerTest.java","20582","147950","168532"
"2013-10-12 05:42","ConcurrentLedgerTest.java","19368","126081","145449"
"2014-02-05 22:43","ConcurrentLedgerTest.java","19957","131939","151896"
"2017-05-16 00:31","ConcurrentLedgerTest.java","46287","110520","156807"
"2014-12-10 19:43","UpgradeTest.java","4693","25889","30582"
"2017-05-15 19:52","UpgradeTest.java","113128","70771","183899"
"2013-10-12 05:42","UpgradeTest.java","214","755","969"
"2014-12-10 19:43","UpgradeTest.java","4587","25242","29829"
"2017-05-15 19:52","UpgradeTest.java","113068","70170","183238"
"2014-01-21 05:05","BookieRequestHandler.java","3224","16224","19448"
"2013-09-11 00:34","BookieRequestHandler.java","1522","9468","10990"
"2017-08-02 00:49","BookieRequestHandler.java","116036","110652","226688"
"2017-05-15 19:52","BookieRequestHandler.java","111646","77628","189274"
"2013-05-04 14:22","GarbageCollectorThread.java","13317","105813","119130"
"2013-09-11 00:34","GarbageCollectorThread.java","13605","112401","126006"
"2014-01-15 15:58","GarbageCollectorThread.java","14547","117491","132038"
"2013-10-22 07:44","GarbageCollectorThread.java","14413","114516","128929"
"2017-05-09 23:06","GarbageCollectorThread.java","47892","103260","151152"
"2014-01-21 17:26","GarbageCollectorThread.java","14640","119129","133769"
"2013-10-02 06:23","GarbageCollectorThread.java","13605","112412","126017"
"2017-11-08 12:27","GarbageCollectorThread.java","51974","145471","197445"
"2012-12-24 05:50","GarbageCollectorThread.java","10949","68152","79101"
"2017-03-28 22:39","GarbageCollectorThread.java","47684","100996","148680"
"2017-01-30 23:25","GarbageCollectorThread.java","47586","89933","137519"
"2016-05-04 15:55","GarbageCollectorThread.java","47410","73943","121353"
"2012-07-23 23:39","GarbageCollectorThread.java","5114","18454","23568"
"2016-03-08 06:49","GarbageCollectorThread.java","16299","142923","159222"
"2016-02-24 00:44","GarbageCollectorThread.java","16288","142560","158848"
"2015-04-21 09:55","GarbageCollectorThread.java","15854","138485","154339"
"2012-05-17 19:07","GarbageCollectorThread.java","787","2549","3336"
"2013-10-30 16:23","GarbageCollectorThread.java","14528","116604","131132"
"2017-05-16 00:31","LedgerDescriptorImpl.java","2479","11243","13722"
"2017-07-04 06:27","LedgerDescriptorImpl.java","4684","23458","28142"
"2017-06-05 22:25","LedgerDescriptorImpl.java","3944","16932","20876"
"2017-07-07 08:19","TestEntryLog.java","2510","14483","16993"
"2017-10-17 09:32","AuditorElector.java","79842","125168","205010"
"2013-08-21 13:19","AuditorElector.java","7447","67997","75444"
"2016-07-14 23:02","AuditorElector.java","69892","59236","129128"
"2016-09-10 21:01","AuditorElector.java","70812","64226","135038"
"2013-03-05 18:45","AuditorElector.java","6581","59440","66021"
"2012-12-18 12:00","AuditorElector.java","3572","22226","25798"
"2012-12-14 11:18","AuditorElector.java","3315","21350","24665"
"2012-12-08 11:18","AuditorElector.java","3006","17598","20604"
"2017-03-28 22:40","AuditorElector.java","71123","86493","157616"
"2014-06-02 11:54","AuditorElector.java","9632","81753","91385"
"2014-04-24 10:43","AuditorElector.java","9473","79456","88929"
"2014-09-06 07:58","AuditorElector.java","10140","91204","101344"
"2013-01-04 11:32","AuditorElector.java","4920","25585","30505"
"2017-05-04 20:58","AbstractZkLedgerManager.java","48536","99547","148083"
"2013-07-29 12:30","AbstractZkLedgerManager.java","12462","106359","118821"
"2017-06-01 23:58","AbstractZkLedgerManager.java","49427","105095","154522"
"2017-06-12 17:20","AbstractZkLedgerManager.java","49448","106893","156341"
"2012-12-24 05:50","AbstractZkLedgerManager.java","9710","62556","72266"
"2013-03-25 06:27","AbstractZkLedgerManager.java","11968","99041","111009"
"2012-08-28 14:25","AbstractZkLedgerManager.java","4701","30061","34762"
"2017-03-28 22:40","AbstractZkLedgerManager.java","48290","97454","145744"
"2016-02-09 08:23","AbstractZkLedgerManager.java","15327","136542","151869"
"2015-09-15 10:38","AbstractZkLedgerManager.java","15234","134204","149438"
"2012-12-08 11:18","AbstractZkLedgerManager.java","8777","57163","65940"
"2016-02-23 19:16","AbstractZkLedgerManager.java","15331","136884","152215"
"2014-05-12 08:10","AbstractZkLedgerManager.java","14183","119297","133480"
"2014-01-17 18:13","AbstractZkLedgerManager.java","13555","112498","126053"
"2012-12-13 12:33","LedgerRecoveryTest.java","15996","91066","107062"
"2013-01-07 12:25","LedgerRecoveryTest.java","16325","96286","112611"
"2011-11-17 11:16","LedgerRecoveryTest.java","1003","3394","4397"
"2012-02-13 15:46","LedgerRecoveryTest.java","2828","14884","17712"
"2012-01-17 16:52","LedgerRecoveryTest.java","2597","10371","12968"
"2013-06-12 18:41","LedgerRecoveryTest.java","17655","135186","152841"
"2013-03-25 18:02","LedgerRecoveryTest.java","17493","130199","147692"
"2014-02-05 22:43","LedgerRecoveryTest.java","18053","143985","162038"
"2017-05-16 00:31","LedgerRecoveryTest.java","39739","117922","157661"
"2017-06-21 19:50","LedgerRecoveryTest.java","39849","122827","162676"
"2017-05-15 19:52","LedgerHandle.java","80990","78794","159784"
"2017-05-02 22:07","LedgerHandle.java","80427","75877","156304"
"2017-03-23 15:55","LedgerHandle.java","80314","70138","150452"
"2016-09-10 21:01","LedgerHandle.java","80070","52607","132677"
"2016-07-11 23:01","LedgerHandle.java","78813","47246","126059"
"2013-04-26 18:38","LedgerHandle.java","2370","35478","37848"
"2013-10-14 18:32","LedgerHandle.java","4330","45125","49455"
"2014-02-05 22:43","LedgerHandle.java","5529","51500","57029"
"2014-02-21 19:01","LedgerHandle.java","5663","52797","58460"
"2017-05-17 08:57","LedgerHandle.java","81085","79366","160451"
"2017-05-25 14:23","LedgerHandle.java","81117","81203","162320"
"2017-06-21 19:50","LedgerHandle.java","82002","85019","167021"
"2017-06-21 21:00","LedgerHandle.java","82007","85807","167814"
"2017-06-01 23:58","LedgerHandle.java","81817","82814","164631"
"2014-01-21 05:19","LedgerHandle.java","4661","49829","54490"
"2014-09-18 06:47","LedgerHandle.java","6586","66776","73362"
"2014-12-09 19:57","LedgerHandle.java","6704","67987","74691"
"2017-07-04 06:27","LedgerHandle.java","82287","90519","172806"
"2017-06-30 00:12","LedgerHandle.java","82184","88455","170639"
"2014-05-30 14:01","LedgerHandle.java","5908","56976","62884"
"2014-05-30 15:07","LedgerHandle.java","5928","57035","62963"
"2014-01-17 18:13","LedgerHandle.java","4587","48859","53446"
"2016-02-09 08:32","LedgerHandle.java","7801","74515","82316"
"2016-03-16 05:03","LedgerHandle.java","78622","42597","121219"
"2015-10-22 09:22","LedgerHandle.java","7687","73366","81053"
"2015-10-06 10:05","LedgerHandle.java","7657","72280","79937"
"2017-01-31 04:01","LedgerHandle.java","80233","69691","149924"
"2015-04-21 09:39","LedgerHandle.java","7009","70461","77470"
"2015-10-06 11:12","LedgerHandle.java","7660","72523","80183"
"2014-12-05 14:10","LedgerHandle.java","6663","67497","74160"
"2013-01-04 11:32","ServerConfiguration.java","17513","83356","100869"
"2014-08-02 20:02","ServerConfiguration.java","20517","144753","165270"
"2014-05-06 12:30","ServerConfiguration.java","20108","135694","155802"
"2014-05-15 00:41","ServerConfiguration.java","20108","136608","156716"
"2014-09-18 06:47","ServerConfiguration.java","20528","146773","167301"
"2017-07-04 06:27","ServerConfiguration.java","47009","121296","168305"
"2014-03-07 13:14","ServerConfiguration.java","20072","133299","153371"
"2014-04-29 22:07","ServerConfiguration.java","20108","135647","155755"
"2012-10-18 16:40","ServerConfiguration.java","16175","64751","80926"
"2012-09-12 20:34","ServerConfiguration.java","13372","53899","67271"
"2016-04-14 00:51","ServerConfiguration.java","45689","78714","124403"
"2015-01-16 15:57","ServerConfiguration.java","20640","149857","170497"
"2013-02-08 19:08","ServerConfiguration.java","18014","116018","134032"
"2016-03-08 06:49","ServerConfiguration.java","20886","154537","175423"
"2016-01-26 22:11","ServerConfiguration.java","20875","153512","174387"
"2014-01-21 05:05","ServerConfiguration.java","19635","130512","150147"
"2014-03-12 21:26","ServerConfiguration.java","20081","135110","155191"
"2016-04-05 18:47","ServerConfiguration.java","45674","78649","124323"
"2016-04-27 09:55","ServerConfiguration.java","45690","79227","124917"
"2015-04-21 09:55","ServerConfiguration.java","20659","150317","170976"
"2015-01-12 15:18","ServerConfiguration.java","20639","148918","169557"
"2015-04-21 10:02","ServerConfiguration.java","20660","150351","171011"
"2013-01-14 16:59","ServerConfiguration.java","17886","85177","103063"
"2012-11-30 04:54","ServerConfiguration.java","16559","75747","92306"
"2017-05-15 19:52","ServerConfiguration.java","46294","110153","156447"
"2017-03-22 22:54","ServerConfiguration.java","45856","101657","147513"
"2012-12-11 18:59","ServerConfiguration.java","16768","76912","93680"
"2017-03-23 00:48","ServerConfiguration.java","45859","101712","147571"
"2017-01-31 02:11","ServerConfiguration.java","45835","95267","141102"
"2013-02-19 16:19","ServerConfiguration.java","18801","116758","135559"
"2013-02-19 16:15","ServerConfiguration.java","18801","116739","135540"
"2016-04-05 08:45","ServerConfiguration.java","45672","78405","124077"
"2016-11-09 03:02","ServerConfiguration.java","45819","88079","133898"
"2016-11-30 00:02","ServerConfiguration.java","45814","88756","134570"
"2017-06-05 20:30","ServerConfiguration.java","46903","114313","161216"
"2016-09-10 20:27","ServerConfiguration.java","45744","84215","129959"
"2012-03-29 15:18","ServerConfiguration.java","8239","13184","21423"
"2017-08-02 00:49","ServerConfiguration.java","47751","140244","187995"
"2017-10-03 12:31","ServerConfiguration.java","48998","131648","180646"
"2017-08-16 03:37","ServerConfiguration.java","48575","147701","196276"
"2013-07-20 19:59","ServerConfiguration.java","19257","123878","143135"
"2013-12-02 18:45","ServerConfiguration.java","19590","129217","148807"
"2014-05-09 14:04","ServerConfiguration.java","20108","136288","156396"
"2017-05-26 12:38","ServerConfiguration.java","46374","112549","158923"
"2013-06-15 19:05","ServerConfiguration.java","19221","123273","142494"
"2014-01-15 15:58","ServerConfiguration.java","19608","129579","149187"
"2013-10-22 07:44","ServerConfiguration.java","19501","126631","146132"
"2017-07-07 08:19","ServerConfiguration.java","47003","123253","170256"
"2017-06-28 23:24","ServerConfiguration.java","46952","117406","164358"
"2017-11-08 12:27","ServerConfiguration.java","49703","150227","199930"
"2014-01-22 14:35","ServerConfiguration.java","19789","131681","151470"
"2013-10-12 05:42","ServerConfiguration.java","19426","126183","145609"
"2014-07-24 01:41","ConcurrentLedgerTest.java","19965","139587","159552"
"2014-12-10 19:43","ConcurrentLedgerTest.java","20198","149448","169646"
"2012-03-08 19:24","ConcurrentLedgerTest.java","529","2411","2940"
"2013-10-12 05:42","ConcurrentLedgerTest.java","19095","127690","146785"
"2014-02-05 22:43","ConcurrentLedgerTest.java","19626","133490","153116"
"2017-05-16 00:31","ConcurrentLedgerTest.java","45746","111861","157607"
"2014-02-05 22:43","LedgerRecoveryTest.java","3504","11905","15409"
"2017-05-16 00:31","LedgerRecoveryTest.java","113265","73917","187182"
"2017-06-21 19:50","LedgerRecoveryTest.java","114241","79688","193929"
"2015-04-21 09:17","OpStatsLogger.java","4074","25340","29414"
"2012-05-25 17:13","ReadLastConfirmedOp.java","9682","20520","30202"
"2017-06-30 00:12","ReadLastConfirmedOp.java","46370","120546","166916"
"2012-08-27 14:43","ReadLastConfirmedOp.java","13037","48378","61415"
"2012-09-14 15:42","ReadLastConfirmedOp.java","13593","55912","69505"
"2017-05-15 19:52","ReadLastConfirmedOp.java","45709","111418","157127"
"2012-04-02 12:38","ReadLastConfirmedOp.java","8537","16308","24845"
"2017-06-01 23:58","ReadLastConfirmedOp.java","46313","115215","161528"
"2014-02-21 19:01","ReadLastConfirmedOp.java","19675","134714","154389"
"2017-07-04 06:27","LedgerStorage.java","113249","88013","201262"
"2017-03-28 22:37","LedgerStorage.java","111109","71906","183015"
"2016-03-08 06:49","LedgerStorage.java","6272","40400","46672"
"2017-01-31 04:01","LedgerStorage.java","111011","67001","178012"
"2016-11-18 00:18","LedgerStorage.java","110963","53852","164815"
"2017-05-16 00:31","LedgerStorage.java","111989","76743","188732"
"2017-06-01 23:58","ReplicationWorker.java","72391","94265","166656"
"2017-04-11 20:14","ReplicationWorker.java","71157","86543","157700"
"2014-02-05 22:43","ReplicationWorker.java","9346","76194","85540"
"2013-10-02 06:23","ReplicationWorker.java","7529","68185","75714"
"2016-03-16 04:51","ReplicationWorker.java","69663","54312","123975"
"2016-09-10 21:01","ReplicationWorker.java","70812","64226","135038"
"2017-05-26 16:52","ReplicationWorker.java","71756","92773","164529"
"2012-12-18 12:00","ReplicationWorker.java","3572","22226","25798"
"2015-04-21 09:17","ReplicationWorker.java","10521","94830","105351"
"2013-01-03 11:06","ReplicationWorker.java","4885","24735","29620"
"2013-12-06 07:39","ReplicationWorker.java","8587","73188","81775"
"2014-04-24 10:43","ReplicationWorker.java","9473","79456","88929"
"2014-09-06 07:58","ReplicationWorker.java","10140","91204","101344"
"2017-03-23 00:48","ClientConfiguration.java","112395","41085","153480"
"2016-04-05 08:45","ClientConfiguration.java","106653","12223","118876"
"2017-03-28 22:35","ClientConfiguration.java","112447","45389","157836"
"2017-01-31 02:14","ClientConfiguration.java","112260","35141","147401"
"2017-04-15 13:58","ClientConfiguration.java","112707","46749","159456"
"2017-03-23 00:59","ClientConfiguration.java","112402","41104","153506"
"2017-05-15 19:52","ClientConfiguration.java","113655","50351","164006"
"2016-10-13 07:50","ClientConfiguration.java","112007","26801","138808"
"2017-06-21 19:58","ClientConfiguration.java","115114","57133","172247"
"2017-06-05 21:48","ClientConfiguration.java","114814","55445","170259"
"2017-06-21 19:50","ClientConfiguration.java","115109","57018","172127"
"2017-08-02 00:49","ClientConfiguration.java","119423","84753","204176"
"2017-08-01 08:34","ClientConfiguration.java","118858","81603","200461"
"2017-06-30 00:12","ClientConfiguration.java","115446","60609","176055"
"2017-07-04 06:27","ClientConfiguration.java","115611","62735","178346"
"2017-01-31 04:01","ClientConfiguration.java","112262","40612","152874"
"2015-10-06 10:05","ClientConfiguration.java","1593","5108","6701"
"2015-10-06 10:48","ClientConfiguration.java","1599","5340","6939"
"2016-02-09 08:32","ClientConfiguration.java","1787","7393","9180"
"2016-08-01 08:04","ClientConfiguration.java","107118","15142","122260"
"2017-05-15 19:52","BookKeeperClusterTestCase.java","80990","78794","159784"
"2013-01-09 17:18","BookKeeperClusterTestCase.java","422","594","1016"
"2016-04-05 08:45","BookKeeperClusterTestCase.java","78615","45293","123908"
"2017-08-01 08:34","BookKeeperClusterTestCase.java","84841","108694","193535"
"2013-10-12 05:42","BookKeeperClusterTestCase.java","4239","44941","49180"
"2014-02-05 22:43","BookKeeperClusterTestCase.java","5529","51500","57029"
"2017-11-08 12:27","BookKeeperClusterTestCase.java","93260","127729","220989"
"2013-06-15 19:05","BookKeeperClusterTestCase.java","2931","40928","43859"
"2014-05-09 14:04","BookKeeperClusterTestCase.java","5852","55977","61829"
"2017-07-04 06:27","BookKeeperClusterTestCase.java","82287","90519","172806"
"2014-07-24 01:41","BookKeeperClusterTestCase.java","6314","58043","64357"
"2014-05-23 18:46","BookKeeperClusterTestCase.java","5858","56313","62171"
"2017-06-30 00:12","BookKeeperClusterTestCase.java","82184","88455","170639"
"2014-04-24 10:43","BookKeeperClusterTestCase.java","5789","54895","60684"
"2016-04-27 09:55","BookKeeperClusterTestCase.java","78685","46167","124852"
"2015-10-06 10:48","BookKeeperClusterTestCase.java","7660","72509","80169"
"2014-12-10 19:43","BookKeeperClusterTestCase.java","6964","68321","75285"
"2012-05-25 17:13","ReadLastConfirmedOp.java","1469","4536","6005"
"2017-06-30 00:12","ReadLastConfirmedOp.java","48697","115102","163799"
"2012-08-27 14:43","ReadLastConfirmedOp.java","6623","34193","40816"
"2012-09-14 15:42","ReadLastConfirmedOp.java","7293","41841","49134"
"2017-05-15 19:52","ReadLastConfirmedOp.java","47971","105909","153880"
"2017-06-01 23:58","ReadLastConfirmedOp.java","48634","109765","158399"
"2014-02-21 19:01","ReadLastConfirmedOp.java","15209","122477","137686"
"2019-02-20 11:43","IndexInMemPageMgr.java","51322","371896","423218"
"2017-06-01 23:58","MSLedgerManagerFactory.java","113520","64074","177594"
"2015-09-15 10:38","MSLedgerManagerFactory.java","3534","17390","20924"
"2017-03-28 22:40","MSLedgerManagerFactory.java","111633","55683","167316"
"2017-03-28 22:40","AbstractConfiguration.java","314","5009","5323"
"2017-08-02 00:49","AbstractConfiguration.java","9191","45831","55022"
"2017-05-02 23:04","AbstractConfiguration.java","1021","7537","8558"
"2017-05-15 19:52","SlowBookieTest.java","112690","65672","178362"
"2014-02-05 22:43","SlowBookieTest.java","1266","2415","3681"
"2017-07-28 20:12","MacDigestManager.java","3971","18516","22487"
"2017-07-28 20:12","BKException.java","6172","29540","35712"
"2017-05-02 23:04","BKException.java","1187","8043","9230"
"2017-08-02 00:49","BKException.java","9319","46299","55618"
"2012-12-24 05:50","LedgerCacheImpl.java","3110","17238","20348"
"2016-11-18 00:18","LedgerCacheImpl.java","73894","66204","140098"
"2012-12-18 13:04","LedgerCacheImpl.java","2483","16503","18986"
"2017-05-16 00:31","LedgerCacheImpl.java","74698","88873","163571"
"2013-10-11 08:36","LedgerCacheImpl.java","7349","63463","70812"
"2017-06-01 23:58","LedgerCacheImpl.java","75384","92334","167718"
"2014-08-02 20:02","LedgerCacheImpl.java","9326","83460","92786"
"2017-07-04 06:27","LedgerCacheImpl.java","75679","99864","175543"
"2017-01-31 04:01","LedgerCacheImpl.java","73947","79358","153305"
"2017-07-28 20:12","BKException.java","41035","133321","174356"
"2016-07-11 22:53","BKException.java","40438","87424","127862"
"2017-05-02 23:04","BKException.java","40496","116270","156766"
"2013-09-10 15:14","BKException.java","18930","138119","157049"
"2014-02-21 19:01","BKException.java","19292","145886","165178"
"2012-04-02 12:38","BKException.java","11728","31054","42782"
"2017-08-02 00:49","BKException.java","41431","147329","188760"
"2012-12-12 11:20","BKException.java","17226","91554","108780"
"2012-06-19 12:39","BKException.java","12623","37412","50035"
"2011-11-16 17:05","BKException.java","2605","3852","6457"
"2015-09-15 10:38","BKException.java","19678","163437","183115"
"2017-01-31 04:01","BKException.java","40508","109426","149934"
"2015-10-06 10:48","BKException.java","19681","163990","183671"
"2015-10-22 09:22","BKException.java","19685","164824","184509"
"2012-09-04 10:39","BKException.java","14478","66328","80806"
"2012-12-03 17:59","BKException.java","17110","90240","107350"
"2013-06-12 18:41","LedgerRecoveryTest.java","693","5518","6211"
"2014-02-05 22:43","LedgerRecoveryTest.java","3809","17035","20844"
"2017-05-16 00:31","LedgerRecoveryTest.java","112084","77561","189645"
"2017-06-21 19:50","LedgerRecoveryTest.java","113053","83325","196378"
"2012-12-03 06:23","BookKeeperTest.java","5669","44757","50426"
"2016-02-09 08:39","BookKeeperTest.java","12597","125124","137721"
"2015-10-16 07:00","BookKeeperTest.java","12505","123136","135641"
"2016-04-08 19:43","BookKeeperTest.java","53325","66029","119354"
"2017-01-31 04:01","BookKeeperTest.java","54001","89215","143216"
"2014-07-24 01:41","BookKeeperTest.java","11656","109141","120797"
"2017-05-15 19:52","BookKeeperTest.java","54557","98117","152674"
"2017-05-02 22:07","BookKeeperTest.java","54114","95320","149434"
"2013-05-06 19:32","BookKeeperTest.java","9310","88634","97944"
"2013-01-10 19:13","BookKeeperTest.java","7761","54127","61888"
"2012-05-25 17:13","BookieJournalTest.java","1654","5697","7351"
"2012-07-05 14:45","BookieJournalTest.java","3986","16494","20480"
"2014-04-29 22:07","BookieJournalTest.java","14912","125506","140418"
"2014-12-10 19:43","BookieJournalTest.java","15580","138047","153627"
"2017-05-15 19:52","BookieJournalTest.java","47623","106537","154160"
"2017-05-16 00:31","BookieJournalTest.java","47675","107007","154682"
"2013-10-11 08:36","BookieJournalTest.java","14075","115346","129421"
"2013-10-12 05:42","BookieJournalTest.java","14164","115976","130140"
"2014-07-24 01:41","TestFencing.java","1183","6941","8124"
"2017-03-28 22:40","FlatLedgerManagerFactory.java","48290","97454","145744"
"2015-09-15 10:38","FlatLedgerManagerFactory.java","15234","134204","149438"
"2012-08-14 11:40","FlatLedgerManagerFactory.java","3878","20481","24359"
"2012-09-07 07:04","FlatLedgerManagerFactory.java","4844","33268","38112"
"2017-05-16 00:31","TestPerChannelBookieClient.java","8327","39871","48198"
"2017-01-31 02:14","TestPerChannelBookieClient.java","6577","23888","30465"
"2017-05-15 19:52","TestPerChannelBookieClient.java","8150","39276","47426"
"2016-07-14 23:02","FileSystemUpgrade.java","107158","15408","122566"
"2017-03-22 22:54","FileSystemUpgrade.java","112426","41955","154381"
"2017-07-28 20:12","BKException.java","115728","63705","179433"
"2016-07-11 22:53","BKException.java","105743","8420","114163"
"2017-05-02 23:04","BKException.java","111921","43386","155307"
"2017-08-02 00:49","BKException.java","118418","80007","198425"
"2017-01-31 04:01","BKException.java","111024","35633","146657"
"2015-10-22 09:22","BKException.java","33","863","896"
"2017-07-28 20:12","BKException.java","115780","62927","178707"
"2016-07-11 22:53","BKException.java","105716","7563","113279"
"2017-05-02 23:04","BKException.java","111940","42575","154515"
"2017-08-02 00:49","BKException.java","118470","79229","197699"
"2017-01-31 04:01","BKException.java","111033","34812","145845"
"2017-06-21 19:58","BookieClientTest.java","113395","64793","178188"
"2014-07-25 00:34","BookieClientTest.java","622","6444","7066"
"2017-03-28 22:35","BookieClientTest.java","111107","53428","164535"
"2016-12-17 02:39","BookieClientTest.java","110950","41554","152504"
"2017-05-15 19:52","BookieClientTest.java","112131","58206","170337"
"2014-12-10 19:43","BookieClientTest.java","1949","11577","13526"
"2015-10-06 10:05","BookieClientTest.java","2948","15842","18790"
"2017-05-15 19:52","LedgerHandle.java","66051","93161","159212"
"2017-05-02 22:07","LedgerHandle.java","65590","90346","155936"
"2017-03-23 15:55","LedgerHandle.java","65515","84645","150160"
"2012-12-28 12:32","LedgerHandle.java","6764","34267","41031"
"2016-09-10 21:01","LedgerHandle.java","65314","67157","132471"
"2016-07-11 23:01","LedgerHandle.java","64576","62315","126891"
"2013-04-26 18:38","LedgerHandle.java","8969","71383","80352"
"2013-10-14 18:32","LedgerHandle.java","10369","80470","90839"
"2014-02-05 22:43","LedgerHandle.java","11259","86536","97795"
"2014-02-21 19:01","LedgerHandle.java","11354","87794","99148"
"2017-05-17 08:57","LedgerHandle.java","66126","93713","159839"
"2017-05-25 14:23","LedgerHandle.java","66158","95550","161708"
"2017-06-21 19:50","LedgerHandle.java","66792","99115","165907"
"2017-06-21 21:00","LedgerHandle.java","66795","99901","166696"
"2017-06-01 23:58","LedgerHandle.java","66745","97048","163793"
"2012-09-12 11:59","LedgerHandle.java","649","4233","4882"
"2014-01-21 05:19","LedgerHandle.java","10652","85126","95778"
"2014-09-18 06:47","LedgerHandle.java","12028","101524","113552"
"2014-12-09 19:57","LedgerHandle.java","12096","102685","114781"
"2017-07-04 06:27","LedgerHandle.java","66961","104499","171460"
"2017-06-30 00:12","LedgerHandle.java","66873","102450","169323"
"2014-05-30 14:01","LedgerHandle.java","11460","91834","103294"
"2014-05-30 15:07","LedgerHandle.java","11480","91893","103373"
"2014-01-17 18:13","LedgerHandle.java","10585","84163","94748"
"2013-01-07 12:25","LedgerHandle.java","7139","36445","43584"
"2012-09-14 11:53","LedgerHandle.java","876","4695","5571"
"2016-02-09 08:32","LedgerHandle.java","12808","108828","121636"
"2016-03-16 05:03","LedgerHandle.java","64432","57713","122145"
"2015-10-22 09:22","LedgerHandle.java","12725","107710","120435"
"2015-10-06 10:05","LedgerHandle.java","12712","106641","119353"
"2017-01-31 04:01","LedgerHandle.java","65466","84230","149696"
"2015-04-21 09:39","LedgerHandle.java","12324","105082","117406"
"2015-10-06 11:12","LedgerHandle.java","12713","106882","119595"
"2014-12-05 14:10","LedgerHandle.java","12078","102218","114296"
"2017-03-23 00:54","TestDiskChecker.java","72826","80116","152942"
"2014-01-15 15:58","TestDiskChecker.java","7660","69055","76715"
"2014-12-10 19:43","TestDiskChecker.java","9619","88455","98074"
"2017-05-15 19:52","BookKeeperTest.java","1577","3931","5508"
"2017-07-04 06:27","SyncThreadTest.java","2419","12429","14848"
"2017-05-15 19:52","DigestManager.java","40437","118152","158589"
"2012-07-18 17:00","DigestManager.java","13966","48121","62087"
"2017-05-25 14:23","DigestManager.java","40482","120479","160961"
"2012-02-13 15:46","DigestManager.java","4625","16631","21256"
"2012-05-10 14:47","DigestManager.java","12253","33843","46096"
"2012-05-25 17:13","DigestManager.java","12570","35414","47984"
"2011-11-17 11:16","DigestManager.java","2969","5310","8279"
"2017-01-31 04:01","DigestManager.java","40292","109661","149953"
"2017-03-23 00:48","ClientConfiguration.java","6259","26925","33184"
"2017-03-28 22:35","ClientConfiguration.java","6316","31234","37550"
"2017-01-31 02:14","ClientConfiguration.java","6056","20913","26969"
"2017-04-15 13:58","ClientConfiguration.java","6630","32648","39278"
"2017-03-23 00:59","ClientConfiguration.java","6272","26950","33222"
"2017-05-15 19:52","ClientConfiguration.java","7752","36424","44176"
"2016-10-13 07:50","ClientConfiguration.java","5310","12080","17390"
"2017-06-21 19:58","ClientConfiguration.java","9397","43392","52789"
"2017-06-05 21:48","ClientConfiguration.java","9076","41683","50759"
"2017-06-21 19:50","ClientConfiguration.java","9391","43276","52667"
"2017-08-02 00:49","ClientConfiguration.java","14280","71586","85866"
"2017-08-01 08:34","ClientConfiguration.java","13592","68313","81905"
"2017-06-30 00:12","ClientConfiguration.java","9741","46880","56621"
"2017-07-04 06:27","ClientConfiguration.java","9941","49041","58982"
"2017-01-31 04:01","ClientConfiguration.java","6116","26442","32558"
"2013-01-14 16:59","BookieServer.java","16980","95786","112766"
"2013-01-09 17:18","BookieServer.java","16891","94633","111524"
"2013-02-12 11:16","BookieServer.java","17834","127226","145060"
"2013-04-02 17:38","BookieServer.java","18020","128415","146435"
"2017-08-16 03:37","BookieServer.java","42067","152708","194775"
"2017-08-02 00:49","BookieServer.java","41569","145577","187146"
"2011-11-18 11:18","BookieServer.java","717","2005","2722"
"2012-02-15 16:11","BookieServer.java","2238","11915","14153"
"2012-03-08 19:24","BookieServer.java","2557","14116","16673"
"2013-07-03 17:39","BookieServer.java","18229","134113","152342"
"2013-07-24 16:55","BookieServer.java","18246","134998","153244"
"2014-02-05 22:43","BookieServer.java","18772","142313","161085"
"2017-06-28 23:24","BookieServer.java","40885","122854","163739"
"2013-06-15 19:05","BookieServer.java","18226","133793","152019"
"2017-06-01 23:58","BookieServer.java","40847","119414","160261"
"2017-10-17 09:32","BookieServer.java","42558","144577","187135"
"2014-08-02 20:02","BookieServer.java","19165","154916","174081"
"2012-05-09 09:43","BookieServer.java","10411","29319","39730"
"2013-12-06 07:39","BookieServer.java","18438","139732","158170"
"2012-07-23 23:39","BookieServer.java","12759","44641","57400"
"2012-07-09 04:09","BookieServer.java","11390","40363","51753"
"2012-10-18 16:40","BookieServer.java","15934","76025","91959"
"2012-02-01 12:58","BookieServer.java","1881","9348","11229"
"2014-01-21 05:05","BookieServer.java","18453","140845","159298"
"2014-08-02 20:02","ServerConfiguration.java","1394","9450","10844"
"2014-05-15 00:41","ServerConfiguration.java","16","336","352"
"2014-09-18 06:47","ServerConfiguration.java","1975","12040","14015"
"2017-07-04 06:27","ServerConfiguration.java","114172","72279","186451"
"2016-04-14 00:51","ServerConfiguration.java","108106","24951","133057"
"2015-01-16 15:57","ServerConfiguration.java","2626","15663","18289"
"2016-03-08 06:49","ServerConfiguration.java","3966","21437","25403"
"2016-01-26 22:11","ServerConfiguration.java","3624","20081","23705"
"2016-04-05 18:47","ServerConfiguration.java","108080","24875","132955"
"2016-04-27 09:55","ServerConfiguration.java","108159","25516","133675"
"2015-04-21 09:55","ServerConfiguration.java","2761","16239","19000"
"2015-01-12 15:18","ServerConfiguration.java","2618","14717","17335"
"2015-04-21 10:02","ServerConfiguration.java","2774","16285","19059"
"2017-05-15 19:52","ServerConfiguration.java","112502","60181","172683"
"2017-03-22 22:54","ServerConfiguration.java","111482","51103","162585"
"2017-03-23 00:48","ServerConfiguration.java","111483","51156","162639"
"2017-01-31 02:11","ServerConfiguration.java","111374","44626","156000"
"2016-04-05 08:45","ServerConfiguration.java","108070","24623","132693"
"2016-11-09 03:02","ServerConfiguration.java","111279","37359","148638"
"2016-11-30 00:02","ServerConfiguration.java","111328","38090","149418"
"2017-06-05 20:30","ServerConfiguration.java","113591","64821","178412"
"2016-09-10 20:27","ServerConfiguration.java","109689","31980","141669"
"2017-08-02 00:49","ServerConfiguration.java","117826","94139","211965"
"2017-10-03 12:31","ServerConfiguration.java","125505","91975","217480"
"2017-08-16 03:37","ServerConfiguration.java","119432","102378","221810"
"2017-05-26 12:38","ServerConfiguration.java","112698","62693","175391"
"2017-07-07 08:19","ServerConfiguration.java","114199","74269","188468"
"2017-06-28 23:24","ServerConfiguration.java","113786","68060","181846"
"2017-11-08 12:27","ServerConfiguration.java","127418","111762","239180"
"2017-05-15 19:52","BookKeeperClusterTestCase.java","8075","38397","46472"
"2017-08-01 08:34","BookKeeperClusterTestCase.java","13904","70275","84179"
"2017-11-08 12:27","BookKeeperClusterTestCase.java","29494","96481","125975"
"2017-07-04 06:27","BookKeeperClusterTestCase.java","10260","51010","61270"
"2017-06-30 00:12","BookKeeperClusterTestCase.java","10060","48849","58909"
"2017-05-15 19:52","LedgerHandle.java","42545","113887","156432"
"2017-05-02 22:07","LedgerHandle.java","42188","111176","153364"
"2017-03-23 15:55","LedgerHandle.java","42181","105543","147724"
"2012-12-28 12:32","LedgerHandle.java","17334","89069","106403"
"2016-09-10 21:01","LedgerHandle.java","42054","88129","130183"
"2016-07-11 23:01","LedgerHandle.java","42045","84016","126061"
"2012-02-13 15:46","LedgerHandle.java","1210","6843","8053"
"2012-01-17 16:52","LedgerHandle.java","790","2141","2931"
"2012-02-01 16:19","LedgerHandle.java","867","3311","4178"
"2012-02-13 11:19","LedgerHandle.java","1083","6636","7719"
"2012-03-31 10:58","LedgerHandle.java","9341","22607","31948"
"2011-11-29 23:55","LedgerHandle.java","438","483","921"
"2013-04-26 18:38","LedgerHandle.java","18699","125345","144044"
"2013-10-14 18:32","LedgerHandle.java","19077","133410","152487"
"2014-02-05 22:43","LedgerHandle.java","19520","139029","158549"
"2014-02-21 19:01","LedgerHandle.java","19558","140230","159788"
"2017-05-17 08:57","LedgerHandle.java","42577","114396","156973"
"2017-05-25 14:23","LedgerHandle.java","42604","116228","158832"
"2017-06-21 19:50","LedgerHandle.java","42707","119262","161969"
"2017-06-21 21:00","LedgerHandle.java","42709","120047","162756"
"2017-06-01 23:58","LedgerHandle.java","42667","117202","159869"
"2012-06-29 18:43","LedgerHandle.java","11188","35590","46778"
"2012-05-25 17:13","LedgerHandle.java","10336","26807","37143"
"2012-05-10 14:47","LedgerHandle.java","9997","25214","35211"
"2012-09-12 11:59","LedgerHandle.java","13619","61435","75054"
"2012-06-19 12:39","LedgerHandle.java","10996","29863","40859"
"2014-01-21 05:19","LedgerHandle.java","19229","137935","157164"
"2012-06-27 15:35","LedgerHandle.java","11177","35249","46426"
"2014-09-18 06:47","LedgerHandle.java","19971","153699","173670"
"2014-12-09 19:57","LedgerHandle.java","19978","154799","174777"
"2017-07-04 06:27","LedgerHandle.java","42745","124515","167260"
"2017-06-30 00:12","LedgerHandle.java","42713","122522","165235"
"2014-05-30 14:01","LedgerHandle.java","19599","144205","163804"
"2014-05-30 15:07","LedgerHandle.java","19601","144246","163847"
"2014-01-17 18:13","LedgerHandle.java","19187","136997","156184"
"2013-01-07 12:25","LedgerHandle.java","17465","91003","108468"
"2012-08-28 10:51","LedgerHandle.java","13477","57709","71186"
"2012-09-14 11:53","LedgerHandle.java","13697","61748","75445"
"2016-02-09 08:32","LedgerHandle.java","20195","160447","180642"
"2016-03-16 05:03","LedgerHandle.java","41999","79512","121511"
"2015-10-22 09:22","LedgerHandle.java","20196","159413","179609"
"2015-10-06 10:05","LedgerHandle.java","20185","158346","178531"
"2017-01-31 04:01","LedgerHandle.java","42173","105169","147342"
"2015-04-21 09:39","LedgerHandle.java","20000","156990","176990"
"2015-10-06 11:12","LedgerHandle.java","20187","158588","178775"
"2014-12-05 14:10","LedgerHandle.java","19973","154345","174318"
"2017-08-16 03:37","package-info.java","11464","60546","72010"
"2017-07-28 20:12","package-info.java","5908","34745","40653"
"2017-06-01 23:58","SASLClientProviderFactory.java","1148","2055","3203"
"2016-11-18 00:18","InterleavedLedgerStorage.java","111817","24571","136388"
"2017-05-16 00:31","InterleavedLedgerStorage.java","113474","48093","161567"
"2017-07-04 06:27","InterleavedLedgerStorage.java","115326","59955","175281"
"2017-01-31 04:01","InterleavedLedgerStorage.java","111895","37750","149645"
"2016-03-08 06:49","InterleavedLedgerStorage.java","1555","5548","7103"
"2017-03-28 22:37","InterleavedLedgerStorage.java","112128","42790","154918"
"2017-07-07 08:19","BookieInitializationTest.java","2743","15134","17877"
"2017-06-28 23:24","BookieInitializationTest.java","2009","8604","10613"
"2017-07-28 06:39","BookieInitializationTest.java","4033","18313","22346"
"2017-08-02 00:49","BookieInitializationTest.java","7739","36373","44112"
"2017-06-05 20:30","BookieInitializationTest.java","1582","5133","6715"
"2014-08-02 20:02","Journal.java","4622","24474","29096"
"2014-03-07 13:14","Journal.java","3619","12462","16081"
"2014-04-29 22:07","Journal.java","3801","14956","18757"
"2013-12-06 07:39","Journal.java","1926","7321","9247"
"2015-04-21 09:23","Journal.java","5515","30622","36137"
"2016-02-09 08:30","Journal.java","6342","34716","41058"
"2015-02-23 08:11","Journal.java","5503","30374","35877"
"2017-05-26 16:52","Journal.java","113659","75470","189129"
"2017-03-22 22:54","Journal.java","112684","64101","176785"
"2016-11-12 03:37","Journal.java","112547","50471","163018"
"2016-07-14 23:02","Journal.java","109871","40009","149880"
"2013-07-20 19:59","Journal.java","36","273","309"
"2017-06-01 23:58","Journal.java","114385","77053","191438"
"2017-05-09 22:24","Journal.java","113178","71191","184369"
"2013-10-12 05:42","Journal.java","1476","3849","5325"
"2013-10-02 06:23","Journal.java","417","1867","2284"
"2017-05-16 00:31","Journal.java","113605","73498","187103"
"2017-05-15 19:52","LedgerHandle.java","36237","119603","155840"
"2017-05-02 22:07","LedgerHandle.java","36100","117112","153212"
"2017-03-23 15:55","LedgerHandle.java","36105","111491","147596"
"2012-12-28 12:32","LedgerHandle.java","14795","98554","113349"
"2016-09-10 21:01","LedgerHandle.java","36097","94196","130293"
"2016-07-11 23:01","LedgerHandle.java","36093","90088","126181"
"2012-02-13 15:46","LedgerHandle.java","8767","26424","35191"
"2012-01-17 16:52","LedgerHandle.java","8590","21965","30555"
"2012-02-01 16:19","LedgerHandle.java","8628","23096","31724"
"2012-02-13 11:19","LedgerHandle.java","8669","26246","34915"
"2012-03-31 10:58","LedgerHandle.java","9727","35017","44744"
"2011-11-29 23:55","LedgerHandle.java","8374","20443","28817"
"2013-04-26 18:38","LedgerHandle.java","15947","134617","150564"
"2013-10-14 18:32","LedgerHandle.java","16118","142475","158593"
"2014-02-05 22:43","LedgerHandle.java","16319","147852","164171"
"2014-02-21 19:01","LedgerHandle.java","16349","149045","165394"
"2017-05-17 08:57","LedgerHandle.java","36270","120113","156383"
"2017-05-25 14:23","LedgerHandle.java","36269","121917","158186"
"2017-06-21 19:50","LedgerHandle.java","36294","124873","161167"
"2017-06-21 21:00","LedgerHandle.java","36287","125649","161936"
"2017-06-01 23:58","LedgerHandle.java","36268","122827","159095"
"2012-06-29 18:43","LedgerHandle.java","10468","46894","57362"
"2012-05-25 17:13","LedgerHandle.java","10350","38845","49195"
"2012-05-10 14:47","LedgerHandle.java","10056","37297","47353"
"2012-09-12 11:59","LedgerHandle.java","12038","71878","83916"
"2012-06-19 12:39","LedgerHandle.java","10435","41326","51761"
"2014-01-21 05:19","LedgerHandle.java","16202","146932","163134"
"2012-06-27 15:35","LedgerHandle.java","10469","46565","57034"
"2014-09-18 06:47","LedgerHandle.java","16556","162308","178864"
"2014-12-09 19:57","LedgerHandle.java","16543","163388","179931"
"2017-07-04 06:27","LedgerHandle.java","36287","130081","166368"
"2017-06-30 00:12","LedgerHandle.java","36287","128120","164407"
"2014-05-30 14:01","LedgerHandle.java","16378","153008","169386"
"2014-05-30 15:07","LedgerHandle.java","16378","153047","169425"
"2014-01-17 18:13","LedgerHandle.java","16183","146017","162200"
"2013-01-07 12:25","LedgerHandle.java","14881","100443","115324"
"2012-08-28 10:51","LedgerHandle.java","11954","68210","80164"
"2011-11-28 19:25","LedgerHandle.java","8079","20103","28182"
"2012-09-14 11:53","LedgerHandle.java","12085","72160","84245"
"2016-02-09 08:32","LedgerHandle.java","16577","168853","185430"
"2011-11-16 17:05","LedgerHandle.java","7101","14450","21551"
"2011-09-05 19:38","LedgerHandle.java","4941","10592","15533"
"2016-03-16 05:03","LedgerHandle.java","36091","85628","121719"
"2015-10-22 09:22","LedgerHandle.java","16597","167838","184435"
"2015-10-06 10:05","LedgerHandle.java","16593","166778","183371"
"2017-01-31 04:01","LedgerHandle.java","36109","111129","147238"
"2011-10-27 18:26","LedgerHandle.java","5871","12000","17871"
"2015-04-21 09:39","LedgerHandle.java","16556","165570","182126"
"2011-10-18 10:42","LedgerHandle.java","4965","10846","15811"
"2015-10-06 11:12","LedgerHandle.java","16596","167021","183617"
"2014-12-05 14:10","LedgerHandle.java","16558","162954","179512"
"2011-11-17 11:16","LedgerHandle.java","7312","15304","22616"
"2017-07-28 20:12","BKException.java","69026","109462","178488"
"2016-07-11 22:53","BKException.java","66043","61179","127222"
"2017-05-02 23:04","BKException.java","67326","91250","158576"
"2013-09-10 15:14","BKException.java","9473","76812","86285"
"2014-02-21 19:01","BKException.java","11347","86091","97438"
"2017-08-02 00:49","BKException.java","69827","123875","193702"
"2012-12-12 11:20","BKException.java","5302","27780","33082"
"2015-09-15 10:38","BKException.java","12703","104612","117315"
"2017-01-31 04:01","BKException.java","66940","84008","150948"
"2015-10-06 10:48","BKException.java","12706","105165","117871"
"2015-10-22 09:22","BKException.java","12718","106007","118725"
"2012-12-03 17:59","BKException.java","5057","26337","31394"
"2017-05-02 23:04","HierarchicalLedgerManagerFactory.java","765","2586","3351"
"2014-07-24 01:41","TestFencing.java","18947","146958","165905"
"2012-06-19 12:39","TestFencing.java","10733","32344","43077"
"2012-12-18 13:04","TestFencing.java","16368","90717","107085"
"2014-02-05 22:43","TestFencing.java","18694","140947","159641"
"2012-03-31 10:58","TestFencing.java","9542","25552","35094"
"2013-08-23 18:48","TestFencing.java","18168","134132","152300"
"2012-01-11 15:46","TestFencing.java","1182","5222","6404"
"2012-03-13 07:31","TestFencing.java","2379","14907","17286"
"2011-11-29 18:45","TestFencing.java","522","3432","3954"
"2012-04-02 12:38","TestFencing.java","9557","25705","35262"
"2016-07-14 23:02","FileSystemUpgrade.java","47645","74433","122078"
"2017-03-22 22:54","FileSystemUpgrade.java","47795","95862","143657"
"2013-02-08 19:08","FileSystemUpgrade.java","11785","102055","113840"
"2012-12-08 11:18","FileSystemUpgrade.java","9906","61942","71848"
"2012-09-07 07:26","FileSystemUpgrade.java","6135","38244","44379"
"2014-09-18 06:57","FileSystemUpgrade.java","15390","133928","149318"
"2017-05-16 00:31","WriteEntryProcessorV3.java","263","681","944"
"2013-01-14 16:59","BookieServer.java","18363","89702","108065"
"2013-01-09 17:18","BookieServer.java","18270","88545","106815"
"2013-02-12 11:16","BookieServer.java","19273","121198","140471"
"2013-04-02 17:38","BookieServer.java","19479","122407","141886"
"2017-08-16 03:37","BookieServer.java","46531","149705","196236"
"2017-08-02 00:49","BookieServer.java","45748","142289","188037"
"2012-02-15 16:11","BookieServer.java","1430","3640","5070"
"2012-03-08 19:24","BookieServer.java","1907","5999","7906"
"2013-07-03 17:39","BookieServer.java","19692","128109","147801"
"2013-07-24 16:55","BookieServer.java","19709","128994","148703"
"2014-02-05 22:43","BookieServer.java","20344","136418","156762"
"2017-06-28 23:24","BookieServer.java","45020","119522","164542"
"2013-06-15 19:05","BookieServer.java","19686","127786","147472"
"2017-06-01 23:58","BookieServer.java","44971","116071","161042"
"2017-10-17 09:32","BookieServer.java","47283","141835","189118"
"2014-08-02 20:02","BookieServer.java","20780","149064","169844"
"2012-05-09 09:43","BookieServer.java","10179","21620","31799"
"2013-12-06 07:39","BookieServer.java","19965","133792","153757"
"2012-07-23 23:39","BookieServer.java","13318","37733","51051"
"2012-07-09 04:09","BookieServer.java","11778","33284","45062"
"2012-10-18 16:40","BookieServer.java","17011","69635","86646"
"2014-01-21 05:05","BookieServer.java","19994","134919","154913"
"2017-03-28 22:40","FlatLedgerManagerFactory.java","67349","88089","155438"
"2015-09-15 10:38","FlatLedgerManagerFactory.java","12707","103253","115960"
"2016-12-21 01:48","LedgerCacheTest.java","73931","72778","146709"
"2013-02-12 06:00","LedgerCacheTest.java","4730","52592","57322"
"2013-01-07 03:48","LedgerCacheTest.java","3877","19647","23524"
"2012-12-24 05:50","LedgerCacheTest.java","3110","17238","20348"
"2012-12-24 06:23","LedgerCacheTest.java","3175","17525","20700"
"2019-02-20 11:43","LedgerCacheTest.java","88952","426476","515428"
"2013-08-12 19:01","LedgerCacheTest.java","6470","61728","68198"
"2013-10-12 05:42","LedgerCacheTest.java","7475","64130","71605"
"2017-05-16 00:31","LedgerCacheTest.java","74698","88873","163571"
"2013-12-02 18:45","LedgerCacheTest.java","7699","67224","74923"
"2014-07-24 01:41","LedgerCacheTest.java","9140","76822","85962"
"2014-12-10 19:43","LedgerCacheTest.java","9756","87066","96822"
"2016-03-08 06:49","LedgerCacheTest.java","10515","94064","104579"
"2014-03-12 21:26","LedgerCacheTest.java","8694","73621","82315"
"2012-12-08 11:18","LedgerCacheTest.java","1868","11536","13404"
"2017-06-01 23:58","EntryLogger.java","81833","83042","164875"
"2014-01-21 17:26","EntryLogger.java","4778","50451","55229"
"2013-10-02 06:23","EntryLogger.java","3294","43285","46579"
"2014-01-22 14:35","EntryLogger.java","4906","50955","55861"
"2017-11-08 12:27","EntryLogger.java","93243","127924","221167"
"2013-10-22 07:44","EntryLogger.java","4384","45671","50055"
"2013-05-04 14:22","EntryLogger.java","2688","36368","39056"
"2017-01-31 02:11","EntryLogger.java","80239","63828","144067"
"2017-03-23 00:48","EntryLogger.java","80329","70339","150668"
"2016-07-14 23:02","EntryLogger.java","78895","47574","126469"
"2016-02-24 00:44","EntryLogger.java","7941","75397","83338"
"2015-04-21 10:02","EntryLogger.java","7038","70886","77924"
"2015-04-21 09:44","EntryLogger.java","7040","70704","77744"
"2017-05-15 19:52","BookKeeperClusterTestCase.java","80666","79497","160163"
"2013-01-09 17:18","BookKeeperClusterTestCase.java","511","1710","2221"
"2016-04-05 08:45","BookKeeperClusterTestCase.java","78296","46001","124297"
"2017-08-01 08:34","BookKeeperClusterTestCase.java","84494","109374","193868"
"2013-10-12 05:42","BookKeeperClusterTestCase.java","4188","45917","50105"
"2014-02-05 22:43","BookKeeperClusterTestCase.java","5425","52423","57848"
"2017-11-08 12:27","BookKeeperClusterTestCase.java","92894","128390","221284"
"2013-06-15 19:05","BookKeeperClusterTestCase.java","2922","41946","44868"
"2014-05-09 14:04","BookKeeperClusterTestCase.java","5743","56895","62638"
"2017-07-04 06:27","BookKeeperClusterTestCase.java","81930","91189","173119"
"2014-07-24 01:41","BookKeeperClusterTestCase.java","6205","58961","65166"
"2014-05-23 18:46","BookKeeperClusterTestCase.java","5749","57231","62980"
"2017-06-30 00:12","BookKeeperClusterTestCase.java","81827","89125","170952"
"2014-04-24 10:43","BookKeeperClusterTestCase.java","5685","55818","61503"
"2013-01-07 12:25","BookKeeperClusterTestCase.java","139","1166","1305"
"2016-04-27 09:55","BookKeeperClusterTestCase.java","78366","46875","125241"
"2015-10-06 10:48","BookKeeperClusterTestCase.java","7540","73416","80956"
"2014-12-10 19:43","BookKeeperClusterTestCase.java","6851","69235","76086"
"2016-02-09 08:39","BookKeeperTest.java","6107","39310","45417"
"2015-10-16 07:00","BookKeeperTest.java","5980","37287","43267"
"2016-04-08 19:43","BookKeeperTest.java","109330","42710","152040"
"2017-01-31 04:01","BookKeeperTest.java","111020","66910","177930"
"2014-07-24 01:41","BookKeeperTest.java","4471","22632","27103"
"2017-05-15 19:52","BookKeeperTest.java","111899","76135","188034"
"2017-05-02 22:07","BookKeeperTest.java","111219","73101","184320"
"2017-07-04 06:27","LedgerStorage.java","2419","12429","14848"
"2016-11-09 08:44","LedgerHandleAdv.java","110902","21458","132360"
"2016-07-26 00:22","LedgerHandleAdv.java","105815","8605","114420"
"2016-10-13 09:27","LedgerHandleAdv.java","110867","21076","131943"
"2017-05-25 14:23","LedgerHandleAdv.java","112755","47162","159917"
"2017-06-01 23:58","LedgerHandleAdv.java","113607","48925","162532"
"2014-07-24 01:41","TestFencing.java","15496","127497","142993"
"2012-06-19 12:39","TestFencing.java","2455","8056","10511"
"2012-12-18 13:04","TestFencing.java","10919","69258","80177"
"2014-02-05 22:43","TestFencing.java","15124","121367","136491"
"2013-08-23 18:48","TestFencing.java","13739","113693","127432"
"2012-04-02 12:38","TestFencing.java","52","190","242"
"2016-03-16 04:51","AutoRecoveryMain.java","108066","23980","132046"
"2014-04-24 10:43","AutoRecoveryMain.java","77","1325","1402"
"2014-09-06 07:58","AutoRecoveryMain.java","1893","14222","16115"
"2016-03-16 04:51","AutoRecoveryMain.java","108048","22714","130762"
"2014-09-06 07:58","AutoRecoveryMain.java","1846","12927","14773"
"2017-07-04 06:27","ServerConfiguration.java","2346","10458","12804"
"2017-06-05 20:30","ServerConfiguration.java","1253","2488","3741"
"2017-08-02 00:49","ServerConfiguration.java","7461","33779","41240"
"2017-10-03 12:31","ServerConfiguration.java","32531","49006","81537"
"2017-08-16 03:37","ServerConfiguration.java","9921","42872","52793"
"2017-07-07 08:19","ServerConfiguration.java","2437","12512","14949"
"2017-06-28 23:24","ServerConfiguration.java","1688","5967","7655"
"2017-11-08 12:27","ServerConfiguration.java","36652","71001","107653"
"2014-06-06 15:29","CompactionTest.java","15140","129280","144420"
"2013-10-30 16:23","CompactionTest.java","14532","119999","134531"
"2014-01-17 18:13","CompactionTest.java","14576","121267","135843"
"2016-03-08 06:49","CompactionTest.java","16094","146109","162203"
"2015-01-16 15:57","CompactionTest.java","15742","141323","157065"
"2014-12-10 19:43","CompactionTest.java","15740","139516","155256"
"2015-04-21 09:55","CompactionTest.java","15761","141783","157544"
"2016-05-04 15:55","CompactionTest.java","46303","76227","122530"
"2017-03-22 22:54","CompactionTest.java","46497","98662","145159"
"2012-11-26 16:42","CompactionTest.java","11326","64724","76050"
"2017-06-21 21:07","CompactionTest.java","47610","114194","161804"
"2014-01-22 14:35","CompactionTest.java","14731","122987","137718"
"2017-11-08 12:27","CompactionTest.java","50530","147418","197948"
"2017-05-16 00:31","CompactionTest.java","46985","107626","154611"
"2014-01-15 15:58","CompactionTest.java","14550","120885","135435"
"2013-10-22 07:44","CompactionTest.java","14444","117938","132382"
"2017-07-07 08:19","CompactionTest.java","47679","120293","167972"
"2013-05-04 14:22","CompactionTest.java","13938","109825","123763"
"2014-07-24 01:41","ConfigurationTest.java","18947","146958","165905"
"2012-05-09 10:17","ConfigurationTest.java","9935","27584","37519"
"2016-07-31 07:53","ConfigurationTest.java","40719","85568","126287"
"2012-12-20 06:48","BookieFailureTest.java","9142","61888","71030"
"2012-08-13 11:38","BookieFailureTest.java","3864","18742","22606"
"2014-07-24 01:41","BookieFailureTest.java","14466","120866","135332"
"2017-08-16 03:37","package-info.java","6220","26465","32685"
"2017-05-15 19:52","LedgerHandle.java","67754","91045","158799"
"2017-05-02 22:07","LedgerHandle.java","67280","88217","155497"
"2017-03-23 15:55","LedgerHandle.java","67162","82473","149635"
"2012-12-28 12:32","LedgerHandle.java","6370","30054","36424"
"2016-09-10 21:01","LedgerHandle.java","66924","64948","131872"
"2016-07-11 23:01","LedgerHandle.java","65944","59864","125808"
"2013-04-26 18:38","LedgerHandle.java","8631","67226","75857"
"2013-10-14 18:32","LedgerHandle.java","10048","76330","86378"
"2014-02-05 22:43","LedgerHandle.java","10975","82433","93408"
"2014-02-21 19:01","LedgerHandle.java","11079","83700","94779"
"2017-05-17 08:57","LedgerHandle.java","67829","91597","159426"
"2017-05-25 14:23","LedgerHandle.java","67861","93434","161295"
"2017-06-21 19:50","LedgerHandle.java","68503","97007","165510"
"2017-06-21 21:00","LedgerHandle.java","68506","97793","166299"
"2017-06-01 23:58","LedgerHandle.java","68454","94938","163392"
"2014-01-21 05:19","LedgerHandle.java","10340","80995","91335"
"2014-09-18 06:47","LedgerHandle.java","11783","97460","109243"
"2014-12-09 19:57","LedgerHandle.java","11900","98670","110570"
"2017-07-04 06:27","LedgerHandle.java","68695","102414","171109"
"2017-06-30 00:12","LedgerHandle.java","68607","100365","168972"
"2014-05-30 14:01","LedgerHandle.java","11190","87745","98935"
"2014-05-30 15:07","LedgerHandle.java","11210","87804","99014"
"2014-01-17 18:13","LedgerHandle.java","10272","80031","90303"
"2013-01-07 12:25","LedgerHandle.java","6769","32256","39025"
"2016-02-09 08:32","LedgerHandle.java","12657","104858","117515"
"2016-03-16 05:03","LedgerHandle.java","65788","55250","121038"
"2015-10-22 09:22","LedgerHandle.java","12574","103740","116314"
"2015-10-06 10:05","LedgerHandle.java","12548","102658","115206"
"2017-01-31 04:01","LedgerHandle.java","67084","82029","149113"
"2015-04-21 09:39","LedgerHandle.java","12143","101082","113225"
"2015-10-06 11:12","LedgerHandle.java","12551","102901","115452"
"2014-12-05 14:10","LedgerHandle.java","11858","98179","110037"
"2017-05-15 19:52","LedgerHandle.java","112343","43433","155776"
"2017-05-02 22:07","LedgerHandle.java","111347","40083","151430"
"2017-03-23 15:55","LedgerHandle.java","110997","34107","145104"
"2016-09-10 21:01","LedgerHandle.java","109033","14856","123889"
"2016-07-11 23:01","LedgerHandle.java","105538","7257","112795"
"2017-05-17 08:57","LedgerHandle.java","112526","44093","156619"
"2017-05-25 14:23","LedgerHandle.java","112577","45949","158526"
"2017-06-21 19:50","LedgerHandle.java","113867","50170","164037"
"2017-06-21 21:00","LedgerHandle.java","113881","50967","164848"
"2017-06-01 23:58","LedgerHandle.java","113429","47712","161141"
"2017-07-04 06:27","LedgerHandle.java","114399","55917","170316"
"2017-06-30 00:12","LedgerHandle.java","114211","53768","167979"
"2016-03-16 05:03","LedgerHandle.java","104948","2209","107157"
"2017-01-31 04:01","LedgerHandle.java","110842","33586","144428"
"2014-02-05 22:43","TestReadTimeout.java","1712","6078","7790"
"2017-06-30 00:12","ReadLastConfirmedOp.java","925","6199","7124"
"2017-05-15 19:52","LedgerHandle.java","40249","116266","156515"
"2017-05-02 22:07","LedgerHandle.java","40090","113753","153843"
"2017-03-23 15:55","LedgerHandle.java","40090","108127","148217"
"2012-12-28 12:32","LedgerHandle.java","16474","92884","109358"
"2016-09-10 21:01","LedgerHandle.java","39989","90739","130728"
"2016-07-11 23:01","LedgerHandle.java","39984","86630","126614"
"2012-02-13 15:46","LedgerHandle.java","2421","12729","15150"
"2012-01-17 16:52","LedgerHandle.java","2040","8066","10106"
"2012-02-01 16:19","LedgerHandle.java","2105","9224","11329"
"2012-02-13 11:19","LedgerHandle.java","2295","12523","14818"
"2012-03-31 10:58","LedgerHandle.java","9907","27848","37755"
"2011-11-29 23:55","LedgerHandle.java","1725","6445","8170"
"2013-04-26 18:38","LedgerHandle.java","17799","129120","146919"
"2013-10-14 18:32","LedgerHandle.java","18113","137121","155234"
"2014-02-05 22:43","LedgerHandle.java","18498","142682","161180"
"2014-02-21 19:01","LedgerHandle.java","18534","143881","162415"
"2017-05-17 08:57","LedgerHandle.java","40277","116771","157048"
"2017-05-25 14:23","LedgerHandle.java","40301","118600","158901"
"2017-06-21 19:50","LedgerHandle.java","40392","121622","162014"
"2017-06-21 21:00","LedgerHandle.java","40395","122408","162803"
"2017-06-01 23:58","LedgerHandle.java","40364","119574","159938"
"2012-06-29 18:43","LedgerHandle.java","11237","40314","51551"
"2012-05-25 17:13","LedgerHandle.java","10849","31995","42844"
"2012-05-10 14:47","LedgerHandle.java","10538","30430","40968"
"2012-09-12 11:59","LedgerHandle.java","13408","65899","79307"
"2012-06-19 12:39","LedgerHandle.java","11045","34587","45632"
"2014-01-21 05:19","LedgerHandle.java","18235","141616","159851"
"2012-06-27 15:35","LedgerHandle.java","11226","39973","51199"
"2014-09-18 06:47","LedgerHandle.java","18896","157299","176195"
"2014-12-09 19:57","LedgerHandle.java","18903","158399","177302"
"2017-07-04 06:27","LedgerHandle.java","40429","126874","167303"
"2017-06-30 00:12","LedgerHandle.java","40399","124883","165282"
"2014-05-30 14:01","LedgerHandle.java","18568","147849","166417"
"2014-05-30 15:07","LedgerHandle.java","18569","147889","166458"
"2014-01-17 18:13","LedgerHandle.java","18195","140680","158875"
"2013-01-07 12:25","LedgerHandle.java","16595","94808","111403"
"2012-08-28 10:51","LedgerHandle.java","13295","62202","75497"
"2011-11-28 19:25","LedgerHandle.java","1347","6022","7369"
"2012-09-14 11:53","LedgerHandle.java","13468","66194","79662"
"2016-02-09 08:32","LedgerHandle.java","18973","163900","182873"
"2016-03-16 05:03","LedgerHandle.java","39948","82136","122084"
"2015-10-22 09:22","LedgerHandle.java","18973","162865","181838"
"2015-10-06 10:05","LedgerHandle.java","18962","161798","180760"
"2017-01-31 04:01","LedgerHandle.java","40097","107768","147865"
"2015-04-21 09:39","LedgerHandle.java","18924","160589","179513"
"2015-10-06 11:12","LedgerHandle.java","18964","162040","181004"
"2014-12-05 14:10","LedgerHandle.java","18898","157945","176843"
"2011-11-17 11:16","LedgerHandle.java","254","897","1151"
"2016-03-16 04:51","AutoRecoveryMain.java","106943","10528","117471"
"2017-08-02 00:49","BookieRequestHandler.java","7739","36373","44112"
"2013-08-21 13:19","BookKeeperAdmin.java","8962","82207","91169"
"2017-10-17 09:32","BookKeeperAdmin.java","71366","129387","200753"
"2017-06-01 23:58","BookKeeperAdmin.java","64676","99245","163921"
"2017-04-11 20:19","BookKeeperAdmin.java","63514","91598","155112"
"2014-02-21 19:01","BookKeeperAdmin.java","10780","91486","102266"
"2014-02-05 22:43","BookKeeperAdmin.java","10685","90228","100913"
"2017-07-07 05:11","BookKeeperAdmin.java","64849","108333","173182"
"2013-02-26 04:12","BookKeeperAdmin.java","8194","73743","81937"
"2016-11-09 03:05","BookKeeperAdmin.java","63363","73157","136520"
"2016-11-30 00:07","BookKeeperAdmin.java","63367","73825","137192"
"2016-09-10 21:01","BookKeeperAdmin.java","63274","69383","132657"
"2016-07-14 23:02","BookKeeperAdmin.java","62594","64633","127227"
"2016-10-13 09:27","BookKeeperAdmin.java","63363","72823","136186"
"2012-11-30 04:54","BookKeeperAdmin.java","4926","31631","36557"
"2013-02-08 19:08","BookKeeperAdmin.java","7341","72862","80203"
"2016-03-16 05:03","BookKeeperAdmin.java","62399","59946","122345"
"2016-03-08 07:18","BookKeeperAdmin.java","12272","114105","126377"
"2014-12-06 08:03","BookKeeperAdmin.java","11451","106215","117666"
"2012-09-03 18:54","BookKeeperAdmin.java","426","6285","6711"
"2014-04-24 10:43","BookKeeperAdmin.java","10802","93480","104282"
"2012-10-05 16:24","BookKeeperAdmin.java","3417","16345","19762"
"2012-09-07 07:04","BookKeeperAdmin.java","597","7922","8519"
"2014-09-06 07:51","BookKeeperAdmin.java","11366","104993","116359"
"2013-05-10 12:45","BookKeeperAdmin.java","8710","76080","84790"
"2012-08-24 22:44","BookKeeperAdmin.java","31","923","954"
"2014-08-02 20:02","ServerConfiguration.java","4633","24817","29450"
"2014-05-06 12:30","ServerConfiguration.java","3822","15356","19178"
"2014-05-15 00:41","ServerConfiguration.java","3842","16290","20132"
"2014-09-18 06:47","ServerConfiguration.java","5069","27262","32331"
"2017-07-04 06:27","ServerConfiguration.java","114840","85075","199915"
"2014-03-07 13:14","ServerConfiguration.java","3637","12812","16449"
"2014-04-29 22:07","ServerConfiguration.java","3819","15306","19125"
"2016-04-14 00:51","ServerConfiguration.java","109560","38533","148093"
"2015-01-16 15:57","ServerConfiguration.java","5470","30635","36105"
"2016-03-08 06:49","ServerConfiguration.java","6509","36108","42617"
"2016-01-26 22:11","ServerConfiguration.java","6246","34831","41077"
"2014-01-21 05:05","ServerConfiguration.java","2302","9127","11429"
"2014-03-12 21:26","ServerConfiguration.java","3723","14700","18423"
"2016-04-05 18:47","ServerConfiguration.java","109536","38459","147995"
"2016-04-27 09:55","ServerConfiguration.java","109609","39094","148703"
"2015-04-21 09:55","ServerConfiguration.java","5527","31133","36660"
"2015-01-12 15:18","ServerConfiguration.java","5466","29693","35159"
"2015-04-21 10:02","ServerConfiguration.java","5537","31176","36713"
"2017-05-15 19:52","ServerConfiguration.java","113469","73276","186745"
"2017-03-22 22:54","ServerConfiguration.java","112671","64420","177091"
"2017-03-23 00:48","ServerConfiguration.java","112676","64477","177153"
"2017-01-31 02:11","ServerConfiguration.java","112583","57963","170546"
"2016-04-05 08:45","ServerConfiguration.java","109534","38215","147749"
"2016-11-09 03:02","ServerConfiguration.java","112533","50741","163274"
"2016-11-30 00:02","ServerConfiguration.java","112555","51445","164000"
"2017-06-05 20:30","ServerConfiguration.java","114404","77762","192166"
"2016-09-10 20:27","ServerConfiguration.java","111072","45491","156563"
"2017-08-02 00:49","ServerConfiguration.java","117951","106392","224343"
"2017-10-03 12:31","ServerConfiguration.java","125104","103702","228806"
"2017-08-16 03:37","ServerConfiguration.java","119476","114550","234026"
"2013-07-20 19:59","ServerConfiguration.java","97","666","763"
"2013-12-02 18:45","ServerConfiguration.java","1956","7531","9487"
"2014-05-09 14:04","ServerConfiguration.java","3837","15965","19802"
"2017-05-26 12:38","ServerConfiguration.java","113621","75744","189365"
"2014-01-15 15:58","ServerConfiguration.java","2036","7955","9991"
"2013-10-22 07:44","ServerConfiguration.java","1756","4834","6590"
"2017-07-07 08:19","ServerConfiguration.java","114830","87028","201858"
"2017-06-28 23:24","ServerConfiguration.java","114567","80969","195536"
"2017-11-08 12:27","ServerConfiguration.java","126535","123007","249542"
"2014-01-22 14:35","ServerConfiguration.java","2594","10434","13028"
"2013-10-12 05:42","ServerConfiguration.java","1526","4231","5757"
"2017-03-28 22:35","DefaultEnsemblePlacementPolicy.java","1240","19388","20628"
"2017-07-28 20:12","DefaultEnsemblePlacementPolicy.java","6467","43391","49858"
"2017-06-01 23:58","SaslServerState.java","1148","2055","3203"
"2014-07-24 01:41","TestFencing.java","4075","16122","20197"
"2014-02-05 22:43","TestFencing.java","3121","9410","12531"
"2017-05-16 00:31","LedgerRecoveryTest.java","111999","64250","176249"
"2017-06-21 19:50","LedgerRecoveryTest.java","113101","70147","183248"
"2017-05-15 19:52","LedgerHandle.java","40437","118152","158589"
"2017-05-02 22:07","LedgerHandle.java","40280","115641","155921"
"2017-03-23 15:55","LedgerHandle.java","40287","110022","150309"
"2012-12-28 12:32","LedgerHandle.java","17530","95638","113168"
"2016-09-10 21:01","LedgerHandle.java","40232","92680","132912"
"2016-07-11 23:01","LedgerHandle.java","40227","88571","128798"
"2012-02-13 15:46","LedgerHandle.java","4625","16631","21256"
"2012-01-17 16:52","LedgerHandle.java","4405","12129","16534"
"2012-02-01 16:19","LedgerHandle.java","4463","13280","17743"
"2012-02-13 11:19","LedgerHandle.java","4520","16446","20966"
"2012-03-31 10:58","LedgerHandle.java","11840","31479","43319"
"2011-11-29 23:55","LedgerHandle.java","4157","10575","14732"
"2013-04-26 18:38","LedgerHandle.java","18736","131755","150491"
"2013-10-14 18:32","LedgerHandle.java","18919","139625","158544"
"2014-02-05 22:43","LedgerHandle.java","19159","145041","164200"
"2014-02-21 19:01","LedgerHandle.java","19192","146237","165429"
"2017-05-17 08:57","LedgerHandle.java","40463","118655","159118"
"2017-05-25 14:23","LedgerHandle.java","40482","120479","160961"
"2017-06-21 19:50","LedgerHandle.java","40534","123462","163996"
"2017-06-21 21:00","LedgerHandle.java","40535","124246","164781"
"2017-06-01 23:58","LedgerHandle.java","40516","121424","161940"
"2012-06-29 18:43","LedgerHandle.java","12818","43593","56411"
"2012-05-25 17:13","LedgerHandle.java","12570","35414","47984"
"2012-05-10 14:47","LedgerHandle.java","12253","33843","46096"
"2012-09-12 11:59","LedgerHandle.java","14547","68736","83283"
"2012-06-19 12:39","LedgerHandle.java","12679","37919","50598"
"2014-01-21 05:19","LedgerHandle.java","19001","144080","163081"
"2012-06-27 15:35","LedgerHandle.java","12821","43266","56087"
"2014-09-18 06:47","LedgerHandle.java","19403","159504","178907"
"2014-12-09 19:57","LedgerHandle.java","19410","160604","180014"
"2017-07-04 06:27","LedgerHandle.java","40546","128689","169235"
"2017-06-30 00:12","LedgerHandle.java","40530","126712","167242"
"2014-05-30 14:01","LedgerHandle.java","19218","150197","169415"
"2014-05-30 15:07","LedgerHandle.java","19220","150238","169458"
"2014-01-17 18:13","LedgerHandle.java","18986","143169","162155"
"2013-01-07 12:25","LedgerHandle.java","17622","97533","115155"
"2012-08-28 10:51","LedgerHandle.java","14454","65059","79513"
"2011-11-28 19:25","LedgerHandle.java","3825","10198","14023"
"2012-09-14 11:53","LedgerHandle.java","14606","69030","83636"
"2016-02-09 08:32","LedgerHandle.java","19474","166099","185573"
"2011-11-16 17:05","LedgerHandle.java","2735","4433","7168"
"2016-03-16 05:03","LedgerHandle.java","40192","84078","124270"
"2015-10-22 09:22","LedgerHandle.java","19474","165064","184538"
"2015-10-06 10:05","LedgerHandle.java","19469","164003","183472"
"2017-01-31 04:01","LedgerHandle.java","40292","109661","149953"
"2011-10-27 18:26","LedgerHandle.java","1168","1646","2814"
"2015-04-21 09:39","LedgerHandle.java","19431","162794","182225"
"2011-10-18 10:42","LedgerHandle.java","45","275","320"
"2015-10-06 11:12","LedgerHandle.java","19470","164244","183714"
"2014-12-05 14:10","LedgerHandle.java","19405","160150","179555"
"2011-11-17 11:16","LedgerHandle.java","2969","5310","8279"
"2017-06-05 22:25","BookieRequestProcessor.java","1852","6494","8346"
"2017-07-04 06:27","BookieRequestProcessor.java","2652","13080","15732"
"2017-08-02 00:49","BookieRequestProcessor.java","7739","36373","44112"
"2016-08-01 08:04","LedgerOpenOp.java","53491","68379","121870"
"2015-10-06 10:05","LedgerOpenOp.java","12504","122883","135387"
"2015-04-21 09:17","LedgerOpenOp.java","12138","121326","133464"
"2014-01-21 05:19","LedgerOpenOp.java","10756","101680","112436"
"2014-02-21 19:01","LedgerOpenOp.java","11311","104201","115512"
"2017-05-16 00:31","BookieProtocol.java","48744","104033","152777"
"2017-06-01 21:20","BookieProtocol.java","49385","107001","156386"
"2013-03-18 00:31","BookieProtocol.java","12440","101542","113982"
"2016-04-05 08:45","BookieProtocol.java","47948","71693","119641"
"2013-02-12 11:16","BookieProtocol.java","12317","101206","113523"
"2017-05-15 19:52","BookieProtocol.java","48676","103547","152223"
"2012-10-18 16:40","BookieProtocol.java","8847","48435","57282"
"2017-06-05 22:25","BookieProtocol.java","49377","108890","158267"
"2017-05-15 19:52","LedgerHandle.java","7492","41321","48813"
"2017-05-02 22:07","LedgerHandle.java","6494","37969","44463"
"2017-03-23 15:55","LedgerHandle.java","6237","32086","38323"
"2016-09-10 21:01","LedgerHandle.java","4250","12812","17062"
"2016-07-11 23:01","LedgerHandle.java","744","5202","5946"
"2017-05-17 08:57","LedgerHandle.java","7688","41994","49682"
"2017-05-25 14:23","LedgerHandle.java","7739","43850","51589"
"2017-06-21 19:50","LedgerHandle.java","9097","48139","57236"
"2017-06-21 21:00","LedgerHandle.java","9112","48937","58049"
"2017-06-01 23:58","LedgerHandle.java","8607","45629","54236"
"2017-07-04 06:27","LedgerHandle.java","9640","53897","63537"
"2017-06-30 00:12","LedgerHandle.java","9445","51741","61186"
"2017-01-31 04:01","LedgerHandle.java","6081","31564","37645"
"2016-12-21 01:48","SortedLedgerStorage.java","110674","25972","136646"
"2017-05-12 16:39","SortedLedgerStorage.java","111555","40953","152508"
"2017-05-16 00:31","SortedLedgerStorage.java","112289","42915","155204"
"2017-03-22 22:54","Cookie.java","112381","40935","153316"
"2016-11-30 00:02","Cookie.java","112205","27900","140105"
"2016-02-09 08:39","BookKeeperTest.java","7518","73679","81197"
"2015-10-16 07:00","BookKeeperTest.java","7393","71658","79051"
"2016-04-08 19:43","BookKeeperTest.java","78895","45233","124128"
"2017-01-31 04:01","BookKeeperTest.java","80502","69350","149852"
"2014-07-24 01:41","BookKeeperTest.java","6027","57146","63173"
"2017-05-15 19:52","BookKeeperTest.java","81261","78455","159716"
"2017-05-02 22:07","BookKeeperTest.java","80695","75535","156230"
"2013-05-06 19:32","BookKeeperTest.java","2147","35105","37252"
"2016-04-14 00:51","ReadOnlyBookieTest.java","29","70","99"
"2017-06-21 19:50","LedgerRecoveryTest.java","1681","6476","8157"
"2017-05-15 19:52","NetworkLessBookieTest.java","4280","29668","33948"
"2014-07-24 01:41","ConditionalSetTest.java","18947","146958","165905"
"2014-07-24 01:41","AsyncLedgerOpsTest.java","14466","120866","135332"
"2014-07-24 01:41","TestEntryLog.java","19400","144191","163591"
"2012-05-09 10:39","TestEntryLog.java","9214","23669","32883"
"2014-12-10 19:43","TestEntryLog.java","19584","154003","173587"
"2016-02-24 00:44","TestEntryLog.java","19786","160092","179878"
"2014-03-12 21:26","TestEntryLog.java","19157","141193","160350"
"2012-10-18 16:40","TestEntryLog.java","15916","71499","87415"
"2013-10-12 05:42","TestEntryLog.java","18621","132385","151006"
"2017-05-16 00:31","TestEntryLog.java","42326","113610","155936"
"2017-07-07 08:19","TestEntryLog.java","42495","125752","168247"
"2012-03-08 12:13","TestEntryLog.java","1022","8029","9051"
"2012-03-13 07:31","TestEntryLog.java","1534","10842","12376"
"2012-03-16 10:41","TestEntryLog.java","7947","18699","26646"
"2012-03-21 06:13","TestEntryLog.java","8543","19778","28321"
"2017-05-15 19:52","LedgerHandle.java","112523","44648","157171"
"2017-05-02 22:07","LedgerHandle.java","111535","41306","152841"
"2017-03-23 15:55","LedgerHandle.java","111187","35332","146519"
"2016-09-10 21:01","LedgerHandle.java","109237","16095","125332"
"2016-07-11 23:01","LedgerHandle.java","105742","8496","114238"
"2017-05-17 08:57","LedgerHandle.java","112706","45308","158014"
"2017-05-25 14:23","LedgerHandle.java","112755","47162","159917"
"2017-06-21 19:50","LedgerHandle.java","114042","51380","165422"
"2017-06-21 21:00","LedgerHandle.java","114056","52177","166233"
"2017-06-01 23:58","LedgerHandle.java","113607","48925","162532"
"2017-07-04 06:27","LedgerHandle.java","114570","57123","171693"
"2017-06-30 00:12","LedgerHandle.java","114384","54976","169360"
"2016-02-09 08:32","LedgerHandle.java","226","1261","1487"
"2016-03-16 05:03","LedgerHandle.java","105170","3466","108636"
"2017-01-31 04:01","LedgerHandle.java","111033","34812","145845"
"2017-05-15 19:52","TestRegionAwareEnsemblePlacementPolicy.java","2924","24826","27750"
"2017-08-16 03:41","TestRegionAwareEnsemblePlacementPolicy.java","12047","69440","81487"
"2014-08-02 20:02","ServerConfiguration.java","2987","17252","20239"
"2014-05-06 12:30","ServerConfiguration.java","2015","7630","9645"
"2014-05-15 00:41","ServerConfiguration.java","2035","8564","10599"
"2014-09-18 06:47","ServerConfiguration.java","3431","19705","23136"
"2017-07-04 06:27","ServerConfiguration.java","114118","78434","192552"
"2014-03-07 13:14","ServerConfiguration.java","1764","5020","6784"
"2014-04-29 22:07","ServerConfiguration.java","2012","7580","9592"
"2016-04-14 00:51","ServerConfiguration.java","108454","31508","139962"
"2015-01-16 15:57","ServerConfiguration.java","3908","23154","27062"
"2016-03-08 06:49","ServerConfiguration.java","5112","28792","33904"
"2016-01-26 22:11","ServerConfiguration.java","4798","27464","32262"
"2014-01-21 05:05","ServerConfiguration.java","278","1184","1462"
"2014-03-12 21:26","ServerConfiguration.java","1897","6955","8852"
"2016-04-05 18:47","ServerConfiguration.java","108428","31432","139860"
"2016-04-27 09:55","ServerConfiguration.java","108505","32071","140576"
"2015-04-21 09:55","ServerConfiguration.java","4012","23699","27711"
"2015-01-12 15:18","ServerConfiguration.java","3900","22208","26108"
"2015-04-21 10:02","ServerConfiguration.java","4022","23742","27764"
"2017-05-15 19:52","ServerConfiguration.java","112576","66464","179040"
"2017-03-22 22:54","ServerConfiguration.java","111659","57489","169148"
"2017-03-23 00:48","ServerConfiguration.java","111664","57546","169210"
"2017-01-31 02:11","ServerConfiguration.java","111553","51014","162567"
"2016-04-05 08:45","ServerConfiguration.java","108420","31182","139602"
"2016-11-09 03:02","ServerConfiguration.java","111492","43781","155273"
"2016-11-30 00:02","ServerConfiguration.java","111517","44488","156005"
"2017-06-05 20:30","ServerConfiguration.java","113614","71053","184667"
"2016-09-10 20:27","ServerConfiguration.java","110022","38522","148544"
"2017-08-02 00:49","ServerConfiguration.java","117591","100113","217704"
"2017-10-03 12:31","ServerConfiguration.java","125047","97726","222773"
"2017-08-16 03:37","ServerConfiguration.java","119147","108302","227449"
"2014-05-09 14:04","ServerConfiguration.java","2030","8239","10269"
"2017-05-26 12:38","ServerConfiguration.java","112754","68958","181712"
"2017-07-07 08:19","ServerConfiguration.java","114117","80396","194513"
"2017-06-28 23:24","ServerConfiguration.java","113807","74290","188097"
"2017-11-08 12:27","ServerConfiguration.java","126683","117236","243919"
"2014-01-22 14:35","ServerConfiguration.java","619","2540","3159"
"2017-07-28 20:12","BookKeeperClientStats.java","2449","12258","14707"
"2014-08-02 20:02","ServerConfiguration.java","3526","20632","24158"
"2014-05-06 12:30","ServerConfiguration.java","2650","11106","13756"
"2014-05-15 00:41","ServerConfiguration.java","2670","12040","14710"
"2014-09-18 06:47","ServerConfiguration.java","3967","23082","27049"
"2017-07-04 06:27","ServerConfiguration.java","114472","81629","196101"
"2014-03-07 13:14","ServerConfiguration.java","2401","8498","10899"
"2014-04-29 22:07","ServerConfiguration.java","2647","11056","13703"
"2016-04-14 00:51","ServerConfiguration.java","108919","34814","143733"
"2015-01-16 15:57","ServerConfiguration.java","4427","26514","30941"
"2016-03-08 06:49","ServerConfiguration.java","5589","32110","37699"
"2016-01-26 22:11","ServerConfiguration.java","5287","30794","36081"
"2014-01-21 05:05","ServerConfiguration.java","959","4706","5665"
"2014-03-12 21:26","ServerConfiguration.java","2532","10431","12963"
"2016-04-05 18:47","ServerConfiguration.java","108893","34738","143631"
"2016-04-27 09:55","ServerConfiguration.java","108970","35377","144347"
"2015-04-21 09:55","ServerConfiguration.java","4502","27030","31532"
"2015-01-12 15:18","ServerConfiguration.java","4418","25567","29985"
"2015-04-21 10:02","ServerConfiguration.java","4512","27073","31585"
"2017-05-15 19:52","ServerConfiguration.java","112980","69709","182689"
"2017-03-22 22:54","ServerConfiguration.java","112095","60766","172861"
"2017-03-23 00:48","ServerConfiguration.java","112100","60823","172923"
"2017-01-31 02:11","ServerConfiguration.java","111999","54301","166300"
"2016-04-05 08:45","ServerConfiguration.java","108885","34488","143373"
"2016-11-09 03:02","ServerConfiguration.java","111945","47075","159020"
"2016-11-30 00:02","ServerConfiguration.java","111970","47782","159752"
"2017-06-05 20:30","ServerConfiguration.java","113986","74266","188252"
"2016-09-10 20:27","ServerConfiguration.java","110475","41816","152291"
"2017-08-02 00:49","ServerConfiguration.java","117735","103098","220833"
"2017-10-03 12:31","ServerConfiguration.java","125070","100590","225660"
"2017-08-16 03:37","ServerConfiguration.java","119273","111269","230542"
"2013-12-02 18:45","ServerConfiguration.java","587","3084","3671"
"2014-05-09 14:04","ServerConfiguration.java","2665","11715","14380"
"2017-05-26 12:38","ServerConfiguration.java","113152","72197","185349"
"2014-01-15 15:58","ServerConfiguration.java","699","3540","4239"
"2017-07-07 08:19","ServerConfiguration.java","114461","83581","198042"
"2017-06-28 23:24","ServerConfiguration.java","114177","77501","191678"
"2017-11-08 12:27","ServerConfiguration.java","126694","120088","246782"
"2014-01-22 14:35","ServerConfiguration.java","1271","6033","7304"
"2017-05-15 19:52","LedgerHandle.java","112499","45680","158179"
"2017-05-02 22:07","LedgerHandle.java","111531","42358","153889"
"2017-03-23 15:55","LedgerHandle.java","111183","36384","147567"
"2016-09-10 21:01","LedgerHandle.java","109261","17175","126436"
"2016-07-11 23:01","LedgerHandle.java","105767","9577","115344"
"2017-05-17 08:57","LedgerHandle.java","112682","46340","159022"
"2017-05-25 14:23","LedgerHandle.java","112717","48180","160897"
"2017-06-21 19:50","LedgerHandle.java","114001","52395","166396"
"2017-06-21 21:00","LedgerHandle.java","114015","53192","167207"
"2017-06-01 23:58","LedgerHandle.java","113567","49941","163508"
"2017-07-04 06:27","LedgerHandle.java","114520","58129","172649"
"2017-06-30 00:12","LedgerHandle.java","114336","55984","170320"
"2016-02-09 08:32","LedgerHandle.java","266","2357","2623"
"2016-03-16 05:03","LedgerHandle.java","105210","4562","109772"
"2015-10-22 09:22","LedgerHandle.java","40","1096","1136"
"2017-01-31 04:01","LedgerHandle.java","111029","35864","146893"
"2013-10-02 06:40","MSLedgerManagerFactory.java","5076","50071","55147"
"2017-06-01 23:58","MSLedgerManagerFactory.java","80951","87080","168031"
"2013-04-04 11:21","MSLedgerManagerFactory.java","4266","42310","46576"
"2012-12-24 05:50","MSLedgerManagerFactory.java","1326","4633","5959"
"2015-09-15 10:38","MSLedgerManagerFactory.java","9012","78443","87455"
"2017-03-28 22:40","MSLedgerManagerFactory.java","79621","79246","158867"
"2014-01-17 18:13","MSLedgerManagerFactory.java","6279","55683","61962"
"2014-05-12 08:10","MSLedgerManagerFactory.java","7354","62929","70283"
"2016-03-16 04:51","AutoRecoveryMain.java","69663","54312","123975"
"2013-10-02 06:23","AutoRecoveryMain.java","7529","68185","75714"
"2013-01-14 16:59","AutoRecoveryMain.java","5500","27613","33113"
"2012-12-18 12:00","AutoRecoveryMain.java","3572","22226","25798"
"2012-10-26 16:25","AutoRecoveryMain.java","1768","7252","9020"
"2014-03-10 03:14","AutoRecoveryMain.java","9470","78205","87675"
"2014-04-24 10:43","AutoRecoveryMain.java","9473","79456","88929"
"2014-09-06 07:58","AutoRecoveryMain.java","10140","91204","101344"
"2013-12-06 07:39","AutoRecoveryMain.java","8587","73188","81775"
"2014-07-24 01:41","TestFencing.java","19370","143341","162711"
"2012-06-19 12:39","TestFencing.java","10414","27985","38399"
"2012-12-18 13:04","TestFencing.java","16468","86777","103245"
"2014-02-05 22:43","TestFencing.java","19074","137287","156361"
"2012-03-31 10:58","TestFencing.java","8652","20622","29274"
"2013-08-23 18:48","TestFencing.java","18500","130424","148924"
"2012-03-13 07:31","TestFencing.java","1393","9881","11274"
"2012-04-02 12:38","TestFencing.java","8667","20775","29442"
"2017-07-07 05:11","Auditor.java","114166","74972","189138"
"2017-05-26 16:52","Auditor.java","112673","63707","176380"
"2016-09-10 21:01","Auditor.java","109704","33135","142839"
"2016-11-09 03:02","Auditor.java","111278","38377","149655"
"2016-03-08 07:18","Auditor.java","4028","23183","27211"
"2014-06-02 11:54","Auditor.java","410","2548","2958"
"2014-05-06 12:30","Auditor.java","74","499","573"
"2014-05-23 18:48","Auditor.java","111","1460","1571"
"2017-07-07 05:11","Auditor.java","114055","72723","186778"
"2017-05-26 16:52","Auditor.java","112540","61436","173976"
"2016-09-10 21:01","Auditor.java","109512","30805","140317"
"2016-11-09 03:02","Auditor.java","111106","36067","147173"
"2016-03-08 07:18","Auditor.java","3826","20843","24669"
"2017-07-07 05:11","Auditor.java","114130","74511","188641"
"2017-05-26 16:52","Auditor.java","112637","63246","175883"
"2016-09-10 21:01","Auditor.java","109651","32657","142308"
"2016-11-09 03:02","Auditor.java","111225","37899","149124"
"2016-03-08 07:18","Auditor.java","3975","22705","26680"
"2014-06-02 11:54","Auditor.java","344","2057","2401"
"2014-05-23 18:48","Auditor.java","40","964","1004"
"2017-07-07 05:11","BookKeeperConstants.java","10295","52725","63020"
"2016-10-13 07:50","BookKeeperConstants.java","5656","14076","19732"
"2017-06-30 00:12","BookKeeperConstants.java","10060","48849","58909"
"2017-10-17 09:32","AuditorElector.java","72072","127564","199636"
"2013-08-21 13:19","AuditorElector.java","9450","80166","89616"
"2016-07-14 23:02","AuditorElector.java","63236","62746","125982"
"2016-09-10 21:01","AuditorElector.java","63923","67503","131426"
"2013-03-05 18:45","AuditorElector.java","8659","71684","80343"
"2012-12-18 12:00","AuditorElector.java","5862","34682","40544"
"2012-12-14 11:18","AuditorElector.java","5624","33825","39449"
"2012-12-08 11:18","AuditorElector.java","5322","30080","35402"
"2017-03-28 22:40","AuditorElector.java","64186","89722","153908"
"2014-06-02 11:54","AuditorElector.java","11523","93810","105333"
"2014-04-24 10:43","AuditorElector.java","11370","91519","102889"
"2014-09-06 07:58","AuditorElector.java","12005","103235","115240"
"2012-10-04 18:31","AuditorElector.java","3494","13660","17154"
"2013-01-04 11:32","AuditorElector.java","7101","37932","45033"
"2013-02-08 19:08","MacDigestManager.java","17429","120472","137901"
"2017-07-28 20:12","MacDigestManager.java","44316","128236","172552"
"2017-05-15 19:52","MacDigestManager.java","43342","112240","155582"
"2017-05-17 08:57","MacDigestManager.java","43384","112759","156143"
"2017-08-16 03:41","RegionAwareEnsemblePlacementPolicy.java","11890","69298","81188"
"2017-03-28 22:35","RegionAwareEnsemblePlacementPolicy.java","1079","19242","20321"
"2017-07-28 20:12","RegionAwareEnsemblePlacementPolicy.java","6310","43249","49559"
"2017-08-16 03:41","RegionAwareEnsemblePlacementPolicy.java","11924","51169","63093"
"2017-07-28 20:12","RegionAwareEnsemblePlacementPolicy.java","6033","24809","30842"
"2013-03-25 06:27","TestSpeculativeRead.java","4017","40780","44797"
"2012-12-28 12:32","TestSpeculativeRead.java","1504","4062","5566"
"2014-02-05 22:43","TestSpeculativeRead.java","7026","57358","64384"
"2013-10-29 05:14","TestSpeculativeRead.java","6040","52006","58046"
"2017-06-01 22:39","TestSpeculativeRead.java","80908","85881","166789"
"2014-07-24 01:41","TestSpeculativeRead.java","7691","63781","71472"
"2013-03-25 06:27","TestLedgerManager.java","11968","99041","111009"
"2012-11-23 11:49","TestLedgerManager.java","8549","54225","62774"
"2012-12-10 10:58","TestLedgerManager.java","8826","57205","66031"
"2017-03-28 22:40","TestLedgerManager.java","48290","97454","145744"
"2015-07-10 22:48","TestLedgerManager.java","15034","133702","148736"
"2014-07-24 01:41","TestLedgerManager.java","14466","120866","135332"
"2017-07-04 06:27","LedgerCache.java","82514","92679","175193"
"2017-05-16 00:31","LedgerCache.java","81360","81515","162875"
"2016-11-18 00:18","LedgerCache.java","80536","58826","139362"
"2017-05-15 19:52","LedgerHandle.java","2252","10598","12850"
"2017-05-02 22:07","LedgerHandle.java","734","6726","7460"
"2017-03-23 15:55","LedgerHandle.java","201","567","768"
"2017-05-17 08:57","LedgerHandle.java","2503","11326","13829"
"2017-05-25 14:23","LedgerHandle.java","2557","13185","15742"
"2017-06-21 19:50","LedgerHandle.java","4020","17579","21599"
"2017-06-21 21:00","LedgerHandle.java","4036","18378","22414"
"2017-06-01 23:58","LedgerHandle.java","3520","15059","18579"
"2017-07-04 06:27","LedgerHandle.java","4684","23458","28142"
"2017-06-30 00:12","LedgerHandle.java","4415","21228","25643"
"2017-03-22 22:54","UpdateCookieCmdTest.java","112407","41518","153925"
"2017-05-15 19:52","TryReadLastConfirmedOp.java","112424","59160","171584"
"2017-05-15 19:52","LedgerHandle.java","40265","117502","157767"
"2017-05-02 22:07","LedgerHandle.java","40108","114991","155099"
"2017-03-23 15:55","LedgerHandle.java","40114","109371","149485"
"2012-12-28 12:32","LedgerHandle.java","17053","94683","111736"
"2016-09-10 21:01","LedgerHandle.java","40023","91993","132016"
"2016-07-11 23:01","LedgerHandle.java","40018","87884","127902"
"2012-02-13 15:46","LedgerHandle.java","3724","15252","18976"
"2012-01-17 16:52","LedgerHandle.java","3493","10739","14232"
"2012-02-01 16:19","LedgerHandle.java","3556","11895","15451"
"2012-02-13 11:19","LedgerHandle.java","3613","15061","18674"
"2012-03-31 10:58","LedgerHandle.java","11072","30233","41305"
"2011-11-29 23:55","LedgerHandle.java","3227","9167","12394"
"2013-04-26 18:38","LedgerHandle.java","18302","130843","149145"
"2013-10-14 18:32","LedgerHandle.java","18545","138773","157318"
"2014-02-05 22:43","LedgerHandle.java","18838","144242","163080"
"2014-02-21 19:01","LedgerHandle.java","18870","145437","164307"
"2017-05-17 08:57","LedgerHandle.java","40293","118007","158300"
"2017-05-25 14:23","LedgerHandle.java","40312","119831","160143"
"2017-06-21 19:50","LedgerHandle.java","40395","122845","163240"
"2017-06-21 21:00","LedgerHandle.java","40396","123629","164025"
"2017-06-01 23:58","LedgerHandle.java","40373","120803","161176"
"2012-06-29 18:43","LedgerHandle.java","12128","42425","54553"
"2012-05-25 17:13","LedgerHandle.java","11812","34178","45990"
"2012-05-10 14:47","LedgerHandle.java","11494","32606","44100"
"2012-09-12 11:59","LedgerHandle.java","14056","67767","81823"
"2012-06-19 12:39","LedgerHandle.java","11948","36710","48658"
"2014-01-21 05:19","LedgerHandle.java","18635","143236","161871"
"2012-06-27 15:35","LedgerHandle.java","12121","42088","54209"
"2014-09-18 06:47","LedgerHandle.java","19195","158818","178013"
"2014-12-09 19:57","LedgerHandle.java","19202","159918","179120"
"2017-07-04 06:27","LedgerHandle.java","40417","128082","168499"
"2017-06-30 00:12","LedgerHandle.java","40391","126095","166486"
"2014-05-30 14:01","LedgerHandle.java","18904","149405","168309"
"2014-05-30 15:07","LedgerHandle.java","18906","149446","168352"
"2014-01-17 18:13","LedgerHandle.java","18612","142317","160929"
"2013-01-07 12:25","LedgerHandle.java","17147","96580","113727"
"2012-08-28 10:51","LedgerHandle.java","13949","64076","78025"
"2011-11-28 19:25","LedgerHandle.java","2895","8790","11685"
"2012-09-14 11:53","LedgerHandle.java","14115","68061","82176"
"2016-02-09 08:32","LedgerHandle.java","19267","165414","184681"
"2011-11-16 17:05","LedgerHandle.java","1661","2881","4542"
"2016-03-16 05:03","LedgerHandle.java","39982","83390","123372"
"2015-10-22 09:22","LedgerHandle.java","19267","164379","183646"
"2015-10-06 10:05","LedgerHandle.java","19261","163317","182578"
"2017-01-31 04:01","LedgerHandle.java","40119","109010","149129"
"2015-04-21 09:39","LedgerHandle.java","19223","162108","181331"
"2015-10-06 11:12","LedgerHandle.java","19262","163558","182820"
"2014-12-05 14:10","LedgerHandle.java","19197","159464","178661"
"2011-11-17 11:16","LedgerHandle.java","1903","3766","5669"
"2014-07-24 01:41","TestFencing.java","20388","135871","156259"
"2012-06-19 12:39","TestFencing.java","10184","19267","29451"
"2012-12-18 13:04","TestFencing.java","16899","78720","95619"
"2014-02-05 22:43","TestFencing.java","20024","129749","149773"
"2012-03-31 10:58","TestFencing.java","7952","11434","19386"
"2013-08-23 18:48","TestFencing.java","19237","122673","141910"
"2012-04-02 12:38","TestFencing.java","7994","11614","19608"
"2017-05-15 19:52","BenchBookie.java","7750","37087","44837"
"2017-07-07 05:11","Auditor.java","114224","73681","187905"
"2017-05-26 16:52","Auditor.java","112725","62410","175135"
"2016-09-10 21:01","Auditor.java","109728","31810","141538"
"2016-11-09 03:02","Auditor.java","111302","37052","148354"
"2016-03-08 07:18","Auditor.java","4055","21861","25916"
"2014-06-02 11:54","Auditor.java","305","1094","1399"
"2016-12-21 01:48","SortedLedgerStorage.java","111396","45316","156712"
"2017-05-12 16:39","SortedLedgerStorage.java","112112","60132","172244"
"2017-05-16 00:31","SortedLedgerStorage.java","112644","61892","174536"
"2014-08-02 20:02","SortedLedgerStorage.java","1466","10673","12139"
"2016-03-08 06:49","SortedLedgerStorage.java","3999","22621","26620"
"2015-04-21 10:02","SortedLedgerStorage.java","2814","17476","20290"
"2017-08-02 00:49","ServerConfiguration.java","5256","21499","26755"
"2017-10-03 12:31","ServerConfiguration.java","30487","36887","67374"
"2017-08-16 03:37","ServerConfiguration.java","7759","30635","38394"
"2017-11-08 12:27","ServerConfiguration.java","34874","59148","94022"
"2017-05-15 19:52","PendingReadLacOp.java","2252","10598","12850"
"2017-06-01 23:58","PendingReadLacOp.java","3520","15059","18579"
"2017-06-30 00:12","PendingReadLacOp.java","4415","21228","25643"
"2017-07-04 06:27","ServerConfiguration.java","663","4496","5159"
"2017-08-02 00:49","ServerConfiguration.java","5929","27968","33897"
"2017-10-03 12:31","ServerConfiguration.java","31102","43298","74400"
"2017-08-16 03:37","ServerConfiguration.java","8421","37093","45514"
"2017-07-07 08:19","ServerConfiguration.java","803","6599","7402"
"2017-11-08 12:27","ServerConfiguration.java","35405","65475","100880"
"2017-05-26 16:52","Journal.java","1455","5253","6708"
"2017-06-01 23:58","Journal.java","2470","7125","9595"
"2017-05-16 00:31","Journal.java","1357","3237","4594"
"2017-06-30 00:12","ReadLastConfirmedOp.java","113438","72575","186013"
"2017-05-15 19:52","ReadLastConfirmedOp.java","111919","62589","174508"
"2017-06-01 23:58","ReadLastConfirmedOp.java","112883","66746","179629"
"2017-03-28 22:35","DefaultEnsemblePlacementPolicy.java","110928","59007","169935"
"2017-07-28 20:12","DefaultEnsemblePlacementPolicy.java","114467","81322","195789"
"2016-10-13 07:50","DefaultEnsemblePlacementPolicy.java","110618","40549","151167"
"2014-07-24 01:41","TestEntryLog.java","20372","138156","158528"
"2012-05-09 10:39","TestEntryLog.java","8918","16366","25284"
"2014-12-10 19:43","TestEntryLog.java","20639","148051","168690"
"2016-02-24 00:44","TestEntryLog.java","20880","154179","175059"
"2014-03-12 21:26","TestEntryLog.java","20081","135110","155191"
"2012-10-18 16:40","TestEntryLog.java","16175","64751","80926"
"2013-10-12 05:42","TestEntryLog.java","19426","126183","145609"
"2017-05-16 00:31","TestEntryLog.java","46334","110611","156945"
"2017-07-07 08:19","TestEntryLog.java","47003","123253","170256"
"2012-03-13 07:31","TestEntryLog.java","610","2911","3521"
"2012-03-16 10:41","TestEntryLog.java","7134","10879","18013"
"2012-03-21 06:13","TestEntryLog.java","8096","12324","20420"
"2017-05-15 19:52","LedgerHandle.java","113304","47656","160960"
"2017-05-02 22:07","LedgerHandle.java","112371","44369","156740"
"2017-03-23 15:55","LedgerHandle.java","112052","38424","150476"
"2016-09-10 21:01","LedgerHandle.java","110163","19248","129411"
"2016-07-11 23:01","LedgerHandle.java","106669","11650","118319"
"2017-05-17 08:57","LedgerHandle.java","113486","48315","161801"
"2017-05-25 14:23","LedgerHandle.java","113521","50155","163676"
"2017-06-21 19:50","LedgerHandle.java","114793","54358","169151"
"2017-06-21 21:00","LedgerHandle.java","114807","55155","169962"
"2017-06-01 23:58","LedgerHandle.java","114361","51906","166267"
"2017-07-04 06:27","LedgerHandle.java","115318","60098","175416"
"2017-06-30 00:12","LedgerHandle.java","115137","57956","173093"
"2016-02-09 08:32","LedgerHandle.java","1302","4564","5866"
"2016-03-16 05:03","LedgerHandle.java","106147","6670","112817"
"2015-10-22 09:22","LedgerHandle.java","1081","3308","4389"
"2015-10-06 10:05","LedgerHandle.java","1042","2213","3255"
"2017-01-31 04:01","LedgerHandle.java","111902","37908","149810"
"2015-10-06 11:12","LedgerHandle.java","1049","2460","3509"
"2014-07-24 01:41","TestEntryLog.java","20388","135871","156259"
"2012-05-09 10:39","TestEntryLog.java","8589","13736","22325"
"2014-12-10 19:43","TestEntryLog.java","20772","145883","166655"
"2016-02-24 00:44","TestEntryLog.java","21118","152116","173234"
"2014-03-12 21:26","TestEntryLog.java","20090","132818","152908"
"2012-10-18 16:40","TestEntryLog.java","15989","62264","78253"
"2013-10-12 05:42","TestEntryLog.java","19402","123858","143260"
"2017-05-16 00:31","TestEntryLog.java","46620","108596","155216"
"2017-07-07 08:19","TestEntryLog.java","47312","121261","168573"
"2012-03-16 10:41","TestEntryLog.java","6720","8164","14884"
"2012-03-21 06:13","TestEntryLog.java","7687","9614","17301"
"2019-02-20 11:43","IndexInMemPageMgr.java","40206","395039","435245"
"2017-06-01 23:58","IndexInMemPageMgr.java","9283","43542","52825"
"2014-08-02 20:02","ServerConfiguration.java","2659","15003","17662"
"2014-05-06 12:30","ServerConfiguration.java","1419","5113","6532"
"2014-05-15 00:41","ServerConfiguration.java","1447","6055","7502"
"2014-09-18 06:47","ServerConfiguration.java","3225","17578","20803"
"2017-07-04 06:27","ServerConfiguration.java","114094","76489","190583"
"2014-03-07 13:14","ServerConfiguration.java","1168","2503","3671"
"2014-04-29 22:07","ServerConfiguration.java","1416","5063","6479"
"2016-04-14 00:51","ServerConfiguration.java","108377","29510","137887"
"2015-01-16 15:57","ServerConfiguration.java","3711","21036","24747"
"2016-03-08 06:49","ServerConfiguration.java","4990","26749","31739"
"2016-01-26 22:11","ServerConfiguration.java","4672","25417","30089"
"2014-03-12 21:26","ServerConfiguration.java","1301","4438","5739"
"2016-04-05 18:47","ServerConfiguration.java","108351","29434","137785"
"2016-04-27 09:55","ServerConfiguration.java","108428","30073","138501"
"2015-04-21 09:55","ServerConfiguration.java","3842","21608","25450"
"2015-01-12 15:18","ServerConfiguration.java","3703","20090","23793"
"2015-04-21 10:02","ServerConfiguration.java","3854","21653","25507"
"2017-05-15 19:52","ServerConfiguration.java","112534","64501","177035"
"2017-03-22 22:54","ServerConfiguration.java","111601","55510","167111"
"2017-03-23 00:48","ServerConfiguration.java","111605","55566","167171"
"2017-01-31 02:11","ServerConfiguration.java","111495","49035","160530"
"2016-04-05 08:45","ServerConfiguration.java","108343","29184","137527"
"2016-11-09 03:02","ServerConfiguration.java","111415","41783","153198"
"2016-11-30 00:02","ServerConfiguration.java","111455","42505","153960"
"2017-06-05 20:30","ServerConfiguration.java","113595","69113","182708"
"2016-09-10 20:27","ServerConfiguration.java","109947","36526","146473"
"2017-08-02 00:49","ServerConfiguration.java","117621","98222","215843"
"2017-10-03 12:31","ServerConfiguration.java","125102","95860","220962"
"2017-08-16 03:37","ServerConfiguration.java","119177","106411","225588"
"2014-05-09 14:04","ServerConfiguration.java","1434","5722","7156"
"2017-05-26 12:38","ServerConfiguration.java","112713","66996","179709"
"2017-07-07 08:19","ServerConfiguration.java","114093","78451","192544"
"2017-06-28 23:24","ServerConfiguration.java","113788","72350","186138"
"2017-11-08 12:27","ServerConfiguration.java","126878","115510","242388"
"2014-08-02 20:02","Journal.java","3699","21178","24877"
"2014-03-07 13:14","Journal.java","2585","9055","11640"
"2014-04-29 22:07","Journal.java","2831","11613","14444"
"2013-12-06 07:39","Journal.java","796","3818","4614"
"2015-04-21 09:23","Journal.java","4637","27371","32008"
"2016-02-09 08:30","Journal.java","5538","31539","37077"
"2015-02-23 08:11","Journal.java","4619","27117","31736"
"2017-05-26 16:52","Journal.java","113230","72668","185898"
"2017-03-22 22:54","Journal.java","112187","61231","173418"
"2016-11-12 03:37","Journal.java","112038","47589","159627"
"2016-07-14 23:02","Journal.java","109358","37123","146481"
"2017-06-01 23:58","Journal.java","113967","74262","188229"
"2017-05-09 22:24","Journal.java","112705","68345","181050"
"2017-05-16 00:31","Journal.java","113176","70696","183872"
"2014-07-24 01:41","TestFencing.java","19815","144916","164731"
"2012-06-19 12:39","TestFencing.java","10981","29682","40663"
"2012-12-18 13:04","TestFencing.java","16950","88389","105339"
"2014-02-05 22:43","TestFencing.java","19529","138872","158401"
"2012-03-31 10:58","TestFencing.java","9317","22417","31734"
"2013-08-23 18:48","TestFencing.java","18958","132012","150970"
"2012-01-11 15:46","TestFencing.java","733","1863","2596"
"2012-03-13 07:31","TestFencing.java","2064","11682","13746"
"2012-04-02 12:38","TestFencing.java","9332","22570","31902"
"2017-06-01 23:58","ReplicationWorker.java","64953","98630","163583"
"2017-04-11 20:14","ReplicationWorker.java","63790","90979","154769"
"2014-02-05 22:43","ReplicationWorker.java","10911","89562","100473"
"2013-10-02 06:23","ReplicationWorker.java","9186","81645","90831"
"2016-03-16 04:51","ReplicationWorker.java","62645","59097","121742"
"2016-09-10 21:01","ReplicationWorker.java","63532","68749","132281"
"2017-05-26 16:52","ReplicationWorker.java","64371","97191","161562"
"2012-12-18 12:00","ReplicationWorker.java","5596","36053","41649"
"2015-04-21 09:17","ReplicationWorker.java","11927","108039","119966"
"2013-01-03 11:06","ReplicationWorker.java","6804","38457","45261"
"2012-09-12 20:34","ReplicationWorker.java","873","8025","8898"
"2013-12-06 07:39","ReplicationWorker.java","10221","86625","96846"
"2014-04-24 10:43","ReplicationWorker.java","11028","92814","103842"
"2014-09-06 07:58","ReplicationWorker.java","11614","104481","116095"
"2012-10-04 18:31","ReplicationWorker.java","3457","15260","18717"
"2015-09-15 10:38","AbstractConfiguration.java","10517","81683","92200"
"2017-03-28 22:40","AbstractConfiguration.java","79516","80876","160392"
"2012-12-12 11:20","AbstractConfiguration.java","2056","3791","5847"
"2017-08-02 00:49","AbstractConfiguration.java","84109","117414","201523"
"2013-06-12 18:41","AbstractConfiguration.java","6499","50936","57435"
"2016-07-31 07:53","AbstractConfiguration.java","78163","53597","131760"
"2017-01-31 02:14","AbstractConfiguration.java","79355","70211","149566"
"2016-07-31 07:56","AbstractConfiguration.java","78163","53931","132094"
"2017-05-02 23:04","AbstractConfiguration.java","79817","82998","162815"
"2017-03-23 00:48","AbstractConfiguration.java","79445","76110","155555"
"2017-07-07 05:11","BookKeeperConstants.java","80807","97004","177811"
"2016-10-13 07:50","BookKeeperConstants.java","78883","61070","139953"
"2017-06-30 00:12","BookKeeperConstants.java","80727","93283","174010"
"2016-04-27 09:55","BookKeeperConstants.java","77648","51415","129063"
"2015-04-21 10:02","BookKeeperConstants.java","8300","78221","86521"
"2017-07-28 20:12","LedgerChecker.java","4229","19251","23480"
"2017-05-04 20:58","AbstractZkLedgerManager.java","112119","58016","170135"
"2017-06-01 23:58","AbstractZkLedgerManager.java","113520","64074","177594"
"2017-06-12 17:20","AbstractZkLedgerManager.java","113742","66073","179815"
"2017-03-28 22:40","AbstractZkLedgerManager.java","111633","55683","167316"
"2016-02-09 08:23","AbstractZkLedgerManager.java","3752","19853","23605"
"2015-09-15 10:38","AbstractZkLedgerManager.java","3534","17390","20924"
"2016-02-23 19:16","AbstractZkLedgerManager.java","3786","20225","24011"
"2017-05-15 19:52","BookKeeperClusterTestCase.java","112498","45453","157951"
"2016-04-05 08:45","BookKeeperClusterTestCase.java","105289","7118","112407"
"2017-08-01 08:34","BookKeeperClusterTestCase.java","117844","76848","194692"
"2017-11-08 12:27","BookKeeperClusterTestCase.java","132438","102058","234496"
"2017-07-04 06:27","BookKeeperClusterTestCase.java","114521","57904","172425"
"2017-06-30 00:12","BookKeeperClusterTestCase.java","114336","55758","170094"
"2016-04-27 09:55","BookKeeperClusterTestCase.java","105389","8022","113411"
"2014-08-02 20:02","Journal.java","4362","22764","27126"
"2014-03-07 13:14","Journal.java","3277","10670","13947"
"2014-04-29 22:07","Journal.java","3504","13209","16713"
"2013-12-06 07:39","Journal.java","1547","5492","7039"
"2015-04-21 09:23","Journal.java","5264","28921","34185"
"2016-02-09 08:30","Journal.java","6106","33030","39136"
"2015-02-23 08:11","Journal.java","5252","28673","33925"
"2017-05-26 16:52","Journal.java","113714","74075","187789"
"2017-03-22 22:54","Journal.java","112688","62655","175343"
"2016-11-12 03:37","Journal.java","112549","49023","161572"
"2016-07-14 23:02","Journal.java","109876","38564","148440"
"2017-06-01 23:58","Journal.java","114449","75667","190116"
"2017-05-09 22:24","Journal.java","113204","69767","182971"
"2013-10-12 05:42","Journal.java","1114","2037","3151"
"2017-05-16 00:31","Journal.java","113660","72103","185763"
"2017-05-15 19:52","LedgerHandle.java","40530","118015","158545"
"2017-05-02 22:07","LedgerHandle.java","40374","115505","155879"
"2017-03-23 15:55","LedgerHandle.java","40381","109886","150267"
"2012-12-28 12:32","LedgerHandle.java","17588","95466","113054"
"2016-09-10 21:01","LedgerHandle.java","40323","92541","132864"
"2016-07-11 23:01","LedgerHandle.java","40318","88432","128750"
"2012-02-13 15:46","LedgerHandle.java","4621","16397","21018"
"2012-01-17 16:52","LedgerHandle.java","4396","11890","16286"
"2012-02-01 16:19","LedgerHandle.java","4456","13043","17499"
"2012-02-13 11:19","LedgerHandle.java","4513","16209","20722"
"2012-03-31 10:58","LedgerHandle.java","11836","31245","43081"
"2011-11-29 23:55","LedgerHandle.java","4141","10329","14470"
"2013-04-26 18:38","LedgerHandle.java","18800","131589","150389"
"2013-10-14 18:32","LedgerHandle.java","18992","139468","158460"
"2014-02-05 22:43","LedgerHandle.java","19240","144892","164132"
"2014-02-21 19:01","LedgerHandle.java","19272","146087","165359"
"2017-05-17 08:57","LedgerHandle.java","40556","118518","159074"
"2017-05-25 14:23","LedgerHandle.java","40575","120342","160917"
"2017-06-21 19:50","LedgerHandle.java","40626","123324","163950"
"2017-06-21 21:00","LedgerHandle.java","40627","124108","164735"
"2017-06-01 23:58","LedgerHandle.java","40607","121285","161892"
"2012-06-29 18:43","LedgerHandle.java","12839","43384","56223"
"2012-05-25 17:13","LedgerHandle.java","12568","35182","47750"
"2012-05-10 14:47","LedgerHandle.java","12253","33613","45866"
"2012-09-12 11:59","LedgerHandle.java","14602","68561","83163"
"2012-06-19 12:39","LedgerHandle.java","12697","37707","50404"
"2014-01-21 05:19","LedgerHandle.java","19076","143925","163001"
"2012-06-27 15:35","LedgerHandle.java","12842","43057","55899"
"2014-09-18 06:47","LedgerHandle.java","19492","159363","178855"
"2014-12-09 19:57","LedgerHandle.java","19499","160463","179962"
"2017-07-04 06:27","LedgerHandle.java","40647","128560","169207"
"2017-06-30 00:12","LedgerHandle.java","40622","126574","167196"
"2014-05-30 14:01","LedgerHandle.java","19299","150048","169347"
"2014-05-30 15:07","LedgerHandle.java","19301","150089","169390"
"2014-01-17 18:13","LedgerHandle.java","19060","143013","162073"
"2013-01-07 12:25","LedgerHandle.java","17681","97362","115043"
"2012-08-28 10:51","LedgerHandle.java","14509","64884","79393"
"2011-11-28 19:25","LedgerHandle.java","3809","9952","13761"
"2012-09-14 11:53","LedgerHandle.java","14661","68855","83516"
"2016-02-09 08:32","LedgerHandle.java","19563","165958","185521"
"2011-11-16 17:05","LedgerHandle.java","2702","4170","6872"
"2016-03-16 05:03","LedgerHandle.java","40283","83939","124222"
"2015-10-22 09:22","LedgerHandle.java","19563","164923","184486"
"2015-10-06 10:05","LedgerHandle.java","19558","163862","183420"
"2017-01-31 04:01","LedgerHandle.java","40386","109525","149911"
"2011-10-27 18:26","LedgerHandle.java","1132","1380","2512"
"2015-04-21 09:39","LedgerHandle.java","19520","162653","182173"
"2015-10-06 11:12","LedgerHandle.java","19559","164103","183662"
"2014-12-05 14:10","LedgerHandle.java","19494","160009","179503"
"2011-11-17 11:16","LedgerHandle.java","2939","5050","7989"
"2017-05-25 14:23","LedgerFragmentReplicator.java","71671","92401","164072"
"2014-02-05 22:43","LedgerFragmentReplicator.java","9255","75870","85125"
"2014-02-21 19:01","LedgerFragmentReplicator.java","9360","77138","86498"
"2016-09-10 21:01","LedgerFragmentReplicator.java","70731","63912","134643"
"2017-07-28 20:12","BKException.java","81538","100694","182232"
"2016-07-11 22:53","BKException.java","77880","51736","129616"
"2017-05-02 23:04","BKException.java","79619","82263","161882"
"2013-09-10 15:14","BKException.java","6212","52271","58483"
"2014-02-21 19:01","BKException.java","8361","61825","70186"
"2017-08-02 00:49","BKException.java","83924","116692","200616"
"2012-12-12 11:20","BKException.java","1481","2679","4160"
"2015-09-15 10:38","BKException.java","10016","80645","90661"
"2017-01-31 04:01","BKException.java","79169","74957","154126"
"2015-10-06 10:48","BKException.java","10022","81201","91223"
"2015-10-22 09:22","BKException.java","10045","82054","92099"
"2017-07-04 06:27","LedgerCache.java","4948","36823","41771"
"2017-05-16 00:31","LedgerCache.java","2889","24754","27643"
"2017-08-16 03:41","RegionAwareEnsemblePlacementPolicy.java","6342","26811","33153"
"2014-08-02 20:02","ServerConfiguration.java","3699","21178","24877"
"2014-05-06 12:30","ServerConfiguration.java","2834","11663","14497"
"2014-05-15 00:41","ServerConfiguration.java","2854","12597","15451"
"2014-09-18 06:47","ServerConfiguration.java","4140","23628","27768"
"2017-07-04 06:27","ServerConfiguration.java","114520","82050","196570"
"2014-03-07 13:14","ServerConfiguration.java","2585","9055","11640"
"2014-04-29 22:07","ServerConfiguration.java","2831","11613","14444"
"2016-04-14 00:51","ServerConfiguration.java","109051","35319","144370"
"2015-01-16 15:57","ServerConfiguration.java","4594","27054","31648"
"2016-03-08 06:49","ServerConfiguration.java","5721","32615","38336"
"2016-01-26 22:11","ServerConfiguration.java","5442","31322","36764"
"2014-01-21 05:05","ServerConfiguration.java","1145","5265","6410"
"2014-03-12 21:26","ServerConfiguration.java","2716","10988","13704"
"2016-04-05 18:47","ServerConfiguration.java","109025","35243","144268"
"2016-04-27 09:55","ServerConfiguration.java","109102","35882","144984"
"2015-04-21 09:55","ServerConfiguration.java","4657","27558","32215"
"2015-01-12 15:18","ServerConfiguration.java","4591","26113","30704"
"2015-04-21 10:02","ServerConfiguration.java","4667","27601","32268"
"2017-05-15 19:52","ServerConfiguration.java","113068","70170","183238"
"2017-03-22 22:54","ServerConfiguration.java","112187","61231","173418"
"2017-03-23 00:48","ServerConfiguration.java","112192","61288","173480"
"2017-01-31 02:11","ServerConfiguration.java","112091","54766","166857"
"2016-04-05 08:45","ServerConfiguration.java","109017","34993","144010"
"2016-11-09 03:02","ServerConfiguration.java","112037","47540","159577"
"2016-11-30 00:02","ServerConfiguration.java","112062","48247","160309"
"2017-06-05 20:30","ServerConfiguration.java","114060","74713","188773"
"2016-09-10 20:27","ServerConfiguration.java","110567","42281","152848"
"2017-08-02 00:49","ServerConfiguration.java","117767","103503","221270"
"2017-10-03 12:31","ServerConfiguration.java","125074","100967","226041"
"2017-08-16 03:37","ServerConfiguration.java","119292","111661","230953"
"2013-12-02 18:45","ServerConfiguration.java","761","3631","4392"
"2014-05-09 14:04","ServerConfiguration.java","2849","12272","15121"
"2017-05-26 12:38","ServerConfiguration.java","113229","72647","185876"
"2014-01-15 15:58","ServerConfiguration.java","867","4081","4948"
"2013-10-22 07:44","ServerConfiguration.java","244","617","861"
"2017-07-07 08:19","ServerConfiguration.java","114509","84002","198511"
"2017-06-28 23:24","ServerConfiguration.java","114231","77928","192159"
"2017-11-08 12:27","ServerConfiguration.java","126655","120422","247077"
"2014-01-22 14:35","ServerConfiguration.java","1456","6591","8047"
"2014-04-29 22:07","ClientUtil.java","19811","137496","157307"
"2012-09-12 20:34","ClientUtil.java","13445","56118","69563"
"2017-05-15 19:52","ClientUtil.java","45790","111795","157585"
"2017-05-25 14:23","ClientUtil.java","45867","114154","160021"
"2017-05-16 00:31","LedgerCacheImpl.java","2479","11243","13722"
"2017-06-01 23:58","LedgerCacheImpl.java","3520","15059","18579"
"2017-07-04 06:27","LedgerCacheImpl.java","4684","23458","28142"
"2014-07-24 01:41","TestFencing.java","15525","127388","142913"
"2012-06-19 12:39","TestFencing.java","2403","7866","10269"
"2012-12-18 13:04","TestFencing.java","10871","69072","79943"
"2014-02-05 22:43","TestFencing.java","15142","121247","136389"
"2013-08-23 18:48","TestFencing.java","13749","113565","127314"
"2016-11-30 00:19","SystemPropertiesConfigurationTest.java","5579","19339","24918"
"2014-08-02 20:02","DiskChecker.java","6190","64199","70389"
"2014-01-15 15:58","DiskChecker.java","4214","47958","52172"
"2017-07-07 08:19","DiskChecker.java","82244","92267","174511"
"2017-06-05 20:30","DiskChecker.java","81835","83018","164853"
"2017-05-26 16:52","Journal.java","119","2037","2156"
"2017-06-01 23:58","Journal.java","1160","3935","5095"
"2012-05-25 17:13","UpgradeTest.java","9368","16055","25423"
"2014-12-10 19:43","UpgradeTest.java","20772","145883","166655"
"2012-09-07 07:26","UpgradeTest.java","13104","50646","63750"
"2017-05-15 19:52","UpgradeTest.java","46580","108138","154718"
"2012-11-23 11:49","UpgradeTest.java","16413","71172","87585"
"2013-10-11 08:36","UpgradeTest.java","19320","123235","142555"
"2013-10-12 05:42","UpgradeTest.java","19402","123858","143260"
"2012-03-29 15:18","UpgradeTest.java","7834","10478","18312"
"2017-08-16 03:41","CachedDNSToSwitchMapping.java","119164","114889","234053"
"2017-03-23 00:54","TestDiskChecker.java","112041","40495","152536"
"2014-02-05 22:43","TestReplicationWorker.java","9255","75870","85125"
"2013-05-31 12:02","TestReplicationWorker.java","7143","61684","68827"
"2013-06-15 19:05","TestReplicationWorker.java","7221","65862","73083"
"2012-12-18 12:00","TestReplicationWorker.java","3468","21889","25357"
"2013-01-14 16:59","TestReplicationWorker.java","5396","27276","32672"
"2016-04-27 09:00","TestReplicationWorker.java","69599","57226","126825"
"2012-12-08 11:18","TestReplicationWorker.java","2902","17261","20163"
"2015-07-10 22:48","TestReplicationWorker.java","10599","95240","105839"
"2014-07-24 01:41","TestReplicationWorker.java","9824","82197","92021"
"2017-07-07 08:19","LedgerDirsManagerTest.java","113867","72333","186200"
"2017-01-30 23:25","LedgerDirsManagerTest.java","110988","42578","153566"
"2017-06-05 20:30","LedgerDirsManagerTest.java","113227","62853","176080"
"2014-12-10 19:43","LedgerDirsManagerTest.java","1949","11577","13526"
"2014-07-24 01:41","TestEntryLog.java","15364","129403","144767"
"2012-05-09 10:39","TestEntryLog.java","1877","5580","7457"
"2014-12-10 19:43","TestEntryLog.java","15750","139417","155167"
"2016-02-24 00:44","TestEntryLog.java","16098","145652","161750"
"2014-03-12 21:26","TestEntryLog.java","15061","126345","141406"
"2012-10-18 16:40","TestEntryLog.java","10814","55645","66459"
"2013-10-12 05:42","TestEntryLog.java","14370","117382","131752"
"2017-05-16 00:31","TestEntryLog.java","47002","107534","154536"
"2017-07-07 08:19","TestEntryLog.java","47696","120201","167897"
"2012-03-21 06:13","TestEntryLog.java","967","1450","2417"
"2017-05-15 19:52","TestRackawareEnsemblePlacementPolicy.java","2924","24826","27750"
"2017-03-28 22:35","TestRackawareEnsemblePlacementPolicy.java","1240","19388","20628"
"2017-08-16 03:41","TestRackawareEnsemblePlacementPolicy.java","12047","69440","81487"
"2012-08-17 11:58","Version.java","3885","20531","24416"
"2014-07-24 01:41","TestEntryLog.java","15250","128806","144056"
"2012-05-09 10:39","TestEntryLog.java","1026","4246","5272"
"2014-12-10 19:43","TestEntryLog.java","15639","138823","154462"
"2016-02-24 00:44","TestEntryLog.java","16078","145149","161227"
"2014-03-12 21:26","TestEntryLog.java","14947","125748","140695"
"2012-10-18 16:40","TestEntryLog.java","10016","54364","64380"
"2013-10-12 05:42","TestEntryLog.java","14232","116761","130993"
"2017-05-16 00:31","TestEntryLog.java","47111","107160","154271"
"2017-07-07 08:19","TestEntryLog.java","47846","119868","167714"
"2017-05-15 19:52","LedgerHandle.java","112504","45445","157949"
"2017-05-02 22:07","LedgerHandle.java","111528","42115","153643"
"2017-03-23 15:55","LedgerHandle.java","111180","36141","147321"
"2016-09-10 21:01","LedgerHandle.java","109258","16932","126190"
"2016-07-11 23:01","LedgerHandle.java","105764","9334","115098"
"2017-05-17 08:57","LedgerHandle.java","112687","46105","158792"
"2017-05-25 14:23","LedgerHandle.java","112722","47945","160667"
"2017-06-21 19:50","LedgerHandle.java","114006","52160","166166"
"2017-06-21 21:00","LedgerHandle.java","114020","52957","166977"
"2017-06-01 23:58","LedgerHandle.java","113572","49706","163278"
"2017-07-04 06:27","LedgerHandle.java","114533","57902","172435"
"2017-06-30 00:12","LedgerHandle.java","114348","55756","170104"
"2016-02-09 08:32","LedgerHandle.java","259","2110","2369"
"2016-03-16 05:03","LedgerHandle.java","105203","4315","109518"
"2015-10-22 09:22","LedgerHandle.java","33","849","882"
"2017-01-31 04:01","LedgerHandle.java","111026","35621","146647"
"2014-06-06 15:29","CompactionTest.java","4166","22419","26585"
"2013-10-30 16:23","CompactionTest.java","2256","11836","14092"
"2014-01-17 18:13","CompactionTest.java","2386","13190","15576"
"2016-03-08 06:49","CompactionTest.java","6272","40400","46672"
"2015-01-16 15:57","CompactionTest.java","5247","34941","40188"
"2014-12-10 19:43","CompactionTest.java","5240","33129","38369"
"2015-04-21 09:55","CompactionTest.java","5302","35437","40739"
"2016-05-04 15:55","CompactionTest.java","109386","43423","152809"
"2017-03-22 22:54","CompactionTest.java","111092","67370","178462"
"2017-06-21 21:07","CompactionTest.java","112970","83667","196637"
"2014-01-22 14:35","CompactionTest.java","2909","15278","18187"
"2017-11-08 12:27","CompactionTest.java","124608","125609","250217"
"2017-05-16 00:31","CompactionTest.java","111989","76743","188732"
"2014-01-15 15:58","CompactionTest.java","2351","12799","15150"
"2013-10-22 07:44","CompactionTest.java","2071","9678","11749"
"2017-07-07 08:19","CompactionTest.java","113238","89965","203203"
"2016-04-27 09:00","TestReplicationWorker.java","105793","8779","114572"
"2017-05-15 19:52","BookKeeperClusterTestCase.java","113296","49743","163039"
"2016-04-05 08:45","BookKeeperClusterTestCase.java","106286","11607","117893"
"2017-08-01 08:34","BookKeeperClusterTestCase.java","118519","81015","199534"
"2017-11-08 12:27","BookKeeperClusterTestCase.java","131976","105088","237064"
"2017-07-04 06:27","BookKeeperClusterTestCase.java","115264","62139","177403"
"2017-06-30 00:12","BookKeeperClusterTestCase.java","115097","60011","175108"
"2016-04-27 09:55","BookKeeperClusterTestCase.java","106384","12509","118893"
"2015-10-06 10:48","BookKeeperClusterTestCase.java","1225","4717","5942"
"2017-07-07 08:19","CreateNewLogTest.java","80784","97165","177949"
"2013-10-12 05:42","CreateNewLogTest.java","5829","52717","58546"
"2017-01-30 23:25","CreateNewLogTest.java","79006","68511","147517"
"2017-06-01 23:58","ZkLedgerIdGenerator.java","2460","7143","9603"
"2014-07-24 01:41","ConcurrentLedgerTest.java","3366","14393","17759"
"2014-12-10 19:43","ConcurrentLedgerTest.java","4587","25242","29829"
"2014-02-05 22:43","ConcurrentLedgerTest.java","2368","7637","10005"
"2017-05-16 00:31","ConcurrentLedgerTest.java","113176","70696","183872"
"2017-10-03 12:31","IndexPersistenceMgrTest.java","30487","36887","67374"
"2017-06-30 00:12","PerChannelBookieClient.java","415","3559","3974"
"2017-07-04 06:27","PerChannelBookieClient.java","754","5859","6613"
"2017-07-28 20:12","PerChannelBookieClient.java","2438","12137","14575"
"2017-08-02 00:49","PerChannelBookieClient.java","5992","29303","35295"
"2017-06-01 23:58","EntryLogger.java","114353","51898","166251"
"2017-11-08 12:27","EntryLogger.java","132804","103821","236625"
"2017-01-31 02:11","EntryLogger.java","111894","31819","143713"
"2017-03-23 00:48","EntryLogger.java","112029","38375","150404"
"2016-07-14 23:02","EntryLogger.java","106733","11748","118481"
"2016-02-24 00:44","EntryLogger.java","1420","5212","6632"
"2016-07-11 23:01","BookieWriteLedgerTest.java","64576","62315","126891"
"2014-02-05 22:43","BookieWriteLedgerTest.java","11259","86536","97795"
"2013-04-26 18:38","BookieWriteLedgerTest.java","8969","71383","80352"
"2014-07-24 01:41","BookieWriteLedgerTest.java","11795","92830","104625"
"2015-10-22 09:22","BookieWriteLedgerTest.java","12725","107710","120435"
"2017-06-30 00:12","PerChannelBookieClient.java","925","6199","7124"
"2017-07-04 06:27","PerChannelBookieClient.java","1257","8492","9749"
"2017-07-28 20:12","PerChannelBookieClient.java","2875","14704","17579"
"2017-08-02 00:49","PerChannelBookieClient.java","6431","31872","38303"
"2017-06-21 19:58","PerChannelBookieClient.java","536","2666","3202"
"2012-05-25 17:13","UpgradeTest.java","9680","19969","29649"
"2014-12-10 19:43","UpgradeTest.java","20263","148976","169239"
"2012-09-07 07:26","UpgradeTest.java","13250","54394","67644"
"2017-05-15 19:52","UpgradeTest.java","45779","110939","156718"
"2012-11-23 11:49","UpgradeTest.java","16443","74804","91247"
"2013-10-11 08:36","UpgradeTest.java","19067","126584","145651"
"2013-10-12 05:42","UpgradeTest.java","19129","127187","146316"
"2012-03-13 07:31","UpgradeTest.java","1005","4607","5612"
"2012-03-29 15:18","UpgradeTest.java","8388","14634","23022"
"2016-07-14 23:02","Value.java","77574","55262","132836"
"2017-05-26 16:52","Value.java","79577","88938","168515"
"2013-02-08 19:08","Value.java","5193","46363","51556"
"2017-07-04 06:27","FileInfo.java","1257","8492","9749"
"2017-07-17 23:27","FileInfo.java","1585","11927","13512"
"2016-03-08 06:49","LedgerDeleteTest.java","3369","19236","22605"
"2014-04-29 22:07","BookieJournalTest.java","2953","12276","15229"
"2014-12-10 19:43","BookieJournalTest.java","4693","25889","30582"
"2017-05-15 19:52","BookieJournalTest.java","113128","70771","183899"
"2017-05-16 00:31","BookieJournalTest.java","113235","71296","184531"
"2013-10-12 05:42","BookieJournalTest.java","214","755","969"
"2012-12-18 12:00","ZkLedgerUnderreplicationManager.java","3363","21366","24729"
"2016-04-27 21:11","ZkLedgerUnderreplicationManager.java","69639","57347","126986"
"2016-07-14 23:02","ZkLedgerUnderreplicationManager.java","69824","58517","128341"
"2017-07-07 05:11","ZkLedgerUnderreplicationManager.java","72677","102815","175492"
"2013-08-22 16:40","ZkLedgerUnderreplicationManager.java","7282","67195","74477"
"2017-06-28 23:28","ZkLedgerUnderreplicationManager.java","72524","97641","170165"
"2013-06-15 19:05","ZkLedgerUnderreplicationManager.java","7117","65340","72457"
"2017-06-01 23:58","ZkLedgerUnderreplicationManager.java","72448","93671","166119"
"2014-08-18 23:03","ZkLedgerUnderreplicationManager.java","9916","89791","99707"
"2013-01-04 11:32","ZkLedgerUnderreplicationManager.java","4711","24725","29436"
"2014-06-03 12:35","ZkLedgerUnderreplicationManager.java","9457","81395","90852"
"2014-06-02 11:54","ZkLedgerUnderreplicationManager.java","9443","80913","90356"
"2017-03-28 22:40","ZkLedgerUnderreplicationManager.java","71180","85899","157079"
"2012-10-16 17:01","ZkLedgerUnderreplicationManager.java","5","172","177"
"2016-04-27 09:55","ZkLedgerUnderreplicationManager.java","69639","57347","126986"
"2012-12-14 20:26","ZkLedgerUnderreplicationManager.java","3115","20611","23726"
"2012-12-14 11:18","ZkLedgerUnderreplicationManager.java","3106","20490","23596"
"2012-12-08 11:42","ZkLedgerUnderreplicationManager.java","2791","16732","19523"
"2014-04-29 22:07","BookieJournalTest.java","2831","11613","14444"
"2014-12-10 19:43","BookieJournalTest.java","4587","25242","29829"
"2017-05-15 19:52","BookieJournalTest.java","113068","70170","183238"
"2017-05-16 00:31","BookieJournalTest.java","113176","70696","183872"
"2012-12-18 12:00","ZkLedgerUnderreplicationManager.java","3359","21195","24554"
"2016-04-27 21:11","ZkLedgerUnderreplicationManager.java","69653","57194","126847"
"2016-07-14 23:02","ZkLedgerUnderreplicationManager.java","69838","58364","128202"
"2017-07-07 05:11","ZkLedgerUnderreplicationManager.java","72693","102664","175357"
"2013-08-22 16:40","ZkLedgerUnderreplicationManager.java","7293","67039","74332"
"2017-06-28 23:28","ZkLedgerUnderreplicationManager.java","72540","97490","170030"
"2013-06-15 19:05","ZkLedgerUnderreplicationManager.java","7128","65184","72312"
"2017-06-01 23:58","ZkLedgerUnderreplicationManager.java","72462","93518","165980"
"2014-08-18 23:03","ZkLedgerUnderreplicationManager.java","9928","89636","99564"
"2013-01-04 11:32","ZkLedgerUnderreplicationManager.java","4708","24555","29263"
"2014-06-03 12:35","ZkLedgerUnderreplicationManager.java","9469","81240","90709"
"2014-06-02 11:54","ZkLedgerUnderreplicationManager.java","9455","80758","90213"
"2017-03-28 22:40","ZkLedgerUnderreplicationManager.java","71194","85746","156940"
"2016-04-27 09:55","ZkLedgerUnderreplicationManager.java","69653","57194","126847"
"2012-12-14 20:26","ZkLedgerUnderreplicationManager.java","3111","20440","23551"
"2012-12-14 11:18","ZkLedgerUnderreplicationManager.java","3102","20319","23421"
"2012-12-08 11:42","ZkLedgerUnderreplicationManager.java","2787","16561","19348"
"2014-01-15 15:58","GarbageCollectorThread.java","132","1000","1132"
"2017-05-09 23:06","GarbageCollectorThread.java","112241","65533","177774"
"2014-01-21 17:26","GarbageCollectorThread.java","584","2997","3581"
"2017-11-08 12:27","GarbageCollectorThread.java","126610","118031","244641"
"2017-03-28 22:39","GarbageCollectorThread.java","111782","63018","174800"
"2017-01-30 23:25","GarbageCollectorThread.java","111604","51875","163479"
"2016-05-04 15:55","GarbageCollectorThread.java","108622","33079","141701"
"2016-03-08 06:49","GarbageCollectorThread.java","5177","29725","34902"
"2016-02-24 00:44","GarbageCollectorThread.java","5094","29290","34384"
"2015-04-21 09:55","GarbageCollectorThread.java","4082","24637","28719"
"2016-07-14 23:02","BenchThroughputLatency.java","110113","46631","156744"
"2013-10-29 05:14","BenchThroughputLatency.java","3763","13419","17182"
"2013-10-14 16:43","BenchThroughputLatency.java","3517","12304","15821"
"2014-07-15 09:09","BenchThroughputLatency.java","5386","25190","30576"
"2016-07-14 23:02","ZkLedgerUnderreplicationManager.java","498","1483","1981"
"2017-07-07 05:11","ZkLedgerUnderreplicationManager.java","10295","52725","63020"
"2017-06-28 23:28","ZkLedgerUnderreplicationManager.java","9792","47201","56993"
"2017-06-01 23:58","ZkLedgerUnderreplicationManager.java","9221","42736","51957"
"2017-03-28 22:40","ZkLedgerUnderreplicationManager.java","6785","33796","40581"
"2014-07-24 01:41","ConcurrentLedgerTest.java","1183","6941","8124"
"2014-12-10 19:43","ConcurrentLedgerTest.java","2838","18224","21062"
"2017-05-16 00:31","ConcurrentLedgerTest.java","111999","64250","176249"
"2017-03-22 22:54","Cookie.java","79121","75152","154273"
"2016-11-30 00:02","Cookie.java","79012","62184","141196"
"2014-02-05 22:43","Cookie.java","7029","59285","66314"
"2014-05-09 14:04","Cookie.java","7219","63629","70848"
"2014-09-23 17:53","Cookie.java","7960","74518","82478"
"2014-09-18 06:57","Cookie.java","7942","74444","82386"
"2014-12-06 08:03","Cookie.java","8011","75488","83499"
"2013-02-08 19:08","Cookie.java","3007","41241","44248"
"2013-07-04 14:01","JournalChannel.java","13535","110895","124430"
"2013-10-12 05:42","JournalChannel.java","14349","114082","128431"
"2013-07-20 19:59","JournalChannel.java","13560","111157","124717"
"2012-12-18 13:04","JournalChannel.java","10585","67683","78268"
"2014-04-29 22:07","JournalChannel.java","15150","123665","138815"
"2014-03-07 13:30","JournalChannel.java","15105","121308","136413"
"2014-01-21 05:19","PerChannelBookieClient.java","551","4114","4665"
"2014-01-09 07:30","PerChannelBookieClient.java","150","2281","2431"
"2017-06-30 00:12","PerChannelBookieClient.java","113986","78652","192638"
"2014-05-27 13:56","PerChannelBookieClient.java","2318","11399","13717"
"2017-07-04 06:27","PerChannelBookieClient.java","114120","80747","194867"
"2017-01-31 04:01","PerChannelBookieClient.java","111616","59469","171085"
"2015-10-06 10:05","PerChannelBookieClient.java","4815","27833","32648"
"2016-04-05 18:47","PerChannelBookieClient.java","108500","33815","142315"
"2017-04-15 13:58","PerChannelBookieClient.java","111850","65395","177245"
"2017-05-15 19:52","PerChannelBookieClient.java","112611","68810","181421"
"2016-04-05 08:45","PerChannelBookieClient.java","108492","33565","142057"
"2017-07-28 20:12","PerChannelBookieClient.java","114959","86180","201139"
"2017-01-31 02:14","PerChannelBookieClient.java","111607","53991","165598"
"2017-03-28 22:35","PerChannelBookieClient.java","111704","64149","175853"
"2017-03-23 00:48","PerChannelBookieClient.java","111708","59901","171609"
"2014-07-25 00:34","PerChannelBookieClient.java","3085","19031","22116"
"2017-08-02 00:49","PerChannelBookieClient.java","117487","102320","219807"
"2017-06-21 19:58","PerChannelBookieClient.java","113789","75311","189100"
"2017-06-01 23:58","PerChannelBookieClient.java","113530","72922","186452"
"2014-02-21 19:01","PerChannelBookieClient.java","1893","7422","9315"
"2014-02-05 22:43","PerChannelBookieClient.java","1712","6078","7790"
"2017-04-20 19:55","PerChannelBookieClient.java","111854","65420","177274"
"2013-08-21 13:19","BookKeeperAdmin.java","13314","111308","124622"
"2017-10-17 09:32","BookKeeperAdmin.java","51796","134566","186362"
"2017-06-01 23:58","BookKeeperAdmin.java","48943","108261","157204"
"2017-04-11 20:19","BookKeeperAdmin.java","47854","100687","148541"
"2014-02-21 19:01","BookKeeperAdmin.java","14849","120304","135153"
"2014-02-05 22:43","BookKeeperAdmin.java","14782","119074","133856"
"2017-07-07 05:11","BookKeeperAdmin.java","49071","117304","166375"
"2013-02-26 04:12","BookKeeperAdmin.java","12624","102922","115546"
"2016-11-09 03:05","BookKeeperAdmin.java","47724","82267","129991"
"2016-11-30 00:07","BookKeeperAdmin.java","47728","82935","130663"
"2016-09-10 21:01","BookKeeperAdmin.java","47650","78508","126158"
"2016-07-14 23:02","BookKeeperAdmin.java","47645","74433","122078"
"2016-10-13 09:27","BookKeeperAdmin.java","47724","81933","129657"
"2012-11-30 04:54","BookKeeperAdmin.java","9745","61199","70944"
"2012-07-18 17:00","BookKeeperAdmin.java","4693","17258","21951"
"2013-02-08 19:08","BookKeeperAdmin.java","11785","102055","113840"
"2016-03-16 05:03","BookKeeperAdmin.java","47544","69840","117384"
"2016-03-08 07:18","BookKeeperAdmin.java","16081","142663","158744"
"2014-12-06 08:03","BookKeeperAdmin.java","15433","134946","150379"
"2012-09-03 18:54","BookKeeperAdmin.java","6053","36661","42714"
"2014-04-24 10:43","BookKeeperAdmin.java","14860","122287","137147"
"2012-10-05 16:24","BookKeeperAdmin.java","8522","46199","54721"
"2012-09-07 07:04","BookKeeperAdmin.java","6130","38204","44334"
"2014-09-06 07:51","BookKeeperAdmin.java","15358","133734","149092"
"2012-08-19 11:39","BookKeeperAdmin.java","5831","30580","36411"
"2013-05-10 12:45","BookKeeperAdmin.java","13088","105207","118295"
"2012-08-24 22:44","BookKeeperAdmin.java","5833","31474","37307"
"2013-01-14 16:59","BookieServer.java","17784","98931","116715"
"2013-01-09 17:18","BookieServer.java","17697","97780","115477"
"2013-02-12 11:16","BookieServer.java","18566","130299","148865"
"2013-04-02 17:38","BookieServer.java","18738","131474","150212"
"2017-08-16 03:37","BookieServer.java","41618","154600","196218"
"2017-08-02 00:49","BookieServer.java","41168","147517","188685"
"2011-11-15 19:42","BookieServer.java","2654","3617","6271"
"2011-11-18 11:18","BookieServer.java","3592","7221","10813"
"2012-02-15 16:11","BookieServer.java","4626","16644","21270"
"2012-03-08 19:24","BookieServer.java","4913","18813","23726"
"2013-07-03 17:39","BookieServer.java","18833","137058","155891"
"2013-07-24 16:55","BookieServer.java","18845","137938","156783"
"2014-02-05 22:43","BookieServer.java","19159","145041","164200"
"2017-06-28 23:24","BookieServer.java","40532","124842","165374"
"2013-06-15 19:05","BookieServer.java","18831","136739","155570"
"2017-06-01 23:58","BookieServer.java","40516","121424","161940"
"2017-10-17 09:32","BookieServer.java","41959","146319","188278"
"2014-08-02 20:02","BookieServer.java","19397","157489","176886"
"2012-05-09 09:43","BookieServer.java","12016","33265","45281"
"2013-12-06 07:39","BookieServer.java","18984","142619","161603"
"2012-07-23 23:39","BookieServer.java","13991","48214","62205"
"2012-07-09 04:09","BookieServer.java","12832","44146","56978"
"2012-10-18 16:40","BookieServer.java","16852","79284","96136"
"2011-11-17 11:16","BookieServer.java","2969","5310","8279"
"2012-02-01 12:58","BookieServer.java","4431","14239","18670"
"2014-01-21 05:05","BookieServer.java","18987","143720","162707"
"2017-03-23 00:48","ClientConfiguration.java","79519","73678","153197"
"2016-04-05 08:45","ClientConfiguration.java","77987","49026","127013"
"2017-03-28 22:35","ClientConfiguration.java","79513","77924","157437"
"2017-01-31 02:14","ClientConfiguration.java","79429","67779","147208"
"2017-04-15 13:58","ClientConfiguration.java","79633","79144","158777"
"2017-03-23 00:59","ClientConfiguration.java","79520","73691","153211"
"2017-05-15 19:52","ClientConfiguration.java","80125","82290","162415"
"2016-10-13 07:50","ClientConfiguration.java","79281","59544","138825"
"2017-06-21 19:58","ClientConfiguration.java","81055","88543","169598"
"2013-10-29 05:14","ClientConfiguration.java","6040","52006","58046"
"2017-06-05 21:48","ClientConfiguration.java","80999","87099","168098"
"2017-06-21 19:50","ClientConfiguration.java","81053","88431","169484"
"2017-08-02 00:49","ClientConfiguration.java","84293","115092","199385"
"2017-08-01 08:34","ClientConfiguration.java","83791","112005","195796"
"2013-06-12 18:41","ClientConfiguration.java","4604","46535","51139"
"2014-05-27 13:56","ClientConfiguration.java","7313","62360","69673"
"2017-06-30 00:12","ClientConfiguration.java","81190","91822","173012"
"2014-09-18 06:47","ClientConfiguration.java","7960","72511","80471"
"2017-07-04 06:27","ClientConfiguration.java","81282","93875","175157"
"2017-01-31 04:01","ClientConfiguration.java","79442","73261","152703"
"2015-10-06 10:05","ClientConfiguration.java","8945","77929","86874"
"2015-10-06 10:48","ClientConfiguration.java","8948","78158","87106"
"2013-02-08 19:08","ClientConfiguration.java","2871","39181","42052"
"2016-02-09 08:32","ClientConfiguration.java","9072","80147","89219"
"2014-12-06 07:54","ClientConfiguration.java","8070","73539","81609"
"2016-08-01 08:04","ClientConfiguration.java","78244","51737","129981"
"2017-05-15 19:52","TestRackawareEnsemblePlacementPolicy.java","113491","73103","186594"
"2017-03-28 22:35","TestRackawareEnsemblePlacementPolicy.java","112694","68552","181246"
"2017-08-16 03:41","TestRackawareEnsemblePlacementPolicy.java","119510","114613","234123"
"2016-10-13 07:50","TestRackawareEnsemblePlacementPolicy.java","112436","50146","162582"
"2014-02-05 22:43","TestRackawareEnsemblePlacementPolicy.java","3436","11215","14651"
"2012-12-18 12:00","ZkLedgerUnderreplicationManager.java","256","763","1019"
"2016-04-27 21:11","ZkLedgerUnderreplicationManager.java","78924","49136","128060"
"2016-07-14 23:02","ZkLedgerUnderreplicationManager.java","79113","50310","129423"
"2017-07-07 05:11","ZkLedgerUnderreplicationManager.java","82301","94943","177244"
"2013-08-22 16:40","ZkLedgerUnderreplicationManager.java","4815","47232","52047"
"2017-06-28 23:28","ZkLedgerUnderreplicationManager.java","82118","89739","171857"
"2013-06-15 19:05","ZkLedgerUnderreplicationManager.java","4600","45327","49927"
"2017-06-01 23:58","ZkLedgerUnderreplicationManager.java","81969","85696","167665"
"2014-08-18 23:03","ZkLedgerUnderreplicationManager.java","7882","70261","78143"
"2013-01-04 11:32","ZkLedgerUnderreplicationManager.java","1906","4424","6330"
"2014-06-03 12:35","ZkLedgerUnderreplicationManager.java","7381","61823","69204"
"2014-06-02 11:54","ZkLedgerUnderreplicationManager.java","7361","61335","68696"
"2017-03-28 22:40","ZkLedgerUnderreplicationManager.java","80617","77840","158457"
"2016-04-27 09:55","ZkLedgerUnderreplicationManager.java","78924","49136","128060"
"2017-05-15 19:52","LedgerHandle.java","113674","50644","164318"
"2017-05-02 22:07","LedgerHandle.java","112748","47364","160112"
"2017-03-23 15:55","LedgerHandle.java","112428","41418","153846"
"2016-09-10 21:01","LedgerHandle.java","110553","22256","132809"
"2016-07-11 23:01","LedgerHandle.java","107060","14659","121719"
"2017-05-17 08:57","LedgerHandle.java","113851","51298","165149"
"2017-05-25 14:23","LedgerHandle.java","113886","53138","167024"
"2017-06-21 19:50","LedgerHandle.java","115127","57310","172437"
"2017-06-21 21:00","LedgerHandle.java","115141","58107","173248"
"2017-06-01 23:58","LedgerHandle.java","114707","54870","169577"
"2014-12-09 19:57","LedgerHandle.java","64","513","577"
"2017-07-04 06:27","LedgerHandle.java","115622","63020","178642"
"2017-06-30 00:12","LedgerHandle.java","115457","60894","176351"
"2016-02-09 08:32","LedgerHandle.java","1824","7704","9528"
"2016-03-16 05:03","LedgerHandle.java","106604","9745","116349"
"2015-10-22 09:22","LedgerHandle.java","1667","6512","8179"
"2015-10-06 10:05","LedgerHandle.java","1630","5419","7049"
"2017-01-31 04:01","LedgerHandle.java","112285","40909","153194"
"2015-04-21 09:39","LedgerHandle.java","592","3210","3802"
"2015-10-06 11:12","LedgerHandle.java","1636","5665","7301"
"2017-05-04 20:58","AbstractZkLedgerManager.java","112183","64251","176434"
"2017-06-01 23:58","AbstractZkLedgerManager.java","113501","70226","183727"
"2017-06-12 17:20","AbstractZkLedgerManager.java","113712","72214","185926"
"2017-03-28 22:40","AbstractZkLedgerManager.java","111746","61967","173713"
"2016-02-09 08:23","AbstractZkLedgerManager.java","4860","27132","31992"
"2015-09-15 10:38","AbstractZkLedgerManager.java","4673","24700","29373"
"2016-02-23 19:16","AbstractZkLedgerManager.java","4893","27503","32396"
"2014-05-12 08:10","AbstractZkLedgerManager.java","2009","8180","10189"
"2014-05-09 14:04","CookieTest.java","15252","125361","140613"
"2013-10-12 05:42","CookieTest.java","14460","115146","129606"
"2016-11-30 00:02","CookieTest.java","47474","84345","131819"
"2012-11-23 11:49","CookieTest.java","10330","61319","71649"
"2014-12-10 19:43","CookieTest.java","15926","137267","153193"
"2012-09-07 07:04","CookieTest.java","6890","40627","47517"
"2014-09-23 17:53","CookieTest.java","15740","135997","151737"
"2014-09-18 06:57","CookieTest.java","15723","135924","151647"
"2012-12-18 12:00","ZkLedgerUnderreplicationManager.java","265","884","1149"
"2016-04-27 21:11","ZkLedgerUnderreplicationManager.java","78914","49238","128152"
"2016-07-14 23:02","ZkLedgerUnderreplicationManager.java","79103","50412","129515"
"2017-07-07 05:11","ZkLedgerUnderreplicationManager.java","82287","95041","177328"
"2013-08-22 16:40","ZkLedgerUnderreplicationManager.java","4822","47351","52173"
"2017-06-28 23:28","ZkLedgerUnderreplicationManager.java","82104","89837","171941"
"2013-06-15 19:05","ZkLedgerUnderreplicationManager.java","4607","45446","50053"
"2017-06-01 23:58","ZkLedgerUnderreplicationManager.java","81955","85794","167749"
"2014-08-18 23:03","ZkLedgerUnderreplicationManager.java","7878","70369","78247"
"2013-01-04 11:32","ZkLedgerUnderreplicationManager.java","1915","4545","6460"
"2014-06-03 12:35","ZkLedgerUnderreplicationManager.java","7377","61931","69308"
"2014-06-02 11:54","ZkLedgerUnderreplicationManager.java","7362","61448","68810"
"2017-03-28 22:40","ZkLedgerUnderreplicationManager.java","80607","77942","158549"
"2016-04-27 09:55","ZkLedgerUnderreplicationManager.java","78914","49238","128152"
"2017-08-16 03:37","BookieServer.java","119279","107528","226807"
"2017-08-02 00:49","BookieServer.java","117723","99339","217062"
"2014-02-05 22:43","BookieServer.java","1266","2415","3681"
"2017-06-28 23:24","BookieServer.java","113933","73510","187443"
"2017-06-01 23:58","BookieServer.java","113635","69810","183445"
"2017-10-17 09:32","BookieServer.java","125729","105356","231085"
"2014-08-02 20:02","BookieServer.java","2950","16309","19259"
"2017-06-01 23:58","EntryLogger.java","49121","108725","157846"
"2014-01-21 17:26","EntryLogger.java","14668","118736","133404"
"2013-10-02 06:23","EntryLogger.java","13630","112016","125646"
"2014-01-22 14:35","EntryLogger.java","14763","119207","133970"
"2017-11-08 12:27","EntryLogger.java","52342","145418","197760"
"2013-10-22 07:44","EntryLogger.java","14441","114123","128564"
"2012-06-13 16:57","EntryLogger.java","1011","4181","5192"
"2013-05-04 14:22","EntryLogger.java","13341","105416","118757"
"2017-01-31 02:11","EntryLogger.java","47924","89908","137832"
"2017-03-23 00:48","EntryLogger.java","47973","96378","144351"
"2016-07-14 23:02","EntryLogger.java","47820","74894","122714"
"2012-12-24 06:23","EntryLogger.java","10991","67995","78986"
"2012-12-10 11:04","EntryLogger.java","10279","62700","72979"
"2016-02-24 00:44","EntryLogger.java","16321","142172","158493"
"2015-04-21 10:02","EntryLogger.java","15886","138129","154015"
"2012-10-18 16:40","EntryLogger.java","9511","50639","60150"
"2012-07-26 04:32","EntryLogger.java","5101","18031","23132"
"2013-01-04 11:32","EntryLogger.java","11475","69870","81345"
"2015-04-21 09:44","EntryLogger.java","15884","137943","153827"
"2012-05-10 14:47","EntryLogger.java","393","679","1072"
"2012-05-17 19:07","EntryLogger.java","768","2109","2877"
"2012-05-25 17:13","UpgradeTest.java","1654","5697","7351"
"2014-12-10 19:43","UpgradeTest.java","15580","138047","153627"
"2012-09-07 07:26","UpgradeTest.java","6949","41847","48796"
"2017-05-15 19:52","UpgradeTest.java","47623","106537","154160"
"2012-11-23 11:49","UpgradeTest.java","10379","62494","72873"
"2013-10-11 08:36","UpgradeTest.java","14075","115346","129421"
"2013-10-12 05:42","UpgradeTest.java","14164","115976","130140"
"2012-12-24 05:50","LedgerManagerFactory.java","17146","88859","106005"
"2017-06-01 23:58","LedgerManagerFactory.java","42667","117202","159869"
"2012-08-14 11:40","LedgerManagerFactory.java","13138","48608","61746"
"2012-06-19 12:39","LedgerManagerFactory.java","10996","29863","40859"
"2012-09-07 07:04","LedgerManagerFactory.java","13543","60834","74377"
"2015-09-15 10:38","LedgerManagerFactory.java","20183","158020","178203"
"2017-05-15 19:52","LedgerHandle.java","40724","116098","156822"
"2017-05-02 22:07","LedgerHandle.java","40568","113588","154156"
"2017-03-23 15:55","LedgerHandle.java","40568","107962","148530"
"2012-12-28 12:32","LedgerHandle.java","16688","92455","109143"
"2016-09-10 21:01","LedgerHandle.java","40469","90576","131045"
"2016-07-11 23:01","LedgerHandle.java","40464","86467","126931"
"2012-02-13 15:46","LedgerHandle.java","2237","11902","14139"
"2012-01-17 16:52","LedgerHandle.java","1850","7233","9083"
"2012-02-01 16:19","LedgerHandle.java","1915","8391","10306"
"2012-02-13 11:19","LedgerHandle.java","2111","11696","13807"
"2012-03-31 10:58","LedgerHandle.java","10025","27323","37348"
"2011-11-29 23:55","LedgerHandle.java","1526","5603","7129"
"2013-04-26 18:38","LedgerHandle.java","18019","128697","146716"
"2013-10-14 18:32","LedgerHandle.java","18368","136733","155101"
"2014-02-05 22:43","LedgerHandle.java","18772","142313","161085"
"2014-02-21 19:01","LedgerHandle.java","18808","143512","162320"
"2017-05-17 08:57","LedgerHandle.java","40756","116607","157363"
"2017-05-25 14:23","LedgerHandle.java","40783","118439","159222"
"2017-06-21 19:50","LedgerHandle.java","40875","121462","162337"
"2017-06-21 21:00","LedgerHandle.java","40878","122248","163126"
"2017-06-01 23:58","LedgerHandle.java","40847","119414","160261"
"2012-06-29 18:43","LedgerHandle.java","11375","39809","51184"
"2012-05-25 17:13","LedgerHandle.java","10978","31481","42459"
"2012-05-10 14:47","LedgerHandle.java","10664","29913","40577"
"2012-09-12 11:59","LedgerHandle.java","13601","65449","79050"
"2012-06-19 12:39","LedgerHandle.java","11183","34082","45265"
"2014-01-21 05:19","LedgerHandle.java","18492","141230","159722"
"2012-06-27 15:35","LedgerHandle.java","11364","39468","50832"
"2014-09-18 06:47","LedgerHandle.java","19181","156941","176122"
"2014-12-09 19:57","LedgerHandle.java","19188","158041","177229"
"2017-07-04 06:27","LedgerHandle.java","40913","126715","167628"
"2017-06-30 00:12","LedgerHandle.java","40883","124724","165607"
"2014-05-30 14:01","LedgerHandle.java","18844","147482","166326"
"2014-05-30 15:07","LedgerHandle.java","18845","147522","166367"
"2014-01-17 18:13","LedgerHandle.java","18452","140294","158746"
"2013-01-07 12:25","LedgerHandle.java","16809","94379","111188"
"2012-08-28 10:51","LedgerHandle.java","13486","61750","75236"
"2011-11-28 19:25","LedgerHandle.java","1137","5169","6306"
"2012-09-14 11:53","LedgerHandle.java","13661","65744","79405"
"2016-02-09 08:32","LedgerHandle.java","19296","163580","182876"
"2016-03-16 05:03","LedgerHandle.java","40428","81973","122401"
"2015-10-22 09:22","LedgerHandle.java","19296","162545","181841"
"2015-10-06 10:05","LedgerHandle.java","19285","161478","180763"
"2017-01-31 04:01","LedgerHandle.java","40577","107605","148182"
"2015-04-21 09:39","LedgerHandle.java","19209","160231","179440"
"2015-10-06 11:12","LedgerHandle.java","19287","161720","181007"
"2014-12-05 14:10","LedgerHandle.java","19183","157587","176770"
"2017-06-21 19:58","PendingReadOp.java","113940","71899","185839"
"2017-06-05 21:48","PendingReadOp.java","113779","70350","184129"
"2017-06-05 22:13","PendingReadOp.java","113786","70770","184556"
"2017-06-01 11:42","PendingReadOp.java","112959","68821","181780"
"2017-06-01 22:39","PendingReadOp.java","113604","69048","182652"
"2014-02-05 22:43","PendingReadOp.java","1184","1987","3171"
"2017-05-15 19:52","PendingReadOp.java","112723","65359","178082"
"2015-04-21 09:17","PendingReadOp.java","4052","22316","26368"
"2016-02-09 08:39","PendingReadOp.java","5001","26604","31605"
"2016-02-09 08:32","PendingReadOp.java","5001","26547","31548"
"2017-07-04 06:27","PendingReadOp.java","114273","77337","191610"
"2013-01-14 16:59","BookieServer.java","15009","101675","116684"
"2013-01-09 17:18","BookieServer.java","14932","100534","115466"
"2013-02-12 11:16","BookieServer.java","15774","133026","148800"
"2013-04-02 17:38","BookieServer.java","15928","134183","150111"
"2017-08-16 03:37","BookieServer.java","37337","155838","193175"
"2017-08-02 00:49","BookieServer.java","36893","148761","185654"
"2011-11-15 19:42","BookieServer.java","6990","13472","20462"
"2011-11-18 11:18","BookieServer.java","7819","16967","24786"
"2012-02-15 16:11","BookieServer.java","8734","26271","35005"
"2012-03-08 19:24","BookieServer.java","8982","28401","37383"
"2013-07-03 17:39","BookieServer.java","16030","139774","155804"
"2013-07-24 16:55","BookieServer.java","16042","140654","156696"
"2014-02-05 22:43","BookieServer.java","16331","147732","164063"
"2017-06-28 23:24","BookieServer.java","36297","126126","162423"
"2013-06-15 19:05","BookieServer.java","16026","139453","155479"
"2017-06-01 23:58","BookieServer.java","36292","122719","159011"
"2017-10-17 09:32","BookieServer.java","37636","147515","185151"
"2014-08-02 20:02","BookieServer.java","16563","160174","176737"
"2012-05-09 09:43","BookieServer.java","9856","36624","46480"
"2013-12-06 07:39","BookieServer.java","16163","145317","161480"
"2012-07-23 23:39","BookieServer.java","11567","51309","62876"
"2012-07-09 04:09","BookieServer.java","10469","47302","57771"
"2012-10-18 16:40","BookieServer.java","14203","82154","96357"
"2011-11-17 11:16","BookieServer.java","7264","15124","22388"
"2012-02-01 12:58","BookieServer.java","8582","23909","32491"
"2011-09-05 19:38","BookieServer.java","4889","10408","15297"
"2014-01-21 05:05","BookieServer.java","16166","146418","162584"
"2017-10-17 09:32","AuditorElector.java","92364","117025","209389"
"2013-08-21 13:19","AuditorElector.java","3188","43073","46261"
"2016-07-14 23:02","AuditorElector.java","78895","47574","126469"
"2016-09-10 21:01","AuditorElector.java","80088","52837","132925"
"2013-03-05 18:45","AuditorElector.java","1978","34172","36150"
"2017-03-28 22:40","AuditorElector.java","80400","75105","155505"
"2014-06-02 11:54","AuditorElector.java","6022","57478","63500"
"2014-04-24 10:43","AuditorElector.java","5811","55129","60940"
"2014-09-06 07:58","AuditorElector.java","6589","66988","73577"
"2016-03-16 04:43","BookieSocketAddress.java","107518","25290","132808"
"2016-04-05 18:47","BookieSocketAddress.java","107556","28505","136061"
"2017-05-15 19:52","BookieSocketAddress.java","111874","63707","175581"
"2016-10-13 07:50","BookieSocketAddress.java","110618","40549","151167"
"2012-12-18 12:00","ZkLedgerUnderreplicationManager.java","627","4689","5316"
"2016-04-27 21:11","ZkLedgerUnderreplicationManager.java","77648","51415","129063"
"2016-07-14 23:02","ZkLedgerUnderreplicationManager.java","77837","52589","130426"
"2017-07-07 05:11","ZkLedgerUnderreplicationManager.java","80807","97004","177811"
"2013-08-22 16:40","ZkLedgerUnderreplicationManager.java","4943","50915","55858"
"2017-06-28 23:28","ZkLedgerUnderreplicationManager.java","80653","91829","172482"
"2013-06-15 19:05","ZkLedgerUnderreplicationManager.java","4731","49013","53744"
"2017-06-01 23:58","ZkLedgerUnderreplicationManager.java","80519","87801","168320"
"2014-08-18 23:03","ZkLedgerUnderreplicationManager.java","7836","73770","81606"
"2013-01-04 11:32","ZkLedgerUnderreplicationManager.java","2092","8165","10257"
"2014-06-03 12:35","ZkLedgerUnderreplicationManager.java","7343","65340","72683"
"2014-06-02 11:54","ZkLedgerUnderreplicationManager.java","7329","64858","72187"
"2017-03-28 22:40","ZkLedgerUnderreplicationManager.java","79195","79973","159168"
"2016-04-27 09:55","ZkLedgerUnderreplicationManager.java","77648","51415","129063"
"2012-12-14 20:26","ZkLedgerUnderreplicationManager.java","377","3932","4309"
"2012-12-14 11:18","ZkLedgerUnderreplicationManager.java","367","3810","4177"
"2014-06-02 11:54","AuditorLedgerCheckerTest.java","797","6070","6867"
"2014-07-24 01:41","AuditorLedgerCheckerTest.java","1183","6941","8124"
"2016-03-08 07:18","AuditorLedgerCheckerTest.java","4206","26496","30702"
"2016-12-17 02:44","AuditorLedgerCheckerTest.java","110800","47454","158254"
"2017-07-07 05:11","AuditorLedgerCheckerTest.java","113496","77437","190933"
"2017-10-17 09:32","AuditorLedgerCheckerTest.java","125165","103643","228808"
"2017-05-12 15:20","AuditorLedgerCheckerTest.java","111484","62512","173996"
"2017-06-01 23:58","EntryLogger.java","48789","108817","157606"
"2014-01-21 17:26","EntryLogger.java","14659","119151","133810"
"2013-10-02 06:23","EntryLogger.java","13624","112434","126058"
"2014-01-22 14:35","EntryLogger.java","14754","119622","134376"
"2017-11-08 12:27","EntryLogger.java","51976","145476","197452"
"2013-10-22 07:44","EntryLogger.java","14432","114538","128970"
"2012-06-13 16:57","EntryLogger.java","1054","4648","5702"
"2013-05-04 14:22","EntryLogger.java","13338","105837","119175"
"2017-01-31 02:11","EntryLogger.java","47593","90001","137594"
"2017-03-23 00:48","EntryLogger.java","47642","96471","144113"
"2016-07-14 23:02","EntryLogger.java","47489","74987","122476"
"2012-12-24 06:23","EntryLogger.java","11023","68451","79474"
"2012-12-10 11:04","EntryLogger.java","10312","63157","73469"
"2016-02-24 00:44","EntryLogger.java","16295","142570","158865"
"2015-04-21 10:02","EntryLogger.java","15868","138535","154403"
"2012-10-18 16:40","EntryLogger.java","9546","51098","60644"
"2012-07-26 04:32","EntryLogger.java","5139","18493","23632"
"2013-01-04 11:32","EntryLogger.java","11503","70322","81825"
"2015-04-21 09:44","EntryLogger.java","15866","138349","154215"
"2012-05-09 10:39","EntryLogger.java","41","465","506"
"2012-05-10 14:47","EntryLogger.java","434","1144","1578"
"2012-05-17 19:07","EntryLogger.java","809","2574","3383"
"2017-06-01 23:58","EntryLogger.java","48943","108261","157204"
"2014-01-21 17:26","EntryLogger.java","14396","118178","132574"
"2013-10-02 06:23","EntryLogger.java","13355","111455","124810"
"2014-01-22 14:35","EntryLogger.java","14501","118659","133160"
"2017-11-08 12:27","EntryLogger.java","52203","144993","197196"
"2013-10-22 07:44","EntryLogger.java","14169","113565","127734"
"2012-06-13 16:57","EntryLogger.java","662","3546","4208"
"2013-05-04 14:22","EntryLogger.java","13066","104855","117921"
"2017-01-31 02:11","EntryLogger.java","47749","89447","137196"
"2017-03-23 00:48","EntryLogger.java","47799","95918","143717"
"2016-07-14 23:02","EntryLogger.java","47645","74433","122078"
"2012-12-24 06:23","EntryLogger.java","10673","67391","78064"
"2012-12-10 11:04","EntryLogger.java","9953","62088","72041"
"2016-02-24 00:44","EntryLogger.java","16067","141632","157699"
"2015-04-21 10:02","EntryLogger.java","15631","137588","153219"
"2012-10-18 16:40","EntryLogger.java","9185","50027","59212"
"2012-07-26 04:32","EntryLogger.java","4754","17398","22152"
"2013-01-04 11:32","EntryLogger.java","11165","69274","80439"
"2015-04-21 09:44","EntryLogger.java","15629","137402","153031"
"2012-05-17 19:07","EntryLogger.java","416","1471","1887"
"2017-06-01 23:58","LedgerManagerFactory.java","113588","50286","163874"
"2016-12-21 01:48","EntryMemTable.java","111396","45316","156712"
"2014-08-02 20:02","EntryMemTable.java","1466","10673","12139"
"2014-01-21 05:19","PerChannelBookieClient.java","2340","9202","11542"
"2013-10-22 07:35","PerChannelBookieClient.java","1591","4099","5690"
"2014-01-09 07:30","PerChannelBookieClient.java","1951","7381","9332"
"2017-06-30 00:12","PerChannelBookieClient.java","114779","82744","197523"
"2014-05-27 13:56","PerChannelBookieClient.java","3888","16268","20156"
"2017-07-04 06:27","PerChannelBookieClient.java","114888","84814","199702"
"2017-01-31 04:01","PerChannelBookieClient.java","112606","63758","176364"
"2015-10-06 10:05","PerChannelBookieClient.java","6202","32519","38721"
"2016-04-05 18:47","PerChannelBookieClient.java","109549","38163","147712"
"2017-04-15 13:58","PerChannelBookieClient.java","112802","69646","182448"
"2017-05-15 19:52","PerChannelBookieClient.java","113510","73008","186518"
"2016-04-05 08:45","PerChannelBookieClient.java","109547","37919","147466"
"2017-07-28 20:12","PerChannelBookieClient.java","115560","90080","205640"
"2017-01-31 02:14","PerChannelBookieClient.java","112599","58282","170881"
"2017-03-28 22:35","PerChannelBookieClient.java","112688","68432","181120"
"2017-03-23 00:48","PerChannelBookieClient.java","112693","64185","176878"
"2014-07-25 00:34","PerChannelBookieClient.java","4603","23848","28451"
"2017-08-02 00:49","PerChannelBookieClient.java","118001","106133","224134"
"2017-06-21 19:58","PerChannelBookieClient.java","114595","79416","194011"
"2017-06-01 23:58","PerChannelBookieClient.java","114388","77079","191467"
"2013-10-29 05:14","PerChannelBookieClient.java","1893","5192","7085"
"2014-02-21 19:01","PerChannelBookieClient.java","3598","12426","16024"
"2014-02-05 22:43","PerChannelBookieClient.java","3424","11089","14513"
"2017-04-20 19:55","PerChannelBookieClient.java","112804","69669","182473"
"2013-09-11 00:34","PerChannelBookieClient.java","414","1876","2290"
"2013-08-20 12:51","PerChannelBookieClient.java","250","1425","1675"
"2017-05-16 00:31","InterleavedLedgerStorage.java","2479","11243","13722"
"2017-07-04 06:27","InterleavedLedgerStorage.java","4684","23458","28142"
"2017-03-28 22:37","InterleavedLedgerStorage.java","375","5182","5557"
"2014-06-02 11:54","AuditorLedgerCheckerTest.java","3800","15371","19171"
"2014-07-24 01:41","AuditorLedgerCheckerTest.java","4139","16195","20334"
"2016-03-08 07:18","AuditorLedgerCheckerTest.java","6344","34932","41276"
"2016-12-17 02:44","AuditorLedgerCheckerTest.java","112654","55606","168260"
"2017-07-07 05:11","AuditorLedgerCheckerTest.java","114996","85235","200231"
"2014-02-05 22:43","AuditorLedgerCheckerTest.java","3185","9483","12668"
"2017-10-17 09:32","AuditorLedgerCheckerTest.java","125918","110694","236612"
"2017-05-12 15:20","AuditorLedgerCheckerTest.java","113286","70612","183898"
"2017-07-07 08:19","DiskChecker.java","1234","10074","11308"
"2017-06-01 23:58","TGTRefreshThread.java","1148","2055","3203"
"2017-07-07 08:19","LedgerDirsMonitor.java","1234","10074","11308"
"2017-07-04 06:27","FileInfo.java","2419","12429","14848"
"2017-06-01 23:58","FileInfo.java","1160","3935","5095"
"2017-07-17 23:27","FileInfo.java","2727","15844","18571"
"2017-06-30 00:12","PerChannelBookieClient.java","113438","72575","186013"
"2014-05-27 13:56","PerChannelBookieClient.java","516","4068","4584"
"2017-07-04 06:27","PerChannelBookieClient.java","113576","74674","188250"
"2017-01-31 04:01","PerChannelBookieClient.java","110821","53145","163966"
"2015-10-06 10:05","PerChannelBookieClient.java","3721","21210","24931"
"2016-04-05 18:47","PerChannelBookieClient.java","107536","27322","134858"
"2017-04-15 13:58","PerChannelBookieClient.java","111119","59135","170254"
"2017-05-15 19:52","PerChannelBookieClient.java","111919","62589","174508"
"2016-04-05 08:45","PerChannelBookieClient.java","107526","27070","134596"
"2017-07-28 20:12","PerChannelBookieClient.java","114568","80260","194828"
"2017-01-31 02:14","PerChannelBookieClient.java","110815","47670","158485"
"2017-03-28 22:35","PerChannelBookieClient.java","110925","57841","168766"
"2017-03-23 00:48","PerChannelBookieClient.java","110918","53582","164500"
"2014-07-25 00:34","PerChannelBookieClient.java","1566","11983","13549"
"2017-08-02 00:49","PerChannelBookieClient.java","117144","96448","213592"
"2017-06-21 19:58","PerChannelBookieClient.java","113164","69157","182321"
"2017-06-01 23:58","PerChannelBookieClient.java","112883","66746","179629"
"2017-04-20 19:55","PerChannelBookieClient.java","111123","59160","170283"
"2017-07-07 05:11","AuditorLedgerCheckerTest.java","3720","16633","20353"
"2017-10-17 09:32","AuditorLedgerCheckerTest.java","35223","62673","97896"
"2017-05-15 19:52","TestRackawareEnsemblePlacementPolicy.java","111874","63707","175581"
"2017-03-28 22:35","TestRackawareEnsemblePlacementPolicy.java","110928","59007","169935"
"2017-08-16 03:41","TestRackawareEnsemblePlacementPolicy.java","118642","105966","224608"
"2016-10-13 07:50","TestRackawareEnsemblePlacementPolicy.java","110618","40549","151167"
"2017-07-04 06:27","FileInfo.java","114075","80838","194913"
"2014-12-04 12:28","FileInfo.java","3615","22971","26586"
"2017-01-31 04:01","FileInfo.java","111574","59563","171137"
"2017-03-23 15:55","FileInfo.java","111673","60028","171701"
"2016-11-18 00:18","FileInfo.java","111510","46398","157908"
"2017-06-01 23:58","FileInfo.java","113485","73013","186498"
"2017-07-17 23:27","FileInfo.java","114207","84077","198284"
"2017-05-16 00:31","FileInfo.java","112683","69436","182119"
"2012-12-18 12:00","TestLedgerUnderreplicationManager.java","627","4689","5316"
"2013-05-31 12:02","TestLedgerUnderreplicationManager.java","4631","44813","49444"
"2013-10-12 05:42","TestLedgerUnderreplicationManager.java","5877","52864","58741"
"2015-07-10 22:48","TestLedgerUnderreplicationManager.java","8490","78772","87262"
"2017-06-30 00:12","PendingAddOp.java","2341","10808","13149"
"2017-08-02 00:49","PendingAddOp.java","7739","36373","44112"
"2017-07-28 20:12","AsyncCallback.java","1802","6396","8198"
"2017-07-04 06:27","FileInfo.java","114576","82647","197223"
"2014-12-04 12:28","FileInfo.java","4338","25002","29340"
"2017-01-31 04:01","FileInfo.java","112168","61465","173633"
"2017-03-23 15:55","FileInfo.java","112266","61929","174195"
"2016-11-18 00:18","FileInfo.java","112105","48301","160406"
"2017-06-01 23:58","FileInfo.java","114026","74862","188888"
"2017-07-17 23:27","FileInfo.java","114677","85855","200532"
"2017-05-16 00:31","FileInfo.java","113235","71296","184531"
"2013-10-22 16:21","FileInfo.java","878","2186","3064"
"2017-06-01 23:58","EntryLogger.java","49304","107567","156871"
"2014-01-21 17:26","EntryLogger.java","14107","116834","130941"
"2013-10-02 06:23","EntryLogger.java","13066","110111","123177"
"2014-01-22 14:35","EntryLogger.java","14212","117315","131527"
"2017-11-08 12:27","EntryLogger.java","52892","144627","197519"
"2013-10-22 07:44","EntryLogger.java","13880","112221","126101"
"2012-06-13 16:57","EntryLogger.java","247","2076","2323"
"2013-05-04 14:22","EntryLogger.java","12776","103510","116286"
"2017-01-31 02:11","EntryLogger.java","48110","88753","136863"
"2017-03-23 00:48","EntryLogger.java","48160","95224","143384"
"2016-07-14 23:02","EntryLogger.java","48006","73739","121745"
"2012-12-24 06:23","EntryLogger.java","10372","66035","76407"
"2012-12-10 11:04","EntryLogger.java","9650","60730","70380"
"2016-02-24 00:44","EntryLogger.java","15784","140294","156078"
"2015-04-21 10:02","EntryLogger.java","15348","136250","151598"
"2012-10-18 16:40","EntryLogger.java","8874","48661","57535"
"2012-07-26 04:32","EntryLogger.java","4348","15937","20285"
"2013-01-04 11:32","EntryLogger.java","10861","67915","78776"
"2015-04-21 09:44","EntryLogger.java","15346","136064","151410"
"2017-06-01 23:58","ReadEntryProcessor.java","1160","3935","5095"
"2017-05-16 00:31","TestPerChannelBookieClient.java","263","681","944"
"2016-12-21 01:48","SortedLedgerStorage.java","111875","31133","143008"
"2017-05-12 16:39","SortedLedgerStorage.java","112773","46131","158904"
"2017-05-16 00:31","SortedLedgerStorage.java","113463","48049","161512"
"2016-03-08 06:49","SortedLedgerStorage.java","1542","5502","7044"
"2017-06-30 00:12","BookieRecoveryTest.java","114888","81762","196650"
"2014-07-24 01:41","BookieRecoveryTest.java","4166","16498","20664"
"2017-04-11 20:15","BookieRecoveryTest.java","112882","67995","180877"
"2017-05-15 19:52","BookieRecoveryTest.java","113605","72012","185617"
"2014-02-05 22:43","BookieRecoveryTest.java","3224","9798","13022"
"2015-07-10 22:48","ZooKeeperUtil.java","20861","148612","169473"
"2014-08-18 23:00","ZooKeeperUtil.java","20548","143959","164507"
"2012-04-28 11:11","ZooKeeperUtil.java","8531","13171","21702"
"2012-06-05 08:00","ZooKeeperUtil.java","9460","16562","26022"
"2014-12-10 19:43","ZooKeeperUtil.java","20772","145883","166655"
"2013-03-25 06:27","ZooKeeperUtil.java","18903","115059","133962"
"2016-04-05 21:52","ZooKeeperUtil.java","45925","76602","122527"
"2012-11-21 12:24","ZooKeeperUtil.java","16282","70818","87100"
"2017-06-30 00:12","PerChannelBookieClient.java","113338","73638","186976"
"2014-05-27 13:56","PerChannelBookieClient.java","695","5410","6105"
"2017-07-04 06:27","PerChannelBookieClient.java","113475","75736","189211"
"2017-01-31 04:01","PerChannelBookieClient.java","110826","54313","165139"
"2015-10-06 10:05","PerChannelBookieClient.java","3740","22392","26132"
"2016-04-05 18:47","PerChannelBookieClient.java","107556","28505","136061"
"2017-04-15 13:58","PerChannelBookieClient.java","111080","60259","171339"
"2017-05-15 19:52","PerChannelBookieClient.java","111874","63707","175581"
"2016-04-05 08:45","PerChannelBookieClient.java","107546","28253","135799"
"2017-07-28 20:12","PerChannelBookieClient.java","114467","81322","195789"
"2017-01-31 02:14","PerChannelBookieClient.java","110820","48838","159658"
"2017-03-28 22:35","PerChannelBookieClient.java","110928","59007","169935"
"2017-03-23 00:48","PerChannelBookieClient.java","110923","54750","165673"
"2014-07-25 00:34","PerChannelBookieClient.java","1736","13316","15052"
"2017-08-02 00:49","PerChannelBookieClient.java","117040","97507","214547"
"2017-06-21 19:58","PerChannelBookieClient.java","113106","70262","183368"
"2017-06-01 23:58","PerChannelBookieClient.java","112825","67851","180676"
"2014-02-21 19:01","PerChannelBookieClient.java","201","1364","1565"
"2017-04-20 19:55","PerChannelBookieClient.java","111084","60284","171368"
"2016-03-16 04:51","AutoRecoveryMain.java","108444","28492","136936"
"2014-03-10 03:14","AutoRecoveryMain.java","1933","6067","8000"
"2014-04-24 10:43","AutoRecoveryMain.java","2010","7392","9402"
"2014-09-06 07:58","AutoRecoveryMain.java","3460","19923","23383"
"2016-11-18 00:18","InterleavedLedgerStorage.java","110603","19364","129967"
"2017-05-16 00:31","InterleavedLedgerStorage.java","112289","42915","155204"
"2017-07-04 06:27","InterleavedLedgerStorage.java","114212","54848","169060"
"2017-01-31 04:01","InterleavedLedgerStorage.java","110707","32569","143276"
"2017-03-28 22:37","InterleavedLedgerStorage.java","110849","37518","148367"
"2012-05-09 13:20","BenchReadThroughputLatency.java","9134","15399","24533"
"2013-02-08 19:08","BenchReadThroughputLatency.java","18130","114732","132862"
"2016-02-09 08:12","BenchReadThroughputLatency.java","21100","152294","173394"
"2016-07-14 23:02","BenchReadThroughputLatency.java","45986","79106","125092"
"2013-10-29 05:14","BenchReadThroughputLatency.java","19717","125975","145692"
"2013-10-14 16:43","BenchReadThroughputLatency.java","19589","124978","144567"
"2017-05-16 00:31","InterleavedLedgerStorage.java","2203","6160","8363"
"2017-07-04 06:27","InterleavedLedgerStorage.java","4475","18442","22917"
"2017-10-03 12:31","BookKeeperServerStats.java","24086","7386","31472"
"2017-05-15 19:52","BookieSocketAddress.java","2924","24826","27750"
"2015-04-21 10:19","TestLedgerChecker.java","2128","14050","16178"
"2014-06-02 11:54","AuditorLedgerCheckerTest.java","3994","17241","21235"
"2014-07-24 01:41","AuditorLedgerCheckerTest.java","4324","18056","22380"
"2016-03-08 07:18","AuditorLedgerCheckerTest.java","6481","36745","43226"
"2016-12-17 02:44","AuditorLedgerCheckerTest.java","112564","57192","169756"
"2017-07-07 05:11","AuditorLedgerCheckerTest.java","114830","86745","201575"
"2014-02-05 22:43","AuditorLedgerCheckerTest.java","3442","11416","14858"
"2013-08-21 13:19","AuditorLedgerCheckerTest.java","349","2025","2374"
"2017-10-17 09:32","AuditorLedgerCheckerTest.java","125588","112040","237628"
"2017-05-12 15:20","AuditorLedgerCheckerTest.java","113175","72177","185352"
"2017-06-01 23:58","BookieShell.java","3370","14621","17991"
"2017-07-07 05:11","BookieShell.java","4587","24753","29340"
"2017-03-28 22:35","BookieShell.java","174","4478","4652"
"2017-06-30 00:12","BookKeeper.java","2341","10808","13149"
"2017-06-21 21:00","BookKeeper.java","1949","7945","9894"
"2017-07-28 20:12","BookKeeper.java","4229","19251","23480"
"2017-06-05 22:25","BookkeeperInternalCallbacks.java","3728","12124","15852"
"2017-08-02 00:49","BookkeeperInternalCallbacks.java","9396","41784","51180"
"2017-06-21 21:00","BookkeeperInternalCallbacks.java","3820","13570","17390"
"2017-06-05 22:13","BookkeeperInternalCallbacks.java","3485","11587","15072"
"2017-05-15 19:52","BookkeeperInternalCallbacks.java","2005","5759","7764"
"2014-06-02 11:54","AuditorLedgerCheckerTest.java","3981","21328","25309"
"2014-07-24 01:41","AuditorLedgerCheckerTest.java","4302","22134","26436"
"2016-03-08 07:18","AuditorLedgerCheckerTest.java","6098","40462","46560"
"2016-12-17 02:44","AuditorLedgerCheckerTest.java","110831","59559","170390"
"2017-07-07 05:11","AuditorLedgerCheckerTest.java","113091","89106","202197"
"2014-02-05 22:43","AuditorLedgerCheckerTest.java","3429","15503","18932"
"2013-08-21 13:19","AuditorLedgerCheckerTest.java","489","6265","6754"
"2017-10-17 09:32","AuditorLedgerCheckerTest.java","123551","114103","237654"
"2017-05-12 15:20","AuditorLedgerCheckerTest.java","111441","74543","185984"
"2013-06-15 19:05","AuditorLedgerCheckerTest.java","154","4254","4408"
"2017-06-30 00:12","PerChannelBookieClient.java","3822","14922","18744"
"2017-07-04 06:27","PerChannelBookieClient.java","4114","17175","21289"
"2017-05-15 19:52","PerChannelBookieClient.java","1585","4218","5803"
"2017-07-28 20:12","PerChannelBookieClient.java","5676","23331","29007"
"2017-08-02 00:49","PerChannelBookieClient.java","9104","40371","49475"
"2017-06-21 19:58","PerChannelBookieClient.java","3423","11379","14802"
"2017-06-01 23:58","PerChannelBookieClient.java","2913","8739","11652"
"2017-01-31 04:01","Bookie.java","79989","71272","151261"
"2017-03-28 22:37","Bookie.java","80079","76169","156248"
"2016-01-26 22:11","Bookie.java","8302","76709","85011"
"2015-03-18 07:38","Bookie.java","7601","72756","80357"
"2015-04-21 09:17","Bookie.java","7603","72860","80463"
"2013-06-21 19:26","Bookie.java","3713","43662","47375"
"2014-09-23 17:53","Bookie.java","7262","69360","76622"
"2017-07-04 06:27","Bookie.java","81993","92050","174043"
"2017-06-05 22:25","Bookie.java","81703","85974","167677"
"2014-02-06 09:25","Bookie.java","6182","53986","60168"
"2014-04-29 22:07","Bookie.java","6452","57761","64213"
"2013-12-06 07:39","Bookie.java","5206","50755","55961"
"2014-08-02 20:02","Bookie.java","7127","67133","74260"
"2013-10-02 07:01","Bookie.java","4040","45834","49874"
"2017-06-28 23:24","Bookie.java","81762","87986","169748"
"2017-07-07 08:19","Bookie.java","81993","94013","176006"
"2013-09-11 00:34","Bookie.java","4001","45594","49595"
"2014-01-21 17:26","Bookie.java","5464","52750","58214"
"2013-10-12 05:42","Bookie.java","4958","47485","52443"
"2013-10-22 16:21","Bookie.java","5137","48431","53568"
"2017-05-16 00:31","Bookie.java","80826","80873","161699"
"2013-07-24 16:55","Bookie.java","3816","44823","48639"
"2014-02-05 22:43","Bookie.java","6180","53976","60156"
"2014-08-18 23:03","Bookie.java","7140","68614","75754"
"2014-05-09 14:04","Bookie.java","6469","58419","64888"
"2013-06-15 19:05","Bookie.java","3696","43518","47214"
"2017-06-01 23:58","Bookie.java","81562","84384","165946"
"2017-08-02 00:49","Bookie.java","85056","113319","198375"
"2013-12-02 18:45","Bookie.java","5192","50589","55781"
"2013-05-04 14:22","Bookie.java","3430","38723","42153"
"2016-11-18 00:18","Bookie.java","79935","58117","138052"
"2017-03-28 22:35","Bookie.java","80061","75936","155997"
"2016-07-14 23:02","Bookie.java","78637","48929","127566"
"2017-06-05 20:30","Bookie.java","81614","84794","166408"
"2016-11-30 00:02","Bookie.java","79953","58665","138618"
"2017-03-22 22:54","Bookie.java","80063","71634","151697"
"2016-04-27 09:00","TestReplicationWorker.java","107675","22929","130604"
"2015-07-10 22:48","TestReplicationWorker.java","2416","14684","17100"
"2015-09-15 10:38","BookKeeper.java","5967","30537","36504"
"2015-10-22 09:22","BookKeeper.java","6002","31952","37954"
"2017-01-31 04:01","BookKeeper.java","112613","62342","174955"
"2015-07-10 22:48","BookKeeper.java","5546","29814","35360"
"2017-06-30 00:12","BookKeeper.java","114830","81372","196202"
"2014-02-06 09:21","BookKeeper.java","3096","9342","12438"
"2014-01-21 05:19","BookKeeper.java","1983","7422","9405"
"2013-10-02 06:40","BookKeeper.java","73","207","280"
"2014-02-21 19:01","BookKeeper.java","3271","10676","13947"
"2016-10-13 07:50","BookKeeper.java","112432","48605","161037"
"2017-06-21 21:00","BookKeeper.java","114647","78718","193365"
"2017-03-28 22:35","BookKeeper.java","112695","67016","179711"
"2016-07-11 23:01","BookKeeper.java","109817","38521","148338"
"2016-10-13 09:27","BookKeeper.java","112552","48711","161263"
"2017-07-28 20:12","BookKeeper.java","115620","88717","204337"
"2017-05-15 19:52","BookKeeper.java","113545","71620","185165"
"2017-03-22 22:54","Cookie.java","111544","69341","180885"
"2016-11-30 00:02","Cookie.java","111433","56371","167804"
"2014-02-05 22:43","Cookie.java","4847","18869","23716"
"2014-05-09 14:04","Cookie.java","5206","23382","28588"
"2014-09-23 17:53","Cookie.java","6023","34347","40370"
"2014-09-18 06:57","Cookie.java","6005","34273","40278"
"2014-12-06 08:03","Cookie.java","6089","35332","41421"
"2015-10-06 10:05","TestPerChannelBookieClient.java","10538","81862","92400"
"2014-07-24 01:41","TestPerChannelBookieClient.java","9382","67812","77194"
"2014-05-27 13:56","TestPerChannelBookieClient.java","9010","66397","75407"
"2014-02-05 22:43","TestPerChannelBookieClient.java","8785","61457","70242"
"2017-05-16 00:31","TestPerChannelBookieClient.java","80225","85148","165373"
"2013-08-20 12:51","TestPerChannelBookieClient.java","6657","52839","59496"
"2013-06-15 19:05","TestPerChannelBookieClient.java","6514","51212","57726"
"2013-06-28 17:27","TestPerChannelBookieClient.java","6557","51564","58121"
"2017-01-31 02:14","TestPerChannelBookieClient.java","79459","70149","149608"
"2016-04-05 08:45","TestPerChannelBookieClient.java","78018","51397","129415"
"2017-05-15 19:52","TestPerChannelBookieClient.java","80147","84652","164799"
"2012-12-08 16:14","TestPerChannelBookieClient.java","1973","2376","4349"
"2017-07-07 05:11","BookKeeperConstants.java","115351","61627","176978"
"2016-10-13 07:50","BookKeeperConstants.java","111626","23892","135518"
"2017-06-30 00:12","BookKeeperConstants.java","115134","57769","172903"
"2016-04-27 09:55","BookKeeperConstants.java","106305","10151","116456"
"2013-08-21 13:19","BookKeeperAdmin.java","613","6488","7101"
"2017-10-17 09:32","BookKeeperAdmin.java","123655","114306","237961"
"2017-06-01 23:58","BookKeeperAdmin.java","112720","79919","192639"
"2017-04-11 20:19","BookKeeperAdmin.java","111157","71871","183028"
"2014-02-21 19:01","BookKeeperAdmin.java","3714","17050","20764"
"2014-02-05 22:43","BookKeeperAdmin.java","3544","15717","19261"
"2017-07-07 05:11","BookKeeperAdmin.java","113197","89311","202508"
"2016-11-09 03:05","BookKeeperAdmin.java","110917","53341","164258"
"2016-11-30 00:07","BookKeeperAdmin.java","110935","54023","164958"
"2016-09-10 21:01","BookKeeperAdmin.java","110799","49538","160337"
"2016-07-14 23:02","BookKeeperAdmin.java","109581","44250","153831"
"2016-10-13 09:27","BookKeeperAdmin.java","110914","53004","163918"
"2016-03-16 05:03","BookKeeperAdmin.java","109246","39423","148669"
"2016-03-08 07:18","BookKeeperAdmin.java","6207","40670","46877"
"2014-12-06 08:03","BookKeeperAdmin.java","4929","32323","37252"
"2014-04-24 10:43","BookKeeperAdmin.java","3869","19177","23046"
"2014-09-06 07:51","BookKeeperAdmin.java","4737","30994","35731"
"2014-01-21 05:19","PerChannelBookieClient.java","1962","7362","9324"
"2013-10-22 07:35","PerChannelBookieClient.java","1235","2281","3516"
"2014-01-09 07:30","PerChannelBookieClient.java","1575","5543","7118"
"2017-06-30 00:12","PerChannelBookieClient.java","114845","81348","196193"
"2014-05-27 13:56","PerChannelBookieClient.java","3593","14511","18104"
"2017-07-04 06:27","PerChannelBookieClient.java","114955","83419","198374"
"2017-01-31 04:01","PerChannelBookieClient.java","112605","62295","174900"
"2015-10-06 10:05","PerChannelBookieClient.java","5961","30816","36777"
"2016-04-05 18:47","PerChannelBookieClient.java","109547","36699","146246"
"2017-04-15 13:58","PerChannelBookieClient.java","112811","68193","181004"
"2017-05-15 19:52","PerChannelBookieClient.java","113551","71587","185138"
"2016-04-05 08:45","PerChannelBookieClient.java","109545","36455","146000"
"2017-07-28 20:12","PerChannelBookieClient.java","115635","88693","204328"
"2017-01-31 02:14","PerChannelBookieClient.java","112597","56818","169415"
"2017-03-28 22:35","PerChannelBookieClient.java","112687","66969","179656"
"2017-03-23 00:48","PerChannelBookieClient.java","112692","62722","175414"
"2014-07-25 00:34","PerChannelBookieClient.java","4340","22123","26463"
"2017-08-02 00:49","PerChannelBookieClient.java","118141","104811","222952"
"2017-06-21 19:58","PerChannelBookieClient.java","114654","78013","192667"
"2017-06-01 23:58","PerChannelBookieClient.java","114447","75676","190123"
"2013-10-29 05:14","PerChannelBookieClient.java","1516","3353","4869"
"2014-02-21 19:01","PerChannelBookieClient.java","3253","10619","13872"
"2014-02-05 22:43","PerChannelBookieClient.java","3076","9279","12355"
"2017-04-20 19:55","PerChannelBookieClient.java","112813","68216","181029"
"2016-11-12 03:35","PacketProcessorBaseV3.java","112787","30834","143621"
"2017-05-15 19:52","PacketProcessorBaseV3.java","114187","53810","167997"
"2015-10-06 10:05","PacketProcessorBaseV3.java","2272","8714","10986"
"2015-04-21 09:17","PacketProcessorBaseV3.java","1381","6632","8013"
"2017-06-05 22:25","PacketProcessorBaseV3.java","115521","59786","175307"
"2016-02-23 19:16","LedgerMetadataImpl.java","12601","125239","137840"
"2012-09-12 11:59","LedgerMetadataImpl.java","1877","21911","23788"
"2013-08-13 14:32","LedgerMetadataImpl.java","9568","94721","104289"
"2017-06-01 23:58","LedgerMetadataImpl.java","55242","101995","157237"
"2013-03-25 18:02","LedgerMetadataImpl.java","9112","87613","96725"
"2013-04-26 18:38","LedgerMetadataImpl.java","9145","88009","97154"
"2017-07-28 20:12","LedgerMetadataImpl.java","55973","114555","170528"
"2016-07-11 23:01","LedgerMetadataImpl.java","53432","67621","121053"
"2016-11-18 00:18","InterleavedLedgerStorage.java","111832","24757","136589"
"2017-05-16 00:31","InterleavedLedgerStorage.java","113474","48264","161738"
"2017-07-04 06:27","InterleavedLedgerStorage.java","115326","60126","175452"
"2017-01-31 04:01","InterleavedLedgerStorage.java","111910","37936","149846"
"2016-03-08 06:49","InterleavedLedgerStorage.java","1582","5746","7328"
"2017-03-28 22:37","InterleavedLedgerStorage.java","112142","42975","155117"
"2017-06-01 23:58","LedgerLayout.java","8899","41429","50328"
"2017-03-28 22:37","Bookie.java","215","4734","4949"
"2017-07-04 06:27","Bookie.java","4542","23028","27570"
"2017-06-05 22:25","Bookie.java","3794","16494","20288"
"2017-06-28 23:24","Bookie.java","3944","18597","22541"
"2017-07-07 08:19","Bookie.java","4606","25055","29661"
"2017-05-16 00:31","Bookie.java","2320","10796","13116"
"2017-06-01 23:58","Bookie.java","3370","14621","17991"
"2017-08-02 00:49","Bookie.java","9194","45886","55080"
"2017-03-28 22:35","Bookie.java","174","4478","4652"
"2017-06-05 20:30","Bookie.java","3538","15147","18685"
"2012-12-18 12:00","TestLedgerUnderreplicationManager.java","3359","21195","24554"
"2013-05-31 12:02","TestLedgerUnderreplicationManager.java","7049","61005","68054"
"2013-10-12 05:42","TestLedgerUnderreplicationManager.java","8136","68897","77033"
"2015-07-10 22:48","TestLedgerUnderreplicationManager.java","10513","94569","105082"
"2012-12-08 11:42","TestLedgerUnderreplicationManager.java","2787","16561","19348"
"2017-06-30 00:12","BookieRecoveryTest.java","113338","73638","186976"
"2014-07-24 01:41","BookieRecoveryTest.java","1183","6941","8124"
"2017-04-11 20:15","BookieRecoveryTest.java","111077","59616","170693"
"2017-05-15 19:52","BookieRecoveryTest.java","111874","63707","175581"
"2017-01-31 04:01","Bookie.java","80117","71178","151295"
"2017-03-28 22:37","Bookie.java","80207","76075","156282"
"2016-01-26 22:11","Bookie.java","8246","76431","84677"
"2015-03-18 07:38","Bookie.java","7544","72477","80021"
"2015-04-21 09:17","Bookie.java","7546","72581","80127"
"2013-06-21 19:26","Bookie.java","3639","43366","47005"
"2014-09-23 17:53","Bookie.java","7199","69075","76274"
"2017-07-04 06:27","Bookie.java","82123","91958","174081"
"2017-06-05 22:25","Bookie.java","81833","85882","167715"
"2014-02-06 09:25","Bookie.java","6115","53697","59812"
"2014-04-29 22:07","Bookie.java","6386","57473","63859"
"2013-12-06 07:39","Bookie.java","5134","50461","55595"
"2014-08-02 20:02","Bookie.java","7063","66847","73910"
"2013-10-02 07:01","Bookie.java","3966","45538","49504"
"2017-06-28 23:24","Bookie.java","81892","87894","169786"
"2017-07-07 08:19","Bookie.java","82123","93921","176044"
"2013-09-11 00:34","Bookie.java","3927","45298","49225"
"2014-01-21 17:26","Bookie.java","5392","52456","57848"
"2013-10-12 05:42","Bookie.java","4886","47191","52077"
"2013-10-22 16:21","Bookie.java","5065","48137","53202"
"2017-05-16 00:31","Bookie.java","80956","80781","161737"
"2013-07-24 16:55","Bookie.java","3742","44527","48269"
"2014-02-05 22:43","Bookie.java","6113","53687","59800"
"2014-08-18 23:03","Bookie.java","7076","68328","75404"
"2014-05-09 14:04","Bookie.java","6403","58131","64534"
"2013-06-15 19:05","Bookie.java","3622","43222","46844"
"2017-06-01 23:58","Bookie.java","81692","84292","165984"
"2017-08-02 00:49","Bookie.java","85189","113230","198419"
"2013-12-02 18:45","Bookie.java","5120","50295","55415"
"2013-05-04 14:22","Bookie.java","3356","38427","41783"
"2016-11-18 00:18","Bookie.java","80063","58023","138086"
"2017-03-28 22:35","Bookie.java","80189","75842","156031"
"2016-07-14 23:02","Bookie.java","78765","48835","127600"
"2017-06-05 20:30","Bookie.java","81744","84702","166446"
"2016-11-30 00:02","Bookie.java","80081","58571","138652"
"2017-03-22 22:54","Bookie.java","80191","71540","151731"
"2015-10-06 10:05","TestPerChannelBookieClient.java","8770","79691","88461"
"2014-07-24 01:41","TestPerChannelBookieClient.java","7594","65621","73215"
"2014-05-27 13:56","TestPerChannelBookieClient.java","7219","64203","71422"
"2014-02-05 22:43","TestPerChannelBookieClient.java","6986","59255","66241"
"2017-05-16 00:31","TestPerChannelBookieClient.java","79772","84292","164064"
"2013-08-20 12:51","TestPerChannelBookieClient.java","4838","50617","55455"
"2013-06-15 19:05","TestPerChannelBookieClient.java","4690","48985","53675"
"2013-06-28 17:27","TestPerChannelBookieClient.java","4733","49337","54070"
"2017-01-31 02:14","TestPerChannelBookieClient.java","78997","69284","148281"
"2016-04-05 08:45","TestPerChannelBookieClient.java","77555","50531","128086"
"2017-05-15 19:52","TestPerChannelBookieClient.java","79692","83794","163486"
"2014-01-21 05:19","PerChannelBookieClient.java","2124","7811","9935"
"2013-10-22 07:35","PerChannelBookieClient.java","1399","2732","4131"
"2014-01-09 07:30","PerChannelBookieClient.java","1739","5994","7733"
"2017-06-30 00:12","PerChannelBookieClient.java","114909","81699","196608"
"2014-05-27 13:56","PerChannelBookieClient.java","3737","14942","18679"
"2017-07-04 06:27","PerChannelBookieClient.java","115019","83770","198789"
"2017-01-31 04:01","PerChannelBookieClient.java","112700","62677","175377"
"2015-10-06 10:05","PerChannelBookieClient.java","6076","31218","37294"
"2016-04-05 18:47","PerChannelBookieClient.java","109652","37091","146743"
"2017-04-15 13:58","PerChannelBookieClient.java","112897","68566","181463"
"2017-05-15 19:52","PerChannelBookieClient.java","113623","71946","185569"
"2016-04-05 08:45","PerChannelBookieClient.java","109650","36847","146497"
"2017-07-28 20:12","PerChannelBookieClient.java","115695","89040","204735"
"2017-01-31 02:14","PerChannelBookieClient.java","112693","57201","169894"
"2017-03-28 22:35","PerChannelBookieClient.java","112782","67351","180133"
"2017-03-23 00:48","PerChannelBookieClient.java","112787","63104","175891"
"2014-07-25 00:34","PerChannelBookieClient.java","4473","22543","27016"
"2017-08-02 00:49","PerChannelBookieClient.java","118201","105158","223359"
"2017-06-21 19:58","PerChannelBookieClient.java","114721","78367","193088"
"2017-06-01 23:58","PerChannelBookieClient.java","114514","76030","190544"
"2013-10-29 05:14","PerChannelBookieClient.java","1680","3804","5484"
"2014-02-21 19:01","PerChannelBookieClient.java","3399","11052","14451"
"2014-02-05 22:43","PerChannelBookieClient.java","3224","9714","12938"
"2017-04-20 19:55","PerChannelBookieClient.java","112899","68589","181488"
"2013-09-11 00:34","PerChannelBookieClient.java","170","457","627"
"2016-11-12 03:35","PacketProcessorBase.java","112787","30834","143621"
"2017-05-15 19:52","PacketProcessorBase.java","114187","53810","167997"
"2015-04-21 09:17","PacketProcessorBase.java","1381","6632","8013"
"2016-10-13 07:50","ScriptBasedMapping.java","112110","50442","162552"
"2017-08-16 03:41","ScriptBasedMapping.java","119164","114889","234053"
"2014-06-06 15:29","CompactionTest.java","20159","137935","158094"
"2013-10-30 16:23","CompactionTest.java","19589","128692","148281"
"2014-01-17 18:13","CompactionTest.java","19634","129961","149595"
"2016-03-08 06:49","CompactionTest.java","20886","154537","175423"
"2015-01-16 15:57","CompactionTest.java","20640","149857","170497"
"2014-12-10 19:43","CompactionTest.java","20639","148051","168690"
"2015-04-21 09:55","CompactionTest.java","20659","150317","170976"
"2016-05-04 15:55","CompactionTest.java","45693","79253","124946"
"2017-03-22 22:54","CompactionTest.java","45856","101657","147513"
"2012-11-26 16:42","CompactionTest.java","16550","73584","90134"
"2017-06-21 21:07","CompactionTest.java","46945","117165","164110"
"2014-01-22 14:35","CompactionTest.java","19789","131681","151470"
"2017-11-08 12:27","CompactionTest.java","49703","150227","199930"
"2017-05-16 00:31","CompactionTest.java","46334","110611","156945"
"2014-01-15 15:58","CompactionTest.java","19608","129579","149187"
"2013-10-22 07:44","CompactionTest.java","19501","126631","146132"
"2017-07-07 08:19","CompactionTest.java","47003","123253","170256"
"2012-03-15 10:37","CompactionTest.java","7119","10755","17874"
"2013-05-04 14:22","CompactionTest.java","19039","118562","137601"
"2013-08-21 13:19","BookKeeperAdmin.java","9137","81490","90627"
"2017-10-17 09:32","BookKeeperAdmin.java","71674","128803","200477"
"2017-06-01 23:58","BookKeeperAdmin.java","64953","98630","163583"
"2017-04-11 20:19","BookKeeperAdmin.java","63791","90983","154774"
"2014-02-21 19:01","BookKeeperAdmin.java","11006","90820","101826"
"2014-02-05 22:43","BookKeeperAdmin.java","10911","89562","100473"
"2017-07-07 05:11","BookKeeperAdmin.java","65127","107719","172846"
"2013-02-26 04:12","BookKeeperAdmin.java","8367","73024","81391"
"2016-11-09 03:05","BookKeeperAdmin.java","63640","72542","136182"
"2016-11-30 00:07","BookKeeperAdmin.java","63644","73210","136854"
"2016-09-10 21:01","BookKeeperAdmin.java","63532","68749","132281"
"2016-07-14 23:02","BookKeeperAdmin.java","62846","63993","126839"
"2016-10-13 09:27","BookKeeperAdmin.java","63640","72208","135848"
"2012-11-30 04:54","BookKeeperAdmin.java","5061","30874","35935"
"2013-02-08 19:08","BookKeeperAdmin.java","7514","72143","79657"
"2016-03-16 05:03","BookKeeperAdmin.java","62651","59306","121957"
"2016-03-08 07:18","BookKeeperAdmin.java","12518","113459","125977"
"2014-12-06 08:03","BookKeeperAdmin.java","11699","105571","117270"
"2012-09-03 18:54","BookKeeperAdmin.java","437","5404","5841"
"2014-04-24 10:43","BookKeeperAdmin.java","11028","92814","103842"
"2012-10-05 16:24","BookKeeperAdmin.java","3549","15585","19134"
"2012-09-07 07:04","BookKeeperAdmin.java","609","7042","7651"
"2014-09-06 07:51","BookKeeperAdmin.java","11592","104327","115919"
"2013-05-10 12:45","BookKeeperAdmin.java","8883","75361","84244"
